{
    "pred_cam": [
        5.315117359161377,
        -0.014145193621516228,
        0.8441337943077087
    ],
    "pred_smpl_params": {
        "global_orient": [
            [
                [
                    0.9690864682197571,
                    -0.015231424942612648,
                    0.24625083804130554
                ],
                [
                    0.03486781194806099,
                    -0.9796200394630432,
                    -0.19781023263931274
                ],
                [
                    0.24424517154693604,
                    0.20028142631053925,
                    -0.9488054513931274
                ]
            ]
        ],
        "body_pose": [
            [
                [
                    0.9995195865631104,
                    -0.023162009194493294,
                    0.020592395216226578
                ],
                [
                    0.016507333144545555,
                    0.9602096676826477,
                    0.2787919342517853
                ],
                [
                    -0.026230400428175926,
                    -0.2783180773258209,
                    0.9601306915283203
                ]
            ],
            [
                [
                    0.9962895512580872,
                    0.07883454114198685,
                    -0.034529369324445724
                ],
                [
                    -0.06797939538955688,
                    0.9668718576431274,
                    0.2460438758134842
                ],
                [
                    0.05278223007917404,
                    -0.24278365075588226,
                    0.9686434268951416
                ]
            ],
            [
                [
                    0.9990662336349487,
                    0.008398441597819328,
                    0.04238012433052063
                ],
                [
                    0.0020227907225489616,
                    0.9707561731338501,
                    -0.2400592416524887
                ],
                [
                    -0.04315688833594322,
                    0.23992080986499786,
                    0.969832718372345
                ]
            ],
            [
                [
                    0.9968605637550354,
                    0.053954869508743286,
                    -0.05794782191514969
                ],
                [
                    -0.07450319826602936,
                    0.8869427442550659,
                    -0.4558309316635132
                ],
                [
                    0.026802098378539085,
                    0.45871713757514954,
                    0.8881780505180359
                ]
            ],
            [
                [
                    0.9952999353408813,
                    -0.07621856778860092,
                    0.059738803654909134
                ],
                [
                    0.09533342719078064,
                    0.8795610070228577,
                    -0.46613723039627075
                ],
                [
                    -0.017015615478157997,
                    0.46964147686958313,
                    0.8826931715011597
                ]
            ],
            [
                [
                    0.9985029101371765,
                    0.013766283169388771,
                    0.052936941385269165
                ],
                [
                    -0.014522773213684559,
                    0.9997974634170532,
                    0.013932519592344761
                ],
                [
                    -0.05273441970348358,
                    -0.014680454507470131,
                    0.9985005855560303
                ]
            ],
            [
                [
                    0.9604076743125916,
                    0.14498691260814667,
                    0.23789872229099274
                ],
                [
                    -0.14594562351703644,
                    0.9891981482505798,
                    -0.013675732538104057
                ],
                [
                    -0.2373117357492447,
                    -0.02158600278198719,
                    0.9711936712265015
                ]
            ],
            [
                [
                    0.9596704840660095,
                    -0.132466658949852,
                    -0.24796201288700104
                ],
                [
                    0.12962442636489868,
                    0.9911726117134094,
                    -0.02782917581498623
                ],
                [
                    0.24945956468582153,
                    -0.005435093306005001,
                    0.9683700203895569
                ]
            ],
            [
                [
                    0.9985570907592773,
                    0.014655784703791142,
                    0.05166211724281311
                ],
                [
                    -0.015002439729869366,
                    0.9998674392700195,
                    0.006328672170639038
                ],
                [
                    -0.05156251788139343,
                    -0.007094597909599543,
                    0.9986445903778076
                ]
            ],
            [
                [
                    0.9621614813804626,
                    -0.2627805471420288,
                    -0.07205309718847275
                ],
                [
                    0.2693702280521393,
                    0.9571585655212402,
                    0.10624130815267563
                ],
                [
                    0.041048090904951096,
                    -0.12163025140762329,
                    0.9917263388633728
                ]
            ],
            [
                [
                    0.9670017957687378,
                    0.25381937623023987,
                    0.021983085200190544
                ],
                [
                    -0.2544061243534088,
                    0.9574137330055237,
                    0.13651537895202637
                ],
                [
                    0.013603339903056622,
                    -0.1376032531261444,
                    0.9903939962387085
                ]
            ],
            [
                [
                    0.9974454045295715,
                    0.050721876323223114,
                    -0.05029786750674248
                ],
                [
                    -0.04802129417657852,
                    0.9974113702774048,
                    0.053520318120718
                ],
                [
                    0.052882321178913116,
                    -0.0509682297706604,
                    0.9972991347312927
                ]
            ],
            [
                [
                    0.9723358750343323,
                    0.15768079459667206,
                    -0.17233595252037048
                ],
                [
                    -0.15545473992824554,
                    0.9874895215034485,
                    0.026424609124660492
                ],
                [
                    0.17434659600257874,
                    0.0010968429269269109,
                    0.9846836924552917
                ]
            ],
            [
                [
                    0.9631041288375854,
                    -0.18302135169506073,
                    0.197315976023674
                ],
                [
                    0.17954657971858978,
                    0.9831081628799438,
                    0.03551524505019188
                ],
                [
                    -0.20048300921916962,
                    0.001222532126121223,
                    0.9796963930130005
                ]
            ],
            [
                [
                    0.9946874380111694,
                    -0.03628546744585037,
                    -0.09633475542068481
                ],
                [
                    0.03441089391708374,
                    0.999186098575592,
                    -0.02105017751455307
                ],
                [
                    0.09702015668153763,
                    0.017623381689190865,
                    0.995126485824585
                ]
            ],
            [
                [
                    0.6122071743011475,
                    0.7169432044029236,
                    -0.33345896005630493
                ],
                [
                    -0.7590886354446411,
                    0.6509601473808289,
                    0.00594342639669776
                ],
                [
                    0.22132956981658936,
                    0.2494863122701645,
                    0.9427459239959717
                ]
            ],
            [
                [
                    0.6611993908882141,
                    -0.6973376274108887,
                    0.27665063738822937
                ],
                [
                    0.7112222909927368,
                    0.6999927163124084,
                    0.06459938734769821
                ],
                [
                    -0.2387010008096695,
                    0.15404702723026276,
                    0.9587967991828918
                ]
            ],
            [
                [
                    0.2022978961467743,
                    -0.3077056109905243,
                    -0.92972731590271
                ],
                [
                    0.11421319097280502,
                    0.9502907395362854,
                    -0.28965991735458374
                ],
                [
                    0.9726412296295166,
                    -0.04758952185511589,
                    0.22738584876060486
                ]
            ],
            [
                [
                    0.2751503586769104,
                    0.2963882088661194,
                    0.914574384689331
                ],
                [
                    -0.1988198310136795,
                    0.9482709765434265,
                    -0.2474932223558426
                ],
                [
                    -0.9406183362007141,
                    -0.11373768746852875,
                    0.31984496116638184
                ]
            ],
            [
                [
                    0.9820392727851868,
                    -0.1870037466287613,
                    -0.02506815642118454
                ],
                [
                    0.18685707449913025,
                    0.9823537468910217,
                    -0.008092011325061321
                ],
                [
                    0.026139035820961,
                    0.003262510523200035,
                    0.9996529221534729
                ]
            ],
            [
                [
                    0.9780484437942505,
                    0.20690399408340454,
                    0.02473699487745762
                ],
                [
                    -0.20591160655021667,
                    0.9778490662574768,
                    -0.03757013380527496
                ],
                [
                    -0.03196246176958084,
                    0.031651780009269714,
                    0.9989876747131348
                ]
            ],
            [
                [
                    0.9753299951553345,
                    0.19786882400512695,
                    -0.0978737473487854
                ],
                [
                    -0.18365314602851868,
                    0.9733145236968994,
                    0.13758724927902222
                ],
                [
                    0.1224861741065979,
                    -0.11621815711259842,
                    0.9856420755386353
                ]
            ],
            [
                [
                    0.9807666540145874,
                    -0.18699966371059418,
                    0.05592798441648483
                ],
                [
                    0.17743930220603943,
                    0.9735901355743408,
                    0.1436575949192047
                ],
                [
                    -0.08131486177444458,
                    -0.130970761179924,
                    0.9880458116531372
                ]
            ]
        ],
        "betas": [
            -0.4381370544433594,
            -0.09548509120941162,
            0.008439332246780396,
            -0.08342283964157104,
            -0.06616199016571045,
            0.009545896202325821,
            0.18106544017791748,
            -0.06842827796936035,
            0.02613873779773712,
            -0.07521882653236389
        ]
    },
    "pred_cam_t": [
        -0.014145193621516228,
        0.8441337943077087,
        7.349320411682129
    ],
    "focal_length": [
        5000.0,
        5000.0
    ],
    "pred_keypoints_3d": [
        [
            0.06112366169691086,
            -0.8298537731170654,
            -0.051416922360658646
        ],
        [
            0.008922586217522621,
            -0.7056354284286499,
            0.08527432382106781
        ],
        [
            -0.15138854086399078,
            -0.6392918229103088,
            0.004527457058429718
        ],
        [
            -0.24465474486351013,
            -0.43535852432250977,
            -0.10168931633234024
        ],
        [
            -0.12583842873573303,
            -0.4364807605743408,
            -0.31971484422683716
        ],
        [
            0.16808554530143738,
            -0.6203845143318176,
            0.13503094017505646
        ],
        [
            0.2783477306365967,
            -0.39133420586586,
            0.12982967495918274
        ],
        [
            0.30667927861213684,
            -0.3882424831390381,
            -0.11039431393146515
        ],
        [
            -0.0015296231722459197,
            -0.21690677106380463,
            0.028006264939904213
        ],
        [
            -0.06690045446157455,
            -0.13104069232940674,
            -0.0023770127445459366
        ],
        [
            -0.10524857044219971,
            0.20378047227859497,
            -0.16634878516197205
        ],
        [
            -0.10902472585439682,
            0.588399350643158,
            -0.10823772102594376
        ],
        [
            0.06566363573074341,
            -0.1249566525220871,
            0.03366721048951149
        ],
        [
            0.13404689729213715,
            0.20273657143115997,
            -0.11801867187023163
        ],
        [
            0.08389967679977417,
            0.5870870351791382,
            -0.08807044476270676
        ],
        [
            0.02200474590063095,
            -0.8656731843948364,
            -0.021664727479219437
        ],
        [
            0.08642537146806717,
            -0.8620039224624634,
            -0.006720108911395073
        ],
        [
            -0.03987021744251251,
            -0.8396584987640381,
            0.05675157532095909
        ],
        [
            0.102232925593853,
            -0.8307406306266785,
            0.08951394259929657
        ],
        [
            0.147646963596344,
            0.6454960107803345,
            -0.2634221315383911
        ],
        [
            0.18969088792800903,
            0.6570067405700684,
            -0.19392086565494537
        ],
        [
            0.06092779338359833,
            0.6228148937225342,
            -0.03319245204329491
        ],
        [
            -0.09223181009292603,
            0.6473593711853027,
            -0.2930068373680115
        ],
        [
            -0.16592785716056824,
            0.6542067527770996,
            -0.24928385019302368
        ],
        [
            -0.11333934962749481,
            0.6305711269378662,
            -0.04917573928833008
        ],
        [
            -0.13182613253593445,
            0.5403826236724854,
            -0.08665907382965088
        ],
        [
            -0.10162237286567688,
            0.14590339362621307,
            -0.14798662066459656
        ],
        [
            -0.14712969958782196,
            -0.2503519356250763,
            0.009587958455085754
        ],
        [
            0.13388881087303162,
            -0.2219482660293579,
            0.09264358133077621
        ],
        [
            0.14219510555267334,
            0.16593819856643677,
            -0.1024487093091011
        ],
        [
            0.08542375266551971,
            0.5557743310928345,
            -0.06105963885784149
        ],
        [
            -0.11534035205841064,
            -0.4595596194267273,
            -0.2931825518608093
        ],
        [
            -0.2512592077255249,
            -0.47326889634132385,
            -0.12001003324985504
        ],
        [
            -0.12397570163011551,
            -0.6640894412994385,
            0.02375377155840397
        ],
        [
            0.14314274489879608,
            -0.6471754908561707,
            0.13560760021209717
        ],
        [
            0.30125492811203003,
            -0.43586641550064087,
            0.11642980575561523
        ],
        [
            0.30453744530677795,
            -0.4072776436805725,
            -0.09780991822481155
        ],
        [
            0.014354264363646507,
            -0.7053940296173096,
            0.07889943569898605
        ],
        [
            0.039022766053676605,
            -0.8885430693626404,
            0.06910278648138046
        ],
        [
            -0.006116519216448069,
            -0.236441507935524,
            0.05168154835700989
        ],
        [
            0.009656332433223724,
            -0.6523751616477966,
            0.0769997388124466
        ],
        [
            -0.009687402285635471,
            -0.4717767834663391,
            0.08403430879116058
        ],
        [
            0.04901156201958656,
            -0.7899338603019714,
            0.017254339531064034
        ],
        [
            0.03264596313238144,
            -0.9061746597290039,
            0.08024030923843384
        ]
    ],
    "pred_vertices": [
        [
            0.09883818030357361,
            -0.906640350818634,
            0.004591798409819603
        ],
        [
            0.09423482418060303,
            -0.894286572933197,
            -0.005354475229978561
        ],
        [
            0.10278640687465668,
            -0.8886412382125854,
            0.004502508789300919
        ],
        [
            0.10629937052726746,
            -0.8966919183731079,
            0.01663764752447605
        ],
        [
            0.09991787374019623,
            -0.880917489528656,
            -0.003304852172732353
        ],
        [
            0.0918039008975029,
            -0.8845218420028687,
            -0.011484215036034584
        ],
        [
            0.10677734762430191,
            -0.8801658153533936,
            0.01461440697312355
        ],
        [
            0.10936838388442993,
            -0.8845818638801575,
            0.027213100343942642
        ],
        [
            0.10800391435623169,
            -0.8431466817855835,
            0.020039280876517296
        ],
        [
            0.10920123755931854,
            -0.8367875218391418,
            0.029194127768278122
        ],
        [
            0.10974570363759995,
            -0.8487687110900879,
            0.030037473887205124
        ],
        [
            0.10735688358545303,
            -0.8519577980041504,
            0.02061236836016178
        ],
        [
            0.1059909388422966,
            -0.8170281648635864,
            0.01835349202156067
        ],
        [
            0.10218627750873566,
            -0.8101061582565308,
            0.007241649553179741
        ],
        [
            0.1016332358121872,
            -0.7993468046188354,
            0.015495480969548225
        ],
        [
            0.1040920540690422,
            -0.8057223558425903,
            0.02698744833469391
        ],
        [
            0.07714048027992249,
            -0.8303472995758057,
            -0.020383091643452644
        ],
        [
            0.08206094801425934,
            -0.8233757019042969,
            -0.019274093210697174
        ],
        [
            0.08572577685117722,
            -0.8294625282287598,
            -0.016364464536309242
        ],
        [
            0.07998332381248474,
            -0.8356609344482422,
            -0.01747104711830616
        ],
        [
            0.06977768242359161,
            -0.8415164947509766,
            -0.026217417791485786
        ],
        [
            0.07005050778388977,
            -0.8461891412734985,
            -0.02182777225971222
        ],
        [
            0.06668919324874878,
            -0.8511108160018921,
            -0.02689731866121292
        ],
        [
            0.06752541661262512,
            -0.8459364771842957,
            -0.03223012387752533
        ],
        [
            0.07175735384225845,
            -0.8255992531776428,
            -0.022613462060689926
        ],
        [
            0.07699566334486008,
            -0.8183488845825195,
            -0.020979059860110283
        ],
        [
            0.07300620526075363,
            -0.8363990187644958,
            -0.02180316671729088
        ],
        [
            0.07159535586833954,
            -0.8327206969261169,
            -0.025034289807081223
        ],
        [
            0.07115602493286133,
            -0.8289517164230347,
            -0.036544069647789
        ],
        [
            0.07239371538162231,
            -0.833090603351593,
            -0.03387836739420891
        ],
        [
            0.07080747187137604,
            -0.8357953429222107,
            -0.040935397148132324
        ],
        [
            0.06932264566421509,
            -0.8303960561752319,
            -0.04164981096982956
        ],
        [
            0.07155157625675201,
            -0.8264961242675781,
            -0.027335992082953453
        ],
        [
            0.07281069457530975,
            -0.8297538757324219,
            -0.029234763234853745
        ],
        [
            0.07095731794834137,
            -0.8267892599105835,
            -0.03273825719952583
        ],
        [
            0.06875632703304291,
            -0.8242318630218506,
            -0.03046785108745098
        ],
        [
            0.06974439322948456,
            -0.8380581140518188,
            -0.02977367676794529
        ],
        [
            0.0687561109662056,
            -0.8413586616516113,
            -0.03665030747652054
        ],
        [
            0.06683403253555298,
            -0.8443700075149536,
            -0.04394920915365219
        ],
        [
            0.06843303889036179,
            -0.8369368314743042,
            -0.048497818410396576
        ],
        [
            0.09034464508295059,
            -0.8081838488578796,
            -0.012431558221578598
        ],
        [
            0.08695869892835617,
            -0.8161674737930298,
            -0.01665578782558441
        ],
        [
            0.08190742880105972,
            -0.8117549419403076,
            -0.018892748281359673
        ],
        [
            0.08546442538499832,
            -0.8055185079574585,
            -0.01580962911248207
        ],
        [
            0.0690816193819046,
            -0.8204841613769531,
            -0.027545655146241188
        ],
        [
            0.0722639188170433,
            -0.8049083352088928,
            -0.029275501146912575
        ],
        [
            0.07268016040325165,
            -0.8085792660713196,
            -0.02881881594657898
        ],
        [
            0.0679636299610138,
            -0.8105967044830322,
            -0.03397325053811073
        ],
        [
            0.06817936152219772,
            -0.807083249092102,
            -0.034149423241615295
        ],
        [
            0.0921085849404335,
            -0.7922850251197815,
            -0.004978528246283531
        ],
        [
            0.0877828523516655,
            -0.7924896478652954,
            -0.010841788724064827
        ],
        [
            0.08727989345788956,
            -0.7852805852890015,
            -0.00931432656943798
        ],
        [
            0.09060732275247574,
            -0.7835341095924377,
            -0.0026326924562454224
        ],
        [
            0.08468906581401825,
            -0.7794438600540161,
            -0.009949108585715294
        ],
        [
            0.08822139352560043,
            -0.7752755284309387,
            -0.001251285895705223
        ],
        [
            0.07926874607801437,
            -0.7622694373130798,
            -0.005716737359762192
        ],
        [
            0.08380383253097534,
            -0.7678425312042236,
            -0.0033629201352596283
        ],
        [
            0.08111628890037537,
            -0.7743003368377686,
            -0.012258468195796013
        ],
        [
            0.07677842676639557,
            -0.7702987194061279,
            -0.017418548464775085
        ],
        [
            0.06805583089590073,
            -0.7775756120681763,
            -0.028122462332248688
        ],
        [
            0.06316180527210236,
            -0.7771434783935547,
            -0.03251361846923828
        ],
        [
            0.06648082286119461,
            -0.764488697052002,
            -0.030938906595110893
        ],
        [
            0.07154293358325958,
            -0.766592264175415,
            -0.024915847927331924
        ],
        [
            0.07064582407474518,
            -0.7983240485191345,
            -0.026278231292963028
        ],
        [
            0.07356052100658417,
            -0.7976357936859131,
            -0.022502116858959198
        ],
        [
            0.07448357343673706,
            -0.7994318008422852,
            -0.02434782311320305
        ],
        [
            0.07159154117107391,
            -0.8014209270477295,
            -0.028419222682714462
        ],
        [
            0.07634131610393524,
            -0.7968298196792603,
            -0.01978074014186859
        ],
        [
            0.07761290669441223,
            -0.7963300347328186,
            -0.018662039190530777
        ],
        [
            0.07781627774238586,
            -0.7977789640426636,
            -0.01966686174273491
        ],
        [
            0.07645294070243835,
            -0.7977999448776245,
            -0.02022623084485531
        ],
        [
            0.07480475306510925,
            -0.7977132797241211,
            -0.021395357325673103
        ],
        [
            0.07395778596401215,
            -0.7959931492805481,
            -0.022353393957018852
        ],
        [
            0.07567332684993744,
            -0.7962207794189453,
            -0.02060479298233986
        ],
        [
            0.07139493525028229,
            -0.7959494590759277,
            -0.026120813563466072
        ],
        [
            0.06179376691579819,
            -0.7959460020065308,
            -0.037598296999931335
        ],
        [
            0.0649912878870964,
            -0.7958003282546997,
            -0.03505372256040573
        ],
        [
            0.06343454867601395,
            -0.8000048995018005,
            -0.03385272994637489
        ],
        [
            0.06070294976234436,
            -0.8004673719406128,
            -0.03599492833018303
        ],
        [
            0.07685722410678864,
            -0.800262987613678,
            -0.021480655297636986
        ],
        [
            0.07904049009084702,
            -0.8012216091156006,
            -0.020116662606596947
        ],
        [
            0.07659070193767548,
            -0.80473792552948,
            -0.023977981880307198
        ],
        [
            0.07525648921728134,
            -0.8020787835121155,
            -0.024166220799088478
        ],
        [
            0.08169496059417725,
            -0.8028900623321533,
            -0.018942667171359062
        ],
        [
            0.07975360006093979,
            -0.7986980676651001,
            -0.01826999895274639
        ],
        [
            0.08257803320884705,
            -0.7990627288818359,
            -0.016715873032808304
        ],
        [
            0.0770929604768753,
            -0.794685959815979,
            -0.019071897491812706
        ],
        [
            0.07911017537117004,
            -0.7925851345062256,
            -0.017222935333848
        ],
        [
            0.08001207560300827,
            -0.7952558994293213,
            -0.017608381807804108
        ],
        [
            0.0773058831691742,
            -0.7896906137466431,
            -0.01864686608314514
        ],
        [
            0.07507912814617157,
            -0.7932230234146118,
            -0.02104322239756584
        ],
        [
            0.07250052690505981,
            -0.7921953201293945,
            -0.024899838492274284
        ],
        [
            0.06918586790561676,
            -0.7915381193161011,
            -0.02982524409890175
        ],
        [
            0.07051083445549011,
            -0.7861753702163696,
            -0.026997007429599762
        ],
        [
            0.07436966150999069,
            -0.7874927520751953,
            -0.022253774106502533
        ],
        [
            0.07852979004383087,
            -0.808264970779419,
            -0.02208709716796875
        ],
        [
            0.08335937559604645,
            -0.7939850091934204,
            -0.014678992331027985
        ],
        [
            0.0868978500366211,
            -0.7998588681221008,
            -0.012773141264915466
        ],
        [
            0.08273817598819733,
            -0.7891546487808228,
            -0.014383452013134956
        ],
        [
            0.08062863349914551,
            -0.7849019169807434,
            -0.015350177884101868
        ],
        [
            0.07712308317422867,
            -0.7813067436218262,
            -0.018398776650428772
        ],
        [
            0.07280205935239792,
            -0.7792536020278931,
            -0.023223182186484337
        ],
        [
            0.06521521508693695,
            -0.7539231777191162,
            -0.020534606650471687
        ],
        [
            0.07212246209383011,
            -0.757331132888794,
            -0.013990737497806549
        ],
        [
            0.08893600106239319,
            -0.8766504526138306,
            -0.010904096066951752
        ],
        [
            0.09645865112543106,
            -0.8746923208236694,
            -0.006330287083983421
        ],
        [
            0.09537316858768463,
            -0.8662409782409668,
            -0.0031411442905664444
        ],
        [
            0.09704743325710297,
            -0.8682267665863037,
            -0.0021044109016656876
        ],
        [
            0.0930297002196312,
            -0.8706980347633362,
            -0.006310358643531799
        ],
        [
            0.09224259853363037,
            -0.8678470253944397,
            -0.006353812292218208
        ],
        [
            0.10354121774435043,
            -0.8554964065551758,
            0.01378188468515873
        ],
        [
            0.100483238697052,
            -0.8584005832672119,
            0.008288277313113213
        ],
        [
            0.10015437752008438,
            -0.8543729186058044,
            0.009137893095612526
        ],
        [
            0.10461375117301941,
            -0.8487676382064819,
            0.013664072379469872
        ],
        [
            0.09460984170436859,
            -0.8488488793373108,
            -0.0006939377635717392
        ],
        [
            0.09781274944543839,
            -0.8491485118865967,
            0.003780744969844818
        ],
        [
            0.09529058635234833,
            -0.8565391302108765,
            0.0012647509574890137
        ],
        [
            0.09299340844154358,
            -0.8563076853752136,
            -0.0020279809832572937
        ],
        [
            0.09001290798187256,
            -0.8565168380737305,
            -0.00506412610411644
        ],
        [
            0.0863267257809639,
            -0.8569343090057373,
            -0.007422706112265587
        ],
        [
            0.0861920565366745,
            -0.8517085313796997,
            -0.007652180269360542
        ],
        [
            0.09050445258617401,
            -0.8500904440879822,
            -0.004708206281065941
        ],
        [
            0.0871865376830101,
            -0.8725669980049133,
            -0.009017186239361763
        ],
        [
            0.08019071817398071,
            -0.8721747398376465,
            -0.011023784056305885
        ],
        [
            0.08114738762378693,
            -0.8690956830978394,
            -0.010487021878361702
        ],
        [
            0.08721020072698593,
            -0.8693159818649292,
            -0.009319137781858444
        ],
        [
            0.06976410746574402,
            -0.8626749515533447,
            -0.009579308331012726
        ],
        [
            0.07133440673351288,
            -0.8651169538497925,
            -0.00990341231226921
        ],
        [
            0.06839854270219803,
            -0.8669332265853882,
            -0.011682216078042984
        ],
        [
            0.06709764897823334,
            -0.8625388741493225,
            -0.011805260553956032
        ],
        [
            0.06916286051273346,
            -0.8595426678657532,
            -0.011881226673722267
        ],
        [
            0.07103002071380615,
            -0.8611229062080383,
            -0.010001415386795998
        ],
        [
            0.09032250940799713,
            -0.9283162355422974,
            0.007785627618432045
        ],
        [
            0.08794885873794556,
            -0.9137493371963501,
            -0.004937909543514252
        ],
        [
            0.10148750245571136,
            -0.9181913137435913,
            0.021890422329306602
        ],
        [
            0.10717779397964478,
            -0.904935896396637,
            0.03343231976032257
        ],
        [
            0.11117587983608246,
            -0.8892971873283386,
            0.04180958867073059
        ],
        [
            0.09709657728672028,
            -0.7946853637695312,
            0.004277633503079414
        ],
        [
            0.09613579511642456,
            -0.7848639488220215,
            0.00912981666624546
        ],
        [
            0.10021548718214035,
            -0.7892978191375732,
            0.02351476438343525
        ],
        [
            0.0962882712483406,
            -0.7786751985549927,
            0.026288077235221863
        ],
        [
            0.09258553385734558,
            -0.7743427157402039,
            0.010846877470612526
        ],
        [
            0.07821308076381683,
            -0.7570518255233765,
            0.007823927327990532
        ],
        [
            0.0866142138838768,
            -0.764510989189148,
            0.010295627638697624
        ],
        [
            0.08920732140541077,
            -0.7687344551086426,
            0.029069239273667336
        ],
        [
            0.09215415269136429,
            -0.7779700756072998,
            0.04713207855820656
        ],
        [
            0.0982440710067749,
            -0.7857367992401123,
            0.0410308837890625
        ],
        [
            0.0930689126253128,
            -0.7910211086273193,
            0.06220428645610809
        ],
        [
            0.0838114321231842,
            -0.7692703008651733,
            0.056401003152132034
        ],
        [
            0.08783945441246033,
            -0.7889186143875122,
            0.06971657276153564
        ],
        [
            0.06944219768047333,
            -0.7362154722213745,
            0.04604944959282875
        ],
        [
            0.06927311420440674,
            -0.7251396775245667,
            0.04981352016329765
        ],
        [
            0.07486604899168015,
            -0.7299321889877319,
            0.06620066612958908
        ],
        [
            0.07631037384271622,
            -0.7406489849090576,
            0.06255140155553818
        ],
        [
            0.10214654356241226,
            -0.7948212623596191,
            0.03506912291049957
        ],
        [
            0.11043154448270798,
            -0.8574188351631165,
            0.03966737911105156
        ],
        [
            0.10934481024742126,
            -0.8595196008682251,
            0.027693718671798706
        ],
        [
            0.11027707904577255,
            -0.8443989753723145,
            0.041290149092674255
        ],
        [
            0.10966845601797104,
            -0.9124846458435059,
            0.06959269940853119
        ],
        [
            0.10912183672189713,
            -0.9109790325164795,
            0.05044566094875336
        ],
        [
            0.11322607845067978,
            -0.8943449258804321,
            0.05615261197090149
        ],
        [
            0.11324016749858856,
            -0.8977826833724976,
            0.073133185505867
        ],
        [
            0.08726770430803299,
            -0.9500564336776733,
            0.06013113260269165
        ],
        [
            0.09113086760044098,
            -0.9420146942138672,
            0.033280596137046814
        ],
        [
            0.09986265003681183,
            -0.9284331202507019,
            0.04175962507724762
        ],
        [
            0.09892665594816208,
            -0.9342634081840515,
            0.06393663585186005
        ],
        [
            0.11158162355422974,
            -0.896648645401001,
            0.08643423020839691
        ],
        [
            0.10714254528284073,
            -0.8948222398757935,
            0.10443276166915894
        ],
        [
            0.10146135091781616,
            -0.9091836214065552,
            0.11240912973880768
        ],
        [
            0.10609625279903412,
            -0.914069414138794,
            0.09102173149585724
        ],
        [
            0.08871933072805405,
            -0.9283130764961243,
            0.11892316490411758
        ],
        [
            0.094364695250988,
            -0.9342638254165649,
            0.09342072904109955
        ],
        [
            0.08215098083019257,
            -0.7743808031082153,
            0.07777318358421326
        ],
        [
            0.08462788164615631,
            -0.7919225692749023,
            0.082577645778656
        ],
        [
            0.07814444601535797,
            -0.7541121244430542,
            0.05750498175621033
        ],
        [
            0.07976321130990982,
            -0.7592402100563049,
            0.07584929466247559
        ],
        [
            0.07101772725582123,
            -0.9430805444717407,
            0.12125056236982346
        ],
        [
            0.07858514040708542,
            -0.9513964653015137,
            0.09189877659082413
        ],
        [
            0.08222038298845291,
            -0.8670791387557983,
            0.14334732294082642
        ],
        [
            0.08780183643102646,
            -0.8851323127746582,
            0.13989832997322083
        ],
        [
            0.0974004715681076,
            -0.8747682571411133,
            0.12431559711694717
        ],
        [
            0.09141869843006134,
            -0.8593932390213013,
