{
    "pred_cam": [
        2.315558910369873,
        -0.01008717529475689,
        0.5263394117355347
    ],
    "pred_smpl_params": {
        "global_orient": [
            [
                [
                    -0.9703882336616516,
                    0.2388504594564438,
                    -0.03601628169417381
                ],
                [
                    -0.23188942670822144,
                    -0.9629098176956177,
                    -0.13795652985572815
                ],
                [
                    -0.06763140857219696,
                    -0.12551958858966827,
                    0.9897832274436951
                ]
            ]
        ],
        "body_pose": [
            [
                [
                    0.9968720078468323,
                    -0.060447826981544495,
                    0.05091409385204315
                ],
                [
                    0.04638177901506424,
                    0.9690681099891663,
                    0.24239581823349
                ],
                [
                    -0.06399152427911758,
                    -0.23927612602710724,
                    0.9688405394554138
                ]
            ],
            [
                [
                    0.9767913222312927,
                    0.20562522113323212,
                    -0.05997378006577492
                ],
                [
                    -0.1835727095603943,
                    0.9479349851608276,
                    0.2602313458919525
                ],
                [
                    0.11036136001348495,
                    -0.2431822121143341,
                    0.9636818170547485
                ]
            ],
            [
                [
                    0.9970794320106506,
                    -0.0749361589550972,
                    0.014736398123204708
                ],
                [
                    0.07603877782821655,
                    0.9560917615890503,
                    -0.2830313444137573
                ],
                [
                    0.007119931746274233,
                    0.2833252549171448,
                    0.9589974880218506
                ]
            ],
            [
                [
                    0.9962334632873535,
                    0.0724625438451767,
                    -0.0476243756711483
                ],
                [
                    -0.08644460886716843,
                    0.8730287551879883,
                    -0.4799458980560303
                ],
                [
                    0.006799353752285242,
                    0.4822550117969513,
                    0.8760044574737549
                ]
            ],
            [
                [
                    0.9919865131378174,
                    -0.04336012154817581,
                    0.11867035180330276
                ],
                [
                    0.0960535779595375,
                    0.8689919114112854,
                    -0.4854139983654022
                ],
                [
                    -0.08207596838474274,
                    0.492922842502594,
                    0.8661931753158569
                ]
            ],
            [
                [
                    0.9993718266487122,
                    -0.019083131104707718,
                    0.029863836243748665
                ],
                [
                    0.018966155126690865,
                    0.9998112916946411,
                    0.004195178393274546
                ],
                [
                    -0.029938260093331337,
                    -0.003626140533015132,
                    0.999545156955719
                ]
            ],
            [
                [
                    0.9815666675567627,
                    0.025539405643939972,
                    0.18940602242946625
                ],
                [
                    -0.033369030803442,
                    0.9987103343009949,
                    0.03826425224542618
                ],
                [
                    -0.18818451464176178,
                    -0.04387921094894409,
                    0.9811530113220215
                ]
            ],
            [
                [
                    0.9717677235603333,
                    -0.06837384402751923,
                    -0.22581499814987183
                ],
                [
                    0.0868205726146698,
                    0.9935615658760071,
                    0.0727844163775444
                ],
                [
                    0.21938456594944,
                    -0.0903349444270134,
                    0.9714472889900208
                ]
            ],
            [
                [
                    0.9996479153633118,
                    0.0038390960544347763,
                    0.02625482715666294
                ],
                [
                    -0.00010137503704754636,
                    0.9900230765342712,
                    -0.14090567827224731
                ],
                [
                    -0.026533832773566246,
                    0.1408534049987793,
                    0.9896748661994934
                ]
            ],
            [
                [
                    0.9905664920806885,
                    -0.10767598450183868,
                    0.08475795388221741
                ],
                [
                    0.09610923379659653,
                    0.9867937564849854,
                    0.13038793206214905
                ],
                [
                    -0.0976782813668251,
                    -0.1210118904709816,
                    0.9878334999084473
                ]
            ],
            [
                [
                    0.9888938665390015,
                    0.1484542191028595,
                    -0.007102798204869032
                ],
                [
                    -0.14679013192653656,
                    0.9830599427223206,
                    0.1097535714507103
                ],
                [
                    0.02327585592865944,
                    -0.10749199241399765,
                    0.9939335584640503
                ]
            ],
            [
                [
                    0.9497941732406616,
                    0.11248373985290527,
                    0.2919562757015228
                ],
                [
                    -0.03612750023603439,
                    0.9663259983062744,
                    -0.25477200746536255
                ],
                [
                    -0.31078267097473145,
                    0.23143330216407776,
                    0.9218745827674866
                ]
            ],
            [
                [
                    0.963773250579834,
                    0.26275596022605896,
                    -0.04583074152469635
                ],
                [
                    -0.2639332115650177,
                    0.9642953872680664,
                    -0.02176245115697384
                ],
                [
                    0.038476161658763885,
                    0.03307032212615013,
                    0.9987121224403381
                ]
            ],
            [
                [
                    0.9831656217575073,
                    -0.18268699944019318,
                    -0.003289267886430025
                ],
                [
                    0.18268164992332458,
                    0.9831703901290894,
                    -0.0018598702736198902
                ],
                [
                    0.0035736847203224897,
                    0.0012276716297492385,
                    0.9999929070472717
                ]
            ],
            [
                [
                    0.928418755531311,
                    0.242401123046875,
                    0.28156763315200806
                ],
                [
                    -0.15485922992229462,
                    0.9413530230522156,
                    -0.2997887134552002
                ],
                [
                    -0.33772361278533936,
                    0.23472611606121063,
                    0.9115078449249268
                ]
            ],
            [
                [
                    0.5051165223121643,
                    0.8179731965065002,
                    -0.27527645230293274
                ],
                [
                    -0.8520593643188477,
                    0.5233796238899231,
                    -0.00827821809798479
                ],
                [
                    0.1373027265071869,
                    0.23873336613178253,
                    0.9613294005393982
                ]
            ],
            [
                [
                    0.6172440052032471,
                    -0.7583053708076477,
                    0.20972086489200592
                ],
                [
                    0.7458916306495667,
                    0.648805558681488,
                    0.15065519511699677
                ],
                [
                    -0.2503106892108917,
                    0.06343802809715271,
                    0.9660849571228027
                ]
            ],
            [
                [
                    0.7595817446708679,
                    -0.19346444308757782,
                    -0.620972752571106
                ],
                [
                    0.035660695284605026,
                    0.9656892418861389,
                    -0.2572404742240906
                ],
                [
                    0.6494335532188416,
                    0.17325082421302795,
                    0.7404189705848694
                ]
            ],
            [
                [
                    0.7256402373313904,
                    0.24002765119075775,
                    0.6448511481285095
                ],
                [
                    -0.3056447505950928,
                    0.9520882964134216,
                    -0.010451020672917366
                ],
                [
                    -0.6164637207984924,
                    -0.18951170146465302,
                    0.7642367482185364
                ]
            ],
            [
                [
                    0.9984511137008667,
                    -0.05452727526426315,
                    0.011048953048884869
                ],
                [
                    0.054045695811510086,
                    0.9977372288703918,
                    0.03999418392777443
                ],
                [
                    -0.013204725459218025,
                    -0.03933509439229965,
                    0.9991388320922852
                ]
            ],
            [
                [
                    0.9952036142349243,
                    0.08161294460296631,
                    -0.053935736417770386
                ],
                [
                    -0.07916908711194992,
                    0.9957995414733887,
                    0.04599472135305405
                ],
                [
                    0.05746294558048248,
                    -0.04150407016277313,
                    0.9974845051765442
                ]
            ],
            [
                [
                    0.9763050079345703,
                    0.189602330327034,
                    -0.10430546849966049
                ],
                [
                    -0.16996276378631592,
                    0.9701955914497375,
                    0.17272239923477173
                ],
                [
                    0.1339452862739563,
                    -0.1509016752243042,
                    0.9794321656227112
                ]
            ],
            [
                [
                    0.9748044610023499,
                    -0.2113945633172989,
                    0.07119400799274445
                ],
                [
                    0.1964358389377594,
                    0.9647696018218994,
                    0.17502182722091675
                ],
                [
                    -0.10568447411060333,
                    -0.15662701427936554,
                    0.9819871783256531
                ]
            ]
        ],
        "betas": [
            0.0649537593126297,
            0.33632951974868774,
            0.2962311804294586,
            0.38912415504455566,
            -0.026221275329589844,
            0.05403069034218788,
            -0.0002441704273223877,
            0.0016919970512390137,
            0.10712700337171555,
            0.03634938597679138
        ]
    },
    "pred_cam_t": [
        -0.01008717529475689,
        0.5263394117355347,
        16.869577407836914
    ],
    "focal_length": [
        5000.0,
        5000.0
    ],
    "pred_keypoints_3d": [
        [
            0.0338105708360672,
            -0.75645911693573,
            0.2187035232782364
        ],
        [
            0.14606022834777832,
            -0.7152023315429688,
            0.0711250901222229
        ],
        [
            0.2911052107810974,
            -0.5829031467437744,
            0.06255140900611877
        ],
        [
            0.32327622175216675,
            -0.3305724561214447,
            0.0481908805668354
        ],
        [
            0.38341081142425537,
            -0.15618526935577393,
            0.22559580206871033
        ],
        [
            -0.04523877054452896,
            -0.6927009224891663,
            0.026088494807481766
        ],
        [
            -0.17699214816093445,
            -0.4809596538543701,
            -0.05375071242451668
        ],
        [
            -0.2766173481941223,
            -0.28641051054000854,
            0.06762515008449554
        ],
        [
            -0.002238436136394739,
            -0.2277909815311432,
            0.025748860090970993
        ],
        [
            0.04013824462890625,
            -0.12451581656932831,
            0.036054592579603195
        ],
        [
            0.0647675096988678,
            0.23750190436840057,
            0.17033620178699493
        ],
        [
            0.00463249534368515,
            0.6240342259407043,
            0.07707878202199936
        ],
        [
            -0.08941642194986343,
            -0.15409553050994873,
            0.024795062839984894
        ],
        [
            -0.23590070009231567,
            0.17152327299118042,
            0.15110519528388977
        ],
        [
            -0.2883979380130768,
            0.5592820644378662,
            0.05943380296230316
        ],
        [
            0.07675977796316147,
            -0.7922235727310181,
            0.24492864310741425
        ],
        [
            0.03503509610891342,
            -0.8138115406036377,
            0.19768187403678894
        ],
        [
            0.17973849177360535,
            -0.8000277876853943,
            0.21902717649936676
        ],
        [
            0.08458948135375977,
            -0.8491418361663818,
            0.11752378195524216
        ],
        [
            -0.3553653657436371,
            0.6180967688560486,
            0.24156753718852997
        ],
        [
            -0.40270185470581055,
            0.609977662563324,
            0.17300912737846375
        ],
        [
            -0.28582945466041565,
            0.591948390007019,
            -0.0035795122385025024
        ],
        [
            0.015485219657421112,
            0.6840382814407349,
            0.2682933807373047
        ],
        [
            0.08014988154172897,
            0.6994683742523193,
            0.21044132113456726
        ],
        [
            -0.0038801729679107666,
            0.6654796600341797,
            0.016304701566696167
        ],
        [
            0.030321145430207253,
            0.5747396945953369,
            0.05527706816792488
        ],
        [
            0.0648219883441925,
            0.17517685890197754,
            0.15678924322128296
        ],
        [
            0.1438564509153366,
            -0.22422045469284058,
            0.017372777685523033
        ],
        [
            -0.13595892488956451,
            -0.2743147909641266,
            -0.012689651921391487
        ],
        [
            -0.23394007980823517,
            0.13011384010314941,
            0.14150212705135345
        ],
        [
            -0.2848132848739624,
            0.522804319858551,
            0.03694462031126022
        ],
        [
            0.3747238516807556,
            -0.1896248459815979,
            0.23656874895095825
        ],
        [
            0.35248374938964844,
            -0.3530634343624115,
            0.06621306389570236
        ],
        [
            0.26586759090423584,
            -0.6172894835472107,
            0.06913832575082779
        ],
        [
            -0.009065307676792145,
            -0.7100043296813965,
            0.027974503114819527
        ],
        [
            -0.19669553637504578,
            -0.5137707591056824,
            -0.017452184110879898
        ],
        [
            -0.2719224691390991,
            -0.3054081201553345,
            0.07598768174648285
        ],
        [
            0.1399126648902893,
            -0.7137959599494934,
            0.07119873911142349
        ],
        [
            0.11125832796096802,
            -0.8666055798530579,
            0.19877028465270996
        ],
        [
            0.003822887549176812,
            -0.24987603724002838,
            0.0026994654908776283
        ],
        [
            0.12830433249473572,
            -0.6610187888145447,
            0.050568707287311554
        ],
        [
            0.07699844986200333,
            -0.4918603003025055,
            0.0010766256600618362
        ],
        [
            0.09294601529836655,
            -0.7604661583900452,
            0.1614495813846588
        ],
        [
            0.1182267814874649,
            -0.8851158618927002,
            0.20517657697200775
        ]
    ],
    "pred_vertices": [
        [
            0.023179084062576294,
            -0.8592208623886108,
            0.21297164261341095
        ],
        [
            0.02341131865978241,
            -0.8422423601150513,
            0.21351522207260132
        ],
        [
            0.023753881454467773,
            -0.8458846807479858,
            0.19969892501831055
        ],
        [
            0.025910675525665283,
            -0.8598480224609375,
            0.19576576352119446
        ],
        [
            0.022448882460594177,
            -0.8343945145606995,
            0.20095351338386536
        ],
        [
            0.022904619574546814,
            -0.8300683498382568,
            0.2118988037109375
        ],
        [
            0.027585431933403015,
            -0.846116840839386,
            0.18639391660690308
        ],
        [
            0.03176155686378479,
            -0.8572683334350586,
            0.1803794503211975
        ],
        [
            0.0371769517660141,
            -0.8198143243789673,
            0.1596517264842987
        ],
        [
            0.04180777072906494,
            -0.8206390142440796,
            0.1501794457435608
        ],
        [
            0.04021283984184265,
            -0.8311075568199158,
            0.157272607088089
        ],
        [
            0.03641173243522644,
            -0.827337384223938,
            0.16541726887226105
        ],
        [
            0.04210770130157471,
            -0.7978991270065308,
            0.14732465147972107
        ],
        [
            0.040085382759571075,
            -0.7849074602127075,
            0.15147699415683746
        ],
        [
            0.04692868888378143,
            -0.7808411717414856,
            0.1411738097667694
        ],
        [
            0.05014827102422714,
            -0.7933225631713867,
            0.1368824690580368
        ],
        [
            0.040926381945610046,
            -0.7790013551712036,
            0.19216760993003845
        ],
        [
            0.038896091282367706,
            -0.7752041816711426,
            0.18487578630447388
        ],
        [
            0.03663959354162216,
            -0.7827073931694031,
            0.18476168811321259
        ],
        [
            0.03940612077713013,
            -0.7855935096740723,
            0.19203707575798035
        ],
        [
            0.04061424732208252,
            -0.7827221155166626,
            0.20640991628170013
        ],
        [
            0.04223658889532089,
            -0.7890468835830688,
            0.20647931098937988
        ],
        [
            0.040424272418022156,
            -0.7891823053359985,
            0.21431520581245422
        ],
        [
            0.03760711848735809,
            -0.7821832895278931,
            0.2138335257768631
        ],
        [
            0.044532693922519684,
            -0.7724736928939819,
            0.19353920221328735
        ],
        [
            0.04277817904949188,
            -0.7688324451446533,
            0.1857835054397583
        ],
        [
            0.04194694757461548,
            -0.7819415926933289,
            0.19876359403133392
        ],
        [
            0.04176747798919678,
            -0.7768243551254272,
            0.19944500923156738
        ],
        [
            0.035211801528930664,
            -0.7669428586959839,
            0.20393143594264984
        ],
        [
            0.03511374443769455,
            -0.7721550464630127,
            0.2042693793773651
        ],
        [
            0.031251415610313416,
            -0.769788920879364,
            0.21063773334026337
        ],
        [
            0.033046893775463104,
            -0.7645646333694458,
            0.2086487114429474
        ],
        [
            0.04117339104413986,
            -0.7703661322593689,
            0.196751207113266
        ],
        [
            0.038266509771347046,
            -0.7723034620285034,
            0.19914883375167847
        ],
        [
            0.038075171411037445,
            -0.767336368560791,
            0.2003394514322281
        ],
        [
            0.041790470480918884,
            -0.7658932209014893,
            0.19873973727226257
        ],
        [
            0.038836605846881866,
            -0.7778714895248413,
            0.2061976194381714
        ],
        [
            0.03454800695180893,
            -0.7762694954872131,
            0.21273575723171234
        ],
        [
            0.03107456862926483,
            -0.7738804817199707,
            0.2198045551776886
        ],
        [
            0.028518930077552795,
            -0.7657105922698975,
            0.21711775660514832
        ],
        [
            0.038266509771347046,
            -0.7688480615615845,
            0.16788846254348755
        ],
        [
            0.03732950985431671,
            -0.7720737457275391,
            0.1764722764492035
        ],
        [
            0.04075978696346283,
            -0.7658771276473999,
            0.17805851995944977
        ],
        [
            0.04046724736690521,
            -0.7633986473083496,
            0.1707504838705063
        ],
        [
            0.044421955943107605,
            -0.7647384405136108,
            0.19494427740573883
        ],
        [
            0.043578632175922394,
            -0.7518357634544373,
            0.18538857996463776
        ],
        [
            0.04297123849391937,
            -0.755253791809082,
            0.18697530031204224
        ],
        [
            0.04327362775802612,
            -0.7527193427085876,
            0.1936204433441162
        ],
        [
            0.04367126524448395,
            -0.7497883439064026,
            0.19159525632858276
        ],
        [
            0.04343297332525253,
            -0.7606147527694702,
            0.15356454253196716
        ],
        [
            0.04332190752029419,
            -0.7561872005462646,
            0.1591825783252716
        ],
        [
            0.04590944945812225,
            -0.7511478662490845,
            0.1546173393726349
        ],
        [
            0.047710783779621124,
            -0.7546103000640869,
            0.14858350157737732
        ],
        [
            0.049330636858940125,
            -0.7454845905303955,
            0.1538194715976715
        ],
        [
            0.05209570378065109,
            -0.7482253909111023,
            0.14505791664123535
        ],
        [
            0.05872432142496109,
            -0.7320396900177002,
            0.14525392651557922
        ],
        [
            0.05571012198925018,
            -0.7396283745765686,
            0.14473500847816467
        ],
        [
            0.052181586623191833,
            -0.7389328479766846,
            0.15441638231277466
        ],
        [
            0.053684480488300323,
            -0.7313407063484192,
            0.15740655362606049
        ],
        [
            0.05322584509849548,
            -0.729224443435669,
            0.1714206337928772
        ],
        [
            0.05490179359912872,
            -0.7254571914672852,
            0.17620240151882172
        ],
        [
            0.05510970950126648,
            -0.7165921330451965,
            0.1666981428861618
        ],
        [
            0.05430322140455246,
            -0.7227396965026855,
            0.1622542440891266
        ],
        [
            0.04795556515455246,
            -0.7477881908416748,
            0.180771142244339
        ],
        [
            0.04779910296201706,
            -0.7500947117805481,
            0.17661847174167633
        ],
        [
            0.0455436110496521,
            -0.7507210969924927,
            0.17812462151050568
        ],
        [
            0.04515963792800903,
            -0.749245285987854,
            0.18308627605438232
        ],
        [
            0.04711642116308212,
            -0.7517383098602295,
            0.17302197217941284
        ],
        [
            0.046703800559043884,
            -0.7522906064987183,
            0.17131391167640686
        ],
        [
            0.04568679630756378,
            -0.7529321908950806,
            0.17260368168354034
        ],
        [
            0.04640597850084305,
            -0.7522305250167847,
            0.17347566783428192
        ],
        [
            0.047179631888866425,
            -0.7510519027709961,
            0.1750946044921875
        ],
        [
            0.047813668847084045,
            -0.748868465423584,
            0.17521008849143982
        ],
        [
            0.04738733172416687,
            -0.7505673766136169,
            0.17359188199043274
        ],
        [
            0.047673456370830536,
            -0.7459529638290405,
            0.17870381474494934
        ],
        [
            0.049255818128585815,
            -0.7374316453933716,
            0.19059041142463684
        ],
        [
            0.04789680987596512,
            -0.7392849326133728,
            0.1872469186782837
        ],
        [
            0.04911050945520401,
            -0.7430710792541504,
            0.1897929608821869
        ],
        [
            0.050271838903427124,
            -0.7417765855789185,
            0.19281700253486633
        ],
        [
            0.044935815036296844,
            -0.7536430358886719,
            0.17553278803825378
        ],
        [
            0.043790221214294434,
            -0.7557817697525024,
            0.17419283092021942
        ],
        [
            0.04299897700548172,
            -0.7558078765869141,
            0.1797322779893875
        ],
        [
            0.0444791242480278,
            -0.7531574368476868,
            0.17912985384464264
        ],
        [
            0.04200780391693115,
            -0.7584889531135559,
            0.17281273007392883
        ],
        [
            0.044632621109485626,
            -0.7549936771392822,
            0.171202152967453
        ],
        [
            0.04327917844057083,
            -0.7569382190704346,
            0.1691911816596985
        ],
        [
            0.047365449368953705,
            -0.7506173849105835,
            0.17102468013763428
        ],
        [
            0.047121331095695496,
            -0.7505898475646973,
            0.16759933531284332
        ],
        [
            0.045502908527851105,
            -0.7527227401733398,
            0.16875937581062317
        ],
        [
            0.04841391742229462,
            -0.7468468546867371,
            0.1679261475801468
        ],
        [
            0.04833178222179413,
            -0.7477238178253174,
            0.1725260615348816
        ],
        [
            0.04832856357097626,
            -0.7439069151878357,
            0.17553305625915527
        ],
        [
            0.04827658832073212,
            -0.7397072315216064,
            0.17964603006839752
        ],
        [
            0.05002753436565399,
            -0.7373392581939697,
            0.17435985803604126
        ],
        [
            0.04923646152019501,
            -0.7421244382858276,
            0.170423686504364
        ],
        [
            0.04216168075799942,
            -0.7604093551635742,
            0.17980408668518066
        ],
        [
            0.0444001704454422,
            -0.7540903687477112,
            0.16453835368156433
        ],
        [
            0.041685834527015686,
            -0.760718822479248,
            0.16499173641204834
        ],
        [
            0.046068571507930756,
            -0.7502644062042236,
            0.162018284201622
        ],
        [
            0.04830896854400635,
            -0.7457332611083984,
            0.16152478754520416
        ],
        [
            0.050903886556625366,
            -0.7401074171066284,
            0.16374491155147552
        ],
        [
            0.05171523243188858,
            -0.7344273328781128,
            0.1671852320432663
        ],
        [
            0.06355389207601547,
            -0.712925136089325,
            0.1555609107017517
        ],
        [
            0.061040908098220825,
            -0.721138596534729,
            0.1509324163198471
        ],
        [
            0.02730926126241684,
            -0.8237632513046265,
            0.20835411548614502
        ],
        [
            0.024320542812347412,
            -0.8268171548843384,
            0.20033225417137146
        ],
        [
            0.02884136140346527,
            -0.8215126991271973,
            0.1939087212085724
        ],
        [
            0.02754029631614685,
            -0.8241010904312134,
            0.19345946609973907
        ],
        [
            0.02815893292427063,
            -0.82280433177948,
            0.1997598111629486
        ],
        [
            0.029063090682029724,
            -0.8200504779815674,
            0.19836920499801636
        ],
        [
            0.03452900052070618,
            -0.8250447511672974,
            0.1731412708759308
        ],
        [
            0.033297136425971985,
            -0.8233695030212402,
            0.17961832880973816
        ],
        [
            0.03532010316848755,
            -0.8206636905670166,
            0.17720741033554077
        ],
        [
            0.0353449285030365,
            -0.8199161291122437,
            0.16880084574222565
        ],
        [
            0.03527001291513443,
            -0.8092470765113831,
            0.18244928121566772
        ],
        [
            0.03535747528076172,
            -0.8128779530525208,
            0.17848698794841766
        ],
        [
            0.03415990620851517,
            -0.8164684772491455,
            0.1852933019399643
        ],
        [
            0.03409785032272339,
            -0.813857913017273,
            0.1881784349679947
        ],
        [
            0.034880563616752625,
            -0.8115792274475098,
            0.19158121943473816
        ],
        [
            0.03657492995262146,
            -0.8097497224807739,
            0.19538602232933044
        ],
        [
            0.037377700209617615,
            -0.8055211305618286,
            0.19230696558952332
        ],
        [
            0.036021843552589417,
            -0.8069850206375122,
            0.18729928135871887
        ],
        [
            0.030858315527439117,
            -0.8212703466415405,
            0.205455482006073
        ],
        [
            0.03550029546022415,
            -0.8182283639907837,
            0.21042600274085999
        ],
        [
            0.03558722138404846,
            -0.8162282705307007,
            0.20747379958629608
        ],
        [
            0.03126826882362366,
            -0.8184173703193665,
            0.2035115510225296
        ],
        [
            0.04677354544401169,
            -0.809136152267456,
            0.20939534902572632
        ],
        [
            0.044717855751514435,
            -0.8112013936042786,
            0.21022319793701172
        ],
        [
            0.045464664697647095,
            -0.8108135461807251,
            0.21408820152282715
        ],
        [
            0.04752703011035919,
            -0.8070442080497742,
            0.212102010846138
        ],
        [
            0.04662720859050751,
            -0.8052361011505127,
            0.20894195139408112
        ],
        [
            0.045937106013298035,
            -0.8080534338951111,
            0.2077588140964508
        ],
        [
            0.027002781629562378,
            -0.8747439384460449,
            0.22863495349884033
        ],
        [
            0.02532857656478882,
            -0.8560964465141296,
            0.228866308927536
        ],
        [
            0.028597384691238403,
            -0.8782036304473877,
            0.20855088531970978
        ],
        [
            0.033288776874542236,
            -0.8761923909187317,
            0.19086800515651703
        ],
        [
            0.03760722279548645,
            -0.8700017929077148,
            0.1741551160812378
        ],
        [
            0.04458267241716385,
            -0.7693499326705933,
            0.1472187042236328
        ],
        [
            0.04995767027139664,
            -0.7641279697418213,
            0.13965994119644165
        ],
        [
            0.05429389327764511,
            -0.7771639823913574,
            0.13162145018577576
        ],
        [
            0.05991934984922409,
            -0.7690354585647583,
            0.12643088400363922
        ],
        [
            0.05541946738958359,
            -0.75563645362854,
            0.13519100844860077
        ],
        [
            0.06579773128032684,
            -0.7343800067901611,
            0.13556887209415436
        ],
        [
            0.0602126345038414,
            -0.745345950126648,
            0.13365282118320465
        ],
        [
            0.06624726951122284,
            -0.7600079774856567,
            0.1229306012392044
        ],
        [
            0.07191330939531326,
            -0.7788362503051758,
            0.11455108225345612
        ],
        [
            0.06507327407598495,
            -0.7836987972259521,
            0.12029625475406647
        ],
        [
            0.07840713113546371,
            -0.7983028888702393,
            0.11244094371795654
        ],
        [
            0.08240274339914322,
            -0.7740107774734497,
            0.1099386066198349
        ],
        [
            0.08674796670675278,
            -0.7994069457054138,
            0.11061878502368927
        ],
        [
            0.08736767619848251,
            -0.7387222051620483,
            0.1156759113073349
        ],
        [
            0.08734080195426941,
            -0.7329155802726746,
            0.11115950345993042
        ],
        [
            0.08745276927947998,
            -0.7469910383224487,
            0.09828372299671173
        ],
        [
            0.0882842093706131,
            -0.7534509897232056,
            0.10292145609855652
        ],
        [
            0.0576537624001503,
            -0.7887343168258667,
            0.12681475281715393
        ],
        [
            0.04295186698436737,
            -0.84330153465271,
            0.1564997136592865
        ],
        [
            0.03701631724834442,
            -0.8384260535240173,
            0.16490206122398376
        ],
        [
            0.04692165553569794,
            -0.8342482447624207,
            0.148312509059906
        ],
        [
            0.04995894432067871,
            -0.9027583003044128,
            0.17347002029418945
        ],
        [
            0.03931921720504761,
            -0.8912017941474915,
            0.18356609344482422
        ],
        [
            0.042939528822898865,
            -0.8824188709259033,
            0.16832470893859863
        ],
        [
            0.05189330875873566,
            -0.8946707248687744,
            0.1606781780719757
        ],
        [
            0.05534450709819794,
            -0.9208600521087646,
            0.2145998626947403
        ],
        [
            0.03782229125499725,
            -0.9002186059951782,
            0.2222287803888321
        ],
        [
            0.038111910223960876,
            -0.8972673416137695,
            0.2042328417301178
        ],
        [
            0.05133269727230072,
            -0.9137101173400879,
            0.19641616940498352
        ],
        [
            0.061500951647758484,
            -0.9008125066757202,
            0.1533825397491455
        ],
        [
            0.0755062848329544,
            -0.9087587594985962,
            0.14477109909057617
        ],
        [
            0.0814782977104187,
            -0.923519492149353,
            0.15196889638900757
        ],
        [
            0.06443443894386292,
            -0.9157978296279907,
            0.16421082615852356
        ],
        [
            0.09179030358791351,
            -0.9398142695426941,
            0.16682016849517822
        ],
        [
            0.07127067446708679,
            -0.9302938580513,
            0.18212184309959412
        ],
        [
            0.09566159546375275,
            -0.7905145883560181,
            0.10312184691429138
        ],
        [
            0.09675658494234085,
            -0.8081222772598267,
            0.1076597273349762
        ],
        [
            0.087012380361557,
            -0.7607567310333252,
            0.10895474255084991
        ],
        [
            0.09428966790437698,
            -0.7761650085449219,
            0.09890469163656235
        ],
        [
            0.10485303401947021,
            -0.9494482278823853,
            0.18461063504219055
        ],
        [
            0.0799943208694458,
            -0.9393201470375061,
            0.2025461196899414
        ],
        [
            0.12275137007236481,
            -0.903314471244812,
            0.11759833246469498
        ],
        [
            0.11321723461151123,
            -0.9167600870132446,
            0.1284807175397873
        ],
        [
            0.09852112829685211,
            -0.9019354581832886,
            0.1253102719783783
        ],
        [
            0.1091117113828659,
            -0.8911873698234558,
            0.11565110087394714
        ],
        [
            0.1400882750749588,
            -0.9132618308067322,
            0.12284380197525024
        ],
        [
            0.12846477329730988,
            -0.9293240308761597,
            0.13545715808868408
        ],
