{
    "pred_cam": [
        4.834164619445801,
        -0.0472196489572525,
        0.8110748529434204
    ],
    "pred_smpl_params": {
        "global_orient": [
            [
                [
                    0.9907922744750977,
                    0.027238035574555397,
                    0.13262246549129486
                ],
                [
                    0.05816969648003578,
                    -0.9701762795448303,
                    -0.23531754314899445
                ],
                [
                    0.12225757539272308,
                    0.24086542427539825,
                    -0.9628275632858276
                ]
            ]
        ],
        "body_pose": [
            [
                [
                    0.9996250867843628,
                    -0.0150061110034585,
                    0.022904828190803528
                ],
                [
                    0.008322387933731079,
                    0.9633947014808655,
                    0.2679578363895416
                ],
                [
                    -0.02608739212155342,
                    -0.26766669750213623,
                    0.963158369064331
                ]
            ],
            [
                [
                    0.9982854127883911,
                    0.055234238505363464,
                    -0.01937476173043251
                ],
                [
                    -0.04949386417865753,
                    0.9732435345649719,
                    0.22438228130340576
                ],
                [
                    0.031249944120645523,
                    -0.22303864359855652,
                    0.9743085503578186
                ]
            ],
            [
                [
                    0.9995434284210205,
                    -0.001162468921393156,
                    0.03019193932414055
                ],
                [
                    0.007499732542783022,
                    0.977532684803009,
                    -0.2106507271528244
                ],
                [
                    -0.02926872856914997,
                    0.21078097820281982,
                    0.9770950675010681
                ]
            ],
            [
                [
                    0.9978975653648376,
                    0.050568535923957825,
                    -0.04053770750761032
                ],
                [
                    -0.0632171556353569,
                    0.8973206281661987,
                    -0.43682873249053955
                ],
                [
                    0.014285520650446415,
                    0.43847301602363586,
                    0.8986308574676514
                ]
            ],
            [
                [
                    0.9963546395301819,
                    -0.06367111206054688,
                    0.056774869561195374
                ],
                [
                    0.08238042891025543,
                    0.8909782767295837,
                    -0.4465098977088928
                ],
                [
                    -0.02215539664030075,
                    0.44955936074256897,
                    0.8929755687713623
                ]
            ],
            [
                [
                    0.9986467361450195,
                    0.026526667177677155,
                    0.04473336786031723
                ],
                [
                    -0.026580810546875,
                    0.9996464252471924,
                    0.0006156695308163762
                ],
                [
                    -0.0447012260556221,
                    -0.0018038852140307426,
                    0.998998761177063
                ]
            ],
            [
                [
                    0.9628950357437134,
                    0.13031375408172607,
                    0.23632928729057312
                ],
                [
                    -0.13041914999485016,
                    0.9913415312767029,
                    -0.015256290324032307
                ],
                [
                    -0.23627115786075592,
                    -0.016131656244397163,
                    0.9715532660484314
                ]
            ],
            [
                [
                    0.9653220772743225,
                    -0.1139051541686058,
                    -0.23490191996097565
                ],
                [
                    0.11181478947401047,
                    0.9934800863265991,
                    -0.022244242951273918
                ],
                [
                    0.23590409755706787,
                    -0.004792649298906326,
                    0.9717645645141602
                ]
            ],
            [
                [
                    0.9987086653709412,
                    0.0203076284378767,
                    0.04656799137592316
                ],
                [
                    -0.020746970549225807,
                    0.9997445344924927,
                    0.008970419876277447
                ],
                [
                    -0.04637392610311508,
                    -0.00992498081177473,
                    0.998874843120575
                ]
            ],
            [
                [
                    0.969861626625061,
                    -0.23685318231582642,
                    -0.05717591941356659
                ],
                [
                    0.24134568870067596,
                    0.9660813808441162,
                    0.0918647050857544
                ],
                [
                    0.033478137105703354,
                    -0.10289520025253296,
                    0.9941287636756897
                ]
            ],
            [
                [
                    0.9739232063293457,
                    0.22685018181800842,
                    0.0035490181762725115
                ],
                [
                    -0.2252979725599289,
                    0.9651796817779541,
                    0.132924884557724
                ],
                [
                    0.026728592813014984,
                    -0.1302582174539566,
                    0.9911198019981384
                ]
            ],
            [
                [
                    0.9985429048538208,
                    0.043911080807447433,
                    -0.03136581927537918
                ],
                [
                    -0.04378992319107056,
                    0.9990304708480835,
                    0.004539471119642258
                ],
                [
                    0.03153473883867264,
                    -0.0031593500170856714,
                    0.999497652053833
                ]
            ],
            [
                [
                    0.9564899802207947,
                    0.18646134436130524,
                    -0.2244080901145935
                ],
                [
                    -0.18292851746082306,
                    0.9824438691139221,
                    0.03662308678030968
                ],
                [
                    0.2272971272468567,
                    0.006021014414727688,
                    0.9738067984580994
                ]
            ],
            [
                [
                    0.9453798532485962,
                    -0.19284771382808685,
                    0.2628055810928345
                ],
                [
                    0.18745949864387512,
                    0.9812098145484924,
                    0.04567500948905945
                ],
                [
                    -0.266675740480423,
                    0.006085169967263937,
                    0.9637671113014221
                ]
            ],
            [
                [
                    0.9982054829597473,
                    -0.01206402201205492,
                    -0.05865362286567688
                ],
                [
                    0.007297465577721596,
                    0.9967027306556702,
                    -0.08081113547086716
                ],
                [
                    0.059435129165649414,
                    0.08023809641599655,
                    0.9950021505355835
                ]
            ],
            [
                [
                    0.5853444337844849,
                    0.7267396450042725,
                    -0.3594737946987152
                ],
                [
                    -0.772512674331665,
                    0.6345122456550598,
                    0.024867650121450424
                ],
                [
                    0.24616283178329468,
                    0.2631419003009796,
                    0.9328238368034363
                ]
            ],
            [
                [
                    0.5871493816375732,
                    -0.7325518131256104,
                    0.3444175720214844
                ],
                [
                    0.7564130425453186,
                    0.6480353474617004,
                    0.08882254362106323
                ],
                [
                    -0.28826189041137695,
                    0.20836985111236572,
                    0.9346053004264832
                ]
            ],
            [
                [
                    0.16317321360111237,
                    -0.3192041218280792,
                    -0.9335326552391052
                ],
                [
                    0.12354220449924469,
                    0.9453774094581604,
                    -0.3016601502895355
                ],
                [
                    0.9788318872451782,
                    -0.06610781699419022,
                    0.19369545578956604
                ]
            ],
            [
                [
                    0.2029678225517273,
                    0.3076418340206146,
                    0.9296024441719055
                ],
                [
                    -0.17612747848033905,
                    0.9453491568565369,
                    -0.27439770102500916
                ],
                [
                    -0.9632150530815125,
                    -0.10803462564945221,
                    0.24605964124202728
                ]
            ],
            [
                [
                    0.9832479953765869,
                    -0.18062984943389893,
                    -0.024418780580163002
                ],
                [
                    0.18069839477539062,
                    0.9835383296012878,
                    0.0006101343897171319
                ],
                [
                    0.02390660159289837,
                    -0.005012346897274256,
                    0.9997016191482544
                ]
            ],
            [
                [
                    0.9809659719467163,
                    0.19278109073638916,
                    0.02326464094221592
                ],
                [
                    -0.1926323026418686,
                    0.9812342524528503,
                    -0.008496048860251904
                ],
                [
                    -0.02446593903005123,
                    0.003852812573313713,
                    0.9996932744979858
                ]
            ],
            [
                [
                    0.9710848331451416,
                    0.21528814733028412,
                    -0.10317631810903549
                ],
                [
                    -0.20056743919849396,
                    0.9701191186904907,
                    0.13653461635112762
                ],
                [
                    0.12948758900165558,
                    -0.11189287155866623,
                    0.9852477312088013
                ]
            ],
            [
                [
                    0.9783780574798584,
                    -0.19695287942886353,
                    0.0631338357925415
                ],
                [
                    0.1861441284418106,
                    0.9715732932090759,
                    0.14627312123775482
                ],
                [
                    -0.09014804661273956,
                    -0.13135842978954315,
                    0.9872276186943054
                ]
            ]
        ],
        "betas": [
            -0.617476224899292,
            0.022873222827911377,
            0.062485724687576294,
            -0.14382529258728027,
            -0.10733753442764282,
            0.025213364511728287,
            0.14640375971794128,
            -0.056443631649017334,
            0.031066536903381348,
            -0.11196061968803406
        ]
    },
    "pred_cam_t": [
        -0.0472196489572525,
        0.8110748529434204,
        8.080506324768066
    ],
    "focal_length": [
        5000.0,
        5000.0
    ],
    "pred_keypoints_3d": [
        [
            0.066588394343853,
            -0.8092759847640991,
            -0.03186080604791641
        ],
        [
            0.024720054119825363,
            -0.6926082372665405,
            0.11057531833648682
        ],
        [
            -0.14156004786491394,
            -0.6343463659286499,
            0.04494049400091171
        ],
        [
            -0.22234004735946655,
            -0.43120017647743225,
            -0.06756968051195145
        ],
        [
            -0.09226225316524506,
            -0.4582247734069824,
            -0.27443668246269226
        ],
        [
            0.18501660227775574,
            -0.6007078289985657,
            0.12456318736076355
        ],
        [
            0.2720068693161011,
            -0.36987584829330444,
            0.07297421246767044
        ],
        [
            0.24490821361541748,
            -0.4011334776878357,
            -0.16252973675727844
        ],
        [
            -0.001383681781589985,
            -0.21355165541172028,
            0.027024434879422188
        ],
        [
            -0.07115068286657333,
            -0.13049755990505219,
            0.0020219869911670685
        ],
        [
            -0.12738773226737976,
            0.198933407664299,
            -0.16218286752700806
        ],
        [
            -0.13216349482536316,
            0.5820568799972534,
            -0.12030439078807831
        ],
        [
            0.06392250955104828,
            -0.12116054445505142,
            0.02134002186357975
        ],
        [
            0.10337740927934647,
            0.20075130462646484,
            -0.14698246121406555
        ],
        [
            0.04924968257546425,
            0.5819578170776367,
            -0.13206170499324799
        ],
        [
            0.03370668739080429,
            -0.8490645885467529,
            -0.0008171806111931801
        ],
        [
            0.09854358434677124,
            -0.8412378430366516,
            0.007784845307469368
        ],
        [
            -0.02046091854572296,
            -0.8312456607818604,
            0.08417730033397675
        ],
        [
            0.12141565978527069,
            -0.8135443925857544,
            0.10247509926557541
        ],
        [
            0.0936681479215622,
            0.6325186491012573,
            -0.31350791454315186
        ],
        [
            0.14121657609939575,
            0.6478749513626099,
            -0.25016090273857117
        ],
        [
            0.032179370522499084,
            0.618800938129425,
            -0.07761009782552719
        ],
        [
            -0.13372133672237396,
            0.6316252946853638,
            -0.30646464228630066
        ],
        [
            -0.20181182026863098,
            0.6399351954460144,
            -0.2567826807498932
        ],
        [
            -0.13232699036598206,
            0.6259053945541382,
            -0.06376251578330994
        ],
        [
            -0.15164417028427124,
            0.534709095954895,
            -0.09494688361883163
        ],
        [
            -0.12122506648302078,
            0.1414484828710556,
            -0.14307908713817596
        ],
        [
            -0.14592300355434418,
            -0.24935999512672424,
            0.026254210621118546
        ],
        [
            0.13974110782146454,
            -0.21402737498283386,
            0.07321681827306747
        ],
        [
            0.11409787833690643,
            0.16456295549869537,
            -0.13125349581241608
        ],
        [
            0.05450909584760666,
            0.5518161058425903,
            -0.10433308780193329
        ],
        [
            -0.08554762601852417,
            -0.4795494079589844,
            -0.2458879053592682
        ],
        [
            -0.23009878396987915,
            -0.46938326954841614,
            -0.0840604305267334
        ],
        [
            -0.1117483377456665,
            -0.6567418575286865,
            0.06244717538356781
        ],
        [
            0.16164636611938477,
            -0.6274144649505615,
            0.13211022317409515
        ],
        [
            0.2943779528141022,
            -0.41408222913742065,
            0.06001611799001694
        ],
        [
            0.24707859754562378,
            -0.41773921251296997,
            -0.1474982500076294
        ],
        [
            0.029843751341104507,
            -0.6918991804122925,
            0.10079445689916611
        ],
        [
            0.06143680214881897,
            -0.8742864727973938,
            0.0863046795129776
        ],
        [
            -0.0025706144515424967,
            -0.23206128180027008,
            0.0503426231443882
        ],
        [
            0.024097926914691925,
            -0.639322817325592,
            0.09492605924606323
        ],
        [
            0.000574205070734024,
            -0.46278607845306396,
            0.09755995869636536
        ],
        [
            0.05918227136135101,
            -0.7737221121788025,
            0.03857152909040451
        ],
        [
            0.05772335082292557,
            -0.8924598097801208,
            0.09681889414787292
        ]
    ],
    "pred_vertices": [
        [
            0.11515737324953079,
            -0.8855705261230469,
            0.015693863853812218
        ],
        [
            0.10858435183763504,
            -0.8732072114944458,
            0.006879345513880253
        ],
        [
            0.11767040193080902,
            -0.8673782348632812,
            0.016097746789455414
        ],
        [
            0.12290418148040771,
            -0.8755403757095337,
            0.02737255208194256
        ],
        [
            0.1134413406252861,
            -0.8595156073570251,
            0.008999692276120186
        ],
        [
            0.10485146194696426,
            -0.863272488117218,
            0.001539692748337984
        ],
        [
            0.12204024940729141,
            -0.8590217232704163,
            0.02602543495595455
        ],
        [
            0.12625622749328613,
            -0.863707423210144,
            0.03798626363277435
        ],
        [
            0.12126348167657852,
            -0.8222446441650391,
            0.032927148044109344
        ],
        [
            0.12294594198465347,
            -0.816213846206665,
            0.04214438423514366
        ],
        [
            0.12440193444490433,
            -0.8281884789466858,
            0.04233906418085098
        ],
        [
            0.12130212038755417,
            -0.8311362862586975,
            0.03311285376548767
        ],
        [
            0.11708761751651764,
            -0.7965620756149292,
            0.03265828266739845
        ],
        [
            0.11164388805627823,
            -0.7894888520240784,
            0.022409342229366302
        ],
        [
            0.11108368635177612,
            -0.7792805433273315,
            0.031116880476474762
        ],
        [
            0.11519576609134674,
            -0.7858773469924927,
            0.04192756116390228
        ],
        [
            0.08560764789581299,
            -0.8100086450576782,
            -0.0031131969299167395
        ],
        [
            0.09007204324007034,
            -0.8028500080108643,
            -0.0021983091719448566
        ],
        [
            0.09443800151348114,
            -0.8087158203125,
            -4.085875116288662e-05
        ],
        [
            0.08910322189331055,
            -0.8151906728744507,
            -0.0008128681220114231
        ],
        [
            0.07857570797204971,
            -0.8213057518005371,
            -0.008664132095873356
        ],
        [
            0.07963164895772934,
            -0.8261486291885376,
            -0.004612782038748264
        ],
        [
            0.07613775134086609,
            -0.8310285806655884,
            -0.009507224895060062
        ],
        [
            0.0760103315114975,
            -0.8255643844604492,
            -0.014551077038049698
        ],
        [
            0.07973232865333557,
            -0.8055840730667114,
            -0.004475293215364218
        ],
        [
            0.08451353758573532,
            -0.7981730103492737,
            -0.003030919935554266
        ],
        [
            0.08183961361646652,
            -0.8161882758140564,
            -0.004379188641905785
        ],
        [
            0.07981856912374496,
            -0.8125009536743164,
            -0.007184495218098164
        ],
        [
            0.07789966464042664,
            -0.8082294464111328,
            -0.018248403444886208
        ],
        [
            0.07968093454837799,
            -0.8123631477355957,
            -0.01597028598189354
        ],
        [
            0.07758694142103195,
            -0.814834713935852,
            -0.022880904376506805
        ],
        [
            0.07568379491567612,
            -0.8095678687095642,
            -0.023162035271525383
        ],
        [
            0.0791092962026596,
            -0.8062114715576172,
            -0.009097418747842312
        ],
        [
            0.08034263551235199,
            -0.8092353343963623,
            -0.011249787174165249
        ],
        [
            0.07794982939958572,
            -0.8062670826911926,
            -0.014362634159624577
        ],
        [
            0.07586932927370071,
            -0.8040099143981934,
            -0.011766730807721615
        ],
        [
            0.07786108553409576,
            -0.8176565170288086,
            -0.011917788535356522
        ],
        [
            0.07642117142677307,
            -0.8206915855407715,
            -0.018758004531264305
        ],
        [
            0.07395418733358383,
            -0.8234645128250122,
            -0.0258454829454422
        ],
        [
            0.07452335208654404,
            -0.8158364295959473,
            -0.030103817582130432
        ],
        [
            0.09781868755817413,
            -0.7876105308532715,
            0.004399593453854322
        ],
        [
            0.09464214742183685,
            -0.7954941987991333,
            0.0002223294577561319
        ],
        [
            0.08907727897167206,
            -0.7914519309997559,
            -0.0011784167727455497
        ],
        [
            0.09242452681064606,
            -0.7851999998092651,
            0.001789175788871944
        ],
        [
            0.0761973112821579,
            -0.8005151748657227,
            -0.008715486153960228
        ],
        [
            0.0779849961400032,
            -0.7849999070167542,
            -0.009887276217341423
        ],
        [
            0.07869091629981995,
            -0.7885643243789673,
            -0.009649042040109634
        ],
        [
            0.07365234941244125,
            -0.7906709909439087,
            -0.014288454316556454
        ],
        [
            0.07361918687820435,
            -0.7872291207313538,
            -0.014325789175927639
        ],
        [
            0.09908770024776459,
            -0.7721816301345825,
            0.012318643741309643
        ],
        [
            0.09419313073158264,
            -0.772458553314209,
            0.007097273133695126
        ],
        [
            0.09328871220350266,
            -0.7655071020126343,
            0.008996637538075447
        ],
        [
            0.09715190529823303,
            -0.7638384103775024,
            0.015174414962530136
        ],
        [
            0.09018329530954361,
            -0.7600369453430176,
            0.008909258991479874
        ],
        [
            0.09425732493400574,
            -0.7560350298881531,
            0.0171622596681118
        ],
        [
            0.08409811556339264,
            -0.7437225580215454,
            0.014275949448347092
        ],
        [
            0.0891665667295456,
            -0.7489897012710571,
            0.015855055302381516
        ],
        [
            0.08603643625974655,
            -0.7551708817481995,
            0.007288778200745583
        ],
        [
            0.08094977587461472,
            -0.7513346672058105,
            0.0029035292100161314
        ],
        [
            0.07189147174358368,
            -0.7585899233818054,
            -0.006891040597110987
        ],
        [
            0.06663928925991058,
            -0.7583246231079102,
            -0.010551894083619118
        ],
        [
            0.06905392557382584,
            -0.7457408905029297,
            -0.008765040896832943
        ],
        [
            0.07478346675634384,
            -0.7477442026138306,
            -0.003635949920862913
        ],
        [
            0.07624155282974243,
            -0.7787643671035767,
            -0.0064790998585522175
        ],
        [
            0.07944618165493011,
            -0.7780386805534363,
            -0.0030557531863451004
        ],
        [
            0.08030514419078827,
            -0.779637336730957,
            -0.005056718364357948
        ],
        [
            0.07718520611524582,
            -0.7816281914710999,
            -0.008835569955408573
        ],
        [
            0.08237046003341675,
            -0.7771787643432617,
            -0.0006419331766664982
        ],
        [
            0.08369076251983643,
            -0.7766338586807251,
            0.00034836609847843647
        ],
        [
            0.08390913903713226,
            -0.7779744863510132,
            -0.0007302791345864534
        ],
        [
            0.08251859247684479,
            -0.7780556678771973,
            -0.0011222499888390303
        ],
        [
            0.08077697455883026,
            -0.7780526876449585,
            -0.002109342720359564
        ],
        [
            0.0797199085354805,
            -0.7764096260070801,
            -0.002871526638045907
        ],
        [
            0.08158352226018906,
            -0.7766096591949463,
            -0.001360450405627489
        ],
        [
            0.076820507645607,
            -0.7763955593109131,
            -0.006290261633694172
        ],
        [
            0.06622500717639923,
            -0.7766298055648804,
            -0.016451388597488403
        ],
        [
            0.06960514187812805,
            -0.7763612270355225,
            -0.014331957325339317
        ],
        [
            0.06849867105484009,
            -0.7806136608123779,
            -0.01317877508699894
        ],
        [
            0.06564506888389587,
            -0.7811945676803589,
            -0.014994265511631966
        ],
        [
            0.08297032117843628,
            -0.7803986668586731,
            -0.0025089560076594353
        ],
        [
            0.08532186597585678,
            -0.7812418937683105,
            -0.0014507165178656578
        ],
        [
            0.08278019726276398,
            -0.7847045063972473,
            -0.005147076211869717
        ],
        [
            0.08126075565814972,
            -0.7821874618530273,
            -0.005072965286672115
        ],
        [
            0.08819441497325897,
            -0.7827297449111938,
            -0.0007112384773790836
        ],
        [
            0.08601220697164536,
            -0.7788032293319702,
            0.0003969381796196103
        ],
        [
            0.08897867798805237,
            -0.7790573239326477,
            0.0015662771183997393
        ],
        [
            0.08300794661045074,
            -0.7750715613365173,
            8.341995999217033e-05
        ],
        [
            0.0849929079413414,
            -0.7729522585868835,
            0.0018119297455996275
        ],
        [
            0.08606676757335663,
            -0.7754486799240112,
            0.001179237151518464
        ],
        [
            0.08286844193935394,
            -0.7702121734619141,
            0.0007290707435458899
        ],
        [
            0.08073434978723526,
            -0.7737205028533936,
            -0.001577165094204247
        ],
        [
            0.07775271683931351,
            -0.7727454900741577,
            -0.0050437357276678085
        ],
        [
            0.07395501434803009,
            -0.772130012512207,
            -0.009486660361289978
        ],
        [
            0.07513020932674408,
            -0.76690673828125,
            -0.006591261364519596
        ],
        [
            0.0794852152466774,
            -0.7681229114532471,
            -0.002416148316115141
        ],
        [
            0.085149846971035,
            -0.7881371974945068,
            -0.003702603280544281
        ],
        [
            0.08954671770334244,
            -0.7740868330001831,
            0.003762482199817896
        ],
        [
            0.0937000960111618,
            -0.7796671390533447,
            0.004908615257591009
        ],
        [
            0.0885658711194992,
            -0.7694409489631653,
            0.004393219016492367
        ],
        [
            0.0860566571354866,
            -0.7654123902320862,
            0.003871169174090028
        ],
        [
            0.0820607915520668,
            -0.7620831727981567,
            0.001386462477967143
        ],
        [
            0.07719066739082336,
            -0.7601107358932495,
            -0.002762889489531517
        ],
        [
            0.06818336248397827,
            -0.7357715964317322,
            0.0018057302804663777
        ],
        [
            0.07592131197452545,
            -0.738982081413269,
            0.0071814097464084625
        ],
        [
            0.10160840302705765,
            -0.8555939197540283,
            0.002658930141478777
        ],
        [
            0.10937060415744781,
            -0.8533257842063904,
            0.006547901313751936
        ],
        [
            0.10804770886898041,
            -0.8450641632080078,
            0.010195624083280563
        ],
        [
            0.10995898395776749,
            -0.8469681739807129,
            0.010948548093438148
        ],
        [
            0.10573124140501022,
            -0.8495463132858276,
            0.007089305203408003
        ],
        [
            0.10475441068410873,
            -0.8467279672622681,
            0.007269543595612049
        ],
        [
            0.11708136647939682,
            -0.8345439434051514,
            0.02658502571284771
        ],
        [
            0.11369733512401581,
            -0.8373918533325195,
            0.021340887993574142
        ],
        [
            0.11315950751304626,
            -0.8334890604019165,
            0.022389613091945648
        ],
        [
            0.1176394671201706,
            -0.8278043270111084,
            0.026671739295125008
        ],
        [
            0.10625595599412918,
            -0.8279826045036316,
            0.013562748208642006
        ],
        [
            0.10991495102643967,
            -0.8282678127288818,
            0.017603611573576927
        ],
        [
            0.1076948344707489,
            -0.8356248736381531,
            0.01506764069199562
        ],
        [
            0.10508262366056442,
            -0.8354097008705139,
            0.012075122445821762
        ],
        [
            0.10183419287204742,
            -0.8356760740280151,
            0.009396683424711227
        ],
        [
            0.09798148274421692,
            -0.8362647294998169,
            0.007394852582365274
        ],
        [
            0.09742893278598785,
            -0.8310691118240356,
            0.007460480555891991
        ],
        [
            0.10187367349863052,
            -0.8292990922927856,
            0.00999909732490778
        ],
        [
            0.09982693195343018,
            -0.8516631126403809,
            0.004930596798658371
        ],
        [
            0.09264732897281647,
            -0.851693868637085,
            0.0036413308698683977
        ],
        [
            0.0934440940618515,
            -0.8485621809959412,
            0.004239710047841072
        ],
        [
            0.09959486126899719,
            -0.8484011888504028,
            0.0047692484222352505
        ],
        [
            0.08181875944137573,
            -0.8430225849151611,
            0.006586146075278521
        ],
        [
            0.08352502435445786,
            -0.845319390296936,
            0.005962288938462734
        ],
        [
            0.08058091253042221,
            -0.8472706079483032,
            0.004403418395668268
        ],
        [
            0.0789630115032196,
            -0.8430011868476868,
            0.00466145109385252
        ],
        [
            0.08074140548706055,
            -0.8398679494857788,
            0.00459133367985487
        ],
        [
            0.08289272338151932,
            -0.8413634896278381,
            0.006172854453325272
        ],
        [
            0.10855415463447571,
            -0.9078055024147034,
            0.018672959879040718
        ],
        [
            0.103940948843956,
            -0.8931419849395752,
            0.006933858152478933
        ],
        [
            0.12026447802782059,
            -0.8975401520729065,
            0.03202299401164055
        ],
        [
            0.12610244750976562,
            -0.8843650817871094,
            0.04345524311065674
        ],
        [
            0.12980736792087555,
            -0.8687700629234314,
            0.05193232372403145
        ],
        [
            0.10510752350091934,
            -0.7745757102966309,
            0.020764203742146492
        ],
        [
            0.10393653810024261,
            -0.7651959657669067,
            0.026058001443743706
        ],
        [
            0.10978811234235764,
            -0.7698081135749817,
            0.039586327970027924
        ],
        [
            0.1054767370223999,
            -0.75978684425354,
            0.04305444285273552
        ],
        [
            0.09983610361814499,
            -0.7552388906478882,
            0.02852954901754856
        ],
        [
            0.0842999592423439,
            -0.7390823364257812,
            0.027629032731056213
        ],
        [
            0.09325478225946426,
            -0.7459696531295776,
            0.028935188427567482
        ],
        [
            0.09820102155208588,
            -0.7506271600723267,
            0.0467284694314003
        ],
        [
            0.10366028547286987,
            -0.7602161765098572,
            0.06381019204854965
        ],
        [
            0.10942846536636353,
            -0.7672210931777954,
            0.05708934739232063
        ],
        [
            0.10692965239286423,
            -0.7736691236495972,
            0.07803875207901001
        ],
        [
            0.09587163478136063,
            -0.7525383234024048,
            0.07368706911802292
        ],
        [
            0.10244850814342499,
            -0.7723245024681091,
            0.08584612607955933
        ],
        [
            0.07900148630142212,
            -0.7213431000709534,
            0.0651581883430481
        ],
        [
            0.07888302206993103,
            -0.7109464406967163,
            0.0685725063085556
        ],
        [
            0.08645107597112656,
            -0.7152198553085327,
            0.08380982279777527
        ],
        [
            0.08780478686094284,
            -0.7254256010055542,
            0.08032440394163132
        ],
        [
            0.11328675597906113,
            -0.7755813598632812,
            0.0505574569106102
        ],
        [
            0.12652868032455444,
            -0.8371580839157104,
            0.05138622596859932
        ],
        [
            0.12442264705896378,
            -0.8388781547546387,
            0.0396730862557888
        ],
        [
            0.12566538155078888,
            -0.8242959976196289,
            0.0536331832408905
        ],
        [
            0.13276036083698273,
            -0.8930171728134155,
            0.07869770377874374
        ],
        [
            0.13015568256378174,
            -0.8908156156539917,
            0.05988487973809242
        ],
        [
            0.13353773951530457,
            -0.874271035194397,
            0.06581921130418777
        ],
        [
            0.13548575341701508,
            -0.8782767057418823,
            0.08239048719406128
        ],
        [
            0.11252486705780029,
            -0.9316487312316895,
            0.06983388215303421
        ],
        [
            0.113003209233284,
            -0.9223649501800537,
            0.04314541444182396
        ],
        [
            0.12164177000522614,
            -0.9085948467254639,
            0.05135023221373558
        ],
        [
            0.12324437499046326,
            -0.9152257442474365,
            0.07317744195461273
        ],
        [
            0.13520455360412598,
            -0.8777303695678711,
            0.09582098573446274
        ],
        [
            0.13251596689224243,
            -0.8769293427467346,
            0.1140950620174408
        ],
        [
            0.12861250340938568,
            -0.8915969133377075,
            0.1221097782254219
        ],
        [
            0.1314954310655594,
            -0.8955874443054199,
            0.1003471314907074
        ],
        [
            0.11792917549610138,
            -0.9117345809936523,
            0.12894436717033386
        ],
        [
            0.12155269086360931,
            -0.9163753390312195,
            0.10291080176830292
        ],
        [
            0.09694334864616394,
            -0.7586116790771484,
            0.09438204765319824
        ],
        [
            0.10077270865440369,
            -0.7760258913040161,
            0.09855292737483978
        ],
        [
            0.08960715681314468,
            -0.7382092475891113,
            0.07534755766391754
        ],
        [
            0.0935661569237709,
            -0.7437008619308472,
            0.09278640151023865
        ],
        [
            0.10162238776683807,
            -0.9273583889007568,
            0.13212020695209503
        ],
        [
            0.10701222717761993,
            -0.9343581199645996,
            0.10223554819822311
        ],
        [
            0.1098267138004303,
            -0.8526034355163574,
            0.1558942347764969
        ],
        [
            0.11604136973619461,
            -0.8700037598609924,
            0.1513296365737915
        ],
        [
            0.12350728362798691,
            -0.8584672212600708,
            0.1354566067457199
        ],
        [
            0.11707944422960281,
            -0.8438777923583984,
            0.1421542763710022
