{
    "pred_cam": [
        2.03206467628479,
        0.08967908471822739,
        0.7430629730224609
    ],
    "pred_smpl_params": {
        "global_orient": [
            [
                [
                    0.9928009510040283,
                    0.11969830095767975,
                    -0.0043157241307199
                ],
                [
                    0.09427574276924133,
                    -0.8031513094902039,
                    -0.5882686972618103
                ],
                [
                    -0.07388094067573547,
                    0.5836268067359924,
                    -0.8086540102958679
                ]
            ]
        ],
        "body_pose": [
            [
                [
                    0.9957789778709412,
                    -0.09058607369661331,
                    0.014778357930481434
                ],
                [
                    0.07868050783872604,
                    0.9253913164138794,
                    0.3707562983036041
                ],
                [
                    -0.04726112261414528,
                    -0.36802855134010315,
                    0.9286125898361206
                ]
            ],
            [
                [
                    0.9971305727958679,
                    0.0736030638217926,
                    -0.01770094409584999
                ],
                [
                    -0.06392393261194229,
                    0.9439112544059753,
                    0.3239525556564331
                ],
                [
                    0.04055202379822731,
                    -0.3218914270401001,
                    0.9459077715873718
                ]
            ],
            [
                [
                    0.9998286962509155,
                    -0.014758836477994919,
                    -0.011163930408656597
                ],
                [
                    0.010772399604320526,
                    0.954703152179718,
                    -0.29736489057540894
                ],
                [
                    0.015047001652419567,
                    0.297193706035614,
                    0.9546986222267151
                ]
            ],
            [
                [
                    0.9934442043304443,
                    0.10842930525541306,
                    -0.036218613386154175
                ],
                [
                    -0.10646276921033859,
                    0.7620986700057983,
                    -0.6386480331420898
                ],
                [
                    -0.04164603352546692,
                    0.6383170485496521,
                    0.7686461806297302
                ]
            ],
            [
                [
                    0.9969410300254822,
                    -0.06873305886983871,
                    0.037209488451480865
                ],
                [
                    0.07700467854738235,
                    0.7822620868682861,
                    -0.6181718111038208
                ],
                [
                    0.013381258584558964,
                    0.6191459894180298,
                    0.7851619124412537
                ]
            ],
            [
                [
                    0.9999379515647888,
                    0.010917429812252522,
                    -0.002231180900707841
                ],
                [
                    -0.010932899080216885,
                    0.9999154806137085,
                    -0.007041669450700283
                ],
                [
                    0.0021541151218116283,
                    0.007065624929964542,
                    0.9999728202819824
                ]
            ],
            [
                [
                    0.9548535943031311,
                    0.06800252944231033,
                    0.289188951253891
                ],
                [
                    -0.06835342198610306,
                    0.997621476650238,
                    -0.008898284286260605
                ],
                [
                    -0.28910622000694275,
                    -0.0112704923376441,
                    0.9572306871414185
                ]
            ],
            [
                [
                    0.9365448355674744,
                    -0.14343418180942535,
                    -0.31985998153686523
                ],
                [
                    0.1494026780128479,
                    0.9887586236000061,
                    -0.005938423331826925
                ],
                [
                    0.3171160817146301,
                    -0.042226340621709824,
                    0.9474462270736694
                ]
            ],
            [
                [
                    0.9999479055404663,
                    0.009746824391186237,
                    0.0030140848830342293
                ],
                [
                    -0.00968452263623476,
                    0.9997522830963135,
                    -0.020040780305862427
                ],
                [
                    -0.00320867239497602,
                    0.02001054957509041,
                    0.999794602394104
                ]
            ],
            [
                [
                    0.9869765043258667,
                    -0.1608618050813675,
                    0.000944067258387804
                ],
                [
                    0.15922795236110687,
                    0.9777531623840332,
                    0.13654693961143494
                ],
                [
                    -0.02288825437426567,
                    -0.13461829721927643,
                    0.9906330704689026
                ]
            ],
            [
                [
                    0.9575659036636353,
                    0.26642686128616333,
                    0.10992865264415741
                ],
                [
                    -0.27661845088005066,
                    0.9566653966903687,
                    0.0909590870141983
                ],
                [
                    -0.08093099296092987,
                    -0.11750760674476624,
                    0.9897687435150146
                ]
            ],
            [
                [
                    0.9885463714599609,
                    0.048399776220321655,
                    0.14294575154781342
                ],
                [
                    -0.036762602627277374,
                    0.9958746433258057,
                    -0.08295854181051254
                ],
                [
                    -0.1463712453842163,
                    0.07675331085920334,
                    0.9862475395202637
                ]
            ],
            [
                [
                    0.9038668274879456,
                    0.3493322432041168,
                    -0.24696502089500427
                ],
                [
                    -0.34476110339164734,
                    0.9365743398666382,
                    0.06299468129873276
                ],
                [
                    0.25330716371536255,
                    0.028205126523971558,
                    0.966974675655365
                ]
            ],
            [
                [
                    0.9569012522697449,
                    -0.25736337900161743,
                    0.13455139100551605
                ],
                [
                    0.25626352429389954,
                    0.9662643671035767,
                    0.025731319561600685
                ],
                [
                    -0.13663452863693237,
                    0.009858283214271069,
                    0.990572452545166
                ]
            ],
            [
                [
                    0.9964873790740967,
                    -0.011964512057602406,
                    0.08288460224866867
                ],
                [
                    0.027667734771966934,
                    0.9812000393867493,
                    -0.19099998474121094
                ],
                [
                    -0.07904115319252014,
                    0.19262227416038513,
                    0.9780845046043396
                ]
            ],
            [
                [
                    0.6721305251121521,
                    0.6655887365341187,
                    -0.32439517974853516
                ],
                [
                    -0.6937905550003052,
                    0.7191693782806396,
                    0.03808091953396797
                ],
                [
                    0.2586413025856018,
                    0.19946692883968353,
                    0.9451548457145691
                ]
            ],
            [
                [
                    0.8448495268821716,
                    -0.5073782205581665,
                    0.16969577968120575
                ],
                [
                    0.5048145055770874,
                    0.8610545992851257,
                    0.061215657740831375
                ],
                [
                    -0.1771768182516098,
                    0.03394687548279762,
                    0.9835934638977051
                ]
            ],
            [
                [
                    0.2976231276988983,
                    -0.3447933495044708,
                    -0.8902460932731628
                ],
                [
                    0.11415079236030579,
                    0.9386664628982544,
                    -0.325384259223938
                ],
                [
                    0.9478344321250916,
                    -0.004780418239533901,
                    0.3187272846698761
                ]
            ],
            [
                [
                    0.4582231342792511,
                    0.26164916157722473,
                    0.8494535088539124
                ],
                [
                    -0.2972334623336792,
                    0.9457780122756958,
                    -0.13098159432411194
                ],
                [
                    -0.8376656770706177,
                    -0.19246719777584076,
                    0.5111482739448547
                ]
            ],
            [
                [
                    0.990014374256134,
                    -0.13759218156337738,
                    -0.030655739828944206
                ],
                [
                    0.13337916135787964,
                    0.9846952557563782,
                    -0.11218374222517014
                ],
                [
                    0.045622169971466064,
                    0.10697469860315323,
                    0.9932143688201904
                ]
            ],
            [
                [
                    0.9907846450805664,
                    0.1328958421945572,
                    0.026164496317505836
                ],
                [
                    -0.12651164829730988,
                    0.9769923686981201,
                    -0.17169955372810364
                ],
                [
                    -0.048380669206380844,
                    0.166807159781456,
                    0.9848018884658813
                ]
            ],
            [
                [
                    0.9786325097084045,
                    0.17962628602981567,
                    -0.1000640019774437
                ],
                [
                    -0.1644822210073471,
                    0.9759231805801392,
                    0.14324644207954407
                ],
                [
                    0.12338560819625854,
                    -0.12372688204050064,
                    0.9846155047416687
                ]
            ],
            [
                [
                    0.9733288288116455,
                    -0.2029659003019333,
                    0.10693851113319397
                ],
                [
                    0.18902236223220825,
                    0.9736560583114624,
                    0.12753205001354218
                ],
                [
                    -0.13000598549842834,
                    -0.10391685366630554,
                    0.9860526323318481
                ]
            ]
        ],
        "betas": [
            -0.25733864307403564,
            -0.23425808548927307,
            0.015175879001617432,
            0.02516123652458191,
            -0.02867525815963745,
            -0.052426956593990326,
            0.042927831411361694,
            -0.0033181756734848022,
            -0.09368389844894409,
            -0.0046835243701934814
        ]
    },
    "pred_cam_t": [
        0.08967908471822739,
        0.7430629730224609,
        19.223058700561523
    ],
    "focal_length": [
        5000.0,
        5000.0
    ],
    "pred_keypoints_3d": [
        [
            0.09551145136356354,
            -0.7924153804779053,
            0.11828568577766418
        ],
        [
            0.05755436420440674,
            -0.6615995168685913,
            0.2511795163154602
        ],
        [
            -0.13086727261543274,
            -0.5988028049468994,
            0.2322434037923813
        ],
        [
            -0.31419652700424194,
            -0.45266300439834595,
            0.14464756846427917
        ],
        [
            -0.4028393626213074,
            -0.533524751663208,
            -0.07513447105884552
        ],
        [
            0.2189556062221527,
            -0.5626382231712341,
            0.18482738733291626
        ],
        [
            0.26850324869155884,
            -0.35744717717170715,
            0.03949567675590515
        ],
        [
            0.18888415396213531,
            -0.4373131990432739,
            -0.17722535133361816
        ],
        [
            -0.0016052954597398639,
            -0.2209404557943344,
            0.029238499701023102
        ],
        [
            -0.08016268163919449,
            -0.15306347608566284,
            -0.015232574194669724
        ],
        [
            -0.18673700094223022,
            0.060731396079063416,
            -0.3066749572753906
        ],
        [
            -0.203877791762352,
            0.4460383653640747,
            -0.37853991985321045
        ],
        [
            0.05723658576607704,
            -0.13783849775791168,
            -0.023824147880077362
        ],
        [
            0.08128705620765686,
            0.06550008058547974,
            -0.33114415407180786
        ],
        [
            0.006332658231258392,
            0.44263955950737,
            -0.40679481625556946
        ],
        [
            0.06332878768444061,
            -0.8311911821365356,
            0.15204791724681854
        ],
        [
            0.12844952940940857,
            -0.8216285705566406,
            0.15961124002933502
        ],
        [
            0.007332260254770517,
            -0.8102145195007324,
            0.23835112154483795
        ],
        [
            0.15255318582057953,
            -0.7892975807189941,
            0.2531813979148865
        ],
        [
            0.04324468970298767,
            0.4446544051170349,
            -0.6010985374450684
        ],
        [
            0.09231086075305939,
            0.47883474826812744,
            -0.5444839000701904
        ],
        [
            -0.007358059287071228,
            0.4932137131690979,
            -0.3604375720024109
        ],
        [
            -0.2543719410896301,
            0.4377484917640686,
            -0.5665489435195923
        ],
        [
            -0.3134489953517914,
            0.46084505319595337,
            -0.5065516233444214
        ],
        [
            -0.19026319682598114,
            0.5060853958129883,
            -0.3397147059440613
        ],
        [
            -0.21564725041389465,
            0.40801337361335754,
            -0.3364154100418091
        ],
        [
            -0.17399929463863373,
            0.018414169549942017,
            -0.2663499712944031
        ],
        [
            -0.14589823782444,
            -0.2514960765838623,
            0.07182540744543076
        ],
        [
            0.14833283424377441,
            -0.20285174250602722,
            0.053313739597797394
        ],
        [
            0.09419892728328705,
            0.03936803713440895,
            -0.3033006191253662
        ],
        [
            0.01690937951207161,
            0.4206081032752991,
            -0.3723939061164856
        ],
        [
            -0.37142834067344666,
            -0.5460518598556519,
            -0.062476594001054764
        ],
        [
            -0.32375121116638184,
            -0.49233806133270264,
            0.15059742331504822
        ],
        [
            -0.09768404066562653,
            -0.6246607303619385,
            0.24413815140724182
        ],
        [
            0.20124134421348572,
            -0.5900659561157227,
            0.20944851636886597
        ],
        [
            0.2897181212902069,
            -0.4036588668823242,
            0.033503204584121704
        ],
        [
            0.19350183010101318,
            -0.4506460130214691,
            -0.1600852757692337
        ],
        [
            0.06210598722100258,
            -0.6567943096160889,
            0.24203288555145264
        ],
        [
            0.09271367639303207,
            -0.853036642074585,
            0.23988057672977448
        ],
        [
            0.0019065967062488198,
            -0.22733664512634277,
            0.06265570223331451
        ],
        [
            0.05085279047489166,
            -0.6049668788909912,
            0.22397874295711517
        ],
        [
            0.02659074403345585,
            -0.43440157175064087,
            0.18157386779785156
        ],
        [
            0.08675330132246017,
            -0.7525413632392883,
            0.18757402896881104
        ],
        [
            0.08969555795192719,
            -0.8707150220870972,
            0.251240074634552
        ]
    ],
    "pred_vertices": [
        [
            0.14631153643131256,
            -0.8655592203140259,
            0.1682906597852707
        ],
        [
            0.13934484124183655,
            -0.8537434935569763,
            0.15923136472702026
        ],
        [
            0.14835324883460999,
            -0.847342848777771,
            0.1682259738445282
        ],
        [
            0.15387071669101715,
            -0.8549728393554688,
            0.17966395616531372
        ],
        [
            0.14415276050567627,
            -0.8398565053939819,
            0.16060149669647217
        ],
        [
            0.13555055856704712,
            -0.8439723253250122,
            0.15344662964344025
        ],
        [
            0.15303857624530792,
            -0.8383878469467163,
            0.17767564952373505
        ],
        [
            0.15739290416240692,
            -0.8425823450088501,
            0.18991170823574066
        ],
        [
            0.15140578150749207,
            -0.8006476163864136,
            0.18337400257587433
        ],
        [
            0.1533125340938568,
            -0.7942756414413452,
            0.19202154874801636
        ],
        [
            0.15489760041236877,
            -0.806632399559021,
            0.1928994059562683
        ],
        [
            0.15166907012462616,
            -0.8098104000091553,
            0.18399927020072937
        ],
        [
            0.14656460285186768,
            -0.7752337455749512,
            0.18180926144123077
        ],
        [
            0.14068666100502014,
            -0.7686002254486084,
            0.17134256660938263
        ],
        [
            0.1401313841342926,
            -0.7578737735748291,
            0.1792955994606018
        ],
        [
            0.14475584030151367,
            -0.7638652324676514,
            0.19037804007530212
        ],
        [
            0.11475826799869537,
            -0.7911126613616943,
            0.14746642112731934
        ],
        [
            0.1189635768532753,
            -0.7836915254592896,
            0.14783966541290283
        ],
        [
            0.12349586188793182,
            -0.7894071340560913,
            0.15032346546649933
        ],
        [
            0.1183425635099411,
            -0.796107292175293,
            0.14998970925807953
        ],
        [
            0.107984259724617,
            -0.8031630516052246,
            0.1423901468515396
        ],
        [
            0.10920313000679016,
            -0.8077895641326904,
            0.14668093621730804
        ],
        [
            0.10584300756454468,
            -0.8131077289581299,
            0.14189667999744415
        ],
        [
            0.10554444044828415,
            -0.8078827857971191,
            0.13659164309501648
        ],
        [
            0.1087699756026268,
            -0.7868404388427734,
            0.14591769874095917
        ],
        [
            0.11331318318843842,
            -0.7791321277618408,
            0.14677287638187408
        ],
        [
            0.11112591624259949,
            -0.797533392906189,
            0.14656013250350952
        ],
        [
            0.1090952679514885,
            -0.7941471338272095,
            0.14348889887332916
        ],
        [
            0.10713249444961548,
            -0.7905601263046265,
            0.13193687796592712
        ],
        [
            0.10914061963558197,
            -0.7945958375930786,
            0.13441772758960724
        ],
        [
            0.10709817707538605,
            -0.7974209785461426,
            0.12749698758125305
        ],
        [
            0.1049138680100441,
            -0.7921017408370972,
            0.12699119746685028
        ],
        [
            0.10831545293331146,
            -0.7878422737121582,
            0.14114144444465637
        ],
        [
            0.10978152602910995,
            -0.7910746335983276,
            0.13908907771110535
        ],
        [
            0.10718458890914917,
            -0.7882972359657288,
            0.13579678535461426
        ],
        [
            0.10490554571151733,
            -0.785886287689209,
            0.13831599056720734
        ],
        [
            0.10740161687135696,
            -0.799705445766449,
            0.1389053463935852
        ],
        [
            0.1060047298669815,
            -0.8031806945800781,
            0.13205558061599731
        ],
        [
            0.10350212454795837,
            -0.806424617767334,
            0.12498762458562851
        ],
        [
            0.10383553057909012,
            -0.7988560199737549,
            0.120269775390625
        ],
        [
            0.12662723660469055,
            -0.7677544355392456,
            0.15317599475383759
        ],
        [
            0.12354225665330887,
            -0.775975227355957,
            0.14964817464351654
        ],
        [
            0.11790291965007782,
            -0.7720639109611511,
            0.14798900485038757
        ],
        [
            0.12123702466487885,
            -0.7654724717140198,
            0.15041932463645935
        ],
        [
            0.10505056381225586,
            -0.7820742130279541,
            0.1412484347820282
        ],
        [
            0.1064189150929451,
            -0.7662903070449829,
            0.13887932896614075
        ],
        [
            0.10725343227386475,
            -0.769911527633667,
            0.13934850692749023
        ],
        [
            0.10219986736774445,
            -0.7723835706710815,
            0.13481208682060242
        ],
        [
            0.10200954973697662,
            -0.7688653469085693,
            0.13460297882556915
        ],
        [
            0.1278437376022339,
            -0.7516927123069763,
            0.15995439887046814
        ],
        [
            0.12294326722621918,
            -0.7522799968719482,
            0.1546899974346161
        ],
        [
            0.12190628051757812,
            -0.7451564073562622,
            0.1561266928911209
        ],
        [
            0.12569986283779144,
            -0.7432280778884888,
            0.16219013929367065
        ],
        [
            0.11847631633281708,
            -0.7398925423622131,
            0.15567900240421295
        ],
        [
            0.12260790914297104,
            -0.7354849576950073,
            0.1636730134487152
        ],
        [
            0.11181364208459854,
            -0.7232043147087097,
            0.15994387865066528
        ],
        [
            0.11718566715717316,
            -0.7284759283065796,
            0.16185854375362396
        ],
        [
            0.11396937072277069,
            -0.7351160049438477,
            0.15383028984069824
        ],
        [
            0.10851248353719711,
            -0.7314811944961548,
            0.1492360234260559
        ],
        [
            0.09932790696620941,
            -0.7392362356185913,
            0.14030641317367554
        ],
        [
            0.09394066780805588,
            -0.7393937706947327,
            0.13678514957427979
        ],
        [
            0.09609691798686981,
            -0.7265607714653015,
            0.13746018707752228
        ],
        [
            0.10200812667608261,
            -0.7283093929290771,
            0.14248336851596832
        ],
        [
            0.10445380955934525,
            -0.759774923324585,
            0.1419774740934372
        ],
        [
            0.10776349902153015,
            -0.7587872743606567,
            0.14531409740447998
        ],
        [
            0.10868868231773376,
            -0.760461688041687,
            0.1433674693107605
        ],
        [
            0.10553019493818283,
            -0.7627255916595459,
            0.13975541293621063
        ],
        [
            0.11080153286457062,
            -0.7576876878738403,
            0.1475898176431656
        ],
        [
            0.11218491196632385,
            -0.7570459842681885,
            0.1485155075788498
        ],
        [
            0.11243443191051483,
            -0.7584555149078369,
            0.14752770960330963
        ],
        [
            0.11103522032499313,
            -0.7585150003433228,
            0.14715918898582458
        ],
        [
            0.10920555889606476,
            -0.7586209774017334,
            0.1461789608001709
        ],
        [
            0.10801896452903748,
            -0.7570071816444397,
            0.1453317403793335
        ],
        [
            0.10994623601436615,
            -0.7571638226509094,
            0.14681504666805267
        ],
        [
            0.10499854385852814,
            -0.7572232484817505,
            0.1419316530227661
        ],
        [
            0.09404101967811584,
            -0.7583348751068115,
            0.13207106292247772
        ],
        [
            0.09752115607261658,
            -0.7577630281448364,
            0.1340746134519577
        ],
        [
            0.09658370167016983,
            -0.7620551586151123,
            0.1354585736989975
        ],
        [
            0.09362290799617767,
            -0.7629330158233643,
            0.13380812108516693
        ],
        [
            0.1115189641714096,
            -0.7610504031181335,
            0.14591144025325775
        ],
        [
            0.11398568749427795,
            -0.7617924213409424,
            0.14696045219898224
        ],
        [
            0.11140979826450348,
            -0.7655587196350098,
            0.14352479577064514
        ],
        [
            0.10977282375097275,
            -0.7630499601364136,
            0.1434619128704071
        ],
        [
            0.11696092039346695,
            -0.7631192207336426,
            0.1477830708026886
        ],
        [
            0.11468600481748581,
            -0.7591868042945862,
            0.1486283838748932
        ],
        [
            0.11764728277921677,
            -0.7594227194786072,
            0.1497773379087448
        ],
        [
            0.11138728260993958,
            -0.7554941177368164,
            0.14815695583820343
        ],
        [
            0.11341635882854462,
            -0.7532356977462769,
            0.14971785247325897
        ],
        [
            0.11461229622364044,
            -0.7557698488235474,
            0.14921654760837555
        ],
        [
            0.11111832410097122,
            -0.750502347946167,
            0.14842596650123596
        ],
        [
            0.10891734063625336,
            -0.7542325258255005,
            0.14644339680671692
        ],
        [
            0.10578103363513947,
            -0.7534584999084473,
            0.14291080832481384
        ],
        [
            0.10181291401386261,
            -0.7531126141548157,
            0.13852345943450928
        ],
        [
            0.10286591947078705,
            -0.7476383447647095,
            0.14106790721416473
        ],
        [
            0.10746687650680542,
            -0.7485824823379517,
            0.14518891274929047
        ],
        [
            0.11387403309345245,
            -0.7690173983573914,
            0.14522019028663635
        ],
        [
            0.11821238696575165,
            -0.7541635036468506,
            0.15160195529460907
        ],
        [
            0.1225341409444809,
            -0.7596933841705322,
            0.1530427187681198
        ],
        [
            0.11710809916257858,
            -0.7494288682937622,
            0.15190696716308594
        ],
        [
            0.11439070105552673,
            -0.7454339265823364,
            0.15114451944828033
        ],
        [
            0.10990666598081589,
            -0.742447018623352,
            0.14853151142597198
        ],
        [
            0.10485273599624634,
            -0.7405078411102295,
            0.14441020786762238
        ],
        [
            0.09496831893920898,
            -0.7158802151679993,
            0.1472974270582199
        ],
        [
            0.10302180051803589,
            -0.7188975811004639,
            0.15254995226860046
        ],
        [
            0.13186293840408325,
            -0.8364614248275757,
            0.15497468411922455
        ],
        [
            0.13976135849952698,
            -0.8337663412094116,
            0.1584089696407318
        ],
        [
            0.13818255066871643,
            -0.8253731727600098,
            0.16185703873634338
        ],
        [
            0.14022177457809448,
            -0.8270630836486816,
            0.16257251799106598
        ],
        [
            0.13589048385620117,
            -0.8301198482513428,
            0.15896911919116974
        ],
        [
            0.13480253517627716,
            -0.8273138999938965,
            0.15910939872264862
        ],
        [
            0.14724883437156677,
            -0.8136256337165833,
            0.1778181791305542
        ],
        [
            0.14373663067817688,
            -0.8169035911560059,
            0.17282170057296753
        ],
        [
            0.14301098883152008,
            -0.8129647970199585,
            0.17378109693527222
        ],
        [
            0.14761973917484283,
            -0.8068155646324158,
            0.1776203066110611
        ],
        [
            0.13580383360385895,
            -0.8079686760902405,
            0.16481071710586548
        ],
        [
            0.139542356133461,
            -0.8079866170883179,
            0.16876232624053955
        ],
        [
            0.13752830028533936,
            -0.8154751062393188,
            0.16655679047107697
        ],
        [
            0.13481701910495758,
            -0.8154466152191162,
            0.163652703166008
        ],
        [
            0.13153131306171417,
            -0.8159325122833252,
            0.16105535626411438
        ],
        [
            0.12759177386760712,
            -0.8167911171913147,
            0.15922410786151886
        ],
        [
            0.1269797384738922,
            -0.8115370273590088,
            0.15911194682121277
        ],
        [
            0.13141486048698425,
            -0.8095098733901978,
            0.16152319312095642
        ],
        [
            0.12992459535598755,
            -0.8325227499008179,
            0.15711718797683716
        ],
        [
            0.12271161377429962,
            -0.8328866958618164,
            0.15597985684871674
        ],
        [
            0.12343193590641022,
            -0.8295722007751465,
            0.15638136863708496
        ],
        [
            0.12957197427749634,
            -0.8292292952537537,
            0.15691158175468445
        ],
        [
            0.11170148849487305,
            -0.8242247700691223,
            0.15878497064113617
        ],
        [
            0.11345955729484558,
            -0.8265397548675537,
            0.15821436047554016
        ],
        [
            0.11050582677125931,
            -0.8286380767822266,
            0.15675947070121765
        ],
        [
            0.10880683362483978,
            -0.8243266344070435,
            0.1569000631570816
        ],
        [
            0.11056698858737946,
            -0.8210982084274292,
            0.15669269859790802
        ],
        [
            0.11277953535318375,
            -0.8225128054618835,
            0.15831756591796875
        ],
        [
            0.14010772109031677,
            -0.8878052830696106,
            0.17193004488945007
        ],
        [
            0.13473668694496155,
            -0.8740027546882629,
            0.15990953147411346
        ],
        [
            0.15149760246276855,
            -0.8770642280578613,
            0.18539099395275116
        ],
        [
            0.15721634030342102,
            -0.8633490800857544,
            0.19632816314697266
        ],
        [
            0.1610184907913208,
            -0.8473516702651978,
            0.2042139768600464
        ],
        [
            0.1340092569589615,
            -0.7536811828613281,
            0.16857795417308807
        ],
        [
            0.13268809020519257,
            -0.7440916299819946,
            0.17331239581108093
        ],
        [
            0.13885954022407532,
            -0.7480124831199646,
            0.18730038404464722
        ],
        [
            0.1345767378807068,
            -0.7377808690071106,
            0.18989436328411102
        ],
        [
            0.12844499945640564,
            -0.7340443134307861,
            0.1750345677137375
        ],
        [
            0.11257994920015335,
            -0.717490553855896,
            0.17207099497318268
        ],
        [
            0.12191970646381378,
            -0.7245621085166931,
            0.1743391752243042
        ],
        [
            0.12803597748279572,
            -0.7278909683227539,
            0.1923326998949051
        ],
        [
            0.13480244576931,
            -0.73609459400177,
            0.21030652523040771
        ],
        [
            0.13952383399009705,
            -0.7441680431365967,
            0.20430892705917358
        ],
        [
            0.13899356126785278,
            -0.7486711740493774,
            0.22580736875534058
        ],
        [
            0.12756206095218658,
            -0.727443516254425,
            0.21879185736179352
        ],
        [
            0.1343814730644226,
            -0.7470454573631287,
            0.23341569304466248
        ],
        [
            0.10767093300819397,
            -0.6990363597869873,
            0.2039908468723297
        ],
        [
            0.10697825253009796,
            -0.6891832947731018,
            0.20462936162948608
        ],
        [
            0.1167837455868721,
            -0.6911545991897583,
            0.22037868201732635
        ],
        [
            0.11785945296287537,
            -0.7013950347900391,
            0.21984465420246124
        ],
        [
            0.14307549595832825,
            -0.7529349327087402,
            0.19834500551223755
        ],
        [
            0.15772545337677002,
            -0.8148013353347778,
            0.20184841752052307
        ],
        [
            0.15547895431518555,
            -0.8172887563705444,
            0.19056296348571777
        ],
        [
            0.15632054209709167,
            -0.8025872707366943,
            0.20373311638832092
        ],
        [
            0.16502177715301514,
            -0.8703203201293945,
            0.23177380859851837
        ],
        [
            0.16172851622104645,
            -0.8692259192466736,
            0.212763249874115
        ],
        [
            0.16521111130714417,
            -0.8522466421127319,
            0.21821948885917664
        ],
        [
            0.16771993041038513,
            -0.8555946350097656,
            0.23508566617965698
        ],
        [
            0.1449899971485138,
            -0.9103453159332275,
            0.2242376208305359
        ],
        [
            0.14499646425247192,
            -0.9015921950340271,
            0.1972411572933197
        ],
        [
            0.15314213931560516,
            -0.887346088886261,
            0.20504000782966614
        ],
        [
            0.15556660294532776,
            -0.8934675455093384,
            0.2269430309534073
        ],
        [
            0.16737094521522522,
            -0.8544511198997498,
            0.24848753213882446
        ],
        [
            0.16498461365699768,
            -0.8530586957931519,
            0.26692891120910645
        ],
        [
            0.16163209080696106,
            -0.8681130409240723,
            0.2754913568496704
        ],
        [
            0.16434890031814575,
            -0.8723993301391602,
            0.25346729159355164
        ],
        [
            0.1518547236919403,
            -0.8888996243476868,
            0.28372693061828613
        ],
        [
            0.15490418672561646,
            -0.8940885663032532,
            0.2568519711494446
        ],
        [
            0.12790872156620026,
            -0.7328042984008789,
            0.24030949175357819
        ],
        [
            0.13247083127498627,
            -0.750217616558075,
            0.24671423435211182
        ],
        [
            0.11985430121421814,
            -0.7138957977294922,
            0.21757173538208008
        ],
        [
            0.12451660633087158,
            -0.7178441286087036,
            0.2360013723373413
        ],
        [
            0.13597004115581512,
            -0.9056715965270996,
            0.288013756275177
        ],
        [
            0.14051562547683716,
            -0.9130357503890991,
            0.2571021318435669
        ],
        [
            0.14280471205711365,
            -0.8272685408592224,
            0.3092338442802429
        ],
        [
            0.14924447238445282,
            -0.8449040651321411,
            0.30510085821151733
        ],
        [
            0.15622307360172272,
            -0.8335118293762207,
            0.28833189606666565
        ],
        [
            0.1497860997915268,
            -0.8186312913894653,
            0.2946646809577942
        ],
        [
            0.1311245560646057,
            -0.8360114097595215,
            0.32399997115135193
        ],
        [
            0.13804493844509125,
            -0.8574440479278564,
            0.31863754987716675
        ],
        [
