{
    "pred_cam": [
        2.0633738040924072,
        3.486312925815582e-05,
        0.5091373324394226
    ],
    "pred_smpl_params": {
        "global_orient": [
            [
                [
                    -0.9764229655265808,
                    0.2103479653596878,
                    -0.04849713295698166
                ],
                [
                    -0.18137651681900024,
                    -0.9212638139724731,
                    -0.3440573513507843
                ],
                [
                    -0.11705043166875839,
                    -0.32714924216270447,
                    0.937695324420929
                ]
            ]
        ],
        "body_pose": [
            [
                [
                    0.9907757639884949,
                    -0.131414532661438,
                    0.03306811675429344
                ],
                [
                    0.10763680934906006,
                    0.9114349484443665,
                    0.39711540937423706
                ],
                [
                    -0.08232617378234863,
                    -0.3898929953575134,
                    0.9171726703643799
                ]
            ],
            [
                [
                    0.9903359413146973,
                    0.13401873409748077,
                    -0.035689666867256165
                ],
                [
                    -0.1085999459028244,
                    0.9094139337539673,
                    0.4014627933502197
                ],
                [
                    0.08626021444797516,
                    -0.39370712637901306,
                    0.9151797294616699
                ]
            ],
            [
                [
                    0.9990374445915222,
                    -0.03589300438761711,
                    0.025214632973074913
                ],
                [
                    0.04301970452070236,
                    0.914008617401123,
                    -0.4034075140953064
                ],
                [
                    -0.00856687594205141,
                    0.40410399436950684,
                    0.9146729111671448
                ]
            ],
            [
                [
                    0.9928814172744751,
                    0.11614148318767548,
                    -0.026413721963763237
                ],
                [
                    -0.10879489779472351,
                    0.7940731048583984,
                    -0.5980063676834106
                ],
                [
                    -0.04847894236445427,
                    0.5966230630874634,
                    0.8010560274124146
                ]
            ],
            [
                [
                    0.9939239025115967,
                    -0.06378825008869171,
                    0.0897010788321495
                ],
                [
                    0.10305941849946976,
                    0.8255040049552917,
                    -0.5549071431159973
                ],
                [
                    -0.03865203633904457,
                    0.5607800483703613,
                    0.8270621299743652
                ]
            ],
            [
                [
                    0.9993347525596619,
                    -0.02403835393488407,
                    0.02742406725883484
                ],
                [
                    0.024291101843118668,
                    0.9996651411056519,
                    -0.008920411579310894
                ],
                [
                    -0.027200451120734215,
                    0.009580638259649277,
                    0.9995840191841125
                ]
            ],
            [
                [
                    0.9734399914741516,
                    0.03664979338645935,
                    0.22598972916603088
                ],
                [
                    -0.03533470258116722,
                    0.9993268847465515,
                    -0.009862789884209633
                ],
                [
                    -0.22619907557964325,
                    0.0016155497869476676,
                    0.9740797877311707
                ]
            ],
            [
                [
                    0.9721182584762573,
                    -0.029116315767169,
                    -0.23267678916454315
                ],
                [
                    0.04466849938035011,
                    0.9970852732658386,
                    0.06185237690806389
                ],
                [
                    0.23019768297672272,
                    -0.07052113860845566,
                    0.9705854058265686
                ]
            ],
            [
                [
                    0.9996712803840637,
                    -0.008069862611591816,
                    0.024333499372005463
                ],
                [
                    0.011532822623848915,
                    0.9892588257789612,
                    -0.14571872353553772
                ],
                [
                    -0.02289619855582714,
                    0.14595147967338562,
                    0.9890267252922058
                ]
            ],
            [
                [
                    0.9903850555419922,
                    -0.11602723598480225,
                    0.07533343136310577
                ],
                [
                    0.10566544532775879,
                    0.985947847366333,
                    0.12938933074474335
                ],
                [
                    -0.08928753435611725,
                    -0.12018512189388275,
                    0.9887281060218811
                ]
            ],
            [
                [
                    0.9943060874938965,
                    0.10652277618646622,
                    0.002893883502110839
                ],
                [
                    -0.10640432685613632,
                    0.9909906983375549,
                    0.0813356339931488
                ],
                [
                    0.005796286277472973,
                    -0.08118043094873428,
                    0.9966825842857361
                ]
            ],
            [
                [
                    0.9277372360229492,
                    0.17354685068130493,
                    0.3304316997528076
                ],
                [
                    -0.055330101400613785,
                    0.9394882917404175,
                    -0.33808329701423645
                ],
                [
                    -0.36910998821258545,
                    0.29536962509155273,
                    0.8812006115913391
                ]
            ],
            [
                [
                    0.9719155430793762,
                    0.23286974430084229,
                    -0.03393848240375519
                ],
                [
                    -0.23358024656772614,
                    0.9721580147743225,
                    -0.018683549016714096
                ],
                [
                    0.02864273451268673,
                    0.026086192578077316,
                    0.999249279499054
                ]
            ],
            [
                [
                    0.9806205630302429,
                    -0.19587509334087372,
                    0.004025790374726057
                ],
                [
                    0.19590811431407928,
                    0.9805615544319153,
                    -0.010915502905845642
                ],
                [
                    -0.0018094597617164254,
                    0.011492651887238026,
                    0.9999323487281799
                ]
            ],
            [
                [
                    0.935600996017456,
                    0.2444753795862198,
                    0.2547203302383423
                ],
                [
                    -0.16297198832035065,
                    0.9390549659729004,
                    -0.30268123745918274
                ],
                [
                    -0.31319448351860046,
                    0.24167661368846893,
                    0.9184234142303467
                ]
            ],
            [
                [
                    0.5243499875068665,
                    0.8184784650802612,
                    -0.23484072089195251
                ],
                [
                    -0.8409690856933594,
                    0.5410255789756775,
                    0.007901881821453571
                ],
                [
                    0.13352234661579132,
                    0.1933504045009613,
                    0.972001850605011
                ]
            ],
            [
                [
                    0.6365930438041687,
                    -0.7569226622581482,
                    0.14770685136318207
                ],
                [
                    0.7386868596076965,
                    0.6534924507141113,
                    0.16519492864608765
                ],
                [
                    -0.2215651273727417,
                    0.003947159741073847,
                    0.9751375913619995
                ]
            ],
            [
                [
                    0.7995466589927673,
                    -0.16602063179016113,
                    -0.5772021412849426
                ],
                [
                    0.013478959910571575,
                    0.9657541513442993,
                    -0.25910860300064087
                ],
                [
                    0.600452721118927,
                    0.19938930869102478,
                    0.7744032740592957
                ]
            ],
            [
                [
                    0.8057423830032349,
                    0.2258983552455902,
                    0.5474935173988342
                ],
                [
                    -0.29970285296440125,
                    0.9528278708457947,
                    0.047929391264915466
                ],
                [
                    -0.5108399391174316,
                    -0.20270411670207977,
                    0.8354361653327942
                ]
            ],
            [
                [
                    0.9969463348388672,
                    -0.07488282769918442,
                    0.022146524861454964
                ],
                [
                    0.0752110481262207,
                    0.997063934803009,
                    -0.014377649873495102
                ],
                [
                    -0.02100486494600773,
                    0.015999410301446915,
                    0.9996512532234192
                ]
            ],
            [
                [
                    0.9933813214302063,
                    0.07967501878738403,
                    -0.08273717761039734
                ],
                [
                    -0.07925361394882202,
                    0.9968193769454956,
                    0.008370297960937023
                ],
                [
                    0.08314092457294464,
                    -0.0017576771788299084,
                    0.9965362548828125
                ]
            ],
            [
                [
                    0.9706931114196777,
                    0.2109314203262329,
                    -0.11516377329826355
                ],
                [
                    -0.1819194108247757,
                    0.9580634236335754,
                    0.22140413522720337
                ],
                [
                    0.15703529119491577,
                    -0.19396497309207916,
                    0.9683580994606018
                ]
            ],
            [
                [
                    0.9630562663078308,
                    -0.25637686252593994,
                    0.0824238732457161
                ],
                [
                    0.23384933173656464,
                    0.9479345679283142,
                    0.2161816507577896
                ],
                [
                    -0.13355642557144165,
                    -0.1889202892780304,
                    0.9728679060935974
                ]
            ]
        ],
        "betas": [
            0.11455361545085907,
            0.09153972566127777,
            -0.151090607047081,
            -0.34192660450935364,
            0.045227110385894775,
            0.05736914649605751,
            0.04498511552810669,
            -0.11202281713485718,
            0.1101333349943161,
            0.008245587348937988
        ]
    },
    "pred_cam_t": [
        3.486312925815582e-05,
        0.5091373324394226,
        18.931373596191406
    ],
    "focal_length": [
        5000.0,
        5000.0
    ],
    "pred_keypoints_3d": [
        [
            -0.01978258788585663,
            -0.7314282655715942,
            0.150346040725708
        ],
        [
            0.11087583005428314,
            -0.7039517164230347,
            0.020656637847423553
        ],
        [
            0.26527923345565796,
            -0.5822476148605347,
            0.030303282663226128
        ],
        [
            0.31698349118232727,
            -0.3290696442127228,
            0.02810419164597988
        ],
        [
            0.4047844409942627,
            -0.14833621680736542,
            0.19122916460037231
        ],
        [
            -0.07556083798408508,
            -0.6702134013175964,
            -0.02874448522925377
        ],
        [
            -0.20128928124904633,
            -0.44856569170951843,
            -0.10080306231975555
        ],
        [
            -0.3124403655529022,
            -0.2549201250076294,
            0.017335936427116394
        ],
        [
            -0.001675065141171217,
            -0.22098369896411896,
            0.028231535106897354
        ],
        [
            0.04605397209525108,
            -0.12332507222890854,
            0.06165386736392975
        ],
        [
            0.053360529243946075,
            0.16878652572631836,
            0.3194827437400818
        ],
        [
            -0.02832493931055069,
            0.5669381022453308,
            0.3378851115703583
        ],
        [
            -0.08909327536821365,
            -0.14675310254096985,
            0.043344080448150635
        ],
        [
            -0.25075456500053406,
            0.10710713267326355,
            0.27855345606803894
        ],
        [
            -0.2961367666721344,
            0.511113166809082,
            0.2816711962223053
        ],
        [
            0.014167740941047668,
            -0.7726609706878662,
            0.1803390085697174
        ],
        [
            -0.024117082357406616,
            -0.787516713142395,
            0.12772011756896973
        ],
        [
            0.11793561279773712,
            -0.7944141626358032,
            0.1666480004787445
        ],
        [
            0.029293105006217957,
            -0.8285936713218689,
            0.05296866595745087
        ],
        [
            -0.3798453211784363,
            0.5347513556480408,
            0.46573585271835327
        ],
        [
            -0.4200015664100647,
            0.5422281622886658,
            0.3931080996990204
        ],
        [
            -0.28683528304100037,
            0.556925356388092,
            0.22674989700317383
        ],
        [
            -0.019855890423059464,
            0.5756770372390747,
            0.5382475256919861
        ],
        [
            0.045460931956768036,
            0.6077876687049866,
            0.48853766918182373
        ],
        [
            -0.0384197011590004,
            0.6223349571228027,
            0.2898075580596924
        ],
        [
            0.0008152476511895657,
            0.5260793566703796,
            0.3036884367465973
        ],
        [
            0.056744109839200974,
            0.11510850489139557,
            0.2853563129901886
        ],
        [
            0.15113770961761475,
            -0.21686097979545593,
            0.018228184431791306
        ],
        [
            -0.1411028504371643,
            -0.2532106637954712,
            -0.02575819194316864
        ],
        [
            -0.2485588788986206,
            0.07190920412540436,
            0.2568020522594452
        ],
        [
            -0.29131728410720825,
            0.48109638690948486,
            0.25120779871940613
        ],
        [
            0.3947533369064331,
            -0.1794128119945526,
            0.20501841604709625
        ],
        [
            0.34545469284057617,
            -0.3538845181465149,
            0.043624039739370346
        ],
        [
            0.23733441531658173,
            -0.6149492263793945,
            0.03238128870725632
        ],
        [
            -0.04181680828332901,
            -0.6882592439651489,
            -0.028226595371961594
        ],
        [
            -0.22496388852596283,
            -0.4835456311702728,
            -0.06940074265003204
        ],
        [
            -0.3092489242553711,
            -0.2738008499145508,
            0.025954507291316986
        ],
        [
            0.10508757084608078,
            -0.7026693820953369,
            0.020975692197680473
        ],
        [
            0.04403138533234596,
            -0.8509471416473389,
            0.135718435049057
        ],
        [
            0.004784450866281986,
            -0.23557183146476746,
            -0.0036659138277173042
        ],
        [
            0.09803710877895355,
            -0.6492165327072144,
            0.004757635295391083
        ],
        [
            0.061200644820928574,
            -0.47353142499923706,
            -0.03494420647621155
        ],
        [
            0.043915167450904846,
            -0.7419108748435974,
            0.1008644849061966
        ],
        [
            0.04775628075003624,
            -0.8703044652938843,
            0.14230073988437653
        ]
    ],
    "pred_vertices": [
        [
            -0.04343964159488678,
            -0.8321760296821594,
            0.14030024409294128
        ],
        [
            -0.04084864258766174,
            -0.8152834177017212,
            0.14144274592399597
        ],
        [
            -0.039376258850097656,
            -0.818734884262085,
            0.12758664786815643
        ],
        [
            -0.03874675929546356,
            -0.8327887058258057,
            0.12347378581762314
        ],
        [
            -0.039270251989364624,
            -0.8069641590118408,
            0.12907546758651733
        ],
        [
            -0.039726391434669495,
            -0.8028393983840942,
            0.1400536596775055
        ],
        [
            -0.034185990691185,
            -0.8191773891448975,
            0.1147385686635971
        ],
        [
            -0.030965209007263184,
            -0.8307403326034546,
            0.10885738581418991
        ],
        [
            -0.01821810007095337,
            -0.7931867837905884,
            0.08991997689008713
        ],
        [
            -0.012739256024360657,
            -0.794508695602417,
            0.08111410588026047
        ],
        [
            -0.016371801495552063,
            -0.8051359057426453,
            0.08765478432178497
        ],
        [
            -0.020549461245536804,
            -0.8009690046310425,
            0.09539791941642761
        ],
        [
            -0.009035825729370117,
            -0.7720666527748108,
            0.07922229915857315
        ],
        [
            -0.010009124875068665,
            -0.758880615234375,
            0.08357753604650497
        ],
        [
            -0.001353621482849121,
            -0.7556368112564087,
            0.0743960291147232
        ],
        [
            0.0008305907249450684,
            -0.7683693766593933,
            0.07000646740198135
        ],
        [
            -0.013110131025314331,
            -0.753825306892395,
            0.12415969371795654
        ],
        [
            -0.013797417283058167,
            -0.7496412992477417,
            0.11691273748874664
        ],
        [
            -0.0170486718416214,
            -0.7567633390426636,
            0.11621586233377457
        ],
        [
            -0.015486150979995728,
            -0.7601432800292969,
            0.12360616028308868
        ],
        [
            -0.015321195125579834,
            -0.757925808429718,
            0.13807342946529388
        ],
        [
            -0.01466311514377594,
            -0.7644329071044922,
            0.13813064992427826
        ],
        [
            -0.01722615957260132,
            -0.7644795179367065,
            0.1457219272851944
        ],
        [
            -0.018939048051834106,
            -0.7571835517883301,
            0.14511334896087646
        ],
        [
            -0.008707895874977112,
            -0.7478930354118347,
            0.12614741921424866
        ],
        [
            -0.009105995297431946,
            -0.7439377903938293,
            0.11852824687957764
        ],
        [
            -0.013161927461624146,
            -0.7569878101348877,
            0.13064834475517273
        ],
        [
            -0.012628614902496338,
            -0.7521039247512817,
            0.13147760927677155
        ],
        [
            -0.018158137798309326,
            -0.7415740489959717,
            0.13552254438400269
        ],
        [
            -0.01902128756046295,
            -0.7467489838600159,
            0.13564299046993256
        ],
        [
            -0.023236975073814392,
            -0.7440299987792969,
            0.1415998339653015
        ],
        [
            -0.020478278398513794,
            -0.7390207052230835,
            0.14001700282096863
        ],
        [
            -0.012076377868652344,
            -0.7455686330795288,
            0.128991037607193
        ],
        [
            -0.015471339225769043,
            -0.7471590638160706,
            0.13089127838611603
        ],
        [
            -0.015086665749549866,
            -0.7422301769256592,
            0.13227738440036774
        ],
        [
            -0.011058717966079712,
            -0.7412495613098145,
            0.13123778998851776
        ],
        [
            -0.016405999660491943,
            -0.7528895139694214,
            0.13777174055576324
        ],
        [
            -0.021075159311294556,
            -0.7508887052536011,
            0.14383384585380554
        ],
        [
            -0.02489776909351349,
            -0.7482548356056213,
            0.1505241096019745
        ],
        [
            -0.02597932517528534,
            -0.7398706674575806,
            0.1478409767150879
        ],
        [
            -0.011669650673866272,
            -0.7429836988449097,
            0.10029883682727814
        ],
        [
            -0.014085039496421814,
            -0.7461433410644531,
            0.10850237309932709
        ],
        [
            -0.009905830025672913,
            -0.7405527830123901,
            0.11074182391166687
        ],
        [
            -0.009014099836349487,
            -0.7379528284072876,
            0.10358172655105591
        ],
        [
            -0.00783778727054596,
            -0.7404413819313049,
            0.12785249948501587
        ],
        [
            -0.005955159664154053,
            -0.7274497747421265,
            0.11890240013599396
        ],
        [
            -0.007118925452232361,
            -0.7307707071304321,
            0.12024562805891037
        ],
        [
            -0.0072524696588516235,
            -0.7284368276596069,
            0.12700967490673065
        ],
        [
            -0.006331413984298706,
            -0.7255537509918213,
            0.12518824636936188
        ],
        [
            -0.0037490278482437134,
            -0.7353993654251099,
            0.08712013065814972
        ],
        [
            -0.003854796290397644,
            -0.7310816049575806,
            0.09288018941879272
        ],
        [
            -0.00012721121311187744,
            -0.7264450788497925,
            0.0889507308602333
        ],
        [
            0.001845136284828186,
            -0.7300539016723633,
            0.08308501541614532
        ],
        [
            0.004122048616409302,
            -0.7214722633361816,
            0.08901010453701019
        ],
        [
            0.007423236966133118,
            -0.724407970905304,
            0.08048948645591736
        ],
        [
            0.01599167287349701,
            -0.7092516422271729,
            0.08195725828409195
        ],
        [
            0.012065336108207703,
            -0.7163845300674438,
            0.08091913908720016
        ],
        [
            0.007771432399749756,
            -0.7154262065887451,
            0.0901975929737091
        ],
        [
            0.010042458772659302,
            -0.7082078456878662,
            0.09366698563098907
        ],
        [
            0.008105561137199402,
            -0.7060149908065796,
            0.10731425881385803
        ],
        [
            0.009788379073143005,
            -0.7026776075363159,
            0.11235499382019043
        ],
        [
            0.012272253632545471,
            -0.6937776207923889,
            0.10339851677417755
        ],
        [
            0.01130269467830658,
            -0.6998335123062134,
            0.09889814257621765
        ],
        [
            -0.0006791949272155762,
            -0.7237661480903625,
            0.1150447428226471
        ],
        [
            -0.0006760209798812866,
            -0.7259446978569031,
            0.1108044907450676
        ],
        [
            -0.003144890069961548,
            -0.7262598276138306,
            0.11196473985910416
        ],
        [
            -0.0039006322622299194,
            -0.7248439192771912,
            0.11689510941505432
        ],
        [
            -0.0011813640594482422,
            -0.7273808717727661,
            0.10712134093046188
        ],
        [
            -0.0014695078134536743,
            -0.7278099060058594,
            0.10535375773906708
        ],
        [
            -0.0026755183935165405,
            -0.7283234596252441,
            0.10643485188484192
        ],
        [
            -0.0021061748266220093,
            -0.7276832461357117,
            0.10738425701856613
        ],
        [
            -0.001370266079902649,
            -0.7266913652420044,
            0.10918299853801727
        ],
        [
            -0.0004638880491256714,
            -0.7246667742729187,
            0.10950538516044617
        ],
        [
            -0.0008358359336853027,
            -0.7263048887252808,
            0.10781413316726685
        ],
        [
            -0.0005969107151031494,
            -0.7218711376190186,
            0.11309599876403809
        ],
        [
            0.0007793456315994263,
            -0.7140011787414551,
            0.12536659836769104
        ],
        [
            -0.00042763352394104004,
            -0.715449333190918,
            0.12182733416557312
        ],
        [
            -1.2129545211791992e-05,
            -0.7193379402160645,
            0.12428872287273407
        ],
        [
            0.001004144549369812,
            -0.7184828519821167,
            0.1275031864643097
        ],
        [
            -0.00390934944152832,
            -0.7290835976600647,
            0.10916876047849655
        ],
        [
            -0.004990100860595703,
            -0.730962872505188,
            0.10765579342842102
        ],
        [
            -0.006357476115226746,
            -0.7310155630111694,
            0.11305434256792068
        ],
        [
            -0.004531458020210266,
            -0.7285902500152588,
            0.11274685710668564
        ],
        [
            -0.007052108645439148,
            -0.7333086729049683,
            0.1059684306383133
        ],
        [
            -0.003834053874015808,
            -0.7301920652389526,
            0.10485537350177765
        ],
        [
            -0.00515197217464447,
            -0.732056736946106,
            0.10268048942089081
        ],
        [
            -0.0005821287631988525,
            -0.7262904644012451,
            0.10527326166629791
        ],
        [
            -0.0004154592752456665,
            -0.7261560559272766,
            0.10188715159893036
        ],
        [
            -0.002424865961074829,
            -0.728021502494812,
            0.10269559919834137
        ],
        [
            0.0013106316328048706,
            -0.7226976156234741,
            0.10257092118263245
        ],
        [
            0.0005746036767959595,
            -0.7236284017562866,
            0.10704059898853302
        ],
        [
            0.0007615536451339722,
            -0.7199628949165344,
            0.11021080613136292
        ],
        [
            0.000766560435295105,
            -0.7158610820770264,
            0.11443191766738892
        ],
        [
            0.003407791256904602,
            -0.7136663794517517,
            0.10954447090625763
        ],
        [
            0.002462059259414673,
            -0.7182143926620483,
            0.10536087304353714
        ],
        [
            -0.0078345388174057,
            -0.7355636954307556,
            0.11282889544963837
        ],
        [
            -0.0031813830137252808,
            -0.7291775941848755,
            0.09834390878677368
        ],
        [
            -0.006769716739654541,
            -0.7353967428207397,
            0.09819260239601135
        ],
        [
            -0.0007454901933670044,
            -0.7256219387054443,
            0.09628594666719437
        ],
        [
            0.0020920485258102417,
            -0.7214994430541992,
            0.09633362293243408
        ],
        [
            0.005350619554519653,
            -0.7165346145629883,
            0.09920982271432877
        ],
        [
            0.0063606202602386475,
            -0.7109214067459106,
            0.10278922319412231
        ],
        [
            0.022177398204803467,
            -0.6908644437789917,
            0.09333984553813934
        ],
        [
            0.019203945994377136,
            -0.6988317370414734,
            0.08832129836082458
        ],
        [
            -0.034155309200286865,
            -0.7969354391098022,
            0.13714370131492615
        ],
        [
            -0.036636993288993835,
            -0.7993714809417725,
            0.12874525785446167
        ],
        [
            -0.03084002435207367,
            -0.7944172620773315,
            0.12297865003347397
        ],
        [
            -0.032358646392822266,
            -0.7966775894165039,
            0.12232637405395508
        ],
        [
            -0.0322917103767395,
            -0.7958213686943054,
            0.12870608270168304
        ],
        [
            -0.030941277742385864,
            -0.7930964827537537,
            0.1275053769350052
        ],
        [
            -0.02315177023410797,
            -0.7984087467193604,
            0.10294885188341141
        ],
        [
            -0.024964705109596252,
            -0.7966376543045044,
            0.10928094387054443
        ],
        [
            -0.022206276655197144,
            -0.7942371964454651,
            0.1072462797164917
        ],
        [
            -0.021104663610458374,
            -0.7933513522148132,
            0.09888449311256409
        ],
        [
            -0.02134886384010315,
            -0.7831056118011475,
            0.11286638677120209
        ],
        [
            -0.021262317895889282,
            -0.786634087562561,
            0.10884473472833633
        ],
        [
            -0.02382056415081024,
            -0.7900738716125488,
            0.11530368030071259
        ],
        [
            -0.023876264691352844,
            -0.7875263690948486,
            0.11822273582220078
        ],
        [
            -0.023219406604766846,
            -0.7854345440864563,
            0.12174069881439209
        ],
        [
            -0.021632462739944458,
            -0.7839717268943787,
            0.12576572597026825
        ],
        [
            -0.02003413438796997,
            -0.7798203229904175,
            0.12292550504207611
        ],
        [
            -0.020946934819221497,
            -0.7810232639312744,
            0.11778751015663147
        ],
        [
            -0.03014989197254181,
            -0.7947317361831665,
            0.1347450166940689
        ],
        [
            -0.02565474808216095,
            -0.792427659034729,
            0.14034777879714966
        ],
        [
            -0.025077685713768005,
            -0.7903220653533936,
            0.13750028610229492
        ],
        [
            -0.02924761176109314,
            -0.7918127775192261,
            0.1329527646303177
        ],
        [
            -0.013210505247116089,
            -0.7848845720291138,
            0.1408219188451767
        ],
        [
            -0.015636548399925232,
            -0.7866605520248413,
            0.14137805998325348
        ],
        [
            -0.015349417924880981,
            -0.7864081859588623,
            0.1452789008617401
        ],
        [
            -0.012519612908363342,
            -0.7829667329788208,
            0.14364761114120483
        ],
        [
            -0.012765899300575256,
            -0.7810203433036804,
            0.14042910933494568
        ],
        [
            -0.013681471347808838,
            -0.7836771607398987,
            0.13906069099903107
        ],
        [
            -0.04373762011528015,
            -0.8483173847198486,
            0.15583127737045288
        ],
        [
            -0.042985931038856506,
            -0.8296009302139282,
            0.15655919909477234
        ],
        [
            -0.04033990204334259,
            -0.8516561985015869,
            0.13595247268676758
        ],
        [
            -0.033360451459884644,
            -0.8499459028244019,
            0.11880891770124435
        ],
        [
            -0.02606089413166046,
            -0.8439702987670898,
            0.1028270274400711
        ],
        [
            -0.002998247742652893,
            -0.7440781593322754,
            0.08056994527578354
        ],
        [
            0.0039020925760269165,
            -0.73961341381073,
            0.07403357326984406
        ],
        [
            0.007659807801246643,
            -0.7529177665710449,
            0.06594543904066086
        ],
        [
            0.014665231108665466,
            -0.7456356287002563,
            0.06185333430767059
        ],
        [
            0.010859787464141846,
            -0.7319931387901306,
            0.07062174379825592
        ],
        [
            0.02331715077161789,
            -0.7120997309684753,
            0.0728040486574173
        ],
        [
            0.01675914227962494,
            -0.7223395109176636,
            0.06997396051883698
        ],
        [
            0.02197490632534027,
            -0.737449049949646,
            0.05930095911026001
        ],
        [
            0.02617219090461731,
            -0.756561279296875,
            0.05066589266061783
        ],
        [
            0.018755033612251282,
            -0.7607713937759399,
            0.055716030299663544
        ],
        [
            0.030058786273002625,
            -0.7767041921615601,
            0.04855792969465256
        ],
        [
            0.037262603640556335,
            -0.7530850172042847,
            0.047517918050289154
        ],
        [
            0.03826908767223358,
            -0.7789615392684937,
            0.047804735600948334
        ],
        [
            0.04486643522977829,
            -0.719789981842041,
            0.057323142886161804
        ],
        [
            0.046032264828681946,
            -0.714753270149231,
            0.05432910472154617
        ],
        [
            0.046167343854904175,
            -0.7281264662742615,
            0.04086628556251526
        ],
        [
            0.0458129346370697,
            -0.7341279983520508,
            0.04417537897825241
        ],
        [
            0.010069310665130615,
            -0.764642596244812,
            0.061010733246803284
        ],
        [
            -0.015308365225791931,
            -0.8176167607307434,
            0.08686082065105438
        ],
        [
            -0.021406635642051697,
            -0.8122702836990356,
            0.09463808685541153
        ],
        [
            -0.009152248501777649,
            -0.8091602921485901,
            0.07961694151163101
        ],
        [
            -0.01804696023464203,
            -0.8784128427505493,
            0.10243259370326996
        ],
        [
            -0.028164848685264587,
            -0.8655915260314941,
            0.11173295974731445
        ],
        [
            -0.021669507026672363,
            -0.8571495413780212,
            0.09729575365781784
        ],
        [
            -0.013490065932273865,
            -0.870425820350647,
            0.09030339121818542
        ],
        [
            -0.019980698823928833,
            -0.8982886672019958,
            0.14327430725097656
        ],
        [
            -0.03574696183204651,
            -0.8752591609954834,
            0.14968504011631012
        ],
        [
            -0.03269115090370178,
            -0.8719695210456848,
            0.13182616233825684
        ],
        [
            -0.020871683955192566,
            -0.8902246952056885,
            0.1249343678355217
        ],
        [
            -0.004002556204795837,
            -0.8776422142982483,
            0.0837467834353447
        ],
        [
            0.009713679552078247,
            -0.8873302936553955,
            0.07641924172639847
        ],
        [
            0.013216868042945862,
            -0.9026747941970825,
            0.0837486982345581
        ],
        [
            -0.004267662763595581,
            -0.8934390544891357,
            0.09425758570432663
        ],
        [
            0.01961725950241089,
            -0.9203928709030151,
            0.09907928109169006
        ],
        [
            -0.0013880133628845215,
            -0.9087352752685547,
            0.11228958517313004
        ],
        [
            0.04937276244163513,
            -0.7711451649665833,
            0.04233134537935257
        ],
        [
            0.04746805131435394,
            -0.7890555262565613,
            0.04598771780729294
        ],
        [
            0.04321114718914032,
            -0.7408088445663452,
            0.048638954758644104
        ],
        [
            0.05007517337799072,
            -0.7568532228469849,
            0.03919932246208191
        ],
        [
            0.029138490557670593,
            -0.9314219951629639,
            0.1178593710064888
        ],
        [
            0.003734484314918518,
            -0.9191361665725708,
            0.13314011693000793
        ],
        [
            0.060040444135665894,
            -0.8874136805534363,
            0.055699944496154785
        ],
        [
            0.04779987037181854,
            -0.8996774554252625,
            0.06467969715595245
        ],
        [
            0.0354069322347641,
            -0.8831537961959839,
            0.06020042300224304
        ],
        [
