{
    "pred_cam": [
        5.32907772064209,
        -0.04901919513940811,
        0.8230448961257935
    ],
    "pred_smpl_params": {
        "global_orient": [
            [
                [
                    0.9991082549095154,
                    0.042202163487672806,
                    -0.0013352171517908573
                ],
                [
                    0.04035095497965813,
                    -0.9636390805244446,
                    -0.26414287090301514
                ],
                [
                    -0.012434068135917187,
                    0.26385340094566345,
                    -0.9644826650619507
                ]
            ]
        ],
        "body_pose": [
            [
                [
                    0.998469352722168,
                    -0.04222438856959343,
                    0.03572187200188637
                ],
                [
                    0.030288664624094963,
                    0.9578639268875122,
                    0.28562089800834656
                ],
                [
                    -0.04627685993909836,
                    -0.2841017246246338,
                    0.9576767086982727
                ]
            ],
            [
                [
                    0.9985123872756958,
                    0.052620284259319305,
                    -0.014283728785812855
                ],
                [
                    -0.04752416908740997,
                    0.9683368802070618,
                    0.24508196115493774
                ],
                [
                    0.026727743446826935,
                    -0.24403858184814453,
                    0.9693971276283264
                ]
            ],
            [
                [
                    0.9999857544898987,
                    -0.005341452080756426,
                    -0.00010348405339755118
                ],
                [
                    0.005211532581597567,
                    0.9795592427253723,
                    -0.20108801126480103
                ],
                [
                    0.0011754705337807536,
                    0.20108459889888763,
                    0.979573130607605
                ]
            ],
            [
                [
                    0.9983340501785278,
                    0.05354981869459152,
                    -0.021485229954123497
                ],
                [
                    -0.057523444294929504,
                    0.8946717381477356,
                    -0.44300514459609985
                ],
                [
                    -0.004500633105635643,
                    0.4435029923915863,
                    0.8962616324424744
                ]
            ],
            [
                [
                    0.9956264495849609,
                    -0.07172409445047379,
                    0.05986333265900612
                ],
                [
                    0.09145735204219818,
                    0.8790557980537415,
                    -0.46786385774612427
                ],
                [
                    -0.01906609535217285,
                    0.4712925851345062,
                    0.88177090883255
                ]
            ],
            [
                [
                    0.9998266696929932,
                    0.007664130534976721,
                    0.016967080533504486
                ],
                [
                    -0.007802661973983049,
                    0.9999366402626038,
                    0.008113529533147812
                ],
                [
                    -0.016903823241591454,
                    -0.008244511671364307,
                    0.9998230934143066
                ]
            ],
            [
                [
                    0.959219753742218,
                    0.13737806677818298,
                    0.24703162908554077
                ],
                [
                    -0.1383274346590042,
                    0.9902932047843933,
                    -0.01359394658356905
                ],
                [
                    -0.24650128185749054,
                    -0.02113167755305767,
                    0.9689119458198547
                ]
            ],
            [
                [
                    0.964446485042572,
                    -0.10452476888895035,
                    -0.24272935092449188
                ],
                [
                    0.10152952373027802,
                    0.9945220947265625,
                    -0.024852383881807327
                ],
                [
                    0.24399736523628235,
                    -0.0006753969355486333,
                    0.9697756767272949
                ]
            ],
            [
                [
                    0.9998345375061035,
                    0.008224583230912685,
                    0.016228342428803444
                ],
                [
                    -0.008548556827008724,
                    0.9997634887695312,
                    0.019996270537376404
                ],
                [
                    -0.01606004312634468,
                    -0.020131688565015793,
                    0.9996683597564697
                ]
            ],
            [
                [
                    0.9602868556976318,
                    -0.2744012176990509,
                    -0.05052775517106056
                ],
                [
                    0.2776406705379486,
                    0.957707941532135,
                    0.07557203620672226
                ],
                [
                    0.0276537723839283,
                    -0.08659940212965012,
                    0.9958592653274536
                ]
            ],
            [
                [
                    0.9763422012329102,
                    0.2161773443222046,
                    -0.00482532661408186
                ],
                [
                    -0.21357795596122742,
                    0.9676070809364319,
                    0.1346142441034317
                ],
                [
                    0.03376957029104233,
                    -0.13039898872375488,
                    0.9908863306045532
                ]
            ],
            [
                [
                    0.9987205862998962,
                    0.03403996303677559,
                    0.037395622581243515
                ],
                [
                    -0.03186439350247383,
                    0.9978479146957397,
                    -0.05730818212032318
                ],
                [
                    -0.039265912026166916,
                    0.05604327470064163,
                    0.9976559281349182
                ]
            ],
            [
                [
                    0.9470776319503784,
                    0.15704819560050964,
                    -0.2799639105796814
                ],
                [
                    -0.14894378185272217,
                    0.98757404088974,
                    0.05013284459710121
                ],
                [
                    0.28435835242271423,
                    -0.005780813749879599,
                    0.9587006568908691
                ]
            ],
            [
                [
                    0.9504331946372986,
                    -0.14427652955055237,
                    0.27542856335639954
                ],
                [
                    0.13171739876270294,
                    0.9892406463623047,
                    0.06366663426160812
                ],
                [
                    -0.28165075182914734,
                    -0.024232150986790657,
                    0.9592108726501465
                ]
            ],
            [
                [
                    0.999332070350647,
                    0.03463005647063255,
                    0.011670798063278198
                ],
                [
                    -0.03328406438231468,
                    0.9943755269050598,
                    -0.10054571181535721
                ],
                [
                    -0.015087059698998928,
                    0.10009010136127472,
                    0.9948639869689941
                ]
            ],
            [
                [
                    0.5864133238792419,
                    0.7141097784042358,
                    -0.3823173940181732
                ],
                [
                    -0.7528820037841797,
                    0.6546372175216675,
                    0.06796140968799591
                ],
                [
                    0.298811137676239,
                    0.24798642098903656,
                    0.9215283989906311
                ]
            ],
            [
                [
                    0.5987539291381836,
                    -0.6985880136489868,
                    0.3917505145072937
                ],
                [
                    0.7134918570518494,
                    0.687456488609314,
                    0.13539928197860718
                ],
                [
                    -0.36389973759651184,
                    0.19843997061252594,
                    0.9100541472434998
                ]
            ],
            [
                [
                    0.12296069413423538,
                    -0.3108667731285095,
                    -0.942466139793396
                ],
                [
                    0.1374979317188263,
                    0.945850133895874,
                    -0.29404398798942566
                ],
                [
                    0.9828402400016785,
                    -0.09343131631612778,
                    0.15904591977596283
                ]
            ],
            [
                [
                    0.055680327117443085,
                    0.33794015645980835,
                    0.9395191073417664
                ],
                [
                    -0.22630923986434937,
                    0.9207603335380554,
                    -0.31778058409690857
                ],
                [
                    -0.9724627733230591,
                    -0.19492772221565247,
                    0.12774722278118134
                ]
            ],
            [
                [
                    0.9806420207023621,
                    -0.19058650732040405,
                    -0.0449226014316082
                ],
                [
                    0.19094468653202057,
                    0.9815934896469116,
                    0.0037820497527718544
                ],
                [
                    0.0433749295771122,
                    -0.012286568991839886,
                    0.9989833235740662
                ]
            ],
            [
                [
                    0.975122332572937,
                    0.22057904303073883,
                    0.02194126322865486
                ],
                [
                    -0.22047258913516998,
                    0.9753666520118713,
                    -0.007189280819147825
                ],
                [
                    -0.022986583411693573,
                    0.0021729806903749704,
                    0.9997334480285645
                ]
            ],
            [
                [
                    0.9739118218421936,
                    0.20149226486682892,
                    -0.10438685864210129
                ],
                [
                    -0.189153254032135,
                    0.9749397039413452,
                    0.11710506677627563
                ],
                [
                    0.12536665797233582,
                    -0.0943048968911171,
                    0.9876182079315186
                ]
            ],
            [
                [
                    0.9789696335792542,
                    -0.19546061754226685,
                    0.05842700973153114
                ],
                [
                    0.18662844598293304,
                    0.973730206489563,
                    0.13045889139175415
                ],
                [
                    -0.08239170908927917,
                    -0.11681114137172699,
                    0.9897308349609375
                ]
            ]
        ],
        "betas": [
            -0.530776858329773,
            -0.12678691744804382,
            0.00026044249534606934,
            -0.13709092140197754,
            -0.07039648294448853,
            0.09524524956941605,
            0.16100913286209106,
            -0.08690115809440613,
            0.018613308668136597,
            -0.056053757667541504
        ]
    },
    "pred_cam_t": [
        -0.04901919513940811,
        0.8230448961257935,
        7.3300676345825195
    ],
    "focal_length": [
        5000.0,
        5000.0
    ],
    "pred_keypoints_3d": [
        [
            0.043198734521865845,
            -0.8083555698394775,
            -0.017982780933380127
        ],
        [
            0.021182207390666008,
            -0.6940242648124695,
            0.13073831796646118
        ],
        [
            -0.15326514840126038,
            -0.6329644322395325,
            0.09828416258096695
        ],
        [
            -0.25423842668533325,
            -0.4498363733291626,
            -0.032860301434993744
        ],
        [
            -0.15273362398147583,
            -0.5489361882209778,
            -0.23480311036109924
        ],
        [
            0.18689841032028198,
            -0.6154613494873047,
            0.09944000095129013
        ],
        [
            0.2749544084072113,
            -0.4037244915962219,
            -0.007183961570262909
        ],
        [
            0.17826688289642334,
            -0.4690321683883667,
            -0.21729350090026855
        ],
        [
            -0.0014413706958293915,
            -0.215352863073349,
            0.02812008000910282
        ],
        [
            -0.07304276525974274,
            -0.13125276565551758,
            0.009566476568579674
        ],
        [
            -0.14381931722164154,
            0.19170594215393066,
            -0.16253097355365753
        ],
        [
            -0.13296489417552948,
            0.5768221616744995,
            -0.1300613135099411
        ],
        [
            0.0645967572927475,
            -0.12424931675195694,
            0.010413052514195442
        ],
        [
            0.09658259153366089,
            0.18881839513778687,
            -0.17555585503578186
        ],
        [
            0.055373892188072205,
            0.5729913711547852,
            -0.17024868726730347
        ],
        [
            0.012341373600065708,
            -0.8486713171005249,
            0.014517571777105331
        ],
        [
            0.07787783443927765,
            -0.8417881727218628,
            0.017991803586483
        ],
        [
            -0.03531653434038162,
            -0.8327472805976868,
            0.10494356602430344
        ],
        [
            0.10933191329240799,
            -0.817716658115387,
            0.11142665147781372
        ],
        [
            0.08675187081098557,
            0.617097020149231,
            -0.3576969802379608
        ],
        [
            0.14023637771606445,
            0.6313849687576294,
            -0.2981378436088562
        ],
        [
            0.043544165790081024,
            0.61263108253479,
            -0.11582683771848679
        ],
        [
            -0.15902243554592133,
            0.6230499148368835,
            -0.31605884432792664
        ],
        [
            -0.2203620970249176,
            0.6336109638214111,
            -0.2578662037849426
        ],
        [
            -0.12402132153511047,
            0.6220505237579346,
            -0.07480070739984512
        ],
        [
            -0.15055564045906067,
            0.5305448770523071,
            -0.10120951384305954
        ],
        [
            -0.136305034160614,
            0.13520503044128418,
            -0.1416149139404297
        ],
        [
            -0.1472286432981491,
            -0.24783119559288025,
            0.049326375126838684
        ],
        [
            0.14580917358398438,
            -0.21778658032417297,
            0.05654878914356232
        ],
        [
            0.10800245404243469,
            0.1529039740562439,
            -0.15939776599407196
        ],
        [
            0.06202545017004013,
            0.54375821352005,
            -0.14199531078338623
        ],
        [
            -0.1430872678756714,
            -0.5616006851196289,
            -0.2018204778432846
        ],
        [
            -0.2654169201850891,
            -0.4913484454154968,
            -0.039449047297239304
        ],
        [
            -0.12158319354057312,
            -0.6551454663276672,
            0.10890557616949081
        ],
        [
            0.16478608548641205,
            -0.6391194462776184,
            0.11477404832839966
        ],
        [
            0.2901875376701355,
            -0.4520762264728546,
            -0.01885324716567993
        ],
        [
            0.18385787308216095,
            -0.483694463968277,
            -0.20047441124916077
        ],
        [
            0.024482177570462227,
            -0.6952255964279175,
            0.12005871534347534
        ],
        [
            0.046963758766651154,
            -0.8773798942565918,
            0.09814922511577606
        ],
        [
            -9.562994819134474e-05,
            -0.23318034410476685,
            0.05326405540108681
        ],
        [
            0.020299378782510757,
            -0.6438313126564026,
            0.11013475060462952
        ],
        [
            0.006748067680746317,
            -0.462891161441803,
            0.10865183174610138
        ],
        [
            0.04191035404801369,
            -0.7744917869567871,
            0.054202232509851456
        ],
        [
            0.04407069832086563,
            -0.8958100080490112,
            0.10845793038606644
        ]
    ],
    "pred_vertices": [
        [
            0.09465247392654419,
            -0.8866949081420898,
            0.02280314825475216
        ],
        [
            0.08746784925460815,
            -0.8739482164382935,
            0.014993393793702126
        ],
        [
            0.09744344651699066,
            -0.8685800433158875,
            0.023619074374437332
        ],
        [
            0.10346412658691406,
            -0.8771318793296814,
            0.034047674387693405
        ],
        [
            0.09272771328687668,
            -0.8603647351264954,
            0.017121125012636185
        ],
        [
            0.08343349397182465,
            -0.8637248277664185,
            0.010326884686946869
        ],
        [
            0.10283359885215759,
            -0.8605442047119141,
            0.033361222594976425
        ],
        [
            0.10799606144428253,
            -0.8656560182571411,
            0.044754840433597565
        ],
        [
            0.10305585712194443,
            -0.8237943053245544,
            0.041634127497673035
        ],
        [
            0.10566777735948563,
            -0.8180860280990601,
            0.050825368613004684
        ],
        [
            0.1069391667842865,
            -0.8301500082015991,
            0.050482213497161865
        ],
        [
            0.1030028909444809,
            -0.8327049016952515,
            0.04152940213680267
        ],
        [
            0.09935727715492249,
            -0.7980988621711731,
            0.042397640645504
        ],
        [
            0.0931328609585762,
            -0.7905904054641724,
            0.032871246337890625
        ],
        [
            0.09350351989269257,
            -0.7806519865989685,
            0.04184220731258392
        ],
        [
            0.09843354672193527,
            -0.7876293659210205,
            0.0521242618560791
        ],
        [
            0.06464330852031708,
            -0.8100728988647461,
            0.009077262133359909
        ],
        [
            0.06924131512641907,
            -0.8029660582542419,
            0.009809598326683044
        ],
        [
            0.07371566444635391,
            -0.8089464902877808,
            0.011427419260144234
        ],
        [
            0.0682300329208374,
            -0.8153449296951294,
            0.010940898209810257
        ],
        [
            0.05695565789937973,
            -0.8211498260498047,
            0.003818521276116371
        ],
        [
            0.058265745639801025,
            -0.826115608215332,
            0.007642004638910294
        ],
        [
            0.05431970953941345,
            -0.8308371305465698,
            0.0028706397861242294
        ],
        [
            0.05385041981935501,
            -0.8252335786819458,
            -0.001972215250134468
        ],
        [
            0.05870913714170456,
            -0.8055309057235718,
            0.008350091055035591
        ],
        [
            0.06365173310041428,
            -0.7982125878334045,
            0.009605035185813904
        ],
        [
            0.06066558510065079,
            -0.8161628842353821,
            0.007981996983289719
        ],
        [
            0.05848054587841034,
            -0.8123998641967773,
            0.005446815863251686
        ],
        [
            0.05568823218345642,
            -0.8078004121780396,
            -0.005316277965903282
        ],
        [
            0.057646434754133224,
            -0.8120406866073608,
            -0.0033016279339790344
        ],
        [
            0.05493662506341934,
            -0.8142779469490051,
            -0.01009984128177166
        ],
        [
            0.0530441552400589,
            -0.8089417815208435,
            -0.010083653032779694
        ],
        [
            0.057724956423044205,
            -0.806024968624115,
            0.003748945891857147
        ],
        [
            0.05877026915550232,
            -0.8090230226516724,
            0.0014319345355033875
        ],
        [
            0.05610808730125427,
            -0.8059452772140503,
            -0.0013907700777053833
        ],
        [
            0.05424007773399353,
            -0.8037275075912476,
            0.0014113839715719223
        ],
        [
            0.05607770383358002,
            -0.8174179792404175,
            0.0007460955530405045
        ],
        [
            0.054028164595365524,
            -0.820252537727356,
            -0.006050566211342812
        ],
        [
            0.05090755969285965,
            -0.8228088021278381,
            -0.01300857774913311
        ],
        [
            0.05121786147356033,
            -0.8150343894958496,
            -0.017100058495998383
        ],
        [
            0.0777907446026802,
            -0.7879889607429504,
            0.01608244888484478
        ],
        [
            0.07414669543504715,
            -0.7957134246826172,
            0.012022124603390694
        ],
        [
            0.0685010477900505,
            -0.7915846109390259,
            0.011219676584005356
        ],
        [
            0.07220365107059479,
            -0.7854375839233398,
            0.014023374766111374
        ],
        [
            0.05486011505126953,
            -0.8003015518188477,
            0.004531547427177429
        ],
        [
            0.056688323616981506,
            -0.7847529649734497,
            0.0035842154175043106
        ],
        [
            0.0573800764977932,
            -0.7883272767066956,
            0.0036958083510398865
        ],
        [
            0.05192791670560837,
            -0.7902464866638184,
            -0.0006057359278202057
        ],
        [
            0.051908984780311584,
            -0.7868027687072754,
            -0.0005495566874742508
        ],
        [
            0.07998508960008621,
            -0.7728017568588257,
            0.024206161499023438
        ],
        [
            0.07463547587394714,
            -0.7728503942489624,
            0.019408268854022026
        ],
        [
            0.07396910339593887,
            -0.7659465074539185,
            0.021504167467355728
        ],
        [
            0.0783257931470871,
            -0.7645721435546875,
            0.02737353928387165
        ],
        [
            0.07079391181468964,
            -0.7604935169219971,
            0.021759934723377228
        ],
        [
            0.07561921328306198,
            -0.7568658590316772,
            0.029709693044424057
        ],
        [
            0.0652017816901207,
            -0.7442936897277832,
            0.02790786512196064
        ],
        [
            0.07040871679782867,
            -0.7497013807296753,
            0.02893490344285965
        ],
        [
            0.06645998358726501,
            -0.7555373907089233,
            0.020638730376958847
        ],
        [
            0.060939233750104904,
            -0.7514828443527222,
            0.0167876947671175
        ],
        [
            0.05099545419216156,
            -0.7582666873931885,
            0.007678326219320297
        ],
        [
            0.04542872682213783,
            -0.7578302621841431,
            0.0044739264994859695
        ],
        [
            0.04805946722626686,
            -0.7452976107597351,
            0.006376640871167183
        ],
        [
            0.05420346558094025,
            -0.7475912570953369,
            0.010873684659600258
        ],
        [
            0.05527849867939949,
            -0.7785852551460266,
            0.007276095449924469
        ],
        [
            0.05880560725927353,
            -0.7780007123947144,
            0.010450860485434532
        ],
        [
            0.05950299650430679,
            -0.7795286774635315,
            0.00832274928689003
        ],
        [
            0.05601464956998825,
            -0.7813805341720581,
            0.004778563976287842
        ],
        [
            0.06198330968618393,
            -0.7772401571273804,
            0.012612491846084595
        ],
        [
            0.06342331320047379,
            -0.7767264246940613,
            0.013493644073605537
        ],
        [
            0.06353742629289627,
            -0.7780324816703796,
            0.012369772419333458
        ],
        [
            0.0620957687497139,
            -0.7780876159667969,
            0.01209905557334423
        ],
        [
            0.06023913621902466,
            -0.7780401110649109,
            0.011259421706199646
        ],
        [
            0.059100259095430374,
            -0.7763682007789612,
            0.010638060048222542
        ],
        [
            0.06111808121204376,
            -0.7766450047492981,
            0.011964088305830956
        ],
        [
            0.05588628724217415,
            -0.7762244343757629,
            0.007462339475750923
        ],
        [
            0.04439358413219452,
            -0.7760375738143921,
            -0.001800214871764183
        ],
        [
            0.047963179647922516,
            -0.7758629322052002,
            1.69314444065094e-05
        ],
        [
            0.046927135437726974,
            -0.7801425457000732,
            0.0011614598333835602
        ],
        [
            0.04390310123562813,
            -0.7806524038314819,
            -0.00041249021887779236
        ],
        [
            0.062409475445747375,
            -0.7804077863693237,
            0.010616885498166084
        ],
        [
            0.06487490981817245,
            -0.781293511390686,
            0.011453593149781227
        ],
        [
            0.061941757798194885,
            -0.7846236228942871,
            0.007915284484624863
        ],
        [
            0.060435838997364044,
            -0.7821046113967896,
            0.008170980960130692
        ],
        [
            0.06780584156513214,
            -0.7828091382980347,
            0.011926824226975441
        ],
        [
            0.0657615214586258,
            -0.7789216637611389,
            0.013288192451000214
        ],
        [
            0.0688195526599884,
            -0.7792506217956543,
            0.014196643605828285
        ],
        [
            0.06270154565572739,
            -0.7751612663269043,
            0.01332874409854412
        ],
        [
            0.06488734483718872,
            -0.7731078863143921,
            0.014925407245755196
        ],
        [
            0.06591477990150452,
            -0.7755812406539917,
            0.01413286104798317
        ],
        [
            0.06264085322618484,
            -0.7703118920326233,
            0.014092618599534035
        ],
        [
            0.06023593991994858,
            -0.7737346887588501,
            0.011921336874365807
        ],
        [
            0.056932054460048676,
            -0.7726233005523682,
            0.008726775646209717
        ],
        [
            0.05274893343448639,
            -0.7718148231506348,
            0.00461241602897644
        ],
        [
            0.05422397702932358,
            -0.7666751146316528,
            0.007503733038902283
        ],
        [
            0.0589531809091568,
            -0.7680820226669312,
            0.011291541159152985
        ],
        [
            0.06439276784658432,
            -0.7881524562835693,
            0.009100336581468582
        ],
        [
            0.06965415179729462,
            -0.7743335962295532,
            0.01645003631711006
        ],
        [
            0.07383608818054199,
            -0.7800074815750122,
            0.01712135784327984
        ],
        [
            0.06876233965158463,
            -0.7696928977966309,
            0.017258530482649803
        ],
        [
            0.06618458032608032,
            -0.7656311988830566,
            0.017053108662366867
        ],
        [
            0.06189950555562973,
            -0.7622150182723999,
            0.014967715367674828
        ],
        [
            0.05666396766901016,
            -0.7600119113922119,
            0.011317644268274307
        ],
        [
            0.048108454793691635,
            -0.7355421781539917,
            0.01719343289732933
        ],
        [
            0.05631653964519501,
            -0.7391614317893982,
            0.02167443186044693
        ],
        [
            0.08035662770271301,
            -0.8560129404067993,
            0.012037931010127068
        ],
        [
            0.08850587904453278,
            -0.8539820909500122,
            0.015279630199074745
        ],
        [
            0.08756604045629501,
            -0.8458021879196167,
            0.019347622990608215
        ],
        [
            0.08954162895679474,
            -0.8477147817611694,
            0.019837146624922752
        ],
        [
            0.08493377268314362,
            -0.8501510620117188,
            0.016276150941848755
        ],
        [
            0.08396898955106735,
            -0.8473653197288513,
            0.016693517565727234
        ],
        [
            0.09811684489250183,
            -0.8358535766601562,
            0.03535017371177673
        ],
        [
            0.0942155197262764,
            -0.8385271430015564,
            0.030345402657985687
        ],
        [
            0.09378764778375626,
            -0.8346462249755859,
            0.03158506006002426
        ],
        [
            0.09877670556306839,
            -0.8291255235671997,
            0.03560619801282883
        ],
        [
            0.08625707775354385,
            -0.8287990689277649,
            0.023522550240159035
        ],
        [
            0.0902315080165863,
            -0.8292478322982788,
            0.02722678892314434
        ],
        [
            0.0877133384346962,
            -0.8364951014518738,
            0.024631958454847336
        ],
        [
            0.08485769480466843,
            -0.8361624479293823,
            0.02188960649073124
        ],
        [
            0.08138313889503479,
            -0.8363109827041626,
            0.019514363259077072
        ],
        [
            0.07734911143779755,
            -0.8368116617202759,
            0.017845872789621353
        ],
        [
            0.07691124081611633,
            -0.8315882682800293,
            0.018129805102944374
        ],
        [
            0.08158505707979202,
            -0.8299453258514404,
            0.020334575325250626
        ],
        [
            0.07878170162439346,
            -0.8521366119384766,
            0.014646034687757492
        ],
        [
            0.07151045650243759,
            -0.8521018028259277,
            0.013952203094959259
        ],
        [
            0.07239850610494614,
            -0.8489680290222168,
            0.01460663415491581
        ],
        [
            0.07857067137956619,
            -0.8488808870315552,
            0.0146164670586586
        ],
        [
            0.06112592667341232,
            -0.8434216976165771,
            0.018080035224556923
        ],
        [
            0.06273430585861206,
            -0.8457112312316895,
            0.017258964478969574
        ],
        [
            0.05962391942739487,
            -0.8475877642631531,
            0.015896711498498917
        ],
        [
            0.0581100657582283,
            -0.8433151245117188,
            0.016430968418717384
        ],
        [
            0.05993850529193878,
            -0.8401910066604614,
            0.016279423609375954
        ],
        [
            0.06219549849629402,
            -0.8417688608169556,
            0.017606372013688087
        ],
        [
            0.08790330588817596,
            -0.9089596271514893,
            0.02545340172946453
        ],
        [
            0.0825057253241539,
            -0.8939136266708374,
            0.014861254021525383
        ],
        [
            0.1008976474404335,
            -0.8994214534759521,
            0.038128502666950226
        ],
        [
            0.10779976099729538,
            -0.8867102861404419,
            0.04960469901561737
        ],
        [
            0.11253578960895538,
            -0.8713464736938477,
            0.058251697570085526
        ],
        [
            0.08673202991485596,
            -0.7755604982376099,
            0.03207935020327568
        ],
        [
            0.08612898737192154,
            -0.7663708925247192,
            0.037675634026527405
        ],
        [
            0.09309329092502594,
            -0.7714885473251343,
            0.050618723034858704
        ],
        [
            0.08924077451229095,
            -0.7615869045257568,
            0.05449902266263962
        ],
        [
            0.08231770992279053,
            -0.7565043568611145,
            0.04058690369129181
        ],
        [
            0.0668710395693779,
            -0.7398901581764221,
            0.04092707857489586
        ],
        [
            0.07589607685804367,
            -0.7471166849136353,
            0.04150645062327385
        ],
        [
            0.08266124129295349,
            -0.752352237701416,
            0.05866739898920059
        ],
        [
            0.08974260091781616,
            -0.7624543309211731,
            0.07514110952615738
        ],
        [
            0.0944775640964508,
            -0.7693449258804321,
            0.06805221736431122
        ],
        [
            0.09409332275390625,
            -0.776436448097229,
            0.08877627551555634
        ],
        [
            0.0832521915435791,
            -0.7548433542251587,
            0.08539421856403351
        ],
        [
            0.09024547040462494,
            -0.7754199504852295,
            0.09694933891296387
        ],
        [
            0.06615350395441055,
            -0.724311113357544,
            0.07738935202360153
        ],
        [
            0.0667426735162735,
            -0.7145826816558838,
            0.08023862540721893
        ],
        [
            0.07636673748493195,
            -0.7193112373352051,
            0.0945935845375061
        ],
        [
            0.07664628326892853,
            -0.7290200591087341,
            0.09165973961353302
        ],
        [
            0.0975002571940422,
            -0.7775430679321289,
            0.06116399168968201
        ],
        [
            0.10977078974246979,
            -0.8394379615783691,
            0.0589100643992424
        ],
        [
            0.10675600171089172,
            -0.8407071828842163,
            0.04745635390281677
        ],
        [
            0.1092928797006607,
            -0.8266192674636841,
            0.06173654645681381
        ],
        [
            0.1173253282904625,
            -0.896697998046875,
            0.08387602865695953
        ],
        [
            0.11296197026968002,
            -0.893834114074707,
            0.0654749870300293
        ],
        [
            0.11724415421485901,
            -0.8775056600570679,
            0.07160621881484985
        ],
        [
            0.12050354480743408,
            -0.8821435570716858,
            0.08781487494707108
        ],
        [
            0.09573844820261002,
            -0.9349369406700134,
            0.07535986602306366
        ],
        [
            0.09415009617805481,
            -0.9246214032173157,
            0.048981886357069016
        ],
        [
            0.10361294448375702,
            -0.9113161563873291,
            0.056972406804561615
        ],
        [
            0.10700441896915436,
            -0.9187358617782593,
            0.07837558537721634
        ],
        [
            0.12132784724235535,
            -0.8820286989212036,
            0.10126370191574097
        ],
        [
            0.12029603868722916,
            -0.8818761110305786,
            0.11978179216384888
        ],
        [
            0.11687912046909332,
            -0.8968238830566406,
            0.12754571437835693
        ],
        [
            0.11793579906225204,
            -0.899977445602417,
            0.10540421307086945
        ],
        [
            0.1065605953335762,
            -0.9172602295875549,
            0.13463199138641357
        ],
        [
            0.10786396265029907,
            -0.920920729637146,
            0.1080942153930664
        ],
        [
            0.08571276813745499,
            -0.7619210481643677,
            0.10582492500543594
        ],
        [
            0.08953969925642014,
            -0.779627799987793,
            0.10976211726665497
        ],
        [
            0.07736419886350632,
            -0.7410625219345093,
            0.08702439069747925
        ],
        [
            0.08288591355085373,
            -0.7471996545791626,
            0.10415499657392502
        ],
        [
            0.09033569693565369,
            -0.9329755902290344,
            0.1386667788028717
        ],
        [
            0.09294309467077255,
            -0.9388437271118164,
            0.10806387662887573
        ],
        [
            0.10149481892585754,
            -0.8589065074920654,
            0.16431531310081482
        ],
        [
            0.10705409944057465,
            -0.8761554956436157,
            0.15869779884815216
        ],
        [
            0.11332221329212189,
            -0.8640720844268799,
            0.1425563097000122
        ],
        [
            0.10776124894618988,
            -0.8496434688568115,
            0.1502075344324112
        ],
        [
