{
    "pred_cam": [
        1.7329381704330444,
        0.015370624139904976,
        0.5147715210914612
    ],
    "pred_smpl_params": {
        "global_orient": [
            [
                [
                    -0.9855838418006897,
                    0.11449793726205826,
                    -0.12455819547176361
                ],
                [
                    -0.06837379187345505,
                    -0.9429669380187988,
                    -0.3257889151573181
                ],
                [
                    -0.15475641191005707,
                    -0.3125757575035095,
                    0.9372016191482544
                ]
            ]
        ],
        "body_pose": [
            [
                [
                    0.9937736392021179,
                    -0.11123953014612198,
                    0.006306745577603579
                ],
                [
                    0.09701405465602875,
                    0.8917481899261475,
                    0.4420105218887329
                ],
                [
                    -0.05479307472705841,
                    -0.4386465549468994,
                    0.8969876170158386
                ]
            ],
            [
                [
                    0.9943856000900269,
                    0.10132089257240295,
                    -0.03051728941500187
                ],
                [
                    -0.08238708972930908,
                    0.9222962260246277,
                    0.3776003122329712
                ],
                [
                    0.0664047822356224,
                    -0.37296608090400696,
                    0.9254656434059143
                ]
            ],
            [
                [
                    0.9992539882659912,
                    -0.0006911403615958989,
                    0.038613226264715195
                ],
                [
                    0.01608162373304367,
                    0.9164766669273376,
                    -0.39976486563682556
                ],
                [
                    -0.03511182591319084,
                    0.4000875949859619,
                    0.9158040881156921
                ]
            ],
            [
                [
                    0.9935240149497986,
                    0.10665857046842575,
                    -0.03916693851351738
                ],
                [
                    -0.10726262629032135,
                    0.7667152285575867,
                    -0.6329632997512817
                ],
                [
                    -0.03748107701539993,
                    0.6330653429031372,
                    0.7731904983520508
                ]
            ],
            [
                [
                    0.9928113222122192,
                    -0.06624750792980194,
                    0.09968423843383789
                ],
                [
                    0.1133975014090538,
                    0.7871138453483582,
                    -0.6062943339347839
                ],
                [
                    -0.038297347724437714,
                    0.6132398247718811,
                    0.7889678478240967
                ]
            ],
            [
                [
                    0.9992952942848206,
                    -0.017569610849022865,
                    0.03317035734653473
                ],
                [
                    0.017004165798425674,
                    0.9997065663337708,
                    0.0172523595392704
                ],
                [
                    -0.0334637425839901,
                    -0.016676165163517,
                    0.9993008375167847
                ]
            ],
            [
                [
                    0.9721674919128418,
                    0.04809138923883438,
                    0.22929805517196655
                ],
                [
                    -0.04956359788775444,
                    0.9987707138061523,
                    0.0006621845532208681
                ],
                [
                    -0.22898435592651367,
                    -0.012008589692413807,
                    0.9733560085296631
                ]
            ],
            [
                [
                    0.9763720035552979,
                    -0.018592460080981255,
                    -0.21529528498649597
                ],
                [
                    0.034747164696455,
                    0.9968355298042297,
                    0.07149498909711838
                ],
                [
                    0.21328473091125488,
                    -0.07728660851716995,
                    0.9739283323287964
                ]
            ],
            [
                [
                    0.9996486902236938,
                    0.0015120136085897684,
                    0.026461418718099594
                ],
                [
                    0.0019023793283849955,
                    0.9917033314704895,
                    -0.12853354215621948
                ],
                [
                    -0.026436220854520798,
                    0.12853872776031494,
                    0.9913520812988281
                ]
            ],
            [
                [
                    0.9902296662330627,
                    -0.1342637538909912,
                    0.03766241669654846
                ],
                [
                    0.12943342328071594,
                    0.9854658842086792,
                    0.11001823842525482
                ],
                [
                    -0.05188649147748947,
                    -0.10406854748725891,
                    0.993215799331665
                ]
            ],
            [
                [
                    0.9957753419876099,
                    0.09182210266590118,
                    0.0004065032990183681
                ],
                [
                    -0.09142697602510452,
                    0.9910603165626526,
                    0.09716286510229111
                ],
                [
                    0.008518828079104424,
                    -0.09678955376148224,
                    0.9952684640884399
                ]
            ],
            [
                [
                    0.9319615960121155,
                    0.1298360526561737,
                    0.3385114371776581
                ],
                [
                    -0.053583960980176926,
                    0.9727509021759033,
                    -0.22557561099529266
                ],
                [
                    -0.35857516527175903,
                    0.19208906590938568,
                    0.9135236144065857
                ]
            ],
            [
                [
                    0.9812326431274414,
                    0.18029744923114777,
                    -0.06837652623653412
                ],
                [
                    -0.1797899603843689,
                    0.9836115837097168,
                    0.013555528596043587
                ],
                [
                    0.0696999728679657,
                    -0.0010077134938910604,
                    0.9975674748420715
                ]
            ],
            [
                [
                    0.9730730652809143,
                    -0.23048976063728333,
                    0.0018229455454275012
                ],
                [
                    0.23042698204517365,
                    0.9725523591041565,
                    -0.03233243152499199
                ],
                [
                    0.005679383873939514,
                    0.031881872564554214,
                    0.9994755387306213
                ]
            ],
            [
                [
                    0.9545049667358398,
                    0.17710666358470917,
                    0.239903062582016
                ],
                [
                    -0.12912167608737946,
                    0.970660388469696,
                    -0.20284496247768402
                ],
                [
                    -0.2687895596027374,
                    0.16263984143733978,
                    0.9493684768676758
                ]
            ],
            [
                [
                    0.6041561365127563,
                    0.7603117823600769,
                    -0.238582044839859
                ],
                [
                    -0.7719780206680298,
                    0.6326807141304016,
                    0.06135973706841469
                ],
                [
                    0.19759878516197205,
                    0.1471092402935028,
                    0.9691818952560425
                ]
            ],
            [
                [
                    0.5908792018890381,
                    -0.7993795871734619,
                    0.10887676477432251
                ],
                [
                    0.7936139702796936,
                    0.6001969575881958,
                    0.09970234334468842
                ],
                [
                    -0.14504751563072205,
                    0.02749408222734928,
                    0.9890426993370056
                ]
            ],
            [
                [
                    0.8670626282691956,
                    -0.10101671516895294,
                    -0.48785045742988586
                ],
                [
                    0.03031637705862522,
                    0.9881113171577454,
                    -0.15072154998779297
                ],
                [
                    0.4972759187221527,
                    0.11589515954256058,
                    0.85981684923172
                ]
            ],
            [
                [
                    0.9024587869644165,
                    0.19149033725261688,
                    0.38587504625320435
                ],
                [
                    -0.22264514863491058,
                    0.9741869568824768,
                    0.03726774826645851
                ],
                [
                    -0.3687780201435089,
                    -0.1195458173751831,
                    0.9217979907989502
                ]
            ],
            [
                [
                    0.9950281381607056,
                    -0.09321365505456924,
                    0.03507493808865547
                ],
                [
                    0.09513139724731445,
                    0.9937916994094849,
                    -0.05768934637308121
                ],
                [
                    -0.029479749500751495,
                    0.06073924899101257,
                    0.9977182745933533
                ]
            ],
            [
                [
                    0.9948989748954773,
                    0.05047071725130081,
                    -0.08734165132045746
                ],
                [
                    -0.04880821332335472,
                    0.9985859990119934,
                    0.021067628636956215
                ],
                [
                    0.08828143775463104,
                    -0.016697173938155174,
                    0.9959555864334106
                ]
            ],
            [
                [
                    0.9730938673019409,
                    0.20117449760437012,
                    -0.11232581734657288
                ],
                [
                    -0.17394450306892395,
                    0.9611207246780396,
                    0.2144533395767212
                ],
                [
                    0.151101216673851,
                    -0.1891447752714157,
                    0.9702538847923279
                ]
            ],
            [
                [
                    0.967684805393219,
                    -0.238808274269104,
                    0.08097335696220398
                ],
                [
                    0.21509380638599396,
                    0.9493122100830078,
                    0.22921831905841827
                ],
                [
                    -0.13160821795463562,
                    -0.20439423620700836,
                    0.9700011610984802
                ]
            ]
        ],
        "betas": [
            0.11204425990581512,
            0.20789426565170288,
            -0.08374440670013428,
            -0.3621545732021332,
            0.03322345018386841,
            0.07339540123939514,
            0.02632322907447815,
            -0.10446935892105103,
            0.08605431765317917,
            -0.03342920541763306
        ]
    },
    "pred_cam_t": [
        0.015370624139904976,
        0.5147715210914612,
        22.541196823120117
    ],
    "focal_length": [
        5000.0,
        5000.0
    ],
    "pred_keypoints_3d": [
        [
            -0.09406913071870804,
            -0.7608097791671753,
            0.1414676010608673
        ],
        [
            0.038805000483989716,
            -0.7164295315742493,
            0.013132214546203613
        ],
        [
            0.20841269195079803,
            -0.617774248123169,
            0.036755383014678955
        ],
        [
            0.2816658318042755,
            -0.3704488277435303,
            0.018215110525488853
        ],
        [
            0.3813673257827759,
            -0.1594492793083191,
            0.1306886374950409
        ],
        [
            -0.13584724068641663,
            -0.6558984518051147,
            -0.04015611484646797
        ],
        [
            -0.2635137438774109,
            -0.4276449680328369,
            -0.08327315747737885
        ],
        [
            -0.38866543769836426,
            -0.24035310745239258,
            0.031132519245147705
        ],
        [
            -0.0016377763822674751,
            -0.22060725092887878,
            0.027547387406229973
        ],
        [
            0.055519893765449524,
            -0.1287188082933426,
            0.0618320032954216
        ],
        [
            0.0749080553650856,
            0.17108945548534393,
            0.3118092119693756
        ],
        [
            0.033301785588264465,
            0.5758723020553589,
            0.2864859700202942
        ],
        [
            -0.08006692677736282,
            -0.13648805022239685,
            0.03838755190372467
        ],
        [
            -0.2151440680027008,
            0.125169038772583,
            0.28361761569976807
        ],
        [
            -0.21766820549964905,
            0.5326038599014282,
            0.28223490715026855
        ],
        [
            -0.059371963143348694,
            -0.8071770668029785,
            0.16190212965011597
        ],
        [
            -0.10011813044548035,
            -0.8121743202209473,
            0.1092110350728035
        ],
        [
            0.04277259111404419,
            -0.8261252641677856,
            0.13975855708122253
        ],
        [
            -0.05024683475494385,
            -0.8387489318847656,
            0.026046551764011383
        ],
        [
            -0.2955962121486664,
            0.5664673447608948,
            0.4670274257659912
        ],
        [
            -0.336366206407547,
            0.5776419639587402,
            0.395093709230423
        ],
        [
            -0.20406849682331085,
            0.5770668387413025,
            0.2270340621471405
        ],
        [
            0.02503194287419319,
            0.6011779308319092,
            0.48580020666122437
        ],
        [
            0.09653452783823013,
            0.6222031712532043,
            0.4397816061973572
        ],
        [
            0.03441925346851349,
            0.6276482939720154,
            0.23338863253593445
        ],
        [
            0.06075497716665268,
            0.5291064977645874,
            0.2583998441696167
        ],
        [
            0.07511325180530548,
            0.116022989153862,
            0.28038695454597473
        ],
        [
            0.15036016702651978,
            -0.23463156819343567,
            0.024862166494131088
        ],
        [
            -0.14112380146980286,
            -0.23650723695755005,
            -0.031900182366371155
        ],
        [
            -0.2167716771364212,
            0.09085222333669662,
            0.2614700198173523
        ],
        [
            -0.21597427129745483,
            0.5020403861999512,
            0.25197646021842957
        ],
        [
            0.3681570887565613,
            -0.18461954593658447,
            0.15146371722221375
        ],
        [
            0.30661821365356445,
            -0.39588606357574463,
            0.03747690096497536
        ],
        [
            0.17550821602344513,
            -0.6468954682350159,
            0.033920396119356155
        ],
        [
            -0.10682230442762375,
            -0.6787082552909851,
            -0.03998352587223053
        ],
        [
            -0.28846779465675354,
            -0.4651961028575897,
            -0.05907764285802841
        ],
        [
            -0.3873855471611023,
            -0.25888264179229736,
            0.039282310754060745
        ],
        [
            0.03587166219949722,
            -0.7145857214927673,
            0.0133370915427804
        ],
        [
            -0.03226010128855705,
            -0.8755587935447693,
            0.10240354388952255
        ],
        [
            0.004461515694856644,
            -0.23599617183208466,
            -0.0036155045963823795
        ],
        [
            0.035189270973205566,
            -0.6603437066078186,
            0.00031311996281147003
        ],
        [
            0.029138850048184395,
            -0.4788544774055481,
            -0.033465150743722916
        ],
        [
            -0.03243589401245117,
            -0.7630491852760315,
            0.08757951110601425
        ],
        [
            -0.02815471962094307,
            -0.8961479663848877,
            0.10531345009803772
        ]
    ],
    "pred_vertices": [
        [
            -0.11910445243120193,
            -0.8578591346740723,
            0.11454443633556366
        ],
        [
            -0.1162942424416542,
            -0.841593861579895,
            0.1186537891626358
        ],
        [
            -0.11547011882066727,
            -0.8424592614173889,
            0.10441785305738449
        ],
        [
            -0.11514183133840561,
            -0.8556126356124878,
            0.09770374000072479
        ],
        [
            -0.11524196714162827,
            -0.831218421459198,
            0.10794845968484879
        ],
        [
            -0.11505647748708725,
            -0.8292483687400818,
            0.11947847902774811
        ],
        [
            -0.11076932400465012,
            -0.8406498432159424,
            0.09152649343013763
        ],
        [
            -0.10791225731372833,
            -0.8510304689407349,
            0.08346787840127945
        ],
        [
            -0.09586790204048157,
            -0.8108526468276978,
            0.07093548774719238
        ],
        [
            -0.09071539342403412,
            -0.8105231523513794,
            0.06171560660004616
        ],
        [
            -0.09417778253555298,
            -0.8219708204269409,
            0.06649753451347351
        ],
        [
            -0.09799414873123169,
            -0.8193244934082031,
            0.07512181252241135
        ],
        [
            -0.08694146573543549,
            -0.7879137992858887,
            0.06367349624633789
        ],
        [
            -0.08751432597637177,
            -0.7758035063743591,
            0.07029462605714798
        ],
        [
            -0.0792798325419426,
            -0.770928144454956,
            0.06138109415769577
        ],
        [
            -0.07742934674024582,
            -0.7827041149139404,
            0.05476079881191254
        ],
        [
            -0.08891211450099945,
            -0.7781856060028076,
            0.11122690141201019
        ],
        [
            -0.08974646031856537,
            -0.7727913856506348,
            0.10487869381904602
        ],
        [
            -0.09303883463144302,
            -0.7796951532363892,
            0.10303709656000137
        ],
        [
            -0.09129683673381805,
            -0.7843531370162964,
            0.1096319854259491
        ],
        [
            -0.09062746167182922,
            -0.784684419631958,
            0.12433415651321411
        ],
        [
            -0.09002069383859634,
            -0.7911124229431152,
            0.12316526472568512
        ],
        [
            -0.09226987510919571,
            -0.7925128936767578,
            0.13074177503585815
        ],
        [
            -0.0939151793718338,
            -0.7851871848106384,
            0.1315682828426361
        ],
        [
            -0.08448336273431778,
            -0.7726776599884033,
            0.11411503702402115
        ],
        [
            -0.08507348597049713,
            -0.7674015164375305,
            0.10731171071529388
        ],
        [
            -0.08877845108509064,
            -0.7825019955635071,
            0.11707709729671478
        ],
        [
            -0.08817559480667114,
            -0.7777304649353027,
            0.11880677938461304
        ],
        [
            -0.09330674260854721,
            -0.7680777907371521,
            0.12498870491981506
        ],
        [
            -0.09421169012784958,
            -0.7731791734695435,
            0.12422963231801987
        ],
        [
            -0.09809399396181107,
            -0.7715907096862793,
            0.13076454401016235
        ],
        [
            -0.09536843001842499,
            -0.7663853168487549,
            0.12996985018253326
        ],
        [
            -0.08758855611085892,
            -0.7709020376205444,
            0.11756424605846405
        ],
        [
            -0.09086613357067108,
            -0.7727893590927124,
            0.11933688819408417
        ],
        [
            -0.09036189317703247,
            -0.7681992650032043,
            0.12154578417539597
        ],
        [
            -0.08644300699234009,
            -0.7670533657073975,
            0.12047860026359558
        ],
        [
            -0.09161673486232758,
            -0.779671847820282,
            0.1250453144311905
        ],
        [
            -0.09598565101623535,
            -0.7787652611732483,
            0.1315857470035553
        ],
        [
            -0.09948210418224335,
            -0.7773492336273193,
            0.13881485164165497
        ],
        [
            -0.1005324050784111,
            -0.7685660123825073,
            0.13778772950172424
        ],
        [
            -0.088156558573246,
            -0.7632392644882202,
            0.08965498208999634
        ],
        [
            -0.09024111181497574,
            -0.7679089903831482,
            0.09726642072200775
        ],
        [
            -0.08601414412260056,
            -0.7627043724060059,
            0.10030309855937958
        ],
        [
            -0.0853506475687027,
            -0.7588504552841187,
            0.09368203580379486
        ],
        [
            -0.08340558409690857,
            -0.7656114101409912,
            0.11712118983268738
        ],
        [
            -0.08163289725780487,
            -0.7511411905288696,
            0.11051838099956512
        ],
        [
            -0.08282420039176941,
            -0.7546624541282654,
            0.11131138354539871
        ],
        [
            -0.0826304703950882,
            -0.7536032795906067,
            0.11838855594396591
        ],
        [
            -0.08171787112951279,
            -0.7504124641418457,
            0.11705739051103592
        ],
        [
            -0.08074089884757996,
            -0.7533413171768188,
            0.07761849462985992
        ],
        [
            -0.08055326342582703,
            -0.7501229047775269,
            0.08407364785671234
        ],
        [
            -0.07695120573043823,
            -0.7448061108589172,
            0.08082999289035797
        ],
        [
            -0.07536374777555466,
            -0.747207522392273,
            0.07424269616603851
        ],
        [
            -0.07279836386442184,
            -0.7397036552429199,
            0.08147731423377991
        ],
        [
            -0.06988334655761719,
            -0.7409768104553223,
            0.07236453890800476
        ],
        [
            -0.060955069959163666,
            -0.7263445854187012,
            0.07598099857568741
        ],
        [
            -0.06509027630090714,
            -0.7331253290176392,
            0.07390453666448593
        ],
        [
            -0.06911256164312363,
            -0.733924388885498,
            0.08348190784454346
        ],
        [
            -0.06667200475931168,
            -0.7274261116981506,
            0.08799716085195541
        ],
        [
            -0.06788624823093414,
            -0.7279988527297974,
            0.10204237699508667
        ],
        [
            -0.06601341813802719,
            -0.7255771160125732,
            0.1075933575630188
        ],
        [
            -0.06368730962276459,
            -0.7151618599891663,
            0.10010333359241486
        ],
        [
            -0.06508928537368774,
            -0.7201809883117676,
            0.09457162022590637
        ],
        [
            -0.07655177265405655,
            -0.7468388676643372,
            0.10705439746379852
        ],
        [
            -0.07672850787639618,
            -0.7482184171676636,
            0.10249967873096466
        ],
        [
            -0.07912702858448029,
            -0.7487637996673584,
            0.10371635854244232
        ],
        [
            -0.07963225990533829,
            -0.7482750415802002,
            0.10886229574680328
        ],
        [
            -0.07737377285957336,
            -0.7489784955978394,
            0.09862180054187775
        ],
        [
            -0.07772943377494812,
            -0.749092698097229,
            0.09683214128017426
        ],
        [
            -0.07889851182699203,
            -0.7498037219047546,
            0.09787722676992416
        ],
        [
            -0.07826924324035645,
            -0.7494114637374878,
            0.09888994693756104
        ],
        [
            -0.07745741307735443,
            -0.7487305402755737,
            0.10077433288097382
        ],
        [
            -0.07654505968093872,
            -0.7467718124389648,
            0.10139849781990051
        ],
        [
            -0.07699853926897049,
            -0.7480237483978271,
            0.09946726262569427
        ],
        [
            -0.07649092376232147,
            -0.7446651458740234,
            0.10542638599872589
        ],
        [
            -0.0744706243276596,
            -0.7390730381011963,
            0.11894621700048447
        ],
        [
            -0.0758550837635994,
            -0.739909291267395,
            0.11519616842269897
        ],
        [
            -0.07539460062980652,
            -0.7442067861557007,
            0.11692353338003159
        ],
        [
            -0.07422425597906113,
            -0.7438956499099731,
            0.12024290859699249
        ],
        [
            -0.08000413328409195,
            -0.7510634660720825,
            0.10053380578756332
        ],
        [
            -0.08120445907115936,
            -0.7526142001152039,
            0.09874984622001648
        ],
        [
            -0.08234377950429916,
            -0.7536575794219971,
            0.10411970317363739
        ],
        [
            -0.08050944656133652,
            -0.7511899471282959,
            0.10414913296699524
        ],
        [
            -0.0833246111869812,
            -0.7546991109848022,
            0.09677563607692719
        ],
        [
            -0.0801207646727562,
            -0.7513588070869446,
            0.09605637192726135
        ],
        [
            -0.08151552081108093,
            -0.7527718544006348,
            0.09365616738796234
        ],
        [
            -0.07684321701526642,
            -0.7475528717041016,
            0.0969553217291832
        ],
        [
            -0.07680738717317581,
            -0.7468016147613525,
            0.0936347246170044
        ],
        [
            -0.07877179235219955,
            -0.7488223314285278,
            0.0942172259092331
        ],
        [
            -0.0750291645526886,
            -0.7435232400894165,
            0.09481126070022583
        ],
        [
            -0.07562300562858582,
            -0.7452390193939209,
            0.0990801528096199
        ],
        [
            -0.07523003220558167,
            -0.7422176599502563,
            0.10282738506793976
        ],
        [
            -0.07496175169944763,
            -0.7389775514602661,
            0.10772877931594849
        ],
        [
            -0.07251797616481781,
            -0.7359286546707153,
            0.10313023626804352
        ],
        [
            -0.07370877265930176,
            -0.7396320700645447,
            0.09825347363948822
        ],
        [
            -0.08386041969060898,
            -0.7580574750900269,
            0.10319594293832779
        ],
        [
            -0.07965197414159775,
            -0.7492225170135498,
            0.0897611677646637
        ],
        [
            -0.08327941596508026,
            -0.755345344543457,
            0.08868645876646042
        ],
        [
            -0.07728546112775803,
            -0.7453216314315796,
            0.08822740614414215
        ],
        [
            -0.07446523010730743,
            -0.7412175536155701,
            0.08883228898048401
        ],
        [
            -0.07119350135326385,
            -0.7366933822631836,
            0.09232951700687408
        ],
        [
            -0.06984841823577881,
            -0.7319855690002441,
            0.09677338600158691
        ],
        [
            -0.05399490147829056,
            -0.7106873989105225,
            0.09015631675720215
        ],
        [
            -0.05739310383796692,
            -0.7173420190811157,
            0.08385942876338959
        ],
        [
            -0.10968473553657532,
            -0.8229546546936035,
            0.11733412742614746
        ],
        [
            -0.11246386170387268,
            -0.8238234519958496,
            0.10881215333938599
        ],
        [
            -0.10700259357690811,
            -0.8179343342781067,
            0.10370832681655884
        ],
        [
            -0.10854294151067734,
            -0.8201095461845398,
            0.10270866751670837
        ],
        [
            -0.10818352550268173,
            -0.8203569054603577,
            0.10915371775627136
        ],
        [
            -0.10689082741737366,
            -0.8174673318862915,
            0.10837989300489426
        ],
        [
            -0.10025178641080856,
            -0.8182855844497681,
            0.08299896121025085
        ],
        [
            -0.10181672871112823,
            -0.8176771998405457,
            0.08959522843360901
        ],
        [
            -0.09914800524711609,
            -0.8148778676986694,
            0.0878770649433136
        ],
        [
            -0.0983215719461441,
            -0.8125298619270325,
            0.07981449365615845
        ],
        [
            -0.09795385599136353,
            -0.8049420118331909,
            0.09530941396951675
        ],
        [
            -0.09808722138404846,
            -0.8076283931732178,
            0.09073374420404434
        ],
        [
            -0.10040638595819473,
            -0.8122938871383667,
            0.09659561514854431
        ],
        [
            -0.10031002759933472,
            -0.8103390336036682,
            0.09991931915283203
        ],
        [
            -0.09951046854257584,
            -0.8089286088943481,
            0.10373090952634811
        ],
        [
            -0.09776518493890762,
            -0.8081719875335693,
            0.10785769671201706
        ],
        [
            -0.09622138738632202,
            -0.8035908937454224,
            0.10574586689472198
        ],
        [
            -0.09737768024206161,
            -0.8038356304168701,
            0.1005401760339737
        ],
        [
            -0.10584597289562225,
            -0.8204160332679749,
            0.11514867842197418
        ],
        [
            -0.10108979791402817,
            -0.8191077709197998,
            0.12084448337554932
        ],
        [
            -0.10062481462955475,
            -0.816612720489502,
            0.11838114261627197
        ],
        [
            -0.10497965663671494,
            -0.8172492384910583,
            0.11383591592311859
        ],
        [
            -0.08866114169359207,
            -0.8117980360984802,
            0.12208253145217896
        ],
        [
            -0.09104765951633453,
            -0.8136513233184814,
            0.12242642045021057
        ],
        [
            -0.09058850258588791,
            -0.8141138553619385,
            0.12627993524074554
        ],
        [
            -0.08785492181777954,
            -0.8104115128517151,
            0.12517984211444855
        ],
        [
            -0.08821222186088562,
            -0.8079347610473633,
            0.12240203469991684
        ],
        [
            -0.08917316049337387,
            -0.8103176355361938,
            0.12063336372375488
        ],
        [
            -0.11881235986948013,
            -0.8766531944274902,
            0.12677571177482605
        ],
        [
            -0.11784502118825912,
            -0.8582444190979004,
            0.1309286206960678
        ],
        [
            -0.11641533672809601,
            -0.8762359619140625,
            0.10656589269638062
        ],
        [
            -0.11024551093578339,
            -0.8714863061904907,
            0.08968488872051239
        ],
        [
            -0.10345032811164856,
            -0.8628466129302979,
            0.07489436864852905
        ],
        [
            -0.08044421672821045,
            -0.7606631517410278,
            0.06959281861782074
        ],
        [
            -0.07381321489810944,
            -0.7549626231193542,
            0.06359761208295822
        ],
        [
            -0.07062408328056335,
            -0.766633152961731,
            0.05323111638426781
        ],
        [
            -0.0636056587100029,
            -0.758643388748169,
            0.0500839501619339
        ],
        [
            -0.06689116358757019,
            -0.7467087507247925,
            0.06120994687080383
        ],
        [
            -0.05343733727931976,
            -0.7277830839157104,
            0.06615214049816132
        ],
        [
            -0.060594722628593445,
            -0.7370913624763489,
            0.06191686913371086
        ],
        [
            -0.055785030126571655,
            -0.7501565217971802,
            0.04869162291288376
        ],
        [
            -0.05226871371269226,
            -0.7675937414169312,
            0.0369078665971756
        ],
        [
            -0.059990957379341125,
            -0.7725436687469482,
            0.04133293777704239
        ],
        [
            -0.04882104694843292,
            -0.7870314121246338,
            0.03131122887134552
        ],
        [
            -0.04069075733423233,
            -0.7637159824371338,
            0.03397712856531143
        ],
        [
            -0.040699899196624756,
            -0.78908371925354,
            0.029734987765550613
        ],
        [
            -0.029475457966327667,
            -0.7313228845596313,
            0.04676446318626404
        ],
        [
            -0.027485713362693787,
            -0.7247576713562012,
            0.043497368693351746
        ],
        [
            -0.02897309511899948,
            -0.7359168529510498,
            0.028411991894245148
        ],
        [
            -0.030150562524795532,
            -0.7432180047035217,
            0.03164823725819588
        ],
        [
            -0.06850960850715637,
            -0.7774882316589355,
            0.04619351029396057
        ],
        [
            -0.093131884932518,
            -0.8342932462692261,
            0.0635189488530159
        ],
        [
            -0.09883172065019608,
            -0.8303424119949341,
            0.07246001809835434
        ],
        [
            -0.08731546998023987,
            -0.8244200348854065,
            0.05759460851550102
        ],
        [
            -0.09587655961513519,
            -0.8965754508972168,
            0.06789755821228027
        ],
        [
            -0.10542630404233932,
            -0.8857032656669617,
            0.07967294752597809
        ],
        [
            -0.09945788234472275,
            -0.8746844530105591,
            0.06680641323328018
        ],
        [
            -0.0917026549577713,
            -0.8864196538925171,
            0.05717882141470909
        ],
        [
            -0.09621040523052216,
            -0.923312783241272,
            0.10424457490444183
        ],
        [
            -0.11139042675495148,
            -0.9017919301986694,
            0.11545659601688385
        ],
        [
            -0.10907852649688721,
            -0.8953427076339722,
            0.09844016283750534
        ],
        [
            -0.09787335991859436,
            -0.9121379256248474,
            0.08778609335422516
        ],
        [
            -0.082704097032547,
            -0.8923723101615906,
            0.04889494925737381
        ],
        [
            -0.06938569247722626,
            -0.9004836082458496,
            0.03940989822149277
        ],
        [
            -0.06578904390335083,
            -0.9167932271957397,
            0.04349356144666672
        ],
        [
            -0.08259175717830658,
            -0.9096758365631104,
            0.05641612038016319
        ],
        [
            -0.05891984701156616,
            -0.9368565082550049,
            0.05513743311166763
        ],
        [
            -0.07909877598285675,
            -0.9278640747070312,
            0.0712372362613678
        ],
        [
            -0.029778912663459778,
            -0.7805157899856567,
            0.02464975044131279
        ],
        [
            -0.03197275102138519,
            -0.7987757325172424,
            0.025591913610696793
        ],
        [
            -0.0335392951965332,
            -0.751417338848114,
            0.03602706640958786
        ],
        [
            -0.028194524347782135,
            -0.765601634979248,
            0.023476481437683105
        ],
        [
            -0.04866988956928253,
            -0.9509775042533875,
            0.07112336158752441
        ],
        [
            -0.07318006455898285,
            -0.9418579339981079,
            0.08953025192022324
        ],
        [
            -0.02015729248523712,
            -0.8970341682434082,
            0.016715608537197113
        ],
        [
            -0.03220336139202118,
            -0.9105803966522217,
            0.023826830089092255
        ],
        [
            -0.04452407360076904,
            -0.8935765027999878,
            0.023036442697048187
        ],
        [
            -0.032037511467933655,
            -0.8829860687255859,
            0.01653171330690384
        ],
        [
