{
    "pred_cam": [
        5.48732852935791,
        -0.051847852766513824,
        0.8340089321136475
    ],
    "pred_smpl_params": {
        "global_orient": [
            [
                [
                    0.9990938305854797,
                    0.041883595287799835,
                    -0.007574367802590132
                ],
                [
                    0.03901912644505501,
                    -0.9723799228668213,
                    -0.23011897504329681
                ],
                [
                    -0.01700337417423725,
                    0.22961488366127014,
                    -0.9731330275535583
                ]
            ]
        ],
        "body_pose": [
            [
                [
                    0.9990478157997131,
                    -0.03680097311735153,
                    0.02343073859810829
                ],
                [
                    0.02743709459900856,
                    0.9475609064102173,
                    0.31839513778686523
                ],
                [
                    -0.0339193195104599,
                    -0.3174491226673126,
                    0.9476683735847473
                ]
            ],
            [
                [
                    0.9981236457824707,
                    0.05921441689133644,
                    -0.015579268336296082
                ],
                [
                    -0.05254654586315155,
                    0.959000289440155,
                    0.27849099040031433
                ],
                [
                    0.031431205570697784,
                    -0.27714982628822327,
                    0.9603123664855957
                ]
            ],
            [
                [
                    0.9998441338539124,
                    -0.015024008229374886,
                    -0.0092823076993227
                ],
                [
                    0.012434295378625393,
                    0.9721333980560303,
                    -0.234098419547081
                ],
                [
                    0.012540735304355621,
                    0.23394647240638733,
                    0.9721686840057373
                ]
            ],
            [
                [
                    0.9974981546401978,
                    0.0643453299999237,
                    -0.029277514666318893
                ],
                [
                    -0.07049278914928436,
                    0.8742131590843201,
                    -0.48039788007736206
                ],
                [
                    -0.005316590424627066,
                    0.481259822845459,
                    0.8765618801116943
                ]
            ],
            [
                [
                    0.9968242645263672,
                    -0.06081908568739891,
                    0.051403991878032684
                ],
                [
                    0.07854228466749191,
                    0.8573468327522278,
                    -0.5087117552757263
                ],
                [
                    -0.013131663203239441,
                    0.51113361120224,
                    0.8594009876251221
                ]
            ],
            [
                [
                    0.999921977519989,
                    0.011748174205422401,
                    0.0042345873080194
                ],
                [
                    -0.011756648309528828,
                    0.999928891658783,
                    0.001984543865546584
                ],
                [
                    -0.004210971761494875,
                    -0.0020341738127171993,
                    0.9999889731407166
                ]
            ],
            [
                [
                    0.9653287529945374,
                    0.12469320744276047,
                    0.2293291985988617
                ],
                [
                    -0.12565022706985474,
                    0.9920191764831543,
                    -0.010483793914318085
                ],
                [
                    -0.22880622744560242,
                    -0.018694967031478882,
                    0.973292350769043
                ]
            ],
            [
                [
                    0.9685590267181396,
                    -0.1116110309958458,
                    -0.22234314680099487
                ],
                [
                    0.11437869071960449,
                    0.9934371113777161,
                    -0.00043193803867325187
                ],
                [
                    0.22093215584754944,
                    -0.02501295879483223,
                    0.974968433380127
                ]
            ],
            [
                [
                    0.9998534321784973,
                    0.01629561372101307,
                    0.005243131425231695
                ],
                [
                    -0.016377834603190422,
                    0.9997371435165405,
                    0.016040274873375893
                ],
                [
                    -0.004980367608368397,
                    -0.01612379588186741,
                    0.999857485294342
                ]
            ],
            [
                [
                    0.9692007899284363,
                    -0.24440829455852509,
                    -0.030241085216403008
                ],
                [
                    0.24623535573482513,
                    0.9638436436653137,
                    0.10185055434703827
                ],
                [
                    0.004254558589309454,
                    -0.10616004467010498,
                    0.9943400025367737
                ]
            ],
            [
                [
                    0.973071813583374,
                    0.23048222064971924,
                    0.003055050503462553
                ],
                [
                    -0.22902995347976685,
                    0.9652748107910156,
                    0.12565746903419495
                ],
                [
                    0.0260128453373909,
                    -0.12297341227531433,
                    0.9920690655708313
                ]
            ],
            [
                [
                    0.9970994591712952,
                    0.05989430472254753,
                    0.046960391104221344
                ],
                [
                    -0.06058131530880928,
                    0.9980741143226624,
                    0.013344241306185722
                ],
                [
                    -0.04607069864869118,
                    -0.01615045964717865,
                    0.9988076090812683
                ]
            ],
            [
                [
                    0.9424839019775391,
                    0.2032722532749176,
                    -0.2653384208679199
                ],
                [
                    -0.1997760534286499,
                    0.9790083765983582,
                    0.04039944335818291
                ],
                [
                    0.2679806053638458,
                    0.01493243221193552,
                    0.963308572769165
                ]
            ],
            [
                [
                    0.945629358291626,
                    -0.1870417445898056,
                    0.2660834491252899
                ],
                [
                    0.18399499356746674,
                    0.9822466969490051,
                    0.03656771406531334
                ],
                [
                    -0.26819929480552673,
                    0.014378519728779793,
                    0.9632560610771179
                ]
            ],
            [
                [
                    0.9967026710510254,
                    0.07531203329563141,
                    0.030197100713849068
                ],
                [
                    -0.07169601321220398,
                    0.9916873574256897,
                    -0.10684452950954437
                ],
                [
                    -0.03799276426434517,
                    0.10432721674442291,
                    0.9938170313835144
                ]
            ],
            [
                [
                    0.5919318795204163,
                    0.7216158509254456,
                    -0.35900869965553284
                ],
                [
                    -0.7627371549606323,
                    0.6454806923866272,
                    0.039833638817071915
                ],
                [
                    0.260477751493454,
                    0.2502504885196686,
                    0.9324838519096375
                ]
            ],
            [
                [
                    0.5842480659484863,
                    -0.723992109298706,
                    0.3667283058166504
                ],
                [
                    0.761677622795105,
                    0.6451535820960999,
                    0.06020089611411095
                ],
                [
                    -0.28018102049827576,
                    0.24415647983551025,
                    0.9283783435821533
                ]
            ],
            [
                [
                    0.15748856961727142,
                    -0.3253004252910614,
                    -0.9324038624763489
                ],
                [
                    0.13428761065006256,
                    0.9424706697463989,
                    -0.3061305582523346
                ],
                [
                    0.978347659111023,
                    -0.07699823379516602,
                    0.19211217761039734
                ]
            ],
            [
                [
                    0.15994490683078766,
                    0.31955960392951965,
                    0.9339696764945984
                ],
                [
                    -0.15507857501506805,
                    0.9425361156463623,
                    -0.2959330081939697
                ],
                [
                    -0.9748683571815491,
                    -0.09750570356845856,
                    0.20031069219112396
                ]
            ],
            [
                [
                    0.9783515930175781,
                    -0.2033500075340271,
                    -0.03843139111995697
                ],
                [
                    0.2026597261428833,
                    0.9790214896202087,
                    -0.02111763507127762
                ],
                [
                    0.04191942885518074,
                    0.01287197694182396,
                    0.9990381002426147
                ]
            ],
            [
                [
                    0.9787143468856812,
                    0.20343181490898132,
                    0.02708868868649006
                ],
                [
                    -0.20338477194309235,
                    0.9790884852409363,
                    -0.004509799648076296
                ],
                [
                    -0.0274396613240242,
                    -0.001095621264539659,
                    0.9996228814125061
                ]
            ],
            [
                [
                    0.9745182394981384,
                    0.20422503352165222,
                    -0.09276997298002243
                ],
                [
                    -0.18993906676769257,
                    0.9713212847709656,
                    0.1430317759513855
                ],
                [
                    0.11932012438774109,
                    -0.12176644057035446,
                    0.9853606224060059
                ]
            ],
            [
                [
                    0.979110836982727,
                    -0.19107845425605774,
                    0.06950543820858002
                ],
                [
                    0.1793360859155655,
                    0.9726462960243225,
                    0.14764094352722168
                ],
                [
                    -0.09581520408391953,
                    -0.13209201395511627,
                    0.9865958094596863
                ]
            ]
        ],
        "betas": [
            -0.3272404074668884,
            -0.09398272633552551,
            0.07708922028541565,
            -0.06935775279998779,
            -0.0612260103225708,
            0.052899304777383804,
            0.10090835392475128,
            -0.06591585278511047,
            0.024275854229927063,
            -0.07399070262908936
        ]
    },
    "pred_cam_t": [
        -0.051847852766513824,
        0.8340089321136475,
        7.118673324584961
    ],
    "focal_length": [
        5000.0,
        5000.0
    ],
    "pred_keypoints_3d": [
        [
            0.04646699130535126,
            -0.824259340763092,
            -0.0528038814663887
        ],
        [
            0.02089490182697773,
            -0.7100865840911865,
            0.09867679327726364
        ],
        [
            -0.15793675184249878,
            -0.6405019760131836,
            0.0784292072057724
        ],
        [
            -0.2568906843662262,
            -0.4265902638435364,
            -0.004124537110328674
        ],
        [
            -0.16790515184402466,
            -0.4526144564151764,
            -0.23616774380207062
        ],
        [
            0.1881713718175888,
            -0.6228379607200623,
            0.06826332211494446
        ],
        [
            0.2666657865047455,
            -0.3923541009426117,
            -0.010288655757904053
        ],
        [
            0.17019106447696686,
            -0.425111323595047,
            -0.2315034121274948
        ],
        [
            -0.0015591797418892384,
            -0.21906770765781403,
            0.02837972342967987
        ],
        [
            -0.07320437580347061,
            -0.13349276781082153,
            0.01297664362937212
        ],
        [
            -0.14783990383148193,
            0.19289648532867432,
            -0.16032740473747253
        ],
        [
            -0.1404484063386917,
            0.5814677476882935,
            -0.10982607305049896
        ],
        [
            0.06454548984766006,
            -0.12671715021133423,
            0.013123498298227787
        ],
        [
            0.0950106680393219,
            0.18945527076721191,
            -0.17566871643066406
        ],
        [
            0.05009623244404793,
            0.5778027772903442,
            -0.15295733511447906
        ],
        [
            0.01826811581850052,
            -0.8670006990432739,
            -0.020039599388837814
        ],
        [
            0.0835564061999321,
            -0.8558307886123657,
            -0.016777342185378075
        ],
        [
            -0.030423305928707123,
            -0.8545300364494324,
            0.07124529778957367
        ],
        [
            0.11420281231403351,
            -0.8303596377372742,
            0.07705307006835938
        ],
        [
            0.07508650422096252,
            0.6281827688217163,
            -0.34220099449157715
        ],
        [
            0.1307552456855774,
            0.6417816877365112,
            -0.2831162214279175
        ],
        [
            0.040265440940856934,
            0.6158928275108337,
            -0.09597187489271164
        ],
        [
            -0.16688565909862518,
            0.6327391862869263,
            -0.2971867322921753
        ],
        [
            -0.22957217693328857,
            0.6406897306442261,
            -0.23818069696426392
        ],
        [
            -0.13176462054252625,
            0.6256808042526245,
            -0.052876394242048264
        ],
        [
            -0.15755769610404968,
            0.5330764055252075,
            -0.0826227217912674
        ],
        [
            -0.13955622911453247,
            0.13570386171340942,
            -0.13980962336063385
        ],
        [
            -0.14794160425662994,
            -0.25251898169517517,
            0.05090904235839844
        ],
        [
            0.14669188857078552,
            -0.22269079089164734,
            0.05693987011909485
        ],
        [
            0.10648694634437561,
            0.15305204689502716,
            -0.16002944111824036
        ],
        [
            0.058221690356731415,
            0.5469812154769897,
            -0.12575216591358185
        ],
        [
            -0.15628887712955475,
            -0.4753328859806061,
            -0.20916098356246948
        ],
        [
            -0.26945316791534424,
            -0.4648829996585846,
            -0.020538685843348503
        ],
        [
            -0.12530581653118134,
            -0.6651955842971802,
            0.08703787624835968
        ],
        [
            0.1662985235452652,
            -0.6495545506477356,
            0.08299775421619415
        ],
        [
            0.28292417526245117,
            -0.43834587931632996,
            -0.029094554483890533
        ],
        [
            0.17593318223953247,
            -0.4422721564769745,
            -0.21718193590641022
        ],
        [
            0.02381356805562973,
            -0.7086759805679321,
            0.0873112827539444
        ],
        [
            0.05546955391764641,
            -0.8941618204116821,
            0.06331218034029007
        ],
        [
            -4.9837573897093534e-05,
            -0.2379818707704544,
            0.05416310951113701
        ],
        [
            0.018969912081956863,
            -0.6545143723487854,
            0.0830940306186676
        ],
        [
            0.006255680229514837,
            -0.47400903701782227,
            0.09653434157371521
        ],
        [
            0.04346979409456253,
            -0.7903115153312683,
            0.020526591688394547
        ],
        [
            0.053990140557289124,
            -0.9128764867782593,
            0.07351279258728027
        ]
    ],
    "pred_vertices": [
        [
            0.1031607836484909,
            -0.8996661305427551,
            -0.012687858194112778
        ],
        [
            0.09517475962638855,
            -0.8873081803321838,
            -0.02040775492787361
        ],
        [
            0.10483942925930023,
            -0.8813129663467407,
            -0.011720314621925354
        ],
        [
            0.11152637004852295,
            -0.8896149396896362,
            -0.0013539791107177734
        ],
        [
            0.09955547004938126,
            -0.8733922243118286,
            -0.018137870356440544
        ],
        [
            0.09043941646814346,
            -0.8773141503334045,
            -0.024923495948314667
        ],
        [
            0.10981632769107819,
            -0.8730134963989258,
            -0.0018563233315944672
        ],
        [
            0.11537717282772064,
            -0.8779502511024475,
            0.009498964995145798
        ],
        [
            0.10763080418109894,
            -0.8363325595855713,
            0.006954040378332138
        ],
        [
            0.11002998799085617,
            -0.8305368423461914,
            0.016140896826982498
        ],
        [
            0.11206844449043274,
            -0.8425342440605164,
            0.01565924473106861
        ],
        [
            0.10817307233810425,
            -0.845264196395874,
            0.006744874641299248
        ],
        [
            0.10234509408473969,
            -0.8108425140380859,
            0.007863538339734077
        ],
        [
            0.09557542204856873,
            -0.8036174774169922,
            -0.0015108659863471985
        ],
        [
            0.09540897607803345,
            -0.793707013130188,
            0.007473347708582878
        ],
        [
            0.10089337825775146,
            -0.8005266189575195,
            0.017630448564887047
        ],
        [
            0.06810082495212555,
            -0.8247763514518738,
            -0.025303883478045464
        ],
        [
            0.07224319875240326,
            -0.81734299659729,
            -0.024523109197616577
        ],
        [
            0.07709772884845734,
            -0.8230847120285034,
            -0.0229080431163311
        ],
        [
            0.07204742729663849,
            -0.8298527002334595,
            -0.02345753274857998
        ],
        [
            0.0611613430082798,
            -0.8364150524139404,
            -0.03079972416162491
        ],
        [
            0.06281953305006027,
            -0.8413214087486267,
            -0.02696622721850872
        ],
        [
            0.05919989198446274,
            -0.8463056087493896,
            -0.03187406063079834
        ],
        [
            0.05835309624671936,
            -0.8406908512115479,
            -0.03674515336751938
        ],
        [
            0.061875104904174805,
            -0.8205889463424683,
            -0.026070604100823402
        ],
        [
            0.06635236740112305,
            -0.8129109144210815,
            -0.024781327694654465
        ],
        [
            0.06453515589237213,
            -0.8311734199523926,
            -0.026508325710892677
        ],
        [
            0.06210489571094513,
            -0.8275282979011536,
            -0.029092608019709587
        ],
        [
            0.05906571075320244,
            -0.8230272531509399,
            -0.040037814527750015
        ],
        [
            0.061285391449928284,
            -0.8271685838699341,
            -0.038029253482818604
        ],
        [
            0.058730997145175934,
            -0.829554557800293,
            -0.04492834955453873
        ],
        [
            0.05647760629653931,
            -0.8242998719215393,
            -0.04486832395195961
        ],
        [
            0.06097393482923508,
            -0.8211457133293152,
            -0.03080902062356472
        ],
        [
            0.062235649675130844,
            -0.8240989446640015,
            -0.03321286290884018
        ],
        [
            0.05937131866812706,
            -0.8211565613746643,
            -0.03603772073984146
        ],
        [
            0.05733945965766907,
            -0.8190490007400513,
            -0.03317749500274658
        ],
        [
            0.06007332727313042,
            -0.8327171206474304,
            -0.03393060714006424
        ],
        [
            0.0582180917263031,
            -0.8356582522392273,
            -0.04086066782474518
        ],
        [
            0.055254630744457245,
            -0.8383880853652954,
            -0.04794512689113617
        ],
        [
            0.055023569613695145,
            -0.830481231212616,
            -0.052016228437423706
        ],
        [
            0.07989592105150223,
            -0.8018025159835815,
            -0.0182256530970335
        ],
        [
            0.07671032845973969,
            -0.8097826242446899,
            -0.02229483425617218
        ],
        [
            0.07079388946294785,
            -0.8059232234954834,
            -0.02313825860619545
        ],
        [
            0.07414831221103668,
            -0.7995225191116333,
            -0.02032715640962124
        ],
        [
            0.05770129710435867,
            -0.8155465722084045,
            -0.029970353469252586
        ],
        [
            0.05848688632249832,
            -0.7996826171875,
            -0.030864380300045013
        ],
        [
            0.059428807348012924,
            -0.8032698631286621,
            -0.030786635354161263
        ],
        [
            0.05407591909170151,
            -0.8055142164230347,
            -0.03513981029391289
        ],
        [
            0.05380384624004364,
            -0.8020124435424805,
            -0.03502984344959259
        ],
        [
            0.0812392383813858,
            -0.786436915397644,
            -0.01005413755774498
        ],
        [
            0.07587505877017975,
            -0.7867426872253418,
            -0.01487642340362072
        ],
        [
            0.0747932717204094,
            -0.7798427939414978,
            -0.012750260531902313
        ],
        [
            0.07908610254526138,
            -0.778296947479248,
            -0.00685647688806057
        ],
        [
            0.07123934477567673,
            -0.7745447158813477,
            -0.012452183291316032
        ],
        [
            0.07591354101896286,
            -0.7707569599151611,
            -0.004454661160707474
        ],
        [
            0.06466794013977051,
            -0.7586493492126465,
            -0.006142891943454742
        ],
        [
            0.07023114711046219,
            -0.7638430595397949,
            -0.005154523998498917
        ],
        [
            0.06653743982315063,
            -0.7697945237159729,
            -0.01351400651037693
        ],
        [
            0.06070313975214958,
            -0.7659707069396973,
            -0.017325671389698982
        ],
        [
            0.05108574032783508,
            -0.7733314633369446,
            -0.02645927481353283
        ],
        [
            0.045452531427145004,
            -0.7732106447219849,
            -0.0297058317810297
        ],
        [
            0.04735466092824936,
            -0.7604174613952637,
            -0.027765784412622452
        ],
        [
            0.05366390198469162,
            -0.7624002695083618,
            -0.02323695458471775
        ],
        [
            0.05668599531054497,
            -0.7935796976089478,
            -0.027072612196207047
        ],
        [
            0.06021236628293991,
            -0.7927947044372559,
            -0.02388663962483406
        ],
        [
            0.061003439128398895,
            -0.7942762970924377,
            -0.026055164635181427
        ],
        [
            0.05760214105248451,
            -0.7963197231292725,
            -0.02962571009993553
        ],
        [
            0.06339117884635925,
            -0.7918434143066406,
            -0.021718250587582588
        ],
        [
            0.06481952220201492,
            -0.7912483811378479,
            -0.020834380760788918
        ],
        [
            0.06500949710607529,
            -0.7925534248352051,
            -0.021988220512866974
        ],
        [
            0.06357483565807343,
            -0.7927045822143555,
            -0.022239534184336662
        ],
        [
            0.06169280409812927,
            -0.7927656173706055,
            -0.02306468039751053
        ],
        [
            0.060417644679546356,
            -0.7911403179168701,
            -0.023658426478505135
        ],
        [
            0.06247233226895332,
            -0.7912919521331787,
            -0.02234908752143383
        ],
        [
            0.05715399980545044,
            -0.7911580801010132,
            -0.02684471569955349
        ],
        [
            0.04552691429853439,
            -0.7916375398635864,
            -0.036120153963565826
        ],
        [
            0.04911540076136589,
            -0.791232168674469,
            -0.034296631813049316
        ],
        [
            0.0483718104660511,
            -0.7956384420394897,
            -0.03318767622113228
        ],
        [
            0.04535583034157753,
            -0.7963392734527588,
            -0.03476285934448242
        ],
        [
            0.06403453648090363,
            -0.7950104475021362,
            -0.023776359856128693
        ],
        [
            0.06655554473400116,
            -0.795752763748169,
            -0.02295088768005371
        ],
        [
            0.0637899711728096,
            -0.799267053604126,
            -0.026523789390921593
        ],
        [
            0.06212130934000015,
            -0.7968106269836426,
            -0.02625083364546299
        ],
        [
            0.06959368288516998,
            -0.7971159219741821,
            -0.02244747057557106
        ],
        [
            0.06731792539358139,
            -0.7933136820793152,
            -0.02108161151409149
        ],
        [
            0.07039722800254822,
            -0.7934733629226685,
            -0.020155681297183037
        ],
        [
            0.0639800876379013,
            -0.789711594581604,
            -0.02097271755337715
        ],
        [
            0.06606946885585785,
            -0.7875235080718994,
            -0.019365394487977028
        ],
        [
            0.06725692003965378,
            -0.7899563312530518,
            -0.0201850738376379
        ],
        [
            0.06360021233558655,
            -0.7848340272903442,
            -0.02014787308871746
        ],
        [
            0.061373572796583176,
            -0.7884098291397095,
            -0.02234387770295143
        ],
        [
            0.05794905126094818,
            -0.7874537706375122,
            -0.02553403377532959
        ],
        [
            0.05367107316851616,
            -0.7868615984916687,
            -0.02964315190911293
        ],
        [
            0.054837290197610855,
            -0.7816080451011658,
            -0.026682840660214424
        ],
        [
            0.05970123037695885,
            -0.782781720161438,
            -0.02291078306734562
        ],
        [
            0.06646643579006195,
            -0.802699089050293,
            -0.02531585283577442
        ],
        [
            0.0709579661488533,
            -0.7884931564331055,
            -0.017869243398308754
        ],
        [
            0.07548800110816956,
            -0.7939790487289429,
            -0.017196234315633774
        ],
        [
            0.06978100538253784,
            -0.7838743329048157,
            -0.017030077055096626
        ],
        [
            0.06691427528858185,
            -0.7799365520477295,
            -0.017189370468258858
        ],
        [
            0.062304675579071045,
            -0.7767059803009033,
            -0.019211022183299065
        ],
        [
            0.05689403414726257,
            -0.774774968624115,
            -0.022821703925728798
        ],
        [
            0.04691832885146141,
            -0.7506983280181885,
            -0.01676212251186371
        ],
        [
            0.05535927042365074,
            -0.7539132237434387,
            -0.012298554182052612
        ],
        [
            0.08688298612833023,
            -0.8698939085006714,
            -0.022968674078583717
        ],
        [
            0.09491091966629028,
            -0.8673322200775146,
            -0.019786717370152473
        ],
        [
            0.09349236637353897,
            -0.8592442870140076,
            -0.015579760074615479
        ],
        [
            0.09559373557567596,
            -0.8610343337059021,
            -0.015140468254685402
        ],
        [
            0.09111028909683228,
            -0.8637599945068359,
            -0.018684765323996544
        ],
        [
            0.08998353779315948,
            -0.8610171675682068,
            -0.018226055428385735
        ],
        [
            0.1034611389040947,
            -0.8487300276756287,
            0.0005934778600931168
        ],
        [
            0.0997246652841568,
            -0.8516192436218262,
            -0.004443960264325142
        ],
        [
            0.09899994730949402,
            -0.8477486968040466,
            -0.0031228922307491302
        ],
        [
            0.10363053530454636,
            -0.8419202566146851,
            0.0009354203939437866
        ],
        [
            0.09103720635175705,
            -0.8422679901123047,
            -0.01109396293759346
        ],
        [
            0.0950327068567276,
            -0.8424960374832153,
            -0.0073831044137477875
        ],
        [
            0.09304657578468323,
            -0.8499086499214172,
            -0.010100195184350014
        ],
        [
            0.09015880525112152,
            -0.8497368693351746,
            -0.012836730107665062
        ],
        [
            0.08667854964733124,
            -0.8501014113426208,
            -0.015192549675703049
        ],
        [
            0.08265189826488495,
            -0.8508505821228027,
            -0.016841936856508255
        ],
        [
            0.08188869059085846,
            -0.845653235912323,
            -0.016492048278450966
        ],
        [
            0.08645795285701752,
            -0.8437146544456482,
            -0.014278817921876907
        ],
        [
            0.08510397374629974,
            -0.8661706447601318,
            -0.020277859643101692
        ],
        [
            0.0778190940618515,
            -0.8665776252746582,
            -0.020890068262815475
        ],
        [
            0.07852742075920105,
            -0.8634089827537537,
            -0.02019258588552475
        ],
        [
            0.08468277752399445,
            -0.8629175424575806,
            -0.02021895721554756
        ],
        [
            0.06689678132534027,
            -0.8585965037345886,
            -0.016562214121222496
        ],
        [
            0.06866150349378586,
            -0.8607927560806274,
            -0.017426228150725365
        ],
        [
            0.0656590610742569,
            -0.8628560304641724,
            -0.018832329660654068
        ],
        [
            0.06384876370429993,
            -0.8586559295654297,
            -0.0182292889803648
        ],
        [
            0.06547960638999939,
            -0.8553934097290039,
            -0.018351374194025993
        ],
        [
            0.06785158812999725,
            -0.8568495512008667,
            -0.01703224703669548
        ],
        [
            0.09791585803031921,
            -0.9223352670669556,
            -0.010266568511724472
        ],
        [
            0.09136690199375153,
            -0.9075039625167847,
            -0.020686905831098557
        ],
        [
            0.1104341596364975,
            -0.9120391607284546,
            0.0025512464344501495
        ],
        [
            0.11658163368701935,
            -0.8990468382835388,
            0.014131631702184677
        ],
        [
            0.12050259113311768,
            -0.883487343788147,
            0.022841468453407288
        ],
        [
            0.0882340520620346,
            -0.7888945937156677,
            -0.0022192616015672684
        ],
        [
            0.08705119043588638,
            -0.7797871828079224,
            0.0034619756042957306
        ],
        [
            0.0944678783416748,
            -0.7846395373344421,
            0.01632012613117695
        ],
        [
            0.09008519351482391,
            -0.7749685049057007,
            0.02029692381620407
        ],
        [
            0.0826817974448204,
            -0.7701353430747986,
            0.006446655839681625
        ],
        [
            0.06631158292293549,
            -0.754285991191864,
            0.006895091384649277
        ],
        [
            0.07575587183237076,
            -0.7611292600631714,
            0.007401520386338234
        ],
        [
            0.08314986526966095,
            -0.7660365104675293,
            0.024522483348846436
        ],
        [
            0.09113740921020508,
            -0.775888204574585,
            0.04092153161764145
        ],
        [
            0.09602592140436172,
            -0.7825498580932617,
            0.03374346345663071
        ],
        [
            0.09645262360572815,
            -0.7897195816040039,
            0.05456464737653732
        ],
        [
            0.0845210999250412,
            -0.768785834312439,
            0.05122845992445946
        ],
        [
            0.09268385171890259,
            -0.7890296578407288,
            0.06282608956098557
        ],
        [
            0.06562010198831558,
            -0.7386832237243652,
            0.04346374794840813
        ],
        [
            0.06616202741861343,
            -0.7286837100982666,
            0.04641050472855568
        ],
        [
            0.07666941732168198,
            -0.733587920665741,
            0.06050039082765579
        ],
        [
            0.07691363990306854,
            -0.7433831691741943,
            0.05755407735705376
        ],
        [
            0.09943943470716476,
            -0.7905800938606262,
            0.026720348745584488
        ],
        [
            0.11561604589223862,
            -0.8517373204231262,
            0.023962177336215973
        ],
        [
            0.11257044225931168,
            -0.8530681133270264,
            0.01245533674955368
        ],
        [
            0.1142478659749031,
            -0.8389849662780762,
            0.026961427181959152
        ],
        [
            0.12727798521518707,
            -0.9086754322052002,
            0.04798102006316185
        ],
        [
            0.12265446782112122,
            -0.9059715270996094,
            0.029634244740009308
        ],
        [
            0.12591615319252014,
            -0.8894088268280029,
            0.036021143198013306
        ],
        [
            0.12971578538417816,
            -0.8939779996871948,
            0.052182264626026154
        ],
        [
            0.10786566883325577,
            -0.9481902122497559,
            0.03913065418601036
        ],
        [
            0.10543219745159149,
            -0.9376945495605469,
            0.0129353366792202
        ],
        [
            0.11418457329273224,
            -0.9238888621330261,
            0.021007057279348373
        ],
        [
            0.11809810996055603,
            -0.9312496185302734,
            0.042272500693798065
        ],
        [
            0.13057516515254974,
            -0.8939539194107056,
            0.06568586826324463
        ],
        [
            0.12968608736991882,
            -0.8940944075584412,
            0.08426856994628906
        ],
        [
            0.12746316194534302,
            -0.9095075130462646,
            0.09181402623653412
        ],
        [
            0.12838712334632874,
            -0.9122141003608704,
            0.069489985704422
        ],
        [
            0.11855405569076538,
            -0.9307588934898376,
            0.0987611636519432
        ],
        [
            0.11962410062551498,
            -0.9339781999588013,
            0.07198461890220642
        ],
        [
            0.08760501444339752,
            -0.776170551776886,
            0.07179021835327148
        ],
        [
            0.09219078719615936,
            -0.7935891151428223,
            0.07573281973600388
        ],
        [
            0.07781475782394409,
            -0.7553964853286743,
            0.05294749140739441
        ],
        [
            0.08423230797052383,
            -0.761600136756897,
            0.07006479799747467
        ],
        [
            0.10338125377893448,
            -0.947930097579956,
            0.10291869938373566
        ],
        [
            0.10585375130176544,
            -0.9530207514762878,
            0.07183520495891571
        ],
        [
            0.11011157929897308,
            -0.8725483417510986,
            0.12981361150741577
        ],
        [
            0.11668126285076141,
            -0.8895480632781982,
            0.12370049208402634
        ],
        [
            0.12192266434431076,
            -0.8767995834350586,
            0.1076132282614708
        ],
        [
            0.1154622882604599,
            -0.8626995086669922,
