{
    "pred_cam": [
        1.7462811470031738,
        0.06376391649246216,
        0.518215000629425
    ],
    "pred_smpl_params": {
        "global_orient": [
            [
                [
                    -0.9890962243080139,
                    0.0359422005712986,
                    -0.1428174078464508
                ],
                [
                    0.020083241164684296,
                    -0.9277830123901367,
                    -0.37257933616638184
                ],
                [
                    -0.1458948850631714,
                    -0.3713850677013397,
                    0.9169448614120483
                ]
            ]
        ],
        "body_pose": [
            [
                [
                    0.9896974563598633,
                    -0.14217375218868256,
                    -0.01689947210252285
                ],
                [
                    0.12732842564582825,
                    0.8200330138206482,
                    0.5579724311828613
                ],
                [
                    -0.06547091901302338,
                    -0.5543757081031799,
                    0.8296873569488525
                ]
            ],
            [
                [
                    0.99485844373703,
                    0.10028473287820816,
                    -0.014126647263765335
                ],
                [
                    -0.08207786083221436,
                    0.8801114559173584,
                    0.467618465423584
                ],
                [
                    0.05932801589369774,
                    -0.46405473351478577,
                    0.8838174939155579
                ]
            ],
            [
                [
                    0.9988070726394653,
                    0.02224082499742508,
                    0.04347224533557892
                ],
                [
                    -0.00027672850410453975,
                    0.8928183317184448,
                    -0.4504166841506958
                ],
                [
                    -0.04883046820759773,
                    0.449867308139801,
                    0.8917593955993652
                ]
            ],
            [
                [
                    0.9925873875617981,
                    0.11711247265338898,
                    -0.03248070180416107
                ],
                [
                    -0.10804271697998047,
                    0.7279295921325684,
                    -0.6770858764648438
                ],
                [
                    -0.05565151572227478,
                    0.6755762100219727,
                    0.7351868748664856
                ]
            ],
            [
                [
                    0.9938242435455322,
                    -0.06956632435321808,
                    0.08645129203796387
                ],
                [
                    0.10895361751317978,
                    0.7594285607337952,
                    -0.641402542591095
                ],
                [
                    -0.021033557131886482,
                    0.646860659122467,
                    0.7623180150985718
                ]
            ],
            [
                [
                    0.9993447065353394,
                    -0.005574511829763651,
                    0.03576283901929855
                ],
                [
                    0.0039645032957196236,
                    0.9989821314811707,
                    0.044933050870895386
                ],
                [
                    -0.035976916551589966,
                    -0.04476182907819748,
                    0.9983496069908142
                ]
            ],
            [
                [
                    0.9726266264915466,
                    0.06282395124435425,
                    0.22371985018253326
                ],
                [
                    -0.06393115222454071,
                    0.9979516863822937,
                    -0.00229813763871789
                ],
                [
                    -0.22340597212314606,
                    -0.012067434377968311,
                    0.9746508002281189
                ]
            ],
            [
                [
                    0.9797447323799133,
                    -0.04275471717119217,
                    -0.19563284516334534
                ],
                [
                    0.055964477360248566,
                    0.9964746832847595,
                    0.0624992772936821
                ],
                [
                    0.19227103888988495,
                    -0.072181835770607,
                    0.978683590888977
                ]
            ],
            [
                [
                    0.9996647834777832,
                    0.009198460727930069,
                    0.02420065365731716
                ],
                [
                    -0.006184326019138098,
                    0.9925358295440674,
                    -0.12179641425609589
                ],
                [
                    -0.02514035627245903,
                    0.12160592526197433,
                    0.9922599792480469
                ]
            ],
            [
                [
                    0.9871423244476318,
                    -0.15603213012218475,
                    0.03469906002283096
                ],
                [
                    0.15076324343681335,
                    0.9809865355491638,
                    0.12221226841211319
                ],
                [
                    -0.05310835316777229,
                    -0.11540956050157547,
                    0.9918972253799438
                ]
            ],
            [
                [
                    0.9918993711471558,
                    0.12702560424804688,
                    0.00033435103250667453
                ],
                [
                    -0.12631210684776306,
                    0.986042320728302,
                    0.10846974700689316
                ],
                [
                    0.013448752462863922,
                    -0.1076333075761795,
                    0.9940996170043945
                ]
            ],
            [
                [
                    0.9552696347236633,
                    0.04442054405808449,
                    0.2923811078071594
                ],
                [
                    -0.015115338377654552,
                    0.9946966171264648,
                    -0.1017361655831337
                ],
                [
                    -0.295349657535553,
                    0.09276603162288666,
                    0.950874924659729
                ]
            ],
            [
                [
                    0.9851499199867249,
                    0.12750853598117828,
                    -0.11498329788446426
                ],
                [
                    -0.12653565406799316,
                    0.9918370246887207,
                    0.01575087383389473
                ],
                [
                    0.11605305969715118,
                    -0.0009674849570728838,
                    0.9932425618171692
                ]
            ],
            [
                [
                    0.9665552973747253,
                    -0.25303053855895996,
                    0.041790079325437546
                ],
                [
                    0.2549581825733185,
                    0.9656574130058289,
                    -0.05001984164118767
                ],
                [
                    -0.027698352932929993,
                    0.05900166556239128,
                    0.9978734850883484
                ]
            ],
            [
                [
                    0.9784577488899231,
                    0.08850202709436417,
                    0.1865152269601822
                ],
                [
                    -0.06505844742059708,
                    0.9896026849746704,
                    -0.1282731294631958
                ],
                [
                    -0.19592837989330292,
                    0.11337543278932571,
                    0.9740422368049622
                ]
            ],
            [
                [
                    0.6472198367118835,
                    0.7215161323547363,
                    -0.24601006507873535
                ],
                [
                    -0.7266106605529785,
                    0.681501030921936,
                    0.0871395617723465
                ],
                [
                    0.23052872717380524,
                    0.12235508114099503,
                    0.9653422832489014
                ]
            ],
            [
                [
                    0.5146788358688354,
                    -0.8497727513313293,
                    0.11398274451494217
                ],
                [
                    0.8506430387496948,
                    0.5227370858192444,
                    0.05614650994539261
                ],
                [
                    -0.10729476809501648,
                    0.06806120276451111,
                    0.9918950200080872
                ]
            ],
            [
                [
                    0.8120697736740112,
                    -0.13239027559757233,
                    -0.5683445930480957
                ],
                [
                    0.06689878553152084,
                    0.9886250495910645,
                    -0.13470329344272614
                ],
                [
                    0.5797131061553955,
                    0.07136691361665726,
                    0.8116892576217651
                ]
            ],
            [
                [
                    0.8942735195159912,
                    0.18737466633319855,
                    0.4064057171344757
                ],
                [
                    -0.18549631536006927,
                    0.9816407561302185,
                    -0.04441411420702934
                ],
                [
                    -0.4072664678096771,
                    -0.03566839545965195,
                    0.9126126170158386
                ]
            ],
            [
                [
                    0.9905930161476135,
                    -0.1321885883808136,
                    0.035378266125917435
                ],
                [
                    0.13503995537757874,
                    0.9861274361610413,
                    -0.0965234711766243
                ],
                [
                    -0.022128179669380188,
                    0.10039296001195908,
                    0.9947016835212708
                ]
            ],
            [
                [
                    0.9952144026756287,
                    0.06735921651124954,
                    -0.07078812271356583
                ],
                [
                    -0.0649990439414978,
                    0.9972666501998901,
                    0.03513442724943161
                ],
                [
                    0.07296125590801239,
                    -0.03036513179540634,
                    0.9968724250793457
                ]
            ],
            [
                [
                    0.974940299987793,
                    0.19586308300495148,
                    -0.10549478977918625
                ],
                [
                    -0.1689128577709198,
                    0.9603220820426941,
                    0.2219231128692627
                ],
                [
                    0.14477553963661194,
                    -0.19854234158992767,
                    0.9693405032157898
                ]
            ],
            [
                [
                    0.9704226851463318,
                    -0.22462470829486847,
                    0.08845075964927673
                ],
                [
                    0.19921132922172546,
                    0.9520555734634399,
                    0.23217445611953735
                ],
                [
                    -0.13636216521263123,
                    -0.20768697559833527,
                    0.9686441421508789
                ]
            ]
        ],
        "betas": [
            0.03587275743484497,
            0.2975086569786072,
            0.009445637464523315,
            -0.24294862151145935,
            0.019917041063308716,
            0.06725895404815674,
            -0.011577308177947998,
            -0.0837843120098114,
            0.07177843153476715,
            -0.04977789521217346
        ]
    },
    "pred_cam_t": [
        0.06376391649246216,
        0.518215000629425,
        22.36896324157715
    ],
    "focal_length": [
        5000.0,
        5000.0
    ],
    "pred_keypoints_3d": [
        [
            -0.1328241527080536,
            -0.7801402807235718,
            0.13173456490039825
        ],
        [
            -0.016969673335552216,
            -0.7143833041191101,
            -0.00689486600458622
        ],
        [
            0.16168442368507385,
            -0.6354570388793945,
            0.024208424612879753
        ],
        [
            0.24018999934196472,
            -0.39208322763442993,
            -0.002652239054441452
        ],
        [
            0.3266146779060364,
            -0.17662079632282257,
            0.10908643901348114
        ],
        [
            -0.18198326230049133,
            -0.6345928311347961,
            -0.05108223110437393
        ],
        [
            -0.30765557289123535,
            -0.4034608006477356,
            -0.06870327889919281
        ],
        [
            -0.4203135371208191,
            -0.24128782749176025,
            0.08647438883781433
        ],
        [
            -0.0016765461768954992,
            -0.22062622010707855,
            0.026687441393733025
        ],
        [
            0.06240803003311157,
            -0.13606348633766174,
            0.06524629145860672
        ],
        [
            0.10287806391716003,
            0.11589920520782471,
            0.3593050241470337
        ],
        [
            0.09128865599632263,
            0.5204832553863525,
            0.38227149844169617
        ],
        [
            -0.07237150520086288,
            -0.1315343677997589,
            0.04331081360578537
        ],
        [
            -0.20067757368087769,
            0.08101789653301239,
            0.33333900570869446
        ],
        [
            -0.18415068089962006,
            0.48229408264160156,
            0.38712939620018005
        ],
        [
            -0.09363996982574463,
            -0.8270737528800964,
            0.13872484862804413
        ],
        [
            -0.1429518759250641,
            -0.8267027139663696,
            0.09362007677555084
        ],
        [
            0.0025949180126190186,
            -0.8370163440704346,
            0.09738544374704361
        ],
        [
            -0.10777972638607025,
            -0.8377501964569092,
            -0.00020226091146469116
        ],
        [
            -0.26005297899246216,
            0.4944334626197815,
            0.5743294954299927
        ],
        [
            -0.29983818531036377,
            0.5176092982292175,
            0.5052805542945862
        ],
        [
            -0.16788339614868164,
            0.5332155823707581,
            0.33883970975875854
        ],
        [
            0.08223198354244232,
            0.5238286852836609,
            0.5826983451843262
        ],
        [
            0.1548004150390625,
            0.5453201532363892,
            0.5389385223388672
        ],
        [
            0.09635617583990097,
            0.5775130987167358,
            0.33554577827453613
        ],
        [
            0.11486947536468506,
            0.47589701414108276,
            0.3486647605895996
        ],
        [
            0.09920940548181534,
            0.06684277951717377,
            0.3210669755935669
        ],
        [
            0.14817556738853455,
            -0.24587614834308624,
            0.019806914031505585
        ],
        [
            -0.1409054845571518,
            -0.2204853892326355,
            -0.033980004489421844
        ],
        [
            -0.20360694825649261,
            0.05181965231895447,
            0.3069689869880676
        ],
        [
            -0.18354517221450806,
            0.4565352201461792,
            0.3531893789768219
        ],
        [
            0.31063657999038696,
            -0.20076650381088257,
            0.12913651764392853
        ],
        [
            0.2625129818916321,
            -0.41658276319503784,
            0.02040894702076912
        ],
        [
            0.12581440806388855,
            -0.660904049873352,
            0.016997380182147026
        ],
        [
            -0.15724565088748932,
            -0.6608441472053528,
            -0.05355633795261383
        ],
        [
            -0.331139475107193,
            -0.4425015449523926,
            -0.04744523763656616
        ],
        [
            -0.4188181161880493,
            -0.2606481611728668,
            0.09150104224681854
        ],
        [
            -0.01766752451658249,
            -0.71247798204422,
            -0.004498261958360672
        ],
        [
            -0.07541051506996155,
            -0.8841351270675659,
            0.06585990637540817
        ],
        [
            0.0035732968244701624,
            -0.2335348129272461,
            -0.007292134687304497
        ],
        [
            -0.014224553480744362,
            -0.6583598852157593,
            -0.014520658180117607
        ],
        [
            0.0031159953214228153,
            -0.4768206775188446,
            -0.043026573956012726
        ],
        [
            -0.0815804973244667,
            -0.7716245055198669,
            0.06859702616930008
        ],
        [
            -0.0698782429099083,
            -0.9048512578010559,
            0.06500638276338577
        ]
    ],
    "pred_vertices": [
        [
            -0.1590682715177536,
            -0.8733947277069092,
            0.09501896798610687
        ],
        [
            -0.15623557567596436,
            -0.8578178286552429,
            0.10106422007083893
        ],
        [
            -0.15800872445106506,
            -0.8566004037857056,
            0.08691497892141342
        ],
        [
            -0.1581679880619049,
            -0.8686965703964233,
            0.07830172777175903
        ],
        [
            -0.15739750862121582,
            -0.8460615873336792,
            0.0920054242014885
        ],
        [
            -0.15515372157096863,
            -0.8458819389343262,
            0.10346731543540955
        ],
        [
            -0.15558868646621704,
            -0.8527133464813232,
            0.07384610921144485
        ],
        [
            -0.1536974161863327,
            -0.8617626428604126,
            0.06403401494026184
        ],
        [
            -0.14544838666915894,
            -0.8196451663970947,
            0.055916473269462585
        ],
        [
            -0.14189180731773376,
            -0.8176223039627075,
            0.046031270176172256
        ],
        [
            -0.14433705806732178,
            -0.8297200798988342,
            0.04954298213124275
        ],
        [
            -0.14662817120552063,
            -0.8286764621734619,
            0.0590391643345356
        ],
        [
            -0.13860583305358887,
            -0.7953033447265625,
            0.05066777020692825
        ],
        [
            -0.1384114921092987,
            -0.7843122482299805,
            0.05896871164441109
        ],
        [
            -0.13204994797706604,
            -0.7777259349822998,
            0.049532242119312286
        ],
        [
            -0.1310417205095291,
            -0.7883526682853699,
            0.041064199060201645
        ],
        [
            -0.13266590237617493,
            -0.7926287651062012,
            0.09883406013250351
        ],
        [
            -0.13474243879318237,
            -0.786445140838623,
            0.0935569778084755
        ],
        [
            -0.13804355263710022,
            -0.7931985855102539,
            0.09127997606992722
        ],
        [
            -0.13504889607429504,
            -0.7986522912979126,
            0.09673796594142914
        ],
        [
            -0.13180527091026306,
            -0.8010537624359131,
            0.11088043451309204
        ],
        [
            -0.13120010495185852,
            -0.807207465171814,
            0.10864876210689545
        ],
        [
            -0.13202925026416779,
            -0.8097919225692749,
            0.1161833256483078
        ],
        [
            -0.13375332951545715,
            -0.8027445077896118,
            0.11839552223682404
        ],
        [
            -0.1280422806739807,
            -0.7873367071151733,
            0.1018136516213417
        ],
        [
            -0.1299692690372467,
            -0.7811615467071533,
            0.09596992284059525
        ],
        [
            -0.13132838904857635,
            -0.7977665662765503,
            0.10389110445976257
        ],
        [
            -0.13064628839492798,
            -0.7932354211807251,
            0.1061907634139061
        ],
        [
            -0.13476069271564484,
            -0.7849064469337463,
            0.1145370677113533
        ],
        [
            -0.1355867087841034,
            -0.7898671627044678,
            0.11319693922996521
        ],
        [
            -0.13827410340309143,
            -0.7894752621650696,
            0.12045187503099442
        ],
        [
            -0.13591966032981873,
            -0.7840749025344849,
            0.1199818104505539
        ],
        [
            -0.13041318953037262,
            -0.7863613367080688,
            0.10594292730093002
        ],
        [
            -0.13319522142410278,
            -0.7886475324630737,
            0.10794466733932495
        ],
        [
            -0.13246041536331177,
            -0.7844201326370239,
            0.11068367213010788
        ],
        [
            -0.12890858948230743,
            -0.7829338908195496,
            0.10913394391536713
        ],
        [
            -0.13275271654129028,
            -0.7962828874588013,
            0.11255194246768951
        ],
        [
            -0.13590532541275024,
            -0.7965456247329712,
            0.11978031694889069
        ],
        [
            -0.1381293088197708,
            -0.7963652014732361,
            0.1276203840970993
        ],
        [
            -0.13960739970207214,
            -0.7876110672950745,
            0.1281263828277588
        ],
        [
            -0.1359739601612091,
            -0.7747294306755066,
            0.07975499331951141
        ],
        [
            -0.13657927513122559,
            -0.7806103229522705,
            0.08689667284488678
        ],
        [
            -0.13216252624988556,
            -0.7755649089813232,
            0.08995076268911362
        ],
        [
            -0.13272160291671753,
            -0.7707761526107788,
            0.08391270041465759
        ],
        [
            -0.1266711801290512,
            -0.7807666063308716,
            0.10552825033664703
        ],
        [
            -0.12640011310577393,
            -0.7653946876525879,
            0.10078542679548264
        ],
        [
            -0.12739145755767822,
            -0.7690496444702148,
            0.10128629207611084
        ],
        [
            -0.1259666383266449,
            -0.769033670425415,
            0.10829947888851166
        ],
        [
            -0.12535957992076874,
            -0.76563960313797,
            0.10728424042463303
        ],
        [
            -0.13107216358184814,
            -0.7627434730529785,
            0.06818754225969315
        ],
        [
            -0.12989488244056702,
            -0.7604883909225464,
            0.07493381947278976
        ],
        [
            -0.12707284092903137,
            -0.7545256614685059,
            0.07189123332500458
        ],
        [
            -0.12663871049880981,
            -0.7557710409164429,
            0.06480680406093597
        ],
        [
            -0.12316429615020752,
            -0.7491793632507324,
            0.07249103486537933
        ],
        [
            -0.12181282043457031,
            -0.748869776725769,
            0.0628804937005043
        ],
        [
            -0.1127764955163002,
            -0.7344412803649902,
            0.06691844016313553
        ],
        [
            -0.11704466491937637,
            -0.74102783203125,
            0.06464044749736786
        ],
        [
            -0.11944945901632309,
            -0.7434965372085571,
            0.07460258156061172
        ],
        [
            -0.11653261631727219,
            -0.7375949621200562,
            0.07953522354364395
        ],
        [
            -0.1151832565665245,
            -0.7404253482818604,
            0.09347027540206909
        ],
        [
            -0.11247909814119339,
            -0.738706111907959,
            0.09901263564825058
        ],
        [
            -0.11178421974182129,
            -0.7271647453308105,
            0.09272676706314087
        ],
        [
            -0.11404265463352203,
            -0.731350302696228,
            0.08677451312541962
        ],
        [
            -0.12216354161500931,
            -0.7603005170822144,
            0.09716395288705826
        ],
        [
            -0.12308439612388611,
            -0.7610101103782654,
            0.09254714101552963
        ],
        [
            -0.1251872330904007,
            -0.7618795037269592,
            0.09407804161310196
        ],
        [
            -0.1247822716832161,
            -0.7621850371360779,
            0.09926190972328186
        ],
        [
            -0.124369315803051,
            -0.7612167596817017,
            0.08876462280750275
        ],
        [
            -0.12500712275505066,
            -0.7611058950424194,
            0.08707437664270401
        ],
        [
            -0.1259477436542511,
            -0.7620363235473633,
            0.08819744735956192
        ],
        [
            -0.1251310408115387,
            -0.7618113160133362,
            0.08912590146064758
        ],
        [
            -0.12404388189315796,
            -0.7613496780395508,
            0.09090884029865265
        ],
        [
            -0.12313489615917206,
            -0.7594358921051025,
            0.09163229912519455
        ],
        [
            -0.12389490753412247,
            -0.7603671550750732,
            0.08964910358190536
        ],
        [
            -0.12243615090847015,
            -0.7579410076141357,
            0.09585176408290863
        ],
        [
            -0.1182718425989151,
            -0.7543118000030518,
            0.10953730344772339
        ],
        [
            -0.12022661417722702,
            -0.754654049873352,
            0.10599180310964584
        ],
        [
            -0.1193329468369484,
            -0.7591469287872314,
            0.10699024796485901
        ],
        [
            -0.11765992641448975,
            -0.7592712044715881,
            0.11006495356559753
        ],
        [
            -0.12651465833187103,
            -0.763805091381073,
            0.09076214581727982
        ],
        [
            -0.12796902656555176,
            -0.7650902271270752,
            0.08905841410160065
        ],
        [
            -0.12813055515289307,
            -0.7669727206230164,
            0.0943705141544342
        ],
        [
            -0.12638409435749054,
            -0.7644286155700684,
            0.09440337121486664
        ],
        [
            -0.13032573461532593,
            -0.7670251131057739,
            0.08721812069416046
        ],
        [
            -0.12740305066108704,
            -0.763390839099884,
            0.08643066883087158
        ],
        [
            -0.12917286157608032,
            -0.7645301818847656,
            0.08407773822546005
        ],
        [
            -0.12419991940259933,
            -0.7595157623291016,
            0.0872429609298706
        ],
        [
            -0.1247757077217102,
            -0.7582745552062988,
            0.0841250941157341
        ],
        [
            -0.1264961063861847,
            -0.7605040073394775,
            0.08474602550268173
        ],
        [
            -0.12290451675653458,
            -0.7551103830337524,
            0.08539190888404846
        ],
        [
            -0.12272077053785324,
            -0.7574642896652222,
            0.08941572159528732
        ],
        [
            -0.1217346340417862,
            -0.7550187110900879,
            0.0934237539768219
        ],
        [
            -0.12065857648849487,
            -0.7525616884231567,
            0.098640576004982
        ],
        [
            -0.11917880922555923,
            -0.7487149238586426,
            0.09415019303560257
        ],
        [
            -0.12109677493572235,
            -0.7517122030258179,
            0.08905375003814697
        ],
        [
            -0.12970872223377228,
            -0.7712677717208862,
            0.09306490421295166
        ],
        [
            -0.12807989120483398,
            -0.7603392004966736,
            0.08047209680080414
        ],
        [
            -0.13161394000053406,
            -0.7664920091629028,
            0.07915177941322327
        ],
        [
            -0.12616987526416779,
            -0.7560961246490479,
            0.07912784814834595
        ],
        [
            -0.12345945835113525,
            -0.7519257068634033,
            0.07979190349578857
        ],
        [
            -0.11986841261386871,
            -0.7476925849914551,
            0.08326562494039536
        ],
        [
            -0.11786279082298279,
            -0.7436864376068115,
            0.08805512636899948
        ],
        [
            -0.10394537448883057,
            -0.7209122776985168,
            0.08196087926626205
        ],
        [
            -0.1082090213894844,
            -0.7265888452529907,
            0.07532348483800888
        ],
        [
            -0.15045630931854248,
            -0.8390375375747681,
            0.10139673203229904
        ],
        [
            -0.15463808178901672,
            -0.8388339281082153,
            0.09346083551645279
        ],
        [
            -0.1504669189453125,
            -0.8319387435913086,
            0.0884924829006195
        ],
        [
            -0.15200203657150269,
            -0.8340467214584351,
            0.08749306946992874
        ],
        [
            -0.15055914223194122,
            -0.8352000117301941,
            0.09361002594232559
        ],
        [
            -0.14956223964691162,
            -0.8321199417114258,
            0.0930849239230156
        ],
        [
            -0.14747285842895508,
            -0.8289757966995239,
            0.06717472523450851
        ],
        [
            -0.14791414141654968,
            -0.8294005393981934,
            0.07394200563430786
        ],
        [
            -0.14574134349822998,
            -0.8261710405349731,
            0.07223454117774963
        ],
        [
            -0.14633387327194214,
            -0.8226771354675293,
            0.06463301181793213
        ],
        [
            -0.14353248476982117,
            -0.8173429369926453,
            0.08074841648340225
        ],
        [
            -0.14440098404884338,
            -0.8193273544311523,
            0.07590396702289581
        ],
        [
            -0.14550723135471344,
            -0.8249930739402771,
            0.08133551478385925
        ],
        [
            -0.14487633109092712,
            -0.8235347270965576,
            0.08484971523284912
        ],
        [
            -0.14348262548446655,
            -0.822657585144043,
            0.08865468204021454
        ],
        [
            -0.14112791419029236,
            -0.8223526477813721,
            0.09249229729175568
        ],
        [
            -0.14005005359649658,
            -0.8174635171890259,
            0.09085626155138016
        ],
        [
            -0.14208750426769257,
            -0.8170117139816284,
            0.08596586436033249
        ],
        [
            -0.14721465110778809,
            -0.8360238075256348,
            0.09903351962566376
        ],
        [
            -0.14162495732307434,
            -0.8351894617080688,
            0.10396559536457062
        ],
        [
            -0.14167000353336334,
            -0.832434356212616,
            0.1018679216504097
        ],
        [
            -0.14672031998634338,
            -0.832653284072876,
            0.09809949994087219
        ],
        [
            -0.1294834017753601,
            -0.8274580240249634,
            0.10421949625015259
        ],
        [
            -0.1316886842250824,
            -0.8294771909713745,
            0.10466870665550232
        ],
        [
            -0.13052433729171753,
            -0.8304606676101685,
            0.10824833065271378
        ],
        [
            -0.12818630039691925,
            -0.826469898223877,
            0.10731588304042816
        ],
        [
            -0.12913623452186584,
            -0.8236547708511353,
            0.10507743805646896
        ],
        [
            -0.13029751181602478,
            -0.8258166313171387,
            0.10317041724920273
        ],
        [
            -0.1558300256729126,
            -0.8938252329826355,
            0.10393279790878296
        ],
        [
            -0.15504181385040283,
            -0.8760782480239868,
            0.1106417253613472
        ],
        [
            -0.1571771502494812,
            -0.8903167247772217,
            0.08394637703895569
        ],
        [
            -0.1542273461818695,
            -0.8829374313354492,
            0.06726383417844772
        ],
        [
            -0.15035462379455566,
            -0.8719664216041565,
            0.053176529705524445
        ],
        [
            -0.1319979876279831,
            -0.7687790393829346,
            0.059242092072963715
        ],
        [
            -0.12670689821243286,
            -0.7618089318275452,
            0.053083986043930054
        ],
        [
            -0.12509304285049438,
            -0.7717685699462891,
            0.04079677164554596
        ],
        [
            -0.11883776634931564,
            -0.762847363948822,
            0.037572551518678665
        ],
        [
            -0.12054204940795898,
            -0.7527793645858765,
            0.05071425065398216
        ],
        [
            -0.10635168850421906,
            -0.7343209385871887,
            0.0557824932038784
        ],
        [
            -0.1141679435968399,
            -0.7430441379547119,
            0.05161284655332565
        ],
        [
            -0.11100585758686066,
            -0.7538734674453735,
            0.0360550582408905
        ],
        [
            -0.1090177521109581,
            -0.7693537473678589,
            0.021639540791511536
        ],
        [
            -0.11635716259479523,
            -0.7753307819366455,
            0.026476025581359863
        ],
        [
            -0.10611315816640854,
            -0.7875389456748962,
            0.012804850935935974
        ],
        [
            -0.09750136733055115,
            -0.7643886804580688,
            0.017046798020601273
        ],
        [
            -0.09832070022821426,
            -0.7887289524078369,
            0.009329106658697128
        ],
        [
            -0.08327334374189377,
            -0.731717586517334,
            0.03014421835541725
        ],
        [
            -0.08127233386039734,
            -0.7234395742416382,
            0.026533756405115128
        ],
        [
            -0.08483193069696426,
            -0.7325057983398438,
            0.010522492229938507
        ],
        [
            -0.08626334369182587,
            -0.7412446737289429,
            0.01386239379644394
        ],
        [
            -0.12389273941516876,
            -0.7814840078353882,
            0.03199617564678192
        ],
        [
            -0.1433020532131195,
            -0.8415001630783081,
            0.04463878273963928
        ],
        [
            -0.14755406975746155,
            -0.8390807509422302,
            0.05498919636011124
        ],
        [
            -0.1390196830034256,
            -0.8304456472396851,
            0.03928123041987419
        ],
        [
            -0.14316019415855408,
            -0.9037097692489624,
            0.039941731840372086
        ],
        [
            -0.15088418126106262,
            -0.8951694369316101,
            0.05454094335436821
        ],
        [
            -0.14751048386096954,
            -0.8821460008621216,
            0.042746059596538544
        ],
        [
            -0.1412784457206726,
            -0.8919155597686768,
            0.030283477157354355
        ],
        [
            -0.1363735944032669,
            -0.9351848363876343,
            0.07106469571590424
        ],
        [
            -0.1498144268989563,
            -0.9164496064186096,
            0.08782536536455154
        ],
        [
            -0.15071581304073334,
            -0.907541036605835,
            0.0719919204711914
        ],
        [
            -0.14119547605514526,
            -0.9218765497207642,
            0.05711923539638519
        ],
        [
            -0.13378766179084778,
            -0.8960579633712769,
            0.019874803721904755
        ],
        [
            -0.12205333262681961,
            -0.9019256830215454,
            0.007249951362609863
        ],
        [
            -0.11736105382442474,
            -0.9182906150817871,
            0.008089907467365265
        ],
        [
            -0.13179996609687805,
            -0.9141366481781006,
            0.024544641375541687
        ],
        [
            -0.1080455556511879,
            -0.9391634464263916,
            0.01528332382440567
        ],
        [
            -0.12518715858459473,
            -0.933870792388916,
            0.03555796295404434
        ],
        [
            -0.08838484436273575,
            -0.7787542343139648,
            0.0032240673899650574
        ],
        [
            -0.09038998186588287,
            -0.7972182035446167,
            0.0022349469363689423
        ],
        [
            -0.08960689604282379,
            -0.7513583302497864,
            0.018548350781202316
        ],
        [
            -0.08644455671310425,
            -0.7631793022155762,
            0.003336019814014435
        ],
        [
            -0.09479119628667831,
            -0.9547508955001831,
            0.026946663856506348
        ],
        [
            -0.11580142378807068,
            -0.9499151706695557,
            0.05017193406820297
        ],
        [
            -0.0777568593621254,
            -0.8926352858543396,
            -0.02246955782175064
        ],
        [
            -0.08806325495243073,
            -0.9076229333877563,
            -0.015667229890823364
        ],
        [
            -0.10074720531702042,
            -0.8914560079574585,
            -0.011730656027793884
        ],
        [
            -0.08974619954824448,
            -0.8794758319854736,
            -0.01856246590614319
        ],
        [
