{
    "pred_cam": [
        1.5048024654388428,
        0.1288536936044693,
        0.7654231786727905
    ],
    "pred_smpl_params": {
        "global_orient": [
            [
                [
                    0.9917760491371155,
                    0.12062887847423553,
                    0.04276549071073532
                ],
                [
                    0.12656275928020477,
                    -0.8747025728225708,
                    -0.467843234539032
                ],
                [
                    -0.0190283115953207,
                    0.469408243894577,
                    -0.8827762007713318
                ]
            ]
        ],
        "body_pose": [
            [
                [
                    0.9951471090316772,
                    -0.09650208055973053,
                    0.019226858392357826
                ],
                [
                    0.07866359502077103,
                    0.8976069688796997,
                    0.43372076749801636
                ],
                [
                    -0.05911311134696007,
                    -0.43010345101356506,
                    0.9008421897888184
                ]
            ],
            [
                [
                    0.9941776990890503,
                    0.10529971122741699,
                    -0.022864453494548798
                ],
                [
                    -0.08851907402276993,
                    0.9191098213195801,
                    0.3839290738105774
                ],
                [
                    0.06144256889820099,
                    -0.37966975569725037,
                    0.9230794906616211
                ]
            ],
            [
                [
                    0.999977171421051,
                    -0.005314257927238941,
                    -0.004177707247436047
                ],
                [
                    0.003656465793028474,
                    0.9450417757034302,
                    -0.32692912220954895
                ],
                [
                    0.005685493815690279,
                    0.32690635323524475,
                    0.9450396299362183
                ]
            ],
            [
                [
                    0.9933791160583496,
                    0.10275848954916,
                    -0.05136696994304657
                ],
                [
                    -0.10965009778738022,
                    0.7146843671798706,
                    -0.690798819065094
                ],
                [
                    -0.03427426517009735,
                    0.6918575763702393,
                    0.7212200164794922
                ]
            ],
            [
                [
                    0.9945656061172485,
                    -0.08046863973140717,
                    0.06606049835681915
                ],
                [
                    0.10399471968412399,
                    0.737811267375946,
                    -0.6669480204582214
                ],
                [
                    0.0049282158724963665,
                    0.6701935529708862,
                    0.7421700358390808
                ]
            ],
            [
                [
                    0.9998477697372437,
                    0.013439668342471123,
                    0.011135478504002094
                ],
                [
                    -0.013646099716424942,
                    0.9997325539588928,
                    0.018673837184906006
                ],
                [
                    -0.010881529189646244,
                    -0.018822945654392242,
                    0.9997637867927551
                ]
            ],
            [
                [
                    0.9373932480812073,
                    0.077356718480587,
                    0.33957284688949585
                ],
                [
                    -0.08761045336723328,
                    0.9960426688194275,
                    0.014944895170629025
                ],
                [
                    -0.3370729982852936,
                    -0.04375939071178436,
                    0.9404609203338623
                ]
            ],
            [
                [
                    0.9350524544715881,
                    -0.13440048694610596,
                    -0.3280445635318756
                ],
                [
                    0.15032382309436798,
                    0.988356351852417,
                    0.02354888804256916
                ],
                [
                    0.321059912443161,
                    -0.07133235782384872,
                    0.9443686008453369
                ]
            ],
            [
                [
                    0.9997478127479553,
                    0.01257038488984108,
                    0.0186079703271389
                ],
                [
                    -0.011494534090161324,
                    0.9983174204826355,
                    -0.05683557316660881
                ],
                [
                    -0.0192911047488451,
                    0.05660735070705414,
                    0.9982101321220398
                ]
            ],
            [
                [
                    0.9784259796142578,
                    -0.19136962294578552,
                    -0.07784795761108398
                ],
                [
                    0.2004033476114273,
                    0.9707118272781372,
                    0.13250276446342468
                ],
                [
                    0.05021093785762787,
                    -0.14524513483047485,
                    0.9881207942962646
                ]
            ],
            [
                [
                    0.9565252661705017,
                    0.28563734889030457,
                    0.05891290307044983
                ],
                [
                    -0.28949180245399475,
                    0.9544022679328918,
                    0.0728747770190239
                ],
                [
                    -0.03541085496544838,
                    -0.08676137030124664,
                    0.9955995678901672
                ]
            ],
            [
                [
                    0.9906164407730103,
                    0.10478360205888748,
                    0.08774655312299728
                ],
                [
                    -0.09431441873311996,
                    0.9887636303901672,
                    -0.11597955971956253
                ],
                [
                    -0.09891335666179657,
                    0.10661549866199493,
                    0.9893681406974792
                ]
            ],
            [
                [
                    0.9628203511238098,
                    0.21360522508621216,
                    -0.16537737846374512
                ],
                [
                    -0.20349963009357452,
                    0.976119875907898,
                    0.07601248472929001
                ],
                [
                    0.17766481637954712,
                    -0.0395321398973465,
                    0.9832966923713684
                ]
            ],
            [
                [
                    0.979572594165802,
                    -0.19746096432209015,
                    0.03803623467683792
                ],
                [
                    0.1969504952430725,
                    0.9802700877189636,
                    0.016767196357250214
                ],
                [
                    -0.04059664532542229,
                    -0.008933430537581444,
                    0.9991357326507568
                ]
            ],
            [
                [
                    0.9983907341957092,
                    0.005043205339461565,
                    0.056483492255210876
                ],
                [
                    0.0014725954970344901,
                    0.9933960437774658,
                    -0.11472626030445099
                ],
                [
                    -0.0566890686750412,
                    0.11462482810020447,
                    0.9917899966239929
                ]
            ],
            [
                [
                    0.7582730650901794,
                    0.5534725189208984,
                    -0.3445144295692444
                ],
                [
                    -0.5502253770828247,
                    0.8267552852630615,
                    0.11716563254594803
                ],
                [
                    0.34967705607414246,
                    0.10071702301502228,
                    0.9314408898353577
                ]
            ],
            [
                [
                    0.9184165596961975,
                    -0.3942439556121826,
                    0.032904207706451416
                ],
                [
                    0.3854869604110718,
                    0.9105035066604614,
                    0.14960977435112
                ],
                [
                    -0.08894213289022446,
                    -0.12471996247768402,
                    0.988197386264801
                ]
            ],
            [
                [
                    -0.1503211259841919,
                    -0.3752616047859192,
                    -0.9146486520767212
                ],
                [
                    0.22087852656841278,
                    0.889028012752533,
                    -0.40105098485946655
                ],
                [
                    0.9636473059654236,
                    -0.26231271028518677,
                    -0.050752460956573486
                ]
            ],
            [
                [
                    0.6962537169456482,
                    0.249100461602211,
                    0.673186182975769
                ],
                [
                    -0.3872728943824768,
                    0.9200032949447632,
                    0.06011253967881203
                ],
                [
                    -0.60435950756073,
                    -0.30256035923957825,
                    0.7370255589485168
                ]
            ],
            [
                [
                    0.9784027338027954,
                    -0.20047150552272797,
                    -0.05039075389504433
                ],
                [
                    0.1935480535030365,
                    0.9740675687789917,
                    -0.1171812117099762
                ],
                [
                    0.07257550209760666,
                    0.1048973873257637,
                    0.9918312430381775
                ]
            ],
            [
                [
                    0.9930419325828552,
                    0.1154661700129509,
                    0.0231378935277462
                ],
                [
                    -0.10912153124809265,
                    0.9761180877685547,
                    -0.18784593045711517
                ],
                [
                    -0.04427516087889671,
                    0.18401402235031128,
                    0.9819260239601135
                ]
            ],
            [
                [
                    0.9808262586593628,
                    0.16864916682243347,
                    -0.0976598933339119
                ],
                [
                    -0.16135737299919128,
                    0.9837819933891296,
                    0.0783378854393959
                ],
                [
                    0.10928765684366226,
                    -0.061077702790498734,
                    0.9921320080757141
                ]
            ],
            [
                [
                    0.9803650975227356,
                    -0.18042951822280884,
                    0.07955711334943771
                ],
                [
                    0.17043747007846832,
                    0.9782400727272034,
                    0.11831045895814896
                ],
                [
                    -0.0991726666688919,
                    -0.10242794454097748,
                    0.9897843599319458
                ]
            ]
        ],
        "betas": [
            -0.2199031114578247,
            -0.11079534888267517,
            0.018241792917251587,
            -0.010978460311889648,
            -0.02609860897064209,
            -0.0579240545630455,
            0.05617113411426544,
            -0.0001767873764038086,
            -0.10196289420127869,
            -0.0539800226688385
        ]
    },
    "pred_cam_t": [
        0.1288536936044693,
        0.7654231786727905,
        25.95855712890625
    ],
    "focal_length": [
        5000.0,
        5000.0
    ],
    "pred_keypoints_3d": [
        [
            0.11565026640892029,
            -0.7954567074775696,
            0.020811699330806732
        ],
        [
            0.06611716002225876,
            -0.6905742883682251,
            0.17439156770706177
        ],
        [
            -0.12185145914554596,
            -0.6376676559448242,
            0.1650930494070053
        ],
        [
            -0.340768963098526,
            -0.5184491872787476,
            0.13344448804855347
        ],
        [
            -0.5320193767547607,
            -0.5770363807678223,
            -0.019101247191429138
        ],
        [
            0.22760720551013947,
            -0.5871032476425171,
            0.14990004897117615
        ],
        [
            0.34650570154190063,
            -0.39499223232269287,
            0.02665109932422638
        ],
        [
            0.28439441323280334,
            -0.5570744276046753,
            -0.14665675163269043
        ],
        [
            -0.0016002253396436572,
            -0.22059813141822815,
            0.028494808822870255
        ],
        [
            -0.0800054669380188,
            -0.14872202277183533,
            -0.008857235312461853
        ],
        [
            -0.19213397800922394,
            0.08288516104221344,
            -0.28711116313934326
        ],
        [
            -0.21938548982143402,
            0.47594642639160156,
            -0.30415913462638855
        ],
        [
            0.05645283684134483,
            -0.12936609983444214,
            -0.009605638682842255
        ],
        [
            0.09105602651834488,
            0.098072350025177,
            -0.3013673722743988
        ],
        [
            0.008674189448356628,
            0.4825907051563263,
            -0.32567474246025085
        ],
        [
            0.08818503469228745,
            -0.8417199850082397,
            0.04972202330827713
        ],
        [
            0.1520211547613144,
            -0.8261013031005859,
            0.058483049273490906
        ],
        [
            0.031385257840156555,
            -0.8378601670265198,
            0.13794314861297607
        ],
        [
            0.17314131557941437,
            -0.8035165071487427,
            0.15537777543067932
        ],
        [
            0.05740030109882355,
            0.5095863342285156,
            -0.5145609974861145
        ],
        [
            0.10316620767116547,
            0.5385705828666687,
            -0.4517056941986084
        ],
        [
            -0.009672239422798157,
            0.5273801684379578,
            -0.2737858295440674
        ],
        [
            -0.2685368061065674,
            0.4882696866989136,
            -0.49509742856025696
        ],
        [
            -0.32606741786003113,
            0.5028662085533142,
            -0.43116098642349243
        ],
        [
            -0.21017837524414062,
            0.532463550567627,
            -0.2574656307697296
        ],
        [
            -0.23074568808078766,
            0.4324886202812195,
            -0.2679003179073334
        ],
        [
            -0.1788245290517807,
            0.03816625103354454,
            -0.25141942501068115
        ],
        [
            -0.14532604813575745,
            -0.2589890956878662,
            0.061324410140514374
        ],
        [
            0.14629718661308289,
            -0.20199337601661682,
            0.0617385059595108
        ],
        [
            0.10355578362941742,
            0.07039573788642883,
            -0.2763105034828186
        ],
        [
            0.017647741362452507,
            0.4568798542022705,
            -0.2940308749675751
        ],
        [
            -0.4990874230861664,
            -0.5910641551017761,
            -0.02543366514146328
        ],
        [
            -0.34469056129455566,
            -0.5574894547462463,
            0.14103874564170837
        ],
        [
            -0.08779530227184296,
            -0.6637268662452698,
            0.17322546243667603
        ],
        [
            0.2085597813129425,
            -0.6160711646080017,
            0.16290320456027985
        ],
        [
            0.36536622047424316,
            -0.44103842973709106,
            0.03265497833490372
        ],
        [
            0.2854933738708496,
            -0.5625584721565247,
            -0.12407466024160385
        ],
        [
            0.0702279657125473,
            -0.6860629320144653,
            0.17205217480659485
        ],
        [
            0.12104696780443192,
            -0.8705210089683533,
            0.1344548761844635
        ],
        [
            0.0008727741078473628,
            -0.23064225912094116,
            0.061610300093889236
        ],
        [
            0.05949680879712105,
            -0.6358894109725952,
            0.1646803468465805
        ],
        [
            0.027792708948254585,
            -0.4563954770565033,
            0.14492596685886383
        ],
        [
            0.10374806076288223,
            -0.7658461332321167,
            0.09503716975450516
        ],
        [
            0.12008942663669586,
            -0.8899957537651062,
            0.1434289515018463
        ]
    ],
    "pred_vertices": [
        [
            0.1746944785118103,
            -0.8683208227157593,
            0.06144990026950836
        ],
        [
            0.16624125838279724,
            -0.8563920259475708,
            0.054118599742650986
        ],
        [
            0.1747492104768753,
            -0.8501334190368652,
            0.0637146532535553
        ],
        [
            0.18123438954353333,
            -0.8584117889404297,
            0.07405716925859451
        ],
        [
            0.16953766345977783,
            -0.8423653841018677,
            0.05708157271146774
        ],
        [
            0.1613696664571762,
            -0.8465416431427002,
            0.04944717139005661
        ],
        [
            0.17859558761119843,
            -0.8420068621635437,
            0.07413218915462494
        ],
        [
            0.18343794345855713,
            -0.8474236726760864,
            0.08576038479804993
        ],
        [
            0.17275531589984894,
            -0.8057420253753662,
            0.08480282872915268
        ],
        [
            0.17389841377735138,
            -0.8004156947135925,
            0.0942808985710144
        ],
        [
            0.17682082951068878,
            -0.8124845027923584,
            0.09357975423336029
        ],
        [
            0.1739889234304428,
            -0.8148733973503113,
            0.08424690365791321
        ],
        [
            0.16500140726566315,
            -0.7811185717582703,
            0.08637097477912903
        ],
        [
            0.15847131609916687,
            -0.7738989591598511,
            0.07679127156734467
        ],
        [
            0.15676279366016388,
            -0.7644034624099731,
            0.08607631921768188
        ],
        [
            0.16210323572158813,
            -0.7712481021881104,
            0.09629637002944946
        ],
        [
            0.13482412695884705,
            -0.7959522008895874,
            0.05024757981300354
        ],
        [
            0.13817675411701202,
            -0.7881879806518555,
            0.051576439291238785
        ],
        [
            0.1433284878730774,
            -0.7936491966247559,
            0.05335346981883049
        ],
        [
            0.13895738124847412,
            -0.8007829189300537,
            0.052143968641757965
        ],
        [
            0.12943364679813385,
            -0.8079531788825989,
            0.04360169917345047
        ],
        [
            0.13120153546333313,
            -0.8129134178161621,
            0.04725389555096626
        ],
        [
            0.12839214503765106,
            -0.817914605140686,
            0.04180164262652397
        ],
        [
            0.12747670710086823,
            -0.8121143579483032,
            0.037186767905950546
        ],
        [
            0.12845773994922638,
            -0.7921874523162842,
            0.049208786338567734
        ],
        [
            0.132120281457901,
            -0.7841753959655762,
            0.051104944199323654
        ],
        [
            0.13195529580116272,
            -0.8025556802749634,
            0.04849707707762718
        ],
        [
            0.12952561676502228,
            -0.7990959882736206,
            0.04588986188173294
        ],
        [
            0.12711091339588165,
            -0.794215202331543,
            0.03473035618662834
        ],
        [
            0.12954194843769073,
            -0.7982865571975708,
            0.03668852150440216
        ],
        [
            0.12782034277915955,
            -0.8004254102706909,
            0.029414169490337372
        ],
        [
            0.12504760921001434,
            -0.7953248023986816,
            0.029606420546770096
        ],
        [
            0.12806856632232666,
            -0.7926546335220337,
            0.044329315423965454
        ],
        [
            0.12987983226776123,
            -0.7954058051109314,
            0.041859596967697144
        ],
        [
            0.12697955965995789,
            -0.7925019264221191,
            0.03891509398818016
        ],
        [
            0.1244804710149765,
            -0.7907045483589172,
            0.04171697050333023
        ],
        [
            0.12843547761440277,
            -0.8041695952415466,
            0.04059191420674324
        ],
        [
            0.12736836075782776,
            -0.8068456649780273,
            0.03326689451932907
        ],
        [
            0.12523652613162994,
            -0.8094061613082886,
            0.025743797421455383
        ],
        [
            0.12472328543663025,
            -0.801226794719696,
            0.021981559693813324
        ],
        [
            0.14414983987808228,
            -0.7723225355148315,
            0.05894661322236061
        ],
        [
            0.14197923243045807,
            -0.7803472280502319,
            0.05445292964577675
        ],
        [
            0.13591155409812927,
            -0.7768735289573669,
            0.053242359310388565
        ],
        [
            0.1385183036327362,
            -0.770311176776886,
            0.05652689188718796
        ],
        [
            0.12421232461929321,
            -0.7873026728630066,
            0.045159246772527695
        ],
        [
            0.1237834244966507,
            -0.7712691426277161,
            0.04487615451216698
        ],
        [
            0.1250222772359848,
            -0.7748134136199951,
            0.04485500976443291
        ],
        [
            0.12024474889039993,
            -0.7772176861763,
            0.03998773172497749
        ],
        [
            0.11966697126626968,
            -0.7737326622009277,
            0.040234677493572235
        ],
        [
            0.14368343353271484,
            -0.7572005987167358,
            0.0677480548620224
        ],
        [
            0.13880839943885803,
            -0.7576253414154053,
            0.0624227300286293
        ],
        [
            0.13701005280017853,
            -0.7508952617645264,
            0.06476117670536041
        ],
        [
            0.1406339704990387,
            -0.7493401169776917,
            0.07104998826980591
        ],
        [
            0.13300836086273193,
            -0.7459661960601807,
            0.06495946645736694
        ],
        [
            0.1367008537054062,
            -0.7421703338623047,
            0.07350025326013565
        ],
        [
            0.12477269768714905,
            -0.7306126356124878,
            0.07138795405626297
        ],
        [
            0.1305968463420868,
            -0.7356033325195312,
            0.07263343781232834
        ],
        [
            0.12805239856243134,
            -0.7414458990097046,
            0.06371240317821503
        ],
        [
            0.12225683033466339,
            -0.7378365993499756,
            0.05961114913225174
        ],
        [
            0.11394704878330231,
            -0.7454389333724976,
            0.04972895607352257
        ],
        [
            0.10858854651451111,
            -0.7457031011581421,
            0.04615493491292
        ],
        [
            0.1093486100435257,
            -0.7328383326530457,
            0.0485004186630249
        ],
        [
            0.11540170013904572,
            -0.7345418334007263,
            0.05324803292751312
        ],
        [
            0.12116114050149918,
            -0.7653971910476685,
            0.04877256229519844
        ],
        [
            0.12435447424650192,
            -0.7645145654678345,
            0.05225100740790367
        ],
        [
            0.1254347413778305,
            -0.76581871509552,
            0.05010078847408295
        ],
        [
            0.12254968285560608,
            -0.7679084539413452,
            0.04616120457649231
        ],
        [
            0.12725156545639038,
            -0.7634183764457703,
            0.05470407009124756
        ],
        [
            0.12856362760066986,
            -0.7627485394477844,
            0.055717628449201584
        ],
        [
            0.12894530594348907,
            -0.7639972567558289,
            0.05455155670642853
        ],
        [
            0.1276140809059143,
            -0.7641698122024536,
            0.05420302227139473
        ],
        [
            0.12580347061157227,
            -0.7643382549285889,
            0.05319882556796074
        ],
        [
            0.1244647428393364,
            -0.7627403736114502,
            0.052520185708999634
        ],
        [
            0.1263517439365387,
            -0.7628862857818604,
            0.05397942662239075
        ],
        [
            0.12148843705654144,
            -0.7628213167190552,
            0.049061547964811325
        ],
        [
            0.1106196790933609,
            -0.7638570070266724,
            0.038979630917310715
        ],
        [
            0.11404956132173538,
            -0.763123631477356,
            0.04109398275613785
        ],
        [
            0.11361011862754822,
            -0.7676459550857544,
            0.04186443239450455
        ],
        [
            0.11070998013019562,
            -0.7686867713928223,
            0.04012054204940796
        ],
        [
            0.1283443719148636,
            -0.76650071144104,
            0.052665431052446365
        ],
        [
            0.13084416091442108,
            -0.7670234441757202,
            0.05351996049284935
        ],
        [
            0.12867218255996704,
            -0.7705737352371216,
            0.049605805426836014
        ],
        [
            0.12676632404327393,
            -0.7682726383209229,
            0.049860842525959015
        ],
        [
            0.1339968889951706,
            -0.7681251764297485,
            0.05420857295393944
        ],
        [
            0.1312863975763321,
            -0.7645912170410156,
            0.05553460121154785
        ],
        [
            0.13426588475704193,
            -0.7646811008453369,
            0.05672235041856766
        ],
        [
            0.12760666012763977,
            -0.7612471580505371,
            0.05554237216711044
        ],
        [
            0.12941467761993408,
            -0.7589635848999023,
            0.05737021937966347
        ],
        [
            0.13085493445396423,
            -0.7613067626953125,
            0.05657818913459778
        ],
        [
            0.1268550455570221,
            -0.7563591003417969,
            0.056404415518045425
        ],
        [
            0.12506608664989471,
            -0.7600216269493103,
            0.05394198000431061
        ],
        [
            0.1218276098370552,
            -0.7591350078582764,
            0.05050729960203171
        ],
        [
            0.11782114952802658,
            -0.7586464881896973,
            0.04617024585604668
        ],
        [
            0.11831820756196976,
            -0.7534716129302979,
            0.049440648406744
        ],
        [
            0.12302717566490173,
            -0.7544288039207458,
            0.05339943990111351
        ],
        [
            0.13152039051055908,
            -0.7739623785018921,
            0.05089958757162094
        ],
        [
            0.1343066543340683,
            -0.7595981955528259,
            0.05914682149887085
        ],
        [
            0.1391974836587906,
            -0.7647765874862671,
            0.05987785756587982
        ],
        [
            0.13269588351249695,
            -0.755089521408081,
            0.06005328521132469
        ],
        [
            0.1295877993106842,
            -0.7513182163238525,
            0.05974563583731651
        ],
        [
            0.12473921477794647,
            -0.7484882473945618,
            0.0574968047440052
        ],
        [
            0.119563989341259,
            -0.7466260194778442,
            0.053689658641815186
        ],
        [
            0.10729752480983734,
            -0.7235928773880005,
            0.05969661474227905
        ],
        [
            0.11554989963769913,
            -0.7263468503952026,
            0.06454417109489441
        ],
        [
            0.1569358855485916,
            -0.8396404981613159,
            0.051892735064029694
        ],
        [
            0.16447274386882782,
            -0.836597204208374,
            0.05569317936897278
        ],
        [
            0.16215229034423828,
            -0.828830897808075,
            0.06005580350756645
        ],
        [
            0.16434966027736664,
            -0.8303218483924866,
            0.060554418712854385
        ],
        [
            0.16034580767154694,
            -0.8334642052650452,
            0.05665973201394081
        ],
        [
            0.1589636653661728,
            -0.8309049606323242,
            0.05714162066578865
        ],
        [
            0.1700398325920105,
            -0.8183640241622925,
            0.07761583477258682
        ],
        [
            0.16689226031303406,
            -0.8213079571723938,
            0.07216697931289673
        ],
        [
            0.16565755009651184,
            -0.8176730871200562,
            0.07368525862693787
        ],
        [
            0.16954243183135986,
            -0.8116042613983154,
            0.07835094630718231
        ],
        [
            0.15787729620933533,
            -0.8124659061431885,
            0.06538423895835876
        ],
        [
            0.1615872085094452,
            -0.8125542402267456,
            0.06933583319187164
        ],
        [
            0.16044721007347107,
            -0.8198853731155396,
            0.06619693338871002
        ],
        [
            0.15771420300006866,
            -0.8197861909866333,
            0.06329147517681122
        ],
        [
            0.1545347273349762,
            -0.8203204870223999,
            0.060516469180583954
        ],
        [
            0.1506175547838211,
            -0.8213627338409424,
            0.05861366540193558
        ],
        [
            0.149469256401062,
            -0.8162522912025452,
            0.059171777218580246
        ],
        [
            0.15371403098106384,
            -0.814043402671814,
            0.06183294951915741
        ],
        [
            0.1546749323606491,
            -0.836329996585846,
            0.05466700717806816
        ],
        [
            0.14751006662845612,
            -0.8373699188232422,
            0.05346403270959854
        ],
        [
            0.14788849651813507,
            -0.8341084122657776,
            0.05436822772026062
        ],
        [
            0.15397047996520996,
            -0.8331661224365234,
            0.05492817983031273
        ],
        [
            0.1356119066476822,
            -0.8303698897361755,
            0.0573231503367424
        ],
        [
            0.13762244582176208,
            -0.832402229309082,
            0.0564773753285408
        ],
        [
            0.13491488993167877,
            -0.8346180319786072,
            0.054765135049819946
        ],
        [
            0.1327025592327118,
            -0.8305347561836243,
            0.05542626604437828
        ],
        [
            0.13410712778568268,
            -0.8271681070327759,
            0.055627308785915375
        ],
        [
            0.1364855021238327,
            -0.8285374641418457,
            0.057103630155324936
        ],
        [
            0.17080464959144592,
            -0.8914320468902588,
            0.062325991690158844
        ],
        [
            0.1640077829360962,
            -0.8765183687210083,
            0.05188195779919624
        ],
        [
            0.181428462266922,
            -0.8811771869659424,
            0.0767083615064621
        ],
        [
            0.18580655753612518,
            -0.8680397868156433,
            0.08913563191890717
        ],
        [
            0.18759013712406158,
            -0.8532702922821045,
            0.09950704872608185
        ],
        [
            0.1501310169696808,
            -0.7595353126525879,
            0.07596022635698318
        ],
        [
            0.14774034917354584,
            -0.7508419752120972,
            0.08191587775945663
        ],
        [
            0.1544235795736313,
            -0.7558228969573975,
            0.09526609629392624
        ],
        [
            0.1490899622440338,
            -0.7465457916259766,
            0.09916567802429199
        ],
        [
            0.14240780472755432,
            -0.7415875792503357,
            0.08494670689105988
        ],
        [
            0.12510696053504944,
            -0.7265423536300659,
            0.08433407545089722
        ],
        [
            0.13499698042869568,
            -0.7328779101371765,
            0.0855986624956131
        ],
        [
            0.14159312844276428,
            -0.7378336191177368,
            0.10300548374652863
        ],
        [
            0.14934104681015015,
            -0.747572660446167,
            0.11970411241054535
        ],
        [
            0.15487904846668243,
            -0.7542088627815247,
            0.11262018978595734
        ],
        [
            0.15493300557136536,
            -0.7615951299667358,
            0.13337929546833038
        ],
        [
            0.14138279855251312,
            -0.7412493228912354,
            0.1295662224292755
        ],
        [
            0.15048161149024963,
            -0.7613123655319214,
            0.14124497771263123
        ],
        [
            0.11914429068565369,
            -0.713344931602478,
            0.12031200528144836
        ],
        [
            0.11794345080852509,
            -0.7038185596466064,
            0.12316717952489853
        ],
        [
            0.1274441033601761,
            -0.7075413465499878,
            0.1384410560131073
        ],
        [
            0.12936852872371674,
            -0.7171640396118164,
            0.1355821192264557
        ],
        [
            0.15929323434829712,
            -0.7617308497428894,
            0.1056198999285698
        ],
        [
            0.18073396384716034,
            -0.8214560747146606,
            0.10163800418376923
        ],
        [
            0.17863208055496216,
            -0.8227807879447937,
            0.08991718292236328
        ],
        [
            0.17781184613704681,
            -0.8099568486213684,
            0.10485727339982986
        ],
        [
            0.19490687549114227,
            -0.8790432214736938,
            0.124026358127594
        ],
        [
            0.19067445397377014,
            -0.8759623765945435,
            0.10496790707111359
        ],
        [
            0.1927267611026764,
            -0.8594130873680115,
            0.11289089918136597
        ],
        [
            0.1958678662776947,
            -0.8645880222320557,
            0.1292864829301834
        ],
        [
            0.1787908524274826,
            -0.919744074344635,
            0.11155566573143005
        ],
        [
            0.17695069313049316,
            -0.9073814749717712,
            0.0861499235033989
        ],
        [
            0.18390685319900513,
            -0.8934547901153564,
            0.09536091238260269
        ],
        [
            0.18769608438014984,
            -0.9022986888885498,
            0.11645892262458801
        ],
        [
            0.19529344141483307,
            -0.8650978803634644,
            0.14249709248542786
        ],
        [
            0.19304561614990234,
            -0.8660733699798584,
            0.16123178601264954
        ],
        [
            0.19151626527309418,
            -0.8825200200080872,
            0.167813241481781
        ],
        [
            0.1945435106754303,
            -0.8839277029037476,
            0.14521144330501556
        ],
        [
            0.18412716686725616,
            -0.9047331809997559,
            0.17333965003490448
        ],
        [
            0.18746934831142426,
            -0.9065797924995422,
            0.14588060975074768
        ],
        [
            0.14252394437789917,
            -0.7495038509368896,
            0.1502232402563095
        ],
        [
            0.1490321010351181,
            -0.7667856216430664,
            0.1540062576532364
        ],
        [
            0.13238506019115448,
            -0.7287085652351379,
            0.13088877499103546
        ],
        [
            0.13743403553962708,
            -0.7348426580429077,
            0.14856591820716858
        ],
        [
            0.17034441232681274,
            -0.92364501953125,
            0.17520982027053833
        ],
        [
            0.17558732628822327,
            -0.9268093109130859,
            0.1436918079853058
        ],
        [
            0.16836485266685486,
            -0.8482282161712646,
            0.20624102652072906
        ],
        [
            0.17718294262886047,
            -0.8643736839294434,
            0.19988681375980377
        ],
        [
            0.1823728233575821,
            -0.8504360914230347,
            0.1846013069152832
        ],
        [
            0.1743558794260025,
            -0.8374239802360535,
            0.19277487695217133
        ],
        [
            0.1582576185464859,
            -0.8601858019828796,
            0.21991653740406036
        ],
        [
            0.16735276579856873,
            -0.8797946572303772,
            0.21200904250144958
        ],
        [
