{
    "pred_cam": [
        4.562920570373535,
        -0.07258490473031998,
        0.8061842918395996
    ],
    "pred_smpl_params": {
        "global_orient": [
            [
                [
                    0.9831507205963135,
                    0.027523860335350037,
                    0.1807127296924591
                ],
                [
                    0.06438196450471878,
                    -0.9773908257484436,
                    -0.20140035450458527
                ],
                [
                    0.17108365893363953,
                    0.20964154601097107,
                    -0.962694525718689
                ]
            ]
        ],
        "body_pose": [
            [
                [
                    0.9993607997894287,
                    -0.031196100637316704,
                    0.017454996705055237
                ],
                [
                    0.024176718667149544,
                    0.9495127201080322,
                    0.3127956986427307
                ],
                [
                    -0.02633175253868103,
                    -0.3121738135814667,
                    0.9496600031852722
                ]
            ],
            [
                [
                    0.9966562986373901,
                    0.0797400251030922,
                    -0.01782325655221939
                ],
                [
                    -0.07167172431945801,
                    0.9579296708106995,
                    0.2779098153114319
                ],
                [
                    0.039233963936567307,
                    -0.27570316195487976,
                    0.9604417681694031
                ]
            ],
            [
                [
                    0.9996952414512634,
                    0.012090089730918407,
                    0.021523043513298035
                ],
                [
                    -0.00750427320599556,
                    0.9794350862503052,
                    -0.20161999762058258
                ],
                [
                    -0.02351802960038185,
                    0.20139704644680023,
                    0.9792273044586182
                ]
            ],
            [
                [
                    0.999040424823761,
                    0.04224064201116562,
                    -0.011570996604859829
                ],
                [
                    -0.04285544529557228,
                    0.8883538842201233,
                    -0.4571549594402313
                ],
                [
                    -0.009031349793076515,
                    0.4572121798992157,
                    0.889311671257019
                ]
            ],
            [
                [
                    0.9965193867683411,
                    -0.08182580024003983,
                    0.01592334546148777
                ],
                [
                    0.07921894639730453,
                    0.8701075315475464,
                    -0.486453652381897
                ],
                [
                    0.025949442759156227,
                    0.4860219955444336,
                    0.8735612034797668
                ]
            ],
            [
                [
                    0.9986531734466553,
                    0.02258753776550293,
                    0.0467081181704998
                ],
                [
                    -0.022079503163695335,
                    0.9996916651725769,
                    -0.011364471167325974
                ],
                [
                    -0.046950407326221466,
                    0.01031787320971489,
                    0.9988439679145813
                ]
            ],
            [
                [
                    0.963676929473877,
                    0.10993992537260056,
                    0.24339264631271362
                ],
                [
                    -0.11755712330341339,
                    0.9929214715957642,
                    0.016949549317359924
                ],
                [
                    -0.23980635404586792,
                    -0.04494643583893776,
                    0.9697797298431396
                ]
            ],
            [
                [
                    0.975375235080719,
                    -0.06910388171672821,
                    -0.20944653451442719
                ],
                [
                    0.07479267567396164,
                    0.9970113039016724,
                    0.019353747367858887
                ],
                [
                    0.20748312771320343,
                    -0.034542232751846313,
                    0.9776285886764526
                ]
            ],
            [
                [
                    0.9987713098526001,
                    0.01140168122947216,
                    0.0482284352183342
                ],
                [
                    -0.013102048076689243,
                    0.9992983341217041,
                    0.035088684409856796
                ],
                [
                    -0.04779452085494995,
                    -0.035677459090948105,
                    0.998219907283783
                ]
            ],
            [
                [
                    0.9697056412696838,
                    -0.240057110786438,
                    -0.045205820351839066
                ],
                [
                    0.24264293909072876,
                    0.967949390411377,
                    0.0647943913936615
                ],
                [
                    0.028202595189213753,
                    -0.07380035519599915,
                    0.9968741536140442
                ]
            ],
            [
                [
                    0.9711105227470398,
                    0.21777570247650146,
                    -0.09756016731262207
                ],
                [
                    -0.20824503898620605,
                    0.9730364680290222,
                    0.09916672855615616
                ],
                [
                    0.11652570217847824,
                    -0.07598543912172318,
                    0.9902766346931458
                ]
            ],
            [
                [
                    0.9908272624015808,
                    0.0869419127702713,
                    -0.1034521833062172
                ],
                [
                    -0.09797048568725586,
                    0.9894430041313171,
                    -0.10679106414318085
                ],
                [
                    0.09307541698217392,
                    0.11594676971435547,
                    0.9888848662376404
                ]
            ],
            [
                [
                    0.9499273300170898,
                    0.1390998810529709,
                    -0.2798023819923401
                ],
                [
                    -0.11698883771896362,
                    0.9886447191238403,
                    0.09431469440460205
                ],
                [
                    0.2897442877292633,
                    -0.05685834959149361,
                    0.9554137587547302
                ]
            ],
            [
                [
                    0.9443554878234863,
                    -0.14102208614349365,
                    0.2971622943878174
                ],
                [
                    0.12379660457372665,
                    0.9893844127655029,
                    0.0761101022362709
                ],
                [
                    -0.3047409951686859,
                    -0.035087306052446365,
                    0.9517886638641357
                ]
            ],
            [
                [
                    0.9958970546722412,
                    0.012322623282670975,
                    -0.08965058624744415
                ],
                [
                    -0.019356776028871536,
                    0.9967637658119202,
                    -0.07802077382802963
                ],
                [
                    0.08839903771877289,
                    0.07943599671125412,
                    0.9929126501083374
                ]
            ],
            [
                [
                    0.4799535274505615,
                    0.695101797580719,
                    -0.5352363586425781
                ],
                [
                    -0.7301409244537354,
                    0.6547186970710754,
                    0.19554440677165985
                ],
                [
                    0.4863525927066803,
                    0.2969457507133484,
                    0.8217568397521973
                ]
            ],
            [
                [
                    0.5982168912887573,
                    -0.6781135201454163,
                    0.4269644320011139
                ],
                [
                    0.6854172348976135,
                    0.7090312838554382,
                    0.1657644361257553
                ],
                [
                    -0.41513824462890625,
                    0.19348570704460144,
                    0.8889452219009399
                ]
            ],
            [
                [
                    -0.4270399808883667,
                    -0.37259140610694885,
                    -0.8239007592201233
                ],
                [
                    0.20792515575885773,
                    0.846281886100769,
                    -0.49048349261283875
                ],
                [
                    0.8800022602081299,
                    -0.38076579570770264,
                    -0.28392505645751953
                ]
            ],
            [
                [
                    -0.13250966370105743,
                    0.354229211807251,
                    0.9257229566574097
                ],
                [
                    -0.2756698727607727,
                    0.8839392066001892,
                    -0.3777005076408386
                ],
                [
                    -0.9520753026008606,
                    -0.3052428662776947,
                    -0.01948016695678234
                ]
            ],
            [
                [
                    0.9618197083473206,
                    -0.26575347781181335,
                    -0.06540592759847641
                ],
                [
                    0.2686598300933838,
                    0.962385892868042,
                    0.04043811559677124
                ],
                [
                    0.05219917371869087,
                    -0.05646612122654915,
                    0.9970390200614929
                ]
            ],
            [
                [
                    0.9694594740867615,
                    0.2401181310415268,
                    0.04991606995463371
                ],
                [
                    -0.24060094356536865,
                    0.9706166386604309,
                    0.003810388734564185
                ],
                [
                    -0.04753442481160164,
                    -0.015703869983553886,
                    0.9987461566925049
                ]
            ],
            [
                [
                    0.9748213291168213,
                    0.2007828801870346,
                    -0.09700292348861694
                ],
                [
                    -0.1960882693529129,
                    0.978996217250824,
                    0.05581929534673691
                ],
                [
                    0.10617305338382721,
                    -0.03539270535111427,
                    0.9937175512313843
                ]
            ],
            [
                [
                    0.9829128384590149,
                    -0.1779707968235016,
                    0.046996813267469406
                ],
                [
                    0.1732431948184967,
                    0.9807094931602478,
                    0.09053079783916473
                ],
                [
                    -0.062202051281929016,
                    -0.08084201067686081,
                    0.9947841763496399
                ]
            ]
        ],
        "betas": [
            -0.3874961733818054,
            -0.09956610202789307,
            0.02046579122543335,
            -0.1271514892578125,
            -0.06253474950790405,
            0.04423925653100014,
            0.1553277224302292,
            -0.09429726004600525,
            -0.01630862057209015,
            -0.053487181663513184
        ]
    },
    "pred_cam_t": [
        -0.07258490473031998,
        0.8061842918395996,
        8.5608549118042
    ],
    "focal_length": [
        5000.0,
        5000.0
    ],
    "pred_keypoints_3d": [
        [
            0.07154329121112823,
            -0.8049534559249878,
            -0.05104805529117584
        ],
        [
            0.02791455015540123,
            -0.7045344114303589,
            0.10452741384506226
        ],
        [
            -0.13707971572875977,
            -0.6514855027198792,
            0.029206998646259308
        ],
        [
            -0.20547641813755035,
            -0.4720460772514343,
            -0.12924617528915405
        ],
        [
            -0.036989256739616394,
            -0.599997341632843,
            -0.26075825095176697
        ],
        [
            0.19046640396118164,
            -0.6156742572784424,
            0.124418705701828
        ],
        [
            0.27408143877983093,
            -0.40996378660202026,
            -0.0010375827550888062
        ],
        [
            0.19035857915878296,
            -0.6073269844055176,
            -0.11487093567848206
        ],
        [
            -0.0015068961074575782,
            -0.2173892706632614,
            0.028257152065634727
        ],
        [
            -0.07158821821212769,
            -0.1335170418024063,
            0.0018916558474302292
        ],
        [
            -0.1298535168170929,
            0.19370277225971222,
            -0.17411339282989502
        ],
        [
            -0.1388092339038849,
            0.581103503704071,
            -0.12484628707170486
        ],
        [
            0.06352914124727249,
            -0.12333905696868896,
            0.027969595044851303
        ],
        [
            0.11661379784345627,
            0.19934040307998657,
            -0.14250001311302185
        ],
        [
            0.06586463749408722,
            0.5860259532928467,
            -0.12601709365844727
        ],
        [
            0.04487444460391998,
            -0.8505631685256958,
            -0.021334152668714523
        ],
        [
            0.10926403105258942,
            -0.8363690376281738,
            -0.015967607498168945
        ],
        [
            -0.0056038349866867065,
            -0.8457580804824829,
            0.06876209378242493
        ],
        [
            0.1363978087902069,
            -0.8141920566558838,
            0.08026079833507538
        ],
        [
            0.1291813850402832,
            0.634313702583313,
            -0.30515342950820923
        ],
        [
            0.17307868599891663,
            0.6486110687255859,
            -0.236707866191864
        ],
        [
            0.04474027454853058,
            0.623322606086731,
            -0.07297836244106293
        ],
        [
            -0.14520373940467834,
            0.6291415095329285,
            -0.31600630283355713
        ],
        [
            -0.21198798716068268,
            0.6343197226524353,
            -0.26274383068084717
        ],
        [
            -0.14022737741470337,
            0.6263183355331421,
            -0.06822124123573303
        ],
        [
            -0.15812596678733826,
            0.5326017141342163,
            -0.10043922811746597
        ],
        [
            -0.12298530340194702,
            0.1363295316696167,
            -0.15365861356258392
        ],
        [
            -0.1477368175983429,
            -0.2555215656757355,
            0.021967224776744843
        ],
        [
            0.13895554840564728,
            -0.21819768846035004,
            0.08321700245141983
        ],
        [
            0.12562085688114166,
            0.16196280717849731,
            -0.12525524199008942
        ],
        [
            0.06891456991434097,
            0.5546870827674866,
            -0.09846702218055725
        ],
        [
            -0.04149874299764633,
            -0.607169508934021,
            -0.22325673699378967
        ],
        [
            -0.21262815594673157,
            -0.5162491202354431,
            -0.13689866662025452
        ],
        [
            -0.10712634772062302,
            -0.6726118326187134,
            0.04713656008243561
        ],
        [
            0.16561689972877502,
            -0.6395436525344849,
            0.12738889455795288
        ],
        [
            0.29932349920272827,
            -0.45415782928466797,
            0.0031815464608371258
        ],
        [
            0.1985117495059967,
            -0.6070688962936401,
            -0.0912727564573288
        ],
        [
            0.03346557170152664,
            -0.703138530254364,
            0.09474826604127884
        ],
        [
            0.08189310878515244,
            -0.8801738619804382,
            0.061181120574474335
        ],
        [
            -0.003920070827007294,
            -0.23717257380485535,
            0.052947159856557846
        ],
        [
            0.028153859078884125,
            -0.6521549820899963,
            0.08579285442829132
        ],
        [
            0.002101645339280367,
            -0.47181224822998047,
            0.09257253259420395
        ],
        [
            0.06534899771213531,
            -0.7752886414527893,
            0.022694209590554237
        ],
        [
            0.08034107089042664,
            -0.8995503187179565,
            0.07013773918151855
        ]
    ],
    "pred_vertices": [
        [
            0.13124418258666992,
            -0.8790061473846436,
            -0.013302098959684372
        ],
        [
            0.12289419770240784,
            -0.8667377233505249,
            -0.02076517790555954
        ],
        [
            0.13220524787902832,
            -0.8606710433959961,
            -0.011506564915180206
        ],
        [
            0.13869968056678772,
            -0.8692022562026978,
            -0.0011392347514629364
        ],
        [
            0.12643323838710785,
            -0.852751612663269,
            -0.017635811120271683
        ],
        [
            0.11755315214395523,
            -0.8568476438522339,
            -0.024897892028093338
        ],
        [
            0.13645035028457642,
            -0.8527171611785889,
            -0.0011802278459072113
        ],
        [
            0.14190250635147095,
            -0.8578143119812012,
            0.010036822408437729
        ],
        [
            0.1319783627986908,
            -0.8168994188308716,
            0.00956820324063301
        ],
        [
            0.13356071710586548,
            -0.8112910389900208,
            0.019467908889055252
        ],
        [
            0.13649258017539978,
            -0.8230934739112854,
            0.01819603145122528
        ],
        [
            0.13303783535957336,
            -0.8257489204406738,
            0.00886407122015953
        ],
        [
            0.12524427473545074,
            -0.7916891574859619,
            0.011922471225261688
        ],
        [
            0.11841510236263275,
            -0.7844192981719971,
            0.0026467442512512207
        ],
        [
            0.11752724647521973,
            -0.7749471664428711,
            0.012351658195257187
        ],
        [
            0.12304810434579849,
            -0.7819510698318481,
            0.022390026599168777
        ],
        [
            0.09254616498947144,
            -0.8058288097381592,
            -0.023333221673965454
        ],
        [
            0.09639942646026611,
            -0.7981953024864197,
            -0.022088993340730667
        ],
        [
            0.10149233043193817,
            -0.8037388920783997,
            -0.02070128545165062
        ],
        [
            0.09673034399747849,
            -0.8107552528381348,
            -0.021753814071416855
        ],
        [
            0.08628176897764206,
            -0.8174532651901245,
            -0.029562149196863174
        ],
        [
            0.08805911242961884,
            -0.8224434852600098,
            -0.026011481881141663
        ],
        [
            0.0847596526145935,
            -0.8273133635520935,
            -0.0311727374792099
        ],
        [
            0.08377750217914581,
            -0.8215019702911377,
            -0.035717401653528214
        ],
        [
            0.0861915647983551,
            -0.8019686937332153,
            -0.0239902101457119
        ],
        [
            0.0903969407081604,
            -0.7941007614135742,
            -0.022160474210977554
        ],
        [
            0.08930854499340057,
            -0.8123167157173157,
            -0.0249367356300354
        ],
        [
            0.08675685524940491,
            -0.8086999654769897,
            -0.027302119880914688
        ],
        [
            0.08373083174228668,
            -0.8037001490592957,
            -0.03801490366458893
        ],
        [
            0.0861198753118515,
            -0.8078265190124512,
            -0.036161571741104126
        ],
        [
            0.08378860354423523,
            -0.8099613785743713,
            -0.04317863658070564
        ],
        [
            0.08128321915864944,
            -0.8048988580703735,
            -0.04290477931499481
        ],
        [
            0.08534053713083267,
            -0.8023122549057007,
            -0.028686847537755966
        ],
        [
            0.0867774486541748,
            -0.8050264120101929,
            -0.03117527812719345
        ],
        [
            0.08383115381002426,
            -0.8020797967910767,
            -0.033920612186193466
        ],
        [
            0.08170561492443085,
            -0.8002621531486511,
            -0.031029853969812393
        ],
        [
            0.08504365384578705,
            -0.8136679530143738,
            -0.03242509067058563
        ],
        [
            0.08343399316072464,
            -0.8162950277328491,
            -0.03946610540151596
        ],
        [
            0.08077247440814972,
            -0.8188004493713379,
            -0.046746477484703064
        ],
        [
            0.08031819015741348,
            -0.8107194304466248,
            -0.05038001015782356
        ],
        [
            0.10324345529079437,
            -0.7825825214385986,
            -0.014523524791002274
        ],
        [
            0.10047851502895355,
            -0.7905117869377136,
            -0.01920139417052269
        ],
        [
            0.09447428584098816,
            -0.7870143055915833,
            -0.019944336265325546
        ],
        [
            0.09744417667388916,
            -0.7805931568145752,
            -0.01659085601568222
        ],
        [
            0.08190254867076874,
            -0.7969329357147217,
            -0.027618195861577988
        ],
        [
            0.08211039006710052,
            -0.7811550498008728,
            -0.027491692453622818
        ],
        [
            0.08320198953151703,
            -0.7846271991729736,
            -0.027649689465761185
        ],
        [
            0.07806383073329926,
            -0.7869020700454712,
            -0.03226285055279732
        ],
        [
            0.07766419649124146,
            -0.7834855318069458,
            -0.031929418444633484
        ],
        [
            0.10356886684894562,
            -0.7676212191581726,
            -0.005269795656204224
        ],
        [
            0.0983804315328598,
            -0.7680078744888306,
            -0.010357633233070374
        ],
        [
            0.09693558514118195,
            -0.7612276077270508,
            -0.007823463529348373
        ],
        [
            0.10098656266927719,
            -0.7596691846847534,
            -0.0015386193990707397
        ],
        [
            0.09326960891485214,
            -0.7560564279556274,
            -0.007265601307153702
        ],
        [
            0.09749451279640198,
            -0.7522950768470764,
            0.0012611784040927887
        ],
        [
            0.08594591915607452,
            -0.7407437562942505,
            -0.00014975666999816895
        ],
        [
            0.09161492437124252,
            -0.7456662654876709,
            0.000769447535276413
        ],
        [
            0.08851761370897293,
            -0.7515136003494263,
            -0.008260849863290787
        ],
        [
            0.08271303027868271,
            -0.7479232549667358,
            -0.01208459585905075
        ],
        [
            0.0735708549618721,
            -0.7554407119750977,
            -0.021960094571113586
        ],
        [
            0.06807534396648407,
            -0.7554085850715637,
            -0.025367531925439835
        ],
        [
            0.06938623636960983,
            -0.7426409721374512,
            -0.022595345973968506
        ],
        [
            0.07569770514965057,
            -0.7444555759429932,
            -0.01802801713347435
        ],
        [
            0.07997622340917587,
            -0.7753760814666748,
            -0.02343173325061798
        ],
        [
            0.08335643261671066,
            -0.7745891809463501,
            -0.020088355988264084
        ],
        [
            0.08423347026109695,
            -0.7759028673171997,
            -0.022306639701128006
        ],
        [
            0.08103013783693314,
            -0.7779280543327332,
            -0.02609894424676895
        ],
        [
            0.08636018633842468,
            -0.7735752463340759,
            -0.01775936409831047
        ],
        [
            0.08772654086351395,
            -0.7729336619377136,
            -0.016796771436929703
        ],
        [
            0.08798588812351227,
            -0.7741844654083252,
            -0.018003862351179123
        ],
        [
            0.08655670285224915,
            -0.7743973135948181,
            -0.01828867197036743
        ],
        [
            0.08472642302513123,
            -0.7745121717453003,
            -0.01918191835284233
        ],
        [
            0.08346275985240936,
            -0.7729072570800781,
            -0.019772063940763474
        ],
        [
            0.08546888083219528,
            -0.7730242013931274,
            -0.018395233899354935
        ],
        [
            0.08031872659921646,
            -0.7729412317276001,
            -0.023059509694576263
        ],
        [
            0.06908909976482391,
            -0.7735154628753662,
            -0.0327383428812027
        ],
        [
            0.07258141040802002,
            -0.7730482220649719,
            -0.030817631632089615
        ],
        [
            0.07197606563568115,
            -0.7775427103042603,
            -0.029970485717058182
        ],
        [
            0.06905506551265717,
            -0.7782920598983765,
            -0.03167015686631203
        ],
        [
            0.08716276288032532,
            -0.7766237258911133,
            -0.01989132910966873
        ],
        [
            0.08973076194524765,
            -0.7772064208984375,
            -0.019145138561725616
        ],
        [
            0.08724506944417953,
            -0.7806434631347656,
            -0.023027244955301285
        ],
        [
            0.08543913811445236,
            -0.778353214263916,
            -0.02260299026966095
        ],
        [
            0.09279099106788635,
            -0.7783898115158081,
            -0.01866048574447632
        ],
        [
            0.09030403196811676,
            -0.7748209238052368,
            -0.01709539070725441
        ],
        [
            0.09339141845703125,
            -0.7748483419418335,
            -0.01608544960618019
        ],
        [
            0.08685566484928131,
            -0.7714078426361084,
            -0.01690979301929474
        ],
        [
            0.08879756927490234,
            -0.7691347599029541,
            -0.015157710760831833
        ],
        [
            0.0900786817073822,
            -0.7714804410934448,
            -0.016059033572673798
        ],
        [
            0.08630110323429108,
            -0.7665543556213379,
            -0.015872370451688766
        ],
        [
            0.08432216197252274,
            -0.770179033279419,
            -0.01833958551287651
        ],
        [
            0.0809677392244339,
            -0.7692640423774719,
            -0.02158398926258087
        ],
        [
            0.07678687572479248,
            -0.7687050700187683,
            -0.02577289566397667
        ],
        [
            0.07766686379909515,
            -0.7635295391082764,
            -0.022528670728206635
        ],
        [
            0.08247316628694534,
            -0.7646005749702454,
            -0.01868312433362007
        ],
        [
            0.09006047993898392,
            -0.7839605808258057,
            -0.021932899951934814
        ],
        [
            0.09365253895521164,
            -0.7698877453804016,
            -0.013591315597295761
        ],
        [
            0.09840831905603409,
            -0.7751644849777222,
            -0.013087570667266846
        ],
        [
            0.09224824607372284,
            -0.7653701305389404,
            -0.01249261200428009
        ],
        [
            0.08928748220205307,
            -0.7615380883216858,
            -0.012509677559137344
        ],
        [
            0.08477786928415298,
            -0.7585126161575317,
            -0.014561880379915237
        ],
        [
            0.07932630926370621,
            -0.7567508220672607,
            -0.018222801387310028
        ],
        [
            0.06824511289596558,
            -0.7333481311798096,
            -0.011152263730764389
        ],
        [
            0.07670470327138901,
            -0.7362803220748901,
            -0.006530541926622391
        ],
        [
            0.11353787779808044,
            -0.8495218753814697,
            -0.02291256934404373
        ],
        [
            0.12136611342430115,
            -0.8468808531761169,
            -0.019162297248840332
        ],
        [
            0.11937004327774048,
            -0.8391940593719482,
            -0.014597173780202866
        ],
        [
            0.12155888229608536,
            -0.8408600091934204,
            -0.014207527041435242
        ],
        [
            0.11735296249389648,
            -0.843564510345459,
            -0.01808129996061325
        ],
        [
            0.1159944087266922,
            -0.8411186337471008,
            -0.01736447960138321
        ],
        [
            0.1285325288772583,
            -0.8291040658950806,
            0.002326376736164093
        ],
        [
            0.12498749792575836,
            -0.831908106803894,
            -0.0029318779706954956
        ],
        [
            0.12416037917137146,
            -0.8281732797622681,
            -0.001512371003627777
        ],
        [
            0.12844038009643555,
            -0.822358250617981,
            0.0029954947531223297
        ],
        [
            0.11614493280649185,
            -0.8227368593215942,
            -0.009498357772827148
        ],
        [
            0.12009521573781967,
            -0.8229484558105469,
            -0.005692675709724426
        ],
        [
            0.11843881756067276,
            -0.8303017616271973,
            -0.00877268984913826
        ],
        [
            0.11558633297681808,
            -0.8301506638526917,
            -0.01160743460059166
        ],
        [
            0.1121833473443985,
            -0.8305728435516357,
            -0.014126785099506378
        ],
        [
            0.10824364423751831,
            -0.8314427137374878,
            -0.015981029719114304
        ],
        [
            0.10718724131584167,
            -0.8263176679611206,
            -0.015351153910160065
        ],
        [
            0.11164827644824982,
            -0.8242475986480713,
            -0.012921616435050964
        ],
        [
            0.11145634949207306,
            -0.8461921215057373,
            -0.01988716796040535
        ],
        [
            0.10427038371562958,
            -0.8470761179924011,
            -0.020768962800502777
        ],
        [
            0.10475043207406998,
            -0.8439106941223145,
            -0.01978681981563568
        ],
        [
            0.11083807796239853,
            -0.8431386351585388,
            -0.0195668563246727
        ],
        [
            0.09275214374065399,
            -0.8399648666381836,
            -0.01641814038157463
        ],
        [
            0.0946664959192276,
            -0.8420122861862183,
            -0.017277654260396957
        ],
        [
            0.09176736325025558,
            -0.8441810607910156,
            -0.018800150603055954
        ],
        [
            0.08971859514713287,
            -0.8401131629943848,
            -0.0181313194334507
        ],
        [
            0.09118951857089996,
            -0.8367825746536255,
            -0.018104206770658493
        ],
        [
            0.093623086810112,
            -0.8381681442260742,
            -0.016795553267002106
        ],
        [
            0.1271675080060959,
            -0.9021821618080139,
            -0.012256309390068054
        ],
        [
            0.12041418254375458,
            -0.8870066404342651,
            -0.021947577595710754
        ],
        [
            0.13887915015220642,
            -0.8918329477310181,
            0.0013664588332176208
        ],
        [
            0.14371022582054138,
            -0.8788365721702576,
            0.013617970049381256
        ],
        [
            0.14679819345474243,
            -0.8635498285293579,
            0.023321248590946198
        ],
        [
            0.11041761189699173,
            -0.7700254917144775,
            0.002666030079126358
        ],
        [
            0.10868102312088013,
            -0.7611696720123291,
            0.008944779634475708
        ],
        [
            0.11593595147132874,
            -0.7663249969482422,
            0.021800942718982697
        ],
        [
            0.11089685559272766,
            -0.7570751905441284,
            0.026357635855674744
        ],
        [
            0.1037738174200058,
            -0.7518759369850159,
            0.012503903359174728
        ],
        [
            0.08685941994190216,
            -0.7369154691696167,
            0.013589665293693542
        ],
        [
            0.0963670164346695,
            -0.7432828545570374,
            0.014042535796761513
        ],
        [
            0.10323425382375717,
            -0.7487074136734009,
            0.03125571459531784
        ],
        [
            0.11089558154344559,
            -0.7592042684555054,
            0.04733173921704292
        ],
        [
            0.11680878698825836,
            -0.7651337385177612,
            0.039541956037282944
        ],
        [
            0.11642834544181824,
            -0.7734747529029846,
            0.06025414168834686
        ],
        [
            0.10364478081464767,
            -0.7527950406074524,
            0.058419227600097656
        ],
        [
            0.11258886754512787,
            -0.773017168045044,
            0.06879151612520218
        ],
        [
            0.08426623046398163,
            -0.7230037450790405,
            0.05362812802195549
        ],
        [
            0.08385390043258667,
            -0.7137115597724915,
            0.05851404368877411
        ],
        [
            0.09162861108779907,
            -0.718816876411438,
            0.07364067435264587
        ],
        [
            0.09365920722484589,
            -0.727907657623291,
            0.06855089217424393
        ],
        [
            0.12074439972639084,
            -0.77257239818573,
            0.032185573130846024
        ],
        [
            0.1402883231639862,
            -0.832460343837738,
            0.026323329657316208
        ],
        [
            0.1376165896654129,
            -0.8334532976150513,
            0.014443151652812958
        ],
        [
            0.13819512724876404,
            -0.8199598789215088,
            0.030093509703874588
        ],
        [
            0.15454840660095215,
            -0.8900166153907776,
            0.04753895848989487
        ],
        [
            0.1495356261730194,
            -0.8864251375198364,
            0.029172129929065704
        ],
        [
            0.15226052701473236,
            -0.870059609413147,
            0.03650221601128578
        ],
        [
            0.1558828055858612,
            -0.8753154277801514,
            0.05254023149609566
        ],
        [
            0.13717520236968994,
            -0.9301161170005798,
            0.03606180101633072
        ],
        [
            0.13432611525058746,
            -0.9182105660438538,
            0.010713990777730942
        ],
        [
            0.14239953458309174,
            -0.9043892621994019,
            0.019543033093214035
        ],
        [
            0.14647793769836426,
            -0.9127824902534485,
            0.04044755920767784
        ],
        [
            0.15608538687229156,
            -0.876052975654602,
            0.06593398749828339
        ],
        [
            0.15484647452831268,
            -0.8771443367004395,
            0.08489041030406952
        ],
        [
            0.15335167944431305,
            -0.8932441473007202,
            0.09156641364097595
        ],
        [
            0.15524405241012573,
            -0.8946687579154968,
            0.06883633881807327
        ],
        [
            0.14526018500328064,
            -0.9150426387786865,
            0.09693866968154907
        ],
        [
            0.1473260223865509,
            -0.916860044002533,
            0.07004384696483612
        ],
        [
            0.10564783960580826,
            -0.7609571218490601,
            0.07897462695837021
        ],
        [
            0.1118437796831131,
            -0.7783700823783875,
            0.08144769072532654
        ],
        [
            0.0964377149939537,
            -0.739398717880249,
            0.06181847304105759
        ],
        [
            0.10069631040096283,
            -0.7465106844902039,
            0.07919659465551376
        ],
        [
            0.13078093528747559,
            -0.9330379962921143,
            0.09932409971952438
        ],
        [
            0.13473626971244812,
            -0.9366289973258972,
            0.06834112107753754
        ],
        [
            0.13224546611309052,
            -0.859305202960968,
            0.1305772066116333
        ],
        [
            0.14065153896808624,
            -0.8754405975341797,
            0.12388255447149277
        ],
        [
            0.1452920138835907,
            -0.8617454767227173,
            0.10852473229169846
        ],
        [
            0.13774165511131287,
            -0.8486037254333496,
