{
    "pred_cam": [
        2.0847244262695312,
        0.13561765849590302,
        0.5017916560173035
    ],
    "pred_smpl_params": {
        "global_orient": [
            [
                [
                    -0.9630335569381714,
                    -0.09248954057693481,
                    -0.2530060410499573
                ],
                [
                    0.17100167274475098,
                    -0.9356045722961426,
                    -0.30887290835380554
                ],
                [
                    -0.2081460952758789,
                    -0.34071943163871765,
                    0.9168344736099243
                ]
            ]
        ],
        "body_pose": [
            [
                [
                    0.9947413206100464,
                    -0.08379081636667252,
                    -0.05889737978577614
                ],
                [
                    0.1024196669459343,
                    0.8144937753677368,
                    0.5710605382919312
                ],
                [
                    0.00012191895075375214,
                    -0.5740897059440613,
                    0.818792462348938
                ]
            ],
            [
                [
                    0.9974673986434937,
                    0.07042395323514938,
                    -0.009969135746359825
                ],
                [
                    -0.05666205286979675,
                    0.8715015649795532,
                    0.48710817098617554
                ],
                [
                    0.042992204427719116,
                    -0.4853096008300781,
                    0.8732847571372986
                ]
            ],
            [
                [
                    0.9970369935035706,
                    0.030731074512004852,
                    0.0705181211233139
                ],
                [
                    0.003132093232125044,
                    0.8997535109519958,
                    -0.43638724088668823
                ],
                [
                    -0.07685957103967667,
                    0.4353151023387909,
                    0.8969913125038147
                ]
            ],
            [
                [
                    0.9947955012321472,
                    0.09022555500268936,
                    -0.04734374210238457
                ],
                [
                    -0.09781114012002945,
                    0.7154146432876587,
                    -0.691819965839386
                ],
                [
                    -0.028549473732709885,
                    0.6928500533103943,
                    0.7205163240432739
                ]
            ],
            [
                [
                    0.9929482936859131,
                    -0.10042925924062729,
                    0.06298911571502686
                ],
                [
                    0.11663603037595749,
                    0.7325713634490967,
                    -0.6706230640411377
                ],
                [
                    0.02120615355670452,
                    0.6732408404350281,
                    0.7391191720962524
                ]
            ],
            [
                [
                    0.9982209801673889,
                    -0.022362731397151947,
                    0.05526931211352348
                ],
                [
                    0.020171204581856728,
                    0.9990001916885376,
                    0.039896588772535324
                ],
                [
                    -0.05610625073313713,
                    -0.03871076554059982,
                    0.9976740479469299
                ]
            ],
            [
                [
                    0.9790854454040527,
                    0.032631076872348785,
                    0.20081570744514465
                ],
                [
                    -0.03685857728123665,
                    0.9991698265075684,
                    0.017347609624266624
                ],
                [
                    -0.2000829577445984,
                    -0.024386567994952202,
                    0.9794753789901733
                ]
            ],
            [
                [
                    0.9857738018035889,
                    -0.026248738169670105,
                    -0.16601510345935822
                ],
                [
                    0.038928788155317307,
                    0.9965283274650574,
                    0.07359191030263901
                ],
                [
                    0.16350707411766052,
                    -0.07900774478912354,
                    0.9833733439445496
                ]
            ],
            [
                [
                    0.9992064833641052,
                    -0.0011189236538484693,
                    0.03981306403875351
                ],
                [
                    0.00552302086725831,
                    0.9938404560089111,
                    -0.11068245768547058
                ],
                [
                    -0.03944398835301399,
                    0.11081452667713165,
                    0.9930580258369446
                ]
            ],
            [
                [
                    0.9913417100906372,
                    -0.1220146119594574,
                    0.048518285155296326
                ],
                [
                    0.11618835479021072,
                    0.9872540235519409,
                    0.10876443982124329
                ],
                [
                    -0.061170727014541626,
                    -0.10218546539545059,
                    0.9928827881813049
                ]
            ],
            [
                [
                    0.9949961304664612,
                    0.09947434067726135,
                    -0.009360501542687416
                ],
                [
                    -0.09796779602766037,
                    0.9897259473800659,
                    0.10413802415132523
                ],
                [
                    0.019623396918177605,
                    -0.1026998981833458,
                    0.9945187568664551
                ]
            ],
            [
                [
                    0.9761239290237427,
                    0.04153277352452278,
                    0.21320649981498718
                ],
                [
                    -0.02302810549736023,
                    0.9958050847053528,
                    -0.08855387568473816
                ],
                [
                    -0.21599003672599792,
                    0.08152982592582703,
                    0.972985565662384
                ]
            ],
            [
                [
                    0.9834048748016357,
                    0.05328034609556198,
                    -0.1734243482351303
                ],
                [
                    -0.048636410385370255,
                    0.9983377456665039,
                    0.03092125803232193
                ],
                [
                    0.1747835874557495,
                    -0.02197338081896305,
                    0.9843615889549255
                ]
            ],
            [
                [
                    0.9557253122329712,
                    -0.25361719727516174,
                    0.14922256767749786
                ],
                [
                    0.25876232981681824,
                    0.9658116102218628,
                    -0.015810521319508553
                ],
                [
                    -0.1401110738515854,
                    0.05372370034456253,
                    0.9886772036552429
                ]
            ],
            [
                [
                    0.9974486231803894,
                    0.043976131826639175,
                    0.05623392015695572
                ],
                [
                    -0.03886740282177925,
                    0.9952800869941711,
                    -0.08892061561346054
                ],
                [
                    -0.059878889471292496,
                    0.08650808781385422,
                    0.9944499731063843
                ]
            ],
            [
                [
                    0.5894943475723267,
                    0.7499634027481079,
                    -0.3000856339931488
                ],
                [
                    -0.7565040588378906,
                    0.6428109407424927,
                    0.12039832025766373
                ],
                [
                    0.28319263458251953,
                    0.15604186058044434,
                    0.9462838172912598
                ]
            ],
            [
                [
                    0.41907504200935364,
                    -0.8859202861785889,
                    0.19879962503910065
                ],
                [
                    0.891022801399231,
                    0.44336605072021484,
                    0.09749316424131393
                ],
                [
                    -0.17451219260692596,
                    0.13627804815769196,
                    0.9751788377761841
                ]
            ],
            [
                [
                    0.7263181209564209,
                    -0.17538917064666748,
                    -0.6646055579185486
                ],
                [
                    0.09119170904159546,
                    0.9829384088516235,
                    -0.15973764657974243
                ],
                [
                    0.6812825798988342,
                    0.055413808673620224,
                    0.7299200296401978
                ]
            ],
            [
                [
                    0.8328850865364075,
                    0.2097344994544983,
                    0.5121658444404602
                ],
                [
                    -0.1854114979505539,
                    0.9776767492294312,
                    -0.09884699434041977
                ],
                [
                    -0.5214642882347107,
                    -0.01263326033949852,
                    0.8531795740127563
                ]
            ],
            [
                [
                    0.9883639216423035,
                    -0.14603568613529205,
                    0.04254889860749245
                ],
                [
                    0.14915017783641815,
                    0.9853514432907104,
                    -0.08268490433692932
                ],
                [
                    -0.02985066920518875,
                    0.08806893974542618,
                    0.995667040348053
                ]
            ],
            [
                [
                    0.9933937788009644,
                    0.09776192903518677,
                    -0.06009574607014656
                ],
                [
                    -0.09467094391584396,
                    0.9941339492797852,
                    0.052298903465270996
                ],
                [
                    0.06485605984926224,
                    -0.046264078468084335,
                    0.9968217015266418
                ]
            ],
            [
                [
                    0.9736760258674622,
                    0.20080044865608215,
                    -0.10786180198192596
                ],
                [
                    -0.1746995449066162,
                    0.9613716006278992,
                    0.2127082496881485
                ],
                [
                    0.14640717208385468,
                    -0.18826553225517273,
                    0.9711441993713379
                ]
            ],
            [
                [
                    0.9722912907600403,
                    -0.22045710682868958,
                    0.07777093350887299
                ],
                [
                    0.19949975609779358,
                    0.9558985829353333,
                    0.21554039418697357
                ],
                [
                    -0.12185854464769363,
                    -0.19405275583267212,
                    0.9733930230140686
                ]
            ]
        ],
        "betas": [
            -0.04329179227352142,
            0.11103637516498566,
            0.1804974377155304,
            0.005760312080383301,
            0.08687034249305725,
            0.09005939960479736,
            0.001958489418029785,
            -0.1085512638092041,
            0.07781721651554108,
            -0.07021689414978027
        ]
    },
    "pred_cam_t": [
        0.13561765849590302,
        0.5017916560173035,
        18.73748779296875
    ],
    "focal_length": [
        5000.0,
        5000.0
    ],
    "pred_keypoints_3d": [
        [
            -0.2073623090982437,
            -0.7671672105789185,
            0.1437532603740692
        ],
        [
            -0.08932875096797943,
            -0.7132049798965454,
            0.0005709119141101837
        ],
        [
            0.09087064862251282,
            -0.6533647179603577,
            0.061920348554849625
        ],
        [
            0.16883347928524017,
            -0.41143998503685,
            0.05414092540740967
        ],
        [
            0.1918283849954605,
            -0.2053883820772171,
            0.20204958319664001
        ],
        [
            -0.23796382546424866,
            -0.6193115711212158,
            -0.058827996253967285
        ],
        [
            -0.33407163619995117,
            -0.3773297071456909,
            -0.07113074511289597
        ],
        [
            -0.4204517602920532,
            -0.23116783797740936,
            0.11024042218923569
        ],
        [
            -0.0017397240735590458,
            -0.22367721796035767,
            0.027521368116140366
        ],
        [
            0.07309182733297348,
            -0.14887389540672302,
            0.06805907189846039
        ],
        [
            0.12204748392105103,
            0.09918257594108582,
            0.357433557510376
        ],
        [
            0.15420079231262207,
            0.49782794713974,
            0.3568459153175354
        ],
        [
            -0.05844447389245033,
            -0.12373438477516174,
            0.037407856434583664
        ],
        [
            -0.14696212112903595,
            0.10688456892967224,
            0.3214280605316162
        ],
        [
            -0.07710425555706024,
            0.4987240433692932,
            0.35728853940963745
        ],
        [
            -0.17423348128795624,
            -0.8186827898025513,
            0.14501851797103882
        ],
        [
            -0.22697903215885162,
            -0.8098455667495728,
            0.10490201413631439
        ],
        [
            -0.0843590795993805,
            -0.8386791348457336,
            0.09467202425003052
        ],
        [
            -0.20242376625537872,
            -0.8205603361129761,
            0.006471332162618637
        ],
        [
            -0.1442238837480545,
            0.5236330032348633,
            0.5454902052879333
        ],
        [
            -0.1841089129447937,
            0.5487305521965027,
            0.4771087169647217
        ],
        [
            -0.056929588317871094,
            0.5451552867889404,
            0.30718687176704407
        ],
        [
            0.12879782915115356,
            0.5124595761299133,
            0.5542152523994446
        ],
        [
            0.20679441094398499,
            0.5225074887275696,
            0.5166023969650269
        ],
        [
            0.16955724358558655,
            0.5508829951286316,
            0.3086807131767273
        ],
        [
            0.17539441585540771,
            0.44966191053390503,
            0.32784420251846313
        ],
        [
            0.11534540355205536,
            0.05060059577226639,
            0.3210279643535614
        ],
        [
            0.143784761428833,
            -0.27211034297943115,
            0.03079896979033947
        ],
        [
            -0.13697221875190735,
            -0.20271773636341095,
            -0.041859544813632965
        ],
        [
            -0.15434794127941132,
            0.07841050624847412,
            0.29567015171051025
        ],
        [
            -0.08118275552988052,
            0.4717983901500702,
            0.32458019256591797
        ],
        [
            0.17189647257328033,
            -0.23222777247428894,
            0.21385160088539124
        ],
        [
            0.18331868946552277,
            -0.43545418977737427,
            0.08398718386888504
        ],
        [
            0.053175415843725204,
            -0.6751950979232788,
            0.04730483889579773
        ],
        [
            -0.21694286167621613,
            -0.6464151740074158,
            -0.0585983470082283
        ],
        [
            -0.3619307279586792,
            -0.4147838354110718,
            -0.051165856420993805
        ],
        [
            -0.4210353493690491,
            -0.25118622183799744,
            0.11247815191745758
        ],
        [
            -0.09002307802438736,
            -0.7109740376472473,
            0.006561594549566507
        ],
        [
            -0.17058883607387543,
            -0.874275267124176,
            0.06850269436836243
        ],
        [
            0.0032190829515457153,
            -0.23775795102119446,
            -0.005873292684555054
        ],
        [
            -0.07982026040554047,
            -0.658315896987915,
            -0.002421583980321884
        ],
        [
            -0.03352804109454155,
            -0.4812107980251312,
            -0.03647753968834877
        ],
        [
            -0.1618516892194748,
            -0.7614966630935669,
            0.07664793729782104
        ],
        [
            -0.16738906502723694,
            -0.8955134153366089,
            0.06660351157188416
        ]
    ],
    "pred_vertices": [
        [
            -0.2489214539527893,
            -0.8540730476379395,
            0.10583765804767609
        ],
        [
            -0.2436060905456543,
            -0.8391801118850708,
            0.11219501495361328
        ],
        [
            -0.2466466873884201,
            -0.8369907736778259,
            0.09832601994276047
        ],
        [
            -0.2490074336528778,
            -0.8487305641174316,
            0.08920168876647949
        ],
        [
            -0.2440508008003235,
            -0.8268924355506897,
            0.10380839556455612
        ],
        [
            -0.24064680933952332,
            -0.8277010917663574,
            0.11505594849586487
        ],
        [
            -0.24480736255645752,
            -0.8328223824501038,
            0.08521924167871475
        ],
        [
            -0.24497446417808533,
            -0.8416259288787842,
            0.07482758164405823
        ],
        [
            -0.23230908811092377,
            -0.8005275130271912,
            0.06762705743312836
        ],
        [
            -0.2292279154062271,
            -0.7984267473220825,
            0.05740221589803696
        ],
        [
            -0.23313696682453156,
            -0.8100783824920654,
            0.06071147695183754
        ],
        [
            -0.23436133563518524,
            -0.8094044327735901,
            0.07054939866065979
        ],
        [
            -0.22284811735153198,
            -0.7769374847412109,
            0.0623728409409523
        ],
        [
            -0.220560222864151,
            -0.7664853930473328,
            0.0710444450378418
        ],
        [
            -0.21432793140411377,
            -0.7602611780166626,
            0.06104656681418419
        ],
        [
            -0.21533748507499695,
            -0.7705196142196655,
            0.05211108922958374
        ],
        [
            -0.21216586232185364,
            -0.7776414155960083,
            0.11045640707015991
        ],
        [
            -0.21405096352100372,
            -0.7709252238273621,
            0.10554596781730652
        ],
        [
            -0.218389630317688,
            -0.7770586013793945,
            0.10337916016578674
        ],
        [
            -0.21552850306034088,
            -0.7831670641899109,
            0.1083906963467598
        ],
        [
            -0.21105723083019257,
            -0.786747932434082,
            0.122087262570858
        ],
        [
            -0.2114693820476532,
            -0.7927818298339844,
            0.11956895887851715
        ],
        [
            -0.2118576169013977,
            -0.7956483364105225,
            0.1270371973514557
        ],
        [
            -0.21249951422214508,
            -0.7885890603065491,
            0.12968450784683228
        ],
        [
            -0.20658272504806519,
            -0.7731970548629761,
            0.11317508667707443
        ],
        [
            -0.20837678015232086,
            -0.7664685249328613,
            0.10760337859392166
        ],
        [
            -0.21091142296791077,
            -0.7831913232803345,
            0.11519581079483032
        ],
        [
            -0.20940349996089935,
            -0.7789291143417358,
            0.11761800944805145
        ],
        [
            -0.21155481040477753,
            -0.7707047462463379,
            0.12661388516426086
        ],
        [
            -0.2131132185459137,
            -0.7754048109054565,
            0.1251721978187561
        ],
        [
            -0.2149512618780136,
            -0.7751168012619019,
            0.13268586993217468
        ],
        [
            -0.21201536059379578,
            -0.7700672745704651,
            0.13218335807323456
        ],
        [
            -0.20825734734535217,
            -0.7722489833831787,
            0.1176089197397232
        ],
        [
            -0.21107947826385498,
            -0.7742465138435364,
            0.11980193853378296
        ],
        [
            -0.20954659581184387,
            -0.770351767539978,
            0.12260713428258896
        ],
        [
            -0.20605024695396423,
            -0.7692418098449707,
            0.12073376774787903
        ],
        [
            -0.21117393672466278,
            -0.7820764183998108,
            0.12406246364116669
        ],
        [
            -0.21361365914344788,
            -0.7823280096054077,
            0.13152816891670227
        ],
        [
            -0.2150951623916626,
            -0.7823083400726318,
            0.1395755112171173
        ],
        [
            -0.21537849307060242,
            -0.7734934091567993,
            0.14053548872470856
        ],
        [
            -0.2149941474199295,
            -0.7584216594696045,
            0.09198727458715439
        ],
        [
            -0.21567772328853607,
            -0.7645638585090637,
            0.09915914386510849
        ],
        [
            -0.21035966277122498,
            -0.7603317499160767,
            0.10191438347101212
        ],
        [
            -0.21084465086460114,
            -0.7552207112312317,
            0.09599737077951431
        ],
        [
            -0.2039886713027954,
            -0.7671106457710266,
            0.11693419516086578
        ],
        [
            -0.20222485065460205,
            -0.75168776512146,
            0.1125236302614212
        ],
        [
            -0.2036563605070114,
            -0.7551680207252502,
            0.11304424703121185
        ],
        [
            -0.2015836536884308,
            -0.7557059526443481,
            0.11995624005794525
        ],
        [
            -0.200640007853508,
            -0.752388596534729,
            0.11895469576120377
        ],
        [
            -0.20968136191368103,
            -0.7465777397155762,
            0.08021512627601624
        ],
        [
            -0.20762549340724945,
            -0.7448774576187134,
            0.08701802045106888
        ],
        [
            -0.2044113278388977,
            -0.7391191720962524,
            0.08383426815271378
        ],
        [
            -0.20481862127780914,
            -0.7399740219116211,
            0.07649394124746323
        ],
        [
            -0.20002838969230652,
            -0.7342163324356079,
            0.08411620557308197
        ],
        [
            -0.19950541853904724,
            -0.7335466742515564,
            0.07419094443321228
        ],
        [
            -0.18835864961147308,
            -0.7207343578338623,
            0.07781519740819931
        ],
        [
            -0.19363683462142944,
            -0.7265020608901978,
            0.07569582760334015
        ],
        [
            -0.1955059915781021,
            -0.7291568517684937,
            0.08605698496103287
        ],
        [
            -0.19148196280002594,
            -0.7240245342254639,
            0.09099853783845901
        ],
        [
            -0.1889827847480774,
            -0.7278271913528442,
            0.10500962287187576
        ],
        [
            -0.18564154207706451,
            -0.7266795635223389,
            0.11048033833503723
        ],
        [
            -0.18418309092521667,
            -0.7149747610092163,
            0.10439950227737427
        ],
        [
            -0.1875896453857422,
            -0.7184997797012329,
            0.09833431988954544
        ],
        [
            -0.19780641794204712,
            -0.7469627857208252,
            0.10860313475131989
        ],
        [
            -0.1992214024066925,
            -0.7473220825195312,
            0.1040186882019043
        ],
        [
            -0.20123568177223206,
            -0.7480054497718811,
            0.10574085265398026
        ],
        [
            -0.20036770403385162,
            -0.7486491203308105,
            0.11091187596321106
        ],
        [
            -0.20087608695030212,
            -0.7471364140510559,
            0.10035061836242676
        ],
        [
            -0.2016477733850479,
            -0.7468501329421997,
            0.09873594343662262
        ],
        [
            -0.20257334411144257,
            -0.7477275729179382,
            0.09992185980081558
        ],
        [
            -0.20159389078617096,
            -0.7477078437805176,
            0.10079336911439896
        ],
        [
            -0.2003050446510315,
            -0.7474822998046875,
            0.1024799644947052
        ],
        [
            -0.19914060831069946,
            -0.7457195520401001,
            0.10317222774028778
        ],
        [
            -0.20023396611213684,
            -0.7463937997817993,
            0.10120627284049988
        ],
        [
            -0.1978558450937271,
            -0.7445765137672424,
            0.10739979892969131
        ],
        [
            -0.19209155440330505,
            -0.7421804666519165,
            0.12095864117145538
        ],
        [
            -0.1943749636411667,
            -0.7421079874038696,
            0.11750958859920502
        ],
        [
            -0.19396017491817474,
            -0.7467114925384521,
            0.11830030381679535
        ],
        [
            -0.19207856059074402,
            -0.7471796274185181,
            0.12129826098680496
        ],
        [
            -0.20303785800933838,
            -0.7496047019958496,
            0.1025213673710823
        ],
        [
            -0.20488664507865906,
            -0.7505397796630859,
            0.10088342428207397
        ],
        [
            -0.2047865092754364,
            -0.7526509761810303,
            0.10619747638702393
        ],
        [
            -0.20272374153137207,
            -0.7503836154937744,
            0.10610836744308472
        ],
        [
            -0.20761734247207642,
            -0.7520493268966675,
            0.0992378517985344
        ],
        [
            -0.20434507727622986,
            -0.7487865686416626,
            0.09825905412435532
        ],
        [
            -0.2064763903617859,
            -0.7495323419570923,
            0.09603017568588257
        ],
        [
            -0.20066779851913452,
            -0.7453555464744568,
            0.09885849058628082
        ],
        [
            -0.20140628516674042,
            -0.7438426613807678,
            0.0958535447716713
        ],
        [
            -0.20327426493167877,
            -0.74589604139328,
            0.0965769961476326
        ],
        [
            -0.19902363419532776,
            -0.7410305142402649,
            0.09699542820453644
        ],
        [
            -0.19875364005565643,
            -0.7436338067054749,
            0.1009417474269867
        ],
        [
            -0.19707609713077545,
            -0.7415852546691895,
            0.10496439039707184
        ],
        [
            -0.19520580768585205,
            -0.7395933866500854,
            0.11020717024803162
        ],
        [
            -0.1937556266784668,
            -0.7356637120246887,
            0.10570480674505234
        ],
        [
            -0.19648045301437378,
            -0.7381033301353455,
            0.1006142646074295
        ],
        [
            -0.2070155143737793,
            -0.7566089034080505,
            0.10492553561925888
        ],
        [
            -0.20523333549499512,
            -0.7452917098999023,
            0.09243284910917282
        ],
        [
            -0.20964810252189636,
            -0.7508909702301025,
            0.09121537953615189
        ],
        [
            -0.20299887657165527,
            -0.7412019968032837,
            0.09103652834892273
        ],
        [
            -0.1997738480567932,
            -0.7374246120452881,
            0.09152388572692871
        ],
        [
            -0.19559207558631897,
            -0.73381108045578,
            0.09478101134300232
        ],
        [
            -0.19249987602233887,
            -0.7304615378379822,
            0.09962523728609085
        ],
        [
            -0.17661382257938385,
            -0.7092881798744202,
            0.09293002635240555
        ],
        [
            -0.18218034505844116,
            -0.7140055894851685,
            0.08624020963907242
        ],
        [
            -0.23524042963981628,
            -0.8213552236557007,
            0.11285033822059631
        ],
        [
            -0.24005720019340515,
            -0.820227324962616,
            0.10535003244876862
        ],
        [
            -0.23547163605690002,
            -0.8137847185134888,
            0.10022362321615219
        ],
        [
            -0.237394779920578,
            -0.8155662417411804,
            0.09926869720220566
        ],
        [
            -0.23556047677993774,
            -0.8171621561050415,
            0.10527012497186661
        ],
        [
            -0.23418384790420532,
            -0.8142811059951782,
            0.10473419725894928
        ],
        [
            -0.23424768447875977,
            -0.8101083636283875,
            0.07876794040203094
        ],
        [
            -0.23403659462928772,
            -0.8108491897583008,
            0.08556068688631058
        ],
        [
            -0.23176825046539307,
            -0.8077799081802368,
            0.08375342190265656
        ],
        [
            -0.23269419372081757,
            -0.8038514852523804,
            0.07633376866579056
        ],
        [
            -0.22770264744758606,
            -0.7997546195983887,
            0.09243562817573547
        ],
        [
            -0.22931309044361115,
            -0.8013350963592529,
            0.08756894618272781
        ],
        [
            -0.23050156235694885,
            -0.8071575164794922,
            0.09293211251497269
        ],
        [
            -0.2293434739112854,
            -0.8059732913970947,
            0.09645560383796692
        ],
        [
            -0.22751110792160034,
            -0.8054869771003723,
            0.10019303858280182
        ],
        [
            -0.22483953833580017,
            -0.8056372404098511,
            0.10382411628961563
        ],
        [
            -0.2232488989830017,
            -0.8008781671524048,
            0.10228228569030762
        ],
        [
            -0.22567835450172424,
            -0.799906313419342,
            0.09760179370641708
        ],
        [
            -0.23185499012470245,
            -0.8186562061309814,
            0.11036727577447891
        ],
        [
            -0.22581416368484497,
            -0.8187665939331055,
            0.1147625520825386
        ],
        [
            -0.22566387057304382,
            -0.8160061836242676,
            0.11280947923660278
        ],
        [
            -0.2309936136007309,
            -0.8153975605964661,
            0.10952530056238174
        ],
        [
            -0.21279054880142212,
            -0.8128234148025513,
            0.11422325670719147
        ],
        [
            -0.21518060564994812,
            -0.8145551681518555,
            0.11478403210639954
        ],
        [
            -0.21376317739486694,
            -0.8159083127975464,
            0.11816290020942688
        ],
        [
            -0.21103578805923462,
            -0.8121784925460815,
            0.1172088012099266
        ],
        [
            -0.2118503451347351,
            -0.8091540336608887,
            0.1152307391166687
        ],
        [
            -0.21348609030246735,
            -0.8110297918319702,
            0.11337865889072418
        ],
        [
            -0.2476418912410736,
            -0.8752815127372742,
            0.11360760778188705
        ],
        [
            -0.24399429559707642,
            -0.857989490032196,
            0.12091833353042603
        ],
        [
            -0.25039201974868774,
            -0.8705270886421204,
            0.09397400915622711
        ],
        [
            -0.2478775978088379,
            -0.8628116846084595,
            0.07728718221187592
        ],
        [
            -0.24411094188690186,
            -0.8516194820404053,
            0.0632522851228714
        ],
        [
            -0.2122327834367752,
            -0.7519127130508423,
            0.07107019424438477
        ],
        [
            -0.20674383640289307,
            -0.7453151941299438,
            0.06449174880981445
        ],
        [
            -0.2075023651123047,
            -0.7548432946205139,
            0.05175498127937317
        ],
        [
            -0.20029468834400177,
            -0.7466988563537598,
            0.047985244542360306
        ],
        [
            -0.19974258542060852,
            -0.7370346784591675,
            0.06167266517877579
        ],
        [
            -0.1826968491077423,
            -0.721015214920044,
            0.0656016618013382
        ],
        [
            -0.19191649556159973,
            -0.7283661365509033,
            0.06204504519701004
        ],
        [
            -0.19110020995140076,
            -0.7389808893203735,
            0.04567175358533859
        ],
        [
            -0.1920982450246811,
            -0.7540023922920227,
            0.030690424144268036
        ],
        [
            -0.20026543736457825,
            -0.7589012980461121,
            0.03626842424273491
        ],
        [
            -0.19232222437858582,
            -0.7720139622688293,
            0.02092595398426056
        ],
        [
            -0.18005499243736267,
            -0.7504334449768066,
            0.024282410740852356
        ],
        [
            -0.18490460515022278,
            -0.7739666700363159,
            0.016135025769472122
        ],
        [
            -0.1605425626039505,
            -0.7195998430252075,
            0.03513886034488678
        ],
        [
            -0.157188281416893,
            -0.7116085290908813,
            0.0308043472468853
        ],
        [
            -0.16154685616493225,
            -0.7202524542808533,
            0.014532852917909622
        ],
        [
            -0.16486991941928864,
            -0.7285500764846802,
            0.018585648387670517
        ],
        [
            -0.20813436806201935,
            -0.7641923427581787,
            0.042467717081308365
        ],
        [
            -0.23391428589820862,
            -0.8219081163406372,
            0.05512161925435066
        ],
        [
            -0.2369375377893448,
            -0.8192476630210876,
            0.06624431163072586
        ],
        [
            -0.22881029546260834,
            -0.811031699180603,
            0.04963316023349762
        ],
        [
            -0.24254287779331207,
            -0.8835556507110596,
            0.04806674271821976
        ],
        [
            -0.24776965379714966,
            -0.8746778964996338,
            0.06367847323417664
        ],
        [
            -0.24373091757297516,
            -0.8615874648094177,
            0.052042406052351
        ],
        [
            -0.239966481924057,
            -0.8715771436691284,
            0.03861180692911148
        ],
        [
            -0.23712514340877533,
            -0.9170960783958435,
            0.07739129662513733
        ],
        [
            -0.2463502734899521,
            -0.8977150917053223,
            0.09610626101493835
        ],
        [
            -0.24741126596927643,
            -0.8879349827766418,
            0.08074097335338593
        ],
        [
            -0.24139158427715302,
            -0.902519702911377,
            0.06447087973356247
        ],
        [
            -0.23418352007865906,
            -0.8760837316513062,
            0.02730550244450569
        ],
        [
            -0.22440743446350098,
            -0.8828768730163574,
            0.013304196298122406
        ],
        [
            -0.221941277384758,
            -0.8998832702636719,
            0.013196706771850586
        ],
        [
            -0.23423738777637482,
            -0.8946254849433899,
            0.031169164925813675
        ],
        [
            -0.21487753093242645,
            -0.9220529794692993,
            0.018920376896858215
        ],
        [
            -0.2292241007089615,
            -0.9155712127685547,
            0.04083742946386337
        ],
        [
            -0.17338372766971588,
            -0.7650951743125916,
            0.008755907416343689
        ],
        [
            -0.17856036126613617,
            -0.7831293344497681,
            0.00785256177186966
        ],
        [
            -0.17022910714149475,
            -0.7383013963699341,
            0.024204431101679802
        ],
        [
            -0.16867519915103912,
            -0.7501368522644043,
            0.00840989500284195
        ],
        [
            -0.20259954035282135,
            -0.9398447275161743,
            0.028760887682437897
        ],
        [
            -0.22069275379180908,
            -0.9334020614624023,
            0.05406757816672325
        ],
        [
            -0.18175603449344635,
            -0.8781440258026123,
            -0.020332083106040955
        ],
        [
            -0.1936216503381729,
            -0.8919193148612976,
            -0.013120055198669434
        ],
        [
            -0.20348800718784332,
            -0.8744663000106812,
            -0.007360011339187622
        ],
        [
            -0.19137953221797943,
            -0.863715648651123,
            -0.01486971229314804
        ],
        [
            -0.16766439378261566,
