{
    "pred_cam": [
        3.766425609588623,
        -0.08688827604055405,
        0.7785853147506714
    ],
    "pred_smpl_params": {
        "global_orient": [
            [
                [
                    0.9986552000045776,
                    -0.01760503463447094,
                    0.04876289144158363
                ],
                [
                    0.0054000504314899445,
                    -0.900137722492218,
                    -0.43557190895080566
                ],
                [
                    0.05156157910823822,
                    0.4352494776248932,
                    -0.8988321423530579
                ]
            ]
        ],
        "body_pose": [
            [
                [
                    0.9967415928840637,
                    -0.0689200833439827,
                    0.04190820828080177
                ],
                [
                    0.04660598188638687,
                    0.9161341190338135,
                    0.39815351366996765
                ],
                [
                    -0.06583429872989655,
                    -0.39490294456481934,
                    0.9163610935211182
                ]
            ],
            [
                [
                    0.9950503706932068,
                    0.09926362335681915,
                    0.004645788110792637
                ],
                [
                    -0.09461357444524765,
                    0.9320695400238037,
                    0.3497065007686615
                ],
                [
                    0.03038293682038784,
                    -0.3484151065349579,
                    0.9368478059768677
                ]
            ],
            [
                [
                    0.9998767971992493,
                    -0.010797316208481789,
                    0.011390569619834423
                ],
                [
                    0.013326908461749554,
                    0.9674234986305237,
                    -0.25281259417533875
                ],
                [
                    -0.008289803750813007,
                    0.2529332637786865,
                    0.9674481749534607
                ]
            ],
            [
                [
                    0.9956853985786438,
                    0.08342856168746948,
                    0.040623005479574203
                ],
                [
                    -0.04488071799278259,
                    0.8161468505859375,
                    -0.5760989785194397
                ],
                [
                    -0.0812174379825592,
                    0.5717901587486267,
                    0.8163698315620422
                ]
            ],
            [
                [
                    0.9956831932067871,
                    -0.09208336472511292,
                    -0.0116509310901165
                ],
                [
                    0.06580082327127457,
                    0.7888139486312866,
                    -0.6110996007919312
                ],
                [
                    0.06546252965927124,
                    0.6076949238777161,
                    0.7914679646492004
                ]
            ],
            [
                [
                    0.998795747756958,
                    0.0339936837553978,
                    0.035376448184251785
                ],
                [
                    -0.031541869044303894,
                    0.9972072839736938,
                    -0.06769644469022751
                ],
                [
                    -0.03757890313863754,
                    0.06649907678365707,
                    0.9970785975456238
                ]
            ],
            [
                [
                    0.951213002204895,
                    0.08217364549636841,
                    0.2973908483982086
                ],
                [
                    -0.0958418920636177,
                    0.9948933124542236,
                    0.031648751348257065
                ],
                [
                    -0.2932714819908142,
                    -0.058607205748558044,
                    0.9542311429977417
                ]
            ],
            [
                [
                    0.974614679813385,
                    -0.03866216167807579,
                    -0.22052526473999023
                ],
                [
                    0.05284355953335762,
                    0.9968717098236084,
                    0.058772794902324677
                ],
                [
                    0.21756313741207123,
                    -0.06893417239189148,
                    0.9736088514328003
                ]
            ],
            [
                [
                    0.9985555410385132,
                    0.02666047215461731,
                    0.04664798080921173
                ],
                [
                    -0.026706142351031303,
                    0.9996432662010193,
                    0.0003559825709089637
                ],
                [
                    -0.04662185162305832,
                    -0.0016012560809031129,
                    0.9989113211631775
                ]
            ],
            [
                [
                    0.9737001657485962,
                    -0.22457198798656464,
                    -0.038410354405641556
                ],
                [
                    0.22652629017829895,
                    0.9722890257835388,
                    0.05779225751757622
                ],
                [
                    0.024367444217205048,
                    -0.06497328728437424,
                    0.9975894689559937
                ]
            ],
            [
                [
                    0.9749239683151245,
                    0.18330514430999756,
                    -0.12618423998355865
                ],
                [
                    -0.1702900528907776,
                    0.9795387387275696,
                    0.10726102441549301
                ],
                [
                    0.14326387643814087,
                    -0.08308342844247818,
                    0.9861908555030823
                ]
            ],
            [
                [
                    0.9821603894233704,
                    0.1869765818119049,
                    0.0200171060860157
                ],
                [
                    -0.18146662414073944,
                    0.9703255891799927,
                    -0.15980595350265503
                ],
                [
                    -0.049303088337183,
                    0.15332263708114624,
                    0.986945390701294
                ]
            ],
            [
                [
                    0.9350296854972839,
                    0.17288683354854584,
                    -0.3095637261867523
                ],
                [
                    -0.15030322968959808,
                    0.9840100407600403,
                    0.09556803107261658
                ],
                [
                    0.3211362659931183,
                    -0.042830511927604675,
                    0.9460640549659729
                ]
            ],
            [
                [
                    0.9096485376358032,
                    -0.2960543632507324,
                    0.291361004114151
                ],
                [
                    0.2903040051460266,
                    0.954802930355072,
                    0.06383480876684189
                ],
                [
                    -0.29709094762802124,
                    0.02651602402329445,
                    0.9544808864593506
                ]
            ],
            [
                [
                    0.9919670820236206,
                    0.09875145554542542,
                    -0.07905448973178864
                ],
                [
                    -0.10506989806890488,
                    0.9912247657775879,
                    -0.08021052926778793
                ],
                [
                    0.07043986767530441,
                    0.0878724455833435,
                    0.9936381578445435
                ]
            ],
            [
                [
                    0.5602544546127319,
                    0.6397745609283447,
                    -0.526121199131012
                ],
                [
                    -0.6317923069000244,
                    0.7408236861228943,
                    0.22807620465755463
                ],
                [
                    0.5356804132461548,
                    0.20461861789226532,
                    0.8192543983459473
                ]
            ],
            [
                [
                    0.5524153113365173,
                    -0.7259252071380615,
                    0.4097193479537964
                ],
                [
                    0.7510510683059692,
                    0.6466808915138245,
                    0.13313958048820496
                ],
                [
                    -0.36160704493522644,
                    0.2341718077659607,
                    0.9024433493614197
                ]
            ],
            [
                [
                    -0.4882497787475586,
                    -0.3690967559814453,
                    -0.7908095717430115
                ],
                [
                    0.24129308760166168,
                    0.8137410283088684,
                    -0.5287752151489258
                ],
                [
                    0.8386834263801575,
                    -0.44899123907089233,
                    -0.308248370885849
                ]
            ],
            [
                [
                    -0.2413816750049591,
                    0.4033622145652771,
                    0.882628858089447
                ],
                [
                    -0.25379860401153564,
                    0.8516273498535156,
                    -0.4586034119129181
                ],
                [
                    -0.9366542100906372,
                    -0.33470845222473145,
                    -0.1031944677233696
                ]
            ],
            [
                [
                    0.9614729285240173,
                    -0.2725587487220764,
                    -0.03579917922616005
                ],
                [
                    0.2670084834098816,
                    0.9568988084793091,
                    -0.11424136161804199
                ],
                [
                    0.06539367884397507,
                    0.10028128325939178,
                    0.9928078055381775
                ]
            ],
            [
                [
                    0.9776099920272827,
                    0.2087002694606781,
                    0.02688540890812874
                ],
                [
                    -0.2083628922700882,
                    0.9779391884803772,
                    -0.014823471195995808
                ],
                [
                    -0.029385961592197418,
                    0.008889652788639069,
                    0.9995285272598267
                ]
            ],
            [
                [
                    0.9635130167007446,
                    0.2283259928226471,
                    -0.1396780163049698
                ],
                [
                    -0.22101528942584991,
                    0.9730349183082581,
                    0.0659952238202095
                ],
                [
                    0.15098001062870026,
                    -0.03271627798676491,
                    0.9879953265190125
                ]
            ],
            [
                [
                    0.976568877696991,
                    -0.20485377311706543,
                    0.06594125181436539
                ],
                [
                    0.19777263700962067,
                    0.9751017093658447,
                    0.10031264275312424
                ],
                [
                    -0.08484885841608047,
                    -0.08492082357406616,
                    0.9927684664726257
                ]
            ]
        ],
        "betas": [
            -0.32245934009552,
            -0.23889043927192688,
            0.08261168003082275,
            -0.03016883134841919,
            -0.06098446249961853,
            -0.01317610964179039,
            0.14778076112270355,
            -0.05650526285171509,
            -0.0543384850025177,
            -0.050000548362731934
        ]
    },
    "pred_cam_t": [
        -0.08688827604055405,
        0.7785853147506714,
        10.371238708496094
    ],
    "focal_length": [
        5000.0,
        5000.0
    ],
    "pred_keypoints_3d": [
        [
            0.054439008235931396,
            -0.7983490228652954,
            0.027915021404623985
        ],
        [
            0.0024498216807842255,
            -0.6921923756599426,
            0.17883634567260742
        ],
        [
            -0.17260631918907166,
            -0.6176553964614868,
            0.1173878088593483
        ],
        [
            -0.21484091877937317,
            -0.4121534824371338,
            -0.017013899981975555
        ],
        [
            -0.09128551185131073,
            -0.5776055455207825,
            -0.15666338801383972
        ],
        [
            0.1732267141342163,
            -0.6100157499313354,
            0.1635090857744217
        ],
        [
            0.26140016317367554,
            -0.44305241107940674,
            -0.008038640022277832
        ],
        [
            0.15337812900543213,
            -0.6557002663612366,
            -0.055038802325725555
        ],
        [
            -0.0015495792031288147,
            -0.22002923488616943,
            0.029288820922374725
        ],
        [
            -0.06853386759757996,
            -0.13790082931518555,
            -0.01013094186782837
        ],
        [
            -0.12990906834602356,
            0.12280774116516113,
            -0.2735973596572876
        ],
        [
            -0.10912595689296722,
            0.5126942992210388,
            -0.2916063964366913
        ],
        [
            0.07001116126775742,
            -0.13528664410114288,
            -0.0008878558874130249
        ],
        [
            0.13977479934692383,
            0.10821408033370972,
            -0.2680869698524475
        ],
        [
            0.10317206382751465,
            0.49255749583244324,
            -0.3262196481227875
        ],
        [
            0.033218808472156525,
            -0.8451994061470032,
            0.05974927917122841
        ],
        [
            0.09538852423429489,
            -0.8225581049919128,
            0.0650491714477539
        ],
        [
            -0.01969142258167267,
            -0.8419028520584106,
            0.150196373462677
        ],
        [
            0.11881645023822784,
            -0.7924018502235413,
            0.1601513922214508
        ],
        [
            0.17548972368240356,
            0.5013453364372253,
            -0.5090748071670532
        ],
        [
            0.21799147129058838,
            0.527104914188385,
            -0.4423571825027466
        ],
        [
            0.08266934752464294,
            0.5402407050132751,
            -0.2819148302078247
        ],
        [
            -0.1467055231332779,
            0.5207486152648926,
            -0.4857596457004547
        ],
        [
            -0.20336511731147766,
            0.5418381094932556,
            -0.4245595932006836
        ],
        [
            -0.0989641547203064,
            0.5675197839736938,
            -0.24591878056526184
        ],
        [
            -0.1280626654624939,
            0.47018563747406006,
            -0.2565585672855377
        ],
        [
            -0.12352366745471954,
            0.07362871617078781,
            -0.23852215707302094
        ],
        [
            -0.152126282453537,
            -0.24302536249160767,
            0.049944981932640076
        ],
        [
            0.14578531682491302,
            -0.22084832191467285,
            0.07254000008106232
        ],
        [
            0.1472381353378296,
            0.07704180479049683,
            -0.2416802942752838
        ],
        [
            0.1057242900133133,
            0.4667167067527771,
            -0.29313454031944275
        ],
        [
            -0.0933702141046524,
            -0.5821799635887146,
            -0.11873506009578705
        ],
        [
            -0.23284506797790527,
            -0.45400670170783997,
            -0.025204289704561234
        ],
        [
            -0.13918659090995789,
            -0.6440907716751099,
            0.13424868881702423
        ],
        [
            0.14915956556797028,
            -0.6327089071273804,
            0.17442354559898376
        ],
        [
            0.2837057411670685,
            -0.48678839206695557,
            0.003182150423526764
        ],
        [
            0.1626083254814148,
            -0.6504623889923096,
            -0.03346974402666092
        ],
        [
            0.0051357075572013855,
            -0.6860106587409973,
            0.16613058745861053
        ],
        [
            0.07321824133396149,
            -0.8656545281410217,
            0.14422538876533508
        ],
        [
            -0.0025817430578172207,
            -0.23232518136501312,
            0.06137168034911156
        ],
        [
            0.002451680600643158,
            -0.6351490020751953,
            0.15249066054821014
        ],
        [
            -0.011016770265996456,
            -0.45769262313842773,
            0.1460290104150772
        ],
        [
            0.04336845874786377,
            -0.7644717693328857,
            0.1004449725151062
        ],
        [
            0.07405292987823486,
            -0.8844382762908936,
            0.1543641835451126
        ]
    ],
    "pred_vertices": [
        [
            0.12258133292198181,
            -0.8622028231620789,
            0.06949380785226822
        ],
        [
            0.1126583144068718,
            -0.851533055305481,
            0.061554908752441406
        ],
        [
            0.1210697665810585,
            -0.8438184857368469,
            0.07048358023166656
        ],
        [
            0.12855678796768188,
            -0.850855827331543,
            0.08119247108697891
        ],
        [
            0.11429587006568909,
            -0.8369985818862915,
            0.06395947933197021
        ],
        [
            0.10617206990718842,
            -0.8425065279006958,
            0.05695027858018875
        ],
        [
            0.12433607131242752,
            -0.8347833156585693,
            0.08033375442028046
        ],
        [
            0.13049854338169098,
            -0.8384969234466553,
            0.09179376065731049
        ],
        [
            0.11505457758903503,
            -0.7989594340324402,
            0.08947397023439407
        ],
        [
            0.11598476767539978,
            -0.7925980687141418,
            0.09896005690097809
        ],
        [
            0.12034253776073456,
            -0.804288923740387,
            0.09831571578979492
        ],
        [
            0.1172436848282814,
            -0.8078029155731201,
            0.08920079469680786
        ],
        [
            0.10526014119386673,
            -0.7748912572860718,
            0.09028054773807526
        ],
        [
            0.09771750867366791,
            -0.7689764499664307,
            0.08059652149677277
        ],
        [
            0.0955868661403656,
            -0.7592306733131409,
            0.08963307738304138
        ],
        [
            0.10184253007173538,
            -0.7649128437042236,
            0.10007329285144806
        ],
        [
            0.07501472532749176,
            -0.7948235273361206,
            0.055958446115255356
        ],
        [
            0.07779411226511002,
            -0.7867053747177124,
            0.05677652731537819
        ],
        [
            0.0835309624671936,
            -0.7914639711380005,
            0.058499306440353394
        ],
        [
            0.07972881197929382,
            -0.7990671396255493,
            0.05785350874066353
        ],
        [
            0.07035862654447556,
            -0.8075817823410034,
            0.05024027079343796
        ],
        [
            0.0727052167057991,
            -0.8120998740196228,
            0.054095908999443054
        ],
        [
            0.07015831023454666,
            -0.8176612854003906,
            0.049085505306720734
        ],
        [
            0.06852132081985474,
            -0.8122799396514893,
            0.044202618300914764
        ],
        [
            0.06821634620428085,
            -0.791827917098999,
            0.05506857484579086
        ],
        [
            0.0713321715593338,
            -0.7834377884864807,
            0.056457001715898514
        ],
        [
            0.07264505326747894,
            -0.8017439842224121,
            0.05471116676926613
        ],
        [
            0.06970097124576569,
            -0.798716127872467,
            0.052097201347351074
        ],
        [
            0.06631407886743546,
            -0.7947317361831665,
            0.0408465750515461
        ],
        [
            0.06918368488550186,
            -0.7984161376953125,
            0.0429743230342865
        ],
        [
            0.06730330735445023,
            -0.8012387752532959,
            0.03600376099348068
        ],
        [
            0.06410754472017288,
            -0.7964876890182495,
            0.035979047417640686
        ],
        [
            0.06758909672498703,
            -0.7925862073898315,
            0.050263289362192154
        ],
        [
            0.06945797055959702,
            -0.7952525019645691,
            0.047882746905088425
        ],
        [
            0.06615516543388367,
            -0.7928592562675476,
            0.04492420330643654
        ],
        [
            0.06373227387666702,
            -0.7911631464958191,
            0.04772593826055527
        ],
        [
            0.06879684329032898,
            -0.8041600584983826,
            0.04716324061155319
        ],
        [
            0.06768214702606201,
            -0.8073688745498657,
            0.04014131426811218
        ],
        [
            0.06546340882778168,
            -0.8106609582901001,
            0.03290092945098877
        ],
        [
            0.06397365033626556,
            -0.8028754591941833,
            0.028811587020754814
        ],
        [
            0.08262470364570618,
            -0.7699694037437439,
            0.06334938108921051
        ],
        [
            0.08094552904367447,
            -0.7784080505371094,
            0.05922142416238785
        ],
        [
            0.07449272274971008,
            -0.7757565975189209,
            0.05824180692434311
        ],
        [
            0.07662418484687805,
            -0.7688141465187073,
            0.06117623299360275
        ],
        [
            0.06338625401258469,
            -0.7876678705215454,
            0.05106278136372566
        ],
        [
            0.06152201443910599,
            -0.7720143795013428,
            0.05025220289826393
        ],
        [
            0.06303726136684418,
            -0.7753205299377441,
            0.05030932277441025
        ],
        [
            0.05828550457954407,
            -0.7784858345985413,
            0.045732446014881134
        ],
        [
            0.057440608739852905,
            -0.7751299142837524,
            0.04588537663221359
        ],
        [
            0.08100485801696777,
            -0.7546427249908447,
            0.07158157229423523
        ],
        [
            0.07595046609640121,
            -0.7559104561805725,
            0.06651824712753296
        ],
        [
            0.07364179939031601,
            -0.7492617964744568,
            0.06859360635280609
        ],
        [
            0.07734253257513046,
            -0.7469942569732666,
            0.07473330199718475
        ],
        [
            0.06920010596513748,
            -0.7447293400764465,
            0.06880980730056763
        ],
        [
            0.07287531346082687,
            -0.7401218414306641,
            0.07714523375034332
        ],
        [
            0.0599779337644577,
            -0.7300489544868469,
            0.07515302300453186
        ],
        [
            0.06618005782365799,
            -0.734269380569458,
            0.07625488936901093
        ],
        [
            0.0638551115989685,
            -0.7408884763717651,
            0.06764473021030426
        ],
        [
            0.057581596076488495,
            -0.7382329702377319,
            0.063663050532341
        ],
        [
            0.049653299152851105,
            -0.7471966743469238,
            0.05425150692462921
        ],
        [
            0.04422340542078018,
            -0.7480251789093018,
            0.05077076703310013
        ],
        [
            0.04384451359510422,
            -0.7350327968597412,
            0.052799273282289505
        ],
        [
            0.05019024759531021,
            -0.7359708547592163,
            0.05748993158340454
        ],
        [
            0.05865200608968735,
            -0.7662539482116699,
            0.05394493043422699
        ],
        [
            0.06191202253103256,
            -0.7648564577102661,
            0.05727628245949745
        ],
        [
            0.06297752261161804,
            -0.7661288380622864,
            0.05510065332055092
        ],
        [
            0.06006813049316406,
            -0.7687597274780273,
            0.05142977833747864
        ],
        [
            0.06476818770170212,
            -0.763335108757019,
            0.059502195566892624
        ],
        [
            0.06604249775409698,
            -0.7624613642692566,
            0.06042036414146423
        ],
        [
            0.06647702306509018,
            -0.7637050151824951,
            0.059290602803230286
        ],
        [
            0.06515097618103027,
            -0.7641040086746216,
            0.05905865132808685
        ],
        [
            0.06332902610301971,
            -0.7645328640937805,
            0.05815425515174866
        ],
        [
            0.06184300780296326,
            -0.7631646394729614,
            0.0574890561401844
        ],
        [
            0.06380763649940491,
            -0.7629648447036743,
            0.05882110446691513
        ],
        [
            0.05873040109872818,
            -0.7637955546379089,
            0.05418216809630394
        ],
        [
            0.04764042794704437,
            -0.7663867473602295,
            0.044449158012866974
        ],
        [
            0.051059626042842865,
            -0.765313982963562,
            0.04634137079119682
        ],
        [
            0.051051072776317596,
            -0.7697747945785522,
            0.04743855446577072
        ],
        [
            0.04820322245359421,
            -0.7710709571838379,
            0.045789092779159546
        ],
        [
            0.06603594869375229,
            -0.76639324426651,
            0.05758586525917053
        ],
        [
            0.06859493255615234,
            -0.7665406465530396,
            0.058362752199172974
        ],
        [
            0.06654858589172363,
            -0.770492672920227,
            0.05469872057437897
        ],
        [
            0.06447906792163849,
            -0.768438994884491,
            0.054957419633865356
        ],
        [
            0.0717841163277626,
            -0.7672665119171143,
            0.058943696320056915
        ],
        [
            0.06886939704418182,
            -0.7639952301979065,
            0.06022723764181137
        ],
        [
            0.07186975330114365,
            -0.7636715173721313,
            0.06123371422290802
        ],
        [
            0.06496921926736832,
            -0.7611072063446045,
            0.06022201478481293
        ],
        [
            0.06657934188842773,
            -0.7585254907608032,
            0.06182491034269333
        ],
        [
            0.06818903982639313,
            -0.7606842517852783,
            0.06104462593793869
        ],
        [
            0.06375144422054291,
            -0.756344735622406,
            0.060971952974796295
        ],
        [
            0.06224706768989563,
            -0.7603179216384888,
            0.05875925347208977
        ],
        [
            0.05879506468772888,
            -0.7600308060646057,
            0.05544162169098854
        ],
        [
            0.05460280925035477,
            -0.7602157592773438,
            0.0511944517493248
        ],
        [
            0.054794616997241974,
            -0.7547903656959534,
            0.05411812663078308
        ],
        [
            0.05967359244823456,
            -0.7550600171089172,
            0.058067161589860916
        ],
        [
            0.06974363327026367,
            -0.773464024066925,
            0.056049272418022156
        ],
        [
            0.07152707874774933,
            -0.758519172668457,
            0.06341781467199326
        ],
        [
            0.07690507918596268,
            -0.7631378173828125,
            0.06428179889917374
        ],
        [
            0.06953231245279312,
            -0.754196047782898,
            0.06422783434391022
        ],
        [
            0.06606890261173248,
            -0.7508243322372437,
            0.06400738656520844
        ],
        [
            0.06100085377693176,
            -0.7486047744750977,
            0.061784807592630386
        ],
        [
            0.05552075803279877,
            -0.7476226091384888,
            0.05807134509086609
        ],
        [
            0.0414246991276741,
            -0.7251654863357544,
            0.06377818435430527
        ],
        [
            0.05012822896242142,
            -0.7270299196243286,
            0.0684972032904625
        ],
        [
            0.10132240504026413,
            -0.8355505466461182,
            0.0586344413459301
        ],
        [
            0.10869892686605453,
            -0.8317830562591553,
            0.06219950318336487
        ],
        [
            0.1057271659374237,
            -0.824081301689148,
            0.06632812321186066
        ],
        [
            0.10812314599752426,
            -0.8253518342971802,
            0.06674158573150635
        ],
        [
            0.10431431978940964,
            -0.828899085521698,
            0.06308405101299286
        ],
        [
            0.10264676064252853,
            -0.8266242146492004,
            0.06376424431800842
        ],
        [
            0.11332742869853973,
            -0.8120050430297852,
            0.08289847522974014
        ],
        [
            0.11022724956274033,
            -0.8155111074447632,
            0.07777081429958344
        ],
        [
            0.10878701508045197,
            -0.8118701577186584,
            0.07905662059783936
        ],
        [
            0.11227414011955261,
            -0.805293619632721,
            0.08324777334928513
        ],
        [
            0.10029049962759018,
            -0.8079174160957336,
            0.07084076851606369
        ],
        [
            0.10411915928125381,
            -0.807438313961029,
            0.07465392351150513
        ],
        [
            0.10359896719455719,
            -0.8150485754013062,
            0.07189439982175827
        ],
        [
            0.10078415274620056,
            -0.8154324293136597,
            0.0690871998667717
        ],
        [
            0.09748999774456024,
            -0.81642746925354,
            0.06660617142915726
        ],
        [
            0.09366818517446518,
            -0.8179311156272888,
            0.06480447947978973
        ],
        [
            0.09201072156429291,
            -0.8129284381866455,
            0.06518185883760452
        ],
        [
            0.09612468630075455,
            -0.8101693987846375,
            0.06754383444786072
        ],
        [
            0.09888899326324463,
            -0.8323801159858704,
            0.06156351417303085
        ],
        [
            0.09184333682060242,
            -0.8342525362968445,
            0.06068605184555054
        ],
        [
            0.09193477034568787,
            -0.8309536576271057,
            0.061577968299388885
        ],
        [
            0.09786438941955566,
            -0.8294105529785156,
            0.061794571578502655
        ],
        [
            0.07953543961048126,
            -0.8283869028091431,
            0.06470094621181488
        ],
        [
            0.08171673119068146,
            -0.830235481262207,
            0.06394505500793457
        ],
        [
            0.07913893461227417,
            -0.8328129053115845,
            0.06250309944152832
        ],
        [
            0.07655730843544006,
            -0.8289963006973267,
            0.06297192722558975
        ],
        [
            0.07756005972623825,
            -0.8254934549331665,
            0.06288322806358337
        ],
        [
            0.08014615625143051,
            -0.8264992237091064,
            0.06428826600313187
        ],
        [
            0.12130647152662277,
            -0.8855020403862,
            0.07142849266529083
        ],
        [
            0.11269502341747284,
            -0.8721227645874023,
            0.061449356377124786
        ],
        [
            0.13160419464111328,
            -0.873242974281311,
            0.0848267525434494
        ],
        [
            0.1344289481639862,
            -0.85920649766922,
            0.09657734632492065
        ],
        [
            0.1358911693096161,
            -0.8428702354431152,
            0.10535479336977005
        ],
        [
            0.08805426210165024,
            -0.7557680606842041,
            0.07963064312934875
        ],
        [
            0.08512382209300995,
            -0.7470092177391052,
            0.08537062257528305
        ],
        [
            0.09270565956830978,
            -0.7505455017089844,
            0.09865465015172958
        ],
        [
            0.08661884814500809,
            -0.7418723106384277,
            0.10250317305326462
        ],
        [
            0.07899513095617294,
            -0.7383537292480469,
            0.0883936882019043
        ],
        [
            0.06064651906490326,
            -0.7250959873199463,
            0.08820448070764542
        ],
        [
            0.07077497243881226,
            -0.7305792570114136,
            0.08918909728527069
        ],
        [
            0.07846362888813019,
            -0.7339610457420349,
            0.1066582053899765
        ],
        [
            0.0875287801027298,
            -0.7423046827316284,
            0.12338168174028397
        ],
        [
            0.09356392920017242,
            -0.7481797933578491,
            0.11601673066616058
        ],
        [
            0.09471721202135086,
            -0.755066990852356,
            0.13730299472808838
        ],
        [
            0.08000969886779785,
            -0.736169695854187,
            0.133652925491333
        ],
        [
            0.09067044407129288,
            -0.7548493146896362,
            0.1458764374256134
        ],
        [
            0.05784694850444794,
            -0.7106838226318359,
            0.12564295530319214
        ],
        [
            0.05708612874150276,
            -0.7023105621337891,
            0.12939131259918213
        ],
        [
            0.06607894599437714,
            -0.7058583498001099,
            0.14464282989501953
        ],
        [
            0.06805987656116486,
            -0.7140748500823975,
            0.14085185527801514
        ],
        [
            0.09833461791276932,
            -0.7553734183311462,
            0.10923786461353302
        ],
        [
            0.12542225420475006,
            -0.8125572204589844,
            0.10672106593847275
        ],
        [
            0.12297331541776657,
            -0.8145593404769897,
            0.0950886607170105
        ],
        [
            0.12145230919122696,
            -0.8005274534225464,
            0.10996027290821075
        ],
        [
            0.14669165015220642,
            -0.8668137788772583,
            0.13104726374149323
        ],
        [
            0.14127539098262787,
            -0.8651021718978882,
            0.11254815757274628
        ],
        [
            0.14216597378253937,
            -0.8481757640838623,
            0.11898620426654816
        ],
        [
            0.14615774154663086,
            -0.8519752025604248,
            0.13531900942325592
        ],
        [
            0.13450059294700623,
            -0.9095852375030518,
            0.12141236662864685
        ],
        [
            0.13048920035362244,
            -0.8992965221405029,
            0.09532878547906876
        ],
        [
            0.13656538724899292,
            -0.8842600584030151,
            0.10359731316566467
        ],
        [
            0.141458198428154,
            -0.8909814357757568,
            0.12495987117290497
        ],
        [
            0.14629846811294556,
            -0.8517696857452393,
            0.14885926246643066
        ],
        [
            0.14530016481876373,
            -0.8521299362182617,
            0.16802595555782318
        ],
        [
            0.14599362015724182,
            -0.8678520321846008,
            0.1754409521818161
        ],
        [
            0.1482093185186386,
            -0.8701118230819702,
            0.15267746150493622
        ],
        [
            0.14063328504562378,
            -0.8904139995574951,
            0.18199269473552704
        ],
        [
            0.14286530017852783,
            -0.8932696580886841,
            0.15485312044620514
        ],
        [
            0.08236385881900787,
            -0.7437757253646851,
            0.15493500232696533
        ],
        [
            0.09019139409065247,
            -0.7600500583648682,
            0.15910904109477997
        ],
        [
            0.071339912712574,
            -0.7245516777038574,
            0.13544878363609314
        ],
        [
            0.07646490633487701,
            -0.7305001020431519,
            0.15355350077152252
        ],
        [
            0.12827074527740479,
            -0.9100544452667236,
            0.18527384102344513
        ],
        [
            0.13285019993782043,
            -0.9147689938545227,
            0.15419745445251465
        ],
        [
            0.12014732509851456,
            -0.8347831964492798,
            0.21325136721134186
        ],
        [
            0.13067013025283813,
            -0.8501831889152527,
            0.20736360549926758
        ],
        [
            0.13371115922927856,
            -0.8367851972579956,
            0.19121184945106506
        ],
        [
            0.12445247918367386,
            -0.8242123126983643,
            0.19916091859340668
        ],
        [
            0.11242334544658661,
            -0.8470404744148254,
            0.2276734709739685
        ],
        [
            0.12328870594501495,
            -0.86517733335495,
