{
    "pred_cam": [
        2.2050657272338867,
        0.14089518785476685,
        0.4842175543308258
    ],
    "pred_smpl_params": {
        "global_orient": [
            [
                [
                    -0.9318006038665771,
                    -0.13827291131019592,
                    -0.3356015384197235
                ],
                [
                    0.2621413767337799,
                    -0.8958798050880432,
                    -0.35872185230255127
                ],
                [
                    -0.25105711817741394,
                    -0.4222322404384613,
                    0.8710284233093262
                ]
            ]
        ],
        "body_pose": [
            [
                [
                    0.9923399686813354,
                    -0.06752154976129532,
                    -0.1034519374370575
                ],
                [
                    0.12266241759061813,
                    0.6380262970924377,
                    0.760181725025177
                ],
                [
                    0.014676417224109173,
                    -0.7670482993125916,
                    0.641421377658844
                ]
            ],
            [
                [
                    0.997325599193573,
                    0.0696423128247261,
                    0.02217349223792553
                ],
                [
                    -0.06685435026884079,
                    0.7466861009597778,
                    0.661808431148529
                ],
                [
                    0.029533231630921364,
                    -0.6615208387374878,
                    0.749345064163208
                ]
            ],
            [
                [
                    0.9967572689056396,
                    0.037804488092660904,
                    0.07103335857391357
                ],
                [
                    0.00877368077635765,
                    0.8264422416687012,
                    -0.5629532337188721
                ],
                [
                    -0.07998711615800858,
                    0.5617509484291077,
                    0.823430597782135
                ]
            ],
            [
                [
                    0.9891452789306641,
                    0.14631466567516327,
                    -0.013551219366490841
                ],
                [
                    -0.10189395397901535,
                    0.6165372133255005,
                    -0.7807045578956604
                ],
                [
                    -0.10587368905544281,
                    0.7736110091209412,
                    0.624753475189209
                ]
            ],
            [
                [
                    0.9914647340774536,
                    -0.12344974279403687,
                    0.041924841701984406
                ],
                [
                    0.11306139081716537,
                    0.6540064215660095,
                    -0.7479923963546753
                ],
                [
                    0.06492036581039429,
                    0.7463483214378357,
                    0.6623817086219788
                ]
            ],
            [
                [
                    0.9985331892967224,
                    -0.021347349509596825,
                    0.049756210297346115
                ],
                [
                    0.018842997029423714,
                    0.9985579252243042,
                    0.05026925727725029
                ],
                [
                    -0.050757572054862976,
                    -0.049257971346378326,
                    0.9974954724311829
                ]
            ],
            [
                [
                    0.9837441444396973,
                    0.03654185310006142,
                    0.17581838369369507
                ],
                [
                    -0.04103890061378479,
                    0.9989151358604431,
                    0.022008996456861496
                ],
                [
                    -0.17482338845729828,
                    -0.028866618871688843,
                    0.9841765761375427
                ]
            ],
            [
                [
                    0.9887756705284119,
                    -0.02572457678616047,
                    -0.1471763253211975
                ],
                [
                    0.03823721781373024,
                    0.9958298206329346,
                    0.08283082395792007
                ],
                [
                    0.14443176984786987,
                    -0.08752872049808502,
                    0.9856359362602234
                ]
            ],
            [
                [
                    0.9994447231292725,
                    -0.003606504760682583,
                    0.03312300145626068
                ],
                [
                    0.0073788161389529705,
                    0.9933977127075195,
                    -0.11448328197002411
                ],
                [
                    -0.03249143436551094,
                    0.11466413736343384,
                    0.9928727149963379
                ]
            ],
            [
                [
                    0.9880838394165039,
                    -0.13053302466869354,
                    0.08155640214681625
                ],
                [
                    0.12048482894897461,
                    0.9856886267662048,
                    0.11790382862091064
                ],
                [
                    -0.09577956050634384,
                    -0.10667256265878677,
                    0.9896702766418457
                ]
            ],
            [
                [
                    0.9948722124099731,
                    0.10039452463388443,
                    -0.012251165695488453
                ],
                [
                    -0.09813782572746277,
                    0.9875306487083435,
                    0.1230945736169815
                ],
                [
                    0.02445642091333866,
                    -0.12126108258962631,
                    0.9923192858695984
                ]
            ],
            [
                [
                    0.9860717058181763,
                    0.009960955008864403,
                    0.16602244973182678
                ],
                [
                    0.005031384993344545,
                    0.9959616661071777,
                    -0.08963870257139206
                ],
                [
                    -0.16624487936496735,
                    0.08922550082206726,
                    0.9820395112037659
                ]
            ],
            [
                [
                    0.9655027389526367,
                    -0.020611032843589783,
                    -0.25957584381103516
                ],
                [
                    0.031083891168236732,
                    0.9988572001457214,
                    0.036305781453847885
                ],
                [
                    0.2585309147834778,
                    -0.04312196001410484,
                    0.9650400280952454
                ]
            ],
            [
                [
                    0.950043261051178,
                    -0.16134290397167206,
                    0.267182320356369
                ],
                [
                    0.16255053877830505,
                    0.986540675163269,
                    0.017745526507496834
                ],
                [
                    -0.26644933223724365,
                    0.026571612805128098,
                    0.963482677936554
                ]
            ],
            [
                [
                    0.9999884963035583,
                    0.004375881515443325,
                    0.0019893203862011433
                ],
                [
                    -0.004408084321767092,
                    0.9998541474342346,
                    0.01649988815188408
                ],
                [
                    -0.0019168293802067637,
                    -0.016508465632796288,
                    0.9998619556427002
                ]
            ],
            [
                [
                    0.5685729384422302,
                    0.7642486691474915,
                    -0.3043827712535858
                ],
                [
                    -0.7666265964508057,
                    0.626448929309845,
                    0.14087381958961487
                ],
                [
                    0.29834285378456116,
                    0.15325088798999786,
                    0.942075252532959
                ]
            ],
            [
                [
                    0.39795440435409546,
                    -0.8681788444519043,
                    0.29647552967071533
                ],
                [
                    0.8773698806762695,
                    0.4545924663543701,
                    0.15351809561252594
                ],
                [
                    -0.268056720495224,
                    0.199025496840477,
                    0.9426210522651672
                ]
            ],
            [
                [
                    0.6507676243782043,
                    -0.22808322310447693,
                    -0.7242095470428467
                ],
                [
                    0.11771054565906525,
                    0.972589373588562,
                    -0.2005346119403839
                ],
                [
                    0.7500970959663391,
                    0.045254334807395935,
                    0.6597774624824524
                ]
            ],
            [
                [
                    0.6187859177589417,
                    0.2827256917953491,
                    0.732918918132782
                ],
                [
                    -0.21596261858940125,
                    0.9582645297050476,
                    -0.18732130527496338
                ],
                [
                    -0.755290687084198,
                    -0.042371321469545364,
                    0.654018759727478
                ]
            ],
            [
                [
                    0.9779999852180481,
                    -0.20364205539226532,
                    0.04523158073425293
                ],
                [
                    0.20737406611442566,
                    0.9726189374923706,
                    -0.1049213707447052
                ],
                [
                    -0.022626686841249466,
                    0.1119929626584053,
                    0.9934514164924622
                ]
            ],
            [
                [
                    0.980890691280365,
                    0.19115899503231049,
                    -0.03621893376111984
                ],
                [
                    -0.19008103013038635,
                    0.981272280216217,
                    0.03120839223265648
                ],
                [
                    0.04150639846920967,
                    -0.02372748777270317,
                    0.9988565444946289
                ]
            ],
            [
                [
                    0.9720051884651184,
                    0.20790107548236847,
                    -0.10946673899888992
                ],
                [
                    -0.17717136442661285,
                    0.954543948173523,
                    0.23970016837120056
                ],
                [
                    0.1543247252702713,
                    -0.2135954648256302,
                    0.9646558165550232
                ]
            ],
            [
                [
                    0.9715847373008728,
                    -0.22423046827316284,
                    0.07578727602958679
                ],
                [
                    0.20238660275936127,
                    0.9530567526817322,
                    0.22521695494651794
                ],
                [
                    -0.12273005396127701,
                    -0.20347903668880463,
                    0.9713566303253174
                ]
            ]
        ],
        "betas": [
            -0.10526347160339355,
            0.03657567501068115,
            0.1008734405040741,
            -0.0022263824939727783,
            0.08614242076873779,
            0.1074148491024971,
            0.06093841791152954,
            -0.1358143389225006,
            0.06634977459907532,
            -0.07883131504058838
        ]
    },
    "pred_cam_t": [
        0.14089518785476685,
        0.4842175543308258,
        17.71489143371582
    ],
    "focal_length": [
        5000.0,
        5000.0
    ],
    "pred_keypoints_3d": [
        [
            -0.24926073849201202,
            -0.7368602156639099,
            0.15982680022716522
        ],
        [
            -0.1377038210630417,
            -0.6897485852241516,
            0.009081210941076279
        ],
        [
            0.03766763210296631,
            -0.6531773805618286,
            0.08354628086090088
        ],
        [
            0.13589423894882202,
            -0.42101389169692993,
            0.10800684988498688
        ],
        [
            0.0752435103058815,
            -0.26386892795562744,
            0.2976805567741394
        ],
        [
            -0.2753280699253082,
            -0.588138997554779,
            -0.04912113398313522
        ],
        [
            -0.35361409187316895,
            -0.3408181369304657,
            -0.05746869742870331
        ],
        [
            -0.4120279848575592,
            -0.20856046676635742,
            0.14337694644927979
        ],
        [
            -0.0017227925127372146,
            -0.22268889844417572,
            0.027754323557019234
        ],
        [
            0.07553538680076599,
            -0.1577238142490387,
            0.07888362556695938
        ],
        [
            0.09343215823173523,
            -0.004732802510261536,
            0.4287780225276947
        ],
        [
            0.1403086930513382,
            0.3832879662513733,
            0.5026694536209106
        ],
        [
            -0.05158863216638565,
            -0.11995338648557663,
            0.04247868061065674
        ],
        [
            -0.1690317541360855,
            0.006438709795475006,
            0.37488964200019836
        ],
        [
            -0.07643967121839523,
            0.3724311590194702,
            0.4992254674434662
        ],
        [
            -0.2177528589963913,
            -0.7890067100524902,
            0.15655004978179932
        ],
        [
            -0.27348047494888306,
            -0.7769993543624878,
            0.12132203578948975
        ],
        [
            -0.13309375941753387,
            -0.8100778460502625,
            0.09875240921974182
        ],
        [
            -0.2579640746116638,
            -0.7847644090652466,
            0.019963126629590988
        ],
        [
            -0.15663467347621918,
            0.3606693744659424,
            0.682259738445282
        ],
        [
            -0.18863160908222198,
            0.40303051471710205,
            0.619339644908905
        ],
        [
            -0.04889273643493652,
            0.4262216091156006,
            0.4623805284500122
        ],
        [
            0.09441059827804565,
            0.3614826202392578,
            0.6942178010940552
        ],
        [
            0.1765090972185135,
            0.3749393820762634,
            0.6680605411529541
        ],
        [
            0.16189686954021454,
            0.44322478771209717,
            0.46703869104385376
        ],
        [
            0.1624307632446289,
            0.340380996465683,
            0.46781039237976074
        ],
        [
            0.08988656848669052,
            -0.041347686201334,
            0.382606565952301
        ],
        [
            0.14259116351604462,
            -0.2801252603530884,
            0.032234080135822296
        ],
        [
            -0.12953995168209076,
            -0.18207035958766937,
            -0.05275087431073189
        ],
        [
            -0.1746886968612671,
            -0.01259947195649147,
            0.3431944251060486
        ],
        [
            -0.07971253991127014,
            0.353492796421051,
            0.4617217779159546
        ],
        [
            0.055834148079156876,
            -0.29347044229507446,
            0.29396218061447144
        ],
        [
            0.1389198899269104,
            -0.4480316936969757,
            0.13933739066123962
        ],
        [
            0.00233605969697237,
            -0.6687385439872742,
            0.0653744637966156
        ],
        [
            -0.25802621245384216,
            -0.6152414679527283,
            -0.050134092569351196
        ],
        [
            -0.3818916082382202,
            -0.37672513723373413,
            -0.03498048707842827
        ],
        [
            -0.4137171506881714,
            -0.22885793447494507,
            0.14432644844055176
        ],
        [
            -0.14059102535247803,
            -0.6889731287956238,
            0.01835794746875763
        ],
        [
            -0.2224445343017578,
            -0.8418564796447754,
            0.0781579241156578
        ],
        [
            0.0066023049876093864,
            -0.23139804601669312,
            -0.010840214788913727
        ],
        [
            -0.12536031007766724,
            -0.6392143964767456,
            0.009854153729975224
        ],
        [
            -0.05406806990504265,
            -0.47025659680366516,
            -0.037990618497133255
        ],
        [
            -0.2093632072210312,
            -0.7301555275917053,
            0.08941570669412613
        ],
        [
            -0.21971996128559113,
            -0.8634660840034485,
            0.07502187788486481
        ]
    ],
    "pred_vertices": [
        [
            -0.2964133620262146,
            -0.8208274841308594,
            0.12211105227470398
        ],
        [
            -0.29031848907470703,
            -0.8062224388122559,
            0.12848445773124695
        ],
        [
            -0.2945815920829773,
            -0.8035476803779602,
            0.11493775248527527
        ],
        [
            -0.2978200614452362,
            -0.8149236440658569,
            0.1057651937007904
        ],
        [
            -0.2910758852958679,
            -0.7936908602714539,
            0.1205260157585144
        ],
        [
            -0.28670626878738403,
            -0.795147180557251,
            0.13143302500247955
        ],
        [
            -0.2937030792236328,
            -0.7989122867584229,
            0.10189257562160492
        ],
        [
            -0.2949029207229614,
            -0.8073041439056396,
            0.09138524532318115
        ],
        [
            -0.28157779574394226,
            -0.7661933302879333,
            0.08474689722061157
        ],
        [
            -0.27918484807014465,
            -0.7637208700180054,
            0.07426686584949493
        ],
        [
            -0.28346461057662964,
            -0.7753854990005493,
            0.0773831456899643
        ],
        [
            -0.2837778329849243,
            -0.775216817855835,
            0.08731240034103394
        ],
        [
            -0.27192336320877075,
            -0.7428057193756104,
            0.07933980226516724
        ],
        [
            -0.2687033414840698,
            -0.7326453924179077,
            0.08826997876167297
        ],
        [
            -0.2630833685398102,
            -0.7263022661209106,
            0.07785838097333908
        ],
        [
            -0.26510101556777954,
            -0.7362377047538757,
            0.06865613162517548
        ],
        [
            -0.2573651969432831,
            -0.7455066442489624,
            0.1268712878227234
        ],
        [
            -0.25955086946487427,
            -0.7385286092758179,
            0.1223638653755188
        ],
        [
            -0.2642461657524109,
            -0.7444361448287964,
            0.12031914293766022
        ],
        [
            -0.2610887885093689,
            -0.7508335113525391,
            0.12488909065723419
        ],
        [
            -0.25538328289985657,
            -0.755207896232605,
            0.13788603246212006
        ],
        [
            -0.2562161087989807,
            -0.7611034512519836,
            0.1351458877325058
        ],
        [
            -0.2560350298881531,
            -0.7642460465431213,
            0.14249959588050842
        ],
        [
            -0.2562214434146881,
            -0.7573038339614868,
            0.14548127353191376
        ],
        [
            -0.2514549493789673,
            -0.741318941116333,
            0.12940280139446259
        ],
        [
            -0.253548264503479,
            -0.7342900037765503,
            0.1241452544927597
        ],
        [
            -0.25575533509254456,
            -0.751297116279602,
            0.13128387928009033
        ],
        [
            -0.2539280652999878,
            -0.7472807168960571,
            0.13368350267410278
        ],
        [
            -0.254940390586853,
            -0.7394593954086304,
            0.14308924973011017
        ],
        [
            -0.2567466199398041,
            -0.744052529335022,
            0.14157439768314362
        ],
        [
            -0.25792211294174194,
            -0.7440189123153687,
            0.14926299452781677
        ],
        [
            -0.2548521161079407,
            -0.7390718460083008,
            0.14869141578674316
        ],
        [
            -0.25261664390563965,
            -0.7407087087631226,
            0.13391779363155365
        ],
        [
            -0.2552330791950226,
            -0.7427187561988831,
            0.13620400428771973
        ],
        [
            -0.253328800201416,
            -0.7390334606170654,
            0.1390412598848343
        ],
        [
            -0.25007256865501404,
            -0.737895131111145,
            0.13696371018886566
        ],
        [
            -0.2551746070384979,
            -0.7506722211837769,
            0.14014515280723572
        ],
        [
            -0.25693240761756897,
            -0.7511558532714844,
            0.1477254033088684
        ],
        [
            -0.2577245831489563,
            -0.7514327168464661,
            0.15585483610630035
        ],
        [
            -0.2576599717140198,
            -0.7427611947059631,
            0.1570730060338974
        ],
        [
            -0.26115038990974426,
            -0.7254926562309265,
            0.10911764204502106
        ],
        [
            -0.26148852705955505,
            -0.7318522334098816,
            0.11632031202316284
        ],
        [
            -0.2558310329914093,
            -0.7278463840484619,
            0.11878017336130142
        ],
        [
            -0.25662827491760254,
            -0.7225143909454346,
            0.11299027502536774
        ],
        [
            -0.24837026000022888,
            -0.7355812788009644,
            0.1330035924911499
        ],
        [
            -0.24644680321216583,
            -0.7200746536254883,
            0.12880605459213257
        ],
        [
            -0.2479797899723053,
            -0.7235004901885986,
            0.12937577068805695
        ],
        [
            -0.24532446265220642,
            -0.7244085073471069,
            0.13610893487930298
        ],
        [
            -0.24433565139770508,
            -0.7211028933525085,
            0.1351059377193451
        ],
        [
            -0.2564171254634857,
            -0.7134003043174744,
            0.09722170233726501
        ],
        [
            -0.25383472442626953,
            -0.7119495868682861,
            0.10399922728538513
        ],
        [
            -0.2507012188434601,
            -0.7061781287193298,
            0.10067670047283173
        ],
        [
            -0.2516684830188751,
            -0.7068012952804565,
            0.09324787557125092
        ],
        [
            -0.24618463218212128,
            -0.7013769745826721,
            0.10065300017595291
        ],
        [
            -0.24635887145996094,
            -0.7003743648529053,
            0.0906122475862503
        ],
        [
            -0.2343597710132599,
            -0.6880576610565186,
            0.09357622265815735
        ],
        [
            -0.24006913602352142,
            -0.693527340888977,
            0.09179148077964783
        ],
        [
            -0.24133771657943726,
            -0.6964859962463379,
            0.10234545171260834
        ],
        [
            -0.23671264946460724,
            -0.69171142578125,
            0.10714329779148102
        ],
        [
            -0.2331853210926056,
            -0.69605553150177,
            0.1210823506116867
        ],
        [
            -0.2294052094221115,
            -0.695166826248169,
            0.12642741203308105
        ],
        [
            -0.2279939353466034,
            -0.6832761168479919,
            0.12040045857429504
        ],
        [
            -0.23202037811279297,
            -0.686570405960083,
            0.11437426507472992
        ],
        [
            -0.24223676323890686,
            -0.715164840221405,
            0.12476952373981476
        ],
        [
            -0.24405522644519806,
            -0.715289831161499,
            0.12027843296527863
        ],
        [
            -0.24593546986579895,
            -0.715975821018219,
            0.12215720117092133
        ],
        [
            -0.24461302161216736,
            -0.7168850898742676,
            0.12724654376506805
        ],
        [
            -0.2460688054561615,
            -0.7148406505584717,
            0.11679032444953918
        ],
        [
            -0.24698051810264587,
            -0.7144470810890198,
            0.11525856703519821
        ],
        [
            -0.24780692160129547,
            -0.7153565883636475,
            0.11647997796535492
        ],
        [
            -0.24675723910331726,
            -0.7154097557067871,
            0.11736149340867996
        ],
        [
            -0.24530598521232605,
            -0.7153186798095703,
            0.11893856525421143
        ],
        [
            -0.24403490126132965,
            -0.713640034198761,
            0.11957075446844101
        ],
        [
            -0.24532672762870789,
            -0.7141746282577515,
            0.11760856211185455
        ],
        [
            -0.24232493340969086,
            -0.712744951248169,
            0.12372177839279175
        ],
        [
            -0.23544210195541382,
            -0.711201548576355,
            0.1368497908115387
        ],
        [
            -0.23794615268707275,
            -0.7108224630355835,
            0.13364651799201965
        ],
        [
            -0.23758795857429504,
            -0.71546471118927,
            0.13426542282104492
        ],
        [
            -0.2355545461177826,
            -0.7162235975265503,
            0.13703930377960205
        ],
        [
            -0.24812231957912445,
            -0.7174615859985352,
            0.11903148144483566
        ],
        [
            -0.250089168548584,
            -0.7182098627090454,
            0.11751797795295715
        ],
        [
            -0.24957716464996338,
            -0.7205649614334106,
            0.12280423939228058
        ],
        [
            -0.24744050204753876,
            -0.7183703184127808,
            0.12256699800491333
        ],
        [
            -0.25304675102233887,
            -0.7195473313331604,
            0.11615251749753952
        ],
        [
            -0.24976365268230438,
            -0.7163209915161133,
            0.11495174467563629
        ],
        [
            -0.2521394193172455,
            -0.7169941663742065,
            0.1127719059586525
        ],
        [
            -0.24597014486789703,
            -0.7129884958267212,
            0.11534333974123001
        ],
        [
            -0.24696236848831177,
            -0.7112914323806763,
            0.11248110234737396
        ],
        [
            -0.24880392849445343,
            -0.7133133411407471,
            0.11329212784767151
        ],
        [
            -0.2443031668663025,
            -0.7086715698242188,
            0.11343944817781448
        ],
        [
            -0.24376773834228516,
            -0.7114612460136414,
            0.11728964745998383
        ],
        [
            -0.24162134528160095,
            -0.7096840143203735,
            0.12121342122554779
        ],
        [
            -0.23922480642795563,
            -0.7079961895942688,
            0.12638673186302185
        ],
        [
            -0.23807230591773987,
            -0.703876256942749,
            0.1218874454498291
        ],
        [
            -0.24129420518875122,
            -0.7060225009918213,
            0.11690890043973923
        ],
        [
            -0.25210040807724,
            -0.7244671583175659,
            0.12150976061820984
        ],
        [
            -0.2510732412338257,
            -0.7125298380851746,
            0.10930541157722473
        ],
        [
            -0.25568023324012756,
            -0.7180678248405457,
            0.10820463299751282
        ],
        [
            -0.2488498091697693,
            -0.7084563970565796,
            0.10784655809402466
        ],
        [
            -0.24542386829853058,
            -0.7048228979110718,
            0.10812537372112274
        ],
        [
            -0.24089041352272034,
            -0.7014871835708618,
            0.11102829873561859
        ],
        [
            -0.23719245195388794,
            -0.698418140411377,
            0.11584524810314178
        ],
        [
            -0.22093623876571655,
            -0.6774883270263672,
            0.10825453698635101
        ],
        [
            -0.22719907760620117,
            -0.6818941831588745,
            0.10173387080430984
        ],
        [
            -0.28127604722976685,
            -0.7887033224105835,
            0.12917360663414001
        ],
        [
            -0.2867238521575928,
            -0.7871818542480469,
            0.12211943417787552
        ],
        [
            -0.28245091438293457,
            -0.7805956602096558,
            0.11691528558731079
        ],
        [
            -0.28443071246147156,
            -0.7821973562240601,
            0.11615383625030518
        ],
        [
            -0.28217971324920654,
            -0.7842099666595459,
            0.12180598825216293
        ],
        [
            -0.28076910972595215,
            -0.7813044786453247,
            0.12129920721054077
        ],
        [
            -0.2829304337501526,
            -0.7762010097503662,
            0.09564220160245895
        ],
        [
            -0.28219687938690186,
            -0.7771803140640259,
            0.10237821936607361
        ],
        [
            -0.2799898386001587,
            -0.7740988731384277,
            0.10043691098690033
        ],
        [
            -0.28137269616127014,
            -0.7699205875396729,
            0.0932469516992569
        ],
        [
            -0.27496862411499023,
            -0.7665497064590454,
            0.10906759649515152
        ],
        [
            -0.27700507640838623,
            -0.7678912878036499,
            0.10424864292144775
        ],
        [
            -0.2780199348926544,
            -0.7738504409790039,
            0.10964982211589813
        ],
        [
            -0.27650466561317444,
            -0.7728517055511475,
            0.11312642693519592
        ],
        [
            -0.2743428349494934,
            -0.7725905776023865,
            0.11670003086328506
        ],
        [
            -0.27136385440826416,
            -0.7729531526565552,
            0.12001881748437881
        ],
        [
            -0.2697635293006897,
            -0.7682017087936401,
            0.1185663565993309
        ],
        [
            -0.27254095673561096,
            -0.7669771909713745,
            0.11415423452854156
        ],
        [
            -0.2781229317188263,
            -0.785983681678772,
            0.1266615390777588
        ],
        [
            -0.2717273235321045,
            -0.7863610982894897,
            0.13050419092178345
        ],
        [
            -0.2717084586620331,
            -0.7835743427276611,
            0.1287105828523636
        ],
        [
            -0.277263879776001,
            -0.7826690673828125,
            0.12593406438827515
        ],
        [
            -0.2586742639541626,
            -0.7808476090431213,
            0.12913039326667786
        ],
        [
            -0.2610369026660919,
            -0.7825210094451904,
            0.12980887293815613
        ],
        [
            -0.25936639308929443,
            -0.7840420007705688,
            0.13301968574523926
        ],
        [
            -0.2566528916358948,
            -0.7803630232810974,
            0.13198775053024292
        ],
        [
            -0.2575877010822296,
            -0.777258038520813,
            0.13023054599761963
        ],
        [
            -0.2594143748283386,
            -0.7789943218231201,
            0.12845036387443542
        ],
        [
            -0.2951217591762543,
            -0.8423079252243042,
            0.12914398312568665
        ],
        [
            -0.2904294431209564,
            -0.8254958391189575,
            0.1363830715417862
        ],
        [
            -0.29944244027137756,
            -0.836854100227356,
            0.10997384786605835
        ],
        [
            -0.2980537414550781,
            -0.8287562131881714,
            0.09329827129840851
        ],
        [
            -0.29522934556007385,
            -0.817051887512207,
            0.07950077205896378
        ],
        [
            -0.25990670919418335,
            -0.718322217464447,
            0.08803091198205948
        ],
        [
            -0.25470805168151855,
            -0.7116832733154297,
            0.08113628625869751
        ],
        [
            -0.2568701505661011,
            -0.7208629846572876,
            0.06805190443992615
        ],
        [
            -0.24956859648227692,
            -0.7127934098243713,
            0.06385873258113861
        ],
        [
            -0.247633695602417,
            -0.7035102844238281,
            0.07788757979869843
        ],
        [
            -0.2292594015598297,
            -0.688389778137207,
            0.08068295568227768
        ],
        [
            -0.23920078575611115,
            -0.6951526403427124,
            0.07780033349990845
        ],
        [
            -0.2399027794599533,
            -0.7054481506347656,
            0.0609104298055172
        ],
        [
            -0.24255603551864624,
            -0.7200953960418701,
            0.045681752264499664
        ],
        [
            -0.25084903836250305,
            -0.7247728705406189,
            0.05169804394245148
        ],
        [
            -0.24436268210411072,
            -0.7377059459686279,
            0.03550199419260025
        ],
        [
            -0.23041772842407227,
            -0.716963529586792,
            0.03795190900564194
        ],
        [
            -0.23736196756362915,
            -0.739771842956543,
            0.02978222444653511
        ],
        [
            -0.20802262425422668,
            -0.6868381500244141,
            0.04630344361066818
        ],
        [
            -0.2041553258895874,
            -0.6789448261260986,
            0.041141316294670105
        ],
        [
            -0.20979081094264984,
            -0.687484085559845,
            0.025129256770014763
        ],
        [
            -0.21378102898597717,
            -0.6954197883605957,
            0.029976321384310722
        ],
        [
            -0.2584584653377533,
            -0.729863166809082,
            0.0585695281624794
        ],
        [
            -0.2850780189037323,
            -0.7870467901229858,
            0.07166951149702072
        ],
        [
            -0.28715264797210693,
            -0.7846587300300598,
            0.08296763151884079
        ],
        [
            -0.28015026450157166,
            -0.7760581374168396,
            0.06580556184053421
        ],
        [
            -0.2958100736141205,
            -0.8484232425689697,
            0.06327395141124725
        ],
        [
            -0.29933837056159973,
            -0.8398597836494446,
            0.07954485714435577
        ],
        [
            -0.29599645733833313,
            -0.8265782594680786,
            0.06796871870756149
        ],
        [
            -0.29369091987609863,
            -0.8362565040588379,
            0.054060034453868866
        ],
        [
            -0.289199560880661,
            -0.8831113576889038,
            0.09073346853256226
        ],
        [
            -0.2961199879646301,
            -0.8642414808273315,
            0.11088311672210693
        ],
        [
            -0.29798194766044617,
            -0.8539760112762451,
            0.09608089923858643
        ],
        [
            -0.2939813733100891,
            -0.8679563999176025,
            0.07878465205430984
        ],
        [
            -0.28894874453544617,
            -0.8404024839401245,
            0.042258232831954956
        ],
        [
            -0.28060537576675415,
            -0.8470894694328308,
            0.027220524847507477
        ],
        [
            -0.2786761522293091,
            -0.8640308380126953,
            0.026460781693458557
        ],
        [
            -0.28930437564849854,
            -0.859067976474762,
            0.04546878859400749
        ],
        [
            -0.27199873328208923,
            -0.8864009976387024,
            0.030958615243434906
        ],
        [
            -0.2842726707458496,
            -0.8804352283477783,
            0.05375317856669426
        ],
        [
            -0.22563663125038147,
            -0.7313498854637146,
            0.021351344883441925
        ],
        [
            -0.23212777078151703,
            -0.7489341497421265,
            0.020560961216688156
        ],
        [
            -0.21976852416992188,
            -0.7050776481628418,
            0.03658875823020935
        ],
        [
            -0.21972335875034332,
            -0.7168116569519043,
            0.020500749349594116
        ],
        [
            -0.25962352752685547,
            -0.9047232270240784,
            0.039075881242752075
        ],
        [
            -0.27517950534820557,
            -0.8988567590713501,
            0.065667524933815
        ],
        [
            -0.24077945947647095,
            -0.8429752588272095,
            -0.009394489228725433
        ],
        [
            -0.2525371313095093,
            -0.8563276529312134,
            -0.001862064003944397
        ],
        [
            -0.26118671894073486,
            -0.8389025926589966,
            0.005329705774784088
        ],
        [
            -0.249369814991951,
            -0.8284510970115662,
            -0.002767987549304962
        ],
        [
            -0.2272757738828659,
            -0.857905387878418,
            -0.013543456792831421
        ],
        [
