{
    "pred_cam": [
        3.7204842567443848,
        -0.07018771022558212,
        0.7579574584960938
    ],
    "pred_smpl_params": {
        "global_orient": [
            [
                [
                    0.9945350289344788,
                    -0.024914948269724846,
                    0.1013871282339096
                ],
                [
                    0.02888740785419941,
                    -0.8675264716148376,
                    -0.49655136466026306
                ],
                [
                    0.10032758116722107,
                    0.49676650762557983,
                    -0.8620657324790955
                ]
            ]
        ],
        "body_pose": [
            [
                [
                    0.9965715408325195,
                    -0.07016824185848236,
                    0.04383484646677971
                ],
                [
                    0.04651905596256256,
                    0.9133676886558533,
                    0.4044693112373352
                ],
                [
                    -0.0684182420372963,
                    -0.40104347467422485,
                    0.9135004281997681
                ]
            ],
            [
                [
                    0.9946771264076233,
                    0.10293449461460114,
                    0.004681780934333801
                ],
                [
                    -0.09763333946466446,
                    0.9269774556159973,
                    0.362188458442688
                ],
                [
                    0.0329417809844017,
                    -0.36071765422821045,
                    0.93209308385849
                ]
            ],
            [
                [
                    0.9998036026954651,
                    0.0025344076566398144,
                    0.01965673640370369
                ],
                [
                    0.0030177785083651543,
                    0.960759162902832,
                    -0.27736756205558777
                ],
                [
                    -0.019588351249694824,
                    0.2773723900318146,
                    0.9605628252029419
                ]
            ],
            [
                [
                    0.9947858452796936,
                    0.09479989856481552,
                    0.037602439522743225
                ],
                [
                    -0.05427238717675209,
                    0.8042504787445068,
                    -0.5918070673942566
                ],
                [
                    -0.08634497970342636,
                    0.5866805911064148,
                    0.8052020072937012
                ]
            ],
            [
                [
                    0.9950792193412781,
                    -0.09700597822666168,
                    -0.020176302641630173
                ],
                [
                    0.06390856951475143,
                    0.7839959263801575,
                    -0.6174673438072205
                ],
                [
                    0.07571617513895035,
                    0.6131395697593689,
                    0.7863375544548035
                ]
            ],
            [
                [
                    0.9985371232032776,
                    0.03433406352996826,
                    0.04176974296569824
                ],
                [
                    -0.03185177966952324,
                    0.99776691198349,
                    -0.05870753154158592
                ],
                [
                    -0.04369213804602623,
                    0.05729121342301369,
                    0.9974008798599243
                ]
            ],
            [
                [
                    0.9509067535400391,
                    0.07815910130739212,
                    0.299445241689682
                ],
                [
                    -0.08908546715974808,
                    0.9957586526870728,
                    0.022990478202700615
                ],
                [
                    -0.2963782548904419,
                    -0.048538025468587875,
                    0.9538364410400391
                ]
            ],
            [
                [
                    0.9711082577705383,
                    -0.04364313185214996,
                    -0.23461443185806274
                ],
                [
                    0.056480519473552704,
                    0.997235894203186,
                    0.048275794833898544
                ],
                [
                    0.2318590134382248,
                    -0.06013217195868492,
                    0.9708889722824097
                ]
            ],
            [
                [
                    0.9983499050140381,
                    0.028429891914129257,
                    0.04989142715930939
                ],
                [
                    -0.028169892728328705,
                    0.9995856881141663,
                    -0.0059068514965474606
                ],
                [
                    -0.05003868788480759,
                    0.004491668660193682,
                    0.9987371563911438
                ]
            ],
            [
                [
                    0.9756799340248108,
                    -0.21347859501838684,
                    -0.04975469410419464
                ],
                [
                    0.2166033834218979,
                    0.973791241645813,
                    0.0693805068731308
                ],
                [
                    0.03363943099975586,
                    -0.07847020775079727,
                    0.9963487386703491
                ]
            ],
            [
                [
                    0.9725573062896729,
                    0.197901651263237,
                    -0.12234043329954147
                ],
                [
                    -0.18604891002178192,
                    0.9772508144378662,
                    0.10181669145822525
                ],
                [
                    0.13970698416233063,
                    -0.07626126706600189,
                    0.9872518181800842
                ]
            ],
            [
                [
                    0.9854578375816345,
                    0.16665898263454437,
                    -0.03313176706433296
                ],
                [
                    -0.16991132497787476,
                    0.9685027003288269,
                    -0.18202394247055054
                ],
                [
                    0.0017522837733849883,
                    0.18500636518001556,
                    0.982735812664032
                ]
            ],
            [
                [
                    0.9359050393104553,
                    0.16811326146125793,
                    -0.3095476031303406
                ],
                [
                    -0.14184851944446564,
                    0.9842334985733032,
                    0.10565722733736038
                ],
                [
                    0.32242950797080994,
                    -0.05497625470161438,
                    0.9449957013130188
                ]
            ],
            [
                [
                    0.9223297238349915,
                    -0.2812660336494446,
                    0.2649478316307068
                ],
                [
                    0.2772126793861389,
                    0.9593244194984436,
                    0.05338365584611893
                ],
                [
                    -0.2691859304904938,
                    0.02420956641435623,
                    0.962783932685852
                ]
            ],
            [
                [
                    0.9917302131652832,
                    0.061947375535964966,
                    -0.11239966005086899
                ],
                [
                    -0.06968144327402115,
                    0.9953679442405701,
                    -0.0662347823381424
                ],
                [
                    0.1077759638428688,
                    0.07351920753717422,
                    0.9914530515670776
                ]
            ],
            [
                [
                    0.5417536497116089,
                    0.6347450613975525,
                    -0.5510006546974182
                ],
                [
                    -0.624050498008728,
                    0.7428920865058899,
                    0.24222370982170105
                ],
                [
                    0.5630843043327332,
                    0.212626650929451,
                    0.7985774874687195
                ]
            ],
            [
                [
                    0.5899370908737183,
                    -0.7256389260292053,
                    0.35415026545524597
                ],
                [
                    0.7400069236755371,
                    0.6613648533821106,
                    0.12241843342781067
                ],
                [
                    -0.32305410504341125,
                    0.1898544877767563,
                    0.9271414875984192
                ]
            ],
            [
                [
                    -0.4809267222881317,
                    -0.3703547716140747,
                    -0.7946992516517639
                ],
                [
                    0.2470296323299408,
                    0.8124447464942932,
                    -0.5281192064285278
                ],
                [
                    0.8412407040596008,
                    -0.4503008723258972,
                    -0.29923778772354126
                ]
            ],
            [
                [
                    -0.09283693879842758,
                    0.39254918694496155,
                    0.9150335788726807
                ],
                [
                    -0.2948809862136841,
                    0.8669346570968628,
                    -0.401832640171051
                ],
                [
                    -0.951013445854187,
                    -0.30713093280792236,
                    0.03527173027396202
                ]
            ],
            [
                [
                    0.9635912179946899,
                    -0.26612067222595215,
                    -0.025917494669556618
                ],
                [
                    0.26263245940208435,
                    0.9602104425430298,
                    -0.09497424215078354
                ],
                [
                    0.05016085505485535,
                    0.08470957726240158,
                    0.9951422810554504
                ]
            ],
            [
                [
                    0.9814148545265198,
                    0.19074317812919617,
                    0.021021146327257156
                ],
                [
                    -0.19029565155506134,
                    0.9814897775650024,
                    -0.021572837606072426
                ],
                [
                    -0.024746911600232124,
                    0.017171671614050865,
                    0.999546229839325
                ]
            ],
            [
                [
                    0.9637068510055542,
                    0.22903382778167725,
                    -0.13715873658657074
                ],
                [
                    -0.22127825021743774,
                    0.9727271795272827,
                    0.06955445557832718
                ],
                [
                    0.14934834837913513,
                    -0.036679863929748535,
                    0.9881040453910828
                ]
            ],
            [
                [
                    0.976331889629364,
                    -0.20482349395751953,
                    0.0694500207901001
                ],
                [
                    0.1968267410993576,
                    0.9745606780052185,
                    0.10719470679759979
                ],
                [
                    -0.08963925391435623,
                    -0.09098799526691437,
                    0.9918094277381897
                ]
            ]
        ],
        "betas": [
            -0.3760440945625305,
            -0.2825019657611847,
            -0.021950751543045044,
            -0.05208083987236023,
            -0.05469512939453125,
            0.013416383415460587,
            0.1757437139749527,
            -0.07382133603096008,
            -0.06986263394355774,
            -0.017762452363967896
        ]
    },
    "pred_cam_t": [
        -0.07018771022558212,
        0.7579574584960938,
        10.499305725097656
    ],
    "focal_length": [
        5000.0,
        5000.0
    ],
    "pred_keypoints_3d": [
        [
            0.058928899466991425,
            -0.7898972034454346,
            0.05725470557808876
        ],
        [
            0.00883411429822445,
            -0.6784812211990356,
            0.20367661118507385
        ],
        [
            -0.16526544094085693,
            -0.6157217621803284,
            0.1305485963821411
        ],
        [
            -0.2249610424041748,
            -0.4198209047317505,
            -0.010120853781700134
        ],
        [
            -0.10786078125238419,
            -0.5619744062423706,
            -0.17703844606876373
        ],
        [
            0.17706584930419922,
            -0.5916845202445984,
            0.19523225724697113
        ],
        [
            0.26723557710647583,
            -0.43720191717147827,
            0.01435309648513794
        ],
        [
            0.16866335272789001,
            -0.655917763710022,
            -0.02055959403514862
        ],
        [
            -0.001543203485198319,
            -0.2187386453151703,
            0.02933044359087944
        ],
        [
            -0.0677526593208313,
            -0.14124512672424316,
            -0.01897461712360382
        ],
        [
            -0.12060582637786865,
            0.09427604079246521,
            -0.30503493547439575
        ],
        [
            -0.10376720875501633,
            0.4803163707256317,
            -0.35194647312164307
        ],
        [
            0.07000897824764252,
            -0.1352531611919403,
            -0.00310371071100235
        ],
        [
            0.1494717001914978,
            0.08759871125221252,
            -0.2834921181201935
        ],
        [
            0.10439606755971909,
            0.46485865116119385,
            -0.3662744462490082
        ],
        [
            0.037788257002830505,
            -0.8346506357192993,
            0.09180755913257599
        ],
        [
            0.1003282219171524,
            -0.81282639503479,
            0.09434911608695984
        ],
        [
            -0.012541025876998901,
            -0.8264590501785278,
            0.1828509271144867
        ],
        [
            0.12659068405628204,
            -0.778389573097229,
            0.18735936284065247
        ],
        [
            0.18443793058395386,
            0.4659770727157593,
            -0.5449939370155334
        ],
        [
            0.22320251166820526,
            0.49692636728286743,
            -0.4785003960132599
        ],
        [
            0.08044115453958511,
            0.5142685770988464,
            -0.32559964060783386
        ],
        [
            -0.13593488931655884,
            0.47554880380630493,
            -0.5467719435691833
        ],
        [
            -0.19421572983264923,
            0.49974238872528076,
            -0.4884673058986664
        ],
        [
            -0.09548202902078629,
            0.5382015705108643,
            -0.3098806142807007
        ],
        [
            -0.12332113087177277,
            0.44062310457229614,
            -0.31465944647789
        ],
        [
            -0.11536213010549545,
            0.04862723499536514,
            -0.26636484265327454
        ],
        [
            -0.15243297815322876,
            -0.24290597438812256,
            0.04445687681436539
        ],
        [
            0.14332157373428345,
            -0.21320846676826477,
            0.0800539031624794
        ],
        [
            0.15629658102989197,
            0.058914653956890106,
            -0.2549079954624176
        ],
        [
            0.10607219487428665,
            0.441429078578949,
            -0.33167213201522827
        ],
        [
            -0.10506245493888855,
            -0.5699074268341064,
            -0.14009562134742737
        ],
        [
            -0.24025467038154602,
            -0.4622901678085327,
            -0.017094222828745842
        ],
        [
            -0.13247272372245789,
            -0.6393976211547852,
            0.1504753679037094
        ],
        [
            0.1529798060655594,
            -0.6145447492599487,
            0.20495982468128204
        ],
        [
            0.29013657569885254,
            -0.47874265909194946,
            0.02981049194931984
        ],
        [
            0.1768227368593216,
            -0.6491134166717529,
            0.0008387938141822815
        ],
        [
            0.011894570663571358,
            -0.6733521223068237,
            0.19150397181510925
        ],
        [
            0.07953136414289474,
            -0.8517186045646667,
            0.17602179944515228
        ],
        [
            -0.003965253476053476,
            -0.22835056483745575,
            0.06241139397025108
        ],
        [
            0.008143238723278046,
            -0.623948335647583,
            0.175502747297287
        ],
        [
            -0.011011917144060135,
            -0.44808173179626465,
            0.15837249159812927
        ],
        [
            0.050179705023765564,
            -0.7527802586555481,
            0.1277691274881363
        ],
        [
            0.08018984645605087,
            -0.8700783252716064,
            0.18707962334156036
        ]
    ],
    "pred_vertices": [
        [
            0.12709954380989075,
            -0.8525453805923462,
            0.10032802820205688
        ],
        [
            0.11716796457767487,
            -0.8420775532722473,
            0.09206587821245193
        ],
        [
            0.12590256333351135,
            -0.8341015577316284,
            0.10038711130619049
        ],
        [
            0.1335071623325348,
            -0.840786337852478,
            0.11131061613559723
        ],
        [
            0.11909916251897812,
            -0.8275272846221924,
            0.09369374811649323
        ],
        [
            0.11071975529193878,
            -0.8332520723342896,
            0.08713360130786896
        ],
        [
            0.12953148782253265,
            -0.8246828317642212,
            0.10971680283546448
        ],
        [
            0.135832279920578,
            -0.8279393911361694,
            0.12119761854410172
        ],
        [
            0.12101071327924728,
            -0.7884317636489868,
            0.11722048372030258
        ],
        [
            0.12220651656389236,
            -0.7816705107688904,
            0.12636835873126984
        ],
        [
            0.1264479160308838,
            -0.7933720350265503,
            0.12621267139911652
        ],
        [
            0.12310107052326202,
            -0.7972873449325562,
            0.11735188215970993
        ],
        [
            0.1115766316652298,
            -0.7641916871070862,
            0.11714715510606766
        ],
        [
            0.10392793267965317,
            -0.7586392164230347,
            0.10730904340744019
        ],
        [
            0.10214067995548248,
            -0.7484192848205566,
            0.11596894264221191
        ],
        [
            0.10853565484285355,
            -0.7536674737930298,
            0.12653876841068268
        ],
        [
            0.08022010326385498,
            -0.7853392362594604,
            0.08443482965230942
        ],
        [
            0.08319458365440369,
            -0.7772239446640015,
            0.08474083244800568
        ],
        [
            0.08888807147741318,
            -0.7819790244102478,
            0.08654405176639557
        ],
        [
            0.08492033928632736,
            -0.7895501255989075,
            0.08638562262058258
        ],
        [
            0.07521218061447144,
            -0.7982765436172485,
            0.07956231385469437
        ],
        [
            0.07759713381528854,
            -0.802630603313446,
            0.08354004472494125
        ],
        [
            0.07480713725090027,
            -0.8083722591400146,
            0.07893171906471252
        ],
        [
            0.07314779609441757,
            -0.8032170534133911,
            0.07384353131055832
        ],
        [
            0.07345223426818848,
            -0.782309353351593,
            0.08359167724847794
        ],
        [
            0.07678854465484619,
            -0.7738842964172363,
            0.08445685356855392
        ],
        [
            0.07768338918685913,
            -0.7922718524932861,
            0.08362865447998047
        ],
        [
            0.07475760579109192,
            -0.7893459796905518,
            0.08097213506698608
        ],
        [
            0.0711798220872879,
            -0.7858611345291138,
            0.06968383491039276
        ],
        [
            0.07403134554624557,
            -0.7894700765609741,
            0.07191257178783417
        ],
        [
            0.07191535085439682,
            -0.7926044464111328,
            0.06516500562429428
        ],
        [
            0.0688052773475647,
            -0.7878327369689941,
            0.06499272584915161
        ],
        [
            0.07268308103084564,
            -0.7833218574523926,
            0.07891286909580231
        ],
        [
            0.07445704191923141,
            -0.7861055135726929,
            0.07664168626070023
        ],
        [
            0.07113328576087952,
            -0.7838068008422852,
            0.07364913076162338
        ],
        [
            0.06881799548864365,
            -0.7819514274597168,
            0.07640811055898666
        ],
        [
            0.07362575829029083,
            -0.7950061559677124,
            0.07637093961238861
        ],
        [
            0.07227280735969543,
            -0.7985154986381531,
            0.06957835704088211
        ],
        [
            0.06983845680952072,
            -0.8021129369735718,
            0.06257785111665726
        ],
        [
            0.06840093433856964,
            -0.7945287227630615,
            0.05816696211695671
        ],
        [
            0.08846449851989746,
            -0.7602379322052002,
            0.09043236076831818
        ],
        [
            0.08652593940496445,
            -0.7688652873039246,
            0.0867205262184143
        ],
        [
            0.08012647926807404,
            -0.7661623954772949,
            0.08576656877994537
        ],
        [
            0.08244723826646805,
            -0.7591143846511841,
            0.08833704888820648
        ],
        [
            0.06863903254270554,
            -0.77828049659729,
            0.07953482866287231
        ],
        [
            0.0670638158917427,
            -0.7626664042472839,
            0.07801871746778488
        ],
        [
            0.06852227449417114,
            -0.7659857869148254,
            0.0781894251704216
        ],
        [
            0.06360957026481628,
            -0.7692930698394775,
            0.07389887422323227
        ],
        [
            0.06283801048994064,
            -0.7659283876419067,
            0.07390128076076508
        ],
        [
            0.08727791160345078,
            -0.744510293006897,
            0.09801182150840759
        ],
        [
            0.08211538940668106,
            -0.7459492683410645,
            0.0930791050195694
        ],
        [
            0.07997139543294907,
            -0.7391694784164429,
            0.0949229970574379
        ],
        [
            0.0838417261838913,
            -0.7366381883621216,
            0.10092814266681671
        ],
        [
            0.07569823414087296,
            -0.7345466017723083,
            0.09504768252372742
        ],
        [
            0.07959688454866409,
            -0.7295607328414917,
            0.1031297892332077
        ],
        [
            0.06684259325265884,
            -0.7194506525993347,
            0.10099388659000397
        ],
        [
            0.0730043426156044,
            -0.7236843109130859,
            0.10214897990226746
        ],
        [
            0.07041403651237488,
            -0.7307044863700867,
            0.09382327646017075
        ],
        [
            0.06411288678646088,
            -0.7282063961029053,
            0.08986268937587738
        ],
        [
            0.0557272732257843,
            -0.7375262975692749,
            0.08103705197572708
        ],
        [
            0.0502084344625473,
            -0.7384465932846069,
            0.0777321308851242
        ],
        [
            0.05012747645378113,
            -0.7253884077072144,
            0.07913034409284592
        ],
        [
            0.05661216378211975,
            -0.7261561751365662,
            0.08374327421188354
        ],
        [
            0.06434959173202515,
            -0.7566797137260437,
            0.08149456232786179
        ],
        [
            0.06770318001508713,
            -0.7551722526550293,
            0.08467541635036469
        ],
        [
            0.06868848949670792,
            -0.7565679550170898,
            0.08254750818014145
        ],
        [
            0.06566045433282852,
            -0.7593262195587158,
            0.07905850559473038
        ],
        [
            0.07063309848308563,
            -0.7535742521286011,
            0.08674570173025131
        ],
        [
            0.07193926721811295,
            -0.7526739835739136,
            0.08758929371833801
        ],
        [
            0.07231947034597397,
            -0.7539846897125244,
            0.086521215736866
        ],
        [
            0.07096177339553833,
            -0.7543846368789673,
            0.08634178340435028
        ],
        [
            0.06912045180797577,
            -0.7548303604125977,
            0.08550271391868591
        ],
        [
            0.0676528587937355,
            -0.7534712553024292,
            0.08480462431907654
        ],
        [
            0.0696711465716362,
            -0.7532196044921875,
            0.08607328683137894
        ],
        [
            0.06445582956075668,
            -0.7542197704315186,
            0.08161067962646484
        ],
        [
            0.05318163335323334,
            -0.7571112513542175,
            0.07223951816558838
        ],
        [
            0.05662330985069275,
            -0.7559830546379089,
            0.07401744276285172
        ],
        [
            0.05655393749475479,
            -0.7603830099105835,
            0.07531820237636566
        ],
        [
            0.05368885397911072,
            -0.761737585067749,
            0.07379768043756485
        ],
        [
            0.07179573178291321,
            -0.7567740678787231,
            0.08498082309961319
        ],
        [
            0.07436759769916534,
            -0.7568956613540649,
            0.08567683398723602
        ],
        [
            0.07217211276292801,
            -0.7609948515892029,
            0.08225267380475998
        ],
        [
            0.07014920562505722,
            -0.7588990926742554,
            0.08247513324022293
        ],
        [
            0.07755626738071442,
            -0.757641077041626,
            0.08619430661201477
        ],
        [
            0.07472743839025497,
            -0.7542598247528076,
            0.08739710599184036
        ],
        [
            0.0778026357293129,
            -0.7539311647415161,
            0.08831433951854706
        ],
        [
            0.07089688628911972,
            -0.7513052225112915,
            0.08734267950057983
        ],
        [
            0.07259855419397354,
            -0.748661994934082,
            0.08876257389783859
        ],
        [
            0.07413594424724579,
            -0.7508904933929443,
            0.08806322515010834
        ],
        [
            0.06979447603225708,
            -0.7464883327484131,
            0.08788488805294037
        ],
        [
            0.06816819310188293,
            -0.7505537271499634,
            0.08590488880872726
        ],
        [
            0.06464295834302902,
            -0.7503899335861206,
            0.08266951888799667
        ],
        [
            0.06035561114549637,
            -0.7507277131080627,
            0.07853502780199051
        ],
        [
            0.06071614474058151,
            -0.7451753616333008,
            0.08118046820163727
        ],
        [
            0.06567587703466415,
            -0.7453036308288574,
            0.08502078801393509
        ],
        [
            0.07538235932588577,
            -0.7639375925064087,
            0.08363983780145645
        ],
        [
            0.07757867127656937,
            -0.7486412525177002,
            0.09022019058465958
        ],
        [
            0.08290097862482071,
            -0.7532916069030762,
            0.09116745740175247
        ],
        [
            0.07568716257810593,
            -0.7442501783370972,
            0.09086418896913528
        ],
        [
            0.07229543477296829,
            -0.7408428192138672,
            0.09057348966598511
        ],
        [
            0.06728879362344742,
            -0.7386900186538696,
            0.08838644623756409
        ],
        [
            0.06167489290237427,
            -0.7378376722335815,
            0.08474640548229218
        ],
        [
            0.04815392196178436,
            -0.7149628400802612,
            0.0896688848733902
        ],
        [
            0.05694013088941574,
            -0.7166798114776611,
            0.09436622262001038
        ],
        [
            0.10593590140342712,
            -0.8261950016021729,
            0.08860927075147629
        ],
        [
            0.11344987154006958,
            -0.8223565220832825,
            0.091814786195755
        ],
        [
            0.11069217324256897,
            -0.8144612312316895,
            0.09558584541082382
        ],
        [
            0.11303529143333435,
            -0.8157294392585754,
            0.09602658450603485
        ],
        [
            0.109127938747406,
            -0.8193992376327515,
            0.09261821955442429
        ],
        [
            0.10751648247241974,
            -0.8170605897903442,
            0.09317702800035477
        ],
        [
            0.11891485750675201,
            -0.8017305731773376,
            0.11134420335292816
        ],
        [
            0.1156189814209938,
            -0.8054264783859253,
            0.10646846890449524
        ],
        [
            0.11431176215410233,
            -0.8017019033432007,
            0.10757531225681305
        ],
        [
            0.11801113188266754,
            -0.7949889898300171,
            0.11135251075029373
        ],
        [
            0.10565134882926941,
            -0.7980519533157349,
            0.09936709702014923
        ],
        [
            0.10961287468671799,
            -0.797434389591217,
            0.1030549705028534
        ],
        [
            0.10885055363178253,
            -0.8051632642745972,
            0.10071265697479248
        ],
        [
            0.10595561563968658,
            -0.8056308031082153,
            0.09798230975866318
        ],
        [
            0.10259250551462173,
            -0.8066977858543396,
            0.09560540318489075
        ],
        [
            0.09872324019670486,
            -0.8082137107849121,
            0.0939517393708229
        ],
        [
            0.09713222831487656,
            -0.8032047748565674,
            0.09415973722934723
        ],
        [
            0.10134126991033554,
            -0.8003969192504883,
            0.09628475457429886
        ],
        [
            0.10359959304332733,
            -0.8228517174720764,
            0.09134437888860703
        ],
        [
            0.09653152525424957,
            -0.8246402144432068,
            0.09073327481746674
        ],
        [
            0.0966784730553627,
            -0.8213278651237488,
            0.09142399579286575
        ],
        [
            0.10262887179851532,
            -0.8198754787445068,
            0.09143518656492233
        ],
        [
            0.08438203483819962,
            -0.8184464573860168,
            0.09474850445985794
        ],
        [
            0.08650898188352585,
            -0.8203541040420532,
            0.09401915967464447
        ],
        [
            0.08385777473449707,
            -0.8229653835296631,
            0.09281531721353531
        ],
        [
            0.08135273307561874,
            -0.8190872669219971,
            0.09313850104808807
        ],
        [
            0.08241051435470581,
            -0.8156232833862305,
            0.09284937381744385
        ],
        [
            0.08500982820987701,
            -0.8165960311889648,
            0.09422478079795837
        ],
        [
            0.1255878359079361,
            -0.8757150173187256,
            0.10337299853563309
        ],
        [
            0.11695656180381775,
            -0.8626734614372253,
            0.09284503012895584
        ],
        [
            0.13633033633232117,
            -0.8629770874977112,
            0.11593780666589737
        ],
        [
            0.13959841430187225,
            -0.8483831286430359,
            0.12690390646457672
        ],
        [
            0.1415097713470459,
            -0.831777811050415,
            0.13485968112945557
        ],
        [
            0.09445755928754807,
            -0.7453258633613586,
            0.10597602277994156
        ],
        [
            0.09182288497686386,
            -0.7362493872642517,
            0.11138304322957993
        ],
        [
            0.09961118549108505,
            -0.7392704486846924,
            0.12467442452907562
        ],
        [
            0.09373918175697327,
            -0.7303115129470825,
            0.12833163142204285
        ],
        [
            0.08591581881046295,
            -0.7273617386817932,
            0.11417841166257858
        ],
        [
            0.0678211972117424,
            -0.7138939499855042,
            0.11392848938703537
        ],
        [
            0.07784445583820343,
            -0.7194254398345947,
            0.11490647494792938
        ],
        [
            0.08572898805141449,
            -0.7221362590789795,
            0.13243718445301056
        ],
        [
            0.09490974992513657,
            -0.7297989130020142,
            0.1493545025587082
        ],
        [
            0.10087280720472336,
            -0.7360923290252686,
            0.14198966324329376
        ],
        [
            0.10223338007926941,
            -0.7420220375061035,
            0.16366253793239594
        ],
        [
            0.08770468086004257,
            -0.7230237126350403,
            0.1597716361284256
        ],
        [
            0.09844014048576355,
            -0.7412145137786865,
            0.17237500846385956
        ],
        [
            0.0657925009727478,
            -0.6974500417709351,
            0.15166522562503815
        ],
        [
            0.06505996733903885,
            -0.6889369487762451,
            0.15545886754989624
        ],
        [
            0.07357040047645569,
            -0.6918292045593262,
            0.17095714807510376
        ],
        [
            0.07577888667583466,
            -0.7002028226852417,
            0.1670539379119873
        ],
        [
            0.10537082701921463,
            -0.7436311841011047,
            0.13534189760684967
        ],
        [
            0.131575345993042,
            -0.8012275695800781,
            0.13496822118759155
        ],
        [
            0.12881503999233246,
            -0.8038069009780884,
            0.1234293282032013
        ],
        [
            0.12792369723320007,
            -0.7891198396682739,
            0.13762739300727844
        ],
        [
            0.15265056490898132,
            -0.8545612096786499,
            0.16139920055866241
        ],
        [
            0.1468372493982315,
            -0.8536258339881897,
            0.14286848902702332
        ],
        [
            0.14809414744377136,
            -0.8364296555519104,
            0.1485554724931717
        ],
        [
            0.1525103598833084,
            -0.8395205736160278,
            0.16500447690486908
        ],
        [
            0.13958004117012024,
            -0.8974847793579102,
            0.15418754518032074
        ],
        [
            0.13503387570381165,
            -0.8884166479110718,
            0.12784722447395325
        ],
        [
            0.14152683317661285,
            -0.8730806112289429,
            0.1351594477891922
        ],
        [
            0.1468961536884308,
            -0.8788896203041077,
            0.15663740038871765
        ],
        [
            0.15293461084365845,
            -0.8387151956558228,
            0.17840507626533508
        ],
        [
            0.15228718519210815,
            -0.8381353616714478,
            0.19756901264190674
        ],
        [
            0.15284928679466248,
            -0.8535535335540771,
            0.2057439386844635
        ],
        [
            0.15458308160305023,
            -0.8569411039352417,
            0.1830720156431198
        ],
        [
            0.14730915427207947,
            -0.8755744695663452,
            0.213465616106987
        ],
        [
            0.14891654253005981,
            -0.8797804117202759,
            0.18657532334327698
        ],
        [
            0.09018642455339432,
            -0.7295506596565247,
            0.18143334984779358
        ],
        [
            0.09818534553050995,
            -0.745714008808136,
            0.18583424389362335
        ],
        [
            0.07918313890695572,
            -0.7110092639923096,
            0.16161321103572845
        ],
        [
            0.08412931114435196,
            -0.7162494659423828,
            0.17994315922260284
        ],
        [
            0.13478145003318787,
            -0.8948060274124146,
            0.21799390017986298
        ],
        [
            0.1386183500289917,
            -0.901080846786499,
            0.1871758997440338
        ],
        [
            0.12834051251411438,
            -0.8183521032333374,
            0.24238184094429016
        ],
        [
            0.13859108090400696,
            -0.8340853452682495,
            0.23699358105659485
        ],
        [
            0.1414639949798584,
            -0.8215700387954712,
            0.22019799053668976
        ],
        [
            0.13249561190605164,
            -0.8085682392120361,
            0.22774779796600342
        ],
        [
            0.12078792601823807,
            -0.829829216003418,
            0.25747939944267273
        ],
        [
            0.13118384778499603,
            -0.8484340906143188,
            0.25084829330444336
        ],
        [
