{
    "pred_cam": [
        2.1678037643432617,
        0.14284516870975494,
        0.4766031801700592
    ],
    "pred_smpl_params": {
        "global_orient": [
            [
                [
                    -0.8915036916732788,
                    -0.15276743471622467,
                    -0.42647770047187805
                ],
                [
                    0.3357444405555725,
                    -0.8548429608345032,
                    -0.3956249952316284
                ],
                [
                    -0.3041328489780426,
                    -0.49588868021965027,
                    0.8133864998817444
                ]
            ]
        ],
        "body_pose": [
            [
                [
                    0.9944267272949219,
                    -0.042765017598867416,
                    -0.09636738896369934
                ],
                [
                    0.1039801687002182,
                    0.5488877892494202,
                    0.8294036388397217
                ],
                [
                    0.0174254160374403,
                    -0.8348013758659363,
                    0.5502753853797913
                ]
            ],
            [
                [
                    0.9953826665878296,
                    0.0625135526061058,
                    0.07283788174390793
                ],
                [
                    -0.0959814265370369,
                    0.655595600605011,
                    0.7489873170852661
                ],
                [
                    -0.0009303367114625871,
                    -0.7525201439857483,
                    0.6585686206817627
                ]
            ],
            [
                [
                    0.9968849420547485,
                    0.04071420803666115,
                    0.06754844635725021
                ],
                [
                    0.013042906299233437,
                    0.7595602869987488,
                    -0.650306224822998
                ],
                [
                    -0.07778380811214447,
                    0.6491614580154419,
                    0.7566632032394409
                ]
            ],
            [
                [
                    0.9787930250167847,
                    0.20347052812576294,
                    0.02374875731766224
                ],
                [
                    -0.09684661030769348,
                    0.5617756247520447,
                    -0.821601390838623
                ],
                [
                    -0.1805131584405899,
                    0.8018776774406433,
                    0.5695675015449524
                ]
            ],
            [
                [
                    0.9917104840278625,
                    -0.12374231219291687,
                    0.034615062177181244
                ],
                [
                    0.10167279839515686,
                    0.5909793972969055,
                    -0.8002537488937378
                ],
                [
                    0.07856844365596771,
                    0.7971394062042236,
                    0.5986617207527161
                ]
            ],
            [
                [
                    0.9986347556114197,
                    -0.0022625294514000416,
                    0.052187249064445496
                ],
                [
                    -0.0013643283164128661,
                    0.9975910186767578,
                    0.06935685873031616
                ],
                [
                    -0.052218448370695114,
                    -0.06933337450027466,
                    0.9962259531021118
                ]
            ],
            [
                [
                    0.9851405620574951,
                    0.03644862771034241,
                    0.16783811151981354
                ],
                [
                    -0.04517333582043648,
                    0.9978030323982239,
                    0.048460546880960464
                ],
                [
                    -0.16570307314395905,
                    -0.055322252213954926,
                    0.9846227169036865
                ]
            ],
            [
                [
                    0.9907675385475159,
                    -0.009683661162853241,
                    -0.13522541522979736
                ],
                [
                    0.02318412810564041,
                    0.9948548674583435,
                    0.09862235188484192
                ],
                [
                    0.13357461988925934,
                    -0.10084690153598785,
                    0.9858944416046143
                ]
            ],
            [
                [
                    0.9992526769638062,
                    0.01151661854237318,
                    0.03689790517091751
                ],
                [
                    -0.007784049492329359,
                    0.9949820041656494,
                    -0.09975088387727737
                ],
                [
                    -0.03786154463887215,
                    0.09938912093639374,
                    0.9943280816078186
                ]
            ],
            [
                [
                    0.985465943813324,
                    -0.14207857847213745,
                    0.0931154265999794
                ],
                [
                    0.13307541608810425,
                    0.9863795638084412,
                    0.0966765508055687
                ],
                [
                    -0.1055828109383583,
                    -0.08288007229566574,
                    0.9909506440162659
                ]
            ],
            [
                [
                    0.9955551028251648,
                    0.08923016488552094,
                    -0.030133847147226334
                ],
                [
                    -0.08459071815013885,
                    0.9878414869308472,
                    0.13043631613254547
                ],
                [
                    0.04140631854534149,
                    -0.1273074895143509,
                    0.9909986853599548
                ]
            ],
            [
                [
                    0.9960928559303284,
                    -0.011195080354809761,
                    0.08759989589452744
                ],
                [
                    0.01715739071369171,
                    0.9975643754005432,
                    -0.06760898232460022
                ],
                [
                    -0.08662964403629303,
                    0.06884780526161194,
                    0.993858814239502
                ]
            ],
            [
                [
                    0.9354074597358704,
                    -0.053849026560783386,
                    -0.3494468331336975
                ],
                [
                    0.07531324774026871,
                    0.9959982633590698,
                    0.04811903089284897
                ],
                [
                    0.3454572558403015,
                    -0.07132887840270996,
                    0.9357197284698486
                ]
            ],
            [
                [
                    0.8952024579048157,
                    -0.044192634522914886,
                    0.44346317648887634
                ],
                [
                    0.014637342654168606,
                    0.9974499940872192,
                    0.06985148042440414
                ],
                [
                    -0.4454192817211151,
                    -0.05604008957743645,
                    0.8935665488243103
                ]
            ],
            [
                [
                    0.9987890124320984,
                    -0.03409399092197418,
                    -0.03547060117125511
                ],
                [
                    0.037788890302181244,
                    0.9932869672775269,
                    0.10932976007461548
                ],
                [
                    0.031504999846220016,
                    -0.11053774505853653,
                    0.9933724999427795
                ]
            ],
            [
                [
                    0.5834842324256897,
                    0.7515720725059509,
                    -0.30771011114120483
                ],
                [
                    -0.7504134774208069,
                    0.6438227891921997,
                    0.14957192540168762
                ],
                [
                    0.3105248808860779,
                    0.14363695681095123,
                    0.9396502375602722
                ]
            ],
            [
                [
                    0.3924434185028076,
                    -0.8120545744895935,
                    0.4319208860397339
                ],
                [
                    0.7791866064071655,
                    0.5430428981781006,
                    0.31300604343414307
                ],
                [
                    -0.4887295067310333,
                    0.2137097865343094,
                    0.8458556532859802
                ]
            ],
            [
                [
                    0.6237086057662964,
                    -0.23947806656360626,
                    -0.7440685629844666
                ],
                [
                    0.15356062352657318,
                    0.9709017276763916,
                    -0.1837635040283203
                ],
                [
                    0.7664247155189514,
                    0.00035527898580767214,
                    0.6423341631889343
                ]
            ],
            [
                [
                    0.6390630602836609,
                    0.2596413493156433,
                    0.7240060567855835
                ],
                [
                    -0.23786582052707672,
                    0.9618724584579468,
                    -0.13498589396476746
                ],
                [
                    -0.7314494252204895,
                    -0.0859518051147461,
                    0.6764569878578186
                ]
            ],
            [
                [
                    0.9685116410255432,
                    -0.24612395465373993,
                    0.03752550482749939
                ],
                [
                    0.24821162223815918,
                    0.9662790298461914,
                    -0.06852606683969498
                ],
                [
                    -0.019394202157855034,
                    0.07568256556987762,
                    0.9969432950019836
                ]
            ],
            [
                [
                    0.9650477766990662,
                    0.2608407139778137,
                    -0.025392835959792137
                ],
                [
                    -0.2612886130809784,
                    0.9651240706443787,
                    -0.016241250559687614
                ],
                [
                    0.020270857959985733,
                    0.02230844460427761,
                    0.9995455741882324
                ]
            ],
            [
                [
                    0.9755353927612305,
                    0.19189053773880005,
                    -0.10727810859680176
                ],
                [
                    -0.1636624038219452,
                    0.9597141146659851,
                    0.22839297354221344
                ],
                [
                    0.1467827707529068,
                    -0.20524807274341583,
                    0.9676403403282166
                ]
            ],
            [
                [
                    0.9775181412696838,
                    -0.19945617020130157,
                    0.06837815791368484
                ],
                [
                    0.18012551963329315,
                    0.9585149884223938,
                    0.2209157645702362
                ],
                [
                    -0.10960451513528824,
                    -0.20363250374794006,
                    0.9728929400444031
                ]
            ]
        ],
        "betas": [
            -0.1171368658542633,
            -0.08416441082954407,
            0.08084690570831299,
            0.1664452701807022,
            0.09013694524765015,
            0.10796792060136795,
            0.11821803450584412,
            -0.15679502487182617,
            0.05040016770362854,
            -0.026084423065185547
        ]
    },
    "pred_cam_t": [
        0.14284516870975494,
        0.4766031801700592,
        18.019390106201172
    ],
    "focal_length": [
        5000.0,
        5000.0
    ],
    "pred_keypoints_3d": [
        [
            -0.29115647077560425,
            -0.7260732650756836,
            0.14318661391735077
        ],
        [
            -0.17856523394584656,
            -0.6707660555839539,
            -0.004959627985954285
        ],
        [
            -0.022215664386749268,
            -0.6593055725097656,
            0.0950545221567154
        ],
        [
            0.045532919466495514,
            -0.4429994225502014,
            0.20539332926273346
        ],
        [
            -0.09092441946268082,
            -0.3217100203037262,
            0.38005971908569336
        ],
        [
            -0.30275633931159973,
            -0.5554288625717163,
            -0.06366744637489319
        ],
        [
            -0.3658384084701538,
            -0.30505409836769104,
            -0.05366594344377518
        ],
        [
            -0.41868817806243896,
            -0.19343674182891846,
            0.16002941131591797
        ],
        [
            -0.0018815057119354606,
            -0.22445213794708252,
            0.028186306357383728
        ],
        [
            0.07419440150260925,
            -0.1681419163942337,
            0.09006725996732712
        ],
        [
            0.04845905303955078,
            -0.08456216007471085,
            0.4598997235298157
        ],
        [
            0.11655616760253906,
            0.28463277220726013,
            0.5840162038803101
        ],
        [
            -0.04697110503911972,
            -0.12027426064014435,
            0.04670977592468262
        ],
        [
            -0.19114312529563904,
            -0.05113384127616882,
            0.3826883137226105
        ],
        [
            -0.06953734159469604,
            0.27785536646842957,
            0.5645018815994263
        ],
        [
            -0.2611585259437561,
            -0.7780721187591553,
            0.13199947774410248
        ],
        [
            -0.3175034523010254,
            -0.7599127292633057,
            0.10025020688772202
        ],
        [
            -0.17819339036941528,
            -0.7940179109573364,
            0.06978006660938263
        ],
        [
            -0.305066853761673,
            -0.7546980381011963,
            -0.0029391050338745117
        ],
        [
            -0.16875344514846802,
            0.24765545129776,
            0.7353495955467224
        ],
        [
            -0.18968819081783295,
            0.3024132251739502,
            0.6775407791137695
        ],
        [
            -0.03276738524436951,
            0.332263708114624,
            0.5391557812690735
        ],
        [
            0.046774789690971375,
            0.24216651916503906,
            0.7644927501678467
        ],
        [
            0.13226810097694397,
            0.25119549036026,
            0.7493172287940979
        ],
        [
            0.14669758081436157,
            0.34629571437835693,
            0.559378445148468
        ],
        [
            0.13929080963134766,
            0.24446970224380493,
            0.5468751192092896
        ],
        [
            0.04949154332280159,
            -0.11201225221157074,
            0.40959829092025757
        ],
        [
            0.14051325619220734,
            -0.28904664516448975,
            0.037524327635765076
        ],
        [
            -0.11945817619562149,
            -0.16808035969734192,
            -0.061401162296533585
        ],
        [
            -0.19539451599121094,
            -0.0639171153306961,
            0.3485521972179413
        ],
        [
            -0.07151085138320923,
            0.2647587060928345,
            0.5248672962188721
        ],
        [
            -0.10694058984518051,
            -0.3492465317249298,
            0.3646030128002167
        ],
        [
            0.03746753931045532,
            -0.474450945854187,
            0.22892984747886658
        ],
        [
            -0.05192532390356064,
            -0.6693942546844482,
            0.07144567370414734
        ],
        [
            -0.288625568151474,
            -0.5831912159919739,
            -0.06603210419416428
        ],
        [
            -0.39642786979675293,
            -0.3409057855606079,
            -0.03444729745388031
        ],
        [
            -0.4225311577320099,
            -0.21375662088394165,
            0.15875548124313354
        ],
        [
            -0.18583209812641144,
            -0.6705778241157532,
            0.0058196187019348145
        ],
        [
            -0.26975634694099426,
            -0.8201967477798462,
            0.04771927371621132
        ],
        [
            0.010801932774484158,
            -0.22881172597408295,
            -0.0125660952180624
        ],
        [
            -0.16679483652114868,
            -0.6232093572616577,
            0.00336348544806242
        ],
        [
            -0.06953080743551254,
            -0.46267879009246826,
            -0.043296076357364655
        ],
        [
            -0.2526933252811432,
            -0.7113835215568542,
            0.072621650993824
        ],
        [
            -0.2675352990627289,
            -0.8416497111320496,
            0.04157138988375664
        ]
    ],
    "pred_vertices": [
        [
            -0.3418203592300415,
            -0.8027039766311646,
            0.09558950364589691
        ],
        [
            -0.3350985646247864,
            -0.7891750335693359,
            0.10366739332675934
        ],
        [
            -0.3397291898727417,
            -0.7846882343292236,
            0.09057420492172241
        ],
        [
            -0.3435644507408142,
            -0.794700026512146,
            0.08019399642944336
        ],
        [
            -0.33563241362571716,
            -0.7757165431976318,
            0.09738047420978546
        ],
        [
            -0.33102139830589294,
            -0.7788355350494385,
            0.107923224568367
        ],
        [
            -0.33899909257888794,
            -0.7784551382064819,
            0.07824251055717468
        ],
        [
            -0.34072837233543396,
            -0.7854037284851074,
            0.06685496866703033
        ],
        [
            -0.3262422978878021,
            -0.7440903186798096,
            0.06521570682525635
        ],
        [
            -0.3239605724811554,
            -0.7402867078781128,
            0.054917313158512115
        ],
        [
            -0.3287770450115204,
            -0.7519906759262085,
            0.056645963340997696
        ],
        [
            -0.328768253326416,
            -0.753291130065918,
            0.06659476459026337
        ],
        [
            -0.31611353158950806,
            -0.720305860042572,
            0.06241519749164581
        ],
        [
            -0.31244605779647827,
            -0.7114572525024414,
            0.07260547578334808
        ],
        [
            -0.3069198727607727,
            -0.7039624452590942,
            0.06272537261247635
        ],
        [
            -0.3093845546245575,
            -0.7126364707946777,
            0.05232521519064903
        ],
        [
            -0.3004576861858368,
            -0.7297905683517456,
            0.10953909158706665
        ],
        [
            -0.302614688873291,
            -0.7221560478210449,
            0.10593535006046295
        ],
        [
            -0.30753108859062195,
            -0.7276093363761902,
            0.10325755178928375
        ],
        [
            -0.30440181493759155,
            -0.7346904873847961,
            0.10695837438106537
        ],
        [
            -0.29837602376937866,
            -0.7410160303115845,
            0.11910461634397507
        ],
        [
            -0.2994808554649353,
            -0.746428906917572,
            0.11559011042118073
        ],
        [
            -0.2991972863674164,
            -0.7505415678024292,
            0.1224803477525711
        ],
        [
            -0.2991005480289459,
            -0.7440884113311768,
            0.12640029191970825
        ],
        [
            -0.2943902015686035,
            -0.7261390686035156,
            0.11257416754961014
        ],
        [
            -0.29644396901130676,
            -0.718307614326477,
            0.1082044392824173
        ],
        [
            -0.29881054162979126,
            -0.7362070083618164,
            0.11315609514713287
        ],
        [
            -0.29682251811027527,
            -0.732658863067627,
            0.11600513011217117
        ],
        [
            -0.29728394746780396,
            -0.7262452840805054,
            0.12641189992427826
        ],
        [
            -0.2992982268333435,
            -0.7305251359939575,
            0.1243249773979187
        ],
        [
            -0.3002565801143646,
            -0.7315211892127991,
            0.13202950358390808
        ],
        [
            -0.29700303077697754,
            -0.7266534566879272,
            0.13203082978725433
        ],
        [
            -0.2953243851661682,
            -0.726311981678009,
            0.11712297797203064
        ],
        [
            -0.2979036271572113,
            -0.728556215763092,
            0.11917027831077576
        ],
        [
            -0.29580044746398926,
            -0.7253855466842651,
            0.12243649363517761
        ],
        [
            -0.2926305830478668,
            -0.7239958047866821,
            0.12048107385635376
        ],
        [
            -0.29796716570854187,
            -0.7369459867477417,
            0.12201931327581406
        ],
        [
            -0.2995315194129944,
            -0.7383824586868286,
            0.12952260673046112
        ],
        [
            -0.3001786172389984,
            -0.7397195100784302,
            0.137618288397789
        ],
        [
            -0.29982149600982666,
            -0.7312920093536377,
            0.13992877304553986
        ],
        [
            -0.3041036128997803,
            -0.7073379755020142,
            0.09428524225950241
        ],
        [
            -0.3044724762439728,
            -0.7146713733673096,
            0.10078833997249603
        ],
        [
            -0.2986384630203247,
            -0.7111220359802246,
            0.10365605354309082
        ],
        [
            -0.29940474033355713,
            -0.705020546913147,
            0.09850651025772095
        ],
        [
            -0.29104083776474,
            -0.7210784554481506,
            0.11675333976745605
        ],
        [
            -0.28872281312942505,
            -0.7050833702087402,
            0.11442357301712036
        ],
        [
            -0.2904052138328552,
            -0.7085137367248535,
            0.11462697386741638
        ],
        [
            -0.28759264945983887,
            -0.7104196548461914,
            0.12118875235319138
        ],
        [
            -0.2864800691604614,
            -0.7070263624191284,
            0.12055924534797668
        ],
        [
            -0.2993006110191345,
            -0.6938472986221313,
            0.08370102941989899
        ],
        [
            -0.2965640723705292,
            -0.6933350563049316,
            0.09071573615074158
        ],
        [
            -0.2933266758918762,
            -0.6872180700302124,
            0.08798027038574219
        ],
        [
            -0.2944563031196594,
            -0.686815619468689,
            0.08033846318721771
        ],
        [
            -0.28873535990715027,
            -0.6823592782020569,
            0.08837482333183289
        ],
        [
            -0.2890220284461975,
            -0.6800839304924011,
            0.0783204734325409
        ],
        [
            -0.2762916684150696,
            -0.6686716079711914,
            0.08247111737728119
        ],
        [
            -0.2823446989059448,
            -0.6736122965812683,
            0.08015700429677963
        ],
        [
            -0.2836858034133911,
            -0.6778134107589722,
            0.090603306889534
        ],
        [
            -0.2787781357765198,
            -0.6738584041595459,
            0.09591710567474365
        ],
        [
            -0.2749437689781189,
            -0.6802800297737122,
            0.10952264070510864
        ],
        [
            -0.27104172110557556,
            -0.6801589727401733,
            0.11506688594818115
        ],
        [
            -0.26933878660202026,
            -0.6675339937210083,
            0.11028250306844711
        ],
        [
            -0.2737310528755188,
            -0.6697980165481567,
            0.10375402122735977
        ],
        [
            -0.2844286262989044,
            -0.6996949911117554,
            0.11096645891666412
        ],
        [
            -0.28638067841529846,
            -0.6991563439369202,
            0.10649792104959488
        ],
        [
            -0.2882344126701355,
            -0.7000499367713928,
            0.10834716260433197
        ],
        [
            -0.2867565155029297,
            -0.7017195224761963,
            0.1132889911532402
        ],
        [
            -0.28851741552352905,
            -0.6981285810470581,
            0.10311270505189896
        ],
        [
            -0.2894686162471771,
            -0.6974966526031494,
            0.1016530692577362
        ],
        [
            -0.29028260707855225,
            -0.6985681056976318,
            0.10279333591461182
        ],
        [
            -0.28917282819747925,
            -0.6988422870635986,
            0.10368217527866364
        ],
        [
            -0.2876681685447693,
            -0.6989979147911072,
            0.10521712154150009
        ],
        [
            -0.2863248586654663,
            -0.6974356770515442,
            0.10602029412984848
        ],
        [
            -0.287725031375885,
            -0.6975884437561035,
            0.10398201644420624
        ],
        [
            -0.2844544053077698,
            -0.6971669793128967,
            0.11024431884288788
        ],
        [
            -0.27729564905166626,
            -0.6976265907287598,
            0.12349741160869598
        ],
        [
            -0.2797906994819641,
            -0.696696400642395,
            0.12038612365722656
        ],
        [
            -0.27956005930900574,
            -0.7014404535293579,
            0.12041758745908737
        ],
        [
            -0.27756160497665405,
            -0.7026762366294861,
            0.12302921712398529
        ],
        [
            -0.2905871570110321,
            -0.7011322379112244,
            0.10505777597427368
        ],
        [
            -0.29264259338378906,
            -0.7015151977539062,
            0.10352398455142975
        ],
        [
            -0.2920563817024231,
            -0.7046016454696655,
            0.1085345521569252
        ],
        [
            -0.28981471061706543,
            -0.7024626731872559,
            0.10848699510097504
        ],
        [
            -0.2956816852092743,
            -0.7026046514511108,
            0.10206231474876404
        ],
        [
            -0.29232388734817505,
            -0.6992829442024231,
            0.1011805534362793
        ],
        [
            -0.2948122024536133,
            -0.6996006965637207,
            0.09884637594223022
        ],
        [
            -0.2884250283241272,
            -0.696053147315979,
            0.10188660025596619
        ],
        [
            -0.28949683904647827,
            -0.6939048767089844,
            0.09926949441432953
        ],
        [
            -0.2913544476032257,
            -0.6960100531578064,
            0.09987586736679077
        ],
        [
            -0.2866538166999817,
            -0.6915225982666016,
            0.10044537484645844
        ],
        [
            -0.28609466552734375,
            -0.694860577583313,
            0.10396207869052887
        ],
        [
            -0.2837269902229309,
            -0.6937141418457031,
            0.1080431416630745
        ],
        [
            -0.2811131477355957,
            -0.6928306221961975,
            0.11339908838272095
        ],
        [
            -0.27997463941574097,
            -0.6881077885627747,
            0.10937280207872391
        ],
        [
            -0.28342747688293457,
            -0.6894548535346985,
            0.10416486859321594
        ],
        [
            -0.29476219415664673,
            -0.7082669734954834,
            0.10671679675579071
        ],
        [
            -0.293709933757782,
            -0.6946532726287842,
            0.0960075631737709
        ],
        [
            -0.29846400022506714,
            -0.699957013130188,
            0.09423735737800598
        ],
        [
            -0.29142552614212036,
            -0.690426230430603,
            0.09499731659889221
        ],
        [
            -0.2878507971763611,
            -0.6869044303894043,
            0.095613494515419
        ],
        [
            -0.2832235097885132,
            -0.6839803457260132,
            0.09874898195266724
        ],
        [
            -0.27913761138916016,
            -0.6818357706069946,
            0.10395990312099457
        ],
        [
            -0.2621314823627472,
            -0.6605861186981201,
            0.09840281307697296
        ],
        [
            -0.2687392234802246,
            -0.6638388633728027,
            0.09127984941005707
        ],
        [
            -0.32538551092147827,
            -0.7721960544586182,
            0.10656924545764923
        ],
        [
            -0.3309518098831177,
            -0.7696499228477478,
            0.09984850883483887
        ],
        [
            -0.3266744613647461,
            -0.7625492811203003,
            0.09544674307107925
        ],
        [
            -0.32867154479026794,
            -0.763916015625,
            0.09459954500198364
        ],
        [
            -0.3263804316520691,
            -0.7667510509490967,
            0.09985891729593277
        ],
        [
            -0.32487839460372925,
            -0.7639067769050598,
            0.09968244284391403
        ],
        [
            -0.32760047912597656,
            -0.7555091977119446,
            0.07484625279903412
        ],
        [
            -0.3267174959182739,
            -0.7573626637458801,
            0.08143536746501923
        ],
        [
            -0.3245118260383606,
            -0.754036545753479,
            0.07982134819030762
        ],
        [
            -0.3259665071964264,
            -0.7489339113235474,
            0.07321067899465561
        ],
        [
            -0.3191395103931427,
            -0.7477906942367554,
            0.08932824432849884
        ],
        [
            -0.32133641839027405,
            -0.7483987808227539,
            0.08436273038387299
        ],
        [
            -0.32234710454940796,
            -0.7550874948501587,
            0.08908993005752563
        ],
        [
            -0.3207074999809265,
            -0.754619300365448,
            0.09267367422580719
        ],
        [
            -0.31847572326660156,
            -0.7549110651016235,
            0.09623052924871445
        ],
        [
            -0.3154292702674866,
            -0.7557426691055298,
            0.09936728328466415
        ],
        [
            -0.31372159719467163,
            -0.7509274482727051,
            0.098515585064888
        ],
        [
            -0.3165983557701111,
            -0.7490330934524536,
            0.09436900913715363
        ],
        [
            -0.3222915232181549,
            -0.7693207263946533,
            0.1044311374425888
        ],
        [
            -0.31582239270210266,
            -0.7703162431716919,
            0.10796624422073364
        ],
        [
            -0.3157751262187958,
            -0.7674528360366821,
            0.10655906051397324
        ],
        [
            -0.32133710384368896,
            -0.7660243511199951,
            0.10409505665302277
        ],
        [
            -0.30269357562065125,
            -0.7651914358139038,
            0.10701695084571838
        ],
        [
            -0.3050585091114044,
            -0.7668607234954834,
            0.1075015738606453
        ],
        [
            -0.3033040761947632,
            -0.7688853144645691,
            0.11044301092624664
        ],
        [
            -0.3005591034889221,
            -0.7651526927947998,
            0.10986168682575226
        ],
        [
            -0.30150604248046875,
            -0.7618346214294434,
            0.10861141979694366
        ],
        [
            -0.3034130334854126,
            -0.7632653713226318,
            0.1066596582531929
        ],
        [
            -0.3410692811012268,
            -0.8250206112861633,
            0.09996649622917175
        ],
        [
            -0.33556103706359863,
            -0.8092869520187378,
            0.10885550081729889
        ],
        [
            -0.34581249952316284,
            -0.8168900609016418,
            0.08177909255027771
        ],
        [
            -0.3446856439113617,
            -0.8067306280136108,
            0.06613153219223022
        ],
        [
            -0.34171262383461,
            -0.7935850620269775,
            0.05376254767179489
        ],
        [
            -0.3032408356666565,
            -0.6974003314971924,
            0.07388602942228317
        ],
        [
            -0.2979268431663513,
            -0.6900467872619629,
            0.06759215891361237
        ],
        [
            -0.3007323443889618,
            -0.6975314617156982,
            0.05333700031042099
        ],
        [
            -0.29310792684555054,
            -0.689180850982666,
            0.049810707569122314
        ],
        [
            -0.2905547618865967,
            -0.6816846132278442,
            0.06506409496068954
        ],
        [
            -0.27113014459609985,
            -0.6677830219268799,
            0.0690469965338707
        ],
        [
            -0.28155064582824707,
            -0.6736986637115479,
            0.06567800045013428
        ],
        [
            -0.2828240692615509,
            -0.6819607019424438,
            0.047307685017585754
        ],
        [
            -0.2862957715988159,
            -0.6947075724601746,
            0.030441883951425552
        ],
        [
            -0.2950868308544159,
            -0.6996035575866699,
            0.03610702604055405
        ],
        [
            -0.28901854157447815,
            -0.710973858833313,
            0.01820983737707138
        ],
        [
            -0.27385127544403076,
            -0.6912479400634766,
            0.022238714620471
        ],
        [
            -0.28216108679771423,
            -0.7125579118728638,
            0.011755920946598053
        ],
        [
            -0.24897216260433197,
            -0.6624832153320312,
            0.031549934297800064
        ],
        [
            -0.24422752857208252,
            -0.6539831161499023,
            0.02622600644826889
        ],
        [
            -0.2503007650375366,
            -0.6610909700393677,
            0.00940665416419506
        ],
        [
            -0.25529175996780396,
            -0.6692247986793518,
            0.014424152672290802
        ],
        [
            -0.3027578294277191,
            -0.7052774429321289,
            0.042752526700496674
        ],
        [
            -0.3307989835739136,
            -0.7629897594451904,
            0.049530789256095886
        ],
        [
            -0.33259037137031555,
            -0.761929988861084,
            0.061201002448797226
        ],
        [
            -0.32582715153694153,
            -0.7511572241783142,
            0.044707827270030975
        ],
        [
            -0.34368574619293213,
            -0.8225402235984802,
            0.03389882296323776
        ],
        [
            -0.34649455547332764,
            -0.8160181641578674,
            0.05125213414430618
        ],
        [
            -0.34304389357566833,
            -0.8014224171638489,
            0.04117521643638611
        ],
        [
            -0.3414851427078247,
            -0.809389054775238,
            0.02603520266711712
        ],
        [
            -0.3374761939048767,
            -0.860565721988678,
            0.05667838826775551
        ],
        [
            -0.3431611657142639,
            -0.8442565202713013,
            0.07924085855484009
        ],
        [
            -0.3451113998889923,
            -0.8322112560272217,
            0.0659208744764328
        ],
        [
            -0.34214720129966736,
            -0.8438869118690491,
            0.04678359255194664
        ],
        [
            -0.3370150625705719,
            -0.8120829463005066,
            0.013855218887329102
        ],
        [
            -0.32924091815948486,
            -0.8170932531356812,
            -0.002239454537630081
        ],
        [
            -0.3280646800994873,
            -0.8339273929595947,
            -0.005035504698753357
        ],
        [
            -0.33787330985069275,
            -0.8309427499771118,
            0.014832541346549988
        ],
        [
            -0.3221798837184906,
            -0.856861412525177,
            -0.0034315958619117737
        ],
        [
            -0.3336428701877594,
            -0.8534554243087769,
            0.020172828808426857
        ],
        [
            -0.2698676586151123,
            -0.7035739421844482,
            0.0035072024911642075
        ],
        [
            -0.27736136317253113,
            -0.720831573009491,
            0.0011195763945579529
        ],
        [
            -0.26232922077178955,
            -0.679430365562439,
            0.02101925015449524
        ],
        [
            -0.26284903287887573,
            -0.68938148021698,
            0.00358780100941658
        ],
        [
            -0.31036850810050964,
            -0.8765562772750854,
            0.001947697252035141
        ],
        [
            -0.32480376958847046,
            -0.8734970092773438,
            0.029589667916297913
        ],
        [
            -0.29019880294799805,
            -0.8099284172058105,
            -0.03968067094683647
        ],
        [
            -0.3024959862232208,
            -0.8235468864440918,
            -0.03333102539181709
        ],
        [
            -0.31006836891174316,
            -0.8069822788238525,
            -0.023672133684158325
        ],
        [
            -0.29808491468429565,
            -0.7960929870605469,
            -0.031003020703792572
        ],
        [
            -0.2774622440338135,
            -0.8245728015899658,
            -0.04598762467503548
        ],
