{
    "pred_cam": [
        2.908872127532959,
        -0.024743160232901573,
        0.7413290739059448
    ],
    "pred_smpl_params": {
        "global_orient": [
            [
                [
                    0.9873090386390686,
                    -0.11117695271968842,
                    0.11340373754501343
                ],
                [
                    -0.020188795402646065,
                    -0.7961552739143372,
                    -0.6047554612159729
                ],
                [
                    0.15752185881137848,
                    0.5947911143302917,
                    -0.7882958054542542
                ]
            ]
        ],
        "body_pose": [
            [
                [
                    0.9963982105255127,
                    -0.08241621404886246,
                    0.01995447650551796
                ],
                [
                    0.06030580773949623,
                    0.8541468977928162,
                    0.5165232419967651
                ],
                [
                    -0.059613943099975586,
                    -0.5134594440460205,
                    0.8560405969619751
                ]
            ],
            [
                [
                    0.9913243055343628,
                    0.12957634031772614,
                    0.02205088548362255
                ],
                [
                    -0.1246417835354805,
                    0.8734816908836365,
                    0.47063177824020386
                ],
                [
                    0.04172170162200928,
                    -0.4692971110343933,
                    0.8820542693138123
                ]
            ],
            [
                [
                    0.9996489882469177,
                    0.0036226529628038406,
                    0.026245802640914917
                ],
                [
                    0.007125874049961567,
                    0.9173450469970703,
                    -0.3980293273925781
                ],
                [
                    -0.025518378242850304,
                    0.3980766236782074,
                    0.9169972538948059
                ]
            ],
            [
                [
                    0.9892464280128479,
                    0.1400654911994934,
                    0.04210854694247246
                ],
                [
                    -0.06444650143384933,
                    0.6758890151977539,
                    -0.734180212020874
                ],
                [
                    -0.13129402697086334,
                    0.7235714197158813,
                    0.6776475310325623
                ]
            ],
            [
                [
                    0.9900103211402893,
                    -0.13420213758945465,
                    -0.04323596879839897
                ],
                [
                    0.05782179534435272,
                    0.6661182641983032,
                    -0.7436014413833618
                ],
                [
                    0.12859317660331726,
                    0.7336731553077698,
                    0.6672237515449524
                ]
            ],
            [
                [
                    0.9972851872444153,
                    0.04635724425315857,
                    0.05721202865242958
                ],
                [
                    -0.03836094215512276,
                    0.9902779459953308,
                    -0.13370881974697113
                ],
                [
                    -0.06285417824983597,
                    0.13115112483501434,
                    0.9893678426742554
                ]
            ],
            [
                [
                    0.9578841924667358,
                    0.07237564027309418,
                    0.27788400650024414
                ],
                [
                    -0.08527492731809616,
                    0.9957565069198608,
                    0.034600965678691864
                ],
                [
                    -0.27420052886009216,
                    -0.05684027820825577,
                    0.9599912166595459
                ]
            ],
            [
                [
                    0.9828358888626099,
                    -0.029753530398011208,
                    -0.18206648528575897
                ],
                [
                    0.042841412127017975,
                    0.9967391490936279,
                    0.0683792307972908
                ],
                [
                    0.1794382631778717,
                    -0.07500555366277695,
                    0.9809057116508484
                ]
            ],
            [
                [
                    0.9976449608802795,
                    0.027852192521095276,
                    0.06268004328012466
                ],
                [
                    -0.026486476883292198,
                    0.9993956089019775,
                    -0.02251523733139038
                ],
                [
                    -0.0632692500948906,
                    0.02080203965306282,
                    0.9977797269821167
                ]
            ],
            [
                [
                    0.9853346347808838,
                    -0.16694432497024536,
                    -0.035287316888570786
                ],
                [
                    0.16985252499580383,
                    0.9793814420700073,
                    0.10937174409627914
                ],
                [
                    0.016300752758979797,
                    -0.11376141011714935,
                    0.9933743476867676
                ]
            ],
            [
                [
                    0.9691921472549438,
                    0.17865529656410217,
                    -0.16955476999282837
                ],
                [
                    -0.16239653527736664,
                    0.9810739755630493,
                    0.10545636713504791
                ],
                [
                    0.18518614768981934,
                    -0.07467237114906311,
                    0.9798622131347656
                ]
            ],
            [
                [
                    0.9720705151557922,
                    0.1751312017440796,
                    -0.15623080730438232
                ],
                [
                    -0.20506177842617035,
                    0.9575768113136292,
                    -0.20247571170330048
                ],
                [
                    0.11414318531751633,
                    0.2288576066493988,
                    0.9667448997497559
                ]
            ],
            [
                [
                    0.9411100149154663,
                    0.16545456647872925,
                    -0.29485028982162476
                ],
                [
                    -0.1366601139307022,
                    0.9838178753852844,
                    0.11587218940258026
                ],
                [
                    0.3092505633831024,
                    -0.06875421106815338,
                    0.9484918713569641
                ]
            ],
            [
                [
                    0.8896631002426147,
                    -0.3187728822231293,
                    0.32693058252334595
                ],
                [
                    0.33406203985214233,
                    0.942499041557312,
                    0.009911683388054371
                ],
                [
                    -0.31129127740859985,
                    0.1003970354795456,
                    0.9449965357780457
                ]
            ],
            [
                [
                    0.9844205975532532,
                    0.0634298324584961,
                    -0.16398994624614716
                ],
                [
                    -0.061323825269937515,
                    0.9979577660560608,
                    0.0178782157599926
                ],
                [
                    0.16478906571865082,
                    -0.007543192245066166,
                    0.9862999320030212
                ]
            ],
            [
                [
                    0.5042543411254883,
                    0.6658700108528137,
                    -0.5498588681221008
                ],
                [
                    -0.6473941802978516,
                    0.7128831148147583,
                    0.2695895731449127
                ],
                [
                    0.5714967250823975,
                    0.2200336903333664,
                    0.7905547618865967
                ]
            ],
            [
                [
                    0.4811772406101227,
                    -0.7985930442810059,
                    0.36154884099960327
                ],
                [
                    0.8607727289199829,
                    0.5084958076477051,
                    -0.02241199091076851
                ],
                [
                    -0.1659480184316635,
                    0.3219955265522003,
                    0.9320837259292603
                ]
            ],
            [
                [
                    -0.558994710445404,
                    -0.3759407103061676,
                    -0.7390490770339966
                ],
                [
                    0.23792359232902527,
                    0.7811055183410645,
                    -0.5772923827171326
                ],
                [
                    0.7943030595779419,
                    -0.49854058027267456,
                    -0.34718868136405945
                ]
            ],
            [
                [
                    0.11593294143676758,
                    0.3819195330142975,
                    0.91689532995224
                ],
                [
                    0.030363962054252625,
                    0.92132568359375,
                    -0.3876042068004608
                ],
                [
                    -0.9927928447723389,
                    0.0727766677737236,
                    0.09521540254354477
                ]
            ],
            [
                [
                    0.942171573638916,
                    -0.3351266086101532,
                    0.0017029016744345427
                ],
                [
                    0.33201220631599426,
                    0.932699978351593,
                    -0.14084964990615845
                ],
                [
                    0.045614175498485565,
                    0.13326992094516754,
                    0.990029513835907
                ]
            ],
            [
                [
                    0.9854214191436768,
                    0.168267160654068,
                    0.025117143988609314
                ],
                [
                    -0.1671861708164215,
                    0.9851024150848389,
                    -0.04027362912893295
                ],
                [
                    -0.03151968866586685,
                    0.035487253218889236,
                    0.9988729357719421
                ]
            ],
            [
                [
                    0.9552783966064453,
                    0.27039575576782227,
                    -0.11970552802085876
                ],
                [
                    -0.2576597034931183,
                    0.9597524404525757,
                    0.11174347996711731
                ],
                [
                    0.14510266482830048,
                    -0.07590283453464508,
                    0.9865008592605591
                ]
            ],
            [
                [
                    0.9760216474533081,
                    -0.20445933938026428,
                    0.07468670606613159
                ],
                [
                    0.1886022686958313,
                    0.9656392931938171,
                    0.1788012832403183
                ],
                [
                    -0.10867801308631897,
                    -0.16042783856391907,
                    0.9810463786125183
                ]
            ]
        ],
        "betas": [
            -0.0006299316883087158,
            -0.30073097348213196,
            -0.1244468241930008,
            -0.07543519139289856,
            -0.04115772247314453,
            0.004353050142526627,
            0.18903902173042297,
            -0.09764957427978516,
            -0.051302939653396606,
            -0.0025925934314727783
        ]
    },
    "pred_cam_t": [
        -0.024743160232901573,
        0.7413290739059448,
        13.428744316101074
    ],
    "focal_length": [
        5000.0,
        5000.0
    ],
    "pred_keypoints_3d": [
        [
            0.025023192167282104,
            -0.7957608699798584,
            0.03662349283695221
        ],
        [
            -0.018147103488445282,
            -0.6877474784851074,
            0.19237026572227478
        ],
        [
            -0.18609240651130676,
            -0.608009397983551,
            0.10267558693885803
        ],
        [
            -0.2168547362089157,
            -0.3635435700416565,
            0.039576828479766846
        ],
        [
            -0.008532270789146423,
            -0.3657614588737488,
            -0.10730811953544617
        ],
        [
            0.15514367818832397,
            -0.6020530462265015,
            0.21082109212875366
        ],
        [
            0.25709033012390137,
            -0.4271427392959595,
            0.04709044098854065
        ],
        [
            0.1616518348455429,
            -0.6538710594177246,
            0.007620047777891159
        ],
        [
            -0.0017618087586015463,
            -0.22343124449253082,
            0.03019784204661846
        ],
        [
            -0.059933796525001526,
            -0.14779400825500488,
            -0.03211364150047302
        ],
        [
            -0.08945651352405548,
            0.016638383269309998,
            -0.3760531544685364
        ],
        [
            -0.03596143051981926,
            0.40509021282196045,
            -0.4522889256477356
        ],
        [
            0.07740005850791931,
            -0.14844626188278198,
            -0.008706225082278252
        ],
        [
            0.1970808207988739,
            -0.007298216223716736,
            -0.3342883288860321
        ],
        [
            0.16470998525619507,
            0.37387770414352417,
            -0.4474923014640808
        ],
        [
            0.005735546350479126,
            -0.8406476974487305,
            0.07312823832035065
        ],
        [
            0.06893763691186905,
            -0.8185776472091675,
            0.0717957615852356
        ],
        [
            -0.039896249771118164,
            -0.8326759338378906,
            0.1676972359418869
        ],
        [
            0.101997509598732,
            -0.7840169072151184,
            0.16422870755195618
        ],
        [
            0.25215089321136475,
            0.35453474521636963,
            -0.6255190968513489
        ],
        [
            0.29035958647727966,
            0.39253872632980347,
            -0.5604214668273926
        ],
        [
            0.14051908254623413,
            0.42800456285476685,
            -0.4110483229160309
        ],
        [
            -0.060564517974853516,
            0.3830512762069702,
            -0.6527203321456909
        ],
        [
            -0.11941234022378922,
            0.41739439964294434,
            -0.5975293517112732
        ],
        [
            -0.025278419256210327,
            0.4666987657546997,
            -0.4141685962677002
        ],
        [
            -0.06127054616808891,
            0.3687897324562073,
            -0.41227900981903076
        ],
        [
            -0.08858011662960052,
            -0.020441394299268723,
            -0.32878872752189636
        ],
        [
            -0.15717723965644836,
            -0.23413410782814026,
            0.042862460017204285
        ],
        [
            0.14181864261627197,
            -0.2176133096218109,
            0.09273511171340942
        ],
        [
            0.1998671293258667,
            -0.029947800561785698,
            -0.3008524477481842
        ],
        [
            0.16484811902046204,
            0.3518168330192566,
            -0.4104066491127014
        ],
        [
            -0.014681111089885235,
            -0.3937559127807617,
            -0.08100087195634842
        ],
        [
            -0.22127503156661987,
            -0.3980817198753357,
            0.010124820284545422
        ],
        [
            -0.15594638884067535,
            -0.6354499459266663,
            0.12894131243228912
        ],
        [
            0.12871190905570984,
            -0.6243215799331665,
            0.21447886526584625
        ],
        [
            0.2798058092594147,
            -0.4678483009338379,
            0.06113232672214508
        ],
        [
            0.16831466555595398,
            -0.6471836566925049,
            0.030114736407995224
        ],
        [
            -0.014063240960240364,
            -0.6796806454658508,
            0.1776350438594818
        ],
        [
            0.05333409458398819,
            -0.8583428859710693,
            0.1544598639011383
        ],
        [
            -0.007184560876339674,
            -0.22609882056713104,
            0.06781645119190216
        ],
        [
            -0.015783147886395454,
            -0.6274887919425964,
            0.16896075010299683
        ],
        [
            -0.03220326825976372,
            -0.4491405487060547,
            0.16897518932819366
        ],
        [
            0.02079152502119541,
            -0.7577691674232483,
            0.10849810391664505
        ],
        [
            0.0544869638979435,
            -0.8771735429763794,
            0.16573123633861542
        ]
    ],
    "pred_vertices": [
        [
            0.09593673050403595,
            -0.8589880466461182,
            0.07611881196498871
        ],
        [
            0.08559820801019669,
            -0.8481371402740479,
            0.06824299693107605
        ],
        [
            0.09503980726003647,
            -0.8402410745620728,
            0.07615061104297638
        ],
        [
            0.10331535339355469,
            -0.8472186326980591,
            0.0868145227432251
        ],
        [
            0.08762669563293457,
            -0.8336609601974487,
            0.06998614966869354
        ],
        [
            0.07881205528974533,
            -0.8393262624740601,
            0.06372390687465668
        ],
        [
            0.09934087097644806,
            -0.8308552503585815,
            0.08549448102712631
        ],
        [
            0.1062902882695198,
            -0.8342231512069702,
            0.09652525186538696
        ],
        [
            0.09134262055158615,
            -0.7941772937774658,
            0.09389873594045639
        ],
        [
            0.09313655644655228,
            -0.7872828245162964,
            0.10304155200719833
        ],
        [
            0.09755312651395798,
            -0.7990657687187195,
            0.10246437788009644
        ],
        [
            0.0934348776936531,
            -0.8032790422439575,
            0.09388018399477005
        ],
        [
            0.08195273578166962,
            -0.7697172164916992,
            0.0944371297955513
        ],
        [
            0.07381056994199753,
            -0.7639560699462891,
            0.08494845032691956
        ],
        [
            0.07263253629207611,
            -0.7536414265632629,
            0.09381861239671707
        ],
        [
            0.07975094765424728,
            -0.7590717077255249,
            0.10396897792816162
        ],
        [
            0.04810645431280136,
            -0.7909592390060425,
            0.06320912390947342
        ],
        [
            0.05128161609172821,
            -0.7826894521713257,
            0.06326663494110107
        ],
        [
            0.0570867657661438,
            -0.7875440120697021,
            0.06480744481086731
        ],
        [
            0.05297231674194336,
            -0.7952022552490234,
            0.0649123564362526
        ],
        [
            0.042708978056907654,
            -0.8042009472846985,
            0.05850823223590851
        ],
        [
            0.04536311328411102,
            -0.8085529804229736,
            0.06243380904197693
        ],
        [
            0.042260512709617615,
            -0.8143845796585083,
            0.05784963071346283
        ],
        [
            0.04032400995492935,
            -0.8092069029808044,
            0.05272055044770241
        ],
        [
            0.04126235097646713,
            -0.787900447845459,
            0.06260237842798233
        ],
        [
            0.04481091350317001,
            -0.7792713642120361,
            0.06317972391843796
        ],
        [
            0.0454258993268013,
            -0.7980108261108398,
            0.06251415610313416
        ],
        [
            0.04237259924411774,
            -0.7951798439025879,
            0.059942200779914856
        ],
        [
            0.03825553506612778,
            -0.7916325926780701,
            0.048493385314941406
        ],
        [
            0.041172198951244354,
            -0.7952908873558044,
            0.050660423934459686
        ],
        [
            0.03865640610456467,
            -0.7984933853149414,
            0.04393111914396286
        ],
        [
            0.03551685810089111,
            -0.7936745882034302,
            0.04390188306570053
        ],
        [
            0.04024013876914978,
            -0.7890622019767761,
            0.05785337835550308
        ],
        [
            0.04189886152744293,
            -0.7919026017189026,
            0.055426061153411865
        ],
        [
            0.03841376304626465,
            -0.7895528674125671,
            0.05253571271896362
        ],
        [
            0.03626038134098053,
            -0.7876328229904175,
            0.055426087230443954
        ],
        [
            0.04097824543714523,
            -0.8009228110313416,
            0.05525440722703934
        ],
        [
            0.03922174125909805,
            -0.8044785261154175,
            0.048411548137664795
        ],
        [
            0.03639253228902817,
            -0.8081690073013306,
            0.04134733974933624
        ],
        [
            0.03470861166715622,
            -0.8004688024520874,
            0.03701546788215637
        ],
        [
            0.057141900062561035,
            -0.7653982639312744,
            0.06877504289150238
        ],
        [
            0.054855845868587494,
            -0.7741755843162537,
            0.0650683045387268
        ],
        [
            0.04834488034248352,
            -0.7713514566421509,
            0.06433720141649246
        ],
        [
            0.05096299946308136,
            -0.7641666531562805,
            0.06683439016342163
        ],
        [
            0.03628465533256531,
            -0.7838354110717773,
            0.05864603817462921
        ],
        [
            0.034687429666519165,
            -0.7678580284118652,
            0.0572248138487339
        ],
        [
            0.03618578612804413,
            -0.7712651491165161,
            0.05725722014904022
        ],
        [
            0.030938975512981415,
            -0.774616003036499,
            0.05315107852220535
        ],
        [
            0.03014446049928665,
            -0.7711573839187622,
            0.05326446518301964
        ],
        [
            0.0565667450428009,
            -0.7493820190429688,
            0.0764940083026886
        ],
        [
            0.05111049860715866,
            -0.7507376670837402,
            0.07160773873329163
        ],
        [
            0.04910954087972641,
            -0.7437862157821655,
            0.07361634075641632
        ],
        [
            0.05334845185279846,
            -0.7413495779037476,
            0.07968367636203766
        ],
        [
            0.04484599083662033,
            -0.73907071352005,
            0.07404088973999023
        ],
        [
            0.04927591234445572,
            -0.7340829372406006,
            0.08222416043281555
        ],
        [
            0.03626304119825363,
            -0.7235180139541626,
            0.08084838092327118
        ],
        [
            0.04256248474121094,
            -0.7280226349830627,
            0.08165918290615082
        ],
        [
            0.039402708411216736,
            -0.7351322770118713,
            0.07310102880001068
        ],
        [
            0.032755978405475616,
            -0.7325983047485352,
            0.0694827139377594
        ],
        [
            0.02353169023990631,
            -0.7419717311859131,
            0.06094814091920853
        ],
        [
            0.01776137948036194,
            -0.7428929805755615,
            0.05779678001999855
        ],
        [
            0.017980732023715973,
            -0.7294901609420776,
            0.05921458452939987
        ],
        [
            0.024784937500953674,
            -0.7304209470748901,
            0.0636834129691124
        ],
        [
            0.032170675694942474,
            -0.7616326212882996,
            0.060873519629240036
        ],
        [
            0.035775646567344666,
            -0.7601115703582764,
            0.06393294036388397
        ],
        [
            0.03662768006324768,
            -0.761523962020874,
            0.061700183898210526
        ],
        [
            0.033319003880023956,
            -0.7642867565155029,
            0.05830683186650276
        ],
        [
            0.03891735523939133,
            -0.7584472894668579,
            0.06584323942661285
        ],
        [
            0.040327288210392,
            -0.7575147151947021,
            0.06662172824144363
        ],
        [
            0.040614157915115356,
            -0.7588786482810974,
            0.0655088946223259
        ],
        [
            0.039231836795806885,
            -0.759268045425415,
            0.06542791426181793
        ],
        [
            0.037293702363967896,
            -0.7597295045852661,
            0.0646989718079567
        ],
        [
            0.03575960546731949,
            -0.7583413124084473,
            0.06408920139074326
        ],
        [
            0.03789408504962921,
            -0.7580834627151489,
            0.06525012105703354
        ],
        [
            0.03230350464582443,
            -0.7590863108634949,
            0.06102971360087395
        ],
        [
            0.02034831792116165,
            -0.7621629238128662,
            0.052156731486320496
        ],
        [
            0.023918986320495605,
            -0.7609012126922607,
            0.053751975297927856
        ],
        [
            0.0239064022898674,
            -0.7654041647911072,
            0.05500958487391472
        ],
        [
            0.02094142884016037,
            -0.7669270038604736,
            0.05366358533501625
        ],
        [
            0.04000730812549591,
            -0.7618262767791748,
            0.06402770429849625
        ],
        [
            0.042622461915016174,
            -0.7618800401687622,
            0.06451787054538727
        ],
        [
            0.04011883586645126,
            -0.7660620212554932,
            0.06114364415407181
        ],
        [
            0.03809704631567001,
            -0.763911247253418,
            0.061521731317043304
        ],
        [
            0.04589756578207016,
            -0.7626339793205261,
            0.06488175690174103
        ],
        [
            0.043136097490787506,
            -0.7591345310211182,
            0.06623173505067825
        ],
        [
            0.04635956138372421,
            -0.7589128613471985,
            0.0670568197965622
        ],
        [
            0.03925028443336487,
            -0.7561062574386597,
            0.06644086539745331
        ],
        [
            0.04114498198032379,
            -0.7533705830574036,
            0.06771481037139893
        ],
        [
            0.04262472689151764,
            -0.7556710839271545,
            0.06694374978542328
        ],
        [
            0.03817618638277054,
            -0.7511863708496094,
            0.06710723042488098
        ],
        [
            0.036354050040245056,
            -0.755359411239624,
            0.06517167389392853
        ],
        [
            0.03252924233675003,
            -0.7551907300949097,
            0.06213013082742691
        ],
        [
            0.027921408414840698,
            -0.755538821220398,
            0.05821308493614197
        ],
        [
            0.028490230441093445,
            -0.7498364448547363,
            0.06087201088666916
        ],
        [
            0.03376510739326477,
            -0.7499992847442627,
            0.06448850780725479
        ],
        [
            0.043466731905937195,
            -0.7691788673400879,
            0.06243275851011276
        ],
        [
            0.046317338943481445,
            -0.7533671259880066,
            0.06885231286287308
        ],
        [
            0.0516868531703949,
            -0.7582458853721619,
            0.06967002898454666
        ],
        [
            0.04449453204870224,
            -0.7488821744918823,
            0.0696207731962204
        ],
        [
            0.041020944714546204,
            -0.7454055547714233,
            0.06960715353488922
        ],
        [
            0.03574928641319275,
            -0.7433061599731445,
            0.06779605150222778
        ],
        [
            0.029763393104076385,
            -0.7423507571220398,
            0.06441323459148407
        ],
        [
            0.016756847500801086,
            -0.7187104225158691,
            0.07017514109611511
        ],
        [
            0.025808915495872498,
            -0.7207314968109131,
            0.07465695589780807
        ],
        [
            0.07411398738622665,
            -0.832155168056488,
            0.06546995043754578
        ],
        [
            0.0818459689617157,
            -0.8283940553665161,
            0.06842868030071259
        ],
        [
            0.07939672470092773,
            -0.8203805685043335,
            0.0724698007106781
        ],
        [
            0.08171701431274414,
            -0.8215898275375366,
            0.07269634306430817
        ],
        [
            0.07761625945568085,
            -0.8253726959228516,
            0.06949126720428467
        ],
        [
            0.07604851573705673,
            -0.8229745030403137,
            0.07022328674793243
        ],
        [
            0.08876284956932068,
            -0.8077207207679749,
            0.0880415290594101
        ],
        [
            0.08510500937700272,
            -0.8113545179367065,
            0.08327505737543106
        ],
        [
            0.08383391797542572,
            -0.8075937032699585,
            0.0845412164926529
        ],
        [
            0.08783841133117676,
            -0.8008859753608704,
            0.08817607164382935
        ],
        [
            0.07458209246397018,
            -0.8038368225097656,
            0.07688620686531067
        ],
        [
            0.07877242565155029,
            -0.8032440543174744,
            0.08039764314889908
        ],
        [
            0.07792118936777115,
            -0.8109853267669678,
            0.07790043950080872
        ],
        [
            0.07483914494514465,
            -0.8114421367645264,
            0.07530538737773895
        ],
        [
            0.0713048130273819,
            -0.8125413656234741,
            0.07313214242458344
        ],
        [
            0.06729540228843689,
            -0.8140915632247925,
            0.07169095426797867
        ],
        [
            0.06573811918497086,
            -0.8090411424636841,
            0.0720936730504036
        ],
        [
            0.07007863372564316,
            -0.8062119483947754,
            0.0739990621805191
        ],
        [
            0.0719943568110466,
            -0.8288353681564331,
            0.06848978996276855
        ],
        [
            0.06484989076852798,
            -0.8306088447570801,
            0.06841474771499634
        ],
        [
            0.06510896235704422,
            -0.8273404240608215,
            0.06919153034687042
        ],
        [
            0.07107208669185638,
            -0.8258707523345947,
            0.06880456209182739
        ],
        [
            0.05288788676261902,
            -0.8244940042495728,
            0.07346778362989426
        ],
        [
            0.05500496178865433,
            -0.826445460319519,
            0.07259602844715118
        ],
        [
            0.05223875492811203,
            -0.8290712237358093,
            0.07149533182382584
        ],
        [
            0.049685366451740265,
            -0.8251233696937561,
            0.07200626283884048
        ],
        [
            0.05075399577617645,
            -0.8215954303741455,
            0.07170529663562775
        ],
        [
            0.05347056686878204,
            -0.8225656747817993,
            0.07292284071445465
        ],
        [
            0.09479746967554092,
            -0.8821499347686768,
            0.07868179678916931
        ],
        [
            0.08539242297410965,
            -0.8687502145767212,
            0.06910305470228195
        ],
        [
            0.10651876777410507,
            -0.8693383932113647,
            0.09076940268278122
        ],
        [
            0.11026923358440399,
            -0.854790210723877,
            0.1018577292561531
        ],
        [
            0.11302945762872696,
            -0.8381633758544922,
            0.1097724437713623
        ],
        [
            0.06432878226041794,
            -0.7503033876419067,
            0.08418630063533783
        ],
        [
            0.061989061534404755,
            -0.7411326169967651,
            0.08989886194467545
        ],
        [
            0.07064719498157501,
            -0.7444425821304321,
            0.10290752351284027
        ],
        [
            0.06505023688077927,
            -0.7352096438407898,
            0.10706455260515213
        ],
        [
            0.05622853338718414,
            -0.7320436239242554,
            0.09324020892381668
        ],
        [
            0.03814103454351425,
            -0.717988133430481,
            0.09412321448326111
        ],
        [
            0.0481988787651062,
            -0.7238863706588745,
            0.09454099833965302
        ],
        [
            0.05734877288341522,
            -0.726658046245575,
            0.1119086816906929
        ],
        [
            0.06774906069040298,
            -0.7346436977386475,
            0.12833410501480103
        ],
        [
            0.07328763604164124,
            -0.7413899898529053,
            0.12028663605451584
        ],
        [
            0.07594922184944153,
            -0.747146725654602,
            0.14222963154315948
        ],
        [
            0.061703652143478394,
            -0.7277069091796875,
            0.13976427912712097
        ],
        [
            0.0730520561337471,
            -0.7460441589355469,
            0.15153062343597412
        ],
        [
            0.039611317217350006,
            -0.7007591128349304,
            0.13514575362205505
        ],
        [
            0.0397355854511261,
            -0.6924339532852173,
            0.1406089961528778
        ],
        [
            0.048596322536468506,
            -0.6966308355331421,
            0.15598773956298828
        ],
        [
            0.05033367872238159,
            -0.7046127319335938,
            0.1503569632768631
        ],
        [
            0.0772785022854805,
            -0.7489346265792847,
            0.1130562275648117
        ],
        [
            0.10328369587659836,
            -0.807121753692627,
            0.11096689105033875
        ],
        [
            0.09968271106481552,
            -0.8097038269042969,
            0.09937053173780441
        ],
        [
            0.0997079610824585,
            -0.7949846982955933,
            0.11399929225444794
        ],
        [
            0.12618941068649292,
            -0.8610252141952515,
            0.13489963114261627
        ],
        [
            0.11909998953342438,
            -0.8599873781204224,
            0.11682574450969696
        ],
        [
            0.12082920223474503,
            -0.8427599668502808,
            0.12283310294151306
        ],
        [
            0.12664104998111725,
            -0.8459843397140503,
            0.13894249498844147
        ],
        [
            0.11192058026790619,
            -0.9040734171867371,
            0.128179132938385
        ],
        [
            0.1057385727763176,
            -0.8947343230247498,
            0.10248677432537079
        ],
        [
            0.11286602169275284,
            -0.879448652267456,
            0.10939203202724457
        ],
        [
            0.11943439394235611,
            -0.8854837417602539,
            0.13037292659282684
        ],
        [
            0.12766054272651672,
            -0.8453149795532227,
            0.1522267907857895
        ],
        [
            0.1283336579799652,
            -0.844931423664093,
            0.17174048721790314
        ],
        [
            0.12981700897216797,
            -0.8607134819030762,
            0.17952021956443787
        ],
        [
            0.1297142058610916,
            -0.863750696182251,
            0.15631559491157532
        ],
        [
            0.12455737590789795,
            -0.8828641176223755,
            0.18725554645061493
        ],
        [
            0.12393512576818466,
            -0.886887788772583,
            0.16008292138576508
        ],
        [
            0.06509963423013687,
            -0.7349591255187988,
            0.16188988089561462
        ],
        [
            0.07328557223081589,
            -0.751279890537262,
            0.16528302431106567
        ],
        [
            0.05333510786294937,
            -0.7153154611587524,
            0.14327755570411682
        ],
        [
            0.058929286897182465,
            -0.7216644287109375,
            0.16174447536468506
        ],
        [
            0.11217036098241806,
            -0.9027215242385864,
            0.19261153042316437
        ],
        [
            0.11357570439577103,
            -0.9084556102752686,
            0.16094624996185303
        ],
        [
            0.1074821725487709,
            -0.8248368501663208,
            0.2192927598953247
        ],
        [
            0.11751634627580643,
            -0.8408570885658264,
            0.212470144033432
        ],
        [
            0.11910562217235565,
            -0.8281886577606201,
            0.1956155002117157
        ],
        [
            0.11053070425987244,
            -0.81504225730896,
            0.20432835817337036
        ],
        [
            0.1010589525103569,
            -0.8368009328842163,
            0.2344345897436142
        ],
        [
            0.11111734807491302,
