{
    "pred_cam": [
        2.1688928604125977,
        0.15119729936122894,
        0.4650433361530304
    ],
    "pred_smpl_params": {
        "global_orient": [
            [
                [
                    -0.8528273105621338,
                    -0.1630813032388687,
                    -0.4960746467113495
                ],
                [
                    0.35173314809799194,
                    -0.8815531134605408,
                    -0.31487762928009033
                ],
                [
                    -0.3859654664993286,
                    -0.4430221617221832,
                    0.8091736435890198
                ]
            ]
        ],
        "body_pose": [
            [
                [
                    0.9973369240760803,
                    -0.003723906120285392,
                    -0.07283730804920197
                ],
                [
                    0.05902403965592384,
                    0.6278451681137085,
                    0.7760970592498779
                ],
                [
                    0.042840443551540375,
                    -0.7783293724060059,
                    0.6263929605484009
                ]
            ],
            [
                [
                    0.9974228739738464,
                    0.05515606328845024,
                    0.04588567465543747
                ],
                [
                    -0.07168988883495331,
                    0.7405591011047363,
                    0.6681562066078186
                ],
                [
                    0.002871815813705325,
                    -0.6697238087654114,
                    0.7426047325134277
                ]
            ],
            [
                [
                    0.9956178069114685,
                    0.0520477257668972,
                    0.07769277691841125
                ],
                [
                    0.008225814439356327,
                    0.7788390517234802,
                    -0.6271697878837585
                ],
                [
                    -0.09315294027328491,
                    0.625060498714447,
                    0.774997889995575
                ]
            ],
            [
                [
                    0.9846407771110535,
                    0.17427587509155273,
                    0.010511697269976139
                ],
                [
                    -0.09067142009735107,
                    0.5618784427642822,
                    -0.8222355246543884
                ],
                [
                    -0.1492021232843399,
                    0.8086534738540649,
                    0.5690502524375916
                ]
            ],
            [
                [
                    0.9905438423156738,
                    -0.13462702929973602,
                    0.026429930701851845
                ],
                [
                    0.10313929617404938,
                    0.6036693453788757,
                    -0.7905350923538208
                ],
                [
                    0.09047243744134903,
                    0.7857855558395386,
                    0.6118462681770325
                ]
            ],
            [
                [
                    0.9977496862411499,
                    -0.002826886484399438,
                    0.0669894888997078
                ],
                [
                    -4.211492705508135e-05,
                    0.9990841746330261,
                    0.042787544429302216
                ],
                [
                    -0.06704910099506378,
                    -0.042694080621004105,
                    0.9968358278274536
                ]
            ],
            [
                [
                    0.9843597412109375,
                    0.02240997925400734,
                    0.17473895847797394
                ],
                [
                    -0.0351075679063797,
                    0.9969348907470703,
                    0.06991668045520782
                ],
                [
                    -0.17263652384281158,
                    -0.07495781779289246,
                    0.9821293354034424
                ]
            ],
            [
                [
                    0.989530086517334,
                    0.003424715716391802,
                    -0.14428606629371643
                ],
                [
                    0.010551009327173233,
                    0.9953268766403198,
                    0.09598469734191895
                ],
                [
                    0.1439405232667923,
                    -0.09650211036205292,
                    0.9848697781562805
                ]
            ],
            [
                [
                    0.9986443519592285,
                    0.0056763747707009315,
                    0.05174299329519272
                ],
                [
                    -0.0016472635325044394,
                    0.9969848394393921,
                    -0.07758009433746338
                ],
                [
                    -0.052027344703674316,
                    0.0773896798491478,
                    0.9956426024436951
                ]
            ],
            [
                [
                    0.9892342686653137,
                    -0.12423048913478851,
                    0.07734505832195282
                ],
                [
                    0.11769849061965942,
                    0.9894937872886658,
                    0.08395963162183762
                ],
                [
                    -0.08696278929710388,
                    -0.07395235449075699,
                    0.9934629201889038
                ]
            ],
            [
                [
                    0.9966413378715515,
                    0.07476561516523361,
                    -0.03340823948383331
                ],
                [
                    -0.07010003924369812,
                    0.9898146986961365,
                    0.12390675395727158
                ],
                [
                    0.04233193024992943,
                    -0.12114868313074112,
                    0.9917313456535339
                ]
            ],
            [
                [
                    0.9984539747238159,
                    -0.03798891603946686,
                    0.04057571291923523
                ],
                [
                    0.04037327691912651,
                    0.9974021315574646,
                    -0.05965721607208252
                ],
                [
                    -0.03820398822426796,
                    0.06120316684246063,
                    0.9973938465118408
                ]
            ],
            [
                [
                    0.913817286491394,
                    -0.036389198154211044,
                    -0.4044919013977051
                ],
                [
                    0.06779217720031738,
                    0.9956714510917664,
                    0.0635809525847435
                ],
                [
                    0.4004274010658264,
                    -0.08552277088165283,
                    0.9123286604881287
                ]
            ],
            [
                [
                    0.8469603657722473,
                    -0.02617412433028221,
                    0.5310113430023193
                ],
                [
                    -0.014275144785642624,
                    0.9973077178001404,
                    0.07192716002464294
                ],
                [
                    -0.5314643979072571,
                    -0.06849971413612366,
                    0.844306468963623
                ]
            ],
            [
                [
                    0.9975927472114563,
                    -0.042136300355196,
                    -0.05507590249180794
                ],
                [
                    0.046728312969207764,
                    0.9952899813652039,
                    0.08493676781654358
                ],
                [
                    0.051237575709819794,
                    -0.08730589598417282,
                    0.9948630332946777
                ]
            ],
            [
                [
                    0.6164120435714722,
                    0.7088702917098999,
                    -0.34283968806266785
                ],
                [
                    -0.7037672996520996,
                    0.691258430480957,
                    0.16393058001995087
                ],
                [
                    0.353196382522583,
                    0.14023061096668243,
                    0.9249797463417053
                ]
            ],
            [
                [
                    0.4213584363460541,
                    -0.7676815986633301,
                    0.48282715678215027
                ],
                [
                    0.7171323299407959,
                    0.6079416275024414,
                    0.34077584743499756
                ],
                [
                    -0.5551380515098572,
                    0.20266218483448029,
                    0.8066906332969666
                ]
            ],
            [
                [
                    0.6450988054275513,
                    -0.21162757277488708,
                    -0.7342080473899841
                ],
                [
                    0.1362074464559555,
                    0.9773399233818054,
                    -0.16203154623508453
                ],
                [
                    0.7518611550331116,
                    0.004521769005805254,
                    0.6593060493469238
                ]
            ],
            [
                [
                    0.751680314540863,
                    0.1830260008573532,
                    0.6336231231689453
                ],
                [
                    -0.1590135246515274,
                    0.9826747179031372,
                    -0.0952107384800911
                ],
                [
                    -0.6400715112686157,
                    -0.02918659709393978,
                    0.7677608728408813
                ]
            ],
            [
                [
                    0.9742815494537354,
                    -0.2237856388092041,
                    0.02637309953570366
                ],
                [
                    0.22494293749332428,
                    0.9728001952171326,
                    -0.055321745574474335
                ],
                [
                    -0.013275543227791786,
                    0.059831392019987106,
                    0.9981203079223633
                ]
            ],
            [
                [
                    0.9723820686340332,
                    0.2328231781721115,
                    -0.016322463750839233
                ],
                [
                    -0.2333376109600067,
                    0.9713097214698792,
                    -0.0459447018802166
                ],
                [
                    0.005157178267836571,
                    0.048484452068805695,
                    0.9988105893135071
                ]
            ],
            [
                [
                    0.979661226272583,
                    0.17207886278629303,
                    -0.10321241617202759
                ],
                [
                    -0.14851610362529755,
                    0.9677008986473083,
                    0.20371009409427643
                ],
                [
                    0.1349329650402069,
                    -0.18423816561698914,
                    0.9735755324363708
                ]
            ],
            [
                [
                    0.9832718968391418,
                    -0.17101936042308807,
                    0.06267932802438736
                ],
                [
                    0.15424717962741852,
                    0.9648396968841553,
                    0.21281921863555908
                ],
                [
                    -0.09687172621488571,
                    -0.19959105551242828,
                    0.9750789999961853
                ]
            ]
        ],
        "betas": [
            -0.031007841229438782,
            0.025224268436431885,
            0.001982778310775757,
            0.09622317552566528,
            0.08091384172439575,
            0.09552470594644547,
            0.10427117347717285,
            -0.11538100242614746,
            0.05553092062473297,
            -0.025742918252944946
        ]
    },
    "pred_cam_t": [
        0.15119729936122894,
        0.4650433361530304,
        18.01034164428711
    ],
    "focal_length": [
        5000.0,
        5000.0
    ],
    "pred_keypoints_3d": [
        [
            -0.3181326985359192,
            -0.7091641426086426,
            0.15142343938350677
        ],
        [
            -0.19761888682842255,
            -0.6650789976119995,
            0.005746304988861084
        ],
        [
            -0.06077185645699501,
            -0.64952152967453,
            0.12585604190826416
        ],
        [
            -0.024789627641439438,
            -0.4284452199935913,
            0.24588853120803833
        ],
        [
            -0.1776018887758255,
            -0.26993265748023987,
            0.374176561832428
        ],
        [
            -0.31067022681236267,
            -0.5478812456130981,
            -0.07002535462379456
        ],
        [
            -0.376156210899353,
            -0.29591116309165955,
            -0.05909711867570877
        ],
        [
            -0.4380253553390503,
            -0.17974507808685303,
            0.15212541818618774
        ],
        [
            -0.0019079541089013219,
            -0.2240249365568161,
            0.027637366205453873
        ],
        [
            0.07262755930423737,
            -0.16650696098804474,
            0.08993960916996002
        ],
        [
            0.04639112204313278,
            -0.014116838574409485,
            0.44073915481567383
        ],
        [
            0.12923277914524078,
            0.3713541626930237,
            0.5025634765625
        ],
        [
            -0.04246854782104492,
            -0.11687614768743515,
            0.03563573956489563
        ],
        [
            -0.17831970751285553,
            0.01249820739030838,
            0.3609117269515991
        ],
        [
            -0.02970030903816223,
            0.35752394795417786,
            0.494726300239563
        ],
        [
            -0.28942060470581055,
            -0.7628116607666016,
            0.14418925344944
        ],
        [
            -0.3441101908683777,
            -0.7449331879615784,
            0.10954571515321732
        ],
        [
            -0.2053329348564148,
            -0.7848601937294006,
            0.08581365644931793
        ],
        [
            -0.32788628339767456,
            -0.7462888956069946,
            0.006815429776906967
        ],
        [
            -0.13274693489074707,
            0.357120156288147,
            0.6667904257774353
        ],
        [
            -0.1494377851486206,
            0.4056782126426697,
            0.6022021770477295
        ],
        [
            0.010396406054496765,
            0.4051658511161804,
            0.4622706174850464
        ],
        [
            0.056516095995903015,
            0.36372584104537964,
            0.6884005069732666
        ],
        [
            0.1420765519142151,
            0.36608070135116577,
            0.6721028685569763
        ],
        [
            0.1629970371723175,
            0.42652052640914917,
            0.4681950807571411
        ],
        [
            0.15061089396476746,
            0.32377955317497253,
            0.4728267788887024
        ],
        [
            0.04689402878284454,
            -0.050692200660705566,
            0.3952264189720154
        ],
        [
            0.13374550640583038,
            -0.29449036717414856,
            0.05229801684617996
        ],
        [
            -0.11093807220458984,
            -0.170354962348938,
            -0.07093094289302826
        ],
        [
            -0.1833025962114334,
            -0.004591790959239006,
            0.32803279161453247
        ],
        [
            -0.03298477828502655,
            0.33832284808158875,
            0.4571305215358734
        ],
        [
            -0.1939808577299118,
            -0.2963916063308716,
            0.3575097918510437
        ],
        [
            -0.03871554136276245,
            -0.45724064111709595,
            0.26714569330215454
        ],
        [
            -0.08538397401571274,
            -0.662131667137146,
            0.09861993789672852
        ],
        [
            -0.2980991005897522,
            -0.5766809582710266,
            -0.06994545459747314
        ],
        [
            -0.40682175755500793,
            -0.3314870595932007,
            -0.04225105047225952
        ],
        [
            -0.4418874979019165,
            -0.19990012049674988,
            0.151010662317276
        ],
        [
            -0.20747411251068115,
            -0.6631932258605957,
            0.016110751777887344
        ],
        [
            -0.2967526912689209,
            -0.809481680393219,
            0.06270228326320648
        ],
        [
            0.011758903972804546,
            -0.23273919522762299,
            -0.009972610510885715
        ],
        [
            -0.18771055340766907,
            -0.6163780689239502,
            0.0144154978916049
        ],
        [
            -0.0768522322177887,
            -0.4635711908340454,
            -0.033650483936071396
        ],
        [
            -0.27706629037857056,
            -0.6998806595802307,
            0.08145566284656525
        ],
        [
            -0.2949832081794739,
            -0.831275224685669,
            0.058141548186540604
        ]
    ],
    "pred_vertices": [
        [
            -0.3696966767311096,
            -0.7869530916213989,
            0.10666956007480621
        ],
        [
            -0.3627907633781433,
            -0.7732524871826172,
            0.11417360603809357
        ],
        [
            -0.3668140769004822,
            -0.7694330811500549,
            0.100696861743927
        ],
        [
            -0.3706153631210327,
            -0.7799432277679443,
            0.09072394669055939
        ],
        [
            -0.3627380132675171,
            -0.7602002620697021,
            0.10713134706020355
        ],
        [
            -0.3585479259490967,
            -0.7628298997879028,
            0.1180378794670105
        ],
        [
            -0.3653901219367981,
            -0.7640525102615356,
            0.08807223290205002
        ],
        [
            -0.36689528822898865,
            -0.7717103958129883,
            0.07700227200984955
        ],
        [
            -0.3512088358402252,
            -0.7309386134147644,
            0.07329949736595154
        ],
        [
            -0.34841489791870117,
            -0.7278867959976196,
            0.06288295984268188
        ],
        [
            -0.3536760210990906,
            -0.7392587661743164,
            0.06520829349756241
        ],
        [
            -0.35408201813697815,
            -0.7399547100067139,
            0.07526455074548721
        ],
        [
            -0.34006667137145996,
            -0.7076102495193481,
            0.06942488253116608
        ],
        [
            -0.3363882899284363,
            -0.6983734369277954,
            0.07916191220283508
        ],
        [
            -0.3302963078022003,
            -0.6916204690933228,
            0.06901277601718903
        ],
        [
            -0.33275505900382996,
            -0.7008259296417236,
            0.05907081440091133
        ],
        [
            -0.32633939385414124,
            -0.7147893905639648,
            0.11757886409759521
        ],
        [
            -0.32810288667678833,
            -0.7073212265968323,
            0.11340030282735825
        ],
        [
            -0.33308419585227966,
            -0.7127929925918579,
            0.11089298874139786
        ],
        [
            -0.3303473889827728,
            -0.7197418212890625,
            0.11515194177627563
        ],
        [
            -0.32507097721099854,
            -0.7254447937011719,
            0.12800025939941406
        ],
        [
            -0.3262118101119995,
            -0.7310493588447571,
            0.12477526068687439
        ],
        [
            -0.32631736993789673,
            -0.734735369682312,
            0.1319453865289688
        ],
        [
            -0.3261377811431885,
            -0.7280257940292358,
            0.13548195362091064
        ],
        [
            -0.32032468914985657,
            -0.7111150026321411,
            0.12061745673418045
        ],
        [
            -0.32196298241615295,
            -0.7034724950790405,
            0.11570579558610916
        ],
        [
            -0.32507503032684326,
            -0.7210281491279602,
            0.1216638833284378
        ],
        [
            -0.3231309950351715,
            -0.7173202633857727,
            0.12442024052143097
        ],
        [
            -0.32371389865875244,
            -0.71022629737854,
            0.13443562388420105
        ],
        [
            -0.3258264660835266,
            -0.7145674228668213,
            0.13255733251571655
        ],
        [
            -0.32703301310539246,
            -0.7150368690490723,
            0.14027169346809387
        ],
        [
            -0.3236369490623474,
            -0.7102864980697632,
            0.14008432626724243
        ],
        [
            -0.3214203119277954,
            -0.7109508514404297,
            0.12518750131130219
        ],
        [
            -0.3241356611251831,
            -0.712986946105957,
            0.1273057460784912
        ],
        [
            -0.3220439553260803,
            -0.7096724510192871,
            0.130438432097435
        ],
        [
            -0.3187656104564667,
            -0.7084940671920776,
            0.12849822640419006
        ],
        [
            -0.3246192932128906,
            -0.7211899161338806,
            0.13067005574703217
        ],
        [
            -0.3264673054218292,
            -0.7220978736877441,
            0.13822591304779053
        ],
        [
            -0.32743754982948303,
            -0.7228773236274719,
            0.14638987183570862
        ],
        [
            -0.32685530185699463,
            -0.7143027782440186,
            0.14821383357048035
        ],
        [
            -0.32866770029067993,
            -0.693186342716217,
            0.10084573924541473
        ],
        [
            -0.3294873535633087,
            -0.7001029849052429,
            0.10773857682943344
        ],
        [
            -0.3237175941467285,
            -0.696527361869812,
            0.11062842607498169
        ],
        [
            -0.3240915536880493,
            -0.6907123327255249,
            0.10510049015283585
        ],
        [
            -0.31696993112564087,
            -0.7058678865432739,
            0.12466520071029663
        ],
        [
            -0.31406041979789734,
            -0.6900724172592163,
            0.12145063281059265
        ],
        [
            -0.31588059663772583,
            -0.6934335231781006,
            0.12180806696414948
        ],
        [
            -0.3133503794670105,
            -0.695013165473938,
            0.12855194509029388
        ],
        [
            -0.31209737062454224,
            -0.6916903853416443,
            0.12774713337421417
        ],
        [
            -0.3230477571487427,
            -0.6804371476173401,
            0.0896141529083252
        ],
        [
            -0.32058316469192505,
            -0.6795564293861389,
            0.09669885039329529
        ],
        [
            -0.31704026460647583,
            -0.6736773252487183,
            0.09369067847728729
        ],
        [
            -0.31788116693496704,
            -0.673682689666748,
            0.08595652133226395
        ],
        [
            -0.3123692572116852,
            -0.6688323616981506,
            0.0939536914229393
        ],
        [
            -0.3121853172779083,
            -0.6671594381332397,
            0.0837315022945404
        ],
        [
            -0.2993222773075104,
            -0.6558232307434082,
            0.08769965171813965
        ],
        [
            -0.30541664361953735,
            -0.6607702374458313,
            0.08541913330554962
        ],
        [
            -0.3073210120201111,
            -0.664260745048523,
            0.09612530469894409
        ],
        [
            -0.3025333285331726,
            -0.6601071953773499,
            0.10135302692651749
        ],
        [
            -0.2992631793022156,
            -0.6659940481185913,
            0.11539233475923538
        ],
        [
            -0.2955614924430847,
            -0.6656581163406372,
            0.12102179229259491
        ],
        [
            -0.29331719875335693,
            -0.6533722281455994,
            0.11552528291940689
        ],
        [
            -0.2976521849632263,
            -0.6557179093360901,
            0.109051913022995
        ],
        [
            -0.3094659745693207,
            -0.6850416660308838,
            0.11777431517839432
        ],
        [
            -0.3112258315086365,
            -0.6847343444824219,
            0.11322338879108429
        ],
        [
            -0.3131636381149292,
            -0.6854795217514038,
            0.1150503009557724
        ],
        [
            -0.311915785074234,
            -0.6868786215782166,
            0.1201271265745163
        ],
        [
            -0.3131762742996216,
            -0.6838560104370117,
            0.10968140512704849
        ],
        [
            -0.31404444575309753,
            -0.6832831501960754,
            0.10813996195793152
        ],
        [
            -0.3149394690990448,
            -0.6842787265777588,
            0.10933224856853485
        ],
        [
            -0.3138444423675537,
            -0.684527575969696,
            0.11025326699018478
        ],
        [
            -0.3124113380908966,
            -0.6846168041229248,
            0.11184774339199066
        ],
        [
            -0.3110588788986206,
            -0.6830177307128906,
            0.11260953545570374
        ],
        [
            -0.3123973608016968,
            -0.6832640171051025,
            0.11054365336894989
        ],
        [
            -0.30934131145477295,
            -0.682522177696228,
            0.1168658509850502
        ],
        [
            -0.3027132451534271,
            -0.6823671460151672,
            0.13040027022361755
        ],
        [
            -0.30504584312438965,
            -0.6815813779830933,
            0.12710142135620117
        ],
        [
            -0.3049890697002411,
            -0.6863400936126709,
            0.12745067477226257
        ],
        [
            -0.3031367361545563,
            -0.6874456405639648,
            0.13023394346237183
        ],
        [
            -0.31539398431777954,
            -0.6866797208786011,
            0.11176593601703644
        ],
        [
            -0.3174488842487335,
            -0.6870884895324707,
            0.11018097400665283
        ],
        [
            -0.3171655535697937,
            -0.6898676156997681,
            0.11538513004779816
        ],
        [
            -0.31483760476112366,
            -0.6878095865249634,
            0.11528988182544708
        ],
        [
            -0.3204452395439148,
            -0.688174843788147,
            0.10864630341529846
        ],
        [
            -0.31693437695503235,
            -0.6850033402442932,
            0.10767767578363419
        ],
        [
            -0.3193638324737549,
            -0.6853750944137573,
            0.10530595481395721
        ],
        [
            -0.31296002864837646,
            -0.6818370819091797,
            0.10832391679286957
        ],
        [
            -0.31386518478393555,
            -0.6798034906387329,
            0.10552315413951874
        ],
        [
            -0.31580594182014465,
            -0.6818423271179199,
            0.10619726777076721
        ],
        [
            -0.3110121488571167,
            -0.6774131059646606,
            0.1066732406616211
        ],
        [
            -0.31071004271507263,
            -0.6805589199066162,
            0.11042356491088867
        ],
        [
            -0.30846789479255676,
            -0.6792087554931641,
            0.11450491845607758
        ],
        [
            -0.3059999346733093,
            -0.6780952215194702,
            0.11986280977725983
        ],
        [
            -0.3045502305030823,
            -0.6736505031585693,
            0.11558200418949127
        ],
        [
            -0.30788886547088623,
            -0.6751950979232788,
            0.1103740707039833
        ],
        [
            -0.319929838180542,
            -0.6935431957244873,
            0.11374709010124207
        ],
        [
            -0.3179716467857361,
            -0.6806487441062927,
            0.10217362642288208
        ],
        [
            -0.3228246867656708,
            -0.6859262585639954,
            0.10056011378765106
        ],
        [
            -0.3155122995376587,
            -0.67653489112854,
            0.10097081959247589
        ],
        [
            -0.31187593936920166,
            -0.6730375289916992,
            0.1015072762966156
        ],
        [
            -0.30735963582992554,
            -0.6699702739715576,
            0.1046394556760788
        ],
        [
            -0.3033185601234436,
            -0.667730450630188,
            0.1098133996129036
        ],
        [
            -0.28560081124305725,
            -0.6473555564880371,
            0.1035938411951065
        ],
        [
            -0.2920745611190796,
            -0.6506803631782532,
            0.09646996855735779
        ],
        [
            -0.3526843190193176,
            -0.7565121650695801,
            0.11645938456058502
        ],
        [
            -0.35789620876312256,
            -0.7542159557342529,
            0.10937562584877014
        ],
        [
            -0.35318171977996826,
            -0.7476068735122681,
            0.1046360582113266
        ],
        [
            -0.35521724820137024,
            -0.7489414215087891,
            0.10375983268022537
        ],
        [
            -0.35321730375289917,
            -0.7514888048171997,
            0.10934950411319733
        ],
        [
            -0.3515920639038086,
            -0.7487597465515137,
            0.10901634395122528
        ],
        [
            -0.3532266616821289,
            -0.7417527437210083,
            0.08363325893878937
        ],
        [
            -0.3526036739349365,
            -0.7432398200035095,
            0.09035331755876541
        ],
        [
            -0.3502812385559082,
            -0.7400715947151184,
            0.08863276243209839
        ],
        [
            -0.3513496518135071,
            -0.7353312969207764,
            0.08166614919900894
        ],
        [
            -0.3450099527835846,
            -0.733405590057373,
            0.09791691601276398
        ],
        [
            -0.34708982706069946,
            -0.734230637550354,
            0.09294234961271286
        ],
        [
            -0.3484027683734894,
            -0.7406242489814758,
            0.09798884391784668
        ],
        [
            -0.34686601161956787,
            -0.7399975061416626,
            0.10158702731132507
        ],
        [
            -0.34477612376213074,
            -0.7401365637779236,
            0.10524545609951019
        ],
        [
            -0.34191012382507324,
            -0.740863561630249,
            0.10856202244758606
        ],
        [
            -0.33998173475265503,
            -0.7361598014831543,
            0.10746454447507858
        ],
        [
            -0.3426562249660492,
            -0.734429657459259,
            0.10310745239257812
        ],
        [
            -0.34939587116241455,
            -0.7538635730743408,
            0.11423230171203613
        ],
        [
            -0.3430674076080322,
            -0.7548657655715942,
            0.11802944540977478
        ],
        [
            -0.3428649306297302,
            -0.7521056532859802,
            0.1164199709892273
        ],
        [
            -0.3482830226421356,
            -0.7506909966468811,
            0.11364667117595673
        ],
        [
            -0.3296976685523987,
            -0.7502520680427551,
            0.1172422543168068
        ],
        [
            -0.3321446180343628,
            -0.751816987991333,
            0.11773402988910675
        ],
        [
            -0.3305356204509735,
            -0.7537537217140198,
            0.1208641529083252
        ],
        [
            -0.3276495635509491,
            -0.750120222568512,
            0.12016741186380386
        ],
        [
            -0.3284378945827484,
            -0.7468458414077759,
            0.11866074800491333
        ],
        [
            -0.33032339811325073,
            -0.7483234405517578,
            0.11672549694776535
        ],
        [
            -0.36991119384765625,
            -0.8089551329612732,
            0.11243870854377747
        ],
        [
            -0.364183634519577,
            -0.7928826808929443,
            0.12066512554883957
        ],
        [
            -0.37366431951522827,
            -0.8018192648887634,
            0.09366729855537415
        ],
        [
            -0.3716420829296112,
            -0.792641282081604,
            0.07747122645378113
        ],
        [
            -0.3677294850349426,
            -0.7805274724960327,
            0.0644320398569107
        ],
        [
            -0.32673707604408264,
            -0.6844924688339233,
            0.07987801730632782
        ],
        [
            -0.32097741961479187,
            -0.6776120662689209,
            0.07332133501768112
        ],
        [
            -0.32360196113586426,
            -0.6858097910881042,
            0.059458229690790176
        ],
        [
            -0.31557518243789673,
            -0.6778818964958191,
            0.05566749349236488
        ],
        [
            -0.3132626414299011,
            -0.669548749923706,
            0.07053665816783905
        ],
        [
            -0.29363638162612915,
            -0.6560438871383667,
            0.07436629384756088
        ],
        [
            -0.30404263734817505,
            -0.6618094444274902,
            0.07094699144363403
        ],
        [
            -0.3048982620239258,
            -0.6711385846138,
            0.05309328809380531
        ],
        [
            -0.30820074677467346,
            -0.6848641633987427,
            0.03695233166217804
        ],
        [
            -0.3175172805786133,
            -0.6891809701919556,
            0.042602695524692535
        ],
        [
            -0.3110049068927765,
            -0.7018231153488159,
            0.025674398988485336
        ],
        [
            -0.29538238048553467,
            -0.6822363138198853,
            0.028994861990213394
        ],
        [
            -0.30407315492630005,
            -0.7038977146148682,
            0.019577782601118088
        ],
        [
            -0.26967114210128784,
            -0.6531535387039185,
            0.036745984107255936
        ],
        [
            -0.26429295539855957,
            -0.6448491811752319,
            0.030695941299200058
        ],
        [
            -0.26943835616111755,
            -0.6528027057647705,
            0.01407960057258606
        ],
        [
            -0.2752959430217743,
            -0.6606696248054504,
            0.01986297219991684
        ],
        [
            -0.3255763649940491,
            -0.6942542791366577,
            0.049276065081357956
        ],
        [
            -0.35560330748558044,
            -0.7507157325744629,
            0.05865064263343811
        ],
        [
            -0.35781407356262207,
            -0.7489126920700073,
            0.07026232779026031
        ],
        [
            -0.350236177444458,
            -0.7392151951789856,
            0.053318992257118225
        ],
        [
            -0.3701131045818329,
            -0.8104454278945923,
            0.04625704884529114
        ],
        [
            -0.37317535281181335,
            -0.8028651475906372,
            0.06305839121341705
        ],
        [
            -0.36891257762908936,
            -0.7890018224716187,
            0.05227264016866684
        ],
        [
            -0.3671303689479828,
            -0.7978588938713074,
            0.0376763790845871
        ],
        [
            -0.3659980893135071,
            -0.8471031188964844,
            0.07173572480678558
        ],
        [
            -0.37184301018714905,
            -0.8292708396911621,
            0.09296722710132599
        ],
        [
            -0.37288951873779297,
            -0.8180314302444458,
            0.078809455037117
        ],
        [
            -0.3697664141654968,
            -0.8309825658798218,
            0.06058792024850845
        ],
        [
            -0.3624130189418793,
            -0.8013899326324463,
            0.02582303062081337
        ],
        [
            -0.35420888662338257,
            -0.807553768157959,
            0.01040802150964737
        ],
        [
            -0.35355475544929504,
            -0.8246372938156128,
            0.00867541879415512
        ],
        [
            -0.3638986647129059,
            -0.8200985193252563,
            0.028023164719343185
        ],
        [
            -0.34861481189727783,
            -0.8476962447166443,
            0.01187320426106453
        ],
        [
            -0.3607203960418701,
            -0.8424581289291382,
            0.034992653876543045
        ],
        [
            -0.29114261269569397,
            -0.6956478357315063,
            0.011125151067972183
        ],
        [
            -0.2991073429584503,
            -0.712877631187439,
            0.009677715599536896
        ],
        [
            -0.28324174880981445,
            -0.6705508232116699,
            0.027112549170851707
        ],
        [
            -0.2833651006221771,
            -0.6813942193984985,
            0.010398872196674347
        ],
        [
            -0.33763787150382996,
            -0.8674675822257996,
            0.018942229449748993
        ],
        [
            -0.3529168665409088,
            -0.8621546030044556,
            0.04596344754099846
        ],
        [
            -0.31365442276000977,
            -0.8037636280059814,
            -0.026225846260786057
        ],
        [
            -0.3266372084617615,
            -0.8165712356567383,
            -0.01932806894183159
        ],
        [
            -0.3339545428752899,
            -0.7992157340049744,
            -0.010967876762151718
        ],
        [
            -0.32136058807373047,
            -0.7892019748687744,
            -0.018589548766613007
        ],
        [
            -0.30138787627220154,
            -0.819185733795166,
            -0.031246259808540344
        ],
        [
