{
    "pred_cam": [
        2.8509116172790527,
        -0.032523564994335175,
        0.7448291778564453
    ],
    "pred_smpl_params": {
        "global_orient": [
            [
                [
                    0.9942550659179688,
                    -0.07973676919937134,
                    0.07140611112117767
                ],
                [
                    -0.02283649891614914,
                    -0.8097838163375854,
                    -0.5862836837768555
                ],
                [
                    0.1045718863606453,
                    0.5812849402427673,
                    -0.8069525957107544
                ]
            ]
        ],
        "body_pose": [
            [
                [
                    0.9966371059417725,
                    -0.07257063686847687,
                    0.038051094859838486
                ],
                [
                    0.04722113534808159,
                    0.8881682753562927,
                    0.45708566904067993
                ],
                [
                    -0.06696677953004837,
                    -0.45375174283981323,
                    0.8886083364486694
                ]
            ],
            [
                [
                    0.9924648404121399,
                    0.12091489136219025,
                    0.019827989861369133
                ],
                [
                    -0.11790435761213303,
                    0.898370087146759,
                    0.4231190085411072
                ],
                [
                    0.03334851935505867,
                    -0.4222685396671295,
                    0.9058571457862854
                ]
            ],
            [
                [
                    0.9996562600135803,
                    0.012982255779206753,
                    0.022780919447541237
                ],
                [
                    -0.00449457298964262,
                    0.9408066272735596,
                    -0.3389141857624054
                ],
                [
                    -0.025832312181591988,
                    0.3386952579021454,
                    0.9405415654182434
                ]
            ],
            [
                [
                    0.9918124675750732,
                    0.12186679989099503,
                    0.03816301375627518
                ],
                [
                    -0.06405635178089142,
                    0.7332926988601685,
                    -0.6768888235092163
                ],
                [
                    -0.11047492176294327,
                    0.6689022779464722,
                    0.735095202922821
                ]
            ],
            [
                [
                    0.9911739230155945,
                    -0.12652206420898438,
                    -0.0395776592195034
                ],
                [
                    0.06503283232450485,
                    0.7242136001586914,
                    -0.6865022778511047
                ],
                [
                    0.11552036553621292,
                    0.6778693199157715,
                    0.7260497212409973
                ]
            ],
            [
                [
                    0.9987083673477173,
                    0.020963942632079124,
                    0.046283379197120667
                ],
                [
                    -0.016655324026942253,
                    0.9956575036048889,
                    -0.09159000217914581
                ],
                [
                    -0.04800248518586159,
                    0.09070083498954773,
                    0.9947206377983093
                ]
            ],
            [
                [
                    0.9438530206680298,
                    0.07981212437152863,
                    0.32057973742485046
                ],
                [
                    -0.09322639554738998,
                    0.9952871203422546,
                    0.02668934315443039
                ],
                [
                    -0.31693875789642334,
                    -0.05507732555270195,
                    0.9468453526496887
                ]
            ],
            [
                [
                    0.9720817804336548,
                    -0.04766063019633293,
                    -0.22975116968154907
                ],
                [
                    0.06184840202331543,
                    0.9965718388557434,
                    0.05494840815663338
                ],
                [
                    0.22634467482566833,
                    -0.06762408465147018,
                    0.9716970324516296
                ]
            ],
            [
                [
                    0.9982815384864807,
                    0.022233307361602783,
                    0.05421822890639305
                ],
                [
                    -0.023560892790555954,
                    0.9994350075721741,
                    0.023970888927578926
                ],
                [
                    -0.053654640913009644,
                    -0.025207126513123512,
                    0.9982413649559021
                ]
            ],
            [
                [
                    0.9745819568634033,
                    -0.21358168125152588,
                    -0.06762262433767319
                ],
                [
                    0.21854913234710693,
                    0.9727544188499451,
                    0.07736345380544662
                ],
                [
                    0.049256786704063416,
                    -0.09017589688301086,
                    0.9947069883346558
                ]
            ],
            [
                [
                    0.9729539752006531,
                    0.18532592058181763,
                    -0.13789430260658264
                ],
                [
                    -0.17105083167552948,
                    0.9792011976242065,
                    0.10911804437637329
                ],
                [
                    0.15524865686893463,
                    -0.08257990330457687,
                    0.9844178557395935
                ]
            ],
            [
                [
                    0.9805914759635925,
                    0.18397484719753265,
                    -0.06777659803628922
                ],
                [
                    -0.19210617244243622,
                    0.9706639647483826,
                    -0.1445910930633545
                ],
                [
                    0.03918718174099922,
                    0.15480507910251617,
                    0.9871675372123718
                ]
            ],
            [
                [
                    0.9292767643928528,
                    0.18185384571552277,
                    -0.3215180039405823
                ],
                [
                    -0.14089328050613403,
                    0.9791141748428345,
                    0.14657598733901978
                ],
                [
                    0.3414582312107086,
                    -0.09090995043516159,
                    0.9354900121688843
                ]
            ],
            [
                [
                    0.8572352528572083,
                    -0.38483282923698425,
                    0.3421277701854706
                ],
                [
                    0.3833213448524475,
                    0.920563280582428,
                    0.07501993328332901
                ],
                [
                    -0.3438204228878021,
                    0.06683515757322311,
                    0.9366539120674133
                ]
            ],
            [
                [
                    0.979651927947998,
                    0.11513527482748032,
                    -0.16439568996429443
                ],
                [
                    -0.12877081334590912,
                    0.9888482689857483,
                    -0.07481507956981659
                ],
                [
                    0.15394851565361023,
                    0.09446210414171219,
                    0.9835531711578369
                ]
            ],
            [
                [
                    0.6602068543434143,
                    0.5016222596168518,
                    -0.5590188503265381
                ],
                [
                    -0.486478716135025,
                    0.8526548743247986,
                    0.19057326018810272
                ],
                [
                    0.5722458958625793,
                    0.14613300561904907,
                    0.8069571256637573
                ]
            ],
            [
                [
                    0.524821400642395,
                    -0.7314306497573853,
                    0.43539828062057495
                ],
                [
                    0.8128653168678284,
                    0.5824501514434814,
                    -0.0013485884992405772
                ],
                [
                    -0.2526113986968994,
                    0.35462790727615356,
                    0.9002369046211243
                ]
            ],
            [
                [
                    -0.38852277398109436,
                    -0.34562087059020996,
                    -0.8541640043258667
                ],
                [
                    0.22189012169837952,
                    0.8646172881126404,
                    -0.45077890157699585
                ],
                [
                    0.8943236470222473,
                    -0.36466842889785767,
                    -0.25923365354537964
                ]
            ],
            [
                [
                    -0.0046375347301363945,
                    0.3669671416282654,
                    0.9302223324775696
                ],
                [
                    0.009904510341584682,
                    0.9302035570144653,
                    -0.3669103682041168
                ],
                [
                    -0.9999402165412903,
                    0.00751183507964015,
                    -0.007948481477797031
                ]
            ],
            [
                [
                    0.9633666276931763,
                    -0.2677368223667145,
                    -0.01554956380277872
                ],
                [
                    0.25783151388168335,
                    0.9405635595321655,
                    -0.22105002403259277
                ],
                [
                    0.07380858063697815,
                    0.20894303917884827,
                    0.9751385450363159
                ]
            ],
            [
                [
                    0.9871768355369568,
                    0.15521329641342163,
                    0.03729058802127838
                ],
                [
                    -0.15434563159942627,
                    0.9876971244812012,
                    -0.02513440139591694
                ],
                [
                    -0.04073300212621689,
                    0.01905646175146103,
                    0.9989882111549377
                ]
            ],
            [
                [
                    0.9613377451896667,
                    0.24240896105766296,
                    -0.13064342737197876
                ],
                [
                    -0.23026232421398163,
                    0.967828631401062,
                    0.10142485797405243
                ],
                [
                    0.15102674067020416,
                    -0.06742127984762192,
                    0.9862278699874878
                ]
            ],
            [
                [
                    0.9781414866447449,
                    -0.19770547747612,
                    0.06443402171134949
                ],
                [
                    0.18697495758533478,
                    0.971825122833252,
                    0.1435139924287796
                ],
                [
                    -0.09099210798740387,
                    -0.12832944095134735,
                    0.9875484704971313
                ]
            ]
        ],
        "betas": [
            -0.0753026008605957,
            -0.42673632502555847,
            -0.04479071497917175,
            0.04728090763092041,
            -0.03595718741416931,
            -0.035334907472133636,
            0.16503378748893738,
            -0.047604382038116455,
            -0.10586509108543396,
            0.030716001987457275
        ]
    },
    "pred_cam_t": [
        -0.032523564994335175,
        0.7448291778564453,
        13.701757431030273
    ],
    "focal_length": [
        5000.0,
        5000.0
    ],
    "pred_keypoints_3d": [
        [
            0.022339969873428345,
            -0.807880163192749,
            0.08750105649232864
        ],
        [
            -0.018953153863549232,
            -0.6808018684387207,
            0.2279232293367386
        ],
        [
            -0.18859922885894775,
            -0.5977506041526794,
            0.13746577501296997
        ],
        [
            -0.1948436200618744,
            -0.37677785754203796,
            0.015807203948497772
        ],
        [
            0.008441522717475891,
            -0.4634018838405609,
            -0.10679701715707779
        ],
        [
            0.1594362109899521,
            -0.6021857261657715,
            0.22050485014915466
        ],
        [
            0.298068642616272,
            -0.4949052333831787,
            0.03086860477924347
        ],
        [
            0.15636910498142242,
            -0.6919199228286743,
            -0.015350528061389923
        ],
        [
            -0.0017527694581076503,
            -0.2243308126926422,
            0.030794866383075714
        ],
        [
            -0.06334171444177628,
            -0.1476111263036728,
            -0.026887308806180954
        ],
        [
            -0.10753146559000015,
            0.0411403626203537,
            -0.3525000810623169
        ],
        [
            -0.06053044646978378,
            0.42611032724380493,
            -0.43161165714263916
        ],
        [
            0.07550382614135742,
            -0.14868615567684174,
            -0.010726895183324814
        ],
        [
            0.17221492528915405,
            0.02257494628429413,
            -0.32534700632095337
        ],
        [
            0.13650169968605042,
            0.401841402053833,
            -0.4305739402770996
        ],
        [
            0.0034079402685165405,
            -0.8496226668357849,
            0.1277395486831665
        ],
        [
            0.06631803512573242,
            -0.8273342251777649,
            0.12457899749279022
        ],
        [
            -0.04278942197561264,
            -0.8336318731307983,
            0.2218533158302307
        ],
        [
            0.09916763007640839,
            -0.7844728231430054,
            0.21342794597148895
        ],
        [
            0.2192964255809784,
            0.3894183039665222,
            -0.6109756231307983
        ],
        [
            0.25933629274368286,
            0.42399340867996216,
            -0.5449581146240234
        ],
        [
            0.11288834363222122,
            0.454562783241272,
            -0.392560750246048
        ],
        [
            -0.0986224114894867,
            0.40690624713897705,
            -0.628868818283081
        ],
        [
            -0.15431047976016998,
            0.4407880902290344,
            -0.5701704025268555
        ],
        [
            -0.04593899846076965,
            0.486841082572937,
            -0.39414849877357483
        ],
        [
            -0.08357943594455719,
            0.3900677263736725,
            -0.39021891355514526
        ],
        [
            -0.10440129786729813,
            0.0013150433078408241,
            -0.30669891834259033
        ],
        [
            -0.1568177491426468,
            -0.23665723204612732,
            0.0501607283949852
        ],
        [
            0.1452111452817917,
            -0.22101056575775146,
            0.08485061675310135
        ],
        [
            0.17721278965473175,
            -0.0022241538390517235,
            -0.29303818941116333
        ],
        [
            0.1379234790802002,
            0.379361629486084,
            -0.3939298391342163
        ],
        [
            -0.0037225186824798584,
            -0.48061877489089966,
            -0.07418392598628998
        ],
        [
            -0.2046220302581787,
            -0.4162919819355011,
            -0.00398644432425499
        ],
        [
            -0.15810292959213257,
            -0.6262861490249634,
            0.16436009109020233
        ],
        [
            0.1347295641899109,
            -0.624879777431488,
            0.23205748200416565
        ],
        [
            0.30897778272628784,
            -0.5383759140968323,
            0.05197794362902641
        ],
        [
            0.16238342225551605,
            -0.6871533989906311,
            0.0069296639412641525
        ],
        [
            -0.015933362767100334,
            -0.6718849539756775,
            0.21321219205856323
        ],
        [
            0.050997402518987656,
            -0.8597290515899658,
            0.21032609045505524
        ],
        [
            -0.005154616665095091,
            -0.22904576361179352,
            0.06750388443470001
        ],
        [
            -0.014675961807370186,
            -0.6224890947341919,
            0.19577591121196747
        ],
        [
            -0.024570045992732048,
            -0.44512563943862915,
            0.17542888224124908
        ],
        [
            0.01769251562654972,
            -0.7631386518478394,
            0.15576352179050446
        ],
        [
            0.05238322168588638,
            -0.8771872520446777,
            0.2228853851556778
        ]
    ],
    "pred_vertices": [
        [
            0.09386397898197174,
            -0.8664660453796387,
            0.131802499294281
        ],
        [
            0.08334337174892426,
            -0.8566262722015381,
            0.12324310094118118
        ],
        [
            0.09260423481464386,
            -0.8479585647583008,
            0.13035526871681213
        ],
        [
            0.10102561116218567,
            -0.8537508249282837,
            0.14134809374809265
        ],
        [
            0.08525945991277695,
            -0.8420727849006653,
            0.12361830472946167
        ],
        [
            0.0764797180891037,
            -0.8483525514602661,
            0.11793964356184006
        ],
        [
            0.09675043821334839,
            -0.8376932144165039,
            0.13885097205638885
        ],
        [
            0.10381069779396057,
            -0.8400701284408569,
            0.1502140462398529
        ],
        [
            0.08845020830631256,
            -0.800656259059906,
            0.1440499871969223
        ],
        [
            0.09018762409687042,
            -0.7931389808654785,
            0.15246835350990295
        ],
        [
            0.09461071342229843,
            -0.8047757148742676,
            0.15302933752536774
        ],
        [
            0.09059025347232819,
            -0.8096085786819458,
            0.14479674398899078
        ],
        [
            0.07890578359365463,
            -0.7763711810112,
            0.14245693385601044
        ],
        [
            0.07063012570142746,
            -0.7715591192245483,
            0.1326688528060913
        ],
        [
            0.06946053355932236,
            -0.7604925036430359,
            0.14050638675689697
        ],
        [
            0.07657705247402191,
            -0.7649447917938232,
            0.15107156336307526
        ],
        [
            0.04538503289222717,
            -0.8005930185317993,
            0.11347987502813339
        ],
        [
            0.04839710891246796,
            -0.7923176288604736,
            0.1129145473241806
        ],
        [
            0.0542355477809906,
            -0.7969648838043213,
            0.11479529738426208
        ],
        [
            0.050241947174072266,
            -0.804640531539917,
            0.11555645614862442
        ],
        [
            0.0401233434677124,
            -0.8142203092575073,
            0.10993494838476181
        ],
        [
            0.042775265872478485,
            -0.8182039260864258,
            0.11422902345657349
        ],
        [
            0.03974919766187668,
            -0.8244478702545166,
            0.11017204821109772
        ],
        [
            0.03779904544353485,
            -0.8197484016418457,
            0.10462698340415955
        ],
        [
            0.038523778319358826,
            -0.7976652383804321,
            0.11270642280578613
        ],
        [
            0.04192306101322174,
            -0.7890111207962036,
            0.11257345974445343
        ],
        [
            0.04279065877199173,
            -0.8077084422111511,
            0.1134251281619072
        ],
        [
            0.039752297103405,
            -0.8050857186317444,
            0.11056739836931229
        ],
        [
            0.03554996848106384,
            -0.8026928901672363,
            0.09894293546676636
        ],
        [
            0.03855104744434357,
            -0.8060909509658813,
            0.10136274993419647
        ],
        [
            0.0360400453209877,
            -0.8098807334899902,
            0.09495411813259125
        ],
        [
            0.0328616127371788,
            -0.8051071166992188,
            0.09452137351036072
        ],
        [
            0.037544719874858856,
            -0.7992314100265503,
            0.10800272971391678
        ],
        [
            0.039230138063430786,
            -0.8022710084915161,
            0.10582201927900314
        ],
        [
            0.035704001784324646,
            -0.8002598285675049,
            0.1027824878692627
        ],
        [
            0.033485062420368195,
            -0.7981449961662292,
            0.10554607212543488
        ],
        [
            0.038421161472797394,
            -0.8112747669219971,
            0.10642487555742264
        ],
        [
            0.03669372946023941,
            -0.8154383897781372,
            0.09992526471614838
        ],
        [
            0.03389555215835571,
            -0.8197520971298218,
            0.09322276711463928
        ],
        [
            0.03208577632904053,
            -0.8124599456787109,
            0.08820078521966934
        ],
        [
            0.054020099341869354,
            -0.7746067047119141,
            0.11682602763175964
        ],
        [
            0.05186145752668381,
            -0.7836719751358032,
            0.11395881325006485
        ],
        [
            0.045343101024627686,
            -0.7810226678848267,
            0.11305352300405502
        ],
        [
            0.04784563183784485,
            -0.7736464142799377,
            0.11485596001148224
        ],
        [
            0.033464908599853516,
            -0.794050395488739,
            0.10837793350219727
        ],
        [
            0.03166519105434418,
            -0.7782872319221497,
            0.10553544014692307
        ],
        [
            0.03319624066352844,
            -0.7816492319107056,
            0.10588015615940094
        ],
        [
            0.027995958924293518,
            -0.7853935956954956,
            0.10207744687795639
        ],
        [
            0.027167268097400665,
            -0.7819522619247437,
            0.10187786817550659
        ],
        [
            0.05333112180233002,
            -0.758012056350708,
            0.12302491813898087
        ],
        [
            0.04786776751279831,
            -0.7598620653152466,
            0.11838049441576004
        ],
        [
            0.045823730528354645,
            -0.7528011798858643,
            0.11973525583744049
        ],
        [
            0.050051502883434296,
            -0.7498153448104858,
            0.12547004222869873
        ],
        [
            0.04150862991809845,
            -0.7481569051742554,
            0.11973824352025986
        ],
        [
            0.04596143960952759,
            -0.7425440549850464,
            0.1273471713066101
        ],
        [
            0.03298848122358322,
            -0.7325505018234253,
            0.12505382299423218
        ],
        [
            0.03925551474094391,
            -0.7367210388183594,
            0.1262311041355133
        ],
        [
            0.03608419746160507,
            -0.7444150447845459,
            0.11846882849931717
        ],
        [
            0.029469512403011322,
            -0.742268443107605,
            0.11460451036691666
        ],
        [
            0.020329490303993225,
            -0.7523934841156006,
            0.10693485289812088
        ],
        [
            0.014538504183292389,
            -0.7536393404006958,
            0.1038782000541687
        ],
        [
            0.014641225337982178,
            -0.7402796745300293,
            0.10417944192886353
        ],
        [
            0.021513283252716064,
            -0.7407131195068359,
            0.10864027589559555
        ],
        [
            0.029094845056533813,
            -0.7718629240989685,
            0.10869279503822327
        ],
        [
            0.03269132971763611,
            -0.7700498104095459,
            0.11159530282020569
        ],
        [
            0.03354831784963608,
            -0.7716403007507324,
            0.10949534177780151
        ],
        [
            0.030267849564552307,
            -0.7747387886047363,
            0.10639103502035141
        ],
        [
            0.03580615669488907,
            -0.7681894898414612,
            0.11332669109106064
        ],
        [
            0.03719960153102875,
            -0.767188549041748,
            0.1140189915895462
        ],
        [
            0.037502095103263855,
            -0.7686305046081543,
            0.11302560567855835
        ],
        [
            0.03613995760679245,
            -0.7690649032592773,
            0.11298207193613052
        ],
        [
            0.03420529514551163,
            -0.769605278968811,
            0.11229865252971649
        ],
        [
            0.032658785581588745,
            -0.7682861089706421,
            0.1115717813372612
        ],
        [
            0.03478118032217026,
            -0.7678916454315186,
            0.11269191652536392
        ],
        [
            0.02920016646385193,
            -0.7693325281143188,
            0.10860583931207657
        ],
        [
            0.017239943146705627,
            -0.7731781005859375,
            0.09997707605361938
        ],
        [
            0.020814664661884308,
            -0.7718204259872437,
            0.10152677446603775
        ],
        [
            0.020871490240097046,
            -0.7761975526809692,
            0.10318489372730255
        ],
        [
            0.01789223402738571,
            -0.7777633666992188,
            0.10191584378480911
        ],
        [
            0.03692198544740677,
            -0.7716648578643799,
            0.11175563186407089
        ],
        [
            0.039533279836177826,
            -0.7716630697250366,
            0.11231175810098648
        ],
        [
            0.037084631621837616,
            -0.7761467695236206,
            0.10933832079172134
        ],
        [
            0.035045184195041656,
            -0.7739994525909424,
            0.10950975865125656
        ],
        [
            0.04279059171676636,
            -0.7723311185836792,
            0.11274541169404984
        ],
        [
            0.04001501202583313,
            -0.7688001394271851,
            0.11376883089542389
        ],
        [
            0.04318665713071823,
            -0.768420934677124,
            0.1145140677690506
        ],
        [
            0.03611111640930176,
            -0.7658109664916992,
            0.11371829360723495
        ],
        [
            0.03794465959072113,
            -0.7629793286323547,
            0.1147778108716011
        ],
        [
            0.039447419345378876,
            -0.765316367149353,
            0.11419130861759186
        ],
        [
            0.03500847518444061,
            -0.7608497738838196,
            0.11389992386102676
        ],
        [
            0.03321404010057449,
            -0.7651901841163635,
            0.11238907277584076
        ],
        [
            0.029412515461444855,
            -0.765317440032959,
            0.10931791365146637
        ],
        [
            0.02479773759841919,
            -0.7660501599311829,
            0.1054522693157196
        ],
        [
            0.025331176817417145,
            -0.7601461410522461,
            0.10757257044315338
        ],
        [
            0.030604355037212372,
            -0.7599297761917114,
            0.11118819564580917
        ],
        [
            0.04045405238866806,
            -0.7790400385856628,
            0.11082887649536133
        ],
        [
            0.04308721423149109,
            -0.7628334760665894,
            0.11595320701599121
        ],
        [
            0.04850971698760986,
            -0.7675175070762634,
            0.11714968830347061
        ],
        [
            0.04122849553823471,
            -0.7583064436912537,
            0.11629053950309753
        ],
        [
            0.03776063770055771,
            -0.7548879384994507,
            0.11593575775623322
        ],
        [
            0.03249350190162659,
            -0.7529288530349731,
            0.11387725174427032
        ],
        [
            0.026556678116321564,
            -0.7523983716964722,
            0.11044605821371078
        ],
        [
            0.013400278985500336,
            -0.7288891077041626,
            0.11416565626859665
        ],
        [
            0.022544503211975098,
            -0.7303510308265686,
            0.11868540197610855
        ],
        [
            0.07171901315450668,
            -0.8412424325942993,
            0.11927548050880432
        ],
        [
            0.07938855141401291,
            -0.8371047973632812,
            0.12173197418451309
        ],
        [
            0.0767822265625,
            -0.8288890719413757,
            0.12521842122077942
        ],
        [
            0.07914561033248901,
            -0.8300185799598694,
            0.1255021095275879
        ],
        [
            0.0750829428434372,
            -0.8340835571289062,
            0.12257447093725204
        ],
        [
            0.07345690578222275,
            -0.8317413330078125,
            0.12326234579086304
        ],
        [
            0.08598773181438446,
            -0.8146897554397583,
            0.13952948153018951
        ],
        [
            0.0823618471622467,
            -0.8188388347625732,
            0.1351681798696518
        ],
        [
            0.0810769647359848,
            -0.8149709701538086,
            0.13606545329093933
        ],
        [
            0.08503704518079758,
            -0.8078732490539551,
            0.13900502026081085
        ],
        [
            0.07187063246965408,
            -0.8120020031929016,
            0.12808099389076233
        ],
        [
            0.07603845745325089,
            -0.8110392689704895,
            0.13149496912956238
        ],
        [
            0.07522561401128769,
            -0.8190358877182007,
            0.12977926433086395
        ],
        [
            0.07213286310434341,
            -0.8197616338729858,
            0.12728095054626465
        ],
        [
            0.06861855089664459,
            -0.8210738897323608,
            0.12522265315055847
        ],
        [
            0.06466580182313919,
            -0.8227776885032654,
            0.1239108070731163
        ],
        [
            0.06306330114603043,
            -0.81771320104599,
            0.12383760511875153
        ],
        [
            0.06737633049488068,
            -0.8146862983703613,
            0.12547117471694946
        ],
        [
            0.06954818964004517,
            -0.8377236127853394,
            0.1219669058918953
        ],
        [
            0.06240645796060562,
            -0.8395642042160034,
            0.12208457291126251
        ],
        [
            0.06261571496725082,
            -0.8362487554550171,
            0.1226111501455307
        ],
        [
            0.0685516893863678,
            -0.834780216217041,
            0.12212256342172623
        ],
        [
            0.0504525750875473,
            -0.8331602215766907,
            0.12650763988494873
        ],
        [
            0.052569061517715454,
            -0.8351455926895142,
            0.12582452595233917
        ],
        [
            0.0498153492808342,
            -0.8378932476043701,
            0.1250486820936203
        ],
        [
            0.047256022691726685,
            -0.833962082862854,
            0.12515884637832642
        ],
        [
            0.04829882085323334,
            -0.8304483890533447,
            0.12448044866323471
        ],
        [
            0.05102171748876572,
            -0.8313003778457642,
            0.12574130296707153
        ],
        [
            0.09278303384780884,
            -0.8893250226974487,
            0.13642042875289917
        ],
        [
            0.08317942917346954,
            -0.8773070573806763,
            0.1257750689983368
        ],
        [
            0.10423898696899414,
            -0.8756282329559326,
            0.1473967432975769
        ],
        [
            0.10786011070013046,
            -0.8601328134536743,
            0.15736164152622223
        ],
        [
            0.11042454093694687,
            -0.8428492546081543,
            0.163741335272789
        ],
        [
            0.06111212819814682,
            -0.7581778764724731,
            0.13071709871292114
        ],
        [
            0.058757051825523376,
            -0.7486220598220825,
            0.13555806875228882
        ],
        [
            0.06743816286325455,
            -0.7506225109100342,
            0.1486576497554779
        ],
        [
            0.061789169907569885,
            -0.7413213849067688,
            0.15199562907218933
        ],
        [
            0.052983179688453674,
            -0.7394871115684509,
            0.13800565898418427
        ],
        [
            0.03496254235506058,
            -0.7259198427200317,
            0.13760828971862793
        ],
        [
            0.04498012363910675,
            -0.7315122485160828,
            0.13852334022521973
        ],
        [
            0.054158709943294525,
            -0.7326698303222656,
            0.15600968897342682
        ],
        [
            0.0646258145570755,
            -0.738838255405426,
            0.17302575707435608
        ],
        [
            0.07002134621143341,
            -0.7459602355957031,
            0.1656806766986847
        ],
        [
            0.07296320050954819,
            -0.7499706745147705,
            0.1880650520324707
        ],
        [
            0.05855799466371536,
            -0.7309013605117798,
            0.18358072638511658
        ],
        [
            0.06978221237659454,
            -0.7483140230178833,
            0.1972881704568863
        ],
        [
            0.03733649104833603,
            -0.7050955891609192,
            0.17486479878425598
        ],
        [
            0.03781349956989288,
            -0.6960510015487671,
            0.17856287956237793
        ],
        [
            0.046736493706703186,
            -0.698445737361908,
            0.19438014924526215
        ],
        [
            0.04796686768531799,
            -0.7072392106056213,
            0.1904299259185791
        ],
        [
            0.0740581527352333,
            -0.7540614008903503,
            0.1591871827840805
        ],
        [
            0.10035086423158646,
            -0.8120138645172119,
            0.16212281584739685
        ],
        [
            0.09685689210891724,
            -0.8154998421669006,
            0.15079069137573242
        ],
        [
            0.09673932194709778,
            -0.7996389269828796,
            0.16400016844272614
        ],
        [
            0.12349816411733627,
            -0.8633599281311035,
            0.1911780685186386
        ],
        [
            0.1163213849067688,
            -0.8640653491020203,
            0.17318834364414215
        ],
        [
            0.11800837516784668,
            -0.8463125228881836,
            0.177375927567482
        ],
        [
            0.12368838489055634,
            -0.8480730056762695,
            0.19380837678909302
        ],
        [
            0.11013378202915192,
            -0.9070813655853271,
            0.18784856796264648
        ],
        [
            0.10397887974977493,
            -0.9000931978225708,
            0.16120854020118713
        ],
        [
            0.11058956384658813,
            -0.8842199444770813,
            0.16712483763694763
        ],
        [
            0.11731486767530441,
            -0.8882529139518738,
            0.1885862648487091
        ],
        [
            0.12508556246757507,
            -0.8461199402809143,
            0.2070428431034088
        ],
        [
            0.12589576840400696,
            -0.8440619707107544,
            0.2263350784778595
        ],
        [
            0.12747341394424438,
            -0.8590518832206726,
            0.23541411757469177
        ],
        [
            0.1272888481616974,
            -0.8640022277832031,
            0.2126598358154297
        ],
        [
            0.12263957411050797,
            -0.8807468414306641,
            0.24525746703147888
        ],
        [
            0.12195693701505661,
            -0.8869922757148743,
            0.21823067963123322
        ],
        [
            0.06192568689584732,
            -0.7359200716018677,
            0.20628191530704498
        ],
        [
            0.06995730102062225,
            -0.7521005868911743,
            0.21159309148788452
        ],
        [
            0.050449222326278687,
            -0.7185670137405396,
            0.18523570895195007
        ],
        [
            0.05613037943840027,
            -0.7226651906967163,
            0.20417428016662598
        ],
        [
            0.11048786342144012,
            -0.9001694917678833,
            0.2522706389427185
        ],
        [
            0.11175300925970078,
            -0.9085791707038879,
            0.22103743255138397
        ],
        [
            0.10501404106616974,
            -0.8203525543212891,
            0.2721588909626007
        ],
        [
            0.11496329307556152,
            -0.8367109894752502,
            0.26673421263694763
        ],
        [
            0.11652696877717972,
            -0.825446367263794,
            0.2488250434398651
        ],
        [
            0.10790391266345978,
            -0.8117872476577759,
            0.25628969073295593
        ],
        [
            0.0987737774848938,
            -0.830726683139801,
            0.2884471118450165
        ],
        [
            0.10885954648256302,
            -0.8500012159347534,
