{
    "pred_cam": [
        2.1836509704589844,
        -0.009198730811476707,
        0.4947488605976105
    ],
    "pred_smpl_params": {
        "global_orient": [
            [
                [
                    0.8981470465660095,
                    -0.30044007301330566,
                    0.321041464805603
                ],
                [
                    -0.2362423986196518,
                    -0.94553542137146,
                    -0.22394707798957825
                ],
                [
                    0.3708387315273285,
                    0.1252938061952591,
                    -0.9202065467834473
                ]
            ]
        ],
        "body_pose": [
            [
                [
                    0.9802893400192261,
                    -0.15297988057136536,
                    -0.12502016127109528
                ],
                [
                    0.1844634711742401,
                    0.48208877444267273,
                    0.8564832806587219
                ],
                [
                    -0.07075390219688416,
                    -0.8626630306243896,
                    0.500805675983429
                ]
            ],
            [
                [
                    0.9905911684036255,
                    0.09058383107185364,
                    0.10258545726537704
                ],
                [
                    -0.13409169018268585,
                    0.49256813526153564,
                    0.8598814606666565
                ],
                [
                    0.027361035346984863,
                    -0.8655467629432678,
                    0.5000801682472229
                ]
            ],
            [
                [
                    0.9997729063034058,
                    0.00830369908362627,
                    0.019624629989266396
                ],
                [
                    0.007027205545455217,
                    0.7409554719924927,
                    -0.6715174317359924
                ],
                [
                    -0.020117053762078285,
                    0.6715028285980225,
                    0.7407288551330566
                ]
            ],
            [
                [
                    0.9770098924636841,
                    0.14680328965187073,
                    -0.15459735691547394
                ],
                [
                    -0.0779547467827797,
                    -0.4289379417896271,
                    -0.8999639749526978
                ],
                [
                    -0.1984303742647171,
                    0.8913254141807556,
                    -0.40763258934020996
                ]
            ],
            [
                [
                    0.9655564427375793,
                    -0.14647480845451355,
                    0.215048685669899
                ],
                [
                    0.1304885745048523,
                    -0.44244951009750366,
                    -0.8872492909431458
                ],
                [
                    0.2251078188419342,
                    0.8847506046295166,
                    -0.40809667110443115
                ]
            ],
            [
                [
                    0.9955595135688782,
                    0.08452294021844864,
                    0.04143856093287468
                ],
                [
                    -0.08236933499574661,
                    0.9952866435050964,
                    -0.05118385702371597
                ],
                [
                    -0.04556945711374283,
                    0.04754330962896347,
                    0.9978291988372803
                ]
            ],
            [
                [
                    0.9624226689338684,
                    -0.05001310259103775,
                    0.2669107913970947
                ],
                [
                    -0.030851390212774277,
                    0.9563927054405212,
                    0.29044994711875916
                ],
                [
                    -0.26979783177375793,
                    -0.28777015209198,
                    0.9189110398292542
                ]
            ],
            [
                [
                    0.9650239944458008,
                    0.20684228837490082,
                    -0.1610746830701828
                ],
                [
                    -0.12607751786708832,
                    0.9048587679862976,
                    0.40661415457725525
                ],
                [
                    0.22985485196113586,
                    -0.37208446860313416,
                    0.8992885947227478
                ]
            ],
            [
                [
                    0.9977573752403259,
                    0.060371000319719315,
                    0.028906257823109627
                ],
                [
                    -0.05904959887266159,
                    0.9972594976425171,
                    -0.044571131467819214
                ],
                [
                    -0.03151784464716911,
                    0.042764272540807724,
                    0.9985879063606262
                ]
            ],
            [
                [
                    0.9886758327484131,
                    -0.1499091237783432,
                    0.006877773441374302
                ],
                [
                    0.14371509850025177,
                    0.9590273499488831,
                    0.24415703117847443
                ],
                [
                    -0.043197326362133026,
                    -0.24040372669696808,
                    0.9697113633155823
                ]
            ],
            [
                [
                    0.9968423843383789,
                    0.03216731175780296,
                    -0.07259844243526459
                ],
                [
                    -0.012698931619524956,
                    0.9670857787132263,
                    0.25413382053375244
                ],
                [
                    0.07838371396064758,
                    -0.252409428358078,
                    0.9644405841827393
                ]
            ],
            [
                [
                    0.979558527469635,
                    0.1270705908536911,
                    0.15594303607940674
                ],
                [
                    -0.15687452256679535,
                    0.9678155779838562,
                    0.1967824101448059
                ],
                [
                    -0.12591885030269623,
                    -0.2172233611345291,
                    0.9679661393165588
                ]
            ],
            [
                [
                    0.8561493754386902,
                    0.4813944101333618,
                    -0.18779681622982025
                ],
                [
                    -0.47057536244392395,
                    0.8765028119087219,
                    0.10149674862623215
                ],
                [
                    0.2134644240140915,
                    0.0014761782949790359,
                    0.9769496917724609
                ]
            ],
            [
                [
                    0.9024672508239746,
                    -0.3563307821750641,
                    0.24203550815582275
                ],
                [
                    0.3546585738658905,
                    0.9335490465164185,
                    0.051994431763887405
                ],
                [
                    -0.244479238986969,
                    0.0389166995882988,
                    0.9688732028007507
                ]
            ],
            [
                [
                    0.9856320023536682,
                    0.06367543339729309,
                    0.15644489228725433
                ],
                [
                    -0.06936187297105789,
                    0.9971048831939697,
                    0.031155958771705627
                ],
                [
                    -0.15400810539722443,
                    -0.0415596179664135,
                    0.9871951341629028
                ]
            ],
            [
                [
                    0.664811909198761,
                    0.7115553617477417,
                    -0.22740726172924042
                ],
                [
                    -0.7298566102981567,
                    0.683580219745636,
                    0.00522308936342597
                ],
                [
                    0.15916763246059418,
                    0.16250234842300415,
                    0.9737856388092041
                ]
            ],
            [
                [
                    0.823887050151825,
                    -0.5144439339637756,
                    0.23781824111938477
                ],
                [
                    0.5528108477592468,
                    0.8219499588012695,
                    -0.13710716366767883
                ],
                [
                    -0.12494074553251266,
                    0.244429349899292,
                    0.9615840911865234
                ]
            ],
            [
                [
                    0.5227683782577515,
                    -0.316502183675766,
                    -0.7915424704551697
                ],
                [
                    0.20425857603549957,
                    0.9479807019233704,
                    -0.24415364861488342
                ],
                [
                    0.8276421427726746,
                    -0.03404355049133301,
                    0.5602226257324219
                ]
            ],
            [
                [
                    0.4837954342365265,
                    0.2641960084438324,
                    0.8343514800071716
                ],
                [
                    0.1325988471508026,
                    0.920214056968689,
                    -0.368271142244339
                ],
                [
                    -0.8650777339935303,
                    0.2888019382953644,
                    0.4101632833480835
                ]
            ],
            [
                [
                    0.9878290891647339,
                    -0.14722959697246552,
                    0.050171080976724625
                ],
                [
                    0.15444357693195343,
                    0.9667070508003235,
                    -0.2040211707353592
                ],
                [
                    -0.018462782725691795,
                    0.2092866450548172,
                    0.9776800274848938
                ]
            ],
            [
                [
                    0.9945597648620605,
                    0.09339021146297455,
                    -0.04614090546965599
                ],
                [
                    -0.10305788367986679,
                    0.9466356039047241,
                    -0.30538490414619446
                ],
                [
                    0.015158670954406261,
                    0.30847877264022827,
                    0.951110303401947
                ]
            ],
            [
                [
                    0.978349506855011,
                    0.18127837777137756,
                    -0.09985225647687912
                ],
                [
                    -0.16318319737911224,
                    0.972434937953949,
                    0.16655825078487396
                ],
                [
                    0.12729321420192719,
                    -0.14665795862674713,
                    0.9809628129005432
                ]
            ],
            [
                [
                    0.9773668646812439,
                    -0.20276843011379242,
                    0.06032279133796692
                ],
                [
                    0.1841185837984085,
                    0.9557409286499023,
                    0.22947707772254944
                ],
                [
                    -0.10418367385864258,
                    -0.21317678689956665,
                    0.9714429378509521
                ]
            ]
        ],
        "betas": [
            0.3072417974472046,
            0.19967995584011078,
            -0.5510116815567017,
            -0.14341822266578674,
            0.03571215271949768,
            -0.13069728016853333,
            -0.05140441656112671,
            0.034889042377471924,
            0.11899011582136154,
            -0.02091410756111145
        ]
    },
    "pred_cam_t": [
        -0.009198730811476707,
        0.4947488605976105,
        17.88861846923828
    ],
    "focal_length": [
        5000.0,
        5000.0
    ],
    "pred_keypoints_3d": [
        [
            0.12905114889144897,
            -0.7463771104812622,
            -0.2626396715641022
        ],
        [
            -0.0074300989508628845,
            -0.6684619784355164,
            -0.13780903816223145
        ],
        [
            -0.16774553060531616,
            -0.5476588010787964,
            -0.19264629483222961
        ],
        [
            -0.29098230600357056,
            -0.31642329692840576,
            -0.18491148948669434
        ],
        [
            -0.14183899760246277,
            -0.10751853883266449,
            -0.24349786341190338
        ],
        [
            0.13291415572166443,
            -0.5952306389808655,
            0.00031032413244247437
        ],
        [
            0.15403199195861816,
            -0.3592168688774109,
            0.12744909524917603
        ],
        [
            0.2729915380477905,
            -0.17542581260204315,
            -0.007774978876113892
        ],
        [
            -0.0020241201855242252,
            -0.22234976291656494,
            0.02703309804201126
        ],
        [
            -0.03629675135016441,
            -0.12012570351362228,
            -0.004408560693264008
        ],
        [
            0.06092153117060661,
            0.007141686975955963,
            -0.3642362654209137
        ],
        [
            0.04953894391655922,
            0.25878554582595825,
            -0.038537174463272095
        ],
        [
            0.08447269350290298,
            -0.150577113032341,
            0.0475522018969059
        ],
        [
            0.32944607734680176,
            -0.0748472809791565,
            -0.2412274181842804
        ],
        [
            0.2267242968082428,
            0.20952603220939636,
            0.0379946231842041
        ],
        [
            0.08424423635005951,
            -0.7875164747238159,
            -0.27442842721939087
        ],
        [
            0.12653848528862,
            -0.7930464744567871,
            -0.2211064100265503
        ],
        [
            -0.019065186381340027,
            -0.7820950746536255,
            -0.24743038415908813
        ],
        [
            0.07575511932373047,
            -0.7949213981628418,
            -0.13270381093025208
        ],
        [
            0.36171403527259827,
            0.31229323148727417,
            -0.06663587689399719
        ],
        [
            0.376425564289093,
            0.28436946868896484,
            0.011125445365905762
        ],
        [
            0.1919436752796173,
            0.2103293538093567,
            0.09725573658943176
        ],
        [
            0.12329958379268646,
            0.36208492517471313,
            -0.1955706775188446
        ],
        [
            0.03859572857618332,
            0.367023229598999,
            -0.17063376307487488
        ],
        [
            0.026403002440929413,
            0.27543336153030396,
            0.028338193893432617
        ],
        [
            0.01533754263073206,
            0.21118995547294617,
            -0.06344785541296005
        ],
        [
            0.047631874680519104,
            -0.018427489325404167,
            -0.32944947481155396
        ],
        [
            -0.1555802971124649,
            -0.20833760499954224,
            0.002954963594675064
        ],
        [
            0.11456473171710968,
            -0.26333683729171753,
            0.12709590792655945
        ],
        [
            0.32395511865615845,
            -0.09066247940063477,
            -0.21767717599868774
        ],
        [
            0.22689113020896912,
            0.16310878098011017,
            0.035797446966171265
        ],
        [
            -0.12678861618041992,
            -0.1372857540845871,
            -0.2315114438533783
        ],
        [
            -0.27965739369392395,
            -0.3304600715637207,
            -0.2188483476638794
        ],
        [
            -0.1444435566663742,
            -0.5870794057846069,
            -0.189022034406662
        ],
        [
            0.11100690066814423,
            -0.627288281917572,
            -0.017411045730113983
        ],
        [
            0.19258098304271698,
            -0.38490545749664307,
            0.10703681409358978
        ],
        [
            0.2745126485824585,
            -0.19577452540397644,
            -0.012774532660841942
        ],
        [
            -0.001707521267235279,
            -0.6555414199829102,
            -0.13130079209804535
        ],
        [
            0.04695238545536995,
            -0.8387563824653625,
            -0.20338469743728638
        ],
        [
            -0.02083251066505909,
            -0.2355828434228897,
            0.06521312147378922
        ],
        [
            -0.01638120785355568,
            -0.603879988193512,
            -0.10413600504398346
        ],
        [
            -0.0515478253364563,
            -0.46351611614227295,
            -0.00754888541996479
        ],
        [
            0.06890656799077988,
            -0.72829270362854,
            -0.20423196256160736
        ],
        [
            0.03802051395177841,
            -0.8593047261238098,
            -0.2031504213809967
        ]
    ],
    "pred_vertices": [
        [
            0.13452136516571045,
            -0.8399556875228882,
            -0.22085356712341309
        ],
        [
            0.13583722710609436,
            -0.8244127035140991,
            -0.22720494866371155
        ],
        [
            0.13508638739585876,
            -0.823261022567749,
            -0.2130279541015625
        ],
        [
            0.13197100162506104,
            -0.8351352214813232,
            -0.20408567786216736
        ],
        [
            0.1365070939064026,
            -0.8130793571472168,
            -0.2179853320121765
        ],
        [
            0.13604769110679626,
            -0.8132246732711792,
            -0.2294405996799469
        ],
        [
            0.13090723752975464,
            -0.819043755531311,
            -0.20004594326019287
        ],
        [
            0.12666910886764526,
            -0.8271747827529907,
            -0.19033624231815338
        ],
        [
            0.12457840144634247,
            -0.7841325998306274,
            -0.1816016435623169
        ],
        [
            0.11913078278303146,
            -0.7803317308425903,
            -0.1719488650560379
        ],
        [
            0.12060733139514923,
            -0.7933100461959839,
            -0.17629161477088928
        ],
        [
            0.12393105030059814,
            -0.7935471534729004,
            -0.18587569892406464
        ],
        [
            0.11930132657289505,
            -0.7591687440872192,
            -0.17829114198684692
        ],
        [
            0.12222792953252792,
            -0.7485002279281616,
            -0.18689602613449097
        ],
        [
            0.11535637080669403,
            -0.7408779859542847,
            -0.17830024659633636
        ],
        [
            0.11162824183702469,
            -0.7511146664619446,
            -0.17010709643363953
        ],
        [
            0.12196256220340729,
            -0.7574130892753601,
            -0.22827202081680298
        ],
        [
            0.12392522394657135,
            -0.7513686418533325,
            -0.22256071865558624
        ],
        [
            0.12583743035793304,
            -0.7583761215209961,
            -0.2197430282831192
        ],
        [
            0.12308832257986069,
            -0.7636240720748901,
            -0.2258332371711731
        ],
        [
            0.12164938449859619,
            -0.7660623788833618,
            -0.24135519564151764
        ],
        [
            0.11968713253736496,
            -0.772017240524292,
            -0.23909232020378113
        ],
        [
            0.1213243156671524,
            -0.7750035524368286,
            -0.24661697447299957
        ],
        [
            0.12453259527683258,
            -0.7682532072067261,
            -0.24877983331680298
        ],
        [
            0.11921501904726028,
            -0.7515783309936523,
            -0.2323404848575592
        ],
        [
            0.12081389129161835,
            -0.7453751564025879,
            -0.2260584980249405
        ],
        [
            0.12069670855998993,
            -0.7625555992126465,
            -0.23381122946739197
        ],
        [
            0.12101325392723083,
            -0.7580184936523438,
            -0.23679886758327484
        ],
        [
            0.12767449021339417,
            -0.7506812810897827,
            -0.24499288201332092
        ],
        [
            0.12752047181129456,
            -0.7556427717208862,
            -0.24334928393363953
        ],
        [
            0.1316332221031189,
            -0.7559044361114502,
            -0.2503829002380371
        ],
        [
            0.12986086308956146,
            -0.750258207321167,
            -0.2504535913467407
        ],
        [
            0.12216345965862274,
            -0.751217246055603,
            -0.23678752779960632
        ],
        [
            0.12476393580436707,
            -0.7539548277854919,
            -0.23839032649993896
        ],
        [
            0.12509623169898987,
            -0.74981689453125,
            -0.2414650171995163
        ],
        [
            0.12170770764350891,
            -0.7477602958679199,
            -0.24043437838554382
        ],
        [
            0.12394310534000397,
            -0.7617560029029846,
            -0.24300122261047363
        ],
        [
            0.12803377211093903,
            -0.7626116275787354,
            -0.24994148313999176
        ],
        [
            0.13164740800857544,
            -0.7630666494369507,
            -0.257757306098938
        ],
        [
            0.13420486450195312,
            -0.754362165927887,
            -0.25806382298469543
        ],
        [
            0.12429344654083252,
            -0.7393330335617065,
            -0.2084168642759323
        ],
        [
            0.12562590837478638,
            -0.745546817779541,
            -0.21547336876392365
        ],
        [
            0.12264558672904968,
            -0.7398832440376282,
            -0.21956798434257507
        ],
        [
            0.12269051373004913,
            -0.7350320219993591,
            -0.21331694722175598
        ],
        [
            0.11923687160015106,
            -0.7448699474334717,
            -0.2369881272315979
        ],
        [
            0.12054715305566788,
            -0.7288799285888672,
            -0.23227916657924652
        ],
        [
            0.12112201750278473,
            -0.7327814102172852,
            -0.23270943760871887
        ],
        [
            0.12082645297050476,
            -0.7327978610992432,
            -0.2401334047317505
        ],
        [
            0.12043619155883789,
            -0.7292056083679199,
            -0.23909670114517212
        ],
        [
            0.11913836002349854,
            -0.7262741327285767,
            -0.19762445986270905
        ],
        [
            0.11957180500030518,
            -0.7240732908248901,
            -0.20463809370994568
        ],
        [
            0.11715040355920792,
            -0.7173962593078613,
            -0.2018628716468811
        ],
        [
            0.11517869681119919,
            -0.7183718085289001,
            -0.19472983479499817
        ],
        [
            0.1138714998960495,
            -0.7112823724746704,
            -0.20276537537574768
        ],
        [
            0.11079782247543335,
            -0.7105776071548462,
            -0.19301335513591766
        ],
        [
            0.10435358434915543,
            -0.6950739026069641,
            -0.19791856408119202
        ],
        [
            0.10742968320846558,
            -0.701963484287262,
            -0.19534023106098175
        ],
        [
            0.11158251762390137,
            -0.7049925327301025,
            -0.20536036789417267
        ],
        [
            0.11074337363243103,
            -0.6986924409866333,
            -0.2106635570526123
        ],
        [
            0.11218683421611786,
            -0.7015920281410217,
            -0.22548305988311768
        ],
        [
            0.11093468219041824,
            -0.6995179057121277,
            -0.23186185956001282
        ],
        [
            0.11050834506750107,
            -0.6877848505973816,
            -0.224979430437088
        ],
        [
            0.11057698726654053,
            -0.6921155452728271,
            -0.21840617060661316
        ],
        [
            0.11684374511241913,
            -0.7230507731437683,
            -0.228668674826622
        ],
        [
            0.11677385866641998,
            -0.723845362663269,
            -0.22373288869857788
        ],
        [
            0.11898478120565414,
            -0.7250319719314575,
            -0.2250574827194214
        ],
        [
            0.11940992623567581,
            -0.7254428267478943,
            -0.23045873641967773
        ],
        [
            0.117235466837883,
            -0.7241803407669067,
            -0.2197074294090271
        ],
        [
            0.11744479835033417,
            -0.7241594791412354,
            -0.21786867082118988
        ],
        [
            0.11849048733711243,
            -0.7252561450004578,
            -0.21892866492271423
        ],
        [
            0.11824843287467957,
            -0.7250499725341797,
            -0.2198280394077301
        ],
        [
            0.11760441958904266,
            -0.7244388461112976,
            -0.22185225784778595
        ],
        [
            0.11717993021011353,
            -0.7223619818687439,
            -0.2226497381925583
        ],
        [
            0.1170908734202385,
            -0.7232569456100464,
            -0.22063180804252625
        ],
        [
            0.11738651245832443,
            -0.7208375930786133,
            -0.2271176278591156
        ],
        [
            0.11546750366687775,
            -0.7167274951934814,
            -0.2425282895565033
        ],
        [
            0.11698953062295914,
            -0.7174203395843506,
            -0.2380814254283905
        ],
        [
            0.11594685167074203,
            -0.7218310832977295,
            -0.23935498297214508
        ],
        [
            0.11454346776008606,
            -0.7216877937316895,
            -0.24340757727622986
        ],
        [
            0.11922454088926315,
            -0.727268636226654,
            -0.2217274308204651
        ],
        [
            0.12015809118747711,
            -0.7286439538002014,
            -0.2194986343383789
        ],
        [
            0.12111985683441162,
            -0.730627179145813,
            -0.22504663467407227
        ],
        [
            0.11981486529111862,
            -0.7278224229812622,
            -0.2252269983291626
        ],
        [
            0.12192816287279129,
            -0.7309099435806274,
            -0.21720781922340393
        ],
        [
            0.1193220317363739,
            -0.7267820835113525,
            -0.21691495180130005
        ],
        [
            0.11993974447250366,
            -0.7280664443969727,
            -0.21462304890155792
        ],
        [
            0.11706844717264175,
            -0.7223708033561707,
            -0.21810072660446167
        ],
        [
            0.11714522540569305,
            -0.7211194038391113,
            -0.21487125754356384
        ],
        [
            0.11851876974105835,
            -0.7236514687538147,
            -0.215309739112854
        ],
        [
            0.11603434383869171,
            -0.7175766229629517,
            -0.21631446480751038
        ],
        [
            0.11632197350263596,
            -0.7200565338134766,
            -0.22054104506969452
        ],
        [
            0.11637642979621887,
            -0.7175081968307495,
            -0.22477644681930542
        ],
        [
            0.11644984781742096,
            -0.7150510549545288,
            -0.23032116889953613
        ],
        [
            0.1149279922246933,
            -0.7106816172599792,
            -0.22580605745315552
        ],
        [
            0.11541552096605301,
            -0.7139092683792114,
            -0.22027456760406494
        ],
        [
            0.12145623564720154,
            -0.7351418137550354,
            -0.22376999258995056
        ],
        [
            0.11904497444629669,
            -0.7237275242805481,
            -0.21066182851791382
        ],
        [
            0.12112905085086823,
            -0.7306421995162964,
            -0.2086082398891449
        ],
        [
            0.11760953068733215,
            -0.7190812230110168,
            -0.20950935781002045
        ],
        [
            0.1156526580452919,
            -0.7143855094909668,
            -0.2104513943195343
        ],
        [
            0.1134590432047844,
            -0.7093160152435303,
            -0.21429449319839478
        ],
        [
            0.11324279010295868,
            -0.7052834033966064,
            -0.21952737867832184
        ],
        [
            0.10106855630874634,
            -0.680908203125,
            -0.21492654085159302
        ],
        [
            0.10263866186141968,
            -0.6868257522583008,
            -0.20729058980941772
        ],
        [
            0.13254539668560028,
            -0.8060092926025391,
            -0.22811923921108246
        ],
        [
            0.1352086365222931,
            -0.8062520027160645,
            -0.219739630818367
        ],
        [
            0.13123838603496552,
            -0.7989755868911743,
            -0.21514201164245605
        ],
        [
            0.13274461030960083,
            -0.8011868596076965,
            -0.21348512172698975
        ],
        [
            0.131931334733963,
            -0.8020946383476257,
            -0.22043663263320923
        ],
        [
            0.13088703155517578,
            -0.7993218898773193,
            -0.21980711817741394
        ],
        [
            0.12591472268104553,
            -0.7949014902114868,
            -0.19404801726341248
        ],
        [
            0.12718085944652557,
            -0.7957800626754761,
            -0.20087477564811707
        ],
        [
            0.1250934898853302,
            -0.7920715808868408,
            -0.1994551122188568
        ],
        [
            0.12506335973739624,
            -0.7882262468338013,
            -0.19143176078796387
        ],
        [
            0.12616461515426636,
            -0.782862663269043,
            -0.20843811333179474
        ],
        [
            0.12568524479866028,
            -0.7847992181777954,
            -0.20323356986045837
        ],
        [
            0.127171590924263,
            -0.7910588979721069,
            -0.20855623483657837
        ],
        [
            0.12729202210903168,
            -0.7896698713302612,
            -0.21243873238563538
        ],
        [
            0.12678733468055725,
            -0.7887154817581177,
            -0.216608464717865
        ],
        [
            0.12477228045463562,
            -0.788093626499176,
            -0.2209799438714981
        ],
        [
            0.12443633377552032,
            -0.7830209732055664,
            -0.21954962611198425
        ],
        [
            0.1258545219898224,
            -0.7826534509658813,
            -0.21417595446109772
        ],
        [
            0.12960943579673767,
            -0.8029866218566895,
            -0.2261899709701538
        ],
        [
            0.1247694194316864,
            -0.8013168573379517,
            -0.23199842870235443
        ],
        [
            0.12508611381053925,
            -0.7988446950912476,
            -0.2298937886953354
        ],
        [
            0.12923744320869446,
            -0.7997591495513916,
            -0.22526328265666962
        ],
        [
            0.11431065201759338,
            -0.7921011447906494,
            -0.23460343480110168
        ],
        [
            0.11603297293186188,
            -0.7945802211761475,
            -0.234527587890625
        ],
        [
            0.11527565121650696,
            -0.7954959869384766,
            -0.23833830654621124
        ],
        [
            0.11364173889160156,
            -0.7910246849060059,
            -0.23793137073516846
        ],
        [
            0.11474451422691345,
            -0.7882422208786011,
            -0.23567770421504974
        ],
        [
            0.1152886301279068,
            -0.7905131578445435,
            -0.23348373174667358
        ],
        [
            0.13040460646152496,
            -0.8602062463760376,
            -0.22970084846019745
        ],
        [
            0.13221748173236847,
            -0.8427047729492188,
            -0.236626535654068
        ],
        [
            0.12794359028339386,
            -0.8562526702880859,
            -0.20982831716537476
        ],
        [
            0.12448200583457947,
            -0.8482607007026672,
            -0.1935538649559021
        ],
        [
            0.12060907483100891,
            -0.836270809173584,
            -0.17957846820354462
        ],
        [
            0.11787786334753036,
            -0.7321999073028564,
            -0.18828418850898743
        ],
        [
            0.11256560683250427,
            -0.7242635488510132,
            -0.18277175724506378
        ],
        [
            0.10777896642684937,
            -0.7337591052055359,
            -0.17042003571987152
        ],
        [
            0.10205694288015366,
            -0.7238423228263855,
            -0.1681082844734192
        ],
        [
            0.10709495097398758,
            -0.7141000032424927,
            -0.1808723360300064
        ],
        [
            0.09483253955841064,
            -0.694398045539856,
            -0.18774428963661194
        ],
        [
            0.10141672194004059,
            -0.7034834623336792,
            -0.18251101672649384
        ],
        [
            0.09424252808094025,
            -0.7136856317520142,
            -0.16740034520626068
        ],
        [
            0.08804424107074738,
            -0.7293365001678467,
            -0.1544598489999771
        ],
        [
            0.0959501713514328,
            -0.7358445525169373,
            -0.15828272700309753
        ],
        [
            0.08195596933364868,
            -0.7468056678771973,
            -0.1459200084209442
        ],
        [
            0.07512643188238144,
            -0.7231429815292358,
            -0.1514175981283188
        ],
        [
            0.07354579865932465,
            -0.7474683523178101,
            -0.14365661144256592
        ],
        [
            0.0635678693652153,
            -0.6857157945632935,
            -0.15921586751937866
        ],
        [
            0.06156754493713379,
            -0.6751875281333923,
            -0.15233582258224487
        ],
        [
            0.062449678778648376,
            -0.6866356134414673,
            -0.13716866075992584
        ],
        [
            0.0641028881072998,
            -0.6963311433792114,
            -0.14359664916992188
        ],
        [
            0.10415726155042648,
            -0.7431835532188416,
            -0.16233399510383606
        ],
        [
            0.11687542498111725,
            -0.8052657246589661,
            -0.1720517873764038
        ],
        [
            0.12313274294137955,
            -0.8035567998886108,
            -0.1817028671503067
        ],
        [
            0.11304876208305359,
            -0.7931194305419922,
            -0.1675199419260025
        ],
        [
            0.10737094283103943,
            -0.8655584454536438,
            -0.16732516884803772
        ],
        [
            0.11717619001865387,
            -0.8589763641357422,
            -0.18117612600326538
        ],
        [
            0.11403689533472061,
            -0.8454643487930298,
            -0.16995003819465637
        ],
        [
            0.10519465804100037,
            -0.8539854288101196,
            -0.15812836587429047
        ],
        [
            0.1003601998090744,
            -0.8967387676239014,
            -0.19977769255638123
        ],
        [
            0.11805865168571472,
            -0.8813943862915039,
            -0.21410664916038513
        ],
        [
            0.11770813167095184,
            -0.8720883131027222,
            -0.1990291029214859
        ],
        [
            0.10463803261518478,
            -0.8838400840759277,
            -0.18540677428245544
        ],
        [
            0.09557725489139557,
            -0.8566296100616455,
            -0.14918045699596405
        ],
        [
            0.08072073757648468,
            -0.8608602285385132,
            -0.1377394199371338
        ],
        [
            0.07476634532213211,
            -0.8771432638168335,
            -0.13913211226463318
        ],
        [
            0.091715008020401,
            -0.8738900423049927,
            -0.15450091660022736
        ],
        [
            0.06345364451408386,
            -0.8964824080467224,
            -0.14825548231601715
        ],
        [
            0.084731824696064,
            -0.8938916325569153,
            -0.1653744876384735
        ],
        [
            0.0633930042386055,
            -0.7364329099655151,
            -0.13806459307670593
        ],
        [
            0.06331281363964081,
            -0.7548904418945312,
            -0.1374145746231079
        ],
        [
            0.0678466260433197,
            -0.7083724141120911,
            -0.15131400525569916
        ],
        [
            0.06233208253979683,
            -0.720362663269043,
            -0.13670885562896729
        ],
        [
            0.05114196240901947,
            -0.9108495712280273,
            -0.16112521290779114
        ],
        [
            0.07541130483150482,
            -0.9088689684867859,
            -0.18182185292243958
        ],
        [
            0.03341580182313919,
            -0.8459682464599609,
            -0.11461128294467926
        ],
        [
            0.04308716952800751,
            -0.8620254993438721,
            -0.11936159431934357
        ],
        [
            0.0579046830534935,
            -0.8476313352584839,
            -0.12200058996677399
        ],
        [
            0.04782898724079132,
            -0.8345162272453308,
            -0.11660352349281311
        ],
        [
            0.015818729996681213,
            -0.8559988737106323,
