{
    "pred_cam": [
        2.1000001430511475,
        0.14147166907787323,
        0.4661301374435425
    ],
    "pred_smpl_params": {
        "global_orient": [
            [
                [
                    -0.8383142948150635,
                    -0.19039973616600037,
                    -0.5108590722084045
                ],
                [
                    0.3290819227695465,
                    -0.9237965941429138,
                    -0.19571633636951447
                ],
                [
                    -0.4346655309200287,
                    -0.3321863114833832,
                    0.8370890021324158
                ]
            ]
        ],
        "body_pose": [
            [
                [
                    0.9969688057899475,
                    -0.016020068898797035,
                    -0.07613562792539597
                ],
                [
                    0.06341719627380371,
                    0.7342297434806824,
                    0.6759327054023743
                ],
                [
                    0.04507255181670189,
                    -0.6787120699882507,
                    0.7330201268196106
                ]
            ],
            [
                [
                    0.9995121359825134,
                    0.03102269396185875,
                    0.003616600064560771
                ],
                [
                    -0.028289327397942543,
                    0.8501518368721008,
                    0.5257771015167236
                ],
                [
                    0.013236363418400288,
                    -0.5256229043006897,
                    0.8506146669387817
                ]
            ],
            [
                [
                    0.9946320056915283,
                    0.06547202169895172,
                    0.0801284983754158
                ],
                [
                    -0.012648865580558777,
                    0.8454948663711548,
                    -0.5338336825370789
                ],
                [
                    -0.1026994064450264,
                    0.5299545526504517,
                    0.8417844176292419
                ]
            ],
            [
                [
                    0.9952041506767273,
                    0.09771742671728134,
                    -0.004475072957575321
                ],
                [
                    -0.07224442809820175,
                    0.7033905982971191,
                    -0.7071227431297302
                ],
                [
                    -0.06595049798488617,
                    0.7040547728538513,
                    0.7070767879486084
                ]
            ],
            [
                [
                    0.9898602962493896,
                    -0.14036697149276733,
                    0.021765926852822304
                ],
                [
                    0.11459414660930634,
                    0.6985920071601868,
                    -0.7062841653823853
                ],
                [
                    0.08393347263336182,
                    0.7016168236732483,
                    0.7075937390327454
                ]
            ],
            [
                [
                    0.9974732995033264,
                    0.008728845976293087,
                    0.07050394266843796
                ],
                [
                    -0.009962297044694424,
                    0.9998030662536621,
                    0.01716211996972561
                ],
                [
                    -0.07034025341272354,
                    -0.017821138724684715,
                    0.997363805770874
                ]
            ],
            [
                [
                    0.9867785573005676,
                    0.05126883089542389,
                    0.1537519097328186
                ],
                [
                    -0.060126107186079025,
                    0.996755063533783,
                    0.05351905897259712
                ],
                [
                    -0.15050911903381348,
                    -0.06205595284700394,
                    0.9866591095924377
                ]
            ],
            [
                [
                    0.992030918598175,
                    0.016888415440917015,
                    -0.12485761940479279
                ],
                [
                    -0.0046500032767653465,
                    0.995208203792572,
                    0.09766761213541031
                ],
                [
                    0.12590879201889038,
                    -0.09630870074033737,
                    0.9873558282852173
                ]
            ],
            [
                [
                    0.9989844560623169,
                    0.0024611311964690685,
                    0.04498879984021187
                ],
                [
                    0.0006884000031277537,
                    0.9975566864013672,
                    -0.06985782086849213
                ],
                [
                    -0.045050811022520065,
                    0.06981784105300903,
                    0.9965419173240662
                ]
            ],
            [
                [
                    0.9883854985237122,
                    -0.13418984413146973,
                    0.07132435590028763
                ],
                [
                    0.1293649971485138,
                    0.989231526851654,
                    0.06845249235630035
                ],
                [
                    -0.079741932451725,
                    -0.05843057483434677,
                    0.9951015710830688
                ]
            ],
            [
                [
                    0.996805727481842,
                    0.05536680296063423,
                    -0.057557325810194016
                ],
                [
                    -0.04815984144806862,
                    0.9916256070137024,
                    0.11983053386211395
                ],
                [
                    0.06370994448661804,
                    -0.11667580902576447,
                    0.9911245703697205
                ]
            ],
            [
                [
                    0.9995045065879822,
                    -0.030744055286049843,
                    -0.0067347087897360325
                ],
                [
                    0.030485276132822037,
                    0.998899519443512,
                    -0.03564233332872391
                ],
                [
                    0.007823087275028229,
                    0.03541937097907066,
                    0.9993417859077454
                ]
            ],
            [
                [
                    0.9174239635467529,
                    -0.005908136256039143,
                    -0.39786726236343384
                ],
                [
                    0.03097677044570446,
                    0.9979157447814941,
                    0.05660935118794441
                ],
                [
                    0.3967035412788391,
                    -0.06425941735506058,
                    0.9156948328018188
                ]
            ],
            [
                [
                    0.8399580121040344,
                    -0.040076080709695816,
                    0.5411694645881653
                ],
                [
                    -0.004742067772895098,
                    0.9966890215873718,
                    0.08116962015628815
                ],
                [
                    -0.542630672454834,
                    -0.07074533402919769,
                    0.8369868993759155
                ]
            ],
            [
                [
                    0.9954070448875427,
                    -0.04794982448220253,
                    -0.08285892754793167
                ],
                [
                    0.05279550701379776,
                    0.9969592690467834,
                    0.05731447413563728
                ],
                [
                    0.07985875010490417,
                    -0.061425816267728806,
                    0.994911789894104
                ]
            ],
            [
                [
                    0.5508076548576355,
                    0.7556620836257935,
                    -0.35438066720962524
                ],
                [
                    -0.7576741576194763,
                    0.6307917833328247,
                    0.16742664575576782
                ],
                [
                    0.3500584065914154,
                    0.17628516256809235,
                    0.919990599155426
                ]
            ],
            [
                [
                    0.36535370349884033,
                    -0.7440539598464966,
                    0.559374988079071
                ],
                [
                    0.7283864617347717,
                    0.6026850938796997,
                    0.3259200155735016
                ],
                [
                    -0.5796290040016174,
                    0.28836506605148315,
                    0.7621520161628723
                ]
            ],
            [
                [
                    0.5956965684890747,
                    -0.24163828790187836,
                    -0.7660003304481506
                ],
                [
                    0.196788027882576,
                    0.9685155749320984,
                    -0.152486190199852
                ],
                [
                    0.7787297368049622,
                    -0.05990421399474144,
                    0.6244929432868958
                ]
            ],
            [
                [
                    0.6344965100288391,
                    0.2074645459651947,
                    0.7445620894432068
                ],
                [
                    -0.11930897831916809,
                    0.9780467748641968,
                    -0.17085061967372894
                ],
                [
                    -0.7636619210243225,
                    0.019571173936128616,
                    0.6453196406364441
                ]
            ],
            [
                [
                    0.9779643416404724,
                    -0.20800939202308655,
                    0.017826804891228676
                ],
                [
                    0.2079867422580719,
                    0.978126585483551,
                    0.00313562317751348
                ],
                [
                    -0.018089111894369125,
                    0.0006412114016711712,
                    0.9998361468315125
                ]
            ],
            [
                [
                    0.9777089357376099,
                    0.20990659296512604,
                    -0.004945108667016029
                ],
                [
                    -0.20994947850704193,
                    0.9770811796188354,
                    -0.035122115164995193
                ],
                [
                    -0.0025405914057046175,
                    0.03537742793560028,
                    0.9993707537651062
                ]
            ],
            [
                [
                    0.9805427193641663,
                    0.1659499853849411,
                    -0.10486447066068649
                ],
                [
                    -0.1458241194486618,
                    0.9733758568763733,
                    0.1768466979265213
                ],
                [
                    0.13142025470733643,
                    -0.1581139713525772,
                    0.9786361455917358
                ]
            ],
            [
                [
                    0.986584484577179,
                    -0.15369834005832672,
                    0.05502501502633095
                ],
                [
                    0.14134331047534943,
                    0.9728628396987915,
                    0.183193638920784
                ],
                [
                    -0.08168834447860718,
                    -0.1729586124420166,
                    0.9815356135368347
                ]
            ]
        ],
        "betas": [
            0.03421701490879059,
            0.040167391300201416,
            0.10941901803016663,
            0.2896939516067505,
            0.07797735929489136,
            0.0922011137008667,
            0.09313270449638367,
            -0.06861662864685059,
            0.012999668717384338,
            0.003291308879852295
        ]
    },
    "pred_cam_t": [
        0.14147166907787323,
        0.4661301374435425,
        18.60118865966797
    ],
    "focal_length": [
        5000.0,
        5000.0
    ],
    "pred_keypoints_3d": [
        [
            -0.3306896686553955,
            -0.7201988697052002,
            0.16431427001953125
        ],
        [
            -0.20833328366279602,
            -0.6761909127235413,
            0.0182198379188776
        ],
        [
            -0.0757809579372406,
            -0.6566985249519348,
            0.14530932903289795
        ],
        [
            -0.05432654917240143,
            -0.4252016842365265,
            0.24811983108520508
        ],
        [
            -0.2505320906639099,
            -0.2744452953338623,
            0.3102821111679077
        ],
        [
            -0.31563377380371094,
            -0.5557123422622681,
            -0.06878430396318436
        ],
        [
            -0.34746813774108887,
            -0.296866238117218,
            -0.06875960528850555
        ],
        [
            -0.41325047612190247,
            -0.1805000603199005,
            0.14171166718006134
        ],
        [
            -0.0020769485272467136,
            -0.22707641124725342,
            0.027455564588308334
        ],
        [
            0.07375389337539673,
            -0.16439767181873322,
            0.0827784463763237
        ],
        [
            0.07958751916885376,
            0.08435110747814178,
            0.3751278519630432
        ],
        [
            0.16550680994987488,
            0.47444212436676025,
            0.3622121512889862
        ],
        [
            -0.03863896057009697,
            -0.11836008727550507,
            0.022115208208560944
        ],
        [
            -0.14957989752292633,
            0.09971590340137482,
            0.3073844015598297
        ],
        [
            -0.02259889245033264,
            0.4673207998275757,
            0.39781928062438965
        ],
        [
            -0.3034140169620514,
            -0.774691104888916,
            0.15582412481307983
        ],
        [
            -0.3581234812736511,
            -0.7550990581512451,
            0.12216563522815704
        ],
        [
            -0.22067178785800934,
            -0.7980289459228516,
            0.09582585096359253
        ],
        [
            -0.3435133695602417,
            -0.7554064989089966,
            0.018784403800964355
        ],
        [
            -0.12344015389680862,
            0.4846387505531311,
            0.5716112852096558
        ],
        [
            -0.143777534365654,
            0.5244442224502563,
            0.5012193918228149
        ],
        [
            0.015352219343185425,
            0.5123774409294128,
            0.359707772731781
        ],
        [
            0.09347036480903625,
            0.5026646256446838,
            0.5476902723312378
        ],
        [
            0.17914153635501862,
            0.5001261234283447,
            0.5301864743232727
        ],
        [
            0.19989648461341858,
            0.521543025970459,
            0.3180961012840271
        ],
        [
            0.18619820475578308,
            0.4213603734970093,
            0.341810405254364
        ],
        [
            0.07581290602684021,
            0.035699985921382904,
            0.33896604180336
        ],
        [
            0.1278487741947174,
            -0.29997849464416504,
            0.06435797363519669
        ],
        [
            -0.10872942954301834,
            -0.18461793661117554,
            -0.07412222772836685
        ],
        [
            -0.15516972541809082,
            0.07449062168598175,
            0.2777141034603119
        ],
        [
            -0.024193527176976204,
            0.4429919719696045,
            0.36301350593566895
        ],
        [
            -0.25885066390037537,
            -0.30432790517807007,
            0.2922412157058716
        ],
        [
            -0.07353335618972778,
            -0.45291846990585327,
            0.26896098256111145
        ],
        [
            -0.10008096694946289,
            -0.6706400513648987,
            0.11665259301662445
        ],
        [
            -0.3025495111942291,
            -0.5856950879096985,
            -0.06551942229270935
        ],
        [
            -0.38375765085220337,
            -0.3291357159614563,
            -0.05266454815864563
        ],
        [
            -0.41894543170928955,
            -0.20051288604736328,
            0.13889023661613464
        ],
        [
            -0.2192811816930771,
            -0.6726833581924438,
            0.028534896671772003
        ],
        [
            -0.3134738802909851,
            -0.8202242255210876,
            0.07415717840194702
        ],
        [
            0.009705641306936741,
            -0.24252939224243164,
            -0.005388609133660793
        ],
        [
            -0.19717095792293549,
            -0.6253015995025635,
            0.025693561881780624
        ],
        [
            -0.08220535516738892,
            -0.4758874773979187,
            -0.021646898239850998
        ],
        [
            -0.29033613204956055,
            -0.7109790444374084,
            0.09344960004091263
        ],
        [
            -0.31223246455192566,
            -0.8420478701591492,
            0.06958317011594772
        ]
    ],
    "pred_vertices": [
        [
            -0.3849360942840576,
            -0.7959184050559998,
            0.11935634166002274
        ],
        [
            -0.3776860535144806,
            -0.7824387550354004,
            0.12695054709911346
        ],
        [
            -0.38174790143966675,
            -0.7783211469650269,
            0.1135949045419693
        ],
        [
            -0.38599076867103577,
            -0.7887260913848877,
            0.10347917675971985
        ],
        [
            -0.3773733377456665,
            -0.7693933844566345,
            0.12001433968544006
        ],
        [
            -0.37304288148880005,
            -0.7723628878593445,
            0.13088783621788025
        ],
        [
            -0.3802706003189087,
            -0.7729723453521729,
            0.10093316435813904
        ],
        [
            -0.38216596841812134,
            -0.7804197072982788,
            0.08973187953233719
        ],
        [
            -0.365491658449173,
            -0.7404839992523193,
            0.08607751131057739
        ],
        [
            -0.3626973330974579,
            -0.7373247742652893,
            0.0755658894777298
        ],
        [
            -0.36827725172042847,
            -0.7483842372894287,
            0.07795362174510956
        ],
        [
            -0.36856240034103394,
            -0.7492449283599854,
            0.08813692629337311
        ],
        [
            -0.35378724336624146,
            -0.7171608805656433,
            0.08208315074443817
        ],
        [
            -0.34966766834259033,
            -0.7082096338272095,
            0.0917690172791481
        ],
        [
            -0.34362897276878357,
            -0.7014453411102295,
            0.08151314407587051
        ],
        [
            -0.34651464223861694,
            -0.7104557752609253,
            0.07154537737369537
        ],
        [
            -0.3394833505153656,
            -0.7254195809364319,
            0.13016247749328613
        ],
        [
            -0.34112030267715454,
            -0.7178151607513428,
            0.1259894222021103
        ],
        [
            -0.34624966979026794,
            -0.7231622934341431,
            0.1235312968492508
        ],
        [
            -0.3436282277107239,
            -0.730256974697113,
            0.12774574756622314
        ],
        [
            -0.3383644223213196,
            -0.7361388206481934,
            0.14066532254219055
        ],
        [
            -0.3396432399749756,
            -0.7416912317276001,
            0.13738775253295898
        ],
        [
            -0.33978357911109924,
            -0.7454367280006409,
            0.14457017183303833
        ],
        [
            -0.3394370675086975,
            -0.7387378215789795,
            0.14820589125156403
        ],
        [
            -0.3333365023136139,
            -0.7219393253326416,
            0.13315224647521973
        ],
        [
            -0.3349096179008484,
            -0.7140889167785645,
            0.1282665729522705
        ],
        [
            -0.33833974599838257,
            -0.7317637205123901,
            0.13424579799175262
        ],
        [
            -0.3362715244293213,
            -0.7280393838882446,
            0.1370718777179718
        ],
        [
            -0.33660510182380676,
            -0.7209566831588745,
            0.14723695814609528
        ],
        [
            -0.3388683795928955,
            -0.7252213954925537,
            0.14534808695316315
        ],
        [
            -0.3399219512939453,
            -0.7257366180419922,
            0.15310272574424744
        ],
        [
            -0.3364444077014923,
            -0.7211017608642578,
            0.15291965007781982
        ],
        [
            -0.33435606956481934,
            -0.721682071685791,
            0.13784685730934143
        ],
        [
            -0.33712032437324524,
            -0.7236690521240234,
            0.14003939926624298
        ],
        [
            -0.334908127784729,
            -0.7204289436340332,
            0.14317137002944946
        ],
        [
            -0.3316075801849365,
            -0.7193130254745483,
            0.14114275574684143
        ],
        [
            -0.3377624750137329,
            -0.731920599937439,
            0.1433744579553604
        ],
        [
            -0.339567095041275,
            -0.732826828956604,
            0.15099652111530304
        ],
        [
            -0.3404659330844879,
            -0.7336385250091553,
            0.15923964977264404
        ],
        [
            -0.33963245153427124,
            -0.7250279188156128,
            0.16117921471595764
        ],
        [
            -0.341513454914093,
            -0.7034646272659302,
            0.11343271285295486
        ],
        [
            -0.3423364460468292,
            -0.7104927897453308,
            0.12033785879611969
        ],
        [
            -0.3365221619606018,
            -0.7070656418800354,
            0.12319095432758331
        ],
        [
            -0.33684781193733215,
            -0.7011421918869019,
            0.11768032610416412
        ],
        [
            -0.32982444763183594,
            -0.716672420501709,
            0.13729336857795715
        ],
        [
            -0.3265795111656189,
            -0.7008051872253418,
            0.13409367203712463
        ],
        [
            -0.32849210500717163,
            -0.7041317224502563,
            0.13447530567646027
        ],
        [
            -0.3259129524230957,
            -0.7058159112930298,
            0.141205295920372
        ],
        [
            -0.32456356287002563,
            -0.7025083303451538,
            0.14037415385246277
        ],
        [
            -0.33574414253234863,
            -0.6906107664108276,
            0.10215620696544647
        ],
        [
            -0.33319538831710815,
            -0.6898733377456665,
            0.10924553871154785
        ],
        [
            -0.32955464720726013,
            -0.683948278427124,
            0.10619701445102692
        ],
        [
            -0.33047348260879517,
            -0.6838257312774658,
            0.09839269518852234
        ],
        [
            -0.3248145580291748,
            -0.6790338754653931,
            0.10639718174934387
        ],
        [
            -0.3246808350086212,
            -0.6772712469100952,
            0.09607858210802078
        ],
        [
            -0.31149035692214966,
            -0.6662777662277222,
            0.10004046559333801
        ],
        [
            -0.31772881746292114,
            -0.6710476875305176,
            0.09773144125938416
        ],
        [
            -0.31967514753341675,
            -0.6745662689208984,
            0.10856588184833527
        ],
        [
            -0.31475830078125,
            -0.6705631017684937,
            0.1138179749250412
        ],
        [
            -0.3113301694393158,
            -0.6769524216651917,
            0.12787681818008423
        ],
        [
            -0.30755800008773804,
            -0.676706075668335,
            0.1335068643093109
        ],
        [
            -0.30517029762268066,
            -0.6643178462982178,
            0.12804552912712097
        ],
        [
            -0.3097013235092163,
            -0.6663379073143005,
            0.12153702974319458
        ],
        [
            -0.32193776965141296,
            -0.6959157586097717,
            0.1302737593650818
        ],
        [
            -0.3237319588661194,
            -0.6955533027648926,
            0.12571382522583008
        ],
        [
            -0.3256632387638092,
            -0.6962825655937195,
            0.12758785486221313
        ],
        [
            -0.32438135147094727,
            -0.697760820388794,
            0.13267430663108826
        ],
        [
            -0.32567882537841797,
            -0.6946166753768921,
            0.12216132879257202
        ],
        [
            -0.3265554904937744,
            -0.6940188407897949,
            0.12062027305364609
        ],
        [
            -0.3274638056755066,
            -0.6950151920318604,
            0.12185133248567581
        ],
        [
            -0.326288640499115,
            -0.6953372955322266,
            0.12272220849990845
        ],
        [
            -0.32484376430511475,
            -0.6954517364501953,
            0.12429504096508026
        ],
        [
            -0.3234495520591736,
            -0.6938526630401611,
            0.12504982948303223
        ],
        [
            -0.32486945390701294,
            -0.6940228939056396,
            0.1229998767375946
        ],
        [
            -0.3216763734817505,
            -0.6934055089950562,
            0.12931737303733826
        ],
        [
            -0.3148772716522217,
            -0.6934086680412292,
            0.1429080069065094
        ],
        [
            -0.3172853887081146,
            -0.6926302909851074,
            0.1395813226699829
        ],
        [
            -0.3173428475856781,
            -0.6974645853042603,
            0.13991063833236694
        ],
        [
            -0.3154350519180298,
            -0.698499321937561,
            0.1427362561225891
        ],
        [
            -0.3278625011444092,
            -0.6973793506622314,
            0.12432760000228882
        ],
        [
            -0.33008044958114624,
            -0.6977284550666809,
            0.12275376915931702
        ],
        [
            -0.3298185467720032,
            -0.700542688369751,
            0.12798553705215454
        ],
        [
            -0.3274194598197937,
            -0.6985493898391724,
            0.1278536021709442
        ],
        [
            -0.333063006401062,
            -0.6987501978874207,
            0.12120268493890762
        ],
        [
            -0.32949042320251465,
            -0.6956614255905151,
            0.12019237875938416
        ],
        [
            -0.33196762204170227,
            -0.6958349347114563,
            0.11789201200008392
        ],
        [
            -0.3254203200340271,
            -0.6925617456436157,
            0.12078385800123215
        ],
        [
            -0.3263205289840698,
            -0.690454363822937,
            0.11799024790525436
        ],
        [
            -0.3282982110977173,
            -0.6924943923950195,
            0.11869050562381744
        ],
        [
            -0.3233959674835205,
            -0.6880977153778076,
            0.1191108375787735
        ],
        [
            -0.3231230676174164,
            -0.6913182735443115,
            0.12287436425685883
        ],
        [
            -0.32081353664398193,
            -0.6900149583816528,
            0.12697461247444153
        ],
        [
            -0.31825798749923706,
            -0.6890026330947876,
            0.13234072923660278
        ],
        [
            -0.3167612552642822,
            -0.6845074892044067,
            0.12804672122001648
        ],
        [
            -0.3201901912689209,
            -0.6859514713287354,
            0.12282246351242065
        ],
        [
            -0.33265113830566406,
            -0.7040938138961792,
            0.12639492750167847
        ],
        [
            -0.33051079511642456,
            -0.6911664009094238,
            0.11470653861761093
        ],
        [
            -0.3355385661125183,
            -0.6963068246841431,
            0.11312755942344666
        ],
        [
            -0.327975332736969,
            -0.6870293617248535,
            0.11347551643848419
        ],
        [
            -0.3242567181587219,
            -0.6835618615150452,
            0.11395595222711563
        ],
        [
            -0.319705605506897,
            -0.6804517507553101,
            0.11709935963153839
        ],
        [
            -0.3154967427253723,
            -0.6785144805908203,
            0.12228146940469742
        ],
        [
            -0.2974638342857361,
            -0.6584170460700989,
            0.11600112915039062
        ],
        [
            -0.304110586643219,
            -0.66138756275177,
            0.10886213183403015
        ],
        [
            -0.3669636845588684,
            -0.7663198709487915,
            0.12922878563404083
        ],
        [
            -0.37219685316085815,
            -0.7638083696365356,
            0.12219783663749695
        ],
        [
            -0.36726176738739014,
            -0.7574627995491028,
            0.11737098544836044
        ],
        [
            -0.3694179058074951,
            -0.7587743997573853,
            0.1164737120270729
        ],
        [
            -0.36739397048950195,
            -0.7613030076026917,
            0.12210416793823242
        ],
        [
            -0.36564624309539795,
            -0.7586914300918579,
            0.12172722816467285
        ],
        [
            -0.3675535321235657,
            -0.7512526512145996,
            0.09642532467842102
        ],
        [
            -0.3668156862258911,
            -0.7528772354125977,
            0.10312150418758392
        ],
        [
            -0.3645531237125397,
            -0.7497041821479797,
            0.1014208197593689
        ],
        [
            -0.3656719923019409,
            -0.7448498010635376,
            0.0945080816745758
        ],
        [
            -0.3589414954185486,
            -0.7432254552841187,
            0.11069759726524353
        ],
        [
            -0.36115849018096924,
            -0.7439477443695068,
            0.10571752488613129
        ],
        [
            -0.36247143149375916,
            -0.7504020929336548,
            0.11071913689374924
        ],
        [
            -0.36085981130599976,
            -0.7498558163642883,
            0.11432081460952759
        ],
        [
            -0.3586820662021637,
            -0.7501006126403809,
            0.11795121431350708
        ],
        [
            -0.35588085651397705,
            -0.7508994936943054,
            0.12131156027317047
        ],
        [
            -0.35376641154289246,
            -0.7462568283081055,
            0.12017516046762466
        ],
        [
            -0.3564605116844177,
            -0.7443917393684387,
            0.11584319174289703
        ],
        [
            -0.36350640654563904,
            -0.7637929916381836,
            0.12691852450370789
        ],
        [
            -0.35723504424095154,
            -0.7650121450424194,
            0.1306299865245819
        ],
        [
            -0.3568986654281616,
            -0.76226407289505,
            0.12900933623313904
        ],
        [
            -0.3622880280017853,
            -0.7607150077819824,
            0.12631326913833618
        ],
        [
            -0.34369850158691406,
            -0.7608288526535034,
            0.12972645461559296
        ],
        [
            -0.3461818993091583,
            -0.7623419761657715,
            0.13022002577781677
        ],
        [
            -0.3445473909378052,
            -0.7643871903419495,
            0.13330549001693726
        ],
        [
            -0.34159427881240845,
            -0.7607946395874023,
            0.13262608647346497
        ],
        [
            -0.34231212735176086,
            -0.7574529647827148,
            0.1311923861503601
        ],
        [
            -0.3442762792110443,
            -0.7588610649108887,
            0.12928542494773865
        ],
        [
            -0.38571465015411377,
            -0.8179977536201477,
            0.12477245181798935
        ],
        [
            -0.3794206976890564,
            -0.8020798563957214,
            0.1330590546131134
        ],
        [
            -0.38972821831703186,
            -0.8103887438774109,
            0.10622033476829529
        ],
        [
            -0.3874652683734894,
            -0.8012018203735352,
            0.09007680416107178
        ],
        [
            -0.38365623354911804,
            -0.7890021800994873,
            0.0770578384399414
        ],
        [
            -0.33965757489204407,
            -0.6945128440856934,
            0.09239326417446136
        ],
        [
            -0.3338437080383301,
            -0.6875770092010498,
            0.08573698997497559
        ],
        [
            -0.33693253993988037,
            -0.6955840587615967,
            0.07189330458641052
        ],
        [
            -0.3286409378051758,
            -0.687766432762146,
            0.06792956590652466
        ],
        [
            -0.32593488693237305,
            -0.6795538067817688,
            0.0828588604927063
        ],
        [
            -0.3058658838272095,
            -0.6666129231452942,
            0.08645051717758179
        ],
        [
            -0.31642937660217285,
            -0.6720970869064331,
            0.08312714844942093
        ],
        [
            -0.31762415170669556,
            -0.6813031435012817,
            0.06514427810907364
        ],
        [
            -0.3214430510997772,
            -0.6949467658996582,
            0.04895607754588127
        ],
        [
            -0.3311188817024231,
            -0.698871374130249,
            0.054841987788677216
        ],
        [
            -0.3247312009334564,
            -0.7117844820022583,
            0.03758921101689339
        ],
        [
            -0.3085715174674988,
            -0.6923972368240356,
            0.04050370305776596
        ],
        [
            -0.3179308772087097,
            -0.7138756513595581,
            0.031136974692344666
        ],
        [
            -0.2816784977912903,
            -0.6632088422775269,
            0.047462098300457
        ],
        [
            -0.2759060263633728,
            -0.6548153758049011,
            0.04112257808446884
        ],
        [
            -0.2810041308403015,
            -0.6628673076629639,
            0.024393005296587944
        ],
        [
            -0.2874644994735718,
            -0.6706950664520264,
            0.030461592599749565
        ],
        [
            -0.33927255868911743,
            -0.7039363384246826,
            0.06164933741092682
        ],
        [
            -0.3705449104309082,
            -0.759712815284729,
            0.07122505456209183
        ],
        [
            -0.37255164980888367,
            -0.7578698992729187,
            0.08306419849395752
        ],
        [
            -0.3648921549320221,
            -0.7481465339660645,
            0.06588973850011826
        ],
        [
            -0.3874315619468689,
            -0.8186584711074829,
            0.058627694845199585
        ],
        [
            -0.38994354009628296,
            -0.8110767602920532,
            0.0755297988653183
        ],
        [
            -0.38547319173812866,
            -0.7972055673599243,
            0.06486014276742935
        ],
        [
            -0.3841983377933502,
            -0.8059913516044617,
            0.05014843866229057
        ],
        [
            -0.3837355673313141,
            -0.8556565642356873,
            0.08403509855270386
        ],
        [
            -0.38869649171829224,
            -0.8379594087600708,
            0.10541726648807526
        ],
        [
            -0.3897484540939331,
            -0.8265310525894165,
            0.09127315133810043
        ],
        [
            -0.387267142534256,
            -0.8392698764801025,
            0.07303376495838165
        ],
        [
            -0.3798048198223114,
            -0.809627890586853,
            0.03816588968038559
        ],
        [
            -0.37197354435920715,
            -0.8158884048461914,
            0.02253425121307373
        ],
        [
            -0.3719463050365448,
            -0.8331286907196045,
            0.020737752318382263
        ],
        [
            -0.3818972706794739,
            -0.8282763361930847,
            0.04032725840806961
        ],
        [
            -0.36760929226875305,
            -0.8565356135368347,
            0.02378590777516365
        ],
        [
            -0.3790132403373718,
            -0.8510242104530334,
            0.047274887561798096
        ],
        [
            -0.3048197627067566,
            -0.7056584358215332,
            0.022182509303092957
        ],
        [
            -0.3133852779865265,
            -0.722688615322113,
            0.020949307829141617
        ],
        [
            -0.29604968428611755,
            -0.680641770362854,
            0.03801834583282471
        ],
        [
            -0.2963913679122925,
            -0.6914640069007874,
            0.021173469722270966
        ],
        [
            -0.35697710514068604,
            -0.8770560622215271,
            0.030519887804985046
        ],
        [
            -0.37166616320610046,
            -0.871171772480011,
            0.0580967515707016
        ],
        [
            -0.33166491985321045,
            -0.8129327297210693,
            -0.015025969594717026
        ],
        [
            -0.3450008034706116,
            -0.8255369067192078,
            -0.007935810834169388
        ],
        [
            -0.35155031085014343,
            -0.807941198348999,
            0.0007927790284156799
        ],
        [
            -0.3386581838130951,
            -0.7981786727905273,
            -0.007102437317371368
        ],
        [
            -0.32003074884414673,
            -0.8286576867103577,
            -0.020289253443479538
        ],
        [
