{
    "pred_cam": [
        3.396940231323242,
        -0.01380114071071148,
        0.7630729675292969
    ],
    "pred_smpl_params": {
        "global_orient": [
            [
                [
                    0.9659587144851685,
                    -0.12331708520650864,
                    0.22741323709487915
                ],
                [
                    -0.007393748965114355,
                    -0.8918746113777161,
                    -0.4522222876548767
                ],
                [
                    0.25859084725379944,
                    0.4351465702056885,
                    -0.8624258041381836
                ]
            ]
        ],
        "body_pose": [
            [
                [
                    0.9994308948516846,
                    -0.016088850796222687,
                    0.0296478234231472
                ],
                [
                    0.0028907915111631155,
                    0.9165422916412354,
                    0.39992719888687134
                ],
                [
                    -0.033607859164476395,
                    -0.3996139168739319,
                    0.9160671830177307
                ]
            ],
            [
                [
                    0.9947171211242676,
                    0.08969943970441818,
                    0.04991908743977547
                ],
                [
                    -0.10217271745204926,
                    0.9121552109718323,
                    0.39690497517585754
                ],
                [
                    -0.009931806474924088,
                    -0.39990851283073425,
                    0.9165012240409851
                ]
            ],
            [
                [
                    0.9988254308700562,
                    -0.013025263324379921,
                    0.04666970297694206
                ],
                [
                    0.02834063582122326,
                    0.9382946491241455,
                    -0.3446735441684723
                ],
                [
                    -0.03930047154426575,
                    0.34559133648872375,
                    0.9375616908073425
                ]
            ],
            [
                [
                    0.9943604469299316,
                    0.09556269645690918,
                    0.045989569276571274
                ],
                [
                    -0.036920346319675446,
                    0.718445897102356,
                    -0.6946023106575012
                ],
                [
                    -0.09941905736923218,
                    0.688987135887146,
                    0.7179223895072937
                ]
            ],
            [
                [
                    0.9912423491477966,
                    -0.12686461210250854,
                    -0.03665924444794655
                ],
                [
                    0.06603789329528809,
                    0.7166168093681335,
                    -0.6943337321281433
                ],
                [
                    0.11435700953006744,
                    0.6858322024345398,
                    0.7187188267707825
                ]
            ],
            [
                [
                    0.9951398372650146,
                    0.05339311435818672,
                    0.08273902535438538
                ],
                [
                    -0.04298899695277214,
                    0.99150151014328,
                    -0.12278686463832855
                ],
                [
                    -0.08859184384346008,
                    0.11863324791193008,
                    0.9889779686927795
                ]
            ],
            [
                [
                    0.9632717370986938,
                    0.08487234264612198,
                    0.25476282835006714
                ],
                [
                    -0.1041104793548584,
                    0.992569625377655,
                    0.06298023462295532
                ],
                [
                    -0.24752457439899445,
                    -0.08719058334827423,
                    0.9649503827095032
                ]
            ],
            [
                [
                    0.9904400110244751,
                    0.02776305191218853,
                    -0.13512161374092102
                ],
                [
                    -0.01876048557460308,
                    0.9975463151931763,
                    0.06744886934757233
                ],
                [
                    0.13666264712810516,
                    -0.06426911056041718,
                    0.9885306358337402
                ]
            ],
            [
                [
                    0.9963798522949219,
                    0.025410547852516174,
                    0.08112600445747375
                ],
                [
                    -0.026614544913172722,
                    0.9995506405830383,
                    0.01379422564059496
                ],
                [
                    -0.08073902875185013,
                    -0.015903420746326447,
                    0.9966084361076355
                ]
            ],
            [
                [
                    0.9773842096328735,
                    -0.20425072312355042,
                    -0.054788738489151
                ],
                [
                    0.20754748582839966,
                    0.9761731028556824,
                    0.06332641839981079
                ],
                [
                    0.04054882377386093,
                    -0.07326550036668777,
                    0.9964879155158997
                ]
            ],
            [
                [
                    0.971267819404602,
                    0.08247631043195724,
                    -0.22324074804782867
                ],
                [
                    -0.05123716592788696,
                    0.9884994029998779,
                    0.14228032529354095
                ],
                [
                    0.23240810632705688,
                    -0.12675407528877258,
                    0.9643235206604004
                ]
            ],
            [
                [
                    0.9676100611686707,
                    0.1777874231338501,
                    -0.17922745645046234
                ],
                [
                    -0.20184436440467834,
                    0.9712433815002441,
                    -0.1262739598751068
                ],
                [
                    0.15162356197834015,
                    0.15836000442504883,
                    0.9756702780723572
                ]
            ],
            [
                [
                    0.9412126541137695,
                    0.22715526819229126,
                    -0.25003841519355774
                ],
                [
                    -0.20921353995800018,
                    0.9730965495109558,
                    0.09650332480669022
                ],
                [
                    0.26523274183273315,
                    -0.03851872682571411,
                    0.96341472864151
                ]
            ],
            [
                [
                    0.8306198716163635,
                    -0.36203324794769287,
                    0.42308691143989563
                ],
                [
                    0.33483532071113586,
                    0.931819498538971,
                    0.13999196887016296
                ],
                [
                    -0.44492238759994507,
                    0.025384334847331047,
                    0.8952093124389648
                ]
            ],
            [
                [
                    0.9694368839263916,
                    0.09681245684623718,
                    -0.22543160617351532
                ],
                [
                    -0.0944829136133194,
                    0.9953023195266724,
                    0.02112586237490177
                ],
                [
                    0.22641783952713013,
                    0.0008192435489036143,
                    0.9740298986434937
                ]
            ],
            [
                [
                    0.4628196954727173,
                    0.7472702860832214,
                    -0.47684913873672485
                ],
                [
                    -0.8107538223266602,
                    0.5743462443351746,
                    0.11315759271383286
                ],
                [
                    0.35843583941459656,
                    0.33423569798469543,
                    0.8716710209846497
                ]
            ],
            [
                [
                    0.3104805052280426,
                    -0.741052508354187,
                    0.5953512191772461
                ],
                [
                    0.8431864976882935,
                    0.5038784742355347,
                    0.18746492266654968
                ],
                [
                    -0.4389060139656067,
                    0.4437878429889679,
                    0.7812898755073547
                ]
            ],
            [
                [
                    -0.3254344165325165,
                    -0.40033185482025146,
                    -0.8566368818283081
                ],
                [
                    0.18803714215755463,
                    0.8604589700698853,
                    -0.4735528826713562
                ],
                [
                    0.926679253578186,
                    -0.31518998742103577,
                    -0.20474569499492645
                ]
            ],
            [
                [
                    -0.16301138699054718,
                    0.4255805015563965,
                    0.8901171684265137
                ],
                [
                    0.0540301650762558,
                    0.9046814441680908,
                    -0.4226491451263428
                ],
                [
                    -0.9851436614990234,
                    -0.02080344222486019,
                    -0.1704675555229187
                ]
            ],
            [
                [
                    0.9727760553359985,
                    -0.23172864317893982,
                    -0.002933094510808587
                ],
                [
                    0.2304248958826065,
                    0.9684982895851135,
                    -0.09442200511693954
                ],
                [
                    0.02472097799181938,
                    0.0911756083369255,
                    0.995527982711792
                ]
            ],
            [
                [
                    0.9742847681045532,
                    0.225297212600708,
                    0.0031951330602169037
                ],
                [
                    -0.22515207529067993,
                    0.9740086793899536,
                    -0.024772094562649727
                ],
                [
                    -0.008693170733749866,
                    0.023415686562657356,
                    0.9996879696846008
                ]
            ],
            [
                [
                    0.9532737135887146,
                    0.26988163590431213,
                    -0.13576911389827728
                ],
                [
                    -0.2500332295894623,
                    0.9570373892784119,
                    0.1468428373336792
                ],
                [
                    0.1695663034915924,
                    -0.10603461414575577,
                    0.9797979593276978
                ]
            ],
            [
                [
                    0.9769244194030762,
                    -0.20960943400859833,
                    0.041020505130290985
                ],
                [
                    0.20090577006340027,
                    0.967009425163269,
                    0.15661939978599548
                ],
                [
                    -0.07249612361192703,
                    -0.1447640359401703,
                    0.9868068695068359
                ]
            ]
        ],
        "betas": [
            0.04091575741767883,
            -0.11980557441711426,
            -0.09122905135154724,
            -0.02082127332687378,
            -0.06854164600372314,
            -0.05274372547864914,
            0.19323702156543732,
            -0.04538089036941528,
            -0.040769025683403015,
            -0.08240145444869995
        ]
    },
    "pred_cam_t": [
        -0.01380114071071148,
        0.7630729675292969,
        11.499319076538086
    ],
    "focal_length": [
        5000.0,
        5000.0
    ],
    "pred_keypoints_3d": [
        [
            0.04118432104587555,
            -0.8205466270446777,
            -0.012212027795612812
        ],
        [
            -0.022116050124168396,
            -0.7090197205543518,
            0.136339470744133
        ],
        [
            -0.1656722128391266,
            -0.6227100491523743,
            0.017745457589626312
        ],
        [
            -0.08264696598052979,
            -0.3959457278251648,
            -0.06492079794406891
        ],
        [
            0.12985286116600037,
            -0.5384566187858582,
            -0.0532597079873085
        ],
        [
            0.14142057299613953,
            -0.6157499551773071,
            0.19435715675354004
        ],
        [
            0.22063612937927246,
            -0.37891435623168945,
            0.11689357459545135
        ],
        [
            0.19154071807861328,
            -0.5498844385147095,
            -0.06339746713638306
        ],
        [
            -0.0018336562206968665,
            -0.22370170056819916,
            0.028970494866371155
        ],
        [
            -0.057127490639686584,
            -0.1405993402004242,
            -0.02481350302696228
        ],
        [
            -0.05139710754156113,
            0.10550293326377869,
            -0.3204255700111389
        ],
        [
            -0.01851736754179001,
            0.5056394338607788,
            -0.3177952468395233
        ],
        [
            0.07537256181240082,
            -0.13973885774612427,
            0.012469956651329994
        ],
        [
            0.1897260546684265,
            0.10297583043575287,
            -0.25224798917770386
        ],
        [
            0.13714155554771423,
            0.5001274943351746,
            -0.2711697220802307
        ],
        [
            0.019701503217220306,
            -0.8652530908584595,
            0.023994985967874527
        ],
        [
            0.08222634345293045,
            -0.8414307832717896,
            0.02822268381714821
        ],
        [
            -0.03494146466255188,
            -0.8556026220321655,
            0.11334957927465439
        ],
        [
            0.10510852932929993,
            -0.8030081987380981,
            0.12239943444728851
        ],
        [
            0.23043325543403625,
            0.5265083909034729,
            -0.4451668858528137
        ],
        [
            0.2660822868347168,
            0.549904465675354,
            -0.3720625936985016
        ],
        [
            0.10842810571193695,
            0.5416593551635742,
            -0.2250775545835495
        ],
        [
            -0.005575112998485565,
            0.5160810947418213,
            -0.5203216075897217
        ],
        [
            -0.07520505785942078,
            0.5374290943145752,
            -0.4725251793861389
        ],
        [
            -0.022111080586910248,
            0.5588365793228149,
            -0.2685420513153076
        ],
        [
            -0.04733773320913315,
            0.45968303084373474,
            -0.28967341780662537
        ],
        [
            -0.0538051500916481,
            0.0565238781273365,
            -0.28155386447906494
        ],
        [
            -0.15389138460159302,
            -0.24416156113147736,
            0.02026914432644844
        ],
        [
            0.13314288854599,
            -0.22477148473262787,
            0.10241539776325226
        ],
        [
            0.19247356057167053,
            0.07093469798564911,
            -0.22480152547359467
        ],
        [
            0.13706982135772705,
            0.46830886602401733,
            -0.24111971259117126
        ],
        [
            0.0983293354511261,
            -0.5498148202896118,
            -0.03398329019546509
        ],
        [
            -0.08583895862102509,
            -0.4346955716609955,
            -0.08979914337396622
        ],
        [
            -0.13916513323783875,
            -0.653052806854248,
            0.048742663115262985
        ],
        [
            0.11354734003543854,
            -0.6392698287963867,
            0.1916702538728714
        ],
        [
            0.24902284145355225,
            -0.4227495491504669,
            0.1191505491733551
        ],
        [
            0.19333431124687195,
            -0.5545568466186523,
            -0.04014216735959053
        ],
        [
            -0.013978220522403717,
            -0.6988714933395386,
            0.1229153648018837
        ],
        [
            0.05954420566558838,
            -0.8790185451507568,
            0.1093934029340744
        ],
        [
            -0.009887362830340862,
            -0.23475411534309387,
            0.061512380838394165
        ],
        [
            -0.015689458698034286,
            -0.6433460712432861,
            0.118186354637146
        ],
        [
            -0.03614913299679756,
            -0.46823346614837646,
            0.12804250419139862
        ],
        [
            0.029316360130906105,
            -0.7805233001708984,
            0.058682963252067566
        ],
        [
            0.059908341616392136,
            -0.8975551128387451,
            0.12131190299987793
        ]
    ],
    "pred_vertices": [
        [
            0.11008002609014511,
            -0.8803103566169739,
            0.035918500274419785
        ],
        [
            0.10011803358793259,
            -0.8701697587966919,
            0.02699892409145832
        ],
        [
            0.10855952650308609,
            -0.8617890477180481,
            0.03552193194627762
        ],
        [
            0.11609858274459839,
            -0.8679959774017334,
            0.0469479039311409
        ],
        [
            0.10148386657238007,
            -0.8556663990020752,
            0.028585251420736313
        ],
        [
            0.09352979063987732,
            -0.8617873191833496,
            0.021667882800102234
        ],
        [
            0.11152331531047821,
            -0.8520699739456177,
            0.04509814828634262
        ],
        [
            0.11760085821151733,
            -0.8547495603561401,
            0.056878555566072464
        ],
        [
            0.10167303681373596,
            -0.8156114816665649,
            0.051707327365875244
        ],
        [
            0.1023402065038681,
            -0.808405339717865,
            0.06090427562594414
        ],
        [
            0.10722718387842178,
            -0.8198796510696411,
            0.06095125526189804
        ],
        [
            0.1041240245103836,
            -0.8244966268539429,
            0.052024371922016144
        ],
        [
            0.09163820743560791,
            -0.791287899017334,
            0.05079218000173569
        ],
        [
            0.08420594036579132,
            -0.786070704460144,
            0.040474191308021545
        ],
        [
            0.08197985589504242,
            -0.7755644917488098,
            0.049017369747161865
        ],
        [
            0.08824621886014938,
            -0.780561089515686,
            0.05990986526012421
        ],
        [
            0.06149040162563324,
            -0.8144890069961548,
            0.016634153202176094
        ],
        [
            0.06445692479610443,
            -0.8060899972915649,
            0.016946297138929367
        ],
        [
            0.07017213106155396,
            -0.810738205909729,
            0.019173866137862206
        ],
        [
            0.06625381112098694,
            -0.8185737133026123,
            0.018984759226441383
        ],
        [
            0.056911639869213104,
            -0.8279520273208618,
            0.011605397798120975
        ],
        [
            0.05925104767084122,
            -0.8321571946144104,
            0.01598801463842392
        ],
        [
            0.056807540357112885,
            -0.8382010459899902,
            0.011198033578693867
        ],
        [
            0.0552205815911293,
            -0.833173930644989,
            0.005694792605936527
        ],
        [
            0.05467727780342102,
            -0.811626136302948,
            0.01518586277961731
        ],
        [
            0.05796609818935394,
            -0.8028051853179932,
            0.015958374366164207
        ],
        [
            0.05907191336154938,
            -0.8216589689254761,
            0.015774643048644066
        ],
        [
            0.05618719011545181,
            -0.8188971281051636,
            0.012748556211590767
        ],
        [
            0.05301307886838913,
            -0.8157612681388855,
            0.0008564165327697992
        ],
        [
            0.05583731085062027,
            -0.8192931413650513,
            0.003392512211576104
        ],
        [
            0.05399871617555618,
            -0.8227147459983826,
            -0.003497704863548279
        ],
        [
            0.05079007148742676,
            -0.8180111646652222,
            -0.003949945792555809
        ],
        [
            0.054110653698444366,
            -0.8128918409347534,
            0.010316535830497742
        ],
        [
            0.05598069727420807,
            -0.8157742619514465,
            0.008107559755444527
        ],
        [
            0.052749328315258026,
            -0.8136165738105774,
            0.0048492709174752235
        ],
        [
            0.05031538009643555,
            -0.8116443753242493,
            0.007485756650567055
        ],
        [
            0.05536731332540512,
            -0.8248350024223328,
            0.008056113496422768
        ],
        [
            0.0543508306145668,
            -0.8285946846008301,
            0.0011549184564501047
        ],
        [
            0.05232247710227966,
            -0.8325034976005554,
            -0.006090215407311916
        ],
        [
            0.05085079371929169,
            -0.8249392509460449,
            -0.010747985914349556
        ],
        [
            0.06922110170125961,
            -0.7884413599967957,
            0.022747080773115158
        ],
        [
            0.06755731254816055,
            -0.7974001169204712,
            0.018928535282611847
        ],
        [
            0.06109437346458435,
            -0.7947626113891602,
            0.017435282468795776
        ],
        [
            0.0632365271449089,
            -0.7874341011047363,
            0.020061764866113663
        ],
        [
            0.049983277916908264,
            -0.8077270984649658,
            0.01061681006103754
        ],
        [
            0.048162370920181274,
            -0.791701078414917,
            0.008671251125633717
        ],
        [
            0.04974236339330673,
            -0.7950698137283325,
            0.008900339715182781
        ],
        [
            0.044989973306655884,
            -0.7986810207366943,
            0.004384358413517475
        ],
        [
            0.0440964549779892,
            -0.7952266335487366,
            0.004371706396341324
        ],
        [
            0.06740811467170715,
            -0.7721803188323975,
            0.030042679980397224
        ],
        [
            0.06253152340650558,
            -0.7738040089607239,
            0.024603763595223427
        ],
        [
            0.060181401669979095,
            -0.7668097019195557,
            0.02629886195063591
        ],
        [
            0.06371733546257019,
            -0.7640917301177979,
            0.03279190510511398
        ],
        [
            0.05585422366857529,
            -0.7619993686676025,
            0.026175497099757195
        ],
        [
            0.05932240188121796,
            -0.7567168474197388,
            0.03478546068072319
        ],
        [
            0.04639611393213272,
            -0.7465406656265259,
            0.03187859058380127
        ],
        [
            0.052588313817977905,
            -0.7507985830307007,
            0.03344537690281868
        ],
        [
            0.050556398928165436,
            -0.7581343650817871,
            0.024504832923412323
        ],
        [
            0.04432060569524765,
            -0.755786657333374,
            0.020120196044445038
        ],
        [
            0.03612296283245087,
            -0.7658963203430176,
            0.010842311196029186
        ],
        [
            0.030701041221618652,
            -0.7670384049415588,
            0.007042805664241314
        ],
        [
            0.03054652363061905,
            -0.753502368927002,
            0.008357871323823929
        ],
        [
            0.03696019947528839,
            -0.7539333701133728,
            0.013501675799489021
        ],
        [
            0.04516599327325821,
            -0.7854977250099182,
            0.011982987634837627
        ],
        [
            0.04840148240327835,
            -0.7838127613067627,
            0.015370759181678295
        ],
        [
            0.04948581010103226,
            -0.7852931022644043,
            0.013277819380164146
        ],
        [
            0.04656820744276047,
            -0.7882587909698486,
            0.009667165577411652
        ],
        [
            0.05126366764307022,
            -0.7820225954055786,
            0.017574872821569443
        ],
        [
            0.05256146937608719,
            -0.7810225486755371,
            0.0184621661901474
        ],
        [
            0.052979037165641785,
            -0.7824289798736572,
            0.017412463203072548
        ],
        [
            0.05162502080202103,
            -0.782906174659729,
            0.017182985320687294
        ],
        [
            0.04979422688484192,
            -0.783411979675293,
            0.016278475522994995
        ],
        [
            0.048320017755031586,
            -0.7820338606834412,
            0.015470826998353004
        ],
        [
            0.050306536257267,
            -0.7816691398620605,
            0.016870154067873955
        ],
        [
            0.04520393908023834,
            -0.7829154133796692,
            0.012091538868844509
        ],
        [
            0.03424466401338577,
            -0.7864991426467896,
            0.0020436751656234264
        ],
        [
            0.037614479660987854,
            -0.7851489186286926,
            0.004063052125275135
        ],
        [
            0.03758884221315384,
            -0.7896884679794312,
            0.005419662222266197
        ],
        [
            0.03480124473571777,
            -0.7912205457687378,
            0.0037045679055154324
        ],
        [
            0.052592791616916656,
            -0.7854115962982178,
            0.01586672104895115
        ],
        [
            0.05515158921480179,
            -0.785414457321167,
            0.016707643866539
        ],
        [
            0.053149640560150146,
            -0.7897311449050903,
            0.013126451522111893
        ],
        [
            0.0510212704539299,
            -0.7876378297805786,
            0.013284035958349705
        ],
        [
            0.05836087465286255,
            -0.7860900163650513,
            0.017440544441342354
        ],
        [
            0.0553981214761734,
            -0.7826123237609863,
            0.01844528689980507
        ],
        [
            0.05850408971309662,
            -0.7821933031082153,
            0.019553953781723976
        ],
        [
            0.051498040556907654,
            -0.7796151638031006,
            0.018148574978113174
        ],
        [
            0.05316179245710373,
            -0.7767871618270874,
            0.019567854702472687
        ],
        [
            0.054736681282520294,
            -0.7790951728820801,
            0.019003385677933693
        ],
        [
            0.05026873201131821,
            -0.7746313810348511,
            0.01859774813055992
        ],
        [
            0.04876243323087692,
            -0.7789269685745239,
            0.01656109280884266
        ],
        [
            0.04527007043361664,
            -0.7788969874382019,
            0.013134872540831566
        ],
        [
            0.04106547683477402,
            -0.7794824838638306,
            0.008794187568128109
        ],
        [
            0.041230857372283936,
            -0.7736389636993408,
            0.011396002024412155
        ],
        [
            0.04613921791315079,
            -0.7735852599143982,
            0.015533782541751862
        ],
        [
            0.05642043054103851,
            -0.7926805019378662,
            0.014808579348027706
        ],
        [
            0.058120518922805786,
            -0.7766678333282471,
            0.021309614181518555
        ],
        [
            0.06349855661392212,
            -0.7813919186592102,
            0.02284785732626915
        ],
        [
            0.05615633726119995,
            -0.77215975522995,
            0.021799618378281593
        ],
        [
            0.05268467962741852,
            -0.7686967849731445,
            0.021365242078900337
        ],
        [
            0.047638483345508575,
            -0.7665542364120483,
            0.018871454522013664
        ],
        [
            0.04199322313070297,
            -0.7659887075424194,
            0.014959964901208878
        ],
        [
            0.02805454283952713,
            -0.7426654100418091,
            0.019216973334550858
        ],
        [
            0.03669482469558716,
            -0.7440953850746155,
            0.0246014054864645
        ],
        [
            0.08845439553260803,
            -0.8547887802124023,
            0.02258613146841526
        ],
        [
            0.09576739370822906,
            -0.850739598274231,
            0.026223989203572273
        ],
        [
            0.09258763492107391,
            -0.8427616953849792,
            0.029984183609485626
        ],
        [
            0.09497211873531342,
            -0.8439286947250366,
            0.030462823808193207
        ],
        [
            0.09127964079380035,
            -0.8478082418441772,
            0.026859983801841736
        ],
        [
            0.0895533338189125,
            -0.8454861640930176,
            0.027456432580947876
        ],
        [
            0.10018549114465714,
            -0.829336404800415,
            0.04590453952550888
        ],
        [
            0.09710122644901276,
            -0.8332265615463257,
            0.04091263934969902
        ],
        [
            0.09565828740596771,
            -0.8294299840927124,
            0.04194895178079605
        ],
        [
            0.09906880557537079,
            -0.8225113749504089,
            0.04585295915603638
        ],
        [
            0.08709712326526642,
            -0.8261351585388184,
            0.033218562602996826
        ],
        [
            0.09094101935625076,
            -0.8252976536750793,
            0.0371827706694603
        ],
        [
            0.09046369045972824,
            -0.8332326412200928,
            0.034803491085767746
        ],
        [
            0.08763185143470764,
            -0.8338911533355713,
            0.03192693740129471
        ],
        [
            0.08432566374540329,
            -0.8351607918739319,
            0.029462935402989388
        ],
        [
            0.08053910732269287,
            -0.8368405103683472,
            0.02763703465461731
        ],
        [
            0.0788053572177887,
            -0.831836462020874,
            0.027624189853668213
        ],
        [
            0.0829026848077774,
            -0.8288161158561707,
            0.029903141781687737
        ],
        [
            0.08589649945497513,
            -0.8514946103096008,
            0.02532019652426243
        ],
        [
            0.07881365716457367,
            -0.8534584045410156,
            0.024579204618930817
        ],
        [
            0.0789126381278038,
            -0.8502101302146912,
            0.02528746984899044
        ],
        [
            0.08485586941242218,
            -0.848533034324646,
            0.025438733398914337
        ],
        [
            0.06620260328054428,
            -0.8477026224136353,
            0.028258198872208595
        ],
        [
            0.06846606731414795,
            -0.84958815574646,
            0.027694743126630783
        ],
        [
            0.06583069264888763,
            -0.8523796200752258,
            0.026354823261499405
        ],
        [
            0.06315305083990097,
            -0.8484945297241211,
            0.026472752913832664
        ],
        [
            0.0641583576798439,
            -0.8449267745018005,
            0.02615910768508911
        ],
        [
            0.06679247319698334,
            -0.8457697033882141,
            0.027686510235071182
        ],
        [
            0.10913919657468796,
            -0.9033044576644897,
            0.03901480883359909
        ],
        [
            0.1002747118473053,
            -0.8906446695327759,
            0.028527522459626198
        ],
        [
            0.11927679181098938,
            -0.889886736869812,
            0.05168118700385094
        ],
        [
            0.1216176375746727,
            -0.8751413822174072,
            0.0628712922334671
        ],
        [
            0.12300265580415726,
            -0.8580254316329956,
            0.07070884853601456
        ],
        [
            0.07441823929548264,
            -0.772739052772522,
            0.03853246569633484
        ],
        [
            0.07131248712539673,
            -0.763359546661377,
            0.04384272173047066
        ],
        [
            0.07892175763845444,
            -0.7661082148551941,
            0.05758735164999962
        ],
        [
            0.0725315511226654,
            -0.7569371461868286,
            0.06119108945131302
        ],
        [
            0.06501007080078125,
            -0.754274845123291,
            0.04651658236980438
        ],
        [
            0.046460144221782684,
            -0.7410128116607666,
            0.045767348259687424
        ],
        [
            0.056559786200523376,
            -0.7464264631271362,
            0.04708321392536163
        ],
        [
            0.06372484564781189,
            -0.7487552165985107,
            0.06549599766731262
        ],
        [
            0.07246612012386322,
            -0.7564324140548706,
            0.08281903713941574
        ],
        [
            0.07949879765510559,
            -0.7627164125442505,
            0.07521525025367737
        ],
        [
            0.07962728291749954,
            -0.7683357000350952,
            0.09756803512573242
        ],
        [
            0.06444031000137329,
            -0.7497127056121826,
            0.09403276443481445
        ],
        [
            0.07550077885389328,
            -0.7673733234405518,
            0.10665024816989899
        ],
        [
            0.042197249829769135,
            -0.7221226692199707,
            0.08848754316568375
        ],
        [
            0.04136929661035538,
            -0.7130791544914246,
            0.09446476399898529
        ],
        [
            0.04829346388578415,
            -0.7172175645828247,
            0.1106681078672409
        ],
        [
            0.05118905007839203,
            -0.725550651550293,
            0.10460011661052704
        ],
        [
            0.08454570174217224,
            -0.7703521251678467,
            0.06851882487535477
        ],
        [
            0.11209604144096375,
            -0.8276957273483276,
            0.07035315036773682
        ],
        [
            0.1098451316356659,
            -0.8306093215942383,
            0.05840517580509186
        ],
        [
            0.10805869847536087,
            -0.8151549100875854,
            0.07262173295021057
        ],
        [
            0.13373029232025146,
            -0.8799332976341248,
            0.09738809615373611
        ],
        [
            0.1288333535194397,
            -0.8795957565307617,
            0.07900571078062057
        ],
        [
            0.12936186790466309,
            -0.862162709236145,
            0.08442790806293488
        ],
        [
            0.13340213894844055,
            -0.86476731300354,
            0.10105198621749878
        ],
        [
            0.12178420275449753,
            -0.9233020544052124,
            0.09027599543333054
        ],
        [
            0.11837741732597351,
            -0.9152558445930481,
            0.0636824443936348
        ],
        [
            0.12408284842967987,
            -0.8994667530059814,
            0.07108549028635025
        ],
        [
            0.12846967577934265,
            -0.9044487476348877,
            0.09266496449708939
        ],
        [
            0.13321125507354736,
            -0.8635799884796143,
            0.1143856793642044
        ],
        [
            0.13216650485992432,
            -0.862663984298706,
            0.13379032909870148
        ],
        [
            0.13342976570129395,
            -0.8781970739364624,
            0.14184321463108063
        ],
        [
            0.1353245973587036,
            -0.881585955619812,
            0.11906532198190689
        ],
        [
            0.128108948469162,
            -0.9004957675933838,
            0.14956995844841003
        ],
        [
            0.13033142685890198,
            -0.9049656391143799,
            0.12256059050559998
        ],
        [
            0.06640452146530151,
            -0.7559324502944946,
            0.11641062796115875
        ],
        [
            0.07454186677932739,
            -0.771830677986145,
            0.12047217041254044
        ],
        [
            0.05543430149555206,
            -0.7369191646575928,
            0.09727207571268082
        ],
        [
            0.059543319046497345,
            -0.7426007986068726,
            0.11601332575082779
        ],
        [
            0.11575780063867569,
            -0.9205886125564575,
            0.15434210002422333
        ],
        [
            0.12020173668861389,
            -0.9268072843551636,
            0.12290674448013306
        ],
        [
            0.10622097551822662,
            -0.8420170545578003,
            0.1785958856344223
        ],
        [
            0.11728818714618683,
            -0.857933759689331,
            0.17314797639846802
        ],
        [
            0.11988316476345062,
            -0.8456506729125977,
            0.1562526673078537
        ],
        [
            0.11022328585386276,
            -0.8323935270309448,
            0.1638210117816925
        ],
        [
            0.09888841211795807,
            -0.8535889387130737,
