{
    "pred_cam": [
        2.0693483352661133,
        0.14671684801578522,
        0.44442319869995117
    ],
    "pred_smpl_params": {
        "global_orient": [
            [
                [
                    -0.8288301229476929,
                    -0.17274215817451477,
                    -0.5321662425994873
                ],
                [
                    0.32152611017227173,
                    -0.9254605174064636,
                    -0.20035934448242188
                ],
                [
                    -0.45788827538490295,
                    -0.33716917037963867,
                    0.8225906491279602
                ]
            ]
        ],
        "body_pose": [
            [
                [
                    0.9972643852233887,
                    -0.01885659620165825,
                    -0.07147067785263062
                ],
                [
                    0.05975400283932686,
                    0.7748216390609741,
                    0.6293495297431946
                ],
                [
                    0.04350963234901428,
                    -0.6318986415863037,
                    0.7738288044929504
                ]
            ],
            [
                [
                    0.9987320303916931,
                    0.04657519608736038,
                    -0.01910703256726265
                ],
                [
                    -0.03241926059126854,
                    0.8854044079780579,
                    0.46368953585624695
                ],
                [
                    0.03851388022303581,
                    -0.46248215436935425,
                    0.8857916593551636
                ]
            ],
            [
                [
                    0.9947100877761841,
                    0.064641073346138,
                    0.0798339918255806
                ],
                [
                    -0.014407972805202007,
                    0.8572938442230225,
                    -0.5146259069442749
                ],
                [
                    -0.10170714557170868,
                    0.5107532739639282,
                    0.8536902070045471
                ]
            ],
            [
                [
                    0.9958533644676208,
                    0.09076447039842606,
                    -0.006161657627671957
                ],
                [
                    -0.0731441080570221,
                    0.7585707902908325,
                    -0.6474722623825073
                ],
                [
                    -0.05409344658255577,
                    0.6452381014823914,
                    0.7620641589164734
                ]
            ],
            [
                [
                    0.9910261034965515,
                    -0.1323268562555313,
                    0.01889181137084961
                ],
                [
                    0.11618265509605408,
                    0.7828502655029297,
                    -0.6112669110298157
                ],
                [
                    0.06609755754470825,
                    0.6079763174057007,
                    0.7911991477012634
                ]
            ],
            [
                [
                    0.9977254271507263,
                    0.018906814977526665,
                    0.06470281630754471
                ],
                [
                    -0.018712131306529045,
                    0.9998183846473694,
                    -0.0036135967820882797
                ],
                [
                    -0.06475938856601715,
                    0.002394649898633361,
                    0.9978979825973511
                ]
            ],
            [
                [
                    0.985351026058197,
                    0.06305187195539474,
                    0.15845444798469543
                ],
                [
                    -0.06594335287809372,
                    0.9977380037307739,
                    0.013051730580627918
                ],
                [
                    -0.1572730839252472,
                    -0.023309553042054176,
                    0.987280011177063
                ]
            ],
            [
                [
                    0.9900141954421997,
                    0.020338864997029305,
                    -0.1394932121038437
                ],
                [
                    -0.010688520036637783,
                    0.99751877784729,
                    0.06958483904600143
                ],
                [
                    0.14056237041950226,
                    -0.06739899516105652,
                    0.9877751469612122
                ]
            ],
            [
                [
                    0.9991982579231262,
                    0.006808253470808268,
                    0.03945343196392059
                ],
                [
                    -0.004528428893536329,
                    0.9983301162719727,
                    -0.05758901312947273
                ],
                [
                    -0.039779625833034515,
                    0.05736417695879936,
                    0.9975605607032776
                ]
            ],
            [
                [
                    0.9885862469673157,
                    -0.13002896308898926,
                    0.0760902687907219
                ],
                [
                    0.12715084850788116,
                    0.9910131096839905,
                    0.041540857404470444
                ],
                [
                    -0.08080797642469406,
                    -0.031391777098178864,
                    0.9962352514266968
                ]
            ],
            [
                [
                    0.9976586699485779,
                    0.04555431008338928,
                    -0.051007770001888275
                ],
                [
                    -0.040589526295661926,
                    0.9947004914283752,
                    0.0944637730717659
                ],
                [
                    0.05504068732261658,
                    -0.09217223525047302,
                    0.9942206144332886
                ]
            ],
            [
                [
                    0.9971640110015869,
                    -0.03464633598923683,
                    0.06681014597415924
                ],
                [
                    0.03795616328716278,
                    0.9980810284614563,
                    -0.0489247590303421
                ],
                [
                    -0.06498686969280243,
                    0.05132186412811279,
                    0.9965655207633972
                ]
            ],
            [
                [
                    0.9162558317184448,
                    0.04997950419783592,
                    -0.39746367931365967
                ],
                [
                    -0.028369026258587837,
                    0.9977909326553345,
                    0.060070425271987915
                ],
                [
                    0.3995879292488098,
                    -0.04376421496272087,
                    0.9156496524810791
                ]
            ],
            [
                [
                    0.8383042216300964,
                    -0.07576082646846771,
                    0.5399133563041687
                ],
                [
                    0.03702353313565254,
                    0.9959227442741394,
                    0.08226311206817627
                ],
                [
                    -0.5439442992210388,
                    -0.048972006887197495,
                    0.8376911878585815
                ]
            ],
            [
                [
                    0.999890923500061,
                    -0.013855327852070332,
                    -0.005118818022310734
                ],
                [
                    0.013768890872597694,
                    0.9997681975364685,
                    -0.016550688073039055
                ],
                [
                    0.005346946883946657,
                    0.0164784025400877,
                    0.9998499155044556
                ]
            ],
            [
                [
                    0.612403929233551,
                    0.715869128704071,
                    -0.33539947867393494
                ],
                [
                    -0.7118236422538757,
                    0.6838962435722351,
                    0.15997812151908875
                ],
                [
                    0.3439018428325653,
                    0.14077407121658325,
                    0.9283933043479919
                ]
            ],
            [
                [
                    0.38028624653816223,
                    -0.7200313210487366,
                    0.5804630517959595
                ],
                [
                    0.7072927951812744,
                    0.6308037042617798,
                    0.31909820437431335
                ],
                [
                    -0.5959188938140869,
                    0.28920865058898926,
                    0.7491589784622192
                ]
            ],
            [
                [
                    0.6561998128890991,
                    -0.20859766006469727,
                    -0.7251819372177124
                ],
                [
                    0.2060893177986145,
                    0.9740371704101562,
                    -0.0936952605843544
                ],
                [
                    0.7258987426757812,
                    -0.08796942234039307,
                    0.6821527481079102
                ]
            ],
            [
                [
                    0.6124482154846191,
                    0.18834610283374786,
                    0.7677453756332397
                ],
                [
                    -0.12120312452316284,
                    0.98209148645401,
                    -0.1442437320947647
                ],
                [
                    -0.7811638712882996,
                    -0.004711308050900698,
                    0.6243082880973816
                ]
            ],
            [
                [
                    0.9818731546401978,
                    -0.1886991709470749,
                    0.017822401598095894
                ],
                [
                    0.18857550621032715,
                    0.9820228219032288,
                    0.008394463919103146
                ],
                [
                    -0.01908603124320507,
                    -0.004881430417299271,
                    0.9998058676719666
                ]
            ],
            [
                [
                    0.9823047518730164,
                    0.18719257414340973,
                    0.0060288491658866405
                ],
                [
                    -0.18722306191921234,
                    0.9823048710823059,
                    0.00495887128636241
                ],
                [
                    -0.004993904381990433,
                    -0.005999862216413021,
                    0.999969482421875
                ]
            ],
            [
                [
                    0.981099545955658,
                    0.16528654098510742,
                    -0.10061880946159363
                ],
                [
                    -0.14558610320091248,
                    0.97304368019104,
                    0.1788591891527176
                ],
                [
                    0.1274695247411728,
                    -0.16082996129989624,
                    0.9787161350250244
                ]
            ],
            [
                [
                    0.9851041436195374,
                    -0.16125893592834473,
                    0.059711258858442307
                ],
                [
                    0.14820259809494019,
                    0.972290575504303,
                    0.180795818567276
                ],
                [
                    -0.08721162378787994,
                    -0.16925333440303802,
                    0.981706440448761
                ]
            ]
        ],
        "betas": [
            0.01084098219871521,
            -0.031403541564941406,
            -0.03777170181274414,
            0.12452143430709839,
            0.07320758700370789,
            0.06766682863235474,
            0.05080538988113403,
            -0.02653878927230835,
            -0.000505402684211731,
            0.03862220048904419
        ]
    },
    "pred_cam_t": [
        0.14671684801578522,
        0.44442319869995117,
        18.8767147064209
    ],
    "focal_length": [
        5000.0,
        5000.0
    ],
    "pred_keypoints_3d": [
        [
            -0.3406416177749634,
            -0.7033919095993042,
            0.13692334294319153
        ],
        [
            -0.20195819437503815,
            -0.6734578609466553,
            0.004562102258205414
        ],
        [
            -0.07099828124046326,
            -0.653690755367279,
            0.1364983469247818
        ],
        [
            -0.05844883620738983,
            -0.42308151721954346,
            0.2437552660703659
        ],
        [
            -0.26458099484443665,
            -0.2827523946762085,
            0.2983117401599884
        ],
        [
            -0.30634474754333496,
            -0.546087384223938,
            -0.0830177515745163
        ],
        [
            -0.3435153067111969,
            -0.2876600921154022,
            -0.07930733263492584
        ],
        [
            -0.43036288022994995,
            -0.16173256933689117,
            0.11766132712364197
        ],
        [
            -0.0019331371877342463,
            -0.22470057010650635,
            0.02804117277264595
        ],
        [
            0.07193822413682938,
            -0.1617346704006195,
            0.0858098715543747
        ],
        [
            0.0879480317234993,
            0.10223028063774109,
            0.3638473153114319
        ],
        [
            0.162314772605896,
            0.4949890673160553,
            0.37512874603271484
        ],
        [
            -0.039873965084552765,
            -0.11646896600723267,
            0.021552251651883125
        ],
        [
            -0.1490079164505005,
            0.11881804466247559,
            0.2935221493244171
        ],
        [
            -0.03264416754245758,
            0.48774248361587524,
            0.3933947682380676
        ],
        [
            -0.3157075047492981,
            -0.7594205141067505,
            0.13830474019050598
        ],
        [
            -0.3639429807662964,
            -0.741386890411377,
            0.09530122578144073
        ],
        [
            -0.22654291987419128,
            -0.792671799659729,
            0.09335630387067795
        ],
        [
            -0.33533167839050293,
            -0.75372713804245,
            -0.0036772042512893677
        ],
        [
            -0.13706636428833008,
            0.5097699761390686,
            0.5651107430458069
        ],
        [
            -0.15513260662555695,
            0.5478507876396179,
            0.4933452904224396
        ],
        [
            0.006175592541694641,
            0.5320611596107483,
            0.35578685998916626
        ],
        [
            0.08990909159183502,
            0.5170280337333679,
            0.5611761212348938
        ],
        [
            0.17573437094688416,
            0.515425980091095,
            0.5442733764648438
        ],
        [
            0.19554351270198822,
            0.5438198447227478,
            0.3326413035392761
        ],
        [
            0.18455293774604797,
            0.44296538829803467,
            0.3521599769592285
        ],
        [
            0.08337608724832535,
            0.05119159445166588,
            0.32757285237312317
        ],
        [
            0.12696945667266846,
            -0.2974560856819153,
            0.06994916498661041
        ],
        [
            -0.10711896419525146,
            -0.18358482420444489,
            -0.07582925260066986
        ],
        [
            -0.1540302038192749,
            0.09196330606937408,
            0.2638910412788391
        ],
        [
            -0.032833024859428406,
            0.46337205171585083,
            0.3583027124404907
        ],
        [
            -0.2705996334552765,
            -0.31373998522758484,
            0.280805379152298
        ],
        [
            -0.07716072350740433,
            -0.45151257514953613,
            0.26377665996551514
        ],
        [
            -0.09584307670593262,
            -0.6677845120429993,
            0.1074705645442009
        ],
        [
            -0.29424357414245605,
            -0.578199565410614,
            -0.08081505447626114
        ],
        [
            -0.3804836571216583,
            -0.32006579637527466,
            -0.06687325984239578
        ],
        [
            -0.43631434440612793,
            -0.18168041110038757,
            0.11519760638475418
        ],
        [
            -0.21287453174591064,
            -0.6683241128921509,
            0.014507099986076355
        ],
        [
            -0.31659188866615295,
            -0.8133343458175659,
            0.061166912317276
        ],
        [
            0.010048512369394302,
            -0.24072253704071045,
            -0.003573053050786257
        ],
        [
            -0.19074925780296326,
            -0.6202796697616577,
            0.013802193105220795
        ],
        [
            -0.07574239373207092,
            -0.4726428687572479,
            -0.02693800814449787
        ],
        [
            -0.2903403639793396,
            -0.7034130692481995,
            0.07244279980659485
        ],
        [
            -0.3162883222103119,
            -0.8351360559463501,
            0.058912403881549835
        ]
    ],
    "pred_vertices": [
        [
            -0.3923161029815674,
            -0.7814947366714478,
            0.09296940267086029
        ],
        [
            -0.3854610323905945,
            -0.7675497531890869,
            0.10019990801811218
        ],
        [
            -0.3872112035751343,
            -0.7647719383239746,
            0.08602443337440491
        ],
        [
            -0.39065319299697876,
            -0.7759625911712646,
            0.07654869556427002
        ],
        [
            -0.3834804892539978,
            -0.7552746534347534,
            0.0920947790145874
        ],
        [
            -0.38089418411254883,
            -0.7571252584457397,
            0.10357968509197235
        ],
        [
            -0.3837259113788605,
            -0.760817289352417,
            0.07327958196401596
        ],
        [
            -0.38456839323043823,
            -0.7693442702293396,
            0.0627441257238388
        ],
        [
            -0.3654666543006897,
            -0.7305271029472351,
            0.05755062773823738
        ],
        [
            -0.3612159490585327,
            -0.7286513447761536,
            0.047354768961668015
        ],
        [
            -0.3674049973487854,
            -0.7393615245819092,
            0.050010330975055695
        ],
        [
            -0.3691280484199524,
            -0.7389949560165405,
            0.06002866104245186
        ],
        [
            -0.35201531648635864,
            -0.7083739042282104,
            0.053065430372953415
        ],
        [
            -0.34874609112739563,
            -0.6986159682273865,
            0.062273602932691574
        ],
        [
            -0.34099438786506653,
            -0.6932592391967773,
            0.052511945366859436
        ],
        [
            -0.34296903014183044,
            -0.7031283974647522,
            0.043153874576091766
        ],
        [
            -0.3449068069458008,
            -0.7119175791740417,
            0.10279351472854614
        ],
        [
            -0.3454693555831909,
            -0.7048158645629883,
            0.09777316451072693
        ],
        [
            -0.35054537653923035,
            -0.7101460695266724,
            0.09516208618879318
        ],
        [
            -0.3489663004875183,
            -0.7168099880218506,
            0.1003190129995346
        ],
        [
            -0.34592750668525696,
            -0.7214415669441223,
            0.11428534239530563
        ],
        [
            -0.3470700979232788,
            -0.7272605895996094,
            0.11147087812423706
        ],
        [
            -0.34842371940612793,
            -0.7301921844482422,
            0.11887355893850327
        ],
        [
            -0.3481616675853729,
            -0.7231770157814026,
            0.12178702652454376
        ],
        [
            -0.33900827169418335,
            -0.7084178924560547,
            0.10620997101068497
        ],
        [
            -0.33937764167785645,
            -0.7011730670928955,
            0.10051630437374115
        ],
        [
            -0.3447362184524536,
            -0.7177971005439758,
            0.10755004733800888
        ],
        [
            -0.3428646922111511,
            -0.7138745784759521,
            0.11020493507385254
        ],
        [
            -0.34419959783554077,
            -0.70573490858078,
            0.11943470686674118
        ],
        [
            -0.3464522361755371,
            -0.7100772857666016,
            0.11768051981925964
        ],
        [
            -0.34861281514167786,
            -0.7096729278564453,
            0.12515437602996826
        ],
        [
            -0.34485822916030884,
            -0.7052372694015503,
            0.12502315640449524
        ],
        [
            -0.34072819352149963,
            -0.7074915766716003,
            0.11056779325008392
        ],
        [
            -0.343904048204422,
            -0.7091183662414551,
            0.11251214891672134
        ],
        [
            -0.3419436514377594,
            -0.7056505680084229,
            0.11558769643306732
        ],
        [
            -0.338276743888855,
            -0.7049371600151062,
            0.11399289965629578
        ],
        [
            -0.34547844529151917,
            -0.7169195413589478,
            0.11651790142059326
        ],
        [
            -0.34837454557418823,
            -0.7169416546821594,
            0.1238485723733902
        ],
        [
            -0.3503914475440979,
            -0.7168401479721069,
            0.1318809539079666
        ],
        [
            -0.3493123948574066,
            -0.7081648111343384,
            0.13307788968086243
        ],
        [
            -0.3433654010295868,
            -0.6919334530830383,
            0.08417224884033203
        ],
        [
            -0.3455275297164917,
            -0.6980637311935425,
            0.09137852489948273
        ],
        [
            -0.33991003036499023,
            -0.6946832537651062,
            0.09466712176799774
        ],
        [
            -0.339163601398468,
            -0.6893842220306396,
            0.0887179970741272
        ],
        [
            -0.3358027935028076,
            -0.7028806209564209,
            0.11026318371295929
        ],
        [
            -0.3312532901763916,
            -0.6876900792121887,
            0.10616917908191681
        ],
        [
            -0.33334511518478394,
            -0.6908894777297974,
            0.10655231773853302
        ],
        [
            -0.3318256437778473,
            -0.6919373273849487,
            0.11367771774530411
        ],
        [
            -0.33021894097328186,
            -0.688793420791626,
            0.11277030408382416
        ],
        [
            -0.3354344964027405,
            -0.6806833148002625,
            0.07280384004116058
        ],
        [
            -0.33375415205955505,
            -0.6793515682220459,
            0.07998663932085037
        ],
        [
            -0.32943195104599,
            -0.6739885807037354,
            0.07702958583831787
        ],
        [
            -0.32935237884521484,
            -0.6746538877487183,
            0.06936846673488617
        ],
        [
            -0.3244413137435913,
            -0.6694668531417847,
            0.07763689756393433
        ],
        [
            -0.32292649149894714,
            -0.668789267539978,
            0.06747663021087646
        ],
        [
            -0.3098664879798889,
            -0.657990038394928,
            0.0723085105419159
        ],
        [
            -0.3159862756729126,
            -0.6627249717712402,
            0.06959076225757599
        ],
        [
            -0.31934434175491333,
            -0.6650986075401306,
            0.08010385930538177
        ],
        [
            -0.31491950154304504,
            -0.6607811450958252,
            0.08556237816810608
        ],
        [
            -0.3138812780380249,
            -0.6655404567718506,
            0.1000923365354538
        ],
        [
            -0.31085172295570374,
            -0.6649110913276672,
            0.1060371845960617
        ],
        [
            -0.3070528209209442,
            -0.653373122215271,
            0.09999130666255951
        ],
        [
            -0.31071019172668457,
            -0.6559957265853882,
            0.09338393807411194
        ],
        [
            -0.3258334994316101,
            -0.6834942698478699,
            0.1026819497346878
        ],
        [
            -0.32697629928588867,
            -0.6835349798202515,
            0.0979270339012146
        ],
        [
            -0.3292076289653778,
            -0.6839465498924255,
            0.09953244030475616
        ],
        [
            -0.32873374223709106,
            -0.684909462928772,
            0.10481736063957214
        ],
        [
            -0.3283792734146118,
            -0.6829134225845337,
            0.09408894181251526
        ],
        [
            -0.32900169491767883,
            -0.6824619770050049,
            0.09239883720874786
        ],
        [
            -0.3301345705986023,
            -0.6832456588745117,
            0.09354910254478455
        ],
        [
            -0.3291373550891876,
            -0.6834536194801331,
            0.09456263482570648
        ],
        [
            -0.3279193043708801,
            -0.6834782958030701,
            0.09633901715278625
        ],
        [
            -0.32652148604393005,
            -0.6819173097610474,
            0.0971427708864212
        ],
        [
            -0.3276500701904297,
            -0.682292103767395,
            0.09499473869800568
        ],
        [
            -0.32532578706741333,
            -0.681096076965332,
            0.10153354704380035
        ],
        [
            -0.3204302489757538,
            -0.6799328327178955,
            0.11578330397605896
        ],
        [
            -0.32232382893562317,
            -0.679435670375824,
            0.11215212941169739
        ],
        [
            -0.32269155979156494,
            -0.6841710805892944,
            0.11288336664438248
        ],
        [
            -0.32123002409935,
            -0.6849648952484131,
            0.11598719656467438
        ],
        [
            -0.33103883266448975,
            -0.6852034330368042,
            0.09609366953372955
        ],
        [
            -0.3329773545265198,
            -0.6857321262359619,
            0.09430301189422607
        ],
        [
            -0.3335728943347931,
            -0.6879858374595642,
            0.09968622028827667
        ],
        [
            -0.3311057984828949,
            -0.6860960721969604,
            0.09975310415029526
        ],
        [
            -0.33578646183013916,
            -0.6867580413818359,
            0.09243376553058624
        ],
        [
            -0.33193424344062805,
            -0.6839953064918518,
            0.0916881263256073
        ],
        [
            -0.33407914638519287,
            -0.6843217015266418,
            0.08914855867624283
        ],
        [
            -0.3277972340583801,
            -0.6810891032218933,
            0.09260432422161102
        ],
        [
            -0.32815831899642944,
            -0.6793172359466553,
            0.08953888714313507
        ],
        [
            -0.3303603231906891,
            -0.6811251640319824,
            0.0901162326335907
        ],
        [
            -0.32529914379119873,
            -0.6769825220108032,
            0.09087623655796051
        ],
        [
            -0.32571011781692505,
            -0.6797583103179932,
            0.09487596899271011
        ],
        [
            -0.3239433169364929,
            -0.6781066656112671,
            0.09910440444946289
        ],
        [
            -0.3221164345741272,
            -0.676602840423584,
            0.10461724549531937
        ],
        [
            -0.3197728395462036,
            -0.6727198362350464,
            0.10023075342178345
        ],
        [
            -0.3225160837173462,
            -0.6745866537094116,
            0.09477971494197845
        ],
        [
            -0.33635327219963074,
            -0.6915490627288818,
            0.09806455671787262
        ],
        [
            -0.3319057822227478,
            -0.6801700592041016,
            0.08578565716743469
        ],
        [
            -0.33697256445884705,
            -0.6851581931114197,
            0.0840400755405426
        ],
        [
            -0.32897353172302246,
            -0.6763589382171631,
            0.08458106964826584
        ],
        [
            -0.3251565992832184,
            -0.6730719804763794,
            0.08532030880451202
        ],
        [
            -0.3208492398262024,
            -0.6699531078338623,
            0.08889186382293701
        ],
        [
            -0.31736254692077637,
            -0.6675046682357788,
            0.09423106908798218
        ],
        [
            -0.29760706424713135,
            -0.6489484310150146,
            0.08891797065734863
        ],
        [
            -0.30343157052993774,
            -0.652489185333252,
            0.08150097727775574
        ],
        [
            -0.3743438720703125,
            -0.7515321969985962,
            0.10214866697788239
        ],
        [
            -0.3784559667110443,
            -0.7495248317718506,
            0.09427067637443542
        ],
        [
            -0.3725421130657196,
            -0.7439111471176147,
            0.08962211012840271
        ],
        [
            -0.37462082505226135,
            -0.7452608942985535,
            0.08858932554721832
        ],
        [
            -0.37354910373687744,
            -0.747233510017395,
            0.09462811052799225
        ],
        [
            -0.37160056829452515,
            -0.7447455525398254,
            0.09422323107719421
        ],
        [
            -0.3694465756416321,
            -0.7400339841842651,
            0.06840474158525467
        ],
        [
            -0.3697485625743866,
            -0.7409343123435974,
            0.07522514462471008
        ],
        [
            -0.36706632375717163,
            -0.7381061911582947,
            0.07359513640403748
        ],
        [
            -0.366977334022522,
            -0.7339566349983215,
            0.06618109345436096
        ],
        [
            -0.3624340891838074,
            -0.7308972477912903,
            0.08278316259384155
        ],
        [
            -0.36398547887802124,
            -0.7320848703384399,
            0.07771222293376923
        ],
        [
            -0.3663688898086548,
            -0.7378279566764832,
            0.08301310986280441
        ],
        [
            -0.36525601148605347,
            -0.7369452714920044,
            0.08669227361679077
        ],
        [
            -0.36358898878097534,
            -0.7368795871734619,
            0.09055087715387344
        ],
        [
            -0.36131882667541504,
            -0.7374802231788635,
            0.09435982257127762
        ],
        [
            -0.3588311970233917,
            -0.7330302000045776,
            0.09302213788032532
        ],
        [
            -0.3607729971408844,
            -0.731553316116333,
            0.08821646869182587
        ],
        [
            -0.37050050497055054,
            -0.7493310570716858,
            0.10010211169719696
        ],
        [
            -0.3648260831832886,
            -0.750460684299469,
            0.1047884076833725
        ],
        [
            -0.3641229569911957,
            -0.7478467226028442,
            0.10293250530958176
        ],
        [
            -0.36901605129241943,
            -0.74637770652771,
            0.09934782981872559
        ],
        [
            -0.35108107328414917,
            -0.7468481063842773,
            0.10533255338668823
        ],
        [
            -0.35369816422462463,
            -0.7481942176818848,
            0.10564647614955902
        ],
        [
            -0.3526455760002136,
            -0.7499362230300903,
            0.10909827053546906
        ],
        [
            -0.34943169355392456,
            -0.7465964555740356,
            0.1084609180688858
        ],
        [
            -0.3497258424758911,
            -0.743388295173645,
            0.10656540095806122
        ],
        [
            -0.35146376490592957,
            -0.7449051141738892,
            0.10455973446369171
        ],
        [
            -0.3950258195400238,
            -0.8027997016906738,
            0.10037600249052048
        ],
        [
            -0.3892010450363159,
            -0.7864612936973572,
            0.10796868801116943
        ],
        [
            -0.3959367275238037,
            -0.7972179651260376,
            0.0808260440826416
        ],
        [
            -0.39102208614349365,
            -0.7898309230804443,
            0.06439580023288727
        ],
        [
            -0.38480809330940247,
            -0.7791340351104736,
            0.05101578310132027
        ],
        [
            -0.3381926417350769,
            -0.6854437589645386,
            0.06308373808860779
        ],
        [
            -0.3312145173549652,
            -0.6795576810836792,
            0.05683290958404541
        ],
        [
            -0.33273744583129883,
            -0.6887556314468384,
            0.04354451969265938
        ],
        [
            -0.3238212466239929,
            -0.6817042827606201,
            0.040254998952150345
        ],
        [
            -0.32267314195632935,
            -0.6722403168678284,
            0.0545354001224041
        ],
        [
            -0.30296698212623596,
            -0.6594815850257874,
            0.06001756340265274
        ],
        [
            -0.31316491961479187,
            -0.6650224924087524,
            0.05562311410903931
        ],
        [
            -0.31270337104797363,
            -0.6756678223609924,
            0.03863954544067383
        ],
        [
            -0.3150455355644226,
            -0.6906037926673889,
            0.023231711238622665
        ],
        [
            -0.325050413608551,
            -0.6939018964767456,
            0.0280446894466877
        ],
        [
            -0.3176102042198181,
            -0.708395779132843,
            0.013116560876369476
        ],
        [
            -0.3016704022884369,
            -0.6888978481292725,
            0.01696861907839775
        ],
        [
            -0.3103073239326477,
            -0.7113919258117676,
            0.008213067427277565
        ],
        [
            -0.2762688100337982,
            -0.6600585579872131,
            0.026971153914928436
        ],
        [
            -0.2703414857387543,
            -0.6521989703178406,
            0.02175159752368927
        ],
        [
            -0.2740715444087982,
            -0.6608538627624512,
            0.004945863038301468
        ],
        [
            -0.28041785955429077,
            -0.6685128211975098,
            0.009964415803551674
        ],
        [
            -0.33415496349334717,
            -0.6979434490203857,
            0.03388567641377449
        ],
        [
            -0.369454562664032,
            -0.7511142492294312,
            0.0442839115858078
        ],
        [
            -0.3728584051132202,
            -0.7480307221412659,
            0.05532841756939888
        ],
        [
            -0.36246171593666077,
            -0.7404980659484863,
            0.03873350843787193
        ],
        [
            -0.3875013589859009,
            -0.8105352520942688,
            0.0351998433470726
        ],
        [
            -0.3918648064136505,
            -0.8011093139648438,
            0.050723377615213394
        ],
        [
            -0.3852459192276001,
            -0.7886789441108704,
            0.03959554806351662
        ],
        [
            -0.38242441415786743,
            -0.798940896987915,
            0.02622171677649021
        ],
        [
            -0.3895782232284546,
            -0.8447737693786621,
            0.06442144513130188
        ],
        [
            -0.3965606689453125,
            -0.8245707750320435,
            0.0830131471157074
        ],
        [
            -0.3950578570365906,
            -0.8147888779640198,
            0.06769774854183197
        ],
        [
            -0.3905908167362213,
            -0.8295981287956238,
            0.05142734944820404
        ],
        [
            -0.3766629099845886,
            -0.8040944337844849,
            0.015227165073156357
        ],
        [
            -0.36716359853744507,
            -0.812286376953125,
            0.0017120763659477234
        ],
        [
            -0.3675693869590759,
            -0.8295362591743469,
            0.001578010618686676
        ],
        [
            -0.3799645006656647,
            -0.8223336935043335,
            0.018863726407289505
        ],
        [
            -0.3649314343929291,
            -0.8528027534484863,
            0.007442682981491089
        ],
        [
            -0.37929290533065796,
            -0.8443387150764465,
            0.02843470126390457
        ],
        [
            -0.2963172197341919,
            -0.7041614651679993,
            0.0009891465306282043
        ],
        [
            -0.30488601326942444,
            -0.7214043140411377,
            -0.0002065412700176239
        ],
        [
            -0.28916096687316895,
            -0.6777956485748291,
            0.016248682513833046
        ],
        [
            -0.28805333375930786,
            -0.6899085640907288,
            0.00046923011541366577
        ],
        [
            -0.35644757747650146,
            -0.8727627992630005,
            0.017684683203697205
        ],
        [
            -0.3745895028114319,
            -0.8634917736053467,
            0.042096033692359924
        ],
        [
            -0.32212454080581665,
            -0.8147522211074829,
            -0.0296921469271183
        ],
        [
            -0.3366052508354187,
            -0.8261219263076782,
            -0.02321884036064148
        ],
        [
            -0.34360790252685547,
            -0.807387113571167,
            -0.01754499226808548
        ],
        [
            -0.329406201839447,
            -0.7990096807479858,
            -0.024368800222873688
        ],
        [
            -0.31054946780204773,
            -0.83148193359375,
            -0.03161872178316116
        ],
