{
    "pred_cam": [
        4.0233869552612305,
        -0.04619728773832321,
        0.7553532123565674
    ],
    "pred_smpl_params": {
        "global_orient": [
            [
                [
                    0.9528483748435974,
                    -0.06681115180253983,
                    0.29600027203559875
                ],
                [
                    0.05756219103932381,
                    -0.9179527163505554,
                    -0.3924911916255951
                ],
                [
                    0.2979370653629303,
                    0.39102306962013245,
                    -0.8708239793777466
                ]
            ]
        ],
        "body_pose": [
            [
                [
                    0.999864399433136,
                    -0.016185708343982697,
                    0.003041511168703437
                ],
                [
                    0.013159098103642464,
                    0.8962199687957764,
                    0.4434146285057068
                ],
                [
                    -0.009902847930788994,
                    -0.44331446290016174,
                    0.8963114023208618
                ]
            ],
            [
                [
                    0.9960667490959167,
                    0.07725275307893753,
                    0.043393295258283615
                ],
                [
                    -0.08837947994470596,
                    0.9011967778205872,
                    0.4243033826351166
                ],
                [
                    -0.0063272928819060326,
                    -0.4264695942401886,
                    0.9044796824455261
                ]
            ],
            [
                [
                    0.9984625577926636,
                    0.01910315826535225,
                    0.05203385651111603
                ],
                [
                    0.0011453316546976566,
                    0.9314252138137817,
                    -0.36393097043037415
                ],
                [
                    -0.055417876690626144,
                    0.36343106627464294,
                    0.9299713373184204
                ]
            ],
            [
                [
                    0.995844841003418,
                    0.09093426913022995,
                    0.004895876161754131
                ],
                [
                    -0.06055843457579613,
                    0.7014262676239014,
                    -0.7101646065711975
                ],
                [
                    -0.06801240146160126,
                    0.7069173455238342,
                    0.7040185928344727
                ]
            ],
            [
                [
                    0.9926888942718506,
                    -0.12013722211122513,
                    -0.011654997244477272
                ],
                [
                    0.07609006017446518,
                    0.6978240013122559,
                    -0.7122162580490112
                ],
                [
                    0.09369681775569916,
                    0.7061223387718201,
                    0.7018634080886841
                ]
            ],
            [
                [
                    0.9965376853942871,
                    0.028066975995898247,
                    0.07826202362775803
                ],
                [
                    -0.02353401854634285,
                    0.9980244636535645,
                    -0.058253008872270584
                ],
                [
                    -0.07974239438772202,
                    0.056209497153759,
                    0.9952295422554016
                ]
            ],
            [
                [
                    0.9702659845352173,
                    0.07713627815246582,
                    0.22942079603672028
                ],
                [
                    -0.09490703046321869,
                    0.9931987524032593,
                    0.06744562089443207
                ],
                [
                    -0.2226579338312149,
                    -0.08721384406089783,
                    0.9709877371788025
                ]
            ],
            [
                [
                    0.9851152896881104,
                    -0.014075785875320435,
                    -0.17131763696670532
                ],
                [
                    0.023455623537302017,
                    0.9983268976211548,
                    0.052850693464279175
                ],
                [
                    0.1702871024608612,
                    -0.05608239024877548,
                    0.9837972521781921
                ]
            ],
            [
                [
                    0.9978556632995605,
                    0.008970722556114197,
                    0.06483450531959534
                ],
                [
                    -0.010128991678357124,
                    0.9997944831848145,
                    0.017558347433805466
                ],
                [
                    -0.06466367840766907,
                    -0.01817740499973297,
                    0.9977414608001709
                ]
            ],
            [
                [
                    0.9797455668449402,
                    -0.19870537519454956,
                    -0.024794884026050568
                ],
                [
                    0.20010948181152344,
                    0.9761189818382263,
                    0.0845445916056633
                ],
                [
                    0.0074032945558428764,
                    -0.08779387921094894,
                    0.9961110949516296
                ]
            ],
            [
                [
                    0.9851071238517761,
                    0.1244526207447052,
                    -0.11863972246646881
                ],
                [
                    -0.10598152875900269,
                    0.9828374981880188,
                    0.1509910374879837
                ],
                [
                    0.13539481163024902,
                    -0.13616874814033508,
                    0.9813898801803589
                ]
            ],
            [
                [
                    0.9922779202461243,
                    0.08827599138021469,
                    -0.08713173121213913
                ],
                [
                    -0.09298492968082428,
                    0.9943324327468872,
                    -0.05154501274228096
                ],
                [
                    0.08208771049976349,
                    0.0592489130795002,
                    0.99486243724823
                ]
            ],
            [
                [
                    0.9318647384643555,
                    0.21731121838092804,
                    -0.2905234098434448
                ],
                [
                    -0.19464211165905,
                    0.975222647190094,
                    0.10514366626739502
                ],
                [
                    0.3061739206314087,
                    -0.041431594640016556,
                    0.9510735273361206
                ]
            ],
            [
                [
                    0.8490742444992065,
                    -0.3700687885284424,
                    0.37699082493782043
                ],
                [
                    0.3364139795303345,
                    0.9289951324462891,
                    0.15425212681293488
                ],
                [
                    -0.4073065221309662,
                    -0.0041465163230896,
                    0.9132821559906006
                ]
            ],
            [
                [
                    0.9816692471504211,
                    -0.05707373470067978,
                    -0.1818459928035736
                ],
                [
                    0.05361592397093773,
                    0.9982761144638062,
                    -0.023878632113337517
                ],
                [
                    0.18289534747600555,
                    0.013691079802811146,
                    0.983036994934082
                ]
            ],
            [
                [
                    0.5151244401931763,
                    0.7131011486053467,
                    -0.4755350351333618
                ],
                [
                    -0.7833257913589478,
                    0.6168831586837769,
                    0.07652413100004196
                ],
                [
                    0.3479190170764923,
                    0.33307936787605286,
                    0.876362144947052
                ]
            ],
            [
                [
                    0.43392544984817505,
                    -0.724996030330658,
                    0.534873366355896
                ],
                [
                    0.791314959526062,
                    0.5905194282531738,
                    0.15845349431037903
                ],
                [
                    -0.43073123693466187,
                    0.3544962406158447,
                    0.8299415707588196
                ]
            ],
            [
                [
                    -0.12622876465320587,
                    -0.3900255262851715,
                    -0.9121109843254089
                ],
                [
                    0.12635116279125214,
                    0.9056555032730103,
                    -0.40475112199783325
                ],
                [
                    0.9839215874671936,
                    -0.1663375198841095,
                    -0.06503959745168686
                ]
            ],
            [
                [
                    0.002412389498203993,
                    0.37665992975234985,
                    0.9263484477996826
                ],
                [
                    -0.037781693041324615,
                    0.9257240891456604,
                    -0.3763076663017273
                ],
                [
                    -0.9992831349372864,
                    -0.034091200679540634,
                    0.016464056447148323
                ]
            ],
            [
                [
                    0.9755802750587463,
                    -0.21954920887947083,
                    -0.0064278519712388515
                ],
                [
                    0.218277245759964,
                    0.9723562598228455,
                    -0.08293556421995163
                ],
                [
                    0.02445860207080841,
                    0.0795072466135025,
                    0.9965341687202454
                ]
            ],
            [
                [
                    0.9738867282867432,
                    0.22686371207237244,
                    0.008800223469734192
                ],
                [
                    -0.22555874288082123,
                    0.9712420701980591,
                    -0.0762372612953186
                ],
                [
                    -0.025842616334557533,
                    0.0722614973783493,
                    0.9970508813858032
                ]
            ],
            [
                [
                    0.9627220630645752,
                    0.23956720530986786,
                    -0.12559399008750916
                ],
                [
                    -0.21948161721229553,
                    0.9632347226142883,
                    0.15494099259376526
                ],
                [
                    0.15809527039527893,
                    -0.12159953266382217,
                    0.9799079298973083
                ]
            ],
            [
                [
                    0.9765059947967529,
                    -0.20883478224277496,
                    0.053141187876462936
                ],
                [
                    0.19726595282554626,
                    0.9655680656433105,
                    0.16960084438323975
                ],
                [
                    -0.0867299884557724,
                    -0.15513330698013306,
                    0.9840790033340454
                ]
            ]
        ],
        "betas": [
            -0.07585528492927551,
            -0.06526976823806763,
            0.03900575637817383,
            0.0784931480884552,
            -0.05450338125228882,
            -0.10331187397241592,
            0.1157793402671814,
            3.662705421447754e-05,
            -0.02312445640563965,
            -0.07446733117103577
        ]
    },
    "pred_cam_t": [
        -0.04619728773832321,
        0.7553532123565674,
        9.70885944366455
    ],
    "focal_length": [
        5000.0,
        5000.0
    ],
    "pred_keypoints_3d": [
        [
            0.07941879332065582,
            -0.8262448310852051,
            -0.020000530406832695
        ],
        [
            0.013026092201471329,
            -0.7111425399780273,
            0.12258021533489227
        ],
        [
            -0.13457880914211273,
            -0.632125198841095,
            0.005557551980018616
        ],
        [
            -0.08542933315038681,
            -0.4089868664741516,
            -0.10348406434059143
        ],
        [
            0.14420408010482788,
            -0.505621075630188,
            -0.15219400823116302
        ],
        [
            0.1695554405450821,
            -0.6107069849967957,
            0.18012958765029907
        ],
        [
            0.252353310585022,
            -0.37577250599861145,
            0.10755643248558044
        ],
        [
            0.21913765370845795,
            -0.497192919254303,
            -0.10586002469062805
        ],
        [
            -0.001802069484256208,
            -0.22327402234077454,
            0.028378471732139587
        ],
        [
            -0.061420757323503494,
            -0.14264334738254547,
            -0.023562952876091003
        ],
        [
            -0.057094134390354156,
            0.10777591168880463,
            -0.3120901584625244
        ],
        [
            -0.05526702478528023,
            0.505203902721405,
            -0.2906453013420105
        ],
        [
            0.06854043900966644,
            -0.13296660780906677,
            0.01909463480114937
        ],
        [
            0.17663779854774475,
            0.11435195803642273,
            -0.2403140515089035
        ],
        [
            0.10655122995376587,
            0.5056673288345337,
            -0.24795182049274445
        ],
        [
            0.044363923370838165,
            -0.8667535781860352,
            0.009776747785508633
        ],
        [
            0.10908539593219757,
            -0.8572659492492676,
            0.023577189072966576
        ],
        [
            -0.018805114552378654,
            -0.8498007655143738,
            0.09124071896076202
        ],
        [
            0.12544922530651093,
            -0.8281835317611694,
            0.12208014726638794
        ],
        [
            0.19350065290927887,
            0.5385503768920898,
            -0.4231698513031006
        ],
        [
            0.22870004177093506,
            0.5616694092750549,
            -0.35086682438850403
        ],
        [
            0.07824991643428802,
            0.5453763604164124,
            -0.2001415640115738
        ],
        [
            -0.02917332947254181,
            0.5295634269714355,
            -0.48767921328544617
        ],
        [
            -0.10430701076984406,
            0.5432328581809998,
            -0.44658926129341125
        ],
        [
            -0.06460270285606384,
            0.5552201867103577,
            -0.23909427225589752
        ],
        [
            -0.08186402916908264,
            0.4571375846862793,
            -0.26621586084365845
        ],
        [
            -0.05813749134540558,
            0.05875902622938156,
            -0.2758273482322693
        ],
        [
            -0.15070196986198425,
            -0.2548721730709076,
            0.012380012311041355
        ],
        [
            0.12917882204055786,
            -0.2167968899011612,
            0.1072724312543869
        ],
        [
            0.1805686354637146,
            0.08280504494905472,
            -0.21388059854507446
        ],
        [
            0.10828161239624023,
            0.473897784948349,
            -0.21858525276184082
        ],
        [
            0.12208633124828339,
            -0.5223063826560974,
            -0.1267557442188263
        ],
        [
            -0.08863804489374161,
            -0.44746488332748413,
            -0.12584726512432098
        ],
        [
            -0.10773883014917374,
            -0.660847008228302,
            0.034269120544195175
        ],
        [
            0.14481061697006226,
            -0.6375143527984619,
            0.1801666021347046
        ],
        [
            0.2783116102218628,
            -0.42078784108161926,
            0.10482151061296463
        ],
        [
            0.22127068042755127,
            -0.507355809211731,
            -0.08516708016395569
        ],
        [
            0.01940818689763546,
            -0.7017631530761719,
            0.1115712895989418
        ],
        [
            0.06728731840848923,
            -0.8922460079193115,
            0.09822886437177658
        ],
        [
            -0.01030457392334938,
            -0.2360668182373047,
            0.0601489320397377
        ],
        [
            0.015783298760652542,
            -0.6461359262466431,
            0.10540521144866943
        ],
        [
            -0.014965693466365337,
            -0.47133854031562805,
            0.1148906871676445
        ],
        [
            0.06518498063087463,
            -0.7886910438537598,
            0.05106775835156441
        ],
        [
            0.06206396967172623,
            -0.9109243154525757,
            0.10875216126441956
        ]
    ],
    "pred_vertices": [
        [
            0.1267087161540985,
            -0.901165783405304,
            0.0319741852581501
        ],
        [
            0.12057144194841385,
            -0.8888422250747681,
            0.022710150107741356
        ],
        [
            0.129174143075943,
            -0.8828780651092529,
            0.032791316509246826
        ],
        [
            0.1334240734577179,
            -0.8910776376724243,
            0.0446530357003212
        ],
        [
            0.1248646005988121,
            -0.8750851154327393,
            0.02539687231183052
        ],
        [
            0.1168176457285881,
            -0.8791465759277344,
            0.017177056521177292
        ],
        [
            0.13263586163520813,
            -0.8744149804115295,
            0.04328387975692749
        ],
        [
            0.13597844541072845,
            -0.8789860010147095,
            0.05566969886422157
        ],
        [
            0.1299475133419037,
            -0.8371292352676392,
            0.05088278651237488
        ],
        [
            0.13070723414421082,
            -0.8306896090507507,
            0.060480449348688126
        ],
        [
            0.13299234211444855,
            -0.8428940176963806,
            0.06039752811193466
        ],
        [
            0.1303841918706894,
            -0.8462659120559692,
            0.05089709535241127
        ],
        [
            0.125197172164917,
            -0.8111324310302734,
            0.05041144788265228
        ],
        [
            0.12042452394962311,
            -0.8040369749069214,
            0.03962356969714165
        ],
        [
            0.11923763900995255,
            -0.7935571670532227,
            0.04845334216952324
        ],
        [
            0.12279678881168365,
            -0.8002181649208069,
            0.05968347191810608
        ],
        [
            0.09632264077663422,
            -0.8259848356246948,
            0.01124359667301178
        ],
        [
            0.10077676177024841,
            -0.8184337019920349,
            0.01250050961971283
        ],
        [
            0.10503122210502625,
            -0.824302077293396,
            0.0151339927688241
        ],
        [
            0.09972717612981796,
            -0.8311145305633545,
            0.01390425767749548
        ],
        [
            0.08984126895666122,
            -0.8378790616989136,
            0.004842613823711872
        ],
        [
            0.09063082188367844,
            -0.842685341835022,
            0.009164227172732353
        ],
        [
            0.08769889175891876,
            -0.8478187322616577,
            0.0037509556859731674
        ],
        [
            0.0879424512386322,
            -0.8423303365707397,
            -0.0014957820530980825
        ],
        [
            0.09052903950214386,
            -0.8216583728790283,
            0.00911773182451725
        ],
        [
            0.0953078344464302,
            -0.8137755393981934,
            0.010941164568066597
        ],
        [
            0.09265156090259552,
            -0.8324407339096069,
            0.00961825717240572
        ],
        [
            0.09086020290851593,
            -0.82893967628479,
            0.006421839818358421
        ],
        [
            0.08990225940942764,
            -0.8247478008270264,
            -0.005246508866548538
        ],
        [
            0.09157924354076385,
            -0.828895628452301,
            -0.002687316620722413
        ],
        [
            0.09005481004714966,
            -0.8315178751945496,
            -0.00994145032018423
        ],
        [
            0.08799075335264206,
            -0.8262184858322144,
            -0.01043305080384016
        ],
        [
            0.090300053358078,
            -0.8226044178009033,
            0.004252742975950241
        ],
        [
            0.09178604930639267,
            -0.825716495513916,
            0.00216651801019907
        ],
        [
            0.08955082297325134,
            -0.8228076696395874,
            -0.0012567403027787805
        ],
        [
            0.08725400269031525,
            -0.8204804062843323,
            0.0011489344760775566
        ],
        [
            0.08944203704595566,
            -0.834385097026825,
            0.0013684839941561222
        ],
        [
            0.08862230181694031,
            -0.837511420249939,
            -0.005768088158220053
        ],
        [
            0.08683892339468002,
            -0.8405175805091858,
            -0.013368075713515282
        ],
        [
            0.08758852630853653,
            -0.8326659798622131,
            -0.0176149420440197
        ],
        [
            0.10801541805267334,
            -0.8024089336395264,
            0.020033959299325943
        ],
        [
            0.10517928749322891,
            -0.8107085824012756,
            0.015427990816533566
        ],
        [
            0.09973020851612091,
            -0.8066535592079163,
            0.013311289250850677
        ],
        [
            0.10286437720060349,
            -0.8000569343566895,
            0.016678698360919952
        ],
        [
            0.08733383566141129,
            -0.8166630268096924,
            0.004370856564491987
        ],
        [
            0.08904804289340973,
            -0.8005165457725525,
            0.0033595371060073376
        ],
        [
            0.08988859504461288,
            -0.8041592836380005,
            0.0035345125943422318
        ],
        [
            0.08518171310424805,
            -0.8064893484115601,
            -0.001684470335021615
        ],
        [
            0.08500175923109055,
            -0.8029319047927856,
            -0.0015649652341380715
        ],
        [
            0.10854452848434448,
            -0.7863314151763916,
            0.028083035722374916
        ],
        [
            0.10426060855388641,
            -0.7867139577865601,
            0.022027965635061264
        ],
        [
            0.10314831137657166,
            -0.7793951034545898,
            0.023893389850854874
        ],
        [
            0.10627438873052597,
            -0.7776087522506714,
            0.030842797830700874
        ],
        [
            0.09998667985200882,
            -0.7736077904701233,
            0.02354142628610134
        ],
        [
            0.10320845246315002,
            -0.7693499326705933,
            0.032663337886333466
        ],
        [
            0.09292465448379517,
            -0.7565749883651733,
            0.028765514492988586
        ],
        [
            0.09798963367938995,
            -0.76201331615448,
            0.03083530068397522
        ],
        [
            0.095889151096344,
            -0.7685630917549133,
            0.021434927359223366
        ],
        [
            0.09099506586790085,
            -0.7647505402565002,
            0.016414998099207878
        ],
        [
            0.08229495584964752,
            -0.772818922996521,
            0.005658113397657871
        ],
        [
            0.07729646563529968,
            -0.7727395296096802,
            0.001236651442013681
        ],
        [
            0.07958187162876129,
            -0.7594696879386902,
            0.00331445736810565
        ],
        [
            0.08514397591352463,
            -0.761237621307373,
            0.009088932536542416
        ],
        [
            0.08695568889379501,
            -0.793982982635498,
            0.006662886124104261
        ],
        [
            0.08994526416063309,
            -0.7931416630744934,
            0.01047762855887413
        ],
        [
            0.09096591174602509,
            -0.7947665452957153,
            0.008498238399624825
        ],
        [
            0.0880504697561264,
            -0.7969259023666382,
            0.0044092461466789246
        ],
        [
            0.0927513912320137,
            -0.7920827865600586,
            0.013127974234521389
        ],
        [
            0.09406121075153351,
            -0.7914355993270874,
            0.01423243060708046
        ],
        [
            0.09432987868785858,
            -0.7928709983825684,
            0.013179941102862358
        ],
        [
            0.09295440465211868,
            -0.7930479645729065,
            0.01270938292145729
        ],
        [
            0.09123106300830841,
            -0.7930991649627686,
            0.011538246646523476
        ],
        [
            0.09023905545473099,
            -0.7913795709609985,
            0.010623062029480934
        ],
        [
            0.0920165479183197,
            -0.7914844751358032,
            0.012310902588069439
        ],
        [
            0.0875299796462059,
            -0.7914477586746216,
            0.006870870478451252
        ],
        [
            0.07750045508146286,
            -0.7922297716140747,
            -0.004433412104845047
        ],
        [
            0.08079779893159866,
            -0.7917102575302124,
            -0.001975806662812829
        ],
        [
            0.07964026182889938,
            -0.7962077856063843,
            -0.0009268682915717363
        ],
        [
            0.07686428725719452,
            -0.7970185875892639,
            -0.0030364221893250942
        ],
        [
            0.09354148805141449,
            -0.7956192493438721,
            0.01137546356767416
        ],
        [
            0.09592147171497345,
            -0.7962294220924377,
            0.012560122646391392
        ],
        [
            0.0936494767665863,
            -0.7998876571655273,
            0.0084837069734931
        ],
        [
            0.09198509156703949,
            -0.7973832488059998,
            0.008537218905985355
        ],
        [
            0.09879550337791443,
            -0.7976295948028564,
            0.013596341013908386
        ],
        [
            0.09646974503993988,
            -0.793624758720398,
            0.014478783123195171
        ],
        [
            0.09938526153564453,
            -0.7938692569732666,
            0.015981964766979218
        ],
        [
            0.09339377284049988,
            -0.7897835969924927,
            0.013857197016477585
        ],
        [
            0.09534469246864319,
            -0.7874481678009033,
            0.015682360157370567
        ],
        [
            0.09645615518093109,
            -0.7900558114051819,
            0.015197374857962132
        ],
        [
            0.09317265450954437,
            -0.7846250534057617,
            0.014450707472860813
        ],
        [
            0.09115168452262878,
            -0.7884320020675659,
            0.011965316720306873
        ],
        [
            0.08828581869602203,
            -0.7875175476074219,
            0.008178713731467724
        ],
        [
            0.08464539051055908,
            -0.7870627045631409,
            0.003410153090953827
        ],
        [
            0.0855858251452446,
            -0.7814785242080688,
            0.006379432510584593
        ],
        [
            0.08982868492603302,
            -0.7825803160667419,
            0.010992432944476604
        ],
        [
            0.09598272293806076,
            -0.8034774661064148,
            0.01027480885386467
        ],
        [
            0.09985874593257904,
            -0.7884979844093323,
            0.018086520954966545
        ],
        [
            0.10391607135534286,
            -0.7942942380905151,
            0.019900668412446976
        ],
        [
            0.09882399439811707,
            -0.7836393117904663,
            0.018591701984405518
        ],
        [
            0.0962594598531723,
            -0.7794283628463745,
            0.01791071705520153
        ],
        [
            0.09223704040050507,
            -0.776065468788147,
            0.014984313398599625
        ],
        [
            0.08738730847835541,
            -0.7742283344268799,
            0.010422731749713421
        ],
        [
            0.07745473086833954,
            -0.7489538788795471,
            0.014355504885315895
        ],
        [
            0.08498115837574005,
            -0.7519884705543518,
            0.020581921562552452
        ],
        [
            0.11309121549129486,
            -0.8714085817337036,
            0.01815410889685154
        ],
        [
            0.12052350491285324,
            -0.8690916895866394,
            0.02284305915236473
        ],
        [
            0.11856155842542648,
            -0.8608347177505493,
            0.02664325200021267
        ],
        [
            0.12053816020488739,
            -0.862525463104248,
            0.027416639029979706
        ],
        [
            0.11664470285177231,
            -0.8653548359870911,
            0.023129001259803772
        ],
        [
            0.11545807123184204,
            -0.8626675009727478,
            0.02349211648106575
        ],
        [
            0.12643389403820038,
            -0.849956750869751,
            0.04402146488428116
        ],
        [
            0.12335100769996643,
            -0.8529393076896667,
            0.03848782926797867
        ],
        [
            0.12262881547212601,
            -0.8489570021629333,
            0.039546944200992584
        ],
        [
            0.12679916620254517,
            -0.8430657982826233,
            0.04426559433341026
        ],
        [
            0.11620652675628662,
            -0.843565821647644,
            0.03008102998137474
        ],
        [
            0.11959616839885712,
            -0.843705415725708,
            0.03448732942342758
        ],
        [
            0.11775827407836914,
            -0.8512883186340332,
            0.03161926567554474
        ],
        [
            0.11526263505220413,
            -0.8512003421783447,
            0.028419269248843193
        ],
        [
            0.11217615008354187,
            -0.8516217470169067,
            0.025482695549726486
        ],
        [
            0.10846387594938278,
            -0.8523247838020325,
            0.02311924658715725
        ],
        [
            0.10779455304145813,
            -0.8471161127090454,
            0.0231859739869833
        ],
        [
            0.11203934252262115,
            -0.8451605439186096,
            0.02613270841538906
        ],
        [
            0.11092866957187653,
            -0.8677372336387634,
            0.020557481795549393
        ],
        [
            0.10380830615758896,
            -0.868032693862915,
            0.01873943768441677
        ],
        [
            0.1044701486825943,
            -0.8649380207061768,
            0.019557371735572815
        ],
        [
            0.11053784191608429,
            -0.8645809888839722,
            0.020636966452002525
        ],
        [
            0.09234586358070374,
            -0.8598488569259644,
            0.020974310114979744
        ],
        [
            0.09420306235551834,
            -0.8621169924736023,
            0.020554620772600174
        ],
        [
            0.09128005057573318,
            -0.8642183542251587,
            0.018737295642495155
        ],
        [
            0.08952108025550842,
            -0.8598899841308594,
            0.018764253705739975
        ],
        [
            0.09131069481372833,
            -0.8566509485244751,
            0.01880747452378273
        ],
        [
            0.09343504160642624,
            -0.8581082224845886,
            0.02058984898030758
        ],
        [
            0.1204783022403717,
            -0.9235812425613403,
            0.033755235373973846
        ],
        [
            0.11615295708179474,
            -0.9089819192886353,
            0.022708719596266747
        ],
        [
            0.1309620589017868,
            -0.9131683111190796,
            0.048540666699409485
        ],
        [
            0.13495682179927826,
            -0.8999661803245544,
            0.060926735401153564
        ],
        [
            0.13838344812393188,
            -0.8841533064842224,
            0.06996633857488632
        ],
        [
            0.11397842317819595,
            -0.7887081503868103,
            0.03731469064950943
        ],
        [
            0.11216838657855988,
            -0.7789766192436218,
            0.04275941848754883
        ],
        [
            0.11712650954723358,
            -0.7838728427886963,
            0.05711778998374939
        ],
        [
            0.11219070106744766,
            -0.7734067440032959,
            0.06041846424341202
        ],
        [
            0.10755351185798645,
            -0.7686054110527039,
            0.04507729038596153
        ],
        [
            0.09143497049808502,
            -0.7518053650856018,
            0.042766790837049484
        ],
        [
            0.10052583366632462,
            -0.7589914202690125,
            0.04499899968504906
        ],
        [
            0.10422178357839584,
            -0.7635999917984009,
            0.06390776485204697
        ],
        [
            0.10886956006288528,
            -0.7736147046089172,
            0.08169261366128922
        ],
        [
            0.1157262772321701,
            -0.7811316251754761,
            0.07487551122903824
        ],
        [
            0.111521415412426,
            -0.78725665807724,
            0.09653352200984955
        ],
        [
            0.09986183047294617,
            -0.7653554677963257,
            0.09188853204250336
        ],
        [
            0.1062321737408638,
            -0.7856512665748596,
            0.10474216192960739
        ],
        [
            0.08104100078344345,
            -0.7318881750106812,
            0.08367060869932175
        ],
        [
            0.07943954318761826,
            -0.7212158441543579,
            0.08889775723218918
        ],
        [
            0.08481843769550323,
            -0.7262850999832153,
            0.10574229061603546
        ],
        [
            0.08794686198234558,
            -0.7366328835487366,
            0.10059911757707596
        ],
        [
            0.1201305016875267,
            -0.7896968126296997,
            0.06838048249483109
        ],
        [
            0.1346856951713562,
            -0.8519213795661926,
            0.0696968212723732
        ],
        [
            0.13362248241901398,
            -0.8537501096725464,
            0.05747831612825394
        ],
        [
            0.13319085538387299,
            -0.8389427661895752,
            0.07225855439901352
        ],
        [
            0.14023570716381073,
            -0.9086006879806519,
            0.09625107049942017
        ],
        [
            0.13861678540706635,
            -0.906514048576355,
            0.07743281126022339
        ],
        [
            0.1414913833141327,
            -0.8897949457168579,
            0.08402832597494125
        ],
        [
            0.142460435628891,
            -0.8939434289932251,
            0.100782610476017
        ],
        [
            0.12124419212341309,
            -0.9480772018432617,
            0.08471378684043884
        ],
        [
            0.12349867075681686,
            -0.938368558883667,
            0.05849382281303406
        ],
        [
            0.13076713681221008,
            -0.9244062900543213,
            0.06770209968090057
        ],
        [
            0.13113828003406525,
            -0.9311610460281372,
            0.08922111243009567
        ],
        [
            0.14077553153038025,
            -0.8932797908782959,
            0.11400759965181351
        ],
        [
            0.13690300285816193,
            -0.892948567867279,
            0.13273127377033234
        ],
        [
            0.1336693912744522,
            -0.9086024761199951,
            0.13992217183113098
        ],
        [
            0.1381348967552185,
            -0.9114617109298706,
            0.11763201653957367
        ],
        [
            0.12308003008365631,
            -0.9295786023139954,
            0.14540031552314758
        ],
        [
            0.12824353575706482,
            -0.9333697557449341,
            0.11891438812017441
        ],
        [
            0.0981302335858345,
            -0.7718875408172607,
            0.11371825635433197
        ],
        [
            0.10285808891057968,
            -0.7899178266525269,
            0.11793515831232071
        ],
        [
            0.09204278886318207,
            -0.7500430941581726,
            0.09407861530780792
        ],
        [
            0.09341390430927277,
            -0.7562674283981323,
            0.1127772182226181
        ],
        [
            0.10645709931850433,
            -0.9466901421546936,
            0.14721505343914032
        ],
        [
            0.11392100155353546,
            -0.9524487257003784,
            0.11655732989311218
        ],
        [
            0.1102304458618164,
            -0.8692746758460999,
            0.17487171292304993
        ],
        [
            0.11808716505765915,
            -0.886815071105957,
            0.16991250216960907
        ],
        [
            0.12565164268016815,
            -0.8746371865272522,
            0.15447627007961273
        ],
        [
            0.11810194700956345,
            -0.8599827289581299,
            0.16154992580413818
        ],
        [
            0.09828402101993561,
            -0.8792765140533447,
            0.1875452846288681
        ],
        [
