{
    "pred_cam": [
        2.03286075592041,
        0.1635272055864334,
        0.42523276805877686
    ],
    "pred_smpl_params": {
        "global_orient": [
            [
                [
                    -0.7749198079109192,
                    -0.17445258796215057,
                    -0.607507586479187
                ],
                [
                    0.3414541780948639,
                    -0.9243773818016052,
                    -0.17010419070720673
                ],
                [
                    -0.5318911671638489,
                    -0.33925312757492065,
                    0.7758858799934387
                ]
            ]
        ],
        "body_pose": [
            [
                [
                    0.9963257908821106,
                    0.001285798498429358,
                    -0.08563416451215744
                ],
                [
                    0.0632818415760994,
                    0.6626914143562317,
                    0.7462141513824463
                ],
                [
                    0.0577085018157959,
                    -0.7488915324211121,
                    0.6601752042770386
                ]
            ],
            [
                [
                    0.9974040389060974,
                    0.07173693180084229,
                    -0.006243553012609482
                ],
                [
                    -0.05766014754772186,
                    0.8475959897041321,
                    0.5275000333786011
                ],
                [
                    0.04313324764370918,
                    -0.5257706642150879,
                    0.8495320081710815
                ]
            ],
            [
                [
                    0.9937975406646729,
                    0.06875789910554886,
                    0.08739998936653137
                ],
                [
                    -0.006810688879340887,
                    0.8220979571342468,
                    -0.5693053603172302
                ],
                [
                    -0.1109955906867981,
                    0.5651790499687195,
                    0.817467212677002
                ]
            ],
            [
                [
                    0.9901594519615173,
                    0.13974358141422272,
                    0.007484104949980974
                ],
                [
                    -0.08546169102191925,
                    0.6461596488952637,
                    -0.7584023475646973
                ],
                [
                    -0.11081778258085251,
                    0.7502996325492859,
                    0.6517438292503357
                ]
            ],
            [
                [
                    0.9903997182846069,
                    -0.1367846131324768,
                    0.019957449287176132
                ],
                [
                    0.11475630849599838,
                    0.7330909371376038,
                    -0.6703794598579407
                ],
                [
                    0.07706697285175323,
                    0.6662339568138123,
                    0.7417499423027039
                ]
            ],
            [
                [
                    0.9981215596199036,
                    0.007177573163062334,
                    0.06084297224879265
                ],
                [
                    -0.007387314457446337,
                    0.9999675154685974,
                    0.003222992643713951
                ],
                [
                    -0.06081786006689072,
                    -0.003666404401883483,
                    0.9981421828269958
                ]
            ],
            [
                [
                    0.9878184199333191,
                    0.05248580873012543,
                    0.14649240672588348
                ],
                [
                    -0.05699731782078743,
                    0.9980154037475586,
                    0.026768295094370842
                ],
                [
                    -0.1447967290878296,
                    -0.03479188680648804,
                    0.9888495206832886
                ]
            ],
            [
                [
                    0.9883096218109131,
                    0.020621228963136673,
                    -0.15105925500392914
                ],
                [
                    -0.0065482915379107,
                    0.9956377744674683,
                    0.09307297319173813
                ],
                [
                    0.15231958031654358,
                    -0.09099572896957397,
                    0.9841334223747253
                ]
            ],
            [
                [
                    0.9989526271820068,
                    -0.0008362611988559365,
                    0.045748308300971985
                ],
                [
                    0.0038680608849972486,
                    0.9977973699569702,
                    -0.06622304022312164
                ],
                [
                    -0.045592159032821655,
                    0.06633063405752182,
                    0.9967555403709412
                ]
            ],
            [
                [
                    0.9869458675384521,
                    -0.13392123579978943,
                    0.08945859968662262
                ],
                [
                    0.12833237648010254,
                    0.9895609617233276,
                    0.06557333469390869
                ],
                [
                    -0.09730640053749084,
                    -0.05323690176010132,
                    0.9938295483589172
                ]
            ],
            [
                [
                    0.9977604746818542,
                    0.056834496557712555,
                    -0.03526810556650162
                ],
                [
                    -0.052773959934711456,
                    0.9928598403930664,
                    0.1069779321551323
                ],
                [
                    0.041096318513154984,
                    -0.10487711429595947,
                    0.9936357140541077
                ]
            ],
            [
                [
                    0.9928756952285767,
                    -0.02757662907242775,
                    0.11592013388872147
                ],
                [
                    0.03240474686026573,
                    0.9986751079559326,
                    -0.039974015206098557
                ],
                [
                    -0.11466420441865921,
                    0.043445587158203125,
                    0.9924538731575012
                ]
            ],
            [
                [
                    0.9014332294464111,
                    0.0420672744512558,
                    -0.4308694899082184
                ],
                [
                    -0.012086866423487663,
                    0.9973252415657043,
                    0.07208505272865295
                ],
                [
                    0.4327494502067566,
                    -0.05977199599146843,
                    0.8995305895805359
                ]
            ],
            [
                [
                    0.8349241614341736,
                    -0.07771223038434982,
                    0.5448509454727173
                ],
                [
                    0.04116750508546829,
                    0.9960258603096008,
                    0.07897874712944031
                ],
                [
                    -0.5488232970237732,
                    -0.04351109266281128,
                    0.8348052501678467
                ]
            ],
            [
                [
                    0.9998652338981628,
                    0.014181001111865044,
                    0.008274090476334095
                ],
                [
                    -0.013929197564721107,
                    0.9994608163833618,
                    -0.02973245270550251
                ],
                [
                    -0.008691265247762203,
                    0.0296131931245327,
                    0.9995236396789551
                ]
            ],
            [
                [
                    0.656174898147583,
                    0.670511782169342,
                    -0.3461914658546448
                ],
                [
                    -0.6486202478408813,
                    0.7356144785881042,
                    0.1953539252281189
                ],
                [
                    0.38565054535865784,
                    0.0963604524731636,
                    0.9175992608070374
                ]
            ],
            [
                [
                    0.41782206296920776,
                    -0.7054399251937866,
                    0.5725201368331909
                ],
                [
                    0.6700830459594727,
                    0.6648232340812683,
                    0.33014971017837524
                ],
                [
                    -0.6135254502296448,
                    0.2456922084093094,
                    0.750481128692627
                ]
            ],
            [
                [
                    0.653610348701477,
                    -0.21915894746780396,
                    -0.7244051098823547
                ],
                [
                    0.23218946158885956,
                    0.9690644145011902,
                    -0.08367925882339478
                ],
                [
                    0.7203342914581299,
                    -0.11350561678409576,
                    0.6842769384384155
                ]
            ],
            [
                [
                    0.4953775405883789,
                    0.24077890813350677,
                    0.8346416354179382
                ],
                [
                    -0.22914358973503113,
                    0.9630075693130493,
                    -0.14180853962898254
                ],
                [
                    -0.8379106521606445,
                    -0.12100400775671005,
                    0.5322252511978149
                ]
            ],
            [
                [
                    0.9794679880142212,
                    -0.20127332210540771,
                    0.011463145725429058
                ],
                [
                    0.20144979655742645,
                    0.9793480038642883,
                    -0.01718730293214321
                ],
                [
                    -0.007767064031213522,
                    0.019143663346767426,
                    0.9997864961624146
                ]
            ],
            [
                [
                    0.9764631390571594,
                    0.21478034555912018,
                    0.019726814702153206
                ],
                [
                    -0.21483483910560608,
                    0.9766501784324646,
                    0.0006604514783248305
                ],
                [
                    -0.01912434585392475,
                    -0.004882913548499346,
                    0.999805212020874
                ]
            ],
            [
                [
                    0.9819843769073486,
                    0.15619193017482758,
                    -0.10635153949260712
                ],
                [
                    -0.13714319467544556,
                    0.9762844443321228,
                    0.16751277446746826
                ],
                [
                    0.1299934834241867,
                    -0.14990955591201782,
                    0.9801167249679565
                ]
            ],
            [
                [
                    0.9850468635559082,
                    -0.15986627340316772,
                    0.06422921270132065
                ],
                [
                    0.14752541482448578,
                    0.9752277135848999,
                    0.16482451558113098
                ],
                [
                    -0.08898798376321793,
                    -0.15288443863391876,
                    0.984229326248169
                ]
            ]
        ],
        "betas": [
            0.07208675146102905,
            0.07694369554519653,
            -0.039612412452697754,
            0.1462184488773346,
            0.08476385474205017,
            0.055265624076128006,
            0.011942774057388306,
            -0.0002849698066711426,
            0.01634599268436432,
            0.025062084197998047
        ]
    },
    "pred_cam_t": [
        0.1635272055864334,
        0.42523276805877686,
        19.215532302856445
    ],
    "focal_length": [
        5000.0,
        5000.0
    ],
    "pred_keypoints_3d": [
        [
            -0.3809604346752167,
            -0.6698266863822937,
            0.13357964158058167
        ],
        [
            -0.22499388456344604,
            -0.6605899333953857,
            0.017740093171596527
        ],
        [
            -0.10181695967912674,
            -0.6360036730766296,
            0.15617388486862183
        ],
        [
            -0.08863838762044907,
            -0.4007398188114166,
            0.2559189796447754
        ],
        [
            -0.3152903914451599,
            -0.2884257733821869,
            0.29917049407958984
        ],
        [
            -0.31701016426086426,
            -0.535736620426178,
            -0.08379943668842316
        ],
        [
            -0.3640083968639374,
            -0.27750280499458313,
            -0.08644062280654907
        ],
        [
            -0.47290632128715515,
            -0.1532166600227356,
            0.1020859032869339
        ],
        [
            -0.001990252174437046,
            -0.225224107503891,
            0.027388662099838257
        ],
        [
            0.0686229020357132,
            -0.16359609365463257,
            0.09005285799503326
        ],
        [
            0.05972474440932274,
            0.08383747935295105,
            0.3860408067703247
        ],
        [
            0.15290838479995728,
            0.4746764898300171,
            0.4023948907852173
        ],
        [
            -0.035007819533348083,
            -0.11594308167695999,
            0.016297854483127594
        ],
        [
            -0.1891096830368042,
            0.07916200906038284,
            0.30100327730178833
        ],
        [
            -0.05596145987510681,
            0.4399148225784302,
            0.41749483346939087
        ],
        [
            -0.3606696128845215,
            -0.7268904447555542,
            0.14381293952465057
        ],
        [
            -0.40139514207839966,
            -0.710403323173523,
            0.09290824085474014
        ],
        [
            -0.26880788803100586,
            -0.7702901363372803,
            0.11521363258361816
        ],
        [
            -0.3610464334487915,
            -0.7348629832267761,
            0.0006850995123386383
        ],
        [
            -0.17325837910175323,
            0.4625449776649475,
            0.5806752443313599
        ],
        [
            -0.1829553246498108,
            0.5036891102790833,
            0.5091865062713623
        ],
        [
            -0.012054726481437683,
            0.48299241065979004,
            0.3838483989238739
        ],
        [
            0.06720158457756042,
            0.4960501790046692,
            0.5830395221710205
        ],
        [
            0.15433341264724731,
            0.4917692542076111,
            0.5730423331260681
        ],
        [
            0.19138649106025696,
            0.5227226614952087,
            0.363120973110199
        ],
        [
            0.17424893379211426,
            0.4212835431098938,
            0.38104748725891113
        ],
        [
            0.05733470246195793,
            0.03480452671647072,
            0.3474635183811188
        ],
        [
            0.12062029540538788,
            -0.3009604513645172,
            0.07975293695926666
        ],
        [
            -0.09462347626686096,
            -0.18138225376605988,
            -0.08795511722564697
        ],
        [
            -0.1906917691230774,
            0.0559973418712616,
            0.26974397897720337
        ],
        [
            -0.05516800656914711,
            0.41614237427711487,
            0.381799578666687
        ],
        [
            -0.31607338786125183,
            -0.320618212223053,
            0.2821892201900482
        ],
        [
            -0.10792285203933716,
            -0.42946088314056396,
            0.27615562081336975
        ],
        [
            -0.12547920644283295,
            -0.6511698365211487,
            0.1269962191581726
        ],
        [
            -0.30747729539871216,
            -0.568065881729126,
            -0.08004133403301239
        ],
        [
            -0.4002637565135956,
            -0.3110787272453308,
            -0.07619622349739075
        ],
        [
            -0.47783103585243225,
            -0.17348119616508484,
            0.09972172975540161
        ],
        [
            -0.23556795716285706,
            -0.6539126634597778,
            0.02583688497543335
        ],
        [
            -0.3554403781890869,
            -0.7883601188659668,
            0.0729246437549591
        ],
        [
            0.013435639441013336,
            -0.24149110913276672,
            -0.004797577857971191
        ],
        [
            -0.2117350995540619,
            -0.6069902777671814,
            0.02393103390932083
        ],
        [
            -0.08454243093729019,
            -0.46918779611587524,
            -0.02075420506298542
        ],
        [
            -0.3223378658294678,
            -0.6796044707298279,
            0.0768887922167778
        ],
        [
            -0.3565160036087036,
            -0.8101701140403748,
            0.07273193448781967
        ]
    ],
    "pred_vertices": [
        [
            -0.43213868141174316,
            -0.7486734390258789,
            0.09075778722763062
        ],
        [
            -0.42526108026504517,
            -0.7346216440200806,
            0.09740115702152252
        ],
        [
            -0.4249173104763031,
            -0.7333068251609802,
            0.08289901912212372
        ],
        [
            -0.42787784337997437,
            -0.745051383972168,
            0.07426932454109192
        ],
        [
            -0.42133671045303345,
            -0.7234774231910706,
            0.08846142888069153
        ],
        [
            -0.4204511046409607,
            -0.7242178916931152,
            0.10022999346256256
        ],
        [
            -0.4195183515548706,
            -0.7308947443962097,
            0.07043492794036865
        ],
        [
            -0.4195881187915802,
            -0.7403631210327148,
            0.0608169250190258
        ],
        [
            -0.39700132608413696,
            -0.7034143209457397,
            0.05463887006044388
        ],
        [
            -0.3913534879684448,
            -0.7028505802154541,
            0.04500335454940796
        ],
        [
            -0.39861413836479187,
            -0.7130354642868042,
            0.047777872532606125
        ],
        [
            -0.4015663266181946,
            -0.7115405797958374,
            0.05731609836220741
        ],
        [
            -0.38136494159698486,
            -0.6829643249511719,
            0.0500899963080883
        ],
        [
            -0.37858378887176514,
            -0.6724769473075867,
            0.05867959186434746
        ],
        [
            -0.3692471385002136,
            -0.6686686277389526,
            0.04969904571771622
        ],
        [
            -0.3708023726940155,
            -0.6793233752250671,
            0.0411236397922039
        ],
        [
            -0.38114774227142334,
            -0.681626558303833,
            0.10018273442983627
        ],
        [
            -0.38046377897262573,
            -0.675080418586731,
            0.09454712271690369
        ],
        [
            -0.3855349123477936,
            -0.6803450584411621,
            0.09174434840679169
        ],
        [
            -0.3852132558822632,
            -0.6864989995956421,
            0.09764333814382553
        ],
        [
            -0.38453394174575806,
            -0.689828634262085,
            0.11225646734237671
        ],
        [
            -0.38571640849113464,
            -0.6958504319190979,
            0.10985276103019714
        ],
        [
            -0.3883545994758606,
            -0.6978569030761719,
            0.11724868416786194
        ],
        [
            -0.38791513442993164,
            -0.6905900835990906,
            0.11951310932636261
        ],
        [
            -0.37558943033218384,
            -0.6780730485916138,
            0.10409730672836304
        ],
        [
            -0.37455856800079346,
            -0.6714872121810913,
            0.09778758883476257
        ],
        [
            -0.3821137845516205,
            -0.6869608163833618,
            0.1054459810256958
        ],
        [
            -0.38035690784454346,
            -0.682928204536438,
            0.10796542465686798
        ],
        [
            -0.38229116797447205,
            -0.6737524271011353,
            0.11614637076854706
        ],
        [
            -0.38461464643478394,
            -0.6781359910964966,
            0.1145099550485611
        ],
        [
            -0.3878052234649658,
            -0.6767247319221497,
            0.12153245508670807
        ],
        [
            -0.383674681186676,
            -0.6725867986679077,
            0.12149788439273834
        ],
        [
            -0.37788495421409607,
            -0.6766011118888855,
            0.10803809016942978
        ],
        [
            -0.38140738010406494,
            -0.6778337955474854,
            0.1096574068069458
        ],
        [
            -0.3796114921569824,
            -0.6741769313812256,
            0.11265077441930771
        ],
        [
            -0.3757256865501404,
            -0.6738404035568237,
            0.11153122037649155
        ],
        [
            -0.3841222822666168,
            -0.6850664615631104,
            0.11409909278154373
        ],
        [
            -0.38796937465667725,
            -0.6841181516647339,
            0.12094217538833618
        ],
        [
            -0.3910161852836609,
            -0.6830323934555054,
            0.1285783052444458
        ],
        [
            -0.38938140869140625,
            -0.6743968725204468,
            0.12907639145851135
        ],
        [
            -0.37560415267944336,
            -0.6638121604919434,
            0.08030000329017639
        ],
        [
            -0.37923184037208557,
            -0.6689567565917969,
            0.08762034773826599
        ],
        [
            -0.37385302782058716,
            -0.6655653715133667,
            0.0913505107164383
        ],
        [
            -0.3719250559806824,
            -0.6609470248222351,
            0.08511604368686676
        ],
        [
            -0.37255623936653137,
            -0.6723690032958984,
            0.1079796850681305
        ],
        [
            -0.36625540256500244,
            -0.6579967737197876,
            0.10315445065498352
        ],
        [
            -0.3686356544494629,
            -0.6610068082809448,
            0.10355347394943237
        ],
        [
            -0.36816415190696716,
            -0.6614011526107788,
            0.11086975038051605
        ],
        [
            -0.36618053913116455,
            -0.6584830284118652,
            0.10989007353782654
        ],
        [
            -0.36542224884033203,
            -0.6542806625366211,
            0.06921655684709549
        ],
        [
            -0.364637553691864,
            -0.6522376537322998,
            0.07636506110429764
        ],
        [
            -0.3595505356788635,
            -0.6475055813789368,
            0.07355119287967682
        ],
        [
            -0.3584945499897003,
            -0.649055004119873,
            0.06617459654808044
        ],
        [
            -0.35425618290901184,
            -0.6433584690093994,
            0.07448282837867737
        ],
        [
            -0.3514116406440735,
            -0.6438846588134766,
            0.06467616558074951
        ],
        [
            -0.3383132815361023,
            -0.6333364844322205,
            0.0701216608285904
        ],
        [
            -0.34436482191085815,
            -0.6380194425582886,
            0.06712430715560913
        ],
        [
            -0.3491508662700653,
            -0.639054536819458,
            0.07717451453208923
        ],
        [
            -0.345115602016449,
            -0.6344267725944519,
            0.0827292799949646
        ],
        [
            -0.3464686870574951,
            -0.6375777721405029,
            0.09745961427688599
        ],
        [
            -0.3441998362541199,
            -0.6365374326705933,
            0.10367463529109955
        ],
        [
            -0.3387276530265808,
            -0.6259528398513794,
            0.09715776145458221
        ],
        [
            -0.34159910678863525,
            -0.6291202902793884,
            0.09052906930446625
        ],
        [
            -0.3601146936416626,
            -0.6544300317764282,
            0.1001095399260521
        ],
        [
            -0.3606383800506592,
            -0.6548784971237183,
            0.09527860581874847
        ],
        [
            -0.3630964756011963,
            -0.6549736857414246,
            0.0965849831700325
        ],
        [
            -0.3633872866630554,
            -0.6554257869720459,
            0.1019260585308075
        ],
        [
            -0.3615080714225769,
            -0.6545326709747314,
            0.09126566350460052
        ],
        [
            -0.36187273263931274,
            -0.6542128324508667,
            0.08947800099849701
        ],
        [
            -0.3631972670555115,
            -0.6548053026199341,
            0.09051583707332611
        ],
        [
            -0.3624507784843445,
            -0.6548780798912048,
            0.09166356176137924
        ],
        [
            -0.36146280169487,
            -0.6548210382461548,
            0.09359508752822876
        ],
        [
            -0.3600471615791321,
            -0.6532882452011108,
            0.09443159401416779
        ],
        [
            -0.36085426807403564,
            -0.6538771390914917,
            0.09221521764993668
        ],
        [
            -0.35935506224632263,
            -0.6521040201187134,
            0.09883067011833191
        ],
        [
            -0.3562008738517761,
            -0.6499632000923157,
            0.11338058114051819
        ],
        [
            -0.35757532715797424,
            -0.6496326923370361,
            0.10953697562217712
        ],
        [
            -0.35841429233551025,
            -0.6542492508888245,
            0.11064725369215012
        ],
        [
            -0.35741907358169556,
            -0.654903769493103,
            0.11394616216421127
        ],
        [
            -0.3646538257598877,
            -0.6564337015151978,
            0.09304238855838776
        ],
        [
            -0.36627522110939026,
            -0.6570749282836914,
            0.09110408276319504
        ],
        [
            -0.36773473024368286,
            -0.6587362289428711,
            0.09653657674789429
        ],
        [
            -0.36515727639198303,
            -0.6570038795471191,
            0.09675898402929306
        ],
        [
            -0.3689376413822174,
            -0.6580654382705688,
            0.0889890268445015
        ],
        [
            -0.3648048937320709,
            -0.6556417942047119,
            0.08851823955774307
        ],
        [
            -0.3665870726108551,
            -0.6561933159828186,
            0.08576232194900513
        ],
        [
            -0.3606058955192566,
            -0.6529082655906677,
            0.08972719311714172
        ],
        [
            -0.36042463779449463,
            -0.65144944190979,
            0.08650784194469452
        ],
        [
            -0.362823486328125,
            -0.6530338525772095,
            0.08693341910839081
        ],
        [
            -0.3575574457645416,
            -0.6491856575012207,
            0.0879933163523674
        ],
        [
            -0.3586832880973816,
            -0.6515109539031982,
            0.09212037175893784
        ],
        [
            -0.35733360052108765,
            -0.6495470404624939,
            0.09635405987501144
        ],
        [
            -0.35610902309417725,
            -0.6476086974143982,
            0.10187104344367981
        ],
        [
            -0.3528928756713867,
            -0.6443530321121216,
            0.09751127660274506
        ],
        [
            -0.35507139563560486,
            -0.6465981006622314,
            0.09197375178337097
        ],
        [
            -0.3705473840236664,
            -0.6623561978340149,
            0.09486497193574905
        ],
        [
            -0.3636907935142517,
            -0.6524760127067566,
            0.08237896859645844
        ],
        [
            -0.368809312582016,
            -0.6573749780654907,
            0.08044017851352692
        ],
        [
            -0.36033183336257935,
            -0.6490086317062378,
            0.0812482237815857
        ],
        [
            -0.3563593327999115,
            -0.6459347009658813,
            0.08219090104103088
        ],
        [
            -0.3521668612957001,
            -0.6428209543228149,
            0.0860501229763031
        ],
        [
            -0.34929224848747253,
            -0.6399396657943726,
            0.09144619852304459
        ],
        [
            -0.3275633454322815,
            -0.623297929763794,
            0.0871480405330658
        ],
        [
            -0.3326113820075989,
            -0.6273150444030762,
            0.07952089607715607
        ],
        [
            -0.41335129737854004,
            -0.7192877531051636,
            0.099147267639637
        ],
        [
            -0.4162833094596863,
            -0.7178404331207275,
            0.09065654873847961
        ],
        [
            -0.40935391187667847,
            -0.7130823135375977,
            0.08636429905891418
        ],
        [
            -0.41139307618141174,
            -0.7143240571022034,
            0.08523237705230713
        ],
        [
            -0.4112545847892761,
            -0.7158787250518799,
            0.09145288169384003
        ],
        [
            -0.4090772271156311,
            -0.7135376930236816,
            0.09108853340148926
        ],
        [
            -0.4031974971294403,
            -0.7115696668624878,
            0.06558778882026672
        ],
        [
            -0.404491662979126,
            -0.7117427587509155,
            0.07231999933719635
        ],
        [
            -0.40127500891685486,
            -0.7093616127967834,
            0.07082650810480118
        ],
        [
            -0.39983510971069336,
            -0.7060225009918213,
            0.06317101418972015
        ],
        [
            -0.3973180055618286,
            -0.7015450596809387,
            0.07977692037820816
        ],
        [
            -0.3982321619987488,
            -0.7031787633895874,
            0.07471963763237
        ],
        [
            -0.40191635489463806,
            -0.7080498337745667,
            0.08013352751731873
        ],
        [
            -0.40120527148246765,
            -0.7068779468536377,
            0.08381161838769913
        ],
        [
            -0.4000406563282013,
            -0.7065409421920776,
            0.0878138393163681
        ],
        [
            -0.39824363589286804,
            -0.7069839239120483,
            0.09191639721393585
        ],
        [
            -0.3953337073326111,
            -0.7027963399887085,
            0.09052571654319763
        ],
        [
            -0.39650341868400574,
            -0.7016948461532593,
            0.08539307117462158
        ],
        [
            -0.40917015075683594,
            -0.7175517678260803,
            0.09744395315647125
        ],
        [
            -0.4041811227798462,
            -0.7185766696929932,
            0.10297071933746338
        ],
        [
            -0.4031063914299011,
            -0.7161321640014648,
            0.10097312182188034
        ],
        [
            -0.40735888481140137,
            -0.7147369384765625,
            0.09662747383117676
        ],
        [
            -0.3904035687446594,
            -0.7157139778137207,
            0.10502439737319946
        ],
        [
            -0.3931350111961365,
            -0.7168607711791992,
            0.1051023080945015
        ],
        [
            -0.39271289110183716,
            -0.718264639377594,
            0.10883444547653198
        ],
        [
            -0.3891952931880951,
            -0.7152093648910522,
            0.10832208395004272
        ],
        [
            -0.3889928162097931,
            -0.7122097611427307,
            0.10608070343732834
        ],
        [
            -0.3905385136604309,
            -0.7138313055038452,
            0.10399733483791351
        ],
        [
            -0.43727409839630127,
            -0.7686477303504944,
            0.0998101532459259
        ],
        [
            -0.43131446838378906,
            -0.7524010539054871,
            0.10641376674175262
        ],
        [
            -0.43515661358833313,
            -0.7654170989990234,
            0.07985779643058777
        ],
        [
            -0.4276476204395294,
            -0.7601833343505859,
            0.06362023204565048
        ],
        [
            -0.41894054412841797,
            -0.7513539791107178,
            0.050301745533943176
        ],
        [
            -0.36724913120269775,
            -0.6599141955375671,
            0.05976029485464096
        ],
        [
            -0.3590705990791321,
            -0.6551992893218994,
            0.054062455892562866
        ],
        [
            -0.3595865070819855,
            -0.6656689643859863,
            0.041593048721551895
        ],
        [
            -0.34988754987716675,
            -0.6594957113265991,
            0.03897208347916603
        ],
        [
            -0.3497917950153351,
            -0.6486936807632446,
            0.052311547100543976
        ],
        [
            -0.3301120400428772,
            -0.6365527510643005,
            0.059263989329338074
        ],
        [
            -0.340053915977478,
            -0.6419347524642944,
            0.05404315143823624
        ],
        [
            -0.3383461833000183,
            -0.6542150974273682,
            0.03834272548556328
        ],
        [
            -0.3398960828781128,
            -0.670498251914978,
            0.024182725697755814
        ],
        [
            -0.3504820466041565,
            -0.6728726625442505,
            0.0278928242623806
        ],
        [
            -0.3424605131149292,
            -0.6890255808830261,
            0.015488643199205399
        ],
        [
            -0.3257433772087097,
            -0.6702919602394104,
            0.0199249479919672
        ],
        [
            -0.3348337411880493,
            -0.6930224895477295,
            0.012070946395397186
        ],
        [
            -0.29999303817749023,
            -0.6420292258262634,
            0.030891748145222664
        ],
        [
            -0.29312413930892944,
            -0.6349051594734192,
            0.02582075633108616
        ],
        [
            -0.29568010568618774,
            -0.6448109745979309,
            0.009465686976909637
        ],
        [
            -0.30277642607688904,
            -0.6517798900604248,
            0.014346843585371971
        ],
        [
            -0.3605459928512573,
            -0.6756744384765625,
            0.032756153494119644
        ],
        [
            -0.40095239877700806,
            -0.7249768972396851,
            0.04308284819126129
        ],
        [
            -0.40545016527175903,
            -0.7207472920417786,
            0.05303601920604706
        ],
        [
            -0.3924075961112976,
            -0.7156503796577454,
            0.03756886348128319
        ],
        [
            -0.421751469373703,
            -0.7838770151138306,
            0.03745312988758087
        ],
        [
            -0.4272093176841736,
            -0.7727469205856323,
            0.05135071277618408
        ],
        [
            -0.4185143709182739,
            -0.7620583772659302,
            0.0399867445230484
        ],
        [
            -0.41465580463409424,
            -0.7737628221511841,
            0.028313206508755684
        ],
        [
            -0.4304448366165161,
            -0.8146799206733704,
            0.06916743516921997
        ],
        [
            -0.4381425082683563,
            -0.792195200920105,
            0.08459913730621338
        ],
        [
            -0.433818519115448,
            -0.784345269203186,
            0.06886694580316544
        ],
        [
            -0.4284663796424866,
            -0.8009871244430542,
            0.054829441010951996
        ],
        [
            -0.40783852338790894,
            -0.7802905440330505,
            0.018795151263475418
        ],
        [
            -0.3973556160926819,
            -0.7904695272445679,
            0.007523287087678909
        ],
        [
            -0.39913609623908997,
            -0.8075312376022339,
            0.008997481316328049
        ],
        [
            -0.4130769371986389,
            -0.7977331876754761,
            0.02354295924305916
        ],
        [
            -0.399181604385376,
            -0.8302116394042969,
            0.017278186976909637
        ],
        [
            -0.4154662489891052,
            -0.8186430931091309,
            0.03515281528234482
        ],
        [
            -0.3197247087955475,
            -0.6875320672988892,
            0.006438937038183212
        ],
        [
            -0.32911521196365356,
            -0.7041491866111755,
            0.005452284589409828
        ],
        [
            -0.3125401735305786,
            -0.660045325756073,
            0.020242974162101746
        ],
        [
            -0.3105887472629547,
            -0.673676609992981,
            0.005836198106408119
        ],
        [
            -0.3937954604625702,
            -0.8495021462440491,
            0.030390672385692596
        ],
        [
            -0.41411224007606506,
            -0.8365810513496399,
            0.05106956884264946
        ],
        [
            -0.34917110204696655,
            -0.7991235256195068,
            -0.016888771206140518
        ],
        [
            -0.36508724093437195,
            -0.8087555766105652,
            -0.011508308351039886
        ],
        [
            -0.37128007411956787,
            -0.7891399264335632,
            -0.008635204285383224
        ],
        [
            -0.3558194041252136,
            -0.7824330925941467,
            -0.014104567468166351
        ],
        [
            -0.3385563790798187,
            -0.8166486620903015,
            -0.01571391522884369
        ],
