{
    "pred_cam": [
        1.9914402961730957,
        0.17911790311336517,
        0.42216554284095764
    ],
    "pred_smpl_params": {
        "global_orient": [
            [
                [
                    -0.7380791902542114,
                    -0.22425580024719238,
                    -0.6363556385040283
                ],
                [
                    0.4013349115848541,
                    -0.9040765762329102,
                    -0.14688724279403687
                ],
                [
                    -0.5423738956451416,
                    -0.3638061285018921,
                    0.7572817802429199
                ]
            ]
        ],
        "body_pose": [
            [
                [
                    0.9973851442337036,
                    0.023132065311074257,
                    -0.06846760213375092
                ],
                [
                    0.03637339174747467,
                    0.6579755544662476,
                    0.7521603107452393
                ],
                [
                    0.06244903430342674,
                    -0.7526838779449463,
                    0.6554136276245117
                ]
            ],
            [
                [
                    0.994046688079834,
                    0.10849548131227493,
                    -0.009986215271055698
                ],
                [
                    -0.08440236747264862,
                    0.8247677683830261,
                    0.5591371655464172
                ],
                [
                    0.06890016049146652,
                    -0.5549656748771667,
                    0.8290149569511414
                ]
            ],
            [
                [
                    0.9932343363761902,
                    0.06669866293668747,
                    0.09506278485059738
                ],
                [
                    -0.0016183992847800255,
                    0.8264763355255127,
                    -0.5629692077636719
                ],
                [
                    -0.11611642688512802,
                    0.5590064525604248,
                    0.820992648601532
                ]
            ],
            [
                [
                    0.9916377663612366,
                    0.1290101706981659,
                    0.003292880952358246
                ],
                [
                    -0.0795203372836113,
                    0.6309323310852051,
                    -0.7717518210411072
                ],
                [
                    -0.10164139419794083,
                    0.7650364637374878,
                    0.6359152793884277
                ]
            ],
            [
                [
                    0.9879918098449707,
                    -0.15430277585983276,
                    0.007918250747025013
                ],
                [
                    0.11938367784023285,
                    0.7298667430877686,
                    -0.6730839610099792
                ],
                [
                    0.09807945787906647,
                    0.6659468412399292,
                    0.7395235896110535
                ]
            ],
            [
                [
                    0.9981235265731812,
                    0.0017224728362634778,
                    0.06120879948139191
                ],
                [
                    -0.0032595673110336065,
                    0.9996815919876099,
                    0.025021307170391083
                ],
                [
                    -0.06114621087908745,
                    -0.025173868983983994,
                    0.9978113174438477
                ]
            ],
            [
                [
                    0.9866155982017517,
                    0.06013103201985359,
                    0.15157124400138855
                ],
                [
                    -0.06825312227010727,
                    0.9964659214019775,
                    0.048961006104946136
                ],
                [
                    -0.14809150993824005,
                    -0.0586509108543396,
                    0.9872329235076904
                ]
            ],
            [
                [
                    0.9870808124542236,
                    -0.007164306938648224,
                    -0.16006295382976532
                ],
                [
                    0.024372762069106102,
                    0.994087815284729,
                    0.10580797493457794
                ],
                [
                    0.1583585888147354,
                    -0.10834220051765442,
                    0.9814196228981018
                ]
            ],
            [
                [
                    0.9986022114753723,
                    0.0021637179888784885,
                    0.05281220003962517
                ],
                [
                    0.00244294386357069,
                    0.996204674243927,
                    -0.08700697124004364
                ],
                [
                    -0.052800022065639496,
                    0.08701435476541519,
                    0.9948068857192993
                ]
            ],
            [
                [
                    0.9868250489234924,
                    -0.1467312127351761,
                    0.068162702023983
                ],
                [
                    0.14002400636672974,
                    0.9856261610984802,
                    0.0945221558213234
                ],
                [
                    -0.0810522809624672,
                    -0.08373242616653442,
                    0.9931864738464355
                ]
            ],
            [
                [
                    0.9939998984336853,
                    0.10582079738378525,
                    -0.02768062986433506
                ],
                [
                    -0.10187413543462753,
                    0.9877803921699524,
                    0.11794684827327728
                ],
                [
                    0.039823614060878754,
                    -0.11441920697689056,
                    0.9926339983940125
                ]
            ],
            [
                [
                    0.9941543936729431,
                    -0.027015743777155876,
                    0.10453244298696518
                ],
                [
                    0.02749590203166008,
                    0.9996169209480286,
                    -0.0031547958496958017
                ],
                [
                    -0.1044071689248085,
                    0.006010568700730801,
                    0.9945163726806641
                ]
            ],
            [
                [
                    0.9079434871673584,
                    0.047391049563884735,
                    -0.4164045453071594
                ],
                [
                    -0.017892325296998024,
                    0.9970632791519165,
                    0.07446280866861343
                ],
                [
                    0.4187105596065521,
                    -0.06015757471323013,
                    0.9061250686645508
                ]
            ],
            [
                [
                    0.8650385737419128,
                    -0.06506358832120895,
                    0.49746859073638916
                ],
                [
                    0.0391370989382267,
                    0.9972848296165466,
                    0.06237946078181267
                ],
                [
                    -0.5001765489578247,
                    -0.0344911552965641,
                    0.865236222743988
                ]
            ],
            [
                [
                    0.9996507167816162,
                    0.01827618107199669,
                    0.01908930018544197
                ],
                [
                    -0.016501668840646744,
                    0.9958676099777222,
                    -0.08930473029613495
                ],
                [
                    -0.020642567425966263,
                    0.08895853161811829,
                    0.9958213567733765
                ]
            ],
            [
                [
                    0.6786854863166809,
                    0.6470171809196472,
                    -0.34749776124954224
                ],
                [
                    -0.617040753364563,
                    0.7589475512504578,
                    0.20798857510089874
                ],
                [
                    0.39830482006073,
                    0.07326145470142365,
                    0.9143226742744446
                ]
            ],
            [
                [
                    0.5028356313705444,
                    -0.7134822010993958,
                    0.48795440793037415
                ],
                [
                    0.6558469533920288,
                    0.6826353669166565,
                    0.3222945034503937
                ],
                [
                    -0.5630463361740112,
                    0.15796224772930145,
                    0.8111885190010071
                ]
            ],
            [
                [
                    0.6314055919647217,
                    -0.22291390597820282,
                    -0.74272221326828
                ],
                [
                    0.23254704475402832,
                    0.9681404829025269,
                    -0.09287521243095398
                ],
                [
                    0.7397627234458923,
                    -0.11407593637704849,
                    0.6631273031234741
                ]
            ],
            [
                [
                    0.5915176272392273,
                    0.2567595839500427,
                    0.7643176913261414
                ],
                [
                    -0.27772340178489685,
                    0.9548152089118958,
                    -0.10581949353218079
                ],
                [
                    -0.7569522857666016,
                    -0.14967477321624756,
                    0.6360981464385986
                ]
            ],
            [
                [
                    0.9827786087989807,
                    -0.1847381591796875,
                    0.004240346606820822
                ],
                [
                    0.1847858428955078,
                    0.9824398159980774,
                    -0.02580963261425495
                ],
                [
                    0.0006021388107910752,
                    0.026148712262511253,
                    0.9996578097343445
                ]
            ],
            [
                [
                    0.978267252445221,
                    0.20514681935310364,
                    0.03013295866549015
                ],
                [
                    -0.20476940274238586,
                    0.9786929488182068,
                    -0.015151701867580414
                ],
                [
                    -0.03259924054145813,
                    0.008652104996144772,
                    0.9994310736656189
                ]
            ],
            [
                [
                    0.9840624928474426,
                    0.13946959376335144,
                    -0.11031435430049896
                ],
                [
                    -0.12231020629405975,
                    0.9811790585517883,
                    0.14942528307437897
                ],
                [
                    0.12907841801643372,
                    -0.1335512399673462,
                    0.9826000928878784
                ]
            ],
            [
                [
                    0.9863321781158447,
                    -0.1491718888282776,
                    0.06997611373662949
                ],
                [
                    0.1372874230146408,
                    0.9788625836372375,
                    0.15159198641777039
                ],
                [
                    -0.09111026674509048,
                    -0.13991320133209229,
                    0.9859631061553955
                ]
            ]
        ],
        "betas": [
            0.09184138476848602,
            0.14693498611450195,
            0.0976802408695221,
            0.6079140901565552,
            0.11314663290977478,
            0.0718722939491272,
            -0.031111925840377808,
            0.04320386052131653,
            0.001264914870262146,
            0.02044054865837097
        ]
    },
    "pred_cam_t": [
        0.17911790311336517,
        0.42216554284095764,
        19.61520004272461
    ],
    "focal_length": [
        5000.0,
        5000.0
    ],
    "pred_keypoints_3d": [
        [
            -0.41614672541618347,
            -0.6606571674346924,
            0.10943529009819031
        ],
        [
            -0.25393691658973694,
            -0.6567533016204834,
            0.0005201566964387894
        ],
        [
            -0.13022011518478394,
            -0.6440738439559937,
            0.14269238710403442
        ],
        [
            -0.0848618745803833,
            -0.42799872159957886,
            0.26939669251441956
        ],
        [
            -0.27412888407707214,
            -0.29207754135131836,
            0.37493956089019775
        ],
        [
            -0.33384793996810913,
            -0.5242113471031189,
            -0.10503704845905304
        ],
        [
            -0.37632647156715393,
            -0.2662169337272644,
            -0.10481567680835724
        ],
        [
            -0.49383968114852905,
            -0.14950796961784363,
            0.08269178867340088
        ],
        [
            -0.0023572458885610104,
            -0.23001578450202942,
            0.026247818022966385
        ],
        [
            0.06971428543329239,
            -0.17383304238319397,
            0.09082967042922974
        ],
        [
            0.0702759250998497,
            0.05019958317279816,
            0.40303364396095276
        ],
        [
            0.1783124804496765,
            0.43283557891845703,
            0.44424718618392944
        ],
        [
            -0.02683352679014206,
            -0.1191362738609314,
            0.01739063300192356
        ],
        [
            -0.17087632417678833,
            0.07345972955226898,
            0.30647385120391846
        ],
        [
            -0.011139705777168274,
            0.4174196720123291,
            0.43181055784225464
        ],
        [
            -0.40007907152175903,
            -0.719562292098999,
            0.11946339160203934
        ],
        [
            -0.4375779926776886,
            -0.6995863914489746,
            0.06728850305080414
        ],
        [
            -0.3101767301559448,
            -0.7692790031433105,
            0.09395988285541534
        ],
        [
            -0.3953946828842163,
            -0.7258225679397583,
            -0.023778483271598816
        ],
        [
            -0.1298455446958542,
            0.4396243691444397,
            0.5934096574783325
        ],
        [
            -0.13586574792861938,
            0.48557543754577637,
            0.5236736536026001
        ],
        [
            0.036752909421920776,
            0.4589384198188782,
            0.40086743235588074
        ],
        [
            0.09200800955295563,
            0.44282448291778564,
            0.6263852119445801
        ],
        [
            0.17967915534973145,
            0.43707579374313354,
            0.6152992844581604
        ],
        [
            0.21838967502117157,
            0.4829404950141907,
            0.40875479578971863
        ],
        [
            0.19768713414669037,
            0.3809836208820343,
            0.41935622692108154
        ],
        [
            0.0656079351902008,
            0.004474948160350323,
            0.3618883788585663
        ],
        [
            0.11193322390317917,
            -0.31346404552459717,
            0.0774274617433548
        ],
        [
            -0.08789586275815964,
            -0.17914429306983948,
            -0.08869192004203796
        ],
        [
            -0.17375139892101288,
            0.052129484713077545,
            0.27490031719207764
        ],
        [
            -0.011307635344564915,
            0.3952431380748749,
            0.39551806449890137
        ],
        [
            -0.2839369773864746,
            -0.31983768939971924,
            0.353228896856308
        ],
        [
            -0.10425800085067749,
            -0.4575513005256653,
            0.28774312138557434
        ],
        [
            -0.154454305768013,
            -0.6573389768600464,
            0.11287521570920944
        ],
        [
            -0.32647380232810974,
            -0.557795524597168,
            -0.1004134938120842
        ],
        [
            -0.41376766562461853,
            -0.2993636429309845,
            -0.09788031876087189
        ],
        [
            -0.49863481521606445,
            -0.16961604356765747,
            0.07916463911533356
        ],
        [
            -0.2631467580795288,
            -0.6504106521606445,
            0.006939114071428776
        ],
        [
            -0.3967688977718353,
            -0.780332624912262,
            0.04829004406929016
        ],
        [
            0.012421062216162682,
            -0.2466738522052765,
            -0.006145848892629147
        ],
        [
            -0.23591464757919312,
            -0.6049661040306091,
            0.006635954603552818
        ],
        [
            -0.10132017731666565,
            -0.4709051549434662,
            -0.028652707114815712
        ],
        [
            -0.3557772636413574,
            -0.6740208268165588,
            0.05488556623458862
        ],
        [
            -0.3994170129299164,
            -0.8017734289169312,
            0.04779687523841858
        ]
    ],
    "pred_vertices": [
        [
            -0.471029132604599,
            -0.7350019216537476,
            0.06365139037370682
        ],
        [
            -0.4633849859237671,
            -0.7216818332672119,
            0.07064564526081085
        ],
        [
            -0.4624263644218445,
            -0.7202228307723999,
            0.05618081986904144
        ],
        [
            -0.46593236923217773,
            -0.7315407991409302,
            0.04732610285282135
        ],
        [
            -0.45839548110961914,
            -0.710870623588562,
            0.06199602782726288
        ],
        [
            -0.4579728841781616,
            -0.7117339372634888,
            0.07379008829593658
        ],
        [
            -0.45638930797576904,
            -0.7181342840194702,
            0.04390887916088104
        ],
        [
            -0.45674335956573486,
            -0.7274469137191772,
            0.03422975912690163
        ],
        [
            -0.4312276840209961,
            -0.6923291683197021,
            0.02932683378458023
        ],
        [
            -0.42521312832832336,
            -0.6920607089996338,
            0.01995181292295456
        ],
        [
            -0.43331652879714966,
            -0.7017450332641602,
            0.022295640781521797
        ],
        [
            -0.43648940324783325,
            -0.7001684904098511,
            0.031721919775009155
        ],
        [
            -0.41392982006073,
            -0.6731177568435669,
            0.025756889954209328
        ],
        [
            -0.4106833040714264,
            -0.6629571914672852,
            0.03454960510134697
        ],
        [
            -0.4008607566356659,
            -0.6596318483352661,
            0.02597530372440815
        ],
        [
            -0.4029412269592285,
            -0.6700354814529419,
            0.017200982198119164
        ],
        [
            -0.41551852226257324,
            -0.6724677085876465,
            0.07574707269668579
        ],
        [
            -0.41409945487976074,
            -0.6659075021743774,
            0.07022400200366974
        ],
        [
            -0.41940099000930786,
            -0.6707879304885864,
            0.06717772781848907
        ],
        [
            -0.41979777812957764,
            -0.6770069003105164,
            0.07300305366516113
        ],
        [
            -0.4201555848121643,
            -0.6804852485656738,
            0.08762849867343903
        ],
        [
            -0.4216225743293762,
            -0.686387300491333,
            0.08509279787540436
        ],
        [
            -0.42481163144111633,
            -0.6882196664810181,
            0.0923776626586914
        ],
        [
            -0.4239976704120636,
            -0.68099445104599,
            0.0947723537683487
        ],
        [
            -0.40995559096336365,
            -0.6693191528320312,
            0.0799294114112854
        ],
        [
            -0.4081555902957916,
            -0.6627180576324463,
            0.07373858988285065
        ],
        [
            -0.41715341806411743,
            -0.6777815818786621,
            0.08092854917049408
        ],
        [
            -0.415303498506546,
            -0.6738475561141968,
            0.08357609808444977
        ],
        [
            -0.4170699715614319,
            -0.6645234823226929,
            0.09184578061103821
        ],
        [
            -0.41961580514907837,
            -0.6687198877334595,
            0.09007306396961212
        ],
        [
            -0.42305901646614075,
            -0.6670546531677246,
            0.09700028598308563
        ],
        [
            -0.41861051321029663,
            -0.6632269620895386,
            0.09717702865600586
        ],
        [
            -0.41242170333862305,
            -0.6676422357559204,
            0.08381050825119019
        ],
        [
            -0.41616809368133545,
            -0.6686184406280518,
            0.08528894186019897
        ],
        [
            -0.4142504334449768,
            -0.6651068925857544,
            0.08839595317840576
        ],
        [
            -0.4102468192577362,
            -0.6650786399841309,
            0.08743056654930115
        ],
        [
            -0.41957491636276245,
            -0.6756910681724548,
            0.08954496681690216
        ],
        [
            -0.4237021803855896,
            -0.6744766235351562,
            0.09628986567258835
        ],
        [
            -0.42706137895584106,
            -0.6731740236282349,
            0.10385581105947495
        ],
        [
            -0.4248073995113373,
            -0.6646127700805664,
            0.10453230142593384
        ],
        [
            -0.4079088568687439,
            -0.6547262668609619,
            0.05633823573589325
        ],
        [
            -0.41217130422592163,
            -0.6597278714179993,
            0.06341347098350525
        ],
        [
            -0.40675482153892517,
            -0.6567173004150391,
            0.06741287559270859
        ],
        [
            -0.40426957607269287,
            -0.6521210074424744,
            0.0613226555287838
        ],
        [
            -0.40674662590026855,
            -0.663769543170929,
            0.08402813971042633
        ],
        [
            -0.3992002308368683,
            -0.6496306657791138,
            0.07965990900993347
        ],
        [
            -0.4018535315990448,
            -0.6525132060050964,
            0.0799340009689331
        ],
        [
            -0.40172260999679565,
            -0.6529847383499146,
            0.08724411576986313
        ],
        [
            -0.39943575859069824,
            -0.6501786708831787,
            0.08637505024671555
        ],
        [
            -0.396703839302063,
            -0.6456703543663025,
            0.04577064886689186
        ],
        [
            -0.39609283208847046,
            -0.6437283754348755,
            0.05294710770249367
        ],
        [
            -0.3905644416809082,
            -0.6392794847488403,
            0.050378862768411636
        ],
        [
            -0.38931024074554443,
            -0.6408897638320923,
            0.04303519427776337
        ],
        [
            -0.38501325249671936,
            -0.635547399520874,
            0.05155107378959656
        ],
        [
            -0.38186848163604736,
            -0.6362252235412598,
            0.0418870709836483
        ],
        [
            -0.3683815896511078,
            -0.6265117526054382,
            0.048064183443784714
        ],
        [
            -0.3745584487915039,
            -0.6308634877204895,
            0.0447097085416317
        ],
        [
            -0.37973296642303467,
            -0.6315895915031433,
            0.05452609807252884
        ],
        [
            -0.3756251633167267,
            -0.6272352933883667,
            0.06030889227986336
        ],
        [
            -0.37769198417663574,
            -0.6304111480712891,
            0.07492387294769287
        ],
        [
            -0.37560492753982544,
            -0.6296366453170776,
            0.0812789648771286
        ],
        [
            -0.36927011609077454,
            -0.619299590587616,
            0.07515249401330948
        ],
        [
            -0.3720859885215759,
            -0.6222372055053711,
            0.06834487617015839
        ],
        [
            -0.39264148473739624,
            -0.6464976668357849,
            0.07688461244106293
        ],
        [
            -0.3930087089538574,
            -0.6468421220779419,
            0.07202878594398499
        ],
        [
            -0.39552581310272217,
            -0.6467982530593872,
            0.07324854284524918
        ],
        [
            -0.39606714248657227,
            -0.6472644805908203,
            0.07856602966785431
        ],
        [
            -0.3936852216720581,
            -0.646389901638031,
            0.0679517388343811
        ],
        [
            -0.39395374059677124,
            -0.646055281162262,
            0.06614717096090317
        ],
        [
            -0.3953741192817688,
            -0.6465816497802734,
            0.06715066730976105
        ],
        [
            -0.39468395709991455,
            -0.6466540098190308,
            0.06829844415187836
        ],
        [
            -0.3937641680240631,
            -0.6466735601425171,
            0.07026255130767822
        ],
        [
            -0.3922640085220337,
            -0.6452059745788574,
            0.07117311656475067
        ],
        [
            -0.39301982522010803,
            -0.645764946937561,
            0.0689283013343811
        ],
        [
            -0.3916630744934082,
            -0.6440833806991577,
            0.07561594247817993
        ],
        [
            -0.3888685703277588,
            -0.6424458026885986,
            0.09033236652612686
        ],
        [
            -0.3900708556175232,
            -0.6419410705566406,
            0.08643342554569244
        ],
        [
            -0.3913297653198242,
            -0.6465550661087036,
            0.0874641165137291
        ],
        [
            -0.39049315452575684,
            -0.6473360061645508,
            0.09078256785869598
        ],
        [
            -0.3970579504966736,
            -0.6480851173400879,
            0.06959299743175507
        ],
        [
            -0.3986750543117523,
            -0.6486468315124512,
            0.06762616336345673
        ],
        [
            -0.4004848003387451,
            -0.650240421295166,
            0.07299164682626724
        ],
        [
            -0.39777809381484985,
            -0.6486803293228149,
            0.07333041727542877
        ],
        [
            -0.4012884497642517,
            -0.6494473218917847,
            0.0653453916311264
        ],
        [
            -0.3969701826572418,
            -0.6472830772399902,
            0.06507562845945358
        ],
        [
            -0.3986526429653168,
            -0.6477144956588745,
            0.06221704185009003
        ],
        [
            -0.3925933241844177,
            -0.6447911262512207,
            0.0664527416229248
        ],
        [
            -0.3921854496002197,
            -0.6433218717575073,
            0.06323699653148651
        ],
        [
            -0.39471331238746643,
            -0.6447982788085938,
            0.0635657012462616
        ],
        [
            -0.3892190754413605,
            -0.6412053108215332,
            0.06486590206623077
        ],
        [
            -0.39065951108932495,
            -0.6435075998306274,
            0.06893805414438248
        ],
        [
            -0.3893335461616516,
            -0.6416288018226624,
            0.07325387746095657
        ],
        [
            -0.3881571292877197,
            -0.639838695526123,
            0.07883846759796143
        ],
        [
            -0.38452082872390747,
            -0.6367719173431396,
            0.07462775707244873
        ],
        [
            -0.3866889178752899,
            -0.638799250125885,
            0.06898379325866699
        ],
        [
            -0.4034472107887268,
            -0.6537027359008789,
            0.07114367187023163
        ],
        [
            -0.39537423849105835,
            -0.6441115736961365,
            0.058977141976356506
        ],
        [
            -0.40075355768203735,
            -0.6486688256263733,
            0.056798551231622696
        ],
        [
            -0.3917352557182312,
            -0.6408079862594604,
            0.058005813509225845
        ],
        [
            -0.3875875174999237,
            -0.6379810571670532,
            0.059135910123586655
        ],
        [
            -0.38330164551734924,
            -0.6352334022521973,
            0.06322949379682541
        ],
        [
            -0.38043028116226196,
            -0.6325213313102722,
            0.06876209378242493
        ],
        [
            -0.357674241065979,
            -0.6173828840255737,
            0.06567792594432831
        ],
        [
            -0.36266660690307617,
            -0.6209877729415894,
            0.05779919773340225
        ],
        [
            -0.4504361152648926,
            -0.7075920701026917,
            0.0729699656367302
        ],
        [
            -0.45293962955474854,
            -0.705797553062439,
            0.06441144645214081
        ],
        [
            -0.44547367095947266,
            -0.7015683650970459,
            0.060466837137937546
        ],
        [
            -0.4475822448730469,
            -0.7026301026344299,
            0.05924278870224953
        ],
        [
            -0.44778013229370117,
            -0.7042770385742188,
            0.06543656438589096
        ],
        [
            -0.4454305171966553,
            -0.7020647525787354,
            0.06519961357116699
        ],
        [
            -0.4384404122829437,
            -0.7001979351043701,
            0.039898499846458435
        ],
        [
            -0.4399751126766205,
            -0.7004107236862183,
            0.04658599942922592
        ],
        [
            -0.4364939033985138,
            -0.6982914805412292,
            0.045257650315761566
        ],
        [
            -0.43452078104019165,
            -0.6949248313903809,
            0.03771958872675896
        ],
        [
            -0.4322875142097473,
            -0.6908462047576904,
            0.054473333060741425
        ],
        [
            -0.43312889337539673,
            -0.6923696994781494,
            0.04935549199581146
        ],
        [
            -0.4373859465122223,
            -0.6969795227050781,
            0.05453018844127655
        ],
        [
            -0.4367246627807617,
            -0.6959022283554077,
            0.058255523443222046
        ],
        [
            -0.4357035756111145,
            -0.6957125663757324,
            0.062320124357938766
        ],
        [
            -0.43408337235450745,
            -0.696405827999115,
            0.0665002316236496
        ],
        [
            -0.43082982301712036,
            -0.6923718452453613,
            0.06526735424995422
        ],
        [
            -0.43170809745788574,
            -0.691091775894165,
            0.06008708104491234
        ],
        [
            -0.44605159759521484,
            -0.7062052488327026,
            0.07143271714448929
        ],
        [
            -0.4413871765136719,
            -0.707722544670105,
            0.07712671160697937
        ],
        [
            -0.4400429129600525,
            -0.7052897214889526,
            0.07518162578344345
        ],
        [
            -0.44398149847984314,
            -0.7035104036331177,
            0.0707145407795906
        ],
        [
            -0.42749476432800293,
            -0.7059205770492554,
            0.079768106341362
        ],
        [
            -0.43030864000320435,
            -0.7068712115287781,
            0.07971212267875671
        ],
        [
            -0.4301314949989319,
            -0.7083620429039001,
            0.08344471454620361
        ],
        [
            -0.4263588786125183,
            -0.7055293321609497,
            0.08313003182411194
        ],
        [
            -0.42586058378219604,
            -0.7024941444396973,
            0.08093541115522385
        ],
        [
            -0.42745503783226013,
            -0.7039947509765625,
            0.07877322286367416
        ],
        [
            -0.4779719412326813,
            -0.7545033693313599,
            0.07230407744646072
        ],
        [
            -0.47101205587387085,
            -0.7389286756515503,
            0.07926051318645477
        ],
        [
            -0.4748004674911499,
            -0.751284658908844,
            0.0524258054792881
        ],
        [
            -0.4663395881652832,
            -0.7464656829833984,
            0.03655968979001045
        ],
        [
            -0.45649710297584534,
            -0.7383896112442017,
            0.023589231073856354
        ],
        [
            -0.39858347177505493,
            -0.6510900259017944,
            0.036207012832164764
        ],
        [
            -0.38987278938293457,
            -0.646896243095398,
            0.030889367684721947
        ],
        [
            -0.3907544016838074,
            -0.6572079658508301,
            0.01828417181968689
        ],
        [
            -0.3805353045463562,
            -0.6515960693359375,
            0.016072669997811317
        ],
        [
            -0.38012176752090454,
            -0.6410184502601624,
            0.02959595061838627
        ],
        [
            -0.3601604402065277,
            -0.6302054524421692,
            0.037571053951978683
        ],
        [
            -0.3701353669166565,
            -0.6349358558654785,
            0.0317978709936142
        ],
        [
            -0.36867961287498474,
            -0.6469944715499878,
            0.015900399535894394
        ],
        [
            -0.37079882621765137,
            -0.662940263748169,
            0.0013212505728006363
        ],
        [
            -0.3817484378814697,
            -0.6647751927375793,
            0.004680044949054718
        ],
        [
            -0.3741750717163086,
            -0.6812445521354675,
            -0.007881557568907738
        ],
        [
            -0.3564732074737549,
            -0.663546085357666,
            -0.0024455133825540543
        ],
        [
            -0.36658817529678345,
            -0.6856721639633179,
            -0.01112537831068039
        ],
        [
            -0.3293960988521576,
            -0.6365734338760376,
            0.010453103110194206
        ],
        [
            -0.3218051493167877,
            -0.629330039024353,
            0.005814455449581146
        ],
        [
            -0.32402727007865906,
            -0.6389071941375732,
            -0.011073186993598938
        ],
        [
            -0.3318498134613037,
            -0.645940899848938,
            -0.006565159186720848
        ],
        [
            -0.3922167420387268,
            -0.6669752597808838,
            0.009233411401510239
        ],
        [
            -0.43637019395828247,
            -0.7133277654647827,
            0.017315296456217766
        ],
        [
            -0.44094568490982056,
            -0.7089203596115112,
            0.0271821990609169
        ],
        [
            -0.426957368850708,
            -0.704761266708374,
            0.0123059693723917
        ],
        [
            -0.46116113662719727,
            -0.7702584862709045,
            0.010446306318044662
        ],
        [
            -0.4663718640804291,
            -0.7589842081069946,
            0.02424454130232334
        ],
        [
            -0.4564858078956604,
            -0.7489571571350098,
            0.01325077936053276
        ],
        [
            -0.45306771993637085,
            -0.7607958316802979,
            0.0015374943614006042
        ],
        [
            -0.473280131816864,
            -0.8005546927452087,
            0.04163549840450287
        ],
        [
            -0.4796934425830841,
            -0.7777701616287231,
            0.056833624839782715
        ],
        [
            -0.4742887616157532,
            -0.7701504826545715,
            0.04142706096172333
        ],
        [
            -0.4696730673313141,
            -0.7869736552238464,
            0.02751906029880047
        ],
        [
            -0.44636252522468567,
            -0.7677323818206787,
            -0.007597830146551132
        ],
        [
            -0.436238169670105,
            -0.7785172462463379,
            -0.0186186283826828
        ],
        [
            -0.43980860710144043,
            -0.7954739928245544,
            -0.017387431114912033
        ],
        [
            -0.4532485604286194,
            -0.784546971321106,
            -0.0031903833150863647
        ],
        [
            -0.4419654607772827,
            -0.8181729912757874,
            -0.009507983922958374
        ],
        [
            -0.4578070342540741,
            -0.8054379224777222,
            0.008089810609817505
        ],
        [
            -0.3507496118545532,
            -0.6811263561248779,
            -0.015951264649629593
        ],
        [
            -0.361228346824646,
            -0.6971358060836792,
            -0.01759965717792511
        ],
        [
            -0.34244292974472046,
            -0.6540038585662842,
            -0.0012587551027536392
        ],
        [
            -0.34057140350341797,
            -0.667548418045044,
            -0.015958096832036972
        ],
        [
            -0.43886280059814453,
            -0.8383550643920898,
            0.0035086795687675476
        ],
        [
            -0.45857638120651245,
            -0.8236902952194214,
            0.023846864700317383
        ],
        [
            -0.38790959119796753,
            -0.7905081510543823,
            -0.041794195771217346
        ],
        [
            -0.4049384295940399,
            -0.7989410161972046,
            -0.03703386336565018
        ],
        [
            -0.40947356820106506,
            -0.7789473533630371,
            -0.033934034407138824
        ],
        [
            -0.3931809365749359,
            -0.7733590602874756,
            -0.03888236731290817
        ],
        [
            -0.3787907063961029,
            -0.808767557144165,
