{
    "pred_cam": [
        1.9536272287368774,
        0.19938567280769348,
        0.39850255846977234
    ],
    "pred_smpl_params": {
        "global_orient": [
            [
                [
                    -0.6618484854698181,
                    -0.2140694558620453,
                    -0.7184224128723145
                ],
                [
                    0.43167644739151,
                    -0.8923493027687073,
                    -0.13178834319114685
                ],
                [
                    -0.6128718852996826,
                    -0.3973499834537506,
                    0.6830087900161743
                ]
            ]
        ],
        "body_pose": [
            [
                [
                    0.995459794998169,
                    0.08173923939466476,
                    -0.04877028241753578
                ],
                [
                    -0.013098267838358879,
                    0.6251465082168579,
                    0.7803974747657776
                ],
                [
                    0.09427767246961594,
                    -0.7762154936790466,
                    0.6233788728713989
                ]
            ],
            [
                [
                    0.9972337484359741,
                    0.0569375641644001,
                    0.04778038710355759
                ],
                [
                    -0.07427213340997696,
                    0.7380945682525635,
                    0.6705967783927917
                ],
                [
                    0.0029156990349292755,
                    -0.6722905039787292,
                    0.7402817010879517
                ]
            ],
            [
                [
                    0.9960445165634155,
                    0.047165170311927795,
                    0.0753045305609703
                ],
                [
                    0.013104208745062351,
                    0.7602535486221313,
                    -0.6494942903518677
                ],
                [
                    -0.08788403868675232,
                    0.6479120254516602,
                    0.7566283345222473
                ]
            ],
            [
                [
                    0.9837392568588257,
                    0.17762531340122223,
                    0.026576019823551178
                ],
                [
                    -0.08847083896398544,
                    0.6080218553543091,
                    -0.7889754772186279
                ],
                [
                    -0.15630081295967102,
                    0.773794949054718,
                    0.6138496398925781
                ]
            ],
            [
                [
                    0.9943155646324158,
                    -0.10584501177072525,
                    -0.011547922156751156
                ],
                [
                    0.06990984082221985,
                    0.7308167815208435,
                    -0.6789841651916504
                ],
                [
                    0.08030649274587631,
                    0.6743172407150269,
                    0.734062135219574
                ]
            ],
            [
                [
                    0.9981635808944702,
                    -0.0036327929701656103,
                    0.060467686504125595
                ],
                [
                    0.0018586245132610202,
                    0.9995668530464172,
                    0.029371177777647972
                ],
                [
                    -0.060548193752765656,
                    -0.029204851016402245,
                    0.9977380037307739
                ]
            ],
            [
                [
                    0.9891771078109741,
                    0.035307858139276505,
                    0.14241482317447662
                ],
                [
                    -0.043523211032152176,
                    0.9975379705429077,
                    0.05498909577727318
                ],
                [
                    -0.14012263715267181,
                    -0.06059231236577034,
                    0.9882784485816956
                ]
            ],
            [
                [
                    0.9894205331802368,
                    -0.018609201535582542,
                    -0.14387696981430054
                ],
                [
                    0.030709439888596535,
                    0.9961307048797607,
                    0.08234363049268723
                ],
                [
                    0.14178793132305145,
                    -0.08589087426662445,
                    0.9861636757850647
                ]
            ],
            [
                [
                    0.9987419247627258,
                    -0.001631542923860252,
                    0.050117719918489456
                ],
                [
                    0.005211410578340292,
                    0.997435450553894,
                    -0.07138189673423767
                ],
                [
                    -0.04987272620201111,
                    0.07155328243970871,
                    0.9961891174316406
                ]
            ],
            [
                [
                    0.9879701137542725,
                    -0.12664613127708435,
                    0.08874595910310745
                ],
                [
                    0.11830748617649078,
                    0.9885501861572266,
                    0.0936584398150444
                ],
                [
                    -0.09959131479263306,
                    -0.08203242719173431,
                    0.9916412234306335
                ]
            ],
            [
                [
                    0.9917252659797668,
                    0.12706956267356873,
                    -0.018287701532244682
                ],
                [
                    -0.12422128766775131,
                    0.9857811331748962,
                    0.11315784603357315
                ],
                [
                    0.03240658715367317,
                    -0.1099497601389885,
                    0.9934087991714478
                ]
            ],
            [
                [
                    0.9947370290756226,
                    -0.030405739322304726,
                    0.09784485399723053
                ],
                [
                    0.032815102487802505,
                    0.9991942644119263,
                    -0.023109646514058113
                ],
                [
                    -0.097063347697258,
                    0.026198813691735268,
                    0.9949333071708679
                ]
            ],
            [
                [
                    0.8900632858276367,
                    0.03282301500439644,
                    -0.45465371012687683
                ],
                [
                    0.003660171292722225,
                    0.9968574047088623,
                    0.07913197576999664
                ],
                [
                    0.45582228899002075,
                    -0.0720965787768364,
                    0.8871460556983948
                ]
            ],
            [
                [
                    0.8314158916473389,
                    -0.025127800181508064,
                    0.5550820231437683
                ],
                [
                    -0.006077292375266552,
                    0.9985059499740601,
                    0.054303720593452454
                ],
                [
                    -0.5556172728538513,
                    -0.04852238669991493,
                    0.8300210237503052
                ]
            ],
            [
                [
                    0.9995352625846863,
                    0.01629982888698578,
                    0.025762690231204033
                ],
                [
                    -0.015173505060374737,
                    0.9989457726478577,
                    -0.04332524538040161
                ],
                [
                    -0.026441724970936775,
                    0.042914196848869324,
                    0.99872887134552
                ]
            ],
            [
                [
                    0.6566756963729858,
                    0.6598183512687683,
                    -0.36526238918304443
                ],
                [
                    -0.6105557680130005,
                    0.7494215369224548,
                    0.2561033368110657
                ],
                [
                    0.44271722435951233,
                    0.0548362098634243,
                    0.8949828147888184
                ]
            ],
            [
                [
                    0.4987005889415741,
                    -0.7071161270141602,
                    0.5012828707695007
                ],
                [
                    0.6327114105224609,
                    0.6922610998153687,
                    0.3470603823661804
                ],
                [
                    -0.592430591583252,
                    0.14408814907073975,
                    0.7926314473152161
                ]
            ],
            [
                [
                    0.43560540676116943,
                    -0.29795581102371216,
                    -0.8493939638137817
                ],
                [
                    0.3356837332248688,
                    0.9293270707130432,
                    -0.15384234488010406
                ],
                [
                    0.8352031707763672,
                    -0.21811319887638092,
                    0.5048388242721558
                ]
            ],
            [
                [
                    0.4677216112613678,
                    0.2929847538471222,
                    0.8339043259620667
                ],
                [
                    -0.3340098559856415,
                    0.93209308385849,
                    -0.1401425153017044
                ],
                [
                    -0.8183360695838928,
                    -0.21298456192016602,
                    0.533819854259491
                ]
            ],
            [
                [
                    0.9688772559165955,
                    -0.24747046828269958,
                    -0.005934121087193489
                ],
                [
                    0.24749617278575897,
                    0.968880295753479,
                    0.004070678260177374
                ],
                [
                    0.004742080811411142,
                    -0.005412660073488951,
                    0.9999740719795227
                ]
            ],
            [
                [
                    0.9679380655288696,
                    0.24884435534477234,
                    0.034240394830703735
                ],
                [
                    -0.24794821441173553,
                    0.9683574438095093,
                    -0.028381260111927986
                ],
                [
                    -0.04021945968270302,
                    0.018981456756591797,
                    0.9990105628967285
                ]
            ],
            [
                [
                    0.9811582565307617,
                    0.15760475397109985,
                    -0.11175557971000671
                ],
                [
                    -0.1408623307943344,
                    0.9794211983680725,
                    0.14454054832458496
                ],
                [
                    0.1322360634803772,
                    -0.12607499957084656,
                    0.9831677675247192
                ]
            ],
            [
                [
                    0.9811682105064392,
                    -0.1741534024477005,
                    0.08354309946298599
                ],
                [
                    0.15880385041236877,
                    0.9735338687896729,
                    0.1643570214509964
                ],
                [
                    -0.10995535552501678,
                    -0.14799493551254272,
                    0.9828566908836365
                ]
            ]
        ],
        "betas": [
            0.06929202377796173,
            0.15496103465557098,
            -0.05606546998023987,
            0.26233524084091187,
            0.09694188833236694,
            0.08788782358169556,
            -0.01854538917541504,
            0.023376256227493286,
            0.014728367328643799,
            0.011540114879608154
        ]
    },
    "pred_cam_t": [
        0.19938567280769348,
        0.39850255846977234,
        19.994857788085938
    ],
    "focal_length": [
        5000.0,
        5000.0
    ],
    "pred_keypoints_3d": [
        [
            -0.4354245066642761,
            -0.6151421070098877,
            0.11044220626354218
        ],
        [
            -0.2715776264667511,
            -0.6268144249916077,
            0.007297385483980179
        ],
        [
            -0.1618369221687317,
            -0.6136420965194702,
            0.15356630086898804
        ],
        [
            -0.1240893304347992,
            -0.39059001207351685,
            0.2728426158428192
        ],
        [
            -0.3428018391132355,
            -0.2719097435474396,
            0.3357820212841034
        ],
        [
            -0.34094804525375366,
            -0.4966503083705902,
            -0.10289783030748367
        ],
        [
            -0.3699549436569214,
            -0.2358386516571045,
            -0.0963183343410492
        ],
        [
            -0.504094123840332,
            -0.17399591207504272,
            0.10631300508975983
        ],
        [
            -0.0020978739485144615,
            -0.22579655051231384,
            0.02658282034099102
        ],
        [
            0.06479715555906296,
            -0.17315618693828583,
            0.0995945855975151
        ],
        [
            -0.01469895988702774,
            0.022300943732261658,
            0.42262110114097595
        ],
        [
            0.08295760303735733,
            0.39616847038269043,
            0.53239506483078
        ],
        [
            -0.02225818857550621,
            -0.11396030336618423,
            0.016051508486270905
        ],
        [
            -0.18497563898563385,
            0.0618874654173851,
            0.30832675099372864
        ],
        [
            -0.005552247166633606,
            0.3783924877643585,
            0.477980375289917
        ],
        [
            -0.42274168133735657,
            -0.6739472150802612,
            0.12389680743217468
        ],
        [
            -0.45725053548812866,
            -0.6547427773475647,
            0.06937460601329803
        ],
        [
            -0.33501866459846497,
            -0.7288206219673157,
            0.10417570918798447
        ],
        [
            -0.413085013628006,
            -0.6870074272155762,
            -0.018658364191651344
        ],
        [
            -0.13684304058551788,
            0.399238646030426,
            0.629004180431366
        ],
        [
            -0.13257509469985962,
            0.44981110095977783,
            0.5636699199676514
        ],
        [
            0.04824820160865784,
            0.4172617197036743,
            0.45488446950912476
        ],
        [
            -0.04071289300918579,
            0.3933050036430359,
            0.6909637451171875
        ],
        [
            0.046716272830963135,
            0.3851454257965088,
            0.6996311545372009
        ],
        [
            0.13036417961120605,
            0.4484695792198181,
            0.5114888548851013
        ],
        [
            0.10685727000236511,
            0.3470924496650696,
            0.5062242746353149
        ],
        [
            -0.009245727211236954,
            -0.01950060762465,
            0.37819704413414
        ],
        [
            0.10649475455284119,
            -0.31281551718711853,
            0.08813801407814026
        ],
        [
            -0.07348588854074478,
            -0.16840806603431702,
            -0.09769929200410843
        ],
        [
            -0.18628665804862976,
            0.04312001168727875,
            0.274752140045166
        ],
        [
            -0.004770335275679827,
            0.3590415120124817,
            0.440017431974411
        ],
        [
            -0.34570321440696716,
            -0.30164647102355957,
            0.31448444724082947
        ],
        [
            -0.14676666259765625,
            -0.419490784406662,
            0.2902972400188446
        ],
        [
            -0.18260052800178528,
            -0.6269355416297913,
            0.12374234199523926
        ],
        [
            -0.33565187454223633,
            -0.5290589928627014,
            -0.09765483438968658
        ],
        [
            -0.4084242582321167,
            -0.26913687586784363,
            -0.09385157376527786
        ],
        [
            -0.5075802803039551,
            -0.19354301691055298,
            0.09753212332725525
        ],
        [
            -0.28280067443847656,
            -0.619176983833313,
            0.013596028089523315
        ],
        [
            -0.4193100035190582,
            -0.7382291555404663,
            0.055469539016485214
        ],
        [
            0.017121322453022003,
            -0.24115818738937378,
            -0.005365854129195213
        ],
        [
            -0.25423794984817505,
            -0.5756425857543945,
            0.013453986495733261
        ],
        [
            -0.10691051930189133,
            -0.45575040578842163,
            -0.02614772692322731
        ],
        [
            -0.37414830923080444,
            -0.6336647272109985,
            0.05918588489294052
        ],
        [
            -0.4230213165283203,
            -0.7595515847206116,
            0.05564136058092117
        ]
    ],
    "pred_vertices": [
        [
            -0.49239280819892883,
            -0.6889837980270386,
            0.06570377945899963
        ],
        [
            -0.48435109853744507,
            -0.675808846950531,
            0.07248088717460632
        ],
        [
            -0.48275119066238403,
            -0.6750630140304565,
            0.05791749805212021
        ],
        [
            -0.48628944158554077,
            -0.6865803003311157,
            0.04956039413809776
        ],
        [
            -0.47839343547821045,
            -0.6656328439712524,
            0.0635492354631424
        ],
        [
            -0.47843343019485474,
            -0.6660220623016357,
            0.07536134868860245
        ],
        [
            -0.4761587381362915,
            -0.6737052202224731,
            0.04587564617395401
        ],
        [
            -0.47658324241638184,
            -0.6834352612495422,
            0.03671971708536148
        ],
        [
            -0.4490853548049927,
            -0.6496673226356506,
            0.031383734196424484
        ],
        [
            -0.44268369674682617,
            -0.6501399278640747,
            0.02229217439889908
        ],
        [
            -0.45143023133277893,
            -0.6593077182769775,
            0.024588389322161674
        ],
        [
            -0.45490628480911255,
            -0.6571621894836426,
            0.03375011309981346
        ],
        [
            -0.4308180809020996,
            -0.6315650939941406,
            0.027695395052433014
        ],
        [
            -0.4274430274963379,
            -0.6210527420043945,
            0.036237455904483795
        ],
        [
            -0.4170854985713959,
            -0.6186869144439697,
            0.027998611330986023
        ],
        [
            -0.41929787397384644,
            -0.6293975114822388,
            0.01959700882434845
        ],
        [
            -0.4342566728591919,
            -0.6282433271408081,
            0.07758855819702148
        ],
        [
            -0.43237677216529846,
            -0.6220311522483826,
            0.07186044752597809
        ],
        [
            -0.4377935528755188,
            -0.6267967820167542,
            0.06879541277885437
        ],
        [
            -0.43865007162094116,
            -0.6327020525932312,
            0.07485760748386383
        ],
        [
            -0.4396359324455261,
            -0.6355863809585571,
            0.08947835117578506
        ],
        [
            -0.44134655594825745,
            -0.6415172815322876,
            0.08713841438293457
        ],
        [
            -0.4447917640209198,
            -0.6429007649421692,
            0.09434129297733307
        ],
        [
            -0.44367659091949463,
            -0.6356449723243713,
            0.09644041955471039
        ],
        [
            -0.42869889736175537,
            -0.625157356262207,
            0.08185993880033493
        ],
        [
            -0.426369845867157,
            -0.6190009117126465,
            0.07546115666627884
        ],
        [
            -0.43625301122665405,
            -0.6332340836524963,
            0.08288775384426117
        ],
        [
            -0.4343368411064148,
            -0.6293636560440063,
            0.08537450432777405
        ],
        [
            -0.43584156036376953,
            -0.6196840405464172,
            0.0931275486946106
        ],
        [
            -0.4385138750076294,
            -0.6238523721694946,
            0.09142619371414185
        ],
        [
            -0.4421231150627136,
            -0.6217642426490784,
            0.09812487661838531
        ],
        [
            -0.437490850687027,
            -0.6181089878082275,
            0.09832394123077393
        ],
        [
            -0.43121570348739624,
            -0.6233295202255249,
            0.08547712862491608
        ],
        [
            -0.4349830150604248,
            -0.624091386795044,
            0.08680881559848785
        ],
        [
            -0.43300676345825195,
            -0.6205527782440186,
            0.08986254036426544
        ],
        [
            -0.4290436804294586,
            -0.6207132935523987,
            0.08908379822969437
        ],
        [
            -0.43883880972862244,
            -0.6307947635650635,
            0.09121920168399811
        ],
        [
            -0.44308948516845703,
            -0.6291306018829346,
            0.09770756214857101
        ],
        [
            -0.44660741090774536,
            -0.6273781657218933,
            0.1050361841917038
        ],
        [
            -0.4440000355243683,
            -0.6189692616462708,
            0.10539638996124268
        ],
        [
            -0.42511260509490967,
            -0.6119353771209717,
            0.0577540248632431
        ],
        [
            -0.42992252111434937,
            -0.6163201928138733,
            0.0648655891418457
        ],
        [
            -0.4244600534439087,
            -0.6133956909179688,
            0.06895683705806732
        ],
        [
            -0.4215073585510254,
            -0.6092896461486816,
            0.0627816766500473
        ],
        [
            -0.42539680004119873,
            -0.6197037100791931,
            0.08575274050235748
        ],
        [
            -0.41703057289123535,
            -0.6063390970230103,
            0.08106398582458496
        ],
        [
            -0.4198131561279297,
            -0.609042763710022,
            0.08136044442653656
        ],
        [
            -0.41997575759887695,
            -0.6092090606689453,
            0.08868719637393951
        ],
        [
            -0.4175480008125305,
            -0.6065853238105774,
            0.08779001981019974
        ],
        [
            -0.41306251287460327,
            -0.6040762662887573,
            0.04732875898480415
        ],
        [
            -0.412611186504364,
            -0.6018513441085815,
            0.05442528426647186
        ],
        [
            -0.4067992866039276,
            -0.5978574156761169,
            0.05192318186163902
        ],
        [
            -0.40538540482521057,
            -0.5998417735099792,
            0.04474503546953201
        ],
        [
            -0.4011923372745514,
            -0.5944067239761353,
            0.053149010986089706
        ],
        [
            -0.3977206349372864,
            -0.5956564545631409,
            0.043675921857357025
        ],
        [
            -0.383975088596344,
            -0.5863320827484131,
            0.04983888566493988
        ],
        [
            -0.39026492834091187,
            -0.5905160903930664,
            0.046519216150045395
        ],
        [
            -0.3958294987678528,
            -0.5906006097793579,
            0.056123871356248856
        ],
        [
            -0.3916946053504944,
            -0.5862299799919128,
            0.061840031296014786
        ],
        [
            -0.39443743228912354,
            -0.5884362459182739,
            0.07646101713180542
        ],
        [
            -0.392554372549057,
            -0.5874629020690918,
            0.08281403034925461
        ],
        [
            -0.38542652130126953,
            -0.5778024792671204,
            0.07648894190788269
        ],
        [
            -0.38819044828414917,
            -0.5810487270355225,
            0.06974485516548157
        ],
        [
            -0.4102170169353485,
            -0.6035711765289307,
            0.0785028412938118
        ],
        [
            -0.4104233682155609,
            -0.6041014194488525,
            0.0736640989780426
        ],
        [
            -0.41296517848968506,
            -0.6038651466369629,
            0.07476489245891571
        ],
        [
            -0.4137134552001953,
            -0.6040703058242798,
            0.0800703763961792
        ],
        [
            -0.41092953085899353,
            -0.6038000583648682,
            0.06957682967185974
        ],
        [
            -0.41110509634017944,
            -0.6035338640213013,
            0.06775829195976257
        ],
        [
            -0.4125661253929138,
            -0.6039338111877441,
            0.0687035471200943
        ],
        [
            -0.4119783639907837,
            -0.6039897203445435,
            0.06990157067775726
        ],
        [
            -0.41114622354507446,
            -0.6039777398109436,
            0.07190726697444916
        ],
        [
            -0.409629762172699,
            -0.6025823354721069,
            0.07281064987182617
        ],
        [
            -0.41028979420661926,
            -0.6031889915466309,
            0.07055941224098206
        ],
        [
            -0.40913626551628113,
            -0.6013166904449463,
            0.07721421122550964
        ],
        [
            -0.40690943598747253,
            -0.5991466045379639,
            0.0918448194861412
        ],
        [
            -0.4078593850135803,
            -0.5987351536750793,
            0.08795791864395142
        ],
        [
            -0.40932366251945496,
            -0.6031852960586548,
            0.08912710100412369
        ],
        [
            -0.40876296162605286,
            -0.6039029359817505,
            0.0924454778432846
        ],
        [
            -0.4145043194293976,
            -0.6053093671798706,
            0.07107986509799957
        ],
        [
            -0.4159407615661621,
            -0.6058491468429565,
            0.06911304593086243
        ],
        [
            -0.41801655292510986,
            -0.6071183085441589,
            0.07445985078811646
        ],
        [
            -0.4152680039405823,
            -0.6056756973266602,
            0.07483768463134766
        ],
        [
            -0.41855788230895996,
            -0.6066046953201294,
            0.06680455803871155
        ],
        [
            -0.4141179919242859,
            -0.6046715974807739,
            0.06661024689674377
        ],
        [
            -0.415770024061203,
            -0.6052222847938538,
            0.06366267800331116
        ],
        [
            -0.4097333252429962,
            -0.6023438572883606,
            0.06807120889425278
        ],
        [
            -0.40913307666778564,
            -0.6010525226593018,
            0.06483183056116104
        ],
        [
            -0.41171884536743164,
            -0.6023455858230591,
            0.06510762125253677
        ],
        [
            -0.4061385691165924,
            -0.5990794897079468,
            0.06648330390453339
        ],
        [
            -0.4078528583049774,
            -0.6010845303535461,
            0.07056611776351929
        ],
        [
            -0.4065908193588257,
            -0.5991322994232178,
            0.07483639568090439
        ],
        [
            -0.4055464267730713,
            -0.5971516370773315,
            0.08037453889846802
        ],
        [
            -0.40162569284439087,
            -0.5944603681564331,
            0.0761912614107132
        ],
        [
            -0.40366095304489136,
            -0.5966438055038452,
            0.07056956738233566
        ],
        [
            -0.42114734649658203,
            -0.6105234622955322,
            0.07258890569210052
        ],
        [
            -0.4121514856815338,
            -0.6018942594528198,
            0.06048062816262245
        ],
        [
            -0.41764289140701294,
            -0.6063033938407898,
            0.05827378109097481
        ],
        [
            -0.4083452522754669,
            -0.5988736748695374,
            0.059535399079322815
        ],
        [
            -0.40413451194763184,
            -0.5962414741516113,
            0.060717448592185974
        ],
        [
            -0.3999227285385132,
            -0.5936201810836792,
            0.06478685140609741
        ],
        [
            -0.3970716595649719,
            -0.5907206535339355,
            0.07031746208667755
        ],
        [
            -0.3733639419078827,
            -0.576744556427002,
            0.06736920028924942
        ],
        [
            -0.3782899081707001,
            -0.580602765083313,
            0.05947721749544144
        ],
        [
            -0.4706536531448364,
            -0.6620619297027588,
            0.07471064478158951
        ],
        [
            -0.4727853536605835,
            -0.6605814695358276,
            0.06601302325725555
        ],
        [
            -0.4650171399116516,
            -0.6567132472991943,
            0.06219175085425377
        ],
        [
            -0.467046856880188,
            -0.6577343940734863,
            0.06100914999842644
        ],
        [
            -0.4676227569580078,
            -0.6591693162918091,
            0.06716504693031311
        ],
        [
            -0.4651487469673157,
            -0.6570585370063782,
            0.06693347543478012
        ],
        [
            -0.4571630656719208,
            -0.6566934585571289,
            0.04194069281220436
        ],
        [
            -0.45899754762649536,
            -0.6564701795578003,
            0.04854898899793625
        ],
        [
            -0.45533043146133423,
            -0.6545830965042114,
            0.04726738855242729
        ],
        [
            -0.4528334438800812,
            -0.6517049074172974,
            0.03968290984630585
        ],
        [
            -0.45113199949264526,
            -0.6469684839248657,
            0.05632009357213974
        ],
        [
            -0.45184096693992615,
            -0.6486943364143372,
            0.05123884603381157
        ],
        [
            -0.45657286047935486,
            -0.6528488397598267,
            0.0564575120806694
        ],
        [
            -0.4559835195541382,
            -0.6516227722167969,
            0.0601680725812912
        ],
        [
            -0.4551409184932709,
            -0.6512700319290161,
            0.06425350904464722
        ],
        [
            -0.45363616943359375,
            -0.6518315076828003,
            0.06849989295005798
        ],
        [
            -0.4501838684082031,
            -0.6480255126953125,
            0.06724788248538971
        ],
        [
            -0.45082810521125793,
            -0.6469666957855225,
            0.06198825314640999
        ],
        [
            -0.4662381112575531,
            -0.6609413623809814,
            0.07330694794654846
        ],
        [
            -0.4618065059185028,
            -0.6623047590255737,
            0.07926906645298004
        ],
        [
            -0.4603539705276489,
            -0.6600521206855774,
            0.07729075849056244
        ],
        [
            -0.4640463590621948,
            -0.6583322882652283,
            0.07259304821491241
        ],
        [
            -0.4479535222053528,
            -0.6609188914299011,
            0.08239102363586426
        ],
        [
            -0.45081469416618347,
            -0.6617355346679688,
            0.08226212859153748
        ],
        [
            -0.4508496820926666,
            -0.6630382537841797,
            0.08605846762657166
        ],
        [
            -0.4469379186630249,
            -0.6604032516479492,
            0.08577471971511841
        ],
        [
            -0.44625145196914673,
            -0.657516360282898,
            0.0834856778383255
        ],
        [
            -0.44779959321022034,
            -0.6590560674667358,
            0.08130556344985962
        ],
        [
            -0.5004094243049622,
            -0.7080165147781372,
            0.07508563250303268
        ],
        [
            -0.49317216873168945,
            -0.6922916173934937,
            0.08151210844516754
        ],
        [
            -0.4962162375450134,
            -0.705963134765625,
            0.05515804514288902
        ],
        [
            -0.4870319664478302,
            -0.7020359635353088,
            0.039504487067461014
        ],
        [
            -0.4761931002140045,
            -0.6949106454849243,
            0.02666187286376953
        ],
        [
            -0.4148206114768982,
            -0.6098079681396484,
            0.03794966638088226
        ],
        [
            -0.4057312607765198,
            -0.6063541173934937,
            0.03286583349108696
        ],
        [
            -0.4066285490989685,
            -0.6171866655349731,
            0.020596137270331383
        ],
        [
            -0.39614415168762207,
            -0.6121779084205627,
            0.01861049234867096
        ],
        [
            -0.3957463800907135,
            -0.6010587215423584,
            0.03165913000702858
        ],
        [
            -0.375560462474823,
            -0.5907531380653381,
            0.03980711102485657
        ],
        [
            -0.3855709433555603,
            -0.5952969789505005,
            0.033948495984077454
        ],
        [
            -0.3841468095779419,
            -0.6081237196922302,
            0.018709968775510788
        ],
        [
            -0.38651469349861145,
            -0.6246434450149536,
            0.0048782359808683395
        ],
        [
            -0.3975472152233124,
            -0.6258715987205505,
            0.007814688608050346
        ],
        [
            -0.39051660895347595,
            -0.6430631875991821,
            -0.003601944074034691
        ],
        [
            -0.37225061655044556,
            -0.626075267791748,
            0.0018007513135671616
        ],
        [
            -0.3831756114959717,
            -0.6480082273483276,
            -0.006316462531685829
        ],
        [
            -0.34474730491638184,
            -0.6003061532974243,
            0.014162436127662659
        ],
        [
            -0.33693432807922363,
            -0.5939539074897766,
            0.0094219371676445
        ],
        [
            -0.33906906843185425,
            -0.6042189598083496,
            -0.006783171556890011
        ],
        [
            -0.3471229076385498,
            -0.6102794408798218,
            -0.002254428341984749
        ],
        [
            -0.4081228971481323,
            -0.627264142036438,
            0.012032724916934967
        ],
        [
            -0.4548368453979492,
            -0.6708523035049438,
            0.020055213943123817
        ],
        [
            -0.459613561630249,
            -0.6659185290336609,
            0.029476411640644073
        ],
        [
            -0.4448469281196594,
            -0.6631227135658264,
            0.01502452977001667
        ],
        [
            -0.48163431882858276,
            -0.7273424863815308,
            0.014787312597036362
        ],
        [
            -0.48672908544540405,
            -0.7152494192123413,
            0.02800195850431919
        ],
        [
            -0.476205050945282,
            -0.7061560153961182,
            0.01678285002708435
        ],
        [
            -0.472860723733902,
            -0.718597948551178,
            0.005825793370604515
        ],
        [
            -0.49629151821136475,
            -0.7557471990585327,
            0.04645097255706787
        ],
        [
            -0.5022742748260498,
            -0.7320185899734497,
            0.06053885817527771
        ],
        [
            -0.496020644903183,
            -0.7253093719482422,
            0.04514387995004654
        ],
        [
            -0.49161297082901,
            -0.7429541349411011,
            0.031981661915779114
        ],
        [
            -0.4659672975540161,
            -0.7262082695960999,
            -0.0026452448219060898
        ],
        [
            -0.45591455698013306,
            -0.7379300594329834,
            -0.012757949531078339
        ],
        [
            -0.4599089026451111,
            -0.7546278238296509,
            -0.010872740298509598
        ],
        [
            -0.47360190749168396,
            -0.7426766157150269,
            0.0021879449486732483
        ],
        [
            -0.46325188875198364,
            -0.7766515016555786,
            -0.002174917608499527
        ],
        [
            -0.47956088185310364,
            -0.7627094984054565,
            0.013919521123170853
        ],
        [
            -0.367139607667923,
            -0.6445170044898987,
            -0.010527392849326134
        ],
        [
            -0.37821123003959656,
            -0.6600418090820312,
            -0.011964181438088417
        ],
        [
            -0.35801830887794495,
            -0.6172912120819092,
            0.00304260291159153
        ],
        [
            -0.3564509451389313,
            -0.6316394805908203,
            -0.010695172473788261
        ],
        [
            -0.46156591176986694,
            -0.795975387096405,
            0.011701516807079315
        ],
        [
            -0.4815758466720581,
            -0.7800183892250061,
            0.030247140675783157
        ],
        [
            -0.4075785279273987,
            -0.7528711557388306,
            -0.0328250527381897
        ],
        [
            -0.4249774217605591,
            -0.7604036331176758,
            -0.02869940549135208
        ],
        [
            -0.4288729131221771,
            -0.740145742893219,
            -0.026706770062446594
        ],
        [
            -0.4123135209083557,
            -0.7355459928512573,
            -0.03111327812075615
        ],
        [
            -0.3991696536540985,
            -0.7714718580245972,
