{
    "pred_cam": [
        1.89927077293396,
        0.19194312393665314,
        0.40905866026878357
    ],
    "pred_smpl_params": {
        "global_orient": [
            [
                [
                    -0.611664891242981,
                    -0.2112366110086441,
                    -0.762394368648529
                ],
                [
                    0.3941059112548828,
                    -0.9169628620147705,
                    -0.06212615966796875
                ],
                [
                    -0.6859639883041382,
                    -0.33846452832221985,
                    0.6441236138343811
                ]
            ]
        ],
        "body_pose": [
            [
                [
                    0.994308352470398,
                    0.09700316190719604,
                    -0.044059738516807556
                ],
                [
                    -0.022428739815950394,
                    0.5948638319969177,
                    0.8035135269165039
                ],
                [
                    0.10415290296077728,
                    -0.7979519963264465,
                    0.5936537384986877
                ]
            ],
            [
                [
                    0.9960425496101379,
                    0.0797930657863617,
                    0.039143335074186325
                ],
                [
                    -0.08516886085271835,
                    0.7310377359390259,
                    0.6770007014274597
                ],
                [
                    0.025404708459973335,
                    -0.6776553988456726,
                    0.7349405884742737
                ]
            ],
            [
                [
                    0.9966734051704407,
                    0.029062245041131973,
                    0.07614127546548843
                ],
                [
                    0.024041494354605675,
                    0.7878417372703552,
                    -0.6154083013534546
                ],
                [
                    -0.07787242531776428,
                    0.615191638469696,
                    0.7845222353935242
                ]
            ],
            [
                [
                    0.9848135709762573,
                    0.17293530702590942,
                    0.01534860860556364
                ],
                [
                    -0.08891408890485764,
                    0.5783134698867798,
                    -0.8109548687934875
                ],
                [
                    -0.1491190493106842,
                    0.797274649143219,
                    0.5849073529243469
                ]
            ],
            [
                [
                    0.9932220578193665,
                    -0.11604376882314682,
                    -0.006611625198274851
                ],
                [
                    0.07712513953447342,
                    0.7005366683006287,
                    -0.7094364762306213
                ],
                [
                    0.08695737272500992,
                    0.7041180729866028,
                    0.7047383785247803
                ]
            ],
            [
                [
                    0.9983695149421692,
                    0.004799713846296072,
                    0.05687948688864708
                ],
                [
                    -0.006240597926080227,
                    0.9996633529663086,
                    0.025181712582707405
                ],
                [
                    -0.056739479303359985,
                    -0.0254956167191267,
                    0.9980633854866028
                ]
            ],
            [
                [
                    0.9897887110710144,
                    0.03220301866531372,
                    0.1388569176197052
                ],
                [
                    -0.03954099118709564,
                    0.9979453086853027,
                    0.05041448399424553
                ],
                [
                    -0.1369481235742569,
                    -0.05539023503661156,
                    0.9890283346176147
                ]
            ],
            [
                [
                    0.9877481460571289,
                    -0.008274640887975693,
                    -0.1558365821838379
                ],
                [
                    0.02374850958585739,
                    0.9949327707290649,
                    0.0976974368095398
                ],
                [
                    0.1542385220527649,
                    -0.10020136088132858,
                    0.9829394817352295
                ]
            ],
            [
                [
                    0.9990238547325134,
                    0.002066743792966008,
                    0.044126421213150024
                ],
                [
                    0.002419146941974759,
                    0.9948463439941406,
                    -0.10136507451534271
                ],
                [
                    -0.04410850629210472,
                    0.1013728678226471,
                    0.9938702583312988
                ]
            ],
            [
                [
                    0.9881189465522766,
                    -0.11917978525161743,
                    0.0970413088798523
                ],
                [
                    0.10869196057319641,
                    0.9882986545562744,
                    0.10701253265142441
                ],
                [
                    -0.1086595430970192,
                    -0.09519351273775101,
                    0.9895105361938477
                ]
            ],
            [
                [
                    0.9919226765632629,
                    0.1266544610261917,
                    -0.006932766642421484
                ],
                [
                    -0.1250593066215515,
                    0.9856404066085815,
                    0.11346007138490677
                ],
                [
                    0.02120343968272209,
                    -0.11167661100625992,
                    0.9935184121131897
                ]
            ],
            [
                [
                    0.9883817434310913,
                    0.008007547818124294,
                    0.15178096294403076
                ],
                [
                    -0.0026203119195997715,
                    0.9993605017662048,
                    -0.03566031903028488
                ],
                [
                    -0.15196946263313293,
                    0.03484829142689705,
                    0.987770676612854
                ]
            ],
            [
                [
                    0.8811341524124146,
                    0.022981438785791397,
                    -0.4723075032234192
                ],
                [
                    0.016621006652712822,
                    0.996695876121521,
                    0.0795050784945488
                ],
                [
                    0.4725740849971771,
                    -0.07790487259626389,
                    0.8778408169746399
                ]
            ],
            [
                [
                    0.844821035861969,
                    0.004758578259497881,
                    0.535027801990509
                ],
                [
                    -0.03102891519665718,
                    0.9987132549285889,
                    0.04011274129152298
                ],
                [
                    -0.5341484546661377,
                    -0.05048942565917969,
                    0.8438816070556641
                ]
            ],
            [
                [
                    0.9958699941635132,
                    0.056737903505563736,
                    0.07087889313697815
                ],
                [
                    -0.04817281290888786,
                    0.9919397830963135,
                    -0.11719580739736557
                ],
                [
                    -0.07695703208446503,
                    0.11329734325408936,
                    0.9905762672424316
                ]
            ],
            [
                [
                    0.6282956600189209,
                    0.672592282295227,
                    -0.39097848534584045
                ],
                [
                    -0.6043308973312378,
                    0.7384341359138489,
                    0.2991640567779541
                ],
                [
                    0.48992735147476196,
                    0.048316892236471176,
                    0.8704232573509216
                ]
            ],
            [
                [
                    0.5454877018928528,
                    -0.6806249618530273,
                    0.4890734851360321
                ],
                [
                    0.6138029098510742,
                    0.7217642664909363,
                    0.3198474049568176
                ],
                [
                    -0.5706918835639954,
                    0.12572187185287476,
                    0.8114830851554871
                ]
            ],
            [
                [
                    0.46388205885887146,
                    -0.2939678132534027,
                    -0.8357011675834656
                ],
                [
                    0.33773764967918396,
                    0.9307791590690613,
                    -0.13994082808494568
                ],
                [
                    0.8189913630485535,
                    -0.2173316776752472,
                    0.531055748462677
                ]
            ],
            [
                [
                    0.46120867133140564,
                    0.29157471656799316,
                    0.8380159139633179
                ],
                [
                    -0.3327369689941406,
                    0.9323763847351074,
                    -0.14128148555755615
                ],
                [
                    -0.822540283203125,
                    -0.21367868781089783,
                    0.5270377397537231
                ]
            ],
            [
                [
                    0.9670742750167847,
                    -0.2541230022907257,
                    -0.013739005662500858
                ],
                [
                    0.2542330026626587,
                    0.9671181440353394,
                    0.006933344062417746
                ],
                [
                    0.011525318957865238,
                    -0.01019796822220087,
                    0.9998815059661865
                ]
            ],
            [
                [
                    0.9706587195396423,
                    0.23604504764080048,
                    0.04587266594171524
                ],
                [
                    -0.23511819541454315,
                    0.9716522693634033,
                    -0.024723712354898453
                ],
                [
                    -0.05040819197893143,
                    0.013212788850069046,
                    0.9986412525177002
                ]
            ],
            [
                [
                    0.9828739166259766,
                    0.14705628156661987,
                    -0.11105647683143616
                ],
                [
                    -0.13159246742725372,
                    0.9819760918617249,
                    0.13566987216472626
                ],
                [
                    0.12900592386722565,
                    -0.11873216181993484,
                    0.9845101833343506
                ]
            ],
            [
                [
                    0.983081579208374,
                    -0.16562795639038086,
                    0.0782177671790123
                ],
                [
                    0.15214575827121735,
                    0.9761607646942139,
                    0.15479619801044464
                ],
                [
                    -0.1019916832447052,
                    -0.14027678966522217,
                    0.9848452806472778
                ]
            ]
        ],
        "betas": [
            0.08462192118167877,
            0.1854231059551239,
            0.08939191699028015,
            0.450221985578537,
            0.1075943112373352,
            0.08212366700172424,
            -0.023697346448898315,
            0.03722506761550903,
            0.02004934847354889,
            0.005742281675338745
        ]
    },
    "pred_cam_t": [
        0.19194312393665314,
        0.40905866026878357,
        20.56710433959961
    ],
    "focal_length": [
        5000.0,
        5000.0
    ],
    "pred_keypoints_3d": [
        [
            -0.45087873935699463,
            -0.5989272594451904,
            0.09235550463199615
        ],
        [
            -0.2762630581855774,
            -0.6339068412780762,
            0.01687348634004593
        ],
        [
            -0.1748182773590088,
            -0.6152102947235107,
            0.16755834221839905
        ],
        [
            -0.13394063711166382,
            -0.3971126675605774,
            0.29342544078826904
        ],
        [
            -0.35040032863616943,
            -0.2694777250289917,
            0.3433235287666321
        ],
        [
            -0.33739471435546875,
            -0.5101805329322815,
            -0.10445839166641235
        ],
        [
            -0.3639703392982483,
            -0.2496148943901062,
            -0.09890035539865494
        ],
        [
            -0.5069743394851685,
            -0.17885522544384003,
            0.09404989331960678
        ],
        [
            -0.0022294814698398113,
            -0.22832107543945312,
            0.026248961687088013
        ],
        [
            0.06124076247215271,
            -0.17101100087165833,
            0.09871458262205124
        ],
        [
            -0.029548458755016327,
            0.04458482563495636,
            0.4049399197101593
        ],
        [
            0.0786014273762703,
            0.42301732301712036,
            0.4813065230846405
        ],
        [
            -0.018545739352703094,
            -0.11724314838647842,
            0.005926858633756638
        ],
        [
            -0.1999853551387787,
            0.07127626985311508,
            0.2777006924152374
        ],
        [
            -0.02249203622341156,
            0.39548271894454956,
            0.4322761297225952
        ],
        [
            -0.4472450613975525,
            -0.6561365127563477,
            0.1152161955833435
        ],
        [
            -0.4706156849861145,
            -0.6418250799179077,
            0.05371183156967163
        ],
        [
            -0.36382758617401123,
            -0.7215209007263184,
            0.11777083575725555
        ],
        [
            -0.4179007411003113,
            -0.6907516121864319,
            -0.02054426819086075
        ],
        [
            -0.1598903089761734,
            0.42896848917007446,
            0.575441300868988
        ],
        [
            -0.15126709640026093,
            0.4748464822769165,
            0.5069854855537415
        ],
        [
            0.03279045224189758,
            0.4318794012069702,
            0.40851694345474243
        ],
        [
            -0.0491049587726593,
            0.4361914396286011,
            0.6360657811164856
        ],
        [
            0.037852346897125244,
            0.42585062980651855,
            0.6478549242019653
        ],
        [
            0.1283106654882431,
            0.4721028208732605,
            0.45775699615478516
        ],
        [
            0.10156537592411041,
            0.3710590600967407,
            0.46056875586509705
        ],
        [
            -0.02321620285511017,
            0.0003187053371220827,
            0.3641953766345978
        ],
        [
            0.09970374405384064,
            -0.31174784898757935,
            0.10066980868577957
        ],
        [
            -0.06422185897827148,
            -0.17976172268390656,
            -0.1061456948518753
        ],
        [
            -0.1993720531463623,
            0.0511903390288353,
            0.24550160765647888
        ],
        [
            -0.0203934945166111,
            0.3735896646976471,
            0.3956620991230011
        ],
        [
            -0.3530033528804779,
            -0.29890838265419006,
            0.3211662769317627
        ],
        [
            -0.159060999751091,
            -0.42504429817199707,
            0.3086835741996765
        ],
        [
            -0.19439591467380524,
            -0.6294667720794678,
            0.1384478658437729
        ],
        [
            -0.33239614963531494,
            -0.5421160459518433,
            -0.09718075394630432
        ],
        [
            -0.4030038118362427,
            -0.28237384557724,
            -0.09796854853630066
        ],
        [
            -0.5106753706932068,
            -0.19861739873886108,
            0.08566015958786011
        ],
        [
            -0.287678986787796,
            -0.6262112855911255,
            0.021025411784648895
        ],
        [
            -0.4411200284957886,
            -0.7298742532730103,
            0.057199299335479736
        ],
        [
            0.01831529475748539,
            -0.24645575881004333,
            -0.0032002488151192665
        ],
        [
            -0.2583546042442322,
            -0.5833526849746704,
            0.02089075744152069
        ],
        [
            -0.1067005917429924,
            -0.46637317538261414,
            -0.017205586656928062
        ],
        [
            -0.3848037123680115,
            -0.63014155626297,
            0.05482036620378494
        ],
        [
            -0.44733181595802307,
            -0.75008225440979,
            0.05933297425508499
        ]
    ],
    "pred_vertices": [
        [
            -0.5086023211479187,
            -0.6729258894920349,
            0.04905400425195694
        ],
        [
            -0.5001734495162964,
            -0.6596816778182983,
            0.05524535849690437
        ],
        [
            -0.4963586926460266,
            -0.6612070202827454,
            0.04119068756699562
        ],
        [
            -0.4999679923057556,
            -0.6733964085578918,
            0.03391994535923004
        ],
        [
            -0.4918654263019562,
            -0.6514800786972046,
            0.04617535322904587
        ],
        [
            -0.49369722604751587,
            -0.6500020623207092,
            0.05765780061483383
        ],
        [
            -0.4879320561885834,
            -0.6622282266616821,
            0.030281849205493927
        ],
        [
            -0.48809337615966797,
            -0.673119068145752,
            0.022562099620699883
        ],
        [
            -0.4563850164413452,
            -0.6430121064186096,
            0.017433784902095795
        ],
        [
            -0.44887804985046387,
            -0.6453455090522766,
            0.009669839404523373
        ],
        [
            -0.45876139402389526,
            -0.6534342169761658,
            0.01174967736005783
        ],
        [
            -0.4632259011268616,
            -0.6496836543083191,
            0.01982680708169937
        ],
        [
            -0.43580055236816406,
            -0.6275481581687927,
            0.01466867234557867
        ],
        [
            -0.4325407147407532,
            -0.6162533760070801,
            0.02217356115579605
        ],
        [
            -0.4209459125995636,
            -0.6159987449645996,
            0.015565679408609867
        ],
        [
            -0.42312976717948914,
            -0.6275306940078735,
            0.008339542895555496
        ],
        [
            -0.44610100984573364,
            -0.6169249415397644,
            0.06219417601823807
        ],
        [
            -0.44265803694725037,
            -0.611818253993988,
            0.05617954581975937
        ],
        [
            -0.4480673372745514,
            -0.6164279580116272,
            0.05289242044091225
        ],
        [
            -0.4505150318145752,
            -0.6212717294692993,
            0.05937720090150833
        ],
        [
            -0.4541218876838684,
            -0.6218645572662354,
            0.0738513171672821
        ],
        [
            -0.45610669255256653,
            -0.6278953552246094,
            0.07205401360988617
        ],
        [
            -0.46082350611686707,
            -0.6278425455093384,
            0.07868422567844391
        ],
        [
            -0.4592169523239136,
            -0.6204924583435059,
            0.07998708635568619
        ],
        [
            -0.4409348964691162,
            -0.6137989163398743,
            0.0668836310505867
        ],
        [
            -0.43695348501205444,
            -0.6088937520980835,
            0.06030219420790672
        ],
        [
            -0.449467271566391,
            -0.620858371257782,
            0.06765816360712051
        ],
        [
            -0.4475439786911011,
            -0.6168540120124817,
            0.06991425901651382
        ],
        [
            -0.4491563141345978,
            -0.6059814095497131,
            0.07599477469921112
        ],
        [
            -0.4520077407360077,
            -0.610080897808075,
            0.07442450523376465
        ],
        [
            -0.45639434456825256,
            -0.6065981388092041,
            0.08004646003246307
        ],
        [
            -0.45141106843948364,
            -0.6034243702888489,
            0.08055231720209122
        ],
        [
            -0.4438360035419464,
            -0.6110773682594299,
            0.06970508396625519
        ],
        [
            -0.44787293672561646,
            -0.6112611293792725,
            0.07047304511070251
        ],
        [
            -0.44598543643951416,
            -0.607509434223175,
            0.07333050668239594
        ],
        [
            -0.4419500231742859,
            -0.6081807613372803,
            0.07326089590787888
        ],
        [
            -0.4531169533729553,
            -0.6168556809425354,
            0.07499877363443375
        ],
        [
            -0.4581349194049835,
            -0.6138532757759094,
            0.08042395114898682
        ],
        [
            -0.46251794695854187,
            -0.6107170581817627,
            0.08676910400390625
        ],
        [
            -0.4589911699295044,
            -0.6026251316070557,
            0.08650234341621399
        ],
        [
            -0.43235456943511963,
            -0.6044676303863525,
            0.04237755015492439
        ],
        [
            -0.4386303424835205,
            -0.6072781085968018,
            0.04899677261710167
        ],
        [
            -0.4335125684738159,
            -0.6043984293937683,
            0.0535530224442482
        ],
        [
            -0.4292600154876709,
            -0.6014608144760132,
            0.0475105345249176
        ],
        [
            -0.43767499923706055,
            -0.6080904006958008,
            0.07053624093532562
        ],
        [
            -0.4272159934043884,
            -0.5963382124900818,
            0.0657101422548294
        ],
        [
            -0.43029528856277466,
            -0.5987284183502197,
            0.06587834656238556
        ],
        [
            -0.4315829575061798,
            -0.5978008508682251,
            0.07300704717636108
        ],
        [
            -0.42874738574028015,
            -0.5955646634101868,
            0.07220672070980072
        ],
        [
            -0.418140172958374,
            -0.5992587804794312,
            0.03323221951723099
        ],
        [
            -0.41846147179603577,
            -0.5961393117904663,
            0.03993145003914833
        ],
        [
            -0.4119455814361572,
            -0.593079686164856,
            0.0379825085401535
        ],
        [
            -0.4097610116004944,
            -0.596214771270752,
            0.03153185546398163
        ],
        [
            -0.40618032217025757,
            -0.5902260541915894,
            0.0398331955075264
        ],
        [
            -0.401627779006958,
            -0.5930867195129395,
            0.03134647011756897
        ],
        [
            -0.3880539536476135,
            -0.5841466188430786,
            0.038494423031806946
        ],
        [
            -0.3942006826400757,
            -0.5882838368415833,
            0.03475207835435867
        ],
        [
            -0.4008950889110565,
            -0.5865803956985474,
            0.04319043457508087
        ],
        [
            -0.3971511721611023,
            -0.5818259119987488,
            0.048922326415777206
        ],
        [
            -0.4022620916366577,
            -0.5814573764801025,
            0.06275441497564316
        ],
        [
            -0.4012267291545868,
            -0.5798417329788208,
            0.06913100928068161
        ],
        [
            -0.3922526240348816,
            -0.5718455910682678,
            0.06300070881843567
        ],
        [
            -0.39429381489753723,
            -0.5759048461914062,
            0.05655183270573616
        ],
        [
            -0.4198339581489563,
            -0.5946182012557983,
            0.06400281190872192
        ],
        [
            -0.4193844795227051,
            -0.5958084464073181,
            0.05930635333061218
        ],
        [
            -0.422021746635437,
            -0.5951626300811768,
            0.05991653725504875
        ],
        [
            -0.42357128858566284,
            -0.5945157408714294,
            0.06497584283351898
        ],
        [
            -0.4192529320716858,
            -0.5960516929626465,
            0.055196210741996765
        ],
        [
            -0.419129878282547,
            -0.5960407257080078,
            0.053362227976322174
        ],
        [
            -0.42075034976005554,
            -0.5961532592773438,
            0.054081350564956665
        ],
        [
            -0.42040157318115234,
            -0.5959710478782654,
            0.05529170483350754
        ],
        [
            -0.4198727309703827,
            -0.5957656502723694,
            0.05740366876125336
        ],
        [
            -0.418348103761673,
            -0.5944086909294128,
            0.058379460126161575
        ],
        [
            -0.4187047481536865,
            -0.5953720211982727,
            0.05620622634887695
        ],
        [
            -0.4183736741542816,
            -0.5925636291503906,
            0.06259870529174805
        ],
        [
            -0.417996883392334,
            -0.588729202747345,
            0.07701348513364792
        ],
        [
            -0.41834646463394165,
            -0.5887318849563599,
            0.07300592958927155
        ],
        [
            -0.4204860329627991,
            -0.5928044319152832,
            0.07444736361503601
        ],
        [
            -0.42046886682510376,
            -0.5931493043899536,
            0.07787613570690155
        ],
        [
            -0.4231933355331421,
            -0.5968801975250244,
            0.056204624474048615
        ],
        [
            -0.4243410527706146,
            -0.597686767578125,
            0.05416828766465187
        ],
        [
            -0.42730164527893066,
            -0.59797203540802,
            0.05918881297111511
        ],
        [
            -0.4245096445083618,
            -0.5967381000518799,
            0.059841446578502655
        ],
        [
            -0.42667460441589355,
            -0.5984566807746887,
            0.051543980836868286
        ],
        [
            -0.4220541715621948,
            -0.597034215927124,
            0.05187124386429787
        ],
        [
            -0.42328080534935,
            -0.5978875160217285,
            0.04884108155965805
        ],
        [
            -0.4176872968673706,
            -0.5949572920799255,
            0.05376289039850235
        ],
        [
            -0.4164712429046631,
            -0.5942221879959106,
            0.05054371803998947
        ],
        [
            -0.4192019999027252,
            -0.5952101945877075,
            0.0505308136343956
        ],
        [
            -0.4135422110557556,
            -0.5923108458518982,
            0.052429743111133575
        ],
        [
            -0.4160386025905609,
            -0.5935420393943787,
            0.05636712908744812
        ],
        [
            -0.41521379351615906,
            -0.5910905003547668,
            0.06049726530909538
        ],
        [
            -0.41477495431900024,
            -0.5884262919425964,
            0.06580714881420135
        ],
        [
            -0.40998560190200806,
            -0.5867570638656616,
            0.062065400183200836
        ],
        [
            -0.4114214777946472,
            -0.5895340442657471,
            0.05652932822704315
        ],
        [
            -0.4304683208465576,
            -0.6013529300689697,
            0.0572957918047905
        ],
        [
            -0.4188969135284424,
            -0.5953751802444458,
            0.04589312523603439
        ],
        [
            -0.4244709312915802,
            -0.5995193123817444,
            0.043392736464738846
        ],
        [
            -0.4146743416786194,
            -0.5928815603256226,
            0.04524284601211548
        ],
        [
            -0.41040027141571045,
            -0.5905440449714661,
            0.04680325835943222
        ],
        [
            -0.4064757823944092,
            -0.5879425406455994,
            0.051294609904289246
        ],
        [
            -0.40420788526535034,
            -0.5843585729598999,
            0.05664569139480591
        ],
        [
            -0.379033625125885,
            -0.5731090903282166,
            0.056028321385383606
        ],
        [
            -0.3831735849380493,
            -0.5777122378349304,
            0.04817236214876175
        ],
        [
            -0.48549938201904297,
            -0.647059440612793,
            0.05774059146642685
        ],
        [
            -0.4861513376235962,
            -0.6465654373168945,
            0.04872511327266693
        ],
        [
            -0.4774359464645386,
            -0.6441196203231812,
            0.04575508087873459
        ],
        [
            -0.4793962240219116,
            -0.6450597047805786,
            0.04438984394073486
        ],
        [
            -0.48103687167167664,
            -0.6455891132354736,
            0.05049879476428032
        ],
        [
            -0.47831159830093384,
            -0.6437626481056213,
            0.050399281084537506
        ],
        [
            -0.4666675627231598,
            -0.647679328918457,
            0.027279989793896675
        ],
        [
            -0.4694167971611023,
            -0.6463693380355835,
            0.033388879150152206
        ],
        [
            -0.4653291404247284,
            -0.6451584100723267,
            0.03256852179765701
        ],
        [
            -0.4614432752132416,
            -0.6436023712158203,
            0.02520955167710781
        ],
        [
            -0.4616439938545227,
            -0.6367532014846802,
            0.0410873107612133
        ],
        [
            -0.4617835581302643,
            -0.6391422152519226,
            0.03628665208816528
        ],
        [
            -0.4677470624446869,
            -0.6419035196304321,
            0.041026391088962555
        ],
        [
            -0.4675788879394531,
            -0.6402146220207214,
            0.044562481343746185
        ],
        [
            -0.46730875968933105,
            -0.6393771767616272,
            0.04863569140434265
        ],
        [
            -0.4664751887321472,
            -0.6395920515060425,
            0.05315493792295456
        ],
        [
            -0.46249163150787354,
            -0.6362538933753967,
            0.05195862799882889
        ],
        [
            -0.46221160888671875,
            -0.6358989477157593,
            0.04658713564276695
        ],
        [
            -0.4807901382446289,
            -0.6465644836425781,
            0.05689417943358421
        ],
        [
            -0.4774627983570099,
            -0.6475704908370972,
            0.06366431713104248
        ],
        [
            -0.4754919409751892,
            -0.6456556916236877,
            0.06163389980792999
        ],
        [
            -0.4782184362411499,
            -0.6442687511444092,
            0.056216802448034286
        ],
        [
            -0.46414947509765625,
            -0.6470328569412231,
            0.06878557801246643
        ],
        [
            -0.467049241065979,
            -0.6475897431373596,
            0.06829338520765305
        ],
        [
            -0.46783116459846497,
            -0.6482862830162048,
            0.07215750962495804
        ],
        [
            -0.46360158920288086,
            -0.6461237668991089,
            0.07218548655509949
        ],
        [
            -0.4622189402580261,
            -0.6436693072319031,
            0.06967075169086456
        ],
        [
            -0.4636078476905823,
            -0.6453447341918945,
            0.06748555600643158
        ],
        [
            -0.520043134689331,
            -0.6893139481544495,
            0.059230122715234756
        ],
        [
            -0.512133002281189,
            -0.6737538576126099,
            0.06474386900663376
        ],
        [
            -0.5127710103988647,
            -0.690615177154541,
            0.0402572862803936
        ],
        [
            -0.5009495615959167,
            -0.6899712681770325,
            0.025926370173692703
        ],
        [
            -0.48761409521102905,
            -0.6858630180358887,
            0.01422404870390892
        ],
        [
            -0.4191748797893524,
            -0.606059193611145,
            0.024519503116607666
        ],
        [
            -0.4091418981552124,
            -0.6042499542236328,
            0.0206761434674263
        ],
        [
            -0.409431517124176,
            -0.6165603399276733,
            0.009902559220790863
        ],
        [
            -0.39841872453689575,
            -0.6127830147743225,
            0.00907103717327118
        ],
        [
            -0.3986281752586365,
            -0.6001466512680054,
            0.020567625761032104
        ],
        [
            -0.37909799814224243,
            -0.5903298258781433,
            0.030614061281085014
        ],
        [
            -0.38851624727249146,
            -0.5949413180351257,
            0.02377014234662056
        ],
        [
            -0.38643717765808105,
            -0.6095476746559143,
            0.010508602485060692
        ],
        [
            -0.38853582739830017,
            -0.6274873614311218,
            -0.0015744020929560065
        ],
        [
            -0.39971327781677246,
            -0.6276674866676331,
            -9.01450403034687e-05
        ],
        [
            -0.3931484818458557,
            -0.6466097235679626,
            -0.00827956385910511
        ],
        [
            -0.3745344281196594,
            -0.6302910447120667,
            -0.0019525443203747272
        ],
        [
            -0.3861667513847351,
            -0.6524883508682251,
            -0.008965699002146721
        ],
        [
            -0.3481321334838867,
            -0.604779839515686,
            0.01240326277911663
        ],
        [
            -0.33990809321403503,
            -0.5993411540985107,
            0.008586413227021694
        ],
        [
            -0.3407418429851532,
            -0.6112706661224365,
            -0.006758900824934244
        ],
        [
            -0.3491009473800659,
            -0.616628885269165,
            -0.003016013652086258
        ],
        [
            -0.41084232926368713,
            -0.6274855732917786,
            0.0024716900661587715
        ],
        [
            -0.4628642797470093,
            -0.66502845287323,
            0.008230213075876236
        ],
        [
            -0.4683137834072113,
            -0.6584821939468384,
            0.015961024910211563
        ],
        [
            -0.4513547420501709,
            -0.6592049598693848,
            0.004048902075737715
        ],
        [
            -0.49502500891685486,
            -0.7188535332679749,
            0.0057411352172493935
        ],
        [
            -0.5005531311035156,
            -0.7045796513557434,
            0.01637512445449829
        ],
        [
            -0.48748964071273804,
            -0.6983509659767151,
            0.005990569479763508
        ],
        [
            -0.4840286374092102,
            -0.7124679088592529,
            -0.0025933701545000076
        ],
        [
            -0.5175951719284058,
            -0.7408727407455444,
            0.03806743025779724
        ],
        [
            -0.5226781368255615,
            -0.7148500084877014,
            0.047804780304431915
        ],
        [
            -0.5134403109550476,
            -0.7111257910728455,
            0.0329011008143425
        ],
        [
            -0.5092208981513977,
            -0.7308424711227417,
            0.023059997707605362
        ],
        [
            -0.4768635332584381,
            -0.7218331098556519,
            -0.008755325339734554
        ],
        [
            -0.4668540954589844,
            -0.7357809543609619,
            -0.015530018135905266
        ],
        [
            -0.47317272424697876,
            -0.7516056299209595,
            -0.012283300049602985
        ],
        [
            -0.48718300461769104,
            -0.7365480661392212,
            -0.0033291634172201157
        ],
        [
            -0.4804408550262451,
            -0.7718267440795898,
            -0.0015431158244609833
        ],
        [
            -0.4971296191215515,
            -0.7540778517723083,
            0.009839879348874092
        ],
        [
            -0.3697082996368408,
            -0.650824248790741,
            -0.010568257421255112
        ],
        [
            -0.38175350427627563,
            -0.6656045317649841,
            -0.01204337365925312
        ],
        [
            -0.36044496297836304,
            -0.6223548054695129,
            0.0010267822071909904
        ],
        [
            -0.35835206508636475,
            -0.6385616660118103,
            -0.010505805723369122
        ],
        [
            -0.4832459092140198,
            -0.7891290187835693,
            0.014772698283195496
        ],
        [
            -0.5037057399749756,
            -0.7686747312545776,
            0.027706310153007507
        ],
        [
            -0.4181632399559021,
            -0.7579302787780762,
            -0.025551628321409225
        ],
        [
            -0.43673527240753174,
            -0.7631426453590393,
            -0.02331906370818615
        ],
        [
            -0.43840867280960083,
            -0.7425211071968079,
            -0.024571266025304794
        ],
        [
            -0.42094719409942627,
            -0.7400568723678589,
            -0.026721855625510216
        ],
        [
            -0.4123515784740448,
            -0.7767340540885925,
