{
    "pred_cam": [
        1.7915549278259277,
        0.23240454494953156,
        0.38891154527664185
    ],
    "pred_smpl_params": {
        "global_orient": [
            [
                [
                    -0.39651647210121155,
                    -0.19507062435150146,
                    -0.8970630764961243
                ],
                [
                    0.3983467221260071,
                    -0.9169384837150574,
                    0.02331693097949028
                ],
                [
                    -0.8271001577377319,
                    -0.3480965495109558,
                    0.44128695130348206
                ]
            ]
        ],
        "body_pose": [
            [
                [
                    0.9901019334793091,
                    0.135911226272583,
                    -0.035017549991607666
                ],
                [
                    -0.055281974375247955,
                    0.6069863438606262,
                    0.7927871942520142
                ],
                [
                    0.1290038526058197,
                    -0.7830043435096741,
                    0.6084917783737183
                ]
            ],
            [
                [
                    0.9897867441177368,
                    0.12855607271194458,
                    0.061608705669641495
                ],
                [
                    -0.1398986130952835,
                    0.7928802967071533,
                    0.5931013822555542
                ],
                [
                    0.02739845961332321,
                    -0.5956628322601318,
                    0.8027672171592712
                ]
            ],
            [
                [
                    0.9966750144958496,
                    0.010274657979607582,
                    0.08082889765501022
                ],
                [
                    0.03903188556432724,
                    0.8105789422988892,
                    -0.5843271613121033
                ],
                [
                    -0.07152196764945984,
                    0.5855392217636108,
                    0.8074827194213867
                ]
            ],
            [
                [
                    0.9794798493385315,
                    0.20099695026874542,
                    0.01481359452009201
                ],
                [
                    -0.09599625319242477,
                    0.529900848865509,
                    -0.8426088690757751
                ],
                [
                    -0.17721156775951385,
                    0.8238964080810547,
                    0.5383221507072449
                ]
            ],
            [
                [
                    0.9948412775993347,
                    -0.07770828902721405,
                    0.06520963460206985
                ],
                [
                    0.10078524053096771,
                    0.6839863061904907,
                    -0.7224991917610168
                ],
                [
                    0.011541681364178658,
                    0.725344181060791,
                    0.6882896423339844
                ]
            ],
            [
                [
                    0.9994266629219055,
                    -0.017487121745944023,
                    0.028990084305405617
                ],
                [
                    0.01737056113779545,
                    0.9998399615287781,
                    0.004267681855708361
                ],
                [
                    -0.02906007692217827,
                    -0.0037616612389683723,
                    0.9995704889297485
                ]
            ],
            [
                [
                    0.9865328073501587,
                    0.03616892918944359,
                    0.15951456129550934
                ],
                [
                    -0.044275008141994476,
                    0.9978867769241333,
                    0.047558028250932693
                ],
                [
                    -0.15745733678340912,
                    -0.05398005247116089,
                    0.9860494136810303
                ]
            ],
            [
                [
                    0.9846988916397095,
                    -0.027486857026815414,
                    -0.1720830649137497
                ],
                [
                    0.046028245240449905,
                    0.9934378862380981,
                    0.10470221191644669
                ],
                [
                    0.16807590425014496,
                    -0.11102083325386047,
                    0.9795023798942566
                ]
            ],
            [
                [
                    0.9996697306632996,
                    -0.005327137652784586,
                    0.025140123441815376
                ],
                [
                    0.007903327234089375,
                    0.994596540927887,
                    -0.10351432859897614
                ],
                [
                    -0.024452846497297287,
                    0.10367883741855621,
                    0.9943101406097412
                ]
            ],
            [
                [
                    0.9868990778923035,
                    -0.1342412382364273,
                    0.08949568122625351
                ],
                [
                    0.12532232701778412,
                    0.9871861338615417,
                    0.0987822636961937
                ],
                [
                    -0.10160954296588898,
                    -0.08627232164144516,
                    0.9910765290260315
                ]
            ],
            [
                [
                    0.9906327128410339,
                    0.1328040212392807,
                    0.03178125619888306
                ],
                [
                    -0.13594351708889008,
                    0.9811037182807922,
                    0.13767646253108978
                ],
                [
                    -0.01289671566337347,
                    -0.14070725440979004,
                    0.9899672865867615
                ]
            ],
            [
                [
                    0.9415278434753418,
                    0.021633043885231018,
                    0.33623984456062317
                ],
                [
                    -0.02187168039381504,
                    0.9997560381889343,
                    -0.003078051609918475
                ],
                [
                    -0.33622440695762634,
                    -0.004456061404198408,
                    0.9417712688446045
                ]
            ],
            [
                [
                    0.8588997721672058,
                    0.05688364431262016,
                    -0.5089747905731201
                ],
                [
                    0.002508930629119277,
                    0.9933333396911621,
                    0.11524997651576996
                ],
                [
                    0.5121375322341919,
                    -0.10026516765356064,
                    0.8530310392379761
                ]
            ],
            [
                [
                    0.8683894872665405,
                    -0.10693098604679108,
                    0.48421627283096313
                ],
                [
                    0.07848916947841644,
                    0.9938034415245056,
                    0.0787028819322586
                ],
                [
                    -0.4896315932273865,
                    -0.030339030548930168,
                    0.8714013695716858
                ]
            ],
            [
                [
                    0.9794464707374573,
                    0.11107884347438812,
                    0.16836267709732056
                ],
                [
                    -0.09136489033699036,
                    0.9884821176528931,
                    -0.1206468865275383
                ],
                [
                    -0.1798247992992401,
                    0.10278474539518356,
                    0.9783140420913696
                ]
            ],
            [
                [
                    0.7268911600112915,
                    0.5286600589752197,
                    -0.4383467137813568
                ],
                [
                    -0.4334101378917694,
                    0.8482591509819031,
                    0.3043224811553955
                ],
                [
                    0.5327147245407104,
                    -0.031225401908159256,
                    0.8457186818122864
                ]
            ],
            [
                [
                    0.5423334240913391,
                    -0.6773620247840881,
                    0.49704644083976746
                ],
                [
                    0.6553978323936462,
                    0.7112403512001038,
                    0.2541472017765045
                ],
                [
                    -0.5256690979003906,
                    0.18793067336082458,
                    0.8296710252761841
                ]
            ],
            [
                [
                    0.620475709438324,
                    -0.1993127316236496,
                    -0.7584750056266785
                ],
                [
                    0.26517197489738464,
                    0.9635187387466431,
                    -0.03626854717731476
                ],
                [
                    0.738033652305603,
                    -0.1786225587129593,
                    0.6506921052932739
                ]
            ],
            [
                [
                    0.32597994804382324,
                    0.29187729954719543,
                    0.89919114112854
                ],
                [
                    -0.31268465518951416,
                    0.9309014081954956,
                    -0.1888142228126526
                ],
                [
                    -0.8921689391136169,
                    -0.21961362659931183,
                    0.39472073316574097
                ]
            ],
            [
                [
                    0.9748764038085938,
                    -0.22261130809783936,
                    -0.007752693723887205
                ],
                [
                    0.22102104127407074,
                    0.9710632562637329,
                    -0.09047579765319824
                ],
                [
                    0.027669290080666542,
                    0.08648921549320221,
                    0.995868444442749
                ]
            ],
            [
                [
                    0.9788923263549805,
                    0.19295504689216614,
                    0.06736499816179276
                ],
                [
                    -0.1952868551015854,
                    0.9802908897399902,
                    0.029877878725528717
                ],
                [
                    -0.0602722130715847,
                    -0.0424027293920517,
                    0.9972808361053467
                ]
            ],
            [
                [
                    0.9861716032028198,
                    0.1266207993030548,
                    -0.10692394524812698
                ],
                [
                    -0.11308406293392181,
                    0.9857701063156128,
                    0.12437543272972107
                ],
                [
                    0.12115095555782318,
                    -0.11056412756443024,
                    0.9864572882652283
                ]
            ],
            [
                [
                    0.9827213883399963,
                    -0.17069165408611298,
                    0.07157514989376068
                ],
                [
                    0.1590101271867752,
                    0.9764919281005859,
                    0.14553077518939972
                ],
                [
                    -0.09473345428705215,
                    -0.13163504004478455,
                    0.986761212348938
                ]
            ]
        ],
        "betas": [
            0.09871900081634521,
            0.18272985517978668,
            0.08839449286460876,
            0.5210679173469543,
            0.12727266550064087,
            -0.036945901811122894,
            -0.08539754152297974,
            0.11976891756057739,
            0.06518982350826263,
            0.018048346042633057
        ]
    },
    "pred_cam_t": [
        0.23240454494953156,
        0.38891154527664185,
        21.803686141967773
    ],
    "focal_length": [
        5000.0,
        5000.0
    ],
    "pred_keypoints_3d": [
        [
            -0.47826898097991943,
            -0.5859313011169434,
            -0.03544721379876137
        ],
        [
            -0.2871891260147095,
            -0.6263176202774048,
            -0.02854992263019085
        ],
        [
            -0.20273320376873016,
            -0.6023213863372803,
            0.1409498155117035
        ],
        [
            -0.15449362993240356,
            -0.378110408782959,
            0.2531275153160095
        ],
        [
            -0.3781900703907013,
            -0.25324204564094543,
            0.2448887974023819
        ],
        [
            -0.3188568353652954,
            -0.5018205642700195,
            -0.16139870882034302
        ],
        [
            -0.3890698552131653,
            -0.24914506077766418,
            -0.1606854945421219
        ],
        [
            -0.5664193630218506,
            -0.16219735145568848,
            -0.006560027599334717
        ],
        [
            -0.0022669844329357147,
            -0.2289193719625473,
            0.026213355362415314
        ],
        [
            0.04621181637048721,
            -0.17233873903751373,
            0.10981931537389755
        ],
        [
            -0.05798099935054779,
            0.07549595832824707,
            0.38573330640792847
        ],
        [
            0.1185062974691391,
            0.42381909489631653,
            0.47664788365364075
        ],
        [
            -0.004452247638255358,
            -0.11827757954597473,
            -0.0011604167520999908
        ],
        [
            -0.21913926303386688,
            0.09510588645935059,
            0.22375093400478363
        ],
        [
            -0.024691134691238403,
            0.39629533886909485,
            0.40255674719810486
        ],
        [
            -0.4869151711463928,
            -0.6373602151870728,
            -0.0024280971847474575
        ],
        [
            -0.4809110164642334,
            -0.636529803276062,
            -0.06961731612682343
        ],
        [
            -0.41405898332595825,
            -0.6970676183700562,
            0.048948343843221664
        ],
        [
            -0.40361809730529785,
            -0.6956756711006165,
            -0.10248646140098572
        ],
        [
            -0.17957964539527893,
            0.45999640226364136,
            0.5148835182189941
        ],
        [
            -0.15014702081680298,
            0.4991058111190796,
            0.4480580985546112
        ],
        [
            0.039287298917770386,
            0.4222531318664551,
            0.3890761137008667
        ],
        [
            -0.03448572754859924,
            0.47709518671035767,
            0.5943175554275513
        ],
        [
            0.04182639718055725,
            0.44859322905540466,
            0.6283851265907288
        ],
        [
            0.18216821551322937,
            0.4591144323348999,
            0.46419426798820496
        ],
        [
            0.13274727761745453,
            0.3663763403892517,
            0.4631221294403076
        ],
        [
            -0.052334465086460114,
            0.02884768880903721,
            0.34711384773254395
        ],
        [
            0.06954478472471237,
            -0.315271258354187,
            0.12607088685035706
        ],
        [
            -0.027298279106616974,
            -0.18330280482769012,
            -0.11866609752178192
        ],
        [
            -0.2140912413597107,
            0.07440531253814697,
            0.1927206814289093
        ],
        [
            -0.01929064281284809,
            0.3723667860031128,
            0.36721059679985046
        ],
        [
            -0.37548255920410156,
            -0.28611281514167786,
            0.22707323729991913
        ],
        [
            -0.18321144580841064,
            -0.4034585952758789,
            0.26740601658821106
        ],
        [
            -0.22142279148101807,
            -0.6167212724685669,
            0.10796036571264267
        ],
        [
            -0.31749358773231506,
            -0.5369465351104736,
            -0.15574344992637634
        ],
        [
            -0.4220600724220276,
            -0.2846400737762451,
            -0.16606639325618744
        ],
        [
            -0.5689550638198853,
            -0.18243040144443512,
            -0.011796240694820881
        ],
        [
            -0.2938007116317749,
            -0.6177548170089722,
            -0.0268867164850235
        ],
        [
            -0.4586653709411621,
            -0.7206205129623413,
            -0.03623127192258835
        ],
        [
            0.02172054909169674,
            -0.2501285672187805,
            0.0032659489661455154
        ],
        [
            -0.2645217776298523,
            -0.5745936036109924,
            -0.02195890247821808
        ],
        [
            -0.1046115830540657,
            -0.46531516313552856,
            -0.03326673060655594
        ],
        [
            -0.4019547700881958,
            -0.6211141347885132,
            -0.03400743007659912
        ],
        [
            -0.46588295698165894,
            -0.7405054569244385,
            -0.033531416207551956
        ]
    ],
    "pred_vertices": [
        [
            -0.5145222544670105,
            -0.6692611575126648,
            -0.08338329195976257
        ],
        [
            -0.5090539455413818,
            -0.6549921035766602,
            -0.07689763605594635
        ],
        [
            -0.4996874928474426,
            -0.6589390635490417,
            -0.08726267516613007
        ],
        [
            -0.5001895427703857,
            -0.6722373962402344,
            -0.09286114573478699
        ],
        [
            -0.49739062786102295,
            -0.648239016532898,
            -0.08301762491464615
        ],
        [
            -0.5038905143737793,
            -0.6447373628616333,
            -0.07415543496608734
        ],
        [
            -0.4873822331428528,
            -0.6615263223648071,
            -0.09313923120498657
        ],
        [
            -0.48451972007751465,
            -0.6737553477287292,
            -0.0978773832321167
        ],
        [
            -0.45264673233032227,
            -0.6436241865158081,
            -0.09493543207645416
        ],
        [
            -0.4427395462989807,
            -0.6469436883926392,
            -0.09823132306337357
        ],
        [
            -0.452799528837204,
            -0.6550358533859253,
            -0.0986521765589714
        ],
        [
            -0.4600493311882019,
            -0.6500208973884583,
            -0.0942593365907669
        ],
        [
            -0.43237757682800293,
            -0.6278838515281677,
            -0.09155908226966858
        ],
        [
            -0.4321745038032532,
            -0.6153284907341003,
            -0.08565013110637665
        ],
        [
            -0.4189920425415039,
            -0.6156201958656311,
            -0.08656473457813263
        ],
        [
            -0.4182972311973572,
            -0.6283778548240662,
            -0.09167201071977615
        ],
        [
            -0.4613773822784424,
            -0.6091954708099365,
            -0.05643756687641144
        ],
        [
            -0.45546984672546387,
            -0.6051923036575317,
            -0.06106911972165108
        ],
        [
            -0.4591061770915985,
            -0.6106418371200562,
            -0.06541575491428375
        ],
        [
            -0.4643056392669678,
            -0.6142584681510925,
            -0.05996163934469223
        ],
        [
            -0.473971962928772,
            -0.6120686531066895,
            -0.048735253512859344
        ],
        [
            -0.4751836359500885,
            -0.618459939956665,
            -0.04997481405735016
        ],
        [
            -0.48234838247299194,
            -0.6173402667045593,
            -0.04622694104909897
        ],
        [
            -0.48118895292282104,
            -0.6097986698150635,
            -0.04577910155057907
        ],
        [
            -0.4586244523525238,
            -0.6048927307128906,
            -0.05074291676282883
        ],
        [
            -0.45201244950294495,
            -0.6011981964111328,
            -0.055562227964401245
        ],
        [
            -0.4669398367404938,
            -0.6121417284011841,
            -0.052424248307943344
        ],
        [
            -0.46613597869873047,
            -0.6075552701950073,
            -0.05036928877234459
        ],
        [
            -0.4698534905910492,
            -0.5957797765731812,
            -0.04775805026292801
        ],
        [
            -0.4719085097312927,
            -0.6002610325813293,
            -0.04957842826843262
        ],
        [
            -0.47822779417037964,
            -0.5959487557411194,
            -0.047268129885196686
        ],
        [
            -0.4737927317619324,
            -0.5924749374389648,
            -0.04527367278933525
        ],
        [
            -0.46255040168762207,
            -0.6016492247581482,
            -0.05015267804265022
        ],
        [
            -0.4665558934211731,
            -0.6019127368927002,
            -0.05114864930510521
        ],
        [
            -0.46594613790512085,
            -0.5975788235664368,
            -0.04854622855782509
        ],
        [
            -0.4622719883918762,
            -0.5980581641197205,
            -0.046700313687324524
        ],
        [
            -0.4734674096107483,
            -0.6068345904350281,
            -0.04840569198131561
        ],
        [
            -0.48024123907089233,
            -0.603101372718811,
            -0.046336568892002106
        ],
        [
            -0.4868148863315582,
            -0.5990499258041382,
            -0.04316987842321396
        ],
        [
            -0.48320290446281433,
            -0.5909633040428162,
            -0.04333915188908577
        ],
        [
            -0.44013428688049316,
            -0.5999876260757446,
            -0.07008107751607895
        ],
        [
            -0.448716938495636,
            -0.6018465757369995,
            -0.06659310311079025
        ],
        [
            -0.44592225551605225,
            -0.5978913903236389,
            -0.06088949739933014
        ],
        [
            -0.43943896889686584,
            -0.5958748459815979,
            -0.06489700078964233
        ],
        [
            -0.4572233557701111,
            -0.5982972979545593,
            -0.04721595346927643
        ],
        [
            -0.44524383544921875,
            -0.5871321558952332,
            -0.04904589056968689
        ],
        [
            -0.4481746554374695,
            -0.589628279209137,
            -0.04975540563464165
        ],
        [
            -0.4523724913597107,
            -0.5874201655387878,
            -0.04422824829816818
        ],
        [
            -0.44935551285743713,
            -0.5852330923080444,
            -0.04412074387073517
        ],
        [
            -0.42329102754592896,
            -0.5957787036895752,
            -0.07300186157226562
        ],
        [
            -0.42625361680984497,
            -0.5915069580078125,
            -0.06783948838710785
        ],
        [
            -0.41943976283073425,
            -0.5884868502616882,
            -0.06731460243463516
        ],
        [
            -0.4149293005466461,
            -0.5926176309585571,
            -0.07135443389415741
        ],
        [
            -0.4147952198982239,
            -0.5850907564163208,
            -0.0634295642375946
        ],
        [
            -0.40735259652137756,
            -0.5891692638397217,
            -0.06843481957912445
        ],
        [
            -0.39770692586898804,
            -0.5784192085266113,
            -0.05796856805682182
        ],
        [
            -0.40185829997062683,
            -0.5833793878555298,
            -0.06311077624559402
        ],
        [
            -0.41121453046798706,
            -0.5806381106376648,
            -0.0588509701192379
        ],
        [
            -0.4100082218647003,
            -0.5746477842330933,
            -0.053121764212846756
        ],
        [
            -0.42068958282470703,
            -0.5719324350357056,
            -0.04372012987732887
        ],
        [
            -0.4223942458629608,
            -0.5690698623657227,
            -0.03791189566254616
        ],
        [
            -0.4112262725830078,
            -0.5620018839836121,
            -0.04081857204437256
        ],
        [
            -0.41042566299438477,
            -0.5673019886016846,
            -0.04632120579481125
        ],
        [
            -0.43767595291137695,
            -0.5854648351669312,
            -0.0477001816034317
        ],
        [
            -0.4353237748146057,
            -0.5875028371810913,
            -0.05143820121884346
        ],
        [
            -0.43796053528785706,
            -0.5868707895278931,
            -0.05218615010380745
        ],
        [
            -0.4414985179901123,
            -0.5853804349899292,
            -0.04854108765721321
        ],
        [
            -0.4335072636604309,
            -0.5885084867477417,
            -0.054959215223789215
        ],
        [
            -0.43262743949890137,
            -0.5888331532478333,
            -0.05650976300239563
        ],
        [
            -0.4343956708908081,
            -0.5888849496841431,
            -0.05658110976219177
        ],
        [
            -0.43466562032699585,
            -0.5884147882461548,
            -0.05553613230586052
        ],
        [
            -0.4350645840167999,
            -0.5877801179885864,
            -0.05345059558749199
        ],
        [
            -0.4340333342552185,
            -0.5861973762512207,
            -0.052157752215862274
        ],
        [
            -0.4334279000759125,
            -0.587597131729126,
            -0.05392356216907501
        ],
        [
            -0.43577325344085693,
            -0.5835869312286377,
            -0.048788007348775864
        ],
        [
            -0.44139018654823303,
            -0.5770527720451355,
            -0.03644169121980667
        ],
        [
            -0.43998053669929504,
            -0.5778766870498657,
            -0.04019807651638985
        ],
        [
            -0.4426863193511963,
            -0.5817283391952515,
            -0.03911125659942627
        ],
        [
            -0.44416266679763794,
            -0.5813573598861694,
            -0.03594008460640907
        ],
        [
            -0.43767794966697693,
            -0.5891873836517334,
            -0.05571885406970978
        ],
        [
            -0.4376974105834961,
            -0.5905696153640747,
            -0.0577266588807106
        ],
        [
            -0.44251078367233276,
            -0.5900670886039734,
            -0.054548271000385284
        ],
        [
            -0.44023972749710083,
            -0.5885534286499023,
            -0.05300813540816307
        ],
        [
            -0.43874865770339966,
            -0.591938316822052,
            -0.060923196375370026
        ],
        [
            -0.43466952443122864,
            -0.5902425050735474,
            -0.058907948434352875
        ],
        [
            -0.4345574975013733,
            -0.5916662216186523,
            -0.061792440712451935
        ],
        [
            -0.4314546585083008,
            -0.5876275300979614,
            -0.05571519955992699
        ],
        [
            -0.42894503474235535,
            -0.5875073075294495,
            -0.05811165273189545
        ],
        [
            -0.43145716190338135,
            -0.5885934233665466,
            -0.059154339134693146
        ],
        [
            -0.427032470703125,
            -0.5850564241409302,
            -0.05557139217853546
        ],
        [
            -0.4309641718864441,
            -0.5856790542602539,
            -0.052947599440813065
        ],
        [
            -0.43187546730041504,
            -0.5824301242828369,
            -0.0494421012699604
        ],
        [
            -0.433632493019104,
            -0.5787853002548218,
            -0.04508572444319725
        ],
        [
            -0.4276374578475952,
            -0.5776214599609375,
            -0.046620093286037445
        ],
        [
            -0.4267001748085022,
            -0.5814657211303711,
            -0.05156458914279938
        ],
        [
            -0.4447569251060486,
            -0.5938685536384583,
            -0.056859880685806274
        ],
        [
            -0.4291877746582031,
            -0.5896704196929932,
            -0.06301215291023254
        ],
        [
            -0.43327659368515015,
            -0.5944988131523132,
            -0.06677164137363434
        ],
        [
            -0.42498552799224854,
            -0.5871250629425049,
            -0.062205880880355835
        ],
        [
            -0.4216580390930176,
            -0.5843108892440796,
            -0.05938555672764778
        ],
        [
            -0.41976499557495117,
            -0.5807034373283386,
            -0.05399047210812569
        ],
        [
            -0.41994112730026245,
            -0.5760508179664612,
            -0.049339547753334045
        ],
        [
            -0.396245539188385,
            -0.5641077756881714,
            -0.04085443541407585
        ],
        [
            -0.3968912363052368,
            -0.5701798796653748,
            -0.04845738410949707
        ],
        [
            -0.49641716480255127,
            -0.6415311098098755,
            -0.07129974663257599
        ],
        [
            -0.49317675828933716,
            -0.6427432298660278,
            -0.07957077771425247
        ],
        [
            -0.4839157462120056,
            -0.6405168771743774,
            -0.07895783334970474
        ],
        [
            -0.4850408136844635,
            -0.6418470144271851,
            -0.0808352679014206
        ],
        [
            -0.4892629086971283,
            -0.6412464380264282,
            -0.07602274417877197
        ],
        [
            -0.486651211977005,
            -0.6394293308258057,
            -0.07530762255191803
        ],
        [
            -0.4663347005844116,
            -0.6468303203582764,
            -0.08985815942287445
        ],
        [
            -0.4714179039001465,
            -0.6445791721343994,
            -0.08596628904342651
        ],
        [
            -0.4672524929046631,
            -0.6433652639389038,
            -0.08504878729581833
        ],
        [
            -0.4605225920677185,
            -0.6430119276046753,
            -0.09011787921190262
        ],
        [
            -0.46724647283554077,
            -0.6333409547805786,
            -0.07771576195955276
        ],
        [
            -0.46537497639656067,
            -0.6365818977355957,
            -0.08140821754932404
        ],
        [
            -0.47299423813819885,
            -0.6386646628379822,
            -0.07945971190929413
        ],
        [
            -0.4742916524410248,
            -0.6363817453384399,
            -0.07661991566419601
        ],
        [
            -0.4757322072982788,
            -0.6348142623901367,
            -0.07308847457170486
        ],
        [
            -0.47685712575912476,
            -0.6341912746429443,
            -0.06863049417734146
        ],
        [
            -0.4726889431476593,
            -0.6308830380439758,
            -0.06874288618564606
        ],
        [
            -0.4701181948184967,
            -0.6315345764160156,
            -0.0733889490365982
        ],
        [
            -0.4918235242366791,
            -0.6410073041915894,
            -0.07024291157722473
        ],
        [
            -0.49169105291366577,
            -0.6405490636825562,
            -0.06253786385059357
        ],
        [
            -0.48899227380752563,
            -0.6389281749725342,
            -0.06397136300802231
        ],
        [
            -0.4890687167644501,
            -0.6387958526611328,
            -0.07017619162797928
        ],
        [
            -0.48189908266067505,
            -0.6382051706314087,
            -0.05266096070408821
        ],
        [
            -0.48431017994880676,
            -0.6389954090118408,
            -0.05419575423002243
        ],
        [
            -0.48671138286590576,
            -0.6389617323875427,
            -0.051025357097387314
        ],
        [
            -0.48286518454551697,
            -0.6366274952888489,
            -0.04964885860681534
        ],
        [
            -0.4804753065109253,
            -0.6346113681793213,
            -0.051799971610307693
        ],
        [
            -0.48084262013435364,
            -0.6367579698562622,
            -0.05397259071469307
        ],
        [
            -0.529531717300415,
            -0.6839553713798523,
            -0.07601062953472137
        ],
        [
            -0.5244734287261963,
            -0.667695164680481,
            -0.07059235870838165
        ],
        [
            -0.5149165391921997,
            -0.6889134049415588,
            -0.08907881379127502
        ],
        [
            -0.4981224834918976,
            -0.6905567049980164,
            -0.096791572868824
        ],
        [
            -0.4810338020324707,
            -0.6879337430000305,
            -0.1022924855351448
        ],
        [
            -0.42084962129592896,
            -0.6041576862335205,
            -0.07979132235050201
        ],
        [
            -0.41014134883880615,
            -0.6025641560554504,
            -0.07918116450309753
        ],
        [
            -0.4062889814376831,
            -0.6165867447853088,
            -0.08650079369544983
        ],
        [
            -0.3960576057434082,
            -0.6123638153076172,
            -0.08319811522960663
        ],
        [
            -0.40051543712615967,
            -0.5979080200195312,
            -0.07546275854110718
        ],
        [
            -0.3867163062095642,
            -0.5854132175445557,
            -0.059594202786684036
        ],
        [
            -0.3926074504852295,
            -0.591549813747406,
            -0.06913518905639648
        ],
        [
            -0.3859417736530304,
            -0.6080756187438965,
            -0.07744736969470978
        ],
        [
            -0.3834441900253296,
            -0.6279436349868774,
            -0.08598444610834122
        ],
        [
            -0.3937928080558777,
            -0.6285995841026306,
            -0.088945671916008
        ],
        [
            -0.3854561150074005,
            -0.6481704711914062,
            -0.09030089527368546
        ],
        [
            -0.37129056453704834,
            -0.6297814249992371,
            -0.07931914180517197
        ],
        [
            -0.3795051574707031,
            -0.6537123918533325,
            -0.08642275631427765
        ],
        [
            -0.3530777394771576,
            -0.6009655594825745,
            -0.058972395956516266
        ],
        [
            -0.34390130639076233,
            -0.595513105392456,
            -0.059805627912282944
        ],
        [
            -0.3404601812362671,
            -0.6089358329772949,
            -0.07345476746559143
        ],
        [
            -0.34908393025398254,
            -0.6147615313529968,
            -0.07208473980426788
        ],
        [
            -0.4047973155975342,
            -0.6287403106689453,
            -0.09160634875297546
        ],
        [
            -0.45550695061683655,
            -0.6670291423797607,
            -0.10138775408267975
        ],
        [
            -0.46330589056015015,
            -0.6596484184265137,
            -0.09815908223390579
        ],
        [
            -0.44316864013671875,
            -0.6615700721740723,
            -0.10111386328935623
        ],
        [
            -0.4850062131881714,
            -0.7222365736961365,
            -0.10627899318933487
        ],
        [
            -0.4940352439880371,
            -0.7067677974700928,
            -0.10193227231502533
        ],
        [
            -0.4777960777282715,
            -0.7017779350280762,
            -0.10685111582279205
        ],
        [
            -0.4714585542678833,
            -0.7169172763824463,
            -0.10995934158563614
        ],
        [
            -0.5202345252037048,
            -0.7388072609901428,
            -0.08349457383155823
        ],
        [
            -0.5281195640563965,
            -0.7115572690963745,
            -0.0823119655251503
        ],
        [
            -0.5132160186767578,
            -0.7104300260543823,
            -0.09186632931232452
        ],
        [
            -0.5058849453926086,
            -0.7315073013305664,
            -0.0949421375989914
        ],
        [
            -0.4624496102333069,
            -0.727024495601654,
            -0.11076678335666656
        ],
        [
            -0.4512091875076294,
            -0.7414782047271729,
            -0.10976875573396683
        ],
        [
            -0.45865514874458313,
            -0.7566105127334595,
            -0.10670872032642365
        ],
        [
            -0.47454628348350525,
            -0.7408045530319214,
            -0.1075650081038475
        ],
        [
            -0.47059333324432373,
            -0.7751108407974243,
            -0.09643245488405228
        ],
        [
            -0.48997557163238525,
            -0.756179690361023,
            -0.09686776995658875
        ],
        [
            -0.3645678162574768,
            -0.6512583494186401,
            -0.08161611109972
        ],
        [
            -0.3747255802154541,
            -0.6669667959213257,
            -0.08500941842794418
        ],
        [
            -0.3604430854320526,
            -0.6206157803535461,
            -0.07170993834733963
        ],
        [
            -0.3547316789627075,
            -0.6381460428237915,
            -0.07947660237550735
        ],
        [
            -0.4806535243988037,
            -0.7891602516174316,
            -0.07991193234920502
        ],
        [
            -0.5040386319160461,
            -0.7675682306289673,
            -0.08104759454727173
        ],
        [
            -0.40383484959602356,
            -0.762781023979187,
            -0.0941176638007164
        ],
        [
            -0.42160725593566895,
            -0.7684086561203003,
            -0.09859616309404373
        ],
        [
            -0.421858012676239,
            -0.7484605312347412,
            -0.10466510057449341
        ],
        [
