{
    "pred_cam": [
        1.6901917457580566,
        0.2449522763490677,
        0.3801669478416443
    ],
    "pred_smpl_params": {
        "global_orient": [
            [
                [
                    -0.04724998027086258,
                    -0.17871464788913727,
                    -0.982765793800354
                ],
                [
                    0.4578906297683716,
                    -0.8782796263694763,
                    0.13769924640655518
                ],
                [
                    -0.8877519965171814,
                    -0.44349297881126404,
                    0.12333045899868011
                ]
            ]
        ],
        "body_pose": [
            [
                [
                    0.9873821139335632,
                    0.15365099906921387,
                    0.038315221667289734
                ],
                [
                    -0.14300015568733215,
                    0.7612014412879944,
                    0.6325530409812927
                ],
                [
                    0.06802681088447571,
                    -0.630050539970398,
                    0.7735688090324402
                ]
            ],
            [
                [
                    0.983329713344574,
                    0.11076962947845459,
                    0.1441969871520996
                ],
                [
                    -0.17391197383403778,
                    0.8044344782829285,
                    0.5680139064788818
                ],
                [
                    -0.053078338503837585,
                    -0.5836225152015686,
                    0.8102884888648987
                ]
            ],
            [
                [
                    0.9967944622039795,
                    -0.07360024750232697,
                    0.031364165246486664
                ],
                [
                    0.07851371169090271,
                    0.8245915770530701,
                    -0.5602538585662842
                ],
                [
                    0.015372196212410927,
                    0.5609204769134521,
                    0.8277269601821899
                ]
            ],
            [
                [
                    0.9721256494522095,
                    0.23267123103141785,
                    0.028911732137203217
                ],
                [
                    -0.12354841083288193,
                    0.6131516695022583,
                    -0.7802440524101257
                ],
                [
                    -0.1992676556110382,
                    0.7549232244491577,
                    0.6248066425323486
                ]
            ],
            [
                [
                    0.9909318685531616,
                    0.019502930343151093,
                    0.13294214010238647
                ],
                [
                    0.07965657114982605,
                    0.7115248441696167,
                    -0.6981311440467834
                ],
                [
                    -0.10820724815130234,
                    0.7023901343345642,
                    0.7035191059112549
                ]
            ],
            [
                [
                    0.9973883032798767,
                    -0.07189492881298065,
                    -0.00690158037468791
                ],
                [
                    0.07174794375896454,
                    0.9972303509712219,
                    -0.01959473453462124
                ],
                [
                    0.00829122681170702,
                    0.019048387184739113,
                    0.9997841715812683
                ]
            ],
            [
                [
                    0.9787620306015015,
                    -0.007558009587228298,
                    0.20486025512218475
                ],
                [
                    -0.010018168948590755,
                    0.9963626861572266,
                    0.08462336659431458
                ],
                [
                    -0.20475469529628754,
                    -0.08487847447395325,
                    0.9751262664794922
                ]
            ],
            [
                [
                    0.9823126792907715,
                    -0.0814511850476265,
                    -0.1686048060655594
                ],
                [
                    0.08926937729120255,
                    0.9952315092086792,
                    0.03930876776576042
                ],
                [
                    0.16459907591342926,
                    -0.05366474390029907,
                    0.984899640083313
                ]
            ],
            [
                [
                    0.9990027546882629,
                    -0.040960539132356644,
                    -0.01777092181146145
                ],
                [
                    0.039645105600357056,
                    0.9968323111534119,
                    -0.06894541531801224
                ],
                [
                    0.02053867280483246,
                    0.06817212700843811,
                    0.9974620938301086
                ]
            ],
            [
                [
                    0.9892707467079163,
                    -0.10291251540184021,
                    0.10369392484426498
                ],
                [
                    0.09752672910690308,
                    0.9936702847480774,
                    0.05574846267700195
                ],
                [
                    -0.10877478867769241,
                    -0.045037392526865005,
                    0.9930456876754761
                ]
            ],
            [
                [
                    0.9819731116294861,
                    0.1673886626958847,
                    0.08780541270971298
                ],
                [
                    -0.1766357421875,
                    0.9779981970787048,
                    0.11099278181791306
                ],
                [
                    -0.06729459762573242,
                    -0.12450151145458221,
                    0.9899347424507141
                ]
            ],
            [
                [
                    0.9453427791595459,
                    -0.05827753245830536,
                    0.32082831859588623
                ],
                [
                    0.05403511971235275,
                    0.9982939958572388,
                    0.02211899869143963
                ],
                [
                    -0.3215700387954712,
                    -0.0035740381572395563,
                    0.9468790292739868
                ]
            ],
            [
                [
                    0.8154664039611816,
                    0.09658344835042953,
                    -0.5706892013549805
                ],
                [
                    -0.023932963609695435,
                    0.9907627105712891,
                    0.1334785372018814
                ],
                [
                    0.5783093571662903,
                    -0.09518899768590927,
                    0.8102452158927917
                ]
            ],
            [
                [
                    0.7805494070053101,
                    -0.16735605895519257,
                    0.6022745370864868
                ],
                [
                    0.09588247537612915,
                    0.9841466546058655,
                    0.14920422434806824
                ],
                [
                    -0.6176967024803162,
                    -0.05871368944644928,
                    0.7842215895652771
                ]
            ],
            [
                [
                    0.9813067317008972,
                    0.06183097884058952,
                    0.1822468340396881
                ],
                [
                    -0.04193636775016785,
                    0.9929279088973999,
                    -0.11106517910957336
                ],
                [
                    -0.1878252476453781,
                    0.10134625434875488,
                    0.9769598245620728
                ]
            ],
            [
                [
                    0.7710263133049011,
                    0.4212254285812378,
                    -0.4775850772857666
                ],
                [
                    -0.3132576048374176,
                    0.9038407802581787,
                    0.2914471924304962
                ],
                [
                    0.554425835609436,
                    -0.07510631531476974,
                    0.8288370966911316
                ]
            ],
            [
                [
                    0.5464450120925903,
                    -0.5356983542442322,
                    0.6437585949897766
                ],
                [
                    0.5126961469650269,
                    0.8217785358428955,
                    0.24864162504673004
                ],
                [
                    -0.6622239351272583,
                    0.1941835582256317,
                    0.7237072587013245
                ]
            ],
            [
                [
                    0.7210935354232788,
                    -0.13689713180065155,
                    -0.6791784167289734
                ],
                [
                    0.22408221662044525,
                    0.9736797213554382,
                    0.041653670370578766
                ],
                [
                    0.6555998921394348,
                    -0.1822279691696167,
                    0.7327903509140015
                ]
            ],
            [
                [
                    0.6027363538742065,
                    0.1545819789171219,
                    0.782823920249939
                ],
                [
                    -0.16141292452812195,
                    0.9843937754631042,
                    -0.07010529935359955
                ],
                [
                    -0.7814440131187439,
                    -0.08410288393497467,
                    0.6182814240455627
                ]
            ],
            [
                [
                    0.978839099407196,
                    -0.20310001075267792,
                    -0.02498924545943737
                ],
                [
                    0.1985849142074585,
                    0.9722726345062256,
                    -0.12349043786525726
                ],
                [
                    0.04937727004289627,
                    0.11591476947069168,
                    0.9920310378074646
                ]
            ],
            [
                [
                    0.9866177439689636,
                    0.15064337849617004,
                    0.06238606944680214
                ],
                [
                    -0.1507691890001297,
                    0.9885652661323547,
                    -0.0027131284587085247
                ],
                [
                    -0.062081415206193924,
                    -0.006729075685143471,
                    0.9980484247207642
                ]
            ],
            [
                [
                    0.9899811744689941,
                    0.1166093572974205,
                    -0.0796213150024414
                ],
                [
                    -0.10667828470468521,
                    0.9871131181716919,
                    0.11927884072065353
                ],
                [
                    0.09250427782535553,
                    -0.10958994179964066,
                    0.9896630644798279
                ]
            ],
            [
                [
                    0.9832425713539124,
                    -0.15972572565078735,
                    0.08787401020526886
                ],
                [
                    0.14713451266288757,
                    0.9798892140388489,
                    0.13479086756706238
                ],
                [
                    -0.10763636231422424,
                    -0.11960280686616898,
                    0.9869699478149414
                ]
            ]
        ],
        "betas": [
            0.08576323091983795,
            0.19340385496616364,
            -0.1064646989107132,
            0.31617966294288635,
            0.10237699747085571,
            -0.11863630264997482,
            -0.11633774638175964,
            0.1880859136581421,
            0.10341659933328629,
            -0.02123892307281494
        ]
    },
    "pred_cam_t": [
        0.2449522763490677,
        0.3801669478416443,
        23.111282348632812
    ],
    "focal_length": [
        5000.0,
        5000.0
    ],
    "pred_keypoints_3d": [
        [
            -0.4712396562099457,
            -0.5728141069412231,
            -0.11702588945627213
        ],
        [
            -0.2810942232608795,
            -0.608073890209198,
            -0.09365754574537277
        ],
        [
            -0.2317928671836853,
            -0.5769944190979004,
            0.08601490408182144
        ],
        [
            -0.2717665731906891,
            -0.340048611164093,
            0.17562168836593628
        ],
        [
            -0.46025535464286804,
            -0.18812359869480133,
            0.08847545087337494
        ],
        [
            -0.29285699129104614,
            -0.47623759508132935,
            -0.22176989912986755
        ],
        [
            -0.3918893337249756,
            -0.23236419260501862,
            -0.21346524357795715
        ],
        [
            -0.5908939838409424,
            -0.14462882280349731,
            -0.08760243654251099
        ],
        [
            -0.0021126726642251015,
            -0.22561925649642944,
            0.02627241052687168
        ],
        [
            0.022247053682804108,
            -0.17740678787231445,
            0.12413075566291809
        ],
        [
            -0.1351923644542694,
            0.08469802141189575,
            0.3601547181606293
        ],
        [
            0.03902101516723633,
            0.37371933460235596,
            0.5792568325996399
        ],
        [
            0.018384549766778946,
            -0.11563138663768768,
            0.005607301369309425
        ],
        [
            -0.16128595173358917,
            0.16453991830348969,
            0.18564005196094513
        ],
        [
            0.03332594037055969,
            0.3854219317436218,
            0.459541916847229
        ],
        [
            -0.4808918833732605,
            -0.6227752566337585,
            -0.08176829665899277
        ],
        [
            -0.4706389307975769,
            -0.6256320476531982,
            -0.148122638463974
        ],
        [
            -0.4103803038597107,
            -0.6774615049362183,
            -0.023578617721796036
        ],
        [
            -0.38970842957496643,
            -0.68355393409729,
            -0.17277683317661285
        ],
        [
            -0.12887060642242432,
            0.4951968789100647,
            0.51155024766922
        ],
        [
            -0.0657014548778534,
            0.5221382975578308,
            0.46605926752090454
        ],
        [
            0.10183283686637878,
            0.39093607664108276,
            0.47227945923805237
        ],
        [
            -0.12979912757873535,
            0.47061866521835327,
            0.6249734163284302
        ],
        [
            -0.08943556249141693,
            0.42006149888038635,
            0.6841931343078613
        ],
        [
            0.10807019472122192,
            0.3902393579483032,
            0.6006952524185181
        ],
        [
            0.04648621380329132,
            0.31528961658477783,
            0.5639336109161377
        ],
        [
            -0.12254806607961655,
            0.03922303766012192,
            0.32153356075286865
        ],
        [
            0.021069083362817764,
            -0.32121944427490234,
            0.13893041014671326
        ],
        [
            0.024757983162999153,
            -0.17486658692359924,
            -0.1153474971652031
        ],
        [
            -0.15400303900241852,
            0.14169053733348846,
            0.15371492505073547
        ],
        [
            0.04361860454082489,
            0.36141878366470337,
            0.42484578490257263
        ],
        [
            -0.4561500549316406,
            -0.2207198441028595,
            0.07215262204408646
        ],
        [
            -0.2987918555736542,
            -0.3653814196586609,
            0.1807825267314911
        ],
        [
            -0.24435412883758545,
            -0.5951393842697144,
            0.051244817674160004
        ],
        [
            -0.2933884263038635,
            -0.5140624046325684,
            -0.2200256884098053
        ],
        [
            -0.41819679737091064,
            -0.267187237739563,
            -0.22491633892059326
        ],
        [
            -0.5930773615837097,
            -0.16416971385478973,
            -0.09267473965883255
        ],
        [
            -0.2876345217227936,
            -0.5970926284790039,
            -0.09258407354354858
        ],
        [
            -0.4484240412712097,
            -0.7066553831100464,
            -0.10868605971336365
        ],
        [
            0.023087602108716965,
            -0.24904322624206543,
            0.011393671855330467
        ],
        [
            -0.26287299394607544,
            -0.552757740020752,
            -0.0814979299902916
        ],
        [
            -0.0981016755104065,
            -0.4501832127571106,
            -0.06584024429321289
        ],
        [
            -0.39472630620002747,
            -0.60600346326828,
            -0.10882589966058731
        ],
        [
            -0.45548367500305176,
            -0.7265456318855286,
            -0.10529530793428421
        ]
    ],
    "pred_vertices": [
        [
            -0.5021902322769165,
            -0.6596834063529968,
            -0.1625688076019287
        ],
        [
            -0.49778270721435547,
            -0.6449806690216064,
            -0.15660837292671204
        ],
        [
            -0.48753732442855835,
            -0.6491150856018066,
            -0.1661321222782135
        ],
        [
            -0.48721474409103394,
            -0.6629112958908081,
            -0.17059671878814697
        ],
        [
            -0.48597270250320435,
            -0.6380788683891296,
            -0.16245487332344055
        ],
        [
            -0.49302029609680176,
            -0.6343958377838135,
            -0.1540534794330597
        ],
        [
            -0.47482526302337646,
            -0.6516131162643433,
            -0.17095136642456055
        ],
        [
            -0.4714324176311493,
            -0.6643815636634827,
            -0.17432302236557007
        ],
        [
            -0.4406117796897888,
            -0.6332815885543823,
            -0.17126929759979248
        ],
        [
            -0.4305347204208374,
            -0.6365580558776855,
            -0.17365342378616333
        ],
        [
            -0.4403253197669983,
            -0.6445238590240479,
            -0.1745423674583435
        ],
        [
            -0.4479459524154663,
            -0.6393934488296509,
            -0.1710791140794754
        ],
        [
            -0.4209927022457123,
            -0.6165268421173096,
            -0.16770628094673157
        ],
        [
            -0.4213985800743103,
            -0.6038088798522949,
            -0.1622474193572998
        ],
        [
            -0.4080922603607178,
            -0.6037209630012512,
            -0.1623447835445404
        ],
        [
            -0.4067685306072235,
            -0.6167101263999939,
            -0.1667090207338333
        ],
        [
            -0.4527270495891571,
            -0.596788763999939,
            -0.13553151488304138
        ],
        [
            -0.4466022849082947,
            -0.5928995013237,
            -0.14000536501407623
        ],
        [
            -0.4498250484466553,
            -0.5987112522125244,
            -0.14423665404319763
        ],
        [
            -0.45528337359428406,
            -0.6021664142608643,
            -0.13893000781536102
        ],
        [
            -0.465658038854599,
            -0.599486231803894,
            -0.12860094010829926
        ],
        [
            -0.4666677415370941,
            -0.6059844493865967,
            -0.12956933677196503
        ],
        [
            -0.4740181565284729,
            -0.6049045324325562,
            -0.1262839436531067
        ],
        [
            -0.47303181886672974,
            -0.5973114371299744,
            -0.1261587291955948
        ],
        [
            -0.45042869448661804,
            -0.5920745730400085,
            -0.1299481987953186
        ],
        [
            -0.44362032413482666,
            -0.5884727239608765,
            -0.13456127047538757
        ],
        [
            -0.45843446254730225,
            -0.5996856689453125,
            -0.13171982765197754
        ],
        [
            -0.4578360915184021,
            -0.5947751998901367,
            -0.1300312578678131
        ],
        [
            -0.4619144797325134,
            -0.5830984711647034,
            -0.12814651429653168
        ],
        [
            -0.4637776017189026,
            -0.5877261757850647,
            -0.12988510727882385
        ],
        [
            -0.47019386291503906,
            -0.5835652351379395,
            -0.1280917078256607
        ],
        [
            -0.4660375714302063,
            -0.5798159837722778,
            -0.12607461214065552
        ],
        [
            -0.45432204008102417,
            -0.5888671278953552,
            -0.12973013520240784
        ],
        [
            -0.45821529626846313,
            -0.5893201231956482,
            -0.13089950382709503
        ],
        [
            -0.45786261558532715,
            -0.5848459601402283,
            -0.12851357460021973
        ],
        [
            -0.45435261726379395,
            -0.5851170420646667,
            -0.12645205855369568
        ],
        [
            -0.4651612639427185,
            -0.5942802429199219,
            -0.1284039318561554
        ],
        [
            -0.4721103310585022,
            -0.5906767845153809,
            -0.1269194483757019
        ],
        [
            -0.47890427708625793,
            -0.5866812467575073,
            -0.12437529116868973
        ],
        [
            -0.4755747318267822,
            -0.5784273743629456,
            -0.12485048174858093
        ],
        [
            -0.43080124258995056,
            -0.5878337621688843,
            -0.14818435907363892
        ],
        [
            -0.43947356939315796,
            -0.5898010730743408,
            -0.14506998658180237
        ],
        [
            -0.43723616003990173,
            -0.585351824760437,
            -0.13961085677146912
        ],
        [
            -0.43054521083831787,
            -0.5834025144577026,
            -0.14323550462722778
        ],
        [
            -0.44936904311180115,
            -0.5851470828056335,
            -0.12677410244941711
        ],
        [
            -0.43754684925079346,
            -0.5738484859466553,
            -0.128467857837677
        ],
        [
            -0.44038161635398865,
            -0.5764326453208923,
            -0.12925490736961365
        ],
        [
            -0.4449600875377655,
            -0.5740923881530762,
            -0.12412400543689728
        ],
        [
            -0.4420085847377777,
            -0.5718365907669067,
            -0.12393525242805481
        ],
        [
            -0.41385790705680847,
            -0.5833513736724854,
            -0.15023913979530334
        ],
        [
            -0.41729027032852173,
            -0.5789060592651367,
            -0.1455381214618683
        ],
        [
            -0.41057252883911133,
            -0.5756677389144897,
            -0.14475323259830475
        ],
        [
            -0.40567824244499207,
            -0.5798060894012451,
            -0.14835669100284576
        ],
        [
            -0.4063737988471985,
            -0.5718353986740112,
            -0.1410408467054367
        ],
        [
            -0.3984226584434509,
            -0.575846791267395,
            -0.14533118903636932
        ],
        [
            -0.38976848125457764,
            -0.5643327236175537,
            -0.13482698798179626
        ],
        [
            -0.3934147357940674,
            -0.5696150660514832,
            -0.1400095373392105
        ],
        [
            -0.4032532870769501,
            -0.567011296749115,
            -0.13654297590255737
        ],
        [
            -0.4025822877883911,
            -0.5607045888900757,
            -0.13117533922195435
        ],
        [
            -0.41371023654937744,
            -0.5579971075057983,
            -0.12229858338832855
        ],
        [
            -0.41586068272590637,
            -0.5549080967903137,
            -0.11683177202939987
        ],
        [
            -0.4046366512775421,
            -0.5477440357208252,
            -0.11936294287443161
        ],
        [
            -0.4035753011703491,
            -0.5531203746795654,
            -0.12483839690685272
        ],
        [
            -0.43014460802078247,
            -0.5721191763877869,
            -0.1265881061553955
        ],
        [
            -0.42750853300094604,
            -0.5742778182029724,
            -0.1300196498632431
        ],
        [
            -0.4300917387008667,
            -0.5737717747688293,
            -0.13096274435520172
        ],
        [
            -0.4338684678077698,
            -0.5721978545188904,
            -0.12763375043869019
        ],
        [
            -0.4254099726676941,
            -0.5754417181015015,
            -0.13333019614219666
        ],
        [
            -0.42441874742507935,
            -0.575821042060852,
            -0.1347953975200653
        ],
        [
            -0.4261919856071472,
            -0.5759183168411255,
            -0.13497959077358246
        ],
        [
            -0.42642825841903687,
            -0.5755353569984436,
            -0.13378746807575226
        ],
        [
            -0.42698484659194946,
            -0.5747703313827515,
            -0.13181686401367188
        ],
        [
            -0.42609232664108276,
            -0.5730912089347839,
            -0.13056612014770508
        ],
        [
            -0.42541876435279846,
            -0.5744630694389343,
            -0.13235348463058472
        ],
        [
            -0.42810070514678955,
            -0.570357620716095,
            -0.12749195098876953
        ],
        [
            -0.43472373485565186,
            -0.5630670785903931,
            -0.1162542849779129
        ],
        [
            -0.433052659034729,
            -0.5642711520195007,
            -0.11968907713890076
        ],
        [
            -0.435729056596756,
            -0.5680770874023438,
            -0.11856398731470108
        ],
        [
            -0.43743422627449036,
            -0.5673743486404419,
            -0.11572088301181793
        ],
        [
            -0.4294062554836273,
            -0.5761985182762146,
            -0.13426831364631653
        ],
        [
            -0.42940473556518555,
            -0.5777034759521484,
            -0.1362914741039276
        ],
        [
            -0.4344269037246704,
            -0.5771677494049072,
            -0.1335010975599289
        ],
        [
            -0.4322877824306488,
            -0.5755230188369751,
            -0.1318770945072174
        ],
        [
            -0.43017256259918213,
            -0.5793295502662659,
            -0.1393817663192749
        ],
        [
            -0.4262694716453552,
            -0.5773810148239136,
            -0.13725465536117554
        ],
        [
            -0.4259686768054962,
            -0.5787968039512634,
            -0.14019104838371277
        ],
        [
            -0.42331841588020325,
            -0.5745494365692139,
            -0.13399535417556763
        ],
        [
            -0.42065417766571045,
            -0.5744971036911011,
            -0.13623738288879395
        ],
        [
            -0.42308640480041504,
            -0.575690746307373,
            -0.1373753845691681
        ],
        [
            -0.41900235414505005,
            -0.5718271732330322,
            -0.1337587833404541
        ],
        [
            -0.42309656739234924,
            -0.5724204182624817,
            -0.13136304914951324
        ],
        [
            -0.4243142604827881,
            -0.5690449476242065,
            -0.12813988327980042
        ],
        [
            -0.42642804980278015,
            -0.5652710199356079,
            -0.12410183250904083
        ],
        [
            -0.4203749895095825,
            -0.5640146732330322,
            -0.1253255307674408
        ],
        [
            -0.4190320372581482,
            -0.5680422782897949,
            -0.12997862696647644
        ],
        [
            -0.43643641471862793,
            -0.5809135437011719,
            -0.13585993647575378
        ],
        [
            -0.4205479025840759,
            -0.5769050121307373,
            -0.14099422097206116
        ],
        [
            -0.4242979884147644,
            -0.5819752216339111,
            -0.14476385712623596
        ],
        [
            -0.41644516587257385,
            -0.5742290616035461,
            -0.1400652974843979
        ],
        [
            -0.4133939743041992,
            -0.5711202621459961,
            -0.13724902272224426
        ],
        [
            -0.4121469259262085,
            -0.5671287775039673,
            -0.1323060393333435
        ],
        [
            -0.4125271439552307,
            -0.5623558759689331,
            -0.12764793634414673
        ],
        [
            -0.3897458612918854,
            -0.5493889451026917,
            -0.11831438541412354
        ],
        [
            -0.3898507058620453,
            -0.555661141872406,
            -0.12590914964675903
        ],
        [
            -0.48586612939834595,
            -0.6308838129043579,
            -0.1507873237133026
        ],
        [
            -0.48197701573371887,
            -0.6324483156204224,
            -0.15875491499900818
        ],
        [
            -0.4728940427303314,
            -0.6299690008163452,
            -0.15768945217132568
        ],
        [
            -0.47386613488197327,
            -0.6316044330596924,
            -0.159437894821167
        ],
        [
            -0.47843360900878906,
            -0.6305684447288513,
            -0.15512114763259888
        ],
        [
            -0.4758875370025635,
            -0.6288222074508667,
            -0.15425290167331696
        ],
        [
            -0.45441222190856934,
            -0.6363612413406372,
            -0.16692373156547546
        ],
        [
            -0.45977866649627686,
            -0.6340494751930237,
            -0.1634933352470398
        ],
        [
            -0.45586174726486206,
            -0.6325117349624634,
            -0.16258421540260315
        ],
        [
            -0.4488103985786438,
            -0.6322637796401978,
            -0.16717949509620667
        ],
        [
            -0.45660871267318726,
            -0.6221002340316772,
            -0.15582717955112457
        ],
        [
            -0.45446646213531494,
            -0.625433087348938,
            -0.15926629304885864
        ],
        [
            -0.46200984716415405,
            -0.627863883972168,
            -0.157430961728096
        ],
        [
            -0.46354252099990845,
            -0.6254876852035522,
            -0.15478920936584473
        ],
        [
            -0.46530425548553467,
            -0.6236871480941772,
            -0.15152743458747864
        ],
        [
            -0.46684837341308594,
            -0.6227067708969116,
            -0.14737926423549652
        ],
        [
            -0.46262460947036743,
            -0.619379997253418,
            -0.1472715437412262
        ],
        [
            -0.45975542068481445,
            -0.6202539205551147,
            -0.15165948867797852
        ],
        [
            -0.4813650846481323,
            -0.6301779747009277,
            -0.14940419793128967
        ],
        [
            -0.4818342328071594,
            -0.6292075514793396,
            -0.14184749126434326
        ],
        [
            -0.4790116548538208,
            -0.6277243494987488,
            -0.14309269189834595
        ],
        [
            -0.4786325991153717,
            -0.6280659437179565,
            -0.14925040304660797
        ],
        [
            -0.4728021025657654,
            -0.6259127855300903,
            -0.13155010342597961
        ],
        [
            -0.4750751554965973,
            -0.6268521547317505,
            -0.13319706916809082
        ],
        [
            -0.4776560664176941,
            -0.6267788410186768,
            -0.13013392686843872
        ],
        [
            -0.47400376200675964,
            -0.6242334842681885,
            -0.12867389619350433
        ],
        [
            -0.471526563167572,
            -0.6222224235534668,
            -0.13081791996955872
        ],
        [
            -0.4716816246509552,
            -0.6244949102401733,
            -0.1328778713941574
        ],
        [
            -0.5173965096473694,
            -0.6749767065048218,
            -0.15498657524585724
        ],
        [
            -0.5133894681930542,
            -0.6576938629150391,
            -0.15042689442634583
        ],
        [
            -0.5016970634460449,
            -0.6802029013633728,
            -0.16649077832698822
        ],
        [
            -0.4844779670238495,
            -0.6817224025726318,
            -0.17292025685310364
        ],
        [
            -0.4673486649990082,
            -0.6788569688796997,
            -0.17718574404716492
        ],
        [
            -0.410719633102417,
            -0.5920194387435913,
            -0.15635806322097778
        ],
        [
            -0.40008893609046936,
            -0.5900198221206665,
            -0.1552489548921585
        ],
        [
            -0.3954300880432129,
            -0.6041430234909058,
            -0.16169723868370056
        ],
        [
            -0.3854919672012329,
            -0.5994539856910706,
            -0.1579875648021698
        ],
        [
            -0.390868604183197,
            -0.5847571492195129,
            -0.15141139924526215
        ],
        [
            -0.37843436002731323,
            -0.5712912082672119,
            -0.13512468338012695
        ],
        [
            -0.3834378123283386,
            -0.5778506994247437,
            -0.14485055208206177
        ],
        [
            -0.3758615553379059,
            -0.5946571826934814,
            -0.15166045725345612
        ],
        [
            -0.37238046526908875,
            -0.6147922873497009,
            -0.1588660180568695
        ],
        [
            -0.3825479745864868,
            -0.6158782839775085,
            -0.16265259683132172
        ],
        [
            -0.3736535310745239,
            -0.6352528929710388,
            -0.16214178502559662
        ],
        [
            -0.36074304580688477,
            -0.6158506870269775,
            -0.15115085244178772
        ],
        [
            -0.3679525554180145,
            -0.640304684638977,
            -0.1576007753610611
        ],
        [
            -0.3436112403869629,
            -0.5857261419296265,
            -0.13087302446365356
        ],
        [
            -0.33381783962249756,
            -0.5797948241233826,
            -0.13117612898349762
        ],
        [
            -0.328933447599411,
            -0.5932519435882568,
            -0.14399316906929016
        ],
        [
            -0.33832499384880066,
            -0.5995223522186279,
            -0.14313171803951263
        ],
        [
            -0.39326417446136475,
            -0.6166923642158508,
            -0.16574521362781525
        ],
        [
            -0.4423387050628662,
            -0.6569015383720398,
            -0.17636123299598694
        ],
        [
            -0.45066213607788086,
            -0.6494268774986267,
            -0.17430844902992249
        ],
        [
            -0.43030357360839844,
            -0.6508376002311707,
            -0.17611783742904663
        ],
        [
            -0.46987849473953247,
            -0.7135082483291626,
            -0.17944574356079102
        ],
        [
            -0.47969281673431396,
            -0.6981760263442993,
            -0.17665913701057434
        ],
        [
            -0.46318134665489197,
            -0.6927037239074707,
            -0.18085870146751404
        ],
        [
            -0.45625579357147217,
            -0.7077179551124573,
            -0.18272367119789124
        ],
        [
            -0.5061451196670532,
            -0.729643702507019,
            -0.1584639549255371
        ],
        [
            -0.5147969722747803,
            -0.7025763988494873,
            -0.15937292575836182
        ],
        [
            -0.4992736577987671,
            -0.7014888525009155,
            -0.16782008111476898
        ],
        [
            -0.491322785615921,
            -0.7226473093032837,
            -0.16948212683200836
        ],
        [
            -0.44707369804382324,
            -0.7177643775939941,
            -0.18244577944278717
        ],
        [
            -0.43568775057792664,
            -0.7315344214439392,
            -0.1798284947872162
        ],
        [
            -0.4426781237125397,
            -0.7467455863952637,
            -0.17612959444522858
        ],
        [
            -0.4588078260421753,
            -0.7316111326217651,
            -0.17885032296180725
        ],
        [
            -0.45483478903770447,
            -0.7652959823608398,
            -0.16588494181632996
        ],
        [
            -0.4748299717903137,
            -0.7470313906669617,
            -0.16868633031845093
        ],
        [
            -0.35317060351371765,
            -0.6367934942245483,
            -0.15229183435440063
        ],
        [
            -0.3629150092601776,
            -0.6532486081123352,
            -0.15520772337913513
        ],
        [
            -0.3501799702644348,
            -0.6059267520904541,
            -0.14336887001991272
        ],
        [
            -0.34346166253089905,
            -0.6230841875076294,
            -0.15007227659225464
        ],
        [
            -0.4655548930168152,
            -0.7785755395889282,
            -0.14916567504405975
        ],
        [
            -0.4894550144672394,
            -0.7577822208404541,
            -0.15319594740867615
        ],
        [
            -0.3887162208557129,
            -0.7504945993423462,
            -0.16023823618888855
        ],
        [
            -0.40604543685913086,
            -0.7567422389984131,
            -0.16531480848789215
        ],
        [
            -0.40645623207092285,
            -0.7372644543647766,
            -0.1728297472000122
        ],
        [
            -0.3904097080230713,
            -0.7337071299552917,
            -0.16727465391159058
