{
    "pred_cam": [
        1.5859129428863525,
        0.2195524424314499,
        0.37873387336730957
    ],
    "pred_smpl_params": {
        "global_orient": [
            [
                [
                    0.26591911911964417,
                    -0.1464006006717682,
                    -0.9528136253356934
                ],
                [
                    0.44722944498062134,
                    -0.8568588495254517,
                    0.2564735412597656
                ],
                [
                    -0.8539746999740601,
                    -0.4943275451660156,
                    -0.16238048672676086
                ]
            ]
        ],
        "body_pose": [
            [
                [
                    0.9955042004585266,
                    0.059306249022483826,
                    0.07385178655385971
                ],
                [
                    -0.08795586973428726,
                    0.8681343793869019,
                    0.48847368359565735
                ],
                [
                    -0.03514372929930687,
                    -0.4927733540534973,
                    0.8694477677345276
                ]
            ],
            [
                [
                    0.9835202097892761,
                    0.15982861816883087,
                    0.0845147892832756
                ],
                [
                    -0.1804705411195755,
                    0.8959969878196716,
                    0.40573379397392273
                ],
                [
                    -0.010877126827836037,
                    -0.4142998456954956,
                    0.9100754857063293
                ]
            ],
            [
                [
                    0.9977773427963257,
                    -0.06564928591251373,
                    -0.011429277248680592
                ],
                [
                    0.05263425037264824,
                    0.8816205859184265,
                    -0.4690147042274475
                ],
                [
                    0.04086676612496376,
                    0.4673706591129303,
                    0.8831164240837097
                ]
            ],
            [
                [
                    0.9746668934822083,
                    0.21157561242580414,
                    0.07252795249223709
                ],
                [
                    -0.12297412008047104,
                    0.7777963280677795,
                    -0.6163687109947205
                ],
                [
                    -0.18682056665420532,
                    0.5918350219726562,
                    0.7841106653213501
                ]
            ],
            [
                [
                    0.9818879961967468,
                    0.03383003547787666,
                    0.18641746044158936
                ],
                [
                    0.06224600970745087,
                    0.8717103004455566,
                    -0.48605215549468994
                ],
                [
                    -0.1789451539516449,
                    0.48885253071784973,
                    0.8538160920143127
                ]
            ],
            [
                [
                    0.9908776879310608,
                    -0.11012960970401764,
                    -0.07767150551080704
                ],
                [
                    0.10580239444971085,
                    0.9927061200141907,
                    -0.05779609456658363
                ],
                [
                    0.08347003906965256,
                    0.04905103147029877,
                    0.9953023195266724
                ]
            ],
            [
                [
                    0.9750664234161377,
                    0.026365691795945168,
                    0.22034141421318054
                ],
                [
                    -0.04287539795041084,
                    0.9965910315513611,
                    0.07048401981592178
                ],
                [
                    -0.21773192286491394,
                    -0.07817382365465164,
                    0.9728729128837585
                ]
            ],
            [
                [
                    0.9800557494163513,
                    -0.13721129298210144,
                    -0.14374932646751404
                ],
                [
                    0.1380336433649063,
                    0.9904182553291321,
                    -0.004284507129341364
                ],
                [
                    0.1429598480463028,
                    -0.01564319059252739,
                    0.9896048903465271
                ]
            ],
            [
                [
                    0.9961914420127869,
                    -0.04390765354037285,
                    -0.07533042132854462
                ],
                [
                    0.039183419197797775,
                    0.9972385764122009,
                    -0.06308499723672867
                ],
                [
                    0.07789232581853867,
                    0.059893034398555756,
                    0.9951609969139099
                ]
            ],
            [
                [
                    0.9888912439346313,
                    -0.1107143685221672,
                    0.09917847067117691
                ],
                [
                    0.10970557481050491,
                    0.9938418865203857,
                    0.015584864653646946
                ],
                [
                    -0.10029319673776627,
                    -0.00453130342066288,
                    0.9949474930763245
                ]
            ],
            [
                [
                    0.9754456877708435,
                    0.20037396252155304,
                    0.09141102433204651
                ],
                [
                    -0.21141646802425385,
                    0.9682085514068604,
                    0.13369807600975037
                ],
                [
                    -0.06171532720327377,
                    -0.1497410088777542,
                    0.9867972135543823
                ]
            ],
            [
                [
                    0.9370012879371643,
                    -0.12720462679862976,
                    0.32534223794937134
                ],
                [
                    0.12633848190307617,
                    0.9916996359825134,
                    0.02388092875480652
                ],
                [
                    -0.32567957043647766,
                    0.018726782873272896,
                    0.9452946782112122
                ]
            ],
            [
                [
                    0.8327990770339966,
                    0.17132526636123657,
                    -0.5263966917991638
                ],
                [
                    -0.1274101287126541,
                    0.9846958518028259,
                    0.11891457438468933
                ],
                [
                    0.5387137532234192,
                    -0.03196365013718605,
                    0.8418823480606079
                ]
            ],
            [
                [
                    0.9028438925743103,
                    -0.23324525356292725,
                    0.36120545864105225
                ],
                [
                    0.21135948598384857,
                    0.9723235368728638,
                    0.09956994652748108
                ],
                [
                    -0.374432772397995,
                    -0.013551929034292698,
                    0.9271549582481384
                ]
            ],
            [
                [
                    0.9845295548439026,
                    -0.005707493517547846,
                    0.1751255840063095
                ],
                [
                    0.038004159927368164,
                    0.9826325178146362,
                    -0.18162885308265686
                ],
                [
                    -0.17104744911193848,
                    0.1854744702577591,
                    0.9676476716995239
                ]
            ],
            [
                [
                    0.7985016703605652,
                    0.37904825806617737,
                    -0.46767258644104004
                ],
                [
                    -0.22036615014076233,
                    0.907000720500946,
                    0.35887137055397034
                ],
                [
                    0.5602088570594788,
                    -0.18350017070770264,
                    0.8077709674835205
                ]
            ],
            [
                [
                    0.5866687893867493,
                    -0.6201671957969666,
                    0.520780622959137
                ],
                [
                    0.7190444469451904,
                    0.6947482824325562,
                    0.017318591475486755
                ],
                [
                    -0.3725518584251404,
                    0.3643040955066681,
                    0.8535149097442627
                ]
            ],
            [
                [
                    0.7818302512168884,
                    -0.09614114463329315,
                    -0.6160343885421753
                ],
                [
                    0.24652403593063354,
                    0.9551939368247986,
                    0.16380015015602112
                ],
                [
                    0.5726843476295471,
                    -0.2799311876296997,
                    0.7705006003379822
                ]
            ],
            [
                [
                    0.0665835291147232,
                    0.3044559061527252,
                    0.9501964449882507
                ],
                [
                    -0.10079078376293182,
                    0.9494909048080444,
                    -0.2971670925617218
                ],
                [
                    -0.9926771521568298,
                    -0.07598461210727692,
                    0.09390680491924286
                ]
            ],
            [
                [
                    0.9799158573150635,
                    -0.197988361120224,
                    -0.023783650249242783
                ],
                [
                    0.18911151587963104,
                    0.9605029821395874,
                    -0.2041344940662384
                ],
                [
                    0.063260518014431,
                    0.19553683698177338,
                    0.9786539673805237
                ]
            ],
            [
                [
                    0.9854159951210022,
                    0.11822506785392761,
                    0.12238477170467377
                ],
                [
                    -0.13440349698066711,
                    0.9818664193153381,
                    0.1336943358182907
                ],
                [
                    -0.1043594554066658,
                    -0.14819349348545074,
                    0.9834367632865906
                ]
            ],
            [
                [
                    0.9884442090988159,
                    0.13243147730827332,
                    -0.07375718653202057
                ],
                [
                    -0.12316109240055084,
                    0.9852797985076904,
                    0.1185539960861206
                ],
                [
                    0.08837174624204636,
                    -0.10809997469186783,
                    0.9902045130729675
                ]
            ],
            [
                [
                    0.9773664474487305,
                    -0.18752847611904144,
                    0.09791801124811172
                ],
                [
                    0.17333881556987762,
                    0.9752148389816284,
                    0.13751286268234253
                ],
                [
                    -0.12127866595983505,
                    -0.11742746084928513,
                    0.9856482148170471
                ]
            ]
        ],
        "betas": [
            0.13311831653118134,
            0.25899404287338257,
            -0.21529324352741241,
            0.3799046277999878,
            0.10520511865615845,
            -0.15692922472953796,
            -0.15918192267417908,
            0.1943684220314026,
            0.11722471565008163,
            0.024657011032104492
        ]
    },
    "pred_cam_t": [
        0.2195524424314499,
        0.37873387336730957,
        24.630922317504883
    ],
    "focal_length": [
        5000.0,
        5000.0
    ],
    "pred_keypoints_3d": [
        [
            -0.4361216425895691,
            -0.5596855282783508,
            -0.22197900712490082
        ],
        [
            -0.25130608677864075,
            -0.601984977722168,
            -0.17734266817569733
        ],
        [
            -0.21369405090808868,
            -0.5996243357658386,
            0.018335647881031036
        ],
        [
            -0.15601390600204468,
            -0.40639054775238037,
            0.17831280827522278
        ],
        [
            -0.3272321820259094,
            -0.256178617477417,
            0.05613924562931061
        ],
        [
            -0.23158593475818634,
            -0.45300009846687317,
            -0.2948586940765381
        ],
        [
            -0.3307049572467804,
            -0.207793727517128,
            -0.29446983337402344
        ],
        [
            -0.5581357479095459,
            -0.10726478695869446,
            -0.250073105096817
        ],
        [
            -0.0022484930232167244,
            -0.22587332129478455,
            0.025689823552966118
        ],
        [
            -0.0012331684119999409,
            -0.17953965067863464,
            0.12682370841503143
        ],
        [
            -0.12425857782363892,
            0.1070496141910553,
            0.35692641139030457
        ],
        [
            -0.014618352055549622,
            0.3857090175151825,
            0.6276370286941528
        ],
        [
            0.03626876324415207,
            -0.119954414665699,
            0.014552762731909752
        ],
        [
            -0.08571411669254303,
            0.21779760718345642,
            0.13797245919704437
        ],
        [
            0.016952484846115112,
            0.44878852367401123,
            0.4524681568145752
        ],
        [
            -0.45198822021484375,
            -0.6092001795768738,
            -0.18803270161151886
        ],
        [
            -0.436807245016098,
            -0.6125015616416931,
            -0.25327444076538086
        ],
        [
            -0.38999807834625244,
            -0.6687987446784973,
            -0.12585857510566711
        ],
        [
            -0.3578137159347534,
            -0.6749712824821472,
            -0.2724173069000244
        ],
        [
            -0.12995770573616028,
            0.5891553163528442,
            0.4279135465621948
        ],
        [
            -0.049467533826828,
            0.5995550155639648,
            0.40992358326911926
        ],
        [
            0.07352214306592941,
            0.4463499188423157,
            0.4939155578613281
        ],
        [
            -0.17558975517749786,
            0.5041582584381104,
            0.6140005588531494
        ],
        [
            -0.16452646255493164,
            0.4512730538845062,
            0.6842374205589294
        ],
        [
            0.04562385380268097,
            0.3956337869167328,
            0.6702392101287842
        ],
        [
            -0.0069214338436722755,
            0.3267001509666443,
            0.6143693923950195
        ],
        [
            -0.11203326284885406,
            0.05845176801085472,
            0.3157895803451538
        ],
        [
            -0.028084728866815567,
            -0.3219851851463318,
            0.1343545913696289
        ],
        [
            0.06613210588693619,
            -0.18333950638771057,
            -0.09955022484064102
        ],
        [
            -0.07535838335752487,
            0.18864353001117706,
            0.1094679981470108
        ],
        [
            0.036282289773225784,
            0.41876649856567383,
            0.42716139554977417
        ],
        [
            -0.3188592493534088,
            -0.2923380136489868,
            0.04326186329126358
        ],
        [
            -0.1935124397277832,
            -0.42631909251213074,
            0.17741388082504272
        ],
        [
            -0.2237548828125,
            -0.6094921827316284,
            -0.021114176139235497
        ],
        [
            -0.235273540019989,
            -0.49472829699516296,
            -0.2963394224643707
        ],
        [
            -0.3514299988746643,
            -0.2394256293773651,
            -0.31839311122894287
        ],
        [
            -0.5597796440124512,
            -0.1265682876110077,
            -0.257558673620224
        ],
        [
            -0.25417396426200867,
            -0.5918148159980774,
            -0.1750497817993164
        ],
        [
            -0.4230267405509949,
            -0.6946982145309448,
            -0.21290001273155212
        ],
        [
            0.018929822370409966,
            -0.2532178461551666,
            0.016966255381703377
        ],
        [
            -0.22662422060966492,
            -0.5498654842376709,
            -0.15492261946201324
        ],
        [
            -0.07577690482139587,
            -0.44935253262519836,
            -0.09768573939800262
        ],
        [
            -0.3634881377220154,
            -0.5980191230773926,
            -0.2074611783027649
        ],
        [
            -0.4316232204437256,
            -0.7140375375747681,
            -0.21011382341384888
        ]
    ],
    "pred_vertices": [
        [
            -0.46921306848526,
            -0.6436547040939331,
            -0.2708788812160492
        ],
        [
            -0.4644962549209595,
            -0.6293238401412964,
            -0.26470497250556946
        ],
        [
            -0.45368969440460205,
            -0.6341898441314697,
            -0.273179292678833
        ],
        [
            -0.45390570163726807,
            -0.6480929851531982,
            -0.277505099773407
        ],
        [
            -0.451674222946167,
            -0.6235615015029907,
            -0.2695663571357727
        ],
        [
            -0.45907920598983765,
            -0.6193839311599731,
            -0.2613771855831146
        ],
        [
            -0.4406971335411072,
            -0.6377007961273193,
            -0.2769578695297241
        ],
        [
            -0.43784624338150024,
            -0.650450587272644,
            -0.28024375438690186
        ],
        [
            -0.4056929647922516,
            -0.6220759153366089,
            -0.27408087253570557
        ],
        [
            -0.3954867124557495,
            -0.6258769035339355,
            -0.2756938338279724
        ],
        [
            -0.4055706560611725,
            -0.6330561637878418,
            -0.27775174379348755
        ],
        [
            -0.41320091485977173,
            -0.6274388432502747,
            -0.2748096287250519
        ],
        [
            -0.38512900471687317,
            -0.6065707206726074,
            -0.26887738704681396
        ],
        [
            -0.3851102888584137,
            -0.5939717888832092,
            -0.26309120655059814
        ],
        [
            -0.37183552980422974,
            -0.5946863293647766,
            -0.2621152997016907
        ],
        [
            -0.3710108995437622,
            -0.6076368093490601,
            -0.2666829526424408
        ],
        [
            -0.4179741144180298,
            -0.5848392844200134,
            -0.23924946784973145
        ],
        [
            -0.41125398874282837,
            -0.5813391208648682,
            -0.24313783645629883
        ],
        [
            -0.41455358266830444,
            -0.586945116519928,
            -0.24767398834228516
        ],
        [
            -0.4206143319606781,
            -0.5900819301605225,
            -0.24285587668418884
        ],
        [
            -0.43147793412208557,
            -0.5866637229919434,
            -0.23351290822029114
        ],
        [
            -0.4328240752220154,
            -0.5930984020233154,
            -0.2345641553401947
        ],
        [
            -0.44033199548721313,
            -0.5915238261222839,
            -0.23190884292125702
        ],
        [
            -0.43884778022766113,
            -0.5839852690696716,
            -0.2316409796476364
        ],
        [
            -0.4157755970954895,
            -0.5803394317626953,
            -0.23344901204109192
        ],
        [
            -0.4084393382072449,
            -0.5770845413208008,
            -0.2374856173992157
        ],
        [
            -0.42416077852249146,
            -0.5874432325363159,
            -0.2359345555305481
        ],
        [
            -0.42322948575019836,
            -0.5824593305587769,
            -0.23429982364177704
        ],
        [
            -0.42663508653640747,
            -0.57042396068573,
            -0.2326888144016266
        ],
        [
            -0.42867738008499146,
            -0.5749828815460205,
            -0.2345857173204422
        ],
        [
            -0.43485960364341736,
            -0.5704640746116638,
            -0.2331276386976242
        ],
        [
            -0.43070316314697266,
            -0.5669375658035278,
            -0.23083919286727905
        ],
        [
            -0.4192770719528198,
            -0.5767828822135925,
            -0.2335171401500702
        ],
        [
            -0.4231078624725342,
            -0.5769925117492676,
            -0.2350148856639862
        ],
        [
            -0.42261824011802673,
            -0.5724950432777405,
            -0.23256564140319824
        ],
        [
            -0.419340044260025,
            -0.573098361492157,
            -0.23018723726272583
        ],
        [
            -0.4305591881275177,
            -0.581498384475708,
            -0.23312917351722717
        ],
        [
            -0.4373447895050049,
            -0.5774576663970947,
            -0.2321731448173523
        ],
        [
            -0.4440345764160156,
            -0.5730352401733398,
            -0.23008522391319275
        ],
        [
            -0.4401659071445465,
            -0.5649294257164001,
            -0.23028382658958435
        ],
        [
            -0.3944811224937439,
            -0.577317476272583,
            -0.24989847838878632
        ],
        [
            -0.403486967086792,
            -0.5787849426269531,
            -0.24734127521514893
        ],
        [
            -0.40143489837646484,
            -0.5743852853775024,
            -0.2418973743915558
        ],
        [
            -0.3943477272987366,
            -0.5728237628936768,
            -0.2449595332145691
        ],
        [
            -0.4143856167793274,
            -0.573347270488739,
            -0.23018744587898254
        ],
        [
            -0.40169650316238403,
            -0.562786340713501,
            -0.23088034987449646
        ],
        [
            -0.4046420454978943,
            -0.5651988387107849,
            -0.2319064885377884
        ],
        [
            -0.4094056189060211,
            -0.5625851154327393,
            -0.22716081142425537
        ],
        [
            -0.4063330590724945,
            -0.5605266690254211,
            -0.2267065942287445
        ],
        [
            -0.3771124482154846,
            -0.5738635063171387,
            -0.25054627656936646
        ],
        [
            -0.3806043863296509,
            -0.5691869258880615,
            -0.24622134864330292
        ],
        [
            -0.37369614839553833,
            -0.5663692355155945,
            -0.244864359498024
        ],
        [
            -0.3688233196735382,
            -0.5708661675453186,
            -0.2480306476354599
        ],
        [
            -0.3695773482322693,
            -0.56289142370224,
            -0.24098846316337585
        ],
        [
            -0.3615419566631317,
            -0.567455530166626,
            -0.24446621537208557
        ],
        [
            -0.3532165586948395,
            -0.5566182136535645,
            -0.23313602805137634
        ],
        [
            -0.3566279709339142,
            -0.5615781545639038,
            -0.23868250846862793
        ],
        [
            -0.3665602207183838,
            -0.5583951473236084,
            -0.23621898889541626
        ],
        [
            -0.36596882343292236,
            -0.552192211151123,
            -0.23075851798057556
        ],
        [
            -0.37744152545928955,
            -0.5488629937171936,
            -0.22245189547538757
        ],
        [
            -0.3797703981399536,
            -0.545711100101471,
            -0.21719688177108765
        ],
        [
            -0.36808836460113525,
            -0.5393128395080566,
            -0.21879759430885315
        ],
        [
            -0.36701589822769165,
            -0.544712483882904,
            -0.22446417808532715
        ],
        [
            -0.3944595456123352,
            -0.5617333650588989,
            -0.22829276323318481
        ],
        [
            -0.3917045295238495,
            -0.5640313029289246,
            -0.23149195313453674
        ],
        [
            -0.3941877484321594,
            -0.5633190870285034,
            -0.23264120519161224
        ],
        [
            -0.39810001850128174,
            -0.5615231990814209,
            -0.229596346616745
        ],
        [
            -0.389421671628952,
            -0.5652849674224854,
            -0.23463262617588043
        ],
        [
            -0.3883485794067383,
            -0.5657380819320679,
            -0.2360316514968872
        ],
        [
            -0.39012929797172546,
            -0.5657065510749817,
            -0.23635545372962952
        ],
        [
            -0.3903762102127075,
            -0.5654121041297913,
            -0.23495233058929443
        ],
        [
            -0.39101022481918335,
            -0.564621090888977,
            -0.2330537885427475
        ],
        [
            -0.3900890350341797,
            -0.5630403757095337,
            -0.2317247986793518
        ],
        [
            -0.3894004821777344,
            -0.5643361210823059,
            -0.2336547076702118
        ],
        [
            -0.39212751388549805,
            -0.560204029083252,
            -0.22880791127681732
        ],
        [
            -0.3988913297653198,
            -0.5524271726608276,
            -0.21833279728889465
        ],
        [
            -0.39728426933288574,
            -0.5537877678871155,
            -0.22155284881591797
        ],
        [
            -0.40031081438064575,
            -0.5574772357940674,
            -0.22065824270248413
        ],
        [
            -0.4019581377506256,
            -0.556545078754425,
            -0.2180645763874054
        ],
        [
            -0.3932431638240814,
            -0.5657542943954468,
            -0.23578259348869324
        ],
        [
            -0.3933883309364319,
            -0.5672218799591064,
            -0.23799985647201538
        ],
        [
            -0.3985908627510071,
            -0.5663931369781494,
            -0.2355966567993164
        ],
        [
            -0.3964420557022095,
            -0.5648878812789917,
            -0.2338021993637085
        ],
        [
            -0.39399778842926025,
            -0.5688717365264893,
            -0.24098891019821167
        ],
        [
            -0.390117883682251,
            -0.5671408176422119,
            -0.2386353462934494
        ],
        [
            -0.38962191343307495,
            -0.5684111714363098,
            -0.24168948829174042
        ],
        [
            -0.38719528913497925,
            -0.5645446181297302,
            -0.23512153327465057
        ],
        [
            -0.38436102867126465,
            -0.5646684765815735,
            -0.23713958263397217
        ],
        [
            -0.38680586218833923,
            -0.5656689405441284,
            -0.23849931359291077
        ],
        [
            -0.3826960325241089,
            -0.5621215105056763,
            -0.23452550172805786
        ],
        [
            -0.3870273530483246,
            -0.5624899864196777,
            -0.23243877291679382
        ],
        [
            -0.38824594020843506,
            -0.5590425729751587,
            -0.22933274507522583
        ],
        [
            -0.3904091715812683,
            -0.5551684498786926,
            -0.22544334828853607
        ],
        [
            -0.38418933749198914,
            -0.5543136596679688,
            -0.2261447012424469
        ],
        [
            -0.3827691674232483,
            -0.5584257245063782,
            -0.23069214820861816
        ],
        [
            -0.4005567729473114,
            -0.569887101650238,
            -0.23820434510707855
        ],
        [
            -0.3840871751308441,
            -0.5670129060745239,
            -0.24189725518226624
        ],
        [
            -0.38790926337242126,
            -0.5718169212341309,
            -0.24599996209144592
        ],
        [
            -0.37983834743499756,
            -0.564635694026947,
            -0.24061477184295654
        ],
        [
            -0.3767710328102112,
            -0.5618113279342651,
            -0.23754534125328064
        ],
        [
            -0.3757339417934418,
            -0.5579217076301575,
            -0.23273955285549164
        ],
        [
            -0.37615710496902466,
            -0.5531760454177856,
            -0.22779154777526855
        ],
        [
            -0.35371819138526917,
            -0.5418992042541504,
            -0.21646767854690552
        ],
        [
            -0.35368409752845764,
            -0.5480402112007141,
            -0.22430860996246338
        ],
        [
            -0.452088326215744,
            -0.6165691614151001,
            -0.2574595510959625
        ],
        [
            -0.44760289788246155,
            -0.6184656620025635,
            -0.2651733160018921
        ],
        [
            -0.4385141432285309,
            -0.6166183948516846,
            -0.26317766308784485
        ],
        [
            -0.4396750330924988,
            -0.6183228492736816,
            -0.26496317982673645
        ],
        [
            -0.4442887604236603,
            -0.6168297529220581,
            -0.2611713111400604
        ],
        [
            -0.4416719079017639,
            -0.6152908802032471,
            -0.25994884967803955
        ],
        [
            -0.41980868577957153,
            -0.6241520047187805,
            -0.2709100842475891
        ],
        [
            -0.42526212334632874,
            -0.6215945482254028,
            -0.2678048014640808
        ],
        [
            -0.42136257886886597,
            -0.6201567053794861,
            -0.2668226361274719
        ],
        [
            -0.41399675607681274,
            -0.6203012466430664,
            -0.2708510756492615
        ],
        [
            -0.4218018352985382,
            -0.6097421646118164,
            -0.2599400281906128
        ],
        [
            -0.4196840524673462,
            -0.6131897568702698,
            -0.2633289098739624
        ],
        [
            -0.4274739623069763,
            -0.6151972413063049,
            -0.261971652507782
        ],
        [
            -0.42904260754585266,
            -0.612741231918335,
            -0.2594151198863983
        ],
        [
            -0.43083494901657104,
            -0.6108847260475159,
            -0.25624215602874756
        ],
        [
            -0.4327448904514313,
            -0.6096833944320679,
            -0.2524641156196594
        ],
        [
            -0.42820632457733154,
            -0.6067416071891785,
            -0.2517860233783722
        ],
        [
            -0.42504554986953735,
            -0.6077979803085327,
            -0.2558804154396057
        ],
        [
            -0.44760632514953613,
            -0.6163411140441895,
            -0.2554551362991333
        ],
        [
            -0.448714017868042,
            -0.6152890920639038,
            -0.24813877046108246
        ],
        [
            -0.44550999999046326,
            -0.6140645742416382,
            -0.2489740401506424
        ],
        [
            -0.44468748569488525,
            -0.6143738627433777,
            -0.25502169132232666
        ],
        [
            -0.44013339281082153,
            -0.6126183271408081,
            -0.23712202906608582
        ],
        [
            -0.4423307776451111,
            -0.6134225726127625,
            -0.23892199993133545
        ],
        [
            -0.4451107978820801,
            -0.6132267713546753,
            -0.23604288697242737
        ],
        [
            -0.4414820969104767,
            -0.6108967065811157,
            -0.2343580573797226
        ],
        [
            -0.43862584233283997,
            -0.608981192111969,
            -0.23623248934745789
        ],
        [
            -0.43878790736198425,
            -0.6112238764762878,
            -0.2382861226797104
        ],
        [
            -0.4860231280326843,
            -0.658340573310852,
            -0.2645335793495178
        ],
        [
            -0.48111850023269653,
            -0.6415742039680481,
            -0.2597743272781372
        ],
        [
            -0.46968066692352295,
            -0.6647593975067139,
            -0.2747969627380371
        ],
        [
            -0.4522832930088043,
            -0.6673617362976074,
            -0.2795952558517456
        ],
        [
            -0.43469563126564026,
            -0.6652684211730957,
            -0.2827012538909912
        ],
        [
            -0.3740977942943573,
            -0.5828555822372437,
            -0.2562844455242157
        ],
        [
            -0.3634171783924103,
            -0.5814270973205566,
            -0.25440284609794617
        ],
        [
            -0.35922008752822876,
            -0.5958125591278076,
            -0.26062095165252686
        ],
        [
            -0.3491818904876709,
            -0.5916340947151184,
            -0.2560330629348755
        ],
        [
            -0.35415035486221313,
            -0.5767377614974976,
            -0.24980413913726807
        ],
        [
            -0.3425992727279663,
            -0.5641837120056152,
            -0.2323271632194519
        ],
        [
            -0.34685659408569336,
            -0.5703606009483337,
            -0.24245014786720276
        ],
        [
            -0.3397994041442871,
            -0.5874711275100708,
            -0.24864420294761658
        ],
        [
            -0.3369022011756897,
            -0.6076444387435913,
            -0.2557793855667114
        ],
        [
            -0.3469884693622589,
            -0.6080504059791565,
            -0.2609046697616577
        ],
        [
            -0.33916306495666504,
            -0.6278945803642273,
            -0.25940537452697754
        ],
        [
            -0.3257906138896942,
            -0.6089231967926025,
            -0.24717339873313904
        ],
        [
            -0.33396273851394653,
            -0.6331735849380493,
            -0.25431811809539795
        ],
        [
            -0.3093322515487671,
            -0.5790468454360962,
            -0.22417834401130676
        ],
        [
            -0.2993481457233429,
            -0.5729067325592041,
            -0.22269779443740845
        ],
        [
            -0.292884886264801,
            -0.5860403776168823,
            -0.23497816920280457
        ],
        [
            -0.3028637170791626,
            -0.5926429033279419,
            -0.23605015873908997
        ],
        [
            -0.35759061574935913,
            -0.6083676218986511,
            -0.2646976709365845
        ],
        [
            -0.4083276689052582,
            -0.6448867321014404,
            -0.27974456548690796
        ],
        [
            -0.4160863757133484,
            -0.6370236873626709,
            -0.27842235565185547
        ],
        [
            -0.39594128727912903,
            -0.639684796333313,
            -0.27864331007003784
        ],
        [
            -0.4392157196998596,
            -0.6999062299728394,
            -0.28486311435699463
        ],
        [
            -0.44799572229385376,
            -0.6840071678161621,
            -0.28271597623825073
        ],
        [
            -0.4312286078929901,
            -0.6793931722640991,
            -0.285798579454422
        ],
        [
            -0.42516785860061646,
            -0.694797158241272,
            -0.2869579792022705
        ],
        [
            -0.47799381613731384,
            -0.7137300968170166,
            -0.26721566915512085
        ],
        [
            -0.4848795235157013,
            -0.6861874461174011,
            -0.26867085695266724
        ],
        [
            -0.46881547570228577,
            -0.6861242055892944,
            -0.2758732736110687
        ],
        [
            -0.46206942200660706,
            -0.7076858282089233,
            -0.27691197395324707
        ],
        [
            -0.416867733001709,
            -0.7057284712791443,
            -0.2862603962421417
        ],
        [
            -0.40659278631210327,
            -0.7202210426330566,
            -0.2830159366130829
        ],
        [
            -0.4148302674293518,
            -0.7349139451980591,
            -0.2802063226699829
        ],
        [
            -0.42939168214797974,
            -0.718563437461853,
            -0.28370094299316406
        ],
        [
            -0.4289489984512329,
            -0.752926230430603,
            -0.2708868980407715
        ],
        [
            -0.44732746481895447,
            -0.733156681060791,
            -0.274905264377594
        ],
        [
            -0.3190600872039795,
            -0.6299076080322266,
            -0.24812430143356323
        ],
        [
            -0.3295822739601135,
            -0.6459729671478271,
            -0.25201427936553955
        ],
        [
            -0.3151578903198242,
            -0.5991502404212952,
            -0.23816758394241333
        ],
        [
            -0.30839431285858154,
            -0.6164206862449646,
            -0.24437032639980316
        ],
        [
            -0.4419298768043518,
            -0.7656623125076294,
            -0.2551199495792389
        ],
        [
            -0.4638761281967163,
            -0.7430830001831055,
            -0.2606927156448364
        ],
        [
            -0.36281460523605347,
            -0.7422058582305908,
            -0.2595598101615906
        ],
        [
            -0.38001662492752075,
            -0.7476246356964111,
            -0.2659982740879059
        ],
        [
            -0.3785891532897949,
            -0.7278845906257629,
            -0.2735233008861542
        ],
        [
            -0.362760454416275,
            -0.725337028503418,
            -0.26658642292022705
        ],
        [
            -0.3626892566680908,
