{
    "pred_cam": [
        1.6191954612731934,
        0.22380633652210236,
        0.3820127546787262
    ],
    "pred_smpl_params": {
        "global_orient": [
            [
                [
                    0.408610075712204,
                    -0.12195783108472824,
                    -0.9045242071151733
                ],
                [
                    0.44519996643066406,
                    -0.8385065793991089,
                    0.31417137384414673
                ],
                [
                    -0.796765148639679,
                    -0.5310677289962769,
                    -0.288326621055603
                ]
            ]
        ],
        "body_pose": [
            [
                [
                    0.9940623641014099,
                    -0.032535240054130554,
                    0.10383462905883789
                ],
                [
                    -0.016669755801558495,
                    0.8974536657333374,
                    0.44079360365867615
                ],
                [
                    -0.10752809792757034,
                    -0.43990713357925415,
                    0.8915825486183167
                ]
            ],
            [
                [
                    0.9791089296340942,
                    0.19258561730384827,
                    0.06524164974689484
                ],
                [
                    -0.20307953655719757,
                    0.9100480079650879,
                    0.36134663224220276
                ],
                [
                    0.010217133909463882,
                    -0.367046982049942,
                    0.930146336555481
                ]
            ],
            [
                [
                    0.9981808066368103,
                    -0.05888286978006363,
                    -0.01295459270477295
                ],
                [
                    0.04554488882422447,
                    0.8772213459014893,
                    -0.4779210090637207
                ],
                [
                    0.039505403488874435,
                    0.47646158933639526,
                    0.8783073425292969
                ]
            ],
            [
                [
                    0.9693191647529602,
                    0.22696474194526672,
                    0.09437894076108932
                ],
                [
                    -0.13226859271526337,
                    0.8052433729171753,
                    -0.5780035257339478
                ],
                [
                    -0.20718443393707275,
                    0.54778653383255,
                    0.8105581402778625
                ]
            ],
            [
                [
                    0.9806645512580872,
                    0.026234379038214684,
                    0.19392989575862885
                ],
                [
                    0.07033561170101166,
                    0.8775058388710022,
                    -0.4743799865245819
                ],
                [
                    -0.18261969089508057,
                    0.47884783148765564,
                    0.8586936593055725
                ]
            ],
            [
                [
                    0.9898000955581665,
                    -0.12070541828870773,
                    -0.07566986978054047
                ],
                [
                    0.11666150391101837,
                    0.9916043877601624,
                    -0.05577464774250984
                ],
                [
                    0.08176688104867935,
                    0.046377994120121,
                    0.9955717921257019
                ]
            ],
            [
                [
                    0.9735562205314636,
                    0.035010386258363724,
                    0.2257489711046219
                ],
                [
                    -0.04941185936331749,
                    0.997066080570221,
                    0.05846107378602028
                ],
                [
                    -0.2230398952960968,
                    -0.06806980818510056,
                    0.9724298119544983
                ]
            ],
            [
                [
                    0.9795318245887756,
                    -0.14625108242034912,
                    -0.1383046805858612
                ],
                [
                    0.14553719758987427,
                    0.989234209060669,
                    -0.015316070057451725
                ],
                [
                    0.13905571401119232,
                    -0.005125896073877811,
                    0.9902713894844055
                ]
            ],
            [
                [
                    0.9953105449676514,
                    -0.05917782336473465,
                    -0.0765172615647316
                ],
                [
                    0.05838291719555855,
                    0.9982149600982666,
                    -0.012586083263158798
                ],
                [
                    0.07712548226118088,
                    0.008059760555624962,
                    0.996988832950592
                ]
            ],
            [
                [
                    0.9832300543785095,
                    -0.11357545107603073,
                    0.14268596470355988
                ],
                [
                    0.11377666890621185,
                    0.9934832453727722,
                    0.006774813402444124
                ],
                [
                    -0.1425255686044693,
                    0.00957313273102045,
                    0.9897448420524597
                ]
            ],
            [
                [
                    0.9741185307502747,
                    0.20074687898159027,
                    0.10389266908168793
                ],
                [
                    -0.2135271579027176,
                    0.9680347442626953,
                    0.13158616423606873
                ],
                [
                    -0.07415620237588882,
                    -0.1503644436597824,
                    0.9858455061912537
                ]
            ],
            [
                [
                    0.9217230081558228,
                    -0.16941210627555847,
                    0.34889280796051025
                ],
                [
                    0.15546995401382446,
                    0.9855107665061951,
                    0.06780650466680527
                ],
                [
                    -0.3553248345851898,
                    -0.008256467059254646,
                    0.934706449508667
                ]
            ],
            [
                [
                    0.8046076893806458,
                    0.17778539657592773,
                    -0.5665676593780518
                ],
                [
                    -0.13874413073062897,
                    0.9840044379234314,
                    0.11173779517412186
                ],
                [
                    0.5773704648017883,
                    -0.011297127231955528,
                    0.8164042234420776
                ]
            ],
            [
                [
                    0.8808802366256714,
                    -0.19995471835136414,
                    0.42903149127960205
                ],
                [
                    0.17269162833690643,
                    0.9796780943870544,
                    0.10202191025018692
                ],
                [
                    -0.44071248173713684,
                    -0.015778958797454834,
                    0.8975095748901367
                ]
            ],
            [
                [
                    0.9730404019355774,
                    -0.0120149627327919,
                    0.2303214818239212
                ],
                [
                    0.04131091386079788,
                    0.991571307182312,
                    -0.12280022352933884
                ],
                [
                    -0.22690469026565552,
                    0.1290043741464615,
                    0.9653353095054626
                ]
            ],
            [
                [
                    0.7965983748435974,
                    0.38204720616340637,
                    -0.468477338552475
                ],
                [
                    -0.22898519039154053,
                    0.907924473285675,
                    0.35105401277542114
                ],
                [
                    0.5594612956047058,
                    -0.1723746955394745,
                    0.8107343316078186
                ]
            ],
            [
                [
                    0.6229807138442993,
                    -0.5367831587791443,
                    0.5689981579780579
                ],
                [
                    0.6565521359443665,
                    0.7542453408241272,
                    -0.007298974320292473
                ],
                [
                    -0.4252462387084961,
                    0.37812405824661255,
                    0.8223064541816711
                ]
            ],
            [
                [
                    0.7728080749511719,
                    -0.08718987554311752,
                    -0.6286219358444214
                ],
                [
                    0.2405705749988556,
                    0.9568411707878113,
                    0.1630360335111618
                ],
                [
                    0.5872762799263,
                    -0.27722352743148804,
                    0.7604299187660217
                ]
            ],
            [
                [
                    -0.10437917709350586,
                    0.3274386525154114,
                    0.9390894770622253
                ],
                [
                    0.009268541820347309,
                    0.9445265531539917,
                    -0.3283042907714844
                ],
                [
                    -0.9944944381713867,
                    -0.025564128533005714,
                    -0.1016237810254097
                ]
            ],
            [
                [
                    0.9708041548728943,
                    -0.23904848098754883,
                    -0.01987569034099579
                ],
                [
                    0.22564145922660828,
                    0.9381814002990723,
                    -0.26249101758003235
                ],
                [
                    0.08139508962631226,
                    0.25034260749816895,
                    0.9647296667098999
                ]
            ],
            [
                [
                    0.9767314195632935,
                    0.1500067412853241,
                    0.1532764583826065
                ],
                [
                    -0.16865162551403046,
                    0.9787236452102661,
                    0.11686211079359055
                ],
                [
                    -0.13248518109321594,
                    -0.13999322056770325,
                    0.9812490344047546
                ]
            ],
            [
                [
                    0.9884161949157715,
                    0.14028507471084595,
                    -0.05790926143527031
                ],
                [
                    -0.13155075907707214,
                    0.9822061061859131,
                    0.134036123752594
                ],
                [
                    0.07568208873271942,
                    -0.12486547976732254,
                    0.98928302526474
                ]
            ],
            [
                [
                    0.9756048321723938,
                    -0.18898053467273712,
                    0.11172087490558624
                ],
                [
                    0.17441993951797485,
                    0.9762783050537109,
                    0.12828990817070007
                ],
                [
                    -0.13331496715545654,
                    -0.1056739091873169,
                    0.9854238033294678
                ]
            ]
        ],
        "betas": [
            0.1722142994403839,
            0.25484418869018555,
            -0.3033865690231323,
            0.17191988229751587,
            0.1340075135231018,
            -0.11552313715219498,
            -0.15903589129447937,
            0.12694665789604187,
            0.1718694269657135,
            0.002474963665008545
        ]
    },
    "pred_cam_t": [
        0.22380633652210236,
        0.3820127546787262,
        24.124635696411133
    ],
    "focal_length": [
        5000.0,
        5000.0
    ],
    "pred_keypoints_3d": [
        [
            -0.40915966033935547,
            -0.5565351247787476,
            -0.2947407066822052
        ],
        [
            -0.23283584415912628,
            -0.5867739319801331,
            -0.21579310297966003
        ],
        [
            -0.23156312108039856,
            -0.5824642777442932,
            -0.01975678652524948
        ],
        [
            -0.22756190598011017,
            -0.3870820999145508,
            0.15013274550437927
        ],
        [
            -0.32421430945396423,
            -0.26421210169792175,
            -0.0574183315038681
        ],
        [
            -0.19800803065299988,
            -0.43554022908210754,
            -0.3258804976940155
        ],
        [
            -0.29367929697036743,
            -0.1874483972787857,
            -0.3253529965877533
        ],
        [
            -0.5253438949584961,
            -0.08758677542209625,
            -0.29691898822784424
        ],
        [
            -0.002119916956871748,
            -0.22434762120246887,
            0.026071812957525253
        ],
        [
            -0.013133274391293526,
            -0.1799199879169464,
            0.1280045062303543
        ],
        [
            -0.13901743292808533,
            0.10279041528701782,
            0.36435115337371826
        ],
        [
            -0.04081804305315018,
            0.36112427711486816,
            0.6617928743362427
        ],
        [
            0.04367595911026001,
            -0.1202811598777771,
            0.022704873234033585
        ],
        [
            -0.0402815043926239,
            0.23891118168830872,
            0.12037427723407745
        ],
        [
            0.029257431626319885,
            0.47342246770858765,
            0.4442330598831177
        ],
        [
            -0.4287843108177185,
            -0.6032248139381409,
            -0.25878140330314636
        ],
        [
            -0.40173861384391785,
            -0.6124027967453003,
            -0.31954652070999146
        ],
        [
            -0.37604159116744995,
            -0.651891827583313,
            -0.1802448183298111
        ],
        [
            -0.3177562952041626,
            -0.6708438992500305,
            -0.31711775064468384
        ],
        [
            -0.08698859810829163,
            0.6337937116622925,
            0.3871338963508606
        ],
        [
            -0.003918826580047607,
            0.6300357580184937,
            0.38730305433273315
        ],
        [
            0.07546468079090118,
            0.4648941457271576,
            0.49618786573410034
        ],
        [
            -0.18830715119838715,
            0.4941258430480957,
            0.637378990650177
        ],
        [
            -0.19068384170532227,
            0.4380178451538086,
            0.7058420777320862
        ],
        [
            0.01534917950630188,
            0.36369526386260986,
            0.710557758808136
        ],
        [
            -0.03606069087982178,
            0.30222225189208984,
            0.6458145380020142
        ],
        [
            -0.12559963762760162,
            0.05533570051193237,
            0.3217441439628601
        ],
        [
            -0.04914562404155731,
            -0.3211566209793091,
            0.12808120250701904
        ],
        [
            0.08574847131967545,
            -0.18449173867702484,
            -0.08773721754550934
        ],
        [
            -0.02983711287379265,
            0.2069324105978012,
            0.09410911798477173
        ],
        [
            0.04872652515769005,
            0.43956702947616577,
            0.4237994849681854
        ],
        [
            -0.31087324023246765,
            -0.3015654683113098,
            -0.05936093628406525
        ],
        [
            -0.2631326913833618,
            -0.4069936275482178,
            0.13618925213813782
        ],
        [
            -0.23468610644340515,
            -0.5931786298751831,
            -0.05850936472415924
        ],
        [
            -0.20117025077342987,
            -0.47832685708999634,
            -0.32974040508270264
        ],
        [
            -0.3122876286506653,
            -0.21794363856315613,
            -0.3522633910179138
        ],
        [
            -0.5263441205024719,
            -0.10658910125494003,
            -0.30525392293930054
        ],
        [
            -0.23811081051826477,
            -0.5757662057876587,
            -0.2148609161376953
        ],
        [
            -0.39137783646583557,
            -0.6887190341949463,
            -0.2678487300872803
        ],
        [
            0.018239237368106842,
            -0.2531726360321045,
            0.019695432856678963
        ],
        [
            -0.21510353684425354,
            -0.5334457755088806,
            -0.1900002509355545
        ],
        [
            -0.06837911903858185,
            -0.4377310872077942,
            -0.11045617610216141
        ],
        [
            -0.33832481503486633,
            -0.588998019695282,
            -0.2632918655872345
        ],
        [
            -0.39945635199546814,
            -0.7085083723068237,
            -0.2645799517631531
        ]
    ],
    "pred_vertices": [
        [
            -0.4286952614784241,
            -0.6472991704940796,
            -0.33856797218322754
        ],
        [
            -0.4260168671607971,
            -0.6320845484733582,
            -0.333393931388855
        ],
        [
            -0.4135705232620239,
            -0.6371107697486877,
            -0.3391475975513458
        ],
        [
            -0.4123096168041229,
            -0.6514341235160828,
            -0.34177887439727783
        ],
        [
            -0.41274601221084595,
            -0.6259796619415283,
            -0.33654728531837463
        ],
        [
            -0.4217180609703064,
            -0.6215453147888184,
            -0.33033451437950134
        ],
        [
            -0.3999999761581421,
            -0.6400855183601379,
            -0.3402253985404968
        ],
        [
            -0.3960392475128174,
            -0.6530730128288269,
            -0.3414210081100464
        ],
        [
            -0.3669086992740631,
            -0.6220821142196655,
            -0.3330913782119751
        ],
        [
            -0.35636836290359497,
            -0.6254377961158752,
            -0.33249732851982117
        ],
        [
            -0.3655332624912262,
            -0.6332931518554688,
            -0.3352903723716736
        ],
        [
            -0.3737929165363312,
            -0.6278020143508911,
            -0.3344670236110687
        ],
        [
            -0.3483232855796814,
            -0.604597806930542,
            -0.32631009817123413
        ],
        [
            -0.34996768832206726,
            -0.5915290117263794,
            -0.3220450282096863
        ],
        [
            -0.3371221423149109,
            -0.5912362337112427,
            -0.31863659620285034
        ],
        [
            -0.33484816551208496,
            -0.6045163869857788,
            -0.32145553827285767
        ],
        [
            -0.38701575994491577,
            -0.5820589065551758,
            -0.30570101737976074
        ],
        [
            -0.3798443078994751,
            -0.5786019563674927,
            -0.3086305856704712
        ],
        [
            -0.38196486234664917,
            -0.5848873257637024,
            -0.31301552057266235
        ],
        [
            -0.388677716255188,
            -0.5878572463989258,
            -0.30907106399536133
        ],
        [
            -0.40118682384490967,
            -0.584122896194458,
            -0.30220162868499756
        ],
        [
            -0.40200817584991455,
            -0.5907227993011475,
            -0.3027329444885254
        ],
        [
            -0.40993955731391907,
            -0.5894047021865845,
            -0.30162152647972107
        ],
        [
            -0.40888237953186035,
            -0.5817936658859253,
            -0.3018954396247864
        ],
        [
            -0.3861234188079834,
            -0.5768014192581177,
            -0.30012014508247375
        ],
        [
            -0.37836337089538574,
            -0.5735528469085693,
            -0.30308178067207336
        ],
        [
            -0.3935658931732178,
            -0.5846999883651733,
            -0.30323952436447144
        ],
        [
            -0.39314034581184387,
            -0.5794664025306702,
            -0.30200961232185364
        ],
        [
            -0.39733487367630005,
            -0.5675635933876038,
            -0.3022857904434204
        ],
        [
            -0.3987863063812256,
            -0.5724664330482483,
            -0.3040158748626709
        ],
        [
            -0.405338853597641,
            -0.5682923793792725,
            -0.3041544258594513
        ],
        [
            -0.40183812379837036,
            -0.5642136335372925,
            -0.30159175395965576
        ],
        [
            -0.3896801471710205,
            -0.5734984874725342,
            -0.3011804223060608
        ],
        [
            -0.39315617084503174,
            -0.5741398930549622,
            -0.3032562732696533
        ],
        [
            -0.393340140581131,
            -0.5693708062171936,
            -0.3012614846229553
        ],
        [
            -0.39054328203201294,
            -0.5694903135299683,
            -0.2983015179634094
        ],
        [
            -0.4006027281284332,
            -0.5789441466331482,
            -0.30222418904304504
        ],
        [
            -0.40762239694595337,
            -0.5753054022789001,
            -0.3029004633426666
        ],
        [
            -0.41477084159851074,
            -0.5711712837219238,
            -0.30246999859809875
        ],
        [
            -0.4113312363624573,
            -0.5628358125686646,
            -0.3028881251811981
        ],
        [
            -0.3624086081981659,
            -0.5742467641830444,
            -0.31264162063598633
        ],
        [
            -0.3716376721858978,
            -0.5761076807975769,
            -0.3116198182106018
        ],
        [
            -0.37082797288894653,
            -0.5709056258201599,
            -0.30645138025283813
        ],
        [
            -0.3634029030799866,
            -0.5691901445388794,
            -0.30833929777145386
        ],
        [
            -0.38568314909935,
            -0.5693833827972412,
            -0.2974260747432709
        ],
        [
            -0.3736459016799927,
            -0.5581361055374146,
            -0.2970297932624817
        ],
        [
            -0.3762091100215912,
            -0.5608407258987427,
            -0.29827016592025757
        ],
        [
            -0.38188761472702026,
            -0.5580779314041138,
            -0.2947458326816559
        ],
        [
            -0.3790754973888397,
            -0.5557842254638672,
            -0.29399633407592773
        ],
        [
            -0.3454258143901825,
            -0.5697364807128906,
            -0.3105373978614807
        ],
        [
            -0.3498426079750061,
            -0.5648766756057739,
            -0.30743682384490967
        ],
        [
            -0.3434595763683319,
            -0.5614727735519409,
            -0.30517837405204773
        ],
        [
            -0.3379044234752655,
            -0.5658562779426575,
            -0.30691850185394287
        ],
        [
            -0.34026142954826355,
            -0.5572389364242554,
            -0.3009416460990906
        ],
        [
            -0.33153730630874634,
            -0.5615124702453613,
            -0.3024144172668457
        ],
        [
            -0.3258483111858368,
            -0.5490559339523315,
            -0.2908671796321869
        ],
        [
            -0.32798004150390625,
            -0.5546929836273193,
            -0.29644331336021423
        ],
        [
            -0.3383388817310333,
            -0.5520879030227661,
            -0.296191930770874
        ],
        [
            -0.33899760246276855,
            -0.5453242659568787,
            -0.29139772057533264
        ],
        [
            -0.3520433306694031,
            -0.5419698357582092,
            -0.28596240282058716
        ],
        [
            -0.35544008016586304,
            -0.538414716720581,
            -0.2815956473350525
        ],
        [
            -0.34385937452316284,
            -0.531502366065979,
            -0.28164902329444885
        ],
        [
            -0.34149402379989624,
            -0.5373267531394958,
            -0.28629034757614136
        ],
        [
            -0.36710262298583984,
            -0.5563861131668091,
            -0.2933492958545685
        ],
        [
            -0.36369746923446655,
            -0.5588254332542419,
            -0.2957287132740021
        ],
        [
            -0.36596202850341797,
            -0.5583840608596802,
            -0.2974042296409607
        ],
        [
            -0.3704603314399719,
            -0.5565651655197144,
            -0.295319139957428
        ],
        [
            -0.36083677411079407,
            -0.5602526068687439,
            -0.2982614040374756
        ],
        [
            -0.3595025837421417,
            -0.5607596635818481,
            -0.2993927001953125
        ],
        [
            -0.36118197441101074,
            -0.5608816146850586,
            -0.30004754662513733
        ],
        [
            -0.3617458939552307,
            -0.5605480670928955,
            -0.2987436056137085
        ],
        [
            -0.3627413511276245,
            -0.559603750705719,
            -0.29707789421081543
        ],
        [
            -0.362154483795166,
            -0.5578616261482239,
            -0.2957611680030823
        ],
        [
            -0.3610394299030304,
            -0.5592148303985596,
            -0.2973838746547699
        ],
        [
            -0.3648281395435333,
            -0.5548834800720215,
            -0.29358506202697754
        ],
        [
            -0.3737313151359558,
            -0.5463239550590515,
            -0.28542110323905945
        ],
        [
            -0.37153539061546326,
            -0.5479949116706848,
            -0.2881416380405426
        ],
        [
            -0.37448418140411377,
            -0.5517520904541016,
            -0.2873968183994293
        ],
        [
            -0.3765921890735626,
            -0.550578236579895,
            -0.2852378487586975
        ],
        [
            -0.3643510043621063,
            -0.5610858201980591,
            -0.3000216484069824
        ],
        [
            -0.36399155855178833,
            -0.5627861022949219,
            -0.30204349756240845
        ],
        [
            -0.369579017162323,
            -0.5620758533477783,
            -0.3007081151008606
        ],
        [
            -0.3678790330886841,
            -0.5602313280105591,
            -0.2987464666366577
        ],
        [
            -0.36399027705192566,
            -0.5648359656333923,
            -0.30487656593322754
        ],
        [
            -0.36068546772003174,
            -0.5625460147857666,
            -0.30209779739379883
        ],
        [
            -0.35954901576042175,
            -0.5640329718589783,
            -0.30480462312698364
        ],
        [
            -0.35860347747802734,
            -0.5594408512115479,
            -0.2983996868133545
        ],
        [
            -0.35545024275779724,
            -0.5595893859863281,
            -0.29983845353126526
        ],
        [
            -0.35754328966140747,
            -0.560857892036438,
            -0.3015292286872864
        ],
        [
            -0.35441261529922485,
            -0.5567117929458618,
            -0.2972339391708374
        ],
        [
            -0.35901767015457153,
            -0.5571451187133789,
            -0.29593539237976074
        ],
        [
            -0.3609426021575928,
            -0.553500235080719,
            -0.2934991121292114
        ],
        [
            -0.363974928855896,
            -0.5493819713592529,
            -0.2905402183532715
        ],
        [
            -0.35776597261428833,
            -0.5482021570205688,
            -0.29019540548324585
        ],
        [
            -0.3553406000137329,
            -0.5526814460754395,
            -0.2938876152038574
        ],
        [
            -0.37083178758621216,
            -0.5658823847770691,
            -0.30319494009017944
        ],
        [
            -0.35419195890426636,
            -0.5624296069145203,
            -0.304155170917511
        ],
        [
            -0.3569408059120178,
            -0.5679028630256653,
            -0.30826401710510254
        ],
        [
            -0.3503708243370056,
            -0.5596878528594971,
            -0.3023664951324463
        ],
        [
            -0.34805041551589966,
            -0.5563515424728394,
            -0.29909318685531616
        ],
        [
            -0.3480188548564911,
            -0.5518717765808105,
            -0.294577956199646
        ],
        [
            -0.3495912253856659,
            -0.546747624874115,
            -0.29044005274772644
        ],
        [
            -0.3299737870693207,
            -0.5329508781433105,
            -0.276328444480896
        ],
        [
            -0.3282133936882019,
            -0.5397287607192993,
            -0.2832236588001251
        ],
        [
            -0.41571861505508423,
            -0.6177421808242798,
            -0.32577937841415405
        ],
        [
            -0.4098306894302368,
            -0.6201670169830322,
            -0.33230656385421753
        ],
        [
            -0.40135565400123596,
            -0.6174574494361877,
            -0.32906216382980347
        ],
        [
            -0.40211355686187744,
            -0.619536817073822,
            -0.3307952880859375
        ],
        [
            -0.4073709547519684,
            -0.6178541779518127,
            -0.3280597925186157
        ],
        [
            -0.4051171839237213,
            -0.616061806678772,
            -0.3265853524208069
        ],
        [
            -0.38119032979011536,
            -0.6246685981750488,
            -0.3323097825050354
        ],
        [
            -0.3872564136981964,
            -0.6221092939376831,
            -0.3306165933609009
        ],
        [
            -0.38364407420158386,
            -0.6202510595321655,
            -0.32909348607063293
        ],
        [
            -0.375649631023407,
            -0.620391309261322,
            -0.33163130283355713
        ],
        [
            -0.38582485914230347,
            -0.6091951727867126,
            -0.3236996531486511
        ],
        [
            -0.3829334080219269,
            -0.6128501296043396,
            -0.32617834210395813
        ],
        [
            -0.3908242881298065,
            -0.6152825355529785,
            -0.3260549306869507
        ],
        [
            -0.392963707447052,
            -0.6126874685287476,
            -0.324136346578598
        ],
        [
            -0.395379900932312,
            -0.6106197237968445,
            -0.3215799927711487
        ],
        [
            -0.3979763984680176,
            -0.6090598106384277,
            -0.318372517824173
        ],
        [
            -0.39378631114959717,
            -0.6058057546615601,
            -0.3172629475593567
        ],
        [
            -0.3898914158344269,
            -0.6071181297302246,
            -0.3205682635307312
        ],
        [
            -0.41172081232070923,
            -0.617087185382843,
            -0.32307446002960205
        ],
        [
            -0.41416457295417786,
            -0.6152395009994507,
            -0.3162456750869751
        ],
        [
            -0.4109521806240082,
            -0.6139744520187378,
            -0.31665340065956116
        ],
        [
            -0.40903905034065247,
            -0.6148984432220459,
            -0.32239478826522827
        ],
        [
            -0.4078752398490906,
            -0.6107782125473022,
            -0.30438220500946045
        ],
        [
            -0.4096505045890808,
            -0.611930251121521,
            -0.3064154386520386
        ],
        [
            -0.41291800141334534,
            -0.6115803718566895,
            -0.3041333258152008
        ],
        [
            -0.4097982943058014,
            -0.6088804006576538,
            -0.30214542150497437
        ],
        [
            -0.4067808985710144,
            -0.6069546937942505,
            -0.30371832847595215
        ],
        [
            -0.4064582288265228,
            -0.6094142198562622,
            -0.3054814338684082
        ],
        [
            -0.4457281529903412,
            -0.6626049280166626,
            -0.3334704637527466
        ],
        [
            -0.44250720739364624,
            -0.6449415683746338,
            -0.3299853801727295
        ],
        [
            -0.4274504780769348,
            -0.6689553260803223,
            -0.33993077278137207
        ],
        [
            -0.4094635844230652,
            -0.6708891987800598,
            -0.3413897454738617
        ],
        [
            -0.3917701840400696,
            -0.6678178310394287,
            -0.3415234684944153
        ],
        [
            -0.3409932255744934,
            -0.5790541172027588,
            -0.314657598733902
        ],
        [
            -0.3309226632118225,
            -0.576654851436615,
            -0.31105464696884155
        ],
        [
            -0.32496145367622375,
            -0.5912536382675171,
            -0.3148014545440674
        ],
        [
            -0.31620997190475464,
            -0.585883378982544,
            -0.308965265750885
        ],
        [
            -0.32286539673805237,
            -0.5707775354385376,
            -0.30538409948349
        ],
        [
            -0.31519562005996704,
            -0.5557476282119751,
            -0.2871442437171936
        ],
        [
            -0.31731030344963074,
            -0.5630816221237183,
            -0.29738783836364746
        ],
        [
            -0.30859601497650146,
            -0.5802610516548157,
            -0.30038800835609436
        ],
        [
            -0.30363601446151733,
            -0.6008663773536682,
            -0.304743230342865
        ],
        [
            -0.31238895654678345,
            -0.6025190353393555,
            -0.31138360500335693
        ],
        [
            -0.304390549659729,
            -0.6213735342025757,
            -0.3065330386161804
        ],
        [
            -0.2943950295448303,
            -0.6004053354263306,
            -0.29409435391426086
        ],
        [
            -0.30020391941070557,
            -0.6256905794143677,
            -0.3001090884208679
        ],
        [
            -0.28287890553474426,
            -0.5675557851791382,
            -0.27094006538391113
        ],
        [
            -0.27315837144851685,
            -0.5606374740600586,
            -0.2680288553237915
        ],
        [
            -0.2646973729133606,
            -0.5739707350730896,
            -0.2786906957626343
        ],
        [
            -0.2742817997932434,
            -0.5813934803009033,
            -0.28086674213409424
        ],
        [
            -0.32204872369766235,
            -0.6041170358657837,
            -0.3170062303543091
        ],
        [
            -0.36739760637283325,
            -0.6453686952590942,
            -0.3365059494972229
        ],
        [
            -0.37551677227020264,
            -0.6379631161689758,
            -0.33739322423934937
        ],
        [
            -0.3555654287338257,
            -0.6391611099243164,
            -0.3338247239589691
        ],
        [
            -0.3941769301891327,
            -0.7027664184570312,
            -0.34047120809555054
        ],
        [
            -0.4038621783256531,
            -0.6873467564582825,
            -0.34163886308670044
        ],
        [
            -0.3870694041252136,
            -0.681827187538147,
            -0.3423536717891693
        ],
        [
            -0.3802105188369751,
            -0.6968170404434204,
            -0.3406163454055786
        ],
        [
            -0.4346453845500946,
            -0.7172967791557312,
            -0.3283608853816986
        ],
        [
            -0.4425487518310547,
            -0.6905515193939209,
            -0.3341684341430664
        ],
        [
            -0.42550045251846313,
            -0.690094530582428,
            -0.338417649269104
        ],
        [
            -0.4175646901130676,
            -0.7112593650817871,
            -0.3358369469642639
        ],
        [
            -0.3716091513633728,
            -0.7071688175201416,
            -0.3372146189212799
        ],
        [
            -0.36144399642944336,
            -0.720482587814331,
            -0.3304626941680908
        ],
        [
            -0.3691943287849426,
            -0.7352443933486938,
            -0.32732194662094116
        ],
        [
            -0.38369202613830566,
            -0.720470666885376,
            -0.3352241814136505
        ],
        [
            -0.3839493989944458,
            -0.7531782984733582,
            -0.3185921311378479
        ],
        [
            -0.4022969603538513,
            -0.7352768182754517,
            -0.32796093821525574
        ],
        [
            -0.28677424788475037,
            -0.6207484602928162,
            -0.29216647148132324
        ],
        [
            -0.2957044541835785,
            -0.6378635168075562,
            -0.29597747325897217
        ],
        [
            -0.28593578934669495,
            -0.5890601873397827,
            -0.2843414843082428
        ],
        [
            -0.2775610685348511,
            -0.6061666011810303,
            -0.2882338762283325
        ],
        [
            -0.3988582193851471,
            -0.7648968696594238,
            -0.30393320322036743
        ],
        [
            -0.4205927848815918,
            -0.7446771264076233,
            -0.31585195660591125
        ],
        [
            -0.32188308238983154,
            -0.7368790507316589,
            -0.2973000407218933
        ],
        [
            -0.33720704913139343,
            -0.7440890073776245,
            -0.3058067858219147
        ],
        [
            -0.33549806475639343,
            -0.7251485586166382,
            -0.31539374589920044
        ],
        [
            -0.3213958144187927,
            -0.7208597660064697,
            -0.30636048316955566
        ],
        [
            -0.3231019675731659,
