{
    "pred_cam": [
        2.111179828643799,
        -0.011714017018675804,
        0.494510680437088
    ],
    "pred_smpl_params": {
        "global_orient": [
            [
                [
                    0.8984530568122864,
                    -0.29758062958717346,
                    0.3228432238101959
                ],
                [
                    -0.23268741369247437,
                    -0.946249783039093,
                    -0.22465044260025024
                ],
                [
                    0.37234196066856384,
                    0.12671634554862976,
                    -0.9194042682647705
                ]
            ]
        ],
        "body_pose": [
            [
                [
                    0.979613721370697,
                    -0.16072170436382294,
                    -0.12052162736654282
                ],
                [
                    0.1858859807252884,
                    0.497698038816452,
                    0.8471971154212952
                ],
                [
                    -0.07617959380149841,
                    -0.8523292541503906,
                    0.5174277424812317
                ]
            ],
            [
                [
                    0.9903985261917114,
                    0.0913769081234932,
                    0.10373502969741821
                ],
                [
                    -0.13598111271858215,
                    0.5088042616844177,
                    0.8500748872756958
                ],
                [
                    0.024896392598748207,
                    -0.8560190200805664,
                    0.5163445472717285
                ]
            ],
            [
                [
                    0.9997831583023071,
                    0.006936758756637573,
                    0.019630830734968185
                ],
                [
                    0.0078179482370615,
                    0.7487946152687073,
                    -0.6627559661865234
                ],
                [
                    -0.019296830520033836,
                    0.6627658009529114,
                    0.7485780119895935
                ]
            ],
            [
                [
                    0.9768215417861938,
                    0.15662112832069397,
                    -0.14590901136398315
                ],
                [
                    -0.07629145681858063,
                    -0.38214245438575745,
                    -0.9209488034248352
                ],
                [
                    -0.19999808073043823,
                    0.9107342958450317,
                    -0.3613361418247223
                ]
            ],
            [
                [
                    0.9682641625404358,
                    -0.13478292524814606,
                    0.21047119796276093
                ],
                [
                    0.14357034862041473,
                    -0.38935747742652893,
                    -0.9098287224769592
                ],
                [
                    0.20457789301872253,
                    0.9111719131469727,
                    -0.3576500713825226
                ]
            ],
            [
                [
                    0.9957415461540222,
                    0.08272618800401688,
                    0.04068370908498764
                ],
                [
                    -0.08051355183124542,
                    0.995326817035675,
                    -0.05331124737858772
                ],
                [
                    -0.04490382596850395,
                    0.04980863258242607,
                    0.997748851776123
                ]
            ],
            [
                [
                    0.9607596397399902,
                    -0.048025231808423996,
                    0.2731931209564209
                ],
                [
                    -0.032082535326480865,
                    0.9590481519699097,
                    0.28142043948173523
                ],
                [
                    -0.27552059292793274,
                    -0.2791421413421631,
                    0.9198740124702454
                ]
            ],
            [
                [
                    0.9651772379875183,
                    0.2044948935508728,
                    -0.16314025223255157
                ],
                [
                    -0.1253378987312317,
                    0.9088897109031677,
                    0.39775609970092773
                ],
                [
                    0.22961558401584625,
                    -0.36345747113227844,
                    0.9028705954551697
                ]
            ],
            [
                [
                    0.997986912727356,
                    0.056960638612508774,
                    0.027885708957910538
                ],
                [
                    -0.055714160203933716,
                    0.9974942207336426,
                    -0.04360312223434448
                ],
                [
                    -0.030299494042992592,
                    0.04196171462535858,
                    0.9986596703529358
                ]
            ],
            [
                [
                    0.9882988929748535,
                    -0.15240417420864105,
                    0.006188489962369204
                ],
                [
                    0.1467859447002411,
                    0.9613282680511475,
                    0.233027383685112
                ],
                [
                    -0.04146352410316467,
                    -0.22939231991767883,
                    0.9724504351615906
                ]
            ],
            [
                [
                    0.9974429607391357,
                    0.025740213692188263,
                    -0.06667020916938782
                ],
                [
                    -0.008254286833107471,
                    0.9681358933448792,
                    0.25028929114341736
                ],
                [
                    0.07098832726478577,
                    -0.249099001288414,
                    0.9658728241920471
                ]
            ],
            [
                [
                    0.9698266983032227,
                    0.12572096288204193,
                    0.20887890458106995
                ],
                [
                    -0.16360196471214294,
                    0.9708306193351746,
                    0.17527756094932556
                ],
                [
                    -0.18074998259544373,
                    -0.2041618674993515,
                    0.9621056318283081
                ]
            ],
            [
                [
                    0.8563610911369324,
                    0.47933733463287354,
                    -0.19204525649547577
                ],
                [
                    -0.4671141505241394,
                    0.8776273727416992,
                    0.1075851246714592
                ],
                [
                    0.22011373937129974,
                    -0.0024246680550277233,
                    0.9754711985588074
                ]
            ],
            [
                [
                    0.9035839438438416,
                    -0.35933977365493774,
                    0.23326146602630615
                ],
                [
                    0.3573852777481079,
                    0.9325016736984253,
                    0.05211896449327469
                ],
                [
                    -0.23624512553215027,
                    0.036270350217819214,
                    0.9710162878036499
                ]
            ],
            [
                [
                    0.9751539826393127,
                    0.08374146372079849,
                    0.20509040355682373
                ],
                [
                    -0.08977717161178589,
                    0.9957552552223206,
                    0.02028651162981987
                ],
                [
                    -0.20252102613449097,
                    -0.03819490969181061,
                    0.9785327911376953
                ]
            ],
            [
                [
                    0.667031466960907,
                    0.707957923412323,
                    -0.23208749294281006
                ],
                [
                    -0.7272915244102478,
                    0.6863208413124084,
                    0.0032742207404226065
                ],
                [
                    0.16160449385643005,
                    0.16661126911640167,
                    0.9726893901824951
                ]
            ],
            [
                [
                    0.823948085308075,
                    -0.5146844983100891,
                    0.23708529770374298
                ],
                [
                    0.5531588196754456,
                    0.8213314414024353,
                    -0.13939130306243896
                ],
                [
                    -0.12298307567834854,
                    0.24599702656269073,
                    0.9614367485046387
                ]
            ],
            [
                [
                    0.5257335305213928,
                    -0.3107566237449646,
                    -0.7918551564216614
                ],
                [
                    0.1857813447713852,
                    0.9503567814826965,
                    -0.24961408972740173
                ],
                [
                    0.8301141858100891,
                    -0.015881402418017387,
                    0.557367205619812
                ]
            ],
            [
                [
                    0.48819977045059204,
                    0.2583901584148407,
                    0.8336039781570435
                ],
                [
                    0.12822961807250977,
                    0.9235624074935913,
                    -0.3613719642162323
                ],
                [
                    -0.8632601499557495,
                    0.28331443667411804,
                    0.41774967312812805
                ]
            ],
            [
                [
                    0.9876114726066589,
                    -0.1490277647972107,
                    0.04913449287414551
                ],
                [
                    0.15612490475177765,
                    0.9646580815315247,
                    -0.21227306127548218
                ],
                [
                    -0.015763401985168457,
                    0.2173144519329071,
                    0.9759743213653564
                ]
            ],
            [
                [
                    0.9950012564659119,
                    0.08731620013713837,
                    -0.04845963791012764
                ],
                [
                    -0.09796103835105896,
                    0.9476709365844727,
                    -0.3038477897644043
                ],
                [
                    0.019392959773540497,
                    0.307076096534729,
                    0.9514873623847961
                ]
            ],
            [
                [
                    0.9790984988212585,
                    0.17815281450748444,
                    -0.09812131524085999
                ],
                [
                    -0.160537987947464,
                    0.9731468558311462,
                    0.16496272385120392
                ],
                [
                    0.1248750314116478,
                    -0.14576254785060883,
                    0.9814069271087646
                ]
            ],
            [
                [
                    0.9770478010177612,
                    -0.2054527848958969,
                    0.05627378448843956
                ],
                [
                    0.1872251182794571,
                    0.9542366862297058,
                    0.23319348692893982
                ],
                [
                    -0.1016087532043457,
                    -0.21730533242225647,
                    0.9708007574081421
                ]
            ]
        ],
        "betas": [
            0.29179030656814575,
            0.1584538072347641,
            -0.539370059967041,
            -0.17012187838554382,
            0.034314900636672974,
            -0.11903166025876999,
            -0.04545286297798157,
            0.02801308035850525,
            0.11685004085302353,
            -0.012304693460464478
        ]
    },
    "pred_cam_t": [
        -0.011714017018675804,
        0.494510680437088,
        18.502687454223633
    ],
    "focal_length": [
        5000.0,
        5000.0
    ],
    "pred_keypoints_3d": [
        [
            0.13528302311897278,
            -0.7481706142425537,
            -0.24751326441764832
        ],
        [
            -0.009455433115363121,
            -0.6701972484588623,
            -0.13349953293800354
        ],
        [
            -0.17011725902557373,
            -0.549311637878418,
            -0.18785181641578674
        ],
        [
            -0.29320400953292847,
            -0.31834080815315247,
            -0.17980949580669403
        ],
        [
            -0.1463761180639267,
            -0.10951009392738342,
            -0.242599755525589
        ],
        [
            0.13252058625221252,
            -0.59639972448349,
            0.002454429864883423
        ],
        [
            0.15808561444282532,
            -0.35925328731536865,
            0.125861257314682
        ],
        [
            0.2717823386192322,
            -0.17672066390514374,
            -0.014755412936210632
        ],
        [
            -0.001985980197787285,
            -0.22217002511024475,
            0.027354171499609947
        ],
        [
            -0.03670300543308258,
            -0.12003664672374725,
            -0.004556218162178993
        ],
        [
            0.060858748853206635,
            0.01361815631389618,
            -0.36133962869644165
        ],
        [
            0.0475369393825531,
            0.2792561650276184,
            -0.04768499732017517
        ],
        [
            0.08453303575515747,
            -0.15013378858566284,
            0.047822266817092896
        ],
        [
            0.33217984437942505,
            -0.06813531368970871,
            -0.23614972829818726
        ],
        [
            0.23129937052726746,
            0.22621098160743713,
            0.032426148653030396
        ],
        [
            0.09171165525913239,
            -0.7886981964111328,
            -0.2642839550971985
        ],
        [
            0.12827648222446442,
            -0.7951353788375854,
            -0.20702128112316132
        ],
        [
            -0.014188718050718307,
            -0.7824230194091797,
            -0.2479253113269806
        ],
        [
            0.06877650320529938,
            -0.7975741624832153,
            -0.12450508773326874
        ],
        [
            0.368805468082428,
            0.3255161643028259,
            -0.0726364254951477
        ],
        [
            0.38195496797561646,
            0.2990974187850952,
            0.005868077278137207
        ],
        [
            0.19576874375343323,
            0.2291526198387146,
            0.09129500389099121
        ],
        [
            0.12155814468860626,
            0.37721842527389526,
            -0.20744475722312927
        ],
        [
            0.036704592406749725,
            0.3828044533729553,
            -0.18362858891487122
        ],
        [
            0.024099647998809814,
            0.2982938885688782,
            0.01839548349380493
        ],
        [
            0.013667947612702847,
            0.23058292269706726,
            -0.07059767097234726
        ],
        [
            0.04766983538866043,
            -0.013384871184825897,
            -0.32666704058647156
        ],
        [
            -0.155934676527977,
            -0.20875704288482666,
            0.002689030021429062
        ],
        [
            0.11484666168689728,
            -0.2628411650657654,
            0.12766923010349274
        ],
        [
            0.3264210522174835,
            -0.08499655872583389,
            -0.21287475526332855
        ],
        [
            0.23081360757350922,
            0.17995943129062653,
            0.03170036897063255
        ],
        [
            -0.13101013004779816,
            -0.1390882134437561,
            -0.23083356022834778
        ],
        [
            -0.28253525495529175,
            -0.3325178027153015,
            -0.21396997570991516
        ],
        [
            -0.1464829295873642,
            -0.5884539484977722,
            -0.1845158338546753
        ],
        [
            0.11025198549032211,
            -0.628682017326355,
            -0.014287034049630165
        ],
        [
            0.1960989534854889,
            -0.3852940797805786,
            0.10491427779197693
        ],
        [
            0.27317243814468384,
            -0.1970207691192627,
            -0.019722525030374527
        ],
        [
            -0.003878369927406311,
            -0.6573255658149719,
            -0.1269642412662506
        ],
        [
            0.04678002744913101,
            -0.8403279185295105,
            -0.1979503333568573
        ],
        [
            -0.02082134783267975,
            -0.23559297621250153,
            0.06536455452442169
        ],
        [
            -0.017856711521744728,
            -0.6052485704421997,
            -0.10035161674022675
        ],
        [
            -0.051882270723581314,
            -0.4639195501804352,
            -0.004892338067293167
        ],
        [
            0.06956984847784042,
            -0.730012059211731,
            -0.1952454149723053
        ],
        [
            0.037783194333314896,
            -0.8607994318008423,
            -0.19870659708976746
        ]
    ],
    "pred_vertices": [
        [
            0.13563495874404907,
            -0.8422329425811768,
            -0.20659136772155762
        ],
        [
            0.13758079707622528,
            -0.8266674280166626,
            -0.2126079499721527
        ],
        [
            0.13541656732559204,
            -0.8256460428237915,
            -0.198583722114563
        ],
        [
            0.13144758343696594,
            -0.8375268578529358,
            -0.19015848636627197
        ],
        [
            0.13747839629650116,
            -0.8153915405273438,
            -0.20327118039131165
        ],
        [
            0.1382598578929901,
            -0.8154115676879883,
            -0.21465909481048584
        ],
        [
            0.13008451461791992,
            -0.8214629888534546,
            -0.18605193495750427
        ],
        [
            0.12486374378204346,
            -0.829684853553772,
            -0.17691971361637115
        ],
        [
            0.12232652306556702,
            -0.7866148948669434,
            -0.16798272728919983
        ],
        [
            0.11607293784618378,
            -0.7829350829124451,
            -0.15892162919044495
        ],
        [
            0.1176547259092331,
            -0.7958698272705078,
            -0.16325828433036804
        ],
        [
            0.12193663418292999,
            -0.7959786653518677,
            -0.1723891943693161
        ],
        [
            0.11705851554870605,
            -0.7616561055183411,
            -0.16494843363761902
        ],
        [
            0.12097012251615524,
            -0.7509173154830933,
            -0.17309075593948364
        ],
        [
            0.11337864398956299,
            -0.7433135509490967,
            -0.1652136594057083
        ],
        [
            0.10872828215360641,
            -0.753570556640625,
            -0.15753841400146484
        ],
        [
            0.12472908198833466,
            -0.7594399452209473,
            -0.21421673893928528
        ],
        [
            0.12613527476787567,
            -0.7534690499305725,
            -0.20831653475761414
        ],
        [
            0.12769341468811035,
            -0.7605156302452087,
            -0.20538562536239624
        ],
        [
            0.12553705275058746,
            -0.7656696438789368,
            -0.21174144744873047
        ],
        [
            0.12561145424842834,
            -0.767960786819458,
            -0.2273326814174652
        ],
        [
            0.12337741255760193,
            -0.7739133834838867,
            -0.22535157203674316
        ],
        [
            0.1257420778274536,
            -0.7768462896347046,
            -0.23269346356391907
        ],
        [
            0.12919893860816956,
            -0.7701195478439331,
            -0.23443926870822906
        ],
        [
            0.12242438644170761,
            -0.7535392045974731,
            -0.21846100687980652
        ],
        [
            0.12341320514678955,
            -0.7474319934844971,
            -0.21204276382923126
        ],
        [
            0.12398955971002579,
            -0.7644985318183899,
            -0.21988031268119812
        ],
        [
            0.12459194660186768,
            -0.7599610090255737,
            -0.22277304530143738
        ],
        [
            0.13210128247737885,
            -0.7526209354400635,
            -0.23016376793384552
        ],
        [
            0.13175202906131744,
            -0.7576000690460205,
            -0.2285900115966797
        ],
        [
            0.13657084107398987,
            -0.7578339576721191,
            -0.2351553738117218
        ],
        [
            0.13485519587993622,
            -0.7521500587463379,
            -0.2353498637676239
        ],
        [
            0.12582771480083466,
            -0.7531665563583374,
            -0.2225525677204132
        ],
        [
            0.12855756282806396,
            -0.7559210658073425,
            -0.22390130162239075
        ],
        [
            0.12922629714012146,
            -0.7517590522766113,
            -0.2268865406513214
        ],
        [
            0.125752255320549,
            -0.7496736645698547,
            -0.2262001484632492
        ],
        [
            0.12812922894954681,
            -0.7636646032333374,
            -0.22865599393844604
        ],
        [
            0.13289259374141693,
            -0.7645055055618286,
            -0.23514960706233978
        ],
        [
            0.1372445821762085,
            -0.7649279236793518,
            -0.24255695939064026
        ],
        [
            0.13986042141914368,
            -0.7562576532363892,
            -0.24253448843955994
        ],
        [
            0.12525466084480286,
            -0.7415943145751953,
            -0.19416671991348267
        ],
        [
            0.12724773585796356,
            -0.747746467590332,
            -0.20104216039180756
        ],
        [
            0.12468226253986359,
            -0.7420282363891602,
            -0.2053631693124771
        ],
        [
            0.12417057156562805,
            -0.7372377514839172,
            -0.19912827014923096
        ],
        [
            0.12295253574848175,
            -0.7468096017837524,
            -0.22302547097206116
        ],
        [
            0.12391684949398041,
            -0.7309054136276245,
            -0.2181333303451538
        ],
        [
            0.12447243928909302,
            -0.7347992658615112,
            -0.21852144598960876
        ],
        [
            0.12492378056049347,
            -0.734745979309082,
            -0.2259267270565033
        ],
        [
            0.12447954714298248,
            -0.7311650514602661,
            -0.22492146492004395
        ],
        [
            0.11919400095939636,
            -0.728605329990387,
            -0.18388834595680237
        ],
        [
            0.12029162049293518,
            -0.7263511419296265,
            -0.19077865779399872
        ],
        [
            0.11767436563968658,
            -0.7196906805038452,
            -0.18825067579746246
        ],
        [
            0.11500284820795059,
            -0.7207145690917969,
            -0.1814337968826294
        ],
        [
            0.11441931128501892,
            -0.7135655879974365,
            -0.1895504891872406
        ],
        [
            0.11047057807445526,
            -0.7129174470901489,
            -0.18019863963127136
        ],
        [
            0.10465854406356812,
            -0.6972689628601074,
            -0.18562132120132446
        ],
        [
            0.10742087662220001,
            -0.7042306661605835,
            -0.1828155219554901
        ],
        [
            0.11241070181131363,
            -0.7072293758392334,
            -0.19233112037181854
        ],
        [
            0.11211059987545013,
            -0.7008492946624756,
            -0.1976388394832611
        ],
        [
            0.11518490314483643,
            -0.7036131620407104,
            -0.21208038926124573
        ],
        [
            0.11455124616622925,
            -0.7014753818511963,
            -0.21850743889808655
        ],
        [
            0.11349304020404816,
            -0.6897810697555542,
            -0.211686372756958
        ],
        [
            0.1127515584230423,
            -0.6942011117935181,
            -0.2052783966064453
        ],
        [
            0.1199672520160675,
            -0.7250653505325317,
            -0.21488623321056366
        ],
        [
            0.119413822889328,
            -0.7259080410003662,
            -0.20999324321746826
        ],
        [
            0.12175168842077255,
            -0.727095365524292,
            -0.21108129620552063
        ],
        [
            0.12271830439567566,
            -0.7274577617645264,
            -0.2163982391357422
        ],
        [
            0.119477778673172,
            -0.7262946367263794,
            -0.20595063269138336
        ],
        [
            0.11950787901878357,
            -0.7262891530990601,
            -0.20409809052944183
        ],
        [
            0.12064827978610992,
            -0.7273778915405273,
            -0.2050451934337616
        ],
        [
            0.12055513262748718,
            -0.7271596193313599,
            -0.20593515038490295
        ],
        [
            0.1201087012887001,
            -0.726524829864502,
            -0.20801913738250732
        ],
        [
            0.11976618319749832,
            -0.7244426608085632,
            -0.20885246992111206
        ],
        [
            0.11942528188228607,
            -0.7253646850585938,
            -0.20688727498054504
        ],
        [
            0.12042972445487976,
            -0.722878098487854,
            -0.2132604718208313
        ],
        [
            0.11998924612998962,
            -0.7186143398284912,
            -0.22874610126018524
        ],
        [
            0.12112094461917877,
            -0.7193477153778076,
            -0.2241726517677307
        ],
        [
            0.12016238272190094,
            -0.7237285375595093,
            -0.22556182742118835
        ],
        [
            0.11908884346485138,
            -0.7235532999038696,
            -0.22974362969398499
        ],
        [
            0.12165474891662598,
            -0.7293708324432373,
            -0.20774810016155243
        ],
        [
            0.1223069429397583,
            -0.7307695150375366,
            -0.20546385645866394
        ],
        [
            0.12379112839698792,
            -0.7327090501785278,
            -0.21087777614593506
        ],
        [
            0.12254619598388672,
            -0.729891300201416,
            -0.2111853063106537
        ],
        [
            0.12384877353906631,
            -0.7330676913261414,
            -0.20301011204719543
        ],
        [
            0.12126129865646362,
            -0.7289332747459412,
            -0.20296262204647064
        ],
        [
            0.12157756090164185,
            -0.7302551865577698,
            -0.20067068934440613
        ],
        [
            0.11915765702724457,
            -0.7245092391967773,
            -0.20437011122703552
        ],
        [
            0.1189122125506401,
            -0.7232972383499146,
            -0.20115169882774353
        ],
        [
            0.1203201413154602,
            -0.725826621055603,
            -0.2014482021331787
        ],
        [
            0.11798663437366486,
            -0.7197341322898865,
            -0.20269080996513367
        ],
        [
            0.11866665631532669,
            -0.722167432308197,
            -0.2068670392036438
        ],
        [
            0.11916816234588623,
            -0.7195805907249451,
            -0.2110540270805359
        ],
        [
            0.11982773244380951,
            -0.7170621752738953,
            -0.2165297567844391
        ],
        [
            0.11789137125015259,
            -0.7127333283424377,
            -0.21218419075012207
        ],
        [
            0.117793969810009,
            -0.7160192728042603,
            -0.20667031407356262
        ],
        [
            0.12390772998332977,
            -0.7372512817382812,
            -0.20962265133857727
        ],
        [
            0.1203809455037117,
            -0.7259515523910522,
            -0.1967872977256775
        ],
        [
            0.12218642234802246,
            -0.7328803539276123,
            -0.19460025429725647
        ],
        [
            0.11886866390705109,
            -0.7213128805160522,
            -0.19577589631080627
        ],
        [
            0.11704159528017044,
            -0.7165987491607666,
            -0.19690988957881927
        ],
        [
            0.11510501801967621,
            -0.7114920616149902,
            -0.20100188255310059
        ],
        [
            0.11560486257076263,
            -0.7073767781257629,
            -0.20611092448234558
        ],
        [
            0.10312633216381073,
            -0.6828436255455017,
            -0.20264467597007751
        ],
        [
            0.10382119566202164,
            -0.6888865828514099,
            -0.19505521655082703
        ],
        [
            0.1347741335630417,
            -0.808140754699707,
            -0.21357421576976776
        ],
        [
            0.13658344745635986,
            -0.8084712028503418,
            -0.20499780774116516
        ],
        [
            0.13227418065071106,
            -0.8011795282363892,
            -0.20073014497756958
        ],
        [
            0.133615642786026,
            -0.803403377532959,
            -0.1989491581916809
        ],
        [
            0.133421391248703,
            -0.8042769432067871,
            -0.20595785975456238
        ],
        [
            0.13238684833049774,
            -0.801488995552063,
            -0.2054014503955841
        ],
        [
            0.12486486881971359,
            -0.7972331643104553,
            -0.1802702248096466
        ],
        [
            0.1268305778503418,
            -0.7980559468269348,
            -0.18692170083522797
        ],
        [
            0.1245831623673439,
            -0.7943503856658936,
            -0.18571211397647858
        ],
        [
            0.12379060685634613,
            -0.7905895709991455,
            -0.17771455645561218
        ],
        [
            0.12662237882614136,
            -0.7851033210754395,
            -0.19441162049770355
        ],
        [
            0.12558352947235107,
            -0.787077009677887,
            -0.18934783339500427
        ],
        [
            0.12760575115680695,
            -0.7932858467102051,
            -0.19450783729553223
        ],
        [
            0.12813489139080048,
            -0.7918643951416016,
            -0.19831916689872742
        ],
        [
            0.128047913312912,
            -0.7908703088760376,
            -0.20249471068382263
        ],
        [
            0.1264340877532959,
            -0.7901965975761414,
            -0.207050621509552
        ],
        [
            0.12603893876075745,
            -0.7851366996765137,
            -0.20557904243469238
        ],
        [
            0.12690801918506622,
            -0.7848389148712158,
            -0.20010098814964294
        ],
        [
            0.13170789182186127,
            -0.8050881028175354,
            -0.21189060807228088
        ],
        [
            0.1274700164794922,
            -0.8033183813095093,
            -0.21816346049308777
        ],
        [
            0.12762805819511414,
            -0.8008525371551514,
            -0.21599435806274414
        ],
        [
            0.13129423558712006,
            -0.8018605709075928,
            -0.2109721451997757
        ],
        [
            0.11745765060186386,
            -0.7939584255218506,
            -0.22166430950164795
        ],
        [
            0.11914940178394318,
            -0.7964460849761963,
            -0.2214515209197998
        ],
        [
            0.11879612505435944,
            -0.7973119616508484,
            -0.22531570494174957
        ],
        [
            0.11714626103639603,
            -0.7928460836410522,
            -0.2250169813632965
        ],
        [
            0.1180533692240715,
            -0.7901037931442261,
            -0.22262519598007202
        ],
        [
            0.11835690587759018,
            -0.7923991680145264,
            -0.22041627764701843
        ],
        [
            0.13227654993534088,
            -0.862291693687439,
            -0.21600988507270813
        ],
        [
            0.13480964303016663,
            -0.8448118567466736,
            -0.22257962822914124
        ],
        [
            0.12784025073051453,
            -0.8585789203643799,
            -0.1964830458164215
        ],
        [
            0.12275063991546631,
            -0.8507298827171326,
            -0.18057557940483093
        ],
        [
            0.11764808744192123,
            -0.8388656973838806,
            -0.16695049405097961
        ],
        [
            0.1169658899307251,
            -0.7345974445343018,
            -0.1748001128435135
        ],
        [
            0.11119057238101959,
            -0.7266882061958313,
            -0.1698508858680725
        ],
        [
            0.10506897419691086,
            -0.7362150549888611,
            -0.15811820328235626
        ],
        [
            0.09932523965835571,
            -0.7262856364250183,
            -0.15640190243721008
        ],
        [
            0.10563623905181885,
            -0.7165013551712036,
            -0.1685076802968979
        ],
        [
            0.09435223788022995,
            -0.6964724063873291,
            -0.1765458881855011
        ],
        [
            0.10034935176372528,
            -0.7057640552520752,
            -0.17070473730564117
        ],
        [
            0.09181427210569382,
            -0.7160073518753052,
            -0.15645936131477356
        ],
        [
            0.08430798351764679,
            -0.731670618057251,
            -0.14418265223503113
        ],
        [
            0.09208261966705322,
            -0.7382518649101257,
            -0.14731355011463165
        ],
        [
            0.07724457234144211,
            -0.749160885810852,
            -0.13643836975097656
        ],
        [
            0.07145541161298752,
            -0.725326657295227,
            -0.1426151692867279
        ],
        [
            0.06871883571147919,
            -0.74979567527771,
            -0.13520026206970215
        ],
        [
            0.06162635609507561,
            -0.6880383491516113,
            -0.15202388167381287
        ],
        [
            0.059522729367017746,
            -0.6776551008224487,
            -0.14565715193748474
        ],
        [
            0.059528667479753494,
            -0.6892558336257935,
            -0.13053639233112335
        ],
        [
            0.06097353994846344,
            -0.6988637447357178,
            -0.13654211163520813
        ],
        [
            0.10060210525989532,
            -0.7456268668174744,
            -0.1505124270915985
        ],
        [
            0.11360999941825867,
            -0.8077805042266846,
            -0.15949669480323792
        ],
        [
            0.12066178023815155,
            -0.8060677647590637,
            -0.16840700805187225
        ],
        [
            0.10926736146211624,
            -0.7957137227058411,
            -0.1553257554769516
        ],
        [
            0.10307277739048004,
            -0.8681840896606445,
            -0.1563415378332138
        ],
        [
            0.11426703631877899,
            -0.8615527153015137,
            -0.16909462213516235
        ],
        [
            0.11009741574525833,
            -0.8481204509735107,
            -0.1581045687198639
        ],
        [
            0.10005677491426468,
            -0.8566577434539795,
            -0.14735153317451477
        ],
        [
            0.09908555448055267,
            -0.8990014791488647,
            -0.18967580795288086
        ],
        [
            0.11835075914859772,
            -0.8835967779159546,
            -0.20196940004825592
        ],
        [
            0.11647677421569824,
            -0.874439001083374,
            -0.18693336844444275
        ],
        [
            0.10197378695011139,
            -0.8862828016281128,
            -0.17479467391967773
        ],
        [
            0.08955074101686478,
            -0.8592596650123596,
            -0.13940928876399994
        ],
        [
            0.0736098662018776,
            -0.8634660243988037,
            -0.12960009276866913
        ],
        [
            0.06759771704673767,
            -0.87958163022995,
            -0.13174867630004883
        ],
        [
            0.08610919117927551,
            -0.8764711618423462,
            -0.14523392915725708
        ],
        [
            0.05708034336566925,
            -0.8987839818000793,
            -0.14211402833461761
        ],
        [
            0.08000577241182327,
            -0.8962632417678833,
            -0.15704376995563507
        ],
        [
            0.0584525465965271,
            -0.7387610673904419,
            -0.13081328570842743
        ],
        [
            0.05788002908229828,
            -0.757274329662323,
            -0.1301349699497223
        ],
        [
            0.0646924376487732,
            -0.7106636762619019,
            -0.14361929893493652
        ],
        [
            0.05796828866004944,
            -0.7227765917778015,
            -0.12965022027492523
        ],
        [
            0.045940205454826355,
            -0.9128503799438477,
            -0.15634268522262573
        ],
        [
            0.07223451137542725,
            -0.9110066890716553,
            -0.1744430661201477
        ],
        [
            0.024451836943626404,
            -0.8483142852783203,
            -0.11115092039108276
        ],
        [
            0.03426133096218109,
            -0.8644118309020996,
            -0.11512535810470581
        ],
        [
            0.049496911466121674,
            -0.850147008895874,
            -0.11604255437850952
        ],
        [
            0.03914516419172287,
            -0.8369929790496826,
            -0.11158359050750732
        ],
        [
            0.006827503442764282,
            -0.8581228256225586,
