{
    "pred_cam": [
        2.218754529953003,
        0.17429785430431366,
        0.4025247395038605
    ],
    "pred_smpl_params": {
        "global_orient": [
            [
                [
                    -0.7100875973701477,
                    -0.18065625429153442,
                    -0.680543065071106
                ],
                [
                    0.4782395660877228,
                    -0.8331210613250732,
                    -0.2778419852256775
                ],
                [
                    -0.5167809128761292,
                    -0.5227547883987427,
                    0.6779859066009521
                ]
            ]
        ],
        "body_pose": [
            [
                [
                    0.9919540882110596,
                    -0.10164998471736908,
                    -0.07546059042215347
                ],
                [
                    0.09485390782356262,
                    0.20199818909168243,
                    0.9747816920280457
                ],
                [
                    -0.0838436558842659,
                    -0.9740964770317078,
                    0.21001482009887695
                ]
            ],
            [
                [
                    0.9844862222671509,
                    0.07773540914058685,
                    0.15730302035808563
                ],
                [
                    -0.17533588409423828,
                    0.4018131196498871,
                    0.8987789750099182
                ],
                [
                    0.006660532671958208,
                    -0.9124162197113037,
                    0.409209281206131
                ]
            ],
            [
                [
                    0.9962746500968933,
                    0.048624396324157715,
                    0.07122177630662918
                ],
                [
                    0.023712467402219772,
                    0.6395851373672485,
                    -0.7683544158935547
                ],
                [
                    -0.08291316032409668,
                    0.767180860042572,
                    0.6360494494438171
                ]
            ],
            [
                [
                    0.9139241576194763,
                    0.399280846118927,
                    0.07292061299085617
                ],
                [
                    -0.06772778928279877,
                    0.32715973258018494,
                    -0.942538857460022
                ],
                [
                    -0.40019428730010986,
                    0.8564703464508057,
                    0.326041579246521
                ]
            ],
            [
                [
                    0.9927980303764343,
                    -0.0571858249604702,
                    0.1052701324224472
                ],
                [
                    0.1196247786283493,
                    0.5207122564315796,
                    -0.8453097939491272
                ],
                [
                    -0.006475688423961401,
                    0.851814866065979,
                    0.5238029360771179
                ]
            ],
            [
                [
                    0.9984505772590637,
                    -0.037256889045238495,
                    0.04133261367678642
                ],
                [
                    0.03455111011862755,
                    0.9973289966583252,
                    0.0643511414527893
                ],
                [
                    -0.04361973702907562,
                    -0.0628233477473259,
                    0.9970709681510925
                ]
            ],
            [
                [
                    0.9764799475669861,
                    0.0233168825507164,
                    0.21434372663497925
                ],
                [
                    -0.024633163586258888,
                    0.9996905326843262,
                    0.003471571020781994
                ],
                [
                    -0.21419644355773926,
                    -0.008669880218803883,
                    0.9767521023750305
                ]
            ],
            [
                [
                    0.9873809814453125,
                    -0.008377335965633392,
                    -0.15814119577407837
                ],
                [
                    0.02382098324596882,
                    0.9950947165489197,
                    0.09601637721061707
                ],
                [
                    0.15656109154224396,
                    -0.09857182204723358,
                    0.9827371835708618
                ]
            ],
            [
                [
                    0.9988839626312256,
                    -0.02795461378991604,
                    0.038070257753133774
                ],
                [
                    0.032547272741794586,
                    0.9915064573287964,
                    -0.1259188950061798
                ],
                [
                    -0.03422689437866211,
                    0.12701745331287384,
                    0.9913097620010376
                ]
            ],
            [
                [
                    0.9753695726394653,
                    -0.13739369809627533,
                    0.1725606620311737
                ],
                [
                    0.12617763876914978,
                    0.9892123341560364,
                    0.07441851496696472
                ],
                [
                    -0.18092377483844757,
                    -0.0508122518658638,
                    0.9821836352348328
                ]
            ],
            [
                [
                    0.9957113862037659,
                    0.09249419718980789,
                    -0.0019139269134029746
                ],
                [
                    -0.09146186709403992,
                    0.9872881174087524,
                    0.12998811900615692
                ],
                [
                    0.013912742026150227,
                    -0.12925559282302856,
                    0.991513729095459
                ]
            ],
            [
                [
                    0.9152818322181702,
                    0.11558878421783447,
                    0.385873407125473
                ],
                [
                    -0.031157927587628365,
                    0.9753901958465576,
                    -0.2182733118534088
                ],
                [
                    -0.40160703659057617,
                    0.18775859475135803,
                    0.8963584303855896
                ]
            ],
            [
                [
                    0.8685175180435181,
                    -0.09622227400541306,
                    -0.48622894287109375
                ],
                [
                    0.15118473768234253,
                    0.9856566786766052,
                    0.07499445974826813
                ],
                [
                    0.4720386266708374,
                    -0.13864439725875854,
                    0.8706074357032776
                ]
            ],
            [
                [
                    0.8241880536079407,
                    0.006506411824375391,
                    0.5662788152694702
                ],
                [
                    -0.04862714931368828,
                    0.9970539808273315,
                    0.05931824818253517
                ],
                [
                    -0.5642246603965759,
                    -0.07642590999603271,
                    0.8220763802528381
                ]
            ],
            [
                [
                    0.9579257369041443,
                    0.15571825206279755,
                    0.24110181629657745
                ],
                [
                    -0.16311202943325043,
                    0.9865474104881287,
                    0.010890714824199677
                ],
                [
                    -0.23616251349449158,
                    -0.04975910484790802,
                    0.9704386591911316
                ]
            ],
            [
                [
                    0.6751160621643066,
                    0.62140953540802,
                    -0.3975784182548523
                ],
                [
                    -0.5766534209251404,
                    0.7806504368782043,
                    0.24094779789447784
                ],
                [
                    0.46009698510169983,
                    0.06659721583127975,
                    0.8853675723075867
                ]
            ],
            [
                [
                    0.4670729339122772,
                    -0.6676504611968994,
                    0.5797289609909058
                ],
                [
                    0.6147558093070984,
                    0.7164490222930908,
                    0.329812228679657
                ],
                [
                    -0.635545551776886,
                    0.20234538614749908,
                    0.7450759410858154
                ]
            ],
            [
                [
                    0.5383729934692383,
                    -0.2760521173477173,
                    -0.7962096333503723
                ],
                [
                    0.15143947303295135,
                    0.9611355066299438,
                    -0.23083443939685822
                ],
                [
                    0.828987717628479,
                    0.0036974772810935974,
                    0.5592545866966248
                ]
            ],
            [
                [
                    0.5828076004981995,
                    0.218360036611557,
                    0.7827222943305969
                ],
                [
                    -0.20407937467098236,
                    0.9716801047325134,
                    -0.11911901086568832
                ],
                [
                    -0.7865665555000305,
                    -0.09031400829553604,
                    0.6108653545379639
                ]
            ],
            [
                [
                    0.9557655453681946,
                    -0.2941170930862427,
                    0.002700884360820055
                ],
                [
                    0.29151198267936707,
                    0.9459978938102722,
                    -0.1418052464723587
                ],
                [
                    0.03915231302380562,
                    0.13631992042064667,
                    0.9898908734321594
                ]
            ],
            [
                [
                    0.9649254083633423,
                    0.26213425397872925,
                    0.014304063282907009
                ],
                [
                    -0.2616509795188904,
                    0.9647275805473328,
                    -0.028974493965506554
                ],
                [
                    -0.021394729614257812,
                    0.02421555295586586,
                    0.9994778633117676
                ]
            ],
            [
                [
                    0.9838446378707886,
                    0.14288048446178436,
                    -0.1078648790717125
                ],
                [
                    -0.11757688224315643,
                    0.9700549840927124,
                    0.21253009140491486
                ],
                [
                    0.1350012570619583,
                    -0.19641418755054474,
                    0.9711828231811523
                ]
            ],
            [
                [
                    0.9800176024436951,
                    -0.19018006324768066,
                    0.05828385800123215
                ],
                [
                    0.17106643319129944,
                    0.9553533792495728,
                    0.24090737104415894
                ],
                [
                    -0.10149744153022766,
                    -0.22612306475639343,
                    0.9687965512275696
                ]
            ]
        ],
        "betas": [
            0.12095655500888824,
            0.02310049533843994,
            -0.1338915079832077,
            0.12210075557231903,
            0.09107506275177002,
            0.0025677569210529327,
            0.07826133072376251,
            -0.06590896844863892,
            0.02706994116306305,
            -0.012038588523864746
        ]
    },
    "pred_cam_t": [
        0.17429785430431366,
        0.4025247395038605,
        17.60559844970703
    ],
    "focal_length": [
        5000.0,
        5000.0
    ],
    "pred_keypoints_3d": [
        [
            -0.44181761145591736,
            -0.5558347105979919,
            0.08100882172584534
        ],
        [
            -0.2660949230194092,
            -0.6132378578186035,
            0.02356681041419506
        ],
        [
            -0.13494977355003357,
            -0.6077790856361389,
            0.14910456538200378
        ],
        [
            -0.08870236575603485,
            -0.3862934112548828,
            0.2703246474266052
        ],
        [
            -0.2815811038017273,
            -0.22894679009914398,
            0.3367888033390045
        ],
        [
            -0.3576600253582001,
            -0.49142536520957947,
            -0.0637768805027008
        ],
        [
            -0.4240458309650421,
            -0.2382521629333496,
            -0.035903602838516235
        ],
        [
            -0.4692862927913666,
            -0.1626017689704895,
            0.19999949634075165
        ],
        [
            -0.0020188544876873493,
            -0.225476935505867,
            0.027753658592700958
        ],
        [
            0.06520160287618637,
            -0.18083779513835907,
            0.1067870482802391
        ],
        [
            -0.0936780795454979,
            -0.18090307712554932,
            0.45921754837036133
        ],
        [
            -0.00025688856840133667,
            0.13399136066436768,
            0.6929647922515869
        ],
        [
            -0.02976321429014206,
            -0.11425374448299408,
            0.0353398323059082
        ],
        [
            -0.31539198756217957,
            -0.11634976416826248,
            0.2839359641075134
        ],
        [
            -0.16739234328269958,
            0.12384181469678879,
            0.5714519023895264
        ],
        [
            -0.44246992468833923,
            -0.6081651449203491,
            0.11442713439464569
        ],
        [
            -0.45648014545440674,
            -0.60505211353302,
            0.0483555793762207
        ],
        [
            -0.3597131371498108,
            -0.6729351878166199,
            0.14208360016345978
        ],
        [
            -0.395382285118103,
            -0.6665610074996948,
            -0.00747862970456481
        ],
        [
            -0.3286861777305603,
            0.13076812028884888,
            0.6951353549957275
        ],
        [
            -0.30267417430877686,
            0.19013696908950806,
            0.6448779702186584
        ],
        [
            -0.10711932182312012,
            0.16005218029022217,
            0.5689465999603271
        ],
        [
            -0.13949152827262878,
            0.08281910419464111,
            0.8277108669281006
        ],
        [
            -0.05320711433887482,
            0.06876945495605469,
            0.8438589572906494
        ],
        [
            0.04927404224872589,
            0.18891680240631104,
            0.6944561004638672
        ],
        [
            0.025878742337226868,
            0.09440672397613525,
            0.6546990275382996
        ],
        [
            -0.07789038866758347,
            -0.19605769217014313,
            0.40587425231933594
        ],
        [
            0.12350572645664215,
            -0.31216877698898315,
            0.06937231123447418
        ],
        [
            -0.07605879008769989,
            -0.14815475046634674,
            -0.09288083761930466
        ],
        [
            -0.3072752058506012,
            -0.11919601261615753,
            0.25047165155410767
        ],
        [
            -0.16054275631904602,
            0.11594485491514206,
            0.5297737121582031
        ],
        [
            -0.29143625497817993,
            -0.2581358253955841,
            0.31770560145378113
        ],
        [
            -0.11070312559604645,
            -0.4114701747894287,
            0.28798437118530273
        ],
        [
            -0.1610753834247589,
            -0.6169115304946899,
            0.12427151203155518
        ],
        [
            -0.3507861793041229,
            -0.5205146670341492,
            -0.06593173742294312
        ],
        [
            -0.4525400996208191,
            -0.27526602149009705,
            -0.020338106900453568
        ],
        [
            -0.4725499749183655,
            -0.18309862911701202,
            0.19731025397777557
        ],
        [
            -0.27467435598373413,
            -0.6078274250030518,
            0.0306821521371603
        ],
        [
            -0.4289909601211548,
            -0.692109227180481,
            0.07172571867704391
        ],
        [
            0.024616215378046036,
            -0.23068559169769287,
            -0.012374643236398697
        ],
        [
            -0.24962133169174194,
            -0.5664879679679871,
            0.02904103510081768
        ],
        [
            -0.10529893636703491,
            -0.4438600540161133,
            -0.03473604843020439
        ],
        [
            -0.3700348138809204,
            -0.5947718620300293,
            0.05935104191303253
        ],
        [
            -0.4360700249671936,
            -0.7123708724975586,
            0.07526296377182007
        ]
    ],
    "pred_vertices": [
        [
            -0.4939135015010834,
            -0.6381165385246277,
            0.04383578896522522
        ],
        [
            -0.4861133098602295,
            -0.6236860752105713,
            0.04880290478467941
        ],
        [
            -0.4803914725780487,
            -0.6278340220451355,
            0.035777103155851364
        ],
        [
            -0.48323923349380493,
            -0.6409322023391724,
            0.030612166970968246
        ],
        [
            -0.4762265980243683,
            -0.6172278523445129,
            0.03977018594741821
        ],
        [
            -0.47999632358551025,
            -0.6131367683410645,
            0.050055019557476044
        ],
        [
            -0.4705464839935303,
            -0.6304844617843628,
            0.026361975818872452
        ],
        [
            -0.46997883915901184,
            -0.6425527334213257,
            0.021103469654917717
        ],
        [
            -0.43695351481437683,
            -0.6131149530410767,
            0.01569162867963314
        ],
        [
            -0.42883387207984924,
            -0.6168333292007446,
            0.009647849947214127
        ],
        [
            -0.4387458860874176,
            -0.6248249411582947,
            0.01140395924448967
        ],
        [
            -0.44400084018707275,
            -0.6196805834770203,
            0.017746414989233017
        ],
        [
            -0.4164348244667053,
            -0.5981392860412598,
            0.013007872737944126
        ],
        [
            -0.4142152667045593,
            -0.5850547552108765,
            0.0188574381172657
        ],
        [
            -0.4018959403038025,
            -0.5859166979789734,
            0.014308989979326725
        ],
        [
            -0.40319836139678955,
            -0.5988571643829346,
            0.009102622047066689
        ],
        [
            -0.4329356253147125,
            -0.5788517594337463,
            0.05589000880718231
        ],
        [
            -0.42863407731056213,
            -0.5748155117034912,
            0.0497388020157814
        ],
        [
            -0.43367642164230347,
            -0.579956591129303,
            0.04645130783319473
        ],
        [
            -0.43701091408729553,
            -0.5836223363876343,
            0.05320872738957405
        ],
        [
            -0.4424186944961548,
            -0.5818356275558472,
            0.06674931943416595
        ],
        [
            -0.44426316022872925,
            -0.5881394743919373,
            0.06568460911512375
        ],
        [
            -0.449837863445282,
            -0.5869986414909363,
            0.07146865129470825
        ],
        [
            -0.44827598333358765,
            -0.5795310139656067,
            0.07170338928699493
        ],
        [
            -0.42837685346603394,
            -0.5747826099395752,
            0.060722533613443375
        ],
        [
            -0.42342257499694824,
            -0.5712034106254578,
            0.054283156991004944
        ],
        [
            -0.4369586706161499,
            -0.5817750692367554,
            0.06135186553001404
        ],
        [
            -0.43532565236091614,
            -0.5774362087249756,
            0.06309346854686737
        ],
        [
            -0.43758633732795715,
            -0.5657415390014648,
            0.06687037646770477
        ],
        [
            -0.4402064383029938,
            -0.5701599717140198,
            0.0656273365020752
        ],
        [
            -0.445563405752182,
            -0.5656165480613708,
            0.06969578564167023
        ],
        [
            -0.4405371844768524,
            -0.5623137950897217,
            0.07044627517461777
        ],
        [
            -0.4318617582321167,
            -0.5714401602745056,
            0.06231026351451874
        ],
        [
            -0.4358639121055603,
            -0.5716769695281982,
            0.06248413026332855
        ],
        [
            -0.43440353870391846,
            -0.5673695802688599,
            0.06491944938898087
        ],
        [
            -0.4304700493812561,
            -0.5678988695144653,
            0.06561058014631271
        ],
        [
            -0.4417639970779419,
            -0.5764895081520081,
            0.06709663569927216
        ],
        [
            -0.44742146134376526,
            -0.5727324485778809,
            0.07105452567338943
        ],
        [
            -0.45256146788597107,
            -0.5686626434326172,
            0.07603959739208221
        ],
        [
            -0.4488573968410492,
            -0.5607405304908752,
            0.07479248195886612
        ],
        [
            -0.4165889620780945,
            -0.5697973966598511,
            0.036680057644844055
        ],
        [
            -0.42395856976509094,
            -0.5712937712669373,
            0.042519088834524155
        ],
        [
            -0.41926437616348267,
            -0.5677044987678528,
            0.04733606427907944
        ],
        [
            -0.4142061471939087,
            -0.5658310055732727,
            0.04162576422095299
        ],
        [
            -0.42577239871025085,
            -0.5682991743087769,
            0.06360962241888046
        ],
        [
            -0.41458213329315186,
            -0.5575405359268188,
            0.05870284140110016
        ],
        [
            -0.41761451959609985,
            -0.5599600672721863,
            0.05879339575767517
        ],
        [
            -0.41993963718414307,
            -0.5578171610832214,
            0.06540407240390778
        ],
        [
            -0.41702142357826233,
            -0.5557112693786621,
            0.06470605731010437
        ],
        [
            -0.40130478143692017,
            -0.5661957263946533,
            0.029119843617081642
        ],
        [
            -0.40237319469451904,
            -0.5619782209396362,
            0.03513173758983612
        ],
        [
            -0.3956798315048218,
            -0.559299647808075,
            0.0338316448032856
        ],
        [
            -0.3927772045135498,
            -0.5636071562767029,
            0.028599798679351807
        ],
        [
            -0.38979536294937134,
            -0.5566973090171814,
            0.03645823150873184
        ],
        [
            -0.38453924655914307,
            -0.560661792755127,
            0.029290691018104553
        ],
        [
            -0.37152838706970215,
            -0.5503491163253784,
            0.036733560264110565
        ],
        [
            -0.37741267681121826,
            -0.5551393032073975,
            0.03303365409374237
        ],
        [
            -0.3847167491912842,
            -0.5525388121604919,
            0.04006451368331909
        ],
        [
            -0.3815057873725891,
            -0.5468032360076904,
            0.04551156982779503
        ],
        [
            -0.38919395208358765,
            -0.5429434180259705,
            0.05759580433368683
        ],
        [
            -0.3889803886413574,
            -0.540373682975769,
            0.06376015394926071
        ],
        [
            -0.37866899371147156,
            -0.5335180759429932,
            0.057945966720581055
        ],
        [
            -0.3795090913772583,
            -0.5395338535308838,
            0.05240472033619881
        ],
        [
            -0.4069116413593292,
            -0.5561076402664185,
            0.05817714333534241
        ],
        [
            -0.405901700258255,
            -0.5580098628997803,
            0.05379072576761246
        ],
        [
            -0.40858322381973267,
            -0.5572039484977722,
            0.05382860451936722
        ],
        [
            -0.4108354151248932,
            -0.5556958317756653,
            0.058416932821273804
        ],
        [
            -0.40535345673561096,
            -0.5588499307632446,
            0.04983988404273987
        ],
        [
            -0.40498989820480347,
            -0.5591320395469666,
            0.04806140437722206
        ],
        [
            -0.40662696957588196,
            -0.5591242909431458,
            0.04847612977027893
        ],
        [
            -0.4067800045013428,
            -0.5584601163864136,
            0.04966316744685173
        ],
        [
            -0.40653112530708313,
            -0.557944655418396,
            0.051844462752342224
        ],
        [
            -0.4051140546798706,
            -0.5565378665924072,
            0.052872177213430405
        ],
        [
            -0.4049872159957886,
            -0.5580452084541321,
            0.05088667571544647
        ],
        [
            -0.4056675434112549,
            -0.5540413856506348,
            0.05672699213027954
        ],
        [
            -0.4071006178855896,
            -0.5479999780654907,
            0.07011575996875763
        ],
        [
            -0.4068220853805542,
            -0.5486302375793457,
            0.06631350517272949
        ],
        [
            -0.4091528654098511,
            -0.5523785352706909,
            0.06801830977201462
        ],
        [
            -0.4096730947494507,
            -0.5522641539573669,
            0.07124008238315582
        ],
        [
            -0.40969711542129517,
            -0.5592580437660217,
            0.05008426308631897
        ],
        [
            -0.41005057096481323,
            -0.5608903169631958,
            0.04828138276934624
        ],
        [
            -0.41365376114845276,
            -0.5603443384170532,
            0.052756428718566895
        ],
        [
            -0.4109940528869629,
            -0.5589684247970581,
            0.05367477238178253
        ],
        [
            -0.41222137212753296,
            -0.5619590282440186,
            0.04545453190803528
        ],
        [
            -0.4076983332633972,
            -0.5604416728019714,
            0.04623822867870331
        ],
        [
            -0.408456027507782,
            -0.5620073080062866,
            0.043210625648498535
        ],
        [
            -0.40366166830062866,
            -0.5580291748046875,
            0.048560239374637604
        ],
        [
            -0.40201056003570557,
            -0.5579066872596741,
            0.04549407213926315
        ],
        [
            -0.4046884775161743,
            -0.5588451623916626,
            0.045147061347961426
        ],
        [
            -0.3993074893951416,
            -0.5557122826576233,
            0.04757937043905258
        ],
        [
            -0.40226155519485474,
            -0.5562751889228821,
            0.05120828002691269
        ],
        [
            -0.40192705392837524,
            -0.5532251596450806,
            0.05502434819936752
        ],
        [
            -0.4021976590156555,
            -0.5496166944503784,
            0.05980811268091202
        ],
        [
            -0.3969125747680664,
            -0.5485702753067017,
            0.056670308113098145
        ],
        [
            -0.39760622382164,
            -0.5523297190666199,
            0.0515272356569767
        ],
        [
            -0.4166702330112457,
            -0.5640535950660706,
            0.050821952521800995
        ],
        [
            -0.40372419357299805,
            -0.5599033236503601,
            0.04068708419799805
        ],
        [
            -0.40884554386138916,
            -0.5646530985832214,
            0.038114242255687714
        ],
        [
            -0.39944151043891907,
            -0.5576128959655762,
            0.040390804409980774
        ],
        [
            -0.39530935883522034,
            -0.5550886392593384,
            0.042356908321380615
        ],
        [
            -0.3913799524307251,
            -0.5525048971176147,
            0.04720263183116913
        ],
        [
            -0.39025384187698364,
            -0.5471029281616211,
            0.051876991987228394
        ],
        [
            -0.3639985918998718,
            -0.5360351204872131,
            0.05333509296178818
        ],
        [
            -0.3671013116836548,
            -0.5426833629608154,
            0.046141814440488815
        ],
        [
            -0.47194939851760864,
            -0.6096338033676147,
            0.0508568100631237
        ],
        [
            -0.471308171749115,
            -0.6108646988868713,
            0.04192657023668289
        ],
        [
            -0.46227818727493286,
            -0.6085523366928101,
            0.03969918191432953
        ],
        [
            -0.4638112187385559,
            -0.6099114418029785,
            0.03854827582836151
        ],
        [
            -0.4665139317512512,
            -0.6093173027038574,
            0.044094618409872055
        ],
        [
            -0.46382299065589905,
            -0.6074444055557251,
            0.044061046093702316
        ],
        [
            -0.44885390996932983,
            -0.6157436966896057,
            0.024213943630456924
        ],
        [
            -0.4525204598903656,
            -0.6131576299667358,
            0.02938874065876007
        ],
        [
            -0.44803300499916077,
            -0.6123455166816711,
            0.029136156663298607
        ],
        [
            -0.44305363297462463,
            -0.6122331619262695,
            0.022356173023581505
        ],
        [
            -0.4456360936164856,
            -0.6024078726768494,
            0.03637072443962097
        ],
        [
            -0.44491884112358093,
            -0.605829656124115,
            0.03230484947562218
        ],
        [
            -0.4519388675689697,
            -0.6074087023735046,
            0.036364566534757614
        ],
        [
            -0.4522678852081299,
            -0.6050806045532227,
            0.03950481861829758
        ],
        [
            -0.45257115364074707,
            -0.6035199761390686,
            0.043285395950078964
        ],
        [
            -0.45204171538352966,
            -0.6032110452651978,
            0.04784134402871132
        ],
        [
            -0.4481908679008484,
            -0.5998408794403076,
            0.04659276455640793
        ],
        [
            -0.4471852779388428,
            -0.6004588603973389,
            0.04141522943973541
        ],
        [
            -0.4673352539539337,
            -0.6092177629470825,
            0.05049970746040344
        ],
        [
            -0.46479207277297974,
            -0.6090472936630249,
            0.05778982490301132
        ],
        [
            -0.46274280548095703,
            -0.6074507236480713,
            0.055724360048770905
        ],
        [
            -0.46473485231399536,
            -0.6069804430007935,
            0.04980037733912468
        ],
        [
            -0.45236966013908386,
            -0.6074211597442627,
            0.0643201619386673
        ],
        [
            -0.45516127347946167,
            -0.608081579208374,
            0.06353895366191864
        ],
        [
            -0.4565642178058624,
            -0.6079190969467163,
            0.06725755333900452
        ],
        [
            -0.45230600237846375,
            -0.6058868169784546,
            0.06753378361463547
        ],
        [
            -0.45065629482269287,
            -0.603824257850647,
            0.06475941836833954
        ],
        [
            -0.45175057649612427,
            -0.6058977842330933,
            0.06267627328634262
        ],
        [
            -0.5070982575416565,
            -0.6522077322006226,
            0.05532455816864967
        ],
        [
            -0.4994463324546814,
            -0.63614422082901,
            0.05890733003616333
        ],
        [
            -0.4971971809864044,
            -0.6570441722869873,
            0.03815021365880966
        ],
        [
            -0.4834498167037964,
            -0.6590145826339722,
            0.025699496269226074
        ],
        [
            -0.4685576558113098,
            -0.6569957137107849,
            0.015513185411691666
        ],
        [
            -0.40137237310409546,
            -0.5743688344955444,
            0.021491609513759613
        ],
        [
            -0.39095258712768555,
            -0.5734511613845825,
            0.019243741407990456
        ],
        [
            -0.3898308277130127,
            -0.5877713561058044,
            0.010500219650566578
        ],
        [
            -0.37921762466430664,
            -0.5838176608085632,
            0.01083212811499834
        ],
        [
            -0.38051658868789673,
            -0.5693544745445251,
            0.020061470568180084
        ],
        [
            -0.36188676953315735,
            -0.5573071241378784,
            0.03158910572528839
        ],
        [
            -0.37093183398246765,
            -0.563122570514679,
            0.024059073999524117
        ],
        [
            -0.3680519163608551,
            -0.579589307308197,
            0.013246417045593262
        ],
        [
            -0.36909371614456177,
            -0.5993672609329224,
            0.0035970285534858704
        ],
        [
            -0.37909558415412903,
            -0.6003673076629639,
            0.004271455574780703
        ],
        [
            -0.37332817912101746,
            -0.6194915771484375,
            -0.00034337269607931376
        ],
        [
            -0.3560587465763092,
            -0.60197913646698,
            0.006342192180454731
        ],
        [
            -0.36703920364379883,
            -0.6254766583442688,
            0.0016080648638308048
        ],
        [
            -0.3341042399406433,
            -0.5758322477340698,
            0.02236730046570301
        ],
        [
            -0.3270329236984253,
            -0.572027862071991,
            0.01974775828421116
        ],
        [
            -0.32964324951171875,
            -0.5846629738807678,
            0.0048973895609378815
        ],
        [
            -0.3355865180492401,
            -0.5892685651779175,
            0.0080944262444973
        ],
        [
            -0.39035987854003906,
            -0.5996917486190796,
            0.005167870316654444
        ],
        [
            -0.44301125407218933,
            -0.6366666555404663,
            0.009424121119081974
        ],
        [
            -0.4490702748298645,
            -0.6291313767433167,
            0.014529654756188393
        ],
        [
            -0.4307042360305786,
            -0.6317378282546997,
            0.006031190976500511
        ],
        [
            -0.4752267003059387,
            -0.6906704902648926,
            0.012342482805252075
        ],
        [
            -0.4822317957878113,
            -0.6749454736709595,
            0.019298143684864044
        ],
        [
            -0.4673093557357788,
            -0.6706279516220093,
            0.009861689992249012
        ],
        [
            -0.4632273018360138,
            -0.6860113739967346,
            0.0044313156977295876
        ],
        [
            -0.5024202466011047,
            -0.7072557210922241,
            0.04409172385931015
        ],
        [
            -0.5085259079933167,
            -0.6797845363616943,
            0.04815465584397316
        ],
        [
            -0.497376024723053,
            -0.6785078644752502,
            0.034559257328510284
        ],
        [
            -0.49179354310035706,
            -0.6999388933181763,
            0.02894803136587143
        ],
        [
            -0.45520827174186707,
            -0.6961884498596191,
            0.0013190996833145618
        ],
        [
            -0.4448238015174866,
            -0.7112444639205933,
            -0.0015255920588970184
        ],
        [
            -0.45151838660240173,
            -0.7260675430297852,
            0.0034494209103286266
        ],
        [
            -0.46651339530944824,
            -0.709773600101471,
            0.0075533161871135235
        ],
        [
            -0.4604173004627228,
            -0.7441959381103516,
            0.01629803329706192
        ],
        [
            -0.47826650738716125,
            -0.7251054048538208,
            0.021679522469639778
        ],
        [
            -0.35183894634246826,
            -0.6243631839752197,
            0.002808627672493458
        ],
        [
            -0.3630427122116089,
            -0.639665961265564,
            0.002033950760960579
        ],
        [
            -0.3445616662502289,
            -0.593807578086853,
            0.01134900376200676
        ],
        [
            -0.34266719222068787,
            -0.6118488907814026,
            0.0022889412939548492
        ],
        [
            -0.46565505862236023,
            -0.7581291198730469,
            0.03447727859020233
        ],
        [
            -0.4874972403049469,
            -0.7362940907478333,
            0.04072931781411171
        ],
        [
            -0.3959747850894928,
            -0.7347424030303955,
            -0.0007137812208384275
        ],
        [
            -0.4145931601524353,
            -0.7393521070480347,
            -4.115625051781535e-05
        ],
        [
            -0.4158438444137573,
            -0.7194751501083374,
            -0.00548597751185298
        ],
        [
            -0.39856234192848206,
            -0.7172063589096069,
            -0.0057015796191990376
        ],
        [
