{
    "pred_cam": [
        2.143771171569824,
        0.18522734940052032,
        0.41152501106262207
    ],
    "pred_smpl_params": {
        "global_orient": [
            [
                [
                    -0.6430841684341431,
                    -0.20247715711593628,
                    -0.7385429739952087
                ],
                [
                    0.5104533433914185,
                    -0.8322552442550659,
                    -0.2163066416978836
                ],
                [
                    -0.5708591341972351,
                    -0.5160951018333435,
                    0.6385653018951416
                ]
            ]
        ],
        "body_pose": [
            [
                [
                    0.9960207939147949,
                    -0.08069389313459396,
                    -0.03783046454191208
                ],
                [
                    0.056882862001657486,
                    0.24883149564266205,
                    0.9668749570846558
                ],
                [
                    -0.06860747933387756,
                    -0.9651793837547302,
                    0.2524314522743225
                ]
            ],
            [
                [
                    0.9837208986282349,
                    0.030775142833590508,
                    0.1770484298467636
                ],
                [
                    -0.17301872372627258,
                    0.42841535806655884,
                    0.8868623971939087
                ],
                [
                    -0.04855694994330406,
                    -0.9030576944351196,
                    0.4267658293247223
                ]
            ],
            [
                [
                    0.9969282746315002,
                    0.02911064401268959,
                    0.07270979136228561
                ],
                [
                    0.03571833297610283,
                    0.6572091579437256,
                    -0.752861499786377
                ],
                [
                    -0.06970182061195374,
                    0.7531458735466003,
                    0.6541506052017212
                ]
            ],
            [
                [
                    0.9103251695632935,
                    0.4070347547531128,
                    0.07503855973482132
                ],
                [
                    -0.05741310492157936,
                    0.30372902750968933,
                    -0.9510270357131958
                ],
                [
                    -0.4098925292491913,
                    0.8614356517791748,
                    0.2998613119125366
                ]
            ],
            [
                [
                    0.9923938512802124,
                    -0.027867745608091354,
                    0.11990805715322495
                ],
                [
                    0.11783153563737869,
                    0.4970361292362213,
                    -0.8596922755241394
                ],
                [
                    -0.03564099967479706,
                    0.8672822117805481,
                    0.49653929471969604
                ]
            ],
            [
                [
                    0.9983171224594116,
                    -0.04634268209338188,
                    0.034861207008361816
                ],
                [
                    0.04452432692050934,
                    0.9976932406425476,
                    0.05124270170927048
                ],
                [
                    -0.03715551272034645,
                    -0.04960429295897484,
                    0.9980776309967041
                ]
            ],
            [
                [
                    0.9773116111755371,
                    0.01706635393202305,
                    0.21111758053302765
                ],
                [
                    -0.02441560849547386,
                    0.9991814494132996,
                    0.03225380554795265
                ],
                [
                    -0.21039430797100067,
                    -0.03667660057544708,
                    0.9769282937049866
                ]
            ],
            [
                [
                    0.9880346655845642,
                    -0.0053768642246723175,
                    -0.15413814783096313
                ],
                [
                    0.023378754034638405,
                    0.9930651187896729,
                    0.11521770805120468
                ],
                [
                    0.15244971215724945,
                    -0.11744264513254166,
                    0.9813084602355957
                ]
            ],
            [
                [
                    0.9989845752716064,
                    -0.032169897109270096,
                    0.03154152259230614
                ],
                [
                    0.03567076101899147,
                    0.9924235939979553,
                    -0.11757101863622665
                ],
                [
                    -0.027520302683115005,
                    0.11857675015926361,
                    0.9925633668899536
                ]
            ],
            [
                [
                    0.9770089983940125,
                    -0.14389517903327942,
                    0.15731385350227356
                ],
                [
                    0.13114257156848907,
                    0.9873878955841064,
                    0.0886947512626648
                ],
                [
                    -0.1680925488471985,
                    -0.0660250261425972,
                    0.9835576415061951
                ]
            ],
            [
                [
                    0.9951798915863037,
                    0.09708940982818604,
                    0.01380906905978918
                ],
                [
                    -0.09805145114660263,
                    0.9875816702842712,
                    0.12275335192680359
                ],
                [
                    -0.001719533116556704,
                    -0.12351565808057785,
                    0.992341160774231
                ]
            ],
            [
                [
                    0.9225138425827026,
                    0.09435003995895386,
                    0.37425437569618225
                ],
                [
                    -0.02957078255712986,
                    0.9840887188911438,
                    -0.1751999706029892
                ],
                [
                    -0.3848296105861664,
                    0.15055739879608154,
                    0.9106254577636719
                ]
            ],
            [
                [
                    0.8573212623596191,
                    -0.09278561919927597,
                    -0.5063507556915283
                ],
                [
                    0.1484113335609436,
                    0.9864075779914856,
                    0.07052768766880035
                ],
                [
                    0.492924302816391,
                    -0.1356130689382553,
                    0.8594385981559753
                ]
            ],
            [
                [
                    0.8121814727783203,
                    -0.018774092197418213,
                    0.5831026434898376
                ],
                [
                    -0.030169105157256126,
                    0.9967932105064392,
                    0.07411504536867142
                ],
                [
                    -0.5826242566108704,
                    -0.07778655737638474,
                    0.8090105652809143
                ]
            ],
            [
                [
                    0.9658041596412659,
                    0.16015207767486572,
                    0.2038961946964264
                ],
                [
                    -0.15801745653152466,
                    0.9870721101760864,
                    -0.02681628428399563
                ],
                [
                    -0.20555494725704193,
                    -0.006319882348179817,
                    0.9786251783370972
                ]
            ],
            [
                [
                    0.7108870148658752,
                    0.5822578072547913,
                    -0.3944813907146454
                ],
                [
                    -0.5282447934150696,
                    0.8123450875282288,
                    0.24708887934684753
                ],
                [
                    0.4643244743347168,
                    0.03273046761751175,
                    0.8850602507591248
                ]
            ],
            [
                [
                    0.48065945506095886,
                    -0.6305313110351562,
                    0.6094232797622681
                ],
                [
                    0.5594805479049683,
                    0.7556490302085876,
                    0.3405526578426361
                ],
                [
                    -0.6752392053604126,
                    0.17727062106132507,
                    0.7159798741340637
                ]
            ],
            [
                [
                    0.5522263646125793,
                    -0.25897160172462463,
                    -0.7924517393112183
                ],
                [
                    0.16535119712352753,
                    0.9656696319580078,
                    -0.2003525346517563
                ],
                [
                    0.8171321749687195,
                    -0.020392900332808495,
                    0.5760895013809204
                ]
            ],
            [
                [
                    0.5063103437423706,
                    0.244401752948761,
                    0.8269931674003601
                ],
                [
                    -0.2539091110229492,
                    0.9587364792823792,
                    -0.12788507342338562
                ],
                [
                    -0.8241237998008728,
                    -0.14523154497146606,
                    0.5474740266799927
                ]
            ],
            [
                [
                    0.9624897837638855,
                    -0.2710101008415222,
                    -0.012923729605972767
                ],
                [
                    0.2663373649120331,
                    0.9528334736824036,
                    -0.14550873637199402
                ],
                [
                    0.05174849554896355,
                    0.13660858571529388,
                    0.9892725944519043
                ]
            ],
            [
                [
                    0.9669565558433533,
                    0.25344619154930115,
                    0.027570398524403572
                ],
                [
                    -0.2524658143520355,
                    0.9669852256774902,
                    -0.034649673849344254
                ],
                [
                    -0.03544199839234352,
                    0.02654414437711239,
                    0.999019205570221
                ]
            ],
            [
                [
                    0.984262228012085,
                    0.13855600357055664,
                    -0.10968165844678879
                ],
                [
                    -0.11497724801301956,
                    0.973449170589447,
                    0.19793152809143066
                ],
                [
                    0.13419413566589355,
                    -0.18220563232898712,
                    0.97406005859375
                ]
            ],
            [
                [
                    0.981210470199585,
                    -0.18216539919376373,
                    0.06357551366090775
                ],
                [
                    0.1648595780134201,
                    0.9627665877342224,
                    0.2142469584941864
                ],
                [
                    -0.10023677349090576,
                    -0.19974030554294586,
                    0.9747083783149719
                ]
            ]
        ],
        "betas": [
            0.19711841642856598,
            0.1413917988538742,
            -0.09897002577781677,
            0.1668725311756134,
            0.08078151941299438,
            -0.01972266659140587,
            0.06018410623073578,
            -0.030369937419891357,
            0.03472515940666199,
            0.002016901969909668
        ]
    },
    "pred_cam_t": [
        0.18522734940052032,
        0.41152501106262207,
        18.221393585205078
    ],
    "focal_length": [
        5000.0,
        5000.0
    ],
    "pred_keypoints_3d": [
        [
            -0.45959651470184326,
            -0.5469549894332886,
            0.07032414525747299
        ],
        [
            -0.2830198407173157,
            -0.6065692901611328,
            0.015461565926671028
        ],
        [
            -0.1568654328584671,
            -0.6007593274116516,
            0.14738024771213531
        ],
        [
            -0.1298445761203766,
            -0.3766002953052521,
            0.27206557989120483
        ],
        [
            -0.3488735854625702,
            -0.24549296498298645,
            0.3162291646003723
        ],
        [
            -0.3661351203918457,
            -0.4820566177368164,
            -0.07644236087799072
        ],
        [
            -0.43794959783554077,
            -0.22887390851974487,
            -0.04846455901861191
        ],
        [
            -0.5003076791763306,
            -0.15330809354782104,
            0.1850559413433075
        ],
        [
            -0.002116680610924959,
            -0.2264912873506546,
            0.027079977095127106
        ],
        [
            0.06279958039522171,
            -0.1839657425880432,
            0.10888681560754776
        ],
        [
            -0.12700948119163513,
            -0.1473212093114853,
            0.4466245770454407
        ],
        [
            -0.004585564136505127,
            0.16573016345500946,
            0.6739131808280945
        ],
        [
            -0.02229338325560093,
            -0.11361628025770187,
            0.03078288957476616
        ],
        [
            -0.31365904211997986,
            -0.07868825644254684,
            0.27406740188598633
        ],
        [
            -0.1357758343219757,
            0.15000271797180176,
            0.5577269792556763
        ],
        [
            -0.46283581852912903,
            -0.6004056930541992,
            0.10195755958557129
        ],
        [
            -0.4756321310997009,
            -0.5946847200393677,
            0.03575798124074936
        ],
        [
            -0.3832980990409851,
            -0.6690360307693481,
            0.12854543328285217
        ],
        [
            -0.41588371992111206,
            -0.6565514206886292,
            -0.02114545926451683
        ],
        [
            -0.29915642738342285,
            0.17746829986572266,
            0.6763001680374146
        ],
        [
            -0.26535290479660034,
            0.23330575227737427,
            0.6261003613471985
        ],
        [
            -0.07143715023994446,
            0.17909085750579834,
            0.5559753179550171
        ],
        [
            -0.16147580742835999,
            0.14137232303619385,
            0.7976480722427368
        ],
        [
            -0.07976491749286652,
            0.11547648906707764,
            0.8217682838439941
        ],
        [
            0.052422598004341125,
            0.21302634477615356,
            0.6781428456306458
        ],
        [
            0.018290191888809204,
            0.12042021751403809,
            0.6393148303031921
        ],
        [
            -0.1085398942232132,
            -0.16658297181129456,
            0.39518097043037415
        ],
        [
            0.113043874502182,
            -0.31991565227508545,
            0.07849907130002975
        ],
        [
            -0.06341621279716492,
            -0.14844711124897003,
            -0.09834380447864532
        ],
        [
            -0.30506473779678345,
            -0.08304744958877563,
            0.2407088428735733
        ],
        [
            -0.129452645778656,
            0.13993018865585327,
            0.5160784125328064
        ],
        [
            -0.3524438738822937,
            -0.2757472097873688,
            0.296040415763855
        ],
        [
            -0.15195728838443756,
            -0.4035907983779907,
            0.28770118951797485
        ],
        [
            -0.18280936777591705,
            -0.6108126640319824,
            0.12135796248912811
        ],
        [
            -0.36088645458221436,
            -0.5121868252754211,
            -0.07844514399766922
        ],
        [
            -0.46663597226142883,
            -0.2662898600101471,
            -0.03501507267355919
        ],
        [
            -0.5030670762062073,
            -0.17374387383460999,
            0.18187282979488373
        ],
        [
            -0.2910051941871643,
            -0.6004782319068909,
            0.02199453115463257
        ],
        [
            -0.4520723819732666,
            -0.683061957359314,
            0.05682697892189026
        ],
        [
            0.02562517672777176,
            -0.23485179245471954,
            -0.010453924536705017
        ],
        [
            -0.2650519907474518,
            -0.5594442486763,
            0.02135602757334709
        ],
        [
            -0.11311830580234528,
            -0.44243210554122925,
            -0.03764915466308594
        ],
        [
            -0.3889138102531433,
            -0.5875927209854126,
            0.04846680164337158
        ],
        [
            -0.459994375705719,
            -0.7029456496238708,
            0.05977912247180939
        ]
    ],
    "pred_vertices": [
        [
            -0.5144363641738892,
            -0.625518798828125,
            0.0295482836663723
        ],
        [
            -0.5062365531921387,
            -0.6117242574691772,
            0.035059187561273575
        ],
        [
            -0.5004278421401978,
            -0.6157283782958984,
            0.02202378585934639
        ],
        [
            -0.5035786628723145,
            -0.6284663677215576,
            0.016424790024757385
        ],
        [
            -0.4959533214569092,
            -0.6054649353027344,
            0.026378905400633812
        ],
        [
            -0.4996309280395508,
            -0.6016623377799988,
            0.0367729477584362
        ],
        [
            -0.49046027660369873,
            -0.6185524463653564,
            0.012729968875646591
        ],
        [
            -0.49017781019210815,
            -0.6304231286048889,
            0.007084549404680729
        ],
        [
            -0.45590704679489136,
            -0.6022768020629883,
            0.0030924761667847633
        ],
        [
            -0.4477460980415344,
            -0.6060836911201477,
            -0.0029455292969942093
        ],
        [
            -0.4581463932991028,
            -0.6136890649795532,
            -0.001585816964507103
        ],
        [
            -0.4633517265319824,
            -0.6085872650146484,
            0.004862780682742596
        ],
        [
            -0.43470194935798645,
            -0.5880937576293945,
            0.0013346560299396515
        ],
        [
            -0.4319361448287964,
            -0.5754199028015137,
            0.0076730698347091675
        ],
        [
            -0.4195716381072998,
            -0.5766027569770813,
            0.003231087699532509
        ],
        [
            -0.4213821291923523,
            -0.5892613530158997,
            -0.0024692360311746597
        ],
        [
            -0.45111870765686035,
            -0.5696057081222534,
            0.04454551637172699
        ],
        [
            -0.44651904702186584,
            -0.5655617713928223,
            0.038603365421295166
        ],
        [
            -0.45170390605926514,
            -0.5704153180122375,
            0.035080473870038986
        ],
        [
            -0.4553341269493103,
            -0.5741478204727173,
            0.04165277257561684
        ],
        [
            -0.4610487222671509,
            -0.5724921226501465,
            0.05517568439245224
        ],
        [
            -0.46310585737228394,
            -0.5787146091461182,
            0.05388520285487175
        ],
        [
            -0.4687839150428772,
            -0.5774893164634705,
            0.05960358306765556
        ],
        [
            -0.46692514419555664,
            -0.5700687766075134,
            0.060120485723018646
        ],
        [
            -0.44652658700942993,
            -0.5658034086227417,
            0.04957771301269531
        ],
        [
            -0.44128426909446716,
            -0.5622219443321228,
            0.04331286996603012
        ],
        [
            -0.45540955662727356,
            -0.5725176334381104,
            0.04985402897000313
        ],
        [
            -0.4536905884742737,
            -0.5682570338249207,
            0.05176065117120743
        ],
        [
            -0.45555898547172546,
            -0.5565651655197144,
            0.05592118576169014
        ],
        [
            -0.45834881067276,
            -0.5608396530151367,
            0.05449298024177551
        ],
        [
            -0.4635595381259918,
            -0.5562028884887695,
            0.05863688141107559
        ],
        [
            -0.45841479301452637,
            -0.553134560585022,
            0.05956216901540756
        ],
        [
            -0.4499378204345703,
            -0.5623977780342102,
            0.05125622823834419
        ],
        [
            -0.45397284626960754,
            -0.562467098236084,
            0.051371678709983826
        ],
        [
            -0.45237621665000916,
            -0.558303713798523,
            0.05397052317857742
        ],
        [
            -0.4484683573246002,
            -0.5590102672576904,
            0.054687775671482086
        ],
        [
            -0.46016693115234375,
            -0.5671848058700562,
            0.05570700019598007
        ],
        [
            -0.46575117111206055,
            -0.563297688961029,
            0.05972389131784439
        ],
        [
            -0.47081857919692993,
            -0.559145987033844,
            0.06477069854736328
        ],
        [
            -0.4667632579803467,
            -0.5513306260108948,
            0.06385583430528641
        ],
        [
            -0.4339889883995056,
            -0.5606258511543274,
            0.02591271884739399
        ],
        [
            -0.44150638580322266,
            -0.5620240569114685,
            0.03158726543188095
        ],
        [
            -0.436806321144104,
            -0.5587122440338135,
            0.0365571603178978
        ],
        [
            -0.4315524697303772,
            -0.5568549036979675,
            0.03099416196346283
        ],
        [
            -0.4437175989151001,
            -0.5595353245735168,
            0.05272945016622543
        ],
        [
            -0.43193116784095764,
            -0.5490534901618958,
            0.04830188304185867
        ],
        [
            -0.4351036846637726,
            -0.5513379573822021,
            0.048271242529153824
        ],
        [
            -0.43745529651641846,
            -0.5493123531341553,
            0.0549037791788578
        ],
        [
            -0.43439167737960815,
            -0.547319233417511,
            0.05431484431028366
        ],
        [
            -0.41840529441833496,
            -0.5573434829711914,
            0.018685586750507355
        ],
        [
            -0.41944169998168945,
            -0.5532354712486267,
            0.02477634698152542
        ],
        [
            -0.4125896096229553,
            -0.5507667660713196,
            0.02363600954413414
        ],
        [
            -0.40977340936660767,
            -0.5550413131713867,
            0.018317239359021187
        ],
        [
            -0.40673816204071045,
            -0.5483880043029785,
            0.026368744671344757
        ],
        [
            -0.40149199962615967,
            -0.5524001717567444,
            0.01917034387588501
        ],
        [
            -0.38826829195022583,
            -0.5427639484405518,
            0.02707459032535553
        ],
        [
            -0.39423835277557373,
            -0.5472509860992432,
            0.023149065673351288
        ],
        [
            -0.401577889919281,
            -0.5444902777671814,
            0.030141249299049377
        ],
        [
            -0.39824652671813965,
            -0.5389987230300903,
            0.035763002932071686
        ],
        [
            -0.40575674176216125,
            -0.5354245901107788,
            0.0479099340736866
        ],
        [
            -0.4055694341659546,
            -0.533033013343811,
            0.05414007976651192
        ],
        [
            -0.39492160081863403,
            -0.5263967514038086,
            0.048660896718502045
        ],
        [
            -0.3960689902305603,
            -0.5320464372634888,
            0.042888082563877106
        ],
        [
            -0.4241581857204437,
            -0.5478905439376831,
            0.04789113998413086
        ],
        [
            -0.4231376051902771,
            -0.5497056245803833,
            0.04347721487283707
        ],
        [
            -0.4257868826389313,
            -0.5488111972808838,
            0.043512627482414246
        ],
        [
            -0.4280364513397217,
            -0.5473737716674805,
            0.048112351447343826
        ],
        [
            -0.4225311875343323,
            -0.5504589080810547,
            0.03950856626033783
        ],
        [
            -0.4221500754356384,
            -0.55070561170578,
            0.037726566195487976
        ],
        [
            -0.4238055944442749,
            -0.55064857006073,
            0.038132697343826294
        ],
        [
            -0.42391201853752136,
            -0.5500406622886658,
            0.03933675214648247
        ],
        [
            -0.423682302236557,
            -0.5495880246162415,
            0.04152374714612961
        ],
        [
            -0.4222269058227539,
            -0.5482444167137146,
            0.042598873376846313
        ],
        [
            -0.4221513271331787,
            -0.5496859550476074,
            0.040572889149188995
        ],
        [
            -0.42273563146591187,
            -0.5458384156227112,
            0.046506308019161224
        ],
        [
            -0.4241926074028015,
            -0.540191113948822,
            0.06006226688623428
        ],
        [
            -0.42385542392730713,
            -0.5406990647315979,
            0.05623207986354828
        ],
        [
            -0.4263989329338074,
            -0.5444154739379883,
            0.05779459327459335
        ],
        [
            -0.4269936978816986,
            -0.5443748235702515,
            0.061024922877550125
        ],
        [
            -0.4269082248210907,
            -0.5507494211196899,
            0.03971675783395767
        ],
        [
            -0.4273433983325958,
            -0.5522387027740479,
            0.037834540009498596
        ],
        [
            -0.43102020025253296,
            -0.5516770482063293,
            0.04227416217327118
        ],
        [
            -0.42829757928848267,
            -0.5504487156867981,
            0.043265827000141144
        ],
        [
            -0.42948806285858154,
            -0.5531591176986694,
            0.03495507687330246
        ],
        [
            -0.42489442229270935,
            -0.5518466830253601,
            0.03584209457039833
        ],
        [
            -0.4257045388221741,
            -0.5532888770103455,
            0.03276948258280754
        ],
        [
            -0.42077648639678955,
            -0.5496491193771362,
            0.0382627472281456
        ],
        [
            -0.41906464099884033,
            -0.5494909286499023,
            0.03522448614239693
        ],
        [
            -0.4217841625213623,
            -0.5503283739089966,
            0.03482756391167641
        ],
        [
            -0.41631001234054565,
            -0.5474395751953125,
            0.03738991543650627
        ],
        [
            -0.41935503482818604,
            -0.5480082035064697,
            0.040971338748931885
        ],
        [
            -0.41895297169685364,
            -0.5450776219367981,
            0.04486453905701637
        ],
        [
            -0.4191350042819977,
            -0.5416398048400879,
            0.04975935071706772
        ],
        [
            -0.41373270750045776,
            -0.5406952500343323,
            0.046719491481781006
        ],
        [
            -0.4145270586013794,
            -0.5442479252815247,
            0.0414535328745842
        ],
        [
            -0.434184730052948,
            -0.5552284121513367,
            0.040204331278800964
        ],
        [
            -0.4207811951637268,
            -0.5512952208518982,
            0.03036556765437126
        ],
        [
            -0.42607906460762024,
            -0.5557701587677002,
            0.027586758136749268
        ],
        [
            -0.4163902997970581,
            -0.5491385459899902,
            0.03017939254641533
        ],
        [
            -0.41219276189804077,
            -0.5468137264251709,
            0.03224830701947212
        ],
        [
            -0.4083627164363861,
            -0.5443986654281616,
            0.03718163073062897
        ],
        [
            -0.40692394971847534,
            -0.5393267273902893,
            0.04206335172057152
        ],
        [
            -0.380392462015152,
            -0.529305100440979,
            0.044193752110004425
        ],
        [
            -0.383761465549469,
            -0.5354715585708618,
            0.036712147295475006
        ],
        [
            -0.4914085268974304,
            -0.5986734628677368,
            0.03784288093447685
        ],
        [
            -0.4906720519065857,
            -0.599632978439331,
            0.02887788414955139
        ],
        [
            -0.48144254088401794,
            -0.5977115631103516,
            0.026921745389699936
        ],
        [
            -0.4830292761325836,
            -0.5988746881484985,
            0.025648560374975204
        ],
        [
            -0.4858301877975464,
            -0.5984067916870117,
            0.031201208010315895
        ],
        [
            -0.48300909996032715,
            -0.5967241525650024,
            0.03129365295171738
        ],
        [
            -0.46807438135147095,
            -0.6047713756561279,
            0.01137858722358942
        ],
        [
            -0.47170665860176086,
            -0.6022768020629883,
            0.016602598130702972
        ],
        [
            -0.4672127068042755,
            -0.6016066670417786,
            0.0164270531386137
        ],
        [
            -0.46208512783050537,
            -0.6014471054077148,
            0.009730654768645763
        ],
        [
            -0.46449071168899536,
            -0.5920219421386719,
            0.024025650694966316
        ],
        [
            -0.46387165784835815,
            -0.5953030586242676,
            0.019838066771626472
        ],
        [
            -0.47100839018821716,
            -0.5967758893966675,
            0.023742634803056717
        ],
        [
            -0.47127535939216614,
            -0.5945676565170288,
            0.02697760984301567
        ],
        [
            -0.4715893864631653,
            -0.5931218266487122,
            0.030811311677098274
        ],
        [
            -0.4711664319038391,
            -0.5929601192474365,
            0.03538857772946358
        ],
        [
            -0.46710968017578125,
            -0.5897324085235596,
            0.03432273492217064
        ],
        [
            -0.4660334885120392,
            -0.5902114510536194,
            0.029130760580301285
        ],
        [
            -0.4867624044418335,
            -0.5984810590744019,
            0.03759974613785744
        ],
        [
            -0.4843541979789734,
            -0.5986312031745911,
            0.044953830540180206
        ],
        [
            -0.4821767210960388,
            -0.5970902442932129,
            0.04295753687620163
        ],
        [
            -0.4840170443058014,
            -0.596384584903717,
            0.03702309727668762
        ],
        [
            -0.4719817042350769,
            -0.5977054238319397,
            0.05177418142557144
        ],
        [
            -0.474785178899765,
            -0.5982478857040405,
            0.050914715975522995
        ],
        [
            -0.4762404263019562,
            -0.5981673002243042,
            0.054651059210300446
        ],
        [
            -0.47191309928894043,
            -0.5962719917297363,
            0.05505368858575821
        ],
        [
            -0.4701104760169983,
            -0.5941901206970215,
            0.05237303674221039
        ],
        [
            -0.471245676279068,
            -0.5961620211601257,
            0.05020705983042717
        ],
        [
            -0.5282884240150452,
            -0.6394505500793457,
            0.04041091725230217
        ],
        [
            -0.5201610326766968,
            -0.6240043640136719,
            0.04465535283088684
        ],
        [
            -0.5182638168334961,
            -0.6442537307739258,
            0.02328569069504738
        ],
        [
            -0.5043764114379883,
            -0.6464251279830933,
            0.011006992310285568
        ],
        [
            -0.48917993903160095,
            -0.6446610689163208,
            0.001156046986579895
        ],
        [
            -0.41866934299468994,
            -0.5653163194656372,
            0.01083365362137556
        ],
        [
            -0.4081662595272064,
            -0.564691424369812,
            0.00870836153626442
        ],
        [
            -0.40759357810020447,
            -0.5787216424942017,
            -0.0005035549402236938
        ],
        [
            -0.396776020526886,
            -0.5752150416374207,
            8.05659219622612e-05
        ],
        [
            -0.39764469861984253,
            -0.560998260974884,
            0.009763541631400585
        ],
        [
            -0.37885212898254395,
            -0.5500526428222656,
            0.021863464266061783
        ],
        [
            -0.3878909945487976,
            -0.5553104281425476,
            0.014063738286495209
        ],
        [
            -0.3854079246520996,
            -0.5715970396995544,
            0.0028010669630020857
        ],
        [
            -0.3870928883552551,
            -0.59103924036026,
            -0.007408518344163895
        ],
        [
            -0.3973318338394165,
            -0.5915557146072388,
            -0.007025209255516529
        ],
        [
            -0.39199140667915344,
            -0.610866129398346,
            -0.012063762173056602
        ],
        [
            -0.37405627965927124,
            -0.5942460894584656,
            -0.004496943671256304
        ],
        [
            -0.38588693737983704,
            -0.6171911358833313,
            -0.010188378393650055
        ],
        [
            -0.35087716579437256,
            -0.5690605640411377,
            0.01218634843826294
        ],
        [
            -0.3432830572128296,
            -0.5651189088821411,
            0.009434688836336136
        ],
        [
            -0.3456553816795349,
            -0.5775130391120911,
            -0.005665536969900131
        ],
        [
            -0.35230129957199097,
            -0.5820965766906738,
            -0.0024167150259017944
        ],
        [
            -0.4085283875465393,
            -0.5904850363731384,
            -0.006248358637094498
        ],
        [
            -0.4626971483230591,
            -0.6252572536468506,
            -0.003964148461818695
        ],
        [
            -0.4686812162399292,
            -0.6176871061325073,
            0.0012886952608823776
        ],
        [
            -0.45025888085365295,
            -0.6207212805747986,
            -0.007035130634903908
        ],
        [
            -0.49697333574295044,
            -0.6778804659843445,
            -0.0031249094754457474
        ],
        [
            -0.5034200549125671,
            -0.6621982455253601,
            0.004322747699916363
        ],
        [
            -0.4883604049682617,
            -0.6581447720527649,
            -0.004875230602920055
        ],
        [
            -0.4847070872783661,
            -0.6734506487846375,
            -0.010624904185533524
        ],
        [
            -0.525580883026123,
            -0.6942511796951294,
            0.027563653886318207
        ],
        [
            -0.5306456089019775,
            -0.6667029857635498,
            0.032423682510852814
        ],
        [
            -0.5191289186477661,
            -0.6655747890472412,
            0.01913326606154442
        ],
        [
            -0.5143857598304749,
            -0.6869405508041382,
            0.012854408472776413
        ],
        [
            -0.47706878185272217,
            -0.6838182806968689,
            -0.013960136100649834
        ],
        [
            -0.4672591984272003,
            -0.6991609334945679,
            -0.017206985503435135
        ],
        [
            -0.4747728705406189,
            -0.7138141393661499,
            -0.012826702557504177
        ],
        [
            -0.4889816641807556,
            -0.6970338225364685,
            -0.008389988914132118
        ],
        [
            -0.48476362228393555,
            -0.732108473777771,
            -0.0007752715609967709
        ],
        [
            -0.5019047260284424,
            -0.7123429775238037,
            0.004972929134964943
        ],
        [
            -0.3704988956451416,
            -0.6165539622306824,
            -0.008846255950629711
        ],
        [
            -0.3822662830352783,
            -0.6314112544059753,
            -0.010219719260931015
        ],
        [
            -0.3619842231273651,
            -0.586563766002655,
            0.0007685013115406036
        ],
        [
            -0.36044955253601074,
            -0.6042880415916443,
            -0.00883091427385807
        ],
        [
            -0.4910123348236084,
            -0.7464991807937622,
            0.016894064843654633
        ],
        [
            -0.5119279026985168,
            -0.7237832546234131,
            0.023549914360046387
        ],
        [
            -0.41939452290534973,
            -0.7246875762939453,
            -0.01638806425035
        ],
        [
            -0.4382147192955017,
            -0.7285159826278687,
            -0.01623203605413437
        ],
        [
            -0.43851062655448914,
            -0.7084296345710754,
            -0.020941847935318947
        ],
        [
            -0.4211398661136627,
            -0.7068967819213867,
            -0.02084759622812271
        ],
        [
