{
    "pred_cam": [
        1.9823365211486816,
        0.20795613527297974,
        0.4067072570323944
    ],
    "pred_smpl_params": {
        "global_orient": [
            [
                [
                    -0.5941207408905029,
                    -0.22211578488349915,
                    -0.7731009125709534
                ],
                [
                    0.5315964221954346,
                    -0.8297333717346191,
                    -0.17014028131961823
                ],
                [
                    -0.6036767959594727,
                    -0.512061595916748,
                    0.6110377907752991
                ]
            ]
        ],
        "body_pose": [
            [
                [
                    0.9985612034797668,
                    -0.029198257252573967,
                    -0.044977933168411255
                ],
                [
                    0.05154801532626152,
                    0.29153212904930115,
                    0.9551711082458496
                ],
                [
                    -0.014776809141039848,
                    -0.9561153054237366,
                    0.2926177978515625
                ]
            ],
            [
                [
                    0.9844182729721069,
                    0.03786066174507141,
                    0.17171837389469147
                ],
                [
                    -0.17073585093021393,
                    0.43943700194358826,
                    0.8818981647491455
                ],
                [
                    -0.042070161551237106,
                    -0.8974751830101013,
                    0.4390539824962616
                ]
            ],
            [
                [
                    0.997570276260376,
                    0.026566652581095695,
                    0.06440378725528717
                ],
                [
                    0.03104729950428009,
                    0.6580391526222229,
                    -0.7523433566093445
                ],
                [
                    -0.06236746162176132,
                    0.7525148987770081,
                    0.6556154489517212
                ]
            ],
            [
                [
                    0.9362154603004456,
                    0.34920457005500793,
                    0.039455704391002655
                ],
                [
                    -0.08563226461410522,
                    0.33557456731796265,
                    -0.9381133913993835
                ],
                [
                    -0.340833842754364,
                    0.8748975992202759,
                    0.34407326579093933
                ]
            ],
            [
                [
                    0.9940023422241211,
                    -0.04659068211913109,
                    0.09893785417079926
                ],
                [
                    0.10914578288793564,
                    0.47912049293518066,
                    -0.8709367513656616
                ],
                [
                    -0.006825623102486134,
                    0.8765117526054382,
                    0.48133206367492676
                ]
            ],
            [
                [
                    0.9984771609306335,
                    -0.04700787737965584,
                    0.028871484100818634
                ],
                [
                    0.045149412006139755,
                    0.9970569610595703,
                    0.061959847807884216
                ],
                [
                    -0.03169911354780197,
                    -0.06056196615099907,
                    0.9976609945297241
                ]
            ],
            [
                [
                    0.9775740504264832,
                    0.008632900193333626,
                    0.21041488647460938
                ],
                [
                    -0.013993446715176105,
                    0.9996140003204346,
                    0.02400048077106476
                ],
                [
                    -0.21012647449970245,
                    -0.026406675577163696,
                    0.9773175120353699
                ]
            ],
            [
                [
                    0.986204981803894,
                    -0.031815316528081894,
                    -0.16244198381900787
                ],
                [
                    0.047055188566446304,
                    0.9947523474693298,
                    0.09084905683994293
                ],
                [
                    0.1586991548538208,
                    -0.09723954647779465,
                    0.9825267791748047
                ]
            ],
            [
                [
                    0.9993654489517212,
                    -0.030315976589918137,
                    0.018695687875151634
                ],
                [
                    0.032124314457178116,
                    0.9938969612121582,
                    -0.10553057491779327
                ],
                [
                    -0.015382327139377594,
                    0.10606420785188675,
                    0.9942401647567749
                ]
            ],
            [
                [
                    0.9786734580993652,
                    -0.13137862086296082,
                    0.15791743993759155
                ],
                [
                    0.11906994134187698,
                    0.9892349243164062,
                    0.08506809175014496
                ],
                [
                    -0.16739358007907867,
                    -0.06445066630840302,
                    0.9837812185287476
                ]
            ],
            [
                [
                    0.9920246601104736,
                    0.11788545548915863,
                    0.044609930366277695
                ],
                [
                    -0.12247638404369354,
                    0.985162615776062,
                    0.12022584676742554
                ],
                [
                    -0.02977515570819378,
                    -0.1247306764125824,
                    0.991743803024292
                ]
            ],
            [
                [
                    0.9194846153259277,
                    0.05922175198793411,
                    0.3886397182941437
                ],
                [
                    -0.016953561455011368,
                    0.9936419129371643,
                    -0.11130277812480927
                ],
                [
                    -0.3927602469921112,
                    0.09575236588716507,
                    0.9146424531936646
                ]
            ],
            [
                [
                    0.8626093864440918,
                    -0.06777767837047577,
                    -0.5013095140457153
                ],
                [
                    0.11948264390230179,
                    0.9902429580688477,
                    0.0717131569981575
                ],
                [
                    0.49155765771865845,
                    -0.12175823003053665,
                    0.8622910976409912
                ]
            ],
            [
                [
                    0.8174108266830444,
                    -0.05825150012969971,
                    0.5731023550033569
                ],
                [
                    0.020867716521024704,
                    0.9972153902053833,
                    0.0715959295630455
                ],
                [
                    -0.5756770372390747,
                    -0.046563949435949326,
                    0.8163502216339111
                ]
            ],
            [
                [
                    0.968129575252533,
                    0.15140670537948608,
                    0.19950200617313385
                ],
                [
                    -0.1469797044992447,
                    0.988450825214386,
                    -0.03690534085035324
                ],
                [
                    -0.20278562605381012,
                    0.006406411062926054,
                    0.9792022109031677
                ]
            ],
            [
                [
                    0.7742441296577454,
                    0.5211336016654968,
                    -0.3591180741786957
                ],
                [
                    -0.45931029319763184,
                    0.8530542850494385,
                    0.24765393137931824
                ],
                [
                    0.4354080259799957,
                    -0.02679797075688839,
                    0.8998342752456665
                ]
            ],
            [
                [
                    0.4901854693889618,
                    -0.6727626323699951,
                    0.5541738271713257
                ],
                [
                    0.6164848804473877,
                    0.7170663475990295,
                    0.3252111077308655
                ],
                [
                    -0.616169273853302,
                    0.1822260171175003,
                    0.7662434577941895
                ]
            ],
            [
                [
                    0.6456157565116882,
                    -0.21299435198307037,
                    -0.7333577871322632
                ],
                [
                    0.17850568890571594,
                    0.9758042097091675,
                    -0.12626124918460846
                ],
                [
                    0.7425065636634827,
                    -0.04939230531454086,
                    0.6680153012275696
                ]
            ],
            [
                [
                    0.5955522060394287,
                    0.2401752471923828,
                    0.7665725350379944
                ],
                [
                    -0.2572796940803528,
                    0.9610214829444885,
                    -0.10121690481901169
                ],
                [
                    -0.7610024809837341,
                    -0.13694359362125397,
                    0.6341306567192078
                ]
            ],
            [
                [
                    0.9602550864219666,
                    -0.27905771136283875,
                    -0.0060751126147806644
                ],
                [
                    0.2737868130207062,
                    0.9459072947502136,
                    -0.1740695685148239
                ],
                [
                    0.05432194098830223,
                    0.16548791527748108,
                    0.9847146272659302
                ]
            ],
            [
                [
                    0.9707337021827698,
                    0.23743432760238647,
                    0.036069028079509735
                ],
                [
                    -0.2369682490825653,
                    0.9713729619979858,
                    -0.01675209403038025
                ],
                [
                    -0.03901400417089462,
                    0.007714609149843454,
                    0.9992088675498962
                ]
            ],
            [
                [
                    0.9844723343849182,
                    0.13890676200389862,
                    -0.10732754319906235
                ],
                [
                    -0.11499173939228058,
                    0.9722809195518494,
                    0.2035844773054123
                ],
                [
                    0.1326317936182022,
                    -0.18808148801326752,
                    0.9731568098068237
                ]
            ],
            [
                [
                    0.9798551201820374,
                    -0.18341568112373352,
                    0.07901101559400558
                ],
                [
                    0.16334064304828644,
                    0.9636613130569458,
                    0.211368590593338
                ],
                [
                    -0.11490817368030548,
                    -0.19420486688613892,
                    0.9742076992988586
                ]
            ]
        ],
        "betas": [
            0.11249706149101257,
            0.07133767008781433,
            -0.0841168761253357,
            0.19223766028881073,
            0.10612580180168152,
            0.01081918552517891,
            0.026509225368499756,
            -0.016174107789993286,
            0.057419553399086,
            0.02327418327331543
        ]
    },
    "pred_cam_t": [
        0.20795613527297974,
        0.4067072570323944,
        19.70528221130371
    ],
    "focal_length": [
        5000.0,
        5000.0
    ],
    "pred_keypoints_3d": [
        [
            -0.47518685460090637,
            -0.5413628816604614,
            0.05487796664237976
        ],
        [
            -0.2961355745792389,
            -0.5950050354003906,
            0.004535980522632599
        ],
        [
            -0.17026743292808533,
            -0.5930457711219788,
            0.14098091423511505
        ],
        [
            -0.11489181220531464,
            -0.371304988861084,
            0.2572942078113556
        ],
        [
            -0.2991219758987427,
            -0.2077402025461197,
            0.3316200375556946
        ],
        [
            -0.37078189849853516,
            -0.4635392129421234,
            -0.0880877673625946
        ],
        [
            -0.45100343227386475,
            -0.2138456106185913,
            -0.06699073314666748
        ],
        [
            -0.5479372143745422,
            -0.11693193018436432,
            0.14390583336353302
        ],
        [
            -0.002071049530059099,
            -0.2259833663702011,
            0.027360383421182632
        ],
        [
            0.06150847300887108,
            -0.18557500839233398,
            0.11122392117977142
        ],
        [
            -0.1337343454360962,
            -0.13188669085502625,
            0.4403364062309265
        ],
        [
            -0.0008330643177032471,
            0.18353185057640076,
            0.6526710987091064
        ],
        [
            -0.017032800242304802,
            -0.11228697746992111,
            0.028446996584534645
        ],
        [
            -0.2969791293144226,
            -0.05621054768562317,
            0.27684128284454346
        ],
        [
            -0.12088221311569214,
            0.1886073648929596,
            0.543370246887207
        ],
        [
            -0.4783567190170288,
            -0.5953114628791809,
            0.0849955826997757
        ],
        [
            -0.48928043246269226,
            -0.5882858037948608,
            0.01866411603987217
        ],
        [
            -0.3985069990158081,
            -0.6628153920173645,
            0.1120833232998848
        ],
        [
            -0.42668643593788147,
            -0.6474675536155701,
            -0.037779033184051514
        ],
        [
            -0.28095972537994385,
            0.21820157766342163,
            0.6648416519165039
        ],
        [
            -0.24994352459907532,
            0.27144259214401245,
            0.6107048988342285
        ],
        [
            -0.0576133131980896,
            0.21949899196624756,
            0.5382408499717712
        ],
        [
            -0.1562032699584961,
            0.17548757791519165,
            0.7779973745346069
        ],
        [
            -0.07628953456878662,
            0.14670312404632568,
            0.8036466836929321
        ],
        [
            0.05783775448799133,
            0.22857534885406494,
            0.6534878015518188
        ],
        [
            0.02045098878443241,
            0.13639797270298004,
            0.6204924583435059
        ],
        [
            -0.11527126282453537,
            -0.15352684259414673,
            0.3909960091114044
        ],
        [
            0.10628404468297958,
            -0.3240783214569092,
            0.08488769829273224
        ],
        [
            -0.0557224415242672,
            -0.14697211980819702,
            -0.1013638824224472
        ],
        [
            -0.28905579447746277,
            -0.06250303238630295,
            0.24352771043777466
        ],
        [
            -0.11491367220878601,
            0.17700089514255524,
            0.5023019313812256
        ],
        [
            -0.3102208077907562,
            -0.23657940328121185,
            0.31241708993911743
        ],
        [
            -0.13738109171390533,
            -0.39603590965270996,
            0.27549219131469727
        ],
        [
            -0.19627521932125092,
            -0.6026564836502075,
            0.1135258674621582
        ],
        [
            -0.3679020404815674,
            -0.4958345293998718,
            -0.09102806448936462
        ],
        [
            -0.48063018918037415,
            -0.25005459785461426,
            -0.05691223964095116
        ],
        [
            -0.5512715578079224,
            -0.1372721642255783,
            0.1425839066505432
        ],
        [
            -0.3033455014228821,
            -0.5880440473556519,
            0.011431194841861725
        ],
        [
            -0.46437591314315796,
            -0.6766732335090637,
            0.03829935938119888
        ],
        [
            0.026118623092770576,
            -0.23623037338256836,
            -0.00880381092429161
        ],
        [
            -0.27566561102867126,
            -0.5474369525909424,
            0.011820891872048378
        ],
        [
            -0.11857175827026367,
            -0.43690359592437744,
            -0.040152035653591156
        ],
        [
            -0.4032716751098633,
            -0.5797469615936279,
            0.03409763053059578
        ],
        [
            -0.4719107747077942,
            -0.6967243552207947,
            0.040552251040935516
        ]
    ],
    "pred_vertices": [
        [
            -0.5271018147468567,
            -0.6197878122329712,
            0.010824525728821754
        ],
        [
            -0.5193837285041809,
            -0.6059896945953369,
            0.01692768931388855
        ],
        [
            -0.513087809085846,
            -0.6095188856124878,
            0.00403677299618721
        ],
        [
            -0.5158208608627319,
            -0.6221708059310913,
            -0.002067282795906067
        ],
        [
            -0.5090218782424927,
            -0.5992092490196228,
            0.008683907799422741
        ],
        [
            -0.5130711197853088,
            -0.5958209037780762,
            0.019038839265704155
        ],
        [
            -0.502849817276001,
            -0.6118713617324829,
            -0.0050199273973703384
        ],
        [
            -0.5021912455558777,
            -0.6236213445663452,
            -0.011032692156732082
        ],
        [
            -0.4685247540473938,
            -0.5945556163787842,
            -0.013529244810342789
        ],
        [
            -0.4601678252220154,
            -0.5979998111724854,
            -0.019453508779406548
        ],
        [
            -0.4704313278198242,
            -0.6058420538902283,
            -0.018409840762615204
        ],
        [
            -0.4758985936641693,
            -0.6010160446166992,
            -0.011978229507803917
        ],
        [
            -0.4476180374622345,
            -0.5798666477203369,
            -0.014290153980255127
        ],
        [
            -0.44528424739837646,
            -0.5674059987068176,
            -0.007561642676591873
        ],
        [
            -0.4327942728996277,
            -0.5682103037834167,
            -0.01167364977300167
        ],
        [
            -0.4341331422328949,
            -0.5807230472564697,
            -0.017717450857162476
        ],
        [
            -0.4655812084674835,
            -0.5629411935806274,
            0.028723713010549545
        ],
        [
            -0.460901141166687,
            -0.5586865544319153,
            0.023063238710165024
        ],
        [
            -0.4658688008785248,
            -0.5635418891906738,
            0.019269028678536415
        ],
        [
            -0.4696192145347595,
            -0.5675013065338135,
            0.025600023567676544
        ],
        [
            -0.47574347257614136,
            -0.566332221031189,
            0.03899797052145004
        ],
        [
            -0.477651983499527,
            -0.5725301504135132,
            0.03748660534620285
        ],
        [
            -0.48349234461784363,
            -0.5715855360031128,
            0.04305977374315262
        ],
        [
            -0.48178642988204956,
            -0.5641863346099854,
            0.04382920637726784
        ],
        [
            -0.46122175455093384,
            -0.5592015981674194,
            0.03396797552704811
        ],
        [
            -0.455882728099823,
            -0.5553855895996094,
            0.028000153601169586
        ],
        [
            -0.46997472643852234,
            -0.566077470779419,
            0.03379683196544647
        ],
        [
            -0.46838241815567017,
            -0.5618545413017273,
            0.035909317433834076
        ],
        [
            -0.47059112787246704,
            -0.5504082441329956,
            0.040345802903175354
        ],
        [
            -0.4732509255409241,
            -0.5546659827232361,
            0.03873126208782196
        ],
        [
            -0.4786420464515686,
            -0.550316572189331,
            0.04284760355949402
        ],
        [
            -0.4736010730266571,
            -0.5471615791320801,
            0.043992407619953156
        ],
        [
            -0.46470531821250916,
            -0.5560095310211182,
            0.035704854875802994
        ],
        [
            -0.46874070167541504,
            -0.5561534762382507,
            0.03570316731929779
        ],
        [
            -0.46729129552841187,
            -0.552066445350647,
            0.03845326602458954
        ],
        [
            -0.463392972946167,
            -0.5527257323265076,
            0.03927351534366608
        ],
        [
            -0.4749475121498108,
            -0.5610894560813904,
            0.03970459848642349
        ],
        [
            -0.48071640729904175,
            -0.5574362277984619,
            0.043659619987010956
        ],
        [
            -0.4859861731529236,
            -0.5535550713539124,
            0.04866604134440422
        ],
        [
            -0.48210448026657104,
            -0.5456677079200745,
            0.048113346099853516
        ],
        [
            -0.44815322756767273,
            -0.5531691312789917,
            0.010930086486041546
        ],
        [
            -0.4557546377182007,
            -0.5549301505088806,
            0.01632215455174446
        ],
        [
            -0.4512743353843689,
            -0.5516489744186401,
            0.02152136340737343
        ],
        [
            -0.44591742753982544,
            -0.5495471954345703,
            0.016186153516173363
        ],
        [
            -0.4586119055747986,
            -0.5530784130096436,
            0.03745240718126297
        ],
        [
            -0.44693127274513245,
            -0.5422710180282593,
            0.033677440136671066
        ],
        [
            -0.4500528573989868,
            -0.544620156288147,
            0.03349260240793228
        ],
        [
            -0.4526245892047882,
            -0.5428286790847778,
            0.04010023921728134
        ],
        [
            -0.44959717988967896,
            -0.5407459139823914,
            0.0396510548889637
        ],
        [
            -0.43248286843299866,
            -0.5494356751441956,
            0.004246369935572147
        ],
        [
            -0.4337500333786011,
            -0.5455419421195984,
            0.010418283753097057
        ],
        [
            -0.42695409059524536,
            -0.5429297685623169,
            0.00954031478613615
        ],
        [
            -0.423938512802124,
            -0.5469264388084412,
            0.0041577378287911415
        ],
        [
            -0.4212939143180847,
            -0.540450930595398,
            0.012477273121476173
        ],
        [
            -0.4158027768135071,
            -0.5441644787788391,
            0.0053518470376729965
        ],
        [
            -0.40307945013046265,
            -0.5346550941467285,
            0.013909255154430866
        ],
        [
            -0.40879493951797485,
            -0.5390472412109375,
            0.009654244408011436
        ],
        [
            -0.4163484573364258,
            -0.5366016030311584,
            0.016484398394823074
        ],
        [
            -0.41330572962760925,
            -0.5312371253967285,
            0.022310834378004074
        ],
        [
            -0.42116430401802063,
            -0.5282174348831177,
            0.03431094065308571
        ],
        [
            -0.421204149723053,
            -0.5259623527526855,
            0.04060235992074013
        ],
        [
            -0.41059672832489014,
            -0.5190532207489014,
            0.035630542784929276
        ],
        [
            -0.41149407625198364,
            -0.5244757533073425,
            0.029666796326637268
        ],
        [
            -0.4392012357711792,
            -0.540918231010437,
            0.03345794603228569
        ],
        [
            -0.43801963329315186,
            -0.5425785779953003,
            0.02903619036078453
        ],
        [
            -0.44068455696105957,
            -0.5417492389678955,
            0.02901434525847435
        ],
        [
            -0.44308555126190186,
            -0.5404974222183228,
            0.03357833996415138
        ],
        [
            -0.4372830390930176,
            -0.5432114601135254,
            0.025063693523406982
        ],
        [
            -0.4368504285812378,
            -0.5434019565582275,
            0.02329699881374836
        ],
        [
            -0.43852102756500244,
            -0.5433857440948486,
            0.02365216426551342
        ],
        [
            -0.4386403262615204,
            -0.5428707003593445,
            0.024848973378539085
        ],
        [
            -0.4384799897670746,
            -0.5424702167510986,
            0.027048975229263306
        ],
        [
            -0.4370839297771454,
            -0.5411449670791626,
            0.028210017830133438
        ],
        [
            -0.43694281578063965,
            -0.5424654483795166,
            0.02615801990032196
        ],
        [
            -0.4377548098564148,
            -0.5388749837875366,
            0.032162632793188095
        ],
        [
            -0.4397052228450775,
            -0.5335870981216431,
            0.04585719108581543
        ],
        [
            -0.4392549395561218,
            -0.5339831113815308,
            0.041983455419540405
        ],
        [
            -0.44175076484680176,
            -0.5377655029296875,
            0.043359264731407166
        ],
        [
            -0.44244420528411865,
            -0.5378367900848389,
            0.0466260127723217
        ],
        [
            -0.44162267446517944,
            -0.5436499714851379,
            0.02517736330628395
        ],
        [
            -0.4420108199119568,
            -0.5450273752212524,
            0.023227529600262642
        ],
        [
            -0.4458126723766327,
            -0.5446915030479431,
            0.027570640668272972
        ],
        [
            -0.44314950704574585,
            -0.5434131026268005,
            0.028654569759964943
        ],
        [
            -0.44403383135795593,
            -0.5459564328193665,
            0.020270345732569695
        ],
        [
            -0.4395157992839813,
            -0.54454106092453,
            0.021322380751371384
        ],
        [
            -0.44020286202430725,
            -0.54591304063797,
            0.018239082768559456
        ],
        [
            -0.43550974130630493,
            -0.5423543453216553,
            0.023902807384729385
        ],
        [
            -0.433718740940094,
            -0.5421028733253479,
            0.020939446985721588
        ],
        [
            -0.4364141523838043,
            -0.54295814037323,
            0.02043887786567211
        ],
        [
            -0.4310847520828247,
            -0.5400651693344116,
            0.023220736533403397
        ],
        [
            -0.43421000242233276,
            -0.5407734513282776,
            0.02668512612581253
        ],
        [
            -0.43398863077163696,
            -0.5379601120948792,
            0.030652284622192383
        ],
        [
            -0.43438127636909485,
            -0.5346729159355164,
            0.035627663135528564
        ],
        [
            -0.4289456605911255,
            -0.5335554480552673,
            0.0327601283788681
        ],
        [
            -0.42950308322906494,
            -0.5369596481323242,
            0.027394549921154976
        ],
        [
            -0.44882380962371826,
            -0.5482401847839355,
            0.025372406467795372
        ],
        [
            -0.43526384234428406,
            -0.5438121557235718,
            0.0160053800791502
        ],
        [
            -0.4403831958770752,
            -0.5482608079910278,
            0.01296066865324974
        ],
        [
            -0.43092411756515503,
            -0.5415810346603394,
            0.016001611948013306
        ],
        [
            -0.4268670380115509,
            -0.5392279624938965,
            0.01823754422366619
        ],
        [
            -0.4232960343360901,
            -0.5368037223815918,
            0.023307058960199356
        ],
        [
            -0.4220871329307556,
            -0.5319585204124451,
            0.0283389650285244
        ],
        [
            -0.39599817991256714,
            -0.5216028690338135,
            0.03151845186948776
        ],
        [
            -0.3990215063095093,
            -0.5275371074676514,
            0.023773737251758575
        ],
        [
            -0.5049672722816467,
            -0.5927108526229858,
            0.020329248160123825
        ],
        [
            -0.503945529460907,
            -0.5933945178985596,
            0.011405889876186848
        ],
        [
            -0.49477294087409973,
            -0.5912002921104431,
            0.009720124304294586
        ],
        [
            -0.4963017702102661,
            -0.5923426747322083,
            0.008325709030032158
        ],
        [
            -0.4992431700229645,
            -0.5921085476875305,
            0.013867305591702461
        ],
        [
            -0.4964641034603119,
            -0.5903540253639221,
            0.01405202504247427
        ],
        [
            -0.48082056641578674,
            -0.5975953936576843,
            -0.005569538101553917
        ],
        [
            -0.48465853929519653,
            -0.5953184366226196,
            -0.0004046782851219177
        ],
        [
            -0.48020702600479126,
            -0.5944743156433105,
            -0.0004477892071008682
        ],
        [
            -0.4749109745025635,
            -0.5940072536468506,
            -0.006985925137996674
        ],
        [
            -0.47791069746017456,
            -0.5850555896759033,
            0.007423684932291508
        ],
        [
            -0.4771154820919037,
            -0.5881640911102295,
            0.0031773727387189865
        ],
        [
            -0.4842853546142578,
            -0.589968740940094,
            0.006831991486251354
        ],
        [
            -0.48469462990760803,
            -0.5878564715385437,
            0.010094055905938148
        ],
        [
            -0.48514872789382935,
            -0.5865200161933899,
            0.013943566009402275
        ],
        [
            -0.4848839342594147,
            -0.5864245891571045,
            0.01852506585419178
        ],
        [
            -0.4808421730995178,
            -0.5831378102302551,
            0.0176570862531662
        ],
        [
            -0.4796103835105896,
            -0.5834606885910034,
            0.012502003461122513
        ],
        [
            -0.5003756284713745,
            -0.5923653841018677,
            0.020180506631731987
        ],
        [
            -0.49815768003463745,
            -0.5926258563995361,
            0.027591001242399216
        ],
        [
            -0.4959597587585449,
            -0.5910245180130005,
            0.02568850666284561
        ],
        [
            -0.49763092398643494,
            -0.5902076959609985,
            0.019723720848560333
        ],
        [
            -0.48604077100753784,
            -0.5915927886962891,
            0.03472934663295746
        ],
        [
            -0.4888089597225189,
            -0.5921533107757568,
            0.0338006354868412
        ],
        [
            -0.490354984998703,
            -0.5922157168388367,
            0.03746258467435837
        ],
        [
            -0.48610132932662964,
            -0.5902476906776428,
            0.038024768233299255
        ],
        [
            -0.4842638373374939,
            -0.588087260723114,
            0.03546769171953201
        ],
        [
            -0.48529088497161865,
            -0.5900241136550903,
            0.03324399143457413
        ],
        [
            -0.5409366488456726,
            -0.634332001209259,
            0.02081964537501335
        ],
        [
            -0.5334246754646301,
            -0.6187152862548828,
            0.02587846666574478
        ],
        [
            -0.530348539352417,
            -0.6384866237640381,
            0.003964622505009174
        ],
        [
            -0.5161588191986084,
            -0.6399841904640198,
            -0.008039399050176144
        ],
        [
            -0.5007303953170776,
            -0.6375813484191895,
            -0.017284389585256577
        ],
        [
            -0.4323538541793823,
            -0.5571781992912292,
            -0.003786316141486168
        ],
        [
            -0.42185306549072266,
            -0.556283712387085,
            -0.0055862907320261
        ],
        [
            -0.4207112789154053,
            -0.5699924826622009,
            -0.015019742771983147
        ],
        [
            -0.4100244641304016,
            -0.5663664937019348,
            -0.014045550487935543
        ],
        [
            -0.41152602434158325,
            -0.5524486303329468,
            -0.004113536328077316
        ],
        [
            -0.3933834433555603,
            -0.5416232347488403,
            0.008779176510870457
        ],
        [
            -0.40206027030944824,
            -0.546747088432312,
            0.0005777860060334206
        ],
        [
            -0.3988669514656067,
            -0.5626872181892395,
            -0.010907215997576714
        ],
        [
            -0.3997611105442047,
            -0.5818014144897461,
            -0.021645091474056244
        ],
        [
            -0.4099561274051666,
            -0.5824488997459412,
            -0.02153109759092331
        ],
        [
            -0.40409889817237854,
            -0.6015600562095642,
            -0.026937488466501236
        ],
        [
            -0.3868206739425659,
            -0.5847747325897217,
            -0.01843227446079254
        ],
        [
            -0.3979373872280121,
            -0.607798159122467,
            -0.025058241561055183
        ],
        [
            -0.36436575651168823,
            -0.5593620538711548,
            -0.0003542844206094742
        ],
        [
            -0.3565003275871277,
            -0.5548920631408691,
            -0.002797352150082588
        ],
        [
            -0.3582976460456848,
            -0.5667861104011536,
            -0.01827745884656906
        ],
        [
            -0.365166038274765,
            -0.5718899369239807,
            -0.015336302109062672
        ],
        [
            -0.42117416858673096,
            -0.5816287994384766,
            -0.021118292585015297
        ],
        [
            -0.4746639132499695,
            -0.617481529712677,
            -0.02114817127585411
        ],
        [
            -0.48089295625686646,
            -0.610190749168396,
            -0.015809427946805954
        ],
        [
            -0.46227431297302246,
            -0.6125940680503845,
            -0.023779969662427902
        ],
        [
            -0.5075989365577698,
            -0.6709670424461365,
            -0.022564072161912918
        ],
        [
            -0.5145858526229858,
            -0.6556474566459656,
            -0.015054157935082912
        ],
        [
            -0.49942561984062195,
            -0.650952160358429,
            -0.02359316125512123
        ],
        [
            -0.4952278137207031,
            -0.6660587787628174,
            -0.029586752876639366
        ],
        [
            -0.5366828441619873,
            -0.6887061595916748,
            0.006727568805217743
        ],
        [
            -0.5425414443016052,
            -0.6613069772720337,
            0.01207880862057209
        ],
        [
            -0.5306419134140015,
            -0.6596449613571167,
            -0.0008286070078611374
        ],
        [
            -0.5252846479415894,
            -0.6808156371116638,
            -0.00741942785680294
        ],
        [
            -0.4872896373271942,
            -0.6762533187866211,
            -0.033159129321575165
        ],
        [
            -0.47709375619888306,
            -0.6912354230880737,
            -0.03642147034406662
        ],
        [
            -0.4842132329940796,
            -0.7061629295349121,
            -0.03266264125704765
        ],
        [
            -0.4989446997642517,
            -0.6899157762527466,
            -0.028111442923545837
        ],
        [
            -0.4940713346004486,
            -0.7249470949172974,
            -0.02129356376826763
        ],
        [
            -0.5118973255157471,
            -0.7056819200515747,
            -0.015604865737259388
        ],
        [
            -0.38258230686187744,
            -0.6066946983337402,
            -0.02341647446155548
        ],
        [
            -0.39401352405548096,
            -0.6219048500061035,
            -0.025368627160787582
        ],
        [
            -0.37498748302459717,
            -0.5769138336181641,
            -0.012597646564245224
        ],
        [
            -0.3728176951408386,
            -0.5941476821899414,
            -0.022767817601561546
        ],
        [
            -0.5004017353057861,
            -0.7397814393043518,
            -0.004196059890091419
        ],
        [
            -0.5221068263053894,
            -0.7178022861480713,
            0.0023527098819613457
        ],
        [
            -0.4288177788257599,
            -0.7156823873519897,
            -0.03491910919547081
        ],
        [
            -0.44748184084892273,
            -0.7199467420578003,
            -0.03528990224003792
        ],
        [
            -0.44813236594200134,
            -0.6997644305229187,
            -0.03963196650147438
        ],
        [
            -0.4308904707431793,
            -0.6978893280029297,
