{
    "pred_cam": [
        2.1103076934814453,
        0.21120207011699677,
        0.41164931654930115
    ],
    "pred_smpl_params": {
        "global_orient": [
            [
                [
                    -0.44743746519088745,
                    -0.2498633861541748,
                    -0.8587013483047485
                ],
                [
                    0.4919014573097229,
                    -0.8706458210945129,
                    -0.002972653601318598
                ],
                [
                    -0.7468819618225098,
                    -0.42372649908065796,
                    0.5124677419662476
                ]
            ]
        ],
        "body_pose": [
            [
                [
                    0.9995234608650208,
                    0.003034688765183091,
                    -0.03071906976401806
                ],
                [
                    0.02401890605688095,
                    0.5486371517181396,
                    0.8357155323028564
                ],
                [
                    0.01938975788652897,
                    -0.8360550999641418,
                    0.5483028292655945
                ]
            ],
            [
                [
                    0.9846925139427185,
                    0.10794498771429062,
                    0.13685250282287598
                ],
                [
                    -0.17415092885494232,
                    0.5767595767974854,
                    0.7981352210044861
                ],
                [
                    0.007223713677376509,
                    -0.8097507357597351,
                    0.5867295861244202
                ]
            ],
            [
                [
                    0.9988403916358948,
                    0.007189884781837463,
                    0.047604531049728394
                ],
                [
                    0.025385046377778053,
                    0.7615190744400024,
                    -0.6476451754570007
                ],
                [
                    -0.04090825468301773,
                    0.6481025815010071,
                    0.7604535222053528
                ]
            ],
            [
                [
                    0.9679988622665405,
                    0.25091302394866943,
                    0.004561781883239746
                ],
                [
                    -0.09027670323848724,
                    0.3651248812675476,
                    -0.9265710115432739
                ],
                [
                    -0.23415429890155792,
                    0.8965079188346863,
                    0.3760920763015747
                ]
            ],
            [
                [
                    0.9928494095802307,
                    -0.10348783433437347,
                    0.059499748051166534
                ],
                [
                    0.10169881582260132,
                    0.4722892642021179,
                    -0.8755571842193604
                ],
                [
                    0.06250843405723572,
                    0.8753475546836853,
                    0.4794366955757141
                ]
            ],
            [
                [
                    0.9987540245056152,
                    -0.03274371847510338,
                    0.03766133636236191
                ],
                [
                    0.03191806375980377,
                    0.999241292476654,
                    0.022319437935948372
                ],
                [
                    -0.03836357966065407,
                    -0.021089548245072365,
                    0.9990413784980774
                ]
            ],
            [
                [
                    0.9853918552398682,
                    -0.021659869700670242,
                    0.16891926527023315
                ],
                [
                    0.007303324528038502,
                    0.9963411688804626,
                    0.08515294641256332
                ],
                [
                    -0.17014561593532562,
                    -0.08267534524202347,
                    0.9819446802139282
                ]
            ],
            [
                [
                    0.9898242950439453,
                    -0.02176761068403721,
                    -0.14062024652957916
                ],
                [
                    0.03479265049099922,
                    0.9952573180198669,
                    0.09084208309650421
                ],
                [
                    0.13797591626644135,
                    -0.09481024742126465,
                    0.9858872294425964
                ]
            ],
            [
                [
                    0.9996500015258789,
                    -0.006364007946103811,
                    0.025679640471935272
                ],
                [
                    0.008271628990769386,
                    0.9971585273742676,
                    -0.07487684488296509
                ],
                [
                    -0.025130152702331543,
                    0.07506304234266281,
                    0.9968621730804443
                ]
            ],
            [
                [
                    0.9874627590179443,
                    -0.08991672098636627,
                    0.12973923981189728
                ],
                [
                    0.07641853392124176,
                    0.9914766550064087,
                    0.1055184006690979
                ],
                [
                    -0.13812130689620972,
                    -0.09428101032972336,
                    0.9859175682067871
                ]
            ],
            [
                [
                    0.9921107292175293,
                    0.12522418797016144,
                    0.005931637715548277
                ],
                [
                    -0.12491828948259354,
                    0.9834827780723572,
                    0.1309851109981537
                ],
                [
                    0.010568839497864246,
                    -0.13069270551204681,
                    0.9913666248321533
                ]
            ],
            [
                [
                    0.967759370803833,
                    -0.0034787876065820456,
                    0.25185248255729675
                ],
                [
                    0.011560854502022266,
                    0.9994643330574036,
                    -0.03061792254447937
                ],
                [
                    -0.25161102414131165,
                    0.03254241123795509,
                    0.9672811627388
                ]
            ],
            [
                [
                    0.8804658055305481,
                    0.06071862578392029,
                    -0.47020551562309265
                ],
                [
                    -0.025763211771845818,
                    0.9964273571968079,
                    0.08042880892753601
                ],
                [
                    0.47340914607048035,
                    -0.0587008073925972,
                    0.878884494304657
                ]
            ],
            [
                [
                    0.8478268980979919,
                    -0.12825188040733337,
                    0.5145300030708313
                ],
                [
                    0.10586985945701599,
                    0.9917154908180237,
                    0.07274612039327621
                ],
                [
                    -0.5195971727371216,
                    -0.007202893495559692,
                    0.8543810844421387
                ]
            ],
            [
                [
                    0.9873125553131104,
                    0.10644056648015976,
                    0.11783208698034286
                ],
                [
                    -0.09220220148563385,
                    0.9884435534477234,
                    -0.12032466381788254
                ],
                [
                    -0.1292777955532074,
                    0.1079336628317833,
                    0.9857167601585388
                ]
            ],
            [
                [
                    0.6699906587600708,
                    0.6003913879394531,
                    -0.43662649393081665
                ],
                [
                    -0.581024169921875,
                    0.7901830673217773,
                    0.19499139487743378
                ],
                [
                    0.4620860517024994,
                    0.12304811179637909,
                    0.878257155418396
                ]
            ],
            [
                [
                    0.49807220697402954,
                    -0.716641366481781,
                    0.4882102310657501
                ],
                [
                    0.6973510980606079,
                    0.6656655669212341,
                    0.2656893730163574
                ],
                [
                    -0.5153887271881104,
                    0.2081214338541031,
                    0.8313001394271851
                ]
            ],
            [
                [
                    0.431684672832489,
                    -0.2773021459579468,
                    -0.8583425283432007
                ],
                [
                    0.17331083118915558,
                    0.9593421816825867,
                    -0.2227688878774643
                ],
                [
                    0.8852184414863586,
                    -0.0525941364467144,
                    0.4621927738189697
                ]
            ],
            [
                [
                    0.4966970384120941,
                    0.2794230282306671,
                    0.8217145204544067
                ],
                [
                    -0.27490106225013733,
                    0.9486627578735352,
                    -0.15642374753952026
                ],
                [
                    -0.8232383728027344,
                    -0.14819498360157013,
                    0.5480116605758667
                ]
            ],
            [
                [
                    0.9656281471252441,
                    -0.2595836818218231,
                    -0.013366621918976307
                ],
                [
                    0.25683796405792236,
                    0.9607929587364197,
                    -0.10445668548345566
                ],
                [
                    0.03995780646800995,
                    0.09743325412273407,
                    0.9944396615028381
                ]
            ],
            [
                [
                    0.9711161851882935,
                    0.23517058789730072,
                    0.04035063087940216
                ],
                [
                    -0.23394307494163513,
                    0.9716933369636536,
                    -0.03290623798966408
                ],
                [
                    -0.04694700986146927,
                    0.022516028955578804,
                    0.9986436367034912
                ]
            ],
            [
                [
                    0.9821391701698303,
                    0.15478074550628662,
                    -0.10698437690734863
                ],
                [
                    -0.13585074245929718,
                    0.9767307639122009,
                    0.16595681011676788
                ],
                [
                    0.13018183410167694,
                    -0.14845876395702362,
                    0.9803126454353333
                ]
            ],
            [
                [
                    0.9772537350654602,
                    -0.19669461250305176,
                    0.07928600907325745
                ],
                [
                    0.17918702960014343,
                    0.9658041000366211,
                    0.18738825619220734
                ],
                [
                    -0.11343302577733994,
                    -0.16891887784004211,
                    0.9790807962417603
                ]
            ]
        ],
        "betas": [
            0.10355094075202942,
            0.23603206872940063,
            -0.04631918668746948,
            0.09062907099723816,
            0.10488742589950562,
            -0.010380160063505173,
            -0.028764188289642334,
            0.039065927267074585,
            0.08734574168920517,
            -0.007494032382965088
        ]
    },
    "pred_cam_t": [
        0.21120207011699677,
        0.41164931654930115,
        18.510334014892578
    ],
    "focal_length": [
        5000.0,
        5000.0
    ],
    "pred_keypoints_3d": [
        [
            -0.48721715807914734,
            -0.544876217842102,
            0.018842380493879318
        ],
        [
            -0.30639463663101196,
            -0.5949727892875671,
            -0.02603401057422161
        ],
        [
            -0.20277991890907288,
            -0.586146354675293,
            0.13285671174526215
        ],
        [
            -0.12321717292070389,
            -0.36391526460647583,
            0.23490141332149506
        ],
        [
            -0.3095610439777374,
            -0.19072988629341125,
            0.2773963510990143
        ],
        [
            -0.34676507115364075,
            -0.45830944180488586,
            -0.1433742493391037
        ],
        [
            -0.35335901379585266,
            -0.1945796012878418,
            -0.13523420691490173
        ],
        [
            -0.45073533058166504,
            -0.12256520241498947,
            0.08550284802913666
        ],
        [
            -0.0019728033803403378,
            -0.2243204116821289,
            0.026464086025953293
        ],
        [
            0.05497593805193901,
            -0.17832013964653015,
            0.11183063685894012
        ],
        [
            -0.11721885204315186,
            -0.02565664052963257,
            0.42459988594055176
        ],
        [
            0.06790857017040253,
            0.3105100691318512,
            0.5522729754447937
        ],
        [
            -0.003173713106662035,
            -0.11102720350027084,
            0.010139934718608856
        ],
        [
            -0.23701567947864532,
            0.08769222348928452,
            0.2351190149784088
        ],
        [
            0.004235193133354187,
            0.3614053726196289,
            0.40908703207969666
        ],
        [
            -0.492925763130188,
            -0.6007004976272583,
            0.04418279230594635
        ],
        [
            -0.5029888153076172,
            -0.5880563259124756,
            -0.021238800138235092
        ],
        [
            -0.41698765754699707,
            -0.6719746589660645,
            0.06472259014844894
        ],
        [
            -0.44174617528915405,
            -0.6442567110061646,
            -0.08125269412994385
        ],
        [
            -0.14392349123954773,
            0.4440839886665344,
            0.5181682109832764
        ],
        [
            -0.10964944958686829,
            0.4778367280960083,
            0.4514712393283844
        ],
        [
            0.0697300136089325,
            0.37860143184661865,
            0.3934870958328247
        ],
        [
            -0.07996898889541626,
            0.3535045087337494,
            0.6803146004676819
        ],
        [
            -0.003204852342605591,
            0.32095444202423096,
            0.708100438117981
        ],
        [
            0.13185149431228638,
            0.3452502489089966,
            0.5411354303359985
        ],
        [
            0.08051347732543945,
            0.25451236963272095,
            0.5316752195358276
        ],
        [
            -0.10451016575098038,
            -0.06025518476963043,
            0.3809652626514435
        ],
        [
            0.08124015480279922,
            -0.3227122128009796,
            0.11025144159793854
        ],
        [
            -0.03507077693939209,
            -0.16257067024707794,
            -0.11419233679771423
        ],
        [
            -0.23194512724876404,
            0.06939725577831268,
            0.20414452254772186
        ],
        [
            0.004117376171052456,
            0.33642590045928955,
            0.37283608317375183
        ],
        [
            -0.31807875633239746,
            -0.22091367840766907,
            0.258158802986145
        ],
        [
            -0.15127664804458618,
            -0.3855287432670593,
            0.25363677740097046
        ],
        [
            -0.22478029131889343,
            -0.5983238220214844,
            0.10126058012247086
        ],
        [
            -0.34649020433425903,
            -0.4923362731933594,
            -0.1398008018732071
        ],
        [
            -0.39336222410202026,
            -0.22348728775978088,
            -0.130840003490448
        ],
        [
            -0.4562550187110901,
            -0.1417693793773651,
            0.0782126635313034
        ],
        [
            -0.31419268250465393,
            -0.5849055051803589,
            -0.020498573780059814
        ],
        [
            -0.4814692735671997,
            -0.6779602766036987,
            -0.008918842300772667
        ],
        [
            0.023488357663154602,
            -0.24346548318862915,
            -0.0022737975232303143
        ],
        [
            -0.2808864116668701,
            -0.5437372922897339,
            -0.01761612668633461
        ],
        [
            -0.11939847469329834,
            -0.4417954981327057,
            -0.0407622791826725
        ],
        [
            -0.4177577793598175,
            -0.5829330682754517,
            -0.0044024791568517685
        ],
        [
            -0.48972392082214355,
            -0.6974486112594604,
            -0.007566267624497414
        ]
    ],
    "pred_vertices": [
        [
            -0.541852593421936,
            -0.6168344020843506,
            -0.03172746300697327
        ],
        [
            -0.5337956547737122,
            -0.6039586067199707,
            -0.02447911724448204
        ],
        [
            -0.5275332927703857,
            -0.6065701246261597,
            -0.03750427067279816
        ],
        [
            -0.5304664373397827,
            -0.618816077709198,
            -0.04478629305958748
        ],
        [
            -0.5231788754463196,
            -0.5968813300132751,
            -0.032044991850852966
        ],
        [
            -0.5270361304283142,
            -0.5944907665252686,
            -0.021289020776748657
        ],
        [
            -0.5172485709190369,
            -0.6086522936820984,
            -0.0466032549738884
        ],
        [
            -0.5168191194534302,
            -0.619937539100647,
            -0.05370713025331497
        ],
        [
            -0.4821906089782715,
            -0.5923236012458801,
            -0.05389157682657242
        ],
        [
            -0.47364985942840576,
            -0.5956071019172668,
            -0.05991891771554947
        ],
        [
            -0.4844819903373718,
            -0.6028886437416077,
            -0.059361331164836884
        ],
        [
            -0.48995259404182434,
            -0.5983826518058777,
            -0.052583999931812286
        ],
        [
            -0.4605097770690918,
            -0.5785143375396729,
            -0.05299093574285507
        ],
        [
            -0.45779234170913696,
            -0.5669422149658203,
            -0.04532564431428909
        ],
        [
            -0.44519340991973877,
            -0.5678806900978088,
            -0.0494176410138607
        ],
        [
            -0.4469466805458069,
            -0.579628586769104,
            -0.05649634450674057
        ],
        [
            -0.4784490466117859,
            -0.5645362734794617,
            -0.009086629375815392
        ],
        [
            -0.47356122732162476,
            -0.5600185394287109,
            -0.01440957747399807
        ],
        [
            -0.4786330461502075,
            -0.5643578767776489,
            -0.018529260531067848
        ],
        [
            -0.48263120651245117,
            -0.5686558485031128,
            -0.012530200183391571
        ],
        [
            -0.48886919021606445,
            -0.5682987570762634,
            0.0010014055296778679
        ],
        [
            -0.4910150468349457,
            -0.5742696523666382,
            -0.0009065084159374237
        ],
        [
            -0.4968264102935791,
            -0.5735700726509094,
            0.004693892784416676
        ],
        [
            -0.4948357045650482,
            -0.566317081451416,
            0.006003158632665873
        ],
        [
            -0.47398442029953003,
            -0.561503529548645,
            -0.0036351457238197327
        ],
        [
            -0.46850618720054626,
            -0.5573994517326355,
            -0.009359668008983135
        ],
        [
            -0.48305588960647583,
            -0.5678821802139282,
            -0.004290823824703693
        ],
        [
            -0.48127254843711853,
            -0.563950777053833,
            -0.0017722751945257187
        ],
        [
            -0.4830002188682556,
            -0.5528014898300171,
            0.003501488361507654
        ],
        [
            -0.48581886291503906,
            -0.5567728877067566,
            0.0015889247879385948
        ],
        [
            -0.49092480540275574,
            -0.5527099370956421,
            0.0061014676466584206
        ],
        [
            -0.48585987091064453,
            -0.5498207807540894,
            0.0074206748977303505
        ],
        [
            -0.4771661162376404,
            -0.5584912896156311,
            -0.001469870563596487
        ],
        [
            -0.4812072813510895,
            -0.5584016442298889,
            -0.001454757060855627
        ],
        [
            -0.4795955419540405,
            -0.5546231269836426,
            0.001563656609505415
        ],
        [
            -0.4757378101348877,
            -0.5556011199951172,
            0.002287512179464102
        ],
        [
            -0.4876815676689148,
            -0.5633519887924194,
            0.002140483818948269
        ],
        [
            -0.49331313371658325,
            -0.5597736835479736,
            0.006384748965501785
        ],
        [
            -0.49847543239593506,
            -0.5560791492462158,
            0.011661166325211525
        ],
        [
            -0.4943205416202545,
            -0.5483173727989197,
            0.011742662638425827
        ],
        [
            -0.4603826403617859,
            -0.5542280673980713,
            -0.026015713810920715
        ],
        [
            -0.46799737215042114,
            -0.5562008619308472,
            -0.020770590752363205
        ],
        [
            -0.4635789096355438,
            -0.5534792542457581,
            -0.015404950827360153
        ],
        [
            -0.458061546087265,
            -0.5512344241142273,
            -0.020513812080025673
        ],
        [
            -0.4710582494735718,
            -0.5559645295143127,
            0.0004737433046102524
        ],
        [
            -0.4590311348438263,
            -0.5454146862030029,
            -0.0025266623124480247
        ],
        [
            -0.4622240960597992,
            -0.5475646257400513,
            -0.0028796903789043427
        ],
        [
            -0.46473225951194763,
            -0.5462334752082825,
            0.0038069316651672125
        ],
        [
            -0.46167102456092834,
            -0.5442602634429932,
            0.003486411878839135
        ],
        [
            -0.44440609216690063,
            -0.5506478548049927,
            -0.032238394021987915
        ],
        [
            -0.4456474184989929,
            -0.5472900867462158,
            -0.025870895013213158
        ],
        [
            -0.4386993646621704,
            -0.5448601245880127,
            -0.02655269019305706
        ],
        [
            -0.4357041120529175,
            -0.5484045743942261,
            -0.03223263472318649
        ],
        [
            -0.43314918875694275,
            -0.5426493287086487,
            -0.02361174486577511
        ],
        [
            -0.42747339606285095,
            -0.5460660457611084,
            -0.030876310542225838
        ],
        [
            -0.4147809147834778,
            -0.5378319621086121,
            -0.02171478606760502
        ],
        [
            -0.4204554855823517,
            -0.5416311025619507,
            -0.02629532665014267
        ],
        [
            -0.4282582998275757,
            -0.5392794609069824,
            -0.01944783143699169
        ],
        [
            -0.42523205280303955,
            -0.5345093011856079,
            -0.013342591002583504
        ],
        [
            -0.43282824754714966,
            -0.5327146053314209,
            -0.001033959910273552
        ],
        [
            -0.43283018469810486,
            -0.5309954881668091,
            0.0052888039499521255
        ],
        [
            -0.42215418815612793,
            -0.5241236686706543,
            0.0009005311876535416
        ],
        [
            -0.42331117391586304,
            -0.5285364389419556,
            -0.005555105395615101
        ],
        [
            -0.4513375759124756,
            -0.5443393588066101,
            -0.0028665941208601
        ],
        [
            -0.45013779401779175,
            -0.545764684677124,
            -0.007323852740228176
        ],
        [
            -0.45275017619132996,
            -0.5448652505874634,
            -0.007262970320880413
        ],
        [
            -0.45515722036361694,
            -0.5438369512557983,
            -0.002671494148671627
        ],
        [
            -0.44929391145706177,
            -0.546227753162384,
            -0.011239990592002869
        ],
        [
            -0.4488150477409363,
            -0.5463153123855591,
            -0.012994099408388138
        ],
        [
            -0.45051342248916626,
            -0.5462548732757568,
            -0.012632319703698158
        ],
        [
            -0.4504547715187073,
            -0.5460425615310669,
            -0.011418310925364494
        ],
        [
            -0.45034095644950867,
            -0.5457558631896973,
            -0.009254195727407932
        ],
        [
            -0.4489455223083496,
            -0.5444985032081604,
            -0.008062767796218395
        ],
        [
            -0.44893133640289307,
            -0.5455461144447327,
            -0.010169737040996552
        ],
        [
            -0.4496018886566162,
            -0.5424668788909912,
            -0.0040184371173381805
        ],
        [
            -0.4515305161476135,
            -0.5380834341049194,
            0.010024702176451683
        ],
        [
            -0.4511098265647888,
            -0.5382069945335388,
            0.006001440808176994
        ],
        [
            -0.4537644386291504,
            -0.5419341325759888,
            0.007106947246938944
        ],
        [
            -0.4544697403907776,
            -0.5421870946884155,
            0.010534700006246567
        ],
        [
            -0.4534410834312439,
            -0.5467141270637512,
            -0.010995106771588326
        ],
        [
            -0.45409706234931946,
            -0.547569215297699,
            -0.0132099948823452
        ],
        [
            -0.4579429626464844,
            -0.5473676323890686,
            -0.008900419808924198
        ],
        [
            -0.4552609622478485,
            -0.5462981462478638,
            -0.007767734117805958
        ],
        [
            -0.45601019263267517,
            -0.5482567548751831,
            -0.01619146578013897
        ],
        [
            -0.45145973563194275,
            -0.5471532344818115,
            -0.01499779149889946
        ],
        [
            -0.4522002041339874,
            -0.5481412410736084,
            -0.018046120181679726
        ],
        [
            -0.4474422037601471,
            -0.5453428626060486,
            -0.012352831661701202
        ],
        [
            -0.44557783007621765,
            -0.5449174642562866,
            -0.015228889882564545
        ],
        [
            -0.4482976198196411,
            -0.5456539988517761,
            -0.015760265290737152
        ],
        [
            -0.4429616332054138,
            -0.5431015491485596,
            -0.012907156720757484
        ],
        [
            -0.44621512293815613,
            -0.5439388751983643,
            -0.009544680826365948
        ],
        [
            -0.44598427414894104,
            -0.5413858294487,
            -0.005458434112370014
        ],
        [
            -0.4463033676147461,
            -0.5385326147079468,
            -0.0002871421165764332
        ],
        [
            -0.4408031105995178,
            -0.5374225378036499,
            -0.0030321599915623665
        ],
        [
            -0.4414130449295044,
            -0.5403264164924622,
            -0.008593886159360409
        ],
        [
            -0.46103033423423767,
            -0.5505695343017578,
            -0.011203931644558907
        ],
        [
            -0.4471190273761749,
            -0.5461328625679016,
            -0.02019982784986496
        ],
        [
            -0.4524335563182831,
            -0.5499850511550903,
            -0.023603003472089767
        ],
        [
            -0.4426833689212799,
            -0.5440740585327148,
            -0.02005339413881302
        ],
        [
            -0.4386332333087921,
            -0.5419934988021851,
            -0.017742926254868507
        ],
        [
            -0.43535658717155457,
            -0.5397540926933289,
            -0.012683255597949028
        ],
        [
            -0.433876097202301,
            -0.5357607007026672,
            -0.007216261699795723
        ],
        [
            -0.4080045223236084,
            -0.526623547077179,
            -0.0032771234400570393
        ],
        [
            -0.4110465347766876,
            -0.5314162969589233,
            -0.011559808626770973
        ],
        [
            -0.518834114074707,
            -0.591931164264679,
            -0.01982983388006687
        ],
        [
            -0.5177409648895264,
            -0.5919420719146729,
            -0.028754010796546936
        ],
        [
            -0.5084642767906189,
            -0.5901421904563904,
            -0.030175108462572098
        ],
        [
            -0.5101111531257629,
            -0.5909863710403442,
            -0.03191320598125458
        ],
        [
            -0.5130037665367126,
            -0.5910851359367371,
            -0.026147549971938133
        ],
        [
            -0.5101636052131653,
            -0.5894966721534729,
            -0.025828076526522636
        ],
        [
            -0.4946357011795044,
            -0.5956113934516907,
            -0.046016693115234375
        ],
        [
            -0.4984133243560791,
            -0.5937191247940063,
            -0.040641024708747864
        ],
        [
            -0.4941111207008362,
            -0.5928859114646912,
            -0.040646471083164215
        ],
        [
            -0.4887208044528961,
            -0.5920349955558777,
            -0.047127678990364075
        ],
        [
            -0.49148398637771606,
            -0.5843068361282349,
            -0.031917039304971695
        ],
        [
            -0.49086254835128784,
            -0.5869698524475098,
            -0.03650583326816559
        ],
        [
            -0.4978700876235962,
            -0.5890753269195557,
            -0.03296831250190735
        ],
        [
            -0.4982340335845947,
            -0.5872232913970947,
            -0.02954087220132351
        ],
        [
            -0.49869319796562195,
            -0.5861512422561646,
            -0.02556529827415943
        ],
        [
            -0.49866628646850586,
            -0.5861965417861938,
            -0.02097959630191326
        ],
        [
            -0.494337797164917,
            -0.5832007527351379,
            -0.02149040251970291
        ],
        [
            -0.493048757314682,
            -0.58317631483078,
            -0.026687389239668846
        ],
        [
            -0.5140798091888428,
            -0.5918735861778259,
            -0.019864164292812347
        ],
        [
            -0.5121288299560547,
            -0.5926834344863892,
            -0.012494408525526524
        ],
        [
            -0.509709894657135,
            -0.5911022424697876,
            -0.014204684644937515
        ],
        [
            -0.5112534761428833,
            -0.5898374319076538,
            -0.020124224945902824
        ],
        [
            -0.5000306367874146,
            -0.5927212238311768,
            -0.005020717158913612
        ],
        [
            -0.5028203725814819,
            -0.5930911302566528,
            -0.006040092557668686
        ],
        [
            -0.5043707489967346,
            -0.5934574604034424,
            -0.002391872927546501
        ],
        [
            -0.5000637173652649,
            -0.591667890548706,
            -0.0016182158142328262
        ],
        [
            -0.4980396330356598,
            -0.5894702672958374,
            -0.003913492430001497
        ],
        [
            -0.4991319179534912,
            -0.5911546349525452,
            -0.006284419447183609
        ],
        [
            -0.5562138557434082,
            -0.6318433880805969,
            -0.023264173418283463
        ],
        [
            -0.5484902858734131,
            -0.616634726524353,
            -0.016733555123209953
        ],
        [
            -0.5454613566398621,
            -0.6349966526031494,
            -0.040270622819662094
        ],
        [
            -0.5312402248382568,
            -0.6359255313873291,
            -0.05207371339201927
        ],
        [
            -0.5156984925270081,
            -0.6332078576087952,
            -0.06108000501990318
        ],
        [
            -0.44437599182128906,
            -0.5577061176300049,
            -0.040688954293727875
        ],
        [
            -0.43377721309661865,
            -0.5569086670875549,
            -0.042492061853408813
        ],
        [
            -0.4330074191093445,
            -0.5696682333946228,
            -0.052750974893569946
        ],
        [
            -0.42201706767082214,
            -0.5666860342025757,
            -0.051443539559841156
        ],
        [
            -0.4232463538646698,
            -0.5536689758300781,
            -0.040683258324861526
        ],
        [
            -0.40516728162765503,
            -0.5448595285415649,
            -0.027327872812747955
        ],
        [
            -0.413580983877182,
            -0.5489845275878906,
            -0.035684116184711456
        ],
        [
            -0.4105665683746338,
            -0.5640864372253418,
            -0.04784001410007477
        ],
        [
            -0.4119778573513031,
            -0.5821922421455383,
            -0.059554554522037506
        ],
        [
            -0.42272669076919556,
            -0.5818952918052673,
            -0.06000576168298721
        ],
        [
            -0.416818231344223,
            -0.6011350154876709,
            -0.06643310934305191
        ],
        [
            -0.3988369107246399,
            -0.5858819484710693,
            -0.05670718848705292
        ],
        [
            -0.4106902480125427,
            -0.6075038909912109,
            -0.06521916389465332
        ],
        [
            -0.3743380308151245,
            -0.5620722770690918,
            -0.037941716611385345
        ],
        [
            -0.3654833436012268,
            -0.5572289824485779,
            -0.040404271334409714
        ],
        [
            -0.3655856251716614,
            -0.5686755776405334,
            -0.05580303072929382
        ],
        [
            -0.37418636679649353,
            -0.5737756490707397,
            -0.053213004022836685
        ],
        [
            -0.43391793966293335,
            -0.5807180404663086,
            -0.05975452810525894
        ],
        [
            -0.48874741792678833,
            -0.6142793893814087,
            -0.06313621997833252
        ],
        [
            -0.49499815702438354,
            -0.6070629954338074,
            -0.05702692270278931
        ],
        [
            -0.47640907764434814,
            -0.6096537113189697,
            -0.06514543294906616
        ],
        [
            -0.5238157510757446,
            -0.6659190654754639,
            -0.06956726312637329
        ],
        [
            -0.5302777290344238,
            -0.65088951587677,
            -0.0608808808028698
        ],
        [
            -0.514897882938385,
            -0.6461614370346069,
            -0.0686078816652298
        ],
        [
            -0.5110355019569397,
            -0.6608490943908691,
            -0.07585307955741882
        ],
        [
            -0.5537725687026978,
            -0.684744119644165,
            -0.04183214157819748
        ],
        [
            -0.5585803389549255,
            -0.6579619646072388,
            -0.03425192832946777
        ],
        [
            -0.5463775992393494,
            -0.6555619239807129,
            -0.04692329466342926
        ],
        [
            -0.5418862104415894,
            -0.6761369705200195,
            -0.05513129383325577
        ],
        [
            -0.5035349726676941,
            -0.6709147691726685,
            -0.08025692403316498
        ],
        [
            -0.4936280846595764,
            -0.6858969330787659,
            -0.0845167338848114
        ],
        [
            -0.5013728737831116,
            -0.7010389566421509,
            -0.08216318488121033
        ],
        [
            -0.5156711935997009,
            -0.6846919059753418,
            -0.07639570534229279
        ],
        [
            -0.5119179487228394,
            -0.7201605439186096,
            -0.07226733863353729
        ],
        [
            -0.5291385650634766,
            -0.7007620334625244,
            -0.06512200087308884
        ],
        [
            -0.3947893977165222,
            -0.6068727374076843,
            -0.06365619599819183
        ],
        [
            -0.4070562422275543,
            -0.6211715340614319,
            -0.06683146953582764
        ],
        [
            -0.38570213317871094,
            -0.5788094997406006,
            -0.050907932221889496
        ],
        [
            -0.3834576904773712,
            -0.5950933694839478,
            -0.06187088415026665
        ],
        [
            -0.5188470482826233,
            -0.7360244989395142,
            -0.056233130395412445
        ],
        [
            -0.5399381518363953,
            -0.7139382362365723,
            -0.04840121045708656
        ],
        [
            -0.4459367096424103,
            -0.7116184830665588,
            -0.08413201570510864
        ],
        [
            -0.464779257774353,
            -0.7155197858810425,
            -0.08528217673301697
        ],
        [
            -0.46472063660621643,
            -0.6949225068092346,
