{
    "pred_cam": [
        2.072819232940674,
        0.23058156669139862,
        0.42479804158210754
    ],
    "pred_smpl_params": {
        "global_orient": [
            [
                [
                    -0.41262146830558777,
                    -0.26202085614204407,
                    -0.8724038600921631
                ],
                [
                    0.515296459197998,
                    -0.8569033741950989,
                    0.013645232655107975
                ],
                [
                    -0.7511411309242249,
                    -0.44391632080078125,
                    0.4885951578617096
                ]
            ]
        ],
        "body_pose": [
            [
                [
                    0.9985653162002563,
                    0.04988817125558853,
                    -0.019455762580037117
                ],
                [
                    -0.009375365450978279,
                    0.5206076502799988,
                    0.8537445664405823
                ],
                [
                    0.0527205765247345,
                    -0.8523373007774353,
                    0.5203284621238708
                ]
            ],
            [
                [
                    0.9763616323471069,
                    0.16414876282215118,
                    0.14061705768108368
                ],
                [
                    -0.2098107784986496,
                    0.5634427666664124,
                    0.7990692853927612
                ],
                [
                    0.0519365593791008,
                    -0.8096835613250732,
                    0.5845640897750854
                ]
            ],
            [
                [
                    0.9969651103019714,
                    -0.033374443650245667,
                    0.07033322751522064
                ],
                [
                    0.06797581911087036,
                    0.8135541677474976,
                    -0.5775023698806763
                ],
                [
                    -0.03794607147574425,
                    0.5805306434631348,
                    0.8133537769317627
                ]
            ],
            [
                [
                    0.9659895896911621,
                    0.25841397047042847,
                    -0.009296158328652382
                ],
                [
                    -0.0826658383011818,
                    0.27455371618270874,
                    -0.9580118060112
                ],
                [
                    -0.2450113147497177,
                    0.92619788646698,
                    0.2865780293941498
                ]
            ],
            [
                [
                    0.9916731119155884,
                    -0.10149960964918137,
                    0.07926122099161148
                ],
                [
                    0.11388671398162842,
                    0.403875470161438,
                    -0.9076973795890808
                ],
                [
                    0.06011924520134926,
                    0.9091657996177673,
                    0.41207191348075867
                ]
            ],
            [
                [
                    0.9987735748291016,
                    -0.012412975542247295,
                    0.047929659485816956
                ],
                [
                    0.011152172461152077,
                    0.9995870590209961,
                    0.02648371085524559
                ],
                [
                    -0.048238605260849,
                    -0.02591671049594879,
                    0.9984995722770691
                ]
            ],
            [
                [
                    0.9902445673942566,
                    -0.024578150361776352,
                    0.13715580105781555
                ],
                [
                    0.0073894914239645,
                    0.9921984672546387,
                    0.12444931268692017
                ],
                [
                    -0.13914449512958527,
                    -0.12222172319889069,
                    0.982700765132904
                ]
            ],
            [
                [
                    0.9890011548995972,
                    -0.026802895590662956,
                    -0.14545942842960358
                ],
                [
                    0.04498162493109703,
                    0.9913663268089294,
                    0.12316414713859558
                ],
                [
                    0.14090242981910706,
                    -0.12835247814655304,
                    0.9816680550575256
                ]
            ],
            [
                [
                    0.999181866645813,
                    0.01326934713870287,
                    0.0382029227912426
                ],
                [
                    -0.008773824200034142,
                    0.9932659864425659,
                    -0.11552375555038452
                ],
                [
                    -0.03947858512401581,
                    0.11509405821561813,
                    0.9925698041915894
                ]
            ],
            [
                [
                    0.9844025373458862,
                    -0.1000099703669548,
                    0.1447400450706482
                ],
                [
                    0.0790889635682106,
                    0.9864550828933716,
                    0.14370572566986084
                ],
                [
                    -0.15715155005455017,
                    -0.13001693785190582,
                    0.9789785742759705
                ]
            ],
            [
                [
                    0.9879872798919678,
                    0.15339438617229462,
                    0.0187408234924078
                ],
                [
                    -0.15443044900894165,
                    0.9755730628967285,
                    0.1562325358390808
                ],
                [
                    0.0056821503676474094,
                    -0.15724992752075195,
                    0.9875425696372986
                ]
            ],
            [
                [
                    0.9720700979232788,
                    -0.030277583748102188,
                    0.23272950947284698
                ],
                [
                    0.024020405486226082,
                    0.9992709159851074,
                    0.029673920944333076
                ],
                [
                    -0.23345831036567688,
                    -0.023254873231053352,
                    0.972088634967804
                ]
            ],
            [
                [
                    0.9104709029197693,
                    0.15480265021324158,
                    -0.38350868225097656
                ],
                [
                    -0.1441134214401245,
                    0.9879385232925415,
                    0.056646522134542465
                ],
                [
                    0.3876520097255707,
                    0.0036937317345291376,
                    0.9217984080314636
                ]
            ],
            [
                [
                    0.8910223841667175,
                    -0.1570204198360443,
                    0.42593857645988464
                ],
                [
                    0.15295171737670898,
                    0.98725426197052,
                    0.04398679360747337
                ],
                [
                    -0.42741647362709045,
                    0.02595481462776661,
                    0.9036821722984314
                ]
            ],
            [
                [
                    0.9870957136154175,
                    0.09708461910486221,
                    0.12734390795230865
                ],
                [
                    -0.0708930566906929,
                    0.9780176281929016,
                    -0.19610095024108887
                ],
                [
                    -0.14358298480510712,
                    0.18454264104366302,
                    0.9722796082496643
                ]
            ],
            [
                [
                    0.5733605623245239,
                    0.7086366415023804,
                    -0.4112076163291931
                ],
                [
                    -0.746743381023407,
                    0.6584959030151367,
                    0.09358065575361252
                ],
                [
                    0.3370932340621948,
                    0.2534111440181732,
                    0.9067253470420837
                ]
            ],
            [
                [
                    0.5065504312515259,
                    -0.718197762966156,
                    0.4770731031894684
                ],
                [
                    0.7302009463310242,
                    0.6515718698501587,
                    0.20557408034801483
                ],
                [
                    -0.4584902226924896,
                    0.24422557651996613,
                    0.8544826507568359
                ]
            ],
            [
                [
                    0.39815592765808105,
                    -0.31569841504096985,
                    -0.8612817525863647
                ],
                [
                    0.056826312094926834,
                    0.9455985426902771,
                    -0.32033440470695496
                ],
                [
                    0.9155558347702026,
                    0.07859956473112106,
                    0.3944356441497803
                ]
            ],
            [
                [
                    0.23754404485225677,
                    0.31520456075668335,
                    0.918813943862915
                ],
                [
                    -0.23845669627189636,
                    0.9358670711517334,
                    -0.2594057321548462
                ],
                [
                    -0.9416534900665283,
                    -0.1574770212173462,
                    0.2974722981452942
                ]
            ],
            [
                [
                    0.9731187224388123,
                    -0.22994858026504517,
                    -0.012792867608368397
                ],
                [
                    0.22774063050746918,
                    0.9690659642219543,
                    -0.09510697424411774
                ],
                [
                    0.03426684811711311,
                    0.0896369144320488,
                    0.9953848719596863
                ]
            ],
            [
                [
                    0.9656526446342468,
                    0.25710970163345337,
                    0.037546444684267044
                ],
                [
                    -0.25338542461395264,
                    0.9637935161590576,
                    -0.08305353671312332
                ],
                [
                    -0.0575408861041069,
                    0.07068713009357452,
                    0.9958376288414001
                ]
            ],
            [
                [
                    0.9778873920440674,
                    0.17529484629631042,
                    -0.11405238509178162
                ],
                [
                    -0.15391667187213898,
                    0.9724688529968262,
                    0.17496860027313232
                ],
                [
                    0.14158347249031067,
                    -0.15354502201080322,
                    0.9779458045959473
                ]
            ],
            [
                [
                    0.972695529460907,
                    -0.21595902740955353,
                    0.08499982953071594
                ],
                [
                    0.19738663733005524,
                    0.962431013584137,
                    0.18645375967025757
                ],
                [
                    -0.12207284569740295,
                    -0.1645849347114563,
                    0.9787797927856445
                ]
            ]
        ],
        "betas": [
            0.032640233635902405,
            0.25184428691864014,
            0.22394797205924988,
            0.4464570879936218,
            0.14380091428756714,
            -0.008970718830823898,
            -0.07449027895927429,
            0.060493022203445435,
            0.08545898646116257,
            -0.02788504958152771
        ]
    },
    "pred_cam_t": [
        0.23058156669139862,
        0.42479804158210754,
        18.84510612487793
    ],
    "focal_length": [
        5000.0,
        5000.0
    ],
    "pred_keypoints_3d": [
        [
            -0.48668810725212097,
            -0.5672285556793213,
            -0.02277749590575695
        ],
        [
            -0.3015104830265045,
            -0.6106637716293335,
            -0.054372187703847885
        ],
        [
            -0.2022358626127243,
            -0.6048719882965088,
            0.11221480369567871
        ],
        [
            -0.10293111950159073,
            -0.39779162406921387,
            0.22173792123794556
        ],
        [
            -0.3115883767604828,
            -0.2508222460746765,
            0.2276386171579361
        ],
        [
            -0.32165563106536865,
            -0.46808749437332153,
            -0.18140560388565063
        ],
        [
            -0.2454884797334671,
            -0.21828769147396088,
            -0.19032536447048187
        ],
        [
            -0.3106704652309418,
            -0.11456013470888138,
            0.026770129799842834
        ],
        [
            -0.0021367147564888,
            -0.22790572047233582,
            0.025898434221744537
        ],
        [
            0.05364803969860077,
            -0.18448582291603088,
            0.11297551542520523
        ],
        [
            -0.11305400729179382,
            -0.04966570436954498,
            0.43246695399284363
        ],
        [
            0.10011687874794006,
            0.264244019985199,
            0.5587684512138367
        ],
        [
            0.000716842245310545,
            -0.11460903286933899,
            0.011681299656629562
        ],
        [
            -0.23326264321804047,
            0.06800273060798645,
            0.24366773664951324
        ],
        [
            0.032570794224739075,
            0.31290221214294434,
            0.41418159008026123
        ],
        [
            -0.4936930537223816,
            -0.6229309439659119,
            0.0024170540273189545
        ],
        [
            -0.49995362758636475,
            -0.6106982231140137,
            -0.06347986310720444
        ],
        [
            -0.41886305809020996,
            -0.6934764981269836,
            0.02745664119720459
        ],
        [
            -0.4350586533546448,
            -0.6665893793106079,
            -0.11934397369623184
        ],
        [
            -0.1088920533657074,
            0.3919835686683655,
            0.5315026044845581
        ],
        [
            -0.07534649968147278,
            0.4284862279891968,
            0.46624889969825745
        ],
        [
            0.09724774956703186,
            0.32753878831863403,
            0.3971794545650482
        ],
        [
            -0.042215704917907715,
            0.30910855531692505,
            0.6896658539772034
        ],
        [
            0.03276711702346802,
            0.27096134424209595,
            0.7148973941802979
        ],
        [
            0.16481545567512512,
            0.29602915048599243,
            0.5473310947418213
        ],
        [
            0.10808393359184265,
            0.2088155746459961,
            0.5370105504989624
        ],
        [
            -0.10224078595638275,
            -0.0810953825712204,
            0.388081431388855
        ],
        [
            0.0743861272931099,
            -0.3290717601776123,
            0.10921729356050491
        ],
        [
            -0.030901126563549042,
            -0.16332213580608368,
            -0.11389081180095673
        ],
        [
            -0.22831520438194275,
            0.0525311604142189,
            0.21246641874313354
        ],
        [
            0.028941988945007324,
            0.28997886180877686,
            0.3766937851905823
        ],
        [
            -0.31221437454223633,
            -0.2823279798030853,
            0.20828814804553986
        ],
        [
            -0.13443247973918915,
            -0.4186341464519501,
            0.23929190635681152
        ],
        [
            -0.22444875538349152,
            -0.6162209510803223,
            0.07916590571403503
        ],
        [
            -0.3227613568305969,
            -0.5046221017837524,
            -0.17475709319114685
        ],
        [
            -0.29405513405799866,
            -0.2345333695411682,
            -0.18498334288597107
        ],
        [
            -0.3203710615634918,
            -0.13238359987735748,
            0.01925984025001526
        ],
        [
            -0.30854853987693787,
            -0.5994386076927185,
            -0.05053359642624855
        ],
        [
            -0.47886186838150024,
            -0.7003893852233887,
            -0.04938991367816925
        ],
        [
            0.021903865039348602,
            -0.24712103605270386,
            -0.0027993377298116684
        ],
        [
            -0.2703500986099243,
            -0.5585623979568481,
            -0.04576769471168518
        ],
        [
            -0.11601607501506805,
            -0.452394038438797,
            -0.05147247388958931
        ],
        [
            -0.4159689247608185,
            -0.6048668622970581,
            -0.04161069542169571
        ],
        [
            -0.48706692457199097,
            -0.719648540019989,
            -0.04818350076675415
        ]
    ],
    "pred_vertices": [
        [
            -0.5380634665489197,
            -0.6393935084342957,
            -0.075676828622818
        ],
        [
            -0.5305505394935608,
            -0.6264491081237793,
            -0.0682622492313385
        ],
        [
            -0.5235909819602966,
            -0.6291122436523438,
            -0.08086395263671875
        ],
        [
            -0.5259223580360413,
            -0.6414871215820312,
            -0.08818253874778748
        ],
        [
            -0.5195088982582092,
            -0.6194709539413452,
            -0.07526864111423492
        ],
        [
            -0.5238901972770691,
            -0.6170628070831299,
            -0.06472667306661606
        ],
        [
            -0.5127028822898865,
            -0.6312174797058105,
            -0.08942180871963501
        ],
        [
            -0.5116925239562988,
            -0.6424648761749268,
            -0.09644553810358047
        ],
        [
            -0.4773141145706177,
            -0.6147105693817139,
            -0.09494934976100922
        ],
        [
            -0.46825334429740906,
            -0.6179157495498657,
            -0.1004699319601059
        ],
        [
            -0.47919249534606934,
            -0.625308632850647,
            -0.10040880739688873
        ],
        [
            -0.4850793182849884,
            -0.6209037899971008,
            -0.09393950551748276
        ],
        [
            -0.455753356218338,
            -0.6011231541633606,
            -0.09269265830516815
        ],
        [
            -0.4534904360771179,
            -0.5895814895629883,
            -0.08491556346416473
        ],
        [
            -0.4407033920288086,
            -0.5904057025909424,
            -0.08831807971000671
        ],
        [
            -0.44203275442123413,
            -0.6020804047584534,
            -0.09545120596885681
        ],
        [
            -0.47619593143463135,
            -0.5871593952178955,
            -0.050079599022865295
        ],
        [
            -0.47103020548820496,
            -0.5826550126075745,
            -0.05512179434299469
        ],
        [
            -0.4758304953575134,
            -0.5869960188865662,
            -0.059466928243637085
        ],
        [
            -0.48017212748527527,
            -0.5912549495697021,
            -0.05369258671998978
        ],
        [
            -0.48721015453338623,
            -0.5908300280570984,
            -0.04052992910146713
        ],
        [
            -0.48919057846069336,
            -0.5968208312988281,
            -0.042465515434741974
        ],
        [
            -0.49535536766052246,
            -0.5961001515388489,
            -0.037252843379974365
        ],
        [
            -0.49349522590637207,
            -0.5888364315032959,
            -0.035888977348804474
        ],
        [
            -0.4720468819141388,
            -0.5841484665870667,
            -0.04444793611764908
        ],
        [
            -0.4662868082523346,
            -0.5800479650497437,
            -0.049868885427713394
        ],
        [
            -0.48111492395401,
            -0.5904551148414612,
            -0.04554140567779541
        ],
        [
            -0.4794645309448242,
            -0.586493968963623,
            -0.0429316908121109
        ],
        [
            -0.4815722107887268,
            -0.575335681438446,
            -0.037845179438591
        ],
        [
            -0.4842446744441986,
            -0.5793229341506958,
            -0.03987061232328415
        ],
        [
            -0.4896290898323059,
            -0.5751610398292542,
            -0.0356837660074234
        ],
        [
            -0.4846680760383606,
            -0.572290301322937,
            -0.03410639986395836
        ],
        [
            -0.47536537051200867,
            -0.5809817314147949,
            -0.04245103895664215
        ],
        [
            -0.4794406592845917,
            -0.5808647274971008,
            -0.042653921991586685
        ],
        [
            -0.4780252277851105,
            -0.5770962834358215,
            -0.03958240896463394
        ],
        [
            -0.4741757810115814,
            -0.5781353712081909,
            -0.038636766374111176
        ],
        [
            -0.4861103892326355,
            -0.5857914686203003,
            -0.039385877549648285
        ],
        [
            -0.49201279878616333,
            -0.5822329521179199,
            -0.03549152985215187
        ],
        [
            -0.4975004494190216,
            -0.5785449743270874,
            -0.030534377321600914
        ],
        [
            -0.4933869540691376,
            -0.5707879066467285,
            -0.03028838336467743
        ],
        [
            -0.4572141766548157,
            -0.5768378973007202,
            -0.06598078459501266
        ],
        [
            -0.46511051058769226,
            -0.5787153244018555,
            -0.06117400527000427
        ],
        [
            -0.46100813150405884,
            -0.5761210918426514,
            -0.055606208741664886
        ],
        [
            -0.45522406697273254,
            -0.5738835334777832,
            -0.06039213016629219
        ],
        [
            -0.4693525433540344,
            -0.5785517692565918,
            -0.040144361555576324
        ],
        [
            -0.4572535753250122,
            -0.5678838491439819,
            -0.042547497898340225
        ],
        [
            -0.4604131579399109,
            -0.570061445236206,
            -0.04305487871170044
        ],
        [
            -0.463284969329834,
            -0.5687138438224792,
            -0.036546677350997925
        ],
        [
            -0.4602152109146118,
            -0.5667359828948975,
            -0.03670961409807205
        ],
        [
            -0.44092780351638794,
            -0.5732134580612183,
            -0.0712895393371582
        ],
        [
            -0.44254070520401,
            -0.5699423551559448,
            -0.06505032628774643
        ],
        [
            -0.4355519413948059,
            -0.5674464702606201,
            -0.06536891311407089
        ],
        [
            -0.4322183132171631,
            -0.5709598064422607,
            -0.07082805782556534
        ],
        [
            -0.43017756938934326,
            -0.5653436183929443,
            -0.062139660120010376
        ],
        [
            -0.424073725938797,
            -0.5686955451965332,
            -0.06905275583267212
        ],
        [
            -0.41213494539260864,
            -0.5603502988815308,
            -0.05925849825143814
        ],
        [
            -0.4173930883407593,
            -0.5641953349113464,
            -0.06412775069475174
        ],
        [
            -0.42559486627578735,
            -0.5619267225265503,
            -0.057764627039432526
        ],
        [
            -0.4230218827724457,
            -0.5570623874664307,
            -0.05155954137444496
        ],
        [
            -0.431249737739563,
            -0.5551268458366394,
            -0.03974776715040207
        ],
        [
            -0.43163836002349854,
            -0.5534267425537109,
            -0.033459872007369995
        ],
        [
            -0.4209049940109253,
            -0.5465004444122314,
            -0.03728722408413887
        ],
        [
            -0.4216318130493164,
            -0.5510538220405579,
            -0.043724969029426575
        ],
        [
            -0.4495994448661804,
            -0.5668538808822632,
            -0.04253487288951874
        ],
        [
            -0.44812673330307007,
            -0.5683074593544006,
            -0.046893805265426636
        ],
        [
            -0.4507446885108948,
            -0.5674197673797607,
            -0.04696834087371826
        ],
        [
            -0.4534125328063965,
            -0.5663543939590454,
            -0.04254536330699921
        ],
        [
            -0.4470268785953522,
            -0.5688456296920776,
            -0.05071021616458893
        ],
        [
            -0.44644099473953247,
            -0.5689763426780701,
            -0.05242559313774109
        ],
        [
            -0.4481777548789978,
            -0.5689029097557068,
            -0.05215859413146973
        ],
        [
            -0.4481703042984009,
            -0.5685535073280334,
            -0.05098767578601837
        ],
        [
            -0.4481857419013977,
            -0.5682448148727417,
            -0.048841796815395355
        ],
        [
            -0.4468703269958496,
            -0.5669418573379517,
            -0.047613583505153656
        ],
        [
            -0.446720689535141,
            -0.5681397318840027,
            -0.0496625155210495
        ],
        [
            -0.4477761387825012,
            -0.5648807287216187,
            -0.04364347457885742
        ],
        [
            -0.45038536190986633,
            -0.5606399178504944,
            -0.029687805101275444
        ],
        [
            -0.4498130679130554,
            -0.5607619881629944,
            -0.03372347354888916
        ],
        [
            -0.45252761244773865,
            -0.5644618272781372,
            -0.0327552855014801
        ],
        [
            -0.45337703824043274,
            -0.564679741859436,
            -0.02930048480629921
        ],
        [
            -0.4511406421661377,
            -0.5692055821418762,
            -0.05066857486963272
        ],
        [
            -0.4517381191253662,
            -0.5702023506164551,
            -0.05293557792901993
        ],
        [
            -0.45583823323249817,
            -0.5699288249015808,
            -0.048869580030441284
        ],
        [
            -0.4532293379306793,
            -0.5688447952270508,
            -0.04761621728539467
        ],
        [
            -0.4534473419189453,
            -0.5708475112915039,
            -0.05599411576986313
        ],
        [
            -0.4489702582359314,
            -0.5698249340057373,
            -0.05455106124281883
        ],
        [
            -0.4494955241680145,
            -0.5708041191101074,
            -0.05754513293504715
        ],
        [
            -0.4450988471508026,
            -0.5679633617401123,
            -0.051736366003751755
        ],
        [
            -0.4430586099624634,
            -0.5675890445709229,
            -0.054466910660266876
        ],
        [
            -0.44575437903404236,
            -0.5683609247207642,
            -0.055129971355199814
        ],
        [
            -0.440594881772995,
            -0.5656639933586121,
            -0.05207309126853943
        ],
        [
            -0.44405466318130493,
            -0.566485583782196,
            -0.0488969162106514
        ],
        [
            -0.44409269094467163,
            -0.5638521909713745,
            -0.044863246381282806
        ],
        [
            -0.4447084963321686,
            -0.560982882976532,
            -0.03973190858960152
        ],
        [
            -0.439066082239151,
            -0.5598543882369995,
            -0.04216530919075012
        ],
        [
            -0.43934208154678345,
            -0.5627954602241516,
            -0.04772796854376793
        ],
        [
            -0.4587169289588928,
            -0.5731624364852905,
            -0.05126145854592323
        ],
        [
            -0.4443163573741913,
            -0.5688456892967224,
            -0.05947678163647652
        ],
        [
            -0.449445515871048,
            -0.5726749897003174,
            -0.06316225975751877
        ],
        [
            -0.43988072872161865,
            -0.566747784614563,
            -0.05911116302013397
        ],
        [
            -0.43596771359443665,
            -0.5646300315856934,
            -0.056629106402397156
        ],
        [
            -0.43308690190315247,
            -0.5623396039009094,
            -0.05140439420938492
        ],
        [
            -0.431951105594635,
            -0.5581861734390259,
            -0.04593416303396225
        ],
        [
            -0.40666118264198303,
            -0.548973023891449,
            -0.040516115725040436
        ],
        [
            -0.40914592146873474,
            -0.5538636445999146,
            -0.048930294811725616
        ],
        [
            -0.5158041715621948,
            -0.6145685315132141,
            -0.06286776810884476
        ],
        [
            -0.5142379999160767,
            -0.6145704984664917,
            -0.07171902060508728
        ],
        [
            -0.5048575401306152,
            -0.6128984689712524,
            -0.0726037323474884
        ],
        [
            -0.5064780712127686,
            -0.6137229800224304,
            -0.07451412081718445
        ],
        [
            -0.5096100568771362,
            -0.6137473583221436,
            -0.06883596628904343
        ],
        [
            -0.5067704916000366,
            -0.6122153997421265,
            -0.06837676465511322
        ],
        [
            -0.4901549518108368,
            -0.6180869340896606,
            -0.08767833560705185
        ],
        [
            -0.494239866733551,
            -0.6163204908370972,
            -0.08249299973249435
        ],
        [
            -0.4899575710296631,
            -0.6155427098274231,
            -0.0822722539305687
        ],
        [
            -0.48421698808670044,
            -0.6146185398101807,
            -0.08847614377737045
        ],
        [
            -0.48787713050842285,
            -0.6068562269210815,
            -0.07341895997524261
        ],
        [
            -0.4869912266731262,
            -0.6095567941665649,
            -0.0779741033911705
        ],
        [
            -0.49414652585983276,
            -0.611605167388916,
            -0.07484007626771927
        ],
        [
            -0.49472492933273315,
            -0.6097433567047119,
            -0.07143282890319824
        ],
        [
            -0.49538537859916687,
            -0.6086850166320801,
            -0.06747826933860779
        ],
        [
            -0.49564650654792786,
            -0.6088137626647949,
            -0.06286567449569702
        ],
        [
            -0.49131447076797485,
            -0.6056615114212036,
            -0.06314148008823395
        ],
        [
            -0.48971980810165405,
            -0.6056441068649292,
            -0.06828382611274719
        ],
        [
            -0.5110220909118652,
            -0.6144963502883911,
            -0.06261108815670013
        ],
        [
            -0.5095659494400024,
            -0.6153699159622192,
            -0.055133938789367676
        ],
        [
            -0.5070104002952576,
            -0.6136608123779297,
            -0.05672118067741394
        ],
        [
            -0.508197546005249,
            -0.612399697303772,
            -0.06271908432245255
        ],
        [
            -0.49793440103530884,
            -0.6152710318565369,
            -0.04697209969162941
        ],
        [
            -0.5006500482559204,
            -0.6157060861587524,
            -0.04817100614309311
        ],
        [
            -0.5024053454399109,
            -0.6160085201263428,
            -0.04460360109806061
        ],
        [
            -0.49815207719802856,
            -0.6142017245292664,
            -0.04357708990573883
        ],
        [
            -0.4959832727909088,
            -0.6119859218597412,
            -0.04573753848671913
        ],
        [
            -0.4969583749771118,
            -0.6136784553527832,
            -0.04817716032266617
        ],
        [
            -0.5527259111404419,
            -0.6544786691665649,
            -0.06807124614715576
        ],
        [
            -0.5453945994377136,
            -0.6394217014312744,
            -0.06124550849199295
        ],
        [
            -0.5408140420913696,
            -0.6578844785690308,
            -0.08437398076057434
        ],
        [
            -0.526157557964325,
            -0.6588319540023804,
            -0.0953654870390892
        ],
        [
            -0.5101197957992554,
            -0.6558430194854736,
            -0.10356652736663818
        ],
        [
            -0.440395325422287,
            -0.5802827477455139,
            -0.07961978018283844
        ],
        [
            -0.42968398332595825,
            -0.5794004797935486,
            -0.08088401705026627
        ],
        [
            -0.4283464252948761,
            -0.5920966267585754,
            -0.09098254889249802
        ],
        [
            -0.41736751794815063,
            -0.5890600681304932,
            -0.08904372155666351
        ],
        [
            -0.4192482829093933,
            -0.5761569142341614,
            -0.07852183282375336
        ],
        [
            -0.40216097235679626,
            -0.5673138499259949,
            -0.06410188227891922
        ],
        [
            -0.4099110960960388,
            -0.5714632868766785,
            -0.07296772301197052
        ],
        [
            -0.4060652256011963,
            -0.5864302515983582,
            -0.08474396169185638
        ],
        [
            -0.4067233204841614,
            -0.6044783592224121,
            -0.09634236246347427
        ],
        [
            -0.4175509810447693,
            -0.6041795015335083,
            -0.09752102196216583
        ],
        [
            -0.410840779542923,
            -0.623350977897644,
            -0.10358694195747375
        ],
        [
            -0.3935358226299286,
            -0.6081405282020569,
            -0.09245819598436356
        ],
        [
            -0.4046541452407837,
            -0.6296356320381165,
            -0.10179036855697632
        ],
        [
            -0.3702181577682495,
            -0.583335816860199,
            -0.07189176976680756
        ],
        [
            -0.3610243499279022,
            -0.5777325630187988,
            -0.07353119552135468
        ],
        [
            -0.3596632480621338,
            -0.5892398357391357,
            -0.08899739384651184
        ],
        [
            -0.36867615580558777,
            -0.5950790643692017,
            -0.08717387914657593
        ],
        [
            -0.42882809042930603,
            -0.603056788444519,
            -0.09795549511909485
        ],
        [
            -0.4831709563732147,
            -0.6366742253303528,
            -0.10434232652187347
        ],
        [
            -0.489764541387558,
            -0.629427433013916,
            -0.09869753569364548
        ],
        [
            -0.47078460454940796,
            -0.6321624517440796,
            -0.10563260316848755
        ],
        [
            -0.517509400844574,
            -0.6886070966720581,
            -0.1121821179986
        ],
        [
            -0.5245490074157715,
            -0.673614501953125,
            -0.10409972071647644
        ],
        [
            -0.5088087916374207,
            -0.6688759326934814,
            -0.11081075668334961
        ],
        [
            -0.5045110583305359,
            -0.6834996938705444,
            -0.11772032082080841
        ],
        [
            -0.549070417881012,
            -0.707381010055542,
            -0.08616265654563904
        ],
        [
            -0.5544964075088501,
            -0.6807855367660522,
            -0.07912106812000275
        ],
        [
            -0.5414583683013916,
            -0.6783074736595154,
            -0.09097757935523987
        ],
        [
            -0.5363006591796875,
            -0.6987777352333069,
            -0.09866449236869812
        ],
        [
            -0.49678289890289307,
            -0.693649172782898,
            -0.12149308621883392
        ],
        [
            -0.48658841848373413,
            -0.7086814045906067,
            -0.12517616152763367
        ],
        [
            -0.4946179986000061,
            -0.7238366603851318,
            -0.1234840601682663
        ],
        [
            -0.5089788436889648,
            -0.7073791027069092,
            -0.11842666566371918
        ],
        [
            -0.5056594610214233,
            -0.7430568933486938,
            -0.11417637765407562
        ],
        [
            -0.5230950117111206,
            -0.7235437631607056,
            -0.10800907760858536
        ],
        [
            -0.3886682391166687,
            -0.6287959814071655,
            -0.09922430664300919
        ],
        [
            -0.4006846845149994,
            -0.6430751085281372,
            -0.10325160622596741
        ],
        [
            -0.38064879179000854,
            -0.6007018089294434,
            -0.08578655123710632
        ],
        [
            -0.3773425817489624,
            -0.6168252229690552,
            -0.09667760133743286
        ],
        [
            -0.513583242893219,
            -0.7589852213859558,
            -0.09848585724830627
        ],
        [
            -0.5348725914955139,
            -0.736739993095398,
            -0.09179352223873138
        ],
        [
            -0.43892547488212585,
            -0.7340498566627502,
            -0.12216824293136597
        ],
        [
            -0.45767927169799805,
            -0.7382516264915466,
            -0.1243453174829483
        ],
        [
            -0.45748814940452576,
            -0.7175658345222473,
            -0.1268836110830307
        ],
        [
            -0.4399300217628479,
            -0.7160900831222534,
