{
    "pred_cam": [
        2.2016096115112305,
        0.18739213049411774,
        0.4552510380744934
    ],
    "pred_smpl_params": {
        "global_orient": [
            [
                [
                    -0.14339718222618103,
                    -0.14859692752361298,
                    -0.978445827960968
                ],
                [
                    0.39621207118034363,
                    -0.9145939350128174,
                    0.08083244413137436
                ],
                [
                    -0.9068921208381653,
                    -0.37608087062835693,
                    0.19002608954906464
                ]
            ]
        ],
        "body_pose": [
            [
                [
                    0.9996153116226196,
                    0.02678772434592247,
                    0.007184656336903572
                ],
                [
                    -0.02496522292494774,
                    0.7562524676322937,
                    0.6538034677505493
                ],
                [
                    0.01208047941327095,
                    -0.6537313461303711,
                    0.7566303014755249
                ]
            ],
            [
                [
                    0.9731348752975464,
                    0.20814192295074463,
                    0.09841519594192505
                ],
                [
                    -0.2242867350578308,
                    0.7604736089706421,
                    0.6094058156013489
                ],
                [
                    0.052000727504491806,
                    -0.6151071786880493,
                    0.7867268919944763
                ]
            ],
            [
                [
                    0.9957692623138428,
                    -0.08519957959651947,
                    0.03441821038722992
                ],
                [
                    0.09141693264245987,
                    0.8806187510490417,
                    -0.4649232029914856
                ],
                [
                    0.009301939979195595,
                    0.46610262989997864,
                    0.884681761264801
                ]
            ],
            [
                [
                    0.9721148014068604,
                    0.23429444432258606,
                    0.009945155121386051
                ],
                [
                    -0.10726962238550186,
                    0.48198574781417847,
                    -0.869587779045105
                ],
                [
                    -0.20853300392627716,
                    0.8442723751068115,
                    0.49367815256118774
                ]
            ],
            [
                [
                    0.9898514151573181,
                    -0.08115634322166443,
                    0.11665263026952744
                ],
                [
                    0.14204896986484528,
                    0.5883790850639343,
                    -0.7960100173950195
                ],
                [
                    -0.004034707322716713,
                    0.8045020699501038,
                    0.593936026096344
                ]
            ],
            [
                [
                    0.9995899200439453,
                    -0.0020084520801901817,
                    0.02856568992137909
                ],
                [
                    0.001918015070259571,
                    0.999993085861206,
                    0.0031929495744407177
                ],
                [
                    -0.028571903705596924,
                    -0.0031368506606668234,
                    0.9995868802070618
                ]
            ],
            [
                [
                    0.9846466183662415,
                    -0.013600427657365799,
                    0.17402911186218262
                ],
                [
                    -0.008838934823870659,
                    0.9917967319488525,
                    0.12751924991607666
                ],
                [
                    -0.1743358075618744,
                    -0.12709961831569672,
                    0.9764490723609924
                ]
            ],
            [
                [
                    0.979310154914856,
                    -0.02382015250623226,
                    -0.20095844566822052
                ],
                [
                    0.043384358286857605,
                    0.9946718215942383,
                    0.09351940453052521
                ],
                [
                    0.19766002893447876,
                    -0.10030294954776764,
                    0.9751256108283997
                ]
            ],
            [
                [
                    0.999866783618927,
                    0.009749352931976318,
                    0.01309223473072052
                ],
                [
                    -0.00836573913693428,
                    0.9947628378868103,
                    -0.10186703503131866
                ],
                [
                    -0.014016807079315186,
                    0.10174393653869629,
                    0.9947118759155273
                ]
            ],
            [
                [
                    0.983275294303894,
                    -0.10271654278039932,
                    0.15039604902267456
                ],
                [
                    0.08649110794067383,
                    0.9900801181793213,
                    0.11072782427072525
                ],
                [
                    -0.16027772426605225,
                    -0.09586801379919052,
                    0.9824053645133972
                ]
            ],
            [
                [
                    0.9891436696052551,
                    0.1331482082605362,
                    0.06218079850077629
                ],
                [
                    -0.14103396236896515,
                    0.9790085554122925,
                    0.14714474976062775
                ],
                [
                    -0.04128347709774971,
                    -0.15431687235832214,
                    0.9871585369110107
                ]
            ],
            [
                [
                    0.9810765981674194,
                    -0.06790109723806381,
                    0.1813231259584427
                ],
                [
                    0.07100355625152588,
                    0.9974189400672913,
                    -0.010666411370038986
                ],
                [
                    -0.18013089895248413,
                    0.023339152336120605,
                    0.9833655953407288
                ]
            ],
            [
                [
                    0.9218200445175171,
                    0.27559325098991394,
                    -0.272573322057724
                ],
                [
                    -0.26554176211357117,
                    0.9612648487091064,
                    0.07387513667345047
                ],
                [
                    0.28237462043762207,
                    0.004280013497918844,
                    0.9592947363853455
                ]
            ],
            [
                [
                    0.9270376563072205,
                    -0.11201807111501694,
                    0.35784509778022766
                ],
                [
                    0.08234293013811111,
                    0.9918559193611145,
                    0.09716717898845673
                ],
                [
                    -0.36581525206565857,
                    -0.060611624270677567,
                    0.9287117123603821
                ]
            ],
            [
                [
                    0.9883790016174316,
                    0.06515170633792877,
                    0.13734008371829987
                ],
                [
                    -0.03598057106137276,
                    0.9780896306037903,
                    -0.2050512731075287
                ],
                [
                    -0.14769035577774048,
                    0.1977267861366272,
                    0.9690674543380737
                ]
            ],
            [
                [
                    0.6340294480323792,
                    0.7030829191207886,
                    -0.32199549674987793
                ],
                [
                    -0.7255579829216003,
                    0.6849074959754944,
                    0.06683793663978577
                ],
                [
                    0.2675297260284424,
                    0.19124922156333923,
                    0.9443789720535278
                ]
            ],
            [
                [
                    0.6288508772850037,
                    -0.46774953603744507,
                    0.6210933923721313
                ],
                [
                    0.4906429946422577,
                    0.8584052324295044,
                    0.14969946444034576
                ],
                [
                    -0.6031716465950012,
                    0.2105964869260788,
                    0.7693068981170654
                ]
            ],
            [
                [
                    0.5163926482200623,
                    -0.22406812012195587,
                    -0.826518177986145
                ],
                [
                    0.08187462389469147,
                    0.9736586213111877,
                    -0.21280406415462494
                ],
                [
                    0.8524290323257446,
                    0.04221959412097931,
                    0.5211356282234192
                ]
            ],
            [
                [
                    -0.043425582349300385,
                    0.3042505085468292,
                    0.9516017436981201
                ],
                [
                    -0.14524346590042114,
                    0.9404581189155579,
                    -0.3073156774044037
                ],
                [
                    -0.9884424805641174,
                    -0.15155930817127228,
                    0.003350457875058055
                ]
            ],
            [
                [
                    0.9813450574874878,
                    -0.19181253015995026,
                    -0.013031118549406528
                ],
                [
                    0.18960896134376526,
                    0.9768206477165222,
                    -0.09934733808040619
                ],
                [
                    0.03178512677550316,
                    0.09502319991588593,
                    0.994967520236969
                ]
            ],
            [
                [
                    0.9588003754615784,
                    0.2793826758861542,
                    0.05145030841231346
                ],
                [
                    -0.271279901266098,
                    0.9542087912559509,
                    -0.1260661780834198
                ],
                [
                    -0.08431505411863327,
                    0.10691486299037933,
                    0.9906866550445557
                ]
            ],
            [
                [
                    0.9805025458335876,
                    0.1738595813512802,
                    -0.09158459305763245
                ],
                [
                    -0.15746726095676422,
                    0.9739647507667542,
                    0.1630849391222
                ],
                [
                    0.11755404621362686,
                    -0.14548359811306,
                    0.9823521375656128
                ]
            ],
            [
                [
                    0.972303569316864,
                    -0.21303759515285492,
                    0.09612865000963211
                ],
                [
                    0.19865471124649048,
                    0.9699734449386597,
                    0.14031311869621277
                ],
                [
                    -0.12313421070575714,
                    -0.11733053624629974,
                    0.985429584980011
                ]
            ]
        ],
        "betas": [
            0.07371844351291656,
            0.22361385822296143,
            0.07287457585334778,
            0.3158779442310333,
            0.17019332945346832,
            -0.10451661795377731,
            -0.07948264479637146,
            0.10766783356666565,
            0.10401272028684616,
            -0.028888285160064697
        ]
    },
    "pred_cam_t": [
        0.18739213049411774,
        0.4552510380744934,
        17.742700576782227
    ],
    "focal_length": [
        5000.0,
        5000.0
    ],
    "pred_keypoints_3d": [
        [
            -0.42670977115631104,
            -0.6251911520957947,
            -0.0978049784898758
        ],
        [
            -0.23521688580513,
            -0.6527079939842224,
            -0.0880032554268837
        ],
        [
            -0.1863321214914322,
            -0.6332278251647949,
            0.09605829417705536
        ],
        [
            -0.22910216450691223,
            -0.43978410959243774,
            0.2580053210258484
        ],
        [
            -0.42252737283706665,
            -0.38864484429359436,
            0.09730467200279236
        ],
        [
            -0.21819569170475006,
            -0.5195652842521667,
            -0.2351142168045044
        ],
        [
            -0.14113444089889526,
            -0.26944276690483093,
            -0.2578038275241852
        ],
        [
            -0.28323107957839966,
            -0.10469916462898254,
            -0.13356027007102966
        ],
        [
            -0.0020550955086946487,
            -0.22647491097450256,
            0.026200061663985252
        ],
        [
            0.026165341958403587,
            -0.170491561293602,
            0.11935888975858688
        ],
        [
            -0.13704930245876312,
            0.06455649435520172,
            0.37865111231803894
        ],
        [
            0.06722721457481384,
            0.38008296489715576,
            0.5208119750022888
        ],
        [
            0.00931728444993496,
            -0.11644990742206573,
            -0.002718064934015274
        ],
        [
            -0.19036570191383362,
            0.17647887766361237,
            0.12918929755687714
        ],
        [
            0.04357099533081055,
            0.43355727195739746,
            0.3303445875644684
        ],
        [
            -0.43390145897865295,
            -0.6785091161727905,
            -0.06759965419769287
        ],
        [
            -0.42858561873435974,
            -0.6741137504577637,
            -0.13432036340236664
        ],
        [
            -0.3593250811100006,
            -0.7378876209259033,
            -0.02172383852303028
        ],
        [
            -0.34986022114753723,
            -0.7282184362411499,
            -0.17067387700080872
        ],
        [
            -0.11447587609291077,
            0.5505954027175903,
            0.37475717067718506
        ],
        [
            -0.054962337017059326,
            0.5683908462524414,
            0.32034024596214294
        ],
        [
            0.11182084679603577,
            0.4388343095779419,
            0.33364731073379517
        ],
        [
            -0.09502473473548889,
            0.45697709918022156,
            0.6044366955757141
        ],
        [
            -0.034732699394226074,
            0.4162684679031372,
            0.6537010073661804
        ],
        [
            0.13648876547813416,
            0.4045559763908386,
            0.5225219130516052
        ],
        [
            0.07440510392189026,
            0.32144156098365784,
            0.5089447498321533
        ],
        [
            -0.12514053285121918,
            0.021052023395895958,
            0.3404902517795563
        ],
        [
            0.03579457849264145,
            -0.3146551549434662,
            0.14165867865085602
        ],
        [
            0.00970885343849659,
            -0.18495109677314758,
            -0.12117011845111847
        ],
        [
            -0.18290159106254578,
            0.14966818690299988,
            0.10205880552530289
        ],
        [
            0.04830111563205719,
            0.4030205309391022,
            0.2987135052680969
        ],
        [
            -0.39699703454971313,
            -0.4140845239162445,
            0.08759188652038574
        ],
        [
            -0.25702911615371704,
            -0.47140610218048096,
            0.25396987795829773
        ],
        [
            -0.20102034509181976,
            -0.6476943492889404,
            0.0616990327835083
        ],
        [
            -0.22166034579277039,
            -0.557327389717102,
            -0.22209618985652924
        ],
        [
            -0.18834084272384644,
            -0.2869186997413635,
            -0.2718629240989685
        ],
        [
            -0.29041627049446106,
            -0.12443208694458008,
            -0.14060881733894348
        ],
        [
            -0.24006816744804382,
            -0.6436820030212402,
            -0.09210660308599472
        ],
        [
            -0.40336889028549194,
            -0.7587522268295288,
            -0.1058078408241272
        ],
        [
            0.02274957112967968,
            -0.2505840063095093,
            0.00978401955217123
        ],
        [
            -0.2081577181816101,
            -0.5993996858596802,
            -0.07881180942058563
        ],
        [
            -0.0769762471318245,
            -0.47073453664779663,
            -0.049713220447301865
        ],
        [
            -0.3510797917842865,
            -0.6575249433517456,
            -0.09899713844060898
        ],
        [
            -0.41021811962127686,
            -0.7787113189697266,
            -0.10337652266025543
        ]
    ],
    "pred_vertices": [
        [
            -0.461102694272995,
            -0.7071311473846436,
            -0.14989331364631653
        ],
        [
            -0.45624667406082153,
            -0.6928951740264893,
            -0.14292621612548828
        ],
        [
            -0.4468431770801544,
            -0.6960523724555969,
            -0.15358534455299377
        ],
        [
            -0.4467582106590271,
            -0.7094091176986694,
            -0.15953344106674194
        ],
        [
            -0.4448414444923401,
            -0.6854321360588074,
            -0.14881250262260437
        ],
        [
            -0.4512351453304291,
            -0.6825451850891113,
            -0.13941694796085358
        ],
        [
            -0.4344392418861389,
            -0.6979367136955261,
            -0.1597035825252533
        ],
        [
            -0.43112510442733765,
            -0.7099827527999878,
            -0.1649273782968521
        ],
        [
            -0.40016719698905945,
            -0.6790663003921509,
            -0.1606457382440567
        ],
        [
            -0.38990479707717896,
            -0.6818846464157104,
            -0.1640169620513916
        ],
        [
            -0.39997977018356323,
            -0.6901329755783081,
            -0.16507945954799652
        ],
        [
            -0.407423198223114,
            -0.685510516166687,
            -0.1604774296283722
        ],
        [
            -0.3803631067276001,
            -0.663009524345398,
            -0.1564832180738449
        ],
        [
            -0.3804666996002197,
            -0.6508181095123291,
            -0.14975230395793915
        ],
        [
            -0.3671490550041199,
            -0.6506822109222412,
            -0.15075626969337463
        ],
        [
            -0.36612191796302795,
            -0.6629971265792847,
            -0.1566009819507599
        ],
        [
            -0.4097970724105835,
            -0.646825909614563,
            -0.12019051611423492
        ],
        [
            -0.4040560722351074,
            -0.6424348950386047,
            -0.12472701817750931
        ],
        [
            -0.40758806467056274,
            -0.6476892232894897,
            -0.12928813695907593
        ],
        [
            -0.4126461446285248,
            -0.6517224311828613,
            -0.12387654185295105
        ],
        [
            -0.42208030819892883,
            -0.6504449844360352,
            -0.11237721145153046
        ],
        [
            -0.4231626093387604,
            -0.6567891240119934,
            -0.11382894217967987
        ],
        [
            -0.43025779724121094,
            -0.6561715602874756,
            -0.10991033911705017
        ],
        [
            -0.42925482988357544,
            -0.6486482620239258,
            -0.10912542790174484
        ],
        [
            -0.40694311261177063,
            -0.6429473161697388,
            -0.11429554969072342
        ],
        [
            -0.40063148736953735,
            -0.6387766003608704,
            -0.11912525445222855
        ],
        [
            -0.4152119755744934,
            -0.6501419544219971,
            -0.11617133021354675
        ],
        [
            -0.4143354296684265,
            -0.6456465125083923,
            -0.11396560817956924
        ],
        [
            -0.4182208478450775,
            -0.6342666149139404,
            -0.11068235337734222
        ],
        [
            -0.42021527886390686,
            -0.6387026309967041,
            -0.11273674666881561
        ],
        [
            -0.42645055055618286,
            -0.6347531080245972,
            -0.10995326936244965
        ],
        [
            -0.4221758246421814,
            -0.6312453746795654,
            -0.10792185366153717
        ],
        [
            -0.4106912910938263,
            -0.6398031711578369,
            -0.11332358419895172
        ],
        [
            -0.41470879316329956,
            -0.6400876045227051,
            -0.11426307260990143
        ],
        [
            -0.4141645133495331,
            -0.6359145045280457,
            -0.11145118623971939
        ],
        [
            -0.41045138239860535,
            -0.6365006566047668,
            -0.10966512560844421
        ],
        [
            -0.42149943113327026,
            -0.6452826857566833,
            -0.11166048049926758
        ],
        [
            -0.42829930782318115,
            -0.6419677138328552,
            -0.1092788428068161
        ],
        [
            -0.43489348888397217,
            -0.6383671760559082,
            -0.10584478080272675
        ],
        [
            -0.4315784275531769,
            -0.6301708221435547,
            -0.10587908327579498
        ],
        [
            -0.3888576626777649,
            -0.6365198493003845,
            -0.13357549905776978
        ],
        [
            -0.3972886800765991,
            -0.6386926770210266,
            -0.12992718815803528
        ],
        [
            -0.3946217894554138,
            -0.6350616216659546,
            -0.12427063286304474
        ],
        [
            -0.38821449875831604,
            -0.6327342987060547,
            -0.1281905472278595
        ],
        [
            -0.4055003821849823,
            -0.6365595459938049,
            -0.11032792925834656
        ],
        [
            -0.3940528631210327,
            -0.6249681711196899,
            -0.11199434101581573
        ],
        [
            -0.39687371253967285,
            -0.6274785399436951,
            -0.11277101933956146
        ],
        [
            -0.40100210905075073,
            -0.625754714012146,
            -0.10707449913024902
        ],
        [
            -0.39812979102134705,
            -0.6235050559043884,
            -0.1069508045911789
        ],
        [
            -0.37208127975463867,
            -0.6318259239196777,
            -0.13631781935691833
        ],
        [
            -0.37516674399375916,
            -0.6280328035354614,
            -0.13097184896469116
        ],
        [
            -0.36839157342910767,
            -0.624872088432312,
            -0.13036425411701202
        ],
        [
            -0.36372649669647217,
            -0.6285916566848755,
            -0.13468597829341888
        ],
        [
            -0.36395806074142456,
            -0.6216965913772583,
            -0.12665808200836182
        ],
        [
            -0.35616832971572876,
            -0.6252153515815735,
            -0.13186052441596985
        ],
        [
            -0.3470141887664795,
            -0.61478590965271,
            -0.12113890051841736
        ],
        [
            -0.35088804364204407,
            -0.6195467710494995,
            -0.12644222378730774
        ],
        [
            -0.36061036586761475,
            -0.6173924803733826,
            -0.12203682959079742
        ],
        [
            -0.3596588969230652,
            -0.6116810441017151,
            -0.11617164313793182
        ],
        [
            -0.36999940872192383,
            -0.6097802519798279,
            -0.10610932111740112
        ],
        [
            -0.3716926574707031,
            -0.6074463725090027,
            -0.10031493008136749
        ],
        [
            -0.36099424958229065,
            -0.5999323129653931,
            -0.10306723415851593
        ],
        [
            -0.36026012897491455,
            -0.6048392653465271,
            -0.10907990485429764
        ],
        [
            -0.38665154576301575,
            -0.62339186668396,
            -0.11064092814922333
        ],
        [
            -0.3842470943927765,
            -0.6252106428146362,
            -0.11440476775169373
        ],
        [
            -0.3868929147720337,
            -0.6245923042297363,
            -0.11508063971996307
        ],
        [
            -0.39042115211486816,
            -0.6233354806900024,
            -0.11137088388204575
        ],
        [
            -0.3823680281639099,
            -0.6260706782341003,
            -0.11786165088415146
        ],
        [
            -0.3814629912376404,
            -0.6262885332107544,
            -0.11944182217121124
        ],
        [
            -0.38324594497680664,
            -0.6263510584831238,
            -0.11950471997261047
        ],
        [
            -0.3833637535572052,
            -0.6260327100753784,
            -0.11819714307785034
        ],
        [
            -0.3837886452674866,
            -0.6254901885986328,
            -0.11616238951683044
        ],
        [
            -0.3828267753124237,
            -0.6239338517189026,
            -0.1148831769824028
        ],
        [
            -0.3822833001613617,
            -0.6252370476722717,
            -0.11685545742511749
        ],
        [
            -0.3846262991428375,
            -0.6215323805809021,
            -0.1114589124917984
        ],
        [
            -0.3902076482772827,
            -0.6157159805297852,
            -0.0991244688630104
        ],
        [
            -0.3889189064502716,
            -0.6164456605911255,
            -0.10284437984228134
        ],
        [
            -0.39151835441589355,
            -0.6202820539474487,
            -0.10191347450017929
        ],
        [
            -0.39291316270828247,
            -0.6199778318405151,
            -0.09876574575901031
        ],
        [
            -0.3862677812576294,
            -0.6267363429069519,
            -0.11843626201152802
        ],
        [
            -0.38654381036758423,
            -0.6279557943344116,
            -0.12080148607492447
        ],
        [
            -0.39135807752609253,
            -0.6276810169219971,
            -0.11760483682155609
        ],
        [
            -0.38911664485931396,
            -0.6262279152870178,
            -0.11603544652462006
        ],
        [
            -0.38752877712249756,
            -0.6291413307189941,
            -0.12390629947185516
        ],
        [
            -0.3834655284881592,
            -0.6275528073310852,
            -0.12188714742660522
        ],
        [
            -0.38337498903274536,
            -0.6286242604255676,
            -0.12490250915288925
        ],
        [
            -0.3803148567676544,
            -0.6251287460327148,
            -0.11861427128314972
        ],
        [
            -0.3778316378593445,
            -0.6248010396957397,
            -0.12099328637123108
        ],
        [
            -0.38032644987106323,
            -0.6258698105812073,
            -0.12204798310995102
        ],
        [
            -0.3760187029838562,
            -0.6223723292350769,
            -0.1184675544500351
        ],
        [
            -0.3799613118171692,
            -0.6232345700263977,
            -0.11584165692329407
        ],
        [
            -0.3809898793697357,
            -0.6201528310775757,
            -0.11230050772428513
        ],
        [
            -0.38280147314071655,
            -0.616817831993103,
            -0.10778259485960007
        ],
        [
            -0.37688782811164856,
            -0.6153847575187683,
            -0.1093064546585083
        ],
        [
            -0.3758631944656372,
            -0.6189249157905579,
            -0.11439754068851471
        ],
        [
            -0.39345604181289673,
            -0.6312291026115417,
            -0.12010278552770615
        ],
        [
            -0.37806978821754456,
            -0.6266201734542847,
            -0.1259557604789734
        ],
        [
            -0.38212722539901733,
            -0.6312105655670166,
            -0.13000887632369995
        ],
        [
            -0.37390372157096863,
            -0.6240692734718323,
            -0.12507513165473938
        ],
        [
            -0.37067711353302,
            -0.6213134527206421,
            -0.1222405731678009
        ],
        [
            -0.3692103326320648,
            -0.6179031133651733,
            -0.1171519011259079
        ],
        [
            -0.36930352449417114,
            -0.6134477853775024,
            -0.11195202171802521
        ],
        [
            -0.34629225730895996,
            -0.6013044714927673,
            -0.10332031548023224
        ],
        [
            -0.34681427478790283,
            -0.60693359375,
            -0.11154356598854065
        ],
        [
            -0.4438870847225189,
            -0.6792000532150269,
            -0.13632094860076904
        ],
        [
            -0.4406333267688751,
            -0.6799184679985046,
            -0.1448480188846588
        ],
        [
            -0.4313918650150299,
            -0.6776480078697205,
            -0.1440718024969101
        ],
        [
            -0.43262308835983276,
            -0.67893385887146,
            -0.14610478281974792
        ],
        [
            -0.43672171235084534,
            -0.6784263849258423,
            -0.14119169116020203
        ],
        [
            -0.43412598967552185,
            -0.6768269538879395,
            -0.1403035819530487
        ],
        [
            -0.4136660397052765,
            -0.6827600002288818,
            -0.1554500311613083
        ],
        [
            -0.41877004504203796,
            -0.6809351444244385,
            -0.15130366384983063
        ],
        [
            -0.4148171842098236,
            -0.6795843839645386,
            -0.15060551464557648
        ],
        [
            -0.4081156849861145,
            -0.6787567734718323,
            -0.15576764941215515
        ],
        [
            -0.41518065333366394,
            -0.6698240041732788,
            -0.14264962077140808
        ],
        [
            -0.4132671356201172,
            -0.6728439927101135,
            -0.14665651321411133
        ],
        [
            -0.4205837845802307,
            -0.6754137277603149,
            -0.14441028237342834
        ],
        [
            -0.42196810245513916,
            -0.6732953190803528,
            -0.14140211045742035
        ],
        [
            -0.4234335720539093,
            -0.6718758940696716,
            -0.1377745121717453
        ],
        [
            -0.424757182598114,
            -0.6713696718215942,
            -0.1334620714187622
        ],
        [
            -0.4205494821071625,
            -0.6679300665855408,
            -0.13325786590576172
        ],
        [
            -0.41798871755599976,
            -0.6683535575866699,
            -0.13797910511493683
        ],
        [
            -0.4392061233520508,
            -0.678672194480896,
            -0.13502483069896698
        ],
        [
            -0.4392733573913574,
            -0.6785975694656372,
            -0.12744373083114624
        ],
        [
            -0.43647658824920654,
            -0.6768271923065186,
            -0.12864527106285095
        ],
        [
            -0.436563640832901,
            -0.676419734954834,
            -0.13487672805786133
        ],
        [
            -0.4294351637363434,
            -0.6764280796051025,
            -0.11738048493862152
        ],
        [
            -0.431812584400177,
            -0.6773052215576172,
            -0.1189848929643631
        ],
        [
            -0.43417617678642273,
            -0.6774803996086121,
            -0.11570300161838531
        ],
        [
            -0.4304024577140808,
            -0.6750915050506592,
            -0.1142338216304779
        ],
        [
            -0.42799046635627747,
            -0.6728529930114746,
            -0.11624351143836975
        ],
        [
            -0.4283452332019806,
            -0.6748701333999634,
            -0.11857909709215164
        ],
        [
            -0.4757124185562134,
            -0.7230810523033142,
            -0.1430610716342926
        ],
        [
            -0.47110849618911743,
            -0.7066081762313843,
            -0.13705697655677795
        ],
        [
            -0.4608519375324249,
            -0.7268863916397095,
            -0.15637730062007904
        ],
        [
            -0.4442519545555115,
            -0.7276987433433533,
            -0.16413614153862
        ],
        [
            -0.42726361751556396,
            -0.7238119840621948,
            -0.16967853903770447
        ],
        [
            -0.3693416714668274,
            -0.6397744417190552,
            -0.14343522489070892
        ],
        [
            -0.35858529806137085,
            -0.637763261795044,
            -0.14300569891929626
        ],
        [
            -0.35431331396102905,
            -0.6511179208755493,
            -0.151109516620636
        ],
        [
            -0.3440196216106415,
            -0.6468434929847717,
            -0.14756987988948822
        ],
        [
            -0.34893128275871277,
            -0.6331360936164856,
            -0.13931059837341309
        ],
        [
            -0.33560383319854736,
            -0.6212723255157471,
            -0.12312618643045425
        ],
        [
            -0.34101438522338867,
            -0.6269890069961548,
            -0.13270865380764008
        ],
        [
            -0.3338165879249573,
            -0.6428115963935852,
            -0.14141657948493958
        ],
        [
            -0.33083879947662354,
            -0.6618999242782593,
            -0.15047644078731537
        ],
        [
            -0.3414805829524994,
            -0.6625048518180847,
            -0.15409159660339355
        ],
        [
            -0.3321463465690613,
            -0.6816298365592957,
            -0.1559845507144928
        ],
        [
            -0.31822964549064636,
            -0.6637166738510132,
            -0.1438572108745575
        ],
        [
            -0.32592839002609253,
            -0.6869733333587646,
            -0.1522449254989624
        ],
        [
            -0.30057087540626526,
            -0.6346107721328735,
            -0.1229778453707695
        ],
        [
            -0.2913673520088196,
            -0.6282007694244385,
            -0.12338492274284363
        ],
        [
            -0.28542280197143555,
            -0.6410319805145264,
            -0.13629411160945892
        ],
        [
            -0.2948112189769745,
            -0.6476026773452759,
            -0.13588687777519226
        ],
        [
            -0.3524891138076782,
            -0.6628844738006592,
            -0.1565837264060974
        ],
        [
            -0.4021098017692566,
            -0.7022143006324768,
            -0.1679680496454239
        ],
        [
            -0.4102560579776764,
            -0.6950584650039673,
            -0.16472762823104858
        ],
        [
            -0.39026904106140137,
            -0.6963728666305542,
            -0.16787254810333252
        ],
        [
            -0.4300957918167114,
            -0.7583314180374146,
            -0.17535719275474548
        ],
        [
            -0.4395795464515686,
            -0.7433269023895264,
            -0.1702997386455536
        ],
        [
            -0.4235195517539978,
            -0.7372419834136963,
            -0.17488223314285278
        ],
        [
            -0.4167065918445587,
            -0.7519773840904236,
            -0.17891040444374084
        ],
        [
            -0.4646775722503662,
            -0.7771574258804321,
            -0.15334457159042358
        ],
        [
            -0.47371748089790344,
            -0.7504576444625854,
            -0.15079888701438904
        ],
        [
            -0.4585004448890686,
            -0.74808269739151,
            -0.16018278896808624
        ],
        [
            -0.45051226019859314,
            -0.7687442302703857,
            -0.16451790928840637
        ],
        [
            -0.40764302015304565,
            -0.7619752883911133,
            -0.18009258806705475
        ],
        [
            -0.3957112729549408,
            -0.7761330008506775,
            -0.18009307980537415
        ],
        [
            -0.4026016891002655,
            -0.7917740941047668,
            -0.17767854034900665
        ],
        [
            -0.418854296207428,
            -0.7764301300048828,
            -0.17747478187084198
        ],
        [
            -0.4138849377632141,
            -0.8114451169967651,
            -0.16833417117595673
        ],
        [
            -0.43380269408226013,
            -0.7930099964141846,
            -0.16760174930095673
        ],
        [
            -0.3103694021701813,
            -0.6839303374290466,
            -0.14734242856502533
        ],
        [
            -0.3203970789909363,
            -0.6996579766273499,
            -0.15166787803173065
        ],
        [
            -0.3069528341293335,
            -0.6542841196060181,
            -0.13628846406936646
        ],
        [
            -0.300143837928772,
            -0.6708167791366577,
            -0.1441085934638977
        ],
        [
            -0.4233280420303345,
            -0.8263996839523315,
            -0.1521112620830536
        ],
        [
            -0.4473823010921478,
            -0.8055524826049805,
            -0.15211576223373413
        ],
        [
            -0.34749114513397217,
            -0.7961224317550659,
            -0.16513356566429138
        ],
        [
            -0.3649444580078125,
            -0.8025363683700562,
            -0.16994160413742065
        ],
        [
            -0.3661246597766876,
            -0.782110333442688,
            -0.1752038300037384
        ],
        [
            -0.349589467048645,
            -0.7785971164703369,
