{
    "pred_cam": [
        2.0239500999450684,
        0.16715066134929657,
        0.4702892005443573
    ],
    "pred_smpl_params": {
        "global_orient": [
            [
                [
                    0.3428853750228882,
                    -0.1263395994901657,
                    -0.9308426380157471
                ],
                [
                    0.28321194648742676,
                    -0.9309035539627075,
                    0.23067188262939453
                ],
                [
                    -0.8956677317619324,
                    -0.3427197337150574,
                    -0.2834123373031616
                ]
            ]
        ],
        "body_pose": [
            [
                [
                    0.9943078756332397,
                    -0.05426840856671333,
                    0.09168917685747147
                ],
                [
                    0.015752986073493958,
                    0.925983726978302,
                    0.3772345781326294
                ],
                [
                    -0.10537460446357727,
                    -0.3736428916454315,
                    0.9215677976608276
                ]
            ],
            [
                [
                    0.9772789478302002,
                    0.21142132580280304,
                    0.015063061378896236
                ],
                [
                    -0.2076343297958374,
                    0.940646767616272,
                    0.2684614360332489
                ],
                [
                    0.0425894558429718,
                    -0.2654893100261688,
                    0.9631726145744324
                ]
            ],
            [
                [
                    0.9972872734069824,
                    -0.07048600912094116,
                    -0.021209783852100372
                ],
                [
                    0.05890959873795509,
                    0.9370584487915039,
                    -0.34416741132736206
                ],
                [
                    0.04413378983736038,
                    0.3419843018054962,
                    0.9386687874794006
                ]
            ],
            [
                [
                    0.979114830493927,
                    0.19982947409152985,
                    0.037448763847351074
                ],
                [
                    -0.11508144438266754,
                    0.6965864896774292,
                    -0.7081832885742188
                ],
                [
                    -0.16760221123695374,
                    0.6890830397605896,
                    0.7050348520278931
                ]
            ],
            [
                [
                    0.9872711896896362,
                    -0.046302665024995804,
                    0.15215717256069183
                ],
                [
                    0.1226876750588417,
                    0.8305070400238037,
                    -0.5433285236358643
                ],
                [
                    -0.10121003538370132,
                    0.5550803542137146,
                    0.8256164193153381
                ]
            ],
            [
                [
                    0.9978935718536377,
                    -0.05433579906821251,
                    -0.035440366715192795
                ],
                [
                    0.05402651056647301,
                    0.9984931349754333,
                    -0.009627897292375565
                ],
                [
                    0.035910096019506454,
                    0.007692898157984018,
                    0.9993254542350769
                ]
            ],
            [
                [
                    0.9783574938774109,
                    -0.00011012449976988137,
                    0.20692190527915955
                ],
                [
                    -0.02557995542883873,
                    0.992264986038208,
                    0.12147361785173416
                ],
                [
                    -0.20533473789691925,
                    -0.12413765490055084,
                    0.9707870483398438
                ]
            ],
            [
                [
                    0.9774528741836548,
                    -0.06081012263894081,
                    -0.2022079974412918
                ],
                [
                    0.07260467112064362,
                    0.9960341453552246,
                    0.05142570659518242
                ],
                [
                    0.19827885925769806,
                    -0.0649474486708641,
                    0.97799152135849
                ]
            ],
            [
                [
                    0.998975932598114,
                    -0.0220304187387228,
                    -0.03951829671859741
                ],
                [
                    0.020405258983373642,
                    0.9989479780197144,
                    -0.041066497564315796
                ],
                [
                    0.04038143903017044,
                    0.040218062698841095,
                    0.9983745217323303
                ]
            ],
            [
                [
                    0.9897803664207458,
                    -0.09587156027555466,
                    0.10556218028068542
                ],
                [
                    0.08925905078649521,
                    0.9938400387763977,
                    0.06568758189678192
                ],
                [
                    -0.11120948195457458,
                    -0.05559390038251877,
                    0.9922407865524292
                ]
            ],
            [
                [
                    0.9868303537368774,
                    0.14447933435440063,
                    0.07274338603019714
                ],
                [
                    -0.15335150063037872,
                    0.9786968231201172,
                    0.1365130990743637
                ],
                [
                    -0.051470398902893066,
                    -0.14587056636810303,
                    0.987963855266571
                ]
            ],
            [
                [
                    0.9760187268257141,
                    -0.15510092675685883,
                    0.15274538099765778
                ],
                [
                    0.1513599008321762,
                    0.9878267645835876,
                    0.03589474782347679
                ],
                [
                    -0.15645329654216766,
                    -0.011914419941604137,
                    0.9876134991645813
                ]
            ],
            [
                [
                    0.8829361796379089,
                    0.33610981702804565,
                    -0.32780173420906067
                ],
                [
                    -0.32843971252441406,
                    0.9411051273345947,
                    0.0803026631474495
                ],
                [
                    0.33548641204833984,
                    0.03676099330186844,
                    0.9413275718688965
                ]
            ],
            [
                [
                    0.9463139772415161,
                    -0.19131843745708466,
                    0.2605513036251068
                ],
                [
                    0.17609359323978424,
                    0.9810514450073242,
                    0.08080316334962845
                ],
                [
                    -0.2710733711719513,
                    -0.03058374859392643,
                    0.9620726704597473
                ]
            ],
            [
                [
                    0.9899138808250427,
                    -0.01548337284475565,
                    0.1408216953277588
                ],
                [
                    0.04807385429739952,
                    0.9717429280281067,
                    -0.23109444975852966
                ],
                [
                    -0.13326434791088104,
                    0.2355334460735321,
                    0.9626861810684204
                ]
            ],
            [
                [
                    0.7056049108505249,
                    0.6294333338737488,
                    -0.3254770040512085
                ],
                [
                    -0.6064328551292419,
                    0.7739962339401245,
                    0.1821235567331314
                ],
                [
                    0.3665526509284973,
                    0.06887267529964447,
                    0.9278445839881897
                ]
            ],
            [
                [
                    0.7421241998672485,
                    -0.509528398513794,
                    0.43546801805496216
                ],
                [
                    0.53411465883255,
                    0.8420743346214294,
                    0.0750487893819809
                ],
                [
                    -0.40493592619895935,
                    0.17689433693885803,
                    0.8970703482627869
                ]
            ],
            [
                [
                    0.7541067600250244,
                    -0.10619430989027023,
                    -0.6481094360351562
                ],
                [
                    0.11704009771347046,
                    0.9927739500999451,
                    -0.026486603543162346
                ],
                [
                    0.6462388634681702,
                    -0.055881060659885406,
                    0.7610865235328674
                ]
            ],
            [
                [
                    0.012048383243381977,
                    0.31532958149909973,
                    0.9489057660102844
                ],
                [
                    -0.22363215684890747,
                    0.9257867932319641,
                    -0.3048074543476105
                ],
                [
                    -0.9745991230010986,
                    -0.20853343605995178,
                    0.0816720724105835
                ]
            ],
            [
                [
                    0.9924329519271851,
                    -0.12240585684776306,
                    -0.009682866744697094
                ],
                [
                    0.1191512793302536,
                    0.9790889620780945,
                    -0.1648871898651123
                ],
                [
                    0.02966354601085186,
                    0.162485733628273,
                    0.9862649440765381
                ]
            ],
            [
                [
                    0.9797428250312805,
                    0.19025129079818726,
                    0.0625174269080162
                ],
                [
                    -0.18832308053970337,
                    0.9814666509628296,
                    -0.035463642328977585
                ],
                [
                    -0.06810576468706131,
                    0.022971775382757187,
                    0.9974136352539062
                ]
            ],
            [
                [
                    0.9827228784561157,
                    0.16513149440288544,
                    -0.083590067923069
                ],
                [
                    -0.15218213200569153,
                    0.9779736399650574,
                    0.14285686612129211
                ],
                [
                    0.10533906519412994,
                    -0.12766779959201813,
                    0.986207127571106
                ]
            ],
            [
                [
                    0.9727744460105896,
                    -0.20567800104618073,
                    0.10680057108402252
                ],
                [
                    0.19293004274368286,
                    0.9740275740623474,
                    0.11852564662694931
                ],
                [
                    -0.12840481102466583,
                    -0.09469369053840637,
                    0.9871906042098999
                ]
            ]
        ],
        "betas": [
            0.14921697974205017,
            0.15383252501487732,
            -0.12601087987422943,
            0.25191670656204224,
            0.19030143320560455,
            -0.08015065640211105,
            -0.11810413002967834,
            0.07876202464103699,
            0.12071409076452255,
            -0.04065650701522827
        ]
    },
    "pred_cam_t": [
        0.16715066134929657,
        0.4702892005443573,
        19.30013084411621
    ],
    "focal_length": [
        5000.0,
        5000.0
    ],
    "pred_keypoints_3d": [
        [
            -0.3652772307395935,
            -0.6681140661239624,
            -0.19477629661560059
        ],
        [
            -0.18143242597579956,
            -0.6718339920043945,
            -0.13307830691337585
        ],
        [
            -0.1898980587720871,
            -0.6340191960334778,
            0.061763353645801544
        ],
        [
            -0.23743844032287598,
            -0.4470413327217102,
            0.23248454928398132
        ],
        [
            -0.4411483407020569,
            -0.38824301958084106,
            0.08478657901287079
        ],
        [
            -0.12315157800912857,
            -0.5397409200668335,
            -0.27590298652648926
        ],
        [
            -0.09402521699666977,
            -0.2778260111808777,
            -0.29666006565093994
        ],
        [
            -0.2588721811771393,
            -0.08679234981536865,
            -0.28866907954216003
        ],
        [
            -0.0020692297257483006,
            -0.2263522446155548,
            0.026720266789197922
        ],
        [
            -0.008640450425446033,
            -0.16216088831424713,
            0.11878776550292969
        ],
        [
            -0.09104504436254501,
            0.15721462666988373,
            0.3219326436519623
        ],
        [
            0.09577783197164536,
            0.4474600553512573,
            0.5315460562705994
        ],
        [
            0.03987562283873558,
            -0.12355212867259979,
            -0.0010069366544485092
        ],
        [
            -0.021887511014938354,
            0.24940191209316254,
            0.031469836831092834
        ],
        [
            0.1500624269247055,
            0.49852728843688965,
            0.2983717918395996
        ],
        [
            -0.3758493661880493,
            -0.7160807847976685,
            -0.15682128071784973
        ],
        [
            -0.35602933168411255,
            -0.723079264163971,
            -0.22033819556236267
        ],
        [
            -0.3097594976425171,
            -0.758625864982605,
            -0.0860968604683876
        ],
        [
            -0.2670069932937622,
            -0.7737611532211304,
            -0.22816181182861328
        ],
        [
            0.03742852807044983,
            0.6570714712142944,
            0.23708149790763855
        ],
        [
            0.11881682276725769,
            0.6463848352432251,
            0.22116318345069885
        ],
        [
            0.2060016393661499,
            0.4908908009529114,
            0.3394409120082855
        ],
        [
            -0.0589061975479126,
            0.5732084512710571,
            0.5276702642440796
        ],
        [
            -0.04058867692947388,
            0.5282561779022217,
            0.6017378568649292
        ],
        [
            0.16180062294006348,
            0.4560035169124603,
            0.5634498596191406
        ],
        [
            0.09318744391202927,
            0.3867890238761902,
            0.5260709524154663
        ],
        [
            -0.08700196444988251,
            0.10322228074073792,
            0.2872515618801117
        ],
        [
            -0.04209033399820328,
            -0.301815003156662,
            0.14852102100849152
        ],
        [
            0.07443743944168091,
            -0.20866744220256805,
            -0.10099554061889648
        ],
        [
            -0.01604573056101799,
            0.21382348239421844,
            0.010890101082623005
        ],
        [
            0.16038480401039124,
            0.46027871966362,
            0.2790517210960388
        ],
        [
            -0.41511818766593933,
            -0.4131084382534027,
            0.07266581058502197
        ],
        [
            -0.2646065354347229,
            -0.4804503321647644,
            0.22639082372188568
        ],
        [
            -0.19270652532577515,
            -0.6529190540313721,
            0.025365859270095825
        ],
        [
            -0.130477637052536,
            -0.5811123847961426,
            -0.2632634937763214
        ],
        [
            -0.12551163136959076,
            -0.3021179735660553,
            -0.32743483781814575
        ],
        [
            -0.26452499628067017,
            -0.10610368102788925,
            -0.29477977752685547
        ],
        [
            -0.18436883389949799,
            -0.6624879837036133,
            -0.1370103657245636
        ],
        [
            -0.3324456214904785,
            -0.7979893088340759,
            -0.17086966335773468
        ],
        [
            0.016041286289691925,
            -0.25552472472190857,
            0.02318611554801464
        ],
        [
            -0.16025622189044952,
            -0.6135258078575134,
            -0.11736306548118591
        ],
        [
            -0.05296679586172104,
            -0.4755457043647766,
            -0.057110801339149475
        ],
        [
            -0.28985071182250977,
            -0.6927613615989685,
            -0.1729317307472229
        ],
        [
            -0.3384667634963989,
            -0.817913293838501,
            -0.16608291864395142
        ]
    ],
    "pred_vertices": [
        [
            -0.3816070854663849,
            -0.7607177495956421,
            -0.23626841604709625
        ],
        [
            -0.37946635484695435,
            -0.7452389597892761,
            -0.23125267028808594
        ],
        [
            -0.3675718903541565,
            -0.7491315603256226,
            -0.23854659497737885
        ],
        [
            -0.36530864238739014,
            -0.7634520530700684,
            -0.24165987968444824
        ],
        [
            -0.3674343228340149,
            -0.7378981709480286,
            -0.23599007725715637
        ],
        [
            -0.37601837515830994,
            -0.7340766191482544,
            -0.2286948263645172
        ],
        [
            -0.3540300130844116,
            -0.750973105430603,
            -0.24127426743507385
        ],
        [
            -0.34881752729415894,
            -0.7634321451187134,
            -0.24330973625183105
        ],
        [
            -0.3220919370651245,
            -0.7297532558441162,
            -0.2385404258966446
        ],
        [
            -0.3111633062362671,
            -0.7321032285690308,
            -0.23907938599586487
        ],
        [
            -0.31989243626594543,
            -0.7410247325897217,
            -0.24073860049247742
        ],
        [
            -0.3285161852836609,
            -0.7362706661224365,
            -0.238917738199234
        ],
        [
            -0.3042828142642975,
            -0.7109349966049194,
            -0.23379532992839813
        ],
        [
            -0.30669504404067993,
            -0.6979996562004089,
            -0.22945062816143036
        ],
        [
            -0.2934590280056,
            -0.6965691447257996,
            -0.22762049734592438
        ],
        [
            -0.2903025150299072,
            -0.7095341682434082,
            -0.23061582446098328
        ],
        [
            -0.3424830138683319,
            -0.6917980909347534,
            -0.20843541622161865
        ],
        [
            -0.33605635166168213,
            -0.6877328753471375,
            -0.2123534083366394
        ],
        [
            -0.3381267488002777,
            -0.6941100358963013,
            -0.21641811728477478
        ],
        [
            -0.34409937262535095,
            -0.6976220607757568,
            -0.21157032251358032
        ],
        [
            -0.35592037439346313,
            -0.6950684785842896,
            -0.20305301249027252
        ],
        [
            -0.35626599192619324,
            -0.7016334533691406,
            -0.20344072580337524
        ],
        [
            -0.36407896876335144,
            -0.7010906338691711,
            -0.20130372047424316
        ],
        [
            -0.36373066902160645,
            -0.6934725046157837,
            -0.20178386569023132
        ],
        [
            -0.34128129482269287,
            -0.68666672706604,
            -0.2029329389333725
        ],
        [
            -0.3342680335044861,
            -0.6827259063720703,
            -0.207037553191185
        ],
        [
            -0.3485140800476074,
            -0.6949633359909058,
            -0.20514130592346191
        ],
        [
            -0.3482811748981476,
            -0.6898111701011658,
            -0.20388516783714294
        ],
        [
            -0.3534946143627167,
            -0.6784321069717407,
            -0.2037675380706787
        ],
        [
            -0.35472238063812256,
            -0.6833868026733398,
            -0.20532089471817017
        ],
        [
            -0.36161115765571594,
            -0.6797455549240112,
            -0.20459572970867157
        ],
        [
            -0.35817232728004456,
            -0.6754720211029053,
            -0.20248758792877197
        ],
        [
            -0.34518417716026306,
            -0.6836144924163818,
            -0.20341843366622925
        ],
        [
            -0.34887170791625977,
            -0.6844891309738159,
            -0.2051679491996765
        ],
        [
            -0.3492056727409363,
            -0.6797958612442017,
            -0.20316673815250397
        ],
        [
            -0.34598371386528015,
            -0.6797211170196533,
            -0.20049771666526794
        ],
        [
            -0.3557749092578888,
            -0.6898600459098816,
            -0.20315924286842346
        ],
        [
            -0.3631317615509033,
            -0.686898946762085,
            -0.2029494047164917
        ],
        [
            -0.3705492317676544,
            -0.6834285259246826,
            -0.20170626044273376
        ],
        [
            -0.3678569197654724,
            -0.674884557723999,
            -0.2026912122964859
        ],
        [
            -0.3195538818836212,
            -0.6818785667419434,
            -0.21869024634361267
        ],
        [
            -0.32849058508872986,
            -0.6843938827514648,
            -0.21637670695781708
        ],
        [
            -0.3274401128292084,
            -0.6793737411499023,
            -0.21135905385017395
        ],
        [
            -0.32043251395225525,
            -0.6770555377006531,
            -0.21421580016613007
        ],
        [
            -0.34105992317199707,
            -0.6792715787887573,
            -0.2001747190952301
        ],
        [
            -0.33022621273994446,
            -0.6668499708175659,
            -0.20170903205871582
        ],
        [
            -0.332647442817688,
            -0.6697973012924194,
            -0.20254716277122498
        ],
        [
            -0.33806687593460083,
            -0.667509913444519,
            -0.19832292199134827
        ],
        [
            -0.3354472517967224,
            -0.664946436882019,
            -0.1980312466621399
        ],
        [
            -0.3027653098106384,
            -0.6759682893753052,
            -0.21870651841163635
        ],
        [
            -0.3072724938392639,
            -0.6715569496154785,
            -0.21507209539413452
        ],
        [
            -0.30094870924949646,
            -0.6676355600357056,
            -0.21368446946144104
        ],
        [
            -0.29510223865509033,
            -0.6715625524520874,
            -0.21611061692237854
        ],
        [
            -0.29765525460243225,
            -0.6632710695266724,
            -0.21009597182273865
        ],
        [
            -0.28858453035354614,
            -0.6668647527694702,
            -0.21260729432106018
        ],
        [
            -0.28299838304519653,
            -0.6539761424064636,
            -0.20218151807785034
        ],
        [
            -0.28507474064826965,
            -0.6598536968231201,
            -0.2073206603527069
        ],
        [
            -0.29576653242111206,
            -0.6579541563987732,
            -0.20577305555343628
        ],
        [
            -0.29660362005233765,
            -0.6512664556503296,
            -0.20104986429214478
        ],
        [
            -0.3091965913772583,
            -0.6488238573074341,
            -0.1936766356229782
        ],
        [
            -0.31233781576156616,
            -0.645628809928894,
            -0.1889587938785553
        ],
        [
            -0.3018365502357483,
            -0.6377455592155457,
            -0.19078600406646729
        ],
        [
            -0.2993183135986328,
            -0.6434304714202881,
            -0.19572480022907257
        ],
        [
            -0.3235211968421936,
            -0.6645922660827637,
            -0.19897077977657318
        ],
        [
            -0.3202008903026581,
            -0.6667758226394653,
            -0.20169058442115784
        ],
        [
            -0.3226865828037262,
            -0.6665723323822021,
            -0.20303142070770264
        ],
        [
            -0.32707440853118896,
            -0.6650714874267578,
            -0.20045863091945648
        ],
        [
            -0.3175007998943329,
            -0.6680265665054321,
            -0.20445072650909424
        ],
        [
            -0.3162499666213989,
            -0.6684445142745972,
            -0.20572906732559204
        ],
        [
            -0.3179960548877716,
            -0.6687062382698059,
            -0.20615756511688232
        ],
        [
            -0.3184264898300171,
            -0.668293833732605,
            -0.20475655794143677
        ],
        [
            -0.31929898262023926,
            -0.6674370765686035,
            -0.2030276656150818
        ],
        [
            -0.3187169134616852,
            -0.6656031608581543,
            -0.20187020301818848
        ],
        [
            -0.3176603615283966,
            -0.6670199036598206,
            -0.20362281799316406
        ],
        [
            -0.3213936984539032,
            -0.6628412008285522,
            -0.1994321346282959
        ],
        [
            -0.3299141228199005,
            -0.6550335884094238,
            -0.190311998128891
        ],
        [
            -0.32790717482566833,
            -0.656583845615387,
            -0.19329965114593506
        ],
        [
            -0.330442875623703,
            -0.6605170369148254,
            -0.19219765067100525
        ],
        [
            -0.33234745264053345,
            -0.6594637632369995,
            -0.18970976769924164
        ],
        [
            -0.32105520367622375,
            -0.6690552234649658,
            -0.20561787486076355
        ],
        [
            -0.32085007429122925,
            -0.6708036065101624,
            -0.20783013105392456
        ],
        [
            -0.3262867033481598,
            -0.670524001121521,
            -0.20584702491760254
        ],
        [
            -0.3245468735694885,
            -0.6685436964035034,
            -0.20415350794792175
        ],
        [
            -0.32098090648651123,
            -0.672792375087738,
            -0.21057525277137756
        ],
        [
            -0.3175671100616455,
            -0.6703307628631592,
            -0.20823261141777039
        ],
        [
            -0.3165985345840454,
            -0.6716883778572083,
            -0.21104028820991516
        ],
        [
            -0.3153499364852905,
            -0.6670296788215637,
            -0.20489996671676636
        ],
        [
            -0.31238317489624023,
            -0.6669020056724548,
            -0.20670345425605774
        ],
        [
            -0.3145461082458496,
            -0.6684005260467529,
            -0.2080547958612442
        ],
        [
            -0.31132233142852783,
            -0.6638635396957397,
            -0.2043904960155487
        ],
        [
            -0.315726637840271,
            -0.6646769046783447,
            -0.20251546800136566
        ],
        [
            -0.31772103905677795,
            -0.6611429452896118,
            -0.19994960725307465
        ],
        [
            -0.32075339555740356,
            -0.6572387218475342,
            -0.19668766856193542
        ],
        [
            -0.3147100806236267,
            -0.6555315256118774,
            -0.1971500813961029
        ],
        [
            -0.3122977614402771,
            -0.659808874130249,
            -0.20109343528747559
        ],
        [
            -0.32741862535476685,
            -0.6744347810745239,
            -0.20806562900543213
        ],
        [
            -0.31139475107192993,
            -0.6696078777313232,
            -0.21114379167556763
        ],
        [
            -0.3141472637653351,
            -0.6752047538757324,
            -0.21500074863433838
        ],
        [
            -0.30764397978782654,
            -0.66650390625,
            -0.20991957187652588
        ],
        [
            -0.30529236793518066,
            -0.6629480123519897,
            -0.20709693431854248
        ],
        [
            -0.3052409589290619,
            -0.6584535837173462,
            -0.20285573601722717
        ],
        [
            -0.3068617582321167,
            -0.6533564925193787,
            -0.1984645426273346
        ],
        [
            -0.2876148223876953,
            -0.6377863883972168,
            -0.18757127225399017
        ],
        [
            -0.28570008277893066,
            -0.6446306705474854,
            -0.19461779296398163
        ],
        [
            -0.3699142634868622,
            -0.7298015356063843,
            -0.2247134894132614
        ],
        [
            -0.36463606357574463,
            -0.7316495180130005,
            -0.23205243051052094
        ],
        [
            -0.35614755749702454,
            -0.7283728718757629,
            -0.22968539595603943
        ],
        [
            -0.3569507598876953,
            -0.7304916381835938,
            -0.231496661901474
        ],
        [
            -0.36191484332084656,
            -0.7291375398635864,
            -0.22797426581382751
        ],
        [
            -0.3597491979598999,
            -0.727163553237915,
            -0.2268284559249878
        ],
        [
            -0.335940420627594,
            -0.7336328029632568,
            -0.2356918454170227
        ],
        [
            -0.34198349714279175,
            -0.7316541075706482,
            -0.23312997817993164
        ],
        [
            -0.3383987247943878,
            -0.7295973300933838,
            -0.23220060765743256
        ],
        [
            -0.33075082302093506,
            -0.7290026545524597,
            -0.23587751388549805
        ],
        [
            -0.3410842716693878,
            -0.7186222076416016,
            -0.22656437754631042
        ],
        [
            -0.338151216506958,
            -0.7220674753189087,
            -0.2294991910457611
        ],
        [
            -0.345632940530777,
            -0.7251046299934387,
            -0.2281266748905182
        ],
        [
            -0.34779977798461914,
            -0.7226439714431763,
            -0.2259591519832611
        ],
        [
            -0.35011354088783264,
            -0.7207238674163818,
            -0.22308292984962463
        ],
        [
            -0.35247260332107544,
            -0.719460129737854,
            -0.2195868194103241
        ],
        [
            -0.348553329706192,
            -0.7157353162765503,
            -0.21897095441818237
        ],
        [
            -0.34493717551231384,
            -0.716728925704956,
            -0.22282437980175018
        ],
        [
            -0.3657740354537964,
            -0.728546142578125,
            -0.22239413857460022
        ],
        [
            -0.36758947372436523,
            -0.7271089553833008,
            -0.21537762880325317
        ],
        [
            -0.36463701725006104,
            -0.7253187894821167,
            -0.21611151099205017
        ],
        [
            -0.3633190989494324,
            -0.7260839343070984,
            -0.22209632396697998
        ],
        [
            -0.36039018630981445,
            -0.7221063375473022,
            -0.204145610332489
        ],
        [
            -0.3622854948043823,
            -0.7234611511230469,
            -0.2059670239686966
        ],
        [
            -0.3652799427509308,
            -0.7233895063400269,
            -0.2032684087753296
        ],
        [
            -0.3621510863304138,
            -0.7203840017318726,
            -0.20164979994297028
        ],
        [
            -0.3594743311405182,
            -0.718242883682251,
            -0.2034894824028015
        ],
        [
            -0.3591821491718292,
            -0.7206662893295288,
            -0.20534369349479675
        ],
        [
            -0.3965822458267212,
            -0.7772623896598816,
            -0.22948391735553741
        ],
        [
            -0.39440274238586426,
            -0.7592033743858337,
            -0.2261023223400116
        ],
        [
            -0.37848857045173645,
            -0.7818995714187622,
            -0.23832084238529205
        ],
        [
            -0.36066934466362,
            -0.7821686267852783,
            -0.2420702576637268
        ],
        [
            -0.3432648479938507,
            -0.777610182762146,
            -0.24438950419425964
        ],
        [
            -0.2979438304901123,
            -0.6848247051239014,
            -0.22324451804161072
        ],
        [
            -0.2876529097557068,
            -0.6815356016159058,
            -0.22106191515922546
        ],
        [
            -0.2808215022087097,
            -0.6955505013465881,
            -0.22523686289787292
        ],
        [
            -0.27176618576049805,
            -0.6896353960037231,
            -0.22048628330230713
        ],
        [
            -0.279366672039032,
            -0.6752198934555054,
            -0.21647661924362183
        ],
        [
            -0.2710939943790436,
            -0.6595920324325562,
            -0.20014216005802155
        ],
        [
            -0.2735212445259094,
            -0.6672349572181702,
            -0.209530770778656
        ],
        [
            -0.2635117173194885,
            -0.6836138963699341,
            -0.2129487693309784
        ],
        [
            -0.2571914494037628,
            -0.7035331130027771,
            -0.21717792749404907
        ],
        [
            -0.26676517724990845,
            -0.7056629657745361,
            -0.22323299944400787
        ],
        [
            -0.256003201007843,
            -0.7239453792572021,
            -0.21889084577560425
        ],
        [
            -0.24620212614536285,
            -0.7025160193443298,
            -0.2079683095216751
        ],
        [
            -0.2504096031188965,
            -0.7277039289474487,
            -0.21297425031661987
        ],
        [
            -0.23538151383399963,
            -0.6675819158554077,
            -0.18870407342910767
        ],
        [
            -0.2263072431087494,
            -0.6594973206520081,
            -0.18741224706172943
        ],
        [
            -0.21612092852592468,
            -0.6730940341949463,
            -0.19611923396587372
        ],
        [
            -0.22542724013328552,
            -0.6814577579498291,
            -0.1975400149822235
        ],
        [
            -0.2770174741744995,
            -0.7079166173934937,
            -0.2277144342660904
        ],
        [
            -0.32049253582954407,
            -0.7535262107849121,
            -0.24152395129203796
        ],
        [
            -0.329565167427063,
            -0.7467083930969238,
            -0.24145449697971344
        ],
        [
            -0.30934765934944153,
            -0.7462863922119141,
            -0.2404380738735199
        ],
        [
            -0.34239357709884644,
            -0.8127973079681396,
            -0.24342617392539978
        ],
        [
            -0.3537473976612091,
            -0.7980771064758301,
            -0.24377551674842834
        ],
        [
            -0.3374885320663452,
            -0.7911049127578735,
            -0.24605697393417358
        ],
        [
            -0.32883962988853455,
            -0.8056501150131226,
            -0.24530929327011108
        ],
        [
            -0.3798407316207886,
            -0.8306913375854492,
            -0.2259519100189209
        ],
        [
            -0.39092403650283813,
            -0.8050746917724609,
            -0.23077750205993652
        ],
        [
            -0.3742412328720093,
            -0.8028421401977539,
            -0.23734286427497864
        ],
        [
            -0.36422833800315857,
            -0.8230962753295898,
            -0.2355947196483612
        ],
        [
            -0.319208025932312,
            -0.8151261806488037,
            -0.24275456368923187
        ],
        [
            -0.30679967999458313,
            -0.8274779915809631,
            -0.23724862933158875
        ],
        [
            -0.3131468892097473,
            -0.8431766629219055,
            -0.23315764963626862
        ],
        [
            -0.32972604036331177,
            -0.8296096324920654,
            -0.23924614489078522
        ],
        [
            -0.32511067390441895,
            -0.8622779250144958,
            -0.22266292572021484
        ],
        [
            -0.34581679105758667,
            -0.8458266258239746,
            -0.22974646091461182
        ],
        [
            -0.2358899712562561,
            -0.7217087745666504,
            -0.2060454785823822
        ],
        [
            -0.24397681653499603,
            -0.7390874028205872,
            -0.20919689536094666
        ],
        [
            -0.23708656430244446,
            -0.6902740001678467,
            -0.19997882843017578
        ],
        [
            -0.2271239161491394,
            -0.706716001033783,
            -0.20297983288764954
        ],
        [
            -0.33705005049705505,
            -0.8751972913742065,
            -0.20600652694702148
        ],
        [
            -0.36186230182647705,
            -0.8568510413169861,
            -0.21538421511650085
        ],
        [
            -0.26181989908218384,
            -0.8396155834197998,
            -0.20848125219345093
        ],
        [
            -0.277423232793808,
            -0.848534107208252,
            -0.21533562242984772
        ],
        [
            -0.27867817878723145,
            -0.8294988870620728,
            -0.22494877874851227
        ],
        [
            -0.26379162073135376,
            -0.8236187696456909,
            -0.21748751401901245
        ],
        [
