{
    "pred_cam": [
        1.9643042087554932,
        0.1735161691904068,
        0.4838617146015167
    ],
    "pred_smpl_params": {
        "global_orient": [
            [
                [
                    0.5229933261871338,
                    -0.100169837474823,
                    -0.8464300632476807
                ],
                [
                    0.23719416558742523,
                    -0.936737060546875,
                    0.25741493701934814
                ],
                [
                    -0.8186677098274231,
                    -0.33539459109306335,
                    -0.4661475419998169
                ]
            ]
        ],
        "body_pose": [
            [
                [
                    0.9905577898025513,
                    -0.06029148027300835,
                    0.12312666326761246
                ],
                [
                    0.02402595989406109,
                    0.9605510234832764,
                    0.27706390619277954
                ],
                [
                    -0.13497404754161835,
                    -0.27148959040641785,
                    0.9529298543930054
                ]
            ],
            [
                [
                    0.9876294732093811,
                    0.1552628129720688,
                    0.0219388660043478
                ],
                [
                    -0.1567971408367157,
                    0.9764556884765625,
                    0.14815136790275574
                ],
                [
                    0.0015800606925040483,
                    -0.14975863695144653,
                    0.9887211918830872
                ]
            ],
            [
                [
                    0.9980860948562622,
                    -0.04782925546169281,
                    -0.039196502417325974
                ],
                [
                    0.03424236178398132,
                    0.9552745223045349,
                    -0.29373136162757874
                ],
                [
                    0.051492370665073395,
                    0.2918270528316498,
                    0.9550840258598328
                ]
            ],
            [
                [
                    0.9838351011276245,
                    0.16849686205387115,
                    0.06064048781991005
                ],
                [
                    -0.10615981370210648,
                    0.8214876055717468,
                    -0.5602571964263916
                ],
                [
                    -0.14421695470809937,
                    0.5447631478309631,
                    0.8260959386825562
                ]
            ],
            [
                [
                    0.9816073179244995,
                    -0.01635909266769886,
                    0.19020916521549225
                ],
                [
                    0.09876493364572525,
                    0.8961506485939026,
                    -0.4326193928718567
                ],
                [
                    -0.1633787900209427,
                    0.44344833493232727,
                    0.8812837600708008
                ]
            ],
            [
                [
                    0.9963316321372986,
                    -0.05409795418381691,
                    -0.06630747020244598
                ],
                [
                    0.052987102419137955,
                    0.9984256625175476,
                    -0.018399938941001892
                ],
                [
                    0.06719847768545151,
                    0.014818999916315079,
                    0.9976295828819275
                ]
            ],
            [
                [
                    0.9762427806854248,
                    0.018465008586645126,
                    0.215891495347023
                ],
                [
                    -0.03669526427984238,
                    0.9960594177246094,
                    0.08074074983596802
                ],
                [
                    -0.2135498821735382,
                    -0.0867447629570961,
                    0.973073422908783
                ]
            ],
            [
                [
                    0.9778817296028137,
                    -0.0727243721485138,
                    -0.19610846042633057
                ],
                [
                    0.08220098167657852,
                    0.9957878589630127,
                    0.04061424732208252
                ],
                [
                    0.1923287808895111,
                    -0.05583623796701431,
                    0.9797407388687134
                ]
            ],
            [
                [
                    0.9974651336669922,
                    -0.026554925367236137,
                    -0.06601611524820328
                ],
                [
                    0.024960044771432877,
                    0.9993790984153748,
                    -0.024867558851838112
                ],
                [
                    0.06663548201322556,
                    0.02315675839781761,
                    0.9975086450576782
                ]
            ],
            [
                [
                    0.9894769191741943,
                    -0.10916902869939804,
                    0.09496095031499863
                ],
                [
                    0.10425768047571182,
                    0.9930148720741272,
                    0.05524284020066261
                ],
                [
                    -0.10032844543457031,
                    -0.04476110637187958,
                    0.9939470291137695
                ]
            ],
            [
                [
                    0.9855145812034607,
                    0.1490970104932785,
                    0.08081447333097458
                ],
                [
                    -0.15818636119365692,
                    0.9799550771713257,
                    0.1210997924208641
                ],
                [
                    -0.06113893538713455,
                    -0.13212937116622925,
                    0.989345133304596
                ]
            ],
            [
                [
                    0.9592198729515076,
                    -0.16873088479042053,
                    0.22677524387836456
                ],
                [
                    0.16083572804927826,
                    0.9855576157569885,
                    0.052991561591625214
                ],
                [
                    -0.23244136571884155,
                    -0.0143570052459836,
                    0.9725043773651123
                ]
            ],
            [
                [
                    0.8701463937759399,
                    0.31920570135116577,
                    -0.3754372298717499
                ],
                [
                    -0.3104073405265808,
                    0.9467488527297974,
                    0.08552110940217972
                ],
                [
                    0.38274359703063965,
                    0.042122602462768555,
                    0.9228938817977905
                ]
            ],
            [
                [
                    0.9494499564170837,
                    -0.19992901384830475,
                    0.24201908707618713
                ],
                [
                    0.18423619866371155,
                    0.9791069030761719,
                    0.08606269210577011
                ],
                [
                    -0.25416895747184753,
                    -0.03712353855371475,
                    0.9664471745491028
                ]
            ],
            [
                [
                    0.9804350137710571,
                    -0.007872565649449825,
                    0.1966857612133026
                ],
                [
                    0.050987936556339264,
                    0.9752538800239563,
                    -0.21512793004512787
                ],
                [
                    -0.19012494385242462,
                    0.22094754874706268,
                    0.9565744400024414
                ]
            ],
            [
                [
                    0.7014632225036621,
                    0.6188706755638123,
                    -0.35348042845726013
                ],
                [
                    -0.5824591517448425,
                    0.783612847328186,
                    0.21608370542526245
                ],
                [
                    0.41071969270706177,
                    0.05431314557790756,
                    0.9101424813270569
                ]
            ],
            [
                [
                    0.7046350836753845,
                    -0.5723949670791626,
                    0.41934889554977417
                ],
                [
                    0.6036031246185303,
                    0.7942200899124146,
                    0.06984086334705353
                ],
                [
                    -0.373031884431839,
                    0.20390796661376953,
                    0.9051347374916077
                ]
            ],
            [
                [
                    0.800536572933197,
                    -0.07350660115480423,
                    -0.5947588682174683
                ],
                [
                    0.0798894613981247,
                    0.9966809153556824,
                    -0.015650395303964615
                ],
                [
                    0.5939351320266724,
                    -0.0349862314760685,
                    0.8037519454956055
                ]
            ],
            [
                [
                    0.06369028240442276,
                    0.3121633231639862,
                    0.9478911757469177
                ],
                [
                    -0.24507489800453186,
                    0.9256265759468079,
                    -0.28836408257484436
                ],
                [
                    -0.9674098491668701,
                    -0.21393834054470062,
                    0.13545681536197662
                ]
            ],
            [
                [
                    0.9941951632499695,
                    -0.10743001848459244,
                    -0.005893658846616745
                ],
                [
                    0.10485190153121948,
                    0.979707658290863,
                    -0.1708187609910965
                ],
                [
                    0.024125123396515846,
                    0.16920922696590424,
                    0.9852848649024963
                ]
            ],
            [
                [
                    0.9865208268165588,
                    0.15050140023231506,
                    0.06423397362232208
                ],
                [
                    -0.15266308188438416,
                    0.9878180027008057,
                    0.03016023151576519
                ],
                [
                    -0.05891231447458267,
                    -0.039559852331876755,
                    0.9974790215492249
                ]
            ],
            [
                [
                    0.9837414026260376,
                    0.1628071814775467,
                    -0.07580721378326416
                ],
                [
                    -0.1500842422246933,
                    0.9770990014076233,
                    0.15083849430084229
                ],
                [
                    0.09862874448299408,
                    -0.13700860738754272,
                    0.9856475591659546
                ]
            ],
            [
                [
                    0.9710491895675659,
                    -0.20824867486953735,
                    0.11702977120876312
                ],
                [
                    0.1949331909418106,
                    0.9739705324172974,
                    0.11568286269903183
                ],
                [
                    -0.1380743384361267,
                    -0.08952076733112335,
                    0.9863678812980652
                ]
            ]
        ],
        "betas": [
            0.24802929162979126,
            0.20132434368133545,
            -0.28515559434890747,
            0.16006386280059814,
            0.16930286586284637,
            -0.07883729785680771,
            -0.13322070240974426,
            0.08128875494003296,
            0.13063260912895203,
            -0.058551251888275146
        ]
    },
    "pred_cam_t": [
        0.1735161691904068,
        0.4838617146015167,
        19.88617706298828
    ],
    "focal_length": [
        5000.0,
        5000.0
    ],
    "pred_keypoints_3d": [
        [
            -0.30802083015441895,
            -0.6891124248504639,
            -0.25928765535354614
        ],
        [
            -0.14447690546512604,
            -0.6800640821456909,
            -0.15364277362823486
        ],
        [
            -0.18368040025234222,
            -0.6423759460449219,
            0.03863322362303734
        ],
        [
            -0.24496953189373016,
            -0.44545701146125793,
            0.1968459039926529
        ],
        [
            -0.44208288192749023,
            -0.38431835174560547,
            0.03723806142807007
        ],
        [
            -0.0744064599275589,
            -0.5457053184509277,
            -0.28790631890296936
        ],
        [
            -0.07442758232355118,
            -0.2797301709651947,
            -0.30776700377464294
        ],
        [
            -0.24867045879364014,
            -0.09384393692016602,
            -0.3168118894100189
        ],
        [
            -0.0020975996740162373,
            -0.22584745287895203,
            0.026589538902044296
        ],
        [
            -0.023289751261472702,
            -0.15815773606300354,
            0.1137031763792038
        ],
        [
            -0.08037331700325012,
            0.18165677785873413,
            0.29741233587265015
        ],
        [
            0.07392732799053192,
            0.4753551483154297,
            0.5341586470603943
        ],
        [
            0.04903463274240494,
            -0.1258762925863266,
            0.005011670291423798
        ],
        [
            0.035258591175079346,
            0.2552390694618225,
            0.03545241057872772
        ],
        [
            0.14623942971229553,
            0.5381544232368469,
            0.3066944479942322
        ],
        [
            -0.3270390033721924,
            -0.734104573726654,
            -0.22046740353107452
        ],
        [
            -0.29106467962265015,
            -0.7461809515953064,
            -0.27576327323913574
        ],
        [
            -0.2803681492805481,
            -0.7666614055633545,
            -0.1308956742286682
        ],
        [
            -0.20201116800308228,
            -0.7926808595657349,
            -0.25505518913269043
        ],
        [
            0.05760270357131958,
            0.6955093145370483,
            0.20801705121994019
        ],
        [
            0.1404971182346344,
            0.6807787418365479,
            0.21161022782325745
        ],
        [
            0.190813347697258,
            0.534153938293457,
            0.3614552617073059
        ],
        [
            -0.05954769253730774,
            0.6160995960235596,
            0.48165687918663025
        ],
        [
            -0.06720149517059326,
            0.5754366517066956,
            0.5607011914253235
        ],
        [
            0.13033749163150787,
            0.4805697202682495,
            0.5823867321014404
        ],
        [
            0.06686414778232574,
            0.4141692817211151,
            0.5313589572906494
        ],
        [
            -0.07757464051246643,
            0.12422049045562744,
            0.2641547620296478
        ],
        [
            -0.07082653790712357,
            -0.2945033013820648,
            0.13884711265563965
        ],
        [
            0.09598932415246964,
            -0.21585579216480255,
            -0.08372537791728973
        ],
        [
            0.0412311777472496,
            0.21698211133480072,
            0.016413507983088493
        ],
        [
            0.15960244834423065,
            0.4975526034832001,
            0.2951887249946594
        ],
        [
            -0.41616004705429077,
            -0.4108774960041046,
            0.027308905497193336
        ],
        [
            -0.2715817391872406,
            -0.47941628098487854,
            0.18954285979270935
        ],
        [
            -0.1799829602241516,
            -0.6601663827896118,
            0.0017148423939943314
        ],
        [
            -0.08030951768159866,
            -0.5882627367973328,
            -0.2764226198196411
        ],
        [
            -0.09924157708883286,
            -0.30666229128837585,
            -0.34139779210090637
        ],
        [
            -0.2532021403312683,
            -0.11295463144779205,
            -0.32324668765068054
        ],
        [
            -0.14767701923847198,
            -0.6718494892120361,
            -0.1574481725692749
        ],
        [
            -0.2795492708683014,
            -0.8146532773971558,
            -0.21431198716163635
        ],
        [
            0.012514283880591393,
            -0.2553215026855469,
            0.02694038301706314
        ],
        [
            -0.12957191467285156,
            -0.6209102869033813,
            -0.1354008913040161
        ],
        [
            -0.03678465262055397,
            -0.4789912700653076,
            -0.05963689088821411
        ],
        [
            -0.2399633526802063,
            -0.7085152268409729,
            -0.21569877862930298
        ],
        [
            -0.2859460115432739,
            -0.8345469832420349,
            -0.20945343375205994
        ]
    ],
    "pred_vertices": [
        [
            -0.3106619417667389,
            -0.7861719131469727,
            -0.2939149737358093
        ],
        [
            -0.3103724420070648,
            -0.7702386975288391,
            -0.29009145498275757
        ],
        [
            -0.2968459129333496,
            -0.7742066979408264,
            -0.2935047149658203
        ],
        [
            -0.2934890389442444,
            -0.7885740995407104,
            -0.2944965064525604
        ],
        [
            -0.2976395785808563,
            -0.7628433704376221,
            -0.29223382472991943
        ],
        [
            -0.3079685568809509,
            -0.7587459683418274,
            -0.2878389358520508
        ],
        [
            -0.28302302956581116,
            -0.7756553888320923,
            -0.2924223840236664
        ],
        [
            -0.2771209478378296,
            -0.7878769636154175,
            -0.29184889793395996
        ],
        [
            -0.25347861647605896,
            -0.7528523206710815,
            -0.283735454082489
        ],
        [
            -0.24277910590171814,
            -0.7547768950462341,
            -0.2812786102294922
        ],
        [
            -0.2505343556404114,
            -0.7641478180885315,
            -0.28407877683639526
        ],
        [
            -0.25940218567848206,
            -0.7596077919006348,
            -0.2850452661514282
        ],
        [
            -0.23793646693229675,
            -0.7326095104217529,
            -0.2766653299331665
        ],
        [
            -0.24168026447296143,
            -0.7194617986679077,
            -0.2743476629257202
        ],
        [
            -0.22946906089782715,
            -0.7171736359596252,
            -0.26932990550994873
        ],
        [
            -0.2253531962633133,
            -0.7302449941635132,
            -0.27010366320610046
        ],
        [
            -0.28180360794067383,
            -0.7130801677703857,
            -0.26404106616973877
        ],
        [
            -0.27466249465942383,
            -0.70908522605896,
            -0.2665090560913086
        ],
        [
            -0.2754502296447754,
            -0.715975821018219,
            -0.27028852701187134
        ],
        [
            -0.28239548206329346,
            -0.7193076610565186,
            -0.2668665051460266
        ],
        [
            -0.2961229681968689,
            -0.7164252996444702,
            -0.2620907127857208
        ],
        [
            -0.29619383811950684,
            -0.7230451107025146,
            -0.2618902325630188
        ],
        [
            -0.30430281162261963,
            -0.722661018371582,
            -0.2619251012802124
        ],
        [
            -0.30402684211730957,
            -0.7150729894638062,
            -0.26306086778640747
        ],
        [
            -0.2822231352329254,
            -0.7073125839233398,
            -0.25900983810424805
        ],
        [
            -0.2744779884815216,
            -0.7034389972686768,
            -0.26148709654808044
        ],
        [
            -0.2884272038936615,
            -0.7162138819694519,
            -0.2621866464614868
        ],
        [
            -0.28865861892700195,
            -0.7108579874038696,
            -0.2614285349845886
        ],
        [
            -0.29396945238113403,
            -0.6996999382972717,
            -0.2638959288597107
        ],
        [
            -0.2946310043334961,
            -0.7048661708831787,
            -0.26519253849983215
        ],
        [
            -0.3015553653240204,
            -0.7015128135681152,
            -0.2666321098804474
        ],
        [
            -0.2989122271537781,
            -0.6968612670898438,
            -0.2641867995262146
        ],
        [
            -0.28591176867485046,
            -0.7044446468353271,
            -0.2608584761619568
        ],
        [
            -0.28898823261260986,
            -0.7056922912597656,
            -0.2633974254131317
        ],
        [
            -0.28994637727737427,
            -0.7008063793182373,
            -0.26206010580062866
        ],
        [
            -0.2875431180000305,
            -0.7002952098846436,
            -0.2586688995361328
        ],
        [
            -0.29606807231903076,
            -0.7112241387367249,
            -0.2626855969429016
        ],
        [
            -0.3032921254634857,
            -0.7085968255996704,
            -0.26471221446990967
        ],
        [
            -0.3108668625354767,
            -0.7053405046463013,
            -0.2657521963119507
        ],
        [
            -0.3082401752471924,
            -0.6967183947563171,
            -0.2668740749359131
        ],
        [
            -0.2573077082633972,
            -0.7029790282249451,
            -0.2689322829246521
        ],
        [
            -0.2664268910884857,
            -0.7057865858078003,
            -0.2687309682369232
        ],
        [
            -0.266877681016922,
            -0.7001835107803345,
            -0.26418253779411316
        ],
        [
            -0.2594491243362427,
            -0.6977699398994446,
            -0.26534998416900635
        ],
        [
            -0.2829369604587555,
            -0.6995502710342407,
            -0.2571222484111786
        ],
        [
            -0.27242839336395264,
            -0.6866754293441772,
            -0.25702103972435
        ],
        [
            -0.27446234226226807,
            -0.6898623108863831,
            -0.2581446170806885
        ],
        [
            -0.2808448374271393,
            -0.6874374747276306,
            -0.2557413876056671
        ],
        [
            -0.2784613072872162,
            -0.6846857070922852,
            -0.2550241947174072
        ],
        [
            -0.24125432968139648,
            -0.6962074041366577,
            -0.26523005962371826
        ],
        [
            -0.24663874506950378,
            -0.6916771531105042,
            -0.2633340358734131
        ],
        [
            -0.2410154640674591,
            -0.687278151512146,
            -0.2607675790786743
        ],
        [
            -0.23468537628650665,
            -0.6911369562149048,
            -0.26118624210357666
        ],
        [
            -0.23888321220874786,
            -0.6823195219039917,
            -0.256895512342453
        ],
        [
            -0.22950424253940582,
            -0.685671329498291,
            -0.25659799575805664
        ],
        [
            -0.2272341549396515,
            -0.6714259386062622,
            -0.246315136551857
        ],
        [
            -0.22771131992340088,
            -0.6779279112815857,
            -0.2512577772140503
        ],
        [
            -0.238338440656662,
            -0.6764516234397888,
            -0.25275689363479614
        ],
        [
            -0.24052278697490692,
            -0.6693040132522583,
            -0.24909013509750366
        ],
        [
            -0.25467628240585327,
            -0.6668779850006104,
            -0.24555614590644836
        ],
        [
            -0.25900503993034363,
            -0.6633915901184082,
            -0.24212776124477386
        ],
        [
            -0.2485872507095337,
            -0.6551088094711304,
            -0.24185995757579803
        ],
        [
            -0.24469220638275146,
            -0.6610841751098633,
            -0.24545033276081085
        ],
        [
            -0.26672807335853577,
            -0.6838700771331787,
            -0.2528421878814697
        ],
        [
            -0.26277270913124084,
            -0.6861352920532227,
            -0.2543918490409851
        ],
        [
            -0.2648257613182068,
            -0.6861984133720398,
            -0.2563447952270508
        ],
        [
            -0.2697671055793762,
            -0.6846792697906494,
            -0.25515860319137573
        ],
        [
            -0.25941458344459534,
            -0.6875443458557129,
            -0.2562188506126404
        ],
        [
            -0.25786292552948,
            -0.6880415678024292,
            -0.2570706605911255
        ],
        [
            -0.25943607091903687,
            -0.6884351968765259,
            -0.25791120529174805
        ],
        [
            -0.2602297067642212,
            -0.6879227161407471,
            -0.25671231746673584
        ],
        [
            -0.26153460144996643,
            -0.6869242191314697,
            -0.25537431240081787
        ],
        [
            -0.26131436228752136,
            -0.6849371194839478,
            -0.25428929924964905
        ],
        [
            -0.2598077654838562,
            -0.686441957950592,
            -0.2555752992630005
        ],
        [
            -0.264590322971344,
            -0.6820626258850098,
            -0.25291335582733154
        ],
        [
            -0.27536913752555847,
            -0.6737574338912964,
            -0.24709123373031616
        ],
        [
            -0.2726297378540039,
            -0.6755227446556091,
            -0.24932430684566498
        ],
        [
            -0.27526018023490906,
            -0.6795183420181274,
            -0.248500794172287
        ],
        [
            -0.2777452766895294,
            -0.6782646179199219,
            -0.246683269739151
        ],
        [
            -0.26252874732017517,
            -0.6888362169265747,
            -0.2581555247306824
        ],
        [
            -0.26168832182884216,
            -0.6908289194107056,
            -0.2600520849227905
        ],
        [
            -0.2674456536769867,
            -0.6906328201293945,
            -0.2595981955528259
        ],
        [
            -0.26627102494239807,
            -0.6883699893951416,
            -0.257724404335022
        ],
        [
            -0.2610151767730713,
            -0.6931725740432739,
            -0.2624693512916565
        ],
        [
            -0.25842949748039246,
            -0.6902713775634766,
            -0.25960320234298706
        ],
        [
            -0.2567032277584076,
            -0.691841185092926,
            -0.26188424229621887
        ],
        [
            -0.257244348526001,
            -0.6864780783653259,
            -0.25619375705718994
        ],
        [
            -0.25389689207077026,
            -0.686421275138855,
            -0.2571372985839844
        ],
        [
            -0.25559353828430176,
            -0.6881779432296753,
            -0.2588464617729187
        ],
        [
            -0.2535615563392639,
            -0.6830582618713379,
            -0.2549756169319153
        ],
        [
            -0.2582746148109436,
            -0.6839032173156738,
            -0.2542344629764557
        ],
        [
            -0.26093950867652893,
            -0.6802068948745728,
            -0.25263670086860657
        ],
        [
            -0.2648041844367981,
            -0.6761296391487122,
            -0.2506854832172394
        ],
        [
            -0.2588930130004883,
            -0.6741797924041748,
            -0.24969807267189026
        ],
        [
            -0.25544825196266174,
            -0.6787286996841431,
            -0.25244227051734924
        ],
        [
            -0.26786282658576965,
            -0.6948082447052002,
            -0.2615780830383301
        ],
        [
            -0.25170600414276123,
            -0.6895536184310913,
            -0.2608480453491211
        ],
        [
            -0.25320807099342346,
            -0.695655107498169,
            -0.26467880606651306
        ],
        [
            -0.24848145246505737,
            -0.6861275434494019,
            -0.259011447429657
        ],
        [
            -0.24704426527023315,
            -0.6821359395980835,
            -0.25605830550193787
        ],
        [
            -0.24817903339862823,
            -0.6771478652954102,
            -0.2524094879627228
        ],
        [
            -0.2510521113872528,
            -0.6717475652694702,
            -0.24910461902618408
        ],
        [
            -0.23573556542396545,
            -0.6541686654090881,
            -0.23494504392147064
        ],
        [
            -0.23191699385643005,
            -0.6614865660667419,
            -0.24061910808086395
        ],
        [
            -0.3032310903072357,
            -0.7538961172103882,
            -0.28290122747421265
        ],
        [
            -0.2961593568325043,
            -0.7561964988708496,
            -0.2883298993110657
        ],
        [
            -0.288691908121109,
            -0.7522416710853577,
            -0.2842525541782379
        ],
        [
            -0.28893572092056274,
            -0.7546733617782593,
            -0.2859462797641754
        ],
        [
            -0.29467496275901794,
            -0.7531414031982422,
            -0.2840152382850647
        ],
        [
            -0.2929326295852661,
            -0.7509068250656128,
            -0.2825983762741089
        ],
        [
            -0.2674493193626404,
            -0.7571049332618713,
            -0.2841772139072418
        ],
        [
            -0.2740112841129303,
            -0.755195140838623,
            -0.2834905982017517
        ],
        [
            -0.27085253596305847,
            -0.7528367042541504,
            -0.28189581632614136
        ],
        [
            -0.2625257670879364,
            -0.7522122859954834,
            -0.28350403904914856
        ],
        [
            -0.27514055371284485,
            -0.7414766550064087,
            -0.2783164083957672
        ],
        [
            -0.271452933549881,
            -0.7450542449951172,
            -0.2800227999687195
        ],
        [
            -0.2789618968963623,
            -0.7483470439910889,
            -0.28033390641212463
        ],
        [
            -0.2816762626171112,
            -0.7458019256591797,
            -0.27907440066337585
        ],
        [
            -0.2846866250038147,
            -0.7437360286712646,
            -0.27709126472473145
        ],
        [
            -0.2879003584384918,
            -0.7422340512275696,
            -0.2744835317134857
        ],
        [
            -0.2843666970729828,
            -0.7382917404174805,
            -0.2732587456703186
        ],
        [
            -0.2798519432544708,
            -0.739460825920105,
            -0.27592629194259644
        ],
        [
            -0.29982930421829224,
            -0.7522432804107666,
            -0.279724657535553
        ],
        [
            -0.30347055196762085,
            -0.750204861164093,
            -0.27364182472229004
        ],
        [
            -0.3004409372806549,
            -0.7483795881271362,
            -0.2737296223640442
        ],
        [
            -0.2975899279117584,
            -0.7496377825737,
            -0.2790512144565582
        ],
        [
            -0.2995610535144806,
            -0.7437775135040283,
            -0.2614935040473938
        ],
        [
            -0.30088162422180176,
            -0.745374321937561,
            -0.2635914087295532
        ],
        [
            -0.30449020862579346,
            -0.7451961040496826,
            -0.2617928087711334
        ],
        [
            -0.3019603490829468,
            -0.7419036626815796,
            -0.25976288318634033
        ],
        [
            -0.29897168278694153,
            -0.7398086786270142,
            -0.26105403900146484
        ],
        [
            -0.2981598377227783,
            -0.7423977255821228,
            -0.26248669624328613
        ],
        [
            -0.32656723260879517,
            -0.8028241395950317,
            -0.28954797983169556
        ],
        [
            -0.32572343945503235,
            -0.7843705415725708,
            -0.28746211528778076
        ],
        [
            -0.3065706193447113,
            -0.8073937892913818,
            -0.2928248643875122
        ],
        [
            -0.2883630096912384,
            -0.8070411682128906,
            -0.2918011546134949
        ],
        [
            -0.2710995376110077,
            -0.8018172979354858,
            -0.290098637342453
        ],
        [
            -0.23523640632629395,
            -0.7052492499351501,
            -0.2674562335014343
        ],
        [
            -0.2259899377822876,
            -0.7012239098548889,
            -0.2630369961261749
        ],
        [
            -0.21800726652145386,
            -0.7152385711669922,
            -0.2639040946960449
        ],
        [
            -0.21074238419532776,
            -0.7083475589752197,
            -0.2576366066932678
        ],
        [
            -0.21946775913238525,
            -0.6939314603805542,
            -0.2571268081665039
        ],
        [
            -0.2163168340921402,
            -0.6762295365333557,
            -0.240672767162323
        ],
        [
            -0.2159680426120758,
            -0.6849080324172974,
            -0.24970704317092896
        ],
        [
            -0.20504291355609894,
            -0.7010589241981506,
            -0.2489623725414276
        ],
        [
            -0.19733688235282898,
            -0.7211225032806396,
            -0.24955275654792786
        ],
        [
            -0.20476053655147552,
            -0.724324643611908,
            -0.2574353814125061
        ],
        [
            -0.1953253149986267,
            -0.7415726780891418,
            -0.24877142906188965
        ],
        [
            -0.18946483731269836,
            -0.7184656262397766,
            -0.23815204203128815
        ],
        [
            -0.19154325127601624,
            -0.7444539070129395,
            -0.2413567453622818
        ],
        [
            -0.18574589490890503,
            -0.6815109252929688,
            -0.21943166851997375
        ],
        [
            -0.17777833342552185,
            -0.672760009765625,
            -0.2165270745754242
        ],
        [
            -0.16545769572257996,
            -0.6862732172012329,
            -0.2224833369255066
        ],
        [
            -0.173553928732872,
            -0.6954039335250854,
            -0.22509822249412537
        ],
        [
            -0.2134033888578415,
            -0.7276617288589478,
            -0.26407742500305176
        ],
        [
            -0.25050029158592224,
            -0.7765712141990662,
            -0.28391245007514954
        ],
        [
            -0.25945180654525757,
            -0.7702911496162415,
            -0.28671902418136597
        ],
        [
            -0.2401842474937439,
            -0.7686235904693604,
            -0.28065869212150574
        ],
        [
            -0.2697681784629822,
            -0.8364635109901428,
            -0.2852136194705963
        ],
        [
            -0.2809506356716156,
            -0.8225336670875549,
            -0.29020780324935913
        ],
        [
            -0.2647765576839447,
            -0.8149930238723755,
            -0.2888505458831787
        ],
        [
            -0.2563215494155884,
            -0.8289658427238464,
            -0.2843877375125885
        ],
        [
            -0.3099873661994934,
            -0.8544514179229736,
            -0.27615615725517273
        ],
        [
            -0.319966197013855,
            -0.8300977349281311,
            -0.2864149808883667
        ],
        [
            -0.30229640007019043,
            -0.8277308344841003,
            -0.2888399660587311
        ],
        [
            -0.2926294505596161,
            -0.8470548391342163,
            -0.28229960799217224
        ],
        [
            -0.24750575423240662,
            -0.8376927971839905,
            -0.2784911096096039
        ],
        [
            -0.23681846261024475,
            -0.8487834334373474,
            -0.26869526505470276
        ],
        [
            -0.24361664056777954,
            -0.8642646074295044,
            -0.26482322812080383
        ],
        [
            -0.25833413004875183,
            -0.852129340171814,
            -0.2762262523174286
        ],
        [
            -0.2574792802333832,
            -0.8829506635665894,
            -0.25578728318214417
        ],
        [
            -0.2759416699409485,
            -0.8682553172111511,
            -0.26963260769844055
        ],
        [
            -0.17959526181221008,
            -0.7370110750198364,
            -0.23211684823036194
        ],
        [
            -0.18606135249137878,
            -0.7550762891769409,
            -0.2350807934999466
        ],
        [
            -0.1835898756980896,
            -0.705052375793457,
            -0.22926005721092224
        ],
        [
            -0.1726321429014206,
            -0.7211586833000183,
            -0.22880543768405914
        ],
        [
            -0.27297934889793396,
            -0.8950231075286865,
            -0.24157001078128815
        ],
        [
            -0.2949138581752777,
            -0.8786748647689819,
            -0.25880587100982666
        ],
        [
            -0.20041856169700623,
            -0.8561040163040161,
            -0.22838756442070007
        ],
        [
            -0.2136574685573578,
            -0.8663182258605957,
            -0.2379981130361557
        ],
        [
            -0.21272574365139008,
            -0.848325252532959,
            -0.2495119273662567
        ],
        [
            -0.20034340023994446,
            -0.8410602807998657,
            -0.2391643524169922
        ],
        [
            -0.20203673839569092,
