{
    "pred_cam": [
        2.0223352909088135,
        0.1759248524904251,
        0.4781898856163025
    ],
    "pred_smpl_params": {
        "global_orient": [
            [
                [
                    0.5803357362747192,
                    -0.08157375454902649,
                    -0.8102816343307495
                ],
                [
                    0.22361381351947784,
                    -0.940765917301178,
                    0.2548656165599823
                ],
                [
                    -0.7830755710601807,
                    -0.32909777760505676,
                    -0.5277190804481506
                ]
            ]
        ],
        "body_pose": [
            [
                [
                    0.9893119931221008,
                    -0.08569667488336563,
                    0.11797365546226501
                ],
                [
                    0.04743338003754616,
                    0.9542049169540405,
                    0.29536932706832886
                ],
                [
                    -0.13788321614265442,
                    -0.2866165339946747,
                    0.9480712413787842
                ]
            ],
            [
                [
                    0.9914167523384094,
                    0.12867534160614014,
                    0.02313646487891674
                ],
                [
                    -0.13058188557624817,
                    0.9832653403282166,
                    0.1270340383052826
                ],
                [
                    -0.006403138395398855,
                    -0.12896490097045898,
                    0.9916284084320068
                ]
            ],
            [
                [
                    0.9984457492828369,
                    -0.03293745592236519,
                    -0.04495764151215553
                ],
                [
                    0.01685359515249729,
                    0.9473474621772766,
                    -0.31976354122161865
                ],
                [
                    0.05312270671129227,
                    0.3185088634490967,
                    0.9464301466941833
                ]
            ],
            [
                [
                    0.9835293889045715,
                    0.16984134912490845,
                    0.061836808919906616
                ],
                [
                    -0.10661465674638748,
                    0.821392834186554,
                    -0.560309886932373
                ],
                [
                    -0.14595606923103333,
                    0.5444885492324829,
                    0.8259715437889099
                ]
            ],
            [
                [
                    0.9807547330856323,
                    -0.010472365655004978,
                    0.1949625462293625
                ],
                [
                    0.09446683526039124,
                    0.8993486762046814,
                    -0.42690494656562805
                ],
                [
                    -0.1708686351776123,
                    0.43710657954216003,
                    0.8830297589302063
                ]
            ],
            [
                [
                    0.9955920577049255,
                    -0.05244496837258339,
                    -0.0777568593621254
                ],
                [
                    0.05080101639032364,
                    0.9984444975852966,
                    -0.022973177954554558
                ],
                [
                    0.07884074002504349,
                    0.018921783193945885,
                    0.9967076778411865
                ]
            ],
            [
                [
                    0.9775989055633545,
                    0.029002418741583824,
                    0.20846877992153168
                ],
                [
                    -0.04060320556163788,
                    0.9978428483009338,
                    0.05158473551273346
                ],
                [
                    -0.20652300119400024,
                    -0.058893684297800064,
                    0.9766676425933838
                ]
            ],
            [
                [
                    0.9785821437835693,
                    -0.0607442706823349,
                    -0.1966901272535324
                ],
                [
                    0.07144924998283386,
                    0.9962987303733826,
                    0.047788407653570175
                ],
                [
                    0.1930592805147171,
                    -0.06081824749708176,
                    0.9793002605438232
                ]
            ],
            [
                [
                    0.9965923428535461,
                    -0.031183607876300812,
                    -0.07636202126741409
                ],
                [
                    0.030416138470172882,
                    0.9994746446609497,
                    -0.011192993260920048
                ],
                [
                    0.07667093724012375,
                    0.008832214400172234,
                    0.9970172643661499
                ]
            ],
            [
                [
                    0.988336443901062,
                    -0.10955708473920822,
                    0.10577504336833954
                ],
                [
                    0.10359619557857513,
                    0.9927893280982971,
                    0.06030905246734619
                ],
                [
                    -0.11161961406469345,
                    -0.04864773899316788,
                    0.992559552192688
                ]
            ],
            [
                [
                    0.9863386750221252,
                    0.14324980974197388,
                    0.08133552223443985
                ],
                [
                    -0.1514487862586975,
                    0.982802152633667,
                    0.10565618425607681
                ],
                [
                    -0.06480149179697037,
                    -0.11653095483779907,
                    0.9910708069801331
                ]
            ],
            [
                [
                    0.9564549922943115,
                    -0.14064913988113403,
                    0.25575709342956543
                ],
                [
                    0.13296008110046387,
                    0.9899968504905701,
                    0.047200512140989304
                ],
                [
                    -0.25983741879463196,
                    -0.011139681562781334,
                    0.9655881524085999
                ]
            ],
            [
                [
                    0.8687784671783447,
                    0.29886335134506226,
                    -0.394847571849823
                ],
                [
                    -0.29084858298301697,
                    0.9532832503318787,
                    0.08159718662500381
                ],
                [
                    0.40078800916671753,
                    0.04395097494125366,
                    0.9151159524917603
                ]
            ],
            [
                [
                    0.9413242936134338,
                    -0.22066807746887207,
                    0.25537070631980896
                ],
                [
                    0.20382307469844818,
                    0.9747699499130249,
                    0.09099313616752625
                ],
                [
                    -0.26900696754455566,
                    -0.033603597432374954,
                    0.9625518918037415
                ]
            ],
            [
                [
                    0.9771814942359924,
                    0.00881017092615366,
                    0.21222300827503204
                ],
                [
                    0.030173828825354576,
                    0.983248770236969,
                    -0.1797538548707962
                ],
                [
                    -0.21025167405605316,
                    0.1820557415485382,
                    0.9605466723442078
                ]
            ],
            [
                [
                    0.7013704776763916,
                    0.6156301498413086,
                    -0.35927557945251465
                ],
                [
                    -0.5793735980987549,
                    0.7859839200973511,
                    0.21576713025569916
                ],
                [
                    0.4152176082134247,
                    0.05682210624217987,
                    0.9079457521438599
                ]
            ],
            [
                [
                    0.682407557964325,
                    -0.5919771790504456,
                    0.4288158118724823
                ],
                [
                    0.6286911964416504,
                    0.7746014595031738,
                    0.06884722411632538
                ],
                [
                    -0.3729173243045807,
                    0.22261084616184235,
                    0.9007647037506104
                ]
            ],
            [
                [
                    0.7660142183303833,
                    -0.09406077116727829,
                    -0.6359046101570129
                ],
                [
                    0.09817838668823242,
                    0.9947498440742493,
                    -0.028873659670352936
                ],
                [
                    0.6352819800376892,
                    -0.04031446576118469,
                    0.771227240562439
                ]
            ],
            [
                [
                    0.07562267780303955,
                    0.3217884600162506,
                    0.9437867403030396
                ],
                [
                    -0.2439046949148178,
                    0.9237145185470581,
                    -0.2954014241695404
                ],
                [
                    -0.9668462872505188,
                    -0.2078549712896347,
                    0.14833948016166687
                ]
            ],
            [
                [
                    0.9915283918380737,
                    -0.129813089966774,
                    -0.004476898815482855
                ],
                [
                    0.12664249539375305,
                    0.9738209843635559,
                    -0.18877047300338745
                ],
                [
                    0.028864581137895584,
                    0.186604306101799,
                    0.9820110201835632
                ]
            ],
            [
                [
                    0.9860609173774719,
                    0.1542058289051056,
                    0.06248411536216736
                ],
                [
                    -0.15657109022140503,
                    0.987050473690033,
                    0.03488466888666153
                ],
                [
                    -0.05629555135965347,
                    -0.04418162256479263,
                    0.9974360466003418
                ]
            ],
            [
                [
                    0.9841411113739014,
                    0.16326983273029327,
                    -0.06934908777475357
                ],
                [
                    -0.15096105635166168,
                    0.9761683344841003,
                    0.15590478479862213
                ],
                [
                    0.09315091371536255,
                    -0.14296329021453857,
                    0.9853347539901733
                ]
            ],
            [
                [
                    0.9694315791130066,
                    -0.21005524694919586,
                    0.1268036663532257
                ],
                [
                    0.1962883174419403,
                    0.9740288257598877,
                    0.11286561191082001
                ],
                [
                    -0.14721845090389252,
                    -0.08452541381120682,
                    0.9854856729507446
                ]
            ]
        ],
        "betas": [
            0.1682726889848709,
            0.1843678206205368,
            -0.3871973752975464,
            -0.056149691343307495,
            0.13141849637031555,
            -0.06700249761343002,
            -0.12539741396903992,
            0.06395316123962402,
            0.14176489412784576,
            -0.05616071820259094
        ]
    },
    "pred_cam_t": [
        0.1759248524904251,
        0.4781898856163025,
        19.315540313720703
    ],
    "focal_length": [
        5000.0,
        5000.0
    ],
    "pred_keypoints_3d": [
        [
            -0.2861940264701843,
            -0.6763010025024414,
            -0.2842588424682617
        ],
        [
            -0.13467629253864288,
            -0.6679861545562744,
            -0.16330692172050476
        ],
        [
            -0.18383774161338806,
            -0.6316635608673096,
            0.02610015496611595
        ],
        [
            -0.24462097883224487,
            -0.4283849000930786,
            0.175709530711174
        ],
        [
            -0.43122246861457825,
            -0.36202573776245117,
            0.006752341985702515
        ],
        [
            -0.06180373951792717,
            -0.5334888696670532,
            -0.291613906621933
        ],
        [
            -0.06381889432668686,
            -0.26784899830818176,
            -0.309946745634079
        ],
        [
            -0.2494235336780548,
            -0.09463030099868774,
            -0.3225506544113159
        ],
        [
            -0.0019125738181173801,
            -0.22232240438461304,
            0.026834923774003983
        ],
        [
            -0.029101533815264702,
            -0.15371723473072052,
            0.1114669144153595
        ],
        [
            -0.084229476749897,
            0.1918904036283493,
            0.2832990288734436
        ],
        [
            0.06212920695543289,
            0.4859135150909424,
            0.5235925316810608
        ],
        [
            0.0513746403157711,
            -0.12317269295454025,
            0.00710931234061718
        ],
        [
            0.038453683257102966,
            0.2585909366607666,
            0.020427336916327477
        ],
        [
            0.13216911256313324,
            0.5521707534790039,
            0.28592485189437866
        ],
        [
            -0.30830228328704834,
            -0.7220417261123657,
            -0.2486395388841629
        ],
        [
            -0.2661101222038269,
            -0.7324153780937195,
            -0.2995966076850891
        ],
        [
            -0.2709729075431824,
            -0.7546980381011963,
            -0.15517836809158325
        ],
        [
            -0.1792713850736618,
            -0.7768852710723877,
            -0.2696276903152466
        ],
        [
            0.05322656035423279,
            0.70867520570755,
            0.17958927154541016
        ],
        [
            0.1346149742603302,
            0.6927704215049744,
            0.18935593962669373
        ],
        [
            0.1728411316871643,
            0.5488263368606567,
            0.3434627056121826
        ],
        [
            -0.062428683042526245,
            0.6283701658248901,
            0.45860326290130615
        ],
        [
            -0.07714897394180298,
            0.5900413990020752,
            0.537221372127533
        ],
        [
            0.11453443765640259,
            0.49048712849617004,
            0.575624942779541
        ],
        [
            0.05318540707230568,
            0.42498642206192017,
            0.5214565992355347
        ],
        [
            -0.08129408210515976,
            0.13345582783222198,
            0.25164470076560974
        ],
        [
            -0.07960688322782516,
            -0.288782000541687,
            0.13549380004405975
        ],
        [
            0.10436069220304489,
            -0.2142031490802765,
            -0.07625970989465714
        ],
        [
            0.04533175379037857,
            0.219850555062294,
            0.0034149992279708385
        ],
        [
            0.14585210382938385,
            0.5112025141716003,
            0.2769823670387268
        ],
        [
            -0.40609270334243774,
            -0.38947319984436035,
            -0.0014480780810117722
        ],
        [
            -0.27208828926086426,
            -0.46138060092926025,
            0.1677197813987732
        ],
        [
            -0.1781807243824005,
            -0.6489959955215454,
            -0.010876623913645744
        ],
        [
            -0.06695718318223953,
            -0.575508713722229,
            -0.281410813331604
        ],
        [
            -0.0871191918849945,
            -0.2951050400733948,
            -0.34401440620422363
        ],
        [
            -0.2526942193508148,
            -0.11381441354751587,
            -0.3288336992263794
        ],
        [
            -0.1387215256690979,
            -0.659530758857727,
            -0.16683562099933624
        ],
        [
            -0.2593461275100708,
            -0.8014382123947144,
            -0.23795275390148163
        ],
        [
            0.012451590970158577,
            -0.25162187218666077,
            0.029083900153636932
        ],
        [
            -0.12232190370559692,
            -0.6091141700744629,
            -0.14384794235229492
        ],
        [
            -0.031596191227436066,
            -0.47127336263656616,
            -0.06072956323623657
        ],
        [
            -0.2229175567626953,
            -0.6946955919265747,
            -0.23387692868709564
        ],
        [
            -0.2656116187572479,
            -0.8216644525527954,
            -0.23422202467918396
        ]
    ],
    "pred_vertices": [
        [
            -0.282425194978714,
            -0.7728313207626343,
            -0.32020455598831177
        ],
        [
            -0.2830379903316498,
            -0.7569655179977417,
            -0.3160988390445709
        ],
        [
            -0.26914089918136597,
            -0.760488748550415,
            -0.31800317764282227
        ],
        [
            -0.26525136828422546,
            -0.7746914625167847,
            -0.3188566267490387
        ],
        [
            -0.27036917209625244,
            -0.749135434627533,
            -0.3166617155075073
        ],
        [
            -0.2812139391899109,
            -0.745438814163208,
            -0.31343740224838257
        ],
        [
            -0.2555401921272278,
            -0.7615337371826172,
            -0.3154555559158325
        ],
        [
            -0.24941012263298035,
            -0.7736241817474365,
            -0.3144231140613556
        ],
        [
            -0.2278422713279724,
            -0.7380915880203247,
            -0.30326205492019653
        ],
        [
            -0.21747824549674988,
            -0.7398120164871216,
            -0.2996859550476074
        ],
        [
            -0.2246169149875641,
            -0.749319851398468,
            -0.3033912479877472
        ],
        [
            -0.23339074850082397,
            -0.7449666261672974,
            -0.30531200766563416
        ],
        [
            -0.2138110101222992,
            -0.7175655961036682,
            -0.29437267780303955
        ],
        [
            -0.2181689739227295,
            -0.704566478729248,
            -0.2923702597618103
        ],
        [
            -0.20677629113197327,
            -0.7020919919013977,
            -0.28592509031295776
        ],
        [
            -0.20223519206047058,
            -0.7150125503540039,
            -0.2863379120826721
        ],
        [
            -0.25911498069763184,
            -0.6993097066879272,
            -0.28652334213256836
        ],
        [
            -0.25190702080726624,
            -0.6951296329498291,
            -0.2881171703338623
        ],
        [
            -0.2520650029182434,
            -0.7019647359848022,
            -0.2920493185520172
        ],
        [
            -0.2592087686061859,
            -0.7055037021636963,
            -0.28946781158447266
        ],
        [
            -0.2733728289604187,
            -0.7030513286590576,
            -0.28615742921829224
        ],
        [
            -0.2733027935028076,
            -0.7096662521362305,
            -0.2860890328884125
        ],
        [
            -0.28131645917892456,
            -0.7094969749450684,
            -0.2869621813297272
        ],
        [
            -0.2811087369918823,
            -0.7019105553627014,
            -0.28791916370391846
        ],
        [
            -0.26022443175315857,
            -0.6936453580856323,
            -0.2814711630344391
        ],
        [
            -0.25242874026298523,
            -0.6895946264266968,
            -0.2829982042312622
        ],
        [
            -0.26575249433517456,
            -0.7026102542877197,
            -0.28544551134109497
        ],
        [
            -0.266221284866333,
            -0.6973323225975037,
            -0.2845807373523712
        ],
        [
            -0.27146828174591064,
            -0.6863084435462952,
            -0.28742438554763794
        ],
        [
            -0.2718430161476135,
            -0.6914527416229248,
            -0.28885209560394287
        ],
        [
            -0.27864381670951843,
            -0.688309371471405,
            -0.29098016023635864
        ],
        [
            -0.27641069889068604,
            -0.6836295127868652,
            -0.2882140874862671
        ],
        [
            -0.2637453079223633,
            -0.6909058094024658,
            -0.2836315631866455
        ],
        [
            -0.2664584517478943,
            -0.6921879053115845,
            -0.28647375106811523
        ],
        [
            -0.2676888108253479,
            -0.6873571872711182,
            -0.2851875424385071
        ],
        [
            -0.2657085061073303,
            -0.6868285536766052,
            -0.2815760672092438
        ],
        [
            -0.2733995318412781,
            -0.6978995203971863,
            -0.2866057753562927
        ],
        [
            -0.2803801894187927,
            -0.6954325437545776,
            -0.2893713116645813
        ],
        [
            -0.28783515095710754,
            -0.692379355430603,
            -0.291157603263855
        ],
        [
            -0.28535521030426025,
            -0.6837160587310791,
            -0.2918581962585449
        ],
        [
            -0.23470839858055115,
            -0.6886385679244995,
            -0.28849488496780396
        ],
        [
            -0.24364545941352844,
            -0.6916775107383728,
            -0.28935372829437256
        ],
        [
            -0.2447468787431717,
            -0.6861646175384521,
            -0.2847830355167389
        ],
        [
            -0.23736348748207092,
            -0.6835809946060181,
            -0.2850659489631653
        ],
        [
            -0.26137495040893555,
            -0.6860302686691284,
            -0.27953410148620605
        ],
        [
            -0.2514113783836365,
            -0.6730364561080933,
            -0.2780648469924927
        ],
        [
            -0.2531876862049103,
            -0.6762315034866333,
            -0.27942028641700745
        ],
        [
            -0.2598409652709961,
            -0.6740137338638306,
            -0.2777089476585388
        ],
        [
            -0.2576617896556854,
            -0.6712284088134766,
            -0.27673080563545227
        ],
        [
            -0.219492107629776,
            -0.6816164255142212,
            -0.2828954756259918
        ],
        [
            -0.22513535618782043,
            -0.6772811412811279,
            -0.2815013527870178
        ],
        [
            -0.2200254499912262,
            -0.672836422920227,
            -0.2782656252384186
        ],
        [
            -0.21364930272102356,
            -0.6764627695083618,
            -0.2780758738517761
        ],
        [
            -0.21850678324699402,
            -0.6678676605224609,
            -0.2741057276725769
        ],
        [
            -0.20920556783676147,
            -0.670956015586853,
            -0.2728274464607239
        ],
        [
            -0.20839670300483704,
            -0.6569408178329468,
            -0.2620998024940491
        ],
        [
            -0.20821252465248108,
            -0.6632966995239258,
            -0.267195463180542
        ],
        [
            -0.21855908632278442,
            -0.6621022820472717,
            -0.2698218524456024
        ],
        [
            -0.22128449380397797,
            -0.6551119685173035,
            -0.26628780364990234
        ],
        [
            -0.23573768138885498,
            -0.6531431674957275,
            -0.2644449770450592
        ],
        [
            -0.2404462993144989,
            -0.6498112678527832,
            -0.2614833116531372
        ],
        [
            -0.2303868681192398,
            -0.641326904296875,
            -0.2598320543766022
        ],
        [
            -0.22599805891513824,
            -0.6470849514007568,
            -0.26301851868629456
        ],
        [
            -0.24630394577980042,
            -0.6701194047927856,
            -0.2732797861099243
        ],
        [
            -0.24216598272323608,
            -0.6722666621208191,
            -0.2744041085243225
        ],
        [
            -0.2439686357975006,
            -0.6723365783691406,
            -0.2765797972679138
        ],
        [
            -0.24903447926044464,
            -0.6709673404693604,
            -0.27594059705734253
        ],
        [
            -0.23863458633422852,
            -0.6735700368881226,
            -0.27586233615875244
        ],
        [
            -0.23699703812599182,
            -0.6740025281906128,
            -0.2765432298183441
        ],
        [
            -0.23842406272888184,
            -0.6744081377983093,
            -0.27755624055862427
        ],
        [
            -0.23937702178955078,
            -0.6739773154258728,
            -0.27645230293273926
        ],
        [
            -0.24085064232349396,
            -0.6730390787124634,
            -0.275259792804718
        ],
        [
            -0.24081707000732422,
            -0.6710963249206543,
            -0.27412205934524536
        ],
        [
            -0.239137202501297,
            -0.6725025773048401,
            -0.2752537727355957
        ],
        [
            -0.24428923428058624,
            -0.668342113494873,
            -0.2730843126773834
        ],
        [
            -0.25582319498062134,
            -0.6603618860244751,
            -0.26846200227737427
        ],
        [
            -0.2527977228164673,
            -0.6620116233825684,
            -0.27038535475730896
        ],
        [
            -0.25535356998443604,
            -0.6660423278808594,
            -0.2699006199836731
        ],
        [
            -0.25807684659957886,
            -0.6649043560028076,
            -0.26835936307907104
        ],
        [
            -0.2414652407169342,
            -0.6749346256256104,
            -0.2781452536582947
        ],
        [
            -0.24031665921211243,
            -0.676814079284668,
            -0.2799273133277893
        ],
        [
            -0.24605292081832886,
            -0.6767759323120117,
            -0.28010332584381104
        ],
        [
            -0.24517236649990082,
            -0.6745181083679199,
            -0.2781069874763489
        ],
        [
            -0.23934251070022583,
            -0.67910236120224,
            -0.2822989523410797
        ],
        [
            -0.23719824850559235,
            -0.6761922836303711,
            -0.2791360020637512
        ],
        [
            -0.23522087931632996,
            -0.6776937246322632,
            -0.2812219262123108
        ],
        [
            -0.2365463227033615,
            -0.672478199005127,
            -0.27557745575904846
        ],
        [
            -0.23315076529979706,
            -0.672331690788269,
            -0.276125431060791
        ],
        [
            -0.23456451296806335,
            -0.6740598678588867,
            -0.27805012464523315
        ],
        [
            -0.23316586017608643,
            -0.6690456867218018,
            -0.27389222383499146
        ],
        [
            -0.23785369098186493,
            -0.6699905395507812,
            -0.27371177077293396
        ],
        [
            -0.24077104032039642,
            -0.6664201617240906,
            -0.272368848323822
        ],
        [
            -0.2449178695678711,
            -0.662467360496521,
            -0.270844966173172
        ],
        [
            -0.2392551302909851,
            -0.6604199409484863,
            -0.26918041706085205
        ],
        [
            -0.23542410135269165,
            -0.6648282408714294,
            -0.2715407907962799
        ],
        [
            -0.24614794552326202,
            -0.6809228658676147,
            -0.2821849584579468
        ],
        [
            -0.23047181963920593,
            -0.6753242611885071,
            -0.27959656715393066
        ],
        [
            -0.23134498298168182,
            -0.6813502311706543,
            -0.2836494445800781
        ],
        [
            -0.227614164352417,
            -0.6719014644622803,
            -0.2773473262786865
        ],
        [
            -0.2266554832458496,
            -0.6679524183273315,
            -0.2742024064064026
        ],
        [
            -0.22827646136283875,
            -0.6630430221557617,
            -0.27061575651168823
        ],
        [
            -0.23164421319961548,
            -0.6578469276428223,
            -0.26762041449546814
        ],
        [
            -0.21838882565498352,
            -0.6401508450508118,
            -0.2515009343624115
        ],
        [
            -0.2138218730688095,
            -0.6472196578979492,
            -0.2567984461784363
        ],
        [
            -0.2771664559841156,
            -0.7404358386993408,
            -0.3080466091632843
        ],
        [
            -0.2695274353027344,
            -0.7424694895744324,
            -0.3126561641693115
        ],
        [
            -0.262669175863266,
            -0.738311767578125,
            -0.30782708525657654
        ],
        [
            -0.2626282870769501,
            -0.740710973739624,
            -0.3095291554927826
        ],
        [
            -0.2685956656932831,
            -0.7394124865531921,
            -0.30822858214378357
        ],
        [
            -0.26708924770355225,
            -0.7371280193328857,
            -0.30664098262786865
        ],
        [
            -0.2415243238210678,
            -0.7426846027374268,
            -0.30536773800849915
        ],
        [
            -0.24814704060554504,
            -0.7409182786941528,
            -0.30545854568481445
        ],
        [
            -0.24526387453079224,
            -0.7384940385818481,
            -0.30346739292144775
        ],
        [
            -0.23685313761234283,
            -0.7376648187637329,
            -0.304078608751297
        ],
        [
            -0.25021591782569885,
            -0.7273434996604919,
            -0.30027657747268677
        ],
        [
            -0.24627310037612915,
            -0.7307925224304199,
            -0.30158156156539917
        ],
        [
            -0.2535995543003082,
            -0.7342835068702698,
            -0.30278050899505615
        ],
        [
            -0.25649288296699524,
            -0.7318279147148132,
            -0.3018121123313904
        ],
        [
            -0.25974875688552856,
            -0.7298585176467896,
            -0.30017974972724915
        ],
        [
            -0.26323243975639343,
            -0.7284365892410278,
            -0.29792875051498413
        ],
        [
            -0.2600027024745941,
            -0.7244658470153809,
            -0.2962750792503357
        ],
        [
            -0.2552095651626587,
            -0.7254999279975891,
            -0.2984250485897064
        ],
        [
            -0.27418357133865356,
            -0.7387163639068604,
            -0.30453866720199585
        ],
        [
            -0.2785024642944336,
            -0.7367791533470154,
            -0.29889124631881714
        ],
        [
            -0.27558279037475586,
            -0.7349059581756592,
            -0.29863256216049194
        ],
        [
            -0.272136390209198,
            -0.7360423803329468,
            -0.3036269545555115
        ],
        [
            -0.27614355087280273,
            -0.7303954362869263,
            -0.2863646149635315
        ],
        [
            -0.27718448638916016,
            -0.7319812178611755,
            -0.28861403465270996
        ],
        [
            -0.28094911575317383,
            -0.7319108247756958,
            -0.28724905848503113
        ],
        [
            -0.2787580192089081,
            -0.7286128401756287,
            -0.28491494059562683
        ],
        [
            -0.2757391333580017,
            -0.7264577150344849,
            -0.28582292795181274
        ],
        [
            -0.27469804883003235,
            -0.7290010452270508,
            -0.28716742992401123
        ],
        [
            -0.2981853485107422,
            -0.789975643157959,
            -0.3177018165588379
        ],
        [
            -0.298182874917984,
            -0.7714377641677856,
            -0.31547075510025024
        ],
        [
            -0.2778763473033905,
            -0.793900728225708,
            -0.3188844919204712
        ],
        [
            -0.25990840792655945,
            -0.7930195927619934,
            -0.31591933965682983
        ],
        [
            -0.2431768774986267,
            -0.7873265743255615,
            -0.31219375133514404
        ],
        [
            -0.2130473256111145,
            -0.6904065608978271,
            -0.2845690846443176
        ],
        [
            -0.20456214249134064,
            -0.6862590312957764,
            -0.279086172580719
        ],
        [
            -0.19613437354564667,
            -0.6999768018722534,
            -0.2791714668273926
        ],
        [
            -0.18993134796619415,
            -0.6930668950080872,
            -0.2720869183540344
        ],
        [
            -0.19899287819862366,
            -0.6789345741271973,
            -0.2723807394504547
        ],
        [
            -0.19803321361541748,
            -0.6614763140678406,
            -0.255437433719635
        ],
        [
            -0.19658800959587097,
            -0.6699604988098145,
            -0.2645171880722046
        ],
        [
            -0.18551480770111084,
            -0.6858165264129639,
            -0.2628357410430908
        ],
        [
            -0.1773260235786438,
            -0.7056185007095337,
            -0.26284435391426086
        ],
        [
            -0.18360455334186554,
            -0.708799421787262,
            -0.27136027812957764
        ],
        [
            -0.17500530183315277,
            -0.7259433269500732,
            -0.2621331214904785
        ],
        [
            -0.1710585504770279,
            -0.7030327320098877,
            -0.25075241923332214
        ],
        [
            -0.17217440903186798,
            -0.7289093732833862,
            -0.25449734926223755
        ],
        [
            -0.17028681933879852,
            -0.6670684814453125,
            -0.23138774931430817
        ],
        [
            -0.16295896470546722,
            -0.6586176156997681,
            -0.22772625088691711
        ],
        [
            -0.1502322107553482,
            -0.6716678142547607,
            -0.23306523263454437
        ],
        [
            -0.15760725736618042,
            -0.6805248260498047,
            -0.2363279163837433
        ],
        [
            -0.19121983647346497,
            -0.7122387886047363,
            -0.2789433002471924
        ],
        [
            -0.2242523580789566,
            -0.7617273330688477,
            -0.3034108579158783
        ],
        [
            -0.23297394812107086,
            -0.7556732892990112,
            -0.3070751428604126
        ],
        [
            -0.21467800438404083,
            -0.753531277179718,
            -0.29890763759613037
        ],
        [
            -0.24133694171905518,
            -0.8220694661140442,
            -0.30756881833076477
        ],
        [
            -0.2523266077041626,
            -0.808342695236206,
            -0.3135944604873657
        ],
        [
            -0.2366466522216797,
            -0.800386369228363,
            -0.310392290353775
        ],
        [
            -0.22838111221790314,
            -0.8141621351242065,
            -0.3051299750804901
        ],
        [
            -0.28155457973480225,
            -0.841364860534668,
            -0.30313652753829956
        ],
        [
            -0.2911258935928345,
            -0.8170905113220215,
            -0.31415098905563354
        ],
        [
            -0.2734012007713318,
            -0.8142014741897583,
            -0.3146691918373108
        ],
        [
            -0.2639131546020508,
            -0.8333851099014282,
            -0.3072933554649353
        ],
        [
            -0.21993501484394073,
            -0.8226801753044128,
            -0.2984040677547455
        ],
        [
            -0.21012090146541595,
            -0.8335796594619751,
            -0.2875743806362152
        ],
        [
            -0.21671734750270844,
            -0.849174976348877,
            -0.284381628036499
        ],
        [
            -0.23048615455627441,
            -0.8375720381736755,
            -0.29735520482063293
        ],
        [
            -0.23090428113937378,
            -0.8681774139404297,
            -0.27702000737190247
        ],
        [
            -0.24805960059165955,
            -0.8540505766868591,
            -0.2928105890750885
        ],
        [
            -0.16163872182369232,
            -0.7215174436569214,
            -0.2442954182624817
        ],
        [
            -0.16720546782016754,
            -0.7395455241203308,
            -0.24797268211841583
        ],
        [
            -0.166738361120224,
            -0.6899595260620117,
            -0.24129952490329742
        ],
        [
            -0.1556818187236786,
            -0.705834150314331,
            -0.24032586812973022
        ],
        [
            -0.24730655550956726,
            -0.8805499076843262,
            -0.2647005021572113
        ],
        [
            -0.2676054835319519,
            -0.8650691509246826,
            -0.2842579483985901
        ],
        [
            -0.1786106526851654,
            -0.8402880430221558,
            -0.24367694556713104
        ],
        [
            -0.19024357199668884,
            -0.8507447838783264,
            -0.2546307146549225
        ],
        [
            -0.18853497505187988,
            -0.8326971530914307,
            -0.26592063903808594
        ],
        [
            -0.17778146266937256,
            -0.8252297043800354,
            -0.2543025612831116
        ],
        [
            -0.18158398568630219,
