{
    "pred_cam": [
        2.0533642768859863,
        0.15653209388256073,
        0.491978257894516
    ],
    "pred_smpl_params": {
        "global_orient": [
            [
                [
                    0.5866571068763733,
                    -0.08173584938049316,
                    -0.8057000041007996
                ],
                [
                    0.19843505322933197,
                    -0.9500559568405151,
                    0.2408674955368042
                ],
                [
                    -0.7851476669311523,
                    -0.3011857867240906,
                    -0.5411378145217896
                ]
            ]
        ],
        "body_pose": [
            [
                [
                    0.9917908310890198,
                    -0.07863054424524307,
                    0.1008368730545044
                ],
                [
                    0.04830746352672577,
                    0.9605487585067749,
                    0.2738839387893677
                ],
                [
                    -0.1183943897485733,
                    -0.26676443219184875,
                    0.9564619064331055
                ]
            ],
            [
                [
                    0.9930526614189148,
                    0.11544427275657654,
                    0.022779658436775208
                ],
                [
                    -0.1172415092587471,
                    0.9872276782989502,
                    0.10787040740251541
                ],
                [
                    -0.010035688057541847,
                    -0.10979173332452774,
                    0.9939039349555969
                ]
            ],
            [
                [
                    0.9984683394432068,
                    -0.032270707190036774,
                    -0.044940002262592316
                ],
                [
                    0.01825309731066227,
                    0.9589314460754395,
                    -0.2830498516559601
                ],
                [
                    0.05222860351204872,
                    0.28179603815078735,
                    0.9580517411231995
                ]
            ],
            [
                [
                    0.9854807257652283,
                    0.1609143316745758,
                    0.05417001247406006
                ],
                [
                    -0.10388794541358948,
                    0.8238253593444824,
                    -0.5572423338890076
                ],
                [
                    -0.13429497182369232,
                    0.5435239672660828,
                    0.8285810947418213
                ]
            ],
            [
                [
                    0.9837243556976318,
                    -0.00953080877661705,
                    0.17943096160888672
                ],
                [
                    0.08787822723388672,
                    0.8965350985527039,
                    -0.43416836857795715
                ],
                [
                    -0.15672817826271057,
                    0.4428701102733612,
                    0.8827809691429138
                ]
            ],
            [
                [
                    0.9965988993644714,
                    -0.04326412081718445,
                    -0.07013469189405441
                ],
                [
                    0.04178236052393913,
                    0.998874306678772,
                    -0.022459104657173157
                ],
                [
                    0.07102740556001663,
                    0.019452325999736786,
                    0.9972847104072571
                ]
            ],
            [
                [
                    0.9808927178382874,
                    0.02035011164844036,
                    0.19348202645778656
                ],
                [
                    -0.03335697948932648,
                    0.9973790049552917,
                    0.06420694291591644
                ],
                [
                    -0.19166827201843262,
                    -0.06943410634994507,
                    0.9790006279945374
                ]
            ],
            [
                [
                    0.9819713234901428,
                    -0.05274101719260216,
                    -0.18152326345443726
                ],
                [
                    0.06479468941688538,
                    0.9960249066352844,
                    0.061122503131628036
                ],
                [
                    0.17757803201675415,
                    -0.07178228348493576,
                    0.9814852476119995
                ]
            ],
            [
                [
                    0.9971947073936462,
                    -0.022120095789432526,
                    -0.07150838524103165
                ],
                [
                    0.020669037476181984,
                    0.9995664954185486,
                    -0.02096896804869175
                ],
                [
                    0.07194121927022934,
                    0.019432133063673973,
                    0.9972196221351624
                ]
            ],
            [
                [
                    0.9873392581939697,
                    -0.10771401971578598,
                    0.11644240468740463
                ],
                [
                    0.09867686778306961,
                    0.991834819316864,
                    0.08078644424676895
                ],
                [
                    -0.124193474650383,
                    -0.06827346235513687,
                    0.9899063110351562
                ]
            ],
            [
                [
                    0.9881025552749634,
                    0.13858622312545776,
                    0.06668754667043686
                ],
                [
                    -0.1458030343055725,
                    0.9820752143859863,
                    0.11945593357086182
                ],
                [
                    -0.04893724247813225,
                    -0.1277579516172409,
                    0.9905973076820374
                ]
            ],
            [
                [
                    0.9551311135292053,
                    -0.12905840575695038,
                    0.26658686995506287
                ],
                [
                    0.1263481229543686,
                    0.9916083216667175,
                    0.02736954391002655
                ],
                [
                    -0.2678820490837097,
                    0.007541254162788391,
                    0.9634222388267517
                ]
            ],
            [
                [
                    0.888237476348877,
                    0.30837032198905945,
                    -0.34050264954566956
                ],
                [
                    -0.30384016036987305,
                    0.9502919912338257,
                    0.06801601499319077
                ],
                [
                    0.34455108642578125,
                    0.04304402694106102,
                    0.9377802610397339
                ]
            ],
            [
                [
                    0.9472240209579468,
                    -0.22787685692310333,
                    0.2254745364189148
                ],
                [
                    0.21591348946094513,
                    0.9733946919441223,
                    0.0767078772187233
                ],
                [
                    -0.2369556725025177,
                    -0.02397654764354229,
                    0.9712245464324951
                ]
            ],
            [
                [
                    0.9732100963592529,
                    0.027796318754553795,
                    0.22823143005371094
                ],
                [
                    0.01916356384754181,
                    0.9794042110443115,
                    -0.20099763572216034
                ],
                [
                    -0.22911784052848816,
                    0.19998662173748016,
                    0.9526333808898926
                ]
            ],
            [
                [
                    0.6541088223457336,
                    0.6646167635917664,
                    -0.3611457347869873
                ],
                [
                    -0.6481593251228333,
                    0.7386114001274109,
                    0.18531785905361176
                ],
                [
                    0.3899117112159729,
                    0.11286194622516632,
                    0.9139097929000854
                ]
            ],
            [
                [
                    0.6136940717697144,
                    -0.6505926251411438,
                    0.44733527302742004
                ],
                [
                    0.7018271684646606,
                    0.709055483341217,
                    0.0684029757976532
                ],
                [
                    -0.3616879880428314,
                    0.27197355031967163,
                    0.8917467594146729
                ]
            ],
            [
                [
                    0.5926529765129089,
                    -0.16575084626674652,
                    -0.7882189750671387
                ],
                [
                    0.12205701321363449,
                    0.9857773184776306,
                    -0.11552117764949799
                ],
                [
                    0.796156108379364,
                    -0.02774367667734623,
                    0.6044549345970154
                ]
            ],
            [
                [
                    0.050340503454208374,
                    0.34726274013519287,
                    0.9364157319068909
                ],
                [
                    -0.2138909250497818,
                    0.9195988774299622,
                    -0.3295278251171112
                ],
                [
                    -0.9755595922470093,
                    -0.1837022304534912,
                    0.12056942284107208
                ]
            ],
            [
                [
                    0.9877381324768066,
                    -0.15611585974693298,
                    -0.0011041199322789907
                ],
                [
                    0.15422238409519196,
                    0.9768085479736328,
                    -0.14852792024612427
                ],
                [
                    0.024266080930829048,
                    0.14653640985488892,
                    0.9889076352119446
                ]
            ],
            [
                [
                    0.9852198362350464,
                    0.16161485016345978,
                    0.056765832006931305
                ],
                [
                    -0.16386131942272186,
                    0.9857736825942993,
                    0.03741363063454628
                ],
                [
                    -0.04991166293621063,
                    -0.046162381768226624,
                    0.9976862072944641
                ]
            ],
            [
                [
                    0.9812896847724915,
                    0.17921125888824463,
                    -0.0703842043876648
                ],
                [
                    -0.1670229285955429,
                    0.9741894006729126,
                    0.1518499255180359
                ],
                [
                    0.09578076004981995,
                    -0.13725298643112183,
                    0.9858943819999695
                ]
            ],
            [
                [
                    0.966701090335846,
                    -0.22312209010124207,
                    0.12532225251197815
                ],
                [
                    0.20860446989536285,
                    0.9707167744636536,
                    0.11913460493087769
                ],
                [
                    -0.14823397994041443,
                    -0.08902475982904434,
                    0.9849372506141663
                ]
            ]
        ],
        "betas": [
            0.14053377509117126,
            0.11423009634017944,
            -0.23665376007556915,
            0.07015419006347656,
            0.1472497582435608,
            -0.05964914709329605,
            -0.09608399868011475,
            0.0474814772605896,
            0.12709930539131165,
            -0.05854591727256775
        ]
    },
    "pred_cam_t": [
        0.15653209388256073,
        0.491978257894516,
        19.023658752441406
    ],
    "focal_length": [
        5000.0,
        5000.0
    ],
    "pred_keypoints_3d": [
        [
            -0.2668536305427551,
            -0.6933372020721436,
            -0.27839845418930054
        ],
        [
            -0.12284292280673981,
            -0.6832718253135681,
            -0.1489066183567047
        ],
        [
            -0.17666040360927582,
            -0.6410341262817383,
            0.03944830223917961
        ],
        [
            -0.2207319438457489,
            -0.4239296317100525,
            0.17206528782844543
        ],
        [
            -0.3969997763633728,
            -0.36048299074172974,
            -0.006611868739128113
        ],
        [
            -0.04246958717703819,
            -0.5529206991195679,
            -0.2794622778892517
        ],
        [
            -0.028694208711385727,
            -0.28870657086372375,
            -0.2902129888534546
        ],
        [
            -0.2412204146385193,
            -0.15224246680736542,
            -0.302307665348053
        ],
        [
            -0.0019493792206048965,
            -0.2242405116558075,
            0.027202093973755836
        ],
        [
            -0.029836300760507584,
            -0.152805894613266,
            0.10965913534164429
        ],
        [
            -0.07571212947368622,
            0.19729211926460266,
            0.2702251672744751
        ],
        [
            0.07929433882236481,
            0.49115458130836487,
            0.5013453960418701
        ],
        [
            0.05173563212156296,
            -0.12553608417510986,
            0.0047116149216890335
        ],
        [
            0.044035978615283966,
            0.25434738397598267,
            0.013066660612821579
        ],
        [
            0.14742529392242432,
            0.5500118732452393,
            0.26896312832832336
        ],
        [
            -0.2918292284011841,
            -0.7383161187171936,
            -0.24376851320266724
        ],
        [
            -0.24630916118621826,
            -0.7498960494995117,
            -0.2915080189704895
        ],
        [
            -0.26135873794555664,
            -0.7698938846588135,
            -0.1471998542547226
        ],
        [
            -0.16223369538784027,
            -0.7950280904769897,
            -0.25510621070861816
        ],
        [
            0.06492781639099121,
            0.7022571563720703,
            0.16032323241233826
        ],
        [
            0.14668279886245728,
            0.6865615844726562,
            0.16783449053764343
        ],
        [
            0.18959999084472656,
            0.548059344291687,
            0.32509633898735046
        ],
        [
            -0.043020084500312805,
            0.6324477195739746,
            0.43154215812683105
        ],
        [
            -0.058425284922122955,
            0.5969182252883911,
            0.5113950967788696
        ],
        [
            0.13179105520248413,
            0.4966200590133667,
            0.5529221296310425
        ],
        [
            0.06885220855474472,
            0.43084603548049927,
            0.5011100769042969
        ],
        [
            -0.0743638128042221,
            0.13835111260414124,
            0.2404981255531311
        ],
        [
            -0.08132966607809067,
            -0.2872982621192932,
            0.1373753398656845
        ],
        [
            0.1047414094209671,
            -0.21907322108745575,
            -0.07615730166435242
        ],
        [
            0.05023512616753578,
            0.21531681716442108,
            -0.0032132836058735847
        ],
        [
            0.16061310470104218,
            0.5089064836502075,
            0.2603526711463928
        ],
        [
            -0.3730766177177429,
            -0.38989493250846863,
            -0.011768262833356857
        ],
        [
            -0.2511606812477112,
            -0.4559589624404907,
            0.1659243404865265
        ],
        [
            -0.1700766384601593,
            -0.6587216854095459,
            0.0019697556272149086
        ],
        [
            -0.04934096336364746,
            -0.5939516425132751,
            -0.2667393684387207
        ],
        [
            -0.051950301975011826,
            -0.3164684474468231,
            -0.32659509778022766
        ],
        [
            -0.24038289487361908,
            -0.17231407761573792,
            -0.3089708685874939
        ],
        [
            -0.1267208606004715,
            -0.6748574376106262,
            -0.15258502960205078
        ],
        [
            -0.2445441484451294,
            -0.8184000253677368,
            -0.2286543846130371
        ],
        [
            0.011805323883891106,
            -0.2532869279384613,
            0.030003007501363754
        ],
        [
            -0.11005350947380066,
            -0.6232838034629822,
            -0.13024257123470306
        ],
        [
            -0.027101527899503708,
            -0.4799039661884308,
            -0.05175827443599701
        ],
        [
            -0.20732709765434265,
            -0.7114859819412231,
            -0.2235114872455597
        ],
        [
            -0.2512742877006531,
            -0.838399350643158,
            -0.2251826524734497
        ]
    ],
    "pred_vertices": [
        [
            -0.26167619228363037,
            -0.790542721748352,
            -0.3130415081977844
        ],
        [
            -0.26241761445999146,
            -0.774559497833252,
            -0.30898553133010864
        ],
        [
            -0.24842475354671478,
            -0.7782303094863892,
            -0.30997514724731445
        ],
        [
            -0.24459844827651978,
            -0.7924968004226685,
            -0.3104361891746521
        ],
        [
            -0.24967831373214722,
            -0.7668336033821106,
            -0.30866801738739014
        ],
        [
            -0.26069405674934387,
            -0.7629331946372986,
            -0.3062628507614136
        ],
        [
            -0.23501047492027283,
            -0.7793365716934204,
            -0.306469589471817
        ],
        [
            -0.22908759117126465,
            -0.7915019989013672,
            -0.3049449920654297
        ],
        [
            -0.207811176776886,
            -0.7560199499130249,
            -0.2926263213157654
        ],
        [
            -0.19771645963191986,
            -0.7577672004699707,
            -0.2883003056049347
        ],
        [
            -0.20471714437007904,
            -0.7672427296638489,
            -0.29243290424346924
        ],
        [
            -0.21334649622440338,
            -0.7628738880157471,
            -0.2949550151824951
        ],
        [
            -0.19429081678390503,
            -0.7355403304100037,
            -0.2830924689769745
        ],
        [
            -0.19860608875751495,
            -0.7224286794662476,
            -0.28159475326538086
        ],
        [
            -0.18767663836479187,
            -0.7199844717979431,
            -0.2744291424751282
        ],
        [
            -0.18325883150100708,
            -0.7329500913619995,
            -0.2743324637413025
        ],
        [
            -0.23988302052021027,
            -0.7167117595672607,
            -0.27850213646888733
        ],
        [
            -0.2325095534324646,
            -0.7126156091690063,
            -0.2797074317932129
        ],
        [
            -0.23249834775924683,
            -0.7194840908050537,
            -0.2835580110549927
        ],
        [
            -0.23984438180923462,
            -0.7229155898094177,
            -0.2813589572906494
        ],
        [
            -0.25420644879341125,
            -0.7202774882316589,
            -0.27898386120796204
        ],
        [
            -0.25423040986061096,
            -0.7268767356872559,
            -0.2788226008415222
        ],
        [
            -0.26216021180152893,
            -0.7266511917114258,
            -0.2802158296108246
        ],
        [
            -0.261788934469223,
            -0.7191052436828613,
            -0.28130123019218445
        ],
        [
            -0.24123063683509827,
            -0.7110248804092407,
            -0.2735579311847687
        ],
        [
            -0.23328369855880737,
            -0.7070804834365845,
            -0.27464157342910767
        ],
        [
            -0.24660971760749817,
            -0.7199128866195679,
            -0.2778048813343048
        ],
        [
            -0.24709799885749817,
            -0.7146454453468323,
            -0.276993066072464
        ],
        [
            -0.25197944045066833,
            -0.7036362886428833,
            -0.28041040897369385
        ],
        [
            -0.25231510400772095,
            -0.7087690830230713,
            -0.28176411986351013
        ],
        [
            -0.25893262028694153,
            -0.7056021690368652,
            -0.28440696001052856
        ],
        [
            -0.25684255361557007,
            -0.7008951902389526,
            -0.2815762758255005
        ],
        [
            -0.24456578493118286,
            -0.7082452178001404,
            -0.2759963870048523
        ],
        [
            -0.24710458517074585,
            -0.7095314860343933,
            -0.27900928258895874
        ],
        [
            -0.24836662411689758,
            -0.7046844959259033,
            -0.2778876721858978
        ],
        [
            -0.24663113057613373,
            -0.7041349411010742,
            -0.27413052320480347
        ],
        [
            -0.2541230618953705,
            -0.7151561975479126,
            -0.27948611974716187
        ],
        [
            -0.26086312532424927,
            -0.7126731276512146,
            -0.282798707485199
        ],
        [
            -0.26815998554229736,
            -0.7095786333084106,
            -0.28515851497650146
        ],
        [
            -0.26554200053215027,
            -0.7009443044662476,
            -0.28583386540412903
        ],
        [
            -0.2152097225189209,
            -0.7063196897506714,
            -0.2790479362010956
        ],
        [
            -0.22410103678703308,
            -0.7092595100402832,
            -0.2804619073867798
        ],
        [
            -0.22546592354774475,
            -0.7037665843963623,
            -0.27594757080078125
        ],
        [
            -0.21805112063884735,
            -0.701282262802124,
            -0.2757704555988312
        ],
        [
            -0.24245938658714294,
            -0.703361988067627,
            -0.27178484201431274
        ],
        [
            -0.23252569139003754,
            -0.690484881401062,
            -0.2698393166065216
        ],
        [
            -0.23422203958034515,
            -0.6936718225479126,
            -0.2712515890598297
        ],
        [
            -0.24096351861953735,
            -0.691348671913147,
            -0.2700406312942505
        ],
        [
            -0.23883888125419617,
            -0.6885824203491211,
            -0.2689701318740845
        ],
        [
            -0.20035192370414734,
            -0.6993904113769531,
            -0.2725338339805603
        ],
        [
            -0.20605191588401794,
            -0.6950464248657227,
            -0.2715100347995758
        ],
        [
            -0.20115222036838531,
            -0.6905910968780518,
            -0.2680116295814514
        ],
        [
            -0.1948368102312088,
            -0.6942428350448608,
            -0.26737356185913086
        ],
        [
            -0.199911430478096,
            -0.6855900287628174,
            -0.26381632685661316
        ],
        [
            -0.1907433718442917,
            -0.6887325048446655,
            -0.26190418004989624
        ],
        [
            -0.1906096190214157,
            -0.6745518445968628,
            -0.25132840871810913
        ],
        [
            -0.1901131272315979,
            -0.6809996962547302,
            -0.25631004571914673
        ],
        [
            -0.2002364695072174,
            -0.6797716617584229,
            -0.2596072256565094
        ],
        [
            -0.20316599309444427,
            -0.672698438167572,
            -0.25636622309684753
        ],
        [
            -0.21770575642585754,
            -0.6705378293991089,
            -0.25552529096603394
        ],
        [
            -0.222571462392807,
            -0.667131781578064,
            -0.25293344259262085
        ],
        [
            -0.2126045972108841,
            -0.658664345741272,
            -0.2507683336734772
        ],
        [
            -0.20804466307163239,
            -0.6645429134368896,
            -0.2535572350025177
        ],
        [
            -0.22771614789962769,
            -0.687579870223999,
            -0.2647857367992401
        ],
        [
            -0.22352375090122223,
            -0.6897971630096436,
            -0.2655945420265198
        ],
        [
            -0.22516906261444092,
            -0.689873218536377,
            -0.26788103580474854
        ],
        [
            -0.23025912046432495,
            -0.6884269714355469,
            -0.26761922240257263
        ],
        [
            -0.21991856396198273,
            -0.6911814212799072,
            -0.26676085591316223
        ],
        [
            -0.21823860704898834,
            -0.6916524767875671,
            -0.2673133313655853
        ],
        [
            -0.21959295868873596,
            -0.6920498609542847,
            -0.26841872930526733
        ],
        [
            -0.22059375047683716,
            -0.691582202911377,
            -0.2673985958099365
        ],
        [
            -0.2221468687057495,
            -0.6906037330627441,
            -0.26633602380752563
        ],
        [
            -0.22217479348182678,
            -0.6886309385299683,
            -0.2652522325515747
        ],
        [
            -0.22044990956783295,
            -0.6900949478149414,
            -0.2662220597267151
        ],
        [
            -0.22569873929023743,
            -0.6858144998550415,
            -0.2645074427127838
        ],
        [
            -0.23749954998493195,
            -0.6776512861251831,
            -0.26074326038360596
        ],
        [
            -0.23432783782482147,
            -0.6793709397315979,
            -0.26246434450149536
        ],
        [
            -0.2369382083415985,
            -0.6833556890487671,
            -0.26209205389022827
        ],
        [
            -0.2397952526807785,
            -0.6821479797363281,
            -0.26072967052459717
        ],
        [
            -0.22259271144866943,
            -0.692521333694458,
            -0.2691963315010071
        ],
        [
            -0.22131599485874176,
            -0.6944518685340881,
            -0.2708902060985565
        ],
        [
            -0.22701920568943024,
            -0.6943244934082031,
            -0.27147194743156433
        ],
        [
            -0.2262701392173767,
            -0.6920561790466309,
            -0.2694551646709442
        ],
        [
            -0.22016705572605133,
            -0.6967645883560181,
            -0.2731640636920929
        ],
        [
            -0.21826554834842682,
            -0.6938768625259399,
            -0.26988160610198975
        ],
        [
            -0.21617719531059265,
            -0.695414662361145,
            -0.27178841829299927
        ],
        [
            -0.21784323453903198,
            -0.6901072859764099,
            -0.266353577375412
        ],
        [
            -0.2144114375114441,
            -0.690011739730835,
            -0.2666620910167694
        ],
        [
            -0.21569986641407013,
            -0.6917630434036255,
            -0.2686390280723572
        ],
        [
            -0.2145599126815796,
            -0.6866695880889893,
            -0.26450932025909424
        ],
        [
            -0.21925987303256989,
            -0.6875526309013367,
            -0.26465529203414917
        ],
        [
            -0.22224967181682587,
            -0.6839135885238647,
            -0.26358452439308167
        ],
        [
            -0.22646380960941315,
            -0.67988121509552,
            -0.2624054551124573
        ],
        [
            -0.22092440724372864,
            -0.6778596043586731,
            -0.26039719581604004
        ],
        [
            -0.2169570028781891,
            -0.6823521256446838,
            -0.2624228596687317
        ],
        [
            -0.2270253300666809,
            -0.6984980702400208,
            -0.27347156405448914
        ],
        [
            -0.21150338649749756,
            -0.6930663585662842,
            -0.26991909742355347
        ],
        [
            -0.21213318407535553,
            -0.6991108655929565,
            -0.2739887237548828
        ],
        [
            -0.20878487825393677,
            -0.6896270513534546,
            -0.267544686794281
        ],
        [
            -0.20802554488182068,
            -0.6856318712234497,
            -0.26440680027008057
        ],
        [
            -0.20988386869430542,
            -0.6806400418281555,
            -0.2610248923301697
        ],
        [
            -0.21342642605304718,
            -0.6753323078155518,
            -0.2583595812320709
        ],
        [
            -0.20120179653167725,
            -0.6574195027351379,
            -0.24164162576198578
        ],
        [
            -0.1963374763727188,
            -0.6646569967269897,
            -0.2465217560529709
        ],
        [
            -0.25692272186279297,
            -0.7578397989273071,
            -0.3006432056427002
        ],
        [
            -0.24903887510299683,
            -0.7600420713424683,
            -0.30467087030410767
        ],
        [
            -0.24244482815265656,
            -0.755907416343689,
            -0.29941803216934204
        ],
        [
            -0.2422827035188675,
            -0.7583385705947876,
            -0.3011162579059601
        ],
        [
            -0.24834968149662018,
            -0.7569007873535156,
            -0.3002285659313202
        ],
        [
            -0.24691715836524963,
            -0.7546381950378418,
            -0.298566997051239
        ],
        [
            -0.22145812213420868,
            -0.760498583316803,
            -0.2955067753791809
        ],
        [
            -0.22807833552360535,
            -0.7586669921875,
            -0.2960381507873535
        ],
        [
            -0.22532740235328674,
            -0.7562791109085083,
            -0.29386812448501587
        ],
        [
            -0.21683567762374878,
            -0.7555391788482666,
            -0.29399076104164124
        ],
        [
            -0.23040807247161865,
            -0.7450106143951416,
            -0.29119518399238586
        ],
        [
            -0.22640301287174225,
            -0.7485462427139282,
            -0.2921842932701111
        ],
        [
            -0.2336498349905014,
            -0.7519513368606567,
            -0.2937866449356079
        ],
        [
            -0.236578568816185,
            -0.7494312524795532,
            -0.2930530309677124
        ],
        [
            -0.23993532359600067,
            -0.7473948001861572,
            -0.2916751205921173
        ],
        [
            -0.24358035624027252,
            -0.7459054589271545,
            -0.2896744906902313
        ],
        [
            -0.240421861410141,
            -0.7419333457946777,
            -0.28786754608154297
        ],
        [
            -0.2354828119277954,
            -0.7430521249771118,
            -0.2896943688392639
        ],
        [
            -0.25412052869796753,
            -0.756122350692749,
            -0.2969043552875519
        ],
        [
            -0.2588272988796234,
            -0.7540761232376099,
            -0.29161444306373596
        ],
        [
            -0.25590941309928894,
            -0.7522327303886414,
            -0.29115891456604004
        ],
        [
            -0.2521378993988037,
            -0.7534784078598022,
            -0.2958979308605194
        ],
        [
            -0.2572880685329437,
            -0.7475781440734863,
            -0.27899646759033203
        ],
        [
            -0.2581809163093567,
            -0.7491891384124756,
            -0.28130611777305603
        ],
        [
            -0.26202213764190674,
            -0.7490676045417786,
            -0.2801930606365204
        ],
        [
            -0.259967178106308,
            -0.7457457780838013,
            -0.27772319316864014
        ],
        [
            -0.2568899989128113,
            -0.7436329126358032,
            -0.278447687625885
        ],
        [
            -0.25578758120536804,
            -0.7462078332901001,
            -0.2797167897224426
        ],
        [
            -0.2777788043022156,
            -0.8074969053268433,
            -0.31135499477386475
        ],
        [
            -0.27766093611717224,
            -0.788815975189209,
            -0.30932778120040894
        ],
        [
            -0.2573885917663574,
            -0.811568558216095,
            -0.3111439645290375
        ],
        [
            -0.23964759707450867,
            -0.8107693195343018,
            -0.3069027066230774
        ],
        [
            -0.2230614572763443,
            -0.8052504062652588,
            -0.30212584137916565
        ],
        [
            -0.1938934326171875,
            -0.7082284092903137,
            -0.2736796736717224
        ],
        [
            -0.18578383326530457,
            -0.7041122913360596,
            -0.2676851153373718
        ],
        [
            -0.17752833664417267,
            -0.7179038524627686,
            -0.26699167490005493
        ],
        [
            -0.17179007828235626,
            -0.7109370231628418,
            -0.25959423184394836
        ],
        [
            -0.1806502491235733,
            -0.6967539191246033,
            -0.26069721579551697
        ],
        [
            -0.18071028590202332,
            -0.678909957408905,
            -0.24406035244464874
        ],
        [
            -0.17874497175216675,
            -0.6876633763313293,
            -0.2528584897518158
        ],
        [
            -0.16794441640377045,
            -0.7035446763038635,
            -0.2502647042274475
        ],
        [
            -0.15990787744522095,
            -0.7234222888946533,
            -0.24947050213813782
        ],
        [
            -0.1656467616558075,
            -0.7266530990600586,
            -0.2582198977470398
        ],
        [
            -0.15776744484901428,
            -0.7437916398048401,
            -0.24824708700180054
        ],
        [
            -0.15437611937522888,
            -0.720609188079834,
            -0.237168550491333
        ],
        [
            -0.15542030334472656,
            -0.7466615438461304,
            -0.24038080871105194
        ],
        [
            -0.1553342193365097,
            -0.6843531131744385,
            -0.218847393989563
        ],
        [
            -0.1486150175333023,
            -0.676037073135376,
            -0.21508701145648956
        ],
        [
            -0.13560648262500763,
            -0.6894071102142334,
            -0.21935129165649414
        ],
        [
            -0.1424340307712555,
            -0.6981798410415649,
            -0.22263704240322113
        ],
        [
            -0.17273558676242828,
            -0.7301360964775085,
            -0.2662617564201355
        ],
        [
            -0.20442341268062592,
            -0.779771089553833,
            -0.29224976897239685
        ],
        [
            -0.21287894248962402,
            -0.7735531330108643,
            -0.29663485288619995
        ],
        [
            -0.19518233835697174,
            -0.7715913653373718,
            -0.2870863378047943
        ],
        [
            -0.22193625569343567,
            -0.840067982673645,
            -0.29701799154281616
        ],
        [
            -0.23237618803977966,
            -0.8262906670570374,
            -0.30405306816101074
        ],
        [
            -0.21681426465511322,
            -0.8184643983840942,
            -0.2997419238090515
        ],
        [
            -0.20903456211090088,
            -0.8323056697845459,
            -0.29379934072494507
        ],
        [
            -0.2627110183238983,
            -0.8588894605636597,
            -0.2949375510215759
        ],
        [
            -0.2711891829967499,
            -0.8347169756889343,
            -0.30687931180000305
        ],
        [
            -0.25340649485588074,
            -0.831931471824646,
            -0.30631589889526367
        ],
        [
            -0.24466639757156372,
            -0.851059079170227,
            -0.2979443371295929
        ],
        [
            -0.20123670995235443,
            -0.8407212495803833,
            -0.28631770610809326
        ],
        [
            -0.19226466119289398,
            -0.8516528606414795,
            -0.27461379766464233
        ],
        [
            -0.19917860627174377,
            -0.8672235012054443,
            -0.2717294692993164
        ],
        [
            -0.21199990808963776,
            -0.8556000590324402,
            -0.2858631908893585
        ],
        [
            -0.21408848464488983,
            -0.8858640193939209,
            -0.2650023102760315
        ],
        [
            -0.23002047836780548,
            -0.8718012571334839,
            -0.28218480944633484
        ],
        [
            -0.1457594335079193,
            -0.7391767501831055,
            -0.22953365743160248
        ],
        [
            -0.15118508040905,
            -0.7573683261871338,
            -0.2332213819026947
        ],
        [
            -0.15088512003421783,
            -0.7074648141860962,
            -0.22786226868629456
        ],
        [
            -0.14015141129493713,
            -0.7235336899757385,
            -0.22570522129535675
        ],
        [
            -0.23148491978645325,
            -0.8980196118354797,
            -0.2536247968673706
        ],
        [
            -0.25024646520614624,
            -0.8825297355651855,
            -0.27489274740219116
        ],
        [
            -0.16369770467281342,
            -0.8579330444335938,
            -0.2284250110387802
        ],
        [
            -0.17480352520942688,
            -0.868593692779541,
            -0.24009206891059875
        ],
        [
            -0.1721230149269104,
            -0.850642740726471,
            -0.25145795941352844
        ],
        [
            -0.16201956570148468,
            -0.8430339097976685,
            -0.239100381731987
        ],
