{
    "pred_cam": [
        2.150352954864502,
        0.03805694729089737,
        0.5316827893257141
    ],
    "pred_smpl_params": {
        "global_orient": [
            [
                [
                    0.9757057428359985,
                    0.20100529491901398,
                    -0.08715048432350159
                ],
                [
                    0.16024820506572723,
                    -0.9260329604148865,
                    -0.34173595905303955
                ],
                [
                    -0.1493949592113495,
                    0.31946802139282227,
                    -0.935746431350708
                ]
            ]
        ],
        "body_pose": [
            [
                [
                    0.9594500064849854,
                    -0.27105042338371277,
                    -0.07737819105386734
                ],
                [
                    0.20325519144535065,
                    0.4750603437423706,
                    0.8561571836471558
                ],
                [
                    -0.19530244171619415,
                    -0.837167501449585,
                    0.5108890533447266
                ]
            ],
            [
                [
                    0.9521220326423645,
                    0.261114239692688,
                    0.1590064913034439
                ],
                [
                    -0.2723495364189148,
                    0.4881647527217865,
                    0.8291688561439514
                ],
                [
                    0.13888642191886902,
                    -0.8327752351760864,
                    0.5359067320823669
                ]
            ],
            [
                [
                    0.9994268417358398,
                    0.004128608852624893,
                    -0.033600497990846634
                ],
                [
                    -0.023853933438658714,
                    0.7901642322540283,
                    -0.6124308109283447
                ],
                [
                    0.02402142435312271,
                    0.6128812432289124,
                    0.7898098230361938
                ]
            ],
            [
                [
                    0.9589590430259705,
                    0.19685231149196625,
                    -0.20407544076442719
                ],
                [
                    -0.03326137736439705,
                    -0.6366625428199768,
                    -0.7704249620437622
                ],
                [
                    -0.2815870940685272,
                    0.745593786239624,
                    -0.6039857268333435
                ]
            ],
            [
                [
                    0.959685206413269,
                    -0.12923835217952728,
                    0.24960288405418396
                ],
                [
                    0.11349134892225266,
                    -0.6342471241950989,
                    -0.764755129814148
                ],
                [
                    0.25714564323425293,
                    0.7622520327568054,
                    -0.5940101742744446
                ]
            ],
            [
                [
                    0.999661386013031,
                    -0.025350771844387054,
                    -0.005862496327608824
                ],
                [
                    0.02483687549829483,
                    0.9968413710594177,
                    -0.07543434947729111
                ],
                [
                    0.007756298873573542,
                    0.07526320964097977,
                    0.9971334338188171
                ]
            ],
            [
                [
                    0.9561606049537659,
                    -0.2329178750514984,
                    0.17749939858913422
                ],
                [
                    0.11997779458761215,
                    0.8644974827766418,
                    0.48810797929763794
                ],
                [
                    -0.2671368718147278,
                    -0.4454136788845062,
                    0.8545433878898621
                ]
            ],
            [
                [
                    0.961295485496521,
                    0.19353258609771729,
                    -0.1961023360490799
                ],
                [
                    -0.08868297189474106,
                    0.8912201523780823,
                    0.4448167085647583
                ],
                [
                    0.26085689663887024,
                    -0.4102093577384949,
                    0.8738889694213867
                ]
            ],
            [
                [
                    0.9989218711853027,
                    -0.02584218420088291,
                    -0.038567040115594864
                ],
                [
                    0.023888051509857178,
                    0.9984486103057861,
                    -0.050297223031520844
                ],
                [
                    0.039806995540857315,
                    0.049321699887514114,
                    0.9979894757270813
                ]
            ],
            [
                [
                    0.9940414428710938,
                    0.016778135672211647,
                    0.10770422220230103
                ],
                [
                    -0.04315439611673355,
                    0.9679251909255981,
                    0.2475045621395111
                ],
                [
                    -0.10009697079658508,
                    -0.2506776750087738,
                    0.9628818035125732
                ]
            ],
            [
                [
                    0.9948269724845886,
                    0.040462467819452286,
                    -0.09317722916603088
                ],
                [
                    -0.010644355788826942,
                    0.9537197351455688,
                    0.300508588552475
                ],
                [
                    0.10102427750825882,
                    -0.2979622781276703,
                    0.9492168426513672
                ]
            ],
            [
                [
                    0.9912968277931213,
                    -0.12417031079530716,
                    0.043729592114686966
                ],
                [
                    0.11271610856056213,
                    0.9721748232841492,
                    0.2053561508655548
                ],
                [
                    -0.06801195442676544,
                    -0.1986398845911026,
                    0.9777098298072815
                ]
            ],
            [
                [
                    0.80658358335495,
                    0.4963153302669525,
                    -0.32108253240585327
                ],
                [
                    -0.477124959230423,
                    0.8672822713851929,
                    0.14203289151191711
                ],
                [
                    0.3489622473716736,
                    0.038635071367025375,
                    0.9363400936126709
                ]
            ],
            [
                [
                    0.9016236066818237,
                    -0.3760647177696228,
                    0.21365930140018463
                ],
                [
                    0.3685600757598877,
                    0.9265320897102356,
                    0.07551061362028122
                ],
                [
                    -0.2263590544462204,
                    0.010664141736924648,
                    0.9739856123924255
                ]
            ],
            [
                [
                    0.9825038909912109,
                    -0.025444775819778442,
                    0.18449582159519196
                ],
                [
                    0.0163071621209383,
                    0.9985717535018921,
                    0.05087701231241226
                ],
                [
                    -0.18552687764167786,
                    -0.04697825759649277,
                    0.9815155863761902
                ]
            ],
            [
                [
                    0.6778199672698975,
                    0.6727219223976135,
                    -0.2966568171977997
                ],
                [
                    -0.6902870535850525,
                    0.7211898565292358,
                    0.058214981108903885
                ],
                [
                    0.2531083822250366,
                    0.16531908512115479,
                    0.9532081484794617
                ]
            ],
            [
                [
                    0.7710354328155518,
                    -0.6125797033309937,
                    0.1739267259836197
                ],
                [
                    0.6266570687294006,
                    0.7784495949745178,
                    -0.03629331663250923
                ],
                [
                    -0.1131606325507164,
                    0.13697583973407745,
                    0.9840896129608154
                ]
            ],
            [
                [
                    0.7569286227226257,
                    -0.22194063663482666,
                    -0.6146555542945862
                ],
                [
                    0.03783233091235161,
                    0.953867495059967,
                    -0.29783448576927185
                ],
                [
                    0.6524016261100769,
                    0.20218558609485626,
                    0.7304061651229858
                ]
            ],
            [
                [
                    0.5909347534179688,
                    0.3182626962661743,
                    0.7412859797477722
                ],
                [
                    -0.09693539887666702,
                    0.9402449727058411,
                    -0.3264089822769165
                ],
                [
                    -0.8008742928504944,
                    0.12102954089641571,
                    0.5864743590354919
                ]
            ],
            [
                [
                    0.9922391772270203,
                    -0.08829104900360107,
                    0.08755650371313095
                ],
                [
                    0.11505680531263351,
                    0.9189421534538269,
                    -0.37723642587661743
                ],
                [
                    -0.04715276136994362,
                    0.3843827247619629,
                    0.9219688773155212
                ]
            ],
            [
                [
                    0.993770956993103,
                    0.057532619684934616,
                    -0.09544211626052856
                ],
                [
                    -0.0870755985379219,
                    0.9353556036949158,
                    -0.3428231477737427
                ],
                [
                    0.06954881548881531,
                    0.34899839758872986,
                    0.9345389008522034
                ]
            ],
            [
                [
                    0.9841379523277283,
                    0.15595214068889618,
                    -0.08456534892320633
                ],
                [
                    -0.13973398506641388,
                    0.9751175045967102,
                    0.17210537195205688
                ],
                [
                    0.10930135846138,
                    -0.15755879878997803,
                    0.9814419746398926
                ]
            ],
            [
                [
                    0.9833273887634277,
                    -0.15026648342609406,
                    0.1024068295955658
                ],
                [
                    0.1285685896873474,
                    0.9727681279182434,
                    0.19285278022289276
                ],
                [
                    -0.1285974234342575,
                    -0.17647112905979156,
                    0.9758691191673279
                ]
            ]
        ],
        "betas": [
            0.013918861746788025,
            -0.03727918863296509,
            -0.4065204858779907,
            -0.2321779429912567,
            0.04668867588043213,
            -0.05883418768644333,
            0.0093325674533844,
            -0.024067074060440063,
            0.02553732693195343,
            0.009690850973129272
        ]
    },
    "pred_cam_t": [
        0.03805694729089737,
        0.5316827893257141,
        18.16562271118164
    ],
    "focal_length": [
        5000.0,
        5000.0
    ],
    "pred_keypoints_3d": [
        [
            0.034614354372024536,
            -0.7784594297409058,
            -0.22377125918865204
        ],
        [
            0.054029688239097595,
            -0.6827535629272461,
            -0.052195221185684204
        ],
        [
            -0.126780703663826,
            -0.6119549870491028,
            0.018239527940750122
        ],
        [
            -0.25082117319107056,
            -0.40228983759880066,
            0.09971121698617935
        ],
        [
            -0.33677417039871216,
            -0.22503261268138885,
            -0.06583785265684128
        ],
        [
            0.20797786116600037,
            -0.5456005334854126,
            -0.07645998150110245
        ],
        [
            0.20933778584003448,
            -0.2830240726470947,
            -0.05870822072029114
        ],
        [
            0.09983010590076447,
            -0.10371370613574982,
            -0.19644904136657715
        ],
        [
            -0.0017015268094837666,
            -0.21942368149757385,
            0.028327232226729393
        ],
        [
            -0.0855867937207222,
            -0.1455286145210266,
            0.013730386272072792
        ],
        [
            -0.28458744287490845,
            -0.10274330526590347,
            -0.31403976678848267
        ],
        [
            -0.1895267814397812,
            0.13645261526107788,
            -0.004340231418609619
        ],
        [
            0.048599474132061005,
            -0.12187942117452621,
            -0.004787253215909004
        ],
        [
            0.11878086626529694,
            -0.04183872789144516,
            -0.36787769198417664
        ],
        [
            -0.005094759166240692,
            0.1610453724861145,
            -0.04316282272338867
        ],
        [
            0.0008667409420013428,
            -0.8169156312942505,
            -0.18950104713439941
        ],
        [
            0.06825404614210129,
            -0.8207168579101562,
            -0.1941094994544983
        ],
        [
            -0.03364210203289986,
            -0.8022241592407227,
            -0.0912398025393486
        ],
        [
            0.11331237852573395,
            -0.8104360103607178,
            -0.10299436748027802
        ],
        [
            0.025217920541763306,
            0.2759338617324829,
            -0.19940590858459473
        ],
        [
            0.07694139331579208,
            0.2730851173400879,
            -0.13514113426208496
        ],
        [
            -0.008122816681861877,
            0.15693557262420654,
            0.022570669651031494
        ],
        [
            -0.28393295407295227,
            0.23550868034362793,
            -0.14614835381507874
        ],
        [
            -0.32408806681632996,
            0.20909112691879272,
            -0.07412144541740417
        ],
        [
            -0.16726654767990112,
            0.14966970682144165,
            0.06226107478141785
        ],
        [
            -0.20855659246444702,
            0.07836136221885681,
            -0.01288224384188652
        ],
        [
            -0.26437100768089294,
            -0.11653082072734833,
            -0.281364381313324
        ],
        [
            -0.14106318354606628,
            -0.2603371739387512,
            0.09007595479488373
        ],
        [
            0.15623562037944794,
            -0.19407467544078827,
            0.05412132665514946
        ],
        [
            0.1299837976694107,
            -0.04810050129890442,
            -0.3431527018547058
        ],
        [
            0.018229492008686066,
            0.12073254585266113,
            -0.05028637871146202
        ],
        [
            -0.3096272051334381,
            -0.24281910061836243,
            -0.0733703151345253
        ],
        [
            -0.2690257728099823,
            -0.42768561840057373,
            0.07557988166809082
        ],
        [
            -0.09675337374210358,
            -0.6416540741920471,
            0.007352408021688461
        ],
        [
            0.19534648954868317,
            -0.5876567959785461,
            -0.07006761431694031
        ],
        [
            0.22270801663398743,
            -0.30521777272224426,
            -0.09883083403110504
        ],
        [
            0.10082724690437317,
            -0.12079790234565735,
            -0.2024424970149994
        ],
        [
            0.0545244961977005,
            -0.6681250333786011,
            -0.05466684699058533
        ],
        [
            0.039819471538066864,
            -0.8587445020675659,
            -0.11349815875291824
        ],
        [
            0.007598730735480785,
            -0.22739605605602264,
            0.07186948508024216
        ],
        [
            0.04801114648580551,
            -0.6118569374084473,
            -0.03233126178383827
        ],
        [
            0.044149428606033325,
            -0.46148306131362915,
            0.05464884638786316
        ],
        [
            0.04734520614147186,
            -0.7519718408584595,
            -0.14496934413909912
        ],
        [
            0.035569123923778534,
            -0.8781960010528564,
            -0.10360074043273926
        ]
    ],
    "pred_vertices": [
        [
            0.07600314170122147,
            -0.8675416707992554,
            -0.19481691718101501
        ],
        [
            0.07104764878749847,
            -0.8527838587760925,
            -0.20146682858467102
        ],
        [
            0.08249296993017197,
            -0.8502262830734253,
            -0.19314947724342346
        ],
        [
            0.08786194771528244,
            -0.8613801002502441,
            -0.18363282084465027
        ],
        [
            0.0789325088262558,
            -0.8405790328979492,
            -0.19833272695541382
        ],
        [
            0.06848226487636566,
            -0.8415876030921936,
            -0.2039429247379303
        ],
        [
            0.09060253202915192,
            -0.8445818424224854,
            -0.18319904804229736
        ],
        [
            0.09594576060771942,
            -0.851953387260437,
            -0.1729792356491089
        ],
        [
            0.10019830614328384,
            -0.8083056211471558,
            -0.1716761440038681
        ],
        [
            0.10495175421237946,
            -0.803072988986969,
            -0.16211050748825073
        ],
        [
            0.10348393768072128,
            -0.8163938522338867,
            -0.16491550207138062
        ],
        [
            0.09762619435787201,
            -0.817534327507019,
            -0.17278040945529938
        ],
        [
            0.09942707419395447,
            -0.7829505205154419,
            -0.16823694109916687
        ],
        [
            0.0929403156042099,
            -0.7734283208847046,
            -0.17650040984153748
        ],
        [
            0.09572906792163849,
            -0.7644849419593811,
            -0.16676358878612518
        ],
        [
            0.10070663690567017,
            -0.7735615968704224,
            -0.15786662697792053
        ],
        [
            0.0591685026884079,
            -0.7859354615211487,
            -0.1985228955745697
        ],
        [
            0.06484764814376831,
            -0.7796115279197693,
            -0.19779759645462036
        ],
        [
            0.0684804618358612,
            -0.7863901257514954,
            -0.1969854235649109
        ],
        [
            0.06205001845955849,
            -0.7919651865959167,
            -0.19748304784297943
        ],
        [
            0.04895447567105293,
            -0.7952638268470764,
            -0.20430445671081543
        ],
        [
            0.04998858645558357,
            -0.8008068799972534,
            -0.20091694593429565
        ],
        [
            0.04477563872933388,
            -0.8045576810836792,
            -0.20588049292564392
        ],
        [
            0.04451153054833412,
            -0.7983276844024658,
            -0.21030277013778687
        ],
        [
            0.05411110818386078,
            -0.7803540229797363,
            -0.19911208748817444
        ],
        [
            0.05996915325522423,
            -0.7738729119300842,
            -0.19761531054973602
        ],
        [
            0.054129887372255325,
            -0.7914410829544067,
            -0.19983118772506714
        ],
        [
            0.05201444774866104,
            -0.7868216037750244,
            -0.2022596001625061
        ],
        [
            0.04865116626024246,
            -0.7809514403343201,
            -0.21262326836585999
        ],
        [
            0.05001970753073692,
            -0.7856813073158264,
            -0.21104499697685242
        ],
        [
            0.04640398919582367,
            -0.7869210839271545,
            -0.2180626094341278
        ],
        [
            0.04526814818382263,
            -0.781222939491272,
            -0.21732302010059357
        ],
        [
            0.05208141356706619,
            -0.7802488803863525,
            -0.2037169337272644
        ],
        [
            0.0522969625890255,
            -0.7832558155059814,
            -0.2062995433807373
        ],
        [
            0.04981174319982529,
            -0.7794729471206665,
            -0.20867374539375305
        ],
        [
            0.048732392489910126,
            -0.7772024869918823,
            -0.20561644434928894
        ],
        [
            0.04841819033026695,
            -0.7913055419921875,
            -0.20734816789627075
        ],
        [
            0.04505166411399841,
            -0.7931292057037354,
            -0.2142246961593628
        ],
        [
            0.04057955741882324,
            -0.7945700287818909,
            -0.22123432159423828
        ],
        [
            0.04165735840797424,
            -0.7862956523895264,
            -0.22458000481128693
        ],
        [
            0.07614670693874359,
            -0.7664055824279785,
            -0.1914154440164566
        ],
        [
            0.0709662064909935,
            -0.7733446359634399,
            -0.1957216113805771
        ],
        [
            0.06605855375528336,
            -0.7679397463798523,
            -0.19619859755039215
        ],
        [
            0.07100092619657516,
            -0.7625604271888733,
            -0.19320373237133026
        ],
        [
            0.05025181174278259,
            -0.7738297581672668,
            -0.20218321681022644
        ],
        [
            0.054394472390413284,
            -0.7578800916671753,
            -0.2023838609457016
        ],
        [
            0.05452445149421692,
            -0.7617684602737427,
            -0.20263922214508057
        ],
        [
            0.04824084788560867,
            -0.7624857425689697,
            -0.20638594031333923
        ],
        [
            0.04874035343527794,
            -0.7589167356491089,
            -0.2059471160173416
        ],
        [
            0.08166210353374481,
            -0.752233624458313,
            -0.1824115812778473
        ],
        [
            0.0760873481631279,
            -0.7507750988006592,
            -0.18695233762264252
        ],
        [
            0.07678922265768051,
            -0.7437896728515625,
            -0.18408146500587463
        ],
        [
            0.08171021938323975,
            -0.7438122034072876,
            -0.17846515774726868
        ],
        [
            0.07457182556390762,
            -0.7377252578735352,
            -0.1827615350484848
        ],
        [
            0.08071652054786682,
            -0.735626757144928,
            -0.17491057515144348
        ],
        [
            0.07205863296985626,
            -0.7207462787628174,
            -0.17372889816761017
        ],
        [
            0.07643570005893707,
            -0.7271391153335571,
            -0.17425191402435303
        ],
        [
            0.0708596408367157,
            -0.7317243814468384,
            -0.18288125097751617
        ],
        [
            0.06573612242937088,
            -0.7262095212936401,
            -0.18587884306907654
        ],
        [
            0.05354181304574013,
            -0.7304732203483582,
            -0.19469627737998962
        ],
        [
            0.04763295128941536,
            -0.7290130853652954,
            -0.19750013947486877
        ],
        [
            0.05241981893777847,
            -0.7169638276100159,
            -0.1945086121559143
        ],
        [
            0.05891561880707741,
            -0.7206299304962158,
            -0.19076156616210938
        ],
        [
            0.054675400257110596,
            -0.7519921064376831,
            -0.1978582739830017
        ],
        [
            0.05868042632937431,
            -0.7522503137588501,
            -0.19501978158950806
        ],
        [
            0.058837007731199265,
            -0.753689169883728,
            -0.1974259465932846
        ],
        [
            0.05457615479826927,
            -0.7546815872192383,
            -0.20065416395664215
        ],
        [
            0.06219570338726044,
            -0.7521629333496094,
            -0.19323831796646118
        ],
        [
            0.06383777409791946,
            -0.7519506216049194,
            -0.19242730736732483
        ],
        [
            0.06359285116195679,
            -0.7532148361206055,
            -0.19372373819351196
        ],
        [
            0.06224258616566658,
            -0.7531231641769409,
            -0.19388675689697266
        ],
        [
            0.06026097387075424,
            -0.7526777386665344,
            -0.19455444812774658
        ],
        [
            0.0593351274728775,
            -0.7507380247116089,
            -0.1948307454586029
        ],
        [
            0.06136356294155121,
            -0.7513641715049744,
            -0.1937466412782669
        ],
        [
            0.055703021585941315,
            -0.749774694442749,
            -0.19755494594573975
        ],
        [
            0.042693451046943665,
            -0.7467172145843506,
            -0.20527485013008118
        ],
        [
            0.04667298123240471,
            -0.747469961643219,
            -0.20376509428024292
        ],
        [
            0.04524034261703491,
            -0.7517311573028564,
            -0.20315544307231903
        ],
        [
            0.04172568395733833,
            -0.7514955997467041,
            -0.20450246334075928
        ],
        [
            0.06176172196865082,
            -0.7551881074905396,
            -0.19560182094573975
        ],
        [
            0.0643007755279541,
            -0.7567355036735535,
            -0.1950710564851761
        ],
        [
            0.06031888723373413,
            -0.7593303918838501,
            -0.19861620664596558
        ],
        [
            0.0593319907784462,
            -0.7565029263496399,
            -0.19793404638767242
        ],
        [
            0.06697163730859756,
            -0.7588782906532288,
            -0.194993257522583
        ],
        [
            0.06578541547060013,
            -0.7545832991600037,
            -0.19316524267196655
        ],
        [
            0.06849411129951477,
            -0.7553578615188599,
            -0.19245153665542603
        ],
        [
            0.0633682832121849,
            -0.7502302527427673,
            -0.19242510199546814
        ],
        [
            0.06600046157836914,
            -0.7486951351165771,
            -0.19082897901535034
        ],
        [
            0.06652970612049103,
            -0.7512890100479126,
            -0.19199387729167938
        ],
        [
            0.0640736073255539,
            -0.7453106641769409,
            -0.19105805456638336
        ],
        [
            0.06086540222167969,
            -0.7482061982154846,
            -0.19332437217235565
        ],
        [
            0.05731527507305145,
            -0.7462196350097656,
            -0.19591490924358368
        ],
        [
            0.05266505479812622,
            -0.7444057464599609,
            -0.1992918998003006
        ],
        [
            0.05534129962325096,
            -0.7395942807197571,
            -0.19608838856220245
        ],
        [
            0.06030847877264023,
            -0.7421495914459229,
            -0.19307604432106018
        ],
        [
            0.06216508522629738,
            -0.7632449865341187,
            -0.1979569047689438
        ],
        [
            0.070669025182724,
            -0.7509490251541138,
            -0.18983584642410278
        ],
        [
            0.07389123737812042,
            -0.7577012777328491,
            -0.18977214395999908
        ],
        [
            0.07062128186225891,
            -0.7462055683135986,
            -0.1884472817182541
        ],
        [
            0.06857970356941223,
            -0.7415555715560913,
            -0.1878165751695633
        ],
        [
            0.06484793871641159,
            -0.7370638251304626,
            -0.1890258491039276
        ],
        [
            0.05932164937257767,
            -0.7335126996040344,
            -0.1918734312057495
        ],
        [
            0.05486391484737396,
            -0.7086526155471802,
            -0.1819976568222046
        ],
        [
            0.06309956312179565,
            -0.7137118577957153,
            -0.1785794496536255
        ],
        [
            0.06688852608203888,
            -0.8341180086135864,
            -0.20124197006225586
        ],
        [
            0.07554975152015686,
            -0.8338634371757507,
            -0.19867581129074097
        ],
        [
            0.07673364132642746,
            -0.8259750604629517,
            -0.19408856332302094
        ],
        [
            0.07859852910041809,
            -0.828658938407898,
            -0.19385109841823578
        ],
        [
            0.0729193165898323,
            -0.8294163346290588,
            -0.19723081588745117
        ],
        [
            0.07262826710939407,
            -0.8266054391860962,
            -0.1964414119720459
        ],
        [
            0.09094783663749695,
            -0.8197824358940125,
            -0.178268164396286
        ],
        [
            0.08590877056121826,
            -0.82138991355896,
            -0.18293502926826477
        ],
        [
            0.08615469932556152,
            -0.8173900246620178,
            -0.18101710081100464
        ],
        [
            0.09267706423997879,
            -0.8128414154052734,
            -0.17697039246559143
        ],
        [
            0.07894107699394226,
            -0.8091673851013184,
            -0.18811127543449402
        ],
        [
            0.08320564031600952,
            -0.810577929019928,
            -0.18465900421142578
        ],
        [
            0.0792992115020752,
            -0.8174216747283936,
            -0.18790239095687866
        ],
        [
            0.07608833909034729,
            -0.8164128065109253,
            -0.19030828773975372
        ],
        [
            0.07241727411746979,
            -0.815731406211853,
            -0.19230233132839203
        ],
        [
            0.06810474395751953,
            -0.8153318762779236,
            -0.1932944357395172
        ],
        [
            0.06862498074769974,
            -0.8101434707641602,
            -0.19272756576538086
        ],
        [
            0.07375535368919373,
            -0.8094266653060913,
            -0.19095736742019653
        ],
        [
            0.0665012076497078,
            -0.8306257724761963,
            -0.19845092296600342
        ],
        [
            0.05927322804927826,
            -0.8292229175567627,
            -0.19795265793800354
        ],
        [
            0.060866545885801315,
            -0.8265722393989563,
            -0.197318434715271
        ],
        [
            0.06694453209638596,
            -0.8273255825042725,
            -0.1980273425579071
        ],
        [
            0.051184721291065216,
            -0.8195468187332153,
            -0.19204525649547577
        ],
        [
            0.052237533032894135,
            -0.8220415711402893,
            -0.19311407208442688
        ],
        [
            0.04865957796573639,
            -0.8232519030570984,
            -0.1944190263748169
        ],
        [
            0.0480504147708416,
            -0.81878662109375,
            -0.19340954720973969
        ],
        [
            0.050399720668792725,
            -0.8158993721008301,
            -0.19331753253936768
        ],
        [
            0.05253485217690468,
            -0.8179594278335571,
            -0.19233816862106323
        ],
        [
            0.06604146212339401,
            -0.8889361619949341,
            -0.1935676783323288
        ],
        [
            0.06172394007444382,
            -0.8717860579490662,
            -0.20172138512134552
        ],
        [
            0.08110983669757843,
            -0.8829333782196045,
            -0.18059366941452026
        ],
        [
            0.0925803929567337,
            -0.8734793663024902,
            -0.17018547654151917
        ],
        [
            0.10109753906726837,
            -0.8599879741668701,
            -0.16097012162208557
        ],
        [
            0.08873862028121948,
            -0.7570884227752686,
            -0.17543822526931763
        ],
        [
            0.0902199000120163,
            -0.7483247518539429,
            -0.16893097758293152
        ],
        [
            0.09825701266527176,
            -0.7562079429626465,
            -0.15708297491073608
        ],
        [
            0.09639103710651398,
            -0.7457835674285889,
            -0.1520923674106598
        ],
        [
            0.08868905901908875,
            -0.7376707792282104,
            -0.16467860341072083
        ],
        [
            0.07471928745508194,
            -0.718430757522583,
            -0.16011282801628113
        ],
        [
            0.08334072679281235,
            -0.7268289923667908,
            -0.1617869883775711
        ],
        [
            0.09171158820390701,
            -0.7353270053863525,
            -0.14613696932792664
        ],
        [
            0.09914937615394592,
            -0.7490652203559875,
            -0.13212931156158447
        ],
        [
            0.10167199373245239,
            -0.756036639213562,
            -0.14042404294013977
        ],
        [
            0.10374356806278229,
            -0.7649180889129639,
            -0.12062337249517441
        ],
        [
            0.09440922737121582,
            -0.7413881421089172,
            -0.12032263725996017
        ],
        [
            0.10102082043886185,
            -0.7645276188850403,
            -0.11246313154697418
        ],
        [
            0.07940725237131119,
            -0.7032703161239624,
            -0.11873815953731537
        ],
        [
            0.08255549520254135,
            -0.6909151077270508,
            -0.11363418400287628
        ],
        [
            0.09636695683002472,
            -0.6997036933898926,
            -0.10471059381961823
        ],
        [
            0.09324239194393158,
            -0.7114294767379761,
            -0.10919736325740814
        ],
        [
            0.10258042812347412,
            -0.7644299268722534,
            -0.14833378791809082
        ],
        [
            0.10392895340919495,
            -0.8279871344566345,
            -0.1576550006866455
        ],
        [
            0.10050016641616821,
            -0.8272325992584229,
            -0.16866719722747803
        ],
        [
            0.10673676431179047,
            -0.8149139285087585,
            -0.15386025607585907
        ],
        [
            0.10403729975223541,
            -0.8870238065719604,
            -0.13917896151542664
        ],
        [
            0.0987805500626564,
            -0.882499098777771,
            -0.15607964992523193
        ],
        [
            0.10560670495033264,
            -0.8673744201660156,
            -0.14898401498794556
        ],
        [
            0.11040516197681427,
            -0.8741739988327026,
            -0.1338171809911728
        ],
        [
            0.07492808252573013,
            -0.919937014579773,
            -0.1479695737361908
        ],
        [
            0.0723365843296051,
            -0.9076347351074219,
            -0.1720649003982544
        ],
        [
            0.0848524421453476,
            -0.8970913887023926,
            -0.16498440504074097
        ],
        [
            0.0890645682811737,
            -0.9063645601272583,
            -0.1452932208776474
        ],
        [
            0.1124408096075058,
            -0.8756412267684937,
            -0.12044554948806763
        ],
        [
            0.11321773380041122,
            -0.8774494528770447,
            -0.10154739022254944
        ],
        [
            0.10886351019144058,
            -0.8929977416992188,
            -0.09507813304662704
        ],
        [
            0.10584691166877747,
            -0.8925275802612305,
            -0.11792171001434326
        ],
        [
            0.09573154151439667,
            -0.9120055437088013,
            -0.0887727439403534
        ],
        [
            0.09396518766880035,
            -0.9126318693161011,
            -0.11609425395727158
        ],
        [
            0.09970855712890625,
            -0.7517061829566956,
            -0.10192646831274033
        ],
        [
            0.10117583721876144,
            -0.7703256011009216,
            -0.09994496405124664
        ],
        [
            0.0900513231754303,
            -0.7255601286888123,
            -0.11578936874866486
        ],
        [
            0.09945766627788544,
            -0.7350062131881714,
            -0.101783886551857
        ],
        [
            0.07851407676935196,
            -0.9255872964859009,
            -0.08443263173103333
        ],
        [
            0.07566551864147186,
            -0.9280997514724731,
            -0.1157689094543457
        ],
        [
            0.10429522395133972,
            -0.8569345474243164,
            -0.05168220028281212
        ],
        [
            0.1064348965883255,
            -0.873886227607727,
            -0.06009683012962341
        ],
        [
            0.11275839805603027,
            -0.8611718416213989,
            -0.07562858611345291
        ],
        [
            0.11105072498321533,
            -0.8468893766403198,
            -0.066001757979393
        ],
        [
            0.09395545721054077,
