{
    "pred_cam": [
        2.04069185256958,
        0.1610240638256073,
        0.4945300817489624
    ],
    "pred_smpl_params": {
        "global_orient": [
            [
                [
                    0.609190046787262,
                    -0.0761299729347229,
                    -0.7893615961074829
                ],
                [
                    0.2039555162191391,
                    -0.9468575716018677,
                    0.2487224042415619
                ],
                [
                    -0.7663482427597046,
                    -0.3125138580799103,
                    -0.5612890720367432
                ]
            ]
        ],
        "body_pose": [
            [
                [
                    0.991273045539856,
                    -0.08120068162679672,
                    0.10384731739759445
                ],
                [
                    0.050392113626003265,
                    0.9613484740257263,
                    0.2706838548183441
                ],
                [
                    -0.12181317061185837,
                    -0.26308852434158325,
                    0.9570506811141968
                ]
            ],
            [
                [
                    0.9921154975891113,
                    0.1228850856423378,
                    0.024617010727524757
                ],
                [
                    -0.12457767128944397,
                    0.9884161949157715,
                    0.08668215572834015
                ],
                [
                    -0.013679908588528633,
                    -0.08906545490026474,
                    0.9959317445755005
                ]
            ],
            [
                [
                    0.9987699389457703,
                    -0.025875365361571312,
                    -0.04229890927672386
                ],
                [
                    0.013347824104130268,
                    0.9618581533432007,
                    -0.2732226848602295
                ],
                [
                    0.04775528982281685,
                    0.2723219692707062,
                    0.9610204100608826
                ]
            ],
            [
                [
                    0.985649049282074,
                    0.1622094362974167,
                    0.04673335328698158
                ],
                [
                    -0.10380848497152328,
                    0.8007464408874512,
                    -0.5899397730827332
                ],
                [
                    -0.13311535120010376,
                    0.5766223073005676,
                    0.806093692779541
                ]
            ],
            [
                [
                    0.9815091490745544,
                    -0.0009340961696580052,
                    0.19141295552253723
                ],
                [
                    0.09234011173248291,
                    0.8782471418380737,
                    -0.4692070186138153
                ],
                [
                    -0.1676696091890335,
                    0.478206068277359,
                    0.8620938658714294
                ]
            ],
            [
                [
                    0.9962656497955322,
                    -0.051692236214876175,
                    -0.06915605068206787
                ],
                [
                    0.050039391964673996,
                    0.9984236359596252,
                    -0.025423774495720863
                ],
                [
                    0.07036124169826508,
                    0.021868309006094933,
                    0.9972818493843079
                ]
            ],
            [
                [
                    0.9805675745010376,
                    0.008682316169142723,
                    0.19598980247974396
                ],
                [
                    -0.024815142154693604,
                    0.99648517370224,
                    0.08000954985618591
                ],
                [
                    -0.1946062594652176,
                    -0.08331826329231262,
                    0.9773365259170532
                ]
            ],
            [
                [
                    0.9826005101203918,
                    -0.04294967278838158,
                    -0.18069759011268616
                ],
                [
                    0.05684138089418411,
                    0.9957536458969116,
                    0.07241423428058624
                ],
                [
                    0.17682009935379028,
                    -0.08142535388469696,
                    0.9808693528175354
                ]
            ],
            [
                [
                    0.9968439340591431,
                    -0.030786238610744476,
                    -0.07317331433296204
                ],
                [
                    0.029284270480275154,
                    0.9993396401405334,
                    -0.02151138335466385
                ],
                [
                    0.07378724962472916,
                    0.019300665706396103,
                    0.9970872402191162
                ]
            ],
            [
                [
                    0.9872018694877625,
                    -0.10396993160247803,
                    0.12092455476522446
                ],
                [
                    0.09393215924501419,
                    0.9918613433837891,
                    0.08595237135887146
                ],
                [
                    -0.12887685000896454,
                    -0.07349363714456558,
                    0.9889335036277771
                ]
            ],
            [
                [
                    0.9893825054168701,
                    0.12924839556217194,
                    0.06646158546209335
                ],
                [
                    -0.13678568601608276,
                    0.9826428294181824,
                    0.1253107190132141
                ],
                [
                    -0.04911179095506668,
                    -0.13307122886180878,
                    0.9898889660835266
                ]
            ],
            [
                [
                    0.9519372582435608,
                    -0.13955603539943695,
                    0.272652804851532
                ],
                [
                    0.1344878077507019,
                    0.9902134537696838,
                    0.037286706268787384
                ],
                [
                    -0.2751880884170532,
                    0.001173869939520955,
                    0.9613896608352661
                ]
            ],
            [
                [
                    0.8869139552116394,
                    0.31485000252723694,
                    -0.33801332116127014
                ],
                [
                    -0.3100149929523468,
                    0.9481700658798218,
                    0.06974491477012634
                ],
                [
                    0.342453271150589,
                    0.0429314486682415,
                    0.938553512096405
                ]
            ],
            [
                [
                    0.9400716423988342,
                    -0.25115108489990234,
                    0.2306261658668518
                ],
                [
                    0.2378326803445816,
                    0.9676401615142822,
                    0.08431001752614975
                ],
                [
                    -0.24433769285678864,
                    -0.02440701611340046,
                    0.9693830013275146
                ]
            ],
            [
                [
                    0.9701314568519592,
                    0.02859567664563656,
                    0.24088849127292633
                ],
                [
                    0.020519688725471497,
                    0.9797948598861694,
                    -0.1989496648311615
                ],
                [
                    -0.24171040952205658,
                    0.19795027375221252,
                    0.9499430656433105
                ]
            ],
            [
                [
                    0.6570225954055786,
                    0.6632325053215027,
                    -0.3583907186985016
                ],
                [
                    -0.6523451209068298,
                    0.7384579181671143,
                    0.170662522315979
                ],
                [
                    0.37784543633461,
                    0.12166529893875122,
                    0.9178400635719299
                ]
            ],
            [
                [
                    0.6041358113288879,
                    -0.6575897932052612,
                    0.4501061737537384
                ],
                [
                    0.707784116268158,
                    0.7023207545280457,
                    0.07607348263263702
                ],
                [
                    -0.3661440312862396,
                    0.2726193070411682,
                    0.8897287249565125
                ]
            ],
            [
                [
                    0.5871508121490479,
                    -0.17506544291973114,
                    -0.7903201580047607
                ],
                [
                    0.12090642750263214,
                    0.9843480587005615,
                    -0.12822024524211884
                ],
                [
                    0.8003971576690674,
                    -0.02027016505599022,
                    0.5991272926330566
                ]
            ],
            [
                [
                    0.10637736320495605,
                    0.33945274353027344,
                    0.9345885515213013
                ],
                [
                    -0.22729864716529846,
                    0.9233357310295105,
                    -0.30949389934539795
                ],
                [
                    -0.9679975509643555,
                    -0.1795075386762619,
                    0.1753791719675064
                ]
            ],
            [
                [
                    0.9887517094612122,
                    -0.14954501390457153,
                    0.002502324292436242
                ],
                [
                    0.14819759130477905,
                    0.9773107767105103,
                    -0.15133090317249298
                ],
                [
                    0.020185234025120735,
                    0.14999954402446747,
                    0.9884799122810364
                ]
            ],
            [
                [
                    0.9878233671188354,
                    0.14956042170524597,
                    0.042855508625507355
                ],
                [
                    -0.15075761079788208,
                    0.9882235527038574,
                    0.02619899995625019
                ],
                [
                    -0.03843248635530472,
                    -0.03234077990055084,
                    0.9987376928329468
                ]
            ],
            [
                [
                    0.9816591143608093,
                    0.17805714905261993,
                    -0.06812509894371033
                ],
                [
                    -0.1665581911802292,
                    0.9748689532279968,
                    0.14794889092445374
                ],
                [
                    0.09275640547275543,
                    -0.1338885873556137,
                    0.9866458773612976
                ]
            ],
            [
                [
                    0.9679787755012512,
                    -0.21903760731220245,
                    0.12263607978820801
                ],
                [
                    0.20487076044082642,
                    0.9716123342514038,
                    0.11831022799015045
                ],
                [
                    -0.14506913721561432,
                    -0.08939724415540695,
                    0.9853745102882385
                ]
            ]
        ],
        "betas": [
            0.13851535320281982,
            0.11827515065670013,
            -0.29136475920677185,
            0.017817437648773193,
            0.14283084869384766,
            -0.06319426745176315,
            -0.10156723856925964,
            0.04835915565490723,
            0.13178175687789917,
            -0.05829977989196777
        ]
    },
    "pred_cam_t": [
        0.1610240638256073,
        0.4945300817489624,
        19.14179229736328
    ],
    "focal_length": [
        5000.0,
        5000.0
    ],
    "pred_keypoints_3d": [
        [
            -0.25642460584640503,
            -0.6939416527748108,
            -0.28743642568588257
        ],
        [
            -0.11703738570213318,
            -0.6813125014305115,
            -0.15329188108444214
        ],
        [
            -0.1753883808851242,
            -0.6360790133476257,
            0.034000515937805176
        ],
        [
            -0.2190093994140625,
            -0.4131091833114624,
            0.15728047490119934
        ],
        [
            -0.3969026803970337,
            -0.34392493963241577,
            -0.0180128812789917
        ],
        [
            -0.03283282741904259,
            -0.5514252185821533,
            -0.28199446201324463
        ],
        [
            -0.014848798513412476,
            -0.28715357184410095,
            -0.2921241223812103
        ],
        [
            -0.22621412575244904,
            -0.14891383051872253,
            -0.3085292875766754
        ],
        [
            -0.0019197948276996613,
            -0.22342216968536377,
            0.027200622484087944
        ],
        [
            -0.03191756084561348,
            -0.1527792513370514,
            0.10951395332813263
        ],
        [
            -0.07679811120033264,
            0.19362661242485046,
            0.2788490056991577
        ],
        [
            0.08510932326316833,
            0.4667682945728302,
            0.5304093360900879
        ],
        [
            0.05270244553685188,
            -0.12478464096784592,
            0.007138308137655258
        ],
        [
            0.0477459654211998,
            0.2554059326648712,
            0.019173765555024147
        ],
        [
            0.1552666276693344,
            0.5373007655143738,
            0.28914374113082886
        ],
        [
            -0.2828887104988098,
            -0.7379696369171143,
            -0.25264185667037964
        ],
        [
            -0.23568496108055115,
            -0.7509542107582092,
            -0.29833313822746277
        ],
        [
            -0.2561437785625458,
            -0.7670966982841492,
            -0.15425819158554077
        ],
        [
            -0.15337824821472168,
            -0.795285165309906,
            -0.25757718086242676
        ],
        [
            0.08010178804397583,
            0.6941792964935303,
            0.18195322155952454
        ],
        [
            0.161005899310112,
            0.6759363412857056,
            0.1914125680923462
        ],
        [
            0.19628313183784485,
            0.5324004888534546,
            0.3458681106567383
        ],
        [
            -0.029464229941368103,
            0.6157211065292358,
            0.4638705551624298
        ],
        [
            -0.04873591661453247,
            0.5771050453186035,
            0.5412228107452393
        ],
        [
            0.13586854934692383,
            0.46733278036117554,
            0.5839287638664246
        ],
        [
            0.0718090683221817,
            0.40706050395965576,
            0.5265322327613831
        ],
        [
            -0.07580823451280594,
            0.13589787483215332,
            0.24723540246486664
        ],
        [
            -0.08494620025157928,
            -0.28706789016723633,
            0.13408887386322021
        ],
        [
            0.10753396153450012,
            -0.21764783561229706,
            -0.07318490743637085
        ],
        [
            0.05386025831103325,
            0.2167527973651886,
            0.0024603093042969704
        ],
        [
            0.16730087995529175,
            0.49610912799835205,
            0.2790834903717041
        ],
        [
            -0.37418702244758606,
            -0.37375810742378235,
            -0.02370263822376728
        ],
        [
            -0.24978964030742645,
            -0.44463834166526794,
            0.15197035670280457
        ],
        [
            -0.1679387390613556,
            -0.6544682383537292,
            -0.0035526277497410774
        ],
        [
            -0.040026359260082245,
            -0.5925871133804321,
            -0.26938045024871826
        ],
        [
            -0.0376107394695282,
            -0.3146255314350128,
            -0.3287375569343567
        ],
        [
            -0.22533568739891052,
            -0.1689090132713318,
            -0.31480681896209717
        ],
        [
            -0.12084923684597015,
            -0.6725601553916931,
            -0.15661278367042542
        ],
        [
            -0.23651064932346344,
            -0.8177393674850464,
            -0.23360006511211395
        ],
        [
            0.011440658941864967,
            -0.2524617910385132,
            0.02986270561814308
        ],
        [
            -0.10440234839916229,
            -0.6205785274505615,
            -0.13427336513996124
        ],
        [
            -0.023697663098573685,
            -0.477424293756485,
            -0.054527927190065384
        ],
        [
            -0.19906088709831238,
            -0.71104896068573,
            -0.22985640168190002
        ],
        [
            -0.24346262216567993,
            -0.837644636631012,
            -0.22989054024219513
        ]
    ],
    "pred_vertices": [
        [
            -0.25041040778160095,
            -0.7920589447021484,
            -0.3192867338657379
        ],
        [
            -0.2512337565422058,
            -0.776023268699646,
            -0.3156156539916992
        ],
        [
            -0.2372371256351471,
            -0.7797336578369141,
            -0.31599855422973633
        ],
        [
            -0.23344604671001434,
            -0.7940303683280945,
            -0.3159542977809906
        ],
        [
            -0.23850275576114655,
            -0.7683193683624268,
            -0.3150399923324585
        ],
        [
            -0.24956940114498138,
            -0.7643016576766968,
            -0.31317922472953796
        ],
        [
            -0.223990336060524,
            -0.7807886600494385,
            -0.3119738698005676
        ],
        [
            -0.21820734441280365,
            -0.7929920554161072,
            -0.3099042773246765
        ],
        [
            -0.19720417261123657,
            -0.7572590112686157,
            -0.29781365394592285
        ],
        [
            -0.18729090690612793,
            -0.7589365839958191,
            -0.2930606007575989
        ],
        [
            -0.19419395923614502,
            -0.7684482336044312,
            -0.297169029712677
        ],
        [
            -0.2026936262845993,
            -0.7641130089759827,
            -0.3001309931278229
        ],
        [
            -0.183978870511055,
            -0.7365823984146118,
            -0.2882932722568512
        ],
        [
            -0.18830251693725586,
            -0.7234028577804565,
            -0.28730231523513794
        ],
        [
            -0.1776706576347351,
            -0.7208056449890137,
            -0.27977725863456726
        ],
        [
            -0.17331001162528992,
            -0.733778178691864,
            -0.2791752815246582
        ],
        [
            -0.22958599030971527,
            -0.7174753546714783,
            -0.28594282269477844
        ],
        [
            -0.222163125872612,
            -0.7134414911270142,
            -0.2869638502597809
        ],
        [
            -0.22203728556632996,
            -0.7204052209854126,
            -0.29062342643737793
        ],
        [
            -0.22947074472904205,
            -0.723746657371521,
            -0.2886285185813904
        ],
        [
            -0.2438988983631134,
            -0.7209526896476746,
            -0.28687185049057007
        ],
        [
            -0.24396450817584991,
            -0.7275474071502686,
            -0.2865420877933502
        ],
        [
            -0.2518276572227478,
            -0.7273348569869995,
            -0.2882314920425415
        ],
        [
            -0.2513780891895294,
            -0.7198144197463989,
            -0.2894885540008545
        ],
        [
            -0.23108933866024017,
            -0.7116445899009705,
            -0.28122544288635254
        ],
        [
            -0.22310486435890198,
            -0.707772970199585,
            -0.2820838391780853
        ],
        [
            -0.2363443225622177,
            -0.7206212282180786,
            -0.28544026613235474
        ],
        [
            -0.23684217035770416,
            -0.7152951955795288,
            -0.2847645580768585
        ],
        [
            -0.24153247475624084,
            -0.7043716907501221,
            -0.2886243760585785
        ],
        [
            -0.2418418675661087,
            -0.7095328569412231,
            -0.2898579239845276
        ],
        [
            -0.24834182858467102,
            -0.7064030170440674,
            -0.2928292453289032
        ],
        [
            -0.24633444845676422,
            -0.7016359567642212,
            -0.29004359245300293
        ],
        [
            -0.2343214601278305,
            -0.7088762521743774,
            -0.2838347554206848
        ],
        [
            -0.23674805462360382,
            -0.7102315425872803,
            -0.2868979871273041
        ],
        [
            -0.23802624642848969,
            -0.7053537368774414,
            -0.2859509587287903
        ],
        [
            -0.23643212020397186,
            -0.704715371131897,
            -0.28215211629867554
        ],
        [
            -0.24377009272575378,
            -0.71584153175354,
            -0.28750115633010864
        ],
        [
            -0.25036484003067017,
            -0.7134203910827637,
            -0.29111912846565247
        ],
        [
            -0.25755250453948975,
            -0.7103619575500488,
            -0.2938152849674225
        ],
        [
            -0.25487053394317627,
            -0.701754093170166,
            -0.2946118116378784
        ],
        [
            -0.20490965247154236,
            -0.7071887850761414,
            -0.2858056426048279
        ],
        [
            -0.2137376368045807,
            -0.7101328372955322,
            -0.2874959409236908
        ],
        [
            -0.21524325013160706,
            -0.7045161128044128,
            -0.2831808924674988
        ],
        [
            -0.20784324407577515,
            -0.7020540833473206,
            -0.2827794849872589
        ],
        [
            -0.23235604166984558,
            -0.703896164894104,
            -0.2796735167503357
        ],
        [
            -0.2224719077348709,
            -0.6910018920898438,
            -0.27768462896347046
        ],
        [
            -0.2241216003894806,
            -0.694221556186676,
            -0.27906906604766846
        ],
        [
            -0.2308870553970337,
            -0.6918504238128662,
            -0.27816855907440186
        ],
        [
            -0.22879940271377563,
            -0.6890643835067749,
            -0.2770995497703552
        ],
        [
            -0.19031113386154175,
            -0.7001429796218872,
            -0.2788991630077362
        ],
        [
            -0.19601549208164215,
            -0.6957632303237915,
            -0.2782023549079895
        ],
        [
            -0.19124439358711243,
            -0.691240668296814,
            -0.2746281623840332
        ],
        [
            -0.18499721586704254,
            -0.6948851346969604,
            -0.2736540734767914
        ],
        [
            -0.19015952944755554,
            -0.6861576437950134,
            -0.2704930901527405
        ],
        [
            -0.18110284209251404,
            -0.6892558336257935,
            -0.2681479752063751
        ],
        [
            -0.18130449950695038,
            -0.6748113632202148,
            -0.2579153776168823
        ],
        [
            -0.18065524101257324,
            -0.6813791394233704,
            -0.26272064447402954
        ],
        [
            -0.1906166672706604,
            -0.6802208423614502,
            -0.26644644141197205
        ],
        [
            -0.1936246007680893,
            -0.6730473041534424,
            -0.2635069489479065
        ],
        [
            -0.2081490159034729,
            -0.6707874536514282,
            -0.2633269727230072
        ],
        [
            -0.2130810171365738,
            -0.6673117876052856,
            -0.2610037624835968
        ],
        [
            -0.20319592952728271,
            -0.6588296890258789,
            -0.2586493492126465
        ],
        [
            -0.19856351613998413,
            -0.6648111939430237,
            -0.2610930800437927
        ],
        [
            -0.2178434580564499,
            -0.6880204677581787,
            -0.27255183458328247
        ],
        [
            -0.21364042162895203,
            -0.6902732849121094,
            -0.27314233779907227
        ],
        [
            -0.21519610285758972,
            -0.6904032826423645,
            -0.27548500895500183
        ],
        [
            -0.22027938067913055,
            -0.6889288425445557,
            -0.27546143531799316
        ],
        [
            -0.2100123018026352,
            -0.6917065978050232,
            -0.27412378787994385
        ],
        [
            -0.2083151787519455,
            -0.69219970703125,
            -0.2745945453643799
        ],
        [
            -0.20962463319301605,
            -0.6926194429397583,
            -0.27573883533477783
        ],
        [
            -0.21066170930862427,
            -0.6921164989471436,
            -0.27478957176208496
        ],
        [
            -0.21225008368492126,
            -0.6911032795906067,
            -0.2738165259361267
        ],
        [
            -0.21230940520763397,
            -0.689102828502655,
            -0.27278971672058105
        ],
        [
            -0.21055838465690613,
            -0.6906040906906128,
            -0.273640513420105
        ],
        [
            -0.21584062278270721,
            -0.6862534284591675,
            -0.2722555696964264
        ],
        [
            -0.22773180902004242,
            -0.677920937538147,
            -0.2691270709037781
        ],
        [
            -0.22449764609336853,
            -0.6797322034835815,
            -0.2707023620605469
        ],
        [
            -0.22713278234004974,
            -0.6836944222450256,
            -0.2703266441822052
        ],
        [
            -0.23004382848739624,
            -0.6824072003364563,
            -0.2690805196762085
        ],
        [
            -0.21259582042694092,
            -0.6930602192878723,
            -0.27661627531051636
        ],
        [
            -0.2112535536289215,
            -0.6950839757919312,
            -0.2782018184661865
        ],
        [
            -0.21691931784152985,
            -0.6949459314346313,
            -0.2790127396583557
        ],
        [
            -0.21624037623405457,
            -0.6926273107528687,
            -0.27703335881233215
        ],
        [
            -0.21003252267837524,
            -0.6974600553512573,
            -0.28037357330322266
        ],
        [
            -0.20825037360191345,
            -0.6944953799247742,
            -0.2770940065383911
        ],
        [
            -0.20611128211021423,
            -0.6960687637329102,
            -0.2788538336753845
        ],
        [
            -0.20795385539531708,
            -0.6906310319900513,
            -0.2736667990684509
        ],
        [
            -0.20452091097831726,
            -0.6905637979507446,
            -0.27383318543434143
        ],
        [
            -0.20573477447032928,
            -0.6923626065254211,
            -0.27580881118774414
        ],
        [
            -0.20473790168762207,
            -0.687158465385437,
            -0.2717878222465515
        ],
        [
            -0.20942236483097076,
            -0.6880233287811279,
            -0.27209994196891785
        ],
        [
            -0.2124297320842743,
            -0.6843475103378296,
            -0.271239697933197
        ],
        [
            -0.21666233241558075,
            -0.6802688837051392,
            -0.2703268229961395
        ],
        [
            -0.2112060934305191,
            -0.6782205104827881,
            -0.26815253496170044
        ],
        [
            -0.20718997716903687,
            -0.6827753186225891,
            -0.2699102461338043
        ],
        [
            -0.2168739289045334,
            -0.6991387605667114,
            -0.2808852195739746
        ],
        [
            -0.20150524377822876,
            -0.6937174201011658,
            -0.2768859267234802
        ],
        [
            -0.2020014226436615,
            -0.6998631358146667,
            -0.28081852197647095
        ],
        [
            -0.1988735795021057,
            -0.690231442451477,
            -0.2744954824447632
        ],
        [
            -0.19822490215301514,
            -0.6861523389816284,
            -0.27143868803977966
        ],
        [
            -0.2001817524433136,
            -0.6810872554779053,
            -0.2682361602783203
        ],
        [
            -0.20379486680030823,
            -0.6756643056869507,
            -0.26587459444999695
        ],
        [
            -0.19217966496944427,
            -0.6574069261550903,
            -0.24910381436347961
        ],
        [
            -0.18716222047805786,
            -0.6647911071777344,
            -0.253581702709198
        ],
        [
            -0.24599073827266693,
            -0.759081244468689,
            -0.30759817361831665
        ],
        [
            -0.23797723650932312,
            -0.7614011764526367,
            -0.3112490773200989
        ],
        [
            -0.2315656542778015,
            -0.7571532726287842,
            -0.3058895468711853
        ],
        [
            -0.23134204745292664,
            -0.7596801519393921,
            -0.30752143263816833
        ],
        [
            -0.23743844032287598,
            -0.7581464052200317,
            -0.30688223242759705
        ],
        [
            -0.2360556274652481,
            -0.7558480501174927,
            -0.3052523732185364
        ],
        [
            -0.21076902747154236,
            -0.7617117166519165,
            -0.30107784271240234
        ],
        [
            -0.2173520028591156,
            -0.7598628997802734,
            -0.3019156754016876
        ],
        [
            -0.214676633477211,
            -0.7574365735054016,
            -0.2996940612792969
        ],
        [
            -0.2061828374862671,
            -0.7567404508590698,
            -0.2995094656944275
        ],
        [
            -0.21979579329490662,
            -0.7460790872573853,
            -0.2975204586982727
        ],
        [
            -0.21577656269073486,
            -0.7496613264083862,
            -0.29825443029403687
        ],
        [
            -0.2229730635881424,
            -0.7530830502510071,
            -0.3000447750091553
        ],
        [
            -0.2259128987789154,
            -0.7505310773849487,
            -0.29948920011520386
        ],
        [
            -0.22931165993213654,
            -0.7484380602836609,
            -0.2983052730560303
        ],
        [
            -0.23301763832569122,
            -0.7468855977058411,
            -0.29647281765937805
        ],
        [
            -0.22991779446601868,
            -0.7428713440895081,
            -0.294655978679657
        ],
        [
            -0.22491827607154846,
            -0.7440590858459473,
            -0.29626575112342834
        ],
        [
            -0.24332195520401,
            -0.7572591304779053,
            -0.3038215637207031
        ],
        [
            -0.2482130378484726,
            -0.7550581693649292,
            -0.2987661063671112
        ],
        [
            -0.24531644582748413,
            -0.7532060146331787,
            -0.29826319217681885
        ],
        [
            -0.24136927723884583,
            -0.7546032667160034,
            -0.30281883478164673
        ],
        [
            -0.24711836874485016,
            -0.74820476770401,
            -0.28630492091178894
        ],
        [
            -0.24793225526809692,
            -0.7498688697814941,
            -0.2886044383049011
        ],
        [
            -0.2518085837364197,
            -0.7497077584266663,
            -0.28764623403549194
        ],
        [
            -0.24982987344264984,
            -0.7463300228118896,
            -0.2851907014846802
        ],
        [
            -0.24672450125217438,
            -0.7442493438720703,
            -0.2858494222164154
        ],
        [
            -0.24558645486831665,
            -0.746861457824707,
            -0.28700459003448486
        ],
        [
            -0.26659151911735535,
            -0.8089290857315063,
            -0.3176915645599365
        ],
        [
            -0.2665083706378937,
            -0.790148913860321,
            -0.31617140769958496
        ],
        [
            -0.2462492287158966,
            -0.8130593299865723,
            -0.3166157007217407
        ],
        [
            -0.2286912202835083,
            -0.8122175931930542,
            -0.311777800321579
        ],
        [
            -0.21234987676143646,
            -0.8066864609718323,
            -0.30649876594543457
        ],
        [
            -0.18386569619178772,
            -0.7090200781822205,
            -0.2795655131340027
        ],
        [
            -0.1759931445121765,
            -0.7047841548919678,
            -0.2733699381351471
        ],
        [
            -0.16781575977802277,
            -0.7185707092285156,
            -0.2719988524913788
        ],
        [
            -0.1623697429895401,
            -0.7114189863204956,
            -0.2645723819732666
        ],
        [
            -0.17110899090766907,
            -0.6972590684890747,
            -0.2663652002811432
        ],
        [
            -0.1717730164527893,
            -0.6790305376052856,
            -0.25011104345321655
        ],
        [
            -0.16948945820331573,
            -0.6879715919494629,
            -0.2586607336997986
        ],
        [
            -0.15890637040138245,
            -0.7037989497184753,
            -0.25527894496917725
        ],
        [
            -0.1509944051504135,
            -0.7236520051956177,
            -0.2537188231945038
        ],
        [
            -0.15636225044727325,
            -0.7270845770835876,
            -0.26253193616867065
        ],
        [
            -0.1489822417497635,
            -0.743955671787262,
            -0.25191226601600647
        ],
        [
            -0.14603492617607117,
            -0.7205469012260437,
            -0.24124886095523834
        ],
        [
            -0.14699803292751312,
            -0.7466100454330444,
            -0.24394173920154572
        ],
        [
            -0.14756707847118378,
            -0.6838462352752686,
            -0.22363875806331635
        ],
        [
            -0.1409192681312561,
            -0.6753635406494141,
            -0.2197999656200409
        ],
        [
            -0.12783931195735931,
            -0.688754677772522,
            -0.22357189655303955
        ],
        [
            -0.1346084326505661,
            -0.6976943016052246,
            -0.22684210538864136
        ],
        [
            -0.16312161087989807,
            -0.730772852897644,
            -0.2707771360874176
        ],
        [
            -0.19397780299186707,
            -0.7810062170028687,
            -0.2966329753398895
        ],
        [
            -0.20222795009613037,
            -0.7748751640319824,
            -0.30147460103034973
        ],
        [
            -0.18491852283477783,
            -0.772686243057251,
            -0.29133445024490356
        ],
        [
            -0.21148274838924408,
            -0.8412970304489136,
            -0.3005025088787079
        ],
        [
            -0.22161586582660675,
            -0.8277127742767334,
            -0.3083282709121704
        ],
        [
            -0.20620223879814148,
            -0.8198069334030151,
            -0.30356064438819885
        ],
        [
            -0.19871096312999725,
            -0.8335008025169373,
            -0.2969685196876526
        ],
        [
            -0.25236451625823975,
            -0.8599148988723755,
            -0.29944244027137756
        ],
        [
            -0.26027414202690125,
            -0.836049497127533,
            -0.31227099895477295
        ],
        [
            -0.24253323674201965,
            -0.8332637548446655,
            -0.31113991141319275
        ],
        [
            -0.23419488966464996,
            -0.8522188663482666,
            -0.30195820331573486
        ],
        [
            -0.19124338030815125,
            -0.8417127132415771,
            -0.28897932171821594
        ],
        [
            -0.18278847634792328,
            -0.8523303866386414,
            -0.2766306400299072
        ],
        [
            -0.18982043862342834,
            -0.867805004119873,
            -0.27354568243026733
        ],
        [
            -0.20207008719444275,
            -0.8565337657928467,
            -0.28847599029541016
        ],
        [
            -0.20504313707351685,
            -0.8861948251724243,
            -0.2668873965740204
        ],
        [
            -0.22024910151958466,
            -0.8725746870040894,
            -0.2850576639175415
        ],
        [
            -0.1377403438091278,
            -0.7388975620269775,
            -0.2330148071050644
        ],
        [
            -0.14307253062725067,
            -0.7571503520011902,
            -0.23641476035118103
        ],
        [
            -0.14291167259216309,
            -0.7071696519851685,
            -0.23210975527763367
        ],
        [
            -0.13225869834423065,
            -0.723125696182251,
            -0.2294197380542755
        ],
        [
            -0.22286340594291687,
            -0.897952675819397,
            -0.2558087408542633
        ],
        [
            -0.24073734879493713,
            -0.8830482363700867,
            -0.27828699350357056
        ],
        [
            -0.15594463050365448,
            -0.8574343919754028,
            -0.2292984426021576
        ],
        [
            -0.16669116914272308,
            -0.8683741688728333,
            -0.24102987349033356
        ],
        [
            -0.1635044515132904,
            -0.8507533073425293,
            -0.25279855728149414
        ],
        [
            -0.15385249257087708,
            -0.8428564071655273,
            -0.24030978977680206
        ],
        [
