{
    "pred_cam": [
        2.0767159461975098,
        0.16353441774845123,
        0.5043727159500122
    ],
    "pred_smpl_params": {
        "global_orient": [
            [
                [
                    0.6862273216247559,
                    -0.05051406845450401,
                    -0.7256309986114502
                ],
                [
                    0.16423137485980988,
                    -0.961065948009491,
                    0.22221679985523224
                ],
                [
                    -0.7086043357849121,
                    -0.2716626226902008,
                    -0.6512137055397034
                ]
            ]
        ],
        "body_pose": [
            [
                [
                    0.9897010922431946,
                    -0.10600269585847855,
                    0.09620346128940582
                ],
                [
                    0.07019667327404022,
                    0.9450850486755371,
                    0.3191969096660614
                ],
                [
                    -0.12475619465112686,
                    -0.3091563880443573,
                    0.9427927136421204
                ]
            ],
            [
                [
                    0.9945096373558044,
                    0.0826147049665451,
                    0.06422799080610275
                ],
                [
                    -0.0896284356713295,
                    0.9892747402191162,
                    0.11533506959676743
                ],
                [
                    -0.05401076003909111,
                    -0.12045851349830627,
                    0.9912478923797607
                ]
            ],
            [
                [
                    0.9986240267753601,
                    -0.014547464437782764,
                    -0.050382595509290695
                ],
                [
                    -0.0010904999217018485,
                    0.9547838568687439,
                    -0.29729875922203064
                ],
                [
                    0.0524294339120388,
                    0.29694464802742004,
                    0.9534542560577393
                ]
            ],
            [
                [
                    0.985392153263092,
                    0.16755490005016327,
                    0.030459227040410042
                ],
                [
                    -0.09889473021030426,
                    0.7086042165756226,
                    -0.6986415386199951
                ],
                [
                    -0.13864439725875854,
                    0.6854235529899597,
                    0.714823305606842
                ]
            ],
            [
                [
                    0.9812408089637756,
                    0.02007056400179863,
                    0.19173824787139893
                ],
                [
                    0.10332316905260086,
                    0.7849135994911194,
                    -0.6109296083450317
                ],
                [
                    -0.16275964677333832,
                    0.6192800998687744,
                    0.7681155204772949
                ]
            ],
            [
                [
                    0.9956048727035522,
                    -0.05202304571866989,
                    -0.07787540555000305
                ],
                [
                    0.050692591816186905,
                    0.9985342025756836,
                    -0.01896623894572258
                ],
                [
                    0.0787479430437088,
                    0.014935173094272614,
                    0.9967827200889587
                ]
            ],
            [
                [
                    0.9797672629356384,
                    -0.021234367042779922,
                    0.19901061058044434
                ],
                [
                    0.0010555974440649152,
                    0.9948902130126953,
                    0.10095757246017456
                ],
                [
                    -0.20013746619224548,
                    -0.09870485216379166,
                    0.9747833013534546
                ]
            ],
            [
                [
                    0.98198002576828,
                    -0.017382031306624413,
                    -0.1881839483976364
                ],
                [
                    0.03798223286867142,
                    0.9935952425003052,
                    0.106423020362854
                ],
                [
                    0.1851288229227066,
                    -0.1116529181599617,
                    0.9763509035110474
                ]
            ],
            [
                [
                    0.9961482882499695,
                    -0.030453769490122795,
                    -0.0822259932756424
                ],
                [
                    0.028328286483883858,
                    0.9992368221282959,
                    -0.026893606409430504
                ],
                [
                    0.08298224955797195,
                    0.024460701271891594,
                    0.9962507486343384
                ]
            ],
            [
                [
                    0.990001916885376,
                    -0.08278635144233704,
                    0.11420388519763947
                ],
                [
                    0.07099129259586334,
                    0.9920671582221985,
                    0.10374484956264496
                ],
                [
                    -0.12188657373189926,
                    -0.0946001261472702,
                    0.9880254864692688
                ]
            ],
            [
                [
                    0.9911373853683472,
                    0.11363417655229568,
                    0.06880281865596771
                ],
                [
                    -0.12221606075763702,
                    0.9829915165901184,
                    0.13707996904850006
                ],
                [
                    -0.052055615931749344,
                    -0.14427390694618225,
                    0.9881675839424133
                ]
            ],
            [
                [
                    0.9539255499839783,
                    -0.1518511027097702,
                    0.25878018140792847
                ],
                [
                    0.14533787965774536,
                    0.9883927702903748,
                    0.044234465807676315
                ],
                [
                    -0.2624934911727905,
                    -0.004585829563438892,
                    0.9649228453636169
                ]
            ],
            [
                [
                    0.8667960166931152,
                    0.32428327202796936,
                    -0.3788207173347473
                ],
                [
                    -0.3160184621810913,
                    0.9448704123497009,
                    0.08574533462524414
                ],
                [
                    0.3857422471046448,
                    0.04539063945412636,
                    0.921489417552948
                ]
            ],
            [
                [
                    0.9341166019439697,
                    -0.2734621465206146,
                    0.22944381833076477
                ],
                [
                    0.2588755190372467,
                    0.961515486240387,
                    0.09204062819480896
                ],
                [
                    -0.24578340351581573,
                    -0.02657930925488472,
                    0.9689602255821228
                ]
            ],
            [
                [
                    0.9737026691436768,
                    0.005992072634398937,
                    0.22774355113506317
                ],
                [
                    0.037833768874406815,
                    0.9815203547477722,
                    -0.18758027255535126
                ],
                [
                    -0.22465893626213074,
                    0.1912638247013092,
                    0.9554823040962219
                ]
            ],
            [
                [
                    0.6344454884529114,
                    0.6708691716194153,
                    -0.3839445114135742
                ],
                [
                    -0.655380129814148,
                    0.7302335500717163,
                    0.19296576082706451
                ],
                [
                    0.4098239541053772,
                    0.12920336425304413,
                    0.9029676914215088
                ]
            ],
            [
                [
                    0.5896058082580566,
                    -0.6899104118347168,
                    0.41998639702796936
                ],
                [
                    0.7323524951934814,
                    0.6759411096572876,
                    0.08223993331193924
                ],
                [
                    -0.3406243324279785,
                    0.259088933467865,
                    0.9037964344024658
                ]
            ],
            [
                [
                    0.6942320466041565,
                    -0.14092816412448883,
                    -0.7058194279670715
                ],
                [
                    0.0905432477593422,
                    0.9899531602859497,
                    -0.10860320180654526
                ],
                [
                    0.7140334248542786,
                    0.011488635092973709,
                    0.7000172734260559
                ]
            ],
            [
                [
                    0.17756369709968567,
                    0.3464133143424988,
                    0.9211238026618958
                ],
                [
                    -0.27174410223960876,
                    0.916864812374115,
                    -0.2924278974533081
                ],
                [
                    -0.9458468556404114,
                    -0.1983853578567505,
                    0.2569376826286316
                ]
            ],
            [
                [
                    0.9911885261535645,
                    -0.13058845698833466,
                    0.022177377715706825
                ],
                [
                    0.1324518620967865,
                    0.9755098223686218,
                    -0.17560485005378723
                ],
                [
                    0.0012977158185094595,
                    0.17699496448040009,
                    0.9842108488082886
                ]
            ],
            [
                [
                    0.9903810620307922,
                    0.13774560391902924,
                    0.013100829906761646
                ],
                [
                    -0.13812080025672913,
                    0.989824116230011,
                    0.034216202795505524
                ],
                [
                    -0.008254386484622955,
                    -0.03569657355546951,
                    0.99932861328125
                ]
            ],
            [
                [
                    0.9796211123466492,
                    0.1872483491897583,
                    -0.07266676425933838
                ],
                [
                    -0.17406435310840607,
                    0.9719722867012024,
                    0.15802378952503204
                ],
                [
                    0.10021977126598358,
                    -0.1421547532081604,
                    0.9847578406333923
                ]
            ],
            [
                [
                    0.9662857055664062,
                    -0.22392158210277557,
                    0.1270865797996521
                ],
                [
                    0.20883312821388245,
                    0.9703305959701538,
                    0.12184974551200867
                ],
                [
                    -0.15060076117515564,
                    -0.0912017896771431,
                    0.9843788146972656
                ]
            ]
        ],
        "betas": [
            0.13059517741203308,
            0.11377884447574615,
            -0.3212149441242218,
            -0.004236161708831787,
            0.12388619780540466,
            -0.07055296748876572,
            -0.09204775094985962,
            0.04306715726852417,
            0.13400274515151978,
            -0.06179243326187134
        ]
    },
    "pred_cam_t": [
        0.16353441774845123,
        0.5043727159500122,
        18.80974578857422
    ],
    "focal_length": [
        5000.0,
        5000.0
    ],
    "pred_keypoints_3d": [
        [
            -0.23677827417850494,
            -0.6999093294143677,
            -0.29069221019744873
        ],
        [
            -0.1041555255651474,
            -0.683352530002594,
            -0.15006297826766968
        ],
        [
            -0.17670035362243652,
            -0.632617175579071,
            0.031823597848415375
        ],
        [
            -0.21600337326526642,
            -0.4030972421169281,
            0.1440044492483139
        ],
        [
            -0.3975903391838074,
            -0.3250240683555603,
            -0.023615524172782898
        ],
        [
            -0.01246098056435585,
            -0.5539520382881165,
            -0.27379801869392395
        ],
        [
            -0.010087110102176666,
            -0.2889425754547119,
            -0.27799221873283386
        ],
        [
            -0.20890119671821594,
            -0.13363271951675415,
            -0.29827407002449036
        ],
        [
            -0.001912880688905716,
            -0.22294992208480835,
            0.027230648323893547
        ],
        [
            -0.03971797227859497,
            -0.1482970416545868,
            0.10238455981016159
        ],
        [
            -0.0987231656908989,
            0.21355506777763367,
            0.22976922988891602
        ],
        [
            0.06742662936449051,
            0.4575793147087097,
            0.5071101188659668
        ],
        [
            0.055167969316244125,
            -0.1256270408630371,
            0.008037757128477097
        ],
        [
            0.04524913430213928,
            0.25367316603660583,
            -0.019019167870283127
        ],
        [
            0.1491379588842392,
            0.5248252153396606,
            0.2630629241466522
        ],
        [
            -0.264712393283844,
            -0.7425897121429443,
            -0.2555944323539734
        ],
        [
            -0.21583977341651917,
            -0.7571712732315063,
            -0.298921674489975
        ],
        [
            -0.24200184643268585,
            -0.768399715423584,
            -0.15549637377262115
        ],
        [
            -0.13533498346805573,
            -0.8002350330352783,
            -0.2533833682537079
        ],
        [
            0.094206303358078,
            0.6835969686508179,
            0.14791986346244812
        ],
        [
            0.1726076602935791,
            0.6607608795166016,
            0.16427406668663025
        ],
        [
            0.1857546865940094,
            0.5176084637641907,
            0.32281044125556946
        ],
        [
            -0.0246482715010643,
            0.6167815327644348,
            0.4310482442378998
        ],
        [
            -0.055892039090394974,
            0.5794949531555176,
            0.504679799079895
        ],
        [
            0.11107641458511353,
            0.4523025453090668,
            0.5662599205970764
        ],
        [
            0.04741594195365906,
            0.40018466114997864,
            0.4999314546585083
        ],
        [
            -0.09635741263628006,
            0.15525807440280914,
            0.20311300456523895
        ],
        [
            -0.09583654254674911,
            -0.2809735834598541,
            0.1291056126356125
        ],
        [
            0.11834418773651123,
            -0.22291433811187744,
            -0.060652852058410645
        ],
        [
            0.05267541855573654,
            0.21518243849277496,
            -0.03218343108892441
        ],
        [
            0.15933170914649963,
            0.48298826813697815,
            0.2536851465702057
        ],
        [
            -0.3770730495452881,
            -0.3554433584213257,
            -0.030469655990600586
        ],
        [
            -0.2471577227115631,
            -0.433878630399704,
            0.1394520401954651
        ],
        [
            -0.16588656604290009,
            -0.6521406173706055,
            -0.004653437994420528
        ],
        [
            -0.019787833094596863,
            -0.595386803150177,
            -0.26128387451171875
        ],
        [
            -0.03008711151778698,
            -0.31555256247520447,
            -0.3157099783420563
        ],
        [
            -0.20960865914821625,
            -0.1526731699705124,
            -0.30500462651252747
        ],
        [
            -0.10807117074728012,
            -0.6739363670349121,
            -0.15325158834457397
        ],
        [
            -0.21945108473300934,
            -0.8216601610183716,
            -0.23225298523902893
        ],
        [
            0.01143997348845005,
            -0.2519861161708832,
            0.03364656865596771
        ],
        [
            -0.0934220626950264,
            -0.6210532784461975,
            -0.13086526095867157
        ],
        [
            -0.01772376522421837,
            -0.4784291684627533,
            -0.04734646901488304
        ],
        [
            -0.18188047409057617,
            -0.7151675820350647,
            -0.23046471178531647
        ],
        [
            -0.22666651010513306,
            -0.8414245247840881,
            -0.22793462872505188
        ]
    ],
    "pred_vertices": [
        [
            -0.2298118770122528,
            -0.7987759113311768,
            -0.31893134117126465
        ],
        [
            -0.23070797324180603,
            -0.7827169299125671,
            -0.3158019781112671
        ],
        [
            -0.21675175428390503,
            -0.7864614725112915,
            -0.3155466616153717
        ],
        [
            -0.21302694082260132,
            -0.8008402585983276,
            -0.3147951364517212
        ],
        [
            -0.21798643469810486,
            -0.7750361561775208,
            -0.3150293231010437
        ],
        [
            -0.22911614179611206,
            -0.7709158658981323,
            -0.3137470483779907
        ],
        [
            -0.2036944180727005,
            -0.7874437570571899,
            -0.31098225712776184
        ],
        [
            -0.19803094863891602,
            -0.7996342182159424,
            -0.30820298194885254
        ],
        [
            -0.17738185822963715,
            -0.7635183334350586,
            -0.29664212465286255
        ],
        [
            -0.1676560938358307,
            -0.7650274038314819,
            -0.2914234399795532
        ],
        [
            -0.17445026338100433,
            -0.774619460105896,
            -0.29555177688598633
        ],
        [
            -0.1827816218137741,
            -0.7703931331634521,
            -0.2989669144153595
        ],
        [
            -0.16441114246845245,
            -0.7425620555877686,
            -0.2873064875602722
        ],
        [
            -0.1687779575586319,
            -0.7293839454650879,
            -0.28693121671676636
        ],
        [
            -0.15841782093048096,
            -0.7265549898147583,
            -0.2790842652320862
        ],
        [
            -0.1541089117527008,
            -0.7394860982894897,
            -0.277874231338501
        ],
        [
            -0.21008257567882538,
            -0.7233784198760986,
            -0.287433922290802
        ],
        [
            -0.2026161551475525,
            -0.7193807363510132,
            -0.2883008122444153
        ],
        [
            -0.20235463976860046,
            -0.7264593839645386,
            -0.2916772961616516
        ],
        [
            -0.20988383889198303,
            -0.7297194004058838,
            -0.2898838520050049
        ],
        [
            -0.22437766194343567,
            -0.726819634437561,
            -0.2887928783893585
        ],
        [
            -0.2244754135608673,
            -0.733394980430603,
            -0.2882443070411682
        ],
        [
            -0.23226362466812134,
            -0.7332323789596558,
            -0.2902470827102661
        ],
        [
            -0.23173785209655762,
            -0.725759744644165,
            -0.29173046350479126
        ],
        [
            -0.21177446842193604,
            -0.7173715829849243,
            -0.28301772475242615
        ],
        [
            -0.20374064147472382,
            -0.71355140209198,
            -0.28369414806365967
        ],
        [
            -0.21687909960746765,
            -0.7264835834503174,
            -0.2870921790599823
        ],
        [
            -0.2173997163772583,
            -0.7211068868637085,
            -0.28662753105163574
        ],
        [
            -0.22188806533813477,
            -0.710350751876831,
            -0.29099178314208984
        ],
        [
            -0.22217123210430145,
            -0.7155457735061646,
            -0.2920590937137604
        ],
        [
            -0.22855538129806519,
            -0.7125048041343689,
            -0.2953636944293976
        ],
        [
            -0.2266290932893753,
            -0.7076623439788818,
            -0.2926655411720276
        ],
        [
            -0.2149493545293808,
            -0.7146948575973511,
            -0.28578755259513855
        ],
        [
            -0.2172408103942871,
            -0.716142475605011,
            -0.2888862192630768
        ],
        [
            -0.2185392826795578,
            -0.711244523525238,
            -0.28815048933029175
        ],
        [
            -0.21707266569137573,
            -0.7104736566543579,
            -0.28435084223747253
        ],
        [
            -0.22424307465553284,
            -0.7217559218406677,
            -0.28959596157073975
        ],
        [
            -0.23066911101341248,
            -0.7194460034370422,
            -0.2935216426849365
        ],
        [
            -0.23773518204689026,
            -0.7164781093597412,
            -0.29658180475234985
        ],
        [
            -0.23496542870998383,
            -0.7079104781150818,
            -0.2975308895111084
        ],
        [
            -0.18538564443588257,
            -0.7131210565567017,
            -0.2866872549057007
        ],
        [
            -0.1942044496536255,
            -0.7161096930503845,
            -0.2886064648628235
        ],
        [
            -0.19581973552703857,
            -0.7103290557861328,
            -0.2846086323261261
        ],
        [
            -0.1884147971868515,
            -0.7078661918640137,
            -0.2839992046356201
        ],
        [
            -0.21306557953357697,
            -0.7095760107040405,
            -0.28176018595695496
        ],
        [
            -0.20318570733070374,
            -0.6966460347175598,
            -0.27982622385025024
        ],
        [
            -0.20479585230350494,
            -0.6998953223228455,
            -0.28116756677627563
        ],
        [
            -0.21158277988433838,
            -0.6974964141845703,
            -0.28059446811676025
        ],
        [
            -0.20952081680297852,
            -0.6946932077407837,
            -0.27953988313674927
        ],
        [
            -0.1710296869277954,
            -0.7058597803115845,
            -0.27944889664649963
        ],
        [
            -0.17673540115356445,
            -0.7014289498329163,
            -0.27918416261672974
        ],
        [
            -0.17207367718219757,
            -0.6968023777008057,
            -0.2755693197250366
        ],
        [
            -0.16587704420089722,
            -0.7004215717315674,
            -0.2741842567920685
        ],
        [
            -0.1710813343524933,
            -0.691583514213562,
            -0.2715856432914734
        ],
        [
            -0.16212067008018494,
            -0.6945959329605103,
            -0.26872575283050537
        ],
        [
            -0.162642702460289,
            -0.679848313331604,
            -0.2589740753173828
        ],
        [
            -0.16184021532535553,
            -0.6865503787994385,
            -0.2635480463504791
        ],
        [
            -0.17166385054588318,
            -0.6855223178863525,
            -0.26776623725891113
        ],
        [
            -0.17475393414497375,
            -0.6782572269439697,
            -0.2652011513710022
        ],
        [
            -0.18934369087219238,
            -0.6760128736495972,
            -0.26561790704727173
        ],
        [
            -0.19434548914432526,
            -0.6724531650543213,
            -0.2636253535747528
        ],
        [
            -0.18452870845794678,
            -0.6639512777328491,
            -0.26113754510879517
        ],
        [
            -0.17976701259613037,
            -0.6699668169021606,
            -0.26322734355926514
        ],
        [
            -0.1987251192331314,
            -0.6935100555419922,
            -0.2746644914150238
        ],
        [
            -0.1945153921842575,
            -0.6957870721817017,
            -0.27501267194747925
        ],
        [
            -0.19598403573036194,
            -0.69599449634552,
            -0.27739816904067993
        ],
        [
            -0.20106393098831177,
            -0.6945217847824097,
            -0.27760791778564453
        ],
        [
            -0.1908653825521469,
            -0.697237491607666,
            -0.27580714225769043
        ],
        [
            -0.18915006518363953,
            -0.6977287530899048,
            -0.2761995792388916
        ],
        [
            -0.1904168277978897,
            -0.6981992721557617,
            -0.27736642956733704
        ],
        [
            -0.1915290206670761,
            -0.6976745128631592,
            -0.27646976709365845
        ],
        [
            -0.19314956665039062,
            -0.6966258883476257,
            -0.27559882402420044
        ],
        [
            -0.19323362410068512,
            -0.6945925951004028,
            -0.27464860677719116
        ],
        [
            -0.19142474234104156,
            -0.6961133480072021,
            -0.2753886580467224
        ],
        [
            -0.19676922261714935,
            -0.6917346119880676,
            -0.2743378281593323
        ],
        [
            -0.20871281623840332,
            -0.6832899451255798,
            -0.2719477117061615
        ],
        [
            -0.2054186761379242,
            -0.6851711273193359,
            -0.2733388841152191
        ],
        [
            -0.2080882340669632,
            -0.6890982985496521,
            -0.2729443311691284
        ],
        [
            -0.21104750037193298,
            -0.6877607107162476,
            -0.271848201751709
        ],
        [
            -0.19339922070503235,
            -0.6986681222915649,
            -0.27831655740737915
        ],
        [
            -0.19195382297039032,
            -0.7007496356964111,
            -0.27979838848114014
        ],
        [
            -0.19759449362754822,
            -0.7006362080574036,
            -0.2808234989643097
        ],
        [
            -0.19697502255439758,
            -0.6982684135437012,
            -0.2788984775543213
        ],
        [
            -0.19069594144821167,
            -0.703190803527832,
            -0.2818329930305481
        ],
        [
            -0.18899957835674286,
            -0.7001050114631653,
            -0.27861273288726807
        ],
        [
            -0.18680918216705322,
            -0.7017276287078857,
            -0.2802174687385559
        ],
        [
            -0.1888192743062973,
            -0.6961307525634766,
            -0.27532511949539185
        ],
        [
            -0.18538597226142883,
            -0.69605553150177,
            -0.27536922693252563
        ],
        [
            -0.18652783334255219,
            -0.6979172229766846,
            -0.277317613363266
        ],
        [
            -0.1856660544872284,
            -0.6926018595695496,
            -0.27344030141830444
        ],
        [
            -0.19033947587013245,
            -0.6934845447540283,
            -0.2738981246948242
        ],
        [
            -0.19336466491222382,
            -0.6898015141487122,
            -0.2732554078102112
        ],
        [
            -0.1976194828748703,
            -0.6857118606567383,
            -0.2726248502731323
        ],
        [
            -0.19224238395690918,
            -0.6835862398147583,
            -0.2703244686126709
        ],
        [
            -0.18817386031150818,
            -0.6881822347640991,
            -0.27178454399108887
        ],
        [
            -0.19750520586967468,
            -0.7048637866973877,
            -0.2825467586517334
        ],
        [
            -0.18226739764213562,
            -0.6993200778961182,
            -0.27817586064338684
        ],
        [
            -0.1826363503932953,
            -0.7056147456169128,
            -0.2818931043148041
        ],
        [
            -0.17971591651439667,
            -0.6957565546035767,
            -0.2758115530014038
        ],
        [
            -0.17916280031204224,
            -0.6915876269340515,
            -0.2728692889213562
        ],
        [
            -0.18117132782936096,
            -0.6864389181137085,
            -0.2699241042137146
        ],
        [
            -0.18490856885910034,
            -0.6809656023979187,
            -0.26784437894821167
        ],
        [
            -0.1738889068365097,
            -0.6622323393821716,
            -0.2511941194534302
        ],
        [
            -0.1686493158340454,
            -0.6697207689285278,
            -0.25523436069488525
        ],
        [
            -0.22578218579292297,
            -0.7656176090240479,
            -0.3081916272640228
        ],
        [
            -0.21763348579406738,
            -0.7680329084396362,
            -0.31145569682121277
        ],
        [
            -0.21142688393592834,
            -0.7636507153511047,
            -0.30600982904434204
        ],
        [
            -0.21113914251327515,
            -0.7662535905838013,
            -0.3075379431247711
        ],
        [
            -0.21726058423519135,
            -0.7646545767784119,
            -0.3071778416633606
        ],
        [
            -0.21593432128429413,
            -0.7623112797737122,
            -0.3056051731109619
        ],
        [
            -0.19087664783000946,
            -0.7680410742759705,
            -0.3002903461456299
        ],
        [
            -0.1974175125360489,
            -0.766232967376709,
            -0.3014291524887085
        ],
        [
            -0.19478639960289001,
            -0.7637180089950562,
            -0.29920947551727295
        ],
        [
            -0.18630841374397278,
            -0.7630316019058228,
            -0.29871901869773865
        ],
        [
            -0.1999439001083374,
            -0.7522971630096436,
            -0.29761773347854614
        ],
        [
            -0.19591104984283447,
            -0.7558833360671997,
            -0.2980847954750061
        ],
        [
            -0.20307622849941254,
            -0.7593672275543213,
            -0.3000335097312927
        ],
        [
            -0.20602929592132568,
            -0.756807804107666,
            -0.299676775932312
        ],
        [
            -0.20946437120437622,
            -0.7546738386154175,
            -0.29869788885116577
        ],
        [
            -0.21319618821144104,
            -0.7530514597892761,
            -0.297072172164917
        ],
        [
            -0.21018896996974945,
            -0.7490017414093018,
            -0.2952499985694885
        ],
        [
            -0.20514346659183502,
            -0.7502487897872925,
            -0.29661205410957336
        ],
        [
            -0.22329959273338318,
            -0.7636220455169678,
            -0.3044276535511017
        ],
        [
            -0.22834153473377228,
            -0.7612589597702026,
            -0.2996465563774109
        ],
        [
            -0.22550401091575623,
            -0.759370744228363,
            -0.2991288900375366
        ],
        [
            -0.2213786542415619,
            -0.760932445526123,
            -0.3034554719924927
        ],
        [
            -0.227745920419693,
            -0.7539806365966797,
            -0.2874613404273987
        ],
        [
            -0.22847424447536469,
            -0.755711555480957,
            -0.28972434997558594
        ],
        [
            -0.23239731788635254,
            -0.7555280327796936,
            -0.28891927003860474
        ],
        [
            -0.23048719763755798,
            -0.7520635724067688,
            -0.28653207421302795
        ],
        [
            -0.2273532748222351,
            -0.7500207424163818,
            -0.28712087869644165
        ],
        [
            -0.22618471086025238,
            -0.7526630163192749,
            -0.28813835978507996
        ],
        [
            -0.24605712294578552,
            -0.8154772520065308,
            -0.3175448775291443
        ],
        [
            -0.2460346221923828,
            -0.7967085838317871,
            -0.3165239095687866
        ],
        [
            -0.2258073389530182,
            -0.8197228908538818,
            -0.3154352903366089
        ],
        [
            -0.20846587419509888,
            -0.8188565969467163,
            -0.30987733602523804
        ],
        [
            -0.19238439202308655,
            -0.8132122755050659,
            -0.3041400611400604
        ],
        [
            -0.16458722949028015,
            -0.7147620320320129,
            -0.27952468395233154
        ],
        [
            -0.15691633522510529,
            -0.7103234529495239,
            -0.2731788158416748
        ],
        [
            -0.14882592856884003,
            -0.724063515663147,
            -0.270977646112442
        ],
        [
            -0.1436372846364975,
            -0.7166775465011597,
            -0.26356375217437744
        ],
        [
            -0.15224121510982513,
            -0.7025617361068726,
            -0.2662183940410614
        ],
        [
            -0.15347464382648468,
            -0.6838687062263489,
            -0.2504918873310089
        ],
        [
            -0.15087167918682098,
            -0.6930312514305115,
            -0.2587044835090637
        ],
        [
            -0.14051301777362823,
            -0.7087858319282532,
            -0.2542882561683655
        ],
        [
            -0.1327763944864273,
            -0.7285626530647278,
            -0.25174540281295776
        ],
        [
            -0.1377783715724945,
            -0.7322691679000854,
            -0.2607722878456116
        ],
        [
            -0.13089561462402344,
            -0.7487731575965881,
            -0.24920634925365448
        ],
        [
            -0.12831729650497437,
            -0.7251065969467163,
            -0.23897427320480347
        ],
        [
            -0.12925980985164642,
            -0.7511616945266724,
            -0.2410505712032318
        ],
        [
            -0.13003556430339813,
            -0.6876847743988037,
            -0.2221187800168991
        ],
        [
            -0.12329205870628357,
            -0.6790157556533813,
            -0.21796026825904846
        ],
        [
            -0.11009552329778671,
            -0.6924690008163452,
            -0.22066444158554077
        ],
        [
            -0.11697740107774734,
            -0.7016153931617737,
            -0.22426876425743103
        ],
        [
            -0.14425413310527802,
            -0.7362203598022461,
            -0.26917335391044617
        ],
        [
            -0.1743873953819275,
            -0.7872148752212524,
            -0.2944704592227936
        ],
        [
            -0.18234983086585999,
            -0.7812401652336121,
            -0.29985785484313965
        ],
        [
            -0.16546382009983063,
            -0.7787145972251892,
            -0.2892009913921356
        ],
        [
            -0.19181060791015625,
            -0.8474992513656616,
            -0.29709550738334656
        ],
        [
            -0.2015509158372879,
            -0.8342165946960449,
            -0.3057645857334137
        ],
        [
            -0.18632635474205017,
            -0.8261620998382568,
            -0.3006237745285034
        ],
        [
            -0.17916236817836761,
            -0.8397005796432495,
            -0.293216735124588
        ],
        [
            -0.23272618651390076,
            -0.8659173846244812,
            -0.2970893979072571
        ],
        [
            -0.24004170298576355,
            -0.8425126075744629,
            -0.311017781496048
        ],
        [
            -0.22235648334026337,
            -0.8396821618080139,
            -0.30915015935897827
        ],
        [
            -0.2144823521375656,
            -0.8583440780639648,
            -0.29914265871047974
        ],
        [
            -0.17204681038856506,
            -0.8475934267044067,
            -0.28470948338508606
        ],
        [
            -0.1641331911087036,
            -0.8577913045883179,
            -0.27165350317955017
        ],
        [
            -0.1713128238916397,
            -0.8731470108032227,
            -0.26836684346199036
        ],
        [
            -0.1829197108745575,
            -0.8623287081718445,
            -0.2841551899909973
        ],
        [
            -0.18693600594997406,
            -0.8912357091903687,
            -0.26176583766937256
        ],
        [
            -0.20126083493232727,
            -0.8781174421310425,
            -0.2809871435165405
        ],
        [
            -0.12031084299087524,
            -0.7431066036224365,
            -0.22983437776565552
        ],
        [
            -0.1255628615617752,
            -0.7613832950592041,
            -0.23303648829460144
        ],
        [
            -0.12535890936851501,
            -0.7113631963729858,
            -0.2299235463142395
        ],
        [
            -0.11482492834329605,
            -0.7271988987922668,
            -0.2262740135192871
        ],
        [
            -0.20519056916236877,
            -0.90245521068573,
            -0.2509412169456482
        ],
        [
            -0.22207331657409668,
            -0.8883309960365295,
            -0.27466994524002075
        ],
        [
            -0.13929399847984314,
            -0.8614441156387329,
            -0.22310104966163635
        ],
        [
            -0.14948828518390656,
            -0.8727201819419861,
            -0.23493123054504395
        ],
        [
            -0.145799919962883,
            -0.8555154204368591,
            -0.24711570143699646
        ],
        [
            -0.1366834044456482,
            -0.8472028970718384,
            -0.2345428466796875
        ],
        [
