{
    "pred_cam": [
        2.028568983078003,
        0.18734318017959595,
        0.4988304078578949
    ],
    "pred_smpl_params": {
        "global_orient": [
            [
                [
                    0.7514833807945251,
                    -0.02884523943066597,
                    -0.6591211557388306
                ],
                [
                    0.15275949239730835,
                    -0.9642874598503113,
                    0.21636585891246796
                ],
                [
                    -0.641823410987854,
                    -0.2632823586463928,
                    -0.7202396392822266
                ]
            ]
        ],
        "body_pose": [
            [
                [
                    0.9880820512771606,
                    -0.1168024018406868,
                    0.100255087018013
                ],
                [
                    0.07550959289073944,
                    0.935359537601471,
                    0.34554430842399597
                ],
                [
                    -0.1341349482536316,
                    -0.33385589718818665,
                    0.9330316781997681
                ]
            ],
            [
                [
                    0.9945864081382751,
                    0.04197907820343971,
                    0.09505599737167358
                ],
                [
                    -0.053387030959129333,
                    0.9912348985671997,
                    0.12084326148033142
                ],
                [
                    -0.08914994448423386,
                    -0.12526382505893707,
                    0.9881098866462708
                ]
            ],
            [
                [
                    0.9983115196228027,
                    0.0025388484355062246,
                    -0.05803181231021881
                ],
                [
                    -0.021238980814814568,
                    0.9458214640617371,
                    -0.323991596698761
                ],
                [
                    0.05406517535448074,
                    0.32467707991600037,
                    0.944278359413147
                ]
            ],
            [
                [
                    0.9853615164756775,
                    0.16966696083545685,
                    0.01661062054336071
                ],
                [
                    -0.09291133284568787,
                    0.6161640286445618,
                    -0.782118558883667
                ],
                [
                    -0.14293459057807922,
                    0.7691261172294617,
                    0.6229082942008972
                ]
            ],
            [
                [
                    0.9809415936470032,
                    0.03697053715586662,
                    0.19075337052345276
                ],
                [
                    0.11415934562683105,
                    0.6847567558288574,
                    -0.7197748422622681
                ],
                [
                    -0.15723012387752533,
                    0.7278333306312561,
                    0.6674858331680298
                ]
            ],
            [
                [
                    0.9941673278808594,
                    -0.058120716363191605,
                    -0.09084814041852951
                ],
                [
                    0.05630301684141159,
                    0.9981613755226135,
                    -0.022446760907769203
                ],
                [
                    0.09198572486639023,
                    0.017200810834765434,
                    0.9956117868423462
                ]
            ],
            [
                [
                    0.9777193069458008,
                    -0.04354789853096008,
                    0.20534959435462952
                ],
                [
                    0.02078426256775856,
                    0.9935207366943359,
                    0.11173413693904877
                ],
                [
                    -0.20888486504554749,
                    -0.1049765944480896,
                    0.972289502620697
                ]
            ],
            [
                [
                    0.981066107749939,
                    0.004402559250593185,
                    -0.19362345337867737
                ],
                [
                    0.022009270265698433,
                    0.9907307028770447,
                    0.1340453326702118
                ],
                [
                    0.1924188733100891,
                    -0.1357688307762146,
                    0.9718754291534424
                ]
            ],
            [
                [
                    0.995056688785553,
                    -0.03632655739784241,
                    -0.09242641925811768
                ],
                [
                    0.035319793969392776,
                    0.9992978572845459,
                    -0.012505716644227505
                ],
                [
                    0.09281580150127411,
                    0.009179415181279182,
                    0.9956410527229309
                ]
            ],
            [
                [
                    0.9936112761497498,
                    -0.05862656608223915,
                    0.0964343398809433
                ],
                [
                    0.04763771593570709,
                    0.9925034642219543,
                    0.11255040764808655
                ],
                [
                    -0.10230986028909683,
                    -0.10723744332790375,
                    0.9889554977416992
                ]
            ],
            [
                [
                    0.9937746524810791,
                    0.09061582386493683,
                    0.06481246650218964
                ],
                [
                    -0.09885109961032867,
                    0.985511302947998,
                    0.13782556354999542
                ],
                [
                    -0.05138424411416054,
                    -0.14337433874607086,
                    0.9883336424827576
                ]
            ],
            [
                [
                    0.9593573808670044,
                    -0.16535764932632446,
                    0.2286708503961563
                ],
                [
                    0.1517048180103302,
                    0.9854863286018372,
                    0.07617312669754028
                ],
                [
                    -0.23794780671596527,
                    -0.03838678076863289,
                    0.9705191254615784
                ]
            ],
            [
                [
                    0.8330733180046082,
                    0.33693236112594604,
                    -0.43870872259140015
                ],
                [
                    -0.3240545690059662,
                    0.9400149583816528,
                    0.10658598691225052
                ],
                [
                    0.4483049809932709,
                    0.0533716194331646,
                    0.8922858834266663
                ]
            ],
            [
                [
                    0.9223719835281372,
                    -0.3064752519130707,
                    0.2351657897233963
                ],
                [
                    0.2899692952632904,
                    0.9515083432197571,
                    0.10271143913269043
                ],
                [
                    -0.2552407383918762,
                    -0.026547279208898544,
                    0.9665130376815796
                ]
            ],
            [
                [
                    0.9791038632392883,
                    -0.024517107754945755,
                    0.20187780261039734
                ],
                [
                    0.06318256258964539,
                    0.9802520275115967,
                    -0.18738722801208496
                ],
                [
                    -0.1932969093322754,
                    0.19622668623924255,
                    0.9613175988197327
                ]
            ],
            [
                [
                    0.6415199041366577,
                    0.6433537006378174,
                    -0.4177897572517395
                ],
                [
                    -0.6216577291488647,
                    0.7551054954528809,
                    0.2082243412733078
                ],
                [
                    0.4494372010231018,
                    0.126142218708992,
                    0.8843610286712646
                ]
            ],
            [
                [
                    0.6135933995246887,
                    -0.6922662854194641,
                    0.37982961535453796
                ],
                [
                    0.7252974510192871,
                    0.6842852234840393,
                    0.07548084855079651
                ],
                [
                    -0.31216463446617126,
                    0.2291748821735382,
                    0.92197185754776
                ]
            ],
            [
                [
                    0.776897668838501,
                    -0.09834656864404678,
                    -0.6218986511230469
                ],
                [
                    0.05936634913086891,
                    0.9947672486305237,
                    -0.08314917236566544
                ],
                [
                    0.6268218159675598,
                    0.02767854556441307,
                    0.7786708474159241
                ]
            ],
            [
                [
                    0.2485109120607376,
                    0.35102012753486633,
                    0.9027886390686035
                ],
                [
                    -0.31574058532714844,
                    0.9104767441749573,
                    -0.2670954465866089
                ],
                [
                    -0.9157239198684692,
                    -0.2186708301305771,
                    0.3370946943759918
                ]
            ],
            [
                [
                    0.9935886263847351,
                    -0.10929560661315918,
                    0.028916457667946815
                ],
                [
                    0.11297330260276794,
                    0.9696246385574341,
                    -0.21694493293762207
                ],
                [
                    -0.004326983354985714,
                    0.21882079541683197,
                    0.975755512714386
                ]
            ],
            [
                [
                    0.9927034378051758,
                    0.1204165443778038,
                    -0.006300164386630058
                ],
                [
                    -0.12022779136896133,
                    0.9924391508102417,
                    0.02469058148562908
                ],
                [
                    0.009225686080753803,
                    -0.02375297248363495,
                    0.9996751546859741
                ]
            ],
            [
                [
                    0.9804889559745789,
                    0.1821596324443817,
                    -0.07388681173324585
                ],
                [
                    -0.16886231303215027,
                    0.9729244709014893,
                    0.1578080803155899
                ],
                [
                    0.10063255578279495,
                    -0.1422523856163025,
                    0.9847015738487244
                ]
            ],
            [
                [
                    0.9680389761924744,
                    -0.21590149402618408,
                    0.12762123346328735
                ],
                [
                    0.20136718451976776,
                    0.9724231362342834,
                    0.1176631823182106
                ],
                [
                    -0.14950548112392426,
                    -0.0882038101553917,
                    0.9848189949989319
                ]
            ]
        ],
        "betas": [
            0.10055218636989594,
            0.14645002782344818,
            -0.4423379898071289,
            -0.10983771085739136,
            0.1076323390007019,
            -0.08992236107587814,
            -0.11480274796485901,
            0.06314805150032043,
            0.15512293577194214,
            -0.06534460186958313
        ]
    },
    "pred_cam_t": [
        0.18734318017959595,
        0.4988304078578949,
        19.25618553161621
    ],
    "focal_length": [
        5000.0,
        5000.0
    ],
    "pred_keypoints_3d": [
        [
            -0.21885281801223755,
            -0.6952712535858154,
            -0.3034106492996216
        ],
        [
            -0.08986581116914749,
            -0.6747937202453613,
            -0.16081330180168152
        ],
        [
            -0.17438121140003204,
            -0.6238012909889221,
            0.016335494816303253
        ],
        [
            -0.21714845299720764,
            -0.39523613452911377,
            0.12995268404483795
        ],
        [
            -0.4056227207183838,
            -0.30581799149513245,
            -0.024263471364974976
        ],
        [
            0.003381265327334404,
            -0.540758490562439,
            -0.2762570381164551
        ],
        [
            -0.01894829235970974,
            -0.27630743384361267,
            -0.2781456708908081
        ],
        [
            -0.21303196251392365,
            -0.1145486831665039,
            -0.29539671540260315
        ],
        [
            -0.0018456773832440376,
            -0.22071436047554016,
            0.02699933387339115
        ],
        [
            -0.04614976420998573,
            -0.14531946182250977,
            0.09718050807714462
        ],
        [
            -0.10601113736629486,
            0.22378116846084595,
            0.20225204527378082
        ],
        [
            0.0561499148607254,
            0.42440542578697205,
            0.5148904323577881
        ],
        [
            0.057275399565696716,
            -0.12425205111503601,
            0.012198441661894321
        ],
        [
            0.04869303107261658,
            0.2540946900844574,
            -0.03052550181746483
        ],
        [
            0.14176231622695923,
            0.5000560879707336,
            0.2776913344860077
        ],
        [
            -0.2459336519241333,
            -0.738451361656189,
            -0.26847925782203674
        ],
        [
            -0.19671636819839478,
            -0.7519521713256836,
            -0.3116082549095154
        ],
        [
            -0.2228272557258606,
            -0.7635834217071533,
            -0.16883514821529388
        ],
        [
            -0.11552652716636658,
            -0.7927627563476562,
            -0.2655610740184784
        ],
        [
            0.10717082023620605,
            0.6663258671760559,
            0.16715440154075623
        ],
        [
            0.18226903676986694,
            0.6388139724731445,
            0.18883958458900452
        ],
        [
            0.17295117676258087,
            0.4868525266647339,
            0.33936816453933716
        ],
        [
            -0.012696728110313416,
            0.5957581400871277,
            0.44126302003860474
        ],
        [
            -0.05402586609125137,
            0.5573904514312744,
            0.5084046125411987
        ],
        [
            0.09177720546722412,
            0.41074463725090027,
            0.5776103734970093
        ],
        [
            0.030668076127767563,
            0.3703663945198059,
            0.5008373260498047
        ],
        [
            -0.1037295013666153,
            0.16634051501750946,
            0.17728056013584137
        ],
        [
            -0.10539910942316055,
            -0.2766287922859192,
            0.12031306326389313
        ],
        [
            0.1265120953321457,
            -0.2224278301000595,
            -0.0482962466776371
        ],
        [
            0.057079292833805084,
            0.21639777719974518,
            -0.042301759123802185
        ],
        [
            0.15045906603336334,
            0.45811623334884644,
            0.26627683639526367
        ],
        [
            -0.38587430119514465,
            -0.3352341055870056,
            -0.03399595618247986
        ],
        [
            -0.24739117920398712,
            -0.42602023482322693,
            0.12485302984714508
        ],
        [
            -0.16074568033218384,
            -0.6441324949264526,
            -0.018936732783913612
        ],
        [
            -0.002605317160487175,
            -0.5831458568572998,
            -0.26570984721183777
        ],
        [
            -0.03582862764596939,
            -0.3025875687599182,
            -0.3156297206878662
        ],
        [
            -0.2145104706287384,
            -0.13265126943588257,
            -0.3022468686103821
        ],
        [
            -0.09415337443351746,
            -0.6643268465995789,
            -0.16346392035484314
        ],
        [
            -0.19887705147266388,
            -0.8161215782165527,
            -0.24484950304031372
        ],
        [
            0.01080366875976324,
            -0.24950577318668365,
            0.03550565987825394
        ],
        [
            -0.08235354721546173,
            -0.6110796332359314,
            -0.1402462124824524
        ],
        [
            -0.011597518809139729,
            -0.471936970949173,
            -0.049061790108680725
        ],
        [
            -0.1641046553850174,
            -0.7091352343559265,
            -0.2433055341243744
        ],
        [
            -0.20573481917381287,
            -0.8359779119491577,
            -0.24037018418312073
        ]
    ],
    "pred_vertices": [
        [
            -0.20943892002105713,
            -0.7936536073684692,
            -0.3313801884651184
        ],
        [
            -0.21073530614376068,
            -0.7777741551399231,
            -0.3283078074455261
        ],
        [
            -0.19671639800071716,
            -0.781150221824646,
            -0.3279534578323364
        ],
        [
            -0.19265784323215485,
            -0.7954902648925781,
            -0.3270686864852905
        ],
        [
            -0.19820445775985718,
            -0.7698109149932861,
            -0.3275359570980072
        ],
        [
            -0.20945586264133453,
            -0.7659603357315063,
            -0.32628604769706726
        ],
        [
            -0.18371906876564026,
            -0.781853199005127,
            -0.3233277499675751
        ],
        [
            -0.17782367765903473,
            -0.7939714789390564,
            -0.32040369510650635
        ],
        [
            -0.15810997784137726,
            -0.757325291633606,
            -0.30913710594177246
        ],
        [
            -0.14838267862796783,
            -0.7585901618003845,
            -0.30381935834884644
        ],
        [
            -0.1549002230167389,
            -0.7682809829711914,
            -0.30797815322875977
        ],
        [
            -0.16328376531600952,
            -0.7642683386802673,
            -0.3114590048789978
        ],
        [
            -0.1456325650215149,
            -0.7360641956329346,
            -0.2996976375579834
        ],
        [
            -0.1504104882478714,
            -0.7230468988418579,
            -0.29936009645462036
        ],
        [
            -0.14014370739459991,
            -0.7199643850326538,
            -0.29145002365112305
        ],
        [
            -0.13550347089767456,
            -0.7327529191970825,
            -0.290201336145401
        ],
        [
            -0.19173985719680786,
            -0.718062162399292,
            -0.3001314699649811
        ],
        [
            -0.18439170718193054,
            -0.7138938307762146,
            -0.30095434188842773
        ],
        [
            -0.1839384138584137,
            -0.7209552526473999,
            -0.30428892374038696
        ],
        [
            -0.19139434397220612,
            -0.7243881225585938,
            -0.302560955286026
        ],
        [
            -0.20589855313301086,
            -0.721788763999939,
            -0.30155646800994873
        ],
        [
            -0.20585249364376068,
            -0.7283601760864258,
            -0.3010084629058838
        ],
        [
            -0.2136169970035553,
            -0.7283902764320374,
            -0.303021103143692
        ],
        [
            -0.21325364708900452,
            -0.7209025621414185,
            -0.3044857978820801
        ],
        [
            -0.1936018168926239,
            -0.712070882320404,
            -0.29578691720962524
        ],
        [
            -0.18567249178886414,
            -0.7080820202827454,
            -0.29641637206077576
        ],
        [
            -0.1984594762325287,
            -0.7213186025619507,
            -0.2998243570327759
        ],
        [
            -0.19907870888710022,
            -0.715907096862793,
            -0.2993852496147156
        ],
        [
            -0.20379303395748138,
            -0.70530104637146,
            -0.30369383096694946
        ],
        [
            -0.20395533740520477,
            -0.7104936838150024,
            -0.3047674894332886
        ],
        [
            -0.2104041427373886,
            -0.7076046466827393,
            -0.3080586791038513
        ],
        [
            -0.20858505368232727,
            -0.7027416229248047,
            -0.3053657114505768
        ],
        [
            -0.1968448907136917,
            -0.7094689607620239,
            -0.2985021471977234
        ],
        [
            -0.19907070696353912,
            -0.7109649181365967,
            -0.3015821576118469
        ],
        [
            -0.20048731565475464,
            -0.7061114311218262,
            -0.30084508657455444
        ],
        [
            -0.1990376114845276,
            -0.7053033709526062,
            -0.29708361625671387
        ],
        [
            -0.20591261982917786,
            -0.7167375087738037,
            -0.3023465871810913
        ],
        [
            -0.21235889196395874,
            -0.7145804166793823,
            -0.3062514066696167
        ],
        [
            -0.2194616049528122,
            -0.7117897272109985,
            -0.309304416179657
        ],
        [
            -0.2168530970811844,
            -0.7031648755073547,
            -0.3102176785469055
        ],
        [
            -0.16737070679664612,
            -0.707236111164093,
            -0.2992509603500366
        ],
        [
            -0.1761334240436554,
            -0.7104400396347046,
            -0.3011956810951233
        ],
        [
            -0.17785589396953583,
            -0.7046724557876587,
            -0.29729437828063965
        ],
        [
            -0.17052647471427917,
            -0.7020384669303894,
            -0.2966361939907074
        ],
        [
            -0.19504499435424805,
            -0.704306960105896,
            -0.29450860619544983
        ],
        [
            -0.1854632943868637,
            -0.6911722421646118,
            -0.2925682067871094
        ],
        [
            -0.18699468672275543,
            -0.6944469213485718,
            -0.29391151666641235
        ],
        [
            -0.19381530582904816,
            -0.692230224609375,
            -0.29333847761154175
        ],
        [
            -0.19182072579860687,
            -0.689391553401947,
            -0.292292058467865
        ],
        [
            -0.15323324501514435,
            -0.6996376514434814,
            -0.291934072971344
        ],
        [
            -0.15902137756347656,
            -0.695340633392334,
            -0.2917461693286896
        ],
        [
            -0.15446560084819794,
            -0.6906218528747559,
            -0.2881104350090027
        ],
        [
            -0.14817778766155243,
            -0.6940693855285645,
            -0.28668075799942017
        ],
        [
            -0.15350845456123352,
            -0.6854044198989868,
            -0.2841741144657135
        ],
        [
            -0.14449559152126312,
            -0.6881668567657471,
            -0.28122276067733765
        ],
        [
            -0.14535462856292725,
            -0.6735445261001587,
            -0.2715379297733307
        ],
        [
            -0.1443902552127838,
            -0.680165708065033,
            -0.276089608669281
        ],
        [
            -0.1542108952999115,
            -0.6793804168701172,
            -0.2804078459739685
        ],
        [
            -0.15744034945964813,
            -0.672218918800354,
            -0.27791106700897217
        ],
        [
            -0.1721583604812622,
            -0.6703379154205322,
            -0.2783537209033966
        ],
        [
            -0.17721068859100342,
            -0.6669080853462219,
            -0.27640050649642944
        ],
        [
            -0.16761453449726105,
            -0.6582728624343872,
            -0.2738518714904785
        ],
        [
            -0.16263024508953094,
            -0.6641079187393188,
            -0.27595236897468567
        ],
        [
            -0.1811058223247528,
            -0.6879580616950989,
            -0.2874399423599243
        ],
        [
            -0.17686861753463745,
            -0.6901244521141052,
            -0.2877613306045532
        ],
        [
            -0.17832939326763153,
            -0.6903735995292664,
            -0.29013684391975403
        ],
        [
            -0.18343323469161987,
            -0.6890362501144409,
            -0.29036009311676025
        ],
        [
            -0.17321103811264038,
            -0.6914697885513306,
            -0.288530170917511
        ],
        [
            -0.17149093747138977,
            -0.69190514087677,
            -0.28890877962112427
        ],
        [
            -0.17274066805839539,
            -0.6924175024032593,
            -0.2900683879852295
        ],
        [
            -0.17390917241573334,
            -0.6919289827346802,
            -0.28917646408081055
        ],
        [
            -0.1755429208278656,
            -0.6909217238426208,
            -0.288327157497406
        ],
        [
            -0.1756613552570343,
            -0.6888986825942993,
            -0.287392258644104
        ],
        [
            -0.1737891435623169,
            -0.6903592348098755,
            -0.2881265878677368
        ],
        [
            -0.17924082279205322,
            -0.6861465573310852,
            -0.2870926856994629
        ],
        [
            -0.19126707315444946,
            -0.677975058555603,
            -0.2847703695297241
        ],
        [
            -0.1879667043685913,
            -0.6798156499862671,
            -0.28614020347595215
        ],
        [
            -0.19055114686489105,
            -0.683777391910553,
            -0.2857619524002075
        ],
        [
            -0.1935003697872162,
            -0.6824806928634644,
            -0.28467923402786255
        ],
        [
            -0.17571796476840973,
            -0.6929441690444946,
            -0.2910071313381195
        ],
        [
            -0.17420241236686707,
            -0.695010781288147,
            -0.29248321056365967
        ],
        [
            -0.17982995510101318,
            -0.6950443983078003,
            -0.29353067278862
        ],
        [
            -0.17925947904586792,
            -0.6926695108413696,
            -0.2916199564933777
        ],
        [
            -0.17293493449687958,
            -0.6974215507507324,
            -0.2944962680339813
        ],
        [
            -0.17128653824329376,
            -0.6942738890647888,
            -0.2912956774234772
        ],
        [
            -0.16904178261756897,
            -0.6958259344100952,
            -0.2928697168827057
        ],
        [
            -0.17119351029396057,
            -0.6903035640716553,
            -0.2880566418170929
        ],
        [
            -0.16777804493904114,
            -0.6901373267173767,
            -0.2880769968032837
        ],
        [
            -0.16887488961219788,
            -0.6920214891433716,
            -0.2900102734565735
        ],
        [
            -0.16812574863433838,
            -0.6867153644561768,
            -0.28617265820503235
        ],
        [
            -0.17276225984096527,
            -0.6877152919769287,
            -0.2866518497467041
        ],
        [
            -0.1758507639169693,
            -0.6841393709182739,
            -0.2860150933265686
        ],
        [
            -0.1801895797252655,
            -0.6801849603652954,
            -0.2853907346725464
        ],
        [
            -0.17487621307373047,
            -0.6779353022575378,
            -0.28307998180389404
        ],
        [
            -0.1707143783569336,
            -0.6823992729187012,
            -0.28452563285827637
        ],
        [
            -0.17962321639060974,
            -0.699214518070221,
            -0.29525208473205566
        ],
        [
            -0.16459789872169495,
            -0.6933484077453613,
            -0.29080498218536377
        ],
        [
            -0.1648092418909073,
            -0.6996632218360901,
            -0.2944875955581665
        ],
        [
            -0.1621328890323639,
            -0.6897359490394592,
            -0.2884405255317688
        ],
        [
            -0.1616617888212204,
            -0.6855658292770386,
            -0.2855329215526581
        ],
        [
            -0.16367754340171814,
            -0.6804999113082886,
            -0.28265535831451416
        ],
        [
            -0.16761824488639832,
            -0.6751594543457031,
            -0.280561625957489
        ],
        [
            -0.15709862112998962,
            -0.6563490629196167,
            -0.26392996311187744
        ],
        [
            -0.1515660583972931,
            -0.6636331677436829,
            -0.2679309844970703
        ],
        [
            -0.2063474953174591,
            -0.7606828808784485,
            -0.3207639753818512
        ],
        [
            -0.1981274038553238,
            -0.7628551721572876,
            -0.32398951053619385
        ],
        [
            -0.19207380712032318,
            -0.7583445906639099,
            -0.31856581568717957
        ],
        [
            -0.1917402297258377,
            -0.7609800696372986,
            -0.3200741708278656
        ],
        [
            -0.19786205887794495,
            -0.7594856023788452,
            -0.3197462856769562
        ],
        [
            -0.19661416113376617,
            -0.7571314573287964,
            -0.31818848848342896
        ],
        [
            -0.17151665687561035,
            -0.7621650695800781,
            -0.31281548738479614
        ],
        [
            -0.1780889630317688,
            -0.76053786277771,
            -0.3139769434928894
        ],
        [
            -0.1754840761423111,
            -0.7579323053359985,
            -0.31179970502853394
        ],
        [
            -0.16704334318637848,
            -0.757038950920105,
            -0.3112577497959137
        ],
        [
            -0.18089042603969574,
            -0.7466510534286499,
            -0.3102544844150543
        ],
        [
            -0.17677295207977295,
            -0.7501106262207031,
            -0.31072020530700684
        ],
        [
            -0.18388642370700836,
            -0.7538070678710938,
            -0.31265515089035034
        ],
        [
            -0.18690356612205505,
            -0.7513349652290344,
            -0.3123083710670471
        ],
        [
            -0.19037848711013794,
            -0.749274730682373,
            -0.3113664388656616
        ],
        [
            -0.1940985918045044,
            -0.7477290034294128,
            -0.309772253036499
        ],
        [
            -0.19124092161655426,
            -0.7436168193817139,
            -0.3079236149787903
        ],
        [
            -0.1861792504787445,
            -0.744744062423706,
            -0.30925828218460083
        ],
        [
            -0.2039714902639389,
            -0.7585703134536743,
            -0.31706559658050537
        ],
        [
            -0.20903967320919037,
            -0.7563132643699646,
            -0.31230348348617554
        ],
        [
            -0.20629121363162994,
            -0.7543461322784424,
            -0.3118100166320801
        ],
        [
            -0.20211654901504517,
            -0.7558455467224121,
            -0.3160918354988098
        ],
        [
            -0.20868203043937683,
            -0.7489545345306396,
            -0.300214022397995
        ],
        [
            -0.20936092734336853,
            -0.750704824924469,
            -0.30246108770370483
        ],
        [
            -0.21329854428768158,
            -0.7506341934204102,
            -0.30166083574295044
        ],
        [
            -0.21146664023399353,
            -0.7471046447753906,
            -0.29932329058647156
        ],
        [
            -0.20838689804077148,
            -0.7449948787689209,
            -0.2998865842819214
        ],
        [
            -0.207157164812088,
            -0.7476027607917786,
            -0.30087578296661377
        ],
        [
            -0.2252473086118698,
            -0.810762882232666,
            -0.33003395795822144
        ],
        [
            -0.22574152052402496,
            -0.7919600009918213,
            -0.3291211724281311
        ],
        [
            -0.20493489503860474,
            -0.8145881295204163,
            -0.3277314007282257
        ],
        [
            -0.1876407265663147,
            -0.8133152723312378,
            -0.3221694827079773
        ],
        [
            -0.17188413441181183,
            -0.8073230981826782,
            -0.31629419326782227
        ],
        [
            -0.146603524684906,
            -0.7083544731140137,
            -0.2919261157512665
        ],
        [
            -0.13902762532234192,
            -0.7037215232849121,
            -0.2855762839317322
        ],
        [
            -0.1305854320526123,
            -0.7172050476074219,
            -0.2832837998867035
        ],
        [
            -0.1255943924188614,
            -0.70972740650177,
            -0.275845468044281
        ],
        [
            -0.13448962569236755,
            -0.6958678364753723,
            -0.27860623598098755
        ],
        [
            -0.13619230687618256,
            -0.6774573922157288,
            -0.2628331184387207
        ],
        [
            -0.13333141803741455,
            -0.686384916305542,
            -0.27104055881500244
        ],
        [
            -0.12272529304027557,
            -0.7018525004386902,
            -0.2664295732975006
        ],
        [
            -0.11464987695217133,
            -0.7213444113731384,
            -0.2637736201286316
        ],
        [
            -0.11940470337867737,
            -0.7251368761062622,
            -0.27299797534942627
        ],
        [
            -0.11232708394527435,
            -0.7414295077323914,
            -0.2612348198890686
        ],
        [
            -0.11042644828557968,
            -0.7178452014923096,
            -0.25074681639671326
        ],
        [
            -0.11073571443557739,
            -0.7437411546707153,
            -0.2530858814716339
        ],
        [
            -0.11238791793584824,
            -0.6802747249603271,
            -0.23339208960533142
        ],
        [
            -0.10549934208393097,
            -0.6711401343345642,
            -0.22883889079093933
        ],
        [
            -0.0920526385307312,
            -0.6840797662734985,
            -0.23117782175540924
        ],
        [
            -0.09903238713741302,
            -0.6936712265014648,
            -0.23530106246471405
        ],
        [
            -0.12579774856567383,
            -0.7292543649673462,
            -0.28144270181655884
        ],
        [
            -0.15468956530094147,
            -0.7809314131736755,
            -0.3066941201686859
        ],
        [
            -0.16267621517181396,
            -0.7751699686050415,
            -0.31215202808380127
        ],
        [
            -0.1458912342786789,
            -0.772160530090332,
            -0.3015933036804199
        ],
        [
            -0.1704322248697281,
            -0.8414804935455322,
            -0.30916380882263184
        ],
        [
            -0.18045705556869507,
            -0.8284723162651062,
            -0.31786876916885376
        ],
        [
            -0.16545166075229645,
            -0.8200236558914185,
            -0.3127311170101166
        ],
        [
            -0.15801994502544403,
            -0.8333877325057983,
            -0.3051692545413971
        ],
        [
            -0.21074333786964417,
            -0.8608678579330444,
            -0.3093850016593933
        ],
        [
            -0.21861085295677185,
            -0.8376747369766235,
            -0.3233436942100525
        ],
        [
            -0.20102567970752716,
            -0.834370493888855,
            -0.3213168978691101
        ],
        [
            -0.19272544980049133,
            -0.8528812527656555,
            -0.31137460470199585
        ],
        [
            -0.1507313847541809,
            -0.8410582542419434,
            -0.2966729998588562
        ],
        [
            -0.14259812235832214,
            -0.850956916809082,
            -0.28352633118629456
        ],
        [
            -0.1493946611881256,
            -0.866477370262146,
            -0.2801635265350342
        ],
        [
            -0.16123220324516296,
            -0.8560086488723755,
            -0.2960231900215149
        ],
        [
            -0.16463443636894226,
            -0.8848762512207031,
            -0.27360957860946655
        ],
        [
            -0.17909479141235352,
            -0.8721708059310913,
            -0.2930115759372711
        ],
        [
            -0.10181727260351181,
            -0.7354030609130859,
            -0.2417188137769699
        ],
        [
            -0.10669232904911041,
            -0.7537126541137695,
            -0.24510520696640015
        ],
        [
            -0.10752318799495697,
            -0.7039202451705933,
            -0.24141152203083038
        ],
        [
            -0.09658952802419662,
            -0.7192672491073608,
            -0.23775959014892578
        ],
        [
            -0.18255876004695892,
            -0.8962759375572205,
            -0.2628123164176941
        ],
        [
            -0.1996268630027771,
            -0.8828641176223755,
            -0.2867376208305359
        ],
        [
            -0.11810719966888428,
            -0.8538881540298462,
            -0.23493842780590057
        ],
        [
            -0.12781226634979248,
            -0.8653783798217773,
            -0.24675849080085754
        ],
        [
            -0.12453799694776535,
            -0.848186194896698,
            -0.25898411870002747
        ],
        [
            -0.1157849058508873,
            -0.8396573066711426,
            -0.24647769331932068
        ],
        [
