{
    "pred_cam": [
        1.9262738227844238,
        0.19092196226119995,
        0.5067722201347351
    ],
    "pred_smpl_params": {
        "global_orient": [
            [
                [
                    0.7987459897994995,
                    0.008991253562271595,
                    -0.6016013026237488
                ],
                [
                    0.13359154760837555,
                    -0.9775800704956055,
                    0.16275902092456818
                ],
                [
                    -0.5866500735282898,
                    -0.2103719264268875,
                    -0.7820393443107605
                ]
            ]
        ],
        "body_pose": [
            [
                [
                    0.9866745471954346,
                    -0.12400191277265549,
                    0.10534180700778961
                ],
                [
                    0.08066414296627045,
                    0.9350672364234924,
                    0.3451703190803528
                ],
                [
                    -0.14130344986915588,
                    -0.332073450088501,
                    0.9326095581054688
                ]
            ],
            [
                [
                    0.9937244653701782,
                    0.0009838774567469954,
                    0.11185148358345032
                ],
                [
                    -0.019213983789086342,
                    0.9865995645523071,
                    0.16202473640441895
                ],
                [
                    -0.11019322276115417,
                    -0.16315706074237823,
                    0.9804270267486572
                ]
            ],
            [
                [
                    0.9974815845489502,
                    0.00976674072444439,
                    -0.07025020569562912
                ],
                [
                    -0.03334922716021538,
                    0.9387379884719849,
                    -0.34301432967185974
                ],
                [
                    0.0625964030623436,
                    0.3444932699203491,
                    0.9366995692253113
                ]
            ],
            [
                [
                    0.9877758622169495,
                    0.15444916486740112,
                    0.021078772842884064
                ],
                [
                    -0.08020097017288208,
                    0.6194970607757568,
                    -0.7808912992477417
                ],
                [
                    -0.1336662471294403,
                    0.7696549892425537,
                    0.6243112087249756
                ]
            ],
            [
                [
                    0.981377899646759,
                    0.0291347187012434,
                    0.18986476957798004
                ],
                [
                    0.12410379201173782,
                    0.6582692861557007,
                    -0.7424822449684143
                ],
                [
                    -0.1466141641139984,
                    0.7522185444831848,
                    0.6423951983451843
                ]
            ],
            [
                [
                    0.9933754801750183,
                    -0.050038255751132965,
                    -0.10344728082418442
                ],
                [
                    0.04782893881201744,
                    0.9985736608505249,
                    -0.023729845881462097
                ],
                [
                    0.10448712110519409,
                    0.01862487383186817,
                    0.994351863861084
                ]
            ],
            [
                [
                    0.97524493932724,
                    -0.045060884207487106,
                    0.2164875864982605
                ],
                [
                    0.022788170725107193,
                    0.9942849278450012,
                    0.10429849475622177
                ],
                [
                    -0.2199501246213913,
                    -0.09678322076797485,
                    0.9706981778144836
                ]
            ],
            [
                [
                    0.9802006483078003,
                    0.01066618412733078,
                    -0.19771943986415863
                ],
                [
                    0.016807107254862785,
                    0.9904625415802002,
                    0.1367534101009369
                ],
                [
                    0.19729234278202057,
                    -0.13736887276172638,
                    0.9706727862358093
                ]
            ],
            [
                [
                    0.9943005442619324,
                    -0.03233901038765907,
                    -0.10159097611904144
                ],
                [
                    0.03140086308121681,
                    0.999448299407959,
                    -0.010820673778653145
                ],
                [
                    0.1018848568201065,
                    0.007568956818431616,
                    0.9947674870491028
                ]
            ],
            [
                [
                    0.9956436157226562,
                    -0.0535774864256382,
                    0.07631027698516846
                ],
                [
                    0.04550084471702576,
                    0.9935457706451416,
                    0.10390566289424896
                ],
                [
                    -0.08138476312160492,
                    -0.09998082369565964,
                    0.9916553497314453
                ]
            ],
            [
                [
                    0.9942853450775146,
                    0.09013472497463226,
                    0.057205550372600555
                ],
                [
                    -0.09697436541318893,
                    0.986637532711029,
                    0.13092923164367676
                ],
                [
                    -0.044639866799116135,
                    -0.13572846353054047,
                    0.9897400140762329
                ]
            ],
            [
                [
                    0.9615678787231445,
                    -0.1634032130241394,
                    0.22065044939517975
                ],
                [
                    0.14937354624271393,
                    0.9856235384941101,
                    0.07895407825708389
                ],
                [
                    -0.2303796410560608,
                    -0.04296036437153816,
                    0.972152054309845
                ]
            ],
            [
                [
                    0.792330801486969,
                    0.3464125096797943,
                    -0.5022053718566895
                ],
                [
                    -0.3254862427711487,
                    0.9362472891807556,
                    0.13228647410869598
                ],
                [
                    0.5160140991210938,
                    0.05864628776907921,
                    0.8545700907707214
                ]
            ],
            [
                [
                    0.9229555130004883,
                    -0.28943803906440735,
                    0.2537297010421753
                ],
                [
                    0.27009326219558716,
                    0.9566648006439209,
                    0.10882104188203812
                ],
                [
                    -0.2742312252521515,
                    -0.03190629929304123,
                    0.9611343145370483
                ]
            ],
            [
                [
                    0.9765923023223877,
                    -0.03669445216655731,
                    0.21194592118263245
                ],
                [
                    0.07648400962352753,
                    0.9801859259605408,
                    -0.18271777033805847
                ],
                [
                    -0.20104166865348816,
                    0.19465123116970062,
                    0.9600485563278198
                ]
            ],
            [
                [
                    0.6105940341949463,
                    0.6486541032791138,
                    -0.4543376863002777
                ],
                [
                    -0.606444239616394,
                    0.7519294023513794,
                    0.25851014256477356
                ],
                [
                    0.5093135833740234,
                    0.1176857054233551,
                    0.8524961471557617
                ]
            ],
            [
                [
                    0.639593780040741,
                    -0.6835905909538269,
                    0.3516015112400055
                ],
                [
                    0.7048441767692566,
                    0.7040494680404663,
                    0.08665414154529572
                ],
                [
                    -0.3067808747291565,
                    0.19240084290504456,
                    0.9321305155754089
                ]
            ],
            [
                [
                    0.8724129796028137,
                    -0.06175801903009415,
                    -0.48485201597213745
                ],
                [
                    0.04823921620845795,
                    0.9980215430259705,
                    -0.04032425582408905
                ],
                [
                    0.4863830804824829,
                    0.011790516786277294,
                    0.8736661076545715
                ]
            ],
            [
                [
                    0.37547144293785095,
                    0.3323942720890045,
                    0.8651792407035828
                ],
                [
                    -0.3434293568134308,
                    0.9169256687164307,
                    -0.20323288440704346
                ],
                [
                    -0.8608585000038147,
                    -0.2208198606967926,
                    0.4584333598613739
                ]
            ],
            [
                [
                    0.9951068758964539,
                    -0.09069657325744629,
                    0.039196763187646866
                ],
                [
                    0.09690992534160614,
                    0.9732475280761719,
                    -0.20832140743732452
                ],
                [
                    -0.019254112616181374,
                    0.21110063791275024,
                    0.9772747159004211
                ]
            ],
            [
                [
                    0.9945136904716492,
                    0.1013178601861,
                    -0.026023047044873238
                ],
                [
                    -0.10037832707166672,
                    0.9943271279335022,
                    0.0351797454059124
                ],
                [
                    0.029439762234687805,
                    -0.03237459063529968,
                    0.9990420341491699
                ]
            ],
            [
                [
                    0.9822438955307007,
                    0.17061911523342133,
                    -0.07801352441310883
                ],
                [
                    -0.15702252089977264,
                    0.9752228260040283,
                    0.15583491325378418
                ],
                [
                    0.10266897082328796,
                    -0.1408180147409439,
                    0.984697699546814
                ]
            ],
            [
                [
                    0.9704444408416748,
                    -0.20631179213523865,
                    0.12519215047359467
                ],
                [
                    0.191421777009964,
                    0.9739882349967957,
                    0.12126228213310242
                ],
                [
                    -0.1469535380601883,
                    -0.09371379762887955,
                    0.9846940636634827
                ]
            ]
        ],
        "betas": [
            0.1561669111251831,
            0.1843092143535614,
            -0.4639217257499695,
            -0.0890759825706482,
            0.08313894271850586,
            -0.09939161688089371,
            -0.11620649695396423,
            0.06450900435447693,
            0.1541587859392166,
            -0.07949274778366089
        ]
    },
    "pred_cam_t": [
        0.19092196226119995,
        0.5067722201347351,
        20.278789520263672
    ],
    "focal_length": [
        5000.0,
        5000.0
    ],
    "pred_keypoints_3d": [
        [
            -0.1872747540473938,
            -0.7119075059890747,
            -0.30173051357269287
        ],
        [
            -0.06703944504261017,
            -0.6832417845726013,
            -0.15247634053230286
        ],
        [
            -0.1651877611875534,
            -0.632952094078064,
            0.017043035477399826
        ],
        [
            -0.2326948195695877,
            -0.40771985054016113,
            0.1273212730884552
        ],
        [
            -0.43025296926498413,
            -0.3105909824371338,
            -0.011979490518569946
        ],
        [
            0.022416777908802032,
            -0.5450223088264465,
            -0.2654152810573578
        ],
        [
            -0.04155346751213074,
            -0.2864536643028259,
            -0.26447564363479614
        ],
        [
            -0.2338314950466156,
            -0.12104968726634979,
            -0.2838239073753357
        ],
        [
            -0.0019109039567410946,
            -0.2213609218597412,
            0.026816923171281815
        ],
        [
            -0.05282938480377197,
            -0.14312928915023804,
            0.08879442512989044
        ],
        [
            -0.12455770373344421,
            0.23571103811264038,
            0.1466180384159088
        ],
        [
            0.013416066765785217,
            0.46088913083076477,
            0.4563075602054596
        ],
        [
            0.056391093879938126,
            -0.12454866617918015,
            0.011649297550320625
        ],
        [
            0.04772196710109711,
            0.2519051134586334,
            -0.054283007979393005
        ],
        [
            0.11617234349250793,
            0.5195361375808716,
            0.24440233409404755
        ],
        [
            -0.21484524011611938,
            -0.7549335360527039,
            -0.26686716079711914
        ],
        [
            -0.1629488319158554,
            -0.7680553197860718,
            -0.3068898320198059
        ],
        [
            -0.19645877182483673,
            -0.7764886617660522,
            -0.16534331440925598
        ],
        [
            -0.08303003013134003,
            -0.8048853874206543,
            -0.2552279233932495
        ],
        [
            0.09190008044242859,
            0.6795462369918823,
            0.12152168154716492
        ],
        [
            0.16549481451511383,
            0.653545081615448,
            0.15045401453971863
        ],
        [
            0.1423831582069397,
            0.5102741718292236,
            0.309594988822937
        ],
        [
            -0.047673504799604416,
            0.6272187829017639,
            0.36337506771087646
        ],
        [
            -0.09469415247440338,
            0.5936950445175171,
            0.4295453429222107
        ],
        [
            0.04313215613365173,
            0.45214152336120605,
            0.5231249332427979
        ],
        [
            -0.011670657433569431,
            0.4058086574077606,
            0.4443456530570984
        ],
        [
            -0.11981736123561859,
            0.1762499362230301,
            0.12795649468898773
        ],
        [
            -0.11116770654916763,
            -0.2743780016899109,
            0.11542487144470215
        ],
        [
            0.13193897902965546,
            -0.2247362583875656,
            -0.03701302036643028
        ],
        [
            0.05739135295152664,
            0.21351274847984314,
            -0.0631493479013443
        ],
        [
            0.12557820975780487,
            0.4768647253513336,
            0.23673495650291443
        ],
        [
            -0.41097331047058105,
            -0.338552862405777,
            -0.025061000138521194
        ],
        [
            -0.2596513628959656,
            -0.4401988387107849,
            0.1211606040596962
        ],
        [
            -0.1483260989189148,
            -0.6535300016403198,
            -0.015893932431936264
        ],
        [
            0.01901959255337715,
            -0.5878934860229492,
            -0.2545231878757477
        ],
        [
            -0.05340355634689331,
            -0.31293439865112305,
            -0.3024975657463074
        ],
        [
            -0.23566153645515442,
            -0.13825947046279907,
            -0.29146283864974976
        ],
        [
            -0.07197479158639908,
            -0.6725887060165405,
            -0.1560094952583313
        ],
        [
            -0.16688399016857147,
            -0.8302730321884155,
            -0.23867839574813843
        ],
        [
            0.010562307201325893,
            -0.2494727075099945,
            0.038677796721458435
        ],
        [
            -0.06516139209270477,
            -0.6182414889335632,
            -0.13323251903057098
        ],
        [
            -0.0016760379076004028,
            -0.4762352705001831,
            -0.03933466598391533
        ],
        [
            -0.13539224863052368,
            -0.7222528457641602,
            -0.23817753791809082
        ],
        [
            -0.17331412434577942,
            -0.8502230644226074,
            -0.2339189648628235
        ]
    ],
    "pred_vertices": [
        [
            -0.17321592569351196,
            -0.8105911016464233,
            -0.32594937086105347
        ],
        [
            -0.1751725673675537,
            -0.7946854829788208,
            -0.3235790729522705
        ],
        [
            -0.16109755635261536,
            -0.7976321578025818,
            -0.32232409715652466
        ],
        [
            -0.15670157968997955,
            -0.8118346929550171,
            -0.3207181394100189
        ],
        [
            -0.16292649507522583,
            -0.7863428592681885,
            -0.32242655754089355
        ],
        [
            -0.17438335716724396,
            -0.7828373908996582,
            -0.3218645453453064
        ],
        [
            -0.14835214614868164,
            -0.7978336811065674,
            -0.3170020580291748
        ],
        [
            -0.14226248860359192,
            -0.8095823526382446,
            -0.31332826614379883
        ],
        [
            -0.12436476349830627,
            -0.772061824798584,
            -0.3021705150604248
        ],
        [
            -0.11493037641048431,
            -0.7728805541992188,
            -0.29632478952407837
        ],
        [
            -0.12091054767370224,
            -0.7829035520553589,
            -0.3005456328392029
        ],
        [
            -0.12917448580265045,
            -0.7792494297027588,
            -0.3045932650566101
        ],
        [
            -0.11299928277730942,
            -0.7500815391540527,
            -0.2927449345588684
        ],
        [
            -0.11821728944778442,
            -0.7372581958770752,
            -0.29303500056266785
        ],
        [
            -0.10845528542995453,
            -0.733597993850708,
            -0.28470516204833984
        ],
        [
            -0.10348649322986603,
            -0.746200442314148,
            -0.28285104036331177
        ],
        [
            -0.1596483588218689,
            -0.7336979508399963,
            -0.29616889357566833
        ],
        [
            -0.15239077806472778,
            -0.7292981147766113,
            -0.2967164218425751
        ],
        [
            -0.1515292525291443,
            -0.7364507913589478,
            -0.29977089166641235
        ],
        [
            -0.15897229313850403,
            -0.7400836944580078,
            -0.29837244749069214
        ],
        [
            -0.1736125349998474,
            -0.7379519939422607,
            -0.29832565784454346
        ],
        [
            -0.1733781397342682,
            -0.7445045709609985,
            -0.29756975173950195
        ],
        [
            -0.18102744221687317,
            -0.7448323965072632,
            -0.3000364899635315
        ],
        [
            -0.18082447350025177,
            -0.7373702526092529,
            -0.3017169237136841
        ],
        [
            -0.16196468472480774,
            -0.7276102304458618,
            -0.29217466711997986
        ],
        [
            -0.15411542356014252,
            -0.7233569622039795,
            -0.2924996614456177
        ],
        [
            -0.1662926822900772,
            -0.7371752262115479,
            -0.29614484310150146
        ],
        [
            -0.1671176254749298,
            -0.7317769527435303,
            -0.29596489667892456
        ],
        [
            -0.17191782593727112,
            -0.7214270830154419,
            -0.3008992075920105
        ],
        [
            -0.1718541979789734,
            -0.7266676425933838,
            -0.30182555317878723
        ],
        [
            -0.17820586264133453,
            -0.7240752577781677,
            -0.30555981397628784
        ],
        [
            -0.17669714987277985,
            -0.7190779447555542,
            -0.3029092848300934
        ],
        [
            -0.16516098380088806,
            -0.7252328395843506,
            -0.29517316818237305
        ],
        [
            -0.16715052723884583,
            -0.7268996238708496,
            -0.2983372211456299
        ],
        [
            -0.16875985264778137,
            -0.7220613360404968,
            -0.2978324890136719
        ],
        [
            -0.16752992570400238,
            -0.721071720123291,
            -0.2940411865711212
        ],
        [
            -0.1737595498561859,
            -0.7329292297363281,
            -0.29930371046066284
        ],
        [
            -0.1800486147403717,
            -0.7310778498649597,
            -0.3036380410194397
        ],
        [
            -0.18706417083740234,
            -0.7285884618759155,
            -0.3071795403957367
        ],
        [
            -0.1846642941236496,
            -0.719889760017395,
            -0.3082042336463928
        ],
        [
            -0.13567502796649933,
            -0.7219904661178589,
            -0.29433614015579224
        ],
        [
            -0.14425350725650787,
            -0.7255748510360718,
            -0.2966051697731018
        ],
        [
            -0.14635500311851501,
            -0.7196966409683228,
            -0.29306724667549133
        ],
        [
            -0.13913023471832275,
            -0.7167844772338867,
            -0.2921081483364105
        ],
        [
            -0.16370604932308197,
            -0.7198565006256104,
            -0.29127705097198486
        ],
        [
            -0.1546119749546051,
            -0.7062889337539673,
            -0.2892303466796875
        ],
        [
            -0.15597519278526306,
            -0.7096678018569946,
            -0.2905732989311218
        ],
        [
            -0.16288334131240845,
            -0.707654595375061,
            -0.2904415428638458
        ],
        [
            -0.16102606058120728,
            -0.7047081589698792,
            -0.2893478572368622
        ],
        [
            -0.12214486300945282,
            -0.713664710521698,
            -0.2865305542945862
        ],
        [
            -0.12805864214897156,
            -0.7095135450363159,
            -0.2868480682373047
        ],
        [
            -0.12383496761322021,
            -0.7045156955718994,
            -0.2831152379512787
        ],
        [
            -0.11751918494701385,
            -0.707744300365448,
            -0.28120067715644836
        ],
        [
            -0.12319441139698029,
            -0.6991066336631775,
            -0.27932339906692505
        ],
        [
            -0.11430326104164124,
            -0.7015094757080078,
            -0.2757665812969208
        ],
        [
            -0.11615671217441559,
            -0.6865696310997009,
            -0.2665765881538391
        ],
        [
            -0.11473578214645386,
            -0.6933371424674988,
            -0.2708766758441925
        ],
        [
            -0.12428996711969376,
            -0.6929736137390137,
            -0.2757910490036011
        ],
        [
            -0.12786224484443665,
            -0.6858265399932861,
            -0.2736855745315552
        ],
        [
            -0.14267481863498688,
            -0.684508204460144,
            -0.27489525079727173
        ],
        [
            -0.14794015884399414,
            -0.6811743378639221,
            -0.2733364403247833
        ],
        [
            -0.13874363899230957,
            -0.6721436977386475,
            -0.27051275968551636
        ],
        [
            -0.13340051472187042,
            -0.6778189539909363,
            -0.27223634719848633
        ],
        [
            -0.15062133967876434,
            -0.7027378082275391,
            -0.2839500904083252
        ],
        [
            -0.14630630612373352,
            -0.704769492149353,
            -0.28398144245147705
        ],
        [
            -0.14763504266738892,
            -0.705147385597229,
            -0.2864174246788025
        ],
        [
            -0.15276823937892914,
            -0.703991174697876,
            -0.2869407534599304
        ],
        [
            -0.14255723357200623,
            -0.7060083150863647,
            -0.2845206558704376
        ],
        [
            -0.14080309867858887,
            -0.7063934803009033,
            -0.2847939133644104
        ],
        [
            -0.14198365807533264,
            -0.7069976329803467,
            -0.2859988212585449
        ],
        [
            -0.14323148131370544,
            -0.7065276503562927,
            -0.28516513109207153
        ],
        [
            -0.1449342966079712,
            -0.7055405378341675,
            -0.2844386696815491
        ],
        [
            -0.14516042172908783,
            -0.7034797072410583,
            -0.2835714817047119
        ],
        [
            -0.1431884765625,
            -0.7048887014389038,
            -0.28418445587158203
        ],
        [
            -0.1488332450389862,
            -0.7008323669433594,
            -0.28354114294052124
        ],
        [
            -0.161216601729393,
            -0.6930302381515503,
            -0.28212225437164307
        ],
        [
            -0.1577879935503006,
            -0.6947649121284485,
            -0.28324270248413086
        ],
        [
            -0.1602853238582611,
            -0.6988202929496765,
            -0.2828862965106964
        ],
        [
            -0.16331495344638824,
            -0.6976270079612732,
            -0.2820218801498413
        ],
        [
            -0.14491748809814453,
            -0.7076911926269531,
            -0.2870795726776123
        ],
        [
            -0.1432388722896576,
            -0.709716796875,
            -0.288426011800766
        ],
        [
            -0.14881157875061035,
            -0.7099777460098267,
            -0.2897672653198242
        ],
        [
            -0.1484156847000122,
            -0.7075209617614746,
            -0.28789299726486206
        ],
        [
            -0.1417934000492096,
            -0.7121673822402954,
            -0.2902720272541046
        ],
        [
            -0.14040294289588928,
            -0.708836555480957,
            -0.28710031509399414
        ],
        [
            -0.13801099359989166,
            -0.7103930711746216,
            -0.2885132431983948
        ],
        [
            -0.14059433341026306,
            -0.7047399878501892,
            -0.28398266434669495
        ],
        [
            -0.13717184960842133,
            -0.7044529914855957,
            -0.28383737802505493
        ],
        [
            -0.13811439275741577,
            -0.706449031829834,
            -0.28576114773750305
        ],
        [
            -0.13772736489772797,
            -0.7009795904159546,
            -0.28204500675201416
        ],
        [
            -0.1423124372959137,
            -0.7021613121032715,
            -0.2827305197715759
        ],
        [
            -0.14553940296173096,
            -0.6986647844314575,
            -0.28235095739364624
        ],
        [
            -0.15002869069576263,
            -0.6948449015617371,
            -0.2820625901222229
        ],
        [
            -0.14490383863449097,
            -0.6923414468765259,
            -0.2795286178588867
        ],
        [
            -0.1405332088470459,
            -0.6967089176177979,
            -0.2806375026702881
        ],
        [
            -0.14839479327201843,
            -0.714233934879303,
            -0.29134517908096313
        ],
        [
            -0.1337522268295288,
            -0.7076627612113953,
            -0.28628474473953247
        ],
        [
            -0.13357754051685333,
            -0.7141245603561401,
            -0.28975343704223633
        ],
        [
            -0.13151521980762482,
            -0.7038772106170654,
            -0.2839100956916809
        ],
        [
            -0.13132032752037048,
            -0.6995891332626343,
            -0.28110557794570923
        ],
        [
            -0.13359035551548004,
            -0.6944836378097534,
            -0.27851569652557373
        ],
        [
            -0.1378616839647293,
            -0.6892530918121338,
            -0.276711642742157
        ],
        [
            -0.12884315848350525,
            -0.6695950031280518,
            -0.26007315516471863
        ],
        [
            -0.12283538281917572,
            -0.6767585277557373,
            -0.2636089324951172
        ],
        [
            -0.17179176211357117,
            -0.7773997187614441,
            -0.31626567244529724
        ],
        [
            -0.16332277655601501,
            -0.7793840765953064,
            -0.3189878463745117
        ],
        [
            -0.1577327847480774,
            -0.7745305299758911,
            -0.31339144706726074
        ],
        [
            -0.15722954273223877,
            -0.7771729230880737,
            -0.3147653341293335
        ],
        [
            -0.16340994834899902,
            -0.7759055495262146,
            -0.31483861804008484
        ],
        [
            -0.16233119368553162,
            -0.7734483480453491,
            -0.3133000135421753
        ],
        [
            -0.13742157816886902,
            -0.7774990200996399,
            -0.30642080307006836
        ],
        [
            -0.14396899938583374,
            -0.7761402726173401,
            -0.3079627752304077
        ],
        [
            -0.14155401289463043,
            -0.7733602523803711,
            -0.3057543933391571
        ],
        [
            -0.1331937462091446,
            -0.7721590399742126,
            -0.30478841066360474
        ],
        [
            -0.1473735272884369,
            -0.7622168064117432,
            -0.3048207759857178
        ],
        [
            -0.14312757551670074,
            -0.7655321955680847,
            -0.30498045682907104
        ],
        [
            -0.15001679956912994,
            -0.7695319652557373,
            -0.3071824908256531
        ],
        [
            -0.1531284600496292,
            -0.7671627402305603,
            -0.30707764625549316
        ],
        [
            -0.15670859813690186,
            -0.7652007341384888,
            -0.3063833713531494
        ],
        [
            -0.1605406552553177,
            -0.7637301683425903,
            -0.3050422668457031
        ],
        [
            -0.15792271494865417,
            -0.7594995498657227,
            -0.30314379930496216
        ],
        [
            -0.1527692973613739,
            -0.7604842185974121,
            -0.3041670620441437
        ],
        [
            -0.16970165073871613,
            -0.7750986814498901,
            -0.3125320076942444
        ],
        [
            -0.17506420612335205,
            -0.7728910446166992,
            -0.3081226646900177
        ],
        [
            -0.17242014408111572,
            -0.7708160281181335,
            -0.3075486421585083
        ],
        [
            -0.16797678172588348,
            -0.7722971439361572,
            -0.3115261197090149
        ],
        [
            -0.17563192546367645,
            -0.7651839256286621,
            -0.2962689697742462
        ],
        [
            -0.17613177001476288,
            -0.7670155763626099,
            -0.2984900176525116
        ],
        [
            -0.18012592196464539,
            -0.7670576572418213,
            -0.2979056239128113
        ],
        [
            -0.17852070927619934,
            -0.7633952498435974,
            -0.29559633135795593
        ],
        [
            -0.17547860741615295,
            -0.7612078785896301,
            -0.2960536479949951
        ],
        [
            -0.1741238832473755,
            -0.7638003826141357,
            -0.2968868613243103
        ],
        [
            -0.18853479623794556,
            -0.8281049728393555,
            -0.32514503598213196
        ],
        [
            -0.18969985842704773,
            -0.8093516826629639,
            -0.32476186752319336
        ],
        [
            -0.16829104721546173,
            -0.8312757015228271,
            -0.32155510783195496
        ],
        [
            -0.1513846218585968,
            -0.8292731046676636,
            -0.31505411863327026
        ],
        [
            -0.1361311376094818,
            -0.8226526975631714,
            -0.3085628151893616
        ],
        [
            -0.11524753272533417,
            -0.7221841812133789,
            -0.28588560223579407
        ],
        [
            -0.1081535741686821,
            -0.7170989513397217,
            -0.2792753577232361
        ],
        [
            -0.0994158461689949,
            -0.7302573323249817,
            -0.27614346146583557
        ],
        [
            -0.0950462594628334,
            -0.7223836183547974,
            -0.26869288086891174
        ],
        [
            -0.10424570739269257,
            -0.7088504433631897,
            -0.27233877778053284
        ],
        [
            -0.10741058737039566,
            -0.68998122215271,
            -0.25722795724868774
        ],
        [
            -0.10380612313747406,
            -0.6990895867347717,
            -0.26501309871673584
        ],
        [
            -0.09291456639766693,
            -0.7140805721282959,
            -0.2593851685523987
        ],
        [
            -0.08435565233230591,
            -0.7332884073257446,
            -0.25571465492248535
        ],
        [
            -0.0884927362203598,
            -0.7375742197036743,
            -0.2651224434375763
        ],
        [
            -0.08156376332044601,
            -0.753265380859375,
            -0.25239911675453186
        ],
        [
            -0.08095262944698334,
            -0.7292238473892212,
            -0.24260462820529938
        ],
        [
            -0.08031754940748215,
            -0.7552792429924011,
            -0.2441522479057312
        ],
        [
            -0.08503500372171402,
            -0.6909966468811035,
            -0.22614508867263794
        ],
        [
            -0.07856940478086472,
            -0.681376576423645,
            -0.22134843468666077
        ],
        [
            -0.0645274966955185,
            -0.6938726902008057,
            -0.22270002961158752
        ],
        [
            -0.0710986778140068,
            -0.703959584236145,
            -0.22702446579933167
        ],
        [
            -0.0943712368607521,
            -0.7421523332595825,
            -0.27370697259902954
        ],
        [
            -0.12036431580781937,
            -0.7954370975494385,
            -0.29885151982307434
        ],
        [
            -0.12820300459861755,
            -0.790156364440918,
            -0.3049103021621704
        ],
        [
            -0.11206512898206711,
            -0.7862842082977295,
            -0.29360485076904297
        ],
        [
            -0.13404688239097595,
            -0.8564196825027466,
            -0.30047890543937683
        ],
        [
            -0.14394056797027588,
            -0.8439903855323792,
            -0.310106486082077
        ],
        [
            -0.1294664591550827,
            -0.8349763751029968,
            -0.30437973141670227
        ],
        [
            -0.12202918529510498,
            -0.8479331731796265,
            -0.2960723638534546
        ],
        [
            -0.17377153038978577,
            -0.8769867420196533,
            -0.3023097813129425
        ],
        [
            -0.18148916959762573,
            -0.8544783592224121,
            -0.3173064589500427
        ],
        [
            -0.1641462743282318,
            -0.850623369216919,
            -0.3144259452819824
        ],
        [
            -0.1558908224105835,
            -0.8685599565505981,
            -0.3036174774169922
        ],
        [
            -0.11505036801099777,
            -0.8551157712936401,
            -0.28697896003723145
        ],
        [
            -0.10738711059093475,
            -0.8643434047698975,
            -0.2731478810310364
        ],
        [
            -0.11397895961999893,
            -0.8800050020217896,
            -0.26977401971817017
        ],
        [
            -0.12520019710063934,
            -0.8702977299690247,
            -0.28655245900154114
        ],
        [
            -0.12902571260929108,
            -0.8987324833869934,
            -0.26360762119293213
        ],
        [
            -0.14274361729621887,
            -0.8869215846061707,
            -0.28410831093788147
        ],
        [
            -0.07228843122720718,
            -0.746230959892273,
            -0.23256000876426697
        ],
        [
            -0.07639261335134506,
            -0.7648200988769531,
            -0.23567897081375122
        ],
        [
            -0.07901787757873535,
            -0.7147981524467468,
            -0.2333894670009613
        ],
        [
            -0.06774924695491791,
            -0.7296689748764038,
            -0.22871427237987518
        ],
        [
            -0.14718717336654663,
            -0.9104591012001038,
            -0.2535337507724762
        ],
        [
            -0.1633419394493103,
            -0.8981138467788696,
            -0.2786441743373871
        ],
        [
            -0.0854366347193718,
            -0.8653050661087036,
            -0.2231988161802292
        ],
        [
            -0.09408923983573914,
            -0.8773391246795654,
            -0.2353052943944931
        ],
        [
            -0.0907059758901596,
            -0.860353946685791,
            -0.24772416055202484
        ],
        [
            -0.08288788795471191,
            -0.8512477874755859,
            -0.23499256372451782
        ],
