{
    "pred_cam": [
        1.8782322406768799,
        0.20732130110263824,
        0.5157476663589478
    ],
    "pred_smpl_params": {
        "global_orient": [
            [
                [
                    0.8252325654029846,
                    0.04467745125293732,
                    -0.5630232691764832
                ],
                [
                    0.13097849488258362,
                    -0.9848287105560303,
                    0.11382846534252167
                ],
                [
                    -0.5493959784507751,
                    -0.16767887771129608,
                    -0.8185645341873169
                ]
            ]
        ],
        "body_pose": [
            [
                [
                    0.9862872362136841,
                    -0.133460134267807,
                    0.09708651155233383
                ],
                [
                    0.08518441766500473,
                    0.9155211448669434,
                    0.39314714074134827
                ],
                [
                    -0.14135423302650452,
                    -0.3794857859611511,
                    0.9143355488777161
                ]
            ],
            [
                [
                    0.9924501776695251,
                    -0.013772984966635704,
                    0.12187247723340988
                ],
                [
                    -0.020825669169425964,
                    0.9603210687637329,
                    0.27811792492866516
                ],
                [
                    -0.12086723744869232,
                    -0.27855628728866577,
                    0.95278400182724
                ]
            ],
            [
                [
                    0.9964487552642822,
                    0.003940035589039326,
                    -0.08410929143428802
                ],
                [
                    -0.03605899587273598,
                    0.9226398468017578,
                    -0.3839731514453888
                ],
                [
                    0.07608971744775772,
                    0.3856424391269684,
                    0.9195054173469543
                ]
            ],
            [
                [
                    0.9884152412414551,
                    0.15149323642253876,
                    0.009222096763551235
                ],
                [
                    -0.07424797117710114,
                    0.5356361865997314,
                    -0.8411783576011658
                ],
                [
                    -0.13237251341342926,
                    0.8307487964630127,
                    0.5406790375709534
                ]
            ],
            [
                [
                    0.9845635890960693,
                    0.016786519438028336,
                    0.1742202341556549
                ],
                [
                    0.1372092366218567,
                    0.5439606308937073,
                    -0.8278166651725769
                ],
                [
                    -0.1086650937795639,
                    0.83894282579422,
                    0.5332605838775635
                ]
            ],
            [
                [
                    0.9935230016708374,
                    -0.040300868451595306,
                    -0.10624470561742783
                ],
                [
                    0.038108158856630325,
                    0.9990181922912598,
                    -0.022589104250073433
                ],
                [
                    0.10705076903104782,
                    0.018394004553556442,
                    0.9940833449363708
                ]
            ],
            [
                [
                    0.971513569355011,
                    -0.05434815585613251,
                    0.23066794872283936
                ],
                [
                    0.028745027258992195,
                    0.9931859374046326,
                    0.11293994635343552
                ],
                [
                    -0.23523423075675964,
                    -0.10309212654829025,
                    0.96645587682724
                ]
            ],
            [
                [
                    0.9774964451789856,
                    0.031051605939865112,
                    -0.2086540162563324
                ],
                [
                    -0.00016299186972901225,
                    0.98921799659729,
                    0.14645053446292877
                ],
                [
                    0.2109518200159073,
                    -0.1431208699941635,
                    0.9669621586799622
                ]
            ],
            [
                [
                    0.99394690990448,
                    -0.026200544089078903,
                    -0.106691375374794
                ],
                [
                    0.024956056848168373,
                    0.9996042251586914,
                    -0.012983040884137154
                ],
                [
                    0.1069893166422844,
                    0.010241856798529625,
                    0.9942073822021484
                ]
            ],
            [
                [
                    0.9977233409881592,
                    -0.0423501618206501,
                    0.052485186606645584
                ],
                [
                    0.03689447045326233,
                    0.9942142963409424,
                    0.1008797213435173
                ],
                [
                    -0.056453801691532135,
                    -0.09871363639831543,
                    0.993513286113739
                ]
            ],
            [
                [
                    0.9960734844207764,
                    0.078221894800663,
                    0.041460417211055756
                ],
                [
                    -0.08299410343170166,
                    0.9880662560462952,
                    0.12975746393203735
                ],
                [
                    -0.030815763399004936,
                    -0.13268893957138062,
                    0.9906785488128662
                ]
            ],
            [
                [
                    0.9727933406829834,
                    -0.1404273808002472,
                    0.18426409363746643
                ],
                [
                    0.12651148438453674,
                    0.9882926940917969,
                    0.0852787047624588
                ],
                [
                    -0.19408230483531952,
                    -0.059647031128406525,
                    0.9791702032089233
                ]
            ],
            [
                [
                    0.7585257291793823,
                    0.3342384696006775,
                    -0.5593956708908081
                ],
                [
                    -0.30312085151672363,
                    0.9408877491950989,
                    0.15115581452846527
                ],
                [
                    0.5768505334854126,
                    0.05490892007946968,
                    0.8150022029876709
                ]
            ],
            [
                [
                    0.9235864281654358,
                    -0.2534113824367523,
                    0.2876991927623749
                ],
                [
                    0.2276686578989029,
                    0.9662850499153137,
                    0.12025051563978195
                ],
                [
                    -0.30847227573394775,
                    -0.04556165635585785,
                    0.9501416087150574
                ]
            ],
            [
                [
                    0.9780924320220947,
                    -0.04987427219748497,
                    0.20210827887058258
                ],
                [
                    0.0825018361210823,
                    0.9842451214790344,
                    -0.15638108551502228
                ],
                [
                    -0.19112469255924225,
                    0.16962945461273193,
                    0.966797411441803
                ]
            ],
            [
                [
                    0.5908932089805603,
                    0.6446706056594849,
                    -0.48502078652381897
                ],
                [
                    -0.5785468220710754,
                    0.7576166987419128,
                    0.30215999484062195
                ],
                [
                    0.562253475189209,
                    0.10206291079521179,
                    0.8206427097320557
                ]
            ],
            [
                [
                    0.696467399597168,
                    -0.641803503036499,
                    0.3209696114063263
                ],
                [
                    0.6495550274848938,
                    0.7539552450180054,
                    0.09813156723976135
                ],
                [
                    -0.3049778938293457,
                    0.14014196395874023,
                    0.941991925239563
                ]
            ],
            [
                [
                    0.9260342121124268,
                    -0.04557933285832405,
                    -0.3746773302555084
                ],
                [
                    0.04497884586453438,
                    0.998934268951416,
                    -0.01035238429903984
                ],
                [
                    0.37474989891052246,
                    -0.007265893742442131,
                    0.9270974397659302
                ]
            ],
            [
                [
                    0.5500261187553406,
                    0.3056969940662384,
                    0.7771876454353333
                ],
                [
                    -0.32884272933006287,
                    0.934696614742279,
                    -0.1349247545003891
                ],
                [
                    -0.7676807641983032,
                    -0.1813603639602661,
                    0.6146337985992432
                ]
            ],
            [
                [
                    0.9955810904502869,
                    -0.08156038820743561,
                    0.04654204100370407
                ],
                [
                    0.08975933492183685,
                    0.9721664190292358,
                    -0.21641583740711212
                ],
                [
                    -0.027595646679401398,
                    0.21963711082935333,
                    0.9751912951469421
                ]
            ],
            [
                [
                    0.9954500794410706,
                    0.08352889865636826,
                    -0.0458500050008297
                ],
                [
                    -0.08338998258113861,
                    0.9965047836303711,
                    0.0049380529671907425
                ],
                [
                    0.046102218329906464,
                    -0.001092154416255653,
                    0.9989362359046936
                ]
            ],
            [
                [
                    0.9848917126655579,
                    0.15316657721996307,
                    -0.08079798519611359
                ],
                [
                    -0.14001299440860748,
                    0.9788828492164612,
                    0.14894545078277588
                ],
                [
                    0.1019052267074585,
                    -0.13538236916065216,
                    0.985538899898529
                ]
            ],
            [
                [
                    0.9744689464569092,
                    -0.18974503874778748,
                    0.12002934515476227
                ],
                [
                    0.1742960661649704,
                    0.9762972593307495,
                    0.1283140778541565
                ],
                [
                    -0.14153128862380981,
                    -0.10411743819713593,
                    0.984443187713623
                ]
            ]
        ],
        "betas": [
            0.10909514129161835,
            0.20090040564537048,
            -0.4798840284347534,
            -0.13402330875396729,
            0.055142879486083984,
            -0.10600744932889938,
            -0.09883639216423035,
            0.05794548988342285,
            0.13573339581489563,
            -0.07936012744903564
        ]
    },
    "pred_cam_t": [
        0.20732130110263824,
        0.5157476663589478,
        20.797481536865234
    ],
    "focal_length": [
        5000.0,
        5000.0
    ],
    "pred_keypoints_3d": [
        [
            -0.17231428623199463,
            -0.713585376739502,
            -0.2989834249019623
        ],
        [
            -0.05417758971452713,
            -0.6803039312362671,
            -0.14945566654205322
        ],
        [
            -0.16082867980003357,
            -0.6351575255393982,
            0.012331172823905945
        ],
        [
            -0.2610204219818115,
            -0.4247910678386688,
            0.1257724016904831
        ],
        [
            -0.4681423008441925,
            -0.31238237023353577,
            0.016049429774284363
        ],
        [
            0.029623469337821007,
            -0.5403751134872437,
            -0.25958558917045593
        ],
        [
            -0.0657757893204689,
            -0.29228636622428894,
            -0.2587278187274933
        ],
        [
            -0.2576722502708435,
            -0.12749585509300232,
            -0.27866876125335693
        ],
        [
            -0.0018645226955413818,
            -0.2200828492641449,
            0.02666761912405491
        ],
        [
            -0.057879816740751266,
            -0.1409962773323059,
            0.0824756845831871
        ],
        [
            -0.16239725053310394,
            0.23405146598815918,
            0.07838483154773712
        ],
        [
            -0.04170645773410797,
            0.46757689118385315,
            0.38808876276016235
        ],
        [
            0.05473260581493378,
            -0.12267573177814484,
            0.010462954640388489
        ],
        [
            0.033268146216869354,
            0.24519850313663483,
            -0.08975458890199661
        ],
        [
            0.08880837261676788,
            0.5115330815315247,
            0.21173879504203796
        ],
        [
            -0.19698785245418549,
            -0.7583403587341309,
            -0.26444554328918457
        ],
        [
            -0.1446111798286438,
            -0.7677872180938721,
            -0.30466926097869873
        ],
        [
            -0.17691512405872345,
            -0.7794245481491089,
            -0.16352109611034393
        ],
        [
            -0.06251432001590729,
            -0.7998814582824707,
            -0.2534655034542084
        ],
        [
            0.07048773765563965,
            0.669879138469696,
            0.08749932050704956
        ],
        [
            0.14281485974788666,
            0.6448453664779663,
            0.1195344626903534
        ],
        [
            0.11247137188911438,
            0.5020318031311035,
            0.27772191166877747
        ],
        [
            -0.10649848729372025,
            0.6293469071388245,
            0.2895790934562683
        ],
        [
            -0.15297949314117432,
            0.5948810577392578,
            0.3548333942890167
        ],
        [
            -0.014815494418144226,
            0.461177259683609,
            0.45618146657943726
        ],
        [
            -0.06497972458600998,
            0.4117698669433594,
            0.37642353773117065
        ],
        [
            -0.1533186137676239,
            0.17572706937789917,
            0.06766393035650253
        ],
        [
            -0.11297187209129333,
            -0.272066593170166,
            0.11415845155715942
        ],
        [
            0.13628681004047394,
            -0.2224249392747879,
            -0.029034679755568504
        ],
        [
            0.044824887067079544,
            0.2078218013048172,
            -0.09568455070257187
        ],
        [
            0.09857334196567535,
            0.46893250942230225,
            0.2044186145067215
        ],
        [
            -0.4494952857494354,
            -0.3360200524330139,
            -0.0028738966211676598
        ],
        [
            -0.2834615409374237,
            -0.4582381546497345,
            0.11714030057191849
        ],
        [
            -0.14219418168067932,
            -0.655622124671936,
            -0.01774364709854126
        ],
        [
            0.028507880866527557,
            -0.5825222134590149,
            -0.24906447529792786
        ],
        [
            -0.07398410141468048,
            -0.318551629781723,
            -0.2962072491645813
        ],
        [
            -0.25982844829559326,
            -0.14393380284309387,
            -0.28650686144828796
        ],
        [
            -0.05957222729921341,
            -0.6700964570045471,
            -0.1540103554725647
        ],
        [
            -0.14415991306304932,
            -0.83055579662323,
            -0.23710080981254578
        ],
        [
            0.011706190183758736,
            -0.2472182959318161,
            0.04205111414194107
        ],
        [
            -0.05684838443994522,
            -0.616431474685669,
            -0.13142059743404388
        ],
        [
            0.004028746858239174,
            -0.47449836134910583,
            -0.03298291936516762
        ],
        [
            -0.11964210122823715,
            -0.721039354801178,
            -0.2360207736492157
        ],
        [
            -0.14933940768241882,
            -0.8508961796760559,
            -0.23238828778266907
        ]
    ],
    "pred_vertices": [
        [
            -0.15214000642299652,
            -0.8107362389564514,
            -0.3237009048461914
        ],
        [
            -0.15506114065647125,
            -0.7949954271316528,
            -0.3213265538215637
        ],
        [
            -0.14082995057106018,
            -0.7970575094223022,
            -0.32022303342819214
        ],
        [
            -0.13559633493423462,
            -0.811028003692627,
            -0.31865718960762024
        ],
        [
            -0.14338575303554535,
            -0.7858768701553345,
            -0.32026660442352295
        ],
        [
            -0.15504109859466553,
            -0.7831739187240601,
            -0.3195847272872925
        ],
        [
            -0.12810301780700684,
            -0.7965142726898193,
            -0.31501370668411255
        ],
        [
            -0.12138044834136963,
            -0.8079171180725098,
            -0.3113074004650116
        ],
        [
            -0.10579946637153625,
            -0.7693397998809814,
            -0.30010733008384705
        ],
        [
            -0.09635567665100098,
            -0.7695911526679993,
            -0.29426994919776917
        ],
        [
            -0.10169505327939987,
            -0.7799463272094727,
            -0.2985893785953522
        ],
        [
            -0.11014366149902344,
            -0.7768031358718872,
            -0.30259111523628235
        ],
        [
            -0.09582193195819855,
            -0.7467660903930664,
            -0.29056763648986816
        ],
        [
            -0.10187545418739319,
            -0.7343658208847046,
            -0.2907832860946655
        ],
        [
            -0.09231550246477127,
            -0.7301708459854126,
            -0.2824472188949585
        ],
        [
            -0.08656539022922516,
            -0.7424108982086182,
            -0.2806820273399353
        ],
        [
            -0.14344054460525513,
            -0.7334656715393066,
            -0.2936937212944031
        ],
        [
            -0.13649481534957886,
            -0.7286187410354614,
            -0.2942415475845337
        ],
        [
            -0.1351754367351532,
            -0.7356494665145874,
            -0.2973178029060364
        ],
        [
            -0.1423681080341339,
            -0.7397545576095581,
            -0.2959325909614563
        ],
        [
            -0.15708857774734497,
            -0.7386060953140259,
            -0.29582831263542175
        ],
        [
            -0.15643057227134705,
            -0.7451164722442627,
            -0.29513055086135864
        ],
        [
            -0.16405421495437622,
            -0.7459126114845276,
            -0.29755884408950806
        ],
        [
            -0.16433167457580566,
            -0.7384544610977173,
            -0.29918158054351807
        ],
        [
            -0.14614622294902802,
            -0.72757887840271,
            -0.28969186544418335
        ],
        [
            -0.1385875642299652,
            -0.7228437662124634,
            -0.29001864790916443
        ],
        [
            -0.1498507559299469,
            -0.7373539805412292,
            -0.2936493158340454
        ],
        [
            -0.15101492404937744,
            -0.7320657968521118,
            -0.29345712065696716
        ],
        [
            -0.15648764371871948,
            -0.7220334410667419,
            -0.29827216267585754
        ],
        [
            -0.15609392523765564,
            -0.7272340059280396,
            -0.29923921823501587
        ],
        [
            -0.1626075655221939,
            -0.7250412702560425,
            -0.30293723940849304
        ],
        [
            -0.1614026129245758,
            -0.7199933528900146,
            -0.3002380132675171
        ],
        [
            -0.14952987432479858,
            -0.7254610061645508,
            -0.2926177382469177
        ],
        [
            -0.1513996124267578,
            -0.727210283279419,
            -0.29577335715293884
        ],
        [
            -0.1533113270998001,
            -0.7225067019462585,
            -0.2952256202697754
        ],
        [
            -0.15211674571037292,
            -0.72145676612854,
            -0.2914779782295227
        ],
        [
            -0.15759271383285522,
            -0.7336311340332031,
            -0.2967710494995117
        ],
        [
            -0.16399455070495605,
            -0.7321435809135437,
            -0.3010566830635071
        ],
        [
            -0.17114387452602386,
            -0.730088472366333,
            -0.30456942319869995
        ],
        [
            -0.16926680505275726,
            -0.7212684750556946,
            -0.30553242564201355
        ],
        [
            -0.12028338015079498,
            -0.7203119397163391,
            -0.29188019037246704
        ],
        [
            -0.12864364683628082,
            -0.7244264483451843,
            -0.294121116399765
        ],
        [
            -0.1310868263244629,
            -0.7187018394470215,
            -0.29059016704559326
        ],
        [
            -0.12405288219451904,
            -0.7153588533401489,
            -0.2896265983581543
        ],
        [
            -0.1483532339334488,
            -0.720031201839447,
            -0.288717657327652
        ],
        [
            -0.14010800421237946,
            -0.705971360206604,
            -0.2866053581237793
        ],
        [
            -0.14126327633857727,
            -0.7094017863273621,
            -0.2879827320575714
        ],
        [
            -0.14827623963356018,
            -0.7078408598899841,
            -0.28780144453048706
        ],
        [
            -0.1465999186038971,
            -0.7048020362854004,
            -0.2866904139518738
        ],
        [
            -0.10727722197771072,
            -0.7112239599227905,
            -0.2840617597103119
        ],
        [
            -0.11343294382095337,
            -0.7074483633041382,
            -0.2843552231788635
        ],
        [
            -0.10951761156320572,
            -0.7022368907928467,
            -0.2805969715118408
        ],
        [
            -0.10298045724630356,
            -0.705059289932251,
            -0.2787277102470398
        ],
        [
            -0.10912486910820007,
            -0.6968242526054382,
            -0.2768067717552185
        ],
        [
            -0.10009989142417908,
            -0.6986759901046753,
            -0.2732664942741394
        ],
        [
            -0.10275914520025253,
            -0.6840158700942993,
            -0.2639578580856323
        ],
        [
            -0.10098924487829208,
            -0.6906336545944214,
            -0.2683212161064148
        ],
        [
            -0.1105579137802124,
            -0.6908223628997803,
            -0.2732452154159546
        ],
        [
            -0.11452361941337585,
            -0.6839679479598999,
            -0.2710828483104706
        ],
        [
            -0.12947295606136322,
            -0.6836300492286682,
            -0.2721758484840393
        ],
        [
            -0.13491415977478027,
            -0.6806329488754272,
            -0.27060753107070923
        ],
        [
            -0.1262652426958084,
            -0.6711294651031494,
            -0.2676960825920105
        ],
        [
            -0.12053140997886658,
            -0.6763616800308228,
            -0.2695448398590088
        ],
        [
            -0.13632267713546753,
            -0.7021695375442505,
            -0.28134244680404663
        ],
        [
            -0.13190004229545593,
            -0.7039269208908081,
            -0.28138989210128784
        ],
        [
            -0.13321638107299805,
            -0.7043712139129639,
            -0.2838122248649597
        ],
        [
            -0.13841357827186584,
            -0.7035424709320068,
            -0.284304678440094
        ],
        [
            -0.12809519469738007,
            -0.7049114108085632,
            -0.2819492220878601
        ],
        [
            -0.12632523477077484,
            -0.7051640748977661,
            -0.28223106265068054
        ],
        [
            -0.12747102975845337,
            -0.7058412432670593,
            -0.2834281921386719
        ],
        [
            -0.1287616491317749,
            -0.7054858207702637,
            -0.2825797200202942
        ],
        [
            -0.13051369786262512,
            -0.704613447189331,
            -0.28184860944747925
        ],
        [
            -0.13086067140102386,
            -0.7025810480117798,
            -0.280976265668869
        ],
        [
            -0.12879431247711182,
            -0.7038350105285645,
            -0.28161054849624634
        ],
        [
            -0.1346837282180786,
            -0.7001809477806091,
            -0.28091615438461304
        ],
        [
            -0.14747929573059082,
            -0.6932234764099121,
            -0.2794346213340759
        ],
        [
            -0.1439639925956726,
            -0.6946966052055359,
            -0.2805456519126892
        ],
        [
            -0.14620815217494965,
            -0.6988690495491028,
            -0.28023263812065125
        ],
        [
            -0.14928555488586426,
            -0.6979350447654724,
            -0.27937763929367065
        ],
        [
            -0.13036760687828064,
            -0.7067774534225464,
            -0.2844926416873932
        ],
        [
            -0.12856221199035645,
            -0.7086099982261658,
            -0.285870224237442
        ],
        [
            -0.134113609790802,
            -0.7092234492301941,
            -0.2871803045272827
        ],
        [
            -0.1338571310043335,
            -0.7067725658416748,
            -0.28529423475265503
        ],
        [
            -0.126997709274292,
            -0.7109431028366089,
            -0.2877597510814667
        ],
        [
            -0.12578871846199036,
            -0.7075403332710266,
            -0.2845665216445923
        ],
        [
            -0.12329278141260147,
            -0.7089582681655884,
            -0.2860061228275299
        ],
        [
            -0.1262161135673523,
            -0.7035181522369385,
            -0.2814185619354248
        ],
        [
            -0.122820183634758,
            -0.7029920816421509,
            -0.28130441904067993
        ],
        [
            -0.12364797294139862,
            -0.7050233483314514,
            -0.28322598338127136
        ],
        [
            -0.12358361482620239,
            -0.6996157169342041,
            -0.2794697880744934
        ],
        [
            -0.12807688117027283,
            -0.7010809779167175,
            -0.2801513075828552
        ],
        [
            -0.13151051104068756,
            -0.697823166847229,
            -0.27972203493118286
        ],
        [
            -0.13622283935546875,
            -0.6943209171295166,
            -0.27938371896743774
        ],
        [
            -0.13124826550483704,
            -0.6915264129638672,
            -0.2768602967262268
        ],
        [
            -0.12662819027900696,
            -0.6955734491348267,
            -0.27801942825317383
        ],
        [
            -0.13342949748039246,
            -0.7134388089179993,
            -0.2888104021549225
        ],
        [
            -0.1192249059677124,
            -0.705959677696228,
            -0.28376492857933044
        ],
        [
            -0.11865481734275818,
            -0.7123734951019287,
            -0.2872677445411682
        ],
        [
            -0.11722153425216675,
            -0.7020719647407532,
            -0.2813780903816223
        ],
        [
            -0.11727780848741531,
            -0.6978186368942261,
            -0.27855369448661804
        ],
        [
            -0.11975612491369247,
            -0.6929035186767578,
            -0.2759689390659332
        ],
        [
            -0.12439078092575073,
            -0.6880478262901306,
            -0.27403339743614197
        ],
        [
            -0.11646107584238052,
            -0.6680732369422913,
            -0.25730663537979126
        ],
        [
            -0.10997278988361359,
            -0.6747324466705322,
            -0.26093000173568726
        ],
        [
            -0.15283584594726562,
            -0.7776610851287842,
            -0.31394392251968384
        ],
        [
            -0.14427538216114044,
            -0.7790502309799194,
            -0.31673377752304077
        ],
        [
            -0.1389697939157486,
            -0.7738959789276123,
            -0.31117957830429077
        ],
        [
            -0.13830944895744324,
            -0.7764315009117126,
            -0.3125489354133606
        ],
        [
            -0.14454592764377594,
            -0.7756301164627075,
            -0.3125859498977661
        ],
        [
            -0.1436416208744049,
            -0.7731293439865112,
            -0.3110525906085968
        ],
        [
            -0.11854138970375061,
            -0.7756146192550659,
            -0.3043316900730133
        ],
        [
            -0.12514908611774445,
            -0.7746685743331909,
            -0.30583518743515015
        ],
        [
            -0.12289829552173615,
            -0.771743893623352,
            -0.3036165237426758
        ],
        [
            -0.11465069651603699,
            -0.7700218558311462,
            -0.3026539087295532
        ],
        [
            -0.12940964102745056,
            -0.7610368132591248,
            -0.3025839030742645
        ],
        [
            -0.12496732175350189,
            -0.7640335559844971,
            -0.30279701948165894
        ],
        [
            -0.13160739839076996,
            -0.7684768438339233,
            -0.30498969554901123
        ],
        [
            -0.1348651498556137,
            -0.7663283348083496,
            -0.3048640489578247
        ],
        [
            -0.13855600357055664,
            -0.7646003365516663,
            -0.3041870594024658
        ],
        [
            -0.14243263006210327,
            -0.7633721828460693,
            -0.3028053343296051
        ],
        [
            -0.14009886980056763,
            -0.7590337991714478,
            -0.30087849497795105
        ],
        [
            -0.13491563498973846,
            -0.7596768140792847,
            -0.30192801356315613
        ],
        [
            -0.15088973939418793,
            -0.7752443552017212,
            -0.3102739751338959
        ],
        [
            -0.15631648898124695,
            -0.7734094262123108,
            -0.3058112859725952
        ],
        [
            -0.15384700894355774,
            -0.771182656288147,
            -0.30528512597084045
        ],
        [
            -0.14934216439723969,
            -0.7723625898361206,
            -0.3092677593231201
        ],
        [
            -0.15737222135066986,
            -0.7658405900001526,
            -0.29397857189178467
        ],
        [
            -0.1577633172273636,
            -0.7676854133605957,
            -0.29619795083999634
        ],
        [
            -0.16174453496932983,
            -0.7679933309555054,
            -0.2956002950668335
        ],
        [
            -0.1603630781173706,
            -0.7642500400543213,
            -0.29327866435050964
        ],
        [
            -0.15747374296188354,
            -0.7618948221206665,
            -0.29372355341911316
        ],
        [
            -0.15596529841423035,
            -0.7643756866455078,
            -0.2945798933506012
        ],
        [
            -0.16626760363578796,
            -0.8291269540786743,
            -0.3230917751789093
        ],
        [
            -0.1686626672744751,
            -0.810444176197052,
            -0.32269972562789917
        ],
        [
            -0.1459556370973587,
            -0.8310000896453857,
            -0.31965601444244385
        ],
        [
            -0.12916791439056396,
            -0.8279718160629272,
            -0.31322550773620605
        ],
        [
            -0.11439639329910278,
            -0.8205593824386597,
            -0.30666807293891907
        ],
        [
            -0.09983047842979431,
            -0.7192398309707642,
            -0.2835184633731842
        ],
        [
            -0.09304851293563843,
            -0.713776707649231,
            -0.2768842875957489
        ],
        [
            -0.08345262706279755,
            -0.7263170480728149,
            -0.273887574672699
        ],
        [
            -0.07955405116081238,
            -0.7183141708374023,
            -0.26638901233673096
        ],
        [
            -0.08960689604282379,
            -0.7053883075714111,
            -0.2699066400527954
        ],
        [
            -0.09373480826616287,
            -0.6870201826095581,
            -0.2545779347419739
        ],
        [
            -0.08968568593263626,
            -0.6957480907440186,
            -0.2624660134315491
        ],
        [
            -0.07787740230560303,
            -0.7100443840026855,
            -0.256946861743927
        ],
        [
            -0.0682142972946167,
            -0.7286531329154968,
            -0.2534109354019165
        ],
        [
            -0.07204793393611908,
            -0.7330974340438843,
            -0.2629440426826477
        ],
        [
            -0.06421450525522232,
            -0.7484340667724609,
            -0.25028303265571594
        ],
        [
            -0.06501587480306625,
            -0.7246595621109009,
            -0.2401684820652008
        ],
        [
            -0.06279812753200531,
            -0.7504621744155884,
            -0.2421216070652008
        ],
        [
            -0.07048627734184265,
            -0.6869640350341797,
            -0.22298738360404968
        ],
        [
            -0.06415802240371704,
            -0.6770585775375366,
            -0.21792751550674438
        ],
        [
            -0.04967913031578064,
            -0.6887490749359131,
            -0.21926628053188324
        ],
        [
            -0.05600892752408981,
            -0.6990694999694824,
            -0.22394411265850067
        ],
        [
            -0.07770903408527374,
            -0.7379260063171387,
            -0.27151086926460266
        ],
        [
            -0.10048692673444748,
            -0.7925173044204712,
            -0.296828955411911
        ],
        [
            -0.10856655240058899,
            -0.7876961827278137,
            -0.30292242765426636
        ],
        [
            -0.09267587959766388,
            -0.782888650894165,
            -0.2916874587535858
        ],
        [
            -0.1100558266043663,
            -0.8541970252990723,
            -0.29898786544799805
        ],
        [
            -0.12077872455120087,
            -0.8422731161117554,
            -0.30844682455062866
        ],
        [
            -0.10686654597520828,
            -0.8324381113052368,
            -0.3026410639286041
        ],
        [
            -0.09854671359062195,
            -0.8450146317481995,
            -0.2945011258125305
        ],
        [
            -0.148370161652565,
            -0.8771613836288452,
            -0.3007694482803345
        ],
        [
            -0.15758590400218964,
            -0.8550149202346802,
            -0.3154188096523285
        ],
        [
            -0.1405167281627655,
            -0.8500722646713257,
            -0.31256723403930664
        ],
        [
            -0.13105228543281555,
            -0.8676628470420837,
            -0.3021291494369507
        ],
        [
            -0.09112343192100525,
            -0.8517712354660034,
            -0.285522997379303
        ],
        [
            -0.08280858397483826,
            -0.8605045080184937,
            -0.2717946469783783
        ],
        [
            -0.08842871338129044,
            -0.8765796422958374,
            -0.2684532701969147
        ],
        [
            -0.10031434148550034,
            -0.8675798177719116,
            -0.28519946336746216
        ],
        [
            -0.10222553461790085,
            -0.8961162567138672,
            -0.2624431550502777
        ],
        [
            -0.11669612675905228,
            -0.8851367235183716,
            -0.28283214569091797
        ],
        [
            -0.05527461692690849,
            -0.7411226034164429,
            -0.23035508394241333
        ],
        [
            -0.05828452110290527,
            -0.7598044872283936,
            -0.2338021695613861
        ],
        [
            -0.06364278495311737,
            -0.7102792263031006,
            -0.23062443733215332
        ],
        [
            -0.05158919841051102,
            -0.7244688868522644,
            -0.2261045277118683
        ],
        [
            -0.11952179670333862,
            -0.9088281393051147,
            -0.2524854838848114
        ],
        [
            -0.1364775002002716,
            -0.8976237773895264,
            -0.27737078070640564
        ],
        [
            -0.060880087316036224,
            -0.8604345321655273,
            -0.22200943529605865
        ],
        [
            -0.06856631487607956,
            -0.8728204965591431,
            -0.234235942363739
        ],
        [
            -0.06639895588159561,
            -0.8556376695632935,
            -0.2464667409658432
        ],
        [
            -0.05924093723297119,
            -0.846195638179779,
            -0.23376409709453583
