{
    "pred_cam": [
        1.8346242904663086,
        0.25105929374694824,
        0.5068361759185791
    ],
    "pred_smpl_params": {
        "global_orient": [
            [
                [
                    0.8454510569572449,
                    0.10624658316373825,
                    -0.5233776569366455
                ],
                [
                    0.19282254576683044,
                    -0.9746322631835938,
                    0.11362863332033157
                ],
                [
                    -0.498028039932251,
                    -0.19698646664619446,
                    -0.8444905877113342
                ]
            ]
        ],
        "body_pose": [
            [
                [
                    0.9812067747116089,
                    -0.16014531254768372,
                    0.10764183104038239
                ],
                [
                    0.08793041110038757,
                    0.8676530718803406,
                    0.4893325865268707
                ],
                [
                    -0.17176008224487305,
                    -0.47067147493362427,
                    0.8654286861419678
                ]
            ],
            [
                [
                    0.9897653460502625,
                    -0.02608625777065754,
                    0.14029943943023682
                ],
                [
                    -0.041378043591976166,
                    0.8884519338607788,
                    0.457100510597229
                ],
                [
                    -0.13657337427139282,
                    -0.45822763442993164,
                    0.8782795667648315
                ]
            ],
            [
                [
                    0.9959607720375061,
                    -0.015650451183319092,
                    -0.08841441571712494
                ],
                [
                    -0.027966899797320366,
                    0.8816368579864502,
                    -0.4710991084575653
                ],
                [
                    0.0853223130106926,
                    0.47166895866394043,
                    0.877638041973114
                ]
            ],
            [
                [
                    0.9805089831352234,
                    0.19630607962608337,
                    -0.00812523439526558
                ],
                [
                    -0.05656455084681511,
                    0.2424411177635193,
                    -0.9685158133506775
                ],
                [
                    -0.18815553188323975,
                    0.9500980973243713,
                    0.24881966412067413
                ]
            ],
            [
                [
                    0.9823888540267944,
                    0.037354182451963425,
                    0.18307586014270782
                ],
                [
                    0.16621795296669006,
                    0.27282628417015076,
                    -0.9475955367088318
                ],
                [
                    -0.0853445902466774,
                    0.9613378643989563,
                    0.26181256771087646
                ]
            ],
            [
                [
                    0.99349445104599,
                    -0.05190248787403107,
                    -0.10136478394269943
                ],
                [
                    0.05203357711434364,
                    0.9986444115638733,
                    -0.0013520540669560432
                ],
                [
                    0.10129754990339279,
                    -0.003931114915758371,
                    0.994848370552063
                ]
            ],
            [
                [
                    0.9611233472824097,
                    -0.09654320776462555,
                    0.25869160890579224
                ],
                [
                    0.05612586811184883,
                    0.9856318831443787,
                    0.15931010246276855
                ],
                [
                    -0.2703549861907959,
                    -0.13859736919403076,
                    0.9527323842048645
                ]
            ],
            [
                [
                    0.9738727807998657,
                    0.05931054800748825,
                    -0.2192123681306839
                ],
                [
                    -0.019421100616455078,
                    0.9835078716278076,
                    0.17981967329978943
                ],
                [
                    0.22626228630542755,
                    -0.17086413502693176,
                    0.9589633941650391
                ]
            ],
            [
                [
                    0.9934883117675781,
                    -0.04046627879142761,
                    -0.10650573670864105
                ],
                [
                    0.04094724729657173,
                    0.9991585612297058,
                    0.0023320617619901896
                ],
                [
                    0.10632175952196121,
                    -0.006677992641925812,
                    0.9943093061447144
                ]
            ],
            [
                [
                    0.9989997148513794,
                    -0.00916457548737526,
                    0.04376722872257233
                ],
                [
                    0.004662210587412119,
                    0.9947852492332458,
                    0.10188561677932739
                ],
                [
                    -0.04447272792458534,
                    -0.10157965123653412,
                    0.9938328862190247
                ]
            ],
            [
                [
                    0.996393620967865,
                    0.06817473471164703,
                    0.050517600029706955
                ],
                [
                    -0.07401580363512039,
                    0.989444375038147,
                    0.12458539754152298
                ],
                [
                    -0.04149077460169792,
                    -0.1278751790523529,
                    0.9909220933914185
                ]
            ],
            [
                [
                    0.9741931557655334,
                    -0.14603543281555176,
                    0.1721085160970688
                ],
                [
                    0.1201363131403923,
                    0.9809948205947876,
                    0.1523691564798355
                ],
                [
                    -0.19108887016773224,
                    -0.12776051461696625,
                    0.9732226133346558
                ]
            ],
            [
                [
                    0.6841269135475159,
                    0.3173496127128601,
                    -0.6567035913467407
                ],
                [
                    -0.2619057297706604,
                    0.9472163319587708,
                    0.18489617109298706
                ],
                [
                    0.6807171106338501,
                    0.04550199210643768,
                    0.7311318516731262
                ]
            ],
            [
                [
                    0.8915078639984131,
                    -0.2326967716217041,
                    0.38867196440696716
                ],
                [
                    0.18703524768352509,
                    0.970516562461853,
                    0.15203741192817688
                ],
                [
                    -0.41259118914604187,
                    -0.06284720450639725,
                    0.9087456464767456
                ]
            ],
            [
                [
                    0.9724181890487671,
                    -0.07201934605836868,
                    0.2218470424413681
                ],
                [
                    0.09310095757246017,
                    0.991929292678833,
                    -0.08607261627912521
                ],
                [
                    -0.21385769546031952,
                    0.10435274988412857,
                    0.9712751507759094
                ]
            ],
            [
                [
                    0.6052597761154175,
                    0.6018092036247253,
                    -0.5210435390472412
                ],
                [
                    -0.49782633781433105,
                    0.7969263195991516,
                    0.34216588735580444
                ],
                [
                    0.6211518049240112,
                    0.052289895713329315,
                    0.7819439172744751
                ]
            ],
            [
                [
                    0.7781178951263428,
                    -0.5368756055831909,
                    0.3260323107242584
                ],
                [
                    0.5316112041473389,
                    0.8393610715866089,
                    0.1134129986166954
                ],
                [
                    -0.3345474898815155,
                    0.08507372438907623,
                    0.9385309815406799
                ]
            ],
            [
                [
                    0.9789126515388489,
                    -0.01993187516927719,
                    -0.20330454409122467
                ],
                [
                    0.02396536059677601,
                    0.9995613694190979,
                    0.01739693433046341
                ],
                [
                    0.20286864042282104,
                    -0.021902350708842278,
                    0.9789609313011169
                ]
            ],
            [
                [
                    0.7537892460823059,
                    0.22947075963020325,
                    0.6157473921775818
                ],
                [
                    -0.2548350691795349,
                    0.965794563293457,
                    -0.047957442700862885
                ],
                [
                    -0.6056903600692749,
                    -0.12076424062252045,
                    0.7864827513694763
                ]
            ],
            [
                [
                    0.995608389377594,
                    -0.07958726584911346,
                    0.04929190129041672
                ],
                [
                    0.090239979326725,
                    0.956013560295105,
                    -0.27909642457962036
                ],
                [
                    -0.02491120621562004,
                    0.2823188900947571,
                    0.9589970707893372
                ]
            ],
            [
                [
                    0.9968039989471436,
                    0.05848577246069908,
                    -0.05441700667142868
                ],
                [
                    -0.06310893595218658,
                    0.994161069393158,
                    -0.08752717077732086
                ],
                [
                    0.04898017644882202,
                    0.09068163484334946,
                    0.9946746826171875
                ]
            ],
            [
                [
                    0.9892288446426392,
                    0.12423767149448395,
                    -0.0774034857749939
                ],
                [
                    -0.11242984235286713,
                    0.983502209186554,
                    0.14171439409255981
                ],
                [
                    0.09373276680707932,
                    -0.13148550689220428,
                    0.9868767857551575
                ]
            ],
            [
                [
                    0.9800727963447571,
                    -0.163279727101326,
                    0.11312418431043625
                ],
                [
                    0.14768289029598236,
                    0.9798123836517334,
                    0.1347501128911972
                ],
                [
                    -0.13284242153167725,
                    -0.11535841226577759,
                    0.9844011068344116
                ]
            ]
        ],
        "betas": [
            0.11936743557453156,
            0.23042526841163635,
            -0.5598744750022888,
            -0.1259150505065918,
            0.05936121940612793,
            -0.11193569749593735,
            -0.09420004487037659,
            0.05313020944595337,
            0.15183600783348083,
            -0.09953299164772034
        ]
    },
    "pred_cam_t": [
        0.25105929374694824,
        0.5068361759185791,
        21.291826248168945
    ],
    "focal_length": [
        5000.0,
        5000.0
    ],
    "pred_keypoints_3d": [
        [
            -0.15627345442771912,
            -0.7075837850570679,
            -0.33331888914108276
        ],
        [
            -0.04536264389753342,
            -0.6625884771347046,
            -0.17985817790031433
        ],
        [
            -0.16208124160766602,
            -0.6243838667869568,
            -0.027062639594078064
        ],
        [
            -0.30825042724609375,
            -0.43538835644721985,
            0.07437333464622498
        ],
        [
            -0.5175591111183167,
            -0.30451974272727966,
            -0.008806824684143066
        ],
        [
            0.02917519025504589,
            -0.5170044898986816,
            -0.2814699411392212
        ],
        [
            -0.10603481531143188,
            -0.2876421809196472,
            -0.27922335267066956
        ],
        [
            -0.29604727029800415,
            -0.11940984427928925,
            -0.29505646228790283
        ],
        [
            -0.0019052736461162567,
            -0.2197444885969162,
            0.02634742110967636
        ],
        [
            -0.06466035544872284,
            -0.14580953121185303,
            0.08144890516996384
        ],
        [
            -0.21920470893383026,
            0.20600906014442444,
            0.01609591394662857
        ],
        [
            -0.12949517369270325,
            0.39513838291168213,
            0.36468538641929626
        ],
        [
            0.05001068115234375,
            -0.11924826353788376,
            0.0167206060141325
        ],
        [
            0.00701339915394783,
            0.23895588517189026,
            -0.10989871621131897
        ],
        [
            0.03128044679760933,
            0.42301619052886963,
            0.2517738938331604
        ],
        [
            -0.17895600199699402,
            -0.752366840839386,
            -0.2972974479198456
        ],
        [
            -0.12434794008731842,
            -0.7599586248397827,
            -0.3349665701389313
        ],
        [
            -0.1614278256893158,
            -0.7664985060691833,
            -0.19472652673721313
        ],
        [
            -0.042439404875040054,
            -0.7826741933822632,
            -0.278873473405838
        ],
        [
            0.029445454478263855,
            0.601993203163147,
            0.1593976616859436
        ],
        [
            0.0972524881362915,
            0.5693150758743286,
            0.19349122047424316
        ],
        [
            0.04866263270378113,
            0.39821428060531616,
            0.3153824210166931
        ],
        [
            -0.19653388857841492,
            0.5647355318069458,
            0.28142017126083374
        ],
        [
            -0.24501517415046692,
            0.51939857006073,
            0.33727920055389404
        ],
        [
            -0.1080767884850502,
            0.3809029757976532,
            0.4334619343280792
        ],
        [
            -0.14983336627483368,
            0.34056442975997925,
            0.3436998724937439
        ],
        [
            -0.20331327617168427,
            0.15342018008232117,
            0.011918927542865276
        ],
        [
            -0.11235683411359787,
            -0.27981483936309814,
            0.11004866659641266
        ],
        [
            0.14137712121009827,
            -0.2130071520805359,
            -0.019239066168665886
        ],
        [
            0.02220265381038189,
            0.2061959058046341,
            -0.11437898874282837
        ],
        [
            0.042208053171634674,
            0.38284602761268616,
            0.23499035835266113
        ],
        [
            -0.4986222982406616,
            -0.3213251233100891,
            -0.03249688446521759
        ],
        [
            -0.32429856061935425,
            -0.46823740005493164,
            0.062459226697683334
        ],
        [
            -0.14179041981697083,
            -0.6457959413528442,
            -0.05397230014204979
        ],
        [
            0.03246857598423958,
            -0.5591562390327454,
            -0.27446919679641724
        ],
        [
            -0.1102219820022583,
            -0.31280094385147095,
            -0.3152260184288025
        ],
        [
            -0.29939350485801697,
            -0.13469073176383972,
            -0.3026583790779114
        ],
        [
            -0.05148082971572876,
            -0.6518102884292603,
            -0.184891939163208
        ],
        [
            -0.12202627956867218,
            -0.8184527158737183,
            -0.2640867829322815
        ],
        [
            0.01432991772890091,
            -0.2464219331741333,
            0.044934697449207306
        ],
        [
            -0.05382492393255234,
            -0.5997006893157959,
            -0.16152113676071167
        ],
        [
            0.0097823366522789,
            -0.4644945561885834,
            -0.049202099442481995
        ],
        [
            -0.10522874444723129,
            -0.7080765962600708,
            -0.2678813338279724
        ],
        [
            -0.12582740187644958,
            -0.8390557765960693,
            -0.2583836019039154
        ]
    ],
    "pred_vertices": [
        [
            -0.127960205078125,
            -0.8036268949508667,
            -0.3513304591178894
        ],
        [
            -0.1320761740207672,
            -0.7881313562393188,
            -0.35023871064186096
        ],
        [
            -0.11773557215929031,
            -0.7890697717666626,
            -0.34845513105392456
        ],
        [
            -0.11167322099208832,
            -0.8026341199874878,
            -0.3457329273223877
        ],
        [
            -0.12111040204763412,
            -0.7781403064727783,
            -0.34930112957954407
        ],
        [
            -0.13292784988880157,
            -0.7764369249343872,
            -0.3490901291370392
        ],
        [
            -0.10531754791736603,
            -0.7873959541320801,
            -0.3428885340690613
        ],
        [
            -0.0981542244553566,
            -0.7982610464096069,
            -0.3381296992301941
        ],
        [
            -0.0855129286646843,
            -0.7580525875091553,
            -0.32891958951950073
        ],
        [
            -0.0762782171368599,
            -0.7572332620620728,
            -0.32263654470443726
        ],
        [
            -0.08078411221504211,
            -0.7679792642593384,
            -0.32666558027267456
        ],
        [
            -0.08926208317279816,
            -0.7657369375228882,
            -0.3310813009738922
        ],
        [
            -0.07775607705116272,
            -0.734257161617279,
            -0.32027414441108704
        ],
        [
            -0.08480636775493622,
            -0.7225072979927063,
            -0.32134151458740234
        ],
        [
            -0.07588665187358856,
            -0.7171531915664673,
            -0.31292420625686646
        ],
        [
            -0.06933701783418655,
            -0.7288233041763306,
            -0.31027600169181824
        ],
        [
            -0.12617364525794983,
            -0.724968671798706,
            -0.3258396089076996
        ],
        [
            -0.11960726976394653,
            -0.7196438312530518,
            -0.32635706663131714
        ],
        [
            -0.11760485172271729,
            -0.726699948310852,
            -0.32891976833343506
        ],
        [
            -0.12453266978263855,
            -0.7312697172164917,
            -0.3276621103286743
        ],
        [
            -0.13932746648788452,
            -0.7311318516731262,
            -0.3282371163368225
        ],
        [
            -0.1381779909133911,
            -0.7375326156616211,
            -0.32714369893074036
        ],
        [
            -0.14565108716487885,
            -0.7390421032905579,
            -0.32983022928237915
        ],
        [
            -0.14645491540431976,
            -0.7316936254501343,
            -0.3318546712398529
        ],
        [
            -0.12953943014144897,
            -0.719027042388916,
            -0.32245802879333496
        ],
        [
            -0.12236158549785614,
            -0.7137720584869385,
            -0.32268476486206055
        ],
        [
            -0.1323011815547943,
            -0.7293211817741394,
            -0.3258584439754486
        ],
        [
            -0.13387584686279297,
            -0.7240160703659058,
            -0.3260486125946045
        ],
        [
            -0.13999637961387634,
            -0.7147035598754883,
            -0.33155229687690735
        ],
        [
            -0.13916724920272827,
            -0.7199023962020874,
            -0.3322013318538666
        ],
        [
            -0.1456739604473114,
            -0.7184300422668457,
            -0.3363152742385864
        ],
        [
            -0.14497365057468414,
            -0.7131516933441162,
            -0.3338158428668976
        ],
        [
            -0.13301147520542145,
            -0.7173141241073608,
            -0.32556310296058655
        ],
        [
            -0.13461148738861084,
            -0.7193541526794434,
            -0.3286362886428833
        ],
        [
            -0.13691771030426025,
            -0.7148058414459229,
            -0.32842350006103516
        ],
        [
            -0.135945126414299,
            -0.7134530544281006,
            -0.32478511333465576
        ],
        [
            -0.14021587371826172,
            -0.7263146042823792,
            -0.32953089475631714
        ],
        [
            -0.1465640515089035,
            -0.7255240678787231,
            -0.3340969681739807
        ],
        [
            -0.15372636914253235,
            -0.7242001295089722,
            -0.33799952268600464
        ],
        [
            -0.15244066715240479,
            -0.7152529358863831,
            -0.3393363654613495
        ],
        [
            -0.10422736406326294,
            -0.7099952697753906,
            -0.32383930683135986
        ],
        [
            -0.11214125901460648,
            -0.7149460315704346,
            -0.32618749141693115
        ],
        [
            -0.1151731088757515,
            -0.709107518196106,
            -0.32319551706314087
        ],
        [
            -0.10845096409320831,
            -0.7051889300346375,
            -0.32211577892303467
        ],
        [
            -0.13236285746097565,
            -0.7115516662597656,
            -0.32194262742996216
        ],
        [
            -0.12527583539485931,
            -0.6967238783836365,
            -0.3202696740627289
        ],
        [
            -0.12611865997314453,
            -0.7003118991851807,
            -0.32153573632240295
        ],
        [
            -0.13324686884880066,
            -0.6992928385734558,
            -0.32168927788734436
        ],
        [
            -0.131841778755188,
            -0.6960766911506653,
            -0.32064831256866455
        ],
        [
            -0.09224063158035278,
            -0.6995179653167725,
            -0.31604647636413574
        ],
        [
            -0.0986383780837059,
            -0.69620281457901,
            -0.3168337345123291
        ],
        [
            -0.0952548235654831,
            -0.6904892921447754,
            -0.31319427490234375
        ],
        [
            -0.08858568966388702,
            -0.6926721334457397,
            -0.3109283149242401
        ],
        [
            -0.09531834721565247,
            -0.684728741645813,
            -0.30967193841934204
        ],
        [
            -0.08633333444595337,
            -0.6856643557548523,
            -0.30570653080940247
        ],
        [
            -0.09033291041851044,
            -0.670740008354187,
            -0.2971682846546173
        ],
        [
            -0.087974414229393,
            -0.6774072051048279,
            -0.30117592215538025
        ],
        [
            -0.09730525314807892,
            -0.6786179542541504,
            -0.3064848482608795
        ],
        [
            -0.10180054605007172,
            -0.6719444990158081,
            -0.30486756563186646
        ],
        [
            -0.11679968237876892,
            -0.672959566116333,
            -0.30659887194633484
        ],
        [
            -0.12255485355854034,
            -0.6702466607093811,
            -0.30547425150871277
        ],
        [
            -0.11465470492839813,
            -0.6600136756896973,
            -0.30254703760147095
        ],
        [
            -0.10839785635471344,
            -0.6647292375564575,
            -0.30395305156707764
        ],
        [
            -0.12199103087186813,
            -0.692437469959259,
            -0.3151242434978485
        ],
        [
            -0.11744548380374908,
            -0.6938703060150146,
            -0.3148968517780304
        ],
        [
            -0.11864162981510162,
            -0.69454425573349,
            -0.31734633445739746
        ],
        [
            -0.12387961149215698,
            -0.6941583752632141,
            -0.31806182861328125
        ],
        [
            -0.1135600358247757,
            -0.6946028470993042,
            -0.31525638699531555
        ],
        [
            -0.11176037788391113,
            -0.6947163343429565,
            -0.3154502511024475
        ],
        [
            -0.11281485855579376,
            -0.6955575942993164,
            -0.3166615068912506
        ],
        [
            -0.11416444182395935,
            -0.6953358054161072,
            -0.31592410802841187
        ],
        [
            -0.11600665003061295,
            -0.6945375204086304,
            -0.31530970335006714
        ],
        [
            -0.11652861535549164,
            -0.6924789547920227,
            -0.3145594596862793
        ],
        [
            -0.11435414105653763,
            -0.6935418844223022,
            -0.3150104582309723
        ],
        [
            -0.12052631378173828,
            -0.6903730034828186,
            -0.3147547245025635
        ],
        [
            -0.1338886320590973,
            -0.684181809425354,
            -0.31406694650650024
        ],
        [
            -0.13023802638053894,
            -0.685546875,
            -0.3149641752243042
        ],
        [
            -0.13218887150287628,
            -0.6898254752159119,
            -0.31459492444992065
        ],
        [
            -0.1353507786989212,
            -0.6890066862106323,
            -0.31389671564102173
        ],
        [
            -0.11557881534099579,
            -0.696761965751648,
            -0.31778576970100403
        ],
        [
            -0.11360101401805878,
            -0.6985282301902771,
            -0.31900152564048767
        ],
        [
            -0.11905740946531296,
            -0.6996351480484009,
            -0.3204925060272217
        ],
        [
            -0.11905236542224884,
            -0.6970752477645874,
            -0.31872162222862244
        ],
        [
            -0.11179658770561218,
            -0.7008835077285767,
            -0.320723295211792
        ],
        [
            -0.11096382141113281,
            -0.6971583366394043,
            -0.31767433881759644
        ],
        [
            -0.1082882359623909,
            -0.6984003782272339,
            -0.31883615255355835
        ],
        [
            -0.11180323362350464,
            -0.6930252313613892,
            -0.31473034620285034
        ],
        [
            -0.10845321416854858,
            -0.6922231912612915,
            -0.31451770663261414
        ],
        [
            -0.10906291753053665,
            -0.6944153904914856,
            -0.3163653612136841
        ],
        [
            -0.10953491181135178,
            -0.6888259649276733,
            -0.31286534667015076
        ],
        [
            -0.11388209462165833,
            -0.690659761428833,
            -0.31365787982940674
        ],
        [
            -0.11756254732608795,
            -0.6876643896102905,
            -0.31349360942840576
        ],
        [
            -0.1225481927394867,
            -0.6845420598983765,
            -0.3134846091270447
        ],
        [
            -0.11785747110843658,
            -0.6812325716018677,
            -0.3109230399131775
        ],
        [
            -0.11290702223777771,
            -0.6849576830863953,
            -0.3117186427116394
        ],
        [
            -0.11796483397483826,
            -0.7037833333015442,
            -0.32181769609451294
        ],
        [
            -0.10455553233623505,
            -0.6950886249542236,
            -0.316618412733078
        ],
        [
            -0.10336481779813766,
            -0.7016794085502625,
            -0.3196798264980316
        ],
        [
            -0.10293079912662506,
            -0.6909335851669312,
            -0.3143513798713684
        ],
        [
            -0.10340339690446854,
            -0.6865106225013733,
            -0.3117430806159973
        ],
        [
            -0.10622090101242065,
            -0.6815516948699951,
            -0.3095552623271942
        ],
        [
            -0.11133647710084915,
            -0.6771089434623718,
            -0.3079827129840851
        ],
        [
            -0.10546261817216873,
            -0.6558079719543457,
            -0.2918142080307007
        ],
        [
            -0.09827955067157745,
            -0.6619272232055664,
            -0.29483965039253235
        ],
        [
            -0.1314241737127304,
            -0.7706625461578369,
            -0.34377267956733704
        ],
        [
            -0.12269997596740723,
            -0.7714942693710327,
            -0.34615358710289
        ],
        [
            -0.11796319484710693,
            -0.7657038569450378,
            -0.34081709384918213
        ],
        [
            -0.11708623915910721,
            -0.7683262825012207,
            -0.34204012155532837
        ],
        [
            -0.12334838509559631,
            -0.7678848505020142,
            -0.342301607131958
        ],
        [
            -0.12270339578390121,
            -0.7653720378875732,
            -0.34085848927497864
        ],
        [
            -0.0977502167224884,
            -0.7655609250068665,
            -0.33312803506851196
        ],
        [
            -0.10434472560882568,
            -0.7652156949043274,
            -0.3349292576313019
        ],
        [
            -0.10239961743354797,
            -0.761938750743866,
            -0.33275026082992554
        ],
        [
            -0.09433656930923462,
            -0.7595411539077759,
            -0.3315177261829376
        ],
        [
            -0.10971501469612122,
            -0.7516907453536987,
            -0.3326449394226074
        ],
        [
            -0.10505463182926178,
            -0.7543010711669922,
            -0.33248966932296753
        ],
        [
            -0.11128567159175873,
            -0.759486973285675,
            -0.3347399830818176
        ],
        [
            -0.11472427099943161,
            -0.7576192021369934,
            -0.3348592519760132
        ],
        [
            -0.11855608224868774,
            -0.756128191947937,
            -0.3344976603984833
        ],
        [
            -0.12253707647323608,
            -0.7550692558288574,
            -0.3332369923591614
        ],
        [
            -0.120612233877182,
            -0.7504966259002686,
            -0.33152836561203003
        ],
        [
            -0.1153607964515686,
            -0.7508010268211365,
            -0.332351952791214
        ],
        [
            -0.1297973394393921,
            -0.7679870128631592,
            -0.34031808376312256
        ],
        [
            -0.13548487424850464,
            -0.7662900686264038,
            -0.3360825181007385
        ],
        [
            -0.13321587443351746,
            -0.7639396786689758,
            -0.33569175004959106
        ],
        [
            -0.12847617268562317,
            -0.76502525806427,
            -0.339385986328125
        ],
        [
            -0.13761012256145477,
            -0.7581740617752075,
            -0.3249545693397522
        ],
        [
            -0.13775263726711273,
            -0.7601832151412964,
            -0.3270237445831299
        ],
        [
            -0.14174874126911163,
            -0.7607617378234863,
            -0.32657790184020996
        ],
        [
            -0.1407543122768402,
            -0.7567834854125977,
            -0.32445478439331055
        ],
        [
            -0.1380314975976944,
            -0.754244327545166,
            -0.324966698884964
        ],
        [
            -0.13629870116710663,
            -0.7566500902175903,
            -0.3256160616874695
        ],
        [
            -0.14078719913959503,
            -0.8231765627861023,
            -0.3503105044364929
        ],
        [
            -0.14449059963226318,
            -0.8044977188110352,
            -0.35105547308921814
        ],
        [
            -0.12058726698160172,
            -0.823276698589325,
            -0.3457869291305542
        ],
        [
            -0.1043301373720169,
            -0.8187428712844849,
            -0.339294970035553
        ],
        [
            -0.09051704406738281,
            -0.8100566864013672,
            -0.3324589133262634
        ],
        [
            -0.08419685810804367,
            -0.7068859338760376,
            -0.31485438346862793
        ],
        [
            -0.0781012773513794,
            -0.7005589604377747,
            -0.3082326352596283
        ],
        [
            -0.06760190427303314,
            -0.7120991349220276,
            -0.304350882768631
        ],
        [
            -0.06462839245796204,
            -0.7034374475479126,
            -0.2971676290035248
        ],
        [
            -0.07548680156469345,
            -0.691449761390686,
            -0.3016430139541626
        ],
        [
            -0.0815882533788681,
            -0.672755241394043,
            -0.2869686484336853
        ],
        [
            -0.07657380402088165,
            -0.6814167499542236,
            -0.29452940821647644
        ],
        [
            -0.06393597275018692,
            -0.6945409774780273,
            -0.2879234850406647
        ],
        [
            -0.0531824491918087,
            -0.7122892141342163,
            -0.28322115540504456
        ],
        [
            -0.056217413395643234,
            -0.7174213528633118,
            -0.2925812900066376
        ],
        [
            -0.047871947288513184,
            -0.7315660715103149,
            -0.27905410528182983
        ],
        [
            -0.05107313022017479,
            -0.7076337337493896,
            -0.26976025104522705
        ],
        [
            -0.04676063358783722,
            -0.7331712245941162,
            -0.27083680033683777
        ],
        [
            -0.05864367261528969,
            -0.6693408489227295,
            -0.2527756989002228
        ],
        [
            -0.05235839635133743,
            -0.6583987474441528,
            -0.24719373881816864
        ],
        [
            -0.03724489361047745,
            -0.6692168116569519,
            -0.24851253628730774
        ],
        [
            -0.043467096984386444,
            -0.6803649067878723,
            -0.25344112515449524
        ],
        [
            -0.06122879683971405,
            -0.7232840061187744,
            -0.3010510802268982
        ],
        [
            -0.07906360924243927,
            -0.7806559801101685,
            -0.324018269777298
        ],
        [
            -0.08699651807546616,
            -0.7766163349151611,
            -0.33073723316192627
        ],
        [
            -0.07194644212722778,
            -0.7699716091156006,
            -0.3192456364631653
        ],
        [
            -0.08408807218074799,
            -0.842623233795166,
            -0.32296717166900635
        ],
        [
            -0.0952804684638977,
            -0.8321857452392578,
            -0.3332984149456024
        ],
        [
            -0.08227551728487015,
            -0.8209290504455566,
            -0.327448308467865
        ],
        [
            -0.07334502041339874,
            -0.832453191280365,
            -0.31846725940704346
        ],
        [
            -0.12041448056697845,
            -0.8683356642723083,
            -0.3248169720172882
        ],
        [
            -0.1305731236934662,
            -0.8478076457977295,
            -0.34074336290359497
        ],
        [
            -0.11421915888786316,
            -0.8413769006729126,
            -0.33755752444267273
        ],
        [
            -0.10381065309047699,
            -0.8577386140823364,
            -0.3261107802391052
        ],
        [
            -0.0659085363149643,
            -0.8381741046905518,
            -0.3089163601398468
        ],
        [
            -0.057525355368852615,
            -0.8454867601394653,
            -0.2944104075431824
        ],
        [
            -0.062048979103565216,
            -0.861815333366394,
            -0.29051491618156433
        ],
        [
            -0.07399766892194748,
            -0.8544285893440247,
            -0.3080224394798279
        ],
        [
            -0.07456216216087341,
            -0.8819116353988647,
            -0.2840888202190399
        ],
        [
            -0.08897873759269714,
            -0.8731133937835693,
            -0.3056294322013855
        ],
        [
            -0.040320366621017456,
            -0.7228415012359619,
            -0.2591859698295593
        ],
        [
            -0.04197143018245697,
            -0.7418794631958008,
            -0.2619359493255615
        ],
        [
            -0.05082423985004425,
            -0.6926978230476379,
            -0.2603171765804291
        ],
        [
            -0.03772622346878052,
            -0.7057089805603027,
            -0.2553282380104065
        ],
        [
            -0.09122037142515182,
            -0.8952338099479675,
            -0.27435633540153503
        ],
        [
            -0.10803644359111786,
            -0.8866392374038696,
            -0.30019697546958923
        ],
        [
            -0.037622399628162384,
            -0.8414316773414612,
            -0.2441023886203766
        ],
        [
            -0.043707333505153656,
            -0.8547505140304565,
            -0.2560625672340393
        ],
        [
            -0.04244786500930786,
            -0.838189423084259,
            -0.2690172791481018
        ],
        [
            -0.03642973303794861,
            -0.827781617641449,
