{
    "pred_cam": [
        1.7337985038757324,
        0.2703576683998108,
        0.5042510628700256
    ],
    "pred_smpl_params": {
        "global_orient": [
            [
                [
                    0.8426775932312012,
                    0.09043414145708084,
                    -0.5307692885398865
                ],
                [
                    0.1972968429327011,
                    -0.9690890312194824,
                    0.14812250435352325
                ],
                [
                    -0.5009674429893494,
                    -0.22953864932060242,
                    -0.8344720005989075
                ]
            ]
        ],
        "body_pose": [
            [
                [
                    0.9868089556694031,
                    -0.12204796075820923,
                    0.10635939240455627
                ],
                [
                    0.06793727725744247,
                    0.9085426926612854,
                    0.41223135590553284
                ],
                [
                    -0.1469440460205078,
                    -0.3995678424835205,
                    0.904849648475647
                ]
            ],
            [
                [
                    0.9906406998634338,
                    -0.034607894718647,
                    0.13203498721122742
                ],
                [
                    -0.020753132179379463,
                    0.917887806892395,
                    0.39629700779914856
                ],
                [
                    -0.1349083036184311,
                    -0.3953281044960022,
                    0.9085788130760193
                ]
            ],
            [
                [
                    0.9962342977523804,
                    -0.009626767598092556,
                    -0.08616621047258377
                ],
                [
                    -0.0318070724606514,
                    0.8839471936225891,
                    -0.46650364995002747
                ],
                [
                    0.08065730333328247,
                    0.4674876034259796,
                    0.8803123235702515
                ]
            ],
            [
                [
                    0.9876978397369385,
                    0.15446889400482178,
                    0.024336310103535652
                ],
                [
                    -0.0707322284579277,
                    0.5801166296005249,
                    -0.8114564418792725
                ],
                [
                    -0.13946262001991272,
                    0.7997525334358215,
                    0.5839058756828308
                ]
            ],
            [
                [
                    0.9813288450241089,
                    0.019579052925109863,
                    0.19133815169334412
                ],
                [
                    0.14709441363811493,
                    0.5645557641983032,
                    -0.8121821880340576
                ],
                [
                    -0.12392280995845795,
                    0.8251626491546631,
                    0.5511348843574524
                ]
            ],
            [
                [
                    0.9936765432357788,
                    -0.04538699984550476,
                    -0.10269809514284134
                ],
                [
                    0.045466646552085876,
                    0.9989646077156067,
                    -0.0015663475496694446
                ],
                [
                    0.10266286134719849,
                    -0.003112895879894495,
                    0.9947112798690796
                ]
            ],
            [
                [
                    0.9658917188644409,
                    -0.03436056524515152,
                    0.2566564679145813
                ],
                [
                    0.012596141546964645,
                    0.9962183833122253,
                    0.08596739917993546
                ],
                [
                    -0.25863975286483765,
                    -0.07980231195688248,
                    0.9626718759536743
                ]
            ],
            [
                [
                    0.9761736392974854,
                    0.0028854007832705975,
                    -0.21697157621383667
                ],
                [
                    0.02236582152545452,
                    0.9932479858398438,
                    0.11383450031280518
                ],
                [
                    0.21583501994609833,
                    -0.11597499251365662,
                    0.9695179462432861
                ]
            ],
            [
                [
                    0.9933575987815857,
                    -0.037893425673246384,
                    -0.10864969342947006
                ],
                [
                    0.04022934287786484,
                    0.9990022778511047,
                    0.01938791014254093
                ],
                [
                    0.10780663788318634,
                    -0.023630032315850258,
                    0.9938909411430359
                ]
            ],
            [
                [
                    0.9982017874717712,
                    -0.05092956870794296,
                    0.03161240369081497
                ],
                [
                    0.048380088061094284,
                    0.9958754777908325,
                    0.07675541192293167
                ],
                [
                    -0.03539114072918892,
                    -0.07508798688650131,
                    0.9965486526489258
                ]
            ],
            [
                [
                    0.9917572140693665,
                    0.10941045731306076,
                    0.06668638437986374
                ],
                [
                    -0.11512184143066406,
                    0.9893691539764404,
                    0.08885715901851654
                ],
                [
                    -0.05625554919242859,
                    -0.09580177813768387,
                    0.9938095211982727
                ]
            ],
            [
                [
                    0.96970134973526,
                    -0.14422069489955902,
                    0.1971791833639145
                ],
                [
                    0.10790859162807465,
                    0.9770005345344543,
                    0.18391700088977814
                ],
                [
                    -0.21916885673999786,
                    -0.15706723928451538,
                    0.9629613757133484
                ]
            ],
            [
                [
                    0.673527717590332,
                    0.2872737944126129,
                    -0.6810537576675415
                ],
                [
                    -0.22615094482898712,
                    0.9572904109954834,
                    0.18014077842235565
                ],
                [
                    0.7037160396575928,
                    0.03269116207957268,
                    0.7097288370132446
                ]
            ],
            [
                [
                    0.8824127912521362,
                    -0.20365482568740845,
                    0.4241136312484741
                ],
                [
                    0.14733819663524628,
                    0.9757319688796997,
                    0.16198347508907318
                ],
                [
                    -0.44680991768836975,
                    -0.08044815063476562,
                    0.8910045027732849
                ]
            ],
            [
                [
                    0.9682813286781311,
                    -0.07707709074020386,
                    0.23767709732055664
                ],
                [
                    0.0846012532711029,
                    0.9961805939674377,
                    -0.021605398505926132
                ],
                [
                    -0.235104039311409,
                    0.04102788120508194,
                    0.9711039066314697
                ]
            ],
            [
                [
                    0.6102722883224487,
                    0.5982484221458435,
                    -0.5192942023277283
                ],
                [
                    -0.47866684198379517,
                    0.8007907271385193,
                    0.36001694202423096
                ],
                [
                    0.6312256455421448,
                    0.028860554099082947,
                    0.775062084197998
                ]
            ],
            [
                [
                    0.770215630531311,
                    -0.5314372181892395,
                    0.35262200236320496
                ],
                [
                    0.518891453742981,
                    0.843622088432312,
                    0.13803409039974213
                ],
                [
                    -0.37083616852760315,
                    0.0766565278172493,
                    0.9255291819572449
                ]
            ],
            [
                [
                    0.9911906719207764,
                    0.00347119546495378,
                    -0.13239729404449463
                ],
                [
                    0.0005513089708983898,
                    0.9995396733283997,
                    0.03033330664038658
                ],
                [
                    0.13244163990020752,
                    -0.030139081180095673,
                    0.9907324910163879
                ]
            ],
            [
                [
                    0.8238869905471802,
                    0.17705869674682617,
                    0.5383870005607605
                ],
                [
                    -0.20160359144210815,
                    0.9793732166290283,
                    -0.013573830015957355
                ],
                [
                    -0.5296850800514221,
                    -0.09735742956399918,
                    0.8425885438919067
                ]
            ],
            [
                [
                    0.9957871437072754,
                    -0.08335933089256287,
                    0.038198452442884445
                ],
                [
                    0.09008803218603134,
                    0.9670461416244507,
                    -0.23812997341156006
                ],
                [
                    -0.01708931289613247,
                    0.24056799709796906,
                    0.970481812953949
                ]
            ],
            [
                [
                    0.9978509545326233,
                    0.04986010864377022,
                    -0.04251142963767052
                ],
                [
                    -0.052003804594278336,
                    0.9973483681678772,
                    -0.050909530371427536
                ],
                [
                    0.039860356599092484,
                    0.05301089584827423,
                    0.997797966003418
                ]
            ],
            [
                [
                    0.9902394413948059,
                    0.11702734231948853,
                    -0.07570058107376099
                ],
                [
                    -0.10491959005594254,
                    0.9834284782409668,
                    0.1478523164987564
                ],
                [
                    0.09174887090921402,
                    -0.1384667009115219,
                    0.986108124256134
                ]
            ],
            [
                [
                    0.9800058007240295,
                    -0.1598021686077118,
                    0.11854071170091629
                ],
                [
                    0.1439521163702011,
                    0.9807382225990295,
                    0.13202370703220367
                ],
                [
                    -0.13735508918762207,
                    -0.11231981962919235,
                    0.9841330051422119
                ]
            ]
        ],
        "betas": [
            0.13982750475406647,
            0.32241174578666687,
            -0.6143159866333008,
            -0.20201215147972107,
            0.028685688972473145,
            -0.12526139616966248,
            -0.09070566296577454,
            0.054708123207092285,
            0.15121787786483765,
            -0.1269204318523407
        ]
    },
    "pred_cam_t": [
        0.2703576683998108,
        0.5042510628700256,
        22.530012130737305
    ],
    "focal_length": [
        5000.0,
        5000.0
    ],
    "pred_keypoints_3d": [
        [
            -0.14952579140663147,
            -0.7081897258758545,
            -0.3511548638343811
        ],
        [
            -0.04707563668489456,
            -0.6541271209716797,
            -0.19343294203281403
        ],
        [
            -0.16566738486289978,
            -0.6225307583808899,
            -0.04483989626169205
        ],
        [
            -0.3257741928100586,
            -0.4373815655708313,
            0.04423025995492935
        ],
        [
            -0.532737135887146,
            -0.296128511428833,
            -0.03065037727355957
        ],
        [
            0.02296312525868416,
            -0.5086055994033813,
            -0.29219046235084534
        ],
        [
            -0.12157763540744781,
            -0.2838400900363922,
            -0.2906627058982849
        ],
        [
            -0.3061984181404114,
            -0.10816337168216705,
            -0.3035551607608795
        ],
        [
            -0.0018855822272598743,
            -0.21858976781368256,
            0.025837788358330727
        ],
        [
            -0.06262033432722092,
            -0.1457485854625702,
            0.08402661234140396
        ],
        [
            -0.19898328185081482,
            0.22001862525939941,
            0.05317356437444687
        ],
        [
            -0.1293615996837616,
            0.4848238229751587,
            0.3561963737010956
        ],
        [
            0.051240451633930206,
            -0.11876967549324036,
            0.019169550389051437
        ],
        [
            0.012333832681179047,
            0.25453153252601624,
            -0.06328295171260834
        ],
        [
            0.02610526978969574,
            0.5236526727676392,
            0.24358691275119781
        ],
        [
            -0.17153312265872955,
            -0.7524750828742981,
            -0.3138020932674408
        ],
        [
            -0.11460966616868973,
            -0.7588202953338623,
            -0.34819769859313965
        ],
        [
            -0.15866205096244812,
            -0.7604103684425354,
            -0.20999068021774292
        ],
        [
            -0.034661490470170975,
            -0.7737149596214294,
            -0.28697365522384644
        ],
        [
            0.00813603401184082,
            0.6857801675796509,
            0.12352430820465088
        ],
        [
            0.07918281853199005,
            0.6648882031440735,
            0.1609726846218109
        ],
        [
            0.044736139476299286,
            0.5139594674110413,
            0.3117862045764923
        ],
        [
            -0.1955464780330658,
            0.6403813362121582,
            0.24647247791290283
        ],
        [
            -0.24489660561084747,
            0.6045089960098267,
            0.30870118737220764
        ],
        [
            -0.10846228897571564,
            0.48320335149765015,
            0.42708510160446167
        ],
        [
            -0.14623142778873444,
            0.4261959493160248,
            0.3461605906486511
        ],
        [
            -0.18409109115600586,
            0.16217710077762604,
            0.04589522257447243
        ],
        [
            -0.11225441843271255,
            -0.27956274151802063,
            0.10667965561151505
        ],
        [
            0.1382625550031662,
            -0.2121487408876419,
            -0.022077074274420738
        ],
        [
            0.026558898389339447,
            0.21771402657032013,
            -0.07071313261985779
        ],
        [
            0.0388403944671154,
            0.48206546902656555,
            0.2371651828289032
        ],
        [
            -0.5145652890205383,
            -0.31236785650253296,
            -0.05554215982556343
        ],
        [
            -0.34002983570098877,
            -0.47015154361724854,
            0.03159021586179733
        ],
        [
            -0.14453990757465363,
            -0.6421881318092346,
            -0.07105877250432968
        ],
        [
            0.027825165539979935,
            -0.5502243638038635,
            -0.2858526110649109
        ],
        [
            -0.12494346499443054,
            -0.30902478098869324,
            -0.3263991177082062
        ],
        [
            -0.3105260133743286,
            -0.1232420802116394,
            -0.3115014433860779
        ],
        [
            -0.05333883315324783,
            -0.6445456743240356,
            -0.19889670610427856
        ],
        [
            -0.11283840239048004,
            -0.8130710124969482,
            -0.2741907835006714
        ],
        [
            0.012846171855926514,
            -0.2459651380777359,
            0.041926540434360504
        ],
        [
            -0.057419948279857635,
            -0.5935173034667969,
            -0.17541202902793884
        ],
        [
            0.006795939058065414,
            -0.4615798592567444,
            -0.057533398270606995
        ],
        [
            -0.1016933023929596,
            -0.7027653455734253,
            -0.2828194499015808
        ],
        [
            -0.11562279611825943,
            -0.8338253498077393,
            -0.26752081513404846
        ]
    ],
    "pred_vertices": [
        [
            -0.11490136384963989,
            -0.8035203814506531,
            -0.3620794117450714
        ],
        [
            -0.12003805488348007,
            -0.7883243560791016,
            -0.3620418906211853
        ],
        [
            -0.10581246763467789,
            -0.7882716059684753,
            -0.35951435565948486
        ],
        [
            -0.09909448027610779,
            -0.8011424541473389,
            -0.35585248470306396
        ],
        [
            -0.10973077267408371,
            -0.7775866985321045,
            -0.3612295985221863
        ],
        [
            -0.12163825333118439,
            -0.776713490486145,
            -0.3617238998413086
        ],
        [
            -0.0938468873500824,
            -0.7855139970779419,
            -0.3535504937171936
        ],
        [
            -0.08630247414112091,
            -0.7955538034439087,
            -0.3478722870349884
        ],
        [
            -0.07676859945058823,
            -0.7544182538986206,
            -0.34005463123321533
        ],
        [
            -0.06799487769603729,
            -0.7530087232589722,
            -0.3335338532924652
        ],
        [
            -0.07161365449428558,
            -0.7641186714172363,
            -0.3369365334510803
        ],
        [
            -0.07988552749156952,
            -0.7624675035476685,
            -0.34203702211380005
        ],
        [
            -0.07058420032262802,
            -0.7296340465545654,
            -0.33257603645324707
        ],
        [
            -0.07808230817317963,
            -0.7184216976165771,
            -0.33463943004608154
        ],
        [
            -0.06994540244340897,
            -0.7121394276618958,
            -0.3261168301105499
        ],
        [
            -0.0629299059510231,
            -0.7232804298400879,
            -0.3225187063217163
        ],
        [
            -0.11894630640745163,
            -0.7234042882919312,
            -0.34113675355911255
        ],
        [
            -0.11266131699085236,
            -0.7177616357803345,
            -0.3415289521217346
        ],
        [
            -0.11012032628059387,
            -0.7248696088790894,
            -0.34356221556663513
        ],
        [
            -0.1168241947889328,
            -0.7297406792640686,
            -0.34247639775276184
        ],
        [
            -0.1315518468618393,
            -0.7305346727371216,
            -0.34391123056411743
        ],
        [
            -0.1300870031118393,
            -0.7368073463439941,
            -0.3424171507358551
        ],
        [
            -0.13730207085609436,
            -0.7388449907302856,
            -0.3453933298587799
        ],
        [
            -0.13842810690402985,
            -0.7316583395004272,
            -0.34785181283950806
        ],
        [
            -0.12282223999500275,
            -0.7174472808837891,
            -0.33825355768203735
        ],
        [
            -0.11593624204397202,
            -0.7118034362792969,
            -0.3384079933166504
        ],
        [
            -0.12479124963283539,
            -0.7281012535095215,
            -0.3412621021270752
        ],
        [
            -0.12667247653007507,
            -0.7229857444763184,
            -0.34183037281036377
        ],
        [
            -0.13299719989299774,
            -0.7142345905303955,
            -0.3481719493865967
        ],
        [
            -0.1318342685699463,
            -0.7194440364837646,
            -0.3485109806060791
        ],
        [
            -0.13817034661769867,
            -0.7185623049736023,
            -0.3529964089393616
        ],
        [
            -0.13789676129817963,
            -0.7131147980690002,
            -0.35077381134033203
        ],
        [
            -0.1261768937110901,
            -0.7162066102027893,
            -0.34168875217437744
        ],
        [
            -0.12750810384750366,
            -0.7185043096542358,
            -0.34472042322158813
        ],
        [
            -0.13004866242408752,
            -0.7140635251998901,
            -0.3448847532272339
        ],
        [
            -0.12935017049312592,
            -0.7124425172805786,
            -0.34128671884536743
        ],
        [
            -0.13264167308807373,
            -0.725823163986206,
            -0.3455008268356323
        ],
        [
            -0.13877582550048828,
            -0.7256090641021729,
            -0.35044535994529724
        ],
        [
            -0.14576895534992218,
            -0.7248573303222656,
            -0.3547634482383728
        ],
        [
            -0.14499182999134064,
            -0.7159372568130493,
            -0.3565325438976288
        ],
        [
            -0.09803024679422379,
            -0.7071646451950073,
            -0.3387611210346222
        ],
        [
            -0.10546530783176422,
            -0.7127061486244202,
            -0.34120166301727295
        ],
        [
            -0.1090022474527359,
            -0.7068206071853638,
            -0.33874768018722534
        ],
        [
            -0.10259338468313217,
            -0.7024688720703125,
            -0.3375486135482788
        ],
        [
            -0.12606360018253326,
            -0.7102171182632446,
            -0.3384065628051758
        ],
        [
            -0.11991125345230103,
            -0.6948941946029663,
            -0.3371354341506958
        ],
        [
            -0.12049006670713425,
            -0.6986098885536194,
            -0.3382640480995178
        ],
        [
            -0.12764401733875275,
            -0.6979972124099731,
            -0.338850200176239
        ],
        [
            -0.12648038566112518,
            -0.6946143507957458,
            -0.33789655566215515
        ],
        [
            -0.08706120401620865,
            -0.6956021785736084,
            -0.33094751834869385
        ],
        [
            -0.09358547627925873,
            -0.6926509141921997,
            -0.33224278688430786
        ],
        [
            -0.0907369926571846,
            -0.686558723449707,
            -0.3287581205368042
        ],
        [
            -0.08407749235630035,
            -0.6882469058036804,
            -0.32604703307151794
        ],
        [
            -0.09134016185998917,
            -0.6804492473602295,
            -0.3255593776702881
        ],
        [
            -0.08258428424596786,
            -0.6807184219360352,
            -0.32110634446144104
        ],
        [
            -0.0878094732761383,
            -0.6654807925224304,
            -0.31353023648262024
        ],
        [
            -0.08487675338983536,
            -0.6722759008407593,
            -0.31707584857940674
        ],
        [
            -0.09378769248723984,
            -0.6742171049118042,
            -0.32282230257987976
        ],
        [
            -0.09866966307163239,
            -0.6676726937294006,
            -0.3217318654060364
        ],
        [
            -0.11337882280349731,
            -0.6698347330093384,
            -0.3242955803871155
        ],
        [
            -0.11936242133378983,
            -0.6673409938812256,
            -0.3235997259616852
        ],
        [
            -0.11215630173683167,
            -0.6564130783081055,
            -0.32073846459388733
        ],
        [
            -0.10565084964036942,
            -0.6607693433761597,
            -0.32153192162513733
        ],
        [
            -0.11714205145835876,
            -0.6900264620780945,
            -0.3320073187351227
        ],
        [
            -0.11254440248012543,
            -0.6911846995353699,
            -0.3314972519874573
        ],
        [
            -0.11356242746114731,
            -0.6920822858810425,
            -0.3339616060256958
        ],
        [
            -0.11875855177640915,
            -0.6920303702354431,
            -0.3349645137786865
        ],
        [
            -0.1085732951760292,
            -0.691734790802002,
            -0.33163994550704956
        ],
        [
            -0.10677656531333923,
            -0.6917636394500732,
            -0.33173781633377075
        ],
        [
            -0.10771866887807846,
            -0.6927392482757568,
            -0.3329538106918335
        ],
        [
            -0.10909423232078552,
            -0.6925603151321411,
            -0.3322868347167969
        ],
        [
            -0.1109936460852623,
            -0.6918288469314575,
            -0.33180052042007446
        ],
        [
            -0.11168119311332703,
            -0.6897462606430054,
            -0.33117586374282837
        ],
        [
            -0.10944388806819916,
            -0.6906903982162476,
            -0.3314802646636963
        ],
        [
            -0.11576279997825623,
            -0.6878583431243896,
            -0.33168676495552063
        ],
        [
            -0.12953050434589386,
            -0.6824600696563721,
            -0.3320600390434265
        ],
        [
            -0.1257353127002716,
            -0.6835533976554871,
            -0.3326799273490906
        ],
        [
            -0.1274758279323578,
            -0.6879820823669434,
            -0.3321026861667633
        ],
        [
            -0.13072119653224945,
            -0.6873996257781982,
            -0.3316206634044647
        ],
        [
            -0.11034926772117615,
            -0.694252610206604,
            -0.3341858386993408
        ],
        [
            -0.10824957489967346,
            -0.6958721876144409,
            -0.33515122532844543
        ],
        [
            -0.11353150755167007,
            -0.6973798274993896,
            -0.3368529975414276
        ],
        [
            -0.11377421766519547,
            -0.694703221321106,
            -0.33522647619247437
        ],
        [
            -0.1062038391828537,
            -0.6982685327529907,
            -0.33661553263664246
        ],
        [
            -0.10574239492416382,
            -0.6943024396896362,
            -0.33376145362854004
        ],
        [
            -0.10293425619602203,
            -0.6955342888832092,
            -0.33473145961761475
        ],
        [
            -0.10694532096385956,
            -0.6900296211242676,
            -0.3311039209365845
        ],
        [
            -0.103655144572258,
            -0.6890362501144409,
            -0.33076387643814087
        ],
        [
            -0.10404520481824875,
            -0.6913836002349854,
            -0.33251655101776123
        ],
        [
            -0.10500435531139374,
            -0.68561190366745,
            -0.32935142517089844
        ],
        [
            -0.10918374359607697,
            -0.6877212524414062,
            -0.33025920391082764
        ],
        [
            -0.11301343142986298,
            -0.68491131067276,
            -0.3304300308227539
        ],
        [
            -0.11814308166503906,
            -0.6820578575134277,
            -0.3308543562889099
        ],
        [
            -0.11376679688692093,
            -0.678376317024231,
            -0.32819846272468567
        ],
        [
            -0.10861103981733322,
            -0.6818749904632568,
            -0.3285505175590515
        ],
        [
            -0.11216776818037033,
            -0.7016401290893555,
            -0.33788472414016724
        ],
        [
            -0.09952008724212646,
            -0.6918286681175232,
            -0.33248552680015564
        ],
        [
            -0.09784411638975143,
            -0.6984968185424805,
            -0.33505943417549133
        ],
        [
            -0.09824556112289429,
            -0.6874556541442871,
            -0.33036166429519653
        ],
        [
            -0.09909176826477051,
            -0.6828817129135132,
            -0.3280443251132965
        ],
        [
            -0.10233762860298157,
            -0.6778513193130493,
            -0.32616907358169556
        ],
        [
            -0.10763360559940338,
            -0.6737363338470459,
            -0.3251308500766754
        ],
        [
            -0.10372024774551392,
            -0.651178240776062,
            -0.3096161186695099
        ],
        [
            -0.09617232531309128,
            -0.6569308042526245,
            -0.3119731843471527
        ],
        [
            -0.12060997635126114,
            -0.7704569697380066,
            -0.356751024723053
        ],
        [
            -0.11175645887851715,
            -0.7709453701972961,
            -0.35861194133758545
        ],
        [
            -0.10763223469257355,
            -0.7645323276519775,
            -0.35350459814071655
        ],
        [
            -0.10654473304748535,
            -0.7670927047729492,
            -0.35440874099731445
        ],
        [
            -0.11279066652059555,
            -0.7671911716461182,
            -0.3550400733947754
        ],
        [
            -0.1123611181974411,
            -0.7644616365432739,
            -0.35381603240966797
        ],
        [
            -0.0880165621638298,
            -0.7628363370895386,
            -0.3447035849094391
        ],
        [
            -0.09444045275449753,
            -0.7629330158233643,
            -0.3469546437263489
        ],
        [
            -0.09285316616296768,
            -0.7594221234321594,
            -0.3448696434497833
        ],
        [
            -0.0851261243224144,
            -0.7565425634384155,
            -0.34325671195983887
        ],
        [
            -0.1006893739104271,
            -0.7496613264083862,
            -0.3456437289714813
        ],
        [
            -0.09593832492828369,
            -0.7519752383232117,
            -0.3450932502746582
        ],
        [
            -0.10168755799531937,
            -0.7576250433921814,
            -0.34741461277008057
        ],
        [
            -0.10518641769886017,
            -0.7559810876846313,
            -0.3478318452835083
        ],
        [
            -0.10910902172327042,
            -0.7547171115875244,
            -0.3477383553981781
        ],
        [
            -0.1132199764251709,
            -0.7538003921508789,
            -0.34675997495651245
        ],
        [
            -0.11162007600069046,
            -0.7490684986114502,
            -0.345220148563385
        ],
        [
            -0.10633372515439987,
            -0.749113917350769,
            -0.345741868019104
        ],
        [
            -0.11927849054336548,
            -0.7675393223762512,
            -0.3533778488636017
        ],
        [
            -0.12528175115585327,
            -0.7659140825271606,
            -0.34958869218826294
        ],
        [
            -0.12315370887517929,
            -0.7634418606758118,
            -0.34918901324272156
        ],
        [
            -0.11816757917404175,
            -0.7644343376159668,
            -0.35258030891418457
        ],
        [
            -0.12844884395599365,
            -0.7573326826095581,
            -0.33904385566711426
        ],
        [
            -0.12837199866771698,
            -0.7594363689422607,
            -0.34102052450180054
        ],
        [
            -0.13233083486557007,
            -0.7601913213729858,
            -0.3407798111438751
        ],
        [
            -0.13168694078922272,
            -0.7560813426971436,
            -0.3388213515281677
        ],
        [
            -0.12911070883274078,
            -0.7534546852111816,
            -0.33938008546829224
        ],
        [
            -0.12721844017505646,
            -0.755801796913147,
            -0.3397555947303772
        ],
        [
            -0.1265835464000702,
            -0.8236774206161499,
            -0.36051416397094727
        ],
        [
            -0.131410613656044,
            -0.8053550720214844,
            -0.3625706732273102
        ],
        [
            -0.10673868656158447,
            -0.8223427534103394,
            -0.3552156090736389
        ],
        [
            -0.09120786935091019,
            -0.8164247870445251,
            -0.34807199239730835
        ],
        [
            -0.07831805944442749,
            -0.8065618276596069,
            -0.3411451578140259
        ],
        [
            -0.07870729267597198,
            -0.702447235584259,
            -0.3289901912212372
        ],
        [
            -0.07339295744895935,
            -0.695409893989563,
            -0.32237449288368225
        ],
        [
            -0.06258263438940048,
            -0.7061327695846558,
            -0.31739097833633423
        ],
        [
            -0.06044398993253708,
            -0.6969414949417114,
            -0.3104957938194275
        ],
        [
            -0.07171144336462021,
            -0.6857725381851196,
            -0.3161439299583435
        ],
        [
            -0.07954849302768707,
            -0.6666673421859741,
            -0.30263641476631165
        ],
        [
            -0.0737079530954361,
            -0.6754409074783325,
            -0.3096310496330261
        ],
        [
            -0.06075419485569,
            -0.6875545978546143,
            -0.3017134964466095
        ],
        [
            -0.04932713508605957,
            -0.7044976949691772,
            -0.2955559194087982
        ],
        [
            -0.05154610052704811,
            -0.7102693319320679,
            -0.30475157499313354
        ],
        [
            -0.04341018944978714,
            -0.723222017288208,
            -0.290097177028656
        ],
        [
            -0.04824153333902359,
            -0.6992020010948181,
            -0.28233566880226135
        ],
        [
            -0.04257830232381821,
            -0.7243398427963257,
            -0.2818838953971863
        ],
        [
            -0.05836702138185501,
            -0.661095380783081,
            -0.2666448950767517
        ],
        [
            -0.05259132757782936,
            -0.6498117446899414,
            -0.26084455847740173
        ],
        [
            -0.03699348866939545,
            -0.659935474395752,
            -0.2618813216686249
        ],
        [
            -0.042654238641262054,
            -0.6713035106658936,
            -0.26677167415618896
        ],
        [
            -0.05571620166301727,
            -0.7168699502944946,
            -0.3131389319896698
        ],
        [
            -0.06894787400960922,
            -0.7761983871459961,
            -0.3338533043861389
        ],
        [
            -0.07699096202850342,
            -0.7731331586837769,
            -0.3409409821033478
        ],
        [
            -0.0628562793135643,
            -0.7649661898612976,
            -0.32910680770874023
        ],
        [
            -0.07063538581132889,
            -0.8381113409996033,
            -0.3295942544937134
        ],
        [
            -0.08172057569026947,
            -0.8288857936859131,
            -0.3411381244659424
        ],
        [
            -0.06965330243110657,
            -0.8166425824165344,
            -0.33530524373054504
        ],
        [
            -0.060676395893096924,
            -0.8270808458328247,
            -0.3253263235092163
        ],
        [
            -0.105242058634758,
            -0.8658853769302368,
            -0.3317320644855499
        ],
        [
            -0.11562858521938324,
            -0.8467663526535034,
            -0.34936875104904175
        ],
        [
            -0.09981385618448257,
            -0.8393832445144653,
            -0.3458032011985779
        ],
        [
            -0.0891612097620964,
            -0.8544789552688599,
            -0.3328961133956909
        ],
        [
            -0.05340695381164551,
            -0.8318429589271545,
            -0.3150177001953125
        ],
        [
            -0.045618027448654175,
            -0.8378471732139587,
            -0.2998921275138855
        ],
        [
            -0.04950885474681854,
            -0.8540017008781433,
            -0.2952560782432556
        ],
        [
            -0.06073137745261192,
            -0.8485004901885986,
            -0.3137015104293823
        ],
        [
            -0.06102178618311882,
            -0.8744293451309204,
            -0.28840240836143494
        ],
        [
            -0.07487520575523376,
            -0.8677436113357544,
            -0.31092822551727295
        ],
        [
            -0.03709268942475319,
            -0.7133604884147644,
            -0.27079421281814575
        ],
        [
            -0.03772866353392601,
            -0.7323887348175049,
            -0.27256739139556885
        ],
        [
            -0.04919528588652611,
            -0.6840351819992065,
            -0.27341723442077637
        ],
        [
            -0.03545679152011871,
            -0.6960800886154175,
            -0.26768046617507935
        ],
        [
            -0.07738703489303589,
            -0.8882217407226562,
            -0.27875036001205444
        ],
        [
            -0.09326948970556259,
            -0.8819916844367981,
            -0.3057270050048828
        ],
        [
            -0.0284268781542778,
            -0.8301777839660645,
            -0.24922305345535278
        ],
        [
            -0.033283159136772156,
            -0.8443135619163513,
            -0.2606657147407532
        ],
        [
            -0.032254379242658615,
            -0.8284070491790771,
            -0.274392306804657
        ],
        [
            -0.02740045264363289,
