{
    "pred_cam": [
        1.7559351921081543,
        0.2959826588630676,
        0.4888574779033661
    ],
    "pred_smpl_params": {
        "global_orient": [
            [
                [
                    0.8772710561752319,
                    0.06514303386211395,
                    -0.47555410861968994
                ],
                [
                    0.1836535632610321,
                    -0.9609135389328003,
                    0.2071627825498581
                ],
                [
                    -0.443471223115921,
                    -0.2690751552581787,
                    -0.8549453616142273
                ]
            ]
        ],
        "body_pose": [
            [
                [
                    0.9780933856964111,
                    -0.17865800857543945,
                    0.1068393811583519
                ],
                [
                    0.10590314120054245,
                    0.8689183592796326,
                    0.48349282145500183
                ],
                [
                    -0.17921458184719086,
                    -0.46158650517463684,
                    0.8688037395477295
                ]
            ],
            [
                [
                    0.9888643622398376,
                    0.023946357890963554,
                    0.14688026905059814
                ],
                [
                    -0.0966290533542633,
                    0.8539341688156128,
                    0.5113308429718018
                ],
                [
                    -0.11318157613277435,
                    -0.5198297500610352,
                    0.8467389941215515
                ]
            ],
            [
                [
                    0.9952616095542908,
                    -0.028440097346901894,
                    -0.09298078715801239
                ],
                [
                    -0.017654772847890854,
                    0.8875148892402649,
                    -0.4604405164718628
                ],
                [
                    0.09561682492494583,
                    0.4599003493785858,
                    0.8828073740005493
                ]
            ],
            [
                [
                    0.9837131500244141,
                    0.17197076976299286,
                    -0.05229153484106064
                ],
                [
                    -0.08235521614551544,
                    0.17263303697109222,
                    -0.9815372228622437
                ],
                [
                    -0.15976840257644653,
                    0.9698576927185059,
                    0.18398408591747284
                ]
            ],
            [
                [
                    0.9786821603775024,
                    0.04091548174619675,
                    0.20126381516456604
                ],
                [
                    0.19079065322875977,
                    0.18163622915744781,
                    -0.9646798372268677
                ],
                [
                    -0.07602713257074356,
                    0.9825142025947571,
                    0.16995784640312195
                ]
            ],
            [
                [
                    0.9929919838905334,
                    -0.04583308845758438,
                    -0.1089324876666069
                ],
                [
                    0.047582998871803284,
                    0.9987757802009583,
                    0.013518087565898895
                ],
                [
                    0.10817956179380417,
                    -0.01860668696463108,
                    0.9939572215080261
                ]
            ],
            [
                [
                    0.9640662670135498,
                    -0.090689517557621,
                    0.2497028410434723
                ],
                [
                    0.04732651636004448,
                    0.9835218787193298,
                    0.1744845062494278
                ],
                [
                    -0.2614121437072754,
                    -0.15639708936214447,
                    0.9524722695350647
                ]
            ],
            [
                [
                    0.9772531986236572,
                    0.04004193842411041,
                    -0.20826132595539093
                ],
                [
                    0.0019573199097067118,
                    0.9802689552307129,
                    0.19765864312648773
                ],
                [
                    0.21206675469875336,
                    -0.19357018172740936,
                    0.9578925967216492
                ]
            ],
            [
                [
                    0.9929362535476685,
                    -0.030869891867041588,
                    -0.11456256359815598
                ],
                [
                    0.032289743423461914,
                    0.9994227886199951,
                    0.010558282025158405
                ],
                [
                    0.11417049914598465,
                    -0.01418289728462696,
                    0.9933599233627319
                ]
            ],
            [
                [
                    0.999218225479126,
                    -0.023546885699033737,
                    0.031757354736328125
                ],
                [
                    0.019979780539870262,
                    0.993916928768158,
                    0.10830558091402054
                ],
                [
                    -0.034114427864551544,
                    -0.10758639872074127,
                    0.9936103820800781
                ]
            ],
            [
                [
                    0.9946883916854858,
                    0.09148164093494415,
                    0.047182463109493256
                ],
                [
                    -0.09690996259450912,
                    0.9868024587631226,
                    0.129728302359581
                ],
                [
                    -0.034692008048295975,
                    -0.13361167907714844,
                    0.9904264211654663
                ]
            ],
            [
                [
                    0.9697434902191162,
                    -0.11769726127386093,
                    0.21388067305088043
                ],
                [
                    0.06811120361089706,
                    0.9717584848403931,
                    0.22593404352664948
                ],
                [
                    -0.23443220555782318,
                    -0.20453038811683655,
                    0.9503729939460754
                ]
            ],
            [
                [
                    0.6488010287284851,
                    0.27439457178115845,
                    -0.7097638845443726
                ],
                [
                    -0.19552016258239746,
                    0.9615216255187988,
                    0.19299745559692383
                ],
                [
                    0.7354108095169067,
                    0.01355619914829731,
                    0.6774858832359314
                ]
            ],
            [
                [
                    0.8809524774551392,
                    -0.18223510682582855,
                    0.43670710921287537
                ],
                [
                    0.11995744705200195,
                    0.9787291288375854,
                    0.16643187403678894
                ],
                [
                    -0.4577476680278778,
                    -0.09423230588436127,
                    0.884074330329895
                ]
            ],
            [
                [
                    0.9668036103248596,
                    -0.06095852330327034,
                    0.24814298748970032
                ],
                [
                    0.060754626989364624,
                    0.9981166124343872,
                    0.008486811071634293
                ],
                [
                    -0.24819301068782806,
                    0.006870752666145563,
                    0.9686862826347351
                ]
            ],
            [
                [
                    0.6014861464500427,
                    0.5966372489929199,
                    -0.5312612056732178
                ],
                [
                    -0.45666730403900146,
                    0.8024278879165649,
                    0.3841412663459778
                ],
                [
                    0.6554917693138123,
                    0.011553959921002388,
                    0.755113959312439
                ]
            ],
            [
                [
                    0.7836289405822754,
                    -0.5271698832511902,
                    0.3286603093147278
                ],
                [
                    0.5054925084114075,
                    0.8486231565475464,
                    0.15593619644641876
                ],
                [
                    -0.36111360788345337,
                    0.043939199298620224,
                    0.9314860701560974
                ]
            ],
            [
                [
                    0.9969272017478943,
                    0.010076884180307388,
                    -0.07768245041370392
                ],
                [
                    -0.007985016331076622,
                    0.9995983242988586,
                    0.027192343026399612
                ],
                [
                    0.07792526483535767,
                    -0.026488492265343666,
                    0.99660724401474
                ]
            ],
            [
                [
                    0.8635806441307068,
                    0.17428633570671082,
                    0.4731307625770569
                ],
                [
                    -0.20152930915355682,
                    0.9794571399688721,
                    0.007039908319711685
                ],
                [
                    -0.4621843993663788,
                    -0.10142924636602402,
                    0.8809640407562256
                ]
            ],
            [
                [
                    0.9970525503158569,
                    -0.04943336173892021,
                    0.05867357924580574
                ],
                [
                    0.0638284981250763,
                    0.9587888121604919,
                    -0.27685728669166565
                ],
                [
                    -0.04256958141922951,
                    0.2797863185405731,
                    0.9591180682182312
                ]
            ],
            [
                [
                    0.9966921210289001,
                    0.021371187642216682,
                    -0.07840964198112488
                ],
                [
                    -0.028591297566890717,
                    0.995334804058075,
                    -0.09214725345373154
                ],
                [
                    0.07607454806566238,
                    0.09408427774906158,
                    0.9926533699035645
                ]
            ],
            [
                [
                    0.9918988943099976,
                    0.10431061685085297,
                    -0.07249708473682404
                ],
                [
                    -0.09359856694936752,
                    0.9859911203384399,
                    0.1380610316991806
                ],
                [
                    0.08588270843029022,
                    -0.1301569789648056,
                    0.9877668023109436
                ]
            ],
            [
                [
                    0.9837968349456787,
                    -0.14654184877872467,
                    0.10329200327396393
                ],
                [
                    0.13281886279582977,
                    0.982691764831543,
                    0.12913575768470764
                ],
                [
                    -0.12042799592018127,
                    -0.11332422494888306,
                    0.986232578754425
                ]
            ]
        ],
        "betas": [
            0.20506514608860016,
            0.3845328092575073,
            -0.6976932287216187,
            -0.19117143750190735,
            0.017862141132354736,
            -0.1181468591094017,
            -0.09695327281951904,
            0.04110908508300781,
            0.16420039534568787,
            -0.14377343654632568
        ]
    },
    "pred_cam_t": [
        0.2959826588630676,
        0.4888574779033661,
        22.245981216430664
    ],
    "focal_length": [
        5000.0,
        5000.0
    ],
    "pred_keypoints_3d": [
        [
            -0.1423478126525879,
            -0.702644944190979,
            -0.37851762771606445
        ],
        [
            -0.05502376705408096,
            -0.6466001272201538,
            -0.21126580238342285
        ],
        [
            -0.1786419302225113,
            -0.617611289024353,
            -0.06801129877567291
        ],
        [
            -0.34469085931777954,
            -0.43545034527778625,
            0.02015700936317444
        ],
        [
            -0.5564517974853516,
            -0.2910693287849426,
            -0.03914787992835045
        ],
        [
            0.019605765119194984,
            -0.5020151734352112,
            -0.3038196265697479
        ],
        [
            -0.1342792958021164,
            -0.2818242311477661,
            -0.3027152121067047
        ],
        [
            -0.3165234625339508,
            -0.10154733061790466,
            -0.31746986508369446
        ],
        [
            -0.0019726515747606754,
            -0.21889963746070862,
            0.025429271161556244
        ],
        [
            -0.06258198618888855,
            -0.14621497690677643,
            0.08346107602119446
        ],
        [
            -0.22461442649364471,
            0.20730175077915192,
            0.023383907973766327
        ],
        [
            -0.144557386636734,
            0.3520171642303467,
            0.3991006016731262
        ],
        [
            0.05503697693347931,
            -0.12130735069513321,
            0.026700491085648537
        ],
        [
            0.04492156580090523,
            0.2512142062187195,
            -0.0745619684457779
        ],
        [
            0.07957026362419128,
            0.38050025701522827,
            0.3135541081428528
        ],
        [
            -0.16611570119857788,
            -0.7481498718261719,
            -0.34321677684783936
        ],
        [
            -0.10579410195350647,
            -0.7522757649421692,
            -0.3720208406448364
        ],
        [
            -0.16270498931407928,
            -0.7551666498184204,
            -0.2383081316947937
        ],
        [
            -0.032061245292425156,
            -0.7636323571205139,
            -0.3032248616218567
        ],
        [
            0.0879143476486206,
            0.5704684257507324,
            0.24514251947402954
        ],
        [
            0.1541847586631775,
            0.5301889181137085,
            0.27461445331573486
        ],
        [
            0.09562215209007263,
            0.3461803197860718,
            0.37368202209472656
        ],
        [
            -0.2035936713218689,
            0.5326200127601624,
            0.33016031980514526
        ],
        [
            -0.2546638250350952,
            0.48313766717910767,
            0.3801131248474121
        ],
        [
            -0.12667159736156464,
            0.3300386667251587,
            0.4677553176879883
        ],
        [
            -0.1648741215467453,
            0.3005956709384918,
            0.37101149559020996
        ],
        [
            -0.2079322636127472,
            0.1567259430885315,
            0.017403997480869293
        ],
        [
            -0.11714250594377518,
            -0.2784588932991028,
            0.0996539369225502
        ],
        [
            0.1422078162431717,
            -0.21699213981628418,
            -0.013131446205079556
        ],
        [
            0.05749835819005966,
            0.21858635544776917,
            -0.08110474050045013
        ],
        [
            0.08768624067306519,
            0.3422657251358032,
            0.29124391078948975
        ],
        [
            -0.5387224555015564,
            -0.30407875776290894,
            -0.06547476351261139
        ],
        [
            -0.35775992274284363,
            -0.4676855802536011,
            0.00688494648784399
        ],
        [
            -0.15713798999786377,
            -0.6372300386428833,
            -0.09317882359027863
        ],
        [
            0.024508439004421234,
            -0.5429457426071167,
            -0.29826316237449646
        ],
        [
            -0.13567981123924255,
            -0.3062741756439209,
            -0.3385380506515503
        ],
        [
            -0.3209187090396881,
            -0.11589553952217102,
            -0.32506728172302246
        ],
        [
            -0.060344498604536057,
            -0.637734055519104,
            -0.21673542261123657
        ],
        [
            -0.10881522297859192,
            -0.8060156106948853,
            -0.2980031371116638
        ],
        [
            0.012137185782194138,
            -0.24781611561775208,
            0.04278380423784256
        ],
        [
            -0.06516925245523453,
            -0.5874753594398499,
            -0.19242995977401733
        ],
        [
            -0.00028555653989315033,
            -0.45898154377937317,
            -0.0676349624991417
        ],
        [
            -0.10091926902532578,
            -0.695723295211792,
            -0.30563580989837646
        ],
        [
            -0.11145807057619095,
            -0.826943039894104,
            -0.2915109694004059
        ]
    ],
    "pred_vertices": [
        [
            -0.10338486731052399,
            -0.7961491346359253,
            -0.3853752017021179
        ],
        [
            -0.10893534123897552,
            -0.7812108993530273,
            -0.38596123456954956
        ],
        [
            -0.09497104585170746,
            -0.7805628776550293,
            -0.3821865916252136
        ],
        [
            -0.0881740152835846,
            -0.7933428287506104,
            -0.37782976031303406
        ],
        [
            -0.09915779531002045,
            -0.770184338092804,
            -0.3842099905014038
        ],
        [
            -0.11090750992298126,
            -0.7697351574897766,
            -0.38580185174942017
        ],
        [
            -0.0837111845612526,
            -0.7775119543075562,
            -0.37514159083366394
        ],
        [
            -0.07645222544670105,
            -0.7875221371650696,
            -0.3687005043029785
        ],
        [
            -0.0688529685139656,
            -0.7461867332458496,
            -0.3603816032409668
        ],
        [
            -0.06071314588189125,
            -0.7442179918289185,
            -0.35290735960006714
        ],
        [
            -0.0637955293059349,
            -0.7552832961082458,
            -0.3567526340484619
        ],
        [
            -0.07165999710559845,
            -0.7540326118469238,
            -0.3624778985977173
        ],
        [
            -0.0646452084183693,
            -0.7211853265762329,
            -0.3524317741394043
        ],
        [
            -0.07237936556339264,
            -0.7103359699249268,
            -0.35521870851516724
        ],
        [
            -0.06533946841955185,
            -0.7037293910980225,
            -0.3460013270378113
        ],
        [
            -0.058313556015491486,
            -0.7146217823028564,
            -0.3417344093322754
        ],
        [
            -0.1121598333120346,
            -0.7169680595397949,
            -0.36544156074523926
        ],
        [
            -0.10612323880195618,
            -0.7110919952392578,
            -0.36522775888442993
        ],
        [
            -0.10311320424079895,
            -0.7180678844451904,
            -0.36694610118865967
        ],
        [
            -0.10968832671642303,
            -0.7232077121734619,
            -0.3665462136268616
        ],
        [
            -0.12427203357219696,
            -0.7243238687515259,
            -0.3694332540035248
        ],
        [
            -0.12271851301193237,
            -0.7305340766906738,
            -0.3677181303501129
        ],
        [
            -0.12955671548843384,
            -0.7328798174858093,
            -0.3714342713356018
        ],
        [
            -0.13073872029781342,
            -0.7257022261619568,
            -0.37404295802116394
        ],
        [
            -0.11654089391231537,
            -0.7111213207244873,
            -0.3631667494773865
        ],
        [
            -0.10995177924633026,
            -0.7052476406097412,
            -0.362587034702301
        ],
        [
            -0.1178101897239685,
            -0.7218843102455139,
            -0.3661848306655884
        ],
        [
            -0.11988615989685059,
            -0.7165956497192383,
            -0.36694246530532837
        ],
        [
            -0.12597155570983887,
            -0.7080808877944946,
            -0.3739512264728546
        ],
        [
            -0.1246122270822525,
            -0.7132319211959839,
            -0.3741035461425781
        ],
        [
            -0.1305205225944519,
            -0.7126008868217468,
            -0.3792775273323059
        ],
        [
            -0.13065959513187408,
            -0.7071294188499451,
            -0.37704986333847046
        ],
        [
            -0.11969535052776337,
            -0.7097864151000977,
            -0.3668631911277771
        ],
        [
            -0.12066382169723511,
            -0.712110161781311,
            -0.3699761629104614
        ],
        [
            -0.12335275858640671,
            -0.7077728509902954,
            -0.3704272508621216
        ],
        [
            -0.12304277718067169,
            -0.7061493396759033,
            -0.3668239116668701
        ],
        [
            -0.12539905309677124,
            -0.7196774482727051,
            -0.3712250590324402
        ],
        [
            -0.13107842206954956,
            -0.7196855545043945,
            -0.37673020362854004
        ],
        [
            -0.13768693804740906,
            -0.7192137241363525,
            -0.3817538321018219
        ],
        [
            -0.13702818751335144,
            -0.7101469039916992,
            -0.383436381816864
        ],
        [
            -0.09231581538915634,
            -0.6999108791351318,
            -0.3611545264720917
        ],
        [
            -0.09922822564840317,
            -0.7057973146438599,
            -0.36429470777511597
        ],
        [
            -0.1032324805855751,
            -0.6999807953834534,
            -0.36229535937309265
        ],
        [
            -0.09714875370264053,
            -0.6953753232955933,
            -0.36048591136932373
        ],
        [
            -0.12011280655860901,
            -0.7037650346755981,
            -0.36358264088630676
        ],
        [
            -0.11475832760334015,
            -0.6881216764450073,
            -0.3618096113204956
        ],
        [
            -0.11508309841156006,
            -0.6918671131134033,
            -0.3629601001739502
        ],
        [
            -0.12217449396848679,
            -0.6915324926376343,
            -0.3642311096191406
        ],
        [
            -0.12123676389455795,
            -0.6881167888641357,
            -0.36317557096481323
        ],
        [
            -0.08262363076210022,
            -0.6878814101219177,
            -0.3523969054222107
        ],
        [
            -0.08908605575561523,
            -0.6851775050163269,
            -0.3543328046798706
        ],
        [
            -0.08680544048547745,
            -0.6789383888244629,
            -0.3505935072898865
        ],
        [
            -0.08040392398834229,
            -0.6803638935089111,
            -0.3472331464290619
        ],
        [
            -0.0879243016242981,
            -0.6728119850158691,
            -0.34739476442337036
        ],
        [
            -0.07962349057197571,
            -0.6727083921432495,
            -0.34213346242904663
        ],
        [
            -0.08599120378494263,
            -0.6576012372970581,
            -0.33511537313461304
        ],
        [
            -0.08257265388965607,
            -0.6643053293228149,
            -0.3383426070213318
        ],
        [
            -0.09083650261163712,
            -0.6666118502616882,
            -0.3449246883392334
        ],
        [
            -0.09601184725761414,
            -0.6601918935775757,
            -0.3443893790245056
        ],
        [
            -0.11035226285457611,
            -0.6629682779312134,
            -0.34847453236579895
        ],
        [
            -0.11650513112545013,
            -0.6606782674789429,
            -0.34840744733810425
        ],
        [
            -0.10997197031974792,
            -0.6495175361633301,
            -0.3447699546813965
        ],
        [
            -0.10325261950492859,
            -0.6535272598266602,
            -0.3448982238769531
        ],
        [
            -0.11261112242937088,
            -0.683364987373352,
            -0.3565896153450012
        ],
        [
            -0.10803508013486862,
            -0.6843750476837158,
            -0.3555927276611328
        ],
        [
            -0.10879774391651154,
            -0.68531334400177,
            -0.3581443428993225
        ],
        [
            -0.11387680470943451,
            -0.6854639053344727,
            -0.35966038703918457
        ],
        [
            -0.10408607125282288,
            -0.6848101615905762,
            -0.35530346632003784
        ],
        [
            -0.10228721052408218,
            -0.6847604513168335,
            -0.35520488023757935
        ],
        [
            -0.1030740737915039,
            -0.6857818961143494,
            -0.3565182685852051
        ],
        [
            -0.10449297726154327,
            -0.6857044696807861,
            -0.35605329275131226
        ],
        [
            -0.10645946115255356,
            -0.6850154399871826,
            -0.35577642917633057
        ],
        [
            -0.10726481676101685,
            -0.6829307079315186,
            -0.35525214672088623
        ],
        [
            -0.10500805079936981,
            -0.6837745904922485,
            -0.3552618622779846
        ],
        [
            -0.11135444045066833,
            -0.6811764240264893,
            -0.3561818599700928
        ],
        [
            -0.12533347308635712,
            -0.6760320663452148,
            -0.3577166795730591
        ],
        [
            -0.12139898538589478,
            -0.6772183179855347,
            -0.3580722212791443
        ],
        [
            -0.12300525605678558,
            -0.6816930770874023,
            -0.35774046182632446
        ],
        [
            -0.1263725310564041,
            -0.6810067892074585,
            -0.35746055841445923
        ],
        [
            -0.10553944855928421,
            -0.6872298717498779,
            -0.3579459488391876
        ],
        [
            -0.10325835645198822,
            -0.688931941986084,
            -0.3587541878223419
        ],
        [
            -0.10830660164356232,
            -0.6906135082244873,
            -0.3609873652458191
        ],
        [
            -0.10879220068454742,
            -0.6879547834396362,
            -0.3594065308570862
        ],
        [
            -0.10099705308675766,
            -0.6912797689437866,
            -0.36000651121139526
        ],
        [
            -0.10097264498472214,
            -0.6872587203979492,
            -0.35712891817092896
        ],
        [
            -0.09809964895248413,
            -0.6882197260856628,
            -0.35764989256858826
        ],
        [
            -0.10257884860038757,
            -0.6830229759216309,
            -0.3546229302883148
        ],
        [
            -0.09938446432352066,
            -0.6819030046463013,
            -0.3539389371871948
        ],
        [
            -0.09952223300933838,
            -0.6842761635780334,
            -0.3557049036026001
        ],
        [
            -0.1009892076253891,
            -0.6785029768943787,
            -0.35268062353134155
        ],
        [
            -0.10497001558542252,
            -0.6807657480239868,
            -0.3540213704109192
        ],
        [
            -0.10887259989976883,
            -0.6780768036842346,
            -0.3545806109905243
        ],
        [
            -0.1140541061758995,
            -0.6754172444343567,
            -0.3554993271827698
        ],
        [
            -0.11008089780807495,
            -0.6715532541275024,
            -0.3524121046066284
        ],
        [
            -0.1047864556312561,
            -0.6748676896095276,
            -0.35225921869277954
        ],
        [
            -0.10671413689851761,
            -0.6946316957473755,
            -0.3617275357246399
        ],
        [
            -0.09499868005514145,
            -0.6845769286155701,
            -0.35518041253089905
        ],
        [
            -0.09281089156866074,
            -0.6912317872047424,
            -0.35752469301223755
        ],
        [
            -0.09410178661346436,
            -0.6801431179046631,
            -0.3529520034790039
        ],
        [
            -0.095335453748703,
            -0.6755635142326355,
            -0.3507198691368103
        ],
        [
            -0.09890729933977127,
            -0.6705660820007324,
            -0.3491787314414978
        ],
        [
            -0.10442303121089935,
            -0.6666896343231201,
            -0.34871619939804077
        ],
        [
            -0.10276204347610474,
            -0.6440830230712891,
            -0.3328123092651367
        ],
        [
            -0.09479959309101105,
            -0.6494247913360596,
            -0.334347665309906
        ],
        [
            -0.11062751710414886,
            -0.7637669444084167,
            -0.3809073567390442
        ],
        [
            -0.10164634883403778,
            -0.7638704776763916,
            -0.3818928003311157
        ],
        [
            -0.09822283685207367,
            -0.7573983669281006,
            -0.376420259475708
        ],
        [
            -0.09689550846815109,
            -0.7601450085639954,
            -0.3773610591888428
        ],
        [
            -0.1031154990196228,
            -0.7601624131202698,
            -0.37842777371406555
        ],
        [
            -0.10290934145450592,
            -0.7575588226318359,
            -0.3771737217903137
        ],
        [
            -0.07951781898736954,
            -0.7549512386322021,
            -0.3658677935600281
        ],
        [
            -0.0857040137052536,
            -0.7553253173828125,
            -0.368677020072937
        ],
        [
            -0.08447741717100143,
            -0.7517253160476685,
            -0.3663663864135742
        ],
        [
            -0.07701791822910309,
            -0.7485496401786804,
            -0.36402416229248047
        ],
        [
            -0.09256158024072647,
            -0.7421966791152954,
            -0.36803722381591797
        ],
        [
            -0.08780469000339508,
            -0.744326651096344,
            -0.36695596575737
        ],
        [
            -0.09308671951293945,
            -0.7502909898757935,
            -0.369866281747818
        ],
        [
            -0.09660908579826355,
            -0.7487978935241699,
            -0.37063997983932495
        ],
        [
            -0.10057186335325241,
            -0.7476605176925659,
            -0.3709765672683716
        ],
        [
            -0.10479626059532166,
            -0.7468711137771606,
            -0.37028419971466064
        ],
        [
            -0.10353639721870422,
            -0.7420578598976135,
            -0.3686990737915039
        ],
        [
            -0.09820646047592163,
            -0.7418985366821289,
            -0.36873239278793335
        ],
        [
            -0.10969150066375732,
            -0.7608754634857178,
            -0.377439022064209
        ],
        [
            -0.11607936024665833,
            -0.7594791650772095,
            -0.3741770088672638
        ],
        [
            -0.11409033834934235,
            -0.7569336295127869,
            -0.373670756816864
        ],
        [
            -0.10876791179180145,
            -0.7577539086341858,
            -0.3765491247177124
        ],
        [
            -0.12058691680431366,
            -0.7509573101997375,
            -0.36419573426246643
        ],
        [
            -0.12022580206394196,
            -0.7530792951583862,
            -0.36609363555908203
        ],
        [
            -0.12418016046285629,
            -0.7539972066879272,
            -0.36626940965652466
        ],
        [
            -0.12389194220304489,
            -0.74984210729599,
            -0.36428648233413696
        ],
        [
            -0.12137936055660248,
            -0.7471010088920593,
            -0.36459827423095703
        ],
        [
            -0.1193636804819107,
            -0.7493842840194702,
            -0.36480462551116943
        ],
        [
            -0.11431360989809036,
            -0.8167758584022522,
            -0.3849349915981293
        ],
        [
            -0.119539774954319,
            -0.7984451055526733,
            -0.3872934579849243
        ],
        [
            -0.09513731300830841,
            -0.8145756721496582,
            -0.3776565194129944
        ],
        [
            -0.08049627393484116,
            -0.8082714080810547,
            -0.3694249391555786
        ],
        [
            -0.06868494302034378,
            -0.7981452345848083,
            -0.36121708154678345
        ],
        [
            -0.07420293241739273,
            -0.6943862438201904,
            -0.3496909439563751
        ],
        [
            -0.0697982907295227,
            -0.687132716178894,
            -0.34259092807769775
        ],
        [
            -0.059041090309619904,
            -0.6973716616630554,
            -0.3366900682449341
        ],
        [
            -0.057963237166404724,
            -0.6880908012390137,
            -0.3296678066253662
        ],
        [
            -0.06906148046255112,
            -0.6773375272750854,
            -0.33623820543289185
        ],
        [
            -0.07883775234222412,
            -0.6586581468582153,
            -0.32327380776405334
        ],
        [
            -0.07206389307975769,
            -0.6670897006988525,
            -0.32981371879577637
        ],
        [
            -0.059460703283548355,
            -0.67873615026474,
            -0.3208213448524475
        ],
        [
            -0.048190638422966,
            -0.6953504085540771,
            -0.3137691020965576
        ],
        [
            -0.04923482984304428,
            -0.7009615898132324,
            -0.32298776507377625
        ],
        [
            -0.04206638038158417,
            -0.7137901782989502,
            -0.30782055854797363
        ],
        [
            -0.0487721711397171,
            -0.6902859210968018,
            -0.30023664236068726
        ],
        [
            -0.04211939126253128,
            -0.7150115966796875,
            -0.29958099126815796
        ],
        [
            -0.06078106909990311,
            -0.6525517702102661,
            -0.28440120816230774
        ],
        [
            -0.05530713498592377,
            -0.6409182548522949,
            -0.27778100967407227
        ],
        [
            -0.0394207201898098,
            -0.65068519115448,
            -0.27827802300453186
        ],
        [
            -0.04484355077147484,
            -0.6622827649116516,
            -0.2837340235710144
        ],
        [
            -0.05229532718658447,
            -0.7079629898071289,
            -0.3317844867706299
        ],
        [
            -0.06128533557057381,
            -0.7677558660507202,
            -0.3533226251602173
        ],
        [
            -0.068484827876091,
            -0.7647297978401184,
            -0.36113160848617554
        ],
        [
            -0.056007057428359985,
            -0.7559026479721069,
            -0.3480108678340912
        ],
        [
            -0.060923248529434204,
            -0.8292338848114014,
            -0.3491816520690918
        ],
        [
            -0.07125305384397507,
            -0.8205784559249878,
            -0.36158978939056396
        ],
        [
            -0.06031378358602524,
            -0.8077257871627808,
            -0.354552298784256
        ],
        [
            -0.05186939239501953,
            -0.8178541660308838,
            -0.3437701165676117
        ],
        [
            -0.09411055594682693,
            -0.8581632375717163,
            -0.3542807400226593
        ],
        [
            -0.10351584851741791,
            -0.8396300077438354,
            -0.3725566267967224
        ],
        [
            -0.08855641633272171,
            -0.8314429521560669,
            -0.3676149547100067
        ],
        [
            -0.07849966734647751,
            -0.8461508750915527,
            -0.3539513051509857
        ],
        [
            -0.04545474424958229,
            -0.8223483562469482,
            -0.332980215549469
        ],
        [
            -0.038743212819099426,
            -0.827996015548706,
            -0.31708356738090515
        ],
        [
            -0.042246513068675995,
            -0.8444973230361938,
            -0.31302934885025024
        ],
        [
            -0.05217966437339783,
            -0.83912193775177,
            -0.3323294520378113
        ],
        [
            -0.053690798580646515,
            -0.8652084469795227,
            -0.3072563409805298
        ],
        [
            -0.06564594805240631,
            -0.8589893579483032,
            -0.3309774398803711
        ],
        [
            -0.03806127607822418,
            -0.7041524648666382,
            -0.288049578666687
        ],
        [
            -0.03785993903875351,
            -0.7229186296463013,
            -0.2899208068847656
        ],
        [
            -0.05096353217959404,
            -0.6753208637237549,
            -0.29116135835647583
        ],
        [
            -0.03710119426250458,
            -0.6869528293609619,
            -0.28474876284599304
        ],
        [
            -0.07025780528783798,
            -0.8796258568763733,
            -0.29927685856819153
        ],
        [
            -0.08397337794303894,
            -0.8739601969718933,
            -0.3274731934070587
        ],
        [
            -0.02668910101056099,
            -0.8196851015090942,
            -0.26513177156448364
        ],
        [
            -0.029717011377215385,
            -0.8339501619338989,
            -0.2770293951034546
        ],
        [
            -0.02826690673828125,
            -0.8180698156356812,
            -0.29049932956695557
        ],
        [
            -0.024978678673505783,
            -0.8065779209136963,
