{
    "pred_cam": [
        1.6360201835632324,
        0.28347983956336975,
        0.5001687407493591
    ],
    "pred_smpl_params": {
        "global_orient": [
            [
                [
                    0.9505375623703003,
                    0.03449184447526932,
                    -0.3086884915828705
                ],
                [
                    0.0481167696416378,
                    -0.9981697201728821,
                    0.03663266450166702
                ],
                [
                    -0.30685997009277344,
                    -0.04967382177710533,
                    -0.9504574537277222
                ]
            ]
        ],
        "body_pose": [
            [
                [
                    0.9921806454658508,
                    -0.0963207334280014,
                    0.07937183976173401
                ],
                [
                    0.05770865082740784,
                    0.9179192185401917,
                    0.3925480246543884
                ],
                [
                    -0.11066745966672897,
                    -0.3848980963230133,
                    0.9163002371788025
                ]
            ],
            [
                [
                    0.9943519830703735,
                    0.019819241017103195,
                    0.10426522046327591
                ],
                [
                    -0.06695309281349182,
                    0.8793984651565552,
                    0.47135505080223083
                ],
                [
                    -0.0823487788438797,
                    -0.47567376494407654,
                    0.8757585883140564
                ]
            ],
            [
                [
                    0.9951789379119873,
                    -0.031964417546987534,
                    -0.09272082895040512
                ],
                [
                    -0.006301434710621834,
                    0.9226062893867493,
                    -0.38569140434265137
                ],
                [
                    0.09787323325872421,
                    0.38441622257232666,
                    0.9179569482803345
                ]
            ],
            [
                [
                    0.9934980869293213,
                    0.11138259619474411,
                    -0.02356909215450287
                ],
                [
                    -0.07452462613582611,
                    0.4797435402870178,
                    -0.874238133430481
                ],
                [
                    -0.08606778085231781,
                    0.870310366153717,
                    0.4849250316619873
                ]
            ],
            [
                [
                    0.9832236766815186,
                    -0.01907830312848091,
                    0.18140354752540588
                ],
                [
                    0.17529243230819702,
                    0.37381982803344727,
                    -0.9107861518859863
                ],
                [
                    -0.050435975193977356,
                    0.9273051619529724,
                    0.37089279294013977
                ]
            ],
            [
                [
                    0.9965518116950989,
                    -0.006673345807939768,
                    -0.0827038511633873
                ],
                [
                    0.0041983057744801044,
                    0.9995391368865967,
                    -0.03006438910961151
                ],
                [
                    0.082866370677948,
                    0.02961350604891777,
                    0.9961205720901489
                ]
            ],
            [
                [
                    0.9717991948127747,
                    -0.06725022196769714,
                    0.22601719200611115
                ],
                [
                    0.03608028218150139,
                    0.9895907044410706,
                    0.13931415975093842
                ],
                [
                    -0.2330334186553955,
                    -0.12723061442375183,
                    0.9641098380088806
                ]
            ],
            [
                [
                    0.9731540679931641,
                    0.019968725740909576,
                    -0.22928695380687714
                ],
                [
                    0.01586606353521347,
                    0.9880385994911194,
                    0.1533886045217514
                ],
                [
                    0.22960731387138367,
                    -0.15290860831737518,
                    0.9611969590187073
                ]
            ],
            [
                [
                    0.9960922598838806,
                    -0.0016898324247449636,
                    -0.08830210566520691
                ],
                [
                    -0.001868551247753203,
                    0.9991899132728577,
                    -0.04019962251186371
                ],
                [
                    0.0882985070347786,
                    0.04020753502845764,
                    0.9952821731567383
                ]
            ],
            [
                [
                    0.9994109272956848,
                    -0.026148082688450813,
                    0.022226741537451744
                ],
                [
                    0.023382870480418205,
                    0.9928953647613525,
                    0.11667037010192871
                ],
                [
                    -0.025119535624980927,
                    -0.11608192324638367,
                    0.9929218888282776
                ]
            ],
            [
                [
                    0.9936109781265259,
                    0.11133874952793121,
                    0.018462982028722763
                ],
                [
                    -0.11276789009571075,
                    0.9860111474990845,
                    0.12274093925952911
                ],
                [
                    -0.0045388853177428246,
                    -0.12403877824544907,
                    0.9922669529914856
                ]
            ],
            [
                [
                    0.9868168830871582,
                    -0.0045186481438577175,
                    0.1617777794599533
                ],
                [
                    -0.006892872974276543,
                    0.9975296854972839,
                    0.06990756094455719
                ],
                [
                    -0.1616940200328827,
                    -0.0701010674238205,
                    0.9843479990959167
                ]
            ],
            [
                [
                    0.7145469188690186,
                    0.32842662930488586,
                    -0.6177043318748474
                ],
                [
                    -0.27127212285995483,
                    0.9439468383789062,
                    0.18808449804782867
                ],
                [
                    0.6448519825935364,
                    0.03317077085375786,
                    0.7635872960090637
                ]
            ],
            [
                [
                    0.9411769509315491,
                    -0.11556759476661682,
                    0.31753745675086975
                ],
                [
                    0.09047406911849976,
                    0.9915733337402344,
                    0.09271861612796783
                ],
                [
                    -0.3255769610404968,
                    -0.05853572115302086,
                    0.9437018632888794
                ]
            ],
            [
                [
                    0.9682855606079102,
                    -0.01762230508029461,
                    0.2492237389087677
                ],
                [
                    0.03097563609480858,
                    0.9982807636260986,
                    -0.04975953325629234
                ],
                [
                    -0.24791839718818665,
                    0.05590130388736725,
                    0.9671667218208313
                ]
            ],
            [
                [
                    0.43582671880722046,
                    0.7502536177635193,
                    -0.49716660380363464
                ],
                [
                    -0.6793323755264282,
                    0.6365636587142944,
                    0.3650949001312256
                ],
                [
                    0.5903919339179993,
                    0.1786232441663742,
                    0.787102997303009
                ]
            ],
            [
                [
                    0.806365430355072,
                    -0.5505086183547974,
                    0.216136634349823
                ],
                [
                    0.5349785685539246,
                    0.8347623944282532,
                    0.1302679032087326
                ],
                [
                    -0.25213631987571716,
                    0.010584922507405281,
                    0.967633843421936
                ]
            ],
            [
                [
                    0.9874428510665894,
                    0.0014569776831194758,
                    -0.1579698622226715
                ],
                [
                    -0.016132168471813202,
                    0.9956600069999695,
                    -0.09165625274181366
                ],
                [
                    0.1571507304906845,
                    0.09305370599031448,
                    0.9831808805465698
                ]
            ],
            [
                [
                    0.9011595845222473,
                    0.1529124230146408,
                    0.40562206506729126
                ],
                [
                    -0.1818767786026001,
                    0.9827473759651184,
                    0.0335921086370945
                ],
                [
                    -0.3934873938560486,
                    -0.1040450781583786,
                    0.9134234189987183
                ]
            ],
            [
                [
                    0.9966356158256531,
                    -0.04715944454073906,
                    0.06703349947929382
                ],
                [
                    0.05604977160692215,
                    0.9888975620269775,
                    -0.1376228630542755
                ],
                [
                    -0.05979904159903526,
                    0.14091704785823822,
                    0.9882137775421143
                ]
            ],
            [
                [
                    0.9946237802505493,
                    0.03703324496746063,
                    -0.096705861389637
                ],
                [
                    -0.04907609894871712,
                    0.990906298160553,
                    -0.12528489530086517
                ],
                [
                    0.09118673950433731,
                    0.12935729324817657,
                    0.9873964190483093
                ]
            ],
            [
                [
                    0.9894925951957703,
                    0.1189039796590805,
                    -0.0822572410106659
                ],
                [
                    -0.10608944296836853,
                    0.9836282730102539,
                    0.1456722766160965
                ],
                [
                    0.09823156893253326,
                    -0.13541501760482788,
                    0.9859073758125305
                ]
            ],
            [
                [
                    0.9826631546020508,
                    -0.16019003093242645,
                    0.09333973377943039
                ],
                [
                    0.14373432099819183,
                    0.9762322902679443,
                    0.16220623254776
                ],
                [
                    -0.11710509657859802,
                    -0.1459779590368271,
                    0.9823322892189026
                ]
            ]
        ],
        "betas": [
            0.17127931118011475,
            0.28799429535865784,
            -0.5414744019508362,
            -0.15014681220054626,
            -0.006176561117172241,
            -0.07376735657453537,
            -0.0384117066860199,
            -0.029378831386566162,
            0.13057821989059448,
            -0.1506335735321045
        ]
    },
    "pred_cam_t": [
        0.28347983956336975,
        0.5001687407493591,
        23.87653923034668
    ],
    "focal_length": [
        5000.0,
        5000.0
    ],
    "pred_keypoints_3d": [
        [
            -0.08619216084480286,
            -0.7378489971160889,
            -0.30357450246810913
        ],
        [
            -0.035612333565950394,
            -0.692878782749176,
            -0.12057048082351685
        ],
        [
            -0.18393170833587646,
            -0.6420114636421204,
            -0.011561226099729538
        ],
        [
            -0.35523682832717896,
            -0.4618101119995117,
            0.06563699245452881
        ],
        [
            -0.567276120185852,
            -0.3170744478702545,
            0.015388503670692444
        ],
        [
            0.08203987777233124,
            -0.5668858885765076,
            -0.20938217639923096
        ],
        [
            -0.03008274734020233,
            -0.3245341181755066,
            -0.20969779789447784
        ],
        [
            -0.19014117121696472,
            -0.1272624135017395,
            -0.23597830533981323
        ],
        [
            -0.0019497987814247608,
            -0.22020679712295532,
            0.026163563132286072
        ],
        [
            -0.06620202213525772,
            -0.1340000033378601,
            0.055996961891651154
        ],
        [
            -0.18010249733924866,
            0.21325093507766724,
            -0.08483580499887466
        ],
        [
            -0.1253584772348404,
            0.48458611965179443,
            0.21565428376197815
        ],
        [
            0.061813194304704666,
            -0.12665045261383057,
            0.017115985974669456
        ],
        [
            0.07542586326599121,
            0.23147714138031006,
            -0.12127139419317245
        ],
        [
            0.08164861798286438,
            0.5104116201400757,
            0.17711493372917175
        ],
        [
            -0.11879715323448181,
            -0.7838626503944397,
            -0.27783170342445374
        ],
        [
            -0.05384746193885803,
            -0.7889404296875,
            -0.292553186416626
        ],
        [
            -0.13974885642528534,
            -0.7978866100311279,
            -0.17572125792503357
        ],
        [
            0.0019692727364599705,
            -0.8093277215957642,
            -0.2103222757577896
        ],
        [
            0.09283818304538727,
            0.6592146158218384,
            0.04147353768348694
        ],
        [
            0.1580447405576706,
            0.6360183954238892,
            0.0879952609539032
        ],
        [
            0.09238623827695847,
            0.5040631294250488,
            0.24727505445480347
        ],
        [
            -0.1676759272813797,
            0.6334742903709412,
            0.08529675006866455
        ],
        [
            -0.22481819987297058,
            0.6058419346809387,
            0.14502078294754028
        ],
        [
            -0.11379089206457138,
            0.4879119396209717,
            0.289201945066452
        ],
        [
            -0.14650025963783264,
            0.42821070551872253,
            0.20652523636817932
        ],
        [
            -0.16856616735458374,
            0.15870404243469238,
            -0.07840774953365326
        ],
        [
            -0.1328946352005005,
            -0.25813931226730347,
            0.08837440609931946
        ],
        [
            0.14628873765468597,
            -0.23213128745555878,
            0.011164880357682705
        ],
        [
            0.08703502267599106,
            0.19388271868228912,
            -0.12145276367664337
        ],
        [
            0.09068398177623749,
            0.4672228693962097,
            0.17387020587921143
        ],
        [
            -0.5503780245780945,
            -0.32933419942855835,
            -0.011596634052693844
        ],
        [
            -0.3684241473674774,
            -0.4946068525314331,
            0.05230547487735748
        ],
        [
            -0.15929198265075684,
            -0.665273129940033,
            -0.02940206043422222
        ],
        [
            0.07571007311344147,
            -0.6050372123718262,
            -0.19439029693603516
        ],
        [
            -0.03093397617340088,
            -0.3478032946586609,
            -0.24979175627231598
        ],
        [
            -0.1938171535730362,
            -0.14223015308380127,
            -0.24535104632377625
        ],
        [
            -0.036709584295749664,
            -0.6852315664291382,
            -0.13011758029460907
        ],
        [
            -0.07515281438827515,
            -0.8480998277664185,
            -0.2256668210029602
        ],
        [
            0.006508072838187218,
            -0.24546560645103455,
            0.04915005713701248
        ],
        [
            -0.041088785976171494,
            -0.6322535276412964,
            -0.11058507859706879
        ],
        [
            -0.0006393492221832275,
            -0.4840712547302246,
            -0.00460971612483263
        ],
        [
            -0.062297429889440536,
            -0.7370443344116211,
            -0.22381636500358582
        ],
        [
            -0.07988443970680237,
            -0.8689532279968262,
            -0.2215907871723175
        ]
    ],
    "pred_vertices": [
        [
            -0.0499466136097908,
            -0.8332482576370239,
            -0.30878111720085144
        ],
        [
            -0.05480223894119263,
            -0.8177922368049622,
            -0.3092781901359558
        ],
        [
            -0.04205863177776337,
            -0.8181064128875732,
            -0.30270978808403015
        ],
        [
            -0.0366208516061306,
            -0.831393837928772,
            -0.29801493883132935
        ],
        [
            -0.04537765681743622,
            -0.8072218894958496,
            -0.3047439455986023
        ],
        [
            -0.056405674666166306,
            -0.805830180644989,
            -0.3089102506637573
        ],
        [
            -0.03243193402886391,
            -0.8159584403038025,
            -0.29318681359291077
        ],
        [
            -0.026870615780353546,
            -0.8263190984725952,
            -0.28598552942276
        ],
        [
            -0.020374281331896782,
            -0.7858530282974243,
            -0.27269333600997925
        ],
        [
            -0.014167840592563152,
            -0.7849055528640747,
            -0.26367586851119995
        ],
        [
            -0.016690757125616074,
            -0.7959432601928711,
            -0.2688484489917755
        ],
        [
            -0.0229105893522501,
            -0.793838620185852,
            -0.276094913482666
        ],
        [
            -0.017152804881334305,
            -0.7618571519851685,
            -0.2623147964477539
        ],
        [
            -0.023499637842178345,
            -0.7503072619438171,
            -0.26603007316589355
        ],
        [
            -0.018549973145127296,
            -0.7447068691253662,
            -0.2550283968448639
        ],
        [
            -0.013081436045467854,
            -0.7561388611793518,
            -0.25008082389831543
        ],
        [
            -0.06039896607398987,
            -0.754260241985321,
            -0.2850303053855896
        ],
        [
            -0.05429831147193909,
            -0.7487149238586426,
            -0.28316694498062134
        ],
        [
            -0.05122826248407364,
            -0.7556692361831665,
            -0.28472286462783813
        ],
        [
            -0.057950057089328766,
            -0.7604612112045288,
            -0.2860507667064667
        ],
        [
            -0.07158313691616058,
            -0.7609719038009644,
            -0.29213640093803406
        ],
        [
            -0.0706968605518341,
            -0.7673118114471436,
            -0.2906412184238434
        ],
        [
            -0.07661859691143036,
            -0.7690660357475281,
            -0.29590052366256714
        ],
        [
            -0.07686029374599457,
            -0.7617676258087158,
            -0.29819124937057495
        ],
        [
            -0.06496597826480865,
            -0.7485209703445435,
            -0.28306037187576294
        ],
        [
            -0.058389656245708466,
            -0.7430093288421631,
            -0.28080040216445923
        ],
        [
            -0.06590165942907333,
            -0.7588140964508057,
            -0.2872791886329651
        ],
        [
            -0.06761310994625092,
            -0.7537041902542114,
            -0.28807517886161804
        ],
        [
            -0.07144016772508621,
            -0.7444692850112915,
            -0.2957826256752014
        ],
        [
            -0.07024138420820236,
            -0.7496408224105835,
            -0.2960318922996521
        ],
        [
            -0.07479836791753769,
            -0.7483505010604858,
            -0.30228883028030396
        ],
        [
            -0.07524088025093079,
            -0.7430548667907715,
            -0.2997734248638153
        ],
        [
            -0.06706094741821289,
            -0.7468955516815186,
            -0.2874043881893158
        ],
        [
            -0.06732586026191711,
            -0.7489644885063171,
            -0.2909286618232727
        ],
        [
            -0.06967036426067352,
            -0.7444673776626587,
            -0.29163485765457153
        ],
        [
            -0.07016631215810776,
            -0.7430980801582336,
            -0.28783804178237915
        ],
        [
            -0.07203540205955505,
            -0.7561160326004028,
            -0.29371199011802673
        ],
        [
            -0.07627972215414047,
            -0.7555303573608398,
            -0.3004046678543091
        ],
        [
            -0.08150100708007812,
            -0.7544427514076233,
            -0.3067691922187805
        ],
        [
            -0.08013493567705154,
            -0.7454453110694885,
            -0.3076785206794739
        ],
        [
            -0.041192807257175446,
            -0.7385657429695129,
            -0.2754661440849304
        ],
        [
            -0.04746861010789871,
            -0.7437255382537842,
            -0.2803373634815216
        ],
        [
            -0.051690950989723206,
            -0.7380892038345337,
            -0.27869781851768494
        ],
        [
            -0.04595158249139786,
            -0.7339583039283752,
            -0.2753332555294037
        ],
        [
            -0.06808177381753922,
            -0.7411820888519287,
            -0.2838347554206848
        ],
        [
            -0.06264813989400864,
            -0.7260606288909912,
            -0.2800161838531494
        ],
        [
            -0.06285087764263153,
            -0.7297056913375854,
            -0.2814251184463501
        ],
        [
            -0.06944423168897629,
            -0.7289003133773804,
            -0.28424158692359924
        ],
        [
            -0.0686328336596489,
            -0.7255892753601074,
            -0.28281790018081665
        ],
        [
            -0.03327689692378044,
            -0.7277381420135498,
            -0.263999342918396
        ],
        [
            -0.03909963369369507,
            -0.724651575088501,
            -0.2670464515686035
        ],
        [
            -0.037516169250011444,
            -0.7188336253166199,
            -0.2625550925731659
        ],
        [
            -0.03206115588545799,
            -0.7208717465400696,
            -0.25798681378364563
        ],
        [
            -0.039180442690849304,
            -0.7131773829460144,
            -0.2593919634819031
        ],
        [
            -0.03222988173365593,
            -0.7139178514480591,
            -0.25241854786872864
        ],
        [
            -0.039408065378665924,
            -0.6989483833312988,
            -0.24616459012031555
        ],
        [
            -0.03562897816300392,
            -0.7057483196258545,
            -0.24889156222343445
        ],
        [
            -0.04237835854291916,
            -0.7071067094802856,
            -0.25723931193351746
        ],
        [
            -0.047376975417137146,
            -0.7005482912063599,
            -0.25735989212989807
        ],
        [
            -0.06048998236656189,
            -0.70192551612854,
            -0.2643783986568451
        ],
        [
            -0.06638321280479431,
            -0.6994420289993286,
            -0.2654322385787964
        ],
        [
            -0.06039882078766823,
            -0.688839316368103,
            -0.2600167989730835
        ],
        [
            -0.054074034094810486,
            -0.6934608817100525,
            -0.25900596380233765
        ],
        [
            -0.06156400218605995,
            -0.7215873003005981,
            -0.2740374803543091
        ],
        [
            -0.05736437439918518,
            -0.7228729128837585,
            -0.2721218168735504
        ],
        [
            -0.05754772573709488,
            -0.7235939502716064,
            -0.27480843663215637
        ],
        [
            -0.06213093549013138,
            -0.7233262062072754,
            -0.277434766292572
        ],
        [
            -0.0535842701792717,
            -0.723524808883667,
            -0.2709772288799286
        ],
        [
            -0.05184595286846161,
            -0.7235879302024841,
            -0.2704983055591583
        ],
        [
            -0.052350714802742004,
            -0.7244600057601929,
            -0.2719966471195221
        ],
        [
            -0.05379197373986244,
            -0.7242072820663452,
            -0.2717709541320801
        ],
        [
            -0.055752456188201904,
            -0.723466157913208,
            -0.2718987464904785
        ],
        [
            -0.05660458654165268,
            -0.721402645111084,
            -0.27144482731819153
        ],
        [
            -0.05445408821105957,
            -0.7224814891815186,
            -0.271078497171402
        ],
        [
            -0.060310766100883484,
            -0.7193871736526489,
            -0.2731676697731018
        ],
        [
            -0.07339823246002197,
            -0.7137880325317383,
            -0.2775369882583618
        ],
        [
            -0.06948256492614746,
            -0.7148799300193787,
            -0.27698594331741333
        ],
        [
            -0.07130074501037598,
            -0.7192447185516357,
            -0.27727699279785156
        ],
        [
            -0.07467254996299744,
            -0.7186921834945679,
            -0.27782297134399414
        ],
        [
            -0.05447820574045181,
            -0.7257747054100037,
            -0.27405983209609985
        ],
        [
            -0.05213414505124092,
            -0.7274439334869385,
            -0.2744493782520294
        ],
        [
            -0.05658506229519844,
            -0.7287046313285828,
            -0.27780741453170776
        ],
        [
            -0.05733609199523926,
            -0.7261273860931396,
            -0.2762339413166046
        ],
        [
            -0.04968161880970001,
            -0.7297354936599731,
            -0.27529704570770264
        ],
        [
            -0.050201430916786194,
            -0.7260098457336426,
            -0.27223122119903564
        ],
        [
            -0.04731683433055878,
            -0.7272712588310242,
            -0.2723519504070282
        ],
        [
            -0.05221479758620262,
            -0.7218971252441406,
            -0.26987022161483765
        ],
        [
            -0.049195967614650726,
            -0.7209888696670532,
            -0.26845601201057434
        ],
        [
            -0.04901260882616043,
            -0.723224401473999,
            -0.270337849855423
        ],
        [
            -0.05093340203166008,
            -0.7176302075386047,
            -0.2673916220664978
        ],
        [
            -0.05459819734096527,
            -0.719581663608551,
            -0.269695520401001
        ],
        [
            -0.05818136781454086,
            -0.7166548371315002,
            -0.27097731828689575
        ],
        [
            -0.06287933886051178,
            -0.7136298418045044,
            -0.272868812084198
        ],
        [
            -0.059588927775621414,
            -0.7102189064025879,
            -0.26876652240753174
        ],
        [
            -0.05459385737776756,
            -0.7138292789459229,
            -0.267652690410614
        ],
        [
            -0.055058225989341736,
            -0.7329744100570679,
            -0.27855730056762695
        ],
        [
            -0.04468150436878204,
            -0.7237142324447632,
            -0.2689678966999054
        ],
        [
            -0.04221773147583008,
            -0.73024582862854,
            -0.2713117003440857
        ],
        [
            -0.044150907546281815,
            -0.7195087671279907,
            -0.2663463354110718
        ],
        [
            -0.04570242762565613,
            -0.7151033878326416,
            -0.26419803500175476
        ],
        [
            -0.04950464144349098,
            -0.7103332281112671,
            -0.26325690746307373
        ],
        [
            -0.05477375537157059,
            -0.7059390544891357,
            -0.2636353373527527
        ],
        [
            -0.05570061504840851,
            -0.6842613220214844,
            -0.24671046435832977
        ],
        [
            -0.04789021611213684,
            -0.6902933716773987,
            -0.24691355228424072
        ],
        [
            -0.05699210613965988,
            -0.7999312877655029,
            -0.3034278154373169
        ],
        [
            -0.04801521450281143,
            -0.8004720211029053,
            -0.30247214436531067
        ],
        [
            -0.045705392956733704,
            -0.7945417761802673,
            -0.2957618534564972
        ],
        [
            -0.04422692954540253,
            -0.7970157861709595,
            -0.296489953994751
        ],
        [
            -0.05012260377407074,
            -0.7969652414321899,
            -0.29903241991996765
        ],
        [
            -0.05008772015571594,
            -0.794282853603363,
            -0.297607421875
        ],
        [
            -0.02970951423048973,
            -0.7936846017837524,
            -0.2811261713504791
        ],
        [
            -0.035141199827194214,
            -0.7935413122177124,
            -0.2852301597595215
        ],
        [
            -0.03439754247665405,
            -0.790309727191925,
            -0.28247177600860596
        ],
        [
            -0.0275103896856308,
            -0.7876553535461426,
            -0.2783743739128113
        ],
        [
            -0.041660062968730927,
            -0.780356764793396,
            -0.28515490889549255
        ],
        [
            -0.037332095205783844,
            -0.7828226685523987,
            -0.2832614779472351
        ],
        [
            -0.04197300225496292,
            -0.788088321685791,
            -0.28754502534866333
        ],
        [
            -0.04513745754957199,
            -0.7863330841064453,
            -0.2889988124370575
        ],
        [
            -0.04891890287399292,
            -0.7850145697593689,
            -0.2900988757610321
        ],
        [
            -0.053235895931720734,
            -0.7841862440109253,
            -0.2903708815574646
        ],
        [
            -0.05216764286160469,
            -0.7795025110244751,
            -0.2881684899330139
        ],
        [
            -0.0469261035323143,
            -0.7796033024787903,
            -0.28699567914009094
        ],
        [
            -0.05679231137037277,
            -0.7972555160522461,
            -0.29942184686660767
        ],
        [
            -0.06373312324285507,
            -0.7958934307098389,
            -0.29768890142440796
        ],
        [
            -0.06182652711868286,
            -0.7933199405670166,
            -0.2965095341205597
        ],
        [
            -0.05598288029432297,
            -0.7941329479217529,
            -0.29822126030921936
        ],
        [
            -0.07019983232021332,
            -0.7879443168640137,
            -0.28806185722351074
        ],
        [
            -0.06947978585958481,
            -0.7899484634399414,
            -0.29006484150886536
        ],
        [
            -0.07330726832151413,
            -0.7906080484390259,
            -0.2911832928657532
        ],
        [
            -0.07335775345563889,
            -0.7866371870040894,
            -0.2887597680091858
        ],
        [
            -0.07076215744018555,
            -0.7840399742126465,
            -0.2882049083709717
        ],
        [
            -0.06880103051662445,
            -0.7864030003547668,
            -0.2881650924682617
        ],
        [
            -0.0611238032579422,
            -0.8528722524642944,
            -0.3125501275062561
        ],
        [
            -0.06525885313749313,
            -0.8343724608421326,
            -0.314650297164917
        ],
        [
            -0.043976813554763794,
            -0.852097749710083,
            -0.3013392388820648
        ],
        [
            -0.03142337128520012,
            -0.8468812108039856,
            -0.28923487663269043
        ],
        [
            -0.021064873784780502,
            -0.8377492427825928,
            -0.27779772877693176
        ],
        [
            -0.025929827243089676,
            -0.7347712516784668,
            -0.2599511444568634
        ],
        [
            -0.023024022579193115,
            -0.7283139228820801,
            -0.2516181170940399
        ],
        [
            -0.014408386312425137,
            -0.7395156025886536,
            -0.24409529566764832
        ],
        [
            -0.014530349522829056,
            -0.7309132814407349,
            -0.23640745878219604
        ],
        [
            -0.023440251126885414,
            -0.7193347215652466,
            -0.24460816383361816
        ],
        [
            -0.03453182056546211,
            -0.7006832361221313,
            -0.23366741836071014
        ],
        [
            -0.027109414339065552,
            -0.7094226479530334,
            -0.2386467456817627
        ],
        [
            -0.017219970002770424,
            -0.7220652103424072,
            -0.22783824801445007
        ],
        [
            -0.008458842523396015,
            -0.7394953966140747,
            -0.21930862963199615
        ],
        [
            -0.00795205682516098,
            -0.7446531057357788,
            -0.22902068495750427
        ],
        [
            -0.004551139194518328,
            -0.7586207389831543,
            -0.21321889758110046
        ],
        [
            -0.011232457123696804,
            -0.7352674007415771,
            -0.2064046412706375
        ],
        [
            -0.006382629740983248,
            -0.7603182792663574,
            -0.20524224638938904
        ],
        [
            -0.024766672402620316,
            -0.6988973617553711,
            -0.19442299008369446
        ],
        [
            -0.020666606724262238,
            -0.6890922784805298,
            -0.1877138316631317
        ],
        [
            -0.006162747275084257,
            -0.7000775933265686,
            -0.1836053729057312
        ],
        [
            -0.010333329439163208,
            -0.7100539207458496,
            -0.18960686028003693
        ],
        [
            -0.009191552177071571,
            -0.7504411339759827,
            -0.23857101798057556
        ],
        [
            -0.014962630346417427,
            -0.8082549571990967,
            -0.2657187581062317
        ],
        [
            -0.020389722660183907,
            -0.8047254085540771,
            -0.27486932277679443
        ],
        [
            -0.011033013463020325,
            -0.7976572513580322,
            -0.25872287154197693
        ],
        [
            -0.017149668186903,
            -0.8702952861785889,
            -0.26672935485839844
        ],
        [
            -0.024048704653978348,
            -0.8601559400558472,
            -0.28071486949920654
        ],
        [
            -0.014659002423286438,
            -0.8485429286956787,
            -0.27033963799476624
        ],
        [
            -0.00909133069217205,
            -0.8598189353942871,
            -0.25869566202163696
        ],
        [
            -0.049820903688669205,
            -0.8971871137619019,
            -0.2811863124370575
        ],
        [
            -0.05411722511053085,
            -0.8769328594207764,
            -0.2998892664909363
        ],
        [
            -0.04004482552409172,
            -0.8698814511299133,
            -0.2910599708557129
        ],
        [
            -0.034071821719408035,
            -0.8859371542930603,
            -0.2765519917011261
        ],
        [
            -0.0055970605462789536,
            -0.8652575016021729,
            -0.24697479605674744
        ],
        [
            -0.0027620946057140827,
            -0.8722280859947205,
            -0.23041534423828125
        ],
        [
            -0.007849389687180519,
            -0.8888878226280212,
            -0.22854800522327423
        ],
        [
            -0.012752389535307884,
            -0.8819358348846436,
            -0.24926306307315826
        ],
        [
            -0.021004334092140198,
            -0.9092590808868408,
            -0.226904958486557
        ],
        [
            -0.02714494615793228,
            -0.9008273482322693,
            -0.2521844208240509
        ],
        [
            -0.0050855763256549835,
            -0.750653088092804,
            -0.1925465166568756
        ],
        [
            -0.004981359466910362,
            -0.7690285444259644,
            -0.19537800550460815
        ],
        [
            -0.014734597876667976,
            -0.7212031483650208,
            -0.19799336791038513
        ],
        [
            -0.004165259655565023,
            -0.7343904972076416,
            -0.18849033117294312
        ],
        [
            -0.0395367331802845,
            -0.9233440160751343,
            -0.2238284796476364
        ],
        [
            -0.046360235661268234,
            -0.9151631593704224,
            -0.2539897561073303
        ],
        [
            -0.0024969647638499737,
            -0.8675966262817383,
            -0.17637592554092407
        ],
        [
            -0.0032437844201922417,
            -0.8812031745910645,
            -0.18969374895095825
        ],
        [
            0.001791836111806333,
            -0.8643976449966431,
