{
    "pred_cam": [
        1.6384501457214355,
        0.2395498901605606,
        0.4754447340965271
    ],
    "pred_smpl_params": {
        "global_orient": [
            [
                [
                    0.9813120365142822,
                    -0.016743266955018044,
                    -0.19169357419013977
                ],
                [
                    -0.013588964007794857,
                    -0.9997499585151672,
                    0.017757873982191086
                ],
                [
                    -0.1919429749250412,
                    -0.014821097254753113,
                    -0.9812942147254944
                ]
            ]
        ],
        "body_pose": [
            [
                [
                    0.995125412940979,
                    -0.07865738123655319,
                    0.05948571115732193
                ],
                [
                    0.054545193910598755,
                    0.941526472568512,
                    0.33249470591545105
                ],
                [
                    -0.08216052502393723,
                    -0.3276292085647583,
                    0.9412273168563843
                ]
            ],
            [
                [
                    0.9983363151550293,
                    0.02394101582467556,
                    0.052452202886343
                ],
                [
                    -0.04085657000541687,
                    0.9356434941291809,
                    0.35057371854782104
                ],
                [
                    -0.040683478116989136,
                    -0.352133572101593,
                    0.9350650310516357
                ]
            ],
            [
                [
                    0.9980910420417786,
                    -0.01598312519490719,
                    -0.059656549245119095
                ],
                [
                    0.0010626468574628234,
                    0.9702344536781311,
                    -0.24216550588607788
                ],
                [
                    0.061751388013362885,
                    0.24163980782032013,
                    0.9683992862701416
                ]
            ],
            [
                [
                    0.9949154257774353,
                    0.07744190841913223,
                    -0.0643899068236351
                ],
                [
                    -0.09600972384214401,
                    0.5361719727516174,
                    -0.8386307954788208
                ],
                [
                    -0.030421113595366478,
                    0.8405487537384033,
                    0.5408809185028076
                ]
            ],
            [
                [
                    0.9814844131469727,
                    -0.02522283047437668,
                    0.18987415730953217
                ],
                [
                    0.18025335669517517,
                    0.4569111764431,
                    -0.8710574507713318
                ],
                [
                    -0.06478507816791534,
                    0.8891547322273254,
                    0.45299768447875977
                ]
            ],
            [
                [
                    0.9989748001098633,
                    0.012821827083826065,
                    -0.04341520741581917
                ],
                [
                    -0.014645709656178951,
                    0.9990121126174927,
                    -0.04195617884397507
                ],
                [
                    0.042834363877773285,
                    0.0425490140914917,
                    0.9981756806373596
                ]
            ],
            [
                [
                    0.9675121903419495,
                    -0.05760641768574715,
                    0.24617375433444977
                ],
                [
                    0.02666868083178997,
                    0.9915173649787903,
                    0.12720900774002075
                ],
                [
                    -0.25141361355781555,
                    -0.11651115864515305,
                    0.9608414173126221
                ]
            ],
            [
                [
                    0.9651671051979065,
                    0.06646930426359177,
                    -0.2530502378940582
                ],
                [
                    -0.017469562590122223,
                    0.9814040660858154,
                    0.19115659594535828
                ],
                [
                    0.26105058193206787,
                    -0.18007735908031464,
                    0.9483801126480103
                ]
            ],
            [
                [
                    0.9983811974525452,
                    0.002610355382785201,
                    -0.05681789293885231
                ],
                [
                    -0.006896783597767353,
                    0.9971312880516052,
                    -0.07537686824798584
                ],
                [
                    0.056458134204149246,
                    0.07564669847488403,
                    0.995535135269165
                ]
            ],
            [
                [
                    0.9990009665489197,
                    -0.04403332993388176,
                    0.007625441998243332
                ],
                [
                    0.04271608218550682,
                    0.991036593914032,
                    0.12657782435417175
                ],
                [
                    -0.01313073094934225,
                    -0.12612563371658325,
                    0.991927444934845
                ]
            ],
            [
                [
                    0.9971377849578857,
                    0.07155981659889221,
                    0.024399468675255775
                ],
                [
                    -0.07397036999464035,
                    0.9901255965232849,
                    0.11907883733510971
                ],
                [
                    -0.01563727669417858,
                    -0.12054286152124405,
                    0.9925849437713623
                ]
            ],
            [
                [
                    0.9683129191398621,
                    0.050364118069410324,
                    0.24460852146148682
                ],
                [
                    -0.05296114459633827,
                    0.9985883831977844,
                    0.00404716283082962
                ],
                [
                    -0.24405938386917114,
                    -0.01687367632985115,
                    0.9696133732795715
                ]
            ],
            [
                [
                    0.8179308176040649,
                    0.41819867491722107,
                    -0.39509356021881104
                ],
                [
                    -0.3923712372779846,
                    0.9077361226081848,
                    0.1485256850719452
                ],
                [
                    0.42075398564338684,
                    0.03353959321975708,
                    0.9065544605255127
                ]
            ],
            [
                [
                    0.9648213386535645,
                    -0.20170748233795166,
                    0.16862303018569946
                ],
                [
                    0.19315606355667114,
                    0.9789565801620483,
                    0.06583793461322784
                ],
                [
                    -0.1783546507358551,
                    -0.03095129318535328,
                    0.9834792017936707
                ]
            ],
            [
                [
                    0.9588818550109863,
                    0.06173139065504074,
                    0.27701038122177124
                ],
                [
                    -0.014653061516582966,
                    0.9855241775512695,
                    -0.16890063881874084
                ],
                [
                    -0.2834268808364868,
                    0.1578967273235321,
                    0.9459058046340942
                ]
            ],
            [
                [
                    0.42709001898765564,
                    0.8118227124214172,
                    -0.3981682360172272
                ],
                [
                    -0.8380776047706604,
                    0.5207155346870422,
                    0.16273042559623718
                ],
                [
                    0.33944064378738403,
                    0.26419535279273987,
                    0.9027628302574158
                ]
            ],
            [
                [
                    0.8138334155082703,
                    -0.5578832030296326,
                    0.16260868310928345
                ],
                [
                    0.5423579216003418,
                    0.8296943306922913,
                    0.13211867213249207
                ],
                [
                    -0.2086222767829895,
                    -0.019330494105815887,
                    0.9778053164482117
                ]
            ],
            [
                [
                    0.9522218108177185,
                    0.0009780682157725096,
                    -0.3054058253765106
                ],
                [
                    -0.07266202569007874,
                    0.9720056653022766,
                    -0.22343939542770386
                ],
                [
                    0.2966376841068268,
                    0.23495525121688843,
                    0.9256360530853271
                ]
            ],
            [
                [
                    0.92685866355896,
                    0.15119990706443787,
                    0.3436155319213867
                ],
                [
                    -0.188180610537529,
                    0.9791310429573059,
                    0.07674946635961533
                ],
                [
                    -0.32484012842178345,
                    -0.13579769432544708,
                    0.9359689950942993
                ]
            ],
            [
                [
                    0.9984153509140015,
                    0.004863589536398649,
                    0.05606347694993019
                ],
                [
                    -0.0002556928666308522,
                    0.9966399669647217,
                    -0.08190649002790451
                ],
                [
                    -0.05627346411347389,
                    0.08176236599683762,
                    0.9950618743896484
                ]
            ],
            [
                [
                    0.9940349459648132,
                    0.005098061636090279,
                    -0.10894281417131424
                ],
                [
                    -0.02193092368543148,
                    0.9878462553024292,
                    -0.15387901663780212
                ],
                [
                    0.10683427006006241,
                    0.15535034239292145,
                    0.9820654988288879
                ]
            ],
            [
                [
                    0.9856119155883789,
                    0.14356733858585358,
                    -0.0892048329114914
                ],
                [
                    -0.12890031933784485,
                    0.9798241853713989,
                    0.15273909270763397
                ],
                [
                    0.10933340340852737,
                    -0.1390429437160492,
                    0.9842322468757629
                ]
            ],
            [
                [
                    0.9784979820251465,
                    -0.1945834904909134,
                    0.06840364634990692
                ],
                [
                    0.18024548888206482,
                    0.9679245948791504,
                    0.17502444982528687
                ],
                [
                    -0.10026644170284271,
                    -0.15893161296844482,
                    0.9821850657463074
                ]
            ]
        ],
        "betas": [
            0.015457987785339355,
            0.1394781917333603,
            -0.5776253938674927,
            -0.2419792115688324,
            0.04120194911956787,
            -0.06909798830747604,
            -0.09246265888214111,
            -0.01071774959564209,
            0.15993738174438477,
            -0.1148231029510498
        ]
    },
    "pred_cam_t": [
        0.2395498901605606,
        0.4754447340965271,
        23.841127395629883
    ],
    "focal_length": [
        5000.0,
        5000.0
    ],
    "pred_keypoints_3d": [
        [
            -0.00998053327202797,
            -0.7499203681945801,
            -0.24776464700698853
        ],
        [
            -0.02516826242208481,
            -0.7070240378379822,
            -0.06199575215578079
        ],
        [
            -0.18886706233024597,
            -0.6347823739051819,
            0.01787733845412731
        ],
        [
            -0.3463401198387146,
            -0.438485324382782,
            0.07555153220891953
        ],
        [
            -0.5504456758499146,
            -0.2862604856491089,
            0.029011934995651245
        ],
        [
            0.13249917328357697,
            -0.5941667556762695,
            -0.11819212138652802
        ],
        [
            0.09721209108829498,
            -0.3323906362056732,
            -0.1019628569483757
        ],
        [
            -0.01733899861574173,
            -0.11106094717979431,
            -0.14296744763851166
        ],
        [
            -0.0017469651065766811,
            -0.2177194505929947,
            0.026985686272382736
        ],
        [
            -0.06485552340745926,
            -0.1275067776441574,
            0.046051040291786194
        ],
        [
            -0.13138605654239655,
            0.23709602653980255,
            -0.06629937142133713
        ],
        [
            -0.07440361380577087,
            0.49951308965682983,
            0.2354728877544403
        ],
        [
            0.06859131902456284,
            -0.12849649786949158,
            0.022472526878118515
        ],
        [
            0.11524810642004013,
            0.22818142175674438,
            -0.09979289770126343
        ],
        [
            0.12517841160297394,
            0.5131775140762329,
            0.1862071454524994
        ],
        [
            -0.05020296573638916,
            -0.7956417798995972,
            -0.23917117714881897
        ],
        [
            0.015117527917027473,
            -0.8023617267608643,
            -0.2285139560699463
        ],
        [
            -0.10824870318174362,
            -0.8133894205093384,
            -0.1531555950641632
        ],
        [
            0.034654974937438965,
            -0.8284865617752075,
            -0.13364191353321075
        ],
        [
            0.1519172489643097,
            0.6563214063644409,
            0.04929134249687195
        ],
        [
            0.2123221606016159,
            0.6302311420440674,
            0.09948068857192993
        ],
        [
            0.13184866309165955,
            0.5079224109649658,
            0.2563590705394745
        ],
        [
            -0.09833093732595444,
            0.6439828872680664,
            0.0999557375907898
        ],
        [
            -0.16127799451351166,
            0.6223028302192688,
            0.1551145315170288
        ],
        [
            -0.06806008517742157,
            0.503937304019928,
            0.3085048794746399
        ],
        [
            -0.09993334114551544,
            0.4457664489746094,
            0.22480912506580353
        ],
        [
            -0.12593117356300354,
            0.179931178689003,
            -0.0632476657629013
        ],
        [
            -0.14271941781044006,
            -0.24655678868293762,
            0.06978484988212585
        ],
        [
            0.14649970829486847,
            -0.2384883016347885,
            0.026815423741936684
        ],
        [
            0.1243148148059845,
            0.18945123255252838,
            -0.099401094019413
        ],
        [
            0.1320415884256363,
            0.4699642062187195,
            0.18478676676750183
        ],
        [
            -0.535780131816864,
            -0.301177442073822,
            0.0024794507771730423
        ],
        [
            -0.3626643419265747,
            -0.47153282165527344,
            0.06632386147975922
        ],
        [
            -0.16240091621875763,
            -0.6623409986495972,
            0.0026113884523510933
        ],
        [
            0.11404534429311752,
            -0.6302999258041382,
            -0.10304319858551025
        ],
        [
            0.10346975922584534,
            -0.35117483139038086,
            -0.14603927731513977
        ],
        [
            -0.019512061029672623,
            -0.12640675902366638,
            -0.1541604846715927
        ],
        [
            -0.02084691822528839,
            -0.6993576288223267,
            -0.06829874962568283
        ],
        [
            -0.03071032464504242,
            -0.8639615178108215,
            -0.17737364768981934
        ],
        [
            0.0020718295127153397,
            -0.243011474609375,
            0.047829560935497284
        ],
        [
            -0.023930847644805908,
            -0.6438073515892029,
            -0.050608303397893906
        ],
        [
            -0.005536746233701706,
            -0.48374807834625244,
            0.026122281327843666
        ],
        [
            -0.01771913841366768,
            -0.7532676458358765,
            -0.16590331494808197
        ],
        [
            -0.03682070970535278,
            -0.8843829035758972,
            -0.17684876918792725
        ]
    ],
    "pred_vertices": [
        [
            0.02393784187734127,
            -0.8465636968612671,
            -0.2447013258934021
        ],
        [
            0.01962471567094326,
            -0.8309130668640137,
            -0.24593660235404968
        ],
        [
            0.028835542500019073,
            -0.8318110704421997,
            -0.23519161343574524
        ],
        [
            0.03234812244772911,
            -0.8453459739685059,
            -0.22961965203285217
        ],
        [
            0.026709936559200287,
            -0.8206995725631714,
            -0.237734854221344
        ],
        [
            0.018291259184479713,
            -0.8185747861862183,
            -0.24569104611873627
        ],
        [
            0.03429832309484482,
            -0.830268383026123,
            -0.22270505130290985
        ],
        [
            0.03698283061385155,
            -0.8410881757736206,
            -0.214518204331398
        ],
        [
            0.0387369841337204,
            -0.8012669682502747,
            -0.1976207196712494
        ],
        [
            0.04109905660152435,
            -0.8009478449821472,
            -0.18704450130462646
        ],
        [
            0.040106337517499924,
            -0.8118867874145508,
            -0.19321030378341675
        ],
        [
            0.03715471923351288,
            -0.8091604709625244,
            -0.2021281123161316
        ],
        [
            0.037839051336050034,
            -0.7781874537467957,
            -0.18575946986675262
        ],
        [
            0.03364552557468414,
            -0.7662420272827148,
            -0.190964013338089
        ],
        [
            0.03400489687919617,
            -0.7613542079925537,
            -0.17874814569950104
        ],
        [
            0.03699882701039314,
            -0.7730623483657837,
            -0.17267975211143494
        ],
        [
            0.00675065815448761,
            -0.7681404948234558,
            -0.22211673855781555
        ],
        [
            0.011717719957232475,
            -0.7629334926605225,
            -0.2178659439086914
        ],
        [
            0.015079030767083168,
            -0.769817590713501,
            -0.2186260223388672
        ],
        [
            0.009304320439696312,
            -0.7742893695831299,
            -0.22254642844200134
        ],
        [
            -0.001155184581875801,
            -0.7740569114685059,
            -0.2331552952528
        ],
        [
            -0.0010198559612035751,
            -0.780462384223938,
            -0.2318952977657318
        ],
        [
            -0.00459836982190609,
            -0.7817860841751099,
            -0.23896855115890503
        ],
        [
            -0.003818194381892681,
            -0.7744362950325012,
            -0.2406955063343048
        ],
        [
            0.0018345136195421219,
            -0.7624799609184265,
            -0.22142067551612854
        ],
        [
            0.007059939205646515,
            -0.7573766708374023,
            -0.21670514345169067
        ],
        [
            0.0025190506130456924,
            -0.7723283767700195,
            -0.2264670431613922
        ],
        [
            0.001094181090593338,
            -0.7671993970870972,
            -0.2274084985256195
        ],
        [
            0.0006813239306211472,
            -0.7575670480728149,
            -0.23539358377456665
        ],
        [
            0.00184561125934124,
            -0.7626922130584717,
            -0.23550599813461304
        ],
        [
            1.6160309314727783e-05,
            -0.7609127759933472,
            -0.24289360642433167
        ],
        [
            -0.001260455697774887,
            -0.7557835578918457,
            -0.2404206395149231
        ],
        [
            0.001519789919257164,
            -0.7604176998138428,
            -0.22610411047935486
        ],
        [
            0.0026245322078466415,
            -0.762285590171814,
            -0.22962559759616852
        ],
        [
            0.0007816385477781296,
            -0.7577148079872131,
            -0.23086979985237122
        ],
        [
            -0.0011961422860622406,
            -0.7565661668777466,
            -0.22740651667118073
        ],
        [
            -0.0008691456168889999,
            -0.7690756320953369,
            -0.23437435925006866
        ],
        [
            -0.0022464748471975327,
            -0.7680727243423462,
            -0.24211037158966064
        ],
        [
            -0.004678602330386639,
            -0.7665501832962036,
            -0.24980540573596954
        ],
        [
            -0.0029372330754995346,
            -0.7576514482498169,
            -0.2496679723262787
        ],
        [
            0.02106737345457077,
            -0.7536396980285645,
            -0.20556366443634033
        ],
        [
            0.017119716852903366,
            -0.75821852684021,
            -0.21254903078079224
        ],
        [
            0.012468699365854263,
            -0.7528262734413147,
            -0.21210722625255585
        ],
        [
            0.016519159078598022,
            -0.7490988969802856,
            -0.20673611760139465
        ],
        [
            -0.0009070783853530884,
            -0.7550451755523682,
            -0.2228679060935974
        ],
        [
            0.0028722453862428665,
            -0.7404277324676514,
            -0.21682408452033997
        ],
        [
            0.0031119491904973984,
            -0.7439858913421631,
            -0.2182750701904297
        ],
        [
            -0.001886080950498581,
            -0.7428213357925415,
            -0.22325801849365234
        ],
        [
            -0.0015660002827644348,
            -0.7396140694618225,
            -0.22159788012504578
        ],
        [
            0.024094395339488983,
            -0.7438069581985474,
            -0.19158993661403656
        ],
        [
            0.01973053626716137,
            -0.7405492067337036,
            -0.19623121619224548
        ],
        [
            0.01954161748290062,
            -0.7351073026657104,
            -0.19130714237689972
        ],
        [
            0.02289741486310959,
            -0.7374849319458008,
            -0.18533211946487427
        ],
        [
            0.016686562448740005,
            -0.7298420667648315,
            -0.18883490562438965
        ],
        [
            0.020555347204208374,
            -0.7311127781867981,
            -0.18000052869319916
        ],
        [
            0.011896833777427673,
            -0.7163925170898438,
            -0.1763685643672943
        ],
        [
            0.0162477046251297,
            -0.7231383919715881,
            -0.17772670090198517
        ],
        [
            0.013006256893277168,
            -0.7238638401031494,
            -0.18779334425926208
        ],
        [
            0.008553074672818184,
            -0.7171739339828491,
            -0.18944203853607178
        ],
        [
            -0.0006729643791913986,
            -0.7174867391586304,
            -0.20066621899604797
        ],
        [
            -0.005697092041373253,
            -0.7148951292037964,
            -0.20353752374649048
        ],
        [
            -0.0020919982343912125,
            -0.7048349976539612,
            -0.1960964798927307
        ],
        [
            0.0031261760741472244,
            -0.709815502166748,
            -0.1931077092885971
        ],
        [
            0.0018143262714147568,
            -0.7363948225975037,
            -0.2107473462820053
        ],
        [
            0.0049336738884449005,
            -0.7379154562950134,
            -0.20749543607234955
        ],
        [
            0.005769960582256317,
            -0.7384918928146362,
            -0.21003717184066772
        ],
        [
            0.0026060249656438828,
            -0.7379042506217957,
            -0.21415266394615173
        ],
        [
            0.007882501929998398,
            -0.7388178706169128,
            -0.20503830909729004
        ],
        [
            0.009282344952225685,
            -0.7389916181564331,
            -0.20393948256969452
        ],
        [
            0.009397245943546295,
            -0.7397269010543823,
            -0.20553377270698547
        ],
        [
            0.008100420236587524,
            -0.7393001317977905,
            -0.20585358142852783
        ],
        [
            0.006367934867739677,
            -0.7384995222091675,
            -0.20669808983802795
        ],
        [
            0.005455346778035164,
            -0.7364464998245239,
            -0.2065371870994568
        ],
        [
            0.0071647800505161285,
            -0.7377623915672302,
            -0.20542918145656586
        ],
        [
            0.0027508214116096497,
            -0.7342343330383301,
            -0.2094261646270752
        ],
        [
            -0.007808450609445572,
            -0.7280434370040894,
            -0.21786579489707947
        ],
        [
            -0.004221364855766296,
            -0.7293049693107605,
            -0.21600839495658875
        ],
        [
            -0.005828360095620155,
            -0.733518123626709,
            -0.21711868047714233
        ],
        [
            -0.008971014991402626,
            -0.7328048944473267,
            -0.21881656348705292
        ],
        [
            0.008148148655891418,
            -0.7406679391860962,
            -0.20827162265777588
        ],
        [
            0.010494258254766464,
            -0.7425426840782166,
            -0.2078106701374054
        ],
        [
            0.007705776020884514,
            -0.7434378266334534,
            -0.21258476376533508
        ],
        [
            0.006477039307355881,
            -0.7409272193908691,
            -0.2113536149263382
        ],
        [
            0.013095855712890625,
            -0.7447706460952759,
            -0.2077825367450714
        ],
        [
            0.011417143046855927,
            -0.741347074508667,
            -0.2049926519393921
        ],
        [
            0.013937514275312424,
            -0.7426577210426331,
            -0.20414671301841736
        ],
        [
            0.008720189332962036,
            -0.7373514771461487,
            -0.20344406366348267
        ],
        [
            0.010885525494813919,
            -0.7366898655891418,
            -0.20094162225723267
        ],
        [
            0.011759471148252487,
            -0.7387982606887817,
            -0.20269039273262024
        ],
        [
            0.009053472429513931,
            -0.7332763671875,
            -0.20058196783065796
        ],
        [
            0.006571277976036072,
            -0.7349238395690918,
            -0.20415540039539337
        ],
        [
            0.003872876986861229,
            -0.7318002581596375,
            -0.20659944415092468
        ],
        [
            0.00035161152482032776,
            -0.7284849286079407,
            -0.20994213223457336
        ],
        [
            0.0018326938152313232,
            -0.7254645824432373,
            -0.20483200252056122
        ],
        [
            0.005942042917013168,
            -0.729282796382904,
            -0.20212091505527496
        ],
        [
            0.009185591712594032,
            -0.7476704120635986,
            -0.21291853487491608
        ],
        [
            0.015239743515849113,
            -0.7394580841064453,
            -0.1998758763074875
        ],
        [
            0.018462413921952248,
            -0.7457494735717773,
            -0.2015402764081955
        ],
        [
            0.014764048159122467,
            -0.7354605197906494,
            -0.19710320234298706
        ],
        [
            0.0126116294413805,
            -0.7311660051345825,
            -0.19559794664382935
        ],
        [
            0.008677730336785316,
            -0.7264319658279419,
            -0.1960412710905075
        ],
        [
            0.0042885541915893555,
            -0.7216798067092896,
            -0.19815583527088165
        ],
        [
            -0.0025879740715026855,
            -0.70094895362854,
            -0.18214699625968933
        ],
        [
            0.004531562328338623,
            -0.70738285779953,
            -0.17981961369514465
        ],
        [
            0.015957849100232124,
            -0.8128327131271362,
            -0.24047932028770447
        ],
        [
            0.023848693817853928,
            -0.8136661052703857,
            -0.23629280924797058
        ],
        [
            0.02356322668492794,
            -0.8081367015838623,
            -0.2288493812084198
        ],
        [
            0.025387680158019066,
            -0.8106374740600586,
            -0.22910736501216888
        ],
        [
            0.020661212503910065,
            -0.8102449178695679,
            -0.23365943133831024
        ],
        [
            0.02027452364563942,
            -0.8076083660125732,
            -0.23219598829746246
        ],
        [
            0.032940465956926346,
            -0.8083409070968628,
            -0.20930612087249756
        ],
        [
            0.02942587435245514,
            -0.8078471422195435,
            -0.21511505544185638
        ],
        [
            0.029057491570711136,
            -0.8049284219741821,
            -0.21212470531463623
        ],
        [
            0.034072209149599075,
            -0.8026618361473083,
            -0.2056502401828766
        ],
        [
            0.023528411984443665,
            -0.7946622371673584,
            -0.21686828136444092
        ],
        [
            0.02678508870303631,
            -0.7974001169204712,
            -0.21363821625709534
        ],
        [
            0.024006593972444534,
            -0.8021655082702637,
            -0.2194640338420868
        ],
        [
            0.021684834733605385,
            -0.8002080321311951,
            -0.22189512848854065
        ],
        [
            0.018605805933475494,
            -0.7986796498298645,
            -0.22426486015319824
        ],
        [
            0.01464938186109066,
            -0.7978086471557617,
            -0.2260919064283371
        ],
        [
            0.01493498869240284,
            -0.7931618690490723,
            -0.2234678864479065
        ],
        [
            0.019385121762752533,
            -0.7935112714767456,
            -0.2204211950302124
        ],
        [
            0.01467704027891159,
            -0.8102203607559204,
            -0.23647041618824005
        ],
        [
            0.007580406963825226,
            -0.8088213205337524,
            -0.23747000098228455
        ],
        [
            0.008928637951612473,
            -0.8061971068382263,
            -0.2355213463306427
        ],
        [
            0.015052516013383865,
            -0.8071184158325195,
            -0.2349567413330078
        ],
        [
            -0.0019616298377513885,
            -0.8010283708572388,
            -0.2304636836051941
        ],
        [
            -0.0005513671785593033,
            -0.802975058555603,
            -0.23219722509384155
        ],
        [
            -0.0036304444074630737,
            -0.8034157752990723,
            -0.23469239473342896
        ],
        [
            -0.004586890339851379,
            -0.7995939254760742,
            -0.23217922449111938
        ],
        [
            -0.0024342089891433716,
            -0.7971242070198059,
            -0.23048585653305054
        ],
        [
            -0.0006311964243650436,
            -0.799553394317627,
            -0.2298647165298462
        ],
        [
            0.01490526832640171,
            -0.8654343485832214,
            -0.2532314658164978
        ],
        [
            0.011856567114591599,
            -0.8467847108840942,
            -0.25592362880706787
        ],
        [
            0.026542695239186287,
            -0.8655910491943359,
            -0.23655067384243011
        ],
        [
            0.03380563110113144,
            -0.8612221479415894,
            -0.22038254141807556
        ],
        [
            0.0392894484102726,
            -0.8528786897659302,
            -0.20527413487434387
        ],
        [
            0.029218588024377823,
            -0.7511470317840576,
            -0.18553833663463593
        ],
        [
            0.028822803869843483,
            -0.745323896408081,
            -0.17655372619628906
        ],
        [
            0.03358282148838043,
            -0.7568994760513306,
            -0.16691717505455017
        ],
        [
            0.03067011386156082,
            -0.7488631010055542,
            -0.15964791178703308
        ],
        [
            0.025781985372304916,
            -0.7369199991226196,
            -0.16989640891551971
        ],
        [
            0.01218569278717041,
            -0.7184749841690063,
            -0.16352730989456177
        ],
        [
            0.020552050322294235,
            -0.7272858619689941,
            -0.1655603051185608
        ],
        [
            0.02547074854373932,
            -0.7404084205627441,
            -0.15272626280784607
        ],
        [
            0.030142128467559814,
            -0.7580937147140503,
            -0.14229615032672882
        ],
        [
            0.03366746008396149,
            -0.7627589106559753,
            -0.15097485482692719
        ],
        [
            0.031214646995067596,
            -0.7774291038513184,
            -0.13599029183387756
        ],
        [
            0.022890064865350723,
            -0.7543450593948364,
            -0.13183094561100006
        ],
        [
            0.026310428977012634,
            -0.7794116735458374,
            -0.12968163192272186
        ],
        [
            0.006428295746445656,
            -0.719214677810669,
            -0.12787209451198578
        ],
        [
            0.007867041975259781,
            -0.7101622223854065,
            -0.12184982746839523
        ],
        [
            0.019562609493732452,
            -0.7213988304138184,
            -0.11288519203662872
        ],
        [
            0.01762574352324009,
            -0.730828583240509,
            -0.11832316964864731
        ],
        [
            0.036293014883995056,
            -0.767952561378479,
            -0.16035281121730804
        ],
        [
            0.04051218181848526,
            -0.8243868350982666,
            -0.19021272659301758
        ],
        [
            0.03884898126125336,
            -0.8203082084655762,
            -0.2005515992641449
        ],
        [
            0.0412098728120327,
            -0.814382791519165,
            -0.18199646472930908
        ],
        [
            0.03832201659679413,
            -0.8862948417663574,
            -0.19500955939292908
        ],
        [
            0.03744649142026901,
            -0.8753836154937744,
            -0.21026137471199036
        ],
        [
            0.042072564363479614,
            -0.8644383549690247,
            -0.19650769233703613
        ],
        [
            0.042719610035419464,
            -0.8763428926467896,
            -0.18417617678642273
        ],
        [
            0.012918062508106232,
            -0.9117397665977478,
            -0.2220766544342041
        ],
        [
            0.016460563987493515,
            -0.8905649781227112,
            -0.24012930691242218
        ],
        [
            0.02634870633482933,
            -0.8841544985771179,
            -0.22614765167236328
        ],
        [
            0.025888893753290176,
            -0.9010026454925537,
            -0.21117231249809265
        ],
        [
            0.04152114689350128,
            -0.8824012279510498,
            -0.17221425473690033
        ],
        [
            0.03790207952260971,
            -0.8901703357696533,
            -0.15609750151634216
        ],
        [
            0.03212842345237732,
            -0.9066523909568787,
            -0.15682363510131836
        ],
        [
            0.035556331276893616,
            -0.898996114730835,
            -0.17759466171264648
        ],
        [
            0.018802251666784286,
            -0.9266198873519897,
            -0.16100013256072998
        ],
        [
            0.02287544310092926,
            -0.9170206785202026,
            -0.18653056025505066
        ],
        [
            0.02266194112598896,
            -0.7703771591186523,
            -0.11771989613771439
        ],
        [
            0.023495614528656006,
            -0.7885748147964478,
            -0.12059579789638519
        ],
        [
            0.016533836722373962,
            -0.7410244941711426,
            -0.12631341814994812
        ],
        [
            0.02242305316030979,
            -0.7546374797821045,
            -0.11418411135673523
        ],
        [
            0.00016389787197113037,
            -0.9398758411407471,
            -0.1657770276069641
        ],
        [
            0.005591854453086853,
            -0.9306159019470215,
            -0.19606280326843262
        ],
        [
            0.017871472984552383,
            -0.8871914148330688,
            -0.1059638187289238
        ],
        [
            0.021638821810483932,
            -0.9005259871482849,
            -0.1191074550151825
        ],
        [
            0.03127572685480118,
            -0.8834753036499023,
