{
    "pred_cam": [
        2.1048498153686523,
        0.033398114144802094,
        0.530451238155365
    ],
    "pred_smpl_params": {
        "global_orient": [
            [
                [
                    0.9816890358924866,
                    0.17796973884105682,
                    -0.06792270392179489
                ],
                [
                    0.14640900492668152,
                    -0.9330317974090576,
                    -0.3286578953266144
                ],
                [
                    -0.12186521291732788,
                    0.31269532442092896,
                    -0.9420034289360046
                ]
            ]
        ],
        "body_pose": [
            [
                [
                    0.9578675031661987,
                    -0.2764114439487457,
                    -0.07801607996225357
                ],
                [
                    0.2125573307275772,
                    0.49955999851226807,
                    0.8397971987724304
                ],
                [
                    -0.19315582513809204,
                    -0.8209973573684692,
                    0.5372655391693115
                ]
            ],
            [
                [
                    0.9563474655151367,
                    0.2437421828508377,
                    0.1612120419740677
                ],
                [
                    -0.2669990062713623,
                    0.5045416951179504,
                    0.8210659027099609
                ],
                [
                    0.11879021674394608,
                    -0.8282676935195923,
                    0.5475960969924927
                ]
            ],
            [
                [
                    0.9992477893829346,
                    0.01006719283759594,
                    -0.03744954243302345
                ],
                [
                    -0.030239548534154892,
                    0.8068612813949585,
                    -0.5899665355682373
                ],
                [
                    0.024277277290821075,
                    0.5906552076339722,
                    0.8065587878227234
                ]
            ],
            [
                [
                    0.9673920273780823,
                    0.17078924179077148,
                    -0.1870390921831131
                ],
                [
                    -0.0385151170194149,
                    -0.6306766867637634,
                    -0.7750893831253052
                ],
                [
                    -0.2503381073474884,
                    0.7570191621780396,
                    -0.6035336256027222
                ]
            ],
            [
                [
                    0.9618725776672363,
                    -0.11188868433237076,
                    0.2495638132095337
                ],
                [
                    0.12859782576560974,
                    -0.6203030347824097,
                    -0.7737485766410828
                ],
                [
                    0.24137891829013824,
                    0.7763408422470093,
                    -0.5822638273239136
                ]
            ],
            [
                [
                    0.9997462034225464,
                    -0.021600086241960526,
                    -0.006395383737981319
                ],
                [
                    0.021056462079286575,
                    0.9969266057014465,
                    -0.07545784115791321
                ],
                [
                    0.008005624637007713,
                    0.07530403137207031,
                    0.997128427028656
                ]
            ],
            [
                [
                    0.9588170647621155,
                    -0.22303836047649384,
                    0.17585155367851257
                ],
                [
                    0.11298767477273941,
                    0.867569625377655,
                    0.48431071639060974
                ],
                [
                    -0.2605833113193512,
                    -0.4444963037967682,
                    0.8570411205291748
                ]
            ],
            [
                [
                    0.9634155035018921,
                    0.1868843287229538,
                    -0.1921061873435974
                ],
                [
                    -0.08569258451461792,
                    0.893949031829834,
                    0.43989986181259155
                ],
                [
                    0.253943532705307,
                    -0.4073442816734314,
                    0.8772589564323425
                ]
            ],
            [
                [
                    0.9988480806350708,
                    -0.024896683171391487,
                    -0.041020024567842484
                ],
                [
                    0.022700689733028412,
                    0.9983280897140503,
                    -0.05315735936164856
                ],
                [
                    0.04227488487958908,
                    0.052164942026138306,
                    0.9977432489395142
                ]
            ],
            [
                [
                    0.995505690574646,
                    0.006114879157394171,
                    0.09450392425060272
                ],
                [
                    -0.03014274686574936,
                    0.966474175453186,
                    0.2549884021282196
                ],
                [
                    -0.08977637439966202,
                    -0.25669100880622864,
                    0.9623148441314697
                ]
            ],
            [
                [
                    0.9940844774246216,
                    0.047220733016729355,
                    -0.09780719876289368
                ],
                [
                    -0.015379238873720169,
                    0.9526655673980713,
                    0.3036310374736786
                ],
                [
                    0.10751523077487946,
                    -0.3003306984901428,
                    0.947756290435791
                ]
            ],
            [
                [
                    0.9926935434341431,
                    -0.11252405494451523,
                    0.04356580227613449
                ],
                [
                    0.10142847150564194,
                    0.9737331867218018,
                    0.20385299623012543
                ],
                [
                    -0.06535982340574265,
                    -0.19794471561908722,
                    0.9780318140983582
                ]
            ],
            [
                [
                    0.8140183687210083,
                    0.4871372580528259,
                    -0.316340833902359
                ],
                [
                    -0.471057653427124,
                    0.8723016381263733,
                    0.13112784922122955
                ],
                [
                    0.33982187509536743,
                    0.042274296283721924,
                    0.9395393133163452
                ]
            ],
            [
                [
                    0.9060466885566711,
                    -0.374707967042923,
                    0.19665519893169403
                ],
                [
                    0.3684765696525574,
                    0.9270876049995422,
                    0.06880129873752594
                ],
                [
                    -0.20809699594974518,
                    0.010125638917088509,
                    0.9780557751655579
                ]
            ],
            [
                [
                    0.9852443337440491,
                    -0.03206260874867439,
                    0.16812333464622498
                ],
                [
                    0.024467477574944496,
                    0.9985926151275635,
                    0.04705487936735153
                ],
                [
                    -0.16939541697502136,
                    -0.04224700480699539,
                    0.9846422076225281
                ]
            ],
            [
                [
                    0.6557866334915161,
                    0.692341685295105,
                    -0.30100977420806885
                ],
                [
                    -0.7144599556922913,
                    0.6979698538780212,
                    0.04883676767349243
                ],
                [
                    0.24390749633312225,
                    0.18303294479846954,
                    0.952369749546051
                ]
            ],
            [
                [
                    0.7557722330093384,
                    -0.633335530757904,
                    0.1664164662361145
                ],
                [
                    0.6457778215408325,
                    0.7629700899124146,
                    -0.029113270342350006
                ],
                [
                    -0.10853231698274612,
                    0.1294710785150528,
                    0.985625684261322
                ]
            ],
            [
                [
                    0.7828702330589294,
                    -0.19204993546009064,
                    -0.591803252696991
                ],
                [
                    0.00323399412445724,
                    0.9524123668670654,
                    -0.304795503616333
                ],
                [
                    0.6221766471862793,
                    0.23670142889022827,
                    0.7462363839149475
                ]
            ],
            [
                [
                    0.6114939451217651,
                    0.314602255821228,
                    0.7260169386863708
                ],
                [
                    -0.11363112926483154,
                    0.9429630041122437,
                    -0.31290385127067566
                ],
                [
                    -0.7830472588539124,
                    0.1088406965136528,
                    0.6123647689819336
                ]
            ],
            [
                [
                    0.9938212037086487,
                    -0.07220164686441422,
                    0.08429856598377228
                ],
                [
                    0.09765439480543137,
                    0.9297828078269958,
                    -0.3549189269542694
                ],
                [
                    -0.05275363102555275,
                    0.3609580993652344,
                    0.9310886859893799
                ]
            ],
            [
                [
                    0.9933165907859802,
                    0.04959744215011597,
                    -0.1042218804359436
                ],
                [
                    -0.08119571208953857,
                    0.9420271515846252,
                    -0.32556429505348206
                ],
                [
                    0.0820326879620552,
                    0.3318507969379425,
                    0.93975830078125
                ]
            ],
            [
                [
                    0.9836476445198059,
                    0.1568819284439087,
                    -0.08846087753772736
                ],
                [
                    -0.1400299370288849,
                    0.9750645160675049,
                    0.17216509580612183
                ],
                [
                    0.11326465010643005,
                    -0.15696263313293457,
                    0.9810881018638611
                ]
            ],
            [
                [
                    0.9833207726478577,
                    -0.1565149873495102,
                    0.09264615923166275
                ],
                [
                    0.13547877967357635,
                    0.9701669812202454,
                    0.20105069875717163
                ],
                [
                    -0.12134970724582672,
                    -0.18514573574066162,
                    0.9751898050308228
                ]
            ]
        ],
        "betas": [
            0.05820609629154205,
            -0.037839412689208984,
            -0.41445013880729675,
            -0.19480440020561218,
            0.0347762405872345,
            -0.053944461047649384,
            0.017209649085998535,
            -0.04096144437789917,
            0.02123233675956726,
            0.02503812313079834
        ]
    },
    "pred_cam_t": [
        0.033398114144802094,
        0.530451238155365,
        18.558330535888672
    ],
    "focal_length": [
        5000.0,
        5000.0
    ],
    "pred_keypoints_3d": [
        [
            0.038696035742759705,
            -0.7848258018493652,
            -0.21965265274047852
        ],
        [
            0.05414041876792908,
            -0.6878561973571777,
            -0.0478556752204895
        ],
        [
            -0.12889327108860016,
            -0.6169148683547974,
            0.018940767273306847
        ],
        [
            -0.2497936487197876,
            -0.40474337339401245,
            0.10021599382162094
        ],
        [
            -0.341446191072464,
            -0.22583536803722382,
            -0.06144876033067703
        ],
        [
            0.20999467372894287,
            -0.5515931248664856,
            -0.06889158487319946
        ],
        [
            0.20917899906635284,
            -0.2888938784599304,
            -0.04569564759731293
        ],
        [
            0.09889303147792816,
            -0.09994594752788544,
            -0.17072272300720215
        ],
        [
            -0.001776143442839384,
            -0.22034750878810883,
            0.028362233191728592
        ],
        [
            -0.08400852978229523,
            -0.144832581281662,
            0.012464264407753944
        ],
        [
            -0.26874595880508423,
            -0.08749137818813324,
            -0.32227224111557007
        ],
        [
            -0.19134655594825745,
            0.14461851119995117,
            -0.0012443065643310547
        ],
        [
            0.05075206607580185,
            -0.12313725799322128,
            -0.0022701863199472427
        ],
        [
            0.13279002904891968,
            -0.02920488268136978,
            -0.36022815108299255
        ],
        [
            0.013670720160007477,
            0.16820406913757324,
            -0.029262274503707886
        ],
        [
            0.004715785384178162,
            -0.8234132528305054,
            -0.18544769287109375
        ],
        [
            0.07220010459423065,
            -0.8268672227859497,
            -0.18929558992385864
        ],
        [
            -0.03105819970369339,
            -0.8084630966186523,
            -0.08759770542383194
        ],
        [
            0.11628991365432739,
            -0.815891444683075,
            -0.09759442508220673
        ],
        [
            0.051029473543167114,
            0.2878177762031555,
            -0.18079747259616852
        ],
        [
            0.10236415266990662,
            0.2801908254623413,
            -0.11609020829200745
        ],
        [
            0.009214065968990326,
            0.1620800495147705,
            0.03670397400856018
        ],
        [
            -0.27640438079833984,
            0.24868303537368774,
            -0.14632108807563782
        ],
        [
            -0.3208490014076233,
            0.22061580419540405,
            -0.07723280787467957
        ],
        [
            -0.1731063574552536,
            0.15607529878616333,
            0.06714892387390137
        ],
        [
            -0.2101573348045349,
            0.08685316145420074,
            -0.01226385310292244
        ],
        [
            -0.24977555871009827,
            -0.10283754020929337,
            -0.28916606307029724
        ],
        [
            -0.1433165967464447,
            -0.2601620554924011,
            0.08569097518920898
        ],
        [
            0.1553642451763153,
            -0.19853433966636658,
            0.058232925832271576
        ],
        [
            0.14321914315223694,
            -0.036830246448516846,
            -0.33543747663497925
        ],
        [
            0.03487599268555641,
            0.12705551087856293,
            -0.03729141876101494
        ],
        [
            -0.314712792634964,
            -0.24384629726409912,
            -0.07036633789539337
        ],
        [
            -0.26857826113700867,
            -0.43036115169525146,
            0.07646401226520538
        ],
        [
            -0.09804171323776245,
            -0.6464826464653015,
            0.008605841547250748
        ],
        [
            0.1964099109172821,
            -0.5934242010116577,
            -0.06232856214046478
        ],
        [
            0.22273507714271545,
            -0.30981209874153137,
            -0.08671841025352478
        ],
        [
            0.09980510920286179,
            -0.11682870984077454,
            -0.1776994913816452
        ],
        [
            0.05474178493022919,
            -0.6736762523651123,
            -0.05021689087152481
        ],
        [
            0.0431244894862175,
            -0.8648002743721008,
            -0.1090400218963623
        ],
        [
            0.006036676000803709,
            -0.2295362651348114,
            0.07160742580890656
        ],
        [
            0.04786429554224014,
            -0.6172533631324768,
            -0.028028713539242744
        ],
        [
            0.04168102890253067,
            -0.4650634825229645,
            0.05644884705543518
        ],
        [
            0.05031343922019005,
            -0.7579486966133118,
            -0.14077851176261902
        ],
        [
            0.038753531873226166,
            -0.8842347264289856,
            -0.09908653795719147
        ]
    ],
    "pred_vertices": [
        [
            0.08026670664548874,
            -0.8735224008560181,
            -0.1898716539144516
        ],
        [
            0.0753372311592102,
            -0.8588346242904663,
            -0.19660969078540802
        ],
        [
            0.08670809864997864,
            -0.8561738729476929,
            -0.1882019191980362
        ],
        [
            0.09202456474304199,
            -0.8672890663146973,
            -0.17857442796230316
        ],
        [
            0.0831199437379837,
            -0.8465956449508667,
            -0.19342833757400513
        ],
        [
            0.07272496819496155,
            -0.8476691246032715,
            -0.19916579127311707
        ],
        [
            0.09467253088951111,
            -0.8504747152328491,
            -0.17813640832901
        ],
        [
            0.09994366765022278,
            -0.8577595949172974,
            -0.1678110957145691
        ],
        [
            0.10386727750301361,
            -0.8141764402389526,
            -0.16658636927604675
        ],
        [
            0.10849060118198395,
            -0.8088775873184204,
            -0.15697383880615234
        ],
        [
            0.1071491688489914,
            -0.8221785426139832,
            -0.1597588062286377
        ],
        [
            0.10137626528739929,
            -0.8233827352523804,
            -0.1676844358444214
        ],
        [
            0.10298243165016174,
            -0.7887508273124695,
            -0.16326485574245453
        ],
        [
            0.09655147045850754,
            -0.779301106929779,
            -0.17161810398101807
        ],
        [
            0.09923411905765533,
            -0.770287036895752,
            -0.1618817150592804
        ],
        [
            0.10417184978723526,
            -0.7793105840682983,
            -0.15289410948753357
        ],
        [
            0.0629991888999939,
            -0.792138934135437,
            -0.19398637115955353
        ],
        [
            0.0686572790145874,
            -0.7857612371444702,
            -0.19322720170021057
        ],
        [
            0.07230930775403976,
            -0.7925260066986084,
            -0.1923334002494812
        ],
        [
            0.06590191274881363,
            -0.7981504201889038,
            -0.19288739562034607
        ],
        [
            0.05288216099143028,
            -0.8015340566635132,
            -0.19987747073173523
        ],
        [
            0.05389685928821564,
            -0.8070533275604248,
            -0.19644229114055634
        ],
        [
            0.04875582084059715,
            -0.8108564615249634,
            -0.20146644115447998
        ],
        [
            0.04852890968322754,
            -0.8046475648880005,
            -0.20594073832035065
        ],
        [
            0.057914379984140396,
            -0.7865818738937378,
            -0.19466367363929749
        ],
        [
            0.06376022845506668,
            -0.7800466418266296,
            -0.19314266741275787
        ],
        [
            0.05799412727355957,
            -0.7976921796798706,
            -0.19534975290298462
        ],
        [
            0.05588853731751442,
            -0.7930656671524048,
            -0.19783616065979004
        ],
        [
            0.0526420921087265,
            -0.7872469425201416,
            -0.2083006501197815
        ],
        [
            0.05401192978024483,
            -0.7919664978981018,
            -0.20668339729309082
        ],
        [
            0.05046693608164787,
            -0.7932422161102295,
            -0.21374265849590302
        ],
        [
            0.04930327087640762,
            -0.7875478267669678,
            -0.21304211020469666
        ],
        [
            0.05593932047486305,
            -0.7864812612533569,
            -0.1993216872215271
        ],
        [
            0.05621080473065376,
            -0.7895015478134155,
            -0.20190757513046265
        ],
        [
            0.053740743547677994,
            -0.7857362627983093,
            -0.20432960987091064
        ],
        [
            0.052611663937568665,
            -0.7834546566009521,
            -0.20128339529037476
        ],
        [
            0.052368540316820145,
            -0.7975868582725525,
            -0.2029637098312378
        ],
        [
            0.04908675327897072,
            -0.7994541525840759,
            -0.20988324284553528
        ],
        [
            0.04470784589648247,
            -0.8009469509124756,
            -0.2169663906097412
        ],
        [
            0.045811574906110764,
            -0.7926486730575562,
            -0.2203456312417984
        ],
        [
            0.07986988127231598,
            -0.7724345922470093,
            -0.18677690625190735
        ],
        [
            0.07473205775022507,
            -0.7794337272644043,
            -0.1911078244447708
        ],
        [
            0.06981272250413895,
            -0.7740573287010193,
            -0.1916666328907013
        ],
        [
            0.07471736520528793,
            -0.7686266303062439,
            -0.18864049017429352
        ],
        [
            0.05407192185521126,
            -0.7800501585006714,
            -0.19782930612564087
        ],
        [
            0.05817384645342827,
            -0.7640206813812256,
            -0.19808845221996307
        ],
        [
            0.05832583084702492,
            -0.7679245471954346,
            -0.19832785427570343
        ],
        [
            0.052085183560848236,
            -0.7686841487884521,
            -0.20215995609760284
        ],
        [
            0.05256081372499466,
            -0.7650959491729736,
            -0.20172575116157532
        ],
        [
            0.08526560664176941,
            -0.7581511735916138,
            -0.17777685821056366
        ],
        [
            0.07972777634859085,
            -0.7567418217658997,
            -0.1824108213186264
        ],
        [
            0.0803867056965828,
            -0.7497096061706543,
            -0.17957106232643127
        ],
        [
            0.08525831997394562,
            -0.7496876120567322,
            -0.17385458946228027
        ],
        [
            0.07816702127456665,
            -0.7436164021492004,
            -0.17833127081394196
        ],
        [
            0.08421949297189713,
            -0.7414544820785522,
            -0.17038625478744507
        ],
        [
            0.07547298073768616,
            -0.7265526056289673,
            -0.16944631934165955
        ],
        [
            0.0798964574933052,
            -0.7329652309417725,
            -0.16983549296855927
        ],
        [
            0.07443302124738693,
            -0.7376103401184082,
            -0.1785556674003601
        ],
        [
            0.06930803507566452,
            -0.7321088314056396,
            -0.18166638910770416
        ],
        [
            0.057127561420202255,
            -0.7365016937255859,
            -0.19055448472499847
        ],
        [
            0.051223274320364,
            -0.7350782155990601,
            -0.1934468001127243
        ],
        [
            0.05596064776182175,
            -0.7229610681533813,
            -0.19048622250556946
        ],
        [
            0.06248819828033447,
            -0.7265623211860657,
            -0.18666917085647583
        ],
        [
            0.05837590992450714,
            -0.7581250667572021,
            -0.19357691705226898
        ],
        [
            0.06235336512327194,
            -0.7583546042442322,
            -0.190679132938385
        ],
        [
            0.06253468990325928,
            -0.7598146200180054,
            -0.19306890666484833
        ],
        [
            0.05830948427319527,
            -0.7608383893966675,
            -0.1963503211736679
        ],
        [
            0.06585478782653809,
            -0.758242666721344,
            -0.1888369619846344
        ],
        [
            0.06749047338962555,
            -0.7580217123031616,
            -0.18800568580627441
        ],
        [
            0.06725654751062393,
            -0.7593047618865967,
            -0.18929873406887054
        ],
        [
            0.06589502096176147,
            -0.7592098712921143,
            -0.18947909772396088
        ],
        [
            0.06392446160316467,
            -0.7587673664093018,
            -0.19017848372459412
        ],
        [
            0.06300195306539536,
            -0.7568131685256958,
            -0.19049221277236938
        ],
        [
            0.065032459795475,
            -0.7574362754821777,
            -0.18937012553215027
        ],
        [
            0.05939505994319916,
            -0.7558680772781372,
            -0.1932772994041443
        ],
        [
            0.04643803834915161,
            -0.7528802156448364,
            -0.20117032527923584
        ],
        [
            0.05041877552866936,
            -0.7536251544952393,
            -0.1996125876903534
        ],
        [
            0.04898577556014061,
            -0.7579201459884644,
            -0.19899366796016693
        ],
        [
            0.04547826945781708,
            -0.7576783299446106,
            -0.20037977397441864
        ],
        [
            0.0654408186674118,
            -0.7612711191177368,
            -0.1911972463130951
        ],
        [
            0.06800530850887299,
            -0.7628318667411804,
            -0.19064325094223022
        ],
        [
            0.06407225877046585,
            -0.7654606103897095,
            -0.19423897564411163
        ],
        [
            0.06306003779172897,
            -0.762629508972168,
            -0.1935739666223526
        ],
        [
            0.07068272680044174,
            -0.7649646997451782,
            -0.19050274789333344
        ],
        [
            0.06945666670799255,
            -0.7606590390205383,
            -0.18870899081230164
        ],
        [
            0.07217811048030853,
            -0.7614004611968994,
            -0.18795150518417358
        ],
        [
            0.0670228824019432,
            -0.7562824487686157,
            -0.18802818655967712
        ],
        [
            0.06964614987373352,
            -0.7547204494476318,
            -0.18640977144241333
        ],
        [
            0.07018540799617767,
            -0.7573411464691162,
            -0.18753834068775177
        ],
        [
            0.06771540641784668,
            -0.751323938369751,
            -0.18669819831848145
        ],
        [
            0.06452754884958267,
            -0.7542582750320435,
            -0.18898436427116394
        ],
        [
            0.06099534407258034,
            -0.7522826194763184,
            -0.19164249300956726
        ],
        [
            0.056363996118307114,
            -0.7504942417144775,
            -0.195084810256958
        ],
        [
            0.05898706614971161,
            -0.7456413507461548,
            -0.19186650216579437
        ],
        [
            0.06395130604505539,
            -0.7481738328933716,
            -0.1887865662574768
        ],
        [
            0.06592104583978653,
            -0.7693573832511902,
            -0.1935170590877533
        ],
        [
            0.07431936264038086,
            -0.7569646835327148,
            -0.18534252047538757
        ],
        [
            0.0775737538933754,
            -0.7637172341346741,
            -0.1852104663848877
        ],
        [
            0.07425488531589508,
            -0.7521858215332031,
            -0.18399618566036224
        ],
        [
            0.0722028911113739,
            -0.7475192546844482,
            -0.18343070149421692
        ],
        [
            0.06846656650304794,
            -0.7430227994918823,
            -0.18474408984184265
        ],
        [
            0.06290985643863678,
            -0.7395093441009521,
            -0.1876431554555893
        ],
        [
            0.05824989080429077,
            -0.7145659327507019,
            -0.17797377705574036
        ],
        [
            0.06652539223432541,
            -0.719558596611023,
            -0.17445601522922516
        ],
        [
            0.07101475447416306,
            -0.8402634859085083,
            -0.19644293189048767
        ],
        [
            0.07966141402721405,
            -0.8399333953857422,
            -0.1937776803970337
        ],
        [
            0.08071965724229813,
            -0.832050085067749,
            -0.189157634973526
        ],
        [
            0.08260870724916458,
            -0.8347383141517639,
            -0.18890339136123657
        ],
        [
            0.07696299999952316,
            -0.8355087041854858,
            -0.1923428475856781
        ],
        [
            0.07664401084184647,
            -0.8327053785324097,
            -0.191574364900589
        ],
        [
            0.0947643518447876,
            -0.8256965279579163,
            -0.17322933673858643
        ],
        [
            0.08976782858371735,
            -0.8273541331291199,
            -0.17792734503746033
        ],
        [
            0.08998498320579529,
            -0.8233511447906494,
            -0.17603181302547455
        ],
        [
            0.09644792973995209,
            -0.818757951259613,
            -0.17193979024887085
        ],
        [
            0.08278950303792953,
            -0.8151876926422119,
            -0.18324467539787292
        ],
        [
            0.08703956007957458,
            -0.816563606262207,
            -0.17974507808685303
        ],
        [
            0.08318109065294266,
            -0.8234358429908752,
            -0.18298989534378052
        ],
        [
            0.07998865097761154,
            -0.822455883026123,
            -0.1854373812675476
        ],
        [
            0.07632733881473541,
            -0.8218058347702026,
            -0.1874791979789734
        ],
        [
            0.07202505320310593,
            -0.8214443922042847,
            -0.1885206699371338
        ],
        [
            0.07251034677028656,
            -0.8162423968315125,
            -0.18797044456005096
        ],
        [
            0.07762616872787476,
            -0.8154810070991516,
            -0.18614672124385834
        ],
        [
            0.07055141776800156,
            -0.8367573022842407,
            -0.1936449110507965
        ],
        [
            0.06331567466259003,
            -0.835426390171051,
            -0.19323059916496277
        ],
        [
            0.06487838923931122,
            -0.8327410221099854,
            -0.19259172677993774
        ],
        [
            0.07096950709819794,
            -0.8334507346153259,
            -0.19322791695594788
        ],
        [
            0.05507190525531769,
            -0.8257796764373779,
            -0.18744993209838867
        ],
        [
            0.05615425854921341,
            -0.8282726407051086,
            -0.18849314749240875
        ],
        [
            0.052583858370780945,
            -0.8295115232467651,
            -0.1898335963487625
        ],
        [
            0.05193661153316498,
            -0.8250374794006348,
            -0.18885022401809692
        ],
        [
            0.054269883781671524,
            -0.8221296072006226,
            -0.188747376203537
        ],
        [
            0.05640715733170509,
            -0.8241826295852661,
            -0.18774139881134033
        ],
        [
            0.0704815536737442,
            -0.8949788808822632,
            -0.1887204498052597
        ],
        [
            0.06611918658018112,
            -0.8778153657913208,
            -0.19690442085266113
        ],
        [
            0.0854109674692154,
            -0.8888088464736938,
            -0.17559373378753662
        ],
        [
            0.09667731821537018,
            -0.8792734146118164,
            -0.16503146290779114
        ],
        [
            0.10505452007055283,
            -0.8657207489013672,
            -0.1557019054889679
        ],
        [
            0.09229286015033722,
            -0.7629445791244507,
            -0.1706831306219101
        ],
        [
            0.09369083493947983,
            -0.7541167736053467,
            -0.16418461501598358
        ],
        [
            0.10161884874105453,
            -0.7619327902793884,
            -0.15222589671611786
        ],
        [
            0.09966756403446198,
            -0.7514563798904419,
            -0.14726522564888
        ],
        [
            0.0920601636171341,
            -0.7434206008911133,
            -0.16000917553901672
        ],
        [
            0.07797692716121674,
            -0.724175751209259,
            -0.15573467314243317
        ],
        [
            0.08664621412754059,
            -0.7325817346572876,
            -0.15723039209842682
        ],
        [
            0.09488018602132797,
            -0.7409636974334717,
            -0.14136961102485657
        ],
        [
            0.10221351683139801,
            -0.754639744758606,
            -0.12716621160507202
        ],
        [
            0.10491795837879181,
            -0.7616449594497681,
            -0.13546891510486603
        ],
        [
            0.1067419946193695,
            -0.770427942276001,
            -0.11548589169979095
        ],
        [
            0.09729976952075958,
            -0.7469022274017334,
            -0.11533036082983017
        ],
        [
            0.10391166061162949,
            -0.7699882984161377,
            -0.1072794497013092
        ],
        [
            0.08184386789798737,
            -0.7087317705154419,
            -0.11400683224201202
        ],
        [
            0.08473353087902069,
            -0.6962982416152954,
            -0.10879021137952805
        ],
        [
            0.09850825369358063,
            -0.7049769163131714,
            -0.09944847226142883
        ],
        [
            0.09562808275222778,
            -0.7167969346046448,
            -0.10406488180160522
        ],
        [
            0.10592202842235565,
            -0.7701156139373779,
            -0.1433555781841278
        ],
        [
            0.10763584077358246,
            -0.8337373733520508,
            -0.15239128470420837
        ],
        [
            0.10429658740758896,
            -0.8330281972885132,
            -0.1634986698627472
        ],
        [
            0.11033609509468079,
            -0.8206060528755188,
            -0.14864158630371094
        ],
        [
            0.10789522528648376,
            -0.8926965594291687,
            -0.13390856981277466
        ],
        [
            0.1028687059879303,
            -0.8882589340209961,
            -0.1509007215499878
        ],
        [
            0.10951682925224304,
            -0.8730520606040955,
            -0.14371967315673828
        ],
        [
            0.11416618525981903,
            -0.8798080682754517,
            -0.12845271825790405
        ],
        [
            0.0789916068315506,
            -0.9257928133010864,
            -0.1429598480463028
        ],
        [
            0.07666421681642532,
            -0.9135953187942505,
            -0.16710609197616577
        ],
        [
            0.08903539180755615,
            -0.9028975367546082,
            -0.15987157821655273
        ],
        [
            0.09305413067340851,
            -0.912096381187439,
            -0.14017075300216675
        ],
        [
            0.11604279279708862,
            -0.881245493888855,
            -0.1151057779788971
        ],
        [
            0.11665472388267517,
            -0.8829883337020874,
            -0.09620138257741928
        ],
        [
            0.11237876117229462,
            -0.898669958114624,
            -0.08984659612178802
        ],
        [
            0.1095619797706604,
            -0.8981705904006958,
            -0.11269344389438629
        ],
        [
            0.09927067160606384,
            -0.917773962020874,
            -0.08364345133304596
        ],
        [
            0.09773415327072144,
            -0.918381929397583,
            -0.11098070442676544
        ],
        [
            0.10239101201295853,
            -0.7570788264274597,
            -0.09667973220348358
        ],
        [
            0.1039530411362648,
            -0.7757084369659424,
            -0.09470067173242569
        ],
        [
            0.09272449463605881,
            -0.7310346364974976,
            -0.11082158982753754
        ],
        [
            0.10198680311441422,
            -0.7403500080108643,
            -0.09648717939853668
        ],
        [
            0.08201771974563599,
            -0.9315756559371948,
            -0.07940825074911118
        ],
        [
            0.07944165170192719,
            -0.9339996576309204,
            -0.11083409190177917
        ],
        [
            0.10714249312877655,
            -0.8623616695404053,
            -0.0463927760720253
        ],
        [
            0.10950493812561035,
            -0.8793694972991943,
            -0.05482829362154007
        ],
        [
            0.11582784354686737,
            -0.8666041493415833,
            -0.07027631253004074
        ],
        [
            0.11393317580223083,
            -0.8522379398345947,
            -0.06064055860042572
        ],
        [
            0.0967145711183548,
            -0.8709766268730164,
