{
    "pred_cam": [
        1.8575565814971924,
        0.0739780142903328,
        0.5088737607002258
    ],
    "pred_smpl_params": {
        "global_orient": [
            [
                [
                    0.9958948493003845,
                    -0.023088105022907257,
                    0.0875239148736
                ],
                [
                    -0.02538813091814518,
                    -0.9993585348129272,
                    0.02525724098086357
                ],
                [
                    0.08688463270664215,
                    -0.02737562358379364,
                    -0.9958421587944031
                ]
            ]
        ],
        "body_pose": [
            [
                [
                    0.9941238760948181,
                    -0.10538163781166077,
                    0.02474796399474144
                ],
                [
                    0.09952477365732193,
                    0.9797171354293823,
                    0.17392289638519287
                ],
                [
                    -0.042574282735586166,
                    -0.17043785750865936,
                    0.984448254108429
                ]
            ],
            [
                [
                    0.9908472299575806,
                    0.10496591776609421,
                    -0.08487598598003387
                ],
                [
                    -0.09137186408042908,
                    0.9843530058860779,
                    0.15066632628440857
                ],
                [
                    0.09936276078224182,
                    -0.1415320187807083,
                    0.984934389591217
                ]
            ],
            [
                [
                    0.9989630579948425,
                    -0.039087794721126556,
                    0.023341845721006393
                ],
                [
                    0.04081039875745773,
                    0.9960737228393555,
                    -0.07855980843305588
                ],
                [
                    -0.020179467275738716,
                    0.0794309452176094,
                    0.9966360330581665
                ]
            ],
            [
                [
                    0.9852923154830933,
                    0.01905284821987152,
                    -0.16981141269207
                ],
                [
                    -0.10480795800685883,
                    0.852266788482666,
                    -0.5125004053115845
                ],
                [
                    0.13496005535125732,
                    0.5227603316307068,
                    0.8417288064956665
                ]
            ],
            [
                [
                    0.9863100051879883,
                    -0.056728191673755646,
                    0.15483714640140533
                ],
                [
                    0.1314530372619629,
                    0.8373962640762329,
                    -0.5305539965629578
                ],
                [
                    -0.09956268966197968,
                    0.5436444878578186,
                    0.833389401435852
                ]
            ],
            [
                [
                    0.9984917640686035,
                    0.04091361537575722,
                    0.036609191447496414
                ],
                [
                    -0.04256993904709816,
                    0.9980490803718567,
                    0.045669931918382645
                ],
                [
                    -0.03466925024986267,
                    -0.047159504145383835,
                    0.9982854723930359
                ]
            ],
            [
                [
                    0.9732919931411743,
                    0.0979524627327919,
                    0.20762450993061066
                ],
                [
                    -0.10018059611320496,
                    0.9949692487716675,
                    0.00021826717420481145
                ],
                [
                    -0.20655862987041473,
                    -0.02101239189505577,
                    0.9782085418701172
                ]
            ],
            [
                [
                    0.970165491104126,
                    -0.04527441784739494,
                    -0.23817867040634155
                ],
                [
                    0.06283912062644958,
                    0.9957940578460693,
                    0.06667407602071762
                ],
                [
                    0.23415827751159668,
                    -0.07965182512998581,
                    0.9689300656318665
                ]
            ],
            [
                [
                    0.9994586110115051,
                    0.027425240725278854,
                    0.018177637830376625
                ],
                [
                    -0.023545723408460617,
                    0.9820653200149536,
                    -0.18706509470939636
                ],
                [
                    -0.022981932386755943,
                    0.1865357905626297,
                    0.9821794033050537
                ]
            ],
            [
                [
                    0.9838911890983582,
                    -0.17717796564102173,
                    -0.023791788145899773
                ],
                [
                    0.17872163653373718,
                    0.9718467593193054,
                    0.15353325009346008
                ],
                [
                    -0.004080734681338072,
                    -0.15531212091445923,
                    0.9878569841384888
                ]
            ],
            [
                [
                    0.9878823161125183,
                    0.15385885536670685,
                    0.02039702795445919
                ],
                [
                    -0.1551619917154312,
                    0.9759498834609985,
                    0.15312299132347107
                ],
                [
                    0.0036528510972857475,
                    -0.15443232655525208,
                    0.9879966974258423
                ]
            ],
            [
                [
                    0.9526649117469788,
                    0.07604225724935532,
                    0.29435884952545166
                ],
                [
                    -0.07806325703859329,
                    0.9969363212585449,
                    -0.004895975813269615
                ],
                [
                    -0.29382938146591187,
                    -0.018314385786652565,
                    0.9556823372840881
                ]
            ],
            [
                [
                    0.9392485618591309,
                    0.33582231402397156,
                    0.07096242159605026
                ],
                [
                    -0.33246007561683655,
                    0.9415023326873779,
                    -0.05516844987869263
                ],
                [
                    -0.08533808588981628,
                    0.028224708512425423,
                    0.9959522485733032
                ]
            ],
            [
                [
                    0.9523191452026367,
                    -0.28386953473091125,
                    -0.11183186620473862
                ],
                [
                    0.27622634172439575,
                    0.9578333497047424,
                    -0.07908374071121216
                ],
                [
                    0.1295657604932785,
                    0.044422049075365067,
                    0.9905752539634705
                ]
            ],
            [
                [
                    0.9495491981506348,
                    0.15267665684223175,
                    0.27394571900367737
                ],
                [
                    -0.06519826501607895,
                    0.950516402721405,
                    -0.30375611782073975
                ],
                [
                    -0.3067663609981537,
                    0.2705705761909485,
                    0.9125163555145264
                ]
            ],
            [
                [
                    0.5167261362075806,
                    0.8209779262542725,
                    -0.24287743866443634
                ],
                [
                    -0.8547281622886658,
                    0.5110217332839966,
                    -0.09108630567789078
                ],
                [
                    0.049335792660713196,
                    0.25466081500053406,
                    0.9657712578773499
                ]
            ],
            [
                [
                    0.578478217124939,
                    -0.8015899658203125,
                    0.15105095505714417
                ],
                [
                    0.8102250099182129,
                    0.58607417345047,
                    0.0072407484985888
                ],
                [
                    -0.09433118999004364,
                    0.11819664388895035,
                    0.9884994029998779
                ]
            ],
            [
                [
                    0.8599480986595154,
                    -0.11000058054924011,
                    -0.49838656187057495
                ],
                [
                    -0.003915849607437849,
                    0.9750473499298096,
                    -0.22196267545223236
                ],
                [
                    0.5103664994239807,
                    0.1928279846906662,
                    0.8380593657493591
                ]
            ],
            [
                [
                    0.9142321944236755,
                    0.12712006270885468,
                    0.3847336769104004
                ],
                [
                    -0.1207205280661583,
                    0.9918456077575684,
                    -0.04085131734609604
                ],
                [
                    -0.3867894411087036,
                    -0.009097668342292309,
                    0.9221231937408447
                ]
            ],
            [
                [
                    0.998177707195282,
                    0.05470457673072815,
                    0.025466391816735268
                ],
                [
                    -0.055419981479644775,
                    0.9980623722076416,
                    0.028288958594202995
                ],
                [
                    -0.023869507014751434,
                    -0.029648758471012115,
                    0.9992753267288208
                ]
            ],
            [
                [
                    0.9964339137077332,
                    -0.05090893432497978,
                    -0.06728701293468475
                ],
                [
                    0.051671359688043594,
                    0.9986176490783691,
                    0.00963776558637619
                ],
                [
                    0.06670334935188293,
                    -0.013080207630991936,
                    0.997687041759491
                ]
            ],
            [
                [
                    0.9771284461021423,
                    0.19342944025993347,
                    -0.08834654837846756
                ],
                [
                    -0.1774941086769104,
                    0.9706763625144958,
                    0.16212114691734314
                ],
                [
                    0.11711490154266357,
                    -0.142732173204422,
                    0.9828080534934998
                ]
            ],
            [
                [
                    0.9752582907676697,
                    -0.2172834575176239,
                    0.04073335975408554
                ],
                [
                    0.20699389278888702,
                    0.9622265100479126,
                    0.1768432855606079
                ],
                [
                    -0.07761985063552856,
                    -0.1640363186597824,
                    0.9833957552909851
                ]
            ]
        ],
        "betas": [
            0.18365474045276642,
            0.1738140732049942,
            0.2213679850101471,
            0.8889579772949219,
            0.0496157705783844,
            -0.019785534590482712,
            -0.13243368268013,
            0.04744255542755127,
            0.13964146375656128,
            -0.10382410883903503
        ]
    },
    "pred_cam_t": [
        0.0739780142903328,
        0.5088737607002258,
        21.028968811035156
    ],
    "focal_length": [
        5000.0,
        5000.0
    ],
    "pred_keypoints_3d": [
        [
            0.11077815294265747,
            -0.8204960823059082,
            -0.15222591161727905
        ],
        [
            -0.009463382884860039,
            -0.7627404928207397,
            -0.009778548032045364
        ],
        [
            -0.194869726896286,
            -0.6749929785728455,
            -0.0008192369714379311
        ],
        [
            -0.27957144379615784,
            -0.4448484182357788,
            0.06966333836317062
        ],
        [
            -0.381648451089859,
            -0.21546463668346405,
            0.015622496604919434
        ],
        [
            0.16231626272201538,
            -0.6719011068344116,
            0.05313272029161453
        ],
        [
            0.19255176186561584,
            -0.4317359924316406,
            0.15380069613456726
        ],
        [
            0.2313871830701828,
            -0.1910318285226822,
            0.09236708283424377
        ],
        [
            -0.002601334825158119,
            -0.23433810472488403,
            0.026147257536649704
        ],
        [
            -0.06577251106500626,
            -0.14204686880111694,
            0.028219643980264664
        ],
        [
            -0.13097445666790009,
            0.23501786589622498,
            -0.011404868215322495
        ],
        [
            -0.11929139494895935,
            0.5744591355323792,
            0.20079468190670013
        ],
        [
            0.0653066486120224,
            -0.14424870908260345,
            0.041875507682561874
        ],
        [
            0.15364208817481995,
            0.21862207353115082,
            -0.001872975379228592
        ],
        [
            0.15768423676490784,
            0.5666033029556274,
            0.19565758109092712
        ],
        [
            0.074234239757061,
            -0.8700846433639526,
            -0.16443590819835663
        ],
        [
            0.12188418209552765,
            -0.8711532354354858,
            -0.11773651838302612
        ],
        [
            -0.024066373705863953,
            -0.8897569179534912,
            -0.12664633989334106
        ],
        [
            0.08453802764415741,
            -0.893002450466156,
            -0.025941863656044006
        ],
        [
            0.18844258785247803,
            0.6909441947937012,
            0.03755444288253784
        ],
        [
            0.24735888838768005,
            0.6730723977088928,
            0.0973767340183258
        ],
        [
            0.15568214654922485,
            0.5786938667297363,
            0.2673916518688202
        ],
        [
            -0.12582531571388245,
            0.6913692355155945,
            0.03610163927078247
        ],
        [
            -0.19682037830352783,
            0.678542971611023,
            0.08867001533508301
        ],
        [
            -0.12023027241230011,
            0.5953007936477661,
            0.27255144715309143
        ],
        [
            -0.14147597551345825,
            0.518624484539032,
            0.20429609715938568
        ],
        [
            -0.12328901886940002,
            0.1718505471944809,
            -0.013900309801101685
        ],
        [
            -0.14564599096775055,
            -0.2647216320037842,
            0.023112336173653603
        ],
        [
            0.13488562405109406,
            -0.25767573714256287,
            0.06121533736586571
        ],
        [
            0.1586349755525589,
            0.1772681027650833,
            -0.0016397293657064438
        ],
        [
            0.16189053654670715,
            0.5257113575935364,
            0.20783200860023499
        ],
        [
            -0.3672562837600708,
            -0.2356107234954834,
            -0.011532861739397049
        ],
        [
            -0.30444785952568054,
            -0.46764928102493286,
            0.04703235253691673
        ],
        [
            -0.15790021419525146,
            -0.7042392492294312,
            -0.006516726687550545
        ],
        [
            0.13216643035411835,
            -0.7036011219024658,
            0.047346748411655426
        ],
        [
            0.22993478178977966,
            -0.4518406391143799,
            0.1220201775431633
        ],
        [
            0.23581871390342712,
            -0.2082023322582245,
            0.08043776452541351
        ],
        [
            -0.006257697939872742,
            -0.7578580379486084,
            -0.004218585789203644
        ],
        [
            0.05822676047682762,
            -0.9353494048118591,
            -0.09817574918270111
        ],
        [
            -0.004839814733713865,
            -0.2614583373069763,
            0.0418424978852272
        ],
        [
            -0.013255449011921883,
            -0.7016750574111938,
            0.01639648526906967
        ],
        [
            -0.015859117731451988,
            -0.5213873982429504,
            0.04319700971245766
        ],
        [
            0.05566932260990143,
            -0.8216651678085327,
            -0.08882871270179749
        ],
        [
            0.05434781312942505,
            -0.9561468958854675,
            -0.09972123801708221
        ]
    ],
    "pred_vertices": [
        [
            0.1417408287525177,
            -0.9150769114494324,
            -0.12299938499927521
        ],
        [
            0.13824746012687683,
            -0.899243950843811,
            -0.1276131123304367
        ],
        [
            0.13927730917930603,
            -0.8992534875869751,
            -0.11339801549911499
        ],
        [
            0.14032353460788727,
            -0.9121410846710205,
            -0.10578188300132751
        ],
        [
            0.13829204440116882,
            -0.8886544704437256,
            -0.1174343079328537
        ],
        [
            0.13611498475074768,
            -0.8872251510620117,
            -0.12916085124015808
        ],
        [
            0.13608993589878082,
            -0.8970865607261658,
            -0.09997567534446716
        ],
        [
            0.13473506271839142,
            -0.9069370627403259,
            -0.09101136028766632
        ],
        [
            0.12334462255239487,
            -0.8672870397567749,
            -0.07900965958833694
        ],
        [
            0.11940161883831024,
            -0.8664012551307678,
            -0.06900818645954132
        ],
        [
            0.12267141044139862,
            -0.8776936531066895,
            -0.07353919744491577
        ],
        [
            0.12511064112186432,
            -0.8755789995193481,
            -0.08301817625761032
        ],
        [
            0.11480236053466797,
            -0.8437592387199402,
            -0.0713239312171936
        ],
        [
            0.11370500922203064,
            -0.8321018218994141,
            -0.07857557386159897
        ],
        [
            0.10699222981929779,
            -0.826712965965271,
            -0.06862697005271912
        ],
        [
            0.10667569935321808,
            -0.8381373882293701,
            -0.061271220445632935
        ],
        [
            0.10964732617139816,
            -0.8372900485992432,
            -0.11968677490949631
        ],
        [
            0.11102358251810074,
            -0.8314619064331055,
            -0.11355861276388168
        ],
        [
            0.11465383321046829,
            -0.838199257850647,
            -0.1119452565908432
        ],
        [
            0.11231361329555511,
            -0.8432924747467041,
            -0.11818284541368484
        ],
        [
            0.11010481417179108,
            -0.8442307710647583,
            -0.1330341100692749
        ],
        [
            0.10968256741762161,
            -0.8505887389183044,
            -0.1314420849084854
        ],
        [
            0.11114931106567383,
            -0.852373480796814,
            -0.13925272226333618
        ],
        [
            0.11267027258872986,
            -0.844994068145752,
            -0.1407543420791626
        ],
        [
            0.10485196113586426,
            -0.8320541381835938,
            -0.12226958572864532
        ],
        [
            0.10620404779911041,
            -0.8261779546737671,
            -0.11565373092889786
        ],
        [
            0.10906904935836792,
            -0.8420042991638184,
            -0.12550753355026245
        ],
        [
            0.10818925499916077,
            -0.8370126485824585,
            -0.12745627760887146
        ],
        [
            0.11257921159267426,
            -0.8274917602539062,
            -0.13492846488952637
        ],
        [
            0.11370809376239777,
            -0.8324861526489258,
            -0.13403695821762085
        ],
        [
            0.1166275292634964,
            -0.8310420513153076,
            -0.1412733495235443
        ],
        [
            0.11394412070512772,
            -0.8259119987487793,
            -0.14037224650382996
        ],
        [
            0.10747577995061874,
            -0.8299895524978638,
            -0.12647950649261475
        ],
        [
            0.11071621626615524,
            -0.8318920135498047,
            -0.12871390581130981
        ],
        [
            0.10983331501483917,
            -0.8274449110031128,
            -0.13105052709579468
        ],
        [
            0.10588855296373367,
            -0.8263989686965942,
            -0.12942710518836975
        ],
        [
            0.11088470369577408,
            -0.8391352891921997,
            -0.1342238187789917
        ],
        [
            0.11454275250434875,
            -0.8384484052658081,
            -0.1414394974708557
        ],
        [
            0.11723091453313828,
            -0.8372759819030762,
            -0.14932596683502197
        ],
        [
            0.11829067021608353,
            -0.828111469745636,
            -0.1489153951406479
        ],
        [
            0.11125614494085312,
            -0.8207263946533203,
            -0.09857189655303955
        ],
        [
            0.11218114197254181,
            -0.8259488940238953,
            -0.10635816305875778
        ],
        [
            0.1076735183596611,
            -0.8210015296936035,
            -0.10900657624006271
        ],
        [
            0.10781899839639664,
            -0.8166724443435669,
            -0.10248199850320816
        ],
        [
            0.10326128453016281,
            -0.8246598243713379,
            -0.12568765878677368
        ],
        [
            0.10210738331079483,
            -0.809181272983551,
            -0.11955592036247253
        ],
        [
            0.10335683822631836,
            -0.8128879070281982,
            -0.12036605924367905
        ],
        [
            0.10226623713970184,
            -0.8121629953384399,
            -0.1274465024471283
        ],
        [
            0.10133414715528488,
            -0.8087871074676514,
            -0.12611843645572662
        ],
        [
            0.1054258719086647,
            -0.8099650144577026,
            -0.08588865399360657
        ],
        [
            0.10432980954647064,
            -0.8072242736816406,
            -0.09246638417243958
        ],
        [
            0.10108611732721329,
            -0.8015305995941162,
            -0.08886674046516418
        ],
        [
            0.1004442572593689,
            -0.8035900592803955,
            -0.08179736882448196
        ],
        [
            0.09703473746776581,
            -0.7963770031929016,
            -0.0888456180691719
        ],
        [
            0.09520632028579712,
            -0.7973034381866455,
            -0.07928138971328735
        ],
        [
            0.0853956937789917,
            -0.7830336093902588,
            -0.08285737037658691
        ],
        [
            0.08995302021503448,
            -0.7896044254302979,
            -0.08066248148679733
        ],
        [
            0.09312738478183746,
            -0.7906174659729004,
            -0.09074756503105164
        ],
        [
            0.0901697650551796,
            -0.7842187881469727,
            -0.0953560322523117
        ],
        [
            0.08895525336265564,
            -0.7855346202850342,
            -0.11006540805101395
        ],
        [
            0.08638767153024673,
            -0.7834136486053467,
            -0.11563867330551147
        ],
        [
            0.08499034494161606,
            -0.7725338339805603,
            -0.10833697766065598
        ],
        [
            0.08766364306211472,
            -0.7772390842437744,
            -0.102216936647892
        ],
        [
            0.0973726138472557,
            -0.805091381072998,
            -0.11542196571826935
        ],
        [
            0.09812816977500916,
            -0.8062504529953003,
            -0.11080741882324219
        ],
        [
            0.10032424330711365,
            -0.8068806529045105,
            -0.11241254955530167
        ],
        [
            0.10014653950929642,
            -0.8066170811653137,
            -0.11769325286149979
        ],
        [
            0.099138543009758,
            -0.8068938255310059,
            -0.10689730942249298
        ],
        [
            0.0996662899851799,
            -0.807021975517273,
            -0.10512466728687286
        ],
        [
            0.10076388716697693,
            -0.8077921867370605,
            -0.10641490668058395
        ],
        [
            0.09977138787508011,
            -0.8073759078979492,
            -0.10740271210670471
        ],
        [
            0.09878392517566681,
            -0.8067139387130737,
            -0.1091376394033432
        ],
        [
            0.09784027934074402,
            -0.8046336770057678,
            -0.1096755787730217
        ],
        [
            0.0986940935254097,
            -0.805875837802887,
            -0.107643261551857
        ],
        [
            0.097261942923069,
            -0.8026285767555237,
            -0.11381328850984573
        ],
        [
            0.09313701838254929,
            -0.7976011037826538,
            -0.1274065375328064
        ],
        [
            0.09521626681089401,
            -0.7984459400177002,
            -0.12372427433729172
        ],
        [
            0.09467919170856476,
            -0.8030866384506226,
            -0.12525437772274017
        ],
        [
            0.09293487668037415,
            -0.8026317358016968,
            -0.12848778069019318
        ],
        [
            0.10130511224269867,
            -0.8088086843490601,
            -0.10932868719100952
        ],
        [
            0.1032436341047287,
            -0.8105676770210266,
            -0.1075047105550766
        ],
        [
            0.10384910553693771,
            -0.8117861747741699,
            -0.11303142458200455
        ],
        [
            0.10191211849451065,
            -0.8092854022979736,
            -0.11291023343801498
        ],
        [
            0.10535319149494171,
            -0.8126212358474731,
            -0.10563073307275772
        ],
        [
            0.10220541805028915,
            -0.8092837333679199,
            -0.1046176552772522
        ],
        [
            0.10384839028120041,
            -0.8103445768356323,
            -0.10227008163928986
        ],
        [
            0.09878500550985336,
            -0.8052974343299866,
            -0.10511602461338043
        ],
        [
            0.0991220623254776,
            -0.8044337034225464,
            -0.10175994783639908
        ],
        [
            0.10095652937889099,
            -0.8066572546958923,
            -0.10259843617677689
        ],
        [
            0.09727532416582108,
            -0.8009368181228638,
            -0.1027912124991417
        ],
        [
            0.09737352281808853,
            -0.8029087781906128,
            -0.10716187953948975
        ],
        [
            0.09652896225452423,
            -0.7998916506767273,
            -0.11101962625980377
        ],
        [
            0.09546826779842377,
            -0.7968500852584839,
            -0.1160985603928566
        ],
        [
            0.09351801872253418,
            -0.7935387492179871,
            -0.11122684180736542
        ],
        [
            0.0955112874507904,
            -0.7970539331436157,
            -0.10626709461212158
        ],
        [
            0.1053103357553482,
            -0.8160486221313477,
            -0.11207734793424606
        ],
        [
            0.10244207829236984,
            -0.8067956566810608,
            -0.09818066656589508
        ],
        [
            0.10646897554397583,
            -0.8128401637077332,
            -0.09728939831256866
        ],
        [
            0.10031542927026749,
            -0.8025931119918823,
            -0.0964028388261795
        ],
        [
            0.09744548052549362,
            -0.798334538936615,
            -0.09670930355787277
        ],
        [
            0.09414693713188171,
            -0.7937700748443604,
            -0.09986075013875961
        ],
        [
            0.09170600771903992,
            -0.7892673015594482,
            -0.10470035672187805
        ],
        [
            0.07622301578521729,
            -0.7683937549591064,
            -0.09746664762496948
        ],
        [
            0.08092401176691055,
            -0.7745185494422913,
            -0.09082955867052078
        ],
        [
            0.130672425031662,
            -0.881533145904541,
            -0.1266147643327713
        ],
        [
            0.13457590341567993,
            -0.8817559480667114,
            -0.11844812333583832
        ],
        [
            0.1293833702802658,
            -0.8761675357818604,
            -0.11295436322689056
        ],
        [
            0.1313668191432953,
            -0.8784854412078857,
            -0.11198696494102478
        ],
        [
            0.13004443049430847,
            -0.8786038756370544,
            -0.11842290312051773
        ],
        [
            0.128670796751976,
            -0.8759167790412903,
            -0.11760853230953217
        ],
        [
            0.12582282721996307,
            -0.8751653432846069,
            -0.09134193509817123
        ],
        [
            0.12621837854385376,
            -0.8750846982002258,
            -0.09819810837507248
        ],
        [
            0.12408733367919922,
            -0.872180700302124,
            -0.09616877138614655
        ],
        [
            0.12452096492052078,
            -0.8692944049835205,
            -0.0881415456533432
        ],
        [
            0.1216915175318718,
            -0.8623636960983276,
            -0.10396014153957367
        ],
        [
            0.12264524400234222,
            -0.8648723363876343,
            -0.0991925597190857
        ],
        [
            0.1239347755908966,
            -0.8698832988739014,
            -0.1051873117685318
        ],
        [
            0.12334110587835312,
            -0.868084192276001,
            -0.10866069793701172
        ],
        [
            0.1219652071595192,
            -0.8669116497039795,
            -0.1124941036105156
        ],
        [
            0.11986364424228668,
            -0.8665149211883545,
            -0.11642433702945709
        ],
        [
            0.11825071275234222,
            -0.8617110252380371,
            -0.11438518762588501
        ],
        [
            0.1201779693365097,
            -0.8615363836288452,
            -0.10926340520381927
        ],
        [
            0.12677109241485596,
            -0.8791546821594238,
            -0.12405560910701752
        ],
        [
            0.12153849750757217,
            -0.8785139322280884,
            -0.1290130317211151
        ],
        [
            0.12110056728124619,
            -0.8758264780044556,
            -0.12671303749084473
        ],
        [
            0.12588392198085785,
            -0.8760992288589478,
            -0.1227806806564331
        ],
        [
            0.10888776183128357,
            -0.8715994358062744,
            -0.12917174398899078
        ],
        [
            0.11117500066757202,
            -0.8735051155090332,
            -0.12964171171188354
        ],
        [
            0.11011778563261032,
            -0.8742152452468872,
            -0.1333974003791809
        ],
        [
            0.10757996141910553,
            -0.870377779006958,
            -0.1322229504585266
        ],
        [
            0.10823790729045868,
            -0.8676004409790039,
            -0.12977582216262817
        ],
        [
            0.10953858494758606,
            -0.8699339628219604,
            -0.12806551158428192
        ],
        [
            0.14041221141815186,
            -0.9345333576202393,
            -0.1335909217596054
        ],
        [
            0.13793215155601501,
            -0.9164376258850098,
            -0.13854092359542847
        ],
        [
            0.1408693939447403,
            -0.9328321218490601,
            -0.11321751773357391
        ],
        [
            0.13696447014808655,
            -0.9273946285247803,
            -0.09626780450344086
        ],
        [
            0.13218320906162262,
            -0.9184567928314209,
            -0.08105827867984772
        ],
        [
            0.10648050904273987,
            -0.816868245601654,
            -0.07749785482883453
        ],
        [
            0.10062670707702637,
            -0.8108232021331787,
            -0.07068797945976257
        ],
        [
            0.09953832626342773,
            -0.82205730676651,
            -0.05954020842909813
        ],
        [
            0.092418372631073,
            -0.8138924241065979,
            -0.05561878904700279
        ],
        [
            0.09374673664569855,
            -0.8024767637252808,
            -0.06767194718122482
        ],
        [
            0.07870125770568848,
            -0.7846804857254028,
            -0.0721530094742775
        ],
        [
            0.08680570870637894,
            -0.7932488322257996,
            -0.06807485222816467
        ],
        [
            0.08405441045761108,
            -0.8055295944213867,
            -0.05354547128081322
        ],
        [
            0.08281559497117996,
            -0.8224579691886902,
            -0.040480297058820724
        ],
        [
            0.09092838317155838,
            -0.8271721005439758,
            -0.04558891803026199
        ],
        [
            0.08042788505554199,
            -0.8416904211044312,
            -0.033114925026893616
        ],
        [
            0.07117763161659241,
            -0.8187592029571533,
            -0.035996630787849426
        ],
        [
            0.07241029292345047,
            -0.8437380790710449,
            -0.03012225776910782
        ],
        [
            0.05570289120078087,
            -0.785169780254364,
            -0.04829075559973717
        ],
        [
            0.05391561985015869,
            -0.7761709690093994,
            -0.044521257281303406
        ],
        [
            0.05817798525094986,
            -0.7868367433547974,
            -0.028403643518686295
        ],
        [
            0.05918397009372711,
            -0.796212911605835,
            -0.032039836049079895
        ],
        [
            0.09892795234918594,
            -0.8325575590133667,
            -0.05173474922776222
        ],
        [
            0.12227766960859299,
            -0.8899081945419312,
            -0.06971415132284164
        ],
        [
            0.1266767978668213,
            -0.8860006332397461,
            -0.07972228527069092
        ],
        [
            0.11703408509492874,
            -0.879570722579956,
            -0.06342610716819763
        ],
        [
            0.12719056010246277,
            -0.9513417482376099,
            -0.07143047451972961
        ],
        [
            0.1350238025188446,
            -0.9410606622695923,
            -0.08481263369321823
        ],
        [
            0.13019002974033356,
            -0.9294404983520508,
            -0.07178156077861786
        ],
        [
            0.12444940954446793,
            -0.9410080909729004,
            -0.06046367436647415
        ],
        [
            0.12326642125844955,
            -0.9797376990318298,
            -0.10672968626022339
        ],
        [
            0.13549654185771942,
            -0.9589065313339233,
            -0.12044894695281982
        ],
        [
            0.1356382817029953,
            -0.9514114856719971,
            -0.10380642116069794
        ],
        [
            0.12668144702911377,
            -0.9676054120063782,
            -0.09112628549337387
        ],
        [
            0.11690857261419296,
            -0.9469660520553589,
            -0.051223039627075195
        ],
        [
            0.1052747368812561,
            -0.9549791216850281,
            -0.0394560843706131
        ],
        [
            0.10281173884868622,
            -0.9722497463226318,
            -0.04221091419458389
        ],
        [
            0.11662442982196808,
            -0.964112401008606,
            -0.05801442265510559
        ],
        [
            0.09521792829036713,
            -0.9935711622238159,
            -0.05184444785118103
        ],
        [
            0.11204592138528824,
            -0.9839029908180237,
            -0.0715116336941719
        ],
        [
            0.062115564942359924,
            -0.8347716331481934,
            -0.023353002965450287
        ],
        [
            0.06460374593734741,
            -0.8531797528266907,
            -0.023978546261787415
        ],
        [
            0.06270863115787506,
            -0.8061035871505737,
            -0.03712254762649536
        ],
        [
            0.06000501662492752,
            -0.8191225528717041,
            -0.022290781140327454
        ],
        [
            0.0834452211856842,
            -1.010312557220459,
            -0.06566473841667175
        ],
        [
            0.10444346070289612,
            -0.9995023012161255,
            -0.08852174133062363
        ],
        [
            0.05940502882003784,
            -0.9521950483322144,
            -0.008519798517227173
        ],
        [
            0.07131926715373993,
            -0.9658706188201904,
            -0.01736510545015335
        ],
        [
            0.08228175342082977,
            -0.9480668306350708,
            -0.019497528672218323
        ],
        [
            0.06999953091144562,
            -0.9374475479125977,
            -0.011075563728809357
        ],
        [
            0.04461479187011719,
