{
    "pred_cam": [
        1.7172150611877441,
        -0.006732596084475517,
        0.4580717384815216
    ],
    "pred_smpl_params": {
        "global_orient": [
            [
                [
                    0.9928362965583801,
                    0.0076506249606609344,
                    0.1192372515797615
                ],
                [
                    0.009913305751979351,
                    -0.999781608581543,
                    -0.0183947142213583
                ],
                [
                    0.11907049268484116,
                    0.01944497600197792,
                    -0.9926953315734863
                ]
            ]
        ],
        "body_pose": [
            [
                [
                    0.9863278865814209,
                    -0.16023506224155426,
                    0.03849746286869049
                ],
                [
                    0.14812320470809937,
                    0.9644030928611755,
                    0.21905732154846191
                ],
                [
                    -0.07222773879766464,
                    -0.21035996079444885,
                    0.974952220916748
                ]
            ],
            [
                [
                    0.9828837513923645,
                    0.1531568020582199,
                    -0.1023835688829422
                ],
                [
                    -0.13136142492294312,
                    0.972288966178894,
                    0.19338662922382355
                ],
                [
                    0.12916487455368042,
                    -0.17662733793258667,
                    0.9757659435272217
                ]
            ],
            [
                [
                    0.9988670945167542,
                    -0.026135502383112907,
                    0.039767395704984665
                ],
                [
                    0.029261887073516846,
                    0.9963507056236267,
                    -0.08018118143081665
                ],
                [
                    -0.0375266969203949,
                    0.0812540128827095,
                    0.9959867000579834
                ]
            ],
            [
                [
                    0.9859018325805664,
                    0.038005243986845016,
                    -0.16295109689235687
                ],
                [
                    -0.12722791731357574,
                    0.8027893304824829,
                    -0.5825309157371521
                ],
                [
                    0.10867619514465332,
                    0.5950502753257751,
                    0.7963067889213562
                ]
            ],
            [
                [
                    0.9865378141403198,
                    -0.07095237076282501,
                    0.1473400890827179
                ],
                [
                    0.14430968463420868,
                    0.8015446066856384,
                    -0.5802594423294067
                ],
                [
                    -0.07692889124155045,
                    0.5937103629112244,
                    0.8009932041168213
                ]
            ],
            [
                [
                    0.9986110329627991,
                    0.03840341791510582,
                    0.036071356385946274
                ],
                [
                    -0.03948240354657173,
                    0.9987789988517761,
                    0.029692092910408974
                ],
                [
                    -0.03488703817129135,
                    -0.031075038015842438,
                    0.9989079833030701
                ]
            ],
            [
                [
                    0.9691751003265381,
                    0.0769072026014328,
                    0.23406162858009338
                ],
                [
                    -0.07799573987722397,
                    0.9969429969787598,
                    -0.004616514779627323
                ],
                [
                    -0.23370113968849182,
                    -0.013781602494418621,
                    0.9722107648849487
                ]
            ],
            [
                [
                    0.971686065196991,
                    -0.010698751546442509,
                    -0.23603323101997375
                ],
                [
                    0.032911255955696106,
                    0.9953643679618835,
                    0.09036969393491745
                ],
                [
                    0.2339722067117691,
                    -0.0955791249871254,
                    0.9675337672233582
                ]
            ],
            [
                [
                    0.9995871186256409,
                    0.018904909491539,
                    0.021635720506310463
                ],
                [
                    -0.015034491196274757,
                    0.9858707785606384,
                    -0.16683146357536316
                ],
                [
                    -0.02448396012187004,
                    0.1664373278617859,
                    0.9857479333877563
                ]
            ],
            [
                [
                    0.9870533347129822,
                    -0.1598827987909317,
                    -0.012775346636772156
                ],
                [
                    0.16031721234321594,
                    0.9810174703598022,
                    0.10910160094499588
                ],
                [
                    -0.004910631570965052,
                    -0.10973720252513885,
                    0.9939485192298889
                ]
            ],
            [
                [
                    0.9945913553237915,
                    0.1038631796836853,
                    -0.0007748075877316296
                ],
                [
                    -0.10255704075098038,
                    0.9832096099853516,
                    0.15093357861042023
                ],
                [
                    0.016438240185379982,
                    -0.1500377506017685,
                    0.988543689250946
                ]
            ],
            [
                [
                    0.8976958394050598,
                    0.09071145206689835,
                    0.4311768710613251
                ],
                [
                    -0.06250140070915222,
                    0.9948989152908325,
                    -0.07918200641870499
                ],
                [
                    -0.4361600875854492,
                    0.04413219541311264,
                    0.898786187171936
                ]
            ],
            [
                [
                    0.9586801528930664,
                    0.2779527008533478,
                    0.06061910465359688
                ],
                [
                    -0.27566012740135193,
                    0.9602686166763306,
                    -0.043539661914110184
                ],
                [
                    -0.07031258940696716,
                    0.025030339136719704,
                    0.9972109198570251
                ]
            ],
            [
                [
                    0.9436811208724976,
                    -0.3120911121368408,
                    -0.10984146595001221
                ],
                [
                    0.3033103942871094,
                    0.9486690163612366,
                    -0.08960998058319092
                ],
                [
                    0.1321696639060974,
                    0.05124718323349953,
                    0.9899015426635742
                ]
            ],
            [
                [
                    0.9257389307022095,
                    0.2187376320362091,
                    0.3084821403026581
                ],
                [
                    -0.11303204298019409,
                    0.9384967088699341,
                    -0.32626327872276306
                ],
                [
                    -0.36087551712989807,
                    0.26716625690460205,
                    0.8935273289680481
                ]
            ],
            [
                [
                    0.6047067642211914,
                    0.7681483030319214,
                    -0.21042324602603912
                ],
                [
                    -0.7945002317428589,
                    0.600260317325592,
                    -0.09196136891841888
                ],
                [
                    0.05566875636577606,
                    0.22279100120067596,
                    0.9732754826545715
                ]
            ],
            [
                [
                    0.46598318219184875,
                    -0.8636989593505859,
                    0.19205155968666077
                ],
                [
                    0.8805217742919922,
                    0.4739808440208435,
                    -0.004850693978369236
                ],
                [
                    -0.0868392214179039,
                    0.17136593163013458,
                    0.9813728332519531
                ]
            ],
            [
                [
                    0.8486497402191162,
                    -0.09887076914310455,
                    -0.5196326971054077
                ],
                [
                    -0.026647305116057396,
                    0.9731370806694031,
                    -0.2286788523197174
                ],
                [
                    0.5282835364341736,
                    0.2079150378704071,
                    0.8232178688049316
                ]
            ],
            [
                [
                    0.845489501953125,
                    0.15229587256908417,
                    0.5118138194084167
                ],
                [
                    -0.08689186722040176,
                    0.9849307537078857,
                    -0.14953623712062836
                ],
                [
                    -0.5268750190734863,
                    0.08195885270833969,
                    0.8459818959236145
                ]
            ],
            [
                [
                    0.9988524913787842,
                    0.044087380170822144,
                    0.01870695874094963
                ],
                [
                    -0.04290950298309326,
                    0.9973188042640686,
                    -0.059278201311826706
                ],
                [
                    -0.021270224824547768,
                    0.05840747430920601,
                    0.9980661273002625
                ]
            ],
            [
                [
                    0.9957870841026306,
                    -0.06417480856180191,
                    -0.06549602001905441
                ],
                [
                    0.0676417201757431,
                    0.9963451027870178,
                    0.052163515239953995
                ],
                [
                    0.06190905347466469,
                    -0.056374017149209976,
                    0.9964884519577026
                ]
            ],
            [
                [
                    0.977043092250824,
                    0.19708867371082306,
                    -0.0808873400092125
                ],
                [
                    -0.17990651726722717,
                    0.9666560292243958,
                    0.182235449552536
                ],
                [
                    0.11410678178071976,
                    -0.16349974274635315,
                    0.9799221158027649
                ]
            ],
            [
                [
                    0.9717822074890137,
                    -0.23036667704582214,
                    0.05069994553923607
                ],
                [
                    0.21746332943439484,
                    0.9582309722900391,
                    0.18574991822242737
                ],
                [
                    -0.09137285500764847,
                    -0.16948309540748596,
                    0.9812881350517273
                ]
            ]
        ],
        "betas": [
            0.08385086059570312,
            -0.1483316421508789,
            0.05312478542327881,
            0.17653585970401764,
            0.14040067791938782,
            0.005356822162866592,
            -0.0615386962890625,
            -0.09387841820716858,
            0.11507182568311691,
            -0.06260251998901367
        ]
    },
    "pred_cam_t": [
        -0.006732596084475517,
        0.4580717384815216,
        22.747587203979492
    ],
    "focal_length": [
        5000.0,
        5000.0
    ],
    "pred_keypoints_3d": [
        [
            0.1581675410270691,
            -0.792026937007904,
            -0.08521190285682678
        ],
        [
            0.009839566424489021,
            -0.7471402883529663,
            0.023753134533762932
        ],
        [
            -0.17712140083312988,
            -0.6642737984657288,
            0.01720675453543663
        ],
        [
            -0.23421461880207062,
            -0.4243309497833252,
            0.08396026492118835
        ],
        [
            -0.2803248167037964,
            -0.19136419892311096,
            -0.011506207287311554
        ],
        [
            0.17651838064193726,
            -0.6554253101348877,
            0.08492958545684814
        ],
        [
            0.2368638962507248,
            -0.41908639669418335,
            0.17975446581840515
        ],
        [
            0.3033945858478546,
            -0.18934564292430878,
            0.10620302706956863
        ],
        [
            -0.0018994715064764023,
            -0.22748374938964844,
            0.02916557528078556
        ],
        [
            -0.07085978239774704,
            -0.13690313696861267,
            0.023275818675756454
        ],
        [
            -0.1612096130847931,
            0.22883445024490356,
            -0.04831695184111595
        ],
        [
            -0.168670192360878,
            0.573876678943634,
            0.154689222574234
        ],
        [
            0.0661778673529625,
            -0.13453903794288635,
            0.04220002889633179
        ],
        [
            0.16439108550548553,
            0.22135812044143677,
            -0.024694159626960754
        ],
        [
            0.15228626132011414,
            0.5692259073257446,
            0.17226330935955048
        ],
        [
            0.130783349275589,
            -0.8425518274307251,
            -0.1078065037727356
        ],
        [
            0.1639913022518158,
            -0.8421106338500977,
            -0.050046656280756
        ],
        [
            0.027075350284576416,
            -0.8698776960372925,
            -0.09797807782888412
        ],
        [
            0.1057041734457016,
            -0.8698806166648865,
            0.027341488748788834
        ],
        [
            0.20254336297512054,
            0.6960639953613281,
            0.020961463451385498
        ],
        [
            0.2530204951763153,
            0.6740858554840088,
            0.08583524823188782
        ],
        [
            0.14344361424446106,
            0.5800628066062927,
            0.2433023452758789
        ],
        [
            -0.18600746989250183,
            0.6808339953422546,
            -0.01362602412700653
        ],
        [
            -0.2552516758441925,
            0.6661081910133362,
            0.0390184223651886
        ],
        [
            -0.16986514627933502,
            0.5975911617279053,
            0.22500595450401306
        ],
        [
            -0.187530517578125,
            0.5170115828514099,
            0.16003450751304626
        ],
        [
            -0.15008388459682465,
            0.1672278642654419,
            -0.04568113014101982
        ],
        [
            -0.15078873932361603,
            -0.262090265750885,
            0.023615308105945587
        ],
        [
            0.14136624336242676,
            -0.24501168727874756,
            0.0736607164144516
        ],
        [
            0.16980965435504913,
            0.18104663491249084,
            -0.021208912134170532
        ],
        [
            0.15549515187740326,
            0.5281092524528503,
            0.18450093269348145
        ],
        [
            -0.2659812569618225,
            -0.21736136078834534,
            -0.032905980944633484
        ],
        [
            -0.26045453548431396,
            -0.4436624050140381,
            0.057511672377586365
        ],
        [
            -0.13714319467544556,
            -0.6916577816009521,
            0.014230833388864994
        ],
        [
            0.1493079662322998,
            -0.686805248260498,
            0.08231532573699951
        ],
        [
            0.2721044421195984,
            -0.4442363679409027,
            0.14998888969421387
        ],
        [
            0.30568838119506836,
            -0.20666566491127014,
            0.09469998627901077
        ],
        [
            0.011428001336753368,
            -0.7427363395690918,
            0.027259981259703636
        ],
        [
            0.10153135657310486,
            -0.9115826487541199,
            -0.048564642667770386
        ],
        [
            -0.003927943296730518,
            -0.2539173364639282,
            0.048538364470005035
        ],
        [
            0.004561601206660271,
            -0.6870132088661194,
            0.04375565052032471
        ],
        [
            -0.006001187488436699,
            -0.5065382122993469,
            0.06296120584011078
        ],
        [
            0.08920790255069733,
            -0.798210084438324,
            -0.03910590335726738
        ],
        [
            0.09977761656045914,
            -0.9324131011962891,
            -0.05125245451927185
        ]
    ],
    "pred_vertices": [
        [
            0.18729594349861145,
            -0.88545823097229,
            -0.050660502165555954
        ],
        [
            0.18382403254508972,
            -0.8695361614227295,
            -0.05589291825890541
        ],
        [
            0.18106719851493835,
            -0.869897186756134,
            -0.041893914341926575
        ],
        [
            0.18114623427391052,
            -0.8829576969146729,
            -0.034452132880687714
        ],
        [
            0.18042361736297607,
            -0.8590376973152161,
            -0.04590258374810219
        ],
        [
            0.18145808577537537,
            -0.857408881187439,
            -0.05777055397629738
        ],
        [
            0.17440955340862274,
            -0.8681286573410034,
            -0.02977265790104866
        ],
        [
            0.1716226041316986,
            -0.878585696220398,
            -0.021570324897766113
        ],
        [
            0.15481804311275482,
            -0.8395806550979614,
            -0.012300699949264526
        ],
        [
            0.1484762579202652,
            -0.8392785787582397,
            -0.003746718168258667
        ],
        [
            0.1533445417881012,
            -0.8502933979034424,
            -0.0076401010155677795
        ],
        [
            0.15795916318893433,
            -0.8476468324661255,
            -0.016052760183811188
        ],
        [
            0.1431380808353424,
            -0.8169840574264526,
            -0.00705530121922493
        ],
        [
            0.1433773934841156,
            -0.8051148653030396,
            -0.01418188214302063
        ],
        [
            0.1338128298521042,
            -0.8005598187446594,
            -0.00650399923324585
        ],
        [
            0.13212430477142334,
            -0.8121677041053772,
            0.0003307648003101349
        ],
        [
            0.15050092339515686,
            -0.8092275261878967,
            -0.05455468222498894
        ],
        [
            0.14983966946601868,
            -0.8035647869110107,
            -0.04833807796239853
        ],
        [
            0.1534908264875412,
            -0.8100066184997559,
            -0.045868366956710815
        ],
        [
            0.15313655138015747,
            -0.8150445818901062,
            -0.052482038736343384
        ],
        [
            0.15451279282569885,
            -0.8157655000686646,
            -0.06734518706798553
        ],
        [
            0.15421533584594727,
            -0.8221464157104492,
            -0.06606293469667435
        ],
        [
            0.15760111808776855,
            -0.8236603140830994,
            -0.07321155071258545
        ],
        [
            0.158849835395813,
            -0.8162450790405273,
            -0.07407732307910919
        ],
        [
            0.14600083231925964,
            -0.8043462634086609,
            -0.0581941157579422
        ],
        [
            0.14514951407909393,
            -0.7987840175628662,
            -0.0516093373298645
        ],
        [
            0.15167295932769775,
            -0.8137490749359131,
            -0.06027108058333397
        ],
        [
            0.15075750648975372,
            -0.8088967800140381,
            -0.06235270947217941
        ],
        [
            0.15602517127990723,
            -0.7990960478782654,
            -0.06820116937160492
        ],
        [
            0.1572572886943817,
            -0.8039899468421936,
            -0.06709607690572739
        ],
        [
            0.1617894172668457,
            -0.8022710084915161,
            -0.07324464619159698
        ],
        [
            0.15860021114349365,
            -0.7973095178604126,
            -0.07304085046052933
        ],
        [
            0.14926834404468536,
            -0.8020698428153992,
            -0.061530571430921555
        ],
        [
            0.15304575860500336,
            -0.8036774396896362,
            -0.0627787709236145
        ],
        [
            0.15243828296661377,
            -0.7992794513702393,
            -0.06524446606636047
        ],
        [
            0.14815551042556763,
            -0.7985747456550598,
            -0.06478334963321686
        ],
        [
            0.15511062741279602,
            -0.8107129335403442,
            -0.06814594566822052
        ],
        [
            0.16036176681518555,
            -0.8096663951873779,
            -0.07406677305698395
        ],
        [
            0.16475126147270203,
            -0.8082154393196106,
            -0.08090588450431824
        ],
        [
            0.16502252221107483,
            -0.7991509437561035,
            -0.08013983815908432
        ],
        [
            0.14546021819114685,
            -0.7934726476669312,
            -0.033968307077884674
        ],
        [
            0.1487715244293213,
            -0.7983052134513855,
            -0.04111190512776375
        ],
        [
            0.14453187584877014,
            -0.793789267539978,
            -0.04487074539065361
        ],
        [
            0.14267666637897491,
            -0.7897242307662964,
            -0.03860129043459892
        ],
        [
            0.144599050283432,
            -0.797217845916748,
            -0.06197666376829147
        ],
        [
            0.1408301591873169,
            -0.7824128866195679,
            -0.05646176263689995
        ],
        [
            0.1423707902431488,
            -0.7859246730804443,
            -0.05688496679067612
        ],
        [
            0.1431218981742859,
            -0.7850888967514038,
            -0.06399070471525192
        ],
        [
            0.1417781114578247,
            -0.7818905115127563,
            -0.06297698616981506
        ],
        [
            0.13576701283454895,
            -0.7837611436843872,
            -0.023394115269184113
        ],
        [
            0.13602496683597565,
            -0.7810279130935669,
            -0.02999543398618698
        ],
        [
            0.13161388039588928,
            -0.7758101224899292,
            -0.027499035000801086
        ],
        [
            0.12944632768630981,
            -0.7780106067657471,
            -0.020988769829273224
        ],
        [
            0.12723933160305023,
            -0.7711542844772339,
            -0.02877875789999962
        ],
        [
            0.12315545231103897,
            -0.7724186182022095,
            -0.020167354494333267
        ],
        [
            0.11349483579397202,
            -0.7590315341949463,
            -0.026140522211790085
        ],
        [
            0.11792855709791183,
            -0.765141487121582,
            -0.02291988581418991
        ],
        [
            0.12346791476011276,
            -0.7657971382141113,
            -0.031641121953725815
        ],
        [
            0.12126369029283524,
            -0.7595958709716797,
            -0.03684227168560028
        ],
        [
            0.1242954283952713,
            -0.7603861093521118,
            -0.051081571727991104
        ],
        [
            0.12305160611867905,
            -0.7583036422729492,
            -0.056975387036800385
        ],
        [
            0.11886847764253616,
            -0.7479193210601807,
            -0.0504736453294754
        ],
        [
            0.12010865658521652,
            -0.7526649236679077,
            -0.044050075113773346
        ],
        [
            0.13513508439064026,
            -0.778755247592926,
            -0.05372122302651405
        ],
        [
            0.13474488258361816,
            -0.7800129652023315,
            -0.049100711941719055
        ],
        [
            0.13731059432029724,
            -0.7803913950920105,
            -0.05001918599009514
        ],
        [
            0.13850650191307068,
            -0.7800009250640869,
            -0.055126361548900604
        ],
        [
            0.1347545087337494,
            -0.7807036638259888,
            -0.045156095176935196
        ],
        [
            0.13480964303016663,
            -0.7808108329772949,
            -0.043310727924108505
        ],
        [
            0.1362297385931015,
            -0.7814236879348755,
            -0.044197604060173035
        ],
        [
            0.1355724334716797,
            -0.7810889482498169,
            -0.045378427952528
        ],
        [
            0.13504351675510406,
            -0.7804793119430542,
            -0.047354817390441895
        ],
        [
            0.1341356784105301,
            -0.7785418629646301,
            -0.04814663529396057
        ],
        [
            0.13447684049606323,
            -0.7797463536262512,
            -0.04602145031094551
        ],
        [
            0.13453173637390137,
            -0.7765170335769653,
            -0.05227925628423691
        ],
        [
            0.13369466364383698,
            -0.7712671160697937,
            -0.06638756394386292
        ],
        [
            0.13490881025791168,
            -0.7721024751663208,
            -0.062293749302625656
        ],
        [
            0.1350572258234024,
            -0.7765914797782898,
            -0.0638514831662178
        ],
        [
            0.13405993580818176,
            -0.7761858701705933,
            -0.06746825575828552
        ],
        [
            0.1375185251235962,
            -0.7823367118835449,
            -0.0468377023935318
        ],
        [
            0.13895614445209503,
            -0.7839751243591309,
            -0.044526357203722
        ],
        [
            0.14098909497261047,
            -0.7850149273872375,
            -0.04966199770569801
        ],
        [
            0.13900983333587646,
            -0.7826718091964722,
            -0.050054822117090225
        ],
        [
            0.1407281458377838,
            -0.7858351469039917,
            -0.042178429663181305
        ],
        [
            0.1372242271900177,
            -0.7828559875488281,
            -0.04211287200450897
        ],
        [
            0.13822150230407715,
            -0.7838394641876221,
            -0.039536841213703156
        ],
        [
            0.13385896384716034,
            -0.7792558670043945,
            -0.043597735464572906
        ],
        [
            0.13320009410381317,
            -0.7784961462020874,
            -0.04034058004617691
        ],
        [
            0.13536183536052704,
            -0.7804473638534546,
            -0.04058832302689552
        ],
        [
            0.13149845600128174,
            -0.7751986980438232,
            -0.041868600994348526
        ],
        [
            0.132887601852417,
            -0.7769908905029297,
            -0.045977797359228134
        ],
        [
            0.13290195167064667,
            -0.7740089893341064,
            -0.04990535229444504
        ],
        [
            0.1330622434616089,
            -0.7708830237388611,
            -0.0550348237156868
        ],
        [
            0.12971660494804382,
            -0.7679111957550049,
            -0.050953179597854614
        ],
        [
            0.13049814105033875,
            -0.7714002728462219,
            -0.04568198323249817
        ],
        [
            0.14243927597999573,
            -0.7890856266021729,
            -0.04843032732605934
        ],
        [
            0.13562652468681335,
            -0.7806330919265747,
            -0.035974565893411636
        ],
        [
            0.13975004851818085,
            -0.7862445712089539,
            -0.034024085849523544
        ],
        [
            0.13282524049282074,
            -0.7767506837844849,
            -0.03492867201566696
        ],
        [
            0.12985916435718536,
            -0.7728183269500732,
            -0.03608783334493637
        ],
        [
            0.1270032823085785,
            -0.7685438394546509,
            -0.0399920679628849
        ],
        [
            0.12583807110786438,
            -0.7640635967254639,
            -0.04525839909911156
        ],
        [
            0.10729242116212845,
            -0.7445114850997925,
            -0.0424027256667614
        ],
        [
            0.11051176488399506,
            -0.750626802444458,
            -0.03490366041660309
        ],
        [
            0.17537668347358704,
            -0.8518422842025757,
            -0.056596674025058746
        ],
        [
            0.17696745693683624,
            -0.8520351648330688,
            -0.04770047962665558
        ],
        [
            0.1702442765235901,
            -0.8468084931373596,
            -0.04364962503314018
        ],
        [
            0.1721298098564148,
            -0.8490075469017029,
            -0.04214508458971977
        ],
        [
            0.17243170738220215,
            -0.8490768671035767,
            -0.048784900456666946
        ],
        [
            0.1707405149936676,
            -0.8465063571929932,
            -0.0483107790350914
        ],
        [
            0.16092579066753387,
            -0.8468347787857056,
            -0.02382400631904602
        ],
        [
            0.1631697714328766,
            -0.8464442491531372,
            -0.030307237058877945
        ],
        [
            0.16032780706882477,
            -0.8437776565551758,
            -0.028962112963199615
        ],
        [
            0.1585020124912262,
            -0.8411610722541809,
            -0.021052692085504532
        ],
        [
            0.15945965051651,
            -0.8340439796447754,
            -0.03692139685153961
        ],
        [
            0.15927699208259583,
            -0.8365960121154785,
            -0.03217164799571037
        ],
        [
            0.16243062913417816,
            -0.8413259387016296,
            -0.03759108483791351
        ],
        [
            0.1626543253660202,
            -0.8394675254821777,
            -0.04102103412151337
        ],
        [
            0.16224345564842224,
            -0.838234543800354,
            -0.04500169679522514
        ],
        [
            0.16122771799564362,
            -0.8378051519393921,
            -0.04932348057627678
        ],
        [
            0.15881842374801636,
            -0.8332300782203674,
            -0.04768642038106918
        ],
        [
            0.15932083129882812,
            -0.8331479430198669,
            -0.04231339320540428
        ],
        [
            0.17085807025432587,
            -0.8496373295783997,
            -0.05503121390938759
        ],
        [
            0.16704829037189484,
            -0.8490844368934631,
            -0.06124253198504448
        ],
        [
            0.16584229469299316,
            -0.8465301990509033,
            -0.05908728018403053
        ],
        [
            0.16950130462646484,
            -0.8466708064079285,
            -0.054017990827560425
        ],
        [
            0.15451517701148987,
            -0.8429085612297058,
            -0.06451918184757233
        ],
        [
            0.15699374675750732,
            -0.8446058630943298,
            -0.06444597244262695
        ],
        [
            0.15703043341636658,
            -0.845257043838501,
            -0.06827281415462494
        ],
        [
            0.1539624184370041,
            -0.8417366743087769,
            -0.0677398219704628
        ],
        [
            0.15371455252170563,
            -0.8390512466430664,
            -0.06518787890672684
        ],
        [
            0.1546935737133026,
            -0.8413004875183105,
            -0.0632496178150177
        ],
        [
            0.19008220732212067,
            -0.9046695232391357,
            -0.061382949352264404
        ],
        [
            0.18796610832214355,
            -0.8865989446640015,
            -0.06682820618152618
        ],
        [
            0.18510866165161133,
            -0.9035940170288086,
            -0.04173281416296959
        ],
        [
            0.17627881467342377,
            -0.8989782929420471,
            -0.02633516490459442
        ],
        [
            0.16726504266262054,
            -0.8906176090240479,
            -0.012871813029050827
        ],
        [
            0.13505664467811584,
            -0.7907088994979858,
            -0.015063755214214325
        ],
        [
            0.12727031111717224,
            -0.7854275703430176,
            -0.010177217423915863
        ],
        [
            0.12367598712444305,
            -0.7968717813491821,
            0.00016753748059272766
        ],
        [
            0.11546812951564789,
            -0.789563775062561,
            0.0017766505479812622
        ],
        [
            0.11920715868473053,
            -0.777877688407898,
            -0.009296178817749023
        ],
        [
            0.10491417348384857,
            -0.7608557939529419,
            -0.01756533607840538
        ],
        [
            0.11219178140163422,
            -0.76910799741745,
            -0.011659041047096252
        ],
        [
            0.10686267912387848,
            -0.7819074392318726,
            0.0014257580041885376
        ],
        [
            0.1034170538187027,
            -0.7988737225532532,
            0.013847444206476212
        ],
        [
            0.11203311383724213,
            -0.8028237223625183,
            0.010998714715242386
        ],
        [
            0.10069555044174194,
            -0.8183141350746155,
            0.020095091313123703
        ],
        [
            0.09172346442937851,
            -0.7957724332809448,
            0.014844752848148346
        ],
        [
            0.09261548519134521,
            -0.8210356831550598,
            0.02050027623772621
        ],
        [
            0.07969561219215393,
            -0.7645612955093384,
            -0.003532402217388153
        ],
        [
            0.07712551951408386,
            -0.7568527460098267,
            -0.0017493218183517456
        ],
        [
            0.07895734161138535,
            -0.7673107385635376,
            0.014584396034479141
        ],
        [
            0.08019549399614334,
            -0.7757700681686401,
            0.012759067118167877
        ],
        [
            0.1216692328453064,
            -0.8073708415031433,
            0.007434390485286713
        ],
        [
            0.15298423171043396,
            -0.8627985715866089,
            -0.004362780600786209
        ],
        [
            0.15943115949630737,
            -0.8581717014312744,
            -0.01253926008939743
        ],
        [
            0.1453346163034439,
            -0.852949321269989,
            0.000398341566324234
        ],
        [
            0.16200871765613556,
            -0.9246538877487183,
            -0.004983924329280853
        ],
        [
            0.1722870171070099,
            -0.9132620096206665,
            -0.015720881521701813
        ],
        [
            0.16349130868911743,
            -0.9022059440612793,
            -0.00457637757062912
        ],
        [
            0.15568816661834717,
            -0.914454460144043,
            0.004642773419618607
        ],
        [
            0.16952168941497803,
            -0.9525892734527588,
            -0.04014825448393822
        ],
        [
            0.18380069732666016,
            -0.9302568435668945,
            -0.05010589212179184
        ],
        [
            0.1787479668855667,
            -0.9231865406036377,
            -0.03398536890745163
        ],
        [
            0.1677314043045044,
            -0.9406386017799377,
            -0.024113643914461136
        ],
        [
            0.14646385610103607,
            -0.9211820363998413,
            0.011991359293460846
        ],
        [
            0.13276515901088715,
            -0.9303335547447205,
            0.020174507051706314
        ],
        [
            0.13138547539710999,
            -0.9472590684890747,
            0.01676243543624878
        ],
        [
            0.14883697032928467,
            -0.9385439157485962,
            0.005270130932331085
        ],
        [
            0.12782832980155945,
            -0.9686861634254456,
            0.005119726061820984
        ],
        [
            0.14877715706825256,
            -0.9578700661659241,
            -0.00910700112581253
        ],
        [
            0.08101586997509003,
            -0.8129305243492126,
            0.023764409124851227
        ],
        [
            0.08423510938882828,
            -0.8314661383628845,
            0.02403482422232628
        ],
        [
            0.08423449844121933,
            -0.7843751907348633,
            0.01017715036869049
        ],
        [
            0.0789884552359581,
            -0.7980170249938965,
            0.023454923182725906
        ],
        [
            0.1208709180355072,
            -0.9848405122756958,
            -0.011550121009349823
        ],
        [
            0.14678412675857544,
            -0.9733312726020813,
            -0.027488067746162415
        ],
        [
            0.08035625517368317,
            -0.9309531450271606,
            0.03710799291729927
        ],
        [
            0.09445002675056458,
            -0.9436593651771545,
            0.03159092366695404
        ],
        [
            0.1050150990486145,
            -0.9253817796707153,
            0.03314022347331047
        ],
        [
            0.09066423773765564,
            -0.9156948328018188,
            0.037728190422058105
        ],
        [
