{
    "pred_cam": [
        1.6527633666992188,
        -0.019607683643698692,
        0.4230227768421173
    ],
    "pred_smpl_params": {
        "global_orient": [
            [
                [
                    0.9875360727310181,
                    0.05256195738911629,
                    0.14835675060749054
                ],
                [
                    0.050724226981401443,
                    -0.9985821843147278,
                    0.016146404668688774
                ],
                [
                    0.14899510145187378,
                    -0.008419875055551529,
                    -0.9888020753860474
                ]
            ]
        ],
        "body_pose": [
            [
                [
                    0.9832205772399902,
                    -0.18002799153327942,
                    0.029446391388773918
                ],
                [
                    0.16870704293251038,
                    0.958785891532898,
                    0.22862088680267334
                ],
                [
                    -0.06939094513654709,
                    -0.21981696784496307,
                    0.9730700254440308
                ]
            ],
            [
                [
                    0.9780389070510864,
                    0.18177573382854462,
                    -0.10196789354085922
                ],
                [
                    -0.16184702515602112,
                    0.9706377387046814,
                    0.17795489728450775
                ],
                [
                    0.1313217580318451,
                    -0.1575436145067215,
                    0.9787413477897644
                ]
            ],
            [
                [
                    0.9981473684310913,
                    -0.027263689786195755,
                    0.05439119040966034
                ],
                [
                    0.03173324093222618,
                    0.9960376024246216,
                    -0.08307946473360062
                ],
                [
                    -0.05191061273217201,
                    0.08465156704187393,
                    0.9950574636459351
                ]
            ],
            [
                [
                    0.9864394068717957,
                    0.024860303848981857,
                    -0.1622322052717209
                ],
                [
                    -0.12904879450798035,
                    0.728225827217102,
                    -0.6730776429176331
                ],
                [
                    0.10140876471996307,
                    0.6848861575126648,
                    0.7215588688850403
                ]
            ],
            [
                [
                    0.9851530194282532,
                    -0.07222616672515869,
                    0.15574611723423004
                ],
                [
                    0.1581311672925949,
                    0.7349727153778076,
                    -0.659400999546051
                ],
                [
                    -0.06684312969446182,
                    0.6742392182350159,
                    0.7354817986488342
                ]
            ],
            [
                [
                    0.9984145164489746,
                    0.03965291753411293,
                    0.039952874183654785
                ],
                [
                    -0.04160664975643158,
                    0.9979161620140076,
                    0.049317747354507446
                ],
                [
                    -0.03791402280330658,
                    -0.050901852548122406,
                    0.9979838132858276
                ]
            ],
            [
                [
                    0.974452018737793,
                    0.06994229555130005,
                    0.21342751383781433
                ],
                [
                    -0.07849553972482681,
                    0.9964052438735962,
                    0.03185754269361496
                ],
                [
                    -0.21043214201927185,
                    -0.04779675975441933,
                    0.9764392375946045
                ]
            ],
            [
                [
                    0.9735760688781738,
                    -0.009818234480917454,
                    -0.22815191745758057
                ],
                [
                    0.04103335738182068,
                    0.9903358221054077,
                    0.13248075544834137
                ],
                [
                    0.22464631497859955,
                    -0.13834191858768463,
                    0.9645701050758362
                ]
            ],
            [
                [
                    0.9993183612823486,
                    0.01829148828983307,
                    0.03206485137343407
                ],
                [
                    -0.013023732230067253,
                    0.9874488115310669,
                    -0.157401442527771
                ],
                [
                    -0.03454150632023811,
                    0.1568765640258789,
                    0.9870139360427856
                ]
            ],
            [
                [
                    0.9855920672416687,
                    -0.16912485659122467,
                    -0.0022504304070025682
                ],
                [
                    0.1681179255247116,
                    0.9780903458595276,
                    0.12278283387422562
                ],
                [
                    -0.018564503639936447,
                    -0.12139212340116501,
                    0.9924309849739075
                ]
            ],
            [
                [
                    0.9936335682868958,
                    0.11261016130447388,
                    -0.003353622741997242
                ],
                [
                    -0.11004249006509781,
                    0.9764965176582336,
                    0.1853245049715042
                ],
                [
                    0.02414422295987606,
                    -0.1837756186723709,
                    0.9826716184616089
                ]
            ],
            [
                [
                    0.865497887134552,
                    0.08628012984991074,
                    0.4934259355068207
                ],
                [
                    -0.06274770945310593,
                    0.9959693551063538,
                    -0.06409139186143875
                ],
                [
                    -0.4969669580459595,
                    0.024509616196155548,
                    0.8674232363700867
                ]
            ],
            [
                [
                    0.9517791867256165,
                    0.2871384024620056,
                    0.10801875591278076
                ],
                [
                    -0.2831290066242218,
                    0.9577186703681946,
                    -0.05111663416028023
                ],
                [
                    -0.11812912672758102,
                    0.018068503588438034,
                    0.9928339123725891
                ]
            ],
            [
                [
                    0.9320873022079468,
                    -0.3194282054901123,
                    -0.17081840336322784
                ],
                [
                    0.3040865659713745,
                    0.9462495446205139,
                    -0.11019627749919891
                ],
                [
                    0.19683662056922913,
                    0.05076896399259567,
                    0.9791210293769836
                ]
            ],
            [
                [
                    0.9025292992591858,
                    0.24713504314422607,
                    0.35265445709228516
                ],
                [
                    -0.1315816044807434,
                    0.9380284547805786,
                    -0.32060691714286804
                ],
                [
                    -0.4100331664085388,
                    0.242954283952713,
                    0.8791165947914124
                ]
            ],
            [
                [
                    0.611029326915741,
                    0.7647187113761902,
                    -0.20456893742084503
                ],
                [
                    -0.7908909320831299,
                    0.6007357239723206,
                    -0.11665402352809906
                ],
                [
                    0.03368433192372322,
                    0.2330707609653473,
                    0.9718762636184692
                ]
            ],
            [
                [
                    0.4417921304702759,
                    -0.8773984909057617,
                    0.18706050515174866
                ],
                [
                    0.8943210244178772,
                    0.447185218334198,
                    -0.014671052806079388
                ],
                [
                    -0.07077833265066147,
                    0.17377370595932007,
                    0.9822388291358948
                ]
            ],
            [
                [
                    0.8007885217666626,
                    -0.14919784665107727,
                    -0.5800670981407166
                ],
                [
                    -0.007305189501494169,
                    0.9659727811813354,
                    -0.2585408091545105
                ],
                [
                    0.598902702331543,
                    0.21127401292324066,
                    0.7724499702453613
                ]
            ],
            [
                [
                    0.7106971740722656,
                    0.23843461275100708,
                    0.6618599891662598
                ],
                [
                    -0.16193588078022003,
                    0.9709946513175964,
                    -0.17591546475887299
                ],
                [
                    -0.6846067905426025,
                    0.01784375123679638,
                    0.7286942601203918
                ]
            ],
            [
                [
                    0.999207079410553,
                    0.038690436631441116,
                    0.009397913701832294
                ],
                [
                    -0.03805109113454819,
                    0.9974323511123657,
                    -0.06066996976733208
                ],
                [
                    -0.011721130460500717,
                    0.060264259576797485,
                    0.9981136918067932
                ]
            ],
            [
                [
                    0.9970373511314392,
                    -0.05127038434147835,
                    -0.05734175816178322
                ],
                [
                    0.05552375689148903,
                    0.9956196546554565,
                    0.07522404193878174
                ],
                [
                    0.05323381349444389,
                    -0.07818499207496643,
                    0.9955167174339294
                ]
            ],
            [
                [
                    0.9773521423339844,
                    0.1979297250509262,
                    -0.07487785071134567
                ],
                [
                    -0.18264131247997284,
                    0.9676681756973267,
                    0.17395548522472382
                ],
                [
                    0.10688786953687668,
                    -0.15633997321128845,
                    0.9819027185440063
                ]
            ],
            [
                [
                    0.9713342189788818,
                    -0.23547738790512085,
                    0.032561045140028
                ],
                [
                    0.22644510865211487,
                    0.9582313895225525,
                    0.17468583583831787
                ],
                [
                    -0.07233558595180511,
                    -0.1623050421476364,
                    0.9840856194496155
                ]
            ]
        ],
        "betas": [
            0.04913754761219025,
            -0.1427367925643921,
            0.2951410114765167,
            0.27591297030448914,
            0.11080706119537354,
            0.03800139203667641,
            -0.013769775629043579,
            -0.1310737133026123,
            0.0692463368177414,
            -0.052535444498062134
        ]
    },
    "pred_cam_t": [
        -0.019607683643698692,
        0.4230227768421173,
        23.634660720825195
    ],
    "focal_length": [
        5000.0,
        5000.0
    ],
    "pred_keypoints_3d": [
        [
            0.19626329839229584,
            -0.7948061227798462,
            -0.06764410436153412
        ],
        [
            0.03183317556977272,
            -0.7501794695854187,
            0.015734350308775902
        ],
        [
            -0.1571120321750641,
            -0.6747846007347107,
            0.004862622357904911
        ],
        [
            -0.21878664195537567,
            -0.4405064582824707,
            0.08092451095581055
        ],
        [
            -0.269715815782547,
            -0.23146262764930725,
            -0.054813072085380554
        ],
        [
            0.1888103485107422,
            -0.652736246585846,
            0.09077645093202591
        ],
        [
            0.22973449528217316,
            -0.4199727773666382,
            0.19939574599266052
        ],
        [
            0.29767361283302307,
            -0.1937408298254013,
            0.12159913778305054
        ],
        [
            -0.0019232677295804024,
            -0.22919337451457977,
            0.029192473739385605
        ],
        [
            -0.07483703643083572,
            -0.14137199521064758,
            0.023739056661725044
        ],
        [
            -0.19076186418533325,
            0.2182725965976715,
            -0.03434552997350693
        ],
        [
            -0.22405681014060974,
            0.5269372463226318,
            0.21588751673698425
        ],
        [
            0.06154267117381096,
            -0.13342580199241638,
            0.04686993360519409
        ],
        [
            0.15284748375415802,
            0.22477960586547852,
            -0.009372483938932419
        ],
        [
            0.12162531912326813,
            0.539759635925293,
            0.232278510928154
        ],
        [
            0.17386025190353394,
            -0.8455203771591187,
            -0.09433786571025848
        ],
        [
            0.19594427943229675,
            -0.8445491790771484,
            -0.031532831490039825
        ],
        [
            0.06974251568317413,
            -0.8730501532554626,
            -0.10338421165943146
        ],
        [
            0.12465256452560425,
            -0.8718397617340088,
            0.033849526196718216
        ],
        [
            0.1696643978357315,
            0.6824764013290405,
            0.0958544909954071
        ],
        [
            0.21947726607322693,
            0.655275285243988,
            0.15910309553146362
        ],
        [
            0.11142624914646149,
            0.5424318313598633,
            0.3038269281387329
        ],
        [
            -0.2451997846364975,
            0.6475813388824463,
            0.05931068956851959
        ],
        [
            -0.3140801787376404,
            0.6237714290618896,
            0.10826705396175385
        ],
        [
            -0.2278497964143753,
            0.5429152250289917,
            0.2880910038948059
        ],
        [
            -0.2391173541545868,
            0.4694390892982483,
            0.21314072608947754
        ],
        [
            -0.1755291223526001,
            0.15904931724071503,
            -0.03532525524497032
        ],
        [
            -0.14898721873760223,
            -0.27048808336257935,
            0.0179555993527174
        ],
        [
            0.14103294909000397,
            -0.24180957674980164,
            0.0780821442604065
        ],
        [
            0.15959040820598602,
            0.18568813800811768,
            -0.007606434635818005
        ],
        [
            0.12623155117034912,
            0.4977540373802185,
            0.23932479321956635
        ],
        [
            -0.25436973571777344,
            -0.26104021072387695,
            -0.07090772688388824
        ],
        [
            -0.245193749666214,
            -0.4615496098995209,
            0.0538177415728569
        ],
        [
            -0.11525245010852814,
            -0.6999011039733887,
            0.001597438007593155
        ],
        [
            0.1632581353187561,
            -0.6854879856109619,
            0.08560987561941147
        ],
        [
            0.26868942379951477,
            -0.44375699758529663,
            0.1717585325241089
        ],
        [
            0.30067792534828186,
            -0.2118816077709198,
            0.1109316498041153
        ],
        [
            0.032636500895023346,
            -0.7457767128944397,
            0.021509548649191856
        ],
        [
            0.13425076007843018,
            -0.9142735004425049,
            -0.04082709923386574
        ],
        [
            -0.003126314841210842,
            -0.2563881576061249,
            0.047923747450113297
        ],
        [
            0.02261911705136299,
            -0.6903039216995239,
            0.038583554327487946
        ],
        [
            0.005596676841378212,
            -0.5095237493515015,
            0.05429409071803093
        ],
        [
            0.11968588829040527,
            -0.8010075092315674,
            -0.03442298620939255
        ],
        [
            0.13310794532299042,
            -0.9351927042007446,
            -0.04346165060997009
        ]
    ],
    "pred_vertices": [
        [
            0.21902772784233093,
            -0.8874350190162659,
            -0.027657002210617065
        ],
        [
            0.2163718342781067,
            -0.8717135190963745,
            -0.03352433443069458
        ],
        [
            0.21103405952453613,
            -0.871960461139679,
            -0.0203207079321146
        ],
        [
            0.21004313230514526,
            -0.8848767280578613,
            -0.012835845351219177
        ],
        [
            0.2110964059829712,
            -0.861229419708252,
            -0.0244089737534523
        ],
        [
            0.21430397033691406,
            -0.85969078540802,
            -0.03595646470785141
        ],
        [
            0.20232495665550232,
            -0.8701152801513672,
            -0.009619511663913727
        ],
        [
            0.1983034908771515,
            -0.8805904984474182,
            -0.00192190520465374
        ],
        [
            0.1799689382314682,
            -0.841721773147583,
            0.0039039505645632744
        ],
        [
            0.17220810055732727,
            -0.8413289785385132,
            0.011189577169716358
        ],
        [
            0.17758792638778687,
            -0.8523111343383789,
            0.008159204386174679
        ],
        [
            0.18357516825199127,
            -0.8497141599655151,
            0.0007336968556046486
        ],
        [
            0.1674894094467163,
            -0.8191789388656616,
            0.006694672163575888
        ],
        [
            0.16899526119232178,
            -0.8073502779006958,
            -0.00039915088564157486
        ],
        [
            0.1582413911819458,
            -0.802770733833313,
            0.00532351853325963
        ],
        [
            0.15539145469665527,
            -0.814300537109375,
            0.011829841881990433
        ],
        [
            0.18333937227725983,
            -0.8118261098861694,
            -0.038647592067718506
        ],
        [
            0.18152955174446106,
            -0.8061093688011169,
            -0.03273341432213783
        ],
        [
            0.1846945583820343,
            -0.8124958276748657,
            -0.029590299353003502
        ],
        [
            0.18558058142662048,
            -0.8175805807113647,
            -0.036100298166275024
        ],
        [
            0.18953432142734528,
            -0.8183611035346985,
            -0.05052443593740463
        ],
        [
            0.1890086829662323,
            -0.8247125148773193,
            -0.04927561432123184
        ],
        [
            0.19366195797920227,
            -0.8262776136398315,
            -0.055646125227212906
        ],
        [
            0.1950267255306244,
            -0.8188887238502502,
            -0.05633307248353958
        ],
        [
            0.17959660291671753,
            -0.8069981336593628,
            -0.043085724115371704
        ],
        [
            0.1774747520685196,
            -0.8014233112335205,
            -0.03685761243104935
        ],
        [
            0.18558825552463531,
            -0.8163611888885498,
            -0.04401402175426483
        ],
        [
            0.18491283059120178,
            -0.8114980459213257,
            -0.046363409608602524
        ],
        [
            0.1911267787218094,
            -0.8017598390579224,
            -0.051203805953264236
        ],
        [
            0.1921411156654358,
            -0.806633710861206,
            -0.04985859617590904
        ],
        [
            0.19774025678634644,
            -0.8049355745315552,
            -0.05509430542588234
        ],
        [
            0.19454631209373474,
            -0.7999789714813232,
            -0.05552395433187485
        ],
        [
            0.1832984983921051,
            -0.8046680688858032,
            -0.0458693727850914
        ],
        [
            0.1872391253709793,
            -0.8062699437141418,
            -0.04639274999499321
        ],
        [
            0.18708115816116333,
            -0.8019059896469116,
            -0.0489700548350811
        ],
        [
            0.18277862668037415,
            -0.8012208938598633,
            -0.049299124628305435
        ],
        [
            0.1902671903371811,
            -0.8133321404457092,
            -0.051253873854875565
        ],
        [
            0.19651366770267487,
            -0.8123232126235962,
            -0.05609862133860588
        ],
        [
            0.2020585685968399,
            -0.8109321594238281,
            -0.062042511999607086
        ],
        [
            0.20209196209907532,
            -0.8018568754196167,
            -0.06134025752544403
        ],
        [
            0.174600288271904,
            -0.7959157228469849,
            -0.01955360360443592
        ],
        [
            0.17921055853366852,
            -0.8007820844650269,
            -0.02588902786374092
        ],
        [
            0.1756373941898346,
            -0.7963662147521973,
            -0.030422480776906013
        ],
        [
            0.17267492413520813,
            -0.7922419309616089,
            -0.024646220728754997
        ],
        [
            0.17874348163604736,
            -0.7998657822608948,
            -0.047243211418390274
        ],
        [
            0.17392578721046448,
            -0.7850856781005859,
            -0.042703818529844284
        ],
        [
            0.17551001906394958,
            -0.7885757684707642,
            -0.042798493057489395
        ],
        [
            0.17754420638084412,
            -0.7877974510192871,
            -0.04964376240968704
        ],
        [
            0.1760248988866806,
            -0.7846279144287109,
            -0.04893181473016739
        ],
        [
            0.16313861310482025,
            -0.786157488822937,
            -0.011035455390810966
        ],
        [
            0.16454605758190155,
            -0.7835162878036499,
            -0.017475314438343048
        ],
        [
            0.15973138809204102,
            -0.7782965898513794,
            -0.015888242051005363
        ],
        [
            0.15642915666103363,
            -0.7804199457168579,
            -0.009931419044733047
        ],
        [
            0.15551307797431946,
            -0.773720920085907,
            -0.018015718087553978
        ],
        [
            0.14995130896568298,
            -0.7748692035675049,
            -0.010360771790146828
        ],
        [
            0.14130336046218872,
            -0.7616556882858276,
            -0.018183700740337372
        ],
        [
            0.14519837498664856,
            -0.7676260471343994,
            -0.014137977734208107
        ],
        [
            0.15225103497505188,
            -0.7684326171875,
            -0.021588478237390518
        ],
        [
            0.15098346769809723,
            -0.7622627019882202,
            -0.02715878188610077
        ],
        [
            0.15674743056297302,
            -0.7631375789642334,
            -0.04061206802725792
        ],
        [
            0.15661092102527618,
            -0.7610934376716614,
            -0.04662364721298218
        ],
        [
            0.15117976069450378,
            -0.7506793737411499,
            -0.04115215688943863
        ],
        [
            0.15114998817443848,
            -0.7554148435592651,
            -0.03450985997915268
        ],
        [
            0.1679668426513672,
            -0.7814961075782776,
            -0.0409807451069355
        ],
        [
            0.1667436808347702,
            -0.7827184200286865,
            -0.03650771826505661
        ],
        [
            0.1694490909576416,
            -0.7830806970596313,
            -0.036942675709724426
        ],
        [
            0.17155900597572327,
            -0.7827361822128296,
            -0.041751325130462646
        ],
        [
            0.16602729260921478,
            -0.783383309841156,
            -0.032641321420669556
        ],
        [
            0.16575635969638824,
            -0.7834678292274475,
            -0.03080526739358902
        ],
        [
            0.16731572151184082,
            -0.7840766906738281,
            -0.03140987455844879
        ],
        [
            0.16693919897079468,
            -0.7837591171264648,
            -0.03268040716648102
        ],
        [
            0.16676807403564453,
            -0.7831697463989258,
            -0.034733500331640244
        ],
        [
            0.1660052090883255,
            -0.7812471389770508,
            -0.035686131566762924
        ],
        [
            0.1659044325351715,
            -0.7824382781982422,
            -0.03354302793741226
        ],
        [
            0.16714777052402496,
            -0.7792537212371826,
            -0.03969471901655197
        ],
        [
            0.1687222421169281,
            -0.7740737199783325,
            -0.05385381355881691
        ],
        [
            0.1693330705165863,
            -0.7749214172363281,
            -0.04951993748545647
        ],
        [
            0.16978347301483154,
            -0.7794197797775269,
            -0.05097053200006485
        ],
        [
            0.1692986786365509,
            -0.7789772748947144,
            -0.05480404570698738
        ],
        [
            0.1689906120300293,
            -0.7849473357200623,
            -0.03382567688822746
        ],
        [
            0.17004898190498352,
            -0.7866196632385254,
            -0.03118731826543808
        ],
        [
            0.17299750447273254,
            -0.7876807451248169,
            -0.035862263292074203
        ],
        [
            0.1711108386516571,
            -0.7853574752807617,
            -0.03662675991654396
        ],
        [
            0.17139974236488342,
            -0.7884210348129272,
            -0.028523648157715797
        ],
        [
            0.1679151952266693,
            -0.7854844927787781,
            -0.029157107695937157
        ],
        [
            0.1683143675327301,
            -0.7863770127296448,
            -0.026511572301387787
        ],
        [
            0.16485899686813354,
            -0.7819314002990723,
            -0.031284451484680176
        ],
        [
            0.1636059284210205,
            -0.7811529636383057,
            -0.02821538783609867
        ],
        [
            0.16580283641815186,
            -0.7830837368965149,
            -0.028034305199980736
        ],
        [
            0.16220010817050934,
            -0.7778708338737488,
            -0.03006274625658989
        ],
        [
            0.16432413458824158,
            -0.7796953916549683,
            -0.03383319824934006
        ],
        [
            0.1650523990392685,
            -0.7767388224601746,
            -0.03771011531352997
        ],
        [
            0.1661439836025238,
            -0.7736464142799377,
            -0.04275672137737274
        ],
        [
            0.16209781169891357,
            -0.7706574201583862,
            -0.03939637914299965
        ],
        [
            0.1619056910276413,
            -0.7740997076034546,
            -0.03403761237859726
        ],
        [
            0.1740874946117401,
            -0.7916781902313232,
            -0.03442351892590523
        ],
        [
            0.16523458063602448,
            -0.7832192182540894,
            -0.023450512439012527
        ],
        [
            0.16896143555641174,
            -0.7887574434280396,
            -0.020712703466415405
        ],
        [
            0.16226772964000702,
            -0.7793424129486084,
            -0.02297968417406082
        ],
        [
            0.15952005982398987,
            -0.7754508256912231,
            -0.024719221517443657
        ],
        [
            0.15725743770599365,
            -0.7712305784225464,
            -0.02906692400574684
        ],
        [
            0.15719549357891083,
            -0.766761064529419,
            -0.034574128687381744
        ],
        [
            0.1380954086780548,
            -0.7473222017288208,
            -0.03544887900352478
        ],
        [
            0.1398465633392334,
            -0.753383457660675,
            -0.027411673218011856
        ],
        [
            0.20821911096572876,
            -0.8541868329048157,
            -0.035949550569057465
        ],
        [
            0.20811332762241364,
            -0.8542811274528503,
            -0.02692757360637188
        ],
        [
            0.200749933719635,
            -0.8491016626358032,
            -0.024206310510635376
        ],
        [
            0.20251062512397766,
            -0.85132896900177,
            -0.022241294384002686
        ],
        [
            0.20380407571792603,
            -0.8514098525047302,
            -0.028842195868492126
        ],
        [
            0.20206812024116516,
            -0.8488922119140625,
            -0.0287045668810606
        ],
        [
            0.18804949522018433,
            -0.8489545583724976,
            -0.006366662681102753
        ],
        [
            0.19145283102989197,
            -0.8486150503158569,
            -0.012343822047114372
        ],
        [
            0.18834169209003448,
            -0.8459812998771667,
            -0.011608215048909187
        ],
        [
            0.18511036038398743,
            -0.8433212041854858,
            -0.004176432266831398
        ],
        [
            0.18892228603363037,
            -0.8363221883773804,
            -0.019669806584715843
        ],
        [
            0.187849223613739,
            -0.8388505578041077,
            -0.015015166252851486
        ],
        [
            0.19202396273612976,
            -0.8435931205749512,
            -0.019679706543684006
        ],
        [
            0.19284415245056152,
            -0.8417679667472839,
            -0.023047590628266335
        ],
        [
            0.19313323497772217,
            -0.8405766487121582,
            -0.0270405076444149
        ],
        [
            0.19287870824337006,
            -0.8402000665664673,
            -0.03148682415485382
        ],
        [
            0.1902131885290146,
            -0.8356128931045532,
            -0.03036322444677353
        ],
        [
            0.18975025415420532,
            -0.835482120513916,
            -0.024984518066048622
        ],
        [
            0.20346994698047638,
            -0.8520364761352539,
            -0.0352148711681366
        ],
        [
            0.20083960890769958,
            -0.8515218496322632,
            -0.04203035682439804
        ],
        [
            0.1992536187171936,
            -0.8489677906036377,
            -0.040143322199583054
        ],
        [
            0.2019275277853012,
            -0.8490869402885437,
            -0.03451572358608246
        ],
        [
            0.18916025757789612,
            -0.8453861474990845,
            -0.04757225513458252
        ],
        [
            0.1915743350982666,
            -0.8470631241798401,
            -0.04703570902347565
        ],
        [
            0.19232405722141266,
            -0.8477344512939453,
            -0.050778828561306
        ],
        [
            0.18920841813087463,
            -0.8442414999008179,
            -0.05083644390106201
        ],
        [
            0.18850204348564148,
            -0.8415309190750122,
            -0.04843595623970032
        ],
        [
            0.1891213357448578,
            -0.8437630534172058,
            -0.04633774980902672
        ],
        [
            0.22371628880500793,
            -0.906653642654419,
            -0.03745221719145775
        ],
        [
            0.22228917479515076,
            -0.8887891173362732,
            -0.043433062732219696
        ],
        [
            0.21516862511634827,
            -0.9055603742599487,
            -0.0190799031406641
        ],
        [
            0.20368297398090363,
            -0.9009653925895691,
            -0.005603881552815437
        ],
        [
            0.19245903193950653,
            -0.892645537853241,
            0.005942558869719505
        ],
        [
            0.1609533131122589,
            -0.7930142879486084,
            -0.0029422761872410774
        ],
        [
            0.15238136053085327,
            -0.7877358198165894,
            0.0003833901137113571
        ],
        [
            0.14694762229919434,
            -0.7991070747375488,
            0.009986900724470615
        ],
        [
            0.1385418176651001,
            -0.7918343544006348,
            0.009840290993452072
        ],
        [
            0.1441243290901184,
            -0.7802066206932068,
            -0.0003810478374361992
        ],
        [
            0.13129737973213196,
            -0.7633732557296753,
            -0.011485332623124123
        ],
        [
            0.13755469024181366,
            -0.771484375,
            -0.004239237867295742
        ],
        [
            0.13013358414173126,
            -0.7842193841934204,
            0.007679494563490152
        ],
        [
            0.12472805380821228,
            -0.8010717630386353,
            0.019528845325112343
        ],
        [
            0.13351082801818848,
            -0.8049148321151733,
            0.018418442457914352
        ],
        [
            0.121055468916893,
            -0.8203744888305664,
            0.02536911703646183
        ],
        [
            0.11306994408369064,
            -0.798032283782959,
            0.018046503886580467
        ],
        [
            0.11308252811431885,
            -0.823182225227356,
            0.024092594161629677
        ],
        [
            0.10400865972042084,
            -0.7669938802719116,
            -0.003144335001707077
        ],
        [
            0.10103246569633484,
            -0.7591732740402222,
            -0.0021519381552934647
        ],
        [
            0.10111308097839355,
            -0.7695485353469849,
            0.014281529933214188
        ],
        [
            0.10241258144378662,
            -0.7781705856323242,
            0.013084355741739273
        ],
        [
            0.14381690323352814,
            -0.8094773888587952,
            0.01680569164454937
        ],
        [
            0.17695976793766022,
            -0.8647142648696899,
            0.011482743546366692
        ],
        [
            0.18455290794372559,
            -0.8601127862930298,
            0.004673494026064873
        ],
        [
            0.16824480891227722,
            -0.8549310564994812,
            0.014516333118081093
        ],
        [
            0.18602539598941803,
            -0.9266326427459717,
            0.012989253737032413
        ],
        [
            0.19789011776447296,
            -0.9152374863624573,
            0.004111282527446747
        ],
        [
            0.18730828166007996,
            -0.9041167497634888,
            0.013461122289299965
        ],
        [
            0.17797312140464783,
            -0.9163227677345276,
            0.02108374610543251
        ],
        [
            0.1998211294412613,
            -0.9548388719558716,
            -0.019928360357880592
        ],
        [
            0.21554723381996155,
            -0.9325197339057922,
            -0.0273339431732893
        ],
        [
            0.20750704407691956,
            -0.9252675771713257,
            -0.012662539258599281
        ],
        [
            0.1950410008430481,
            -0.9427683353424072,
            -0.004673754796385765
        ],
        [
            0.16762295365333557,
            -0.9230074882507324,
            0.026707516983151436
        ],
        [
            0.15265710651874542,
            -0.932226300239563,
            0.03238924220204353
        ],
        [
            0.1519376039505005,
            -0.9491605758666992,
            0.02897796407341957
        ],
        [
            0.1711885780096054,
            -0.9404314756393433,
            0.020695887506008148
        ],
        [
            0.15060164034366608,
            -0.9707374572753906,
            0.01701975055038929
        ],
        [
            0.17378999292850494,
            -0.9600036144256592,
            0.006829569116234779
        ],
        [
            0.10134367644786835,
            -0.8152345418930054,
            0.025063607841730118
        ],
        [
            0.10431494563817978,
            -0.8336302042007446,
            0.02621150016784668
        ],
        [
            0.10662683844566345,
            -0.7867832183837891,
            0.011585967615246773
        ],
        [
            0.09970136731863022,
            -0.800366222858429,
            0.02406284399330616
        ],
        [
            0.1467992216348648,
            -0.9871690273284912,
            -0.0003839842975139618
        ],
        [
            0.17517828941345215,
            -0.9756776094436646,
            -0.011416256427764893
        ],
        [
            0.0981573760509491,
            -0.932992696762085,
            0.03944471478462219
        ],
        [
            0.11288884282112122,
            -0.9457159042358398,
            0.03670669347047806
        ],
        [
            0.12302322685718536,
            -0.9273586273193359,
            0.03993982821702957
        ],
        [
            0.1081838458776474,
            -0.9176543951034546,
            0.041725728660821915
        ],
        [
