{
    "pred_cam": [
        1.6599080562591553,
        -0.006138509139418602,
        0.4057663083076477
    ],
    "pred_smpl_params": {
        "global_orient": [
            [
                [
                    0.9798821806907654,
                    0.08995437622070312,
                    0.17815451323986053
                ],
                [
                    0.09057722240686417,
                    -0.9958785772323608,
                    0.004651154391467571
                ],
                [
                    0.17783865332603455,
                    0.011579157784581184,
                    -0.9839915037155151
                ]
            ]
        ],
        "body_pose": [
            [
                [
                    0.9944889545440674,
                    -0.10482436418533325,
                    0.0018640406196936965
                ],
                [
                    0.10226171463727951,
                    0.973789393901825,
                    0.20316660404205322
                ],
                [
                    -0.023111995309591293,
                    -0.2018563449382782,
                    0.9791423082351685
                ]
            ],
            [
                [
                    0.9852845072746277,
                    0.12352997809648514,
                    -0.11813044548034668
                ],
                [
                    -0.1070573702454567,
                    0.9847867488861084,
                    0.13687162101268768
                ],
                [
                    0.13324104249477386,
                    -0.12221075594425201,
                    0.9835199117660522
                ]
            ],
            [
                [
                    0.9951919913291931,
                    -0.007296276744455099,
                    0.09767161309719086
                ],
                [
                    0.016909824684262276,
                    0.9950462579727173,
                    -0.09796500951051712
                ],
                [
                    -0.09647297859191895,
                    0.09914559870958328,
                    0.9903854727745056
                ]
            ],
            [
                [
                    0.9861364364624023,
                    0.021111268550157547,
                    -0.16458794474601746
                ],
                [
                    -0.1077122837305069,
                    0.8359454870223999,
                    -0.5381386280059814
                ],
                [
                    0.12622575461864471,
                    0.5484063029289246,
                    0.8266302347183228
                ]
            ],
            [
                [
                    0.9894227385520935,
                    -0.07908326387405396,
                    0.12160857021808624
                ],
                [
                    0.1321522295475006,
                    0.8371161818504333,
                    -0.530822217464447
                ],
                [
                    -0.05982136353850365,
                    0.5412783622741699,
                    0.8387128114700317
                ]
            ],
            [
                [
                    0.9976164698600769,
                    0.003206914523616433,
                    0.06892761588096619
                ],
                [
                    -0.00596263725310564,
                    0.9991894364356995,
                    0.03981156274676323
                ],
                [
                    -0.06874407082796097,
                    -0.04012766480445862,
                    0.9968269467353821
                ]
            ],
            [
                [
                    0.9717704057693481,
                    0.05663210153579712,
                    0.22903069853782654
                ],
                [
                    -0.057664480060338974,
                    0.9983336329460144,
                    -0.002187964739277959
                ],
                [
                    -0.22877295315265656,
                    -0.011080732569098473,
                    0.9734167456626892
                ]
            ],
            [
                [
                    0.9709434509277344,
                    -0.02764471247792244,
                    -0.23770710825920105
                ],
                [
                    0.05025862529873848,
                    0.9947084784507751,
                    0.08960548788309097
                ],
                [
                    0.23397214710712433,
                    -0.09894868731498718,
                    0.9671950936317444
                ]
            ],
            [
                [
                    0.997937798500061,
                    -0.0036643268540501595,
                    0.06408338248729706
                ],
                [
                    0.012875154614448547,
                    0.9895059466362,
                    -0.14391770958900452
                ],
                [
                    -0.06288351863622665,
                    0.1444460153579712,
                    0.9875125885009766
                ]
            ],
            [
                [
                    0.9882505536079407,
                    -0.15274007618427277,
                    0.005590151064097881
                ],
                [
                    0.151352196931839,
                    0.9830556511878967,
                    0.10341169685125351
                ],
                [
                    -0.02129054069519043,
                    -0.10135059058666229,
                    0.9946228265762329
                ]
            ],
            [
                [
                    0.9944443106651306,
                    0.10049106180667877,
                    0.03133909031748772
                ],
                [
                    -0.10391899198293686,
                    0.9846637845039368,
                    0.14013585448265076
                ],
                [
                    -0.016776068136096,
                    -0.14261402189731598,
                    0.989636242389679
                ]
            ],
            [
                [
                    0.8649631142616272,
                    0.09054318070411682,
                    0.49359965324401855
                ],
                [
                    -0.055726103484630585,
                    0.994835376739502,
                    -0.0848350077867508
                ],
                [
                    -0.49873173236846924,
                    0.0458727702498436,
                    0.8655415177345276
                ]
            ],
            [
                [
                    0.9577187895774841,
                    0.2671487331390381,
                    0.10680065304040909
                ],
                [
                    -0.26431429386138916,
                    0.963601291179657,
                    -0.04013184458017349
                ],
                [
                    -0.11363440752029419,
                    0.010206080973148346,
                    0.993470311164856
                ]
            ],
            [
                [
                    0.9377138614654541,
                    -0.33221539855003357,
                    -0.10161526501178741
                ],
                [
                    0.3257104754447937,
                    0.9424493908882141,
                    -0.07551015168428421
                ],
                [
                    0.12085288017988205,
                    0.037709761410951614,
                    0.9919539093971252
                ]
            ],
            [
                [
                    0.915336549282074,
                    0.2088128924369812,
                    0.34432002902030945
                ],
                [
                    -0.1158919706940651,
                    0.9554746747016907,
                    -0.27136173844337463
                ],
                [
                    -0.38565289974212646,
                    0.20848335325717926,
                    0.8987806439399719
                ]
            ],
            [
                [
                    0.5951610207557678,
                    0.7694797515869141,
                    -0.23169872164726257
                ],
                [
                    -0.8030925989151001,
                    0.5798315405845642,
                    -0.13725042343139648
                ],
                [
                    0.02873479761183262,
                    0.26776161789894104,
                    0.9630566239356995
                ]
            ],
            [
                [
                    0.5039296746253967,
                    -0.845924973487854,
                    0.17454470694065094
                ],
                [
                    0.8574981093406677,
                    0.5142232775688171,
                    0.016474079340696335
                ],
                [
                    -0.10369076579809189,
                    0.1413699835538864,
                    0.9845114350318909
                ]
            ],
            [
                [
                    0.726503849029541,
                    -0.17438630759716034,
                    -0.6646665334701538
                ],
                [
                    -0.051764048635959625,
                    0.9506256580352783,
                    -0.30599236488342285
                ],
                [
                    0.6852099299430847,
                    0.2567104697227478,
                    0.6816062331199646
                ]
            ],
            [
                [
                    0.9067018628120422,
                    0.13246499001979828,
                    0.4004305601119995
                ],
                [
                    -0.112393818795681,
                    0.990955114364624,
                    -0.07331887632608414
                ],
                [
                    -0.4065208435058594,
                    0.02147243544459343,
                    0.9133890867233276
                ]
            ],
            [
                [
                    0.9998628497123718,
                    0.01635388843715191,
                    0.002610482508316636
                ],
                [
                    -0.016278086230158806,
                    0.9995079636573792,
                    -0.026811426505446434
                ],
                [
                    -0.003047669306397438,
                    0.026765257120132446,
                    0.9996370673179626
                ]
            ],
            [
                [
                    0.996574878692627,
                    -0.06096576899290085,
                    -0.05587286502122879
                ],
                [
                    0.06166641786694527,
                    0.9980373382568359,
                    0.010901706293225288
                ],
                [
                    0.05509857088327408,
                    -0.014309845864772797,
                    0.9983784556388855
                ]
            ],
            [
                [
                    0.9762290716171265,
                    0.20011183619499207,
                    -0.08325862884521484
                ],
                [
                    -0.18388186395168304,
                    0.968031108379364,
                    0.170596644282341
                ],
                [
                    0.11473535746335983,
                    -0.15123166143894196,
                    0.9818170666694641
                ]
            ],
            [
                [
                    0.9696898460388184,
                    -0.2402367740869522,
                    0.0445861779153347
                ],
                [
                    0.22804298996925354,
                    0.955345869064331,
                    0.18791137635707855
                ],
                [
                    -0.08773844689130783,
                    -0.1720481812953949,
                    0.9811735153198242
                ]
            ]
        ],
        "betas": [
            -0.0014189332723617554,
            -0.07780829071998596,
            0.11553168296813965,
            0.06462991237640381,
            0.08850619196891785,
            0.009751636534929276,
            -0.03500428795814514,
            -0.0862378180027008,
            0.07252554595470428,
            -0.04051661491394043
        ]
    },
    "pred_cam_t": [
        -0.006138509139418602,
        0.4057663083076477,
        23.532930374145508
    ],
    "focal_length": [
        5000.0,
        5000.0
    ],
    "pred_keypoints_3d": [
        [
            0.21674297749996185,
            -0.7846583127975464,
            -0.04914332181215286
        ],
        [
            0.04506002366542816,
            -0.7385497093200684,
            0.017380062490701675
        ],
        [
            -0.13792568445205688,
            -0.658447802066803,
            -0.022534340620040894
        ],
        [
            -0.21496716141700745,
            -0.42087340354919434,
            0.026331491768360138
        ],
        [
            -0.2760693430900574,
            -0.18751896917819977,
            -0.05572904646396637
        ],
        [
            0.191279798746109,
            -0.6466907262802124,
            0.1117858812212944
        ],
        [
            0.22104008495807648,
            -0.4152030944824219,
            0.2279297262430191
        ],
        [
            0.28647691011428833,
            -0.19496849179267883,
            0.13235625624656677
        ],
        [
            -0.0017744139768183231,
            -0.2251829206943512,
            0.028792982921004295
        ],
        [
            -0.07759208977222443,
            -0.14082597196102142,
            0.01972922310233116
        ],
        [
            -0.18686702847480774,
            0.22278644144535065,
            -0.03145674243569374
        ],
        [
            -0.22176405787467957,
            0.5651552081108093,
            0.17147277295589447
        ],
        [
            0.05747606232762337,
            -0.12740260362625122,
            0.04684557020664215
        ],
        [
            0.10863828659057617,
            0.23929178714752197,
            -0.01317877322435379
        ],
        [
            0.060333751142024994,
            0.590111494064331,
            0.1708446443080902
        ],
        [
            0.1951068639755249,
            -0.8336456418037415,
            -0.07948669791221619
        ],
        [
            0.21093276143074036,
            -0.8354853391647339,
            -0.014875473454594612
        ],
        [
            0.09217134118080139,
            -0.8564741611480713,
            -0.09894827008247375
        ],
        [
            0.13261908292770386,
            -0.86125648021698,
            0.042155563831329346
        ],
        [
            0.09805990755558014,
            0.7156308889389038,
            0.016132235527038574
        ],
        [
            0.14993426203727722,
            0.7003081440925598,
            0.08085116744041443
        ],
        [
            0.05094746872782707,
            0.6020834445953369,
            0.24083152413368225
        ],
        [
            -0.2380973845720291,
            0.6709479093551636,
            0.0047288089990615845
        ],
        [
            -0.30850785970687866,
            0.6540518999099731,
            0.053825169801712036
        ],
        [
            -0.22612640261650085,
            0.5885812044143677,
            0.24131962656974792
        ],
        [
            -0.23719599843025208,
            0.5074396729469299,
            0.17620815336704254
        ],
        [
            -0.1723657101392746,
            0.16128897666931152,
            -0.03174015134572983
        ],
        [
            -0.14570684731006622,
            -0.27107205986976624,
            0.01228727214038372
        ],
        [
            0.14000339806079865,
            -0.23024915158748627,
            0.08047313988208771
        ],
        [
            0.11866748332977295,
            0.19937381148338318,
            -0.009700899012386799
        ],
        [
            0.06787201762199402,
            0.5499510765075684,
            0.18408261239528656
        ],
        [
            -0.2572351098060608,
            -0.21006378531455994,
            -0.07702986150979996
        ],
        [
            -0.236749529838562,
            -0.44137948751449585,
            -0.0021205057855695486
        ],
        [
            -0.09749101102352142,
            -0.68526291847229,
            -0.0190745797008276
        ],
        [
            0.16647370159626007,
            -0.6779612302780151,
            0.1034509539604187
        ],
        [
            0.26118168234825134,
            -0.4391307532787323,
            0.20351265370845795
        ],
        [
            0.28994691371917725,
            -0.21403419971466064,
            0.12337698042392731
        ],
        [
            0.04546436667442322,
            -0.7343302965164185,
            0.022094983607530594
        ],
        [
            0.14745277166366577,
            -0.9018139839172363,
            -0.032379064708948135
        ],
        [
            -0.002132283290848136,
            -0.2510455250740051,
            0.046656906604766846
        ],
        [
            0.033902011811733246,
            -0.6793577075004578,
            0.037423595786094666
        ],
        [
            0.014876814559102058,
            -0.49933934211730957,
            0.05561232566833496
        ],
        [
            0.1375771015882492,
            -0.7888451814651489,
            -0.02395700290799141
        ],
        [
            0.14577694237232208,
            -0.9226580858230591,
            -0.035727858543395996
        ]
    ],
    "pred_vertices": [
        [
            0.2317136824131012,
            -0.879636287689209,
            -0.009722361341118813
        ],
        [
            0.23031815886497498,
            -0.8637308478355408,
            -0.01550331711769104
        ],
        [
            0.22367700934410095,
            -0.8640243411064148,
            -0.0028458992019295692
        ],
        [
            0.221336230635643,
            -0.8769763708114624,
            0.004072457551956177
        ],
        [
            0.22467386722564697,
            -0.8531066179275513,
            -0.0066865719854831696
        ],
        [
            0.22897735238075256,
            -0.8514732122421265,
            -0.017811425030231476
        ],
        [
            0.21413378417491913,
            -0.8619879484176636,
            0.006946451496332884
        ],
        [
            0.20890375971794128,
            -0.8724589347839355,
            0.013781470246613026
        ],
        [
            0.19181086122989655,
            -0.8328739404678345,
            0.018906299024820328
        ],
        [
            0.18339914083480835,
            -0.8325016498565674,
            0.02530510351061821
        ],
        [
            0.18849071860313416,
            -0.8435976505279541,
            0.02264220081269741
        ],
        [
            0.1953819990158081,
            -0.8410041332244873,
            0.016008161008358
        ],
        [
            0.18004949390888214,
            -0.8099216222763062,
            0.021031172946095467
        ],
        [
            0.18268847465515137,
            -0.798009991645813,
            0.014466868713498116
        ],
        [
            0.17156924307346344,
            -0.7931437492370605,
            0.019171206280589104
        ],
        [
            0.16757851839065552,
            -0.8047327995300293,
            0.02501785010099411
        ],
        [
            0.20057302713394165,
            -0.8018983006477356,
            -0.02227790839970112
        ],
        [
            0.1984364092350006,
            -0.7962970733642578,
            -0.016387518495321274
        ],
        [
            0.20099171996116638,
            -0.8029322028160095,
            -0.013146625831723213
        ],
        [
            0.20229685306549072,
            -0.807852029800415,
            -0.019672462716698647
        ],
        [
            0.2075788378715515,
            -0.8083996772766113,
            -0.03351805359125137
        ],
        [
            0.20675161480903625,
            -0.8147827386856079,
            -0.03248745948076248
        ],
        [
            0.21183288097381592,
            -0.816346287727356,
            -0.03845316916704178
        ],
        [
            0.21348872780799866,
            -0.8089982867240906,
            -0.03879568725824356
        ],
        [
            0.19745133817195892,
            -0.7967677712440491,
            -0.02686590887606144
        ],
        [
            0.19498206675052643,
            -0.7912942171096802,
            -0.020708153024315834
        ],
        [
            0.20311883091926575,
            -0.8063579797744751,
            -0.027482012286782265
        ],
        [
            0.20283283293247223,
            -0.8014455437660217,
            -0.029665924608707428
        ],
        [
            0.2097802758216858,
            -0.7918307781219482,
            -0.0336044579744339
        ],
        [
            0.21049237251281738,
            -0.7967753410339355,
            -0.032308179885149
        ],
        [
            0.21656683087348938,
            -0.7951943874359131,
            -0.036912865936756134
        ],
        [
            0.21363750100135803,
            -0.7900981903076172,
            -0.03748362511396408
        ],
        [
            0.20144610106945038,
            -0.794590950012207,
            -0.029085775837302208
        ],
        [
            0.20529599487781525,
            -0.7963615655899048,
            -0.029314888641238213
        ],
        [
            0.20555803179740906,
            -0.7919182777404785,
            -0.03174488991498947
        ],
        [
            0.20140255987644196,
            -0.7910189628601074,
            -0.032453663647174835
        ],
        [
            0.2084740698337555,
            -0.8033894300460815,
            -0.03404950350522995
        ],
        [
            0.2151554524898529,
            -0.8024974465370178,
            -0.03824218362569809
        ],
        [
            0.22123387455940247,
            -0.8011448383331299,
            -0.04355955496430397
        ],
        [
            0.2215857356786728,
            -0.7921432852745056,
            -0.04257548600435257
        ],
        [
            0.19062405824661255,
            -0.7862578630447388,
            -0.0036995895206928253
        ],
        [
            0.19563066959381104,
            -0.7911392450332642,
            -0.009648041799664497
        ],
        [
            0.1926945447921753,
            -0.7864242792129517,
            -0.014383725821971893
        ],
        [
            0.18930479884147644,
            -0.7823988199234009,
            -0.00885385274887085
        ],
        [
            0.19725891947746277,
            -0.7895667552947998,
            -0.030759718269109726
        ],
        [
            0.1926669180393219,
            -0.7748123407363892,
            -0.026300854980945587
        ],
        [
            0.19411566853523254,
            -0.7783565521240234,
            -0.026334896683692932
        ],
        [
            0.19681701064109802,
            -0.7774845361709595,
            -0.03290216624736786
        ],
        [
            0.19539867341518402,
            -0.7742596864700317,
            -0.03225304186344147
        ],
        [
            0.17873872816562653,
            -0.7763409614562988,
            0.0038985521532595158
        ],
        [
            0.18086454272270203,
            -0.7735857963562012,
            -0.0023244405165314674
        ],
        [
            0.1761576384305954,
            -0.7682409286499023,
            -0.0010635172948241234
        ],
        [
            0.17227745056152344,
            -0.7703133821487427,
            0.004576737992465496
        ],
        [
            0.172552227973938,
            -0.7633011341094971,
            -0.003346579149365425
        ],
        [
            0.16627919673919678,
            -0.7643488049507141,
            0.0037406333722174168
        ],
        [
            0.15906281769275665,
            -0.7504642009735107,
            -0.004347500391304493
        ],
        [
            0.16224753856658936,
            -0.7567684650421143,
            -0.00017784163355827332
        ],
        [
            0.16993403434753418,
            -0.7577072381973267,
            -0.007006214931607246
        ],
        [
            0.16947823762893677,
            -0.7513487339019775,
            -0.012416401877999306
        ],
        [
            0.17628353834152222,
            -0.7522597908973694,
            -0.02526829205453396
        ],
        [
            0.17679855227470398,
            -0.7500919103622437,
            -0.031195873394608498
        ],
        [
            0.17130319774150848,
            -0.7395328283309937,
            -0.025937821716070175
        ],
        [
            0.17063254117965698,
            -0.7443088293075562,
            -0.019450079649686813
        ],
        [
            0.1867143213748932,
            -0.7709797620773315,
            -0.02518237568438053
        ],
        [
            0.185025155544281,
            -0.7722563147544861,
            -0.0209088996052742
        ],
        [
            0.1877019852399826,
            -0.772747278213501,
            -0.02108764462172985
        ],
        [
            0.19027620553970337,
            -0.7723591923713684,
            -0.02563030831515789
        ],
        [
            0.18388952314853668,
            -0.7730159759521484,
            -0.01715615950524807
        ],
        [
            0.18342941999435425,
            -0.7731475830078125,
            -0.015382654964923859
        ],
        [
            0.18499687314033508,
            -0.7738093733787537,
            -0.015844624489545822
        ],
        [
            0.1847800612449646,
            -0.7734380960464478,
            -0.01712280884385109
        ],
        [
            0.18485024571418762,
            -0.7727773189544678,
            -0.019140897318720818
        ],
        [
            0.18429847061634064,
            -0.7707895040512085,
            -0.020093264058232307
        ],
        [
            0.183924600481987,
            -0.7720323801040649,
            -0.018025686964392662
        ],
        [
            0.1858949363231659,
            -0.7687458992004395,
            -0.02388995885848999
        ],
        [
            0.1890716254711151,
            -0.7633035182952881,
            -0.037540603429079056
        ],
        [
            0.18915404379367828,
            -0.7642455101013184,
            -0.033285632729530334
        ],
        [
            0.18953262269496918,
            -0.7686759829521179,
            -0.03483128547668457
        ],
        [
            0.18951687216758728,
            -0.7681729793548584,
            -0.038575783371925354
        ],
        [
            0.18690253794193268,
            -0.7747303247451782,
            -0.01801307313144207
        ],
        [
            0.18759191036224365,
            -0.7764558792114258,
            -0.015445193275809288
        ],
        [
            0.19093139469623566,
            -0.777503490447998,
            -0.019790994003415108
        ],
        [
            0.1892387568950653,
            -0.7750831842422485,
            -0.020681515336036682
        ],
        [
            0.18861141800880432,
            -0.7784160375595093,
            -0.012706995010375977
        ],
        [
            0.18530765175819397,
            -0.7753095626831055,
            -0.013604475185275078
        ],
        [
            0.18542465567588806,
            -0.7763533592224121,
            -0.0108812116086483
        ],
        [
            0.18266615271568298,
            -0.7715617418289185,
            -0.015885360538959503
        ],
        [
            0.18112923204898834,
            -0.770836353302002,
            -0.012945245951414108
        ],
        [
            0.1831931173801422,
            -0.7728646993637085,
            -0.012625161558389664
        ],
        [
            0.18011465668678284,
            -0.767438530921936,
            -0.014782104641199112
        ],
        [
            0.1825328916311264,
            -0.769212007522583,
            -0.018349727615714073
        ],
        [
            0.1837502419948578,
            -0.7662022113800049,
            -0.022027602419257164
        ],
        [
            0.185430645942688,
            -0.7630419135093689,
            -0.026827175170183182
        ],
        [
            0.18120644986629486,
            -0.7599999308586121,
            -0.023788293823599815
        ],
        [
            0.18039189279079437,
            -0.7635417580604553,
            -0.0185978002846241
        ],
        [
            0.1917532980442047,
            -0.7816082239151001,
            -0.018288983032107353
        ],
        [
            0.18214008212089539,
            -0.7731185555458069,
            -0.008150652050971985
        ],
        [
            0.18534332513809204,
            -0.7788744568824768,
            -0.005232654511928558
        ],
        [
            0.17930573225021362,
            -0.7691658735275269,
            -0.007852055132389069
        ],
        [
            0.176996648311615,
            -0.7650601267814636,
            -0.009687593206763268
        ],
        [
            0.17555418610572815,
            -0.7605665326118469,
            -0.01402335986495018
        ],
        [
            0.17601501941680908,
            -0.7560291886329651,
            -0.019341662526130676
        ],
        [
            0.15797513723373413,
            -0.7356857061386108,
            -0.021341612562537193
        ],
        [
            0.15885405242443085,
            -0.7418419122695923,
            -0.013292903080582619
        ],
        [
            0.22318905591964722,
            -0.8455274701118469,
            -0.01821882836520672
        ],
        [
            0.22215114533901215,
            -0.8459365367889404,
            -0.009304709732532501
        ],
        [
            0.21489793062210083,
            -0.8404164910316467,
            -0.007095295935869217
        ],
        [
            0.21625426411628723,
            -0.8427454233169556,
            -0.005155285820364952
        ],
        [
            0.21828240156173706,
            -0.8427486419677734,
            -0.011480214074254036
        ],
        [
            0.21669413149356842,
            -0.8400927186012268,
            -0.01142730750143528
        ],
        [
            0.20049220323562622,
            -0.8402549028396606,
            0.009362844750285149
        ],
        [
            0.20450283586978912,
            -0.839880108833313,
            0.003776267170906067
        ],
        [
            0.20143577456474304,
            -0.83714359998703,
            0.0042745815590023994
        ],
        [
            0.19753050804138184,
            -0.8345420956611633,
            0.011404216289520264
        ],
        [
            0.20324376225471497,
            -0.8273314237594604,
            -0.003431903198361397
        ],
        [
            0.2016236037015915,
            -0.8299239873886108,
            0.0010495707392692566
        ],
        [
            0.20599454641342163,
            -0.8347439169883728,
            -0.0033726729452610016
        ],
        [
            0.20720496773719788,
            -0.8328568339347839,
            -0.006584657356142998
        ],
        [
            0.2080002725124359,
            -0.8315528631210327,
            -0.010476337745785713
        ],
        [
            0.20816481113433838,
            -0.8310099244117737,
            -0.014901209622621536
        ],
        [
            0.20567329227924347,
            -0.8263429999351501,
            -0.013911392539739609
        ],
        [
            0.20468243956565857,
            -0.8263649940490723,
            -0.008592803031206131
        ],
        [
            0.21854224801063538,
            -0.843189001083374,
            -0.017871718853712082
        ],
        [
            0.2166522592306137,
            -0.8423001766204834,
            -0.024912744760513306
        ],
        [
            0.2150139957666397,
            -0.8397712707519531,
            -0.023104609921574593
        ],
        [
            0.21708452701568604,
            -0.8401849269866943,
            -0.017218872904777527
        ],
        [
            0.205753892660141,
            -0.835503101348877,
            -0.031400587409734726
        ],
        [
            0.20805731415748596,
            -0.8372905254364014,
            -0.030665278434753418
        ],
        [
            0.20914730429649353,
            -0.8378710746765137,
            -0.034336648881435394
        ],
        [
            0.20617295801639557,
            -0.8342540860176086,
            -0.0346144437789917
        ],
        [
            0.20535056293010712,
            -0.831634521484375,
            -0.032206274569034576
        ],
        [
            0.2056393027305603,
            -0.8339616656303406,
            -0.030112292617559433
        ],
        [
            0.2364630103111267,
            -0.898998498916626,
            -0.019902482628822327
        ],
        [
            0.23668190836906433,
            -0.8806304931640625,
            -0.025252297520637512
        ],
        [
            0.22612833976745605,
            -0.8978279829025269,
            -0.002471049316227436
        ],
        [
            0.2138088047504425,
            -0.8928207159042358,
            0.010132351890206337
        ],
        [
            0.20166054368019104,
            -0.8842802047729492,
            0.020618760958313942
        ],
        [
            0.17552894353866577,
            -0.7832770943641663,
            0.011531408876180649
        ],
        [
            0.16691893339157104,
            -0.7777127027511597,
            0.014153288677334785
        ],
        [
            0.1602020114660263,
            -0.7890357971191406,
            0.022835910320281982
        ],
        [
            0.15218964219093323,
            -0.7813652753829956,
            0.022174976766109467
        ],
        [
            0.15927138924598694,
            -0.7697191834449768,
            0.01294037513434887
        ],
        [
            0.1482911854982376,
            -0.7519631385803223,
            0.001370471902191639
        ],
        [
            0.1534939706325531,
            -0.7605258822441101,
            0.008889185264706612
        ],
        [
            0.14436984062194824,
            -0.7732518315315247,
            0.019537964835762978
        ],
        [
            0.13713574409484863,
            -0.7902902364730835,
            0.03004346415400505
        ],
        [
            0.14577630162239075,
            -0.7945574522018433,
            0.029730096459388733
        ],
        [
            0.1321980357170105,
            -0.8095594048500061,
            0.03483714163303375
        ],
        [
            0.12578245997428894,
            -0.7867648601531982,
            0.02752159908413887
        ],
        [
            0.1244024932384491,
            -0.8119186758995056,
            0.03281978517770767
        ],
        [
            0.11914095282554626,
            -0.7553216218948364,
            0.0067805033177137375
        ],
        [
            0.11585105210542679,
            -0.7476541996002197,
            0.0076105669140815735
        ],
        [
            0.11400411278009415,
            -0.7582120299339294,
            0.02367417886853218
        ],
        [
            0.11562781035900116,
            -0.7665652632713318,
            0.022342737764120102
        ],
        [
            0.15579438209533691,
            -0.7995592355728149,
            0.028947198763489723
        ],
        [
            0.18688014149665833,
            -0.8560162782669067,
            0.02551327645778656
        ],
        [
            0.1954243928194046,
            -0.8516978025436401,
            0.019473090767860413
        ],
        [
            0.17851397395133972,
            -0.8459700345993042,
            0.028055481612682343
        ],
        [
            0.19295734167099,
            -0.9181833267211914,
            0.025674961507320404
        ],
        [
            0.20632413029670715,
            -0.9072635769844055,
            0.018531322479248047
        ],
        [
            0.19515323638916016,
            -0.8958738446235657,
            0.027170155197381973
        ],
        [
            0.18463236093521118,
            -0.907768964767456,
            0.03347849100828171
        ],
        [
            0.20855417847633362,
            -0.9460741877555847,
            -0.006403638049960136
        ],
        [
            0.22594714164733887,
            -0.9243772029876709,
            -0.011491069570183754
        ],
        [
            0.21696461737155914,
            -0.9171487092971802,
            0.0026928121224045753
        ],
        [
            0.20293986797332764,
            -0.934177815914154,
            0.00879143550992012
        ],
        [
            0.17343243956565857,
            -0.9140426516532898,
            0.03781057894229889
        ],
        [
            0.15761208534240723,
            -0.92258620262146,
            0.04151512682437897
        ],
        [
            0.1563418209552765,
            -0.939316987991333,
            0.03745364025235176
        ],
        [
            0.1767040193080902,
            -0.9315441846847534,
            0.03151807188987732
        ],
        [
            0.15511323511600494,
            -0.9602560997009277,
            0.024889163672924042
        ],
        [
            0.17985865473747253,
            -0.9505789279937744,
            0.017397969961166382
        ],
        [
            0.11277933418750763,
            -0.8035790324211121,
            0.03288250043988228
        ],
        [
            0.11513921618461609,
            -0.8221019506454468,
            0.03360699862241745
        ],
        [
            0.12007662653923035,
            -0.7751400470733643,
            0.020970288664102554
        ],
        [
            0.11151626706123352,
            -0.7886161804199219,
            0.032216448336839676
        ],
        [
            0.1524367332458496,
            -0.975739598274231,
            0.0067606121301651
        ],
        [
            0.1823136806488037,
            -0.9656022787094116,
            -0.0009905993938446045
        ],
        [
            0.1030278205871582,
            -0.9207172989845276,
            0.04314759746193886
        ],
        [
            0.11737652122974396,
            -0.9341088533401489,
            0.04155327007174492
        ],
        [
            0.12789882719516754,
            -0.9163790941238403,
            0.046414073556661606
        ],
        [
            0.1134176254272461,
            -0.9060977101325989,
            0.04711327329277992
