{
    "pred_cam": [
        1.5988987684249878,
        0.007558496668934822,
        0.4047692120075226
    ],
    "pred_smpl_params": {
        "global_orient": [
            [
                [
                    0.9811345338821411,
                    0.06675441563129425,
                    0.18143518269062042
                ],
                [
                    0.05813344940543175,
                    -0.9969310164451599,
                    0.052430931478738785
                ],
                [
                    0.18437837064266205,
                    -0.04089435562491417,
                    -0.9820041060447693
                ]
            ]
        ],
        "body_pose": [
            [
                [
                    0.998843252658844,
                    -0.0010860899928957224,
                    -0.04807106778025627
                ],
                [
                    0.0050439853221178055,
                    0.9965956807136536,
                    0.08228978514671326
                ],
                [
                    0.04781804233789444,
                    -0.08243708312511444,
                    0.9954483509063721
                ]
            ],
            [
                [
                    0.9981405735015869,
                    -0.029875880107283592,
                    -0.05312929302453995
                ],
                [
                    0.03304203599691391,
                    0.9976664185523987,
                    0.0597490631043911
                ],
                [
                    0.051220253109931946,
                    -0.06139346957206726,
                    0.9967985153198242
                ]
            ],
            [
                [
                    0.997222900390625,
                    0.004754943773150444,
                    0.07432345300912857
                ],
                [
                    -0.0003534663119353354,
                    0.9982506632804871,
                    -0.05912194028496742
                ],
                [
                    -0.07447456568479538,
                    0.05893147736787796,
                    0.9954801201820374
                ]
            ],
            [
                [
                    0.9824767708778381,
                    -0.06405998021364212,
                    -0.1750308871269226
                ],
                [
                    -0.06696087121963501,
                    0.7550725340843201,
                    -0.6522130370140076
                ],
                [
                    0.1739417314529419,
                    0.6525042653083801,
                    0.7375516891479492
                ]
            ],
            [
                [
                    0.9851721525192261,
                    -0.11617930233478546,
                    0.12624694406986237
                ],
                [
                    0.1709892451763153,
                    0.7253040075302124,
                    -0.6668558716773987
                ],
                [
                    -0.014092565514147282,
                    0.6785546541213989,
                    0.7344146966934204
                ]
            ],
            [
                [
                    0.9976307153701782,
                    0.025432292371988297,
                    0.06392274796962738
                ],
                [
                    -0.029455769807100296,
                    0.9975907206535339,
                    0.06280959397554398
                ],
                [
                    -0.06217135116457939,
                    -0.06454367935657501,
                    0.9959762692451477
                ]
            ],
            [
                [
                    0.9734342098236084,
                    0.05930497124791145,
                    0.22115322947502136
                ],
                [
                    -0.07253072410821915,
                    0.9960011839866638,
                    0.05216321721673012
                ],
                [
                    -0.21717531979084015,
                    -0.06681786477565765,
                    0.9738430380821228
                ]
            ],
            [
                [
                    0.9757395386695862,
                    0.0005779775674454868,
                    -0.2189340442419052
                ],
                [
                    0.019237998872995377,
                    0.9959020614624023,
                    0.08836864680051804
                ],
                [
                    0.21808794140815735,
                    -0.09043662995100021,
                    0.9717298746109009
                ]
            ],
            [
                [
                    0.9984776377677917,
                    0.012315559200942516,
                    0.05376603826880455
                ],
                [
                    -0.00414883391931653,
                    0.9887624979019165,
                    -0.14943717420101166
                ],
                [
                    -0.05500224977731705,
                    0.1489866077899933,
                    0.9873083233833313
                ]
            ],
            [
                [
                    0.9830573797225952,
                    -0.15772980451583862,
                    -0.09337860345840454
                ],
                [
                    0.17173399031162262,
                    0.9706436395645142,
                    0.16839958727359772
                ],
                [
                    0.06407570838928223,
                    -0.1815827339887619,
                    0.9812859892845154
                ]
            ],
            [
                [
                    0.9948630332946777,
                    0.10104330629110336,
                    0.006150124594569206
                ],
                [
                    -0.10028983652591705,
                    0.9755377769470215,
                    0.19562222063541412
                ],
                [
                    0.013766634277999401,
                    -0.19523410499095917,
                    0.980660080909729
                ]
            ],
            [
                [
                    0.9913965463638306,
                    0.0563989132642746,
                    0.11811833828687668
                ],
                [
                    -0.06273675709962845,
                    0.9967445135116577,
                    0.05064169317483902
                ],
                [
                    -0.11487765610218048,
                    -0.05761636793613434,
                    0.9917073249816895
                ]
            ],
            [
                [
                    0.958920955657959,
                    0.25201067328453064,
                    0.13023513555526733
                ],
                [
                    -0.24294379353523254,
                    0.9666005969047546,
                    -0.08161961287260056
                ],
                [
                    -0.1464543491601944,
                    0.046626944094896317,
                    0.9881179928779602
                ]
            ],
            [
                [
                    0.9528684020042419,
                    -0.28978490829467773,
                    -0.08981373906135559
                ],
                [
                    0.2836730182170868,
                    0.955990195274353,
                    -0.07491588592529297
                ],
                [
                    0.10757054388523102,
                    0.04590724781155586,
                    0.993137001991272
                ]
            ],
            [
                [
                    0.9941819906234741,
                    0.0831294059753418,
                    0.06849729269742966
                ],
                [
                    -0.06529590487480164,
                    0.9708684682846069,
                    -0.23054468631744385
                ],
                [
                    -0.08566689491271973,
                    0.2247307300567627,
                    0.970647931098938
                ]
            ],
            [
                [
                    0.5284678936004639,
                    0.8140457272529602,
                    -0.2409382313489914
                ],
                [
                    -0.8480511903762817,
                    0.4931199550628662,
                    -0.19401511549949646
                ],
                [
                    -0.039125725626945496,
                    0.30685871839523315,
                    0.9509505033493042
                ]
            ],
            [
                [
                    0.4635133445262909,
                    -0.8648810982704163,
                    0.1927068680524826
                ],
                [
                    0.8838105797767639,
                    0.4668442904949188,
                    -0.030581124126911163
                ],
                [
                    -0.0635150671005249,
                    0.1844911426305771,
                    0.9807796478271484
                ]
            ],
            [
                [
                    0.6374044418334961,
                    -0.22483988106250763,
                    -0.7369956970214844
                ],
                [
                    -0.02693406492471695,
                    0.949393630027771,
                    -0.3129318654537201
                ],
                [
                    0.7700585126876831,
                    0.21931445598602295,
                    0.5990918874740601
                ]
            ],
            [
                [
                    0.76763916015625,
                    0.2208668738603592,
                    0.6016210913658142
                ],
                [
                    -0.10372359305620193,
                    0.9691789150238037,
                    -0.22345830500125885
                ],
                [
                    -0.6324330568313599,
                    0.1091330423951149,
                    0.7668887972831726
                ]
            ],
            [
                [
                    0.9997524619102478,
                    0.010402246378362179,
                    -0.019669875502586365
                ],
                [
                    -0.0099794315174222,
                    0.9997196197509766,
                    0.021472575142979622
                ],
                [
                    0.01988772489130497,
                    -0.021270964294672012,
                    0.9995759725570679
                ]
            ],
            [
                [
                    0.9996928572654724,
                    -0.0014478632947430015,
                    -0.024740071967244148
                ],
                [
                    0.0008499379619024694,
                    0.9997077584266663,
                    -0.024162733927369118
                ],
                [
                    0.02476782351732254,
                    0.024134287610650063,
                    0.9994019269943237
                ]
            ],
            [
                [
                    0.9738160967826843,
                    0.20960813760757446,
                    -0.08801563084125519
                ],
                [
                    -0.19539764523506165,
                    0.9696120023727417,
                    0.14721503853797913
                ],
                [
                    0.11619848757982254,
                    -0.1261623203754425,
                    0.9851807355880737
                ]
            ],
            [
                [
                    0.9754221439361572,
                    -0.2191162109375,
                    0.02323038876056671
                ],
                [
                    0.21173611283302307,
                    0.9612722992897034,
                    0.17641791701316833
                ],
                [
                    -0.06098676472902298,
                    -0.16716325283050537,
                    0.9840410947799683
                ]
            ]
        ],
        "betas": [
            -0.03137584030628204,
            0.16774429380893707,
            0.5827159881591797,
            0.8177763223648071,
            0.0169467031955719,
            0.08311483263969421,
            -0.003316432237625122,
            -0.04124528169631958,
            0.057687386870384216,
            -0.1291384994983673
        ]
    },
    "pred_cam_t": [
        0.007558496668934822,
        0.4047692120075226,
        24.430877685546875
    ],
    "focal_length": [
        5000.0,
        5000.0
    ],
    "pred_keypoints_3d": [
        [
            0.15240712463855743,
            -0.8313198089599609,
            -0.13774091005325317
        ],
        [
            0.04478855058550835,
            -0.756993293762207,
            0.008547890931367874
        ],
        [
            -0.1397671401500702,
            -0.6826004981994629,
            -0.029111145064234734
        ],
        [
            -0.2215203195810318,
            -0.45136237144470215,
            0.02401120774447918
        ],
        [
            -0.24729470908641815,
            -0.2352597415447235,
            -0.10354690253734589
        ],
        [
            0.189510315656662,
            -0.6614834070205688,
            0.09984815865755081
        ],
        [
            0.19203540682792664,
            -0.4369426965713501,
            0.22631123661994934
        ],
        [
            0.23583939671516418,
            -0.2201659232378006,
            0.11734935641288757
        ],
        [
            -0.002352227456867695,
            -0.23283208906650543,
            0.02625475823879242
        ],
        [
            -0.07387105375528336,
            -0.146316260099411,
            0.022966459393501282
        ],
        [
            -0.12228859961032867,
            0.23107221722602844,
            0.02005334012210369
        ],
        [
            -0.11245734989643097,
            0.4897513687610626,
            0.3183070719242096
        ],
        [
            0.056356366723775864,
            -0.13757316768169403,
            0.04991389811038971
        ],
        [
            0.07150132954120636,
            0.23400001227855682,
            0.04241081699728966
        ],
        [
            0.036180656403303146,
            0.5110238194465637,
            0.3211374878883362
        ],
        [
            0.1186218112707138,
            -0.883482813835144,
            -0.13317200541496277
        ],
        [
            0.17368249595165253,
            -0.8735480308532715,
            -0.09739772975444794
        ],
        [
            0.032337624579668045,
            -0.8984087705612183,
            -0.0748407244682312
        ],
        [
            0.15508310496807098,
            -0.8772344589233398,
            0.002602122724056244
        ],
        [
            0.04212253540754318,
            0.6650416851043701,
            0.1959225833415985
        ],
        [
            0.10705357044935226,
            0.6443472504615784,
            0.24654003977775574
        ],
        [
            0.03631157800555229,
            0.5058554410934448,
            0.3923855721950531
        ],
        [
            -0.10011482238769531,
            0.6422710418701172,
            0.1917734146118164
        ],
        [
            -0.17410017549991608,
            0.6212632656097412,
            0.23304703831672668
        ],
        [
            -0.11999667435884476,
            0.4909955859184265,
            0.3917121887207031
        ],
        [
            -0.13765035569667816,
            0.43754634261131287,
            0.30488312244415283
        ],
        [
            -0.11708586663007736,
            0.17136824131011963,
            0.008676157332956791
        ],
        [
            -0.14227832853794098,
            -0.2734448313713074,
            0.005473108496516943
        ],
        [
            0.13483136892318726,
            -0.24188601970672607,
            0.0720478892326355
        ],
        [
            0.08423324674367905,
            0.19611120223999023,
            0.03818531334400177
        ],
        [
            0.04677804559469223,
            0.46950188279151917,
            0.3222868740558624
        ],
        [
            -0.22530952095985413,
            -0.26230794191360474,
            -0.11611860990524292
        ],
        [
            -0.23936542868614197,
            -0.47235140204429626,
            -0.007768065668642521
        ],
        [
            -0.1010238528251648,
            -0.7097442150115967,
            -0.022674409672617912
        ],
        [
            0.16405248641967773,
            -0.6930463314056396,
            0.08873013406991959
        ],
        [
            0.2342689484357834,
            -0.45622748136520386,
            0.1995989829301834
        ],
        [
            0.24062567949295044,
            -0.2409033179283142,
            0.1102430671453476
        ],
        [
            0.045386843383312225,
            -0.7535872459411621,
            0.011251158080995083
        ],
        [
            0.11923336982727051,
            -0.9343753457069397,
            -0.053561706095933914
        ],
        [
            -0.0030789151787757874,
            -0.25772684812545776,
            0.03905663266777992
        ],
        [
            0.03190375864505768,
            -0.6992443799972534,
            0.028415806591510773
        ],
        [
            0.0120188407599926,
            -0.5156598091125488,
            0.04218253865838051
        ],
        [
            0.11163988709449768,
            -0.8217998743057251,
            -0.06692757457494736
        ],
        [
            0.11611433327198029,
            -0.9552792310714722,
            -0.0507296659052372
        ]
    ],
    "pred_vertices": [
        [
            0.19552171230316162,
            -0.9161721467971802,
            -0.09743739664554596
        ],
        [
            0.18995244801044464,
            -0.9019924402236938,
            -0.10417719185352325
        ],
        [
            0.19350308179855347,
            -0.8989185094833374,
            -0.09078627079725266
        ],
        [
            0.19677671790122986,
            -0.9101232886314392,
            -0.08095252513885498
        ],
        [
            0.190860778093338,
            -0.8896533250808716,
            -0.09647238999605179
        ],
        [
            0.18638190627098083,
            -0.8907575607299805,
            -0.10774566233158112
        ],
        [
            0.19223815202713013,
            -0.8943473696708679,
            -0.07768840342760086
        ],
        [
            0.19326473772525787,
            -0.9024935960769653,
            -0.06673985719680786
        ],
        [
            0.1821833848953247,
            -0.8618417382240295,
            -0.06088414043188095
        ],
        [
            0.17959432303905487,
            -0.859052300453186,
            -0.05055136978626251
        ],
        [
            0.18294376134872437,
            -0.870305597782135,
            -0.053220655769109726
        ],
        [
            0.18358425796031952,
            -0.8703345656394958,
            -0.06344375759363174
        ],
        [
            0.1732657551765442,
            -0.8376525640487671,
            -0.05593288689851761
        ],
        [
            0.1700771152973175,
            -0.8278158903121948,
            -0.06503425538539886
        ],
        [
            0.1648010015487671,
            -0.8208498954772949,
            -0.05494292452931404
        ],
        [
            0.1664820909500122,
            -0.8304933309555054,
            -0.045689843595027924
        ],
        [
            0.15901578962802887,
            -0.8413549661636353,
            -0.10332741588354111
        ],
        [
            0.16122013330459595,
            -0.8343822360038757,
            -0.09870351850986481
        ],
        [
            0.16560427844524384,
            -0.8404172658920288,
            -0.09667198359966278
        ],
        [
            0.16240544617176056,
            -0.8467544317245483,
            -0.10133570432662964
        ],
        [
            0.15719400346279144,
            -0.850589394569397,
            -0.11493486911058426
        ],
        [
            0.15756650269031525,
            -0.8564684391021729,
            -0.11218108981847763
        ],
        [
            0.15752337872982025,
            -0.8597694039344788,
            -0.11951813846826553
        ],
        [
            0.15824362635612488,
            -0.8528193235397339,
            -0.12261628359556198
        ],
        [
            0.15335983037948608,
            -0.8370687961578369,
            -0.10577525198459625
        ],
        [
            0.1555778533220291,
            -0.8299593925476074,
            -0.10056953132152557
        ],
        [
            0.1575830578804016,
            -0.8471356630325317,
            -0.10794587433338165
        ],
        [
            0.1558566838502884,
            -0.8425202369689941,
            -0.11056333035230637
        ],
        [
            0.15787449479103088,
            -0.8347498774528503,
            -0.1201634481549263
        ],
        [
            0.15946155786514282,
            -0.8393334150314331,
            -0.11862530559301376
        ],
        [
            0.16073264181613922,
            -0.8393145203590393,
            -0.12641620635986328
        ],
        [
            0.15799178183078766,
            -0.8343077301979065,
            -0.12594127655029297
        ],
        [
            0.154671773314476,
            -0.8356602191925049,
            -0.11078118532896042
        ],
        [
            0.15748420357704163,
            -0.8377723097801208,
            -0.11320959031581879
        ],
        [
            0.15586018562316895,
            -0.834021806716919,
            -0.11606953293085098
        ],
        [
            0.15231026709079742,
            -0.8328689336776733,
            -0.11387373507022858
        ],
        [
            0.15718510746955872,
            -0.8458433151245117,
            -0.11722543090581894
        ],
        [
            0.15929512679576874,
            -0.8465438485145569,
            -0.1248696818947792
        ],
        [
            0.1603993922472,
            -0.846941351890564,
            -0.13312070071697235
        ],
        [
            0.16082832217216492,
            -0.8378864526748657,
            -0.13454636931419373
        ],
        [
            0.16319996118545532,
            -0.8210057020187378,
            -0.08591362833976746
        ],
        [
            0.1631597876548767,
            -0.8275012969970703,
            -0.09294939786195755
        ],
        [
            0.15775857865810394,
            -0.8235795497894287,
            -0.09533227235078812
        ],
        [
            0.15870964527130127,
            -0.8181394934654236,
            -0.08975174278020859
        ],
        [
            0.150422602891922,
            -0.830504298210144,
            -0.11004509776830673
        ],
        [
            0.1493809074163437,
            -0.8144354224205017,
            -0.10648425668478012
        ],
        [
            0.15071186423301697,
            -0.8180708885192871,
            -0.10688842087984085
        ],
        [
            0.14825746417045593,
            -0.818850040435791,
            -0.11362212896347046
        ],
        [
            0.14742544293403625,
            -0.8153971433639526,
            -0.11272992193698883
        ],
        [
            0.15885576605796814,
            -0.8083541989326477,
            -0.07434575259685516
        ],
        [
            0.15635086596012115,
            -0.8071883916854858,
            -0.08101029694080353
        ],
        [
            0.1534797102212906,
            -0.8010413646697998,
            -0.07788024097681046
        ],
        [
            0.1544112265110016,
            -0.8014546632766724,
            -0.07039353996515274
        ],
        [
            0.14949363470077515,
            -0.7961578965187073,
            -0.07774421572685242
        ],
        [
            0.14955316483974457,
            -0.7949310541152954,
            -0.06776396930217743
        ],
        [
            0.13864588737487793,
            -0.7824409008026123,
            -0.0716564878821373
        ],
        [
            0.14383383095264435,
            -0.7880043983459473,
            -0.06929212808609009
        ],
        [
            0.14512576162815094,
            -0.7911548614501953,
            -0.0797903910279274
        ],
        [
            0.1412155032157898,
            -0.7860940098762512,
            -0.0848463624715805
        ],
        [
            0.13719752430915833,
            -0.7903099060058594,
            -0.09905283153057098
        ],
        [
            0.1336551457643509,
            -0.7893906235694885,
            -0.10437025129795074
        ],
        [
            0.13308730721473694,
            -0.7774578332901001,
            -0.09884456545114517
        ],
        [
            0.13716243207454681,
            -0.7808064222335815,
            -0.09229215234518051
        ],
        [
            0.1454240381717682,
            -0.8100396990776062,
            -0.10222910344600677
        ],
        [
            0.1470121145248413,
            -0.810238242149353,
            -0.09771094471216202
        ],
        [
            0.14885394275188446,
            -0.8110989332199097,
            -0.09958015382289886
        ],
        [
            0.14772316813468933,
            -0.8118845820426941,
            -0.1047201156616211
        ],
        [
            0.14865873754024506,
            -0.8100579380989075,
            -0.09403593838214874
        ],
        [
            0.14946745336055756,
            -0.8098083734512329,
            -0.09243037551641464
        ],
        [
            0.15035121142864227,
            -0.8107693195343018,
            -0.09372948855161667
        ],
        [
            0.14915499091148376,
            -0.8106169700622559,
            -0.09468512237071991
        ],
        [
            0.14787310361862183,
            -0.8103610277175903,
            -0.09625677019357681
        ],
        [
            0.1468207985162735,
            -0.8084708452224731,
            -0.09695658087730408
        ],
        [
            0.14805960655212402,
            -0.8092451095581055,
            -0.09483909606933594
        ],
        [
            0.14539137482643127,
            -0.8074004054069519,
            -0.1011894941329956
        ],
        [
            0.13867464661598206,
            -0.8051142692565918,
            -0.11449568718671799
        ],
        [
            0.14143133163452148,
            -0.8053921461105347,
            -0.111078180372715
        ],
        [
            0.14095324277877808,
            -0.8101495504379272,
            -0.1116582602262497
        ],
        [
            0.1386391520500183,
            -0.8101507425308228,
            -0.11464300006628036
        ],
        [
            0.1503152698278427,
            -0.8121432065963745,
            -0.09662069380283356
        ],
        [
            0.152744323015213,
            -0.8135818243026733,
            -0.09472928196191788
        ],
        [
            0.15247231721878052,
            -0.8157957792282104,
            -0.0999801754951477
        ],
        [
            0.15046122670173645,
            -0.8134421110153198,
            -0.09990763664245605
        ],
        [
            0.1553049236536026,
            -0.8150694370269775,
            -0.09310219436883926
        ],
        [
            0.1521376520395279,
            -0.811779260635376,
            -0.09202408045530319
        ],
        [
            0.15421563386917114,
            -0.8121077418327332,
            -0.08991535753011703
        ],
        [
            0.14855387806892395,
            -0.808143138885498,
            -0.09254131466150284
        ],
        [
            0.14941957592964172,
            -0.8065797686576843,
            -0.08954398334026337
        ],
        [
            0.151121586561203,
            -0.8088607788085938,
            -0.09031108766794205
        ],
        [
            0.14728231728076935,
            -0.8034989237785339,
            -0.09076503664255142
        ],
        [
            0.14677144587039948,
            -0.8062956929206848,
            -0.09464561194181442
        ],
        [
            0.14509257674217224,
            -0.8042213916778564,
            -0.09873788058757782
        ],
        [
            0.14295390248298645,
            -0.8023591637611389,
            -0.10402433574199677
        ],
        [
            0.14181794226169586,
            -0.798193097114563,
            -0.0995698869228363
        ],
        [
            0.14481396973133087,
            -0.8005143404006958,
            -0.09445987641811371
        ],
        [
            0.15436235070228577,
            -0.8194133043289185,
            -0.09870357811450958
        ],
        [
            0.1533290147781372,
            -0.80806565284729,
            -0.08625635504722595
        ],
        [
            0.15794605016708374,
            -0.8135687112808228,
            -0.08506003767251968
        ],
        [
            0.15135762095451355,
            -0.8036882877349854,
            -0.0848832055926323
        ],
        [
            0.148347869515419,
            -0.7997188568115234,
            -0.08535116910934448
        ],
        [
            0.14474335312843323,
            -0.796058177947998,
            -0.08839357644319534
        ],
        [
            0.14106962084770203,
            -0.792763352394104,
            -0.09363311529159546
        ],
        [
            0.1264926940202713,
            -0.7716212272644043,
            -0.08719217777252197
        ],
        [
            0.13263216614723206,
            -0.7761102914810181,
            -0.08010698854923248
        ],
        [
            0.1813051998615265,
            -0.8848332166671753,
            -0.1055869460105896
        ],
        [
            0.1864902526140213,
            -0.8832024335861206,
            -0.09841950237751007
        ],
        [
            0.18200476467609406,
            -0.8770277500152588,
            -0.09309245645999908
        ],
        [
            0.18441224098205566,
            -0.8791723251342773,
            -0.09201827645301819
        ],
        [
            0.18193237483501434,
            -0.8803226351737976,
            -0.09812889248132706
        ],
        [
            0.18047060072422028,
            -0.8777837753295898,
            -0.09749876707792282
        ],
        [
            0.18255552649497986,
            -0.8717097043991089,
            -0.07185504585504532
        ],
        [
            0.18168318271636963,
            -0.8729983568191528,
            -0.07860681414604187
        ],
        [
            0.17995065450668335,
            -0.8698108196258545,
            -0.07669942826032639
        ],
        [
            0.1816367208957672,
            -0.8654204607009888,
            -0.06952539831399918
        ],
        [
            0.17557495832443237,
            -0.8619087934494019,
            -0.08574472367763519
        ],
        [
            0.17757612466812134,
            -0.8633493185043335,
            -0.08077572286128998
        ],
        [
            0.17795412242412567,
            -0.8694871664047241,
            -0.08594192564487457
        ],
        [
            0.17656418681144714,
            -0.8684446811676025,
            -0.08957356214523315
        ],
        [
            0.17448830604553223,
            -0.8680858612060547,
            -0.09332215785980225
        ],
        [
            0.1717413365840912,
            -0.8685257434844971,
            -0.09676310420036316
        ],
        [
            0.17011916637420654,
            -0.8634544610977173,
            -0.09552178531885147
        ],
        [
            0.17298349738121033,
            -0.8621921539306641,
            -0.0909685418009758
        ],
        [
            0.1778191179037094,
            -0.8820334672927856,
            -0.10297837853431702
        ],
        [
            0.17170044779777527,
            -0.8825396299362183,
            -0.10682417452335358
        ],
        [
            0.17149272561073303,
            -0.8796014189720154,
            -0.10508328676223755
        ],
        [
            0.17691898345947266,
            -0.8789697885513306,
            -0.10214026272296906
        ],
        [
            0.15875279903411865,
            -0.8764184713363647,
            -0.10596390813589096
        ],
        [
            0.1610342115163803,
            -0.878307580947876,
            -0.10643875598907471
        ],
        [
            0.15932027995586395,
            -0.8798501491546631,
            -0.10967757552862167
        ],
        [
            0.15678521990776062,
            -0.8759064078330994,
            -0.10887926816940308
        ],
        [
            0.1576702743768692,
            -0.8726474046707153,
            -0.10724902898073196
        ],
        [
            0.1594705879688263,
            -0.8745013475418091,
            -0.10539914667606354
        ],
        [
            0.1937832534313202,
            -0.9378359317779541,
            -0.10347453504800797
        ],
        [
            0.18921126425266266,
            -0.9206508994102478,
            -0.11155017465353012
        ],
        [
            0.19768047332763672,
            -0.9317196607589722,
            -0.08427981287240982
        ],
        [
            0.1963096559047699,
            -0.9230481386184692,
            -0.06819584220647812
        ],
        [
            0.19344894587993622,
            -0.9115338325500488,
            -0.05435670167207718
        ],
        [
            0.16192108392715454,
            -0.8131805658340454,
            -0.06518228352069855
        ],
        [
            0.15716217458248138,
            -0.8060100674629211,
            -0.058424681425094604
        ],
        [
            0.1588895320892334,
            -0.8147271871566772,
            -0.04545411467552185
        ],
        [
            0.15182311832904816,
            -0.8063551187515259,
            -0.04142129421234131
        ],
        [
            0.15054328739643097,
            -0.797527551651001,
            -0.055309541523456573
        ],
        [
            0.1337045580148697,
            -0.7823373675346375,
            -0.05888284742832184
        ],
        [
            0.14282569289207458,
            -0.789114773273468,
            -0.05542472377419472
        ],
        [
            0.1426357626914978,
            -0.7986893653869629,
            -0.03870419040322304
        ],
        [
            0.14425042271614075,
            -0.8128513097763062,
            -0.023336131125688553
        ],
        [
            0.15253646671772003,
            -0.8175297975540161,
            -0.02931709587574005
        ],
        [
            0.14456366002559662,
            -0.8301334381103516,
            -0.012584790587425232
        ],
        [
            0.13250800967216492,
            -0.8092794418334961,
            -0.016271527856588364
        ],
        [
            0.13717907667160034,
            -0.8317431211471558,
            -0.007387075573205948
        ],
        [
            0.11367384344339371,
            -0.777838945388794,
            -0.02632179483771324
        ],
        [
            0.11125718802213669,
            -0.7682086229324341,
            -0.021788163110613823
        ],
        [
            0.11574006825685501,
            -0.7764540910720825,
            -0.005040951073169708
        ],
        [
            0.11846130341291428,
            -0.786068320274353,
            -0.009287646040320396
        ],
        [
            0.16000774502754211,
            -0.8234981298446655,
            -0.03599052131175995
        ],
        [
            0.1835145652294159,
            -0.8822180032730103,
            -0.04684397578239441
        ],
        [
            0.18599912524223328,
            -0.8797777891159058,
            -0.058531250804662704
        ],
        [
            0.17908626794815063,
            -0.870578408241272,
            -0.04195905104279518
        ],
        [
            0.1925380975008011,
            -0.9423673152923584,
            -0.03749707341194153
        ],
        [
            0.19699148833751678,
            -0.9345864653587341,
            -0.05394193157553673
        ],
        [
            0.19388294219970703,
            -0.92047518491745,
            -0.04271819442510605
        ],
        [
            0.19083307683467865,
            -0.9298117160797119,
            -0.028459563851356506
        ],
        [
            0.18465524911880493,
            -0.977342963218689,
            -0.06503218412399292
        ],
        [
            0.19279049336910248,
            -0.9595257043838501,
            -0.0847754031419754
        ],
        [
            0.1949763298034668,
            -0.9484251737594604,
            -0.07031318545341492
        ],
        [
            0.18974043428897858,
            -0.9620825052261353,
            -0.053083635866642
        ],
        [
            0.18571561574935913,
            -0.9340462684631348,
            -0.016929417848587036
        ],
        [
            0.17683422565460205,
            -0.9397987127304077,
            -0.0015356242656707764
        ],
        [
            0.1749110221862793,
            -0.9573498964309692,
            -0.00027601420879364014
        ],
        [
            0.18503500521183014,
            -0.9523522853851318,
            -0.019983455538749695
        ],
        [
            0.16701099276542664,
            -0.9801649451255798,
            -0.004228383302688599
        ],
        [
            0.17978022992610931,
            -0.9744781255722046,
            -0.027937188744544983
        ],
        [
            0.1267281174659729,
            -0.8221628665924072,
            0.0009923167526721954
        ],
        [
            0.13107255101203918,
            -0.8398616313934326,
            0.0019373819231987
        ],
        [
            0.12323977053165436,
            -0.7968415021896362,
            -0.015319325029850006
        ],
        [
            0.1225261315703392,
            -0.8071284294128418,
            0.001397864893078804
        ],
        [
            0.1539503037929535,
            -0.9992885589599609,
            -0.012101642787456512
        ],
        [
            0.17037825286388397,
            -0.9931930303573608,
            -0.03985750675201416
        ],
        [
            0.13660606741905212,
            -0.9323598146438599,
            0.03568681329488754
        ],
        [
            0.14792734384536743,
            -0.947167694568634,
            0.02786152809858322
        ],
        [
            0.15716016292572021,
            -0.9299659132957458,
            0.02018047124147415
        ],
        [
            0.14564183354377747,
            -0.918433427810669,
            0.028445690870285034
        ],
        [
            0.12311334908008575,
