{
    "pred_cam": [
        1.5541458129882812,
        0.012932809069752693,
        0.3856114149093628
    ],
    "pred_smpl_params": {
        "global_orient": [
            [
                [
                    0.9912509322166443,
                    0.006349310278892517,
                    0.13183797895908356
                ],
                [
                    -0.0013835469726473093,
                    -0.9982876181602478,
                    0.05847996473312378
                ],
                [
                    0.13198353350162506,
                    -0.058150723576545715,
                    -0.9895447492599487
                ]
            ]
        ],
        "body_pose": [
            [
                [
                    0.9982576370239258,
                    0.04390653222799301,
                    -0.03942061960697174
                ],
                [
                    -0.040511604398489,
                    0.9957143068313599,
                    0.08313785493373871
                ],
                [
                    0.04290196672081947,
                    -0.08139599859714508,
                    0.9957581162452698
                ]
            ],
            [
                [
                    0.9958109855651855,
                    -0.09128445386886597,
                    -0.005262488964945078
                ],
                [
                    0.09143557399511337,
                    0.9943349957466125,
                    0.05419773980975151
                ],
                [
                    0.0002852660254575312,
                    -0.05445187911391258,
                    0.9985163807868958
                ]
            ],
            [
                [
                    0.9983015060424805,
                    0.020275700837373734,
                    0.05461801216006279
                ],
                [
                    -0.017486833035945892,
                    0.998542308807373,
                    -0.051064349710941315
                ],
                [
                    -0.055573757737874985,
                    0.050022516399621964,
                    0.9972008466720581
                ]
            ],
            [
                [
                    0.9886146187782288,
                    -0.03953023999929428,
                    -0.1451844722032547
                ],
                [
                    -0.09027060866355896,
                    0.6161406636238098,
                    -0.7824461460113525
                ],
                [
                    0.1203843355178833,
                    0.7866435647010803,
                    0.6055572628974915
                ]
            ],
            [
                [
                    0.9838902950286865,
                    -0.10016148537397385,
                    0.14807984232902527
                ],
                [
                    0.17834195494651794,
                    0.6074323058128357,
                    -0.7740930914878845
                ],
                [
                    -0.012414168566465378,
                    0.7880314588546753,
                    0.6155097484588623
                ]
            ],
            [
                [
                    0.9978393912315369,
                    0.04340653121471405,
                    0.049320776015520096
                ],
                [
                    -0.046412523835897446,
                    0.9970254302024841,
                    0.06153245270252228
                ],
                [
                    -0.046503156423568726,
                    -0.06368859857320786,
                    0.9968858361244202
                ]
            ],
            [
                [
                    0.9690267443656921,
                    0.04002979397773743,
                    0.24368996918201447
                ],
                [
                    -0.06236674264073372,
                    0.994457483291626,
                    0.08464489877223969
                ],
                [
                    -0.23895098268985748,
                    -0.09722132235765457,
                    0.9661524295806885
                ]
            ],
            [
                [
                    0.9728901386260986,
                    0.03988218680024147,
                    -0.2278025597333908
                ],
                [
                    -0.018872277811169624,
                    0.9954241514205933,
                    0.09367315471172333
                ],
                [
                    0.23049604892730713,
                    -0.08683454245328903,
                    0.9691910147666931
                ]
            ],
            [
                [
                    0.9989916682243347,
                    0.02503988891839981,
                    0.037264544516801834
                ],
                [
                    -0.02042853832244873,
                    0.9926415085792542,
                    -0.11935455352067947
                ],
                [
                    -0.039978958666324615,
                    0.11847294867038727,
                    0.9921521544456482
                ]
            ],
            [
                [
                    0.981048047542572,
                    -0.13179847598075867,
                    -0.1420345902442932
                ],
                [
                    0.15638652443885803,
                    0.9713758826255798,
                    0.1788075715303421
                ],
                [
                    0.1144024133682251,
                    -0.1976311355829239,
                    0.9735779166221619
                ]
            ],
            [
                [
                    0.997035562992096,
                    0.07317601144313812,
                    0.023777082562446594
                ],
                [
                    -0.0765606239438057,
                    0.9742656946182251,
                    0.2120019793510437
                ],
                [
                    -0.007651736494153738,
                    -0.21319390833377838,
                    0.9769799709320068
                ]
            ],
            [
                [
                    0.9915813207626343,
                    0.011916127055883408,
                    -0.12893612682819366
                ],
                [
                    -0.0006208709091879427,
                    0.9961825609207153,
                    0.08729124069213867
                ],
                [
                    0.1294841170310974,
                    -0.08647631108760834,
                    0.9878033995628357
                ]
            ],
            [
                [
                    0.952056348323822,
                    0.2762962877750397,
                    0.13133597373962402
                ],
                [
                    -0.26433831453323364,
                    0.9590786099433899,
                    -0.10145670175552368
                ],
                [
                    -0.1539936363697052,
                    0.0618753656744957,
                    0.9861325621604919
                ]
            ],
            [
                [
                    0.9704065918922424,
                    -0.23316048085689545,
                    -0.06282612681388855
                ],
                [
                    0.2300223410129547,
                    0.9717218279838562,
                    -0.05335206910967827
                ],
                [
                    0.07348910719156265,
                    0.0373217910528183,
                    0.996597409248352
                ]
            ],
            [
                [
                    0.9950514435768127,
                    -0.027013536542654037,
                    -0.0956188440322876
                ],
                [
                    0.013303373008966446,
                    0.9898894429206848,
                    -0.14121568202972412
                ],
                [
                    0.09846682101488113,
                    0.13924480974674225,
                    0.9853503108024597
                ]
            ],
            [
                [
                    0.4857397675514221,
                    0.8495205640792847,
                    -0.20584341883659363
                ],
                [
                    -0.8691757917404175,
                    0.44444823265075684,
                    -0.2167927622795105
                ],
                [
                    -0.09268319606781006,
                    0.28421902656555176,
                    0.9542688727378845
                ]
            ],
            [
                [
                    0.45104271173477173,
                    -0.8686684370040894,
                    0.20487959682941437
                ],
                [
                    0.8913621306419373,
                    0.4500366747379303,
                    -0.0542261116206646
                ],
                [
                    -0.045098815113306046,
                    0.20708023011684418,
                    0.9772838950157166
                ]
            ],
            [
                [
                    0.6111909747123718,
                    -0.2392672896385193,
                    -0.7544512748718262
                ],
                [
                    -0.034050412476062775,
                    0.9443807601928711,
                    -0.3270863890647888
                ],
                [
                    0.7907503843307495,
                    0.22560162842273712,
                    0.5690498352050781
                ]
            ],
            [
                [
                    0.5098693370819092,
                    0.3519989848136902,
                    0.7849394679069519
                ],
                [
                    -0.063893161714077,
                    0.9254282712936401,
                    -0.3734971880912781
                ],
                [
                    -0.8578758835792542,
                    0.1402825117111206,
                    0.4943378269672394
                ]
            ],
            [
                [
                    0.9995126724243164,
                    -0.01501608919352293,
                    -0.02736607752740383
                ],
                [
                    0.014404887333512306,
                    0.9996453523635864,
                    -0.0223962664604187
                ],
                [
                    0.027692679315805435,
                    0.021991148591041565,
                    0.999374508857727
                ]
            ],
            [
                [
                    0.9982540011405945,
                    0.059054065495729446,
                    -0.0012747840955853462
                ],
                [
                    -0.05889597907662392,
                    0.9934728145599365,
                    -0.09768857061862946
                ],
                [
                    -0.004502444062381983,
                    0.09759307652711868,
                    0.9952162504196167
                ]
            ],
            [
                [
                    0.9703879952430725,
                    0.2285119891166687,
                    -0.07829148322343826
                ],
                [
                    -0.2148386538028717,
                    0.9646390080451965,
                    0.15269555151462555
                ],
                [
                    0.11041577905416489,
                    -0.13135387003421783,
                    0.9851673245429993
                ]
            ],
            [
                [
                    0.9748529195785522,
                    -0.22090962529182434,
                    0.029339667409658432
                ],
                [
                    0.2131677269935608,
                    0.9627681374549866,
                    0.1662440299987793
                ],
                [
                    -0.06497219949960709,
                    -0.1558091938495636,
                    0.9856481552124023
                ]
            ]
        ],
        "betas": [
            -0.10040110349655151,
            0.12310318648815155,
            0.4809843599796295,
            0.25255656242370605,
            0.027429401874542236,
            0.13255095481872559,
            0.05226963758468628,
            -0.12232851982116699,
            0.0591856986284256,
            -0.15022951364517212
        ]
    },
    "pred_cam_t": [
        0.012932809069752693,
        0.3856114149093628,
        25.13438606262207
    ],
    "focal_length": [
        5000.0,
        5000.0
    ],
    "pred_keypoints_3d": [
        [
            0.049312666058540344,
            -0.845242977142334,
            -0.14996075630187988
        ],
        [
            0.02476602792739868,
            -0.7441282868385315,
            0.01496492512524128
        ],
        [
            -0.1573881059885025,
            -0.6742765307426453,
            -0.01217297650873661
        ],
        [
            -0.240256667137146,
            -0.44139260053634644,
            0.036036454141139984
        ],
        [
            -0.221220463514328,
            -0.2756994366645813,
            -0.15349450707435608
        ],
        [
            0.17781925201416016,
            -0.6482890844345093,
            0.08596698194742203
        ],
        [
            0.1716853529214859,
            -0.4236893355846405,
            0.2132149636745453
        ],
        [
            0.19590340554714203,
            -0.20912128686904907,
            0.09485124796628952
        ],
        [
            -0.0018487200140953064,
            -0.2266913503408432,
            0.02728283405303955
        ],
        [
            -0.06983250379562378,
            -0.1360704004764557,
            0.028528308495879173
        ],
        [
            -0.07352974265813828,
            0.24554294347763062,
            0.03820618987083435
        ],
        [
            -0.04944641888141632,
            0.4426262378692627,
            0.3816261887550354
        ],
        [
            0.06523879617452621,
            -0.13545197248458862,
            0.0491960272192955
        ],
        [
            0.08394806832075119,
            0.23772215843200684,
            0.0458189882338047
        ],
        [
            0.05294979363679886,
            0.4534275531768799,
            0.3768528699874878
        ],
        [
            0.01817210204899311,
            -0.8898497223854065,
            -0.12024398893117905
        ],
        [
            0.08432889729738235,
            -0.8853379487991333,
            -0.11869694292545319
        ],
        [
            -0.025440318509936333,
            -0.8827924728393555,
            -0.0266253724694252
        ],
        [
            0.11970844119787216,
            -0.872994065284729,
            -0.02353716641664505
        ],
        [
            0.0593411847949028,
            0.624403715133667,
            0.28118836879730225
        ],
        [
            0.12472498416900635,
            0.5964699387550354,
            0.32564109563827515
        ],
        [
            0.05391049385070801,
            0.4348903000354767,
            0.44532597064971924
        ],
        [
            -0.02038589119911194,
            0.6123956441879272,
            0.2869075834751129
        ],
        [
            -0.09690684080123901,
            0.5915133357048035,
            0.3203243613243103
        ],
        [
            -0.05997821316123009,
            0.43129441142082214,
            0.45382392406463623
        ],
        [
            -0.07893115282058716,
            0.39652568101882935,
            0.35836654901504517
        ],
        [
            -0.07521970570087433,
            0.18853221833705902,
            0.023573240265250206
        ],
        [
            -0.14799222350120544,
            -0.25756168365478516,
            0.012385472655296326
        ],
        [
            0.14045223593711853,
            -0.24284794926643372,
            0.06626547873020172
        ],
        [
            0.09697960317134857,
            0.20146864652633667,
            0.039497166872024536
        ],
        [
            0.06383215636014938,
            0.41213133931159973,
            0.36926743388175964
        ],
        [
            -0.19993571937084198,
            -0.3059207499027252,
            -0.15151236951351166
        ],
        [
            -0.25731828808784485,
            -0.4658086597919464,
            0.004102126695215702
        ],
        [
            -0.12132027745246887,
            -0.6999015212059021,
            -0.005115937441587448
        ],
        [
            0.15006086230278015,
            -0.6805349588394165,
            0.07743533700704575
        ],
        [
            0.2135734260082245,
            -0.440544992685318,
            0.18391864001750946
        ],
        [
            0.2009321004152298,
            -0.2305174171924591,
            0.08835472166538239
        ],
        [
            0.027180718258023262,
            -0.7427326440811157,
            0.014540708623826504
        ],
        [
            0.05472458153963089,
            -0.9297060966491699,
            -0.0422053188085556
        ],
        [
            -0.0029810150153934956,
            -0.250326544046402,
            0.039844244718551636
        ],
        [
            0.015507631003856659,
            -0.6883051991462708,
            0.031367793679237366
        ],
        [
            -0.0002866927534341812,
            -0.5038528442382812,
            0.042842790484428406
        ],
        [
            0.05217182636260986,
            -0.8211566209793091,
            -0.07300455123186111
        ],
        [
            0.05096210539340973,
            -0.9494703412055969,
            -0.034236032515764236
        ]
    ],
    "pred_vertices": [
        [
            0.09949682652950287,
            -0.9303547143936157,
            -0.12036547809839249
        ],
        [
            0.09252702444791794,
            -0.9164965152740479,
            -0.12601959705352783
        ],
        [
            0.10288405418395996,
            -0.9123942852020264,
            -0.11706068366765976
        ],
        [
            0.10934764891862869,
            -0.9229241609573364,
            -0.10780858993530273
        ],
        [
            0.0983295887708664,
            -0.90364670753479,
            -0.12221702933311462
        ],
        [
            0.08858294039964676,
            -0.9053784608840942,
            -0.1296156793832779
        ],
        [
            0.10868842899799347,
            -0.9061869382858276,
            -0.10604928433895111
        ],
        [
            0.11418066918849945,
            -0.9131592512130737,
            -0.09551955759525299
        ],
        [
            0.11166668683290482,
            -0.8709607124328613,
            -0.09348195791244507
        ],
        [
            0.11473721265792847,
            -0.8662846088409424,
            -0.08366386592388153
        ],
        [
            0.11566632241010666,
            -0.8778471946716309,
            -0.08550358563661575
        ],
        [
            0.11094797402620316,
            -0.8795037865638733,
            -0.09466966986656189
        ],
        [
            0.10867752134799957,
            -0.8451173305511475,
            -0.08912193775177002
        ],
        [
            0.10214333981275558,
            -0.8361724615097046,
            -0.09745000302791595
        ],
        [
            0.10330777615308762,
            -0.8272284865379333,
            -0.08724285662174225
        ],
        [
            0.10847114026546478,
            -0.83574378490448,
            -0.07831937819719315
        ],
        [
            0.07174369692802429,
            -0.8520941734313965,
            -0.12269414216279984
        ],
        [
            0.07674429565668106,
            -0.8451446294784546,
            -0.1211431547999382
        ],
        [
            0.08101967722177505,
            -0.8515005707740784,
            -0.12045402079820633
        ],
        [
            0.07520616054534912,
            -0.8577125668525696,
            -0.12169352918863297
        ],
        [
            0.06336420029401779,
            -0.8619817495346069,
            -0.1296727955341339
        ],
        [
            0.06459043174982071,
            -0.8674615621566772,
            -0.12644904851913452
        ],
        [
            0.060368653386831284,
            -0.8715651035308838,
            -0.13182805478572845
        ],
        [
            0.060005709528923035,
            -0.8652637600898743,
            -0.13608835637569427
        ],
        [
            0.06594760715961456,
            -0.8472859859466553,
            -0.12273383885622025
        ],
        [
            0.07131429016590118,
            -0.8401252031326294,
            -0.12070602178573608
        ],
        [
            0.06748177111148834,
            -0.8580337762832642,
            -0.1247498169541359
        ],
        [
            0.06527510285377502,
            -0.8533575534820557,
            -0.12691840529441833
        ],
        [
            0.06252352148294449,
            -0.8473504781723022,
            -0.1371477246284485
        ],
        [
            0.06423880159854889,
            -0.8519048690795898,
            -0.13574936985969543
        ],
        [
            0.06122394651174545,
            -0.853063702583313,
            -0.14289724826812744
        ],
        [
            0.059614215046167374,
            -0.8477276563644409,
            -0.14210936427116394
        ],
        [
            0.06460627168416977,
            -0.8465939164161682,
            -0.1277369260787964
        ],
        [
            0.06551306694746017,
            -0.8493430614471436,
            -0.13069553673267365
        ],
        [
            0.06296609342098236,
            -0.8458008170127869,
            -0.13300174474716187
        ],
        [
            0.061251260340213776,
            -0.8438589572906494,
            -0.12964093685150146
        ],
        [
            0.06253495812416077,
            -0.857618510723114,
            -0.13249143958091736
        ],
        [
            0.06020589545369148,
            -0.8596096634864807,
            -0.13963913917541504
        ],
        [
            0.05683540925383568,
            -0.8612367510795593,
            -0.14696012437343597
        ],
        [
            0.057423487305641174,
            -0.8526855707168579,
            -0.1500089466571808
        ],
        [
            0.08619507402181625,
            -0.830939531326294,
            -0.11331485211849213
        ],
        [
            0.08194149285554886,
            -0.8380489349365234,
            -0.11840730905532837
        ],
        [
            0.07647114992141724,
            -0.8336468935012817,
            -0.11842416226863861
        ],
        [
            0.0806320533156395,
            -0.8278833627700806,
            -0.11496604233980179
        ],
        [
            0.06201569736003876,
            -0.8407719135284424,
            -0.1259983777999878
        ],
        [
            0.0646776482462883,
            -0.8246364593505859,
            -0.1252284198999405
        ],
        [
            0.06521647423505783,
            -0.8283873796463013,
            -0.12560692429542542
        ],
        [
            0.05952952429652214,
            -0.8295683860778809,
            -0.129932701587677
        ],
        [
            0.059681348502635956,
            -0.8260247111320496,
            -0.12938621640205383
        ],
        [
            0.08942174166440964,
            -0.8165689706802368,
            -0.10328339040279388
        ],
        [
            0.083970807492733,
            -0.8158739805221558,
            -0.10802092403173447
        ],
        [
            0.08372648805379868,
            -0.8090290427207947,
            -0.10495194792747498
        ],
        [
            0.08840985596179962,
            -0.8085315823554993,
            -0.0987948328256607
        ],
        [
            0.08109990507364273,
            -0.8035725355148315,
            -0.1035139337182045
        ],
        [
            0.08642779290676117,
            -0.80092453956604,
            -0.09501972794532776
        ],
        [
            0.07659737020730972,
            -0.7876571416854858,
            -0.09501410275697708
        ],
        [
            0.08161518722772598,
            -0.7934394478797913,
            -0.09465084224939346
        ],
        [
            0.07697445154190063,
            -0.7982885837554932,
            -0.10398251563310623
        ],
        [
            0.07167177647352219,
            -0.7934853434562683,
            -0.10732605308294296
        ],
        [
            0.06044696271419525,
            -0.7985782027244568,
            -0.11736498773097992
        ],
        [
            0.054848283529281616,
            -0.7976610660552979,
            -0.12040553987026215
        ],
        [
            0.058497168123722076,
            -0.7854074239730835,
            -0.11731034517288208
        ],
        [
            0.06494694948196411,
            -0.7886236906051636,
            -0.11269614100456238
        ],
        [
            0.06378544121980667,
            -0.8193860650062561,
            -0.12048066407442093
        ],
        [
            0.0673937126994133,
            -0.8193179368972778,
            -0.11734241992235184
        ],
        [
            0.0678977370262146,
            -0.8206734657287598,
            -0.1196959912776947
        ],
        [
            0.06422153860330582,
            -0.8218706250190735,
            -0.1234159767627716
        ],
        [
            0.07062641531229019,
            -0.8189616203308105,
            -0.11507322639226913
        ],
        [
            0.07211995869874954,
            -0.8186395168304443,
            -0.11416111886501312
        ],
        [
            0.07212686538696289,
            -0.8198643326759338,
            -0.11550457030534744
        ],
        [
            0.07058998197317123,
            -0.8196717500686646,
            -0.11585778743028641
        ],
        [
            0.06874117255210876,
            -0.8194192051887512,
            -0.11660784482955933
        ],
        [
            0.0677272155880928,
            -0.8175313472747803,
            -0.11702081561088562
        ],
        [
            0.06979833543300629,
            -0.8182027339935303,
            -0.11559908837080002
        ],
        [
            0.06443988531827927,
            -0.816814661026001,
            -0.12008918821811676
        ],
        [
            0.052468858659267426,
            -0.8147623538970947,
            -0.12870216369628906
        ],
        [
            0.056269414722919464,
            -0.8153554201126099,
            -0.1269787698984146
        ],
        [
            0.055116020143032074,
            -0.819877028465271,
            -0.12647104263305664
        ],
        [
            0.05187753960490227,
            -0.8196126222610474,
            -0.12794452905654907
        ],
        [
            0.07063901424407959,
            -0.8214012384414673,
            -0.1177571564912796
        ],
        [
            0.07335925102233887,
            -0.823114812374115,
            -0.11694125086069107
        ],
        [
            0.07022187858819962,
            -0.8258652091026306,
            -0.12091129273176193
        ],
        [
            0.06884008646011353,
            -0.8232439756393433,
            -0.1202690452337265
        ],
        [
            0.07616587728261948,
            -0.8247907161712646,
            -0.11667729169130325
        ],
        [
            0.07436767220497131,
            -0.8209280967712402,
            -0.11473214626312256
        ],
        [
            0.07736232131719589,
            -0.8211863040924072,
            -0.11388546228408813
        ],
        [
            0.07149897515773773,
            -0.8169064521789551,
            -0.11411579698324203
        ],
        [
            0.07387878745794296,
            -0.815121054649353,
            -0.11228030174970627
        ],
        [
            0.07466946542263031,
            -0.8176889419555664,
            -0.11335264891386032
        ],
        [
            0.0717787891626358,
            -0.8119986057281494,
            -0.1127607524394989
        ],
        [
            0.06912338733673096,
            -0.8151282072067261,
            -0.11534889787435532
        ],
        [
            0.06581936776638031,
            -0.8134056329727173,
            -0.11833765357732773
        ],
        [
            0.061483561992645264,
            -0.8119149208068848,
            -0.12217961251735687
        ],
        [
            0.06326747685670853,
            -0.8071087598800659,
            -0.11863333731889725
        ],
        [
            0.06814755499362946,
            -0.8092089295387268,
            -0.11521872133016586
        ],
        [
            0.07236461341381073,
            -0.8293076157569885,
            -0.1202249825000763
        ],
        [
            0.07863231003284454,
            -0.8168321847915649,
            -0.11101002246141434
        ],
        [
            0.08270678669214249,
            -0.8228412866592407,
            -0.11121370643377304
        ],
        [
            0.07809364050626755,
            -0.8120964765548706,
            -0.1096448227763176
        ],
        [
            0.07574127614498138,
            -0.8078262209892273,
            -0.10922882705926895
        ],
        [
            0.07186110317707062,
            -0.8040854930877686,
            -0.11049490422010422
        ],
        [
            0.06627824902534485,
            -0.8009636402130127,
            -0.11406531929969788
        ],
        [
            0.05958021432161331,
            -0.7772238254547119,
            -0.1050388365983963
        ],
        [
            0.06796427071094513,
            -0.7817359566688538,
            -0.10055551677942276
        ],
        [
            0.08575823903083801,
            -0.8984816074371338,
            -0.12685465812683105
        ],
        [
            0.09410437196493149,
            -0.8968679904937744,
            -0.12350005656480789
        ],
        [
            0.09356808662414551,
            -0.8894984722137451,
            -0.11798549443483353
        ],
        [
            0.09571230411529541,
            -0.8920939564704895,
            -0.11779391020536423
        ],
        [
            0.09066043794155121,
            -0.8932214975357056,
            -0.12170466035604477
        ],
        [
            0.08988350629806519,
            -0.8905616998672485,
            -0.12083707004785538
        ],
        [
            0.10541574656963348,
            -0.8817950487136841,
            -0.10131761431694031
        ],
        [
            0.10110720992088318,
            -0.883729100227356,
            -0.10647405683994293
        ],
        [
            0.10107165575027466,
            -0.880046010017395,
            -0.1046694666147232
        ],
        [
            0.10653366148471832,
            -0.8752385377883911,
            -0.10011979937553406
        ],
        [
            0.09343840926885605,
            -0.8727140426635742,
            -0.11190266907215118
        ],
        [
            0.09758169949054718,
            -0.8738363981246948,
            -0.10829883813858032
        ],
        [
            0.09458445757627487,
            -0.8805884122848511,
            -0.11176194250583649
        ],
        [
            0.09159683436155319,
            -0.8797847032546997,
            -0.11444021761417389
        ],
        [
            0.08795525133609772,
            -0.8794996738433838,
            -0.11674334853887558
        ],
        [
            0.08382875472307205,
            -0.8798310160636902,
            -0.11824876070022583
        ],
        [
            0.08351119607686996,
            -0.8744268417358398,
            -0.11743520200252533
        ],
        [
            0.08842504024505615,
            -0.8731794357299805,
            -0.11518848687410355
        ],
        [
            0.08437447249889374,
            -0.8947284817695618,
            -0.1236964762210846
        ],
        [
            0.07707826793193817,
            -0.8945811986923218,
            -0.12385384738445282
        ],
        [
            0.07812105119228363,
            -0.8914978504180908,
            -0.1229122057557106
        ],
        [
            0.0843459889292717,
            -0.8915088772773743,
            -0.1231914535164833
        ],
        [
            0.06706322729587555,
            -0.8862497806549072,
            -0.11810941249132156
        ],
        [
            0.06857820600271225,
            -0.8885753154754639,
            -0.11920460313558578
        ],
        [
            0.06529019773006439,
            -0.890195369720459,
            -0.12081965804100037
        ],
        [
            0.06394024938344955,
            -0.8857944011688232,
            -0.1197311282157898
        ],
        [
            0.06585133820772171,
            -0.8825438618659973,
            -0.11943744868040085
        ],
        [
            0.06817459315061569,
            -0.8844079375267029,
            -0.11839315295219421
        ],
        [
            0.09276942908763885,
            -0.9525004625320435,
            -0.12028516083955765
        ],
        [
            0.08673707395792007,
            -0.9354562759399414,
            -0.12853404879570007
        ],
        [
            0.10661038756370544,
            -0.944657564163208,
            -0.10700400173664093
        ],
        [
            0.11442209035158157,
            -0.9339684247970581,
            -0.09432126581668854
        ],
        [
            0.11973614990711212,
            -0.9203652739524841,
            -0.08331172168254852
        ],
        [
            0.09629937261343002,
            -0.8205839395523071,
            -0.09596247971057892
        ],
        [
            0.09646834433078766,
            -0.8118106126785278,
            -0.08907949179410934
        ],
        [
            0.10378067195415497,
            -0.8189957141876221,
            -0.07710639387369156
        ],
        [
            0.10044322907924652,
            -0.8091369271278381,
            -0.07132793217897415
        ],
        [
            0.09339150786399841,
            -0.8019766807556152,
            -0.08427561819553375
        ],
        [
            0.07852128148078918,
            -0.7852246761322021,
            -0.08071175217628479
        ],
        [
            0.08736773580312729,
            -0.7925018072128296,
            -0.08143937587738037
        ],
        [
            0.09395717084407806,
            -0.8001210689544678,
            -0.06495647132396698
        ],
        [
            0.10100246965885162,
            -0.8125895261764526,
            -0.050331130623817444
        ],
        [
            0.1057254821062088,
            -0.8188703060150146,
            -0.059301577508449554
        ],
        [
            0.10529614239931107,
            -0.8282120227813721,
            -0.03868868947029114
        ],
        [
            0.09439318627119064,
            -0.8064419031143188,
            -0.03785190358757973
        ],
        [
            0.10154078900814056,
            -0.8277761936187744,
            -0.03011578880250454
        ],
        [
            0.07789187133312225,
            -0.7714200019836426,
            -0.038647569715976715
        ],
        [
            0.07854215800762177,
            -0.760408341884613,
            -0.03279140964150429
        ],
        [
            0.08717618882656097,
            -0.7676063776016235,
            -0.018380772322416306
        ],
        [
            0.08799348026514053,
            -0.7784000635147095,
            -0.024354035034775734
        ],
        [
            0.10829617828130722,
            -0.8266633152961731,
            -0.06799061596393585
        ],
        [
            0.11766549199819565,
            -0.8892228603363037,
            -0.07780676335096359
        ],
        [
            0.11427279561758041,
            -0.8884787559509277,
            -0.08959241211414337
        ],
        [
            0.11807237565517426,
            -0.876197099685669,
            -0.0738530158996582
        ],
        [
            0.12461228668689728,
            -0.9486721754074097,
            -0.062096867710351944
        ],
        [
            0.12054026126861572,
            -0.9436118006706238,
            -0.07975028455257416
        ],
        [
            0.12520501017570496,
            -0.9277029633522034,
            -0.07168248295783997
        ],
        [
            0.1287781149148941,
            -0.9346253275871277,
            -0.05603954195976257
        ],
        [
            0.10107817500829697,
            -0.9848268032073975,
            -0.0746702253818512
        ],
        [
            0.09937091916799545,
            -0.9715392589569092,
            -0.09925323724746704
        ],
        [
            0.10952290892601013,
            -0.9589250683784485,
            -0.09019824862480164
        ],
        [
            0.11291682720184326,
            -0.9693218469619751,
            -0.07007932662963867
        ],
        [
            0.1298898160457611,
            -0.9366452693939209,
            -0.04286978766322136
        ],
        [
            0.12975548207759857,
            -0.9386364221572876,
            -0.02402934432029724
        ],
        [
            0.12680572271347046,
            -0.9550904035568237,
            -0.018326401710510254
        ],
        [
            0.1257960945367813,
            -0.9546068906784058,
            -0.04112401232123375
        ],
        [
            0.11568862944841385,
            -0.9763089418411255,
            -0.013472795486450195
        ],
        [
            0.11556943506002426,
            -0.9762023687362671,
            -0.040860865265131
        ],
        [
            0.0974562019109726,
            -0.8152394890785217,
            -0.017948463559150696
        ],
        [
            0.10071436315774918,
            -0.8331140875816345,
            -0.017659012228250504
        ],
        [
            0.08899165689945221,
            -0.791469931602478,
            -0.03245164453983307
        ],
        [
            0.09451106190681458,
            -0.7996065616607666,
            -0.015998680144548416
        ],
        [
            0.09860645979642868,
            -0.9928860664367676,
            -0.01025700569152832
        ],
        [
            0.09966874867677689,
            -0.9939948320388794,
            -0.04278015345335007
        ],
        [
            0.1138787493109703,
            -0.9199913144111633,
            0.02513563632965088
        ],
        [
            0.11866531521081924,
            -0.9372569918632507,
            0.016375117003917694
        ],
        [
            0.12441505491733551,
            -0.9232138395309448,
            0.0016910433769226074
        ],
        [
            0.11962050944566727,
            -0.9090936183929443,
            0.011838868260383606
        ],
        [
