{
    "pred_cam": [
        1.4966332912445068,
        0.03042769618332386,
        0.3713039457798004
    ],
    "pred_smpl_params": {
        "global_orient": [
            [
                [
                    0.9954342842102051,
                    -0.015949424356222153,
                    0.09410788118839264
                ],
                [
                    -0.019977986812591553,
                    -0.9989169239997864,
                    0.042022161185741425
                ],
                [
                    0.09333572536706924,
                    -0.0437103807926178,
                    -0.994674801826477
                ]
            ]
        ],
        "body_pose": [
            [
                [
                    0.9987125992774963,
                    0.04621630162000656,
                    0.020908299833536148
                ],
                [
                    -0.048230692744255066,
                    0.992851734161377,
                    0.10917522013187408
                ],
                [
                    -0.015713166445493698,
                    -0.11004310101270676,
                    0.9938026070594788
                ]
            ],
            [
                [
                    0.9997855424880981,
                    -0.018276164308190346,
                    -0.00973584409803152
                ],
                [
                    0.019132664427161217,
                    0.9951303005218506,
                    0.09669352322816849
                ],
                [
                    0.007921246811747551,
                    -0.09685906767845154,
                    0.9952665567398071
                ]
            ],
            [
                [
                    0.9995540380477905,
                    -0.029798435047268867,
                    0.0019452234264463186
                ],
                [
                    0.0298618096858263,
                    0.9975433945655823,
                    -0.06336843967437744
                ],
                [
                    -5.216440695221536e-05,
                    0.06339827179908752,
                    0.9979883432388306
                ]
            ],
            [
                [
                    0.9897881150245667,
                    0.07618610560894012,
                    -0.12047885358333588
                ],
                [
                    -0.14251650869846344,
                    0.5115894079208374,
                    -0.8473283648490906
                ],
                [
                    -0.0029189339838922024,
                    0.8558457493782043,
                    0.5172228813171387
                ]
            ],
            [
                [
                    0.9809827208518982,
                    -0.10504153370857239,
                    0.16321520507335663
                ],
                [
                    0.19397318363189697,
                    0.5007564425468445,
                    -0.8435742259025574
                ],
                [
                    0.006879266817122698,
                    0.8591911196708679,
                    0.5116086602210999
                ]
            ],
            [
                [
                    0.999763548374176,
                    0.008183806203305721,
                    0.020146014168858528
                ],
                [
                    -0.009676878340542316,
                    0.9971240162849426,
                    0.07516731321811676
                ],
                [
                    -0.019472919404506683,
                    -0.07534448802471161,
                    0.9969674348831177
                ]
            ],
            [
                [
                    0.975388765335083,
                    0.020596671849489212,
                    0.2195281833410263
                ],
                [
                    -0.04752311110496521,
                    0.9918649196624756,
                    0.11809130758047104
                ],
                [
                    -0.2153100073337555,
                    -0.12561757862567902,
                    0.9684327244758606
                ]
            ],
            [
                [
                    0.9765121936798096,
                    -0.006683351472020149,
                    -0.2153584063053131
                ],
                [
                    0.02926166169345379,
                    0.9943718910217285,
                    0.1018238291144371
                ],
                [
                    0.2134658545255661,
                    -0.1057339534163475,
                    0.971211850643158
                ]
            ],
            [
                [
                    0.9997794032096863,
                    0.01886766031384468,
                    0.009232910349965096
                ],
                [
                    -0.01736689917743206,
                    0.98972088098526,
                    -0.14195387065410614
                ],
                [
                    -0.011816341429948807,
                    0.14176219701766968,
                    0.9898301959037781
                ]
            ],
            [
                [
                    0.9873276352882385,
                    -0.13939474523067474,
                    -0.07585015147924423
                ],
                [
                    0.15298910439014435,
                    0.9630813002586365,
                    0.2215142548084259
                ],
                [
                    0.04217194765806198,
                    -0.23031139373779297,
                    0.9722026586532593
                ]
            ],
            [
                [
                    0.9890701174736023,
                    0.13795417547225952,
                    0.052047211676836014
                ],
                [
                    -0.14620544016361237,
                    0.9633051156997681,
                    0.22509385645389557
                ],
                [
                    -0.019084712490439415,
                    -0.23024320602416992,
                    0.9729459285736084
                ]
            ],
            [
                [
                    0.9911478757858276,
                    -0.02862590178847313,
                    -0.12964017689228058
                ],
                [
                    0.050570130348205566,
                    0.9842678904533386,
                    0.16929110884666443
                ],
                [
                    0.1227545514702797,
                    -0.17434842884540558,
                    0.9770026206970215
                ]
            ],
            [
                [
                    0.9202849268913269,
                    0.3672443926334381,
                    0.13493378460407257
                ],
                [
                    -0.35415777564048767,
                    0.9285010099411011,
                    -0.1116158589720726
                ],
                [
                    -0.1662764549255371,
                    0.05493055656552315,
                    0.9845479726791382
                ]
            ],
            [
                [
                    0.9461369514465332,
                    -0.3113231062889099,
                    -0.08889847993850708
                ],
                [
                    0.30651944875717163,
                    0.9497299790382385,
                    -0.06370806694030762
                ],
                [
                    0.10426335036754608,
                    0.03302743658423424,
                    0.9940012097358704
                ]
            ],
            [
                [
                    0.9956251978874207,
                    -0.03674407675862312,
                    -0.08590918034315109
                ],
                [
                    0.020857233554124832,
                    0.983630359172821,
                    -0.17898677289485931
                ],
                [
                    0.09107958525419235,
                    0.17641189694404602,
                    0.9800935387611389
                ]
            ],
            [
                [
                    0.493278831243515,
                    0.8473241925239563,
                    -0.1967681646347046
                ],
                [
                    -0.8675592541694641,
                    0.4627346694469452,
                    -0.18225692212581635
                ],
                [
                    -0.06337925791740417,
                    0.26061153411865234,
                    0.9633612036705017
                ]
            ],
            [
                [
                    0.5011909008026123,
                    -0.8378262519836426,
                    0.21645967662334442
                ],
                [
                    0.8648994565010071,
                    0.4929627776145935,
                    -0.09453331679105759
                ],
                [
                    -0.02750406041741371,
                    0.23459511995315552,
                    0.9717039465904236
                ]
            ],
            [
                [
                    0.6190395355224609,
                    -0.2828672230243683,
                    -0.732650101184845
                ],
                [
                    0.05709705129265785,
                    0.9466257691383362,
                    -0.3172374367713928
                ],
                [
                    0.7832815051078796,
                    0.15455032885074615,
                    0.6021496653556824
                ]
            ],
            [
                [
                    0.6091934442520142,
                    0.2939176857471466,
                    0.7365430593490601
                ],
                [
                    -0.06599865853786469,
                    0.9443492889404297,
                    -0.322255402803421
                ],
                [
                    -0.7902705073356628,
                    0.14770503342151642,
                    0.5946895480155945
                ]
            ],
            [
                [
                    0.9994690418243408,
                    0.012291193939745426,
                    -0.030176980420947075
                ],
                [
                    -0.01267718244343996,
                    0.9998398423194885,
                    -0.012633159756660461
                ],
                [
                    0.03001687116920948,
                    0.013009010814130306,
                    0.9994648098945618
                ]
            ],
            [
                [
                    0.9997673630714417,
                    0.019117021933197975,
                    0.00999604444950819
                ],
                [
                    -0.01821034587919712,
                    0.9962954521179199,
                    -0.08404602855443954
                ],
                [
                    -0.01156572625041008,
                    0.08384443074464798,
                    0.9964118003845215
                ]
            ],
            [
                [
                    0.9734647870063782,
                    0.21562448143959045,
                    -0.07663245499134064
                ],
                [
                    -0.20387975871562958,
                    0.9692967534065247,
                    0.13746605813503265
                ],
                [
                    0.10392063111066818,
                    -0.11819453537464142,
                    0.9875377416610718
                ]
            ],
            [
                [
                    0.9760490655899048,
                    -0.21208906173706055,
                    0.04843945428729057
                ],
                [
                    0.20304343104362488,
                    0.968041181564331,
                    0.14720594882965088
                ],
                [
                    -0.0781121551990509,
                    -0.13384492695331573,
                    0.9879189729690552
                ]
            ]
        ],
        "betas": [
            -0.020784378051757812,
            0.2216535210609436,
            0.7377524375915527,
            1.4345049858093262,
            0.025695204734802246,
            0.10630635172128677,
            -0.019351869821548462,
            -0.029033541679382324,
            0.062470778822898865,
            -0.08346611261367798
        ]
    },
    "pred_cam_t": [
        0.03042769618332386,
        0.3713039457798004,
        26.100248336791992
    ],
    "focal_length": [
        5000.0,
        5000.0
    ],
    "pred_keypoints_3d": [
        [
            -0.030870407819747925,
            -0.8854944705963135,
            -0.1617506444454193
        ],
        [
            -0.015571476891636848,
            -0.772240161895752,
            0.002186303958296776
        ],
        [
            -0.19633010029792786,
            -0.6736388206481934,
            0.011874019168317318
        ],
        [
            -0.24308249354362488,
            -0.43978452682495117,
            0.08267620205879211
        ],
        [
            -0.24556033313274384,
            -0.2450845092535019,
            -0.07539696991443634
        ],
        [
            0.15754541754722595,
            -0.681151807308197,
            0.05728729069232941
        ],
        [
            0.17253361642360687,
            -0.45487865805625916,
            0.17600026726722717
        ],
        [
            0.21156837046146393,
            -0.24577225744724274,
            0.05313301831483841
        ],
        [
            -0.0028936099261045456,
            -0.23903706669807434,
            0.024964304640889168
        ],
        [
            -0.06572770327329636,
            -0.14739280939102173,
            0.028607606887817383
        ],
        [
            -0.08758245408535004,
            0.22933882474899292,
            0.012526806443929672
        ],
        [
            -0.059633105993270874,
            0.4033409357070923,
            0.36163806915283203
        ],
        [
            0.06316125392913818,
            -0.14877977967262268,
            0.042921409010887146
        ],
        [
            0.09068052470684052,
            0.21829760074615479,
            0.021962901577353477
        ],
        [
            0.008753500878810883,
            0.40165427327156067,
            0.35714006423950195
        ],
        [
            -0.06399725377559662,
            -0.9240121841430664,
            -0.12432685494422913
        ],
        [
            0.001689694356173277,
            -0.9303511381149292,
            -0.132987841963768
        ],
        [
            -0.09210867434740067,
            -0.9070874452590942,
            -0.025230105966329575
        ],
        [
            0.053753405809402466,
            -0.9209667444229126,
            -0.04429035633802414
        ],
        [
            0.019707757979631424,
            0.576531171798706,
            0.2668578028678894
        ],
        [
            0.0800102949142456,
            0.5482165217399597,
            0.31939753890037537
        ],
        [
            0.0033229291439056396,
            0.37952920794487,
            0.4241698980331421
        ],
        [
            -0.035417623817920685,
            0.5785884857177734,
            0.2736777663230896
        ],
        [
            -0.11184411495923996,
            0.5533562898635864,
            0.30882903933525085
        ],
        [
            -0.06674989312887192,
            0.38772818446159363,
            0.4331139326095581
        ],
        [
            -0.08860938251018524,
            0.358151912689209,
            0.3368968665599823
        ],
        [
            -0.08646482974290848,
            0.17358654737472534,
            0.0006837472319602966
        ],
        [
            -0.1435655802488327,
            -0.2689635157585144,
            0.01916607655584812
        ],
        [
            0.13443678617477417,
            -0.25905749201774597,
            0.058587055653333664
        ],
        [
            0.10317706316709518,
            0.18313312530517578,
            0.016595644876360893
        ],
        [
            0.022916583344340324,
            0.3617807924747467,
            0.34819480776786804
        ],
        [
            -0.2277836948633194,
            -0.2774180471897125,
            -0.08341333270072937
        ],
        [
            -0.26756688952445984,
            -0.4591238498687744,
            0.053321994841098785
        ],
        [
            -0.16155549883842468,
            -0.7061598300933838,
            0.011125185526907444
        ],
        [
            0.1251283884048462,
            -0.7144968509674072,
            0.05062837153673172
        ],
        [
            0.210332453250885,
            -0.47475284337997437,
            0.14355134963989258
        ],
        [
            0.21407222747802734,
            -0.26759716868400574,
            0.047036558389663696
        ],
        [
            -0.013092203065752983,
            -0.7659019231796265,
            0.005944021046161652
        ],
        [
            -0.022928934544324875,
            -0.9675329327583313,
            -0.05204254388809204
        ],
        [
            -0.003962507471442223,
            -0.2639513313770294,
            0.03863653540611267
        ],
        [
            -0.01779482327401638,
            -0.708598256111145,
            0.02611856907606125
        ],
        [
            -0.012383964844048023,
            -0.5261269807815552,
            0.03862862288951874
        ],
        [
            -0.012668529525399208,
            -0.8595765233039856,
            -0.08580713719129562
        ],
        [
            -0.028577331453561783,
            -0.9862197637557983,
            -0.04253072664141655
        ]
    ],
    "pred_vertices": [
        [
            0.00942962896078825,
            -0.976163387298584,
            -0.13539889454841614
        ],
        [
            0.0040931617841124535,
            -0.9616694450378418,
            -0.1407376080751419
        ],
        [
            0.0163317508995533,
            -0.9591009616851807,
            -0.13344943523406982
        ],
        [
            0.0220799557864666,
            -0.9703817963600159,
            -0.12474960088729858
        ],
        [
            0.01241317205131054,
            -0.9501320123672485,
            -0.13823339343070984
        ],
        [
            0.0015092366375029087,
            -0.9504123330116272,
            -0.1439821422100067
        ],
        [
            0.024692542850971222,
            -0.9538332223892212,
            -0.12355923652648926
        ],
        [
            0.03022623620927334,
            -0.9613603353500366,
            -0.11378468573093414
        ],
        [
            0.03470984101295471,
            -0.9196959733963013,
            -0.1128668561577797
        ],
        [
            0.04006094112992287,
            -0.9152241945266724,
            -0.10383406281471252
        ],
        [
            0.03914850950241089,
            -0.926784873008728,
            -0.10547342896461487
        ],
        [
            0.032772403210401535,
            -0.9279259443283081,
            -0.11358561366796494
        ],
        [
            0.03648671880364418,
            -0.8935075998306274,
            -0.10930049419403076
        ],
        [
            0.03018674999475479,
            -0.8838032484054565,
            -0.11683307588100433
        ],
        [
            0.03463733196258545,
            -0.8748571276664734,
            -0.10759981721639633
        ],
        [
            0.03981237858533859,
            -0.8840165734291077,
            -0.09924627840518951
        ],
        [
            -0.006100989878177643,
            -0.8954306840896606,
            -0.13669216632843018
        ],
        [
            0.00019718380644917488,
            -0.8892413377761841,
            -0.13618889451026917
        ],
        [
            0.0033717937767505646,
            -0.8962198495864868,
            -0.1356993019580841
        ],
        [
            -0.0034923236817121506,
            -0.9014879465103149,
            -0.13585558533668518
        ],
        [
            -0.016788307577371597,
            -0.9040524363517761,
            -0.14219000935554504
        ],
        [
            -0.0159543938934803,
            -0.9095190763473511,
            -0.1387673318386078
        ],
        [
            -0.021460285410284996,
            -0.9131038188934326,
            -0.14355377852916718
        ],
        [
            -0.021479353308677673,
            -0.9069279432296753,
            -0.14819476008415222
        ],
        [
            -0.010946409776806831,
            -0.8897387981414795,
            -0.13643482327461243
        ],
        [
            -0.004134653136134148,
            -0.8833098411560059,
            -0.13556928932666779
        ],
        [
            -0.011580540798604488,
            -0.9007666707038879,
            -0.13792577385902405
        ],
        [
            -0.013106687925755978,
            -0.8957586884498596,
            -0.14019986987113953
        ],
        [
            -0.016331499442458153,
            -0.8896552324295044,
            -0.15065962076187134
        ],
        [
            -0.01522253267467022,
            -0.8943971395492554,
            -0.14922542870044708
        ],
        [
            -0.019338972866535187,
            -0.8951984643936157,
            -0.15598846971988678
        ],
        [
            -0.020004142075777054,
            -0.8896548748016357,
            -0.15525001287460327
        ],
        [
            -0.012676735408604145,
            -0.8889354467391968,
            -0.14139872789382935
        ],
        [
            -0.01268710196018219,
            -0.8919443488121033,
            -0.1443980634212494
        ],
        [
            -0.014920738525688648,
            -0.8880805373191833,
            -0.14657041430473328
        ],
        [
            -0.015790823847055435,
            -0.8857735395431519,
            -0.143058180809021
        ],
        [
            -0.017186680808663368,
            -0.8997191786766052,
            -0.1453133523464203
        ],
        [
            -0.02085947059094906,
            -0.9014793634414673,
            -0.15216951072216034
        ],
        [
            -0.02550421841442585,
            -0.9027228355407715,
            -0.15911954641342163
        ],
        [
            -0.024064283818006516,
            -0.8942592144012451,
            -0.1626705825328827
        ],
        [
            0.013098671101033688,
            -0.8763260245323181,
            -0.13058798015117645
        ],
        [
            0.006966038607060909,
            -0.8829229474067688,
            -0.13460437953472137
        ],
        [
            0.0024412227794528008,
            -0.8775684833526611,
            -0.13438600301742554
        ],
        [
            0.008065669797360897,
            -0.8723440766334534,
            -0.13189752399921417
        ],
        [
            -0.01393858902156353,
            -0.8825554251670837,
            -0.1396588534116745
        ],
        [
            -0.008502120152115822,
            -0.8665357828140259,
            -0.1401100754737854
        ],
        [
            -0.008627100847661495,
            -0.8704878091812134,
            -0.14047306776046753
        ],
        [
            -0.01502245757728815,
            -0.8708129525184631,
            -0.14391306042671204
        ],
        [
            -0.014265033416450024,
            -0.8671832084655762,
            -0.1434268057346344
        ],
        [
            0.020343326032161713,
            -0.8620872497558594,
            -0.12206941843032837
        ],
        [
            0.014538709074258804,
            -0.860590934753418,
            -0.1262439638376236
        ],
        [
            0.015980679541826248,
            -0.8535001873970032,
            -0.12348811328411102
        ],
        [
            0.02148091048002243,
            -0.8536484241485596,
            -0.11786922812461853
        ],
        [
            0.014563718810677528,
            -0.8473671674728394,
            -0.12189799547195435
        ],
        [
            0.021552417427301407,
            -0.8454734086990356,
            -0.11424315720796585
        ],
        [
            0.014025489799678326,
            -0.8303890824317932,
            -0.1135830506682396
        ],
        [
            0.01806623861193657,
            -0.8370840549468994,
            -0.11352195590734482
        ],
        [
            0.011279893107712269,
            -0.841310977935791,
            -0.12207502126693726
        ],
        [
            0.006352203898131847,
            -0.8356319665908813,
            -0.1249655932188034
        ],
        [
            -0.0071304915472865105,
            -0.8392821550369263,
            -0.1328965723514557
        ],
        [
            -0.013057740405201912,
            -0.8375325202941895,
            -0.13530105352401733
        ],
        [
            -0.006819535978138447,
            -0.8257426023483276,
            -0.13349822163581848
        ],
        [
            -0.000309863593429327,
            -0.8298046588897705,
            -0.129646897315979
        ],
        [
            -0.008004565723240376,
            -0.8610900044441223,
            -0.13539192080497742
        ],
        [
            -0.003930580802261829,
            -0.861533522605896,
            -0.13281652331352234
        ],
        [
            -0.0040316591039299965,
            -0.8630685806274414,
            -0.13521046936511993
        ],
        [
            -0.00841724406927824,
            -0.8637408018112183,
            -0.13829094171524048
        ],
        [
            -0.00023859553039073944,
            -0.8616294860839844,
            -0.13108430802822113
        ],
        [
            0.0014480417594313622,
            -0.8615720272064209,
            -0.13042140007019043
        ],
        [
            0.0009940685704350471,
            -0.8628771305084229,
            -0.13172760605812073
        ],
        [
            -0.0004767840728163719,
            -0.8624277114868164,
            -0.13181422650814056
        ],
        [
            -0.0023803887888789177,
            -0.8618436455726624,
            -0.13226817548274994
        ],
        [
            -0.0031446143984794617,
            -0.8597112894058228,
            -0.13259348273277283
        ],
        [
            -0.001010322943329811,
            -0.8606906533241272,
            -0.13149932026863098
        ],
        [
            -0.00674018170684576,
            -0.8584749102592468,
            -0.13520655035972595
        ],
        [
            -0.019531521946191788,
            -0.8547039031982422,
            -0.14198872447013855
        ],
        [
            -0.01575133204460144,
            -0.8559232354164124,
            -0.14085088670253754
        ],
        [
            -0.017564434558153152,
            -0.8603740930557251,
            -0.1399950236082077
        ],
        [
            -0.020764969289302826,
            -0.8595048785209656,
            -0.1409422755241394
        ],
        [
            -0.0008875839412212372,
            -0.8641620874404907,
            -0.13364315032958984
        ],
        [
            0.001427310984581709,
            -0.866417407989502,
            -0.1333109736442566
        ],
        [
            -0.002730407752096653,
            -0.8687388300895691,
            -0.13672713935375214
        ],
        [
            -0.0035980315878987312,
            -0.8658391237258911,
            -0.13591717183589935
        ],
        [
            0.003997943364083767,
            -0.8685719966888428,
            -0.1332705169916153
        ],
        [
            0.003202146850526333,
            -0.8643003702163696,
            -0.13128452003002167
        ],
        [
            0.0063514094799757,
            -0.8649436831474304,
            -0.13078555464744568
        ],
        [
            0.0011444459669291973,
            -0.8596324920654297,
            -0.13034647703170776
        ],
        [
            0.004138807766139507,
            -0.8581982851028442,
            -0.1290075182914734
        ],
        [
            0.004278581589460373,
            -0.8610193729400635,
            -0.13006070256233215
        ],
        [
            0.0024885646998882294,
            -0.8546197414398193,
            -0.12926676869392395
        ],
        [
            -0.0011343378573656082,
            -0.8573980331420898,
            -0.13124722242355347
        ],
        [
            -0.004587983712553978,
            -0.8551166653633118,
            -0.13380253314971924
        ],
        [
            -0.009245931170880795,
            -0.8530042171478271,
            -0.13697411119937897
        ],
        [
            -0.006102981045842171,
            -0.848344087600708,
            -0.13393810391426086
        ],
        [
            -0.001081487163901329,
            -0.8512130975723267,
            -0.13123095035552979
        ],
        [
            -0.0009697219356894493,
            -0.872494101524353,
            -0.13604354858398438
        ],
        [
            0.008719749748706818,
            -0.860741138458252,
            -0.12843890488147736
        ],
        [
            0.011585170403122902,
            -0.8674951791763306,
            -0.12882182002067566
        ],
        [
            0.009259448386728764,
            -0.8557761311531067,
            -0.12724480032920837
        ],
        [
            0.007740800268948078,
            -0.8509876728057861,
            -0.12661662697792053
        ],
        [
            0.004175822250545025,
            -0.8464512825012207,
            -0.12745161354541779
        ],
        [
            -0.0012816926464438438,
            -0.8425148725509644,
            -0.13026025891304016
        ],
        [
            -0.00264947023242712,
            -0.8176026344299316,
            -0.12168007344007492
        ],
        [
            0.005459086503833532,
            -0.8232136964797974,
            -0.11819110810756683
        ],
        [
            -2.4102628231048584e-06,
            -0.9434674382209778,
            -0.1407550722360611
        ],
        [
            0.008973471820354462,
            -0.9431190490722656,
            -0.13870245218276978
        ],
        [
            0.010286225937306881,
            -0.9357775449752808,
            -0.1333981156349182
        ],
        [
            0.011824729852378368,
            -0.9387774467468262,
            -0.13352955877780914
        ],
        [
            0.006346116773784161,
            -0.9389934539794922,
            -0.13657283782958984
        ],
        [
            0.006079357583075762,
            -0.9362941980361938,
            -0.13565093278884888
        ],
        [
            0.02588007040321827,
            -0.9296316504478455,
            -0.11907754838466644
        ],
        [
            0.02047962322831154,
            -0.9310203790664673,
            -0.12333448231220245
        ],
        [
            0.021266313269734383,
            -0.9272881746292114,
            -0.12172088027000427
        ],
        [
            0.028083041310310364,
            -0.9232727289199829,
            -0.1183234304189682
        ],
        [
            0.013841492123901844,
            -0.9187933206558228,
            -0.12813669443130493
        ],
        [
            0.018262121826410294,
            -0.9205306768417358,
            -0.12510231137275696
        ],
        [
            0.013790085911750793,
            -0.9268443584442139,
            -0.12782524526119232
        ],
        [
            0.010546705685555935,
            -0.9256312847137451,
            -0.1300634741783142
        ],
        [
            0.006652133539319038,
            -0.9248331785202026,
            -0.13183382153511047
        ],
        [
            0.002246290445327759,
            -0.9245682954788208,
            -0.13271647691726685
        ],
        [
            0.003003474324941635,
            -0.9191083908081055,
            -0.13203997910022736
        ],
        [
            0.008382881991565228,
            -0.9185478687286377,
            -0.13056814670562744
        ],
        [
            -0.00032502226531505585,
            -0.9396108388900757,
            -0.1374894082546234
        ],
        [
            -0.007487385533750057,
            -0.9383988976478577,
            -0.13657315075397491
        ],
        [
            -0.005728563293814659,
            -0.9354709386825562,
            -0.13588175177574158
        ],
        [
            0.00023490749299526215,
            -0.9364712238311768,
            -0.136976957321167
        ],
        [
            -0.015075191855430603,
            -0.9285174608230591,
            -0.12978632748126984
        ],
        [
            -0.014102647081017494,
            -0.9311015605926514,
            -0.1309238225221634
        ],
        [
            -0.017903927713632584,
            -0.9322487115859985,
            -0.13192254304885864
        ],
        [
            -0.018367748707532883,
            -0.9275566935539246,
            -0.13095320761203766
        ],
        [
            -0.015834998339414597,
            -0.9245882630348206,
            -0.1311972290277481
        ],
        [
            -0.013682818040251732,
            -0.926832914352417,
            -0.13041409850120544
        ],
        [
            -0.0009884005412459373,
            -0.9968475699424744,
            -0.13358114659786224
        ],
        [
            -0.005142012611031532,
            -0.9792952537536621,
            -0.14089038968086243
        ],
        [
            0.0158381424844265,
            -0.99116051197052,
            -0.12228310853242874
        ],
        [
            0.02687234617769718,
            -0.9819104075431824,
            -0.11150258779525757
        ],
        [
            0.036055997014045715,
            -0.969464898109436,
            -0.10216294229030609
        ],
        [
            0.02753063291311264,
            -0.8671395778656006,
            -0.11557412147521973
        ],
        [
            0.030248140916228294,
            -0.8581830263137817,
            -0.10917339473962784
        ],
        [
            0.03822927176952362,
            -0.8664332628250122,
            -0.09813207387924194
        ],
        [
            0.03762853890657425,
            -0.8556339740753174,
            -0.09231427311897278
        ],
        [
            0.02972656860947609,
            -0.8475393056869507,
            -0.10444104671478271
        ],
        [
            0.01809100992977619,
            -0.8282061815261841,
            -0.0995921641588211
        ],
        [
            0.025752872228622437,
            -0.836961567401886,
            -0.10115738213062286
        ],
        [
            0.03380468860268593,
            -0.8451061248779297,
            -0.08527401834726334
        ],
        [
            0.041201986372470856,
            -0.8584591150283813,
            -0.07119143009185791
        ],
        [
            0.04336288943886757,
            -0.8659982681274414,
            -0.0807657241821289
        ],
        [
            0.044725868850946426,
            -0.8744189739227295,
            -0.05907660350203514
        ],
        [
            0.03753205016255379,
            -0.8507604598999023,
            -0.05766735598444939
        ],
        [
            0.04246850684285164,
            -0.8729968667030334,
            -0.04963211715221405
        ],
        [
            0.026291077956557274,
            -0.8112037181854248,
            -0.05668674781918526
        ],
        [
            0.02962477132678032,
            -0.7988681793212891,
            -0.0508229024708271
        ],
        [
            0.03983219712972641,
            -0.8074374198913574,
            -0.03718353062868118
        ],
        [
            0.03776462376117706,
            -0.8195887207984924,
            -0.043375685811042786
        ],
        [
            0.042929865419864655,
            -0.8747343420982361,
            -0.08954112231731415
        ],
        [
            0.04042227193713188,
            -0.9380868673324585,
            -0.0979233980178833
        ],
        [
            0.035554125905036926,
            -0.9369946718215942,
            -0.10903270542621613
        ],
        [
            0.043523356318473816,
            -0.925224781036377,
            -0.09432590007781982
        ],
        [
            0.039476390928030014,
            -0.9972056150436401,
            -0.08144353330135345
        ],
        [
            0.03364705294370651,
            -0.9921753406524658,
            -0.09831105172634125
        ],
        [
            0.04216917231678963,
            -0.9771378040313721,
            -0.09147375822067261
        ],
        [
            0.04717206209897995,
            -0.9842825531959534,
            -0.07644424587488174
        ],
        [
            0.008499156683683395,
            -1.0288499593734741,
            -0.08918103575706482
        ],
        [
            0.005394062027335167,
            -1.0159744024276733,
            -0.11311881989240646
        ],
        [
            0.018618928268551826,
            -1.0052326917648315,
            -0.10630163550376892
        ],
        [
            0.02321150153875351,
            -1.0154956579208374,
            -0.08692306280136108
        ],
        [
            0.0494021400809288,
            -0.9863169193267822,
            -0.06370539963245392
        ],
        [
            0.0517851859331131,
            -0.9880701303482056,
            -0.04504222050309181
        ],
        [
            0.04754933342337608,
            -1.0044752359390259,
            -0.039029184728860855
        ],
        [
            0.043071698397397995,
            -1.003007411956787,
            -0.061321474611759186
        ],
        [
            0.03435629606246948,
            -1.0239925384521484,
            -0.03186778724193573
        ],
        [
            0.029468310996890068,
            -1.023452639579773,
            -0.05898984521627426
        ],
        [
            0.04214803874492645,
            -0.8593734502792358,
            -0.0371333509683609
        ],
        [
            0.04254954308271408,
            -0.87773597240448,
            -0.036582037806510925
        ],
        [
            0.03523840755224228,
            -0.8340290784835815,
            -0.051619790494441986
        ],
        [
            0.0423082560300827,
            -0.8425016403198242,
            -0.03528224676847458
        ],
        [
            0.015545720234513283,
            -1.0389360189437866,
            -0.025237783789634705
        ],
        [
            0.010718569159507751,
            -1.0389385223388672,
            -0.05803285539150238
        ],
        [
            0.047765687108039856,
            -0.9664661884307861,
            0.006223350763320923
        ],
        [
            0.04835112392902374,
            -0.98459792137146,
            -0.0031772255897521973
        ],
        [
