{
    "pred_cam": [
        1.4693734645843506,
        -0.018498992547392845,
        0.35643303394317627
    ],
    "pred_smpl_params": {
        "global_orient": [
            [
                [
                    0.9996723532676697,
                    -0.02439381740987301,
                    -0.007755044847726822
                ],
                [
                    -0.02369346097111702,
                    -0.9964911937713623,
                    0.08027404546737671
                ],
                [
                    -0.009686024859547615,
                    -0.08006399869918823,
                    -0.9967426657676697
                ]
            ]
        ],
        "body_pose": [
            [
                [
                    0.999893069267273,
                    -0.008552337996661663,
                    -0.011867150664329529
                ],
                [
                    0.009670184925198555,
                    0.9951803684234619,
                    0.09758362919092178
                ],
                [
                    0.010975387878715992,
                    -0.09768793731927872,
                    0.9951566457748413
                ]
            ],
            [
                [
                    0.9994214177131653,
                    -0.022577717900276184,
                    0.025436384603381157
                ],
                [
                    0.020350955426692963,
                    0.9962040781974792,
                    0.08463630080223083
                ],
                [
                    -0.027250725775957108,
                    -0.08406968414783478,
                    0.9960871934890747
                ]
            ],
            [
                [
                    0.9999774694442749,
                    0.0018978964071720839,
                    -0.006436082534492016
                ],
                [
                    -0.00227884529158473,
                    0.9982132315635681,
                    -0.059708237648010254
                ],
                [
                    0.006311263423413038,
                    0.059721559286117554,
                    0.9981950521469116
                ]
            ],
            [
                [
                    0.9871974587440491,
                    -0.0052492329850792885,
                    -0.15941675007343292
                ],
                [
                    -0.13025496900081635,
                    0.550318717956543,
                    -0.8247320652008057
                ],
                [
                    0.0920591950416565,
                    0.8349381685256958,
                    0.5425894856452942
                ]
            ],
            [
                [
                    0.9822970628738403,
                    -0.027466638013720512,
                    0.18530501425266266
                ],
                [
                    0.171305313706398,
                    0.5320100784301758,
                    -0.8292283415794373
                ],
                [
                    -0.07580801844596863,
                    0.8462923765182495,
                    0.5272971391677856
                ]
            ],
            [
                [
                    0.9999972581863403,
                    0.00037069161771796644,
                    0.002306572161614895
                ],
                [
                    -0.000550753902643919,
                    0.9969090819358826,
                    0.07856182754039764
                ],
                [
                    -0.002270320663228631,
                    -0.07856288552284241,
                    0.996906578540802
                ]
            ],
            [
                [
                    0.974030613899231,
                    0.0412292405962944,
                    0.22263097763061523
                ],
                [
                    -0.06317471712827682,
                    0.9937188625335693,
                    0.09236735850572586
                ],
                [
                    -0.21742437779903412,
                    -0.10403327643871307,
                    0.9705172181129456
                ]
            ],
            [
                [
                    0.9772955775260925,
                    0.009329242631793022,
                    -0.21167497336864471
                ],
                [
                    0.010534094646573067,
                    0.9956552982330322,
                    0.09251739084720612
                ],
                [
                    0.21161843836307526,
                    -0.09264663606882095,
                    0.9729512333869934
                ]
            ],
            [
                [
                    0.9999449849128723,
                    0.006715749390423298,
                    -0.008054868318140507
                ],
                [
                    -0.007595872040838003,
                    0.9933659434318542,
                    -0.11474497616291046
                ],
                [
                    0.007230832707136869,
                    0.1147998571395874,
                    0.993362307548523
                ]
            ],
            [
                [
                    0.9851757884025574,
                    -0.1403045803308487,
                    -0.09870802611112595
                ],
                [
                    0.15614399313926697,
                    0.9717020988464355,
                    0.17723989486694336
                ],
                [
                    0.07104723155498505,
                    -0.19002512097358704,
                    0.9792050719261169
                ]
            ],
            [
                [
                    0.9942854642868042,
                    0.09361294656991959,
                    0.05131421610713005
                ],
                [
                    -0.10254983603954315,
                    0.9711212515830994,
                    0.21542280912399292
                ],
                [
                    -0.029665959998965263,
                    -0.21945400536060333,
                    0.9751717448234558
                ]
            ],
            [
                [
                    0.9982810020446777,
                    -0.04984182491898537,
                    -0.030836449936032295
                ],
                [
                    0.05406831204891205,
                    0.98622727394104,
                    0.1563088744878769
                ],
                [
                    0.022621028125286102,
                    -0.15770743787288666,
                    0.9872268438339233
                ]
            ],
            [
                [
                    0.9382398128509521,
                    0.33098798990249634,
                    0.10076184570789337
                ],
                [
                    -0.3231639564037323,
                    0.9423844218254089,
                    -0.08646760880947113
                ],
                [
                    -0.12357613444328308,
                    0.048564761877059937,
                    0.9911459684371948
                ]
            ],
            [
                [
                    0.9404931664466858,
                    -0.3252088129520416,
                    -0.09854939579963684
                ],
                [
                    0.3179830014705658,
                    0.9445217251777649,
                    -0.08225283771753311
                ],
                [
                    0.1198313906788826,
                    0.04602118954062462,
                    0.9917271137237549
                ]
            ],
            [
                [
                    0.9991660118103027,
                    -0.029484320431947708,
                    -0.02824847213923931
                ],
                [
                    0.02474694512784481,
                    0.9875374436378479,
                    -0.15542663633823395
                ],
                [
                    0.032479070127010345,
                    0.1545979529619217,
                    0.9874435067176819
                ]
            ],
            [
                [
                    0.547950267791748,
                    0.815313458442688,
                    -0.18712137639522552
                ],
                [
                    -0.8365105390548706,
                    0.5342540740966797,
                    -0.12174820154905319
                ],
                [
                    0.0007074007880873978,
                    0.22324098646640778,
                    0.9747629165649414
                ]
            ],
            [
                [
                    0.48542386293411255,
                    -0.8505941033363342,
                    0.20212192833423615
                ],
                [
                    0.874242901802063,
                    0.47015440464019775,
                    -0.12105453014373779
                ],
                [
                    0.007939760573208332,
                    0.23546642065048218,
                    0.9718500375747681
                ]
            ],
            [
                [
                    0.8045269846916199,
                    -0.1789127141237259,
                    -0.5663272738456726
                ],
                [
                    0.06113110110163689,
                    0.9734286665916443,
                    -0.22068004310131073
                ],
                [
                    0.5907616019248962,
                    0.14292283356189728,
                    0.794086754322052
                ]
            ],
            [
                [
                    0.7679924368858337,
                    0.21333764493465424,
                    0.6038829684257507
                ],
                [
                    -0.037535034120082855,
                    0.9562630653381348,
                    -0.29008978605270386
                ],
                [
                    -0.6393580436706543,
                    0.2001199871301651,
                    0.74241042137146
                ]
            ],
            [
                [
                    0.9996849894523621,
                    0.024974755942821503,
                    0.002491321647539735
                ],
                [
                    -0.024800192564725876,
                    0.9981803894042969,
                    -0.05496253818273544
                ],
                [
                    -0.003859464079141617,
                    0.0548834390938282,
                    0.9984853267669678
                ]
            ],
            [
                [
                    0.9995002150535583,
                    -0.018820209428668022,
                    -0.025398099794983864
                ],
                [
                    0.017034556716680527,
                    0.997486412525177,
                    -0.06877955049276352
                ],
                [
                    0.026628708466887474,
                    0.06831253319978714,
                    0.9973084926605225
                ]
            ],
            [
                [
                    0.9730374813079834,
                    0.21745352447032928,
                    -0.07688939571380615
                ],
                [
                    -0.2047998458147049,
                    0.967909574508667,
                    0.1456300914287567
                ],
                [
                    0.1060897558927536,
                    -0.12595660984516144,
                    0.9863467216491699
                ]
            ],
            [
                [
                    0.9763088226318359,
                    -0.21349471807479858,
                    0.03523040935397148
                ],
                [
                    0.20417086780071259,
                    0.9628420472145081,
                    0.17677520215511322
                ],
                [
                    -0.07166188210248947,
                    -0.1653941422700882,
                    0.9836205840110779
                ]
            ]
        ],
        "betas": [
            -0.03824631869792938,
            0.23950588703155518,
            0.5456079244613647,
            0.714927077293396,
            -5.352497100830078e-05,
            0.12184593826532364,
            0.03133741021156311,
            -0.08014827966690063,
            0.07383929193019867,
            -0.1294931173324585
        ]
    },
    "pred_cam_t": [
        -0.018498992547392845,
        0.35643303394317627,
        26.58445930480957
    ],
    "focal_length": [
        5000.0,
        5000.0
    ],
    "pred_keypoints_3d": [
        [
            -0.028385333716869354,
            -0.8646517992019653,
            -0.1680857241153717
        ],
        [
            -0.010360992513597012,
            -0.7548141479492188,
            -0.004782391712069511
        ],
        [
            -0.18652403354644775,
            -0.6602598428726196,
            0.031006015837192535
        ],
        [
            -0.21532097458839417,
            -0.4279786944389343,
            0.1226460263133049
        ],
        [
            -0.24427303671836853,
            -0.19660203158855438,
            0.02522890269756317
        ],
        [
            0.1663970947265625,
            -0.6661880612373352,
            0.01878540776669979
        ],
        [
            0.22355112433433533,
            -0.4337748885154724,
            0.11560339480638504
        ],
        [
            0.27714699506759644,
            -0.2094808667898178,
            0.027421854436397552
        ],
        [
            -0.002317271661013365,
            -0.2313666045665741,
            0.0258707944303751
        ],
        [
            -0.06568384915590286,
            -0.13978855311870575,
            0.03919606655836105
        ],
        [
            -0.0863426923751831,
            0.24123577773571014,
            0.044328879565000534
        ],
        [
            -0.06486985087394714,
            0.4140799641609192,
            0.39988359808921814
        ],
        [
            0.06738599389791489,
            -0.1420229822397232,
            0.04038848727941513
        ],
        [
            0.11411154270172119,
            0.22819747030735016,
            0.03555666655302048
        ],
        [
            0.12253120541572571,
            0.41342514753341675,
            0.3850385248661041
        ],
        [
            -0.06222520396113396,
            -0.9027741551399231,
            -0.13185042142868042
        ],
        [
            0.003302483819425106,
            -0.9097645282745361,
            -0.13949184119701385
        ],
        [
            -0.09114115685224533,
            -0.8855673670768738,
            -0.033520132303237915
        ],
        [
            0.05304834991693497,
            -0.9009701609611511,
            -0.0506555400788784
        ],
        [
            0.12558315694332123,
            0.5928905010223389,
            0.30205237865448
        ],
        [
            0.19315190613269806,
            0.5583151578903198,
            0.33866384625434875
        ],
        [
            0.13030506670475006,
            0.38903144001960754,
            0.4513508677482605
        ],
        [
            -0.04292575269937515,
            0.5916370153427124,
            0.31689247488975525
        ],
        [
            -0.11857639253139496,
            0.5654615163803101,
            0.35034671425819397
        ],
        [
            -0.07329301536083221,
            0.3968047797679901,
            0.47115814685821533
        ],
        [
            -0.09253033995628357,
            0.3680095672607422,
            0.37388333678245544
        ],
        [
            -0.08560626208782196,
            0.1849638819694519,
            0.030204661190509796
        ],
        [
            -0.14633490145206451,
            -0.26042431592941284,
            0.03252708166837692
        ],
        [
            0.1401146650314331,
            -0.2528943419456482,
            0.04430215805768967
        ],
        [
            0.12344910949468613,
            0.19198642671108246,
            0.02688422240316868
        ],
        [
            0.13112957775592804,
            0.37262824177742004,
            0.37288856506347656
        ],
        [
            -0.23002780973911285,
            -0.22427068650722504,
            0.005717781372368336
        ],
        [
            -0.24476134777069092,
            -0.443978875875473,
            0.09739309549331665
        ],
        [
            -0.1521601676940918,
            -0.6917051076889038,
            0.0248982235789299
        ],
        [
            0.13568052649497986,
            -0.6986370086669922,
            0.018933065235614777
        ],
        [
            0.25407516956329346,
            -0.45646876096725464,
            0.08015275746583939
        ],
        [
            0.2771149277687073,
            -0.22837835550308228,
            0.017424307763576508
        ],
        [
            -0.008432913571596146,
            -0.749793529510498,
            -0.0023326613008975983
        ],
        [
            -0.02271735668182373,
            -0.9462306499481201,
            -0.05827600508928299
        ],
        [
            -0.0025387839414179325,
            -0.25669118762016296,
            0.03834458813071251
        ],
        [
            -0.009086383506655693,
            -0.6933435797691345,
            0.017012689262628555
        ],
        [
            -0.00591154582798481,
            -0.5112664699554443,
            0.0337073840200901
        ],
        [
            -0.0111599862575531,
            -0.8393429517745972,
            -0.0923413559794426
        ],
        [
            -0.028459332883358,
            -0.9649211764335632,
            -0.04885201156139374
        ]
    ],
    "pred_vertices": [
        [
            0.009916216135025024,
            -0.9561463594436646,
            -0.14118851721286774
        ],
        [
            0.004793778993189335,
            -0.941544771194458,
            -0.1466721147298813
        ],
        [
            0.016791926696896553,
            -0.9390503168106079,
            -0.13924068212509155
        ],
        [
            0.02244248054921627,
            -0.9504204988479614,
            -0.13039425015449524
        ],
        [
            0.013257932849228382,
            -0.929947018623352,
            -0.14429278671741486
        ],
        [
            0.0026026442646980286,
            -0.9301058053970337,
            -0.15019555389881134
        ],
        [
            0.025085439905524254,
            -0.9338048696517944,
            -0.1293731927871704
        ],
        [
            0.030498310923576355,
            -0.9415041208267212,
            -0.11942919343709946
        ],
        [
            0.03569037467241287,
            -0.8995763063430786,
            -0.1189916729927063
        ],
        [
            0.040934763848781586,
            -0.8952878713607788,
            -0.10999998450279236
        ],
        [
            0.03955096751451492,
            -0.9068558812141418,
            -0.11143682897090912
        ],
        [
            0.033407166600227356,
            -0.9078011512756348,
            -0.11965852230787277
        ],
        [
            0.03774147480726242,
            -0.8733758926391602,
            -0.11560093611478806
        ],
        [
            0.03169730305671692,
            -0.8636319041252136,
            -0.12324898689985275
        ],
        [
            0.03592576086521149,
            -0.8547157049179077,
            -0.1139773279428482
        ],
        [
            0.04084265977144241,
            -0.8638867735862732,
            -0.10547452419996262
        ],
        [
            -0.003950677812099457,
            -0.8747720718383789,
            -0.14331436157226562
        ],
        [
            0.0022141262888908386,
            -0.8687100410461426,
            -0.14271953701972961
        ],
        [
            0.005371336825191975,
            -0.8757199048995972,
            -0.14217159152030945
        ],
        [
            -0.0014241775497794151,
            -0.8808848857879639,
            -0.14239239692687988
        ],
        [
            -0.01469197403639555,
            -0.8832485675811768,
            -0.14878883957862854
        ],
        [
            -0.013962937518954277,
            -0.8887631893157959,
            -0.14541170001029968
        ],
        [
            -0.019455594941973686,
            -0.8922548294067383,
            -0.15013962984085083
        ],
        [
            -0.019384387880563736,
            -0.8860512375831604,
            -0.15466336905956268
        ],
        [
            -0.008747797459363937,
            -0.8690149784088135,
            -0.14305958151817322
        ],
        [
            -0.002104460261762142,
            -0.8627676367759705,
            -0.14209575951099396
        ],
        [
            -0.009353033266961575,
            -0.88001549243927,
            -0.1445716768503189
        ],
        [
            -0.011001024395227432,
            -0.8749698400497437,
            -0.14678481221199036
        ],
        [
            -0.014132589101791382,
            -0.8688074350357056,
            -0.15699568390846252
        ],
        [
            -0.013050327077507973,
            -0.8735800981521606,
            -0.1555899977684021
        ],
        [
            -0.017105989158153534,
            -0.8743528723716736,
            -0.16228480637073517
        ],
        [
            -0.01769004762172699,
            -0.868777871131897,
            -0.16157691180706024
        ],
        [
            -0.010631050914525986,
            -0.8681628704071045,
            -0.14790230989456177
        ],
        [
            -0.01064259186387062,
            -0.8711398839950562,
            -0.15081259608268738
        ],
        [
            -0.01281342189759016,
            -0.8672339916229248,
            -0.15297286212444305
        ],
        [
            -0.013681619428098202,
            -0.8649287223815918,
            -0.14955094456672668
        ],
        [
            -0.015099171549081802,
            -0.8788658976554871,
            -0.15179380774497986
        ],
        [
            -0.01869898848235607,
            -0.8805965185165405,
            -0.1585603803396225
        ],
        [
            -0.0232832208275795,
            -0.8817671537399292,
            -0.16536399722099304
        ],
        [
            -0.02174205332994461,
            -0.8733935356140137,
            -0.16889069974422455
        ],
        [
            0.01491241529583931,
            -0.8560717105865479,
            -0.1371106505393982
        ],
        [
            0.008854719810187817,
            -0.8625526428222656,
            -0.14110034704208374
        ],
        [
            0.004383073188364506,
            -0.8571608066558838,
            -0.14088387787342072
        ],
        [
            0.009907770901918411,
            -0.8520370721817017,
            -0.13837452232837677
        ],
        [
            -0.011893768794834614,
            -0.8618508577346802,
            -0.14618226885795593
        ],
        [
            -0.006536251865327358,
            -0.846104621887207,
            -0.14660516381263733
        ],
        [
            -0.0066719334572553635,
            -0.8500041961669922,
            -0.14688682556152344
        ],
        [
            -0.013003313913941383,
            -0.8502859473228455,
            -0.15034794807434082
        ],
        [
            -0.01223086379468441,
            -0.846710741519928,
            -0.14995399117469788
        ],
        [
            0.02199372462928295,
            -0.8420220017433167,
            -0.12854982912540436
        ],
        [
            0.016215166077017784,
            -0.8404672741889954,
            -0.13263186812400818
        ],
        [
            0.017561214044690132,
            -0.8334958553314209,
            -0.1299094557762146
        ],
        [
            0.02298850193619728,
            -0.8336867094039917,
            -0.12444023787975311
        ],
        [
            0.016017211601138115,
            -0.8274639248847961,
            -0.12840798497200012
        ],
        [
            0.02283944934606552,
            -0.8255828619003296,
            -0.12089637666940689
        ],
        [
            0.01533389650285244,
            -0.8105155229568481,
            -0.1202700287103653
        ],
        [
            0.019366301596164703,
            -0.8172298669815063,
            -0.1202598363161087
        ],
        [
            0.012761163525283337,
            -0.8214465379714966,
            -0.1285938322544098
        ],
        [
            0.007913949899375439,
            -0.8157333135604858,
            -0.13144269585609436
        ],
        [
            -0.00518716499209404,
            -0.8192251920700073,
            -0.13943082094192505
        ],
        [
            -0.010989676229655743,
            -0.8174456357955933,
            -0.14174528419971466
        ],
        [
            -0.004988605156540871,
            -0.8057680130004883,
            -0.13980883359909058
        ],
        [
            0.001369738020002842,
            -0.8099063634872437,
            -0.1360427290201187
        ],
        [
            -0.005910004489123821,
            -0.8406884670257568,
            -0.14200380444526672
        ],
        [
            -0.0019118664786219597,
            -0.8411589860916138,
            -0.13941161334514618
        ],
        [
            -0.0019601471722126007,
            -0.8426758050918579,
            -0.14176982641220093
        ],
        [
            -0.006271399557590485,
            -0.8433108329772949,
            -0.14487144351005554
        ],
        [
            0.001698451116681099,
            -0.8413102030754089,
            -0.13764174282550812
        ],
        [
            0.0033677704632282257,
            -0.8412509560585022,
            -0.1369645893573761
        ],
        [
            0.002952725626528263,
            -0.842523455619812,
            -0.13825972378253937
        ],
        [
            0.0014620982110500336,
            -0.8420742154121399,
            -0.13836723566055298
        ],
        [
            -0.0004214951768517494,
            -0.8414907455444336,
            -0.13884496688842773
        ],
        [
            -0.0011989753693342209,
            -0.8394152522087097,
            -0.13917061686515808
        ],
        [
            0.0009237779304385185,
            -0.8403982520103455,
            -0.13805904984474182
        ],
        [
            -0.004719587042927742,
            -0.8381768465042114,
            -0.14179205894470215
        ],
        [
            -0.017373420298099518,
            -0.8342524766921997,
            -0.1486475169658661
        ],
        [
            -0.01349376980215311,
            -0.8355152606964111,
            -0.14749793708324432
        ],
        [
            -0.015299733728170395,
            -0.8398563265800476,
            -0.14662855863571167
        ],
        [
            -0.01864134892821312,
            -0.8389888405799866,
            -0.1475781351327896
        ],
        [
            0.0009406097233295441,
            -0.8437789678573608,
            -0.14017510414123535
        ],
        [
            0.0033901063725352287,
            -0.8460270166397095,
            -0.13975633680820465
        ],
        [
            -0.0006971331313252449,
            -0.84832364320755,
            -0.14311617612838745
        ],
        [
            -0.0015525063499808311,
            -0.8454285264015198,
            -0.14239254593849182
        ],
        [
            0.005904250778257847,
            -0.8482224345207214,
            -0.1397186517715454
        ],
        [
            0.005117274820804596,
            -0.8439534902572632,
            -0.1377754807472229
        ],
        [
            0.008085791021585464,
            -0.8446566462516785,
            -0.1372700035572052
        ],
        [
            0.003033062443137169,
            -0.8393827676773071,
            -0.13688704371452332
        ],
        [
            0.005950503051280975,
            -0.8379983901977539,
            -0.13549882173538208
        ],
        [
            0.00615002540871501,
            -0.8407533168792725,
            -0.1365641951560974
        ],
        [
            0.004309008829295635,
            -0.834491491317749,
            -0.13580310344696045
        ],
        [
            0.0007844828069210052,
            -0.8371939659118652,
            -0.13782396912574768
        ],
        [
            -0.002598489634692669,
            -0.8349390029907227,
            -0.14039042592048645
        ],
        [
            -0.007148092612624168,
            -0.8327996730804443,
            -0.14362069964408875
        ],
        [
            -0.004087197594344616,
            -0.8282341957092285,
            -0.1405704915523529
        ],
        [
            0.000822022557258606,
            -0.831115186214447,
            -0.13780909776687622
        ],
        [
            0.0008891606703400612,
            -0.8520580530166626,
            -0.14246127009391785
        ],
        [
            0.010496682487428188,
            -0.8405468463897705,
            -0.13486891984939575
        ],
        [
            0.013349262997508049,
            -0.8472452163696289,
            -0.13527101278305054
        ],
        [
            0.010965134017169476,
            -0.8356791734695435,
            -0.13365411758422852
        ],
        [
            0.009418711997568607,
            -0.8309610486030579,
            -0.13309593498706818
        ],
        [
            0.005833449307829142,
            -0.8264790773391724,
            -0.13396036624908447
        ],
        [
            0.0005460204556584358,
            -0.8225017786026001,
            -0.13683664798736572
        ],
        [
            -0.0010153613984584808,
            -0.7976070642471313,
            -0.12818852066993713
        ],
        [
            0.006962123792618513,
            -0.8032857775688171,
            -0.1248088926076889
        ],
        [
            0.0013469941914081573,
            -0.9230381846427917,
            -0.14713379740715027
        ],
        [
            0.010192579589784145,
            -0.9227497577667236,
            -0.14500515162944794
        ],
        [
            0.011645331978797913,
            -0.9153244495391846,
            -0.1398194432258606
        ],
        [
            0.013291050679981709,
            -0.91837078332901,
            -0.13984188437461853
        ],
        [
            0.007671312429010868,
            -0.9185761213302612,
            -0.14290359616279602
        ],
        [
            0.007493868470191956,
            -0.9158128499984741,
            -0.1420775055885315
        ],
        [
            0.026789534837007523,
            -0.9093705415725708,
            -0.12530548870563507
        ],
        [
            0.021564211696386337,
            -0.9106645584106445,
            -0.12967368960380554
        ],
        [
            0.022366853430867195,
            -0.9069421291351318,
            -0.12806518375873566
        ],
        [
            0.029095975682139397,
            -0.9030269384384155,
            -0.12455546110868454
        ],
        [
            0.015194498933851719,
            -0.8984637260437012,
            -0.13450321555137634
        ],
        [
            0.019500501453876495,
            -0.900214672088623,
            -0.13147208094596863
        ],
        [
            0.015018751844763756,
            -0.9064860343933105,
            -0.13418102264404297
        ],
        [
            0.01188670564442873,
            -0.9052504897117615,
            -0.13643811643123627
        ],
        [
            0.008068124763667583,
            -0.9043958187103271,
            -0.13824020326137543
        ],
        [
            0.003777305595576763,
            -0.904053807258606,
            -0.13914525508880615
        ],
        [
            0.0045215412974357605,
            -0.8986279964447021,
            -0.13849706947803497
        ],
        [
            0.00980443973094225,
            -0.8981704711914062,
            -0.13699445128440857
        ],
        [
            0.0010491861030459404,
            -0.9191151261329651,
            -0.14392437040805817
        ],
        [
            -0.006037368439137936,
            -0.9177628755569458,
            -0.1430879682302475
        ],
        [
            -0.004343879409134388,
            -0.9148415923118591,
            -0.14245390892028809
        ],
        [
            0.0016560070216655731,
            -0.915928840637207,
            -0.14348465204238892
        ],
        [
            -0.013507213443517685,
            -0.9076194763183594,
            -0.13656514883041382
        ],
        [
            -0.012585494667291641,
            -0.9102032780647278,
            -0.1377313882112503
        ],
        [
            -0.016285892575979233,
            -0.9112842082977295,
            -0.13880977034568787
        ],
        [
            -0.016701094806194305,
            -0.906660795211792,
            -0.13779158890247345
        ],
        [
            -0.014197291806340218,
            -0.9037415981292725,
            -0.13793686032295227
        ],
        [
            -0.012120628729462624,
            -0.9059765338897705,
            -0.13710810244083405
        ],
        [
            -0.0003852490335702896,
            -0.9767324924468994,
            -0.13918837904930115
        ],
        [
            -0.004643628373742104,
            -0.9591240882873535,
            -0.1470954418182373
        ],
        [
            0.016080237925052643,
            -0.9712047576904297,
            -0.1279669553041458
        ],
        [
            0.027239521965384483,
            -0.961945652961731,
            -0.1171693354845047
        ],
        [
            0.03613104671239853,
            -0.9495126008987427,
            -0.10776874423027039
        ],
        [
            0.029017921537160873,
            -0.847069501876831,
            -0.12203268706798553
        ],
        [
            0.03159162774682045,
            -0.8382024765014648,
            -0.11572645604610443
        ],
        [
            0.039231300354003906,
            -0.846312403678894,
            -0.10456373542547226
        ],
        [
            0.03853866457939148,
            -0.8356987237930298,
            -0.09901712834835052
        ],
        [
            0.030904605984687805,
            -0.8276455402374268,
            -0.11117416620254517
        ],
        [
            0.019282424822449684,
            -0.8082624673843384,
            -0.1065850555896759
        ],
        [
            0.026925012469291687,
            -0.8170533180236816,
            -0.10813295841217041
        ],
        [
            0.03469153493642807,
            -0.825280487537384,
            -0.0924646258354187
        ],
        [
            0.04194066673517227,
            -0.8385202884674072,
            -0.07833047211170197
        ],
        [
            0.04394378513097763,
            -0.8459510207176208,
            -0.08732881397008896
        ],
        [
            0.0451107993721962,
            -0.8544065356254578,
            -0.06637494266033173
        ],
        [
            0.03797700256109238,
            -0.8309385776519775,
            -0.06565120816230774
        ],
        [
            0.0426526814699173,
            -0.8531572222709656,
            -0.05746673420071602
        ],
        [
            0.026029106229543686,
            -0.7923852205276489,
            -0.06579771637916565
        ],
        [
            0.02926020324230194,
            -0.7804083228111267,
            -0.060776546597480774
        ],
        [
            0.04039440676569939,
            -0.7888208627700806,
            -0.048294275999069214
        ],
        [
            0.038052402436733246,
            -0.8007311820983887,
            -0.053424663841724396
        ],
        [
            0.04378289729356766,
            -0.854640543460846,
            -0.09579580277204514
        ],
        [
            0.040664348751306534,
            -0.9182062149047852,
            -0.10384755581617355
        ],
        [
            0.03590398654341698,
            -0.9171333312988281,
            -0.11481358855962753
        ],
        [
            0.04377179592847824,
            -0.9052512645721436,
            -0.10041037946939468
        ],
        [
            0.03928329795598984,
            -0.9772547483444214,
            -0.08665694296360016
        ],
        [
            0.03377310186624527,
            -0.9721977710723877,
            -0.10360981523990631
        ],
        [
            0.04198402538895607,
            -0.957120954990387,
            -0.09684876352548599
        ],
        [
            0.04664381593465805,
            -0.9641568660736084,
            -0.08172447979450226
        ],
        [
            0.00840962864458561,
            -1.008812427520752,
            -0.09427353739738464
        ],
        [
            0.005649489350616932,
            -0.9958746433258057,
            -0.11870189011096954
        ],
        [
            0.01887638308107853,
            -0.9852064251899719,
            -0.11172615736722946
        ],
        [
            0.023168420419096947,
            -0.9956522583961487,
            -0.0920277088880539
        ],
        [
            0.0491529181599617,
            -0.9661787152290344,
            -0.06885020434856415
        ],
        [
            0.051128700375556946,
            -0.9677091836929321,
            -0.050329189747571945
        ],
        [
            0.046567872166633606,
            -0.983519434928894,
            -0.04375571385025978
        ],
        [
            0.04243230074644089,
            -0.9828588366508484,
            -0.06609134376049042
        ],
        [
            0.03298529237508774,
            -1.002659797668457,
            -0.036555126309394836
        ],
        [
            0.02875502035021782,
            -1.0026742219924927,
            -0.06371554732322693
        ],
        [
            0.042768243700265884,
            -0.8397127985954285,
            -0.04593542218208313
        ],
        [
            0.042777348309755325,
            -0.8579920530319214,
            -0.04477882757782936
        ],
        [
            0.03537176921963692,
            -0.8147118091583252,
            -0.060558173805475235
        ],
        [
            0.04301978647708893,
            -0.8231889009475708,
            -0.04490187019109726
        ],
        [
            0.014035046100616455,
            -1.0165289640426636,
            -0.03018888831138611
        ],
        [
            0.00999439787119627,
            -1.0177158117294312,
            -0.06269960105419159
        ],
        [
            0.04643867164850235,
            -0.9456908702850342,
            -0.00015219300985336304
        ],
        [
            0.04682024568319321,
            -0.9636117815971375,
            -0.008966624736785889
        ],
        [
            0.0526118203997612,
