{
    "pred_cam": [
        1.477982521057129,
        0.005931908264756203,
        0.3628959357738495
    ],
    "pred_smpl_params": {
        "global_orient": [
            [
                [
                    0.9996621608734131,
                    -0.015539302490651608,
                    -0.02083425782620907
                ],
                [
                    -0.01343062985688448,
                    -0.9951167106628418,
                    0.0977872833609581
                ],
                [
                    -0.02225206419825554,
                    -0.09747443348169327,
                    -0.9949892163276672
                ]
            ]
        ],
        "body_pose": [
            [
                [
                    0.9917976260185242,
                    -0.12613341212272644,
                    0.020684359595179558
                ],
                [
                    0.12457939982414246,
                    0.9901235699653625,
                    0.06430558115243912
                ],
                [
                    -0.028591156005859375,
                    -0.061201274394989014,
                    0.9977158308029175
                ]
            ],
            [
                [
                    0.9999353289604187,
                    0.009130728431046009,
                    0.006779110059142113
                ],
                [
                    -0.009606347419321537,
                    0.9972264170646667,
                    0.07380415499210358
                ],
                [
                    -0.006086423061788082,
                    -0.07386450469493866,
                    0.9972496628761292
                ]
            ],
            [
                [
                    0.9995983839035034,
                    0.021856019273400307,
                    -0.01804172620177269
                ],
                [
                    -0.02256297506392002,
                    0.9989466071128845,
                    -0.0399569533765316
                ],
                [
                    0.0171494223177433,
                    0.04034797474741936,
                    0.999038577079773
                ]
            ],
            [
                [
                    0.9833511710166931,
                    -0.014527660794556141,
                    -0.18113334476947784
                ],
                [
                    -0.13946378231048584,
                    0.5786759853363037,
                    -0.8035446405410767
                ],
                [
                    0.11649118363857269,
                    0.8154281973838806,
                    0.5670156478881836
                ]
            ],
            [
                [
                    0.9815371036529541,
                    -0.011564411222934723,
                    0.1909218430519104
                ],
                [
                    0.16624948382377625,
                    0.5451730489730835,
                    -0.821673572063446
                ],
                [
                    -0.09458326548337936,
                    0.8382437825202942,
                    0.5370301604270935
                ]
            ],
            [
                [
                    0.999976634979248,
                    0.0005839766236022115,
                    -0.006824455689638853
                ],
                [
                    -6.121287151472643e-05,
                    0.99708092212677,
                    0.07635205239057541
                ],
                [
                    0.006849122233688831,
                    -0.07634983211755753,
                    0.9970576763153076
                ]
            ],
            [
                [
                    0.9730422496795654,
                    0.0709787979722023,
                    0.21943256258964539
                ],
                [
                    -0.09204258769750595,
                    0.9919209480285645,
                    0.08729790151119232
                ],
                [
                    -0.21146346628665924,
                    -0.10514171421527863,
                    0.9717140793800354
                ]
            ],
            [
                [
                    0.9791277050971985,
                    -0.007891976274549961,
                    -0.20309263467788696
                ],
                [
                    0.029894115403294563,
                    0.9939701557159424,
                    0.10549751669168472
                ],
                [
                    0.20103542506694794,
                    -0.10936681926250458,
                    0.9734596610069275
                ]
            ],
            [
                [
                    0.9996438026428223,
                    -0.0049156807363033295,
                    -0.026231929659843445
                ],
                [
                    0.0019741677679121494,
                    0.9938180446624756,
                    -0.11100322008132935
                ],
                [
                    0.02661542408168316,
                    0.11091189086437225,
                    0.9934737682342529
                ]
            ],
            [
                [
                    0.9836136102676392,
                    -0.16480028629302979,
                    -0.07310963422060013
                ],
                [
                    0.17672383785247803,
                    0.9615761041641235,
                    0.21009549498558044
                ],
                [
                    0.035676684230566025,
                    -0.2195730209350586,
                    0.9749434590339661
                ]
            ],
            [
                [
                    0.9920877814292908,
                    0.1181822121143341,
                    0.042366303503513336
                ],
                [
                    -0.12454202771186829,
                    0.9690244793891907,
                    0.21326225996017456
                ],
                [
                    -0.01585017517209053,
                    -0.21685124933719635,
                    0.9760760068893433
                ]
            ],
            [
                [
                    0.9981526732444763,
                    -0.0606619268655777,
                    0.0033690230920910835
                ],
                [
                    0.05949981138110161,
                    0.9872356057167053,
                    0.1477351188659668
                ],
                [
                    -0.012287916615605354,
                    -0.14726173877716064,
                    0.9890212416648865
                ]
            ],
            [
                [
                    0.9451244473457336,
                    0.28865671157836914,
                    0.1530267298221588
                ],
                [
                    -0.2748417854309082,
                    0.9557074308395386,
                    -0.10528679937124252
                ],
                [
                    -0.17664051055908203,
                    0.05745098739862442,
                    0.9825974106788635
                ]
            ],
            [
                [
                    0.9393826723098755,
                    -0.30975258350372314,
                    -0.14701595902442932
                ],
                [
                    0.3003847301006317,
                    0.9502258896827698,
                    -0.08270327001810074
                ],
                [
                    0.1653159111738205,
                    0.033528655767440796,
                    0.9856706857681274
                ]
            ],
            [
                [
                    0.9989709854125977,
                    -0.04512212425470352,
                    -0.00458611361682415
                ],
                [
                    0.04413676634430885,
                    0.9904394149780273,
                    -0.13069693744182587
                ],
                [
                    0.01043959241360426,
                    0.13036002218723297,
                    0.9914118051528931
                ]
            ],
            [
                [
                    0.5416452884674072,
                    0.825007975101471,
                    -0.1611901968717575
                ],
                [
                    -0.8405916690826416,
                    0.5304210782051086,
                    -0.10981429368257523
                ],
                [
                    -0.005098996218293905,
                    0.19497554004192352,
                    0.9807949066162109
                ]
            ],
            [
                [
                    0.47236114740371704,
                    -0.8626075983047485,
                    0.18106116354465485
                ],
                [
                    0.8807715177536011,
                    0.4541669487953186,
                    -0.13406704366207123
                ],
                [
                    0.03341524302959442,
                    0.2228015512228012,
                    0.9742910265922546
                ]
            ],
            [
                [
                    0.6347516179084778,
                    -0.27540016174316406,
                    -0.7219731211662292
                ],
                [
                    0.1258774697780609,
                    0.9587040543556213,
                    -0.25503212213516235
                ],
                [
                    0.7623944282531738,
                    0.07100188732147217,
                    0.6432056427001953
                ]
            ],
            [
                [
                    0.7200412750244141,
                    0.2508208751678467,
                    0.6470158100128174
                ],
                [
                    -0.05641286075115204,
                    0.9504632949829102,
                    -0.30567482113838196
                ],
                [
                    -0.6916344165802002,
                    0.18359845876693726,
                    0.6985223293304443
                ]
            ],
            [
                [
                    0.9997696876525879,
                    -0.02129392884671688,
                    0.0026726198848336935
                ],
                [
                    0.021366722881793976,
                    0.9992891550064087,
                    -0.031059572473168373
                ],
                [
                    -0.0020093396306037903,
                    0.03110952489078045,
                    0.9995139837265015
                ]
            ],
            [
                [
                    0.9995744228363037,
                    -0.006783480290323496,
                    -0.028371471911668777
                ],
                [
                    0.0051019322127103806,
                    0.9982492327690125,
                    -0.0589270256459713
                ],
                [
                    0.028721531853079796,
                    0.058757197111845016,
                    0.997859001159668
                ]
            ],
            [
                [
                    0.9741881489753723,
                    0.21661727130413055,
                    -0.06351730972528458
                ],
                [
                    -0.20618876814842224,
                    0.968410313129425,
                    0.14024138450622559
                ],
                [
                    0.09188952296972275,
                    -0.12352494150400162,
                    0.9880778789520264
                ]
            ],
            [
                [
                    0.9763721823692322,
                    -0.2130020707845688,
                    0.03643297031521797
                ],
                [
                    0.2040969282388687,
                    0.9643569588661194,
                    0.1684044599533081
                ],
                [
                    -0.07100488990545273,
                    -0.15698958933353424,
                    0.9850443601608276
                ]
            ]
        ],
        "betas": [
            -0.06746929883956909,
            0.21120017766952515,
            0.5709028244018555,
            0.41248446702957153,
            -0.011146485805511475,
            0.1296481490135193,
            0.05294191837310791,
            -0.1313934326171875,
            0.0733565092086792,
            -0.13420045375823975
        ]
    },
    "pred_cam_t": [
        0.005931908264756203,
        0.3628959357738495,
        26.429609298706055
    ],
    "focal_length": [
        5000.0,
        5000.0
    ],
    "pred_keypoints_3d": [
        [
            -0.01669429801404476,
            -0.8595331907272339,
            -0.16540855169296265
        ],
        [
            0.0014768901746720076,
            -0.7491424679756165,
            -0.0032807793468236923
        ],
        [
            -0.17247158288955688,
            -0.6622207164764404,
            0.044242650270462036
        ],
        [
            -0.1986607313156128,
            -0.43267565965652466,
            0.1442529857158661
        ],
        [
            -0.25006234645843506,
            -0.20880061388015747,
            0.03894232213497162
        ],
        [
            0.175090491771698,
            -0.6625438928604126,
            0.013479070737957954
        ],
        [
            0.23784305155277252,
            -0.43374934792518616,
            0.11571009457111359
        ],
        [
            0.29935964941978455,
            -0.23900796473026276,
            -0.02251507341861725
        ],
        [
            -0.0020316937007009983,
            -0.22861142456531525,
            0.026620475575327873
        ],
        [
            -0.06717954576015472,
            -0.13766790926456451,
            0.04213768243789673
        ],
        [
            -0.10327902436256409,
            0.24267064034938812,
            0.05975828692317009
        ],
        [
            -0.08480854332447052,
            0.4120261073112488,
            0.41844072937965393
        ],
        [
            0.0681062564253807,
            -0.13871046900749207,
            0.04175946116447449
        ],
        [
            0.15431568026542664,
            0.225094735622406,
            0.05721587315201759
        ],
        [
            0.18153569102287292,
            0.402874231338501,
            0.41086074709892273
        ],
        [
            -0.05095371603965759,
            -0.8968015909194946,
            -0.12900733947753906
        ],
        [
            0.014444715343415737,
            -0.9043827652931213,
            -0.1362483650445938
        ],
        [
            -0.07993215322494507,
            -0.8776826858520508,
            -0.031188350170850754
        ],
        [
            0.06370093673467636,
            -0.8943586349487305,
            -0.047573674470186234
        ],
        [
            0.20196156203746796,
            0.5827219486236572,
            0.33052730560302734
        ],
        [
            0.2642538845539093,
            0.5414520502090454,
            0.36860835552215576
        ],
        [
            0.18626806139945984,
            0.37716203927993774,
            0.4775029718875885
        ],
        [
            -0.07036103308200836,
            0.5898401141166687,
            0.33550840616226196
        ],
        [
            -0.14405058324337006,
            0.5615711212158203,
            0.37070661783218384
        ],
        [
            -0.09103360772132874,
            0.3944052457809448,
            0.4900592863559723
        ],
        [
            -0.1105419173836708,
            0.3654421865940094,
            0.39250460267066956
        ],
        [
            -0.10088162124156952,
            0.1871621459722519,
            0.04422489181160927
        ],
        [
            -0.14783616364002228,
            -0.25932952761650085,
            0.0344843715429306
        ],
        [
            0.14172834157943726,
            -0.24995148181915283,
            0.04299269616603851
        ],
        [
            0.16032926738262177,
            0.18882028758525848,
            0.04706837236881256
        ],
        [
            0.18602195382118225,
            0.3618665635585785,
            0.3985990285873413
        ],
        [
            -0.23641173541545868,
            -0.23691236972808838,
            0.01958511583507061
        ],
        [
            -0.23096013069152832,
            -0.44987452030181885,
            0.12164023518562317
        ],
        [
            -0.13823923468589783,
            -0.6913424134254456,
            0.03496803715825081
        ],
        [
            0.1452590972185135,
            -0.6940938234329224,
            0.01414535567164421
        ],
        [
            0.2682068943977356,
            -0.4601728022098541,
            0.08147208392620087
        ],
        [
            0.29812660813331604,
            -0.26014187932014465,
            -0.028034228831529617
        ],
        [
            0.002824571914970875,
            -0.7462127208709717,
            -0.0003880448639392853
        ],
        [
            -0.01188794244080782,
            -0.9390671253204346,
            -0.053704503923654556
        ],
        [
            -0.00235194549895823,
            -0.25451138615608215,
            0.03861028328537941
        ],
        [
            0.0021998733282089233,
            -0.6905204653739929,
            0.019292814657092094
        ],
        [
            0.0020376071333885193,
            -0.5064207315444946,
            0.033926378935575485
        ],
        [
            0.00016236957162618637,
            -0.8334027528762817,
            -0.09028027951717377
        ],
        [
            -0.017756855115294456,
            -0.9576823711395264,
            -0.044092629104852676
        ]
    ],
    "pred_vertices": [
        [
            0.020838333293795586,
            -0.951115608215332,
            -0.13689035177230835
        ],
        [
            0.01574089750647545,
            -0.9364994764328003,
            -0.14265158772468567
        ],
        [
            0.02777225524187088,
            -0.9338963031768799,
            -0.13528892397880554
        ],
        [
            0.03337792307138443,
            -0.9451819658279419,
            -0.12623624503612518
        ],
        [
            0.024214979261159897,
            -0.9248204231262207,
            -0.14043106138706207
        ],
        [
            0.013614542782306671,
            -0.925026535987854,
            -0.14635838568210602
        ],
        [
            0.03606277331709862,
            -0.9285064935684204,
            -0.12556105852127075
        ],
        [
            0.041337959468364716,
            -0.9362709522247314,
            -0.11543391644954681
        ],
        [
            0.04667428135871887,
            -0.894172191619873,
            -0.11577640473842621
        ],
        [
            0.05190427601337433,
            -0.889762282371521,
            -0.10682821273803711
        ],
        [
            0.05046362802386284,
            -0.9013397097587585,
            -0.1079728752374649
        ],
        [
            0.04437979683279991,
            -0.9023537635803223,
            -0.11623593419790268
        ],
        [
            0.048959702253341675,
            -0.8679401874542236,
            -0.11287465691566467
        ],
        [
            0.04307994246482849,
            -0.8582497835159302,
            -0.1207781732082367
        ],
        [
            0.047180213034152985,
            -0.849206268787384,
            -0.11162203550338745
        ],
        [
            0.05195610597729683,
            -0.8582252264022827,
            -0.1029239371418953
        ],
        [
            0.007580919191241264,
            -0.8694533705711365,
            -0.14073476195335388
        ],
        [
            0.013743885792791843,
            -0.8634397983551025,
            -0.1402195692062378
        ],
        [
            0.016860760748386383,
            -0.8704649806022644,
            -0.1395680010318756
        ],
        [
            0.01003272831439972,
            -0.8755513429641724,
            -0.1396743357181549
        ],
        [
            -0.0032146498560905457,
            -0.8778420686721802,
            -0.14592251181602478
        ],
        [
            -0.0025624893605709076,
            -0.8833125829696655,
            -0.14248217642307281
        ],
        [
            -0.00808093324303627,
            -0.8868190050125122,
            -0.1470540165901184
        ],
        [
            -0.007919562980532646,
            -0.880705714225769,
            -0.1516461968421936
        ],
        [
            0.0028078965842723846,
            -0.8636505603790283,
            -0.14047273993492126
        ],
        [
            0.009434163570404053,
            -0.8574864268302917,
            -0.1395716369152069
        ],
        [
            0.002157554030418396,
            -0.8746339082717896,
            -0.14185494184494019
        ],
        [
            0.0005340389907360077,
            -0.8695895671844482,
            -0.14404988288879395
        ],
        [
            -0.0025330763310194016,
            -0.8635520935058594,
            -0.15423136949539185
        ],
        [
            -0.001500079408288002,
            -0.8682993054389954,
            -0.15274539589881897
        ],
        [
            -0.005545185878872871,
            -0.8691852688789368,
            -0.15938113629817963
        ],
        [
            -0.006052261218428612,
            -0.8635801076889038,
            -0.15878978371620178
        ],
        [
            0.0009162873029708862,
            -0.8627886772155762,
            -0.1452282816171646
        ],
        [
            0.0008871704339981079,
            -0.8657927513122559,
            -0.14804811775684357
        ],
        [
            -0.0012438111007213593,
            -0.8619025945663452,
            -0.15026840567588806
        ],
        [
            -0.0021211374551057816,
            -0.8595653772354126,
            -0.1469063013792038
        ],
        [
            -0.0036315713077783585,
            -0.873498797416687,
            -0.14889076352119446
        ],
        [
            -0.007197704166173935,
            -0.8753230571746826,
            -0.15557323396205902
        ],
        [
            -0.011762112379074097,
            -0.8765860199928284,
            -0.16228994727134705
        ],
        [
            -0.010126516222953796,
            -0.8683274984359741,
            -0.16597704589366913
        ],
        [
            0.026420999318361282,
            -0.8508750796318054,
            -0.13472816348075867
        ],
        [
            0.0203652735799551,
            -0.8573518395423889,
            -0.13865621387958527
        ],
        [
            0.015915557742118835,
            -0.8519479036331177,
            -0.13843712210655212
        ],
        [
            0.02141093835234642,
            -0.8468503952026367,
            -0.13598522543907166
        ],
        [
            -0.0003289487212896347,
            -0.856502115726471,
            -0.1436074823141098
        ],
        [
            0.005050875246524811,
            -0.8409737348556519,
            -0.14422953128814697
        ],
        [
            0.004888366907835007,
            -0.8448163866996765,
            -0.14441247284412384
        ],
        [
            -0.0014259442687034607,
            -0.8451229333877563,
            -0.14788147807121277
        ],
        [
            -0.0006306488066911697,
            -0.8416138887405396,
            -0.14758983254432678
        ],
        [
            0.03344007208943367,
            -0.836785078048706,
            -0.12637782096862793
        ],
        [
            0.027645889669656754,
            -0.835304856300354,
            -0.1303717941045761
        ],
        [
            0.028964456170797348,
            -0.8283501267433167,
            -0.1277797818183899
        ],
        [
            0.03436883166432381,
            -0.8284246921539307,
            -0.12245052307844162
        ],
        [
            0.027378659695386887,
            -0.8223377466201782,
            -0.1264413595199585
        ],
        [
            0.034160859882831573,
            -0.8202751874923706,
            -0.1190381795167923
        ],
        [
            0.026676420122385025,
            -0.8052030801773071,
            -0.11857778578996658
        ],
        [
            0.030687958002090454,
            -0.8119049072265625,
            -0.11853361129760742
        ],
        [
            0.024157503619790077,
            -0.8163277506828308,
            -0.12669220566749573
        ],
        [
            0.019332122057676315,
            -0.8106613159179688,
            -0.12962989509105682
        ],
        [
            0.006386803463101387,
            -0.8142321109771729,
            -0.13763827085494995
        ],
        [
            0.0006276890635490417,
            -0.8124699592590332,
            -0.1399455964565277
        ],
        [
            0.006567263975739479,
            -0.8007948994636536,
            -0.13821926712989807
        ],
        [
            0.012825334444642067,
            -0.8049191236495972,
            -0.13436830043792725
        ],
        [
            0.005706137046217918,
            -0.8355591893196106,
            -0.13980960845947266
        ],
        [
            0.009673548862338066,
            -0.8360116481781006,
            -0.13717243075370789
        ],
        [
            0.009633449837565422,
            -0.837543249130249,
            -0.13949836790561676
        ],
        [
            0.00535111129283905,
            -0.8382161855697632,
            -0.14262770116329193
        ],
        [
            0.013203293085098267,
            -0.8361762762069702,
            -0.1353590190410614
        ],
        [
            0.014853890053927898,
            -0.8361154794692993,
            -0.13466817140579224
        ],
        [
            0.01446379255503416,
            -0.8373765349388123,
            -0.13593600690364838
        ],
        [
            0.012946330942213535,
            -0.8369305729866028,
            -0.13606493175029755
        ],
        [
            0.011081261560320854,
            -0.836362361907959,
            -0.1365780532360077
        ],
        [
            0.010327987372875214,
            -0.8343223929405212,
            -0.13695821166038513
        ],
        [
            0.012440166436135769,
            -0.8352960348129272,
            -0.13580438494682312
        ],
        [
            0.0068475957959890366,
            -0.8331319093704224,
            -0.1396358609199524
        ],
        [
            -0.005680041387677193,
            -0.8291826248168945,
            -0.14662045240402222
        ],
        [
            -0.001809520646929741,
            -0.8305102586746216,
            -0.14546358585357666
        ],
        [
            -0.0036349426954984665,
            -0.8347681760787964,
            -0.14450453221797943
        ],
        [
            -0.006982279941439629,
            -0.8338470458984375,
            -0.14546211063861847
        ],
        [
            0.012436303310096264,
            -0.8385938405990601,
            -0.13780710101127625
        ],
        [
            0.014901231043040752,
            -0.8408622741699219,
            -0.13733424246311188
        ],
        [
            0.01083972118794918,
            -0.8431732654571533,
            -0.14067010581493378
        ],
        [
            0.010003799572587013,
            -0.8402934074401855,
            -0.14001627266407013
        ],
        [
            0.01738044060766697,
            -0.8430495858192444,
            -0.13730083405971527
        ],
        [
            0.016589980572462082,
            -0.838810384273529,
            -0.13540390133857727
        ],
        [
            0.0195423886179924,
            -0.8394807577133179,
            -0.13489341735839844
        ],
        [
            0.014520865865051746,
            -0.8342800736427307,
            -0.13463087379932404
        ],
        [
            0.017397811636328697,
            -0.8328960537910461,
            -0.13325367867946625
        ],
        [
            0.01761314645409584,
            -0.8356357216835022,
            -0.1342582404613495
        ],
        [
            0.01577979326248169,
            -0.8294227123260498,
            -0.13363344967365265
        ],
        [
            0.012313729152083397,
            -0.8321192264556885,
            -0.13564886152744293
        ],
        [
            0.008965948596596718,
            -0.8299201726913452,
            -0.13828407227993011
        ],
        [
            0.004470638930797577,
            -0.8278156518936157,
            -0.14160829782485962
        ],
        [
            0.00749615766108036,
            -0.8232497572898865,
            -0.13862019777297974
        ],
        [
            0.012344315648078918,
            -0.8260823488235474,
            -0.13574759662151337
        ],
        [
            0.012421958148479462,
            -0.8468320369720459,
            -0.139972522854805
        ],
        [
            0.02194296009838581,
            -0.8354167938232422,
            -0.1325647532939911
        ],
        [
            0.024807466194033623,
            -0.8420771956443787,
            -0.13291870057582855
        ],
        [
            0.022386256605386734,
            -0.8305780291557312,
            -0.13143840432167053
        ],
        [
            0.02084312029182911,
            -0.8258811831474304,
            -0.13100364804267883
        ],
        [
            0.017254237085580826,
            -0.8214266896247864,
            -0.1319326013326645
        ],
        [
            0.012071331962943077,
            -0.8174761533737183,
            -0.13496921956539154
        ],
        [
            0.010434992611408234,
            -0.7924089431762695,
            -0.12675216794013977
        ],
        [
            0.01832524500787258,
            -0.7980592250823975,
            -0.12324842065572739
        ],
        [
            0.012457981705665588,
            -0.9177847504615784,
            -0.1435355842113495
        ],
        [
            0.021261535584926605,
            -0.9175423383712769,
            -0.1413782835006714
        ],
        [
            0.022780798375606537,
            -0.9099780917167664,
            -0.13643017411231995
        ],
        [
            0.024388017132878304,
            -0.913104772567749,
            -0.13636597990989685
        ],
        [
            0.018790924921631813,
            -0.9132812023162842,
            -0.13938917219638824
        ],
        [
            0.01863129436969757,
            -0.9105027914047241,
            -0.1386776566505432
        ],
        [
            0.03781295567750931,
            -0.9039153456687927,
            -0.12194046378135681
        ],
        [
            0.03265458345413208,
            -0.9052205085754395,
            -0.12635491788387299
        ],
        [
            0.03345396742224693,
            -0.9015112519264221,
            -0.12477672100067139
        ],
        [
            0.040178731083869934,
            -0.8976125717163086,
            -0.12128335982561111
        ],
        [
            0.026373229920864105,
            -0.8931302428245544,
            -0.13135020434856415
        ],
        [
            0.030639976263046265,
            -0.8948706984519958,
            -0.12826120853424072
        ],
        [
            0.02609916217625141,
            -0.9011287689208984,
            -0.13087543845176697
        ],
        [
            0.023004738613963127,
            -0.8998898267745972,
            -0.13315729796886444
        ],
        [
            0.019227610900998116,
            -0.8990228176116943,
            -0.13503724336624146
        ],
        [
            0.014986949041485786,
            -0.8986424207687378,
            -0.13597190380096436
        ],
        [
            0.015721846371889114,
            -0.8932214975357056,
            -0.1353955715894699
        ],
        [
            0.02098577469587326,
            -0.8928021192550659,
            -0.13388463854789734
        ],
        [
            0.012133307754993439,
            -0.9137672185897827,
            -0.14037184417247772
        ],
        [
            0.005123632028698921,
            -0.912320613861084,
            -0.13964784145355225
        ],
        [
            0.006751224398612976,
            -0.9094035029411316,
            -0.13908013701438904
        ],
        [
            0.012752052396535873,
            -0.9105967283248901,
            -0.1400759220123291
        ],
        [
            -0.0022816620767116547,
            -0.901922881603241,
            -0.1334228217601776
        ],
        [
            -0.0013821478933095932,
            -0.9045246839523315,
            -0.13455063104629517
        ],
        [
            -0.005027925595641136,
            -0.9055690169334412,
            -0.13562645018100739
        ],
        [
            -0.005431968718767166,
            -0.9009689092636108,
            -0.13466306030750275
        ],
        [
            -0.0029480066150426865,
            -0.8980981707572937,
            -0.13485854864120483
        ],
        [
            -0.0009044818580150604,
            -0.9003354907035828,
            -0.1339871734380722
        ],
        [
            0.010282795876264572,
            -0.9715864658355713,
            -0.13412269949913025
        ],
        [
            0.006388606503605843,
            -0.9539601802825928,
            -0.14284498989582062
        ],
        [
            0.026969509199261665,
            -0.965900182723999,
            -0.12331435829401016
        ],
        [
            0.03818352520465851,
            -0.9565168619155884,
            -0.11274150013923645
        ],
        [
            0.04691837728023529,
            -0.9440538883209229,
            -0.1034250557422638
        ],
        [
            0.04039108753204346,
            -0.8417060971260071,
            -0.11981555819511414
        ],
        [
            0.042910389602184296,
            -0.8327789306640625,
            -0.11370228230953217
        ],
        [
            0.050376661121845245,
            -0.8406580686569214,
            -0.10233579576015472
        ],
        [
            0.049631379544734955,
            -0.8299422860145569,
            -0.09704968333244324
        ],
        [
            0.042173609137535095,
            -0.822120726108551,
            -0.10934930294752121
        ],
        [
            0.030546633526682854,
            -0.8025720715522766,
            -0.10506171733140945
        ],
        [
            0.0381610132753849,
            -0.8114190697669983,
            -0.1065237820148468
        ],
        [
            0.04568983614444733,
            -0.8194659948348999,
            -0.09077896177768707
        ],
        [
            0.052845701575279236,
            -0.8323900103569031,
            -0.07646307349205017
        ],
        [
            0.05486122518777847,
            -0.8398916721343994,
            -0.08516167104244232
        ],
        [
            0.05590289831161499,
            -0.8479974269866943,
            -0.064333975315094
        ],
        [
            0.04882656782865524,
            -0.8244665265083313,
            -0.0640719011425972
        ],
        [
            0.053443942219018936,
            -0.8465495109558105,
            -0.05557842180132866
        ],
        [
            0.036407679319381714,
            -0.7861802577972412,
            -0.0652109831571579
        ],
        [
            0.03928050026297569,
            -0.7742555141448975,
            -0.06073887646198273
        ],
        [
            0.050659939646720886,
            -0.7824395895004272,
            -0.04852565377950668
        ],
        [
            0.04858435317873955,
            -0.7943167686462402,
            -0.05301755294203758
        ],
        [
            0.05481471121311188,
            -0.8487664461135864,
            -0.09344930946826935
        ],
        [
            0.051633626222610474,
            -0.912560224533081,
            -0.10020974278450012
        ],
        [
            0.04688632860779762,
            -0.9116064310073853,
            -0.11122547090053558
        ],
        [
            0.054587963968515396,
            -0.8995097875595093,
            -0.09700042754411697
        ],
        [
            0.05012981966137886,
            -0.9715518951416016,
            -0.08153185993432999
        ],
        [
            0.04457549750804901,
            -0.9666262865066528,
            -0.09884549677371979
        ],
        [
            0.05283398926258087,
            -0.9514613151550293,
            -0.09227820485830307
        ],
        [
            0.0573851652443409,
            -0.9582744836807251,
            -0.07693471759557724
        ],
        [
            0.018978875130414963,
            -1.0031336545944214,
            -0.08825979381799698
        ],
        [
            0.016150007024407387,
            -0.9904505014419556,
            -0.11302337795495987
        ],
        [
            0.02949700318276882,
            -0.9796613454818726,
            -0.10639519989490509
        ],
        [
            0.033891692757606506,
            -0.9899634122848511,
            -0.0863327831029892
        ],
        [
            0.05985592305660248,
            -0.9600208401679993,
            -0.06404345482587814
        ],
        [
            0.061751849949359894,
            -0.9610762596130371,
            -0.04541174694895744
        ],
        [
            0.05688844621181488,
            -0.9765138030052185,
            -0.0382208451628685
        ],
        [
            0.05294700711965561,
            -0.9767146110534668,
            -0.06066292151808739
        ],
        [
            0.04304606467485428,
            -0.9951846599578857,
            -0.03061944618821144
        ],
        [
            0.03900992125272751,
            -0.9961093068122864,
            -0.05766436830163002
        ],
        [
            0.053644824773073196,
            -0.8329098224639893,
            -0.04456133395433426
        ],
        [
            0.053691890090703964,
            -0.8512195348739624,
            -0.042980097234249115
        ],
        [
            0.046113476157188416,
            -0.8082895278930664,
            -0.059524230659008026
        ],
        [
            0.05387355387210846,
            -0.8165178298950195,
            -0.04404154792428017
        ],
        [
            0.02401624247431755,
            -1.008509874343872,
            -0.023987941443920135
        ],
        [
            0.020382951945066452,
            -1.010931134223938,
            -0.056337714195251465
        ],
        [
            0.05666712671518326,
            -0.9377896189689636,
            0.003939829766750336
        ],
        [
            0.05690401792526245,
            -0.9559203386306763,
            -0.004219554364681244
        ],
        [
            0.06295794248580933,
            -0.9438353180885315,
