{
    "pred_cam": [
        1.4657840728759766,
        0.008130298927426338,
        0.3494505286216736
    ],
    "pred_smpl_params": {
        "global_orient": [
            [
                [
                    0.996737003326416,
                    0.027204271405935287,
                    -0.07599470764398575
                ],
                [
                    0.032434772700071335,
                    -0.9971262216567993,
                    0.0684632882475853
                ],
                [
                    -0.0739138200879097,
                    -0.07070476561784744,
                    -0.9947549700737
                ]
            ]
        ],
        "body_pose": [
            [
                [
                    0.9909800887107849,
                    -0.13030949234962463,
                    0.031271371990442276
                ],
                [
                    0.12907199561595917,
                    0.9908765554428101,
                    0.0387837216258049
                ],
                [
                    -0.03603995218873024,
                    -0.03439763933420181,
                    0.9987582564353943
                ]
            ],
            [
                [
                    0.9991941452026367,
                    0.030912887305021286,
                    0.02560286596417427
                ],
                [
                    -0.03347428888082504,
                    0.9937445521354675,
                    0.10654229670763016
                ],
                [
                    -0.02214917726814747,
                    -0.10731346905231476,
                    0.9939785003662109
                ]
            ],
            [
                [
                    0.9991537928581238,
                    0.006775356363505125,
                    -0.040568865835666656
                ],
                [
                    -0.009067682549357414,
                    0.9983564019203186,
                    -0.056589819490909576
                ],
                [
                    0.04011876508593559,
                    0.056909795850515366,
                    0.9975730180740356
                ]
            ],
            [
                [
                    0.9813297390937805,
                    -0.012784297578036785,
                    -0.1919076144695282
                ],
                [
                    -0.1381695568561554,
                    0.6472455859184265,
                    -0.7496547698974609
                ],
                [
                    0.13379515707492828,
                    0.7621743083000183,
                    0.6333949565887451
                ]
            ],
            [
                [
                    0.9816904067993164,
                    0.006799016613513231,
                    0.19036218523979187
                ],
                [
                    0.14757493138313293,
                    0.6047322154045105,
                    -0.7826368808746338
                ],
                [
                    -0.1204393208026886,
                    0.7963997721672058,
                    0.5926564335823059
                ]
            ],
            [
                [
                    0.9997703433036804,
                    -0.003918153699487448,
                    -0.021067949011921883
                ],
                [
                    0.005150352139025927,
                    0.9982591867446899,
                    0.05875447764992714
                ],
                [
                    0.020801065489649773,
                    -0.05884949490427971,
                    0.9980500936508179
                ]
            ],
            [
                [
                    0.9739485383033752,
                    0.09271176159381866,
                    0.20695123076438904
                ],
                [
                    -0.1105547845363617,
                    0.9909319281578064,
                    0.07636384665966034
                ],
                [
                    -0.19799476861953735,
                    -0.09725389629602432,
                    0.9753664135932922
                ]
            ],
            [
                [
                    0.9774700403213501,
                    -0.04697380214929581,
                    -0.20578084886074066
                ],
                [
                    0.0652744472026825,
                    0.9944041967391968,
                    0.08306340128183365
                ],
                [
                    0.20072753727436066,
                    -0.09462421387434006,
                    0.9750664830207825
                ]
            ],
            [
                [
                    0.999086856842041,
                    -0.0040664211846888065,
                    -0.04253082722425461
                ],
                [
                    -0.0006435795221477747,
                    0.9939150810241699,
                    -0.11014749109745026
                ],
                [
                    0.04271993413567543,
                    0.11007428914308548,
                    0.9930048584938049
                ]
            ],
            [
                [
                    0.9818858504295349,
                    -0.18244706094264984,
                    -0.05111914128065109
                ],
                [
                    0.18906660377979279,
                    0.961111307144165,
                    0.2012929469347
                ],
                [
                    0.012405882589519024,
                    -0.20731163024902344,
                    0.9781962633132935
                ]
            ],
            [
                [
                    0.9863238334655762,
                    0.15868066251277924,
                    0.044561147689819336
                ],
                [
                    -0.1644722819328308,
                    0.9651181101799011,
                    0.20370525121688843
                ],
                [
                    -0.010682685300707817,
                    -0.20824843645095825,
                    0.9780175685882568
                ]
            ],
            [
                [
                    0.9976004362106323,
                    -0.06430374830961227,
                    0.025661498308181763
                ],
                [
                    0.05932752043008804,
                    0.985018253326416,
                    0.16192372143268585
                ],
                [
                    -0.0356893427670002,
                    -0.16001272201538086,
                    0.9864696264266968
                ]
            ],
            [
                [
                    0.9461462497711182,
                    0.3109985888004303,
                    0.08992907404899597
                ],
                [
                    -0.3034564256668091,
                    0.9487423896789551,
                    -0.08832955360412598
                ],
                [
                    -0.11278988420963287,
                    0.05628311261534691,
                    0.9920235872268677
                ]
            ],
            [
                [
                    0.9395884275436401,
                    -0.3101474642753601,
                    -0.14485180377960205
                ],
                [
                    0.29918599128723145,
                    0.9496802687644958,
                    -0.09271012246608734
                ],
                [
                    0.1663167029619217,
                    0.043771736323833466,
                    0.9851003885269165
                ]
            ],
            [
                [
                    0.9984900951385498,
                    -0.05337114632129669,
                    0.013009217567741871
                ],
                [
                    0.054692793637514114,
                    0.9879897832870483,
                    -0.14451612532138824
                ],
                [
                    -0.005139979533851147,
                    0.14500941336154938,
                    0.9894170165061951
                ]
            ],
            [
                [
                    0.5573901534080505,
                    0.8048964738845825,
                    -0.20361222326755524
                ],
                [
                    -0.8282079100608826,
                    0.5562319159507751,
                    -0.06839390099048615
                ],
                [
                    0.058205608278512955,
                    0.20675534009933472,
                    0.9766598343849182
                ]
            ],
            [
                [
                    0.5028628706932068,
                    -0.8452235460281372,
                    0.18090374767780304
                ],
                [
                    0.8630660176277161,
                    0.4795113205909729,
                    -0.15870092809200287
                ],
                [
                    0.047392360866069794,
                    0.23593667149543762,
                    0.9706121683120728
                ]
            ],
            [
                [
                    0.6744155287742615,
                    -0.24693521857261658,
                    -0.6958353519439697
                ],
                [
                    0.11950942873954773,
                    0.9664976000785828,
                    -0.22715620696544647
                ],
                [
                    0.7286159992218018,
                    0.070038802921772,
                    0.6813320517539978
                ]
            ],
            [
                [
                    0.6784235239028931,
                    0.25879424810409546,
                    0.6875805258750916
                ],
                [
                    -0.05804426968097687,
                    0.9518582820892334,
                    -0.30099281668663025
                ],
                [
                    -0.7323744297027588,
                    0.16429048776626587,
                    0.6607846021652222
                ]
            ],
            [
                [
                    0.9994266629219055,
                    -0.033734407275915146,
                    -0.0028597379568964243
                ],
                [
                    0.033690519630908966,
                    0.9993312954902649,
                    -0.014208548702299595
                ],
                [
                    0.0033371425233781338,
                    0.014104058966040611,
                    0.9998948574066162
                ]
            ],
            [
                [
                    0.9998025298118591,
                    0.006520093884319067,
                    -0.018772169947624207
                ],
                [
                    -0.006934166885912418,
                    0.999732255935669,
                    -0.022077614441514015
                ],
                [
                    0.018623193725943565,
                    0.02220342494547367,
                    0.9995800256729126
                ]
            ],
            [
                [
                    0.9764829874038696,
                    0.20631670951843262,
                    -0.06256580352783203
                ],
                [
                    -0.19622397422790527,
                    0.9707241654396057,
                    0.13853028416633606
                ],
                [
                    0.0893152579665184,
                    -0.1229955404996872,
                    0.9883798956871033
                ]
            ],
            [
                [
                    0.9777161478996277,
                    -0.20708802342414856,
                    0.03443221002817154
                ],
                [
                    0.19877271354198456,
                    0.9659727215766907,
                    0.1654873639345169
                ],
                [
                    -0.0675310343503952,
                    -0.15495549142360687,
                    0.9856106042861938
                ]
            ]
        ],
        "betas": [
            0.007531329989433289,
            0.19529907405376434,
            0.5874089002609253,
            0.7622377872467041,
            0.0034404098987579346,
            0.0878990888595581,
            0.018189966678619385,
            -0.06254434585571289,
            0.03612057864665985,
            -0.09768831729888916
        ]
    },
    "pred_cam_t": [
        0.008130298927426338,
        0.3494505286216736,
        26.649559020996094
    ],
    "focal_length": [
        5000.0,
        5000.0
    ],
    "pred_keypoints_3d": [
        [
            -0.009480882436037064,
            -0.8716651201248169,
            -0.16390344500541687
        ],
        [
            0.01721125841140747,
            -0.7581393718719482,
            -0.002875685691833496
        ],
        [
            -0.15552139282226562,
            -0.6760048270225525,
            0.06493761390447617
        ],
        [
            -0.18565180897712708,
            -0.4523393511772156,
            0.17629194259643555
        ],
        [
            -0.25771236419677734,
            -0.23329533636569977,
            0.07215606421232224
        ],
        [
            0.1911156177520752,
            -0.6605110168457031,
            -0.007951932027935982
        ],
        [
            0.2566940188407898,
            -0.421324759721756,
            0.06478969752788544
        ],
        [
            0.28098639845848083,
            -0.22616596519947052,
            -0.08514729142189026
        ],
        [
            -0.002349935472011566,
            -0.23277169466018677,
            0.026256917044520378
        ],
        [
            -0.07004895806312561,
            -0.1445113718509674,
            0.04275720566511154
        ],
        [
            -0.13279595971107483,
            0.23228421807289124,
            0.03911585360765457
        ],
        [
            -0.12474071234464645,
            0.44811058044433594,
            0.3717377781867981
        ],
        [
            0.06308954954147339,
            -0.1392233818769455,
            0.03531665354967117
        ],
        [
            0.13513439893722534,
            0.22708375751972198,
            0.046012043952941895
        ],
        [
            0.17093253135681152,
            0.43647050857543945,
            0.38047361373901367
        ],
        [
            -0.04052348434925079,
            -0.9093048572540283,
            -0.1245516687631607
        ],
        [
            0.024502642452716827,
            -0.9156250953674316,
            -0.1362532377243042
        ],
        [
            -0.06382182240486145,
            -0.8901057243347168,
            -0.02455444633960724
        ],
        [
            0.08006241917610168,
            -0.9040356278419495,
            -0.05089733004570007
        ],
        [
            0.17461492121219635,
            0.6120190620422363,
            0.2854900658130646
        ],
        [
            0.24185344576835632,
            0.5771515965461731,
            0.3230985999107361
        ],
        [
            0.18039432168006897,
            0.4170377254486084,
            0.44909724593162537
        ],
        [
            -0.12515777349472046,
            0.6178292036056519,
            0.26927775144577026
        ],
        [
            -0.19650624692440033,
            0.5874595046043396,
            0.30971819162368774
        ],
        [
            -0.12734146416187286,
            0.43843933939933777,
            0.445406049489975
        ],
        [
            -0.14675574004650116,
            0.3967893123626709,
            0.35262584686279297
        ],
        [
            -0.1261923611164093,
            0.17532475292682648,
            0.027379445731639862
        ],
        [
            -0.14430266618728638,
            -0.2710058093070984,
            0.04376649484038353
        ],
        [
            0.14119531214237213,
            -0.24756863713264465,
            0.035643432289361954
        ],
        [
            0.1416650414466858,
            0.18990081548690796,
            0.03611621633172035
        ],
        [
            0.1770980805158615,
            0.3950060307979584,
            0.3716186583042145
        ],
        [
            -0.24468910694122314,
            -0.2616371810436249,
            0.05152026563882828
        ],
        [
            -0.21873679757118225,
            -0.471206933259964,
            0.15581703186035156
        ],
        [
            -0.12128161638975143,
            -0.7044246196746826,
            0.0518365204334259
        ],
        [
            0.1630077064037323,
            -0.6945987343788147,
            -0.0033956849947571754
        ],
        [
            0.28194770216941833,
            -0.4477138817310333,
            0.02696816250681877
        ],
        [
            0.28068187832832336,
            -0.2474898099899292,
            -0.09064895659685135
        ],
        [
            0.019285665825009346,
            -0.7536838054656982,
            -4.263315349817276e-05
        ],
        [
            0.004338153172284365,
            -0.9506913423538208,
            -0.05243265628814697
        ],
        [
            -0.0009225995163433254,
            -0.25907835364341736,
            0.039257705211639404
        ],
        [
            0.018817294389009476,
            -0.6972109079360962,
            0.01932966522872448
        ],
        [
            0.013643156737089157,
            -0.5141713619232178,
            0.03750006854534149
        ],
        [
            0.01172210369259119,
            -0.8441897034645081,
            -0.0894605740904808
        ],
        [
            -0.00041564670391380787,
            -0.9693675637245178,
            -0.042287614196538925
        ]
    ],
    "pred_vertices": [
        [
            0.03175632283091545,
            -0.9620301723480225,
            -0.1375611275434494
        ],
        [
            0.02611725404858589,
            -0.9476083517074585,
            -0.1431201696395874
        ],
        [
            0.03857165575027466,
            -0.944797158241272,
            -0.13655918836593628
        ],
        [
            0.04491300508379936,
            -0.9558643698692322,
            -0.127842515707016
        ],
        [
            0.03453676402568817,
            -0.9358488321304321,
            -0.14148032665252686
        ],
        [
            0.0235447958111763,
            -0.936330258846283,
            -0.14661471545696259
        ],
        [
            0.04744885116815567,
            -0.9391918182373047,
            -0.12739405035972595
        ],
        [
            0.05349557846784592,
            -0.9466547966003418,
            -0.1176038384437561
        ],
        [
            0.057780131697654724,
            -0.9045413732528687,
            -0.11818672716617584
        ],
        [
            0.06355084478855133,
            -0.9000434875488281,
            -0.10968328267335892
        ],
        [
            0.06227315962314606,
            -0.9117344617843628,
            -0.11072736978530884
        ],
        [
            0.055722691118717194,
            -0.9128642082214355,
            -0.11851629614830017
        ],
        [
            0.05988844484090805,
            -0.8781555891036987,
            -0.11552031338214874
        ],
        [
            0.05328497290611267,
            -0.8686021566390991,
            -0.12295156717300415
        ],
        [
            0.05796331167221069,
            -0.8593883514404297,
            -0.11422857642173767
        ],
        [
            0.06356233358383179,
            -0.8683158159255981,
            -0.10588739067316055
        ],
        [
            0.016628799960017204,
            -0.8807821273803711,
            -0.14045819640159607
        ],
        [
            0.02270347997546196,
            -0.8745742440223694,
            -0.1403796225786209
        ],
        [
            0.02598358318209648,
            -0.8815677165985107,
            -0.1398707628250122
        ],
        [
            0.01926327869296074,
            -0.8868348598480225,
            -0.13950982689857483
        ],
        [
            0.005682341754436493,
            -0.8895947933197021,
            -0.14500121772289276
        ],
        [
            0.0066821761429309845,
            -0.8950115442276001,
            -0.14153356850147247
        ],
        [
            0.000965021550655365,
            -0.898682177066803,
            -0.14582352340221405
        ],
        [
            0.0006913039833307266,
            -0.8926098346710205,
            -0.15051482617855072
        ],
        [
            0.011758962646126747,
            -0.8750720024108887,
            -0.13999438285827637
        ],
        [
            0.018351037055253983,
            -0.8686712384223938,
            -0.13958823680877686
        ],
        [
            0.01122426986694336,
            -0.8861420154571533,
            -0.14119863510131836
        ],
        [
            0.009385133162140846,
            -0.8812358379364014,
            -0.14343780279159546
        ],
        [
            0.0055360738188028336,
            -0.8753290176391602,
            -0.15361937880516052
        ],
        [
            0.006784932687878609,
            -0.8800691366195679,
            -0.15215757489204407
        ],
        [
            0.0023244135081768036,
            -0.8810752630233765,
            -0.15856832265853882
        ],
        [
            0.0017096307128667831,
            -0.875454843044281,
            -0.15797170996665955
        ],
        [
            0.009585760533809662,
            -0.8744180202484131,
            -0.14475032687187195
        ],
        [
            0.009441765025258064,
            -0.8774893879890442,
            -0.14757396280765533
        ],
        [
            0.007080480456352234,
            -0.8736422061920166,
            -0.14970232546329498
        ],
        [
            0.006365913897752762,
            -0.871267557144165,
            -0.14628684520721436
        ],
        [
            0.005027072504162788,
            -0.8853211402893066,
            -0.14805567264556885
        ],
        [
            0.0010562743991613388,
            -0.8872620463371277,
            -0.15456879138946533
        ],
        [
            -0.003937205299735069,
            -0.8886581659317017,
            -0.1610722541809082
        ],
        [
            -0.0027541983872652054,
            -0.8803415298461914,
            -0.16493666172027588
        ],
        [
            0.035564254969358444,
            -0.8615981340408325,
            -0.13584133982658386
        ],
        [
            0.02934246137738228,
            -0.8682911396026611,
            -0.13928061723709106
        ],
        [
            0.02483922615647316,
            -0.8629324436187744,
            -0.13890667259693146
        ],
        [
            0.030430767685174942,
            -0.8576499819755554,
            -0.13688534498214722
        ],
        [
            0.008335869759321213,
            -0.8680610656738281,
            -0.14311626553535461
        ],
        [
            0.013369541615247726,
            -0.8522059321403503,
            -0.1441938728094101
        ],
        [
            0.013282807543873787,
            -0.8561217784881592,
            -0.14438217878341675
        ],
        [
            0.00674351304769516,
            -0.8565762639045715,
            -0.14746403694152832
        ],
        [
            0.0074614714831113815,
            -0.8529757857322693,
            -0.14718374609947205
        ],
        [
            0.04298635944724083,
            -0.8471599817276001,
            -0.1281648576259613
        ],
        [
            0.03692765533924103,
            -0.8457999229431152,
            -0.13186456263065338
        ],
        [
            0.03833123296499252,
            -0.8386983871459961,
            -0.12942710518836975
        ],
        [
            0.04406177997589111,
            -0.8386625647544861,
            -0.12437592446804047
        ],
        [
            0.03672518581151962,
            -0.8325831294059753,
            -0.12806089222431183
        ],
        [
            0.0439605750143528,
            -0.8304071426391602,
            -0.1210777536034584
        ],
        [
            0.03613906726241112,
            -0.8153108954429626,
            -0.12029208242893219
        ],
        [
            0.04031998664140701,
            -0.822013258934021,
            -0.12041185051202774
        ],
        [
            0.033345140516757965,
            -0.8265694379806519,
            -0.12816214561462402
        ],
        [
            0.02816939353942871,
            -0.8209426403045654,
            -0.1308429092168808
        ],
        [
            0.014687037095427513,
            -0.8249222040176392,
            -0.13782952725887299
        ],
        [
            0.008658787235617638,
            -0.8232835531234741,
            -0.13980086147785187
        ],
        [
            0.014543392695486546,
            -0.8113549947738647,
            -0.1385842263698578
        ],
        [
            0.021185196936130524,
            -0.8153181672096252,
            -0.1351940780878067
        ],
        [
            0.014185171574354172,
            -0.8465945720672607,
            -0.13976898789405823
        ],
        [
            0.01837194710969925,
            -0.8469430804252625,
            -0.13740362226963043
        ],
        [
            0.018197469413280487,
            -0.8485167622566223,
            -0.13972099125385284
        ],
        [
            0.013697268441319466,
            -0.8493061661720276,
            -0.14254647493362427
        ],
        [
            0.02208819054067135,
            -0.8470038175582886,
            -0.135843887925148
        ],
        [
            0.023798715323209763,
            -0.8469194769859314,
            -0.1352628469467163
        ],
        [
            0.023323548957705498,
            -0.8482282161712646,
            -0.1365022361278534
        ],
        [
            0.021794350817799568,
            -0.8478037118911743,
            -0.13650532066822052
        ],
        [
            0.01987595483660698,
            -0.8472583293914795,
            -0.13688868284225464
        ],
        [
            0.019046735018491745,
            -0.8451905846595764,
            -0.13722407817840576
        ],
        [
            0.021275848150253296,
            -0.8461134433746338,
            -0.1362399160861969
        ],
        [
            0.015340283513069153,
            -0.844061017036438,
            -0.13967785239219666
        ],
        [
            0.0021782200783491135,
            -0.8405226469039917,
            -0.14585410058498383
        ],
        [
            0.006164140999317169,
            -0.8416624069213867,
            -0.14493650197982788
        ],
        [
            0.004467703402042389,
            -0.8460426926612854,
            -0.14380858838558197
        ],
        [
            0.0010435525327920914,
            -0.8452764749526978,
            -0.1445787400007248
        ],
        [
            0.02120063826441765,
            -0.8496075868606567,
            -0.13825076818466187
        ],
        [
            0.023723211139440536,
            -0.8517616987228394,
            -0.13795262575149536
        ],
        [
            0.01945788785815239,
            -0.8542035222053528,
            -0.14101719856262207
        ],
        [
            0.01859249547123909,
            -0.851300060749054,
            -0.14029446244239807
        ],
        [
            0.026264924556016922,
            -0.8539205193519592,
            -0.13801738619804382
        ],
        [
            0.02553900144994259,
            -0.8496336936950684,
            -0.1361185908317566
        ],
        [
            0.028564317151904106,
            -0.8503071069717407,
            -0.13581867516040802
        ],
        [
            0.02344132959842682,
            -0.8450353145599365,
            -0.13521790504455566
        ],
        [
            0.02642320655286312,
            -0.843573272228241,
            -0.13406212627887726
        ],
        [
            0.026606203988194466,
            -0.8463733196258545,
            -0.13505569100379944
        ],
        [
            0.024701781570911407,
            -0.8400599956512451,
            -0.13433989882469177
        ],
        [
            0.02109283208847046,
            -0.8428792953491211,
            -0.13606888055801392
        ],
        [
            0.017499268054962158,
            -0.8407150506973267,
            -0.13849575817584991
        ],
        [
            0.012699244543910027,
            -0.8387101888656616,
            -0.14150021970272064
        ],
        [
            0.015869688242673874,
            -0.8340011835098267,
            -0.13874085247516632
        ],
        [
            0.021006012335419655,
            -0.8367544412612915,
            -0.13620395958423615
        ],
        [
            0.021167617291212082,
            -0.8579557538032532,
            -0.1403820961713791
        ],
        [
            0.031071383506059647,
            -0.8460499048233032,
            -0.13367871940135956
        ],
        [
            0.033990103751420975,
            -0.8527267575263977,
            -0.13412971794605255
        ],
        [
            0.031535785645246506,
            -0.8411095142364502,
            -0.13263452053070068
        ],
        [
            0.029945414513349533,
            -0.8363595008850098,
            -0.13211365044116974
        ],
        [
            0.026104090735316277,
            -0.8318827152252197,
            -0.13286203145980835
        ],
        [
            0.020632199943065643,
            -0.8280515670776367,
            -0.1354953944683075
        ],
        [
            0.01895981840789318,
            -0.8027940988540649,
            -0.12734109163284302
        ],
        [
            0.02720918133854866,
            -0.808273434638977,
            -0.12443726509809494
        ],
        [
            0.022371459752321243,
            -0.9291536808013916,
            -0.14346691966056824
        ],
        [
            0.031329065561294556,
            -0.928739070892334,
            -0.1419549286365509
        ],
        [
            0.032949354499578476,
            -0.9211429357528687,
            -0.13706056773662567
        ],
        [
            0.03460786119103432,
            -0.9241178035736084,
            -0.13710060715675354
        ],
        [
            0.028845783323049545,
            -0.9245507717132568,
            -0.13975131511688232
        ],
        [
            0.028653739020228386,
            -0.9217551350593567,
            -0.1390039175748825
        ],
        [
            0.048839982599020004,
            -0.914615273475647,
            -0.12368416041135788
        ],
        [
            0.04339832812547684,
            -0.9160888195037842,
            -0.12766991555690765
        ],
        [
            0.044223636388778687,
            -0.9123260974884033,
            -0.1261855661869049
        ],
        [
            0.051087286323308945,
            -0.9082285165786743,
            -0.12321534752845764
        ],
        [
            0.03652920946478844,
            -0.904080867767334,
            -0.13224248588085175
        ],
        [
            0.04103507101535797,
            -0.9057140350341797,
            -0.12947100400924683
        ],
        [
            0.03647889569401741,
            -0.9121007919311523,
            -0.13176874816417694
        ],
        [
            0.03320048004388809,
            -0.9109494686126709,
            -0.13381816446781158
        ],
        [
            0.02926994487643242,
            -0.9101942777633667,
            -0.13539518415927887
        ],
        [
            0.024954933673143387,
            -0.9099281430244446,
            -0.13604912161827087
        ],
        [
            0.025639422237873077,
            -0.9044909477233887,
            -0.1355019509792328
        ],
        [
            0.030985742807388306,
            -0.9039143323898315,
            -0.1343647539615631
        ],
        [
            0.022146321833133698,
            -0.9252145290374756,
            -0.14022517204284668
        ],
        [
            0.01518191210925579,
            -0.9239422082901001,
            -0.13902363181114197
        ],
        [
            0.01678711175918579,
            -0.9209696054458618,
            -0.1385602355003357
        ],
        [
            0.022700753062963486,
            -0.9220178127288818,
            -0.13992774486541748
        ],
        [
            0.007976407185196877,
            -0.9136972427368164,
            -0.13233187794685364
        ],
        [
            0.008855121210217476,
            -0.916277289390564,
            -0.13350152969360352
        ],
        [
            0.00514591857790947,
            -0.9174053072929382,
            -0.13430123031139374
        ],
        [
            0.004715777933597565,
            -0.9128016233444214,
            -0.1333630084991455
        ],
        [
            0.00715126097202301,
            -0.9098770618438721,
            -0.13378989696502686
        ],
        [
            0.009287077933549881,
            -0.9120814800262451,
            -0.13304337859153748
        ],
        [
            0.02185983583331108,
            -0.9826017022132874,
            -0.13419769704341888
        ],
        [
            0.016989856958389282,
            -0.9652795791625977,
            -0.1424369066953659
        ],
        [
            0.03909449651837349,
            -0.9766840934753418,
            -0.12437271326780319
        ],
        [
            0.05069804936647415,
            -0.9670673608779907,
            -0.11449278891086578
        ],
        [
            0.05998234450817108,
            -0.9544212818145752,
            -0.10594484955072403
        ],
        [
            0.05047139525413513,
            -0.8519766330718994,
            -0.12201109528541565
        ],
        [
            0.05325077474117279,
            -0.8429005146026611,
            -0.11611497402191162
        ],
        [
            0.061686571687459946,
            -0.8506983518600464,
            -0.10526590049266815
        ],
        [
            0.06116411089897156,
            -0.8398229479789734,
            -0.09999578446149826
        ],
        [
            0.05261078104376793,
            -0.8321282863616943,
            -0.11184263229370117
        ],
        [
            0.04078425094485283,
            -0.8125606775283813,
            -0.10707560181617737
        ],
        [
            0.04856651648879051,
            -0.8214036226272583,
            -0.10889296978712082
        ],
        [
            0.057557281106710434,
            -0.8291985988616943,
            -0.09359526634216309
        ],
        [
            0.06613239645957947,
            -0.8420063257217407,
            -0.07963193953037262
        ],
        [
            0.0675879567861557,
            -0.8497314453125,
            -0.08848851919174194
        ],
        [
            0.07037259638309479,
            -0.8575561046600342,
            -0.06746288388967514
        ],
        [
            0.06291840225458145,
            -0.8338420391082764,
            -0.06704795360565186
        ],
        [
            0.0685013085603714,
            -0.85605788230896,
            -0.058405645191669464
        ],
        [
            0.04906356334686279,
            -0.7951556444168091,
            -0.06768880039453506
        ],
        [
            0.05187059938907623,
            -0.7827738523483276,
            -0.0635034367442131
        ],
        [
            0.0647088959813118,
            -0.7907404899597168,
            -0.052020955830812454
        ],
        [
            0.0625564381480217,
            -0.8030440807342529,
            -0.056213609874248505
        ],
        [
            0.06699735671281815,
            -0.8587225079536438,
            -0.09669401496648788
        ],
        [
            0.06441950052976608,
            -0.9226510524749756,
            -0.10316973924636841
        ],
        [
            0.05888180434703827,
            -0.9219244122505188,
            -0.11385641992092133
        ],
        [
            0.06728440523147583,
            -0.9096801280975342,
            -0.10010457783937454
        ],
        [
            0.06515173614025116,
            -0.9816572070121765,
            -0.08447805047035217
        ],
        [
            0.05832769721746445,
            -0.9768938422203064,
            -0.10133422911167145
        ],
        [
            0.06678719818592072,
            -0.9616947174072266,
            -0.09531226754188538
        ],
        [
            0.07257774472236633,
            -0.9684344530105591,
            -0.08035765588283539
        ],
        [
            0.03406190872192383,
            -1.0138626098632812,
            -0.08921614289283752
        ],
        [
            0.029420554637908936,
            -1.0012526512145996,
            -0.11361038684844971
        ],
        [
            0.04291646555066109,
            -0.9903372526168823,
            -0.10784880816936493
        ],
        [
            0.048822514712810516,
            -1.0004370212554932,
            -0.08827948570251465
        ],
        [
            0.0758315920829773,
            -0.9700735807418823,
            -0.06765644252300262
        ],
        [
            0.0789967030286789,
            -0.9711796641349792,
            -0.049251750111579895
        ],
        [
            0.07502342015504837,
            -0.986991286277771,
            -0.0420507974922657
        ],
        [
            0.06956283003091812,
            -0.9868975877761841,
            -0.06416484713554382
        ],
        [
            0.0622120127081871,
            -1.0061697959899902,
            -0.03354742377996445
        ],
        [
            0.056144557893276215,
            -1.0068575143814087,
            -0.060257017612457275
        ],
        [
            0.06914907693862915,
            -0.8421044945716858,
            -0.04750873148441315
        ],
        [
            0.06968441605567932,
            -0.8606295585632324,
            -0.04569972679018974
        ],
        [
            0.059955187141895294,
            -0.8173931837081909,
            -0.062441386282444
        ],
        [
            0.06911370158195496,
            -0.8253886699676514,
            -0.0472140870988369
        ],
        [
            0.04398161917924881,
            -1.0204336643218994,
            -0.02555204927921295
        ],
        [
            0.03783075138926506,
            -1.0222399234771729,
            -0.057705093175172806
        ],
        [
            0.07732468843460083,
            -0.9481608867645264,
            0.0007778704166412354
        ],
        [
            0.07729512453079224,
            -0.9663061499595642,
            -0.007653854787349701
        ],
        [
            0.08178961277008057,
            -0.9539010524749756,
            -0.024061791598796844
        ],
        [
