{
    "pred_cam": [
        2.1313562393188477,
        0.046042077243328094,
        0.5223699808120728
    ],
    "pred_smpl_params": {
        "global_orient": [
            [
                [
                    0.9791997671127319,
                    0.184528648853302,
                    -0.08436179906129837
                ],
                [
                    0.14910297095775604,
                    -0.9364216923713684,
                    -0.31762033700942993
                ],
                [
                    -0.13760827481746674,
                    0.29843518137931824,
                    -0.9444576501846313
                ]
            ]
        ],
        "body_pose": [
            [
                [
                    0.9549329876899719,
                    -0.280719518661499,
                    -0.09643390029668808
                ],
                [
                    0.2210860401391983,
                    0.45591452717781067,
                    0.8621270060539246
                ],
                [
                    -0.19805023074150085,
                    -0.8445937037467957,
                    0.4974309802055359
                ]
            ],
            [
                [
                    0.9498885273933411,
                    0.2634388208389282,
                    0.16826122999191284
                ],
                [
                    -0.2812403440475464,
                    0.48529839515686035,
                    0.8278824687004089
                ],
                [
                    0.1364394873380661,
                    -0.8337178230285645,
                    0.5350689888000488
                ]
            ],
            [
                [
                    0.9993076324462891,
                    0.012200416065752506,
                    -0.03514709323644638
                ],
                [
                    -0.03118068166077137,
                    0.7900081276893616,
                    -0.6123028993606567
                ],
                [
                    0.020296143367886543,
                    0.6129748821258545,
                    0.7898415923118591
                ]
            ],
            [
                [
                    0.9644622206687927,
                    0.17808963358402252,
                    -0.19518350064754486
                ],
                [
                    -0.03727776184678078,
                    -0.6396101117134094,
                    -0.7677949666976929
                ],
                [
                    -0.26157769560813904,
                    0.7477853298187256,
                    -0.6102409958839417
                ]
            ],
            [
                [
                    0.9603224992752075,
                    -0.10563720017671585,
                    0.2581113576889038
                ],
                [
                    0.134225994348526,
                    -0.6361866593360901,
                    -0.7597695589065552
                ],
                [
                    0.24446693062782288,
                    0.7642690539360046,
                    -0.5967651009559631
                ]
            ],
            [
                [
                    0.999607264995575,
                    -0.026003526523709297,
                    -0.010442963801324368
                ],
                [
                    0.025124914944171906,
                    0.996721088886261,
                    -0.07691435515880585
                ],
                [
                    0.012408766895532608,
                    0.07662177830934525,
                    0.996982991695404
                ]
            ],
            [
                [
                    0.9588608741760254,
                    -0.2284635454416275,
                    0.1684941053390503
                ],
                [
                    0.11885972321033478,
                    0.8621227741241455,
                    0.492561399936676
                ],
                [
                    -0.25779491662979126,
                    -0.45227065682411194,
                    0.8538109064102173
                ]
            ],
            [
                [
                    0.9624589681625366,
                    0.19394603371620178,
                    -0.18988846242427826
                ],
                [
                    -0.08892674744129181,
                    0.8862948417663574,
                    0.4545036256313324
                ],
                [
                    0.25644633173942566,
                    -0.4205549657344818,
                    0.8702694177627563
                ]
            ],
            [
                [
                    0.9987111687660217,
                    -0.029018141329288483,
                    -0.04163886606693268
                ],
                [
                    0.027234546840190887,
                    0.9987131953239441,
                    -0.04278077930212021
                ],
                [
                    0.04282670468091965,
                    0.04159162938594818,
                    0.9982163310050964
                ]
            ],
            [
                [
                    0.9946250915527344,
                    0.007166646886616945,
                    0.10329372435808182
                ],
                [
                    -0.032626673579216,
                    0.9684733152389526,
                    0.24697156250476837
                ],
                [
                    -0.09826725721359253,
                    -0.2490142285823822,
                    0.9635016918182373
                ]
            ],
            [
                [
                    0.9939120411872864,
                    0.04020525515079498,
                    -0.10257876664400101
                ],
                [
                    -0.007430979982018471,
                    0.9533824920654297,
                    0.301673024892807
                ],
                [
                    0.10992563515901566,
                    -0.2990741729736328,
                    0.9478771090507507
                ]
            ],
            [
                [
                    0.9915454983711243,
                    -0.11828910559415817,
                    0.053341157734394073
                ],
                [
                    0.10278429090976715,
                    0.9668962359428406,
                    0.23355311155319214
                ],
                [
                    -0.07920215278863907,
                    -0.22609588503837585,
                    0.970879852771759
                ]
            ],
            [
                [
                    0.7996026277542114,
                    0.49399179220199585,
                    -0.3414786159992218
                ],
                [
                    -0.4727759063243866,
                    0.8684474229812622,
                    0.14927153289318085
                ],
                [
                    0.3702951669692993,
                    0.042084962129592896,
                    0.9279602766036987
                ]
            ],
            [
                [
                    0.8975436091423035,
                    -0.3836314082145691,
                    0.21735335886478424
                ],
                [
                    0.37329691648483276,
                    0.9234846830368042,
                    0.08846175670623779
                ],
                [
                    -0.23465919494628906,
                    0.001739060040563345,
                    0.9720761775970459
                ]
            ],
            [
                [
                    0.9830547571182251,
                    -0.026455072686076164,
                    0.1813933104276657
                ],
                [
                    0.013717562891542912,
                    0.9973735213279724,
                    0.07111883908510208
                ],
                [
                    -0.1827983409166336,
                    -0.067425437271595,
                    0.9808356761932373
                ]
            ],
            [
                [
                    0.6693148612976074,
                    0.6759135723114014,
                    -0.30847758054733276
                ],
                [
                    -0.6959162950515747,
                    0.7157490253448486,
                    0.058342237025499344
                ],
                [
                    0.2602268159389496,
                    0.1756252646446228,
                    0.9494407176971436
                ]
            ],
            [
                [
                    0.767159104347229,
                    -0.6159729361534119,
                    0.17900913953781128
                ],
                [
                    0.6281165480613708,
                    0.777978241443634,
                    -0.01481363270431757
                ],
                [
                    -0.13014042377471924,
                    0.12380301207304001,
                    0.9837359189987183
                ]
            ],
            [
                [
                    0.7879649996757507,
                    -0.19332267343997955,
                    -0.5845832228660583
                ],
                [
                    0.010081871412694454,
                    0.9533539414405823,
                    -0.3016863465309143
                ],
                [
                    0.615637481212616,
                    0.2318246066570282,
                    0.7531585693359375
                ]
            ],
            [
                [
                    0.5794479846954346,
                    0.3335675001144409,
                    0.743621289730072
                ],
                [
                    -0.13998587429523468,
                    0.9395831227302551,
                    -0.31238994002342224
                ],
                [
                    -0.8028971552848816,
                    0.07691723108291626,
                    0.5911343097686768
                ]
            ],
            [
                [
                    0.9937713742256165,
                    -0.07291203737258911,
                    0.08427556604146957
                ],
                [
                    0.09938633441925049,
                    0.9219626188278198,
                    -0.37430933117866516
                ],
                [
                    -0.050407253205776215,
                    0.3803536891937256,
                    0.9234665036201477
                ]
            ],
            [
                [
                    0.9930348992347717,
                    0.053984131664037704,
                    -0.10472464561462402
                ],
                [
                    -0.08622550964355469,
                    0.9387193918228149,
                    -0.3337228000164032
                ],
                [
                    0.08029133826494217,
                    0.3404283821582794,
                    0.9368359446525574
                ]
            ],
            [
                [
                    0.9851641654968262,
                    0.14904505014419556,
                    -0.08507194370031357
                ],
                [
                    -0.13305328786373138,
                    0.976437509059906,
                    0.16990156471729279
                ],
                [
                    0.1083904281258583,
                    -0.1560618132352829,
                    0.9817821979522705
                ]
            ],
            [
                [
                    0.9843170642852783,
                    -0.1509237438440323,
                    0.0913342610001564
                ],
                [
                    0.13103324174880981,
                    0.9721574187278748,
                    0.1942685842514038
                ],
                [
                    -0.1181110143661499,
                    -0.17925405502319336,
                    0.9766871929168701
                ]
            ]
        ],
        "betas": [
            0.016814306378364563,
            -0.0630541443824768,
            -0.4349493682384491,
            -0.22354373335838318,
            0.028580188751220703,
            -0.05503889173269272,
            0.01817527413368225,
            -0.02713632583618164,
            0.028375685214996338,
            0.0271548330783844
        ]
    },
    "pred_cam_t": [
        0.046042077243328094,
        0.5223699808120728,
        18.327531814575195
    ],
    "focal_length": [
        5000.0,
        5000.0
    ],
    "pred_keypoints_3d": [
        [
            0.03428254276514053,
            -0.7806763648986816,
            -0.23198378086090088
        ],
        [
            0.05056147649884224,
            -0.6813297271728516,
            -0.0617254301905632
        ],
        [
            -0.13029250502586365,
            -0.6099473834037781,
            0.009604072198271751
        ],
        [
            -0.2512257993221283,
            -0.39719337224960327,
            0.08756451308727264
        ],
        [
            -0.34223419427871704,
            -0.22889851033687592,
            -0.0845191478729248
        ],
        [
            0.2045695185661316,
            -0.5441213846206665,
            -0.0851605087518692
        ],
        [
            0.20225653052330017,
            -0.2817360460758209,
            -0.06511710584163666
        ],
        [
            0.08756484091281891,
            -0.0945253074169159,
            -0.18741708993911743
        ],
        [
            -0.0017319703474640846,
            -0.21948647499084473,
            0.02847660705447197
        ],
        [
            -0.08437851071357727,
            -0.14405429363250732,
            0.014925237745046616
        ],
        [
            -0.28049027919769287,
            -0.09198521822690964,
            -0.31302592158317566
        ],
        [
            -0.19497910141944885,
            0.13592451810836792,
            0.007651865482330322
        ],
        [
            0.05025399848818779,
            -0.12199720740318298,
            -0.0019312873482704163
        ],
        [
            0.12933003902435303,
            -0.04195002466440201,
            -0.3629617989063263
        ],
        [
            0.013499461114406586,
            0.16332459449768066,
            -0.036907732486724854
        ],
        [
            0.0003425702452659607,
            -0.8184382915496826,
            -0.19706393778324127
        ],
        [
            0.06786619126796722,
            -0.8218307495117188,
            -0.20062237977981567
        ],
        [
            -0.03574725240468979,
            -0.8011953830718994,
            -0.09968435764312744
        ],
        [
            0.11163483560085297,
            -0.808504045009613,
            -0.10914739966392517
        ],
        [
            0.04912595450878143,
            0.2773910164833069,
            -0.1926172971725464
        ],
        [
            0.10100805014371872,
            0.27179819345474243,
            -0.12845496833324432
        ],
        [
            0.0100467000156641,
            0.15913879871368408,
            0.028907686471939087
        ],
        [
            -0.28490716218948364,
            0.23823726177215576,
            -0.13491210341453552
        ],
        [
            -0.32722651958465576,
            0.2100178599357605,
            -0.0648079514503479
        ],
        [
            -0.17495563626289368,
            0.14738339185714722,
            0.07520535588264465
        ],
        [
            -0.213750958442688,
            0.07824161648750305,
            -0.003454725258052349
        ],
        [
            -0.26015138626098633,
            -0.10649343580007553,
            -0.2804899215698242
        ],
        [
            -0.14236478507518768,
            -0.25990381836891174,
            0.08826538920402527
        ],
        [
            0.15634199976921082,
            -0.1972360759973526,
            0.05661020427942276
        ],
        [
            0.13987413048744202,
            -0.048666197806596756,
            -0.3381165564060211
        ],
        [
            0.034769583493471146,
            0.12210053205490112,
            -0.04418418928980827
        ],
        [
            -0.31535428762435913,
            -0.2469000220298767,
            -0.092066690325737
        ],
        [
            -0.2699100375175476,
            -0.4235374331474304,
            0.06445592641830444
        ],
        [
            -0.10025815665721893,
            -0.6396219730377197,
            -0.001873069442808628
        ],
        [
            0.19212451577186584,
            -0.5863348841667175,
            -0.07901643961668015
        ],
        [
            0.21448582410812378,
            -0.3027961254119873,
            -0.10607307404279709
        ],
        [
            0.08808161318302155,
            -0.11117963492870331,
            -0.19429701566696167
        ],
        [
            0.05097878724336624,
            -0.6664685606956482,
            -0.06381534785032272
        ],
        [
            0.03861752897500992,
            -0.8577268719673157,
            -0.11941021680831909
        ],
        [
            0.006985482759773731,
            -0.228742778301239,
            0.07219073921442032
        ],
        [
            0.04459475353360176,
            -0.6101933717727661,
            -0.04123830795288086
        ],
        [
            0.04180043190717697,
            -0.4620557129383087,
            0.049367159605026245
        ],
        [
            0.04573959857225418,
            -0.7518573999404907,
            -0.1535399705171585
        ],
        [
            0.0343463271856308,
            -0.8769741058349609,
            -0.10893760621547699
        ]
    ],
    "pred_vertices": [
        [
            0.07588769495487213,
            -0.868349552154541,
            -0.19991476833820343
        ],
        [
            0.07095354795455933,
            -0.8538817167282104,
            -0.20703040063381195
        ],
        [
            0.0822649896144867,
            -0.8509583473205566,
            -0.1986498385667801
        ],
        [
            0.08760400861501694,
            -0.861811101436615,
            -0.18876707553863525
        ],
        [
            0.0787094309926033,
            -0.8415225744247437,
            -0.20414921641349792
        ],
        [
            0.06836237013339996,
            -0.8428300619125366,
            -0.20982208847999573
        ],
        [
            0.09020517766475677,
            -0.8449885845184326,
            -0.18877142667770386
        ],
        [
            0.09549035131931305,
            -0.8520486354827881,
            -0.1782645285129547
        ],
        [
            0.09935274720191956,
            -0.8084415197372437,
            -0.17812997102737427
        ],
        [
            0.10395237803459167,
            -0.8029296398162842,
            -0.16863998770713806
        ],
        [
            0.10256858170032501,
            -0.8162864446640015,
            -0.17112013697624207
        ],
        [
            0.09684698283672333,
            -0.817669153213501,
            -0.17902687191963196
        ],
        [
            0.09841123223304749,
            -0.782985508441925,
            -0.17545722424983978
        ],
        [
            0.09199092537164688,
            -0.7737891674041748,
            -0.1840468943119049
        ],
        [
            0.09459813684225082,
            -0.7645570039749146,
            -0.17451927065849304
        ],
        [
            0.09950099140405655,
            -0.7733319997787476,
            -0.165289506316185
        ],
        [
            0.05858955904841423,
            -0.7872365713119507,
            -0.2061997652053833
        ],
        [
            0.06420379877090454,
            -0.780835747718811,
            -0.20556586980819702
        ],
        [
            0.06787831336259842,
            -0.7875553369522095,
            -0.20449021458625793
        ],
        [
            0.06150682270526886,
            -0.7932113409042358,
            -0.20494282245635986
        ],
        [
            0.04850432276725769,
            -0.7967847585678101,
            -0.21185745298862457
        ],
        [
            0.04953724890947342,
            -0.8022124767303467,
            -0.2082948088645935
        ],
        [
            0.04442308098077774,
            -0.8061435222625732,
            -0.21322181820869446
        ],
        [
            0.04416963830590248,
            -0.8000519275665283,
            -0.21783170104026794
        ],
        [
            0.053491026163101196,
            -0.7817094326019287,
            -0.20705509185791016
        ],
        [
            0.05928344652056694,
            -0.7751343846321106,
            -0.20564526319503784
        ],
        [
            0.05361458286643028,
            -0.7928264141082764,
            -0.2074355185031891
        ],
        [
            0.051464810967445374,
            -0.7882735729217529,
            -0.21002495288848877
        ],
        [
            0.04818237945437431,
            -0.7827311754226685,
            -0.22060374915599823
        ],
        [
            0.04957592114806175,
            -0.787403404712677,
            -0.21887066960334778
        ],
        [
            0.046060509979724884,
            -0.7888824939727783,
            -0.22590051591396332
        ],
        [
            0.04487001150846481,
            -0.783176064491272,
            -0.22533443570137024
        ],
        [
            0.0514967143535614,
            -0.7817633152008057,
            -0.21167919039726257
        ],
        [
            0.051770199090242386,
            -0.78484046459198,
            -0.21416525542736053
        ],
        [
            0.04928454011678696,
            -0.7811523675918579,
            -0.2166808843612671
        ],
        [
            0.048155151307582855,
            -0.7787963151931763,
            -0.21371836960315704
        ],
        [
            0.04797818511724472,
            -0.7929562330245972,
            -0.21502742171287537
        ],
        [
            0.044713251292705536,
            -0.7949914932250977,
            -0.2218974232673645
        ],
        [
            0.04033912718296051,
            -0.7966647744178772,
            -0.22893312573432922
        ],
        [
            0.04139525070786476,
            -0.7884483337402344,
            -0.23250101506710052
        ],
        [
            0.07532298564910889,
            -0.7673506736755371,
            -0.19939462840557098
        ],
        [
            0.07025161385536194,
            -0.7744870781898499,
            -0.20356424152851105
        ],
        [
            0.06530942767858505,
            -0.7691197395324707,
            -0.20429502427577972
        ],
        [
            0.07017114758491516,
            -0.7636090517044067,
            -0.201377734541893
        ],
        [
            0.04961105436086655,
            -0.7753013372421265,
            -0.21035560965538025
        ],
        [
            0.05363854765892029,
            -0.7592881917953491,
            -0.21096669137477875
        ],
        [
            0.053799863904714584,
            -0.7631877660751343,
            -0.2111118733882904
        ],
        [
            0.04756343364715576,
            -0.7640652060508728,
            -0.21493886411190033
        ],
        [
            0.0480264388024807,
            -0.7604725360870361,
            -0.2145901322364807
        ],
        [
            0.08062410354614258,
            -0.7528673410415649,
            -0.1907133013010025
        ],
        [
            0.07509098201990128,
            -0.7515764832496643,
            -0.1953904777765274
        ],
        [
            0.07571856677532196,
            -0.7444928884506226,
            -0.19271108508110046
        ],
        [
            0.08056282997131348,
            -0.7443057298660278,
            -0.1870119869709015
        ],
        [
            0.07343718409538269,
            -0.7383265495300293,
            -0.19162222743034363
        ],
        [
            0.07945817708969116,
            -0.7359778881072998,
            -0.18373633921146393
        ],
        [
            0.07064732164144516,
            -0.7211366295814514,
            -0.1830504834651947
        ],
        [
            0.0750962421298027,
            -0.7274881601333618,
            -0.18335317075252533
        ],
        [
            0.06969137489795685,
            -0.7323329448699951,
            -0.19196408987045288
        ],
        [
            0.06456087529659271,
            -0.7269243001937866,
            -0.1951972395181656
        ],
        [
            0.05252133309841156,
            -0.7316492795944214,
            -0.2040865421295166
        ],
        [
            0.04660811275243759,
            -0.7302892208099365,
            -0.20706768333911896
        ],
        [
            0.051266252994537354,
            -0.7180957198143005,
            -0.20428317785263062
        ],
        [
            0.05773952975869179,
            -0.7215275764465332,
            -0.2003498375415802
        ],
        [
            0.053836070001125336,
            -0.7532748579978943,
            -0.20661388337612152
        ],
        [
            0.0578145831823349,
            -0.7534255385398865,
            -0.20370246469974518
        ],
        [
            0.05800938606262207,
            -0.7549406290054321,
            -0.2060621976852417
        ],
        [
            0.053790610283613205,
            -0.7560713291168213,
            -0.20932090282440186
        ],
        [
            0.06131278723478317,
            -0.753262460231781,
            -0.20187458395957947
        ],
        [
            0.06294023245573044,
            -0.7530134916305542,
            -0.2010473906993866
        ],
        [
            0.06271865218877792,
            -0.7543232440948486,
            -0.20230776071548462
        ],
        [
            0.06137533858418465,
            -0.7542737722396851,
            -0.20248931646347046
        ],
        [
            0.05939958989620209,
            -0.7538566589355469,
            -0.2032022327184677
        ],
        [
            0.05846409499645233,
            -0.7519212961196899,
            -0.2035493105649948
        ],
        [
            0.060484059154987335,
            -0.752475917339325,
            -0.20242612063884735
        ],
        [
            0.0548514649271965,
            -0.7510629296302795,
            -0.2063555270433426
        ],
        [
            0.041866857558488846,
            -0.7482770681381226,
            -0.21439222991466522
        ],
        [
            0.045862969011068344,
            -0.7489742636680603,
            -0.21279752254486084
        ],
        [
            0.04444824531674385,
            -0.7532483339309692,
            -0.21207749843597412
        ],
        [
            0.04091743379831314,
            -0.7530463933944702,
            -0.2134871780872345
        ],
        [
            0.06091349944472313,
            -0.7563716173171997,
            -0.204147070646286
        ],
        [
            0.06346390396356583,
            -0.7578712701797485,
            -0.2035449892282486
        ],
        [
            0.059543974697589874,
            -0.760604739189148,
            -0.2070825695991516
        ],
        [
            0.05852843075990677,
            -0.7577627897262573,
            -0.2064901441335678
        ],
        [
            0.06614194065332413,
            -0.760009229183197,
            -0.20334643125534058
        ],
        [
            0.0649070143699646,
            -0.7556630373001099,
            -0.2016773223876953
        ],
        [
            0.06759174168109894,
            -0.7563630938529968,
            -0.2008802592754364
        ],
        [
            0.062467433512210846,
            -0.7512896060943604,
            -0.2011091262102127
        ],
        [
            0.06506262719631195,
            -0.7496843338012695,
            -0.19951793551445007
        ],
        [
            0.06562049686908722,
            -0.7523181438446045,
            -0.2005920112133026
        ],
        [
            0.06312359124422073,
            -0.7463102340698242,
            -0.19986963272094727
        ],
        [
            0.05995887145400047,
            -0.7493022084236145,
            -0.20209306478500366
        ],
        [
            0.056420113891363144,
            -0.7474127411842346,
            -0.2047896832227707
        ],
        [
            0.051792483776807785,
            -0.7457290887832642,
            -0.20829269289970398
        ],
        [
            0.05439829081296921,
            -0.7407997846603394,
            -0.20517867803573608
        ],
        [
            0.05935152247548103,
            -0.7432299852371216,
            -0.2020178735256195
        ],
        [
            0.06138985604047775,
            -0.7644706964492798,
            -0.206255242228508
        ],
        [
            0.06972435861825943,
            -0.7518891096115112,
            -0.19836626946926117
        ],
        [
            0.07298444956541061,
            -0.7586135268211365,
            -0.1980448067188263
        ],
        [
            0.06963245570659637,
            -0.7470908164978027,
            -0.19712422788143158
        ],
        [
            0.06756069511175156,
            -0.7424181699752808,
            -0.19666045904159546
        ],
        [
            0.06378496438264847,
            -0.7378963232040405,
            -0.1980781853199005
        ],
        [
            0.058286797255277634,
            -0.7345569133758545,
            -0.20106671750545502
        ],
        [
            0.053453050553798676,
            -0.7094516754150391,
            -0.19184334576129913
        ],
        [
            0.06168382987380028,
            -0.7142636775970459,
            -0.18819710612297058
        ],
        [
            0.06668312102556229,
            -0.8353583812713623,
            -0.20734286308288574
        ],
        [
            0.07529901713132858,
            -0.8349488973617554,
            -0.20467711985111237
        ],
        [
            0.07636426389217377,
            -0.8269506096839905,
            -0.20032042264938354
        ],
        [
            0.07826026529073715,
            -0.8296242952346802,
            -0.19997872412204742
        ],
        [
            0.07260990142822266,
            -0.830498993396759,
            -0.20339323580265045
        ],
        [
            0.07229655981063843,
            -0.8276859521865845,
            -0.2027117908000946
        ],
        [
            0.09030906856060028,
            -0.8201931118965149,
            -0.18450555205345154
        ],
        [
            0.08535811305046082,
            -0.8219873905181885,
            -0.18918929994106293
        ],
        [
            0.08554372191429138,
            -0.8179149627685547,
            -0.18739576637744904
        ],
        [
            0.09196045994758606,
            -0.8132004737854004,
            -0.18338097631931305
        ],
        [
            0.0783853679895401,
            -0.8099658489227295,
            -0.19483977556228638
        ],
        [
            0.08260788023471832,
            -0.8112233877182007,
            -0.19127899408340454
        ],
        [
            0.07879900932312012,
            -0.8182213306427002,
            -0.1943839192390442
        ],
        [
            0.07561234384775162,
            -0.8173207640647888,
            -0.19686190783977509
        ],
        [
            0.0719611793756485,
            -0.8167287707328796,
            -0.19892600178718567
        ],
        [
            0.06765647232532501,
            -0.8163716793060303,
            -0.19998383522033691
        ],
        [
            0.0681360587477684,
            -0.811190128326416,
            -0.19956526160240173
        ],
        [
            0.07324167340993881,
            -0.8103733062744141,
            -0.19774983823299408
        ],
        [
            0.06623080372810364,
            -0.8318204879760742,
            -0.20466971397399902
        ],
        [
            0.05899713560938835,
            -0.8304532766342163,
            -0.2043258547782898
        ],
        [
            0.060552582144737244,
            -0.8277839422225952,
            -0.20375631749629974
        ],
        [
            0.06664139032363892,
            -0.8285046815872192,
            -0.20434823632240295
        ],
        [
            0.05075881630182266,
            -0.8206982612609863,
            -0.19887137413024902
        ],
        [
            0.05184145271778107,
            -0.8232017755508423,
            -0.19984589517116547
        ],
        [
            0.04829518496990204,
            -0.8244776725769043,
            -0.20116466283798218
        ],
        [
            0.04764435812830925,
            -0.820003092288971,
            -0.20030583441257477
        ],
        [
            0.04996543750166893,
            -0.8171142339706421,
            -0.2002827674150467
        ],
        [
            0.052093666046857834,
            -0.8191312551498413,
            -0.1992121785879135
        ],
        [
            0.0661199688911438,
            -0.8897628784179688,
            -0.19815978407859802
        ],
        [
            0.06172633916139603,
            -0.8728840947151184,
            -0.20682696998119354
        ],
        [
            0.0809754729270935,
            -0.8833003640174866,
            -0.18516844511032104
        ],
        [
            0.09226078540086746,
            -0.8734983205795288,
            -0.17489564418792725
        ],
        [
            0.10058052837848663,
            -0.8597018122673035,
            -0.16596700251102448
        ],
        [
            0.08764922618865967,
            -0.7574639320373535,
            -0.1835078001022339
        ],
        [
            0.08897823840379715,
            -0.7484973669052124,
            -0.177211731672287
        ],
        [
            0.09688033163547516,
            -0.7559848427772522,
            -0.1650683879852295
        ],
        [
            0.09485000371932983,
            -0.7454507350921631,
            -0.16035859286785126
        ],
        [
            0.08728405833244324,
            -0.7377132177352905,
            -0.17330585420131683
        ],
        [
            0.07303197681903839,
            -0.718475341796875,
            -0.16933578252792358
        ],
        [
            0.08177850395441055,
            -0.7268433570861816,
            -0.17074182629585266
        ],
        [
            0.0899788960814476,
            -0.7348952293395996,
            -0.15470008552074432
        ],
        [
            0.09728912264108658,
            -0.7482330799102783,
            -0.1402163803577423
        ],
        [
            0.1000317856669426,
            -0.7552782297134399,
            -0.14830635488033295
        ],
        [
            0.10185493528842926,
            -0.7637175917625427,
            -0.1282384991645813
        ],
        [
            0.09225308895111084,
            -0.7403159141540527,
            -0.12856334447860718
        ],
        [
            0.09898585081100464,
            -0.7631748914718628,
            -0.1201055571436882
        ],
        [
            0.0768904909491539,
            -0.7021785974502563,
            -0.12766709923744202
        ],
        [
            0.07992243766784668,
            -0.689576268196106,
            -0.12254512310028076
        ],
        [
            0.09384604543447495,
            -0.6982117891311646,
            -0.11353984475135803
        ],
        [
            0.09078849852085114,
            -0.7100984454154968,
            -0.11793751269578934
        ],
        [
            0.10114963352680206,
            -0.7639396786689758,
            -0.15597470104694366
        ],
        [
            0.10309192538261414,
            -0.8276845216751099,
            -0.16352930665016174
        ],
        [
            0.09976328909397125,
            -0.8272219300270081,
            -0.17460668087005615
        ],
        [
            0.10573408007621765,
            -0.8143936395645142,
            -0.16006183624267578
        ],
        [
            0.10342417657375336,
            -0.8860965371131897,
            -0.14343492686748505
        ],
        [
            0.09841341525316238,
            -0.8820775747299194,
            -0.16055651009082794
        ],
        [
            0.10501222312450409,
            -0.8667029142379761,
            -0.15377528965473175
        ],
        [
            0.10960658639669418,
            -0.8730640411376953,
            -0.13833633065223694
        ],
        [
            0.07467232644557953,
            -0.9194390177726746,
            -0.15167638659477234
        ],
        [
            0.07231532037258148,
            -0.907852292060852,
            -0.1761164516210556
        ],
        [
            0.08465609699487686,
            -0.8970183730125427,
            -0.16917115449905396
        ],
        [
            0.08868831396102905,
            -0.9056750535964966,
            -0.14922598004341125
        ],
        [
            0.1114787757396698,
            -0.8741359710693359,
            -0.12490661442279816
        ],
        [
            0.11200658231973648,
            -0.875426173210144,
            -0.105970099568367
        ],
        [
            0.1076953113079071,
            -0.890862226486206,
            -0.09918704628944397
        ],
        [
            0.10498416423797607,
            -0.8909932971000671,
            -0.12203264236450195
        ],
        [
            0.09462444484233856,
            -0.9097887277603149,
            -0.09255300462245941
        ],
        [
            0.0932263657450676,
            -0.9111355543136597,
            -0.11983947455883026
        ],
        [
            0.09753049910068512,
            -0.75013267993927,
            -0.10985709726810455
        ],
        [
            0.09912890195846558,
            -0.7686487436294556,
            -0.10743699222803116
        ],
        [
            0.08769754320383072,
            -0.7244413495063782,
            -0.12438042461872101
        ],
        [
            0.09719452261924744,
            -0.7334867119789124,
            -0.1100846379995346
        ],
        [
            0.07746236771345139,
            -0.9233995676040649,
            -0.08804776519536972
        ],
        [
            0.07501483708620071,
            -0.9267487525939941,
            -0.11932063847780228
        ],
        [
            0.10230906307697296,
            -0.8537873029708862,
            -0.05679207295179367
        ],
        [
            0.10471011698246002,
            -0.8708674907684326,
            -0.06473326683044434
        ],
        [
            0.11107796430587769,
            -0.858514130115509,
            -0.08049063384532928
        ],
        [
            0.10914233326911926,
            -0.844019889831543,
            -0.07127997279167175
        ],
        [
            0.09183765947818756,
