{
    "pred_cam": [
        1.4680955410003662,
        -0.0021628718823194504,
        0.36353492736816406
    ],
    "pred_smpl_params": {
        "global_orient": [
            [
                [
                    0.9947934746742249,
                    0.02798864245414734,
                    -0.09799236804246902
                ],
                [
                    0.03254576772451401,
                    -0.9984467625617981,
                    0.04521926864981651
                ],
                [
                    -0.09657453745603561,
                    -0.04817306995391846,
                    -0.9941592216491699
                ]
            ]
        ],
        "body_pose": [
            [
                [
                    0.9838904142379761,
                    -0.17304189503192902,
                    0.04490084946155548
                ],
                [
                    0.17154532670974731,
                    0.9845432639122009,
                    0.035309214144945145
                ],
                [
                    -0.05031680315732956,
                    -0.02703786827623844,
                    0.998367190361023
                ]
            ],
            [
                [
                    0.9969784021377563,
                    0.07544143497943878,
                    0.018512684851884842
                ],
                [
                    -0.07649034261703491,
                    0.9949710965156555,
                    0.06466593593358994
                ],
                [
                    -0.013541094027459621,
                    -0.06588657200336456,
                    0.9977352619171143
                ]
            ],
            [
                [
                    0.9995548129081726,
                    0.016556695103645325,
                    -0.024822361767292023
                ],
                [
                    -0.017290549352765083,
                    0.9994109272956848,
                    -0.029646320268511772
                ],
                [
                    0.02431689202785492,
                    0.03006231039762497,
                    0.9992522597312927
                ]
            ],
            [
                [
                    0.9805278778076172,
                    -0.0025451278779655695,
                    -0.1963634490966797
                ],
                [
                    -0.1590336114168167,
                    0.5763295292854309,
                    -0.8015937805175781
                ],
                [
                    0.11521021276712418,
                    0.8172134757041931,
                    0.5647023916244507
                ]
            ],
            [
                [
                    0.9799124598503113,
                    0.026377303525805473,
                    0.19767600297927856
                ],
                [
                    0.14338751137256622,
                    0.5957234501838684,
                    -0.7902870178222656
                ],
                [
                    -0.13860586285591125,
                    0.8027563691139221,
                    0.5799746513366699
                ]
            ],
            [
                [
                    0.9997079372406006,
                    -0.014246576465666294,
                    -0.019520148634910583
                ],
                [
                    0.015336019918322563,
                    0.9982650876045227,
                    0.05684807896614075
                ],
                [
                    0.0186763908714056,
                    -0.0571308396756649,
                    0.9981920123100281
                ]
            ],
            [
                [
                    0.9777151346206665,
                    0.09658688306808472,
                    0.1863974779844284
                ],
                [
                    -0.11410953849554062,
                    0.9897677898406982,
                    0.0856667011976242
                ],
                [
                    -0.17621593177318573,
                    -0.10502737015485764,
                    0.9787324070930481
                ]
            ],
            [
                [
                    0.9781570434570312,
                    -0.06700188666582108,
                    -0.1967729777097702
                ],
                [
                    0.0867745503783226,
                    0.9918175339698792,
                    0.09363838285207748
                ],
                [
                    0.18888895213603973,
                    -0.10866792500019073,
                    0.9759673476219177
                ]
            ],
            [
                [
                    0.9990780353546143,
                    -0.01569802314043045,
                    -0.03995753824710846
                ],
                [
                    0.010169588029384613,
                    0.9907965660095215,
                    -0.1349765509366989
                ],
                [
                    0.04170865938067436,
                    0.13444575667381287,
                    0.9900427460670471
                ]
            ],
            [
                [
                    0.9802782535552979,
                    -0.19727204740047455,
                    -0.011758755892515182
                ],
                [
                    0.19446918368339539,
                    0.9523428082466125,
                    0.234999880194664
                ],
                [
                    -0.03516054153442383,
                    -0.2326519936323166,
                    0.9719243049621582
                ]
            ],
            [
                [
                    0.9820437431335449,
                    0.18661049008369446,
                    0.027686847373843193
                ],
                [
                    -0.18807949125766754,
                    0.9570194482803345,
                    0.22077099978923798
                ],
                [
                    0.014701325446367264,
                    -0.22201411426067352,
                    0.9749325513839722
                ]
            ],
            [
                [
                    0.9962385892868042,
                    -0.06582577526569366,
                    0.056353241205215454
                ],
                [
                    0.05688302218914032,
                    0.98738694190979,
                    0.1477544605731964
                ],
                [
                    -0.06536850333213806,
                    -0.14399313926696777,
                    0.9874173402786255
                ]
            ],
            [
                [
                    0.9170638918876648,
                    0.38035887479782104,
                    0.11967036873102188
                ],
                [
                    -0.3667266070842743,
                    0.9223790764808655,
                    -0.1213608831167221
                ],
                [
                    -0.1565421223640442,
                    0.06740936636924744,
                    0.9853682518005371
                ]
            ],
            [
                [
                    0.9188944101333618,
                    -0.3623903691768646,
                    -0.15590430796146393
                ],
                [
                    0.34926140308380127,
                    0.9310513734817505,
                    -0.10563991218805313
                ],
                [
                    0.18343780934810638,
                    0.04262058809399605,
                    0.9821068644523621
                ]
            ],
            [
                [
                    0.998814582824707,
                    -0.03985767439007759,
                    0.027942277491092682
                ],
                [
                    0.0443672277033329,
                    0.9815922975540161,
                    -0.18576370179653168
                ],
                [
                    -0.02002381719648838,
                    0.18678322434425354,
                    0.9821970462799072
                ]
            ],
            [
                [
                    0.5082777738571167,
                    0.8330738544464111,
                    -0.21826979517936707
                ],
                [
                    -0.8608279824256897,
                    0.49885329604148865,
                    -0.10060097277164459
                ],
                [
                    0.02507656253874302,
                    0.2390259951353073,
                    0.9706892967224121
                ]
            ],
            [
                [
                    0.5128658413887024,
                    -0.8317863941192627,
                    0.21236759424209595
                ],
                [
                    0.858448326587677,
                    0.49521031975746155,
                    -0.13354066014289856
                ],
                [
                    0.005910683888942003,
                    0.2507950961589813,
                    0.9680221080780029
                ]
            ],
            [
                [
                    0.7547795176506042,
                    -0.2187274694442749,
                    -0.6184383630752563
                ],
                [
                    0.08979230374097824,
                    0.9683478474617004,
                    -0.23289436101913452
                ],
                [
                    0.649803876876831,
                    0.12025288492441177,
                    0.7505291700363159
                ]
            ],
            [
                [
                    0.7339531183242798,
                    0.21636056900024414,
                    0.6438174247741699
                ],
                [
                    -0.08673471957445145,
                    0.9700013995170593,
                    -0.22709986567497253
                ],
                [
                    -0.6736392974853516,
                    0.11083933711051941,
                    0.7307015061378479
                ]
            ],
            [
                [
                    0.9993288516998291,
                    0.03212280943989754,
                    0.017608972266316414
                ],
                [
                    -0.03191499784588814,
                    0.999419093132019,
                    -0.011958183720707893
                ],
                [
                    -0.01798287220299244,
                    0.011388166807591915,
                    0.9997735619544983
                ]
            ],
            [
                [
                    0.99859219789505,
                    -0.03581603243947029,
                    -0.03912529721856117
                ],
                [
                    0.03563525155186653,
                    0.9993507266044617,
                    -0.005308888852596283
                ],
                [
                    0.039290040731430054,
                    0.003907176200300455,
                    0.9992201328277588
                ]
            ],
            [
                [
                    0.9769861102104187,
                    0.20435670018196106,
                    -0.06112612038850784
                ],
                [
                    -0.19339628517627716,
                    0.9695412516593933,
                    0.1502920538187027
                ],
                [
                    0.08997748047113419,
                    -0.1350117027759552,
                    0.9867501854896545
                ]
            ],
            [
                [
                    0.9768822193145752,
                    -0.21203020215034485,
                    0.02727959118783474
                ],
                [
                    0.2051410675048828,
                    0.9656566977500916,
                    0.1594499796628952
                ],
                [
                    -0.060150936245918274,
                    -0.15016770362854004,
                    0.9868289828300476
                ]
            ]
        ],
        "betas": [
            0.006640315055847168,
            0.40720149874687195,
            0.8084685802459717,
            1.5654394626617432,
            -0.05591776967048645,
            0.04617736116051674,
            -0.00787845253944397,
            0.06251540780067444,
            0.011305347084999084,
            -0.08239519596099854
        ]
    },
    "pred_cam_t": [
        -0.0021628718823194504,
        0.36353492736816406,
        26.607601165771484
    ],
    "focal_length": [
        5000.0,
        5000.0
    ],
    "pred_keypoints_3d": [
        [
            -0.005555488169193268,
            -0.8889569044113159,
            -0.15759703516960144
        ],
        [
            0.015807120129466057,
            -0.7746092677116394,
            0.006979094818234444
        ],
        [
            -0.1550079882144928,
            -0.6811718344688416,
            0.078009232878685
        ],
        [
            -0.1743818074464798,
            -0.4520788788795471,
            0.17347824573516846
        ],
        [
            -0.24219918251037598,
            -0.2300022542476654,
            0.0771496370434761
        ],
        [
            0.19166842103004456,
            -0.6718345880508423,
            0.006270912475883961
        ],
        [
            0.2291261851787567,
            -0.4333556890487671,
            0.09286275506019592
        ],
        [
            0.23938985168933868,
            -0.21428588032722473,
            -0.018888667225837708
        ],
        [
            -0.003047454636543989,
            -0.2397649884223938,
            0.02361348457634449
        ],
        [
            -0.06754285097122192,
            -0.1517781764268875,
            0.04020228236913681
        ],
        [
            -0.14647364616394043,
            0.21948914229869843,
            0.044992830604314804
        ],
        [
            -0.1434575468301773,
            0.42269235849380493,
            0.3807467818260193
        ],
        [
            0.059328217059373856,
            -0.14637205004692078,
            0.03000636398792267
        ],
        [
            0.1473502814769745,
            0.21370458602905273,
            0.029517892748117447
        ],
        [
            0.18662478029727936,
            0.3976791799068451,
            0.3736495077610016
        ],
        [
            -0.0387064628303051,
            -0.9271947145462036,
            -0.11959277838468552
        ],
        [
            0.026591725647449493,
            -0.9341328144073486,
            -0.12880320847034454
        ],
        [
            -0.06634014844894409,
            -0.9095718264579773,
            -0.020085230469703674
        ],
        [
            0.07853610813617706,
            -0.9247323274612427,
            -0.04096755385398865
        ],
        [
            0.1948094218969345,
            0.5768179297447205,
            0.2866016626358032
        ],
        [
            0.2606655955314636,
            0.5386601686477661,
            0.3242243528366089
        ],
        [
            0.1957421600818634,
            0.3745076358318329,
            0.4408036470413208
        ],
        [
            -0.15185341238975525,
            0.593999445438385,
            0.2800487279891968
        ],
        [
            -0.22039106488227844,
            0.5590625405311584,
            0.3226858973503113
        ],
        [
            -0.14483802020549774,
            0.4111658036708832,
            0.4535551071166992
        ],
        [
            -0.16343072056770325,
            0.3713522255420685,
            0.36020785570144653
        ],
        [
            -0.13708162307739258,
            0.16304273903369904,
            0.031765904277563095
        ],
        [
            -0.1384413242340088,
            -0.2789594829082489,
            0.04326360672712326
        ],
        [
            0.1341060996055603,
            -0.2555277943611145,
            0.029774393886327744
        ],
        [
            0.15142372250556946,
            0.17715269327163696,
            0.019952263683080673
        ],
        [
            0.19174887239933014,
            0.3570772707462311,
            0.36240893602371216
        ],
        [
            -0.2330319583415985,
            -0.25876250863075256,
            0.055158838629722595
        ],
        [
            -0.20769837498664856,
            -0.4703250527381897,
            0.15559881925582886
        ],
        [
            -0.12109556794166565,
            -0.7124638557434082,
            0.06324723362922668
        ],
        [
            0.1616385281085968,
            -0.707675576210022,
            0.010219142772257328
        ],
        [
            0.25699493288993835,
            -0.4536539912223816,
            0.05362492799758911
        ],
        [
            0.24077001214027405,
            -0.23397591710090637,
            -0.027192045003175735
        ],
        [
            0.01903700828552246,
            -0.7661412954330444,
            0.012171683833003044
        ],
        [
            0.0023243320174515247,
            -0.9706683158874512,
            -0.04793679341673851
        ],
        [
            -0.0016813933616504073,
            -0.2668236494064331,
            0.03582363203167915
        ],
        [
            0.018376003950834274,
            -0.7081539034843445,
            0.032240208238363266
        ],
        [
            0.015580099076032639,
            -0.5268917679786682,
            0.04115084558725357
        ],
        [
            0.012623400427401066,
            -0.8631146550178528,
            -0.08079781383275986
        ],
        [
            -0.0031442157924175262,
            -0.9894234538078308,
            -0.03839271515607834
        ]
    ],
    "pred_vertices": [
        [
            0.033247921615839005,
            -0.9799405336380005,
            -0.13128724694252014
        ],
        [
            0.02821197360754013,
            -0.9654550552368164,
            -0.13686653971672058
        ],
        [
            0.04032256826758385,
            -0.9630087018013,
            -0.12961451709270477
        ],
        [
            0.04610259830951691,
            -0.97428297996521,
            -0.1209539845585823
        ],
        [
            0.03667469322681427,
            -0.9540959596633911,
            -0.1344613879919052
        ],
        [
            0.02598748356103897,
            -0.9541782140731812,
            -0.14010144770145416
        ],
        [
            0.048897624015808105,
            -0.9578676223754883,
            -0.11990456283092499
        ],
        [
            0.054396551102399826,
            -0.9654616713523865,
            -0.11016705632209778
        ],
        [
            0.05902927741408348,
            -0.9238342046737671,
            -0.10922640562057495
        ],
        [
            0.06454791128635406,
            -0.919580340385437,
            -0.10042083263397217
        ],
        [
            0.0631960928440094,
            -0.9312157034873962,
            -0.10186835378408432
        ],
        [
            0.05696260929107666,
            -0.9320900440216064,
            -0.10987190902233124
        ],
        [
            0.06128831207752228,
            -0.8975273966789246,
            -0.10586261004209518
        ],
        [
            0.055118728429079056,
            -0.8876761198043823,
            -0.11318300664424896
        ],
        [
            0.059668660163879395,
            -0.8787169456481934,
            -0.1042603850364685
        ],
        [
            0.06491708010435104,
            -0.8879820108413696,
            -0.09602825343608856
        ],
        [
            0.01919201761484146,
            -0.8991044759750366,
            -0.132437601685524
        ],
        [
            0.025343308225274086,
            -0.89292973279953,
            -0.13194440305233002
        ],
        [
            0.028439190238714218,
            -0.8999775648117065,
            -0.1313963681459427
        ],
        [
            0.02167952060699463,
            -0.9051951766014099,
            -0.13150255382061005
        ],
        [
            0.008424263447523117,
            -0.9076998233795166,
            -0.13800173997879028
        ],
        [
            0.009177647531032562,
            -0.9131737351417542,
            -0.1345132738351822
        ],
        [
            0.0037280283868312836,
            -0.9167177677154541,
            -0.13935904204845428
        ],
        [
            0.0037232935428619385,
            -0.910520076751709,
            -0.14401984214782715
        ],
        [
            0.014453817158937454,
            -0.8933407068252563,
            -0.13227564096450806
        ],
        [
            0.021124452352523804,
            -0.8869274258613586,
            -0.13144083321094513
        ],
        [
            0.013787714764475822,
            -0.9044406414031982,
            -0.13368332386016846
        ],
        [
            0.012115845456719398,
            -0.8994138240814209,
            -0.13604223728179932
        ],
        [
            0.008916908875107765,
            -0.8931889533996582,
            -0.14657649397850037
        ],
        [
            0.009997915476560593,
            -0.8979871273040771,
            -0.14513403177261353
        ],
        [
            0.005883095785975456,
            -0.8987351655960083,
            -0.15190629661083221
        ],
        [
            0.0053062159568071365,
            -0.893135130405426,
            -0.15119142830371857
        ],
        [
            0.012547582387924194,
            -0.8924996852874756,
            -0.13730306923389435
        ],
        [
            0.012474188581109047,
            -0.8955481052398682,
            -0.14027392864227295
        ],
        [
            0.010321667417883873,
            -0.8915895819664001,
            -0.14247697591781616
        ],
        [
            0.009501941502094269,
            -0.8892654180526733,
            -0.1389966607093811
        ],
        [
            0.007999036461114883,
            -0.903334379196167,
            -0.1411420702934265
        ],
        [
            0.004345584660768509,
            -0.905060887336731,
            -0.1480291783809662
        ],
        [
            -0.0003314875066280365,
            -0.9062187671661377,
            -0.1549397110939026
        ],
        [
            0.0011182762682437897,
            -0.8977300524711609,
            -0.1585713028907776
        ],
        [
            0.03821385279297829,
            -0.8800808191299438,
            -0.12669500708580017
        ],
        [
            0.03202284127473831,
            -0.8866914510726929,
            -0.13048753142356873
        ],
        [
            0.027694448828697205,
            -0.8812256455421448,
            -0.13038396835327148
        ],
        [
            0.033304814249277115,
            -0.8759811520576477,
            -0.12807583808898926
        ],
        [
            0.011353924870491028,
            -0.8860757350921631,
            -0.1355811357498169
        ],
        [
            0.01667371764779091,
            -0.8700162768363953,
            -0.13612724840641022
        ],
        [
            0.016546878963708878,
            -0.874008297920227,
            -0.13644883036613464
        ],
        [
            0.010193167254328728,
            -0.8742900490760803,
            -0.13982605934143066
        ],
        [
            0.01092446781694889,
            -0.8706358671188354,
            -0.139358788728714
        ],
        [
            0.045582205057144165,
            -0.8657314777374268,
            -0.1185758039355278
        ],
        [
            0.03983793780207634,
            -0.8641791343688965,
            -0.12264436483383179
        ],
        [
            0.041283637285232544,
            -0.8570418357849121,
            -0.11996643990278244
        ],
        [
            0.04665527492761612,
            -0.8572533130645752,
            -0.11453144252300262
        ],
        [
            0.03971662372350693,
            -0.8508440256118774,
            -0.11848750710487366
        ],
        [
            0.0465959757566452,
            -0.8489721417427063,
            -0.11111901700496674
        ],
        [
            0.03897230699658394,
            -0.8335493803024292,
            -0.11054545640945435
        ],
        [
            0.043030112981796265,
            -0.8404356837272644,
            -0.1104515790939331
        ],
        [
            0.03641447424888611,
            -0.8446643352508545,
            -0.11868017911911011
        ],
        [
            0.03146347030997276,
            -0.8388043642044067,
            -0.12153761833906174
        ],
        [
            0.018237920477986336,
            -0.8425173163414001,
            -0.1290072798728943
        ],
        [
            0.01227952353656292,
            -0.840801477432251,
            -0.1312302052974701
        ],
        [
            0.01834556832909584,
            -0.8288682699203491,
            -0.12963077425956726
        ],
        [
            0.02478189393877983,
            -0.832963228225708,
            -0.1260802298784256
        ],
        [
            0.017368080094456673,
            -0.8645135164260864,
            -0.1314394176006317
        ],
        [
            0.021451078355312347,
            -0.8649545907974243,
            -0.12892436981201172
        ],
        [
            0.021338868886232376,
            -0.8665155172348022,
            -0.13129159808158875
        ],
        [
            0.016972389072179794,
            -0.8671772480010986,
            -0.13431236147880554
        ],
        [
            0.02512873150408268,
            -0.8650908470153809,
            -0.12720012664794922
        ],
        [
            0.02683013677597046,
            -0.8650662899017334,
            -0.12654531002044678
        ],
        [
            0.026358606293797493,
            -0.8663796186447144,
            -0.12785212695598602
        ],
        [
            0.024834785610437393,
            -0.8658994436264038,
            -0.12790252268314362
        ],
        [
            0.02295323833823204,
            -0.8652845621109009,
            -0.12834469974040985
        ],
        [
            0.022178107872605324,
            -0.8631275296211243,
            -0.1286698877811432
        ],
        [
            0.024355463683605194,
            -0.8641369938850403,
            -0.12760213017463684
        ],
        [
            0.0186198428273201,
            -0.8618429899215698,
            -0.13126377761363983
        ],
        [
            0.005703836679458618,
            -0.8580783605575562,
            -0.1377778947353363
        ],
        [
            0.009684344753623009,
            -0.8592782020568848,
            -0.13676303625106812
        ],
        [
            0.007856763899326324,
            -0.8637818098068237,
            -0.13581350445747375
        ],
        [
            0.00444827601313591,
            -0.8629138469696045,
            -0.13668009638786316
        ],
        [
            0.024248063564300537,
            -0.8676581978797913,
            -0.12974855303764343
        ],
        [
            0.026772838085889816,
            -0.8699490427970886,
            -0.12945394217967987
        ],
        [
            0.02263014018535614,
            -0.8722676038742065,
            -0.13281507790088654
        ],
        [
            0.02174142561852932,
            -0.8693335056304932,
            -0.13199223577976227
        ],
        [
            0.029285743832588196,
            -0.8721640110015869,
            -0.12940090894699097
        ],
        [
            0.028566014021635056,
            -0.8678432703018188,
            -0.12743163108825684
        ],
        [
            0.03154240548610687,
            -0.8685365319252014,
            -0.12700608372688293
        ],
        [
            0.026504194363951683,
            -0.8631024360656738,
            -0.1264619529247284
        ],
        [
            0.029494307935237885,
            -0.8617153763771057,
            -0.12515738606452942
        ],
        [
            0.029657121747732162,
            -0.8645681142807007,
            -0.12620988488197327
        ],
        [
            0.027841880917549133,
            -0.8580592274665833,
            -0.12543503940105438
        ],
        [
            0.02422301284968853,
            -0.8608159422874451,
            -0.12735962867736816
        ],
        [
            0.020789334550499916,
            -0.8584671020507812,
            -0.1299092024564743
        ],
        [
            0.0161459818482399,
            -0.8563162088394165,
            -0.13301044702529907
        ],
        [
            0.019258981570601463,
            -0.8516548871994019,
            -0.1299819052219391
        ],
        [
            0.024252086877822876,
            -0.8545854091644287,
            -0.12736085057258606
        ],
        [
            0.02419152855873108,
            -0.8760930895805359,
            -0.13210800290107727
        ],
        [
            0.034093525260686874,
            -0.8643070459365845,
            -0.12472684681415558
        ],
        [
            0.03686574846506119,
            -0.871074378490448,
            -0.1251680850982666
        ],
        [
            0.034625936299562454,
            -0.8593176603317261,
            -0.1235256940126419
        ],
        [
            0.03310542181134224,
            -0.8544512987136841,
            -0.12292713671922684
        ],
        [
            0.029250727966427803,
            -0.8498380184173584,
            -0.12374421954154968
        ],
        [
            0.0240136981010437,
            -0.8457636833190918,
            -0.1264876276254654
        ],
        [
            0.022322356700897217,
            -0.8206024169921875,
            -0.11796998977661133
        ],
        [
            0.030304983258247375,
            -0.8262516260147095,
            -0.11492389440536499
        ],
        [
            0.024687156081199646,
            -0.9473085999488831,
            -0.13662835955619812
        ],
        [
            0.033577412366867065,
            -0.9470611810684204,
            -0.13467933237552643
        ],
        [
            0.034939784556627274,
            -0.9396902322769165,
            -0.12941375374794006
        ],
        [
            0.0366218276321888,
            -0.942729651927948,
            -0.12950271368026733
        ],
        [
            0.030952446162700653,
            -0.9429484605789185,
            -0.132393941283226
        ],
        [
            0.030757933855056763,
            -0.9401905536651611,
            -0.13158006966114044
        ],
        [
            0.05035687983036041,
            -0.933633029460907,
            -0.11535049974918365
        ],
        [
            0.04505300521850586,
            -0.934951663017273,
            -0.11950217187404633
        ],
        [
            0.045836858451366425,
            -0.9312347173690796,
            -0.11788560450077057
        ],
        [
            0.05259394273161888,
            -0.9272820949554443,
            -0.11456254124641418
        ],
        [
            0.03850520774722099,
            -0.9226293563842773,
            -0.1240469366312027
        ],
        [
            0.04286327213048935,
            -0.9244252443313599,
            -0.12110695987939835
        ],
        [
            0.03838915005326271,
            -0.9306875467300415,
            -0.12379215657711029
        ],
        [
            0.0352000892162323,
            -0.9294499754905701,
            -0.12592889368534088
        ],
        [
            0.0313134491443634,
            -0.9286323189735413,
            -0.127611443400383
        ],
        [
            0.02702151983976364,
            -0.9283485412597656,
            -0.1284276247024536
        ],
        [
            0.027731698006391525,
            -0.9229050874710083,
            -0.127729594707489
        ],
        [
            0.03304846212267876,
            -0.9223663806915283,
            -0.12633883953094482
        ],
        [
            0.02428371086716652,
            -0.943565845489502,
            -0.1331745833158493
        ],
        [
            0.017328647896647453,
            -0.9423290491104126,
            -0.13221341371536255
        ],
        [
            0.01893840730190277,
            -0.9393486976623535,
            -0.13158805668354034
        ],
        [
            0.02485421486198902,
            -0.9403938055038452,
            -0.13268816471099854
        ],
        [
            0.009894495829939842,
            -0.9322024583816528,
            -0.12557858228683472
        ],
        [
            0.010821463540196419,
            -0.9347668886184692,
            -0.12673091888427734
        ],
        [
            0.007099900394678116,
            -0.9358341693878174,
            -0.12774169445037842
        ],
        [
            0.006673488765954971,
            -0.9312206506729126,
            -0.12675419449806213
        ],
        [
            0.009172126650810242,
            -0.9282786846160889,
            -0.12700897455215454
        ],
        [
            0.011254871264100075,
            -0.9305577278137207,
            -0.12621290981769562
        ],
        [
            0.023138808086514473,
            -1.000170350074768,
            -0.12916961312294006
        ],
        [
            0.018744193017482758,
            -0.9827965497970581,
            -0.1366308629512787
        ],
        [
            0.03990749642252922,
            -0.9948225021362305,
            -0.11825845390558243
        ],
        [
            0.05101953446865082,
            -0.9857885241508484,
            -0.10769898444414139
        ],
        [
            0.06021318584680557,
            -0.9736886024475098,
            -0.09848708659410477
        ],
        [
            0.05263478681445122,
            -0.8708891868591309,
            -0.11218613386154175
        ],
        [
            0.05532445013523102,
            -0.861913800239563,
            -0.10595355927944183
        ],
        [
            0.06317997723817825,
            -0.8702811002731323,
            -0.09506667405366898
        ],
        [
            0.06267894804477692,
            -0.859293520450592,
            -0.08958517760038376
        ],
        [
            0.0546431764960289,
            -0.8511054515838623,
            -0.10151472687721252
        ],
        [
            0.04283353313803673,
            -0.8313425183296204,
            -0.09705037623643875
        ],
        [
            0.05062876269221306,
            -0.8403236269950867,
            -0.0985773503780365
        ],
        [
            0.0590677335858345,
            -0.8484979867935181,
            -0.08316381275653839
        ],
        [
            0.06703490018844604,
            -0.861886739730835,
            -0.06913836300373077
        ],
        [
            0.06866482645273209,
            -0.8696691989898682,
            -0.07817235589027405
        ],
        [
            0.0705210268497467,
            -0.8777034878730774,
            -0.05681326985359192
        ],
        [
            0.0632670521736145,
            -0.853834867477417,
            -0.05637434870004654
        ],
        [
            0.06821371614933014,
            -0.876268208026886,
            -0.047647785395383835
        ],
        [
            0.049304552376270294,
            -0.8143805265426636,
            -0.05675458908081055
        ],
        [
            0.05211719125509262,
            -0.8017313480377197,
            -0.05228021740913391
        ],
        [
            0.06493187695741653,
            -0.8099908232688904,
            -0.04027533531188965
        ],
        [
            0.06260383874177933,
            -0.822569727897644,
            -0.044774021953344345
        ],
        [
            0.06819760799407959,
            -0.8786492943763733,
            -0.08660580217838287
        ],
        [
            0.06508363038301468,
            -0.9421167373657227,
            -0.0946635752916336
        ],
        [
            0.05997805297374725,
            -0.9411858320236206,
            -0.10542246699333191
        ],
        [
            0.06782744079828262,
            -0.9293614625930786,
            -0.09103308618068695
        ],
        [
            0.06415513157844543,
            -1.0009334087371826,
            -0.07818223536014557
        ],
        [
            0.05816231667995453,
            -0.9959574937820435,
            -0.09500265121459961
        ],
        [
            0.06651690602302551,
            -0.9811007976531982,
            -0.08812157809734344
        ],
        [
            0.07164274156093597,
            -0.9882659912109375,
            -0.07324910163879395
        ],
        [
            0.0327117033302784,
            -1.032401442527771,
            -0.08533486723899841
        ],
        [
            0.029482850804924965,
            -1.0192670822143555,
            -0.1090286523103714
        ],
        [
            0.0427534282207489,
            -1.008750319480896,
            -0.10246026515960693
        ],
        [
            0.04749239981174469,
            -1.019228219985962,
            -0.08331558108329773
        ],
        [
            0.07406556606292725,
            -0.9902361631393433,
            -0.06066503748297691
        ],
        [
            0.07641802728176117,
            -0.991939127445221,
            -0.04223661869764328
        ],
        [
            0.07226554304361343,
            -1.0083808898925781,
            -0.036170050501823425
        ],
        [
            0.06770198047161102,
            -1.0069146156311035,
            -0.058331046253442764
        ],
        [
            0.059052977710962296,
            -1.0278788805007935,
            -0.028826288878917694
        ],
        [
            0.053772371262311935,
            -1.0271456241607666,
            -0.055719856172800064
        ],
        [
            0.06850424408912659,
            -0.8626041412353516,
            -0.036419838666915894
        ],
        [
            0.06868357211351395,
            -0.880979061126709,
            -0.03492424637079239
        ],
        [
            0.059998270124197006,
            -0.837134838104248,
            -0.05147814750671387
        ],
        [
            0.06874679028987885,
            -0.845433235168457,
            -0.03586677461862564
        ],
        [
            0.04027518630027771,
            -1.0428552627563477,
            -0.021861620247364044
        ],
        [
            0.03507620468735695,
            -1.0426424741744995,
            -0.054593686014413834
        ],
        [
            0.0734902173280716,
            -0.9703219532966614,
            0.008740440011024475
        ],
        [
            0.07354298233985901,
            -0.988298773765564,
            -0.0006473138928413391
        ],
        [
            0.07848548889160156,
            -0.9753166437149048,
            -0.016219675540924072
        ],
        [
            0.07815603911876678,
            -0.9603236317634583,
