{
    "pred_cam": [
        1.4430334568023682,
        -0.009712880477309227,
        0.3573337197303772
    ],
    "pred_smpl_params": {
        "global_orient": [
            [
                [
                    0.9967778325080872,
                    -0.0001309924991801381,
                    -0.08021191507577896
                ],
                [
                    0.003925386816263199,
                    -0.9987208247184753,
                    0.050410978496074677
                ],
                [
                    -0.0801159143447876,
                    -0.05056340992450714,
                    -0.9955022931098938
                ]
            ]
        ],
        "body_pose": [
            [
                [
                    0.9853522181510925,
                    -0.16837812960147858,
                    0.027012251317501068
                ],
                [
                    0.16748617589473724,
                    0.9853399395942688,
                    0.032459937036037445
                ],
                [
                    -0.03208179399371147,
                    -0.02746029756963253,
                    0.9991078972816467
                ]
            ],
            [
                [
                    0.9982039332389832,
                    0.04435524716973305,
                    0.04026930406689644
                ],
                [
                    -0.04768005758523941,
                    0.9951749444007874,
                    0.0857519581913948
                ],
                [
                    -0.03627145290374756,
                    -0.08751796931028366,
                    0.9955024123191833
                ]
            ],
            [
                [
                    0.9992408752441406,
                    0.019571414217352867,
                    -0.03368718549609184
                ],
                [
                    -0.020557433366775513,
                    0.9993628859519958,
                    -0.029175912961363792
                ],
                [
                    0.03309470787644386,
                    0.029846280813217163,
                    0.9990065693855286
                ]
            ],
            [
                [
                    0.9780091643333435,
                    -0.028712721541523933,
                    -0.20657581090927124
                ],
                [
                    -0.1509755253791809,
                    0.5858807563781738,
                    -0.7962098717689514
                ],
                [
                    0.1438901573419571,
                    0.809888482093811,
                    0.5686618089675903
                ]
            ],
            [
                [
                    0.9781427383422852,
                    0.039531320333480835,
                    0.20414239168167114
                ],
                [
                    0.14703406393527985,
                    0.5627065300941467,
                    -0.8134754300117493
                ],
                [
                    -0.1470300257205963,
                    0.8257109522819519,
                    0.5445948839187622
                ]
            ],
            [
                [
                    0.999666690826416,
                    -0.011965709738433361,
                    -0.022873736917972565
                ],
                [
                    0.013376588933169842,
                    0.9979517459869385,
                    0.06255775690078735
                ],
                [
                    0.022078335285186768,
                    -0.06284288316965103,
                    0.9977791905403137
                ]
            ],
            [
                [
                    0.9774056673049927,
                    0.10098803788423538,
                    0.1856869012117386
                ],
                [
                    -0.11674514412879944,
                    0.9902533292770386,
                    0.07595382630825043
                ],
                [
                    -0.17620663344860077,
                    -0.09591574221849442,
                    0.9796690940856934
                ]
            ],
            [
                [
                    0.9813447594642639,
                    -0.04770834371447563,
                    -0.1862429678440094
                ],
                [
                    0.06860464066267014,
                    0.9918442964553833,
                    0.10741640627384186
                ],
                [
                    0.1795993596315384,
                    -0.11818965524435043,
                    0.976614236831665
                ]
            ],
            [
                [
                    0.9990003705024719,
                    -0.014097733423113823,
                    -0.04242071881890297
                ],
                [
                    0.009149644523859024,
                    0.9933634400367737,
                    -0.11465322971343994
                ],
                [
                    0.04375554248690605,
                    0.11415047943592072,
                    0.9924994111061096
                ]
            ],
            [
                [
                    0.9801225662231445,
                    -0.19663147628307343,
                    -0.026379503309726715
                ],
                [
                    0.19736742973327637,
                    0.9528942704200745,
                    0.230301171541214
                ],
                [
                    -0.02014758437871933,
                    -0.23092980682849884,
                    0.9727618098258972
                ]
            ],
            [
                [
                    0.985467791557312,
                    0.16719451546669006,
                    0.029986834153532982
                ],
                [
                    -0.16975536942481995,
                    0.9631146788597107,
                    0.20878969132900238
                ],
                [
                    0.006027729716151953,
                    -0.2108459323644638,
                    0.9775006771087646
                ]
            ],
            [
                [
                    0.9963204264640808,
                    -0.06276579946279526,
                    0.05836068093776703
                ],
                [
                    0.05262281745672226,
                    0.9854702949523926,
                    0.16148990392684937
                ],
                [
                    -0.06764877587556839,
                    -0.15782460570335388,
                    0.9851471185684204
                ]
            ],
            [
                [
                    0.9137263298034668,
                    0.3971954882144928,
                    0.08567379415035248
                ],
                [
                    -0.3874743580818176,
                    0.915221095085144,
                    -0.11060719937086105
                ],
                [
                    -0.12234313786029816,
                    0.06786830723285675,
                    0.9901646971702576
                ]
            ],
            [
                [
                    0.9121640920639038,
                    -0.38943353295326233,
                    -0.12766453623771667
                ],
                [
                    0.38065093755722046,
                    0.9205037355422974,
                    -0.0881914496421814
                ],
                [
                    0.15186040103435516,
                    0.031849440187215805,
                    0.9878886938095093
                ]
            ],
            [
                [
                    0.9989321231842041,
                    -0.04071211442351341,
                    0.021839523687958717
                ],
                [
                    0.044164761900901794,
                    0.9802554845809937,
                    -0.19273996353149414
                ],
                [
                    -0.013561462983489037,
                    0.19349871575832367,
                    0.9810067415237427
                ]
            ],
            [
                [
                    0.5244219899177551,
                    0.8196969032287598,
                    -0.2303875982761383
                ],
                [
                    -0.8506993651390076,
                    0.515832781791687,
                    -0.10112912207841873
                ],
                [
                    0.03594624996185303,
                    0.24902492761611938,
                    0.967829704284668
                ]
            ],
            [
                [
                    0.5249217748641968,
                    -0.8238733410835266,
                    0.21375195682048798
                ],
                [
                    0.8511450290679932,
                    0.5089930891990662,
                    -0.12836728990077972
                ],
                [
                    -0.003039880655705929,
                    0.24931670725345612,
                    0.9684172868728638
                ]
            ],
            [
                [
                    0.809359073638916,
                    -0.1754743605852127,
                    -0.5604878067970276
                ],
                [
                    0.05809132009744644,
                    0.9735621809959412,
                    -0.2209119349718094
                ],
                [
                    0.5844341516494751,
                    0.1462375968694687,
                    0.7981549501419067
                ]
            ],
            [
                [
                    0.8162307739257812,
                    0.17353156208992004,
                    0.5510481595993042
                ],
                [
                    -0.06867490708827972,
                    0.9762036204338074,
                    -0.20569443702697754
                ],
                [
                    -0.5736296772956848,
                    0.13005094230175018,
                    0.8087247014045715
                ]
            ],
            [
                [
                    0.9989492893218994,
                    0.041392747312784195,
                    0.01966695673763752
                ],
                [
                    -0.04080997779965401,
                    0.9987412095069885,
                    -0.029163626953959465
                ],
                [
                    -0.02084936387836933,
                    0.028330381959676743,
                    0.9993810653686523
                ]
            ],
            [
                [
                    0.9978973269462585,
                    -0.04759548231959343,
                    -0.04399628937244415
                ],
                [
                    0.046481065452098846,
                    0.998580276966095,
                    -0.026015333831310272
                ],
                [
                    0.04517204314470291,
                    0.02391563355922699,
                    0.9986928701400757
                ]
            ],
            [
                [
                    0.9762102365493774,
                    0.20724035799503326,
                    -0.06375723332166672
                ],
                [
                    -0.195439875125885,
                    0.9683619737625122,
                    0.1551714539527893
                ],
                [
                    0.09389787912368774,
                    -0.13901926577091217,
                    0.9858279228210449
                ]
            ],
            [
                [
                    0.9761592149734497,
                    -0.2143574357032776,
                    0.03411877900362015
                ],
                [
                    0.20639227330684662,
                    0.9653269052505493,
                    0.1598319113254547
                ],
                [
                    -0.06719692796468735,
                    -0.1489795446395874,
                    0.9865544438362122
                ]
            ]
        ],
        "betas": [
            -0.049770474433898926,
            0.4486445188522339,
            0.7328646183013916,
            1.4426629543304443,
            -0.06439143419265747,
            0.05624133720993996,
            -0.02935168147087097,
            0.06033143401145935,
            0.04405432939529419,
            -0.11084359884262085
        ]
    },
    "pred_cam_t": [
        -0.009712880477309227,
        0.3573337197303772,
        27.069711685180664
    ],
    "focal_length": [
        5000.0,
        5000.0
    ],
    "pred_keypoints_3d": [
        [
            -0.019009415060281754,
            -0.8866843581199646,
            -0.1484828144311905
        ],
        [
            0.0036730319261550903,
            -0.7686717510223389,
            0.0115558672696352
        ],
        [
            -0.16522878408432007,
            -0.6677032113075256,
            0.07694323360919952
        ],
        [
            -0.17978501319885254,
            -0.4332185685634613,
            0.15906009078025818
        ],
        [
            -0.23421549797058105,
            -0.20156916975975037,
            0.0786382332444191
        ],
        [
            0.17993241548538208,
            -0.6672852039337158,
            0.005704923067241907
        ],
        [
            0.2219512164592743,
            -0.4257009029388428,
            0.08048735558986664
        ],
        [
            0.22911201417446136,
            -0.20187924802303314,
            -0.02072913944721222
        ],
        [
            -0.0029366398230195045,
            -0.23731300234794617,
            0.023351751267910004
        ],
        [
            -0.06508658081293106,
            -0.14785905182361603,
            0.03927702084183693
        ],
        [
            -0.12251472473144531,
            0.22713039815425873,
            0.033920325338840485
        ],
        [
            -0.1253010481595993,
            0.4229004383087158,
            0.37364688515663147
        ],
        [
            0.06204952299594879,
            -0.14614437520503998,
            0.03125379979610443
        ],
        [
            0.15860101580619812,
            0.21171988546848297,
            0.032716769725084305
        ],
        [
            0.21395444869995117,
            0.39502573013305664,
            0.37465789914131165
        ],
        [
            -0.05256671458482742,
            -0.9235399961471558,
            -0.10982619225978851
        ],
        [
            0.01251555047929287,
            -0.9315366744995117,
            -0.11877025663852692
        ],
        [
            -0.07955119758844376,
            -0.9031625986099243,
            -0.011213459074497223
        ],
        [
            0.06410880386829376,
            -0.9204912185668945,
            -0.03137511387467384
        ],
        [
            0.22401537001132965,
            0.5739078521728516,
            0.28934863209724426
        ],
        [
            0.28983521461486816,
            0.5343446731567383,
            0.32446014881134033
        ],
        [
            0.22449469566345215,
            0.370977520942688,
            0.4409269690513611
        ],
        [
            -0.1171000599861145,
            0.5949112772941589,
            0.27522528171539307
        ],
        [
            -0.18973231315612793,
            0.5639891624450684,
            0.31276869773864746
        ],
        [
            -0.13235658407211304,
            0.4106276333332062,
            0.4455682933330536
        ],
        [
            -0.1471174657344818,
            0.3731510043144226,
            0.3508128523826599
        ],
        [
            -0.11568626761436462,
            0.17041650414466858,
            0.02172902598977089
        ],
        [
            -0.13970747590065002,
            -0.2721234858036041,
            0.04058435931801796
        ],
        [
            0.13334117829799652,
            -0.25699445605278015,
            0.031132787466049194
        ],
        [
            0.16149818897247314,
            0.17486299574375153,
            0.022782504558563232
        ],
        [
            0.2174738496541977,
            0.3542971611022949,
            0.363172322511673
        ],
        [
            -0.2263418436050415,
            -0.22872376441955566,
            0.055032797157764435
        ],
        [
            -0.21277467906475067,
            -0.4504926800727844,
            0.14181837439537048
        ],
        [
            -0.13206706941127777,
            -0.7009708881378174,
            0.06401462107896805
        ],
        [
            0.15020911395549774,
            -0.7029600143432617,
            0.01152615062892437
        ],
        [
            0.2478068470954895,
            -0.44652268290519714,
            0.04143036529421806
        ],
        [
            0.22988620400428772,
            -0.22073805332183838,
            -0.029833417385816574
        ],
        [
            0.006841619499027729,
            -0.7588813304901123,
            0.01591816172003746
        ],
        [
            -0.012096830643713474,
            -0.9654263854026794,
            -0.03702734410762787
        ],
        [
            -0.0027317979838699102,
            -0.26421016454696655,
            0.035231661051511765
        ],
        [
            0.007230259478092194,
            -0.700304388999939,
            0.03355402871966362
        ],
        [
            0.00758497416973114,
            -0.5211619734764099,
            0.040799472481012344
        ],
        [
            -0.0004174918867647648,
            -0.8593184351921082,
            -0.07278236001729965
        ],
        [
            -0.017824701964855194,
            -0.9837769269943237,
            -0.0270791407674551
        ]
    ],
    "pred_vertices": [
        [
            0.0185393039137125,
            -0.9774125814437866,
            -0.11980466544628143
        ],
        [
            0.013655349612236023,
            -0.9630792140960693,
            -0.12575899064540863
        ],
        [
            0.025779645889997482,
            -0.960552990436554,
            -0.118581622838974
        ],
        [
            0.031410448253154755,
            -0.971650242805481,
            -0.10959892719984055
        ],
        [
            0.022255487740039825,
            -0.951727032661438,
            -0.12373195588588715
        ],
        [
            0.011588413268327713,
            -0.9518244862556458,
            -0.12939225137233734
        ],
        [
            0.034387458115816116,
            -0.9552713632583618,
            -0.10906130820512772
        ],
        [
            0.039770789444446564,
            -0.9626891016960144,
            -0.09912607073783875
        ],
        [
            0.045045074075460434,
            -0.9211106300354004,
            -0.09948476403951645
        ],
        [
            0.05057469755411148,
            -0.916729211807251,
            -0.09078241884708405
        ],
        [
            0.04902874678373337,
            -0.9283610582351685,
            -0.09189777821302414
        ],
        [
            0.042823441326618195,
            -0.9293491840362549,
            -0.09989036619663239
        ],
        [
            0.047537609934806824,
            -0.8948014974594116,
            -0.09681129455566406
        ],
        [
            0.041458677500486374,
            -0.8851377964019775,
            -0.10438592731952667
        ],
        [
            0.046079762279987335,
            -0.876027524471283,
            -0.09569001197814941
        ],
        [
            0.05121263861656189,
            -0.8851161003112793,
            -0.08720515668392181
        ],
        [
            0.005556412041187286,
            -0.8965495824813843,
            -0.1232902929186821
        ],
        [
            0.011739084497094154,
            -0.8904716968536377,
            -0.12293529510498047
        ],
        [
            0.014749755151569843,
            -0.8975193500518799,
            -0.122198686003685
        ],
        [
            0.007959457114338875,
            -0.9026405811309814,
            -0.12219031155109406
        ],
        [
            -0.005291685461997986,
            -0.9050965905189514,
            -0.12859824299812317
        ],
        [
            -0.004603691399097443,
            -0.9105018973350525,
            -0.12499690055847168
        ],
        [
            -0.010101193562150002,
            -0.9140782952308655,
            -0.12971286475658417
        ],
        [
            -0.010043976828455925,
            -0.9079838395118713,
            -0.1344866156578064
        ],
        [
            0.0009018033742904663,
            -0.8907256126403809,
            -0.12327654659748077
        ],
        [
            0.007608246058225632,
            -0.8844209313392639,
            -0.12259978801012039
        ],
        [
            0.00011255592107772827,
            -0.9018262624740601,
            -0.12440371513366699
        ],
        [
            -0.001524362713098526,
            -0.8968114852905273,
            -0.12684841454029083
        ],
        [
            -0.004678960889577866,
            -0.8908015489578247,
            -0.13744217157363892
        ],
        [
            -0.0036459453403949738,
            -0.8955730199813843,
            -0.1359056681394577
        ],
        [
            -0.007777266204357147,
            -0.8964169025421143,
            -0.1426142156124115
        ],
        [
            -0.008273381739854813,
            -0.8908214569091797,
            -0.14204077422618866
        ],
        [
            -0.0010335464030504227,
            -0.889948844909668,
            -0.12825530767440796
        ],
        [
            -0.0011567212641239166,
            -0.8930448293685913,
            -0.13112294673919678
        ],
        [
            -0.00325654074549675,
            -0.889121413230896,
            -0.13340815901756287
        ],
        [
            -0.004020813852548599,
            -0.8867150545120239,
            -0.13001418113708496
        ],
        [
            -0.005693558603525162,
            -0.9007779359817505,
            -0.13181018829345703
        ],
        [
            -0.009377475827932358,
            -0.9026167392730713,
            -0.13860850036144257
        ],
        [
            -0.014059208333492279,
            -0.9038693904876709,
            -0.14542803168296814
        ],
        [
            -0.012503363192081451,
            -0.895514190196991,
            -0.1492459774017334
        ],
        [
            0.024685103446245193,
            -0.8777258396148682,
            -0.11805395036935806
        ],
        [
            0.0184442438185215,
            -0.8843094706535339,
            -0.12164362519979477
        ],
        [
            0.014194625429809093,
            -0.878813624382019,
            -0.12168838083744049
        ],
        [
            0.019825641065835953,
            -0.8736099004745483,
            -0.11951200664043427
        ],
        [
            -0.0021463166922330856,
            -0.8835148811340332,
            -0.1266903281211853
        ],
        [
            0.0033334214240312576,
            -0.8676267266273499,
            -0.1276521384716034
        ],
        [
            0.003163866698741913,
            -0.8716065883636475,
            -0.12786415219306946
        ],
        [
            -0.0031784139573574066,
            -0.8718916177749634,
            -0.13119211792945862
        ],
        [
            -0.00240175798535347,
            -0.8682518005371094,
            -0.13083964586257935
        ],
        [
            0.03217192739248276,
            -0.8633291721343994,
            -0.11029104888439178
        ],
        [
            0.026448596268892288,
            -0.8618122339248657,
            -0.11436085402965546
        ],
        [
            0.027962274849414825,
            -0.8546698093414307,
            -0.11186559498310089
        ],
        [
            0.03335757181048393,
            -0.8547965884208679,
            -0.10647106170654297
        ],
        [
            0.02651754394173622,
            -0.8484393358230591,
            -0.11052766442298889
        ],
        [
            0.033396318554878235,
            -0.8464535474777222,
            -0.103269562125206
        ],
        [
            0.026020558550953865,
            -0.8310206532478333,
            -0.10309308767318726
        ],
        [
            0.029970109462738037,
            -0.8379175662994385,
            -0.10282417386770248
        ],
        [
            0.02332247979938984,
            -0.8422590494155884,
            -0.11088579893112183
        ],
        [
            0.018502289429306984,
            -0.8364322185516357,
            -0.11386698484420776
        ],
        [
            0.005252489820122719,
            -0.8401652574539185,
            -0.12122458219528198
        ],
        [
            -0.0006352551281452179,
            -0.8384395837783813,
            -0.1234486848115921
        ],
        [
            0.0055231377482414246,
            -0.8266057968139648,
            -0.12209390848875046
        ],
        [
            0.011931310407817364,
            -0.830653727054596,
            -0.11849477887153625
        ],
        [
            0.004120903089642525,
            -0.8620593547821045,
            -0.12315306067466736
        ],
        [
            0.008172586560249329,
            -0.8624857664108276,
            -0.12064965069293976
        ],
        [
            0.008040828630328178,
            -0.8640999794006348,
            -0.12296002358198166
        ],
        [
            0.003681337460875511,
            -0.8647795915603638,
            -0.1259417086839676
        ],
        [
            0.011828942224383354,
            -0.8626285791397095,
            -0.11892552673816681
        ],
        [
            0.013519586063921452,
            -0.8626028299331665,
            -0.11827890574932098
        ],
        [
            0.013035353273153305,
            -0.8639364242553711,
            -0.11954426765441895
        ],
        [
            0.011522741988301277,
            -0.8634285926818848,
            -0.11961272358894348
        ],
        [
            0.009664526209235191,
            -0.8628072738647461,
            -0.1200697124004364
        ],
        [
            0.008919419720768929,
            -0.8606654405593872,
            -0.1204490065574646
        ],
        [
            0.011075112968683243,
            -0.8616817593574524,
            -0.11935225874185562
        ],
        [
            0.005397435277700424,
            -0.8594129085540771,
            -0.12305280566215515
        ],
        [
            -0.007421158254146576,
            -0.8556432127952576,
            -0.129569873213768
        ],
        [
            -0.0034583844244480133,
            -0.8568836450576782,
            -0.12855203449726105
        ],
        [
            -0.0053319744765758514,
            -0.8613027334213257,
            -0.1274949163198471
        ],
        [
            -0.008731726557016373,
            -0.8604040145874023,
            -0.12834973633289337
        ],
        [
            0.010899310931563377,
            -0.865200400352478,
            -0.1213851273059845
        ],
        [
            0.013402380980551243,
            -0.8675340414047241,
            -0.12103526294231415
        ],
        [
            0.009256754070520401,
            -0.8698773384094238,
            -0.1243114322423935
        ],
        [
            0.008410854265093803,
            -0.8669235706329346,
            -0.12357645481824875
        ],
        [
            0.01587742194533348,
            -0.8697748184204102,
            -0.12093506008386612
        ],
        [
            0.01521232072263956,
            -0.8654019832611084,
            -0.11908850818872452
        ],
        [
            0.018150802701711655,
            -0.8661199808120728,
            -0.11861957609653473
        ],
        [
            0.013219743967056274,
            -0.8606536388397217,
            -0.11824186146259308
        ],
        [
            0.016201572492718697,
            -0.8592790365219116,
            -0.1169644296169281
        ],
        [
            0.016329817473888397,
            -0.8621370792388916,
            -0.11794965714216232
        ],
        [
            0.01461656205356121,
            -0.8556430339813232,
            -0.11735127121210098
        ],
        [
            0.010990597307682037,
            -0.8583813905715942,
            -0.11920584738254547
        ],
        [
            0.007608233019709587,
            -0.8560765385627747,
            -0.12179264426231384
        ],
        [
            0.0030113086104393005,
            -0.8539567589759827,
            -0.12492121011018753
        ],
        [
            0.006172997877001762,
            -0.8492908477783203,
            -0.12202374637126923
        ],
        [
            0.011104032397270203,
            -0.8521988987922668,
            -0.11935555934906006
        ],
        [
            0.010751008987426758,
            -0.873670220375061,
            -0.123506560921669
        ],
        [
            0.02073049172759056,
            -0.8619094491004944,
            -0.11645089089870453
        ],
        [
            0.02342253178358078,
            -0.8686916828155518,
            -0.11672180891036987
        ],
        [
            0.021314362064003944,
            -0.856931746006012,
            -0.115361288189888
        ],
        [
            0.019871674478054047,
            -0.8520604372024536,
            -0.11490561068058014
        ],
        [
            0.016161080449819565,
            -0.8474426865577698,
            -0.11582604795694351
        ],
        [
            0.010962486267089844,
            -0.843407928943634,
            -0.11865714937448502
        ],
        [
            0.009608972817659378,
            -0.8181544542312622,
            -0.11074256896972656
        ],
        [
            0.017562106251716614,
            -0.8237631320953369,
            -0.10760404914617538
        ],
        [
            0.010395890101790428,
            -0.9448786973953247,
            -0.12617233395576477
        ],
        [
            0.01926600933074951,
            -0.9446784257888794,
            -0.12421571463346481
        ],
        [
            0.02075747400522232,
            -0.9371982216835022,
            -0.1191876083612442
        ],
        [
            0.02241569571197033,
            -0.9402762055397034,
            -0.11919688433408737
        ],
        [
            0.016732696443796158,
            -0.9404748678207397,
            -0.12206707149744034
        ],
        [
            0.01658300869166851,
            -0.9377048015594482,
            -0.12133628129959106
        ],
        [
            0.03619423508644104,
            -0.9309579133987427,
            -0.10534699261188507
        ],
        [
            0.0308877844363451,
            -0.9323195219039917,
            -0.10945659875869751
        ],
        [
            0.03172428905963898,
            -0.928585946559906,
            -0.10795705020427704
        ],
        [
            0.0385054312646389,
            -0.9246348142623901,
            -0.10473013669252396
        ],
        [
            0.024522844702005386,
            -0.9200737476348877,
            -0.11434988677501678
        ],
        [
            0.028858855366706848,
            -0.9218405485153198,
            -0.11138381063938141
        ],
        [
            0.02429950423538685,
            -0.9281028509140015,
            -0.11385618150234222
        ],
        [
            0.021133065223693848,
            -0.9268931150436401,
            -0.11602294445037842
        ],
        [
            0.017274722456932068,
            -0.9260630011558533,
            -0.11773940920829773
        ],
        [
            0.0130050890147686,
            -0.9257475733757019,
            -0.11854603886604309
        ],
        [
            0.013768017292022705,
            -0.9202914237976074,
            -0.1180107370018959
        ],
        [
            0.019078943878412247,
            -0.9197975993156433,
            -0.11664651334285736
        ],
        [
            0.010080680251121521,
            -0.9410205483436584,
            -0.1228448748588562
        ],
        [
            0.0031437668949365616,
            -0.9396789073944092,
            -0.12191257625818253
        ],
        [
            0.004791341722011566,
            -0.9366919994354248,
            -0.12139342725276947
        ],
        [
            0.010699884966015816,
            -0.9378443360328674,
            -0.1224483847618103
        ],
        [
            -0.004152329638600349,
            -0.9292566180229187,
            -0.11562259495258331
        ],
        [
            -0.0032606516033411026,
            -0.931862473487854,
            -0.11670829355716705
        ],
        [
            -0.00698666088283062,
            -0.9329109191894531,
            -0.11769479513168335
        ],
        [
            -0.007347119972109795,
            -0.9282724857330322,
            -0.11683190613985062
        ],
        [
            -0.004830481484532356,
            -0.9253706336021423,
            -0.11714427918195724
        ],
        [
            -0.0027801506221294403,
            -0.9276440143585205,
            -0.11628444492816925
        ],
        [
            0.008259572088718414,
            -0.9974820613861084,
            -0.11716486513614655
        ],
        [
            0.003982914611697197,
            -0.9802417755126953,
            -0.12518782913684845
        ],
        [
            0.024968324229121208,
            -0.9920199513435364,
            -0.10642969608306885
        ],
        [
            0.036250170320272446,
            -0.9828168153762817,
            -0.09617434442043304
        ],
        [
            0.04544771835207939,
            -0.9705723524093628,
            -0.08728620409965515
        ],
        [
            0.03914937004446983,
            -0.8683726787567139,
            -0.10380561649799347
        ],
        [
            0.041932493448257446,
            -0.8592999577522278,
            -0.09782320261001587
        ],
        [
            0.04967954382300377,
            -0.867372989654541,
            -0.08675804734230042
        ],
        [
            0.04929337278008461,
            -0.8563317060470581,
            -0.08157776296138763
        ],
        [
            0.041398681700229645,
            -0.8484169244766235,
            -0.09366986155509949
        ],
        [
            0.029903266578912735,
            -0.8285902142524719,
            -0.08964452892541885
        ],
        [
            0.03755348175764084,
            -0.837590217590332,
            -0.09099741280078888
        ],
        [
            0.04580561816692352,
            -0.8454281091690063,
            -0.07545731216669083
        ],
        [
            0.05350992828607559,
            -0.858482837677002,
            -0.06114267557859421
        ],
        [
            0.05510381609201431,
            -0.8664517402648926,
            -0.06985935568809509
        ],
        [
            0.05671568959951401,
            -0.8739703893661499,
            -0.04847545176744461
        ],
        [
            0.04967258498072624,
            -0.8502122759819031,
            -0.048658523708581924
        ],
        [
            0.05439598858356476,
            -0.8723517656326294,
            -0.03947574645280838
        ],
        [
            0.03632987663149834,
            -0.8107529878616333,
            -0.04993212968111038
        ],
        [
            0.039359964430332184,
            -0.7979458570480347,
            -0.0458194799721241
        ],
        [
            0.05201360210776329,
            -0.8059118986129761,
            -0.03383014351129532
        ],
        [
            0.04947228729724884,
            -0.818656325340271,
            -0.03798981383442879
        ],
        [
            0.054547786712646484,
            -0.875633716583252,
            -0.0780213475227356
        ],
        [
            0.05064155533909798,
            -0.939152717590332,
            -0.08435086160898209
        ],
        [
            0.04559580981731415,
            -0.9384456872940063,
            -0.09507293254137039
        ],
        [
            0.0536494255065918,
            -0.9262898564338684,
            -0.08111198246479034
        ],
        [
            0.04903985187411308,
            -0.9972759485244751,
            -0.06625278294086456
        ],
        [
            0.043178822845220566,
            -0.9927440881729126,
            -0.0831286758184433
        ],
        [
            0.05163609981536865,
            -0.9777542948722839,
            -0.07668054103851318
        ],
        [
            0.056640077382326126,
            -0.9845329523086548,
            -0.06162983551621437
        ],
        [
            0.017408007755875587,
            -1.0285332202911377,
            -0.07247793674468994
        ],
        [
            0.014323461800813675,
            -1.0160131454467773,
            -0.0965968519449234
        ],
        [
            0.027740254998207092,
            -1.0054748058319092,
            -0.09026850759983063
        ],
        [
            0.032337069511413574,
            -1.0154945850372314,
            -0.07083258032798767
        ],
        [
            0.05911172926425934,
            -0.9862102270126343,
            -0.04899299517273903
        ],
        [
            0.06141991168260574,
            -0.9873715043067932,
            -0.030595093965530396
        ],
        [
            0.05708485096693039,
            -1.0034582614898682,
            -0.023968305438756943
        ],
        [
            0.05251394957304001,
            -1.0027037858963013,
            -0.04612569510936737
        ],
        [
            0.0436149500310421,
            -1.0224924087524414,
            -0.01609797030687332
        ],
        [
            0.03846375644207001,
            -1.022517442703247,
            -0.04303845018148422
        ],
        [
            0.05496744066476822,
            -0.8584415912628174,
            -0.028741352260112762
        ],
        [
            0.054826393723487854,
            -0.8767082691192627,
            -0.02675609104335308
        ],
        [
            0.04662463814020157,
            -0.8334001302719116,
            -0.044223934412002563
        ],
        [
            0.05537407845258713,
            -0.8412824273109436,
            -0.028666608035564423
        ],
        [
            0.024710042402148247,
            -1.0367240905761719,
            -0.008856676518917084
        ],
        [
            0.019631987437605858,
            -1.037642002105713,
            -0.0414523109793663
        ],
        [
            0.05866974592208862,
            -0.9643725156784058,
            0.01942671835422516
        ],
        [
            0.05856574326753616,
            -0.9824984073638916,
            0.01064550131559372
        ],
        [
            0.0637209415435791,
            -0.9701111912727356,
