{
    "pred_cam": [
        1.4414339065551758,
        -0.00094650499522686,
        0.3338300883769989
    ],
    "pred_smpl_params": {
        "global_orient": [
            [
                [
                    0.9977227449417114,
                    -0.023704003542661667,
                    -0.06314633041620255
                ],
                [
                    -0.021730782464146614,
                    -0.9992594718933105,
                    0.031754087656736374
                ],
                [
                    -0.06385226547718048,
                    -0.030309554189443588,
                    -0.9974989891052246
                ]
            ]
        ],
        "body_pose": [
            [
                [
                    0.9935715794563293,
                    -0.11261925101280212,
                    -0.011499252170324326
                ],
                [
                    0.11320243775844574,
                    0.9890701174736023,
                    0.09447512775659561
                ],
                [
                    0.0007338469731621444,
                    -0.0951695591211319,
                    0.9954607486724854
                ]
            ],
            [
                [
                    0.9995731115341187,
                    -0.00026016015908680856,
                    0.02921592816710472
                ],
                [
                    -0.002236903179436922,
                    0.9963439702987671,
                    0.08540337532758713
                ],
                [
                    -0.0291313286870718,
                    -0.085432268679142,
                    0.9959180355072021
                ]
            ],
            [
                [
                    0.9989193081855774,
                    0.04574277624487877,
                    -0.008233957923948765
                ],
                [
                    -0.04618102312088013,
                    0.9968312382698059,
                    -0.06476712226867676
                ],
                [
                    0.00524523900821805,
                    0.06507737934589386,
                    0.9978663921356201
                ]
            ],
            [
                [
                    0.981023371219635,
                    -0.03395998477935791,
                    -0.19089195132255554
                ],
                [
                    -0.13407151401042938,
                    0.5924069285392761,
                    -0.7944046854972839
                ],
                [
                    0.14006373286247253,
                    0.8049228191375732,
                    0.5766119956970215
                ]
            ],
            [
                [
                    0.9815759062767029,
                    -0.0021665371023118496,
                    0.19106076657772064
                ],
                [
                    0.15042436122894287,
                    0.6253423690795898,
                    -0.7657150626182556
                ],
                [
                    -0.11781945079565048,
                    0.7803475260734558,
                    0.614146888256073
                ]
            ],
            [
                [
                    0.9997418522834778,
                    -0.021359458565711975,
                    -0.007739175111055374
                ],
                [
                    0.021836066618561745,
                    0.9974544644355774,
                    0.06788094341754913
                ],
                [
                    0.006269574165344238,
                    -0.06803242117166519,
                    0.9976633787155151
                ]
            ],
            [
                [
                    0.9776686429977417,
                    0.08746971189975739,
                    0.19108381867408752
                ],
                [
                    -0.10518502444028854,
                    0.9908469915390015,
                    0.08460699021816254
                ],
                [
                    -0.18193428218364716,
                    -0.10281676799058914,
                    0.9779205322265625
                ]
            ],
            [
                [
                    0.981852650642395,
                    -0.02506820298731327,
                    -0.1879812479019165
                ],
                [
                    0.04308794438838959,
                    0.9947897791862488,
                    0.0923944041132927
                ],
                [
                    0.18468566238880157,
                    -0.09881741553544998,
                    0.9778171181678772
                ]
            ],
            [
                [
                    0.9991949796676636,
                    -0.028653085231781006,
                    -0.02808035910129547
                ],
                [
                    0.02539750188589096,
                    0.9935927987098694,
                    -0.11012876778841019
                ],
                [
                    0.03105597198009491,
                    0.10932692885398865,
                    0.9935206770896912
                ]
            ],
            [
                [
                    0.9820960760116577,
                    -0.18156783282756805,
                    -0.05020402371883392
                ],
                [
                    0.18801158666610718,
                    0.9613994359970093,
                    0.20090444386005402
                ],
                [
                    0.011788343079388142,
                    -0.2067463994026184,
                    0.9783234596252441
                ]
            ],
            [
                [
                    0.9903802871704102,
                    0.13708822429180145,
                    0.01880500651896
                ],
                [
                    -0.13798032701015472,
                    0.9681966304779053,
                    0.20870262384414673
                ],
                [
                    0.010403728112578392,
                    -0.20928969979286194,
                    0.977798342704773
                ]
            ],
            [
                [
                    0.9971659183502197,
                    -0.0746612399816513,
                    0.009258611127734184
                ],
                [
                    0.07222162187099457,
                    0.9844444990158081,
                    0.16016563773155212
                ],
                [
                    -0.021072756499052048,
                    -0.1590430587530136,
                    0.9870466589927673
                ]
            ],
            [
                [
                    0.9045860767364502,
                    0.41730624437332153,
                    0.08706042915582657
                ],
                [
                    -0.4085375964641571,
                    0.9069660305976868,
                    -0.10251675546169281
                ],
                [
                    -0.12174173444509506,
                    0.057167768478393555,
                    0.9909141063690186
                ]
            ],
            [
                [
                    0.907034158706665,
                    -0.40790900588035583,
                    -0.10439976304769516
                ],
                [
                    0.4021163582801819,
                    0.9127125144004822,
                    -0.07251343876123428
                ],
                [
                    0.12486586719751358,
                    0.023791305720806122,
                    0.9918882846832275
                ]
            ],
            [
                [
                    0.9979440569877625,
                    -0.0640135109424591,
                    -0.0031347423791885376
                ],
                [
                    0.06203346699476242,
                    0.9770541787147522,
                    -0.20375694334506989
                ],
                [
                    0.016106009483337402,
                    0.20314359664916992,
                    0.9790163636207581
                ]
            ],
            [
                [
                    0.5128985047340393,
                    0.8275400400161743,
                    -0.22828172147274017
                ],
                [
                    -0.8580027222633362,
                    0.50275057554245,
                    -0.10522947460412979
                ],
                [
                    0.02768716774880886,
                    0.24983835220336914,
                    0.9678916335105896
                ]
            ],
            [
                [
                    0.5525814890861511,
                    -0.8084891438484192,
                    0.20248199999332428
                ],
                [
                    0.8329910039901733,
                    0.5438649654388428,
                    -0.10167042165994644
                ],
                [
                    -0.027923433110117912,
                    0.22484686970710754,
                    0.9739938974380493
                ]
            ],
            [
                [
                    0.8518059849739075,
                    -0.15695011615753174,
                    -0.49979323148727417
                ],
                [
                    0.0763043761253357,
                    0.9810610413551331,
                    -0.1780358999967575
                ],
                [
                    0.5182704925537109,
                    0.11351563036441803,
                    0.8476496338844299
                ]
            ],
            [
                [
                    0.8659937977790833,
                    0.15763771533966064,
                    0.47455787658691406
                ],
                [
                    -0.09511785209178925,
                    0.983613133430481,
                    -0.15315954387187958
                ],
                [
                    -0.49092504382133484,
                    0.08749628812074661,
                    0.8667970299720764
                ]
            ],
            [
                [
                    0.9980237483978271,
                    0.05651520565152168,
                    0.02747039496898651
                ],
                [
                    -0.05613444000482559,
                    0.9983187317848206,
                    -0.014440848492085934
                ],
                [
                    -0.02824033983051777,
                    0.012870275415480137,
                    0.9995182752609253
                ]
            ],
            [
                [
                    0.997182309627533,
                    -0.05087696388363838,
                    -0.05512750893831253
                ],
                [
                    0.048638965934515,
                    0.9979661107063293,
                    -0.04120544344186783
                ],
                [
                    0.057111792266368866,
                    0.03840799257159233,
                    0.9976287484169006
                ]
            ],
            [
                [
                    0.9736930727958679,
                    0.21326673030853271,
                    -0.08024365454912186
                ],
                [
                    -0.20025230944156647,
                    0.9689199924468994,
                    0.14523422718048096
                ],
                [
                    0.10872332006692886,
                    -0.12534458935260773,
                    0.986137866973877
                ]
            ],
            [
                [
                    0.9747962355613708,
                    -0.21982279419898987,
                    0.038082052022218704
                ],
                [
                    0.21070750057697296,
                    0.96324223279953,
                    0.1666334718465805
                ],
                [
                    -0.07331208139657974,
                    -0.1544095128774643,
                    0.9852831959724426
                ]
            ]
        ],
        "betas": [
            -0.0389239639043808,
            0.43106216192245483,
            0.6087344884872437,
            1.4315024614334106,
            -0.07025909423828125,
            0.06034034863114357,
            -0.0421617329120636,
            0.08386683464050293,
            0.052386000752449036,
            -0.09814751148223877
        ]
    },
    "pred_cam_t": [
        -0.00094650499522686,
        0.3338300883769989,
        27.099750518798828
    ],
    "focal_length": [
        5000.0,
        5000.0
    ],
    "pred_keypoints_3d": [
        [
            -0.033050376921892166,
            -0.8805951476097107,
            -0.15131422877311707
        ],
        [
            -0.00503808818757534,
            -0.7660514116287231,
            0.00980139710009098
        ],
        [
            -0.17608466744422913,
            -0.6579975485801697,
            0.06172950565814972
        ],
        [
            -0.19515034556388855,
            -0.4201872944831848,
            0.1342221051454544
        ],
        [
            -0.24977102875709534,
            -0.18451760709285736,
            0.06474411487579346
        ],
        [
            0.17418572306632996,
            -0.6676596999168396,
            0.01781349442899227
        ],
        [
            0.20820985734462738,
            -0.4258096218109131,
            0.09738632291555405
        ],
        [
            0.23224946856498718,
            -0.19503851234912872,
            0.014683835208415985
        ],
        [
            -0.002969153691083193,
            -0.23674017190933228,
            0.0233566015958786
        ],
        [
            -0.06299727410078049,
            -0.1456957310438156,
            0.03639747574925423
        ],
        [
            -0.09429819881916046,
            0.23229928314685822,
            0.022506345063447952
        ],
        [
            -0.06882091611623764,
            0.46053922176361084,
            0.34074148535728455
        ],
        [
            0.06388165056705475,
            -0.1472044587135315,
            0.030423633754253387
        ],
        [
            0.14743265509605408,
            0.21293479204177856,
            0.0014127083122730255
        ],
        [
            0.20541776716709137,
            0.4272910952568054,
            0.3247760534286499
        ],
        [
            -0.06845740228891373,
            -0.9157811403274536,
            -0.11279907822608948
        ],
        [
            -0.003985155373811722,
            -0.9276243448257446,
            -0.12238085269927979
        ],
        [
            -0.09359215945005417,
            -0.8955471515655518,
            -0.013829752802848816
        ],
        [
            0.048899225890636444,
            -0.9211755394935608,
            -0.034970346838235855
        ],
        [
            0.20946063101291656,
            0.5975260734558105,
            0.22343814373016357
        ],
        [
            0.2779557704925537,
            0.5631066560745239,
            0.2592109441757202
        ],
        [
            0.21798188984394073,
            0.4095156192779541,
            0.39237239956855774
        ],
        [
            -0.052315182983875275,
            0.6228164434432983,
            0.22725197672843933
        ],
        [
            -0.12558147311210632,
            0.6003708839416504,
            0.2693396210670471
        ],
        [
            -0.07476741075515747,
            0.4547939896583557,
            0.41334494948387146
        ],
        [
            -0.09547273814678192,
            0.41030025482177734,
            0.3230859637260437
        ],
        [
            -0.09154240787029266,
            0.17320437729358673,
            0.012022615410387516
        ],
        [
            -0.14061109721660614,
            -0.26798245310783386,
            0.03877662867307663
        ],
        [
            0.13268499076366425,
            -0.2590610086917877,
            0.0344015508890152
        ],
        [
            0.15101583302021027,
            0.1750885397195816,
            -0.005537095945328474
        ],
        [
            0.20958460867404938,
            0.38577988743782043,
            0.31654196977615356
        ],
        [
            -0.24150943756103516,
            -0.20992279052734375,
            0.03987667337059975
        ],
        [
            -0.22698917984962463,
            -0.43793874979019165,
            0.1163502037525177
        ],
        [
            -0.14322024583816528,
            -0.6929783821105957,
            0.051949623972177505
        ],
        [
            0.14262878894805908,
            -0.7029237747192383,
            0.021007925271987915
        ],
        [
            0.23823119699954987,
            -0.4459637701511383,
            0.061011429876089096
        ],
        [
            0.23409956693649292,
            -0.21311941742897034,
            0.004494648892432451
        ],
        [
            -0.0019211303442716599,
            -0.7552899122238159,
            0.014531110413372517
        ],
        [
            -0.030270550400018692,
            -0.9612271785736084,
            -0.041240353137254715
        ],
        [
            -0.00354071450419724,
            -0.2632105350494385,
            0.03615695238113403
        ],
        [
            -0.0015127100050449371,
            -0.6964167356491089,
            0.03234707564115524
        ],
        [
            0.002920817583799362,
            -0.5183098912239075,
            0.040757130831480026
        ],
        [
            -0.012315874919295311,
            -0.8555413484573364,
            -0.07539699971675873
        ],
        [
            -0.037185948342084885,
            -0.9793139696121216,
            -0.03143436089158058
        ]
    ],
    "pred_vertices": [
        [
            -0.000742059201002121,
            -0.9738478660583496,
            -0.12411731481552124
        ],
        [
            -0.004789520055055618,
            -0.9591584205627441,
            -0.1298280507326126
        ],
        [
            0.0074488334357738495,
            -0.9575544595718384,
            -0.12264981865882874
        ],
        [
            0.012491216883063316,
            -0.9690435528755188,
            -0.11384323239326477
        ],
        [
            0.00452350452542305,
            -0.9484131336212158,
            -0.12770745158195496
        ],
        [
            -0.006235305219888687,
            -0.9478127956390381,
            -0.1333121806383133
        ],
        [
            0.0164240263402462,
            -0.9529462456703186,
            -0.11307138949632645
        ],
        [
            0.021526746451854706,
            -0.9606343507766724,
            -0.10331156849861145
        ],
        [
            0.029432494193315506,
            -0.9194535613059998,
            -0.10308585315942764
        ],
        [
            0.0352291613817215,
            -0.9155371189117432,
            -0.09431028366088867
        ],
        [
            0.032967522740364075,
            -0.9271271228790283,
            -0.09563912451267242
        ],
        [
            0.026623180136084557,
            -0.9276639223098755,
            -0.1036546602845192
        ],
        [
            0.03346235305070877,
            -0.8933531045913696,
            -0.09993503242731094
        ],
        [
            0.027895815670490265,
            -0.8832501173019409,
            -0.10736916214227676
        ],
        [
            0.03314705938100815,
            -0.8745582103729248,
            -0.098501056432724
        ],
        [
            0.03780479356646538,
            -0.8840669393539429,
            -0.09014467895030975
        ],
        [
            -0.008853558450937271,
            -0.8921825885772705,
            -0.126386359333992
        ],
        [
            -0.0022661499679088593,
            -0.8864931464195251,
            -0.12598258256912231
        ],
        [
            0.000307522714138031,
            -0.89372318983078,
            -0.12535341084003448
        ],
        [
            -0.006808441132307053,
            -0.8984376192092896,
            -0.12539690732955933
        ],
        [
            -0.020275115966796875,
            -0.9000892639160156,
            -0.13177898526191711
        ],
        [
            -0.019878659397363663,
            -0.9055957198143005,
            -0.12826892733573914
        ],
        [
            -0.025624599307775497,
            -0.9087470769882202,
            -0.13301222026348114
        ],
        [
            -0.02523621916770935,
            -0.9025840163230896,
            -0.1376945525407791
        ],
        [
            -0.01314007118344307,
            -0.886081337928772,
            -0.1262972205877304
        ],
        [
            -0.00600462406873703,
            -0.8801724314689636,
            -0.12558969855308533
        ],
        [
            -0.01462571695446968,
            -0.8971134424209595,
            -0.12754720449447632
        ],
        [
            -0.015995103865861893,
            -0.8920649290084839,
            -0.12993672490119934
        ],
        [
            -0.018857117742300034,
            -0.8857026696205139,
            -0.1404230296611786
        ],
        [
            -0.018089130520820618,
            -0.8905666470527649,
            -0.1389758288860321
        ],
        [
            -0.022328879684209824,
            -0.8910550475120544,
            -0.14567211270332336
        ],
        [
            -0.022504746913909912,
            -0.8854441046714783,
            -0.14498811960220337
        ],
        [
            -0.015116754919290543,
            -0.8852534294128418,
            -0.13124370574951172
        ],
        [
            -0.01543448492884636,
            -0.8883010149002075,
            -0.13416069746017456
        ],
        [
            -0.0173211507499218,
            -0.8842212557792664,
            -0.13636437058448792
        ],
        [
            -0.0179121196269989,
            -0.8818099498748779,
            -0.13293671607971191
        ],
        [
            -0.02043791115283966,
            -0.8957288265228271,
            -0.13494713604450226
        ],
        [
            -0.02428552508354187,
            -0.8972117900848389,
            -0.14175185561180115
        ],
        [
            -0.02908061444759369,
            -0.8980554342269897,
            -0.14856790006160736
        ],
        [
            -0.0270674005150795,
            -0.8897875547409058,
            -0.15226437151432037
        ],
        [
            0.01152251660823822,
            -0.8745778799057007,
            -0.12095415592193604
        ],
        [
            0.0048376768827438354,
            -0.8807559013366699,
            -0.12461799383163452
        ],
        [
            0.0009408481419086456,
            -0.8749737739562988,
            -0.12462200224399567
        ],
        [
            0.006919652223587036,
            -0.8701425790786743,
            -0.12237083166837692
        ],
        [
            -0.015800651162862778,
            -0.8787450790405273,
            -0.1295991986989975
        ],
        [
            -0.009292691946029663,
            -0.8631505966186523,
            -0.13037742674350739
        ],
        [
            -0.009711313992738724,
            -0.8671305179595947,
            -0.1306709349155426
        ],
        [
            -0.01609298586845398,
            -0.8669799566268921,
            -0.13396239280700684
        ],
        [
            -0.015079379081726074,
            -0.8633755445480347,
            -0.13354885578155518
        ],
        [
            0.019956324249505997,
            -0.8607583045959473,
            -0.1129528135061264
        ],
        [
            0.014329606667160988,
            -0.8588112592697144,
            -0.11707038432359695
        ],
        [
            0.016316497698426247,
            -0.8518055081367493,
            -0.11443964391946793
        ],
        [
            0.021754056215286255,
            -0.8523525595664978,
            -0.10897640883922577
        ],
        [
            0.015358403325080872,
            -0.84548020362854,
            -0.11300219595432281
        ],
        [
            0.0223839208483696,
            -0.8440589904785156,
            -0.10565079003572464
        ],
        [
            0.01597311720252037,
            -0.8282188177108765,
            -0.10525400191545486
        ],
        [
            0.019502241164445877,
            -0.8353419899940491,
            -0.10506801307201385
        ],
        [
            0.01255900040268898,
            -0.839097261428833,
            -0.11328211426734924
        ],
        [
            0.008088530972599983,
            -0.8329639434814453,
            -0.11615173518657684
        ],
        [
            -0.0055536553263664246,
            -0.8358001708984375,
            -0.12349988520145416
        ],
        [
            -0.011352218687534332,
            -0.8336859941482544,
            -0.1256837397813797
        ],
        [
            -0.004412740468978882,
            -0.8222891092300415,
            -0.12416723370552063
        ],
        [
            0.0018502846360206604,
            -0.8267273902893066,
            -0.12066169828176498
        ],
        [
            -0.008095402270555496,
            -0.8575887084007263,
            -0.12576211988925934
        ],
        [
            -0.004055280238389969,
            -0.858293890953064,
            -0.12330286204814911
        ],
        [
            -0.004304293543100357,
            -0.8598732948303223,
            -0.12563136219978333
        ],
        [
            -0.008736595511436462,
            -0.8602447509765625,
            -0.1285841166973114
        ],
        [
            -0.000369243323802948,
            -0.8586679697036743,
            -0.12162711471319199
        ],
        [
            0.0013309270143508911,
            -0.8587537407875061,
            -0.12099607288837433
        ],
        [
            0.0007419884204864502,
            -0.8600469827651978,
            -0.1222686767578125
        ],
        [
            -0.0007340870797634125,
            -0.8594613075256348,
            -0.1223190575838089
        ],
        [
            -0.0025623179972171783,
            -0.8587183952331543,
            -0.12274843454360962
        ],
        [
            -0.0031756535172462463,
            -0.8565205335617065,
            -0.1230897307395935
        ],
        [
            -0.001063801348209381,
            -0.8576642274856567,
            -0.12203262746334076
        ],
        [
            -0.006645571440458298,
            -0.8550167083740234,
            -0.12563586235046387
        ],
        [
            -0.019303560256958008,
            -0.8504676222801208,
            -0.13205981254577637
        ],
        [
            -0.015380017459392548,
            -0.8518528938293457,
            -0.13104486465454102
        ],
        [
            -0.01753656566143036,
            -0.8561843633651733,
            -0.13003981113433838
        ],
        [
            -0.02091366797685623,
            -0.8551803827285767,
            -0.13088572025299072
        ],
        [
            -0.0015180185437202454,
            -0.8612755537033081,
            -0.12412279844284058
        ],
        [
            0.0008720085024833679,
            -0.863650381565094,
            -0.12382600456476212
        ],
        [
            -0.003451816737651825,
            -0.8657028675079346,
            -0.12710431218147278
        ],
        [
            -0.004110168665647507,
            -0.8627074360847473,
            -0.1263083964586258
        ],
        [
            0.0032113343477249146,
            -0.8660576343536377,
            -0.12375661730766296
        ],
        [
            0.00283755362033844,
            -0.8616490364074707,
            -0.12185509502887726
        ],
        [
            0.005725696682929993,
            -0.8626271486282349,
            -0.12141318619251251
        ],
        [
            0.0011594295501708984,
            -0.856778621673584,
            -0.12093061208724976
        ],
        [
            0.0042477622628211975,
            -0.8555980920791626,
            -0.1196531355381012
        ],
        [
            0.004179965704679489,
            -0.8584520816802979,
            -0.12068289518356323
        ],
        [
            0.0028909333050251007,
            -0.851861834526062,
            -0.119966059923172
        ],
        [
            -0.000932689756155014,
            -0.854354739189148,
            -0.12183813750743866
        ],
        [
            -0.004196573048830032,
            -0.851809024810791,
            -0.12434796988964081
        ],
        [
            -0.008691307157278061,
            -0.849373459815979,
            -0.12739579379558563
        ],
        [
            -0.0052080340683460236,
            -0.8449399471282959,
            -0.12444829940795898
        ],
        [
            -0.00042418017983436584,
            -0.8481795191764832,
            -0.12187688052654266
        ],
        [
            -0.002218976616859436,
            -0.8696911334991455,
            -0.12637776136398315
        ],
        [
            0.008599203079938889,
            -0.8585109710693359,
            -0.11919358372688293
        ],
        [
            0.010851088911294937,
            -0.8654646277427673,
            -0.11953455954790115
        ],
        [
            0.009515821933746338,
            -0.8535864353179932,
            -0.11802223324775696
        ],
        [
            0.008396130055189133,
            -0.8486318588256836,
            -0.11746951937675476
        ],
        [
            0.005051944404840469,
            -0.8437665104866028,
            -0.11831924319267273
        ],
        [
            -2.678483724594116e-06,
            -0.8394069671630859,
            -0.12100695818662643
        ],
        [
            0.0002826862037181854,
            -0.8143115043640137,
            -0.11269122362136841
        ],
        [
            0.007986089214682579,
            -0.8203856945037842,
            -0.10965920984745026
        ],
        [
            -0.006985433399677277,
            -0.9407767057418823,
            -0.12994858622550964
        ],
        [
            0.0019069015979766846,
            -0.9411821365356445,
            -0.12804265320301056
        ],
        [
            0.0038798898458480835,
            -0.9338568449020386,
            -0.12293844670057297
        ],
        [
            0.005379233509302139,
            -0.9369223713874817,
            -0.12295670807361603
        ],
        [
            -0.000373009592294693,
            -0.9368568062782288,
            -0.12584851682186127
        ],
        [
            -0.00033045560121536255,
            -0.9340539574623108,
            -0.12509563565254211
        ],
        [
            0.019796766340732574,
            -0.9288133382797241,
            -0.10907106101512909
        ],
        [
            0.01435653306543827,
            -0.9297916889190674,
            -0.11316890269517899
        ],
        [
            0.015466801822185516,
            -0.9261106848716736,
            -0.11164554953575134
        ],
        [
            0.022534683346748352,
            -0.9225941896438599,
            -0.10839474201202393
        ],
        [
            0.008728798478841782,
            -0.9170792102813721,
            -0.11788953840732574
        ],
        [
            0.01300831139087677,
            -0.9191420674324036,
            -0.11498071253299713
        ],
        [
            0.008030015975236893,
            -0.9250978231430054,
            -0.11750972270965576
        ],
        [
            0.00491086021065712,
            -0.9236631393432617,
            -0.11964687705039978
        ],
        [
            0.001082196831703186,
            -0.9225851893424988,
            -0.12132008373737335
        ],
        [
            -0.0031749308109283447,
            -0.921983540058136,
            -0.12210546433925629
        ],
        [
            -0.002078816294670105,
            -0.916622519493103,
            -0.12151509523391724
        ],
        [
            0.0032796747982501984,
            -0.9164632558822632,
            -0.12015672028064728
        ],
        [
            -0.007062222808599472,
            -0.9369813203811646,
            -0.12662799656391144
        ],
        [
            -0.013915717601776123,
            -0.935213029384613,
            -0.12561757862567902
        ],
        [
            -0.012070935219526291,
            -0.9323704242706299,
            -0.12506705522537231
        ],
        [
            -0.006234336644411087,
            -0.9338334798812866,
            -0.12618312239646912
        ],
        [
            -0.02056342363357544,
            -0.9245115518569946,
            -0.11905999481678009
        ],
        [
            -0.01983693242073059,
            -0.9271551370620728,
            -0.12019406259059906
        ],
        [
            -0.023651856929063797,
            -0.9279680252075195,
            -0.12115836888551712
        ],
        [
            -0.023711245507001877,
            -0.9233126640319824,
            -0.12024015188217163
        ],
        [
            -0.02100750058889389,
            -0.920574426651001,
            -0.1205224096775055
        ],
        [
            -0.01908773183822632,
            -0.9229689240455627,
            -0.11969099193811417
        ],
        [
            -0.012182720005512238,
            -0.9932905435562134,
            -0.121819406747818
        ],
        [
            -0.015532806515693665,
            -0.9758063554763794,
            -0.12950852513313293
        ],
        [
            0.004803728312253952,
            -0.9890254735946655,
            -0.11105837672948837
        ],
        [
            0.01674175076186657,
            -0.9806404709815979,
            -0.10077400505542755
        ],
        [
            0.026780514046549797,
            -0.9690226316452026,
            -0.09167388826608658
        ],
        [
            0.026647744700312614,
            -0.8663403391838074,
            -0.10651744157075882
        ],
        [
            0.03004860319197178,
            -0.8575213551521301,
            -0.10035909712314606
        ],
        [
            0.03738508000969887,
            -0.8662577271461487,
            -0.08942082524299622
        ],
        [
            0.037730827927589417,
            -0.8552757501602173,
            -0.08400146663188934
        ],
        [
            0.030271638184785843,
            -0.8466955423355103,
            -0.0960129052400589
        ],
        [
            0.020026380196213722,
            -0.8263154029846191,
            -0.09163578599691391
        ],
        [
            0.027129046618938446,
            -0.8357042074203491,
            -0.09312042593955994
        ],
        [
            0.034932397305965424,
            -0.844228982925415,
            -0.07759875059127808
        ],
        [
            0.04181637987494469,
            -0.8579655885696411,
            -0.06344171613454819
        ],
        [
            0.042957842350006104,
            -0.8660143613815308,
            -0.07245334982872009
        ],
        [
            0.04416986554861069,
            -0.8738555312156677,
            -0.05103343725204468
        ],
        [
            0.038616470992565155,
            -0.8496125936508179,
            -0.050657130777835846
        ],
        [
            0.0421125553548336,
            -0.8721867203712463,
            -0.041926298290491104
        ],
        [
            0.027764417231082916,
            -0.8091217279434204,
            -0.05112496018409729
        ],
        [
            0.0314628966152668,
            -0.796363115310669,
            -0.046567581593990326
        ],
        [
            0.043306101113557816,
            -0.8049620985984802,
            -0.03422672674059868
        ],
        [
            0.04021089896559715,
            -0.8176989555358887,
            -0.038975220173597336
        ],
        [
            0.04179510846734047,
            -0.8749513626098633,
            -0.08077302575111389
        ],
        [
            0.03387986123561859,
            -0.9380316734313965,
            -0.08818221837282181
        ],
        [
            0.028759755194187164,
            -0.9369845390319824,
            -0.09891711175441742
        ],
        [
            0.03778427094221115,
            -0.9255442023277283,
            -0.08481529355049133
        ],
        [
            0.02869941107928753,
            -0.99617600440979,
            -0.07105989754199982
        ],
        [
            0.023104310035705566,
            -0.9910896420478821,
            -0.08778372406959534
        ],
        [
            0.03245314210653305,
            -0.9767957925796509,
            -0.08115975558757782
        ],
        [
            0.037127189338207245,
            -0.9840705394744873,
            -0.06625397503376007
        ],
        [
            -0.0048064179718494415,
            -1.0253278017044067,
            -0.07776281237602234
        ],
        [
            -0.00715993344783783,
            -1.012372612953186,
            -0.10165884345769882
        ],
        [
            0.006915327161550522,
            -1.002817988395691,
            -0.09518399089574814
        ],
        [
            0.010906413197517395,
            -1.0133017301559448,
            -0.07598535716533661
        ],
        [
            0.03957429528236389,
            -0.9860495328903198,
            -0.05360662192106247
        ],
        [
            0.04184144362807274,
            -0.9876822233200073,
            -0.0352613627910614
        ],
        [
            0.03651276230812073,
            -1.0035909414291382,
            -0.028937362134456635
        ],
        [
            0.03197654336690903,
            -1.0021765232086182,
            -0.051044266670942307
        ],
        [
            0.022011520341038704,
            -1.0218991041183472,
            -0.021337375044822693
        ],
        [
            0.016813278198242188,
            -1.02113676071167,
            -0.048354264348745346
        ],
        [
            0.04340347275137901,
            -0.8582923412322998,
            -0.030691560357809067
        ],
        [
            0.042267799377441406,
            -0.8767136931419373,
            -0.029200704768300056
        ],
        [
            0.03665630519390106,
            -0.8324381709098816,
            -0.04571894556283951
        ],
        [
            0.044673219323158264,
            -0.840893566608429,
            -0.03004804439842701
        ],
        [
            0.002277076244354248,
            -1.0350837707519531,
            -0.01433207094669342
        ],
        [
            -0.002959486097097397,
            -1.0350821018218994,
            -0.04695358872413635
        ],
        [
            0.04065569490194321,
            -0.9654266238212585,
            0.01516086608171463
        ],
        [
            0.039529263973236084,
            -0.9833506345748901,
            0.006018258631229401
        ],
        [
