{
    "pred_cam": [
        1.4164018630981445,
        0.017147885635495186,
        0.3375602066516876
    ],
    "pred_smpl_params": {
        "global_orient": [
            [
                [
                    0.9984408020973206,
                    -0.02547912485897541,
                    -0.04966595023870468
                ],
                [
                    -0.02451055869460106,
                    -0.9994992613792419,
                    0.02001410908997059
                ],
                [
                    -0.05015101656317711,
                    -0.018765563145279884,
                    -0.9985653758049011
                ]
            ]
        ],
        "body_pose": [
            [
                [
                    0.9986951947212219,
                    -0.04590872302651405,
                    -0.022368760779500008
                ],
                [
                    0.04837452992796898,
                    0.9908170700073242,
                    0.12625941634178162
                ],
                [
                    0.01636694185435772,
                    -0.12717674672603607,
                    0.9917450547218323
                ]
            ],
            [
                [
                    0.9992859959602356,
                    -0.014249748550355434,
                    0.03499188646674156
                ],
                [
                    0.010219416581094265,
                    0.9935687184333801,
                    0.11276829242706299
                ],
                [
                    -0.03637376427650452,
                    -0.11233018338680267,
                    0.9930049180984497
                ]
            ],
            [
                [
                    0.9997453093528748,
                    0.016770480200648308,
                    -0.015102868899703026
                ],
                [
                    -0.017859427258372307,
                    0.9970149397850037,
                    -0.07511554658412933
                ],
                [
                    0.013798060826957226,
                    0.07536613941192627,
                    0.9970605373382568
                ]
            ],
            [
                [
                    0.9828929305076599,
                    -0.013392399996519089,
                    -0.18368995189666748
                ],
                [
                    -0.1450754553079605,
                    0.5581392049789429,
                    -0.8169660568237305
                ],
                [
                    0.11346571892499924,
                    0.829639196395874,
                    0.5466481447219849
                ]
            ],
            [
                [
                    0.9824745059013367,
                    -0.011419196613132954,
                    0.1860468089580536
                ],
                [
                    0.1582813411951065,
                    0.578249454498291,
                    -0.8003590703010559
                ],
                [
                    -0.09844199568033218,
                    0.8157801628112793,
                    0.5699228048324585
                ]
            ],
            [
                [
                    0.9999219179153442,
                    -0.009446707554161549,
                    -0.008187774568796158
                ],
                [
                    0.01004762388765812,
                    0.9969990849494934,
                    0.07675854861736298
                ],
                [
                    0.007438088301569223,
                    -0.07683481276035309,
                    0.9970161318778992
                ]
            ],
            [
                [
                    0.9785919785499573,
                    0.06267857551574707,
                    0.19603320956230164
                ],
                [
                    -0.08160671591758728,
                    0.9925915598869324,
                    0.09001284092664719
                ],
                [
                    -0.18893903493881226,
                    -0.10408349335193634,
                    0.9764571189880371
                ]
            ],
            [
                [
                    0.9788432121276855,
                    -0.021061884239315987,
                    -0.20352469384670258
                ],
                [
                    0.041720010340213776,
                    0.9943360090255737,
                    0.09775100648403168
                ],
                [
                    0.20031313598155975,
                    -0.10417396575212479,
                    0.9741777777671814
                ]
            ],
            [
                [
                    0.9996696710586548,
                    -0.009796785190701485,
                    -0.02375808358192444
                ],
                [
                    0.006916836369782686,
                    0.9929413199424744,
                    -0.1184050515294075
                ],
                [
                    0.024750370532274246,
                    0.11820162832736969,
                    0.992681086063385
                ]
            ],
            [
                [
                    0.9848962426185608,
                    -0.1648479402065277,
                    -0.05295845866203308
                ],
                [
                    0.1723499447107315,
                    0.9626773595809937,
                    0.2086813747882843
                ],
                [
                    0.016581213101744652,
                    -0.21465687453746796,
                    0.9765488505363464
                ]
            ],
            [
                [
                    0.9889068007469177,
                    0.1404213160276413,
                    0.04842718690633774
                ],
                [
                    -0.147518590092659,
                    0.9665801525115967,
                    0.2096690535545349
                ],
                [
                    -0.01736675389111042,
                    -0.21448706090450287,
                    0.9765724539756775
                ]
            ],
            [
                [
                    0.998082160949707,
                    -0.06137106567621231,
                    0.008098435588181019
                ],
                [
                    0.05902780592441559,
                    0.9829515814781189,
                    0.17413176596164703
                ],
                [
                    -0.018647022545337677,
                    -0.1733197718858719,
                    0.9846890568733215
                ]
            ],
            [
                [
                    0.9051973819732666,
                    0.41452258825302124,
                    0.09374824166297913
                ],
                [
                    -0.4063633978366852,
                    0.9087929129600525,
                    -0.09467991441488266
                ],
                [
                    -0.12444469332695007,
                    0.0476081557571888,
                    0.9910838007926941
                ]
            ],
            [
                [
                    0.9132308959960938,
                    -0.3931688070297241,
                    -0.1069001778960228
                ],
                [
                    0.38789644837379456,
                    0.9192512035369873,
                    -0.06718297302722931
                ],
                [
                    0.12468235939741135,
                    0.01988736353814602,
                    0.9919973611831665
                ]
            ],
            [
                [
                    0.998886227607727,
                    -0.04701421037316322,
                    0.003980042412877083
                ],
                [
                    0.04684683308005333,
                    0.9782061576843262,
                    -0.20228211581707
                ],
                [
                    0.005616827867925167,
                    0.20224329829216003,
                    0.979319155216217
                ]
            ],
            [
                [
                    0.5409519672393799,
                    0.8159587979316711,
                    -0.20391727983951569
                ],
                [
                    -0.840843677520752,
                    0.530096173286438,
                    -0.10945319384336472
                ],
                [
                    0.018786471337080002,
                    0.2306714653968811,
                    0.9728503823280334
                ]
            ],
            [
                [
                    0.5590349435806274,
                    -0.8044421076774597,
                    0.2008800208568573
                ],
                [
                    0.8285307884216309,
                    0.5512955784797668,
                    -0.0980299711227417
                ],
                [
                    -0.03188483417034149,
                    0.22123746573925018,
                    0.974698543548584
                ]
            ],
            [
                [
                    0.8699857592582703,
                    -0.1498211920261383,
                    -0.46976417303085327
                ],
                [
                    0.08021378517150879,
                    0.9830322861671448,
                    -0.16496412456035614
                ],
                [
                    0.4865085482597351,
                    0.10583487153053284,
                    0.8672417998313904
                ]
            ],
            [
                [
                    0.8693607449531555,
                    0.14780446887016296,
                    0.47155675292015076
                ],
                [
                    -0.08701491355895996,
                    0.9850995540618896,
                    -0.14834856986999512
                ],
                [
                    -0.4864569306373596,
                    0.08793594688177109,
                    0.8692680597305298
                ]
            ],
            [
                [
                    0.9979894757270813,
                    0.057647403329610825,
                    0.026341430842876434
                ],
                [
                    -0.05691026896238327,
                    0.9979886412620544,
                    -0.027925679460167885
                ],
                [
                    -0.027898292988538742,
                    0.02637043409049511,
                    0.9992628693580627
                ]
            ],
            [
                [
                    0.9975243806838989,
                    -0.05193155258893967,
                    -0.0474163293838501
                ],
                [
                    0.04963485524058342,
                    0.9975943565368652,
                    -0.048393361270427704
                ],
                [
                    0.049815405160188675,
                    0.045920051634311676,
                    0.9977023005485535
                ]
            ],
            [
                [
                    0.9743359684944153,
                    0.21089379489421844,
                    -0.0786973163485527
                ],
                [
                    -0.19796021282672882,
                    0.9692147970199585,
                    0.1464046835899353
                ],
                [
                    0.10715045034885406,
                    -0.1270684003829956,
                    0.9860894083976746
                ]
            ],
            [
                [
                    0.9752953052520752,
                    -0.21505162119865417,
                    0.05051669850945473
                ],
                [
                    0.20521071553230286,
                    0.9666528701782227,
                    0.15320169925689697
                ],
                [
                    -0.0817783921957016,
                    -0.13905031979084015,
                    0.9869028925895691
                ]
            ]
        ],
        "betas": [
            -0.025481507182121277,
            0.3670351207256317,
            0.5993512868881226,
            1.5641634464263916,
            -0.037484943866729736,
            0.07103335857391357,
            -0.05359575152397156,
            0.07272717356681824,
            0.06465569138526917,
            -0.10340440273284912
        ]
    },
    "pred_cam_t": [
        0.017147885635495186,
        0.3375602066516876,
        27.578683853149414
    ],
    "focal_length": [
        5000.0,
        5000.0
    ],
    "pred_keypoints_3d": [
        [
            -0.034398239105939865,
            -0.8880798816680908,
            -0.1475202441215515
        ],
        [
            -0.011246839538216591,
            -0.7699646949768066,
            0.012627439573407173
        ],
        [
            -0.18389368057250977,
            -0.6626282334327698,
            0.06284289062023163
        ],
        [
            -0.20973588526248932,
            -0.4253048300743103,
            0.13369710743427277
        ],
        [
            -0.267250657081604,
            -0.1906919926404953,
            0.06382188946008682
        ],
        [
            0.16887938976287842,
            -0.6715102791786194,
            0.023267755284905434
        ],
        [
            0.2105238437652588,
            -0.4312284588813782,
            0.10287262499332428
        ],
        [
            0.24985012412071228,
            -0.19980838894844055,
            0.02835696190595627
        ],
        [
            -0.003071893472224474,
            -0.23843826353549957,
            0.023555105552077293
        ],
        [
            -0.06299266219139099,
            -0.14706000685691833,
            0.034593045711517334
        ],
        [
            -0.08834312111139297,
            0.22931170463562012,
            0.0051727332174777985
        ],
        [
            -0.0623348169028759,
            0.4501263499259949,
            0.32718244194984436
        ],
        [
            0.06373440474271774,
            -0.14886024594306946,
            0.030316606163978577
        ],
        [
            0.12331871688365936,
            0.21324482560157776,
            -0.012880951166152954
        ],
        [
            0.15907305479049683,
            0.4296407103538513,
            0.31094226241111755
        ],
        [
            -0.0694943219423294,
            -0.9236941933631897,
            -0.10896600782871246
        ],
        [
            -0.004404881969094276,
            -0.9337190389633179,
            -0.11708833277225494
        ],
        [
            -0.09737589955329895,
            -0.9024393558502197,
            -0.01056692749261856
        ],
        [
            0.04674353078007698,
            -0.9243661165237427,
            -0.028713636100292206
        ],
        [
            0.15486516058444977,
            0.5989046096801758,
            0.20832183957099915
        ],
        [
            0.2249201387166977,
            0.5685835480690002,
            0.24514013528823853
        ],
        [
            0.17191475629806519,
            0.41256698966026306,
            0.3787488043308258
        ],
        [
            -0.043200716376304626,
            0.613673210144043,
            0.21651530265808105
        ],
        [
            -0.11796238273382187,
            0.5913506746292114,
            0.25679969787597656
        ],
        [
            -0.06881680339574814,
            0.44347789883613586,
            0.3998846411705017
        ],
        [
            -0.08974924683570862,
            0.400787353515625,
            0.3087165951728821
        ],
        [
            -0.08647472411394119,
            0.17096999287605286,
            -0.003509368747472763
        ],
        [
            -0.14085131883621216,
            -0.26885294914245605,
            0.03833870589733124
        ],
        [
            0.13318774104118347,
            -0.26029282808303833,
            0.037117891013622284
        ],
        [
            0.12955531477928162,
            0.17591188848018646,
            -0.018624642863869667
        ],
        [
            0.16641786694526672,
            0.3883630335330963,
            0.30279481410980225
        ],
        [
            -0.25827425718307495,
            -0.21611341834068298,
            0.03896657004952431
        ],
        [
            -0.24109524488449097,
            -0.4436320662498474,
            0.11576351523399353
        ],
        [
            -0.1508696973323822,
            -0.6974272131919861,
            0.05343538150191307
        ],
        [
            0.1374627947807312,
            -0.706798255443573,
            0.02616162970662117
        ],
        [
            0.2411055862903595,
            -0.45243218541145325,
            0.0674138069152832
        ],
        [
            0.2513169050216675,
            -0.2176220715045929,
            0.01760832965373993
        ],
        [
            -0.007837063632905483,
            -0.759623110294342,
            0.018018849194049835
        ],
        [
            -0.03131778910756111,
            -0.9669091701507568,
            -0.035976484417915344
        ],
        [
            -0.0034555583260953426,
            -0.26436978578567505,
            0.037309881299734116
        ],
        [
            -0.007786676287651062,
            -0.7006530165672302,
            0.03561904653906822
        ],
        [
            -0.002732072025537491,
            -0.521992027759552,
            0.04289509728550911
        ],
        [
            -0.01572270132601261,
            -0.8609474897384644,
            -0.07146280258893967
        ],
        [
            -0.03782850503921509,
            -0.9850306510925293,
            -0.025905609130859375
        ]
    ],
    "pred_vertices": [
        [
            0.000301094725728035,
            -0.9797829985618591,
            -0.11810477077960968
        ],
        [
            -0.004103342071175575,
            -0.9653065204620361,
            -0.12405239045619965
        ],
        [
            0.007986810058355331,
            -0.9632172584533691,
            -0.11668811738491058
        ],
        [
            0.013194580562412739,
            -0.9744224548339844,
            -0.10765206068754196
        ],
        [
            0.004861917346715927,
            -0.9542517066001892,
            -0.12197033315896988
        ],
        [
            -0.0058261435478925705,
            -0.9540729522705078,
            -0.1277742236852646
        ],
        [
            0.01665608212351799,
            -0.9581847786903381,
            -0.10701695084571838
        ],
        [
            0.02180861122906208,
            -0.9655599594116211,
            -0.09704525768756866
        ],
        [
            0.02853289432823658,
            -0.9241594076156616,
            -0.09733256697654724
        ],
        [
            0.03409624472260475,
            -0.9198726415634155,
            -0.08853040635585785
        ],
        [
            0.03220714256167412,
            -0.9315576553344727,
            -0.08974957466125488
        ],
        [
            0.025971794500947,
            -0.9324436187744141,
            -0.09782096743583679
        ],
        [
            0.03169424459338188,
            -0.897910475730896,
            -0.09461233764886856
        ],
        [
            0.0259354617446661,
            -0.8881284594535828,
            -0.10230077803134918
        ],
        [
            0.030818505212664604,
            -0.8791429996490479,
            -0.09350944310426712
        ],
        [
            0.03559965640306473,
            -0.8883662223815918,
            -0.08489616215229034
        ],
        [
            -0.010293135419487953,
            -0.8984847664833069,
            -0.12180894613265991
        ],
        [
            -0.003871224820613861,
            -0.892588198184967,
            -0.12138491868972778
        ],
        [
            -0.0010861549526453018,
            -0.8997254371643066,
            -0.12057574093341827
        ],
        [
            -0.008062325417995453,
            -0.9046604633331299,
            -0.12068179249763489
        ],
        [
            -0.021382711827754974,
            -0.9068491458892822,
            -0.12731494009494781
        ],
        [
            -0.02086612395942211,
            -0.9122713804244995,
            -0.1236920952796936
        ],
        [
            -0.026433195918798447,
            -0.9156970977783203,
            -0.12851949036121368
        ],
        [
            -0.026156103238463402,
            -0.9096127152442932,
            -0.13331720232963562
        ],
        [
            -0.014767110347747803,
            -0.8925224542617798,
            -0.12193694710731506
        ],
        [
            -0.007808716967701912,
            -0.8863765001296997,
            -0.12120039016008377
        ],
        [
            -0.015910062938928604,
            -0.9036216735839844,
            -0.12301460653543472
        ],
        [
            -0.01736515574157238,
            -0.898658812046051,
            -0.12554064393043518
        ],
        [
            -0.02021336555480957,
            -0.8926100134849548,
            -0.13625690340995789
        ],
        [
            -0.01932390034198761,
            -0.8974137902259827,
            -0.13470321893692017
        ],
        [
            -0.023421768099069595,
            -0.8981505036354065,
            -0.14149273931980133
        ],
        [
            -0.023802677169442177,
            -0.8925318717956543,
            -0.14090818166732788
        ],
        [
            -0.01663682609796524,
            -0.8918603658676147,
            -0.1269756555557251
        ],
        [
            -0.016792669892311096,
            -0.8949781656265259,
            -0.12987157702445984
        ],
        [
            -0.01877947524189949,
            -0.8910131454467773,
            -0.13218024373054504
        ],
        [
            -0.01952662318944931,
            -0.8885431289672852,
            -0.12879034876823425
        ],
        [
            -0.021580589935183525,
            -0.902567982673645,
            -0.13060705363750458
        ],
        [
            -0.025268424302339554,
            -0.9042942523956299,
            -0.13748416304588318
        ],
        [
            -0.029918912798166275,
            -0.9054160714149475,
            -0.14441059529781342
        ],
        [
            -0.028089437633752823,
            -0.8971284627914429,
            -0.148212730884552
        ],
        [
            0.009499477222561836,
            -0.8801615238189697,
            -0.11635725945234299
        ],
        [
            0.0030733495950698853,
            -0.8866078853607178,
            -0.1200171411037445
        ],
        [
            -0.001027589663863182,
            -0.880939245223999,
            -0.12019939720630646
        ],
        [
            0.004781903699040413,
            -0.8758881688117981,
            -0.11793223023414612
        ],
        [
            -0.01757485792040825,
            -0.8853274583816528,
            -0.12545762956142426
        ],
        [
            -0.011505424976348877,
            -0.8694788813591003,
            -0.12643375992774963
        ],
        [
            -0.011797066777944565,
            -0.873497724533081,
            -0.12666234374046326
        ],
        [
            -0.018130220472812653,
            -0.8735935688018799,
            -0.13009440898895264
        ],
        [
            -0.017236584797501564,
            -0.8699239492416382,
            -0.1297178715467453
        ],
        [
            0.017422493547201157,
            -0.8659671545028687,
            -0.1084560751914978
        ],
        [
            0.011805198155343533,
            -0.8642401695251465,
            -0.11273372173309326
        ],
        [
            0.01355062797665596,
            -0.8571219444274902,
            -0.11020590364933014
        ],
        [
            0.01891920529305935,
            -0.8574405908584595,
            -0.1046028584241867
        ],
        [
            0.012384134344756603,
            -0.850783109664917,
            -0.10889403522014618
        ],
        [
            0.01925865188241005,
            -0.8490778803825378,
            -0.10141414403915405
        ],
        [
            0.012347452342510223,
            -0.8333913683891296,
            -0.10141543298959732
        ],
        [
            0.016104858368635178,
            -0.8404222726821899,
            -0.10103896260261536
        ],
        [
            0.0093759223818779,
            -0.8444796800613403,
            -0.10934099555015564
        ],
        [
            0.004764053970575333,
            -0.8385066986083984,
            -0.11240426450967789
        ],
        [
            -0.008713744580745697,
            -0.8418348431587219,
            -0.1199597492814064
        ],
        [
            -0.014546375721693039,
            -0.8399064540863037,
            -0.12232908606529236
        ],
        [
            -0.007937204092741013,
            -0.8282787799835205,
            -0.12088269740343094
        ],
        [
            -0.0015852954238653183,
            -0.8324935436248779,
            -0.11715435981750488
        ],
        [
            -0.010586125776171684,
            -0.8637896776199341,
            -0.12187798321247101
        ],
        [
            -0.006559986621141434,
            -0.8643423914909363,
            -0.11933064460754395
        ],
        [
            -0.00671406090259552,
            -0.8659743070602417,
            -0.12164819240570068
        ],
        [
            -0.011092886328697205,
            -0.8665194511413574,
            -0.12467356026172638
        ],
        [
            -0.002861933782696724,
            -0.8645808696746826,
            -0.11758365482091904
        ],
        [
            -0.0011621657758951187,
            -0.8646066784858704,
            -0.11692196875810623
        ],
        [
            -0.0016934555023908615,
            -0.8659456968307495,
            -0.11819078028202057
        ],
        [
            -0.0031628403812646866,
            -0.8654066324234009,
            -0.1182803362607956
        ],
        [
            -0.005018176510930061,
            -0.8647165894508362,
            -0.11874788254499435
        ],
        [
            -0.005702538415789604,
            -0.8625295162200928,
            -0.11913102865219116
        ],
        [
            -0.003587104380130768,
            -0.8635944128036499,
            -0.11801530420780182
        ],
        [
            -0.009188832715153694,
            -0.8611618280410767,
            -0.12176647782325745
        ],
        [
            -0.021908633410930634,
            -0.8570781946182251,
            -0.1285172700881958
        ],
        [
            -0.017973951995372772,
            -0.8583298325538635,
            -0.12739711999893188
        ],
        [
            -0.020010340958833694,
            -0.8627218008041382,
            -0.12637042999267578
        ],
        [
            -0.023390088230371475,
            -0.8618359565734863,
            -0.1272960752248764
        ],
        [
            -0.0038475431501865387,
            -0.867278516292572,
            -0.12007024884223938
        ],
        [
            -0.001425810158252716,
            -0.8695820569992065,
            -0.11969167739152908
        ],
        [
            -0.005646241828799248,
            -0.8718185424804688,
            -0.12301042675971985
        ],
        [
            -0.0064096152782440186,
            -0.8688176274299622,
            -0.12228607386350632
        ],
        [
            0.0010053068399429321,
            -0.87192702293396,
            -0.11950945854187012
        ],
        [
            0.0004589017480611801,
            -0.8674814701080322,
            -0.11771078407764435
        ],
        [
            0.0033799558877944946,
            -0.8683702945709229,
            -0.11716791987419128
        ],
        [
            -0.001397494226694107,
            -0.8626270890235901,
            -0.11688841879367828
        ],
        [
            0.0016514118760824203,
            -0.8613365888595581,
            -0.11557462811470032
        ],
        [
            0.0016857869923114777,
            -0.8642190098762512,
            -0.11656203866004944
        ],
        [
            0.00017393194139003754,
            -0.8576335310935974,
            -0.11597549915313721
        ],
        [
            -0.0035620052367448807,
            -0.8602676391601562,
            -0.11786812543869019
        ],
        [
            -0.006871582940220833,
            -0.8578472137451172,
            -0.12048221379518509
        ],
        [
            -0.011399133130908012,
            -0.8555829524993896,
            -0.12365852296352386
        ],
        [
            -0.008082251995801926,
            -0.8509919047355652,
            -0.12073232978582382
        ],
        [
            -0.0032276827841997147,
            -0.8540633916854858,
            -0.11801766604185104
        ],
        [
            -0.004296856001019478,
            -0.8757689595222473,
            -0.12215264141559601
        ],
        [
            0.006089521571993828,
            -0.8641338348388672,
            -0.1149737685918808
        ],
        [
            0.008548596873879433,
            -0.8710446953773499,
            -0.11511947214603424
        ],
        [
            0.006849762052297592,
            -0.8591480255126953,
            -0.11388629674911499
        ],
        [
            0.005565030500292778,
            -0.8542087078094482,
            -0.11343681812286377
        ],
        [
            0.0020897183567285538,
            -0.84942626953125,
            -0.11445111036300659
        ],
        [
            -0.00308050774037838,
            -0.8452640771865845,
            -0.11729434877634048
        ],
        [
            -0.0036566350609064102,
            -0.8199948668479919,
            -0.1094164103269577
        ],
        [
            0.0041894372552633286,
            -0.825827419757843,
            -0.10611170530319214
        ],
        [
            -0.006893571466207504,
            -0.9470608234405518,
            -0.1245061606168747
        ],
        [
            0.001987120136618614,
            -0.9471399784088135,
            -0.122451551258564
        ],
        [
            0.0036500487476587296,
            -0.9396953582763672,
            -0.1173996776342392
        ],
        [
            0.0052370186895132065,
            -0.9427031874656677,
            -0.11737305670976639
        ],
        [
            -0.0004596840590238571,
            -0.942852258682251,
            -0.12037432193756104
        ],
        [
            -0.000527920201420784,
            -0.9400583505630493,
            -0.11962054669857025
        ],
        [
            0.01923413947224617,
            -0.9339337348937988,
            -0.1032947301864624
        ],
        [
            0.0138644278049469,
            -0.9351629018783569,
            -0.1074647605419159
        ],
        [
            0.014825250022113323,
            -0.9314025640487671,
            -0.10597559809684753
        ],
        [
            0.021758120507001877,
            -0.9276121854782104,
            -0.10268242657184601
        ],
        [
            0.007942762225866318,
            -0.9226734638214111,
            -0.11255110800266266
        ],
        [
            0.01222919300198555,
            -0.9245507121086121,
            -0.10951868444681168
        ],
        [
            0.007494110614061356,
            -0.9307146072387695,
            -0.1120493933558464
        ],
        [
            0.004362229257822037,
            -0.9294164776802063,
            -0.11428356915712357
        ],
        [
            0.0005270540714263916,
            -0.928489089012146,
            -0.11604653298854828
        ],
        [
            -0.0037725605070590973,
            -0.9280338287353516,
            -0.11690716445446014
        ],
        [
            -0.0028033535927534103,
            -0.92262202501297,
            -0.11639656871557236
        ],
        [
            0.0025360193103551865,
            -0.9222726821899414,
            -0.11493587493896484
        ],
        [
            -0.00710383802652359,
            -0.9432144165039062,
            -0.12128815054893494
        ],
        [
            -0.014075441285967827,
            -0.9416460394859314,
            -0.12040288746356964
        ],
        [
            -0.012272931635379791,
            -0.938748836517334,
            -0.11986055970191956
        ],
        [
            -0.006377415731549263,
            -0.9400400519371033,
            -0.12084600329399109
        ],
        [
            -0.021149177104234695,
            -0.9310798645019531,
            -0.11412782967090607
        ],
        [
            -0.020321382209658623,
            -0.9337276220321655,
            -0.11519505083560944
        ],
        [
            -0.024121636524796486,
            -0.9346905946731567,
            -0.1162063404917717
        ],
        [
            -0.024328485131263733,
            -0.9299905300140381,
            -0.115379698574543
        ],
        [
            -0.021682828664779663,
            -0.9271668195724487,
            -0.11567752063274384
        ],
        [
            -0.01969948224723339,
            -0.9294914603233337,
            -0.11477266252040863
        ],
        [
            -0.010671155527234077,
            -0.9995518922805786,
            -0.11581877619028091
        ],
        [
            -0.014424249529838562,
            -0.9822870492935181,
            -0.123641237616539
        ],
        [
            0.005951154977083206,
            -0.9946028590202332,
            -0.10468730330467224
        ],
        [
            0.01746923103928566,
            -0.9857078790664673,
            -0.09427465498447418
        ],
        [
            0.027052931487560272,
            -0.9736104607582092,
            -0.08521745353937149
        ],
        [
            0.024198664352297783,
            -0.8712559938430786,
            -0.1017933040857315
        ],
        [
            0.02724509872496128,
            -0.8622485399246216,
            -0.09571945667266846
        ],
        [
            0.03468525409698486,
            -0.8705761432647705,
            -0.08449146896600723
        ],
        [
            0.034629687666893005,
            -0.8595296144485474,
            -0.07925796508789062
        ],
        [
            0.02709769271314144,
            -0.8513556718826294,
            -0.09156408905982971
        ],
        [
            0.01617760956287384,
            -0.8311737775802612,
            -0.08775366097688675
        ],
        [
            0.023601612076163292,
            -0.8404171466827393,
            -0.08893249183893204
        ],
        [
            0.03146851062774658,
            -0.8484556078910828,
            -0.07308527827262878
        ],
        [
            0.038542069494724274,
            -0.8617819547653198,
            -0.058545392006635666
        ],
        [
            0.04000844433903694,
            -0.8699114322662354,
            -0.06739285588264465
        ],
        [
            0.0411544106900692,
            -0.8774601221084595,
            -0.0457841157913208
        ],
        [
            0.034943174570798874,
            -0.8534224033355713,
            -0.045946378260850906
        ],
        [
            0.03886229544878006,
            -0.8757427930831909,
            -0.03667101636528969
        ],
        [
            0.023237818852066994,
            -0.8133152723312378,
            -0.04726468771696091
        ],
        [
            0.026767870411276817,
            -0.8004696369171143,
            -0.042804427444934845
        ],
        [
            0.038603782653808594,
            -0.8088161945343018,
            -0.030060110613703728
        ],
        [
            0.03567490726709366,
            -0.8215692043304443,
            -0.03467835485935211
        ],
        [
            0.03919261321425438,
            -0.8790076375007629,
            -0.07558382302522659
        ],
        [
            0.033190514892339706,
            -0.942404568195343,
            -0.08210938423871994
        ],
        [
            0.02829023450613022,
            -0.9416381120681763,
            -0.0929335430264473
        ],
        [
            0.03671998530626297,
            -0.9297241568565369,
            -0.07883874326944351
        ],
        [
            0.029187390580773354,
            -1.000396490097046,
            -0.06413212418556213
        ],
        [
            0.02375224605202675,
            -0.9957727789878845,
            -0.08093912154436111
        ],
        [
            0.03268381953239441,
            -0.9810870885848999,
            -0.0744386687874794
        ],
        [
            0.03728136420249939,
            -0.987980306148529,
            -0.059340156614780426
        ],
        [
            -0.0032957084476947784,
            -1.0306137800216675,
            -0.07108744978904724
        ],
        [
            -0.005502874031662941,
            -1.018136978149414,
            -0.0952560156583786
        ],
        [
            0.008120004087686539,
            -1.008082628250122,
            -0.08859974145889282
        ],
        [
            0.012014450505375862,
            -1.0181174278259277,
            -0.06915854662656784
        ],
        [
            0.039514169096946716,
            -0.9897173047065735,
            -0.04659620672464371
        ],
        [
            0.041522424668073654,
            -0.9910548329353333,
            -0.028166431933641434
        ],
        [
            0.036597151309251785,
            -1.0070664882659912,
            -0.021782122552394867
        ],
        [
            0.03233616054058075,
            -1.0059703588485718,
            -0.043996553868055344
        ],
        [
            0.022525250911712646,
            -1.0257750749588013,
            -0.014165543019771576
        ],
        [
            0.017755508422851562,
            -1.0255041122436523,
            -0.04136025160551071
        ],
        [
            0.03949775919318199,
            -0.8617368936538696,
            -0.025574184954166412
        ],
        [
            0.03878083452582359,
            -0.8801109790802002,
            -0.02375040203332901
        ],
        [
            0.03245791420340538,
            -0.836351215839386,
            -0.04131107032299042
        ],
        [
            0.040407732129096985,
            -0.8444471955299377,
            -0.02523202821612358
        ],
        [
            0.0030673444271087646,
            -1.0396134853363037,
            -0.007298663258552551
        ],
        [
            -0.0017158463597297668,
            -1.0400333404541016,
            -0.04009457677602768
        ],
        [
            0.03890284523367882,
            -0.9681291580200195,
            0.022059015929698944
        ],
        [
            0.03846636414527893,
            -0.986248254776001,
            0.01309540867805481
        ],
        [
