{
    "pred_cam": [
        1.4352790117263794,
        0.0016194973140954971,
        0.3248656392097473
    ],
    "pred_smpl_params": {
        "global_orient": [
            [
                [
                    0.9981355667114258,
                    -0.015395785681903362,
                    -0.059063125401735306
                ],
                [
                    -0.011262413114309311,
                    -0.9975053071975708,
                    0.06968764215707779
                ],
                [
                    -0.05998867377638817,
                    -0.06889251619577408,
                    -0.9958189129829407
                ]
            ]
        ],
        "body_pose": [
            [
                [
                    0.9998267292976379,
                    -0.01613428071141243,
                    0.009281927719712257
                ],
                [
                    0.015371118672192097,
                    0.9969030618667603,
                    0.07712403684854507
                ],
                [
                    -0.010497522540390491,
                    -0.0769680067896843,
                    0.9969783425331116
                ]
            ],
            [
                [
                    0.9979080557823181,
                    -0.04513467103242874,
                    0.046285588294267654
                ],
                [
                    0.04071534052491188,
                    0.9948946237564087,
                    0.09234160929918289
                ],
                [
                    -0.05021709203720093,
                    -0.09026390314102173,
                    0.9946510195732117
                ]
            ],
            [
                [
                    0.9993994235992432,
                    -0.008817121386528015,
                    -0.03351448476314545
                ],
                [
                    0.006877998821437359,
                    0.9983195066452026,
                    -0.05753963813185692
                ],
                [
                    0.033965498208999634,
                    0.05727456137537956,
                    0.9977805614471436
                ]
            ],
            [
                [
                    0.9859732985496521,
                    0.034125346690416336,
                    -0.16337701678276062
                ],
                [
                    -0.15435516834259033,
                    0.5588067770004272,
                    -0.8148064017295837
                ],
                [
                    0.06349067389965057,
                    0.8285955190658569,
                    0.5562359690666199
                ]
            ],
            [
                [
                    0.9837521314620972,
                    -0.0018991905963048339,
                    0.17952172458171844
                ],
                [
                    0.1505119651556015,
                    0.5538134574890137,
                    -0.8189242482185364
                ],
                [
                    -0.0978662446141243,
                    0.832638680934906,
                    0.5451010465621948
                ]
            ],
            [
                [
                    0.9998248219490051,
                    -0.0025316232349723577,
                    -0.0185458492487669
                ],
                [
                    0.003987893462181091,
                    0.9968735575675964,
                    0.07891187816858292
                ],
                [
                    0.01828809268772602,
                    -0.07897201180458069,
                    0.9967090487480164
                ]
            ],
            [
                [
                    0.9753652215003967,
                    0.026341168209910393,
                    0.21901795268058777
                ],
                [
                    -0.04691390320658684,
                    0.9949021339416504,
                    0.08926794677972794
                ],
                [
                    -0.2155500203371048,
                    -0.09734383225440979,
                    0.971628725528717
                ]
            ],
            [
                [
                    0.9739105701446533,
                    0.011700639501214027,
                    -0.2266302853822708
                ],
                [
                    0.01220762450248003,
                    0.9945225715637207,
                    0.10380644351243973
                ],
                [
                    0.22660355269908905,
                    -0.10386481136083603,
                    0.9684332013130188
                ]
            ],
            [
                [
                    0.9995408058166504,
                    -0.0012079902226105332,
                    -0.03027614764869213
                ],
                [
                    -0.0019726925529539585,
                    0.9944906830787659,
                    -0.10480614006519318
                ],
                [
                    0.030235953629016876,
                    0.10481774806976318,
                    0.9940316081047058
                ]
            ],
            [
                [
                    0.9907903075218201,
                    -0.11722908914089203,
                    -0.0677633062005043
                ],
                [
                    0.12822817265987396,
                    0.9730924367904663,
                    0.19143834710121155
                ],
                [
                    0.04349781945347786,
                    -0.19836443662643433,
                    0.9791626334190369
                ]
            ],
            [
                [
                    0.9912267923355103,
                    0.09916860610246658,
                    0.08737852424383163
                ],
                [
                    -0.11497029662132263,
                    0.9730510711669922,
                    0.19988353550434113
                ],
                [
                    -0.06520159542560577,
                    -0.2081758677959442,
                    0.9759157299995422
                ]
            ],
            [
                [
                    0.9967671036720276,
                    -0.0569954514503479,
                    0.05662785470485687
                ],
                [
                    0.04819750040769577,
                    0.9880905747413635,
                    0.14612947404384613
                ],
                [
                    -0.06428217887878418,
                    -0.14292775094509125,
                    0.9876432418823242
                ]
            ],
            [
                [
                    0.9313202500343323,
                    0.3498463034629822,
                    0.10124226659536362
                ],
                [
                    -0.34235361218452454,
                    0.9357789158821106,
                    -0.08433163166046143
                ],
                [
                    -0.12424349039793015,
                    0.04387911036610603,
                    0.9912809729576111
                ]
            ],
            [
                [
                    0.9381209015846252,
                    -0.3271544873714447,
                    -0.1135748028755188
                ],
                [
                    0.3218727707862854,
                    0.9447106122970581,
                    -0.06260832399129868
                ],
                [
                    0.12777790427207947,
                    0.02217753417789936,
                    0.9915549159049988
                ]
            ],
            [
                [
                    0.9990942478179932,
                    -0.024314191192388535,
                    0.03492308035492897
                ],
                [
                    0.029335778206586838,
                    0.9880445003509521,
                    -0.15135230123996735
                ],
                [
                    -0.030825544148683548,
                    0.15223969519138336,
                    0.9878628253936768
                ]
            ],
            [
                [
                    0.5272895693778992,
                    0.8342101573944092,
                    -0.16142843663692474
                ],
                [
                    -0.8496856689453125,
                    0.5176299810409546,
                    -0.10046635568141937
                ],
                [
                    -0.0002498495450709015,
                    0.19013826549053192,
                    0.9817572832107544
                ]
            ],
            [
                [
                    0.5279311537742615,
                    -0.823445737361908,
                    0.20790812373161316
                ],
                [
                    0.8491555452346802,
                    0.5160982012748718,
                    -0.11214954406023026
                ],
                [
                    -0.014951939694583416,
                    0.23575358092784882,
                    0.9716978669166565
                ]
            ],
            [
                [
                    0.8631935715675354,
                    -0.16532424092292786,
                    -0.47703754901885986
                ],
                [
                    0.0801447257399559,
                    0.9777551889419556,
                    -0.19383427500724792
                ],
                [
                    0.49847137928009033,
                    0.12908445298671722,
                    0.8572418689727783
                ]
            ],
            [
                [
                    0.8056769371032715,
                    0.17883135378360748,
                    0.5647158026695251
                ],
                [
                    -0.05546001344919205,
                    0.9719252586364746,
                    -0.22865986824035645
                ],
                [
                    -0.5897531509399414,
                    0.15290683507919312,
                    0.7929757833480835
                ]
            ],
            [
                [
                    0.9992805123329163,
                    0.03431215137243271,
                    0.016154533252120018
                ],
                [
                    -0.03295420482754707,
                    0.9964153170585632,
                    -0.07791406661272049
                ],
                [
                    -0.018770022317767143,
                    0.07732565701007843,
                    0.9968291521072388
                ]
            ],
            [
                [
                    0.9992038607597351,
                    -0.030466251075267792,
                    -0.02575356513261795
                ],
                [
                    0.028282903134822845,
                    0.9962911009788513,
                    -0.08126609772443771
                ],
                [
                    0.028133921325206757,
                    0.08047302812337875,
                    0.9963595867156982
                ]
            ],
            [
                [
                    0.9739360809326172,
                    0.21410533785820007,
                    -0.0748836100101471
                ],
                [
                    -0.20061929523944855,
                    0.9671633839607239,
                    0.15603512525558472
                ],
                [
                    0.10583262145519257,
                    -0.13694511353969574,
                    0.9849089980125427
                ]
            ],
            [
                [
                    0.9744398593902588,
                    -0.21863670647144318,
                    0.051623404026031494
                ],
                [
                    0.20818503201007843,
                    0.965211033821106,
                    0.15819819271564484
                ],
                [
                    -0.08441539853811264,
                    -0.14340738952159882,
                    0.9860569834709167
                ]
            ]
        ],
        "betas": [
            -0.038004204630851746,
            0.3499806225299835,
            0.48191478848457336,
            0.6036189198493958,
            -0.0324859619140625,
            0.1014925017952919,
            0.017969518899917603,
            -0.07011270523071289,
            0.0820082426071167,
            -0.1434725821018219
        ]
    },
    "pred_cam_t": [
        0.0016194973140954971,
        0.3248656392097473,
        27.21596336364746
    ],
    "focal_length": [
        5000.0,
        5000.0
    ],
    "pred_keypoints_3d": [
        [
            -0.028723781928420067,
            -0.8633698225021362,
            -0.15836694836616516
        ],
        [
            -0.0107375243678689,
            -0.750963032245636,
            0.0031194519251585007
        ],
        [
            -0.1797594130039215,
            -0.6558187007904053,
            0.05947240814566612
        ],
        [
            -0.21015550196170807,
            -0.41942745447158813,
            0.14186973869800568
        ],
        [
            -0.2696053981781006,
            -0.1900426149368286,
            0.05160941183567047
        ],
        [
            0.16644373536109924,
            -0.6606298685073853,
            0.003328691702336073
        ],
        [
            0.22232675552368164,
            -0.4222690463066101,
            0.08807851374149323
        ],
        [
            0.2736359238624573,
            -0.19230860471725464,
            0.012085065245628357
        ],
        [
            -0.0022643315605819225,
            -0.2294488400220871,
            0.02525852993130684
        ],
        [
            -0.0657677948474884,
            -0.13881248235702515,
            0.0411415621638298
        ],
        [
            -0.08321536332368851,
            0.24414342641830444,
            0.03957727551460266
        ],
        [
            -0.058924250304698944,
            0.43410369753837585,
            0.3879922032356262
        ],
        [
            0.06668129563331604,
            -0.13936550915241241,
            0.035662874579429626
        ],
        [
            0.11196210980415344,
            0.23299486935138702,
            0.03284938260912895
        ],
        [
            0.11443649977445602,
            0.4198358654975891,
            0.3835313022136688
        ],
        [
            -0.06402125209569931,
            -0.9003655910491943,
            -0.12247726321220398
        ],
        [
            0.0015286672860383987,
            -0.9083687663078308,
            -0.12804467976093292
        ],
        [
            -0.09514537453651428,
            -0.8806997537612915,
            -0.025418497622013092
        ],
        [
            0.04831703007221222,
            -0.898340106010437,
            -0.03855758532881737
        ],
        [
            0.11430295556783676,
            0.5992157459259033,
            0.29998308420181274
        ],
        [
            0.181407630443573,
            0.5663213729858398,
            0.33757680654525757
        ],
        [
            0.12334302067756653,
            0.39560866355895996,
            0.44983339309692383
        ],
        [
            -0.04075346142053604,
            0.6069455146789551,
            0.29616397619247437
        ],
        [
            -0.11600220948457718,
            0.5823346376419067,
            0.3313140571117401
        ],
        [
            -0.0661720484495163,
            0.4203290343284607,
            0.4601805806159973
        ],
        [
            -0.0861278548836708,
            0.38635092973709106,
            0.3642953038215637
        ],
        [
            -0.0831366628408432,
            0.18701420724391937,
            0.026513777673244476
        ],
        [
            -0.14476124942302704,
            -0.25983622670173645,
            0.039233721792697906
        ],
        [
            0.14015978574752808,
            -0.2489244043827057,
            0.03618048503994942
        ],
        [
            0.12129278481006622,
            0.19650831818580627,
            0.023402690887451172
        ],
        [
            0.12419260293245316,
            0.3791959881782532,
            0.3713276982307434
        ],
        [
            -0.2576584219932556,
            -0.21696320176124573,
            0.030113032087683678
        ],
        [
            -0.24179768562316895,
            -0.43798038363456726,
            0.1227991133928299
        ],
        [
            -0.14745748043060303,
            -0.6868133544921875,
            0.04868992418050766
        ],
        [
            0.1363416165113449,
            -0.6933869123458862,
            0.008464811369776726
        ],
        [
            0.2510356307029724,
            -0.44448143243789673,
            0.05147795379161835
        ],
        [
            0.27295807003974915,
            -0.2100844383239746,
            0.0013759105931967497
        ],
        [
            -0.007602734491229057,
            -0.745864987373352,
            0.006306446623057127
        ],
        [
            -0.027277495712041855,
            -0.9425263404846191,
            -0.04695866256952286
        ],
        [
            -0.001816082512959838,
            -0.25443246960639954,
            0.03756725788116455
        ],
        [
            -0.00685507245361805,
            -0.6885256767272949,
            0.023966295644640923
        ],
        [
            -0.002284308895468712,
            -0.5068793296813965,
            0.03690497577190399
        ],
        [
            -0.013508113101124763,
            -0.83695387840271,
            -0.08245663344860077
        ],
        [
            -0.033324651420116425,
            -0.9610139727592468,
            -0.03730663284659386
        ]
    ],
    "pred_vertices": [
        [
            0.007460370659828186,
            -0.9548541903495789,
            -0.1285734474658966
        ],
        [
            0.002660621888935566,
            -0.9403806924819946,
            -0.1344703733921051
        ],
        [
            0.014412201941013336,
            -0.93785560131073,
            -0.12673109769821167
        ],
        [
            0.01963455229997635,
            -0.9490519762039185,
            -0.11758819222450256
        ],
        [
            0.01124248281121254,
            -0.928822934627533,
            -0.13215185701847076
        ],
        [
            0.0007935464382171631,
            -0.9289654493331909,
            -0.13829931616783142
        ],
        [
            0.022542791441082954,
            -0.9325114488601685,
            -0.11687558889389038
        ],
        [
            0.027553297579288483,
            -0.940034031867981,
            -0.10665909945964813
        ],
        [
            0.033205918967723846,
            -0.8981775641441345,
            -0.10692271590232849
        ],
        [
            0.03829898685216904,
            -0.8938066959381104,
            -0.09796354919672012
        ],
        [
            0.03671345114707947,
            -0.9054315090179443,
            -0.09913158416748047
        ],
        [
            0.03086775541305542,
            -0.9063979387283325,
            -0.10746514052152634
        ],
        [
            0.03543262928724289,
            -0.8719877004623413,
            -0.10415079444646835
        ],
        [
            0.029674848541617393,
            -0.8623487949371338,
            -0.11207200586795807
        ],
        [
            0.033674515783786774,
            -0.8533005714416504,
            -0.10297036170959473
        ],
        [
            0.0382947102189064,
            -0.8623578548431396,
            -0.09418255090713501
        ],
        [
            -0.005226662382483482,
            -0.8733346462249756,
            -0.13274037837982178
        ],
        [
            0.0008959164842963219,
            -0.8673654198646545,
            -0.13208864629268646
        ],
        [
            0.003952743485569954,
            -0.8744099736213684,
            -0.13126519322395325
        ],
        [
            -0.002813238650560379,
            -0.8794739246368408,
            -0.13159021735191345
        ],
        [
            -0.015816669911146164,
            -0.8817706108093262,
            -0.13838276267051697
        ],
        [
            -0.015243684872984886,
            -0.8872453570365906,
            -0.13487449288368225
        ],
        [
            -0.020611753687262535,
            -0.890753984451294,
            -0.13970115780830383
        ],
        [
            -0.020383307710289955,
            -0.8846093416213989,
            -0.14430487155914307
        ],
        [
            -0.00991007685661316,
            -0.8674827814102173,
            -0.1328122615814209
        ],
        [
            -0.00333336740732193,
            -0.8613330125808716,
            -0.13177675008773804
        ],
        [
            -0.01058092899620533,
            -0.8785238265991211,
            -0.13408640027046204
        ],
        [
            -0.012122780084609985,
            -0.873482346534729,
            -0.13643300533294678
        ],
        [
            -0.014877024106681347,
            -0.867437481880188,
            -0.14684465527534485
        ],
        [
            -0.013891194015741348,
            -0.8722198605537415,
            -0.14531610906124115
        ],
        [
            -0.01773977465927601,
            -0.8730548620223999,
            -0.15209157764911652
        ],
        [
            -0.01828370988368988,
            -0.8674543499946594,
            -0.15151798725128174
        ],
        [
            -0.011608747765421867,
            -0.8666695356369019,
            -0.13769522309303284
        ],
        [
            -0.011582320556044579,
            -0.8697043657302856,
            -0.140523761510849
        ],
        [
            -0.013637572526931763,
            -0.8658000230789185,
            -0.14282283186912537
        ],
        [
            -0.014570102095603943,
            -0.8634103536605835,
            -0.1395016610622406
        ],
        [
            -0.016089344397187233,
            -0.8774076700210571,
            -0.14146006107330322
        ],
        [
            -0.019512027502059937,
            -0.879217267036438,
            -0.14828678965568542
        ],
        [
            -0.02392652817070484,
            -0.8804244995117188,
            -0.15513154864311218
        ],
        [
            -0.02221415564417839,
            -0.8721626996994019,
            -0.15879002213478088
        ],
        [
            0.013450401835143566,
            -0.8548444509506226,
            -0.12652099132537842
        ],
        [
            0.007499649189412594,
            -0.8612991571426392,
            -0.1304590106010437
        ],
        [
            0.0031230421736836433,
            -0.8558236360549927,
            -0.13054126501083374
        ],
        [
            0.00857974961400032,
            -0.850731372833252,
            -0.12802961468696594
        ],
        [
            -0.012892041355371475,
            -0.8603339195251465,
            -0.13614493608474731
        ],
        [
            -0.007444743067026138,
            -0.8446944355964661,
            -0.13677634298801422
        ],
        [
            -0.007604680955410004,
            -0.8485975861549377,
            -0.1369529515504837
        ],
        [
            -0.01380697637796402,
            -0.8488641977310181,
            -0.14053857326507568
        ],
        [
            -0.013028962537646294,
            -0.8452891111373901,
            -0.1402169167995453
        ],
        [
            0.02037222683429718,
            -0.8407285809516907,
            -0.1181483119726181
        ],
        [
            0.014773046597838402,
            -0.8391537666320801,
            -0.12238564342260361
        ],
        [
            0.01607075333595276,
            -0.8321640491485596,
            -0.11979460716247559
        ],
        [
            0.021277541294693947,
            -0.8323350548744202,
            -0.11426585912704468
        ],
        [
            0.014492894522845745,
            -0.8260596990585327,
            -0.11851858347654343
        ],
        [
            0.021043960005044937,
            -0.8241173028945923,
            -0.11097978055477142
        ],
        [
            0.013676815666258335,
            -0.8088234663009644,
            -0.11088526248931885
        ],
        [
            0.017631182447075844,
            -0.8156508803367615,
            -0.11064042150974274
        ],
        [
            0.011295941658318043,
            -0.8199658989906311,
            -0.11892221868038177
        ],
        [
            0.0066123241558671,
            -0.8141781091690063,
            -0.12197061628103256
        ],
        [
            -0.006138775497674942,
            -0.8177207708358765,
            -0.13003267347812653
        ],
        [
            -0.011805514805018902,
            -0.8159241676330566,
            -0.1324567347764969
        ],
        [
            -0.005874961614608765,
            -0.8042422533035278,
            -0.13062694668769836
        ],
        [
            0.0003072265535593033,
            -0.8083595633506775,
            -0.12677358090877533
        ],
        [
            -0.006906230002641678,
            -0.8391935229301453,
            -0.13231153786182404
        ],
        [
            -0.003007899969816208,
            -0.8396681547164917,
            -0.12963655591011047
        ],
        [
            -0.0029894988983869553,
            -0.8412330150604248,
            -0.13195568323135376
        ],
        [
            -0.007195900194346905,
            -0.8418706655502319,
            -0.13512152433395386
        ],
        [
            0.0005247984081506729,
            -0.8398547768592834,
            -0.1277635097503662
        ],
        [
            0.0021802522242069244,
            -0.8398017883300781,
            -0.1270522177219391
        ],
        [
            0.0017984258010983467,
            -0.8410884141921997,
            -0.12832850217819214
        ],
        [
            0.00033017154783010483,
            -0.8406131267547607,
            -0.12848636507987976
        ],
        [
            -0.0015284139662981033,
            -0.8400119543075562,
            -0.12902021408081055
        ],
        [
            -0.0022861361503601074,
            -0.8379343748092651,
            -0.1294013261795044
        ],
        [
            -0.00023238174617290497,
            -0.8389405012130737,
            -0.12821556627750397
        ],
        [
            -0.005696473643183708,
            -0.8366914987564087,
            -0.13211306929588318
        ],
        [
            -0.018059173598885536,
            -0.8327417373657227,
            -0.1392466425895691
        ],
        [
            -0.014232968911528587,
            -0.8340288400650024,
            -0.13802918791770935
        ],
        [
            -0.016093220561742783,
            -0.8383156061172485,
            -0.13710349798202515
        ],
        [
            -0.019397910684347153,
            -0.8374276161193848,
            -0.13811208307743073
        ],
        [
            -0.00015587732195854187,
            -0.842336893081665,
            -0.1302587240934372
        ],
        [
            0.0022483887150883675,
            -0.8446254730224609,
            -0.12973535060882568
        ],
        [
            -0.0017366092652082443,
            -0.8469333648681641,
            -0.1331229954957962
        ],
        [
            -0.0025924649089574814,
            -0.8440074920654297,
            -0.13249874114990234
        ],
        [
            0.004729562439024448,
            -0.8468673229217529,
            -0.12958133220672607
        ],
        [
            0.003928882069885731,
            -0.8425450325012207,
            -0.12775512039661407
        ],
        [
            0.0068346839398145676,
            -0.8432909846305847,
            -0.12715159356594086
        ],
        [
            0.001837139017879963,
            -0.8379455804824829,
            -0.1270085871219635
        ],
        [
            0.004700633697211742,
            -0.8365923166275024,
            -0.1255590319633484
        ],
        [
            0.004937165416777134,
            -0.839354395866394,
            -0.1265842765569687
        ],
        [
            0.0031023509800434113,
            -0.8330708742141724,
            -0.1259983330965042
        ],
        [
            -0.00035453587770462036,
            -0.8357383012771606,
            -0.12805379927158356
        ],
        [
            -0.003615574911236763,
            -0.8334802389144897,
            -0.13073499500751495
        ],
        [
            -0.008020564913749695,
            -0.8313360810279846,
            -0.1340949535369873
        ],
        [
            -0.0050446027889847755,
            -0.8267682790756226,
            -0.13104915618896484
        ],
        [
            -0.0002736970782279968,
            -0.8296722173690796,
            -0.12815053761005402
        ],
        [
            -0.00023301132023334503,
            -0.850683331489563,
            -0.13232553005218506
        ],
        [
            0.00918981246650219,
            -0.8391870856285095,
            -0.12477736175060272
        ],
        [
            0.011962862685322762,
            -0.8459076881408691,
            -0.12497813999652863
        ],
        [
            0.009637905284762383,
            -0.834323525428772,
            -0.12362681329250336
        ],
        [
            0.008111130446195602,
            -0.8295685052871704,
            -0.12322963774204254
        ],
        [
            0.004552953876554966,
            -0.8250179290771484,
            -0.12430095672607422
        ],
        [
            -0.0005528666079044342,
            -0.8210166096687317,
            -0.12731529772281647
        ],
        [
            -0.0022421739995479584,
            -0.7958331108093262,
            -0.11918653547763824
        ],
        [
            0.005557199940085411,
            -0.8015091419219971,
            -0.11569344997406006
        ],
        [
            -0.00041878968477249146,
            -0.921859085559845,
            -0.1354074478149414
        ],
        [
            0.008343777619302273,
            -0.921643078327179,
            -0.13305361568927765
        ],
        [
            0.009767601266503334,
            -0.9140902757644653,
            -0.12803998589515686
        ],
        [
            0.011377526447176933,
            -0.9171799421310425,
            -0.12795081734657288
        ],
        [
            0.005834429524838924,
            -0.9173858165740967,
            -0.13110360503196716
        ],
        [
            0.005680854432284832,
            -0.9145834445953369,
            -0.13037140667438507
        ],
        [
            0.02447868324816227,
            -0.9079918265342712,
            -0.11326289176940918
        ],
        [
            0.01940772496163845,
            -0.9093169569969177,
            -0.11773565411567688
        ],
        [
            0.02016367018222809,
            -0.9055761098861694,
            -0.11616934835910797
        ],
        [
            0.02678118459880352,
            -0.9016650319099426,
            -0.11253952980041504
        ],
        [
            0.013296421617269516,
            -0.8971331119537354,
            -0.12292080372571945
        ],
        [
            0.017472848296165466,
            -0.8988786935806274,
            -0.11976166069507599
        ],
        [
            0.013050058856606483,
            -0.9051427841186523,
            -0.12247058749198914
        ],
        [
            0.010009724646806717,
            -0.9039230346679688,
            -0.12481170892715454
        ],
        [
            0.006279493682086468,
            -0.903048038482666,
            -0.12672919034957886
        ],
        [
            0.0020244866609573364,
            -0.9026612043380737,
            -0.12773537635803223
        ],
        [
            0.0028209341689944267,
            -0.8972325921058655,
            -0.12718960642814636
        ],
        [
            0.008035097271203995,
            -0.8968274593353271,
            -0.125539168715477
        ],
        [
            -0.0007326863706111908,
            -0.9178463220596313,
            -0.13231530785560608
        ],
        [
            -0.007817607372999191,
            -0.9163804054260254,
            -0.1317262202501297
        ],
        [
            -0.006090795621275902,
            -0.9134334325790405,
            -0.13113154470920563
        ],
        [
            -8.584931492805481e-05,
            -0.9146357178688049,
            -0.13193300366401672
        ],
        [
            -0.01527954451739788,
            -0.9059127569198608,
            -0.12567108869552612
        ],
        [
            -0.014362514019012451,
            -0.9085285067558289,
            -0.126767098903656
        ],
        [
            -0.018031803891062737,
            -0.9095819592475891,
            -0.12796679139137268
        ],
        [
            -0.018397189676761627,
            -0.9049465656280518,
            -0.12702998518943787
        ],
        [
            -0.015873167663812637,
            -0.9020748138427734,
            -0.12713882327079773
        ],
        [
            -0.013866016641259193,
            -0.9043150544166565,
            -0.12617692351341248
        ],
        [
            -0.003207119181752205,
            -0.975256085395813,
            -0.12640638649463654
        ],
        [
            -0.007076984271407127,
            -0.9578329920768738,
            -0.1347576230764389
        ],
        [
            0.012876217253506184,
            -0.9696858525276184,
            -0.11475354433059692
        ],
        [
            0.023852279409766197,
            -0.9604105949401855,
            -0.10393895208835602
        ],
        [
            0.03260035812854767,
            -0.9478732347488403,
            -0.09467212855815887
        ],
        [
            0.027089491486549377,
            -0.8457502126693726,
            -0.1113627552986145
        ],
        [
            0.02953900583088398,
            -0.8368017673492432,
            -0.10525214672088623
        ],
        [
            0.036789488047361374,
            -0.8447121381759644,
            -0.09376972913742065
        ],
        [
            0.036060117185115814,
            -0.8339823484420776,
            -0.0886581689119339
        ],
        [
            0.028801407665014267,
            -0.8260964155197144,
            -0.10108018666505814
        ],
        [
            0.0171931404620409,
            -0.8063272833824158,
            -0.0973895713686943
        ],
        [
            0.0248507559299469,
            -0.8152996301651001,
            -0.09853488206863403
        ],
        [
            0.03223823755979538,
            -0.823291540145874,
            -0.0827363133430481
        ],
        [
            0.039117082953453064,
            -0.8363807797431946,
            -0.06822578608989716
        ],
        [
            0.04109586775302887,
            -0.8440414071083069,
            -0.07665068656206131
        ],
        [
            0.041790492832660675,
            -0.8520125150680542,
            -0.055889956653118134
        ],
        [
            0.034718118607997894,
            -0.8285285234451294,
            -0.0563151016831398
        ],
        [
            0.039009518921375275,
            -0.8506228923797607,
            -0.0473271980881691
        ],
        [
            0.022041363641619682,
            -0.790291428565979,
            -0.05804532766342163
        ],
        [
            0.02504456788301468,
            -0.7783207893371582,
            -0.05380287766456604
        ],
        [
            0.036820851266384125,
            -0.7865045070648193,
            -0.041736453771591187
        ],
        [
            0.03436557948589325,
            -0.7984355092048645,
            -0.04592862352728844
        ],
        [
            0.041029274463653564,
            -0.8529630899429321,
            -0.08471642434597015
        ],
        [
            0.037539511919021606,
            -0.9165527820587158,
            -0.09149980545043945
        ],
        [
            0.03311183676123619,
            -0.91574627161026,
            -0.10234399139881134
        ],
        [
            0.040604040026664734,
            -0.90360426902771,
            -0.0881866067647934
        ],
        [
            0.034749165177345276,
            -0.975002646446228,
            -0.0728829950094223
        ],
        [
            0.02974807843565941,
            -0.9703322052955627,
            -0.0900583490729332
        ],
        [
            0.03802137449383736,
            -0.9551964998245239,
            -0.08343373984098434
        ],
        [
            0.04213657230138779,
            -0.9618887901306152,
            -0.06810583919286728
        ],
        [
            0.0037978775799274445,
            -1.0063285827636719,
            -0.08057881891727448
        ],
        [
            0.0019403770565986633,
            -0.9938910007476807,
            -0.10538230091333389
        ],
        [
            0.015024559572339058,
            -0.9832735061645508,
            -0.09827238321304321
        ],
        [
            0.018669607117772102,
            -0.9933620691299438,
            -0.07826866954565048
        ],
        [
            0.04424937069416046,
            -0.9636482000350952,
            -0.055117614567279816
        ],
        [
            0.045656681060791016,
            -0.9647594690322876,
            -0.03665487840771675
        ],
        [
            0.04064241051673889,
            -0.9801939129829407,
            -0.029756959527730942
        ],
        [
            0.03716553375124931,
            -0.9801135063171387,
            -0.05209612846374512
        ],
        [
            0.026714498177170753,
            -0.9990745782852173,
            -0.02248062565922737
        ],
        [
            0.023282546550035477,
            -0.999719500541687,
            -0.04972006753087044
        ],
        [
            0.0391102097928524,
            -0.8371192812919617,
            -0.03672192245721817
        ],
        [
            0.038777295500040054,
            -0.8551861047744751,
            -0.03474004194140434
        ],
        [
            0.03169393911957741,
            -0.8123515844345093,
            -0.05215682089328766
        ],
        [
            0.039541833102703094,
            -0.8205864429473877,
            -0.03663218021392822
        ],
        [
            0.0075186993926763535,
            -1.012447714805603,
            -0.016350068151950836
        ],
        [
            0.004335014149546623,
            -1.0144201517105103,
            -0.048829808831214905
        ],
        [
            0.040019530802965164,
            -0.9415791630744934,
            0.01254347711801529
        ],
        [
            0.04030976444482803,
            -0.959621787071228,
            0.004319190979003906
        ],
        [
