{
    "pred_cam": [
        1.4255077838897705,
        -0.0009063016623258591,
        0.32259008288383484
    ],
    "pred_smpl_params": {
        "global_orient": [
            [
                [
                    0.9965447187423706,
                    -0.011501574888825417,
                    -0.08225787431001663
                ],
                [
                    -0.0061256783083081245,
                    -0.9978461861610413,
                    0.06531030684709549
                ],
                [
                    -0.08283188194036484,
                    -0.0645807534456253,
                    -0.9944688081741333
                ]
            ]
        ],
        "body_pose": [
            [
                [
                    0.9998666644096375,
                    0.013995829038321972,
                    0.00840635597705841
                ],
                [
                    -0.014600018970668316,
                    0.9969450831413269,
                    0.07672864198684692
                ],
                [
                    -0.007306795567274094,
                    -0.07684115320444107,
                    0.9970164895057678
                ]
            ],
            [
                [
                    0.9966268539428711,
                    -0.05811108648777008,
                    0.05794712156057358
                ],
                [
                    0.053945187479257584,
                    0.9960141181945801,
                    0.07103459537029266
                ],
                [
                    -0.06184404343366623,
                    -0.06766902655363083,
                    0.9957892298698425
                ]
            ],
            [
                [
                    0.9993825554847717,
                    -0.0052726720459759235,
                    -0.03473798558115959
                ],
                [
                    0.003141071181744337,
                    0.9981246590614319,
                    -0.061133261770009995
                ],
                [
                    0.034995175898075104,
                    0.06098639965057373,
                    0.9975249171257019
                ]
            ],
            [
                [
                    0.9871985912322998,
                    0.044660743325948715,
                    -0.15311558544635773
                ],
                [
                    -0.1488465964794159,
                    0.6028748154640198,
                    -0.7838283181190491
                ],
                [
                    0.05730316787958145,
                    0.7965849041938782,
                    0.601804792881012
                ]
            ],
            [
                [
                    0.9830640554428101,
                    0.016797667369246483,
                    0.18249112367630005
                ],
                [
                    0.13714401423931122,
                    0.5930840373039246,
                    -0.7933744192123413
                ],
                [
                    -0.12155941873788834,
                    0.8049653172492981,
                    0.5807359218597412
                ]
            ],
            [
                [
                    0.999653160572052,
                    -0.00834149681031704,
                    -0.024980874732136726
                ],
                [
                    0.010321068577468395,
                    0.996725857257843,
                    0.080193430185318
                ],
                [
                    0.024230152368545532,
                    -0.08042344450950623,
                    0.9964662194252014
                ]
            ],
            [
                [
                    0.9755558967590332,
                    0.028233906254172325,
                    0.21792995929718018
                ],
                [
                    -0.0468488447368145,
                    0.9956344962120056,
                    0.08072788268327713
                ],
                [
                    -0.21469935774803162,
                    -0.08896433562040329,
                    0.9726198315620422
                ]
            ],
            [
                [
                    0.9740312099456787,
                    0.003140444168820977,
                    -0.2263917773962021
                ],
                [
                    0.016453629359602928,
                    0.9962782263755798,
                    0.08461030572652817
                ],
                [
                    0.22581492364406586,
                    -0.0861380472779274,
                    0.970354437828064
                ]
            ],
            [
                [
                    0.9994277358055115,
                    -0.004381195642054081,
                    -0.033540163189172745
                ],
                [
                    0.0008490108302794397,
                    0.9945129752159119,
                    -0.10460958629846573
                ],
                [
                    0.0338144451379776,
                    0.1045212522149086,
                    0.9939475655555725
                ]
            ],
            [
                [
                    0.9901670217514038,
                    -0.1197025254368782,
                    -0.07239174842834473
                ],
                [
                    0.1307855099439621,
                    0.9757725596427917,
                    0.17539384961128235
                ],
                [
                    0.04964280128479004,
                    -0.18313699960708618,
                    0.9818331599235535
                ]
            ],
            [
                [
                    0.9911472797393799,
                    0.09813293069601059,
                    0.08942576497793198
                ],
                [
                    -0.11441100388765335,
                    0.9730320572853088,
                    0.20029640197753906
                ],
                [
                    -0.06735847145318985,
                    -0.2087545245885849,
                    0.9756455421447754
                ]
            ],
            [
                [
                    0.9960137605667114,
                    -0.05271279811859131,
                    0.07195797562599182
                ],
                [
                    0.042086414992809296,
                    0.9889810085296631,
                    0.14193442463874817
                ],
                [
                    -0.07864682376384735,
                    -0.13834019005298615,
                    0.987257182598114
                ]
            ],
            [
                [
                    0.9306076169013977,
                    0.3541923463344574,
                    0.09228894114494324
                ],
                [
                    -0.3473050892353058,
                    0.9340888261795044,
                    -0.08280874788761139
                ],
                [
                    -0.11553628742694855,
                    0.0450100302696228,
                    0.9922829866409302
                ]
            ],
            [
                [
                    0.9353161454200745,
                    -0.33536577224731445,
                    -0.11275389045476913
                ],
                [
                    0.33012574911117554,
                    0.9418407082557678,
                    -0.06287309527397156
                ],
                [
                    0.12728169560432434,
                    0.021583260968327522,
                    0.9916316866874695
                ]
            ],
            [
                [
                    0.9987635612487793,
                    -0.01702239364385605,
                    0.04670798406004906
                ],
                [
                    0.023894600570201874,
                    0.9882800579071045,
                    -0.15076996386051178
                ],
                [
                    -0.043594103306531906,
                    0.15169960260391235,
                    0.9874648451805115
                ]
            ],
            [
                [
                    0.5244179964065552,
                    0.8351525068283081,
                    -0.16584980487823486
                ],
                [
                    -0.8514553904533386,
                    0.5150769948959351,
                    -0.09858736395835876
                ],
                [
                    0.0030899359844624996,
                    0.192914679646492,
                    0.9812107682228088
                ]
            ],
            [
                [
                    0.5340700149536133,
                    -0.8177648186683655,
                    0.21454572677612305
                ],
                [
                    0.8451481461524963,
                    0.5230788588523865,
                    -0.11005954444408417
                ],
                [
                    -0.022221509367227554,
                    0.24010242521762848,
                    0.9704931378364563
                ]
            ],
            [
                [
                    0.8773767948150635,
                    -0.1536407470703125,
                    -0.454537570476532
                ],
                [
                    0.07485068589448929,
                    0.9795747399330139,
                    -0.18662995100021362
                ],
                [
                    0.47392746806144714,
                    0.12972235679626465,
                    0.8709562420845032
                ]
            ],
            [
                [
                    0.8207042813301086,
                    0.16558890044689178,
                    0.5468316078186035
                ],
                [
                    -0.05669056996703148,
                    0.9759591221809387,
                    -0.21045194566249847
                ],
                [
                    -0.5685337781906128,
                    0.14171859622001648,
                    0.8103611469268799
                ]
            ],
            [
                [
                    0.9993243217468262,
                    0.03445904701948166,
                    0.012787926010787487
                ],
                [
                    -0.033454544842243195,
                    0.9968547821044922,
                    -0.07184292376041412
                ],
                [
                    -0.015223342925310135,
                    0.0713665634393692,
                    0.9973340630531311
                ]
            ],
            [
                [
                    0.9993033409118652,
                    -0.028328383341431618,
                    -0.024297034367918968
                ],
                [
                    0.026470502838492393,
                    0.9969329237937927,
                    -0.07364798337221146
                ],
                [
                    0.02630884200334549,
                    0.07295351475477219,
                    0.9969882965087891
                ]
            ],
            [
                [
                    0.9730395674705505,
                    0.21683213114738464,
                    -0.07859954237937927
                ],
                [
                    -0.20277084410190582,
                    0.9666485786437988,
                    0.15644356608390808
                ],
                [
                    0.10990011692047119,
                    -0.13628807663917542,
                    0.9845545291900635
                ]
            ],
            [
                [
                    0.9742785096168518,
                    -0.21925276517868042,
                    0.05205297842621803
                ],
                [
                    0.20854316651821136,
                    0.9647699594497681,
                    0.16040140390396118
                ],
                [
                    -0.08538760989904404,
                    -0.1454203575849533,
                    0.9856783151626587
                ]
            ]
        ],
        "betas": [
            -0.029355928301811218,
            0.3519515097141266,
            0.46775028109550476,
            0.690090537071228,
            -0.033122479915618896,
            0.09892088919878006,
            0.011652171611785889,
            -0.05020177364349365,
            0.08512555807828903,
            -0.14471977949142456
        ]
    },
    "pred_cam_t": [
        -0.0009063016623258591,
        0.32259008288383484,
        27.402515411376953
    ],
    "focal_length": [
        5000.0,
        5000.0
    ],
    "pred_keypoints_3d": [
        [
            -0.028044983744621277,
            -0.865428626537323,
            -0.15785545110702515
        ],
        [
            -0.009257940575480461,
            -0.7525782585144043,
            0.003843829035758972
        ],
        [
            -0.1766257882118225,
            -0.6563044190406799,
            0.0661320835351944
        ],
        [
            -0.20480233430862427,
            -0.41928181052207947,
            0.14718738198280334
        ],
        [
            -0.2672584652900696,
            -0.1883533000946045,
            0.06304829567670822
        ],
        [
            0.1681557297706604,
            -0.6612491607666016,
            -0.002632284536957741
        ],
        [
            0.2249373495578766,
            -0.4217531085014343,
            0.07812085002660751
        ],
        [
            0.2713351845741272,
            -0.189559206366539,
            0.0055201128125190735
        ],
        [
            -0.0023471792228519917,
            -0.23022383451461792,
            0.02508208528161049
        ],
        [
            -0.06566303968429565,
            -0.13993734121322632,
            0.04207771271467209
        ],
        [
            -0.0796901136636734,
            0.2428414523601532,
            0.04702213406562805
        ],
        [
            -0.05647715926170349,
            0.44369974732398987,
            0.388944149017334
        ],
        [
            0.06599336862564087,
            -0.13976925611495972,
            0.03357883542776108
        ],
        [
            0.09806017577648163,
            0.2335992157459259,
            0.02893974259495735
        ],
        [
            0.09663358330726624,
            0.4396984279155731,
            0.3682714104652405
        ],
        [
            -0.06275148689746857,
            -0.9027293920516968,
            -0.12155759334564209
        ],
        [
            0.0028732866048812866,
            -0.9100738167762756,
            -0.12750954926013947
        ],
        [
            -0.09362727403640747,
            -0.8832690715789795,
            -0.02420879527926445
        ],
        [
            0.05018357187509537,
            -0.8995106816291809,
            -0.03830917179584503
        ],
        [
            0.08833102136850357,
            0.6153310537338257,
            0.2769566476345062
        ],
        [
            0.157499760389328,
            0.5866128206253052,
            0.31454601883888245
        ],
        [
            0.10704462230205536,
            0.41915932297706604,
            0.43553560972213745
        ],
        [
            -0.03744364529848099,
            0.6153446435928345,
            0.29474306106567383
        ],
        [
            -0.11304695904254913,
            0.5914852619171143,
            0.33007973432540894
        ],
        [
            -0.06388944387435913,
            0.4311235249042511,
            0.461368203163147
        ],
        [
            -0.08359960466623306,
            0.39515745639801025,
            0.36654287576675415
        ],
        [
            -0.07985518127679825,
            0.18503814935684204,
            0.033522672951221466
        ],
        [
            -0.14372463524341583,
            -0.26137447357177734,
            0.04196213185787201
        ],
        [
            0.13979892432689667,
            -0.2485935240983963,
            0.03273069113492966
        ],
        [
            0.10836121439933777,
            0.19669654965400696,
            0.019601037725806236
        ],
        [
            0.10772918909788132,
            0.3988777697086334,
            0.35808026790618896
        ],
        [
            -0.2566951811313629,
            -0.2150842398405075,
            0.04050175100564957
        ],
        [
            -0.23693202435970306,
            -0.4379481375217438,
            0.12950216233730316
        ],
        [
            -0.1446189433336258,
            -0.6876934766769409,
            0.054030366241931915
        ],
        [
            0.13825654983520508,
            -0.6942582130432129,
            0.0038613961078226566
        ],
        [
            0.2523455321788788,
            -0.44357120990753174,
            0.04041939601302147
        ],
        [
            0.27052363753318787,
            -0.20706160366535187,
            -0.0055851079523563385
        ],
        [
            -0.005902478471398354,
            -0.7469552755355835,
            0.007081289775669575
        ],
        [
            -0.025159697979688644,
            -0.9444890022277832,
            -0.046386584639549255
        ],
        [
            -0.001501880818977952,
            -0.25505170226097107,
            0.03719978779554367
        ],
        [
            -0.0046906135976314545,
            -0.6894579529762268,
            0.024458955973386765
        ],
        [
            -2.3152679204940796e-06,
            -0.5080889463424683,
            0.037261366844177246
        ],
        [
            -0.012667431496083736,
            -0.8386623859405518,
            -0.08178446441888809
        ],
        [
            -0.030882682651281357,
            -0.9630571603775024,
            -0.036619000136852264
        ]
    ],
    "pred_vertices": [
        [
            0.009340347722172737,
            -0.9565473794937134,
            -0.12817321717739105
        ],
        [
            0.004332670941948891,
            -0.9421485662460327,
            -0.13403397798538208
        ],
        [
            0.01608237251639366,
            -0.9395032525062561,
            -0.12633958458900452
        ],
        [
            0.021489299833774567,
            -0.9505900144577026,
            -0.11725133657455444
        ],
        [
            0.012806915678083897,
            -0.9305010437965393,
            -0.1317647248506546
        ],
        [
            0.0023247776553034782,
            -0.9307554960250854,
            -0.1378481686115265
        ],
        [
            0.024229012429714203,
            -0.934044361114502,
            -0.1165330559015274
        ],
        [
            0.029403433203697205,
            -0.9414228200912476,
            -0.10637412965297699
        ],
        [
            0.034544140100479126,
            -0.8995261192321777,
            -0.10660071671009064
        ],
        [
            0.039658911526203156,
            -0.8951331377029419,
            -0.09770018607378006
        ],
        [
            0.03819218650460243,
            -0.9068036079406738,
            -0.09885908663272858
        ],
        [
            0.03231941908597946,
            -0.9078275561332703,
            -0.10715658217668533
        ],
        [
            0.036545708775520325,
            -0.873306155204773,
            -0.10389629006385803
        ],
        [
            0.030630270019173622,
            -0.863716721534729,
            -0.11177101731300354
        ],
        [
            0.034618183970451355,
            -0.854620635509491,
            -0.10273091495037079
        ],
        [
            0.0394049808382988,
            -0.8636358380317688,
            -0.0939628928899765
        ],
        [
            -0.0043052854016423225,
            -0.8750848770141602,
            -0.13222455978393555
        ],
        [
            0.0017613768577575684,
            -0.8690426349639893,
            -0.13161501288414001
        ],
        [
            0.004893072880804539,
            -0.8760657906532288,
            -0.13078561425209045
        ],
        [
            -0.001813771203160286,
            -0.8812028765678406,
            -0.13107255101203918
        ],
        [
            -0.014808346517384052,
            -0.8836936950683594,
            -0.13784973323345184
        ],
        [
            -0.014142747968435287,
            -0.889163076877594,
            -0.13433128595352173
        ],
        [
            -0.019494829699397087,
            -0.8927314281463623,
            -0.1391480565071106
        ],
        [
            -0.01937062293291092,
            -0.8865889310836792,
            -0.14376944303512573
        ],
        [
            -0.009045187383890152,
            -0.8692719340324402,
            -0.13230487704277039
        ],
        [
            -0.0025179116055369377,
            -0.8630356788635254,
            -0.13132008910179138
        ],
        [
            -0.009600050747394562,
            -0.880339503288269,
            -0.13355275988578796
        ],
        [
            -0.011205649003386497,
            -0.8753518462181091,
            -0.1359277069568634
        ],
        [
            -0.014074558392167091,
            -0.8693445920944214,
            -0.14638108015060425
        ],
        [
            -0.013018053025007248,
            -0.8741233944892883,
            -0.14484912157058716
        ],
        [
            -0.01689276471734047,
            -0.8750028610229492,
            -0.15161526203155518
        ],
        [
            -0.01750757172703743,
            -0.8694019317626953,
            -0.15104857087135315
        ],
        [
            -0.010748278349637985,
            -0.8685297966003418,
            -0.13722467422485352
        ],
        [
            -0.010703724808990955,
            -0.8715840578079224,
            -0.14005394279956818
        ],
        [
            -0.012816201895475388,
            -0.8676990866661072,
            -0.14235524833202362
        ],
        [
            -0.013756047934293747,
            -0.8652983903884888,
            -0.1390334665775299
        ],
        [
            -0.01513709407299757,
            -0.8793354034423828,
            -0.1409497857093811
        ],
        [
            -0.018574073910713196,
            -0.8811913728713989,
            -0.14778152108192444
        ],
        [
            -0.023019157350063324,
            -0.8824441432952881,
            -0.15461742877960205
        ],
        [
            -0.021431460976600647,
            -0.8741631507873535,
            -0.1583111584186554
        ],
        [
            0.01424007024616003,
            -0.8563672304153442,
            -0.12616956233978271
        ],
        [
            0.00832994095981121,
            -0.8628973960876465,
            -0.13003763556480408
        ],
        [
            0.0038921544328331947,
            -0.8574540615081787,
            -0.13012787699699402
        ],
        [
            0.009318624623119831,
            -0.8522948026657104,
            -0.12766627967357635
        ],
        [
            -0.01209527999162674,
            -0.8621857762336731,
            -0.13568690419197083
        ],
        [
            -0.0068241506814956665,
            -0.8464456796646118,
            -0.13638535141944885
        ],
        [
            -0.006938138976693153,
            -0.8503711223602295,
            -0.13655874133110046
        ],
        [
            -0.01315690204501152,
            -0.8507039546966553,
            -0.14011844992637634
        ],
        [
            -0.012425106018781662,
            -0.8470962047576904,
            -0.13979783654212952
        ],
        [
            0.021090228110551834,
            -0.8421580791473389,
            -0.11787281930446625
        ],
        [
            0.015450619161128998,
            -0.8406318426132202,
            -0.12209904938936234
        ],
        [
            0.016697537153959274,
            -0.8336142301559448,
            -0.11953242123126984
        ],
        [
            0.021933220326900482,
            -0.8337481021881104,
            -0.11401094496250153
        ],
        [
            0.015059526078402996,
            -0.827511727809906,
            -0.11826448142528534
        ],
        [
            0.02163071557879448,
            -0.8255261182785034,
            -0.11076641082763672
        ],
        [
            0.014070417732000351,
            -0.8102626204490662,
            -0.11067871749401093
        ],
        [
            0.018114455044269562,
            -0.8170726299285889,
            -0.11042620241641998
        ],
        [
            0.011780647560954094,
            -0.821432888507843,
            -0.1186710000038147
        ],
        [
            0.007004012819379568,
            -0.8156718015670776,
            -0.12169894576072693
        ],
        [
            -0.005769259296357632,
            -0.8193365335464478,
            -0.12965740263462067
        ],
        [
            -0.01148368138819933,
            -0.817598283290863,
            -0.13205912709236145
        ],
        [
            -0.0056615835055708885,
            -0.8058233261108398,
            -0.13028599321842194
        ],
        [
            0.0006026932969689369,
            -0.8099013566970825,
            -0.12646839022636414
        ],
        [
            -0.006343469023704529,
            -0.8408800363540649,
            -0.13189144432544708
        ],
        [
            -0.002413395792245865,
            -0.8413095474243164,
            -0.12925027310848236
        ],
        [
            -0.00238896906375885,
            -0.8428815603256226,
            -0.1315709352493286
        ],
        [
            -0.006615271791815758,
            -0.8435630798339844,
            -0.13470380008220673
        ],
        [
            0.0011568283662199974,
            -0.8414566516876221,
            -0.12740390002727509
        ],
        [
            0.002823042683303356,
            -0.8413911461830139,
            -0.12670376896858215
        ],
        [
            0.002439531497657299,
            -0.8426881432533264,
            -0.12797832489013672
        ],
        [
            0.0009734341874718666,
            -0.8422211408615112,
            -0.12812203168869019
        ],
        [
            -0.0009003244340419769,
            -0.8416346311569214,
            -0.12863999605178833
        ],
        [
            -0.0016925809904932976,
            -0.8395575284957886,
            -0.1290118396282196
        ],
        [
            0.0003843028098344803,
            -0.8405439853668213,
            -0.1278480589389801
        ],
        [
            -0.005141331814229488,
            -0.8383442163467407,
            -0.1316998451948166
        ],
        [
            -0.0176067054271698,
            -0.8345752358436584,
            -0.13878031075000763
        ],
        [
            -0.013763520866632462,
            -0.8357729911804199,
            -0.137567937374115
        ],
        [
            -0.015575502067804337,
            -0.8400925397872925,
            -0.13661691546440125
        ],
        [
            -0.018886905163526535,
            -0.8392866849899292,
            -0.1376279592514038
        ],
        [
            0.00050316471606493,
            -0.8439985513687134,
            -0.12991535663604736
        ],
        [
            0.002917577512562275,
            -0.8462352752685547,
            -0.12939174473285675
        ],
        [
            -0.0010669650509953499,
            -0.8485928773880005,
            -0.13274997472763062
        ],
        [
            -0.001961055211722851,
            -0.8456627726554871,
            -0.13212265074253082
        ],
        [
            0.005433740559965372,
            -0.848463773727417,
            -0.12922340631484985
        ],
        [
            0.00459855142980814,
            -0.8441324234008789,
            -0.12741337716579437
        ],
        [
            0.007530766539275646,
            -0.8448876142501831,
            -0.12683096528053284
        ],
        [
            0.0024583199992775917,
            -0.8395284414291382,
            -0.12665650248527527
        ],
        [
            0.005328435450792313,
            -0.8381497859954834,
            -0.12522335350513458
        ],
        [
            0.005587868858128786,
            -0.8409198522567749,
            -0.12625113129615784
        ],
        [
            0.0036854520440101624,
            -0.8346312046051025,
            -0.1256597489118576
        ],
        [
            0.00022741220891475677,
            -0.8373357653617859,
            -0.12768308818340302
        ],
        [
            -0.003085106611251831,
            -0.8351025581359863,
            -0.13034169375896454
        ],
        [
            -0.007540598511695862,
            -0.8329983949661255,
            -0.13367490470409393
        ],
        [
            -0.004585582762956619,
            -0.8283898830413818,
            -0.13065367937088013
        ],
        [
            0.00024546030908823013,
            -0.8312569856643677,
            -0.1277875304222107
        ],
        [
            0.0004859939217567444,
            -0.8523813486099243,
            -0.13195139169692993
        ],
        [
            0.009855684824287891,
            -0.8407118320465088,
            -0.12447188794612885
        ],
        [
            0.012685488909482956,
            -0.847418487071991,
            -0.1246614009141922
        ],
        [
            0.010266701690852642,
            -0.8358312845230103,
            -0.12332864105701447
        ],
        [
            0.008692020550370216,
            -0.8310767412185669,
            -0.1229286938905716
        ],
        [
            0.005049027968198061,
            -0.8265561461448669,
            -0.12399432063102722
        ],
        [
            -0.0001242300495505333,
            -0.8225833177566528,
            -0.12696541845798492
        ],
        [
            -0.0020538195967674255,
            -0.7973560690879822,
            -0.118855781853199
        ],
        [
            0.005833132658153772,
            -0.8029853105545044,
            -0.11543519794940948
        ],
        [
            0.0010459329932928085,
            -0.9236301183700562,
            -0.13491404056549072
        ],
        [
            0.009810144081711769,
            -0.9233296513557434,
            -0.13261137902736664
        ],
        [
            0.011183815076947212,
            -0.915748655796051,
            -0.12760576605796814
        ],
        [
            0.012810645624995232,
            -0.9187740683555603,
            -0.12750394642353058
        ],
        [
            0.007269010413438082,
            -0.9191023111343384,
            -0.13064870238304138
        ],
        [
            0.007090994156897068,
            -0.9162774085998535,
            -0.12991337478160858
        ],
        [
            0.02592601254582405,
            -0.909477949142456,
            -0.11290349066257477
        ],
        [
            0.020836127921938896,
            -0.9108662605285645,
            -0.11734272539615631
        ],
        [
            0.021557537838816643,
            -0.9071081280708313,
            -0.11578952521085739
        ],
        [
            0.028153829276561737,
            -0.9031124114990234,
            -0.11220656335353851
        ],
        [
            0.01456073485314846,
            -0.8987339735031128,
            -0.12250730395317078
        ],
        [
            0.018777744844555855,
            -0.9004347324371338,
            -0.1193726658821106
        ],
        [
            0.014415847137570381,
            -0.9067468643188477,
            -0.12205104529857635
        ],
        [
            0.011345811188220978,
            -0.9055619239807129,
            -0.12437357753515244
        ],
        [
            0.007590961642563343,
            -0.9047355651855469,
            -0.12625961005687714
        ],
        [
            0.003317267633974552,
            -0.9043982028961182,
            -0.1272401511669159
        ],
        [
            0.004070760682225227,
            -0.898963212966919,
            -0.12670959532260895
        ],
        [
            0.009293565526604652,
            -0.8984954357147217,
            -0.12508702278137207
        ],
        [
            0.0007115872576832771,
            -0.9196372628211975,
            -0.13180747628211975
        ],
        [
            -0.006393192335963249,
            -0.9182490110397339,
            -0.13118425011634827
        ],
        [
            -0.004681026563048363,
            -0.9152839779853821,
            -0.1305849552154541
        ],
        [
            0.001326688565313816,
            -0.9164108037948608,
            -0.13141940534114838
        ],
        [
            -0.013930162414908409,
            -0.9078596830368042,
            -0.12506036460399628
        ],
        [
            -0.012988356873393059,
            -0.9104673862457275,
            -0.12616509199142456
        ],
        [
            -0.016662944108247757,
            -0.9115594029426575,
            -0.12734171748161316
        ],
        [
            -0.017067929729819298,
            -0.9069207906723022,
            -0.12640884518623352
        ],
        [
            -0.014569995924830437,
            -0.9040235280990601,
            -0.12654328346252441
        ],
        [
            -0.012535911053419113,
            -0.906244695186615,
            -0.12558086216449738
        ],
        [
            -0.0011276369914412498,
            -0.9770443439483643,
            -0.1259826123714447
        ],
        [
            -0.005259284749627113,
            -0.959703803062439,
            -0.1342182606458664
        ],
        [
            0.014941356144845486,
            -0.9713178277015686,
            -0.11436010897159576
        ],
        [
            0.025877295061945915,
            -0.9618896245956421,
            -0.10359599441289902
        ],
        [
            0.03457685559988022,
            -0.9492243528366089,
            -0.09441135823726654
        ],
        [
            0.02789941430091858,
            -0.8471261858940125,
            -0.11111126840114594
        ],
        [
            0.030292320996522903,
            -0.8381484150886536,
            -0.10501868277788162
        ],
        [
            0.037702351808547974,
            -0.8460126519203186,
            -0.09357597678899765
        ],
        [
            0.03690791502594948,
            -0.8352785110473633,
            -0.08849026262760162
        ],
        [
            0.02946089766919613,
            -0.8274506330490112,
            -0.10088536143302917
        ],
        [
            0.017653854563832283,
            -0.8077445030212402,
            -0.09723280370235443
        ],
        [
            0.025421056896448135,
            -0.8166813254356384,
            -0.09838050603866577
        ],
        [
            0.03306636959314346,
            -0.8245872259140015,
            -0.08261723071336746
        ],
        [
            0.040226731449365616,
            -0.8376349210739136,
            -0.0681060403585434
        ],
        [
            0.04219432175159454,
            -0.8453179001808167,
            -0.07651767134666443
        ],
        [
            0.04312625899910927,
            -0.8532617092132568,
            -0.05571812018752098
        ],
        [
            0.035840243101119995,
            -0.8298494815826416,
            -0.0562409982085228
        ],
        [
            0.04036499932408333,
            -0.8519234657287598,
            -0.04712890088558197
        ],
        [
            0.02263198047876358,
            -0.7918754816055298,
            -0.05801018327474594
        ],
        [
            0.0255863219499588,
            -0.7799389362335205,
            -0.05385274440050125
        ],
        [
            0.03770851716399193,
            -0.7880771160125732,
            -0.04194951802492142
        ],
        [
            0.03524646908044815,
            -0.7999482154846191,
            -0.04602949321269989
        ],
        [
            0.042120516300201416,
            -0.854218602180481,
            -0.08452862501144409
        ],
        [
            0.03923347592353821,
            -0.9178140163421631,
            -0.09125520288944244
        ],
        [
            0.03470158949494362,
            -0.9171350598335266,
            -0.10205665230751038
        ],
        [
            0.04218355938792229,
            -0.9048925042152405,
            -0.08795449137687683
        ],
        [
            0.037064388394355774,
            -0.9762422442436218,
            -0.07267360389232635
        ],
        [
            0.0319233238697052,
            -0.9716973900794983,
            -0.08980263769626617
        ],
        [
            0.04012145847082138,
            -0.956501841545105,
            -0.08322060108184814
        ],
        [
            0.04439735412597656,
            -0.9631252288818359,
            -0.06794080138206482
        ],
        [
            0.006392487324774265,
            -1.0078790187835693,
            -0.08022481948137283
        ],
        [
            0.004325562156736851,
            -0.9955000281333923,
            -0.10501706600189209
        ],
        [
            0.017351599410176277,
            -0.9848139882087708,
            -0.09798990190029144
        ],
        [
            0.02115590125322342,
            -0.994789719581604,
            -0.07801538705825806
        ],
        [
            0.046566955745220184,
            -0.964826762676239,
            -0.05494584143161774
        ],
        [
            0.0480758398771286,
            -0.9659478664398193,
            -0.036519985646009445
        ],
        [
            0.04328620433807373,
            -0.9814636707305908,
            -0.02965836599469185
        ],
        [
            0.039688773453235626,
            -0.9813481569290161,
            -0.05195236951112747
        ],
        [
            0.029651928693056107,
            -1.0005412101745605,
            -0.022278152406215668
        ],
        [
            0.02603941783308983,
            -1.0011751651763916,
            -0.04953708499670029
        ],
        [
            0.04043186455965042,
            -0.8384538888931274,
            -0.0366034209728241
        ],
        [
            0.04021797329187393,
            -0.8565046191215515,
            -0.03449687361717224
        ],
        [
            0.03261362016201019,
            -0.8137679696083069,
            -0.0521509014070034
        ],
        [
            0.04074063524603844,
            -0.8219509720802307,
            -0.036639682948589325
        ],
        [
            0.010639690794050694,
            -1.014228105545044,
            -0.016010887920856476
        ],
        [
            0.007219136692583561,
            -1.016083002090454,
            -0.048544831573963165
        ],
        [
            0.042644716799259186,
            -0.9428726434707642,
            0.012813985347747803
        ],
        [
            0.04305412620306015,
            -0.9609235525131226,
            0.004517994821071625
        ],
        [
