{
    "pred_cam": [
        1.456200361251831,
        0.005116501823067665,
        0.3293490409851074
    ],
    "pred_smpl_params": {
        "global_orient": [
            [
                [
                    0.9953649044036865,
                    0.0021094658877700567,
                    -0.09614759683609009
                ],
                [
                    0.008381706662476063,
                    -0.9978579878807068,
                    0.06487855315208435
                ],
                [
                    -0.09580478072166443,
                    -0.06538370996713638,
                    -0.9932504892349243
                ]
            ]
        ],
        "body_pose": [
            [
                [
                    0.9998692274093628,
                    0.0014602240407839417,
                    0.01610281504690647
                ],
                [
                    -0.002316243713721633,
                    0.9985775351524353,
                    0.053269967436790466
                ],
                [
                    -0.016002120450139046,
                    -0.05330030247569084,
                    0.9984503388404846
                ]
            ],
            [
                [
                    0.9955413341522217,
                    -0.06901540607213974,
                    0.06429816782474518
                ],
                [
                    0.06525035947561264,
                    0.9961276650428772,
                    0.05892451852560043
                ],
                [
                    -0.06811588257551193,
                    -0.05446632206439972,
                    0.996189534664154
                ]
            ],
            [
                [
                    0.9990721344947815,
                    0.0014395643956959248,
                    -0.04304492846131325
                ],
                [
                    -0.0033148692455142736,
                    0.999046802520752,
                    -0.04352627694606781
                ],
                [
                    0.04294123500585556,
                    0.04362857714295387,
                    0.9981245994567871
                ]
            ],
            [
                [
                    0.9855915904045105,
                    0.05235518515110016,
                    -0.1608358770608902
                ],
                [
                    -0.16128243505954742,
                    0.5773998498916626,
                    -0.800373375415802
                ],
                [
                    0.050962895154953,
                    0.8147812485694885,
                    0.5775244235992432
                ]
            ],
            [
                [
                    0.9832136631011963,
                    0.02335178852081299,
                    0.1809578388929367
                ],
                [
                    0.1365862488746643,
                    0.5633827447891235,
                    -0.8148276805877686
                ],
                [
                    -0.12097620964050293,
                    0.8258659243583679,
                    0.5507360696792603
                ]
            ],
            [
                [
                    0.9992511868476868,
                    -0.011569804511964321,
                    -0.036920905113220215
                ],
                [
                    0.014395255595445633,
                    0.9969114661216736,
                    0.07720307260751724
                ],
                [
                    0.03591364994645119,
                    -0.07767675071954727,
                    0.996331512928009
                ]
            ],
            [
                [
                    0.9756620526313782,
                    0.028110327199101448,
                    0.21747007966041565
                ],
                [
                    -0.04660467803478241,
                    0.9956735968589783,
                    0.0803869366645813
                ],
                [
                    -0.2142695188522339,
                    -0.08856562525033951,
                    0.9727510213851929
                ]
            ],
            [
                [
                    0.9734174013137817,
                    -0.001089210738427937,
                    -0.22903534770011902
                ],
                [
                    0.023064540699124336,
                    0.9953716397285461,
                    0.0932922437787056
                ],
                [
                    0.22787363827228546,
                    -0.09609489887952805,
                    0.9689372181892395
                ]
            ],
            [
                [
                    0.9989176392555237,
                    -0.0126941604539752,
                    -0.04474859684705734
                ],
                [
                    0.007632710505276918,
                    0.9937334060668945,
                    -0.11151549220085144
                ],
                [
                    0.045883771032094955,
                    0.1110532358288765,
                    0.9927546977996826
                ]
            ],
            [
                [
                    0.990526556968689,
                    -0.1195167526602745,
                    -0.06762339174747467
                ],
                [
                    0.13062821328639984,
                    0.971945583820343,
                    0.195596843957901
                ],
                [
                    0.04234914854168892,
                    -0.2025773823261261,
                    0.9783501625061035
                ]
            ],
            [
                [
                    0.9895656704902649,
                    0.1087225005030632,
                    0.0945475772023201
                ],
                [
                    -0.12628254294395447,
                    0.9704077839851379,
                    0.20581892132759094
                ],
                [
                    -0.06937255710363388,
                    -0.2156110405921936,
                    0.9740119576454163
                ]
            ],
            [
                [
                    0.9938235878944397,
                    -0.05567525699734688,
                    0.09599419683218002
                ],
                [
                    0.04196913167834282,
                    0.9893590211868286,
                    0.13930964469909668
                ],
                [
                    -0.10272883623838425,
                    -0.13442042469978333,
                    0.9855849742889404
                ]
            ],
            [
                [
                    0.9332399368286133,
                    0.3460945188999176,
                    0.0963425487279892
                ],
                [
                    -0.3374266028404236,
                    0.9364832639694214,
                    -0.095614954829216
                ],
                [
                    -0.12331501394510269,
                    0.05672314763069153,
                    0.9907450675964355
                ]
            ],
            [
                [
                    0.9341157078742981,
                    -0.3304414749145508,
                    -0.1350417137145996
                ],
                [
                    0.32411831617355347,
                    0.9436382055282593,
                    -0.06703983247280121
                ],
                [
                    0.14958325028419495,
                    0.01885347068309784,
                    0.9885693788528442
                ]
            ],
            [
                [
                    0.9981379508972168,
                    -0.01766373962163925,
                    0.05838288739323616
                ],
                [
                    0.026555491611361504,
                    0.9875214695930481,
                    -0.15522930026054382
                ],
                [
                    -0.05491242557764053,
                    0.15649065375328064,
                    0.9861517548561096
                ]
            ],
            [
                [
                    0.4997030794620514,
                    0.8482757210731506,
                    -0.17528559267520905
                ],
                [
                    -0.8661654591560364,
                    0.48762795329093933,
                    -0.10943621397018433
                ],
                [
                    -0.007357928901910782,
                    0.2065119594335556,
                    0.9784163236618042
                ]
            ],
            [
                [
                    0.5293291807174683,
                    -0.8215717673301697,
                    0.21173201501369476
                ],
                [
                    0.8483923077583313,
                    0.5144519805908203,
                    -0.12477845698595047
                ],
                [
                    -0.006411501206457615,
                    0.24568068981170654,
                    0.9693295955657959
                ]
            ],
            [
                [
                    0.8441638946533203,
                    -0.16990512609481812,
                    -0.5084481835365295
                ],
                [
                    0.06032581254839897,
                    0.9725294709205627,
                    -0.22482699155807495
                ],
                [
                    0.532680094242096,
                    0.15911827981472015,
                    0.8312239050865173
                ]
            ],
            [
                [
                    0.792689323425293,
                    0.18127477169036865,
                    0.5820508599281311
                ],
                [
                    -0.05911513417959213,
                    0.9731243848800659,
                    -0.22256305813789368
                ],
                [
                    -0.6067529916763306,
                    0.14201533794403076,
                    0.7821013927459717
                ]
            ],
            [
                [
                    0.9993897676467896,
                    0.03363500162959099,
                    0.009411394596099854
                ],
                [
                    -0.03287329897284508,
                    0.9968711137771606,
                    -0.07188420742750168
                ],
                [
                    -0.011799774132668972,
                    0.07153097540140152,
                    0.9973684549331665
                ]
            ],
            [
                [
                    0.9992223978042603,
                    -0.0317617766559124,
                    -0.02336345799267292
                ],
                [
                    0.030244270339608192,
                    0.9975762963294983,
                    -0.0626637190580368
                ],
                [
                    0.025297144427895546,
                    0.061908379197120667,
                    0.9977611899375916
                ]
            ],
            [
                [
                    0.9741242527961731,
                    0.21395379304885864,
                    -0.07284079492092133
                ],
                [
                    -0.20036649703979492,
                    0.9666221141815186,
                    0.1596716046333313
                ],
                [
                    0.1045718640089035,
                    -0.14094512164592743,
                    0.9844791889190674
                ]
            ],
            [
                [
                    0.9747419357299805,
                    -0.2182491272687912,
                    0.04738566651940346
                ],
                [
                    0.20875594019889832,
                    0.9657720327377319,
                    0.15396526455879211
                ],
                [
                    -0.0793665423989296,
                    -0.14018437266349792,
                    0.9869393110275269
                ]
            ]
        ],
        "betas": [
            -0.051590919494628906,
            0.35799530148506165,
            0.5569460391998291,
            0.8084509372711182,
            -0.04236084222793579,
            0.10619819909334183,
            0.017771214246749878,
            -0.04713192582130432,
            0.08185453712940216,
            -0.13986092805862427
        ]
    },
    "pred_cam_t": [
        0.005116501823067665,
        0.3293490409851074,
        26.824949264526367
    ],
    "focal_length": [
        5000.0,
        5000.0
    ],
    "pred_keypoints_3d": [
        [
            -0.020956752821803093,
            -0.8695005774497986,
            -0.1530943512916565
        ],
        [
            -0.001101351110264659,
            -0.7555899620056152,
            0.008006585761904716
        ],
        [
            -0.16575412452220917,
            -0.6615848541259766,
            0.0790451243519783
        ],
        [
            -0.19088077545166016,
            -0.42682021856307983,
            0.16458606719970703
        ],
        [
            -0.2610909938812256,
            -0.2004479169845581,
            0.07687502354383469
        ],
        [
            0.17458423972129822,
            -0.6628409028053284,
            -0.0067429319024086
        ],
        [
            0.22789311408996582,
            -0.42413634061813354,
            0.07582816481590271
        ],
        [
            0.2539025545120239,
            -0.19326363503932953,
            -0.00761626660823822
        ],
        [
            -0.002423240803182125,
            -0.2314050793647766,
            0.024897966533899307
        ],
        [
            -0.0665728822350502,
            -0.1420559287071228,
            0.04283648356795311
        ],
        [
            -0.0814017802476883,
            0.23951977491378784,
            0.052548013627529144
        ],
        [
            -0.05944380164146423,
            0.4229423999786377,
            0.4026198089122772
        ],
        [
            0.06445790827274323,
            -0.13995344936847687,
            0.03266329690814018
        ],
        [
            0.09649962186813354,
            0.23225031793117523,
            0.03634725883603096
        ],
        [
            0.09474311769008636,
            0.4186559021472931,
            0.3852746784687042
        ],
        [
            -0.0550982728600502,
            -0.9069337248802185,
            -0.11636602133512497
        ],
        [
            0.010466272011399269,
            -0.9139288663864136,
            -0.12288069725036621
        ],
        [
            -0.08519941568374634,
            -0.8872709274291992,
            -0.018749024718999863
        ],
        [
            0.0585152842104435,
            -0.9027531147003174,
            -0.03423532843589783
        ],
        [
            0.08486996591091156,
            0.5981123447418213,
            0.3030657172203064
        ],
        [
            0.15414775907993317,
            0.5681212544441223,
            0.33919551968574524
        ],
        [
            0.10555347800254822,
            0.39470988512039185,
            0.45136839151382446
        ],
        [
            -0.04159791022539139,
            0.59776771068573,
            0.3152628540992737
        ],
        [
            -0.11696519702672958,
            0.5720544457435608,
            0.3497093617916107
        ],
        [
            -0.06648434698581696,
            0.4075160026550293,
            0.4744418263435364
        ],
        [
            -0.08624649047851562,
            0.37558817863464355,
            0.37824612855911255
        ],
        [
            -0.08151605725288391,
            0.182786226272583,
            0.038087792694568634
        ],
        [
            -0.1428283452987671,
            -0.26447975635528564,
            0.04330628737807274
        ],
        [
            0.139363631606102,
            -0.24775314331054688,
            0.030319519340991974
        ],
        [
            0.10681064426898956,
            0.19614830613136292,
            0.02599918469786644
        ],
        [
            0.10616454482078552,
            0.37858548760414124,
            0.3730494976043701
        ],
        [
            -0.2511736750602722,
            -0.22789959609508514,
            0.05463186278939247
        ],
        [
            -0.22392180562019348,
            -0.44576704502105713,
            0.14839911460876465
        ],
        [
            -0.1341332197189331,
            -0.6924152970314026,
            0.06489033997058868
        ],
        [
            0.14520913362503052,
            -0.6961854696273804,
            0.0014473018236458302
        ],
        [
            0.2532613277435303,
            -0.44462937116622925,
            0.035867176949977875
        ],
        [
            0.25291427969932556,
            -0.21136069297790527,
            -0.0179919246584177
        ],
        [
            0.0024485797621309757,
            -0.7502644062042236,
            0.011353138834238052
        ],
        [
            -0.016585243865847588,
            -0.9482630491256714,
            -0.04141043499112129
        ],
        [
            -0.00124428141862154,
            -0.2560899555683136,
            0.03658768907189369
        ],
        [
            0.0037492476403713226,
            -0.692789614200592,
            0.028624366968870163
        ],
        [
            0.006320469081401825,
            -0.5104115605354309,
            0.0390368290245533
        ],
        [
            -0.005132357124239206,
            -0.8424621820449829,
            -0.07718035578727722
        ],
        [
            -0.022077510133385658,
            -0.9668374061584473,
            -0.03156488388776779
        ]
    ],
    "pred_vertices": [
        [
            0.01728280633687973,
            -0.9602073431015015,
            -0.12359708547592163
        ],
        [
            0.012135110795497894,
            -0.9459025859832764,
            -0.1294260025024414
        ],
        [
            0.023936457931995392,
            -0.943141520023346,
            -0.12184096872806549
        ],
        [
            0.02947906404733658,
            -0.954174280166626,
            -0.11279221624135971
        ],
        [
            0.020530832931399345,
            -0.9342167973518372,
            -0.12722209095954895
        ],
        [
            0.009984377771615982,
            -0.9345206618309021,
            -0.1332031488418579
        ],
        [
            0.032143883407115936,
            -0.9376093149185181,
            -0.11213022470474243
        ],
        [
            0.037398599088191986,
            -0.9449933767318726,
            -0.10199859738349915
        ],
        [
            0.042285606265068054,
            -0.9031115770339966,
            -0.10236682742834091
        ],
        [
            0.04744410514831543,
            -0.8986649513244629,
            -0.09353853762149811
        ],
        [
            0.04604947566986084,
            -0.9102823734283447,
            -0.09465216845273972
        ],
        [
            0.04012169688940048,
            -0.9113581776618958,
            -0.10285910218954086
        ],
        [
            0.044146738946437836,
            -0.8769021034240723,
            -0.09976863861083984
        ],
        [
            0.03807951882481575,
            -0.867362380027771,
            -0.10759536921977997
        ],
        [
            0.042104050517082214,
            -0.8582212924957275,
            -0.09866003692150116
        ],
        [
            0.04704155772924423,
            -0.8671735525131226,
            -0.08993557840585709
        ],
        [
            0.003041793592274189,
            -0.8790281414985657,
            -0.12763169407844543
        ],
        [
            0.00907532125711441,
            -0.8729413747787476,
            -0.1271040439605713
        ],
        [
            0.01224667951464653,
            -0.8799368143081665,
            -0.12628917396068573
        ],
        [
            0.005570034496486187,
            -0.8851107358932495,
            -0.12648972868919373
        ],
        [
            -0.00745774619281292,
            -0.8876539468765259,
            -0.1331348717212677
        ],
        [
            -0.006735490635037422,
            -0.8931015729904175,
            -0.12960472702980042
        ],
        [
            -0.012096825987100601,
            -0.8967186212539673,
            -0.13436320424079895
        ],
        [
            -0.012044573202729225,
            -0.8905978798866272,
            -0.13900932669639587
        ],
        [
            -0.0017206966876983643,
            -0.8732460737228394,
            -0.12767720222473145
        ],
        [
            0.004771239124238491,
            -0.8669677972793579,
            -0.12676237523555756
        ],
        [
            -0.002228517085313797,
            -0.8843061923980713,
            -0.12889987230300903
        ],
        [
            -0.0038870181888341904,
            -0.8792963027954102,
            -0.1312669813632965
        ],
        [
            -0.0068612415343523026,
            -0.8733459711074829,
            -0.14171725511550903
        ],
        [
            -0.005774246528744698,
            -0.878105878829956,
            -0.14017972350120544
        ],
        [
            -0.009700769558548927,
            -0.8790197372436523,
            -0.14691162109375
        ],
        [
            -0.010336091741919518,
            -0.87342369556427,
            -0.14636299014091492
        ],
        [
            -0.0034625958651304245,
            -0.8724687099456787,
            -0.13258929550647736
        ],
        [
            -0.003426419571042061,
            -0.8755295276641846,
            -0.13541361689567566
        ],
        [
            -0.005581654608249664,
            -0.8716692924499512,
            -0.13770757615566254
        ],
        [
            -0.0065036192536354065,
            -0.8692710995674133,
            -0.1343759298324585
        ],
        [
            -0.007839096710085869,
            -0.8833039999008179,
            -0.1362423151731491
        ],
        [
            -0.011311417445540428,
            -0.8852070569992065,
            -0.14304251968860626
        ],
        [
            -0.015807395800948143,
            -0.8865084648132324,
            -0.14983752369880676
        ],
        [
            -0.01429607905447483,
            -0.8782051205635071,
            -0.15357065200805664
        ],
        [
            0.021525394171476364,
            -0.8601733446121216,
            -0.12182841449975967
        ],
        [
            0.015621259808540344,
            -0.8667452335357666,
            -0.1256171315908432
        ],
        [
            0.011150689795613289,
            -0.8613470792770386,
            -0.1256578266620636
        ],
        [
            0.016564825549721718,
            -0.8561481833457947,
            -0.12327402830123901
        ],
        [
            -0.004840949550271034,
            -0.866134762763977,
            -0.13105151057243347
        ],
        [
            0.0003103874623775482,
            -0.8503702878952026,
            -0.13184727728366852
        ],
        [
            0.00022353604435920715,
            -0.8542923927307129,
            -0.13200436532497406
        ],
        [
            -0.006016667932271957,
            -0.854669988155365,
            -0.13549873232841492
        ],
        [
            -0.005312636494636536,
            -0.8510640263557434,
            -0.1351935863494873
        ],
        [
            0.028367582708597183,
            -0.8458939790725708,
            -0.11367245763540268
        ],
        [
            0.02268090657889843,
            -0.8444322347640991,
            -0.11782035231590271
        ],
        [
            0.023911647498607635,
            -0.8373897075653076,
            -0.1153031438589096
        ],
        [
            0.029189620167016983,
            -0.8374643325805664,
            -0.10985331237316132
        ],
        [
            0.022250592708587646,
            -0.8312983512878418,
            -0.11403200775384903
        ],
        [
            0.02887694537639618,
            -0.8292291164398193,
            -0.10663357377052307
        ],
        [
            0.02119504101574421,
            -0.8140016198158264,
            -0.10653183609247208
        ],
        [
            0.025295348837971687,
            -0.820785641670227,
            -0.10628952831029892
        ],
        [
            0.01892312429845333,
            -0.8252348899841309,
            -0.11443160474300385
        ],
        [
            0.0140792615711689,
            -0.8195043802261353,
            -0.11745014041662216
        ],
        [
            0.0012423042207956314,
            -0.8232671618461609,
            -0.12525680661201477
        ],
        [
            -0.0045001450926065445,
            -0.8215831518173218,
            -0.12760332226753235
        ],
        [
            0.0012506544589996338,
            -0.8097563982009888,
            -0.12595698237419128
        ],
        [
            0.007600526325404644,
            -0.8137876391410828,
            -0.12218774855136871
        ],
        [
            0.000799328088760376,
            -0.8448443412780762,
            -0.12738481163978577
        ],
        [
            0.004753749817609787,
            -0.8452417850494385,
            -0.12477996200323105
        ],
        [
            0.004762020893394947,
            -0.846820056438446,
            -0.12709484994411469
        ],
        [
            0.0005145799368619919,
            -0.8475362062454224,
            -0.13018569350242615
        ],
        [
            0.00832457933574915,
            -0.8453679084777832,
            -0.12295398116111755
        ],
        [
            0.00999835692346096,
            -0.8452932834625244,
            -0.12226657569408417
        ],
        [
            0.009609990753233433,
            -0.8465975522994995,
            -0.12353453785181046
        ],
        [
            0.008141723461449146,
            -0.8461297750473022,
            -0.12367147207260132
        ],
        [
            0.006264237686991692,
            -0.8455537557601929,
            -0.12417919188737869
        ],
        [
            0.005467060953378677,
            -0.8434762954711914,
            -0.12456007301807404
        ],
        [
            0.007550272159278393,
            -0.8444580435752869,
            -0.12339963763952255
        ],
        [
            0.0019909292459487915,
            -0.8422901630401611,
            -0.1272238940000534
        ],
        [
            -0.01056898944079876,
            -0.838588535785675,
            -0.13414376974105835
        ],
        [
            -0.006700489670038223,
            -0.8398034572601318,
            -0.13298873603343964
        ],
        [
            -0.008473975583910942,
            -0.8441284894943237,
            -0.13201254606246948
        ],
        [
            -0.011804712936282158,
            -0.8432949781417847,
            -0.13298070430755615
        ],
        [
            0.007663951255381107,
            -0.8478679656982422,
            -0.125448539853096
        ],
        [
            0.010107606649398804,
            -0.8501439094543457,
            -0.12494587898254395
        ],
        [
            0.006119539961218834,
            -0.8525254726409912,
            -0.12827354669570923
        ],
        [
            0.005206846632063389,
            -0.8496019244194031,
            -0.1276417076587677
        ],
        [
            0.012640552595257759,
            -0.8523474931716919,
            -0.12479639053344727
        ],
        [
            0.011784959584474564,
            -0.8480284810066223,
            -0.12298339605331421
        ],
        [
            0.0147217633202672,
            -0.8487259149551392,
            -0.1224183440208435
        ],
        [
            0.00962462555617094,
            -0.843425989151001,
            -0.12222759425640106
        ],
        [
            0.0124968271702528,
            -0.8420305252075195,
            -0.12082236260175705
        ],
        [
            0.012761984020471573,
            -0.8448073267936707,
            -0.12183721363544464
        ],
        [
            0.010837014764547348,
            -0.8385109901428223,
            -0.12127096951007843
        ],
        [
            0.0073807332664728165,
            -0.8412414193153381,
            -0.12325306236743927
        ],
        [
            0.004035924561321735,
            -0.8390311002731323,
            -0.12589707970619202
        ],
        [
            -0.00046715885400772095,
            -0.8369622230529785,
            -0.12918886542320251
        ],
        [
            0.002481311559677124,
            -0.8323239684104919,
            -0.12621793150901794
        ],
        [
            0.007360078394412994,
            -0.8351551294326782,
            -0.1233898401260376
        ],
        [
            0.007700622081756592,
            -0.8562605381011963,
            -0.12746551632881165
        ],
        [
            0.01704966090619564,
            -0.8445667028427124,
            -0.12010595947504044
        ],
        [
            0.01993091031908989,
            -0.8512498140335083,
            -0.12031961232423782
        ],
        [
            0.01744549348950386,
            -0.8396719694137573,
            -0.11899269372224808
        ],
        [
            0.015851465985178947,
            -0.834916889667511,
            -0.11860477179288864
        ],
        [
            0.012165176682174206,
            -0.8304258584976196,
            -0.11965103447437286
        ],
        [
            0.006929771974682808,
            -0.8264728784561157,
            -0.12260720133781433
        ],
        [
            0.004866273142397404,
            -0.801222562789917,
            -0.11458247900009155
        ],
        [
            0.01283859834074974,
            -0.8067970871925354,
            -0.11122894287109375
        ],
        [
            0.00866852980107069,
            -0.9274648427963257,
            -0.13025103509426117
        ],
        [
            0.017437856644392014,
            -0.9270848631858826,
            -0.12803915143013
        ],
        [
            0.018796920776367188,
            -0.9195125102996826,
            -0.12303581833839417
        ],
        [
            0.020456787198781967,
            -0.9225716590881348,
            -0.12296256422996521
        ],
        [
            0.014884814620018005,
            -0.9228782653808594,
            -0.1260450929403305
        ],
        [
            0.01468496210873127,
            -0.9200799465179443,
            -0.12530410289764404
        ],
        [
            0.0336700901389122,
            -0.9130715131759644,
            -0.1085299625992775
        ],
        [
            0.028532516211271286,
            -0.914517879486084,
            -0.11289684474468231
        ],
        [
            0.029238902032375336,
            -0.9107643961906433,
            -0.11135777086019516
        ],
        [
            0.035856761038303375,
            -0.9067221283912659,
            -0.10786867141723633
        ],
        [
            0.022123344242572784,
            -0.9024473428726196,
            -0.11803187429904938
        ],
        [
            0.026383012533187866,
            -0.9041198492050171,
            -0.11493083089590073
        ],
        [
            0.02203950099647045,
            -0.9104551076889038,
            -0.1175478994846344
        ],
        [
            0.018933428451418877,
            -0.9092918634414673,
            -0.11983505636453629
        ],
        [
            0.015159007161855698,
            -0.9084926843643188,
            -0.12169329077005386
        ],
        [
            0.010869625024497509,
            -0.9081909656524658,
            -0.12262637913227081
        ],
        [
            0.011588501743972301,
            -0.9027374386787415,
            -0.12211918830871582
        ],
        [
            0.016828792169690132,
            -0.9022318720817566,
            -0.12054868042469025
        ],
        [
            0.008320908062160015,
            -0.9234569072723389,
            -0.12712621688842773
        ],
        [
            0.00122031569480896,
            -0.9221261739730835,
            -0.12646126747131348
        ],
        [
            0.002915533259510994,
            -0.9191375970840454,
            -0.12587782740592957
        ],
        [
            0.008912567980587482,
            -0.9202387928962708,
            -0.12675243616104126
        ],
        [
            -0.006325079128146172,
            -0.9117659330368042,
            -0.12031356990337372
        ],
        [
            -0.005372166633605957,
            -0.9143683910369873,
            -0.12140674889087677
        ],
        [
            -0.00905347615480423,
            -0.9154848456382751,
            -0.1225496232509613
        ],
        [
            -0.009480491280555725,
            -0.9108456969261169,
            -0.12163172662258148
        ],
        [
            -0.007010485976934433,
            -0.9079315662384033,
            -0.12181030213832855
        ],
        [
            -0.004951508715748787,
            -0.9101459980010986,
            -0.12086738646030426
        ],
        [
            0.006950082257390022,
            -0.9807755947113037,
            -0.12121737003326416
        ],
        [
            0.0026557277888059616,
            -0.9634259939193726,
            -0.12947611510753632
        ],
        [
            0.023082688450813293,
            -0.9749108552932739,
            -0.10971663892269135
        ],
        [
            0.03402339667081833,
            -0.9654267430305481,
            -0.09907779842615128
        ],
        [
            0.042718350887298584,
            -0.9527413845062256,
            -0.09001334011554718
        ],
        [
            0.03525865823030472,
            -0.8507951498031616,
            -0.10697934031486511
        ],
        [
            0.03766889125108719,
            -0.8417847156524658,
            -0.10095258057117462
        ],
        [
            0.045240145176649094,
            -0.8495713472366333,
            -0.08957624435424805
        ],
        [
            0.044417038559913635,
            -0.8387969732284546,
            -0.0845349133014679
        ],
        [
            0.03680486977100372,
            -0.8310560584068298,
            -0.09685328602790833
        ],
        [
            0.0248485766351223,
            -0.8113878965377808,
            -0.09316921979188919
        ],
        [
            0.03269490599632263,
            -0.8202813863754272,
            -0.0943630188703537
        ],
        [
            0.04055727273225784,
            -0.8280827403068542,
            -0.07869304716587067
        ],
        [
            0.04799312353134155,
            -0.8410465121269226,
            -0.06423446536064148
        ],
        [
            0.04991517961025238,
            -0.8487221002578735,
            -0.07260222733020782
        ],
        [
            0.051138173788785934,
            -0.8565793037414551,
            -0.05178352817893028
        ],
        [
            0.043591488152742386,
            -0.8332011699676514,
            -0.052374232560396194
        ],
        [
            0.048384204506874084,
            -0.8552155494689941,
            -0.043178215622901917
        ],
        [
            0.029772739857435226,
            -0.795340359210968,
            -0.054263338446617126
        ],
        [
            0.03253012150526047,
            -0.7833303213119507,
            -0.05031496658921242
        ],
        [
            0.045044850558042526,
            -0.7913473844528198,
            -0.03860447183251381
        ],
        [
            0.042693670839071274,
            -0.8032879829406738,
            -0.042433369904756546
        ],
        [
            0.04980167746543884,
            -0.8576997518539429,
            -0.08059446513652802
        ],
        [
            0.04726945981383324,
            -0.9212783575057983,
            -0.08705172687768936
        ],
        [
            0.042656611651182175,
            -0.9206058979034424,
            -0.0978042408823967
        ],
        [
            0.05012376606464386,
            -0.9083181619644165,
            -0.08379365503787994
        ],
        [
            0.045630283653736115,
            -0.9796625375747681,
            -0.06826139986515045
        ],
        [
            0.04024053364992142,
            -0.9751943349838257,
            -0.08538749068975449
        ],
        [
            0.04846857860684395,
            -0.9599102735519409,
            -0.07888361811637878
        ],
        [
            0.052921369671821594,
            -0.9665037393569946,
            -0.06362230330705643
        ],
        [
            0.015038874000310898,
            -1.0115140676498413,
            -0.07542438805103302
        ],
        [
            0.012676678597927094,
            -0.999213457107544,
            -0.10016004741191864
        ],
        [
            0.025629380717873573,
            -0.9883639216423035,
            -0.0933162122964859
        ],
        [
            0.02974291890859604,
            -0.998285174369812,
            -0.07338544726371765
        ],
        [
            0.05518185347318649,
            -0.968151867389679,
            -0.05070170387625694
        ],
        [
            0.05688915401697159,
            -0.969205379486084,
            -0.03225316107273102
        ],
        [
            0.05227804183959961,
            -0.9847980737686157,
            -0.025326017290353775
        ],
        [
            0.04843871295452118,
            -0.9847061634063721,
            -0.047605935484170914
        ],
        [
            0.038831546902656555,
            -1.0039637088775635,
            -0.017762012779712677
        ],
        [
            0.03494047373533249,
            -1.0046688318252563,
            -0.04497385025024414
        ],
        [
            0.048416707664728165,
            -0.841697096824646,
            -0.03275638073682785
        ],
        [
            0.04838499426841736,
            -0.8597204685211182,
            -0.030534110963344574
        ],
        [
            0.04017028212547302,
            -0.817150354385376,
            -0.04839080199599266
        ],
        [
            0.048612356185913086,
            -0.8252012729644775,
            -0.03297436237335205
        ],
        [
            0.01996917650103569,
            -1.0178364515304565,
            -0.011224590241909027
        ],
        [
            0.016228750348091125,
            -1.019718885421753,
            -0.04377201944589615
        ],
        [
            0.05180661007761955,
            -0.9460227489471436,
            0.017079822719097137
        ],
        [
            0.05224005877971649,
            -0.9641270637512207,
            0.008828133344650269
        ],
        [
            0.05816255509853363,
            -0.9519214630126953,
