{
    "pred_cam": [
        1.4569146633148193,
        -0.004379129037261009,
        0.31305891275405884
    ],
    "pred_smpl_params": {
        "global_orient": [
            [
                [
                    0.9948906898498535,
                    0.01198129914700985,
                    -0.10024441033601761
                ],
                [
                    0.01884685456752777,
                    -0.9975191950798035,
                    0.06782405823469162
                ],
                [
                    -0.09918311983346939,
                    -0.06936682015657425,
                    -0.9926483631134033
                ]
            ]
        ],
        "body_pose": [
            [
                [
                    0.9998452663421631,
                    -0.006713096518069506,
                    0.016264306381344795
                ],
                [
                    0.005699454806745052,
                    0.9980855584144592,
                    0.06158602237701416
                ],
                [
                    -0.016646599397063255,
                    -0.06148378551006317,
                    0.997969388961792
                ]
            ],
            [
                [
                    0.9964448809623718,
                    -0.06106458976864815,
                    0.05804083123803139
                ],
                [
                    0.05756745859980583,
                    0.9965292811393738,
                    0.060127727687358856
                ],
                [
                    -0.06151106581091881,
                    -0.056572701781988144,
                    0.9965018630027771
                ]
            ],
            [
                [
                    0.9991978406906128,
                    0.002820225665345788,
                    -0.03994832560420036
                ],
                [
                    -0.004970337729901075,
                    0.9985379576683044,
                    -0.05382547527551651
                ],
                [
                    0.03973812237381935,
                    0.05398084968328476,
                    0.997750997543335
                ]
            ],
            [
                [
                    0.9874702095985413,
                    0.03811997175216675,
                    -0.1531325727701187
                ],
                [
                    -0.14563344419002533,
                    0.5938569903373718,
                    -0.7912805080413818
                ],
                [
                    0.06077518314123154,
                    0.8036670684814453,
                    0.5919676423072815
                ]
            ],
            [
                [
                    0.9825461506843567,
                    0.020647507160902023,
                    0.18486927449703217
                ],
                [
                    0.1360616385936737,
                    0.5979209542274475,
                    -0.7899225950241089
                ],
                [
                    -0.12684714794158936,
                    0.8012890815734863,
                    0.5846756100654602
                ]
            ],
            [
                [
                    0.9992213249206543,
                    -0.01707509160041809,
                    -0.03556826710700989
                ],
                [
                    0.019724704325199127,
                    0.9969486594200134,
                    0.07552677392959595
                ],
                [
                    0.034170109778642654,
                    -0.07616954296827316,
                    0.9965091347694397
                ]
            ],
            [
                [
                    0.9722543954849243,
                    0.019756291061639786,
                    0.23309004306793213
                ],
                [
                    -0.04013468697667122,
                    0.9957400560379028,
                    0.08301091939210892
                ],
                [
                    -0.23045714199543,
                    -0.09006273746490479,
                    0.9689055681228638
                ]
            ],
            [
                [
                    0.9702636003494263,
                    0.004983035381883383,
                    -0.2419990599155426
                ],
                [
                    0.015443271026015282,
                    0.9964766502380371,
                    0.08243627101182938
                ],
                [
                    0.24155721068382263,
                    -0.08372218161821365,
                    0.9667680859565735
                ]
            ],
            [
                [
                    0.9989106059074402,
                    -0.01579190604388714,
                    -0.04391233250498772
                ],
                [
                    0.011689421720802784,
                    0.9956756830215454,
                    -0.09215941280126572
                ],
                [
                    0.04517780989408493,
                    0.09154569357633591,
                    0.9947755932807922
                ]
            ],
            [
                [
                    0.9905850887298584,
                    -0.1080128476023674,
                    -0.08410939574241638
                ],
                [
                    0.12151727825403214,
                    0.976703405380249,
                    0.1768731027841568
                ],
                [
                    0.06304536014795303,
                    -0.18542860448360443,
                    0.9806332588195801
                ]
            ],
            [
                [
                    0.989929735660553,
                    0.09131491184234619,
                    0.10816986858844757
                ],
                [
                    -0.1114615648984909,
                    0.9738554954528809,
                    0.1979440152645111
                ],
                [
                    -0.08726657181978226,
                    -0.20800743997097015,
                    0.9742265939712524
                ]
            ],
            [
                [
                    0.9947397112846375,
                    -0.052305590361356735,
                    0.08807428181171417
                ],
                [
                    0.04170360416173935,
                    0.9921156167984009,
                    0.11818389594554901
                ],
                [
                    -0.09356154501438141,
                    -0.1138891875743866,
                    0.9890781044960022
                ]
            ],
            [
                [
                    0.9511473774909973,
                    0.29228857159614563,
                    0.09942862391471863
                ],
                [
                    -0.28326717019081116,
                    0.9542748928070068,
                    -0.09549377858638763
                ],
                [
                    -0.12279398739337921,
                    0.06266379356384277,
                    0.9904518127441406
                ]
            ],
            [
                [
                    0.9505511522293091,
                    -0.2854280173778534,
                    -0.12240620702505112
                ],
                [
                    0.28044629096984863,
                    0.9582036733627319,
                    -0.05652976781129837
                ],
                [
                    0.1334252506494522,
                    0.019406072795391083,
                    0.9908688068389893
                ]
            ],
            [
                [
                    0.9985015392303467,
                    -0.014570951461791992,
                    0.05274832248687744
                ],
                [
                    0.020418964326381683,
                    0.9934888482093811,
                    -0.11208482086658478
                ],
                [
                    -0.05077168717980385,
                    0.11299392580986023,
                    0.9922976493835449
                ]
            ],
            [
                [
                    0.49992331862449646,
                    0.8531466126441956,
                    -0.1490555703639984
                ],
                [
                    -0.8654659390449524,
                    0.48569560050964355,
                    -0.12275380641222
                ],
                [
                    -0.03233136236667633,
                    0.19037002325057983,
                    0.9811798930168152
                ]
            ],
            [
                [
                    0.5347383618354797,
                    -0.8213851451873779,
                    0.19844743609428406
                ],
                [
                    0.8449998497962952,
                    0.521297037601471,
                    -0.11926685273647308
                ],
                [
                    -0.005486051086336374,
                    0.23146462440490723,
                    0.9728278517723083
                ]
            ],
            [
                [
                    0.828915536403656,
                    -0.17310155928134918,
                    -0.5319162607192993
                ],
                [
                    0.03273598104715347,
                    0.9642958045005798,
                    -0.262796550989151
                ],
                [
                    0.5584150552749634,
                    0.20042334496974945,
                    0.8049864172935486
                ]
            ],
            [
                [
                    0.7790955305099487,
                    0.1875714510679245,
                    0.5981864333152771
                ],
                [
                    -0.04075998067855835,
                    0.967326819896698,
                    -0.2502346336841583
                ],
                [
                    -0.6255787014961243,
                    0.1705746203660965,
                    0.7612854242324829
                ]
            ],
            [
                [
                    0.9999819993972778,
                    0.005993738770484924,
                    -2.8773116355296224e-05
                ],
                [
                    -0.005966914352029562,
                    0.995029628276825,
                    -0.09940021485090256
                ],
                [
                    -0.000567148788832128,
                    0.09939860552549362,
                    0.9950475096702576
                ]
            ],
            [
                [
                    0.9998689293861389,
                    -0.001355575630441308,
                    -0.016131853684782982
                ],
                [
                    -0.00021194742294028401,
                    0.9953063726425171,
                    -0.09677386283874512
                ],
                [
                    0.01618732139468193,
                    0.09676460176706314,
                    0.9951756596565247
                ]
            ],
            [
                [
                    0.9739106893539429,
                    0.2145082652568817,
                    -0.07405637949705124
                ],
                [
                    -0.19987310469150543,
                    0.9653627276420593,
                    0.16770659387111664
                ],
                [
                    0.1074657142162323,
                    -0.14852933585643768,
                    0.9830515384674072
                ]
            ],
            [
                [
                    0.974688708782196,
                    -0.21932068467140198,
                    0.043362997472286224
                ],
                [
                    0.20906329154968262,
                    0.9628718495368958,
                    0.17079328000545502
                ],
                [
                    -0.0792115107178688,
                    -0.15740466117858887,
                    0.9843522310256958
                ]
            ]
        ],
        "betas": [
            -0.10043048858642578,
            0.21506455540657043,
            0.4176640212535858,
            0.16752302646636963,
            -0.01182246208190918,
            0.14358142018318176,
            0.0767429769039154,
            -0.15961992740631104,
            0.08673345297574997,
            -0.15530234575271606
        ]
    },
    "pred_cam_t": [
        -0.004379129037261009,
        0.31305891275405884,
        26.811796188354492
    ],
    "focal_length": [
        5000.0,
        5000.0
    ],
    "pred_keypoints_3d": [
        [
            -0.017670944333076477,
            -0.8531719446182251,
            -0.14745444059371948
        ],
        [
            0.0037668251898139715,
            -0.7408944368362427,
            0.01160258799791336
        ],
        [
            -0.161246195435524,
            -0.6537891030311584,
            0.07781782746315002
        ],
        [
            -0.20061513781547546,
            -0.41981449723243713,
            0.16398271918296814
        ],
        [
            -0.2791830897331238,
            -0.19891943037509918,
            0.06841421872377396
        ],
        [
            0.1770646870136261,
            -0.6546453237533569,
            -0.00649470929056406
        ],
        [
            0.24362121522426605,
            -0.41979706287384033,
            0.07976110279560089
        ],
        [
            0.27504870295524597,
            -0.1907179057598114,
            -0.006773725152015686
        ],
        [
            -0.0018497006967663765,
            -0.22518718242645264,
            0.026745127514004707
        ],
        [
            -0.06913168728351593,
            -0.1362658441066742,
            0.04483196139335632
        ],
        [
            -0.09042833745479584,
            0.24609124660491943,
            0.057237252593040466
        ],
        [
            -0.06796607375144958,
            0.4439907371997833,
            0.4017544984817505
        ],
        [
            0.0664653480052948,
            -0.13291510939598083,
            0.033999815583229065
        ],
        [
            0.09655535966157913,
            0.24101880192756653,
            0.03782365098595619
        ],
        [
            0.10118211060762405,
            0.43673980236053467,
            0.38396769762039185
        ],
        [
            -0.05080467462539673,
            -0.8903312087059021,
            -0.11044897139072418
        ],
        [
            0.014706647954881191,
            -0.8965455293655396,
            -0.1175602376461029
        ],
        [
            -0.07959677278995514,
            -0.8696918487548828,
            -0.013054553419351578
        ],
        [
            0.063422292470932,
            -0.883638322353363,
            -0.029889363795518875
        ],
        [
            0.09530175477266312,
            0.6146010160446167,
            0.29860061407089233
        ],
        [
            0.16371801495552063,
            0.5835677981376648,
            0.33411306142807007
        ],
        [
            0.11187595874071121,
            0.4139949679374695,
            0.45059630274772644
        ],
        [
            -0.05573514848947525,
            0.6160199046134949,
            0.3110625147819519
        ],
        [
            -0.12999697029590607,
            0.5909308195114136,
            0.3463573455810547
        ],
        [
            -0.07328946143388748,
            0.43050798773765564,
            0.47435253858566284
        ],
        [
            -0.09393022954463959,
            0.39526113867759705,
            0.37957507371902466
        ],
        [
            -0.09026332199573517,
            0.18915261328220367,
            0.04298815131187439
        ],
        [
            -0.14617639780044556,
            -0.25899308919906616,
            0.046086385846138
        ],
        [
            0.14481738209724426,
            -0.23954017460346222,
            0.032087188214063644
        ],
        [
            0.1077202707529068,
            0.20498044788837433,
            0.02778485231101513
        ],
        [
            0.11178578436374664,
            0.3961527645587921,
            0.37264305353164673
        ],
        [
            -0.2664949893951416,
            -0.22577476501464844,
            0.04754795879125595
        ],
        [
            -0.2328844666481018,
            -0.44026464223861694,
            0.147129088640213
        ],
        [
            -0.12993094325065613,
            -0.6826122403144836,
            0.06519806385040283
        ],
        [
            0.1485932171344757,
            -0.6861153841018677,
            0.0026487582363188267
        ],
        [
            0.26779627799987793,
            -0.4410606622695923,
            0.03942824900150299
        ],
        [
            0.2728779911994934,
            -0.2088562250137329,
            -0.017039639875292778
        ],
        [
            0.006592828780412674,
            -0.738959789276123,
            0.012752187438309193
        ],
        [
            -0.010794213972985744,
            -0.9297969341278076,
            -0.03432610630989075
        ],
        [
            -5.423283437266946e-05,
            -0.24938997626304626,
            0.03905513137578964
        ],
        [
            0.007630862295627594,
            -0.6827341318130493,
            0.029028480872511864
        ],
        [
            0.009584756568074226,
            -0.4980860948562622,
            0.04125049710273743
        ],
        [
            -0.0011491961777210236,
            -0.8251412510871887,
            -0.0729936733841896
        ],
        [
            -0.01589082181453705,
            -0.9483623504638672,
            -0.024136371910572052
        ]
    ],
    "pred_vertices": [
        [
            0.022013261914253235,
            -0.943240225315094,
            -0.11711163073778152
        ],
        [
            0.01652023009955883,
            -0.9289911389350891,
            -0.12304621934890747
        ],
        [
            0.028389859944581985,
            -0.9259219169616699,
            -0.11576814949512482
        ],
        [
            0.03425518795847893,
            -0.9367724657058716,
            -0.10656853020191193
        ],
        [
            0.02479609102010727,
            -0.9169641137123108,
            -0.1212984099984169
        ],
        [
            0.014186160638928413,
            -0.9175723791122437,
            -0.1270928531885147
        ],
        [
            0.036645326763391495,
            -0.9200353622436523,
            -0.10636263340711594
        ],
        [
            0.042172692716121674,
            -0.927318811416626,
            -0.096058189868927
        ],
        [
            0.04659520089626312,
            -0.885104775428772,
            -0.09751757234334946
        ],
        [
            0.051766447722911835,
            -0.8804947137832642,
            -0.08882369846105576
        ],
        [
            0.050443895161151886,
            -0.892116129398346,
            -0.08960966765880585
        ],
        [
            0.04447563737630844,
            -0.8933645486831665,
            -0.09778551757335663
        ],
        [
            0.04821076989173889,
            -0.8589204549789429,
            -0.09544230252504349
        ],
        [
            0.04197598248720169,
            -0.84963059425354,
            -0.1034705713391304
        ],
        [
            0.045820869505405426,
            -0.8403124809265137,
            -0.09459914267063141
        ],
        [
            0.05086629092693329,
            -0.8489680886268616,
            -0.08569303154945374
        ],
        [
            0.006884307600557804,
            -0.8619130849838257,
            -0.12285850942134857
        ],
        [
            0.012819204479455948,
            -0.8558072447776794,
            -0.12253916263580322
        ],
        [
            0.016152167692780495,
            -0.862729549407959,
            -0.12169340252876282
        ],
        [
            0.00953693687915802,
            -0.8679505586624146,
            -0.12167472392320633
        ],
        [
            -0.003617396578192711,
            -0.87066650390625,
            -0.12779387831687927
        ],
        [
            -0.0027662813663482666,
            -0.8760688900947571,
            -0.12427105009555817
        ],
        [
            -0.008222796022891998,
            -0.8797867298126221,
            -0.12870949506759644
        ],
        [
            -0.00831189751625061,
            -0.8737561702728271,
            -0.13335475325584412
        ],
        [
            0.0020004380494356155,
            -0.8561872839927673,
            -0.12274990975856781
        ],
        [
            0.008366910740733147,
            -0.8499343395233154,
            -0.12202714383602142
        ],
        [
            0.0016788486391305923,
            -0.8672065734863281,
            -0.12387430667877197
        ],
        [
            -0.00011555664241313934,
            -0.8622583150863647,
            -0.12613806128501892
        ],
        [
            -0.0034049823880195618,
            -0.8565323352813721,
            -0.13635890185832977
        ],
        [
            -0.0022086799144744873,
            -0.8612445592880249,
            -0.13478875160217285
        ],
        [
            -0.0062550269067287445,
            -0.8623508810997009,
            -0.14132331311702728
        ],
        [
            -0.006932167336344719,
            -0.8567476272583008,
            -0.14086678624153137
        ],
        [
            0.00011806748807430267,
            -0.8554891347885132,
            -0.12747807800769806
        ],
        [
            0.0001615341752767563,
            -0.8585509061813354,
            -0.1301964670419693
        ],
        [
            -0.0021056905388832092,
            -0.8547732830047607,
            -0.13247358798980713
        ],
        [
            -0.0030228309333324432,
            -0.852358877658844,
            -0.12920331954956055
        ],
        [
            -0.0041493866592645645,
            -0.8663671016693115,
            -0.13082602620124817
        ],
        [
            -0.007723476737737656,
            -0.8684334754943848,
            -0.13739758729934692
        ],
        [
            -0.012319112196564674,
            -0.8699144721031189,
            -0.14394575357437134
        ],
        [
            -0.010946333408355713,
            -0.8617619872093201,
            -0.14782531559467316
        ],
        [
            0.0250791534781456,
            -0.842949628829956,
            -0.11756330728530884
        ],
        [
            0.019262632355093956,
            -0.849579930305481,
            -0.12121014297008514
        ],
        [
            0.014648188836872578,
            -0.8442864418029785,
            -0.12109799683094025
        ],
        [
            0.01997228153049946,
            -0.8390540480613708,
            -0.11883479356765747
        ],
        [
            -0.0013532992452383041,
            -0.8492474555969238,
            -0.12599754333496094
        ],
        [
            0.0035343458876013756,
            -0.8336974382400513,
            -0.1270921528339386
        ],
        [
            0.0034876111894845963,
            -0.8375393748283386,
            -0.12713977694511414
        ],
        [
            -0.0028185956180095673,
            -0.838066577911377,
            -0.13052426278591156
        ],
        [
            -0.0021338853985071182,
            -0.8345280885696411,
            -0.1303654909133911
        ],
        [
            0.03170197829604149,
            -0.828646719455719,
            -0.10957619547843933
        ],
        [
            0.02585342898964882,
            -0.8273376226425171,
            -0.11354681104421616
        ],
        [
            0.026960786432027817,
            -0.8203650712966919,
            -0.11116263270378113
        ],
        [
            0.03236807882785797,
            -0.8202584981918335,
            -0.10591425746679306
        ],
        [
            0.025156479328870773,
            -0.8144054412841797,
            -0.10999582707881927
        ],
        [
            0.03187767043709755,
            -0.8120870590209961,
            -0.10278487205505371
        ],
        [
            0.02400261163711548,
            -0.7971560955047607,
            -0.10262270271778107
        ],
        [
            0.028203675523400307,
            -0.8037762641906738,
            -0.10248424112796783
        ],
        [
            0.021742818877100945,
            -0.8084849119186401,
            -0.11036022752523422
        ],
        [
            0.016758069396018982,
            -0.8029568195343018,
            -0.11331630498170853
        ],
        [
            0.004030751064419746,
            -0.8069122433662415,
            -0.12100003659725189
        ],
        [
            -0.0017203465104103088,
            -0.8053122162818909,
            -0.12325428426265717
        ],
        [
            0.0037808911874890327,
            -0.7935057878494263,
            -0.12177075445652008
        ],
        [
            0.01013772003352642,
            -0.7974307537078857,
            -0.11801743507385254
        ],
        [
            0.004009649157524109,
            -0.8281525373458862,
            -0.122815802693367
        ],
        [
            0.007989262230694294,
            -0.8284667134284973,
            -0.12024503946304321
        ],
        [
            0.008010348305106163,
            -0.8300453424453735,
            -0.12252780795097351
        ],
        [
            0.0037471195682883263,
            -0.8308670520782471,
            -0.12556327879428864
        ],
        [
            0.01153985969722271,
            -0.8285343050956726,
            -0.11847473680973053
        ],
        [
            0.013207812793552876,
            -0.8284056782722473,
            -0.11782198399305344
        ],
        [
            0.012856768444180489,
            -0.8296942710876465,
            -0.11904841661453247
        ],
        [
            0.011363842524588108,
            -0.8292734622955322,
            -0.11918000876903534
        ],
        [
            0.00946687813848257,
            -0.8287607431411743,
            -0.11967495083808899
        ],
        [
            0.008621664717793465,
            -0.826766848564148,
            -0.12006641924381256
        ],
        [
            0.01073384191840887,
            -0.8276845216751099,
            -0.11892503499984741
        ],
        [
            0.005089208483695984,
            -0.8257119655609131,
            -0.12268675863742828
        ],
        [
            -0.007500229403376579,
            -0.8221991062164307,
            -0.1296202689409256
        ],
        [
            -0.0036319512873888016,
            -0.8233780264854431,
            -0.12846094369888306
        ],
        [
            -0.00530083104968071,
            -0.8275922536849976,
            -0.1274012178182602
        ],
        [
            -0.008653886616230011,
            -0.8268245458602905,
            -0.12835589051246643
        ],
        [
            0.010908819735050201,
            -0.8310016393661499,
            -0.12088855355978012
        ],
        [
            0.013385356403887272,
            -0.8331938982009888,
            -0.12034362554550171
        ],
        [
            0.00939013808965683,
            -0.8356683850288391,
            -0.12351983785629272
        ],
        [
            0.008467952720820904,
            -0.832788348197937,
            -0.1229763925075531
        ],
        [
            0.0159310232847929,
            -0.8353407382965088,
            -0.12026109546422958
        ],
        [
            0.015027200803160667,
            -0.8310707807540894,
            -0.1184963583946228
        ],
        [
            0.017965789884328842,
            -0.8317172527313232,
            -0.1179867535829544
        ],
        [
            0.012786896899342537,
            -0.8266215920448303,
            -0.11779738962650299
        ],
        [
            0.015610074624419212,
            -0.8251706957817078,
            -0.11645117402076721
        ],
        [
            0.015940861776471138,
            -0.8278841972351074,
            -0.11744332313537598
        ],
        [
            0.01388484239578247,
            -0.8217822313308716,
            -0.11692123115062714
        ],
        [
            0.010499812662601471,
            -0.8245521783828735,
            -0.11882280558347702
        ],
        [
            0.007088471204042435,
            -0.8224989175796509,
            -0.12143951654434204
        ],
        [
            0.0025511467829346657,
            -0.8205537796020508,
            -0.12476032972335815
        ],
        [
            0.005444231443107128,
            -0.8159038424491882,
            -0.12191945314407349
        ],
        [
            0.010360830463469028,
            -0.8185752630233765,
            -0.1190602108836174
        ],
        [
            0.011059637181460857,
            -0.8393012881278992,
            -0.12274159491062164
        ],
        [
            0.020212899893522263,
            -0.8275736570358276,
            -0.11573541164398193
        ],
        [
            0.023236902430653572,
            -0.8341416120529175,
            -0.11594214290380478
        ],
        [
            0.020492123439908028,
            -0.8227536678314209,
            -0.11469390988349915
        ],
        [
            0.018799858167767525,
            -0.8181185722351074,
            -0.1143757700920105
        ],
        [
            0.015063904225826263,
            -0.813793420791626,
            -0.11543387174606323
        ],
        [
            0.009778128936886787,
            -0.810005784034729,
            -0.11839613318443298
        ],
        [
            0.007486078888177872,
            -0.7847298383712769,
            -0.11065632104873657
        ],
        [
            0.015527407638728619,
            -0.7901718020439148,
            -0.1072850227355957
        ],
        [
            0.012939918786287308,
            -0.9102980494499207,
            -0.12448877096176147
        ],
        [
            0.021716943010687828,
            -0.909761369228363,
            -0.12243139743804932
        ],
        [
            0.02315562404692173,
            -0.9020254015922546,
            -0.11770783364772797
        ],
        [
            0.024834126234054565,
            -0.905063271522522,
            -0.11756372451782227
        ],
        [
            0.019209619611501694,
            -0.905510663986206,
            -0.12054018676280975
        ],
        [
            0.01900690607726574,
            -0.902691125869751,
            -0.11990019679069519
        ],
        [
            0.03800515830516815,
            -0.8952105045318604,
            -0.10339061915874481
        ],
        [
            0.03289108723402023,
            -0.8967683911323547,
            -0.10775364935398102
        ],
        [
            0.03357550874352455,
            -0.8929989337921143,
            -0.1062789261341095
        ],
        [
            0.04016336053609848,
            -0.8888463973999023,
            -0.10288910567760468
        ],
        [
            0.026283390820026398,
            -0.8849983215332031,
            -0.11301791667938232
        ],
        [
            0.030586401000618935,
            -0.8865362405776978,
            -0.10994885861873627
        ],
        [
            0.026252254843711853,
            -0.89295494556427,
            -0.11237340420484543
        ],
        [
            0.02313096635043621,
            -0.8918701410293579,
            -0.11465539038181305
        ],
        [
            0.01935572177171707,
            -0.8911323547363281,
            -0.11651407182216644
        ],
        [
            0.015082910656929016,
            -0.8908637762069702,
            -0.11739752441644669
        ],
        [
            0.015737593173980713,
            -0.8854236602783203,
            -0.11702227592468262
        ],
        [
            0.020965173840522766,
            -0.8848748207092285,
            -0.11552208662033081
        ],
        [
            0.012608984485268593,
            -0.9061489105224609,
            -0.12154509127140045
        ],
        [
            0.005501152947545052,
            -0.9048315286636353,
            -0.1208406388759613
        ],
        [
            0.007142261601984501,
            -0.9018282294273376,
            -0.12036436796188354
        ],
        [
            0.013182975351810455,
            -0.9029039144515991,
            -0.12133100628852844
        ],
        [
            -0.0020277388393878937,
            -0.8944035768508911,
            -0.11481541395187378
        ],
        [
            -0.0010782144963741302,
            -0.8970043659210205,
            -0.1159047782421112
        ],
        [
            -0.00470852293074131,
            -0.8981633186340332,
            -0.11698947101831436
        ],
        [
            -0.0051860325038433075,
            -0.8935695886611938,
            -0.11608202010393143
        ],
        [
            -0.0027766432613134384,
            -0.8906630277633667,
            -0.11631129682064056
        ],
        [
            -0.0006841104477643967,
            -0.892807126045227,
            -0.1153654009103775
        ],
        [
            0.011909978464245796,
            -0.9640939235687256,
            -0.11396825313568115
        ],
        [
            0.007329647429287434,
            -0.9467743635177612,
            -0.12293124198913574
        ],
        [
            0.028164759278297424,
            -0.9577101469039917,
            -0.10299861431121826
        ],
        [
            0.039265938103199005,
            -0.9478124380111694,
            -0.09271480143070221
        ],
        [
            0.047780804336071014,
            -0.9347072839736938,
            -0.08398199081420898
        ],
        [
            0.03878064453601837,
            -0.8332551717758179,
            -0.10293339192867279
        ],
        [
            0.04108600318431854,
            -0.824211835861206,
            -0.09710675477981567
        ],
        [
            0.04882853850722313,
            -0.8315246105194092,
            -0.08562560379505157
        ],
        [
            0.04783429950475693,
            -0.8209060430526733,
            -0.08075885474681854
        ],
        [
            0.040077272802591324,
            -0.8135745525360107,
            -0.09314212948083878
        ],
        [
            0.028006020933389664,
            -0.7941164374351501,
            -0.08945803344249725
        ],
        [
            0.03586125746369362,
            -0.8028700351715088,
            -0.09073425829410553
        ],
        [
            0.04383477568626404,
            -0.8103983402252197,
            -0.07505977153778076
        ],
        [
            0.05146290361881256,
            -0.8228742480278015,
            -0.06052470952272415
        ],
        [
            0.053397923707962036,
            -0.8303937911987305,
            -0.06867730617523193
        ],
        [
            0.05500565469264984,
            -0.83814537525177,
            -0.04815566539764404
        ],
        [
            0.0471867173910141,
            -0.8151021003723145,
            -0.048895567655563354
        ],
        [
            0.0523315854370594,
            -0.8368006944656372,
            -0.039726726710796356
        ],
        [
            0.03335464745759964,
            -0.7784432172775269,
            -0.05130580812692642
        ],
        [
            0.035989515483379364,
            -0.7669700384140015,
            -0.04761282354593277
        ],
        [
            0.048386406153440475,
            -0.7747331857681274,
            -0.03619162738323212
        ],
        [
            0.04625414311885834,
            -0.7861562371253967,
            -0.039721835404634476
        ],
        [
            0.05348292738199234,
            -0.839321494102478,
            -0.07647978514432907
        ],
        [
            0.05185858905315399,
            -0.9031007289886475,
            -0.08173024654388428
        ],
        [
            0.047091562300920486,
            -0.9026015400886536,
            -0.09247785806655884
        ],
        [
            0.05461781844496727,
            -0.8900035619735718,
            -0.07888786494731903
        ],
        [
            0.051376353949308395,
            -0.9615147113800049,
            -0.06124996766448021
        ],
        [
            0.04568679630756378,
            -0.9572731256484985,
            -0.07858914136886597
        ],
        [
            0.05372355505824089,
            -0.9416688084602356,
            -0.0725601464509964
        ],
        [
            0.058372244238853455,
            -0.9479085206985474,
            -0.057119399309158325
        ],
        [
            0.0212619137018919,
            -0.9940142631530762,
            -0.06712381541728973
        ],
        [
            0.01828257367014885,
            -0.9821866750717163,
            -0.09245176613330841
        ],
        [
            0.031246349215507507,
            -0.9709186553955078,
            -0.08600634336471558
        ],
        [
            0.035872604697942734,
            -0.98053377866745,
            -0.06565690785646439
        ],
        [
            0.0610511377453804,
            -0.9493047595024109,
            -0.044063352048397064
        ],
        [
            0.06300409138202667,
            -0.9498695135116577,
            -0.02560388296842575
        ],
        [
            0.05840274691581726,
            -0.9649524092674255,
            -0.01788940280675888
        ],
        [
            0.05437813699245453,
            -0.9659634828567505,
            -0.04011913016438484
        ],
        [
            0.04519881308078766,
            -0.9838730096817017,
            -0.009690355509519577
        ],
        [
            0.04125213623046875,
            -0.9856606721878052,
            -0.03679812327027321
        ],
        [
            0.05240511894226074,
            -0.8233197927474976,
            -0.029609575867652893
        ],
        [
            0.05267547070980072,
            -0.8412666916847229,
            -0.027129845693707466
        ],
        [
            0.04385200887918472,
            -0.7995468378067017,
            -0.045279450714588165
        ],
        [
            0.05237340182065964,
            -0.807394802570343,
            -0.030067121610045433
        ],
        [
            0.0265703983604908,
            -0.997111976146698,
            -0.002792835235595703
        ],
        [
            0.02282737009227276,
            -1.0006335973739624,
            -0.034909095615148544
        ],
        [
            0.0576762780547142,
            -0.925682008266449,
            0.022786974906921387
        ],
        [
            0.058274753391742706,
            -0.9438197612762451,
            0.015334948897361755
        ],
        [
            0.06420857459306717,
            -0.9321125745773315,
