{
    "pred_cam": [
        1.4755537509918213,
        -0.004601111635565758,
        0.3191506266593933
    ],
    "pred_smpl_params": {
        "global_orient": [
            [
                [
                    0.9947153329849243,
                    0.021563369780778885,
                    -0.10038101673126221
                ],
                [
                    0.03043748065829277,
                    -0.9956791400909424,
                    0.0877300277352333
                ],
                [
                    -0.09805553406476974,
                    -0.09032175689935684,
                    -0.9910736680030823
                ]
            ]
        ],
        "body_pose": [
            [
                [
                    0.999868631362915,
                    0.010187511332333088,
                    0.012606099247932434
                ],
                [
                    -0.010873503051698208,
                    0.9983937740325928,
                    0.055602628737688065
                ],
                [
                    -0.012019399553537369,
                    -0.05573239549994469,
                    0.9983733892440796
                ]
            ],
            [
                [
                    0.9963733553886414,
                    -0.06252337247133255,
                    0.05771537497639656
                ],
                [
                    0.05927690118551254,
                    0.9966500997543335,
                    0.0563453733921051
                ],
                [
                    -0.06104493886232376,
                    -0.0527198351919651,
                    0.996741771697998
                ]
            ],
            [
                [
                    0.9992229342460632,
                    -0.007938859052956104,
                    -0.038606565445661545
                ],
                [
                    0.005903802812099457,
                    0.9986011385917664,
                    -0.05254422500729561
                ],
                [
                    0.038969703018665314,
                    0.05227547138929367,
                    0.9978720545768738
                ]
            ],
            [
                [
                    0.9871289730072021,
                    0.03106212429702282,
                    -0.15688036382198334
                ],
                [
                    -0.1480070948600769,
                    0.5490396022796631,
                    -0.8225868940353394
                ],
                [
                    0.06058225408196449,
                    0.8352188467979431,
                    0.5465703010559082
                ]
            ],
            [
                [
                    0.9806228280067444,
                    0.025204835459589958,
                    0.19427701830863953
                ],
                [
                    0.14754585921764374,
                    0.5573609471321106,
                    -0.8170550465583801
                ],
                [
                    -0.12887616455554962,
                    0.8298876285552979,
                    0.5428419709205627
                ]
            ],
            [
                [
                    0.9993254542350769,
                    -0.0175259318202734,
                    -0.03227141872048378
                ],
                [
                    0.020106084644794464,
                    0.9964749813079834,
                    0.08144576102495193
                ],
                [
                    0.030730247497558594,
                    -0.08203967660665512,
                    0.9961552023887634
                ]
            ],
            [
                [
                    0.969232439994812,
                    0.002825824311003089,
                    0.24613136053085327
                ],
                [
                    -0.028901441022753716,
                    0.9943239688873291,
                    0.10239413380622864
                ],
                [
                    -0.24444496631622314,
                    -0.10635724663734436,
                    0.9638127088546753
                ]
            ],
            [
                [
                    0.9667418599128723,
                    0.015162081457674503,
                    -0.2553042471408844
                ],
                [
                    0.010914016515016556,
                    0.9948861002922058,
                    0.10041186213493347
                ],
                [
                    0.25552108883857727,
                    -0.09985874593257904,
                    0.9616325497627258
                ]
            ],
            [
                [
                    0.9991353750228882,
                    -0.016663603484630585,
                    -0.038090091198682785
                ],
                [
                    0.013629898428916931,
                    0.9968160390853882,
                    -0.07856215536594391
                ],
                [
                    0.03927794098854065,
                    0.0779750645160675,
                    0.996181309223175
                ]
            ],
            [
                [
                    0.990321934223175,
                    -0.09572508186101913,
                    -0.1004946157336235
                ],
                [
                    0.11274255812168121,
                    0.9771366715431213,
                    0.18025805056095123
                ],
                [
                    0.08094176650047302,
                    -0.18984352052211761,
                    0.9784721732139587
                ]
            ],
            [
                [
                    0.9882299900054932,
                    0.07901167869567871,
                    0.1309908777475357
                ],
                [
                    -0.10530804097652435,
                    0.9724657535552979,
                    0.20789547264575958
                ],
                [
                    -0.11095798015594482,
                    -0.21924294531345367,
                    0.9693403840065002
                ]
            ],
            [
                [
                    0.9946446418762207,
                    -0.053029730916023254,
                    0.08871207386255264
                ],
                [
                    0.04156973212957382,
                    0.9911108016967773,
                    0.12637768685817719
                ],
                [
                    -0.09462527185678482,
                    -0.122013159096241,
                    0.9880074858665466
                ]
            ],
            [
                [
                    0.9628971219062805,
                    0.24161198735237122,
                    0.12021999806165695
                ],
                [
                    -0.23203040659427643,
                    0.968685507774353,
                    -0.08837642520666122
                ],
                [
                    -0.137808158993721,
                    0.05720270797610283,
                    0.9888058304786682
                ]
            ],
            [
                [
                    0.9632495641708374,
                    -0.23548829555511475,
                    -0.12921099364757538
                ],
                [
                    0.23079270124435425,
                    0.9716967344284058,
                    -0.05040012300014496
                ],
                [
                    0.13742253184318542,
                    0.018726948648691177,
                    0.9903354644775391
                ]
            ],
            [
                [
                    0.998295247554779,
                    -0.010979358106851578,
                    0.05732271075248718
                ],
                [
                    0.015387015417218208,
                    0.9969103336334229,
                    -0.07702645659446716
                ],
                [
                    -0.056299902498722076,
                    0.0777771845459938,
                    0.9953798055648804
                ]
            ],
            [
                [
                    0.5070545077323914,
                    0.8553751707077026,
                    -0.1059672012925148
                ],
                [
                    -0.8603485822677612,
                    0.4948873817920685,
                    -0.12201141566038132
                ],
                [
                    -0.05192370340228081,
                    0.15303516387939453,
                    0.986855685710907
                ]
            ],
            [
                [
                    0.5493635535240173,
                    -0.816408634185791,
                    0.17797894775867462
                ],
                [
                    0.8355455994606018,
                    0.5347054600715637,
                    -0.12630745768547058
                ],
                [
                    0.007952193729579449,
                    0.2180982381105423,
                    0.9758943319320679
                ]
            ],
            [
                [
                    0.8369727730751038,
                    -0.1694646179676056,
                    -0.5203443765640259
                ],
                [
                    0.03299074247479439,
                    0.964739978313446,
                    -0.26112887263298035
                ],
                [
                    0.5462492108345032,
                    0.20139122009277344,
                    0.8130518794059753
                ]
            ],
            [
                [
                    0.7224282622337341,
                    0.21495696902275085,
                    0.6571840643882751
                ],
                [
                    -0.027831047773361206,
                    0.9587185978889465,
                    -0.2829912006855011
                ],
                [
                    -0.6908855438232422,
                    0.18615072965621948,
                    0.6985878944396973
                ]
            ],
            [
                [
                    0.9998899102210999,
                    -0.014509034343063831,
                    -0.003106660209596157
                ],
                [
                    0.013911443762481213,
                    0.989504337310791,
                    -0.14383234083652496
                ],
                [
                    0.00516092125326395,
                    0.14377328753471375,
                    0.9895972609519958
                ]
            ],
            [
                [
                    0.9995998740196228,
                    0.026985391974449158,
                    -0.008472669869661331
                ],
                [
                    -0.027855975553393364,
                    0.9911874532699585,
                    -0.12950509786605835
                ],
                [
                    0.004903258290141821,
                    0.1296893060207367,
                    0.9915425777435303
                ]
            ],
            [
                [
                    0.9734348654747009,
                    0.2184043824672699,
                    -0.06873123347759247
                ],
                [
                    -0.20390552282333374,
                    0.9634643793106079,
                    0.17366333305835724
                ],
                [
                    0.10414893180131912,
                    -0.15503528714179993,
                    0.9824036955833435
                ]
            ],
            [
                [
                    0.9746688604354858,
                    -0.2213892787694931,
                    0.031737543642520905
                ],
                [
                    0.21240951120853424,
                    0.9607309103012085,
                    0.1785452514886856
                ],
                [
                    -0.07001924514770508,
                    -0.1672811657190323,
                    0.9834197163581848
                ]
            ]
        ],
        "betas": [
            -0.1798868477344513,
            0.1989215910434723,
            0.43566271662712097,
            -0.11916863918304443,
            -0.019730329513549805,
            0.1557334065437317,
            0.12796834111213684,
            -0.20910906791687012,
            0.08581184595823288,
            -0.1611292064189911
        ]
    },
    "pred_cam_t": [
        -0.004601111635565758,
        0.3191506266593933,
        26.473112106323242
    ],
    "focal_length": [
        5000.0,
        5000.0
    ],
    "pred_keypoints_3d": [
        [
            -0.0143087487667799,
            -0.8477632999420166,
            -0.14702081680297852
        ],
        [
            0.004993107169866562,
            -0.7322304248809814,
            0.008597016334533691
        ],
        [
            -0.1587057113647461,
            -0.6512534022331238,
            0.07126132398843765
        ],
        [
            -0.21313679218292236,
            -0.4229758679866791,
            0.16309647262096405
        ],
        [
            -0.3016292154788971,
            -0.21416452527046204,
            0.052397847175598145
        ],
        [
            0.17604762315750122,
            -0.6521785855293274,
            -0.008089088834822178
        ],
        [
            0.2547236680984497,
            -0.4227033853530884,
            0.08051447570323944
        ],
        [
            0.30901941657066345,
            -0.19772766530513763,
            -0.0021882057189941406
        ],
        [
            -0.0015643523074686527,
            -0.2217567265033722,
            0.027220794931054115
        ],
        [
            -0.07059170305728912,
            -0.13389503955841064,
            0.04706641286611557
        ],
        [
            -0.09463445842266083,
            0.24763962626457214,
            0.06941135227680206
        ],
        [
            -0.07661053538322449,
            0.419187068939209,
            0.4277479648590088
        ],
        [
            0.06683730334043503,
            -0.12907087802886963,
            0.036363884806632996
        ],
        [
            0.08674526959657669,
            0.2453010082244873,
            0.05164114013314247
        ],
        [
            0.09249322861433029,
            0.4115389585494995,
            0.41257724165916443
        ],
        [
            -0.04754306375980377,
            -0.8838119506835938,
            -0.10965501517057419
        ],
        [
            0.018009398132562637,
            -0.8896949291229248,
            -0.11549745500087738
        ],
        [
            -0.07749193906784058,
            -0.8596888184547424,
            -0.013805806636810303
        ],
        [
            0.06489777565002441,
            -0.8730273842811584,
            -0.0279729962348938
        ],
        [
            0.08466407656669617,
            0.5933576822280884,
            0.3395521640777588
        ],
        [
            0.1532515287399292,
            0.5608925819396973,
            0.3717803657054901
        ],
        [
            0.10440482944250107,
            0.38434094190597534,
            0.4771570563316345
        ],
        [
            -0.06528694927692413,
            0.5943533182144165,
            0.3478474020957947
        ],
        [
            -0.13929788768291473,
            0.5680315494537354,
            0.38058361411094666
        ],
        [
            -0.08251909166574478,
            0.40161728858947754,
            0.4995005428791046
        ],
        [
            -0.10189096629619598,
            0.37220290303230286,
            0.4023921489715576
        ],
        [
            -0.09446074813604355,
            0.19242942333221436,
            0.053470298647880554
        ],
        [
            -0.14714203774929047,
            -0.25629669427871704,
            0.04560352861881256
        ],
        [
            0.1472540944814682,
            -0.23390626907348633,
            0.0321480855345726
        ],
        [
            0.0992593765258789,
            0.21082021296024323,
            0.040375325828790665
        ],
        [
            0.1035928726196289,
            0.3721141517162323,
            0.39811423420906067
        ],
        [
            -0.28556057810783386,
            -0.2406364232301712,
            0.034138284623622894
        ],
        [
            -0.24410977959632874,
            -0.4451671540737152,
            0.14532245695590973
        ],
        [
            -0.12815846502780914,
            -0.6782370805740356,
            0.05979321897029877
        ],
        [
            0.14808446168899536,
            -0.6819883584976196,
            0.0010002548806369305
        ],
        [
            0.27955108880996704,
            -0.44569724798202515,
            0.04179414361715317
        ],
        [
            0.30583029985427856,
            -0.21546348929405212,
            -0.012513861991465092
        ],
        [
            0.007674798369407654,
            -0.7334256172180176,
            0.009290706366300583
        ],
        [
            -0.008417594246566296,
            -0.91961669921875,
            -0.030883777886629105
        ],
        [
            0.0007270118221640587,
            -0.2453281283378601,
            0.03900343179702759
        ],
        [
            0.008497191593050957,
            -0.6782695055007935,
            0.025127112865447998
        ],
        [
            0.01019897311925888,
            -0.491098552942276,
            0.03757207840681076
        ],
        [
            0.0010890541598200798,
            -0.8172277808189392,
            -0.0738464817404747
        ],
        [
            -0.013424519449472427,
            -0.9378485679626465,
            -0.02005637437105179
        ]
    ],
    "pred_vertices": [
        [
            0.025451458990573883,
            -0.9362434148788452,
            -0.1128077358007431
        ],
        [
            0.01992894522845745,
            -0.9222805500030518,
            -0.11922627687454224
        ],
        [
            0.031629715114831924,
            -0.9187657833099365,
            -0.11197947710752487
        ],
        [
            0.03748815134167671,
            -0.9292827248573303,
            -0.1023453027009964
        ],
        [
            0.028092384338378906,
            -0.9100567102432251,
            -0.11792948842048645
        ],
        [
            0.017600076273083687,
            -0.9109967947006226,
            -0.12381108105182648
        ],
        [
            0.0396709144115448,
            -0.9124492406845093,
            -0.10276354104280472
        ],
        [
            0.0451212152838707,
            -0.919450044631958,
            -0.09205801784992218
        ],
        [
            0.049422070384025574,
            -0.8772422075271606,
            -0.0954461395740509
        ],
        [
            0.054408758878707886,
            -0.872226893901825,
            -0.08686067163944244
        ],
        [
            0.05309033393859863,
            -0.8837594985961914,
            -0.08709950000047684
        ],
        [
            0.047274328768253326,
            -0.8853783011436462,
            -0.09530997276306152
        ],
        [
            0.050783608108758926,
            -0.8510861396789551,
            -0.09437893331050873
        ],
        [
            0.044592518359422684,
            -0.8422289490699768,
            -0.10287749022245407
        ],
        [
            0.04813222587108612,
            -0.8325679302215576,
            -0.0942702442407608
        ],
        [
            0.05304594337940216,
            -0.8407657146453857,
            -0.08495833724737167
        ],
        [
            0.01000535860657692,
            -0.8554461598396301,
            -0.12219874560832977
        ],
        [
            0.015839068219065666,
            -0.8493369817733765,
            -0.12202808260917664
        ],
        [
            0.019253019243478775,
            -0.8561643362045288,
            -0.12089794874191284
        ],
        [
            0.012704961001873016,
            -0.8614057302474976,
            -0.12076635658740997
        ],
        [
            -0.00037679634988307953,
            -0.8643134832382202,
            -0.1267896592617035
        ],
        [
            0.00047549791634082794,
            -0.8695673942565918,
            -0.12308734655380249
        ],
        [
            -0.004911813884973526,
            -0.8734805583953857,
            -0.12736277282238007
        ],
        [
            -0.005009101703763008,
            -0.8676372766494751,
            -0.13217677175998688
        ],
        [
            0.0050622327253222466,
            -0.849772572517395,
            -0.12231171131134033
        ],
        [
            0.01129254698753357,
            -0.8435211777687073,
            -0.12169691920280457
        ],
        [
            0.004879433661699295,
            -0.8607752323150635,
            -0.12306514382362366
        ],
        [
            0.003030681051313877,
            -0.8558362722396851,
            -0.12542681396007538
        ],
        [
            -0.0002373829483985901,
            -0.8505531549453735,
            -0.13571971654891968
        ],
        [
            0.0009801024571061134,
            -0.8551753759384155,
            -0.13397347927093506
        ],
        [
            -0.0029816459864377975,
            -0.8565617203712463,
            -0.14045076072216034
        ],
        [
            -0.0036931224167346954,
            -0.8509697914123535,
            -0.14021824300289154
        ],
        [
            0.003173328936100006,
            -0.8491361141204834,
            -0.12696775794029236
        ],
        [
            0.003271070308983326,
            -0.8522599339485168,
            -0.12954100966453552
        ],
        [
            0.0009892266243696213,
            -0.8486148118972778,
            -0.1319510042667389
        ],
        [
            1.9669532775878906e-05,
            -0.8461055755615234,
            -0.12880432605743408
        ],
        [
            -0.0009434279054403305,
            -0.8601058721542358,
            -0.1299331933259964
        ],
        [
            -0.004428982734680176,
            -0.8624622821807861,
            -0.1363716721534729
        ],
        [
            -0.008933531120419502,
            -0.8642375469207764,
            -0.14281010627746582
        ],
        [
            -0.007569127716124058,
            -0.8562685251235962,
            -0.14693543314933777
        ],
        [
            0.02780972793698311,
            -0.8363006114959717,
            -0.11734634637832642
        ],
        [
            0.02215997502207756,
            -0.8430449962615967,
            -0.12086399644613266
        ],
        [
            0.01746334135532379,
            -0.8378307819366455,
            -0.12089905142784119
        ],
        [
            0.022664204239845276,
            -0.8325180411338806,
            -0.11875054240226746
        ],
        [
            0.0016116993501782417,
            -0.8429323434829712,
            -0.125710129737854
        ],
        [
            0.0063400426879525185,
            -0.8275439739227295,
            -0.1272798776626587
        ],
        [
            0.006317983381450176,
            -0.8313342332839966,
            -0.12715905904769897
        ],
        [
            6.418116390705109e-05,
            -0.8320479393005371,
            -0.13057070970535278
        ],
        [
            0.000729752704501152,
            -0.8285520672798157,
            -0.13057313859462738
        ],
        [
            0.03410061448812485,
            -0.8217689990997314,
            -0.1097373515367508
        ],
        [
            0.028264932334423065,
            -0.8206708431243896,
            -0.11373429745435715
        ],
        [
            0.029241031035780907,
            -0.8136757016181946,
            -0.11159662902355194
        ],
        [
            0.03459315001964569,
            -0.8133112192153931,
            -0.10638116300106049
        ],
        [
            0.027321379631757736,
            -0.8077793121337891,
            -0.11062871664762497
        ],
        [
            0.03392482548952103,
            -0.8050787448883057,
            -0.1034989133477211
        ],
        [
            0.02595490589737892,
            -0.7903519868850708,
            -0.10382644832134247
        ],
        [
            0.030200202018022537,
            -0.7968510389328003,
            -0.1035071387887001
        ],
        [
            0.023877212777733803,
            -0.8019697666168213,
            -0.11119209229946136
        ],
        [
            0.018912753090262413,
            -0.7966487407684326,
            -0.11436190456151962
        ],
        [
            0.006479649804532528,
            -0.8009263873100281,
            -0.12217944860458374
        ],
        [
            0.0008024415001273155,
            -0.7994472980499268,
            -0.1245516687631607
        ],
        [
            0.006099400110542774,
            -0.7876412868499756,
            -0.123331218957901
        ],
        [
            0.01235491968691349,
            -0.7913978099822998,
            -0.1193103939294815
        ],
        [
            0.006752707064151764,
            -0.8219770193099976,
            -0.12330477684736252
        ],
        [
            0.010670131072402,
            -0.8221635818481445,
            -0.12066444754600525
        ],
        [
            0.010747339576482773,
            -0.8238106966018677,
            -0.12288635969161987
        ],
        [
            0.006555173546075821,
            -0.8247793912887573,
            -0.12594661116600037
        ],
        [
            0.014146655797958374,
            -0.8221525549888611,
            -0.11883479356765747
        ],
        [
            0.015792666003108025,
            -0.8219738602638245,
            -0.11817324161529541
        ],
        [
            0.015492325648665428,
            -0.8232883214950562,
            -0.11935292929410934
        ],
        [
            0.014001961797475815,
            -0.822888970375061,
            -0.11955370008945465
        ],
        [
            0.012112470343708992,
            -0.8224254846572876,
            -0.12008646875619888
        ],
        [
            0.011255091987550259,
            -0.8204929828643799,
            -0.12055094540119171
        ],
        [
            0.01333312876522541,
            -0.8213499784469604,
            -0.11932184547185898
        ],
        [
            0.0077655622735619545,
            -0.8195905685424805,
            -0.12324178963899612
        ],
        [
            -0.0047012511640787125,
            -0.81633061170578,
            -0.1304524540901184
        ],
        [
            -0.0008403155952692032,
            -0.8175463676452637,
            -0.129224494099617
        ],
        [
            -0.0024565458297729492,
            -0.8216626644134521,
            -0.12805958092212677
        ],
        [
            -0.005821846425533295,
            -0.8208626508712769,
            -0.12904834747314453
        ],
        [
            0.013572998344898224,
            -0.8245654106140137,
            -0.12115035951137543
        ],
        [
            0.0160654466599226,
            -0.8267974257469177,
            -0.12047114968299866
        ],
        [
            0.01215394027531147,
            -0.8294097781181335,
            -0.12357698380947113
        ],
        [
            0.011222219094634056,
            -0.8265410661697388,
            -0.12318763881921768
        ],
        [
            0.01860605739057064,
            -0.8289061784744263,
            -0.1203291192650795
        ],
        [
            0.01763949915766716,
            -0.8246113061904907,
            -0.11871401965618134
        ],
        [
            0.020526858046650887,
            -0.8251398801803589,
            -0.1181182861328125
        ],
        [
            0.015341871418058872,
            -0.8202406167984009,
            -0.11820441484451294
        ],
        [
            0.018093042075634003,
            -0.8187239170074463,
            -0.11686287075281143
        ],
        [
            0.01848597452044487,
            -0.8214263319969177,
            -0.11777154356241226
        ],
        [
            0.016345348209142685,
            -0.8154333829879761,
            -0.11746808886528015
        ],
        [
            0.013064475730061531,
            -0.8182711601257324,
            -0.119329072535038
        ],
        [
            0.009695857763290405,
            -0.8163841962814331,
            -0.12205053865909576
        ],
        [
            0.005221949890255928,
            -0.8146162033081055,
            -0.12552697956562042
        ],
        [
            0.008012357167899609,
            -0.809887170791626,
            -0.12282344698905945
        ],
        [
            0.012868089601397514,
            -0.812379777431488,
            -0.1197771206498146
        ],
        [
            0.013821911998093128,
            -0.8328680992126465,
            -0.12264993786811829
        ],
        [
            0.02268378995358944,
            -0.8210325837135315,
            -0.1159752681851387
        ],
        [
            0.02579459547996521,
            -0.827524721622467,
            -0.1159437745809555
        ],
        [
            0.022868625819683075,
            -0.81623375415802,
            -0.11509238183498383
        ],
        [
            0.02111433818936348,
            -0.811671257019043,
            -0.11496229469776154
        ],
        [
            0.01740572787821293,
            -0.8074780106544495,
            -0.11618945747613907
        ],
        [
            0.012180914171040058,
            -0.8038746118545532,
            -0.11940628290176392
        ],
        [
            0.009577568620443344,
            -0.7784724235534668,
            -0.11251425743103027
        ],
        [
            0.01754625514149666,
            -0.7837114930152893,
            -0.10878364741802216
        ],
        [
            0.0163500364869833,
            -0.9036639928817749,
            -0.121724933385849
        ],
        [
            0.025059465318918228,
            -0.9029220342636108,
            -0.11958847939968109
        ],
        [
            0.026456505060195923,
            -0.8949986696243286,
            -0.11521880328655243
        ],
        [
            0.0281778983771801,
            -0.8981302976608276,
            -0.1149604395031929
        ],
        [
            0.022557202726602554,
            -0.8986258506774902,
            -0.1179163008928299
        ],
        [
            0.02234017103910446,
            -0.8958067893981934,
            -0.11741343140602112
        ],
        [
            0.040956124663352966,
            -0.8875091671943665,
            -0.10098764300346375
        ],
        [
            0.03597179800271988,
            -0.8892713785171509,
            -0.1053985208272934
        ],
        [
            0.03660084307193756,
            -0.8854604363441467,
            -0.10403899848461151
        ],
        [
            0.04306434467434883,
            -0.881156861782074,
            -0.10068890452384949
        ],
        [
            0.029374361038208008,
            -0.8778524994850159,
            -0.11118524521589279
        ],
        [
            0.033613018691539764,
            -0.8792128562927246,
            -0.10799627006053925
        ],
        [
            0.029383761808276176,
            -0.8857545256614685,
            -0.11024587601423264
        ],
        [
            0.02629907801747322,
            -0.884796142578125,
            -0.11261457949876785
        ],
        [
            0.02256983518600464,
            -0.8841500878334045,
            -0.11456497013568878
        ],
        [
            0.018319210037589073,
            -0.8839420080184937,
            -0.11548666656017303
        ],
        [
            0.018923694267868996,
            -0.8784767389297485,
            -0.1153564304113388
        ],
        [
            0.024104442447423935,
            -0.8778576850891113,
            -0.1138085126876831
        ],
        [
            0.015989912673830986,
            -0.8993421792984009,
            -0.11904799938201904
        ],
        [
            0.008853833191096783,
            -0.8980206251144409,
            -0.11849028617143631
        ],
        [
            0.010473260655999184,
            -0.8949804306030273,
            -0.11814623326063156
        ],
        [
            0.01654902659356594,
            -0.8960733413696289,
            -0.11900398135185242
        ],
        [
            0.0012332610785961151,
            -0.8873846530914307,
            -0.1130484864115715
        ],
        [
            0.0022030221298336983,
            -0.8900138735771179,
            -0.11402624845504761
        ],
        [
            -0.0013687517493963242,
            -0.8912458419799805,
            -0.11513693630695343
        ],
        [
            -0.0018897075206041336,
            -0.8866502642631531,
            -0.11438457667827606
        ],
        [
            0.00047592632472515106,
            -0.8837367296218872,
            -0.11467164754867554
        ],
        [
            0.002567407675087452,
            -0.8858047723770142,
            -0.11362016946077347
        ],
        [
            0.015476731583476067,
            -0.9572070240974426,
            -0.10883070528507233
        ],
        [
            0.010882111266255379,
            -0.9401153326034546,
            -0.11864814162254333
        ],
        [
            0.031505268067121506,
            -0.9501555562019348,
            -0.09796320647001266
        ],
        [
            0.04251353070139885,
            -0.9398001432418823,
            -0.08796697109937668
        ],
        [
            0.05064263194799423,
            -0.9262445569038391,
            -0.07965660095214844
        ],
        [
            0.0411345548927784,
            -0.825994610786438,
            -0.1028851568698883
        ],
        [
            0.04326150566339493,
            -0.81676185131073,
            -0.09740400314331055
        ],
        [
            0.05087808892130852,
            -0.8234169483184814,
            -0.085569828748703
        ],
        [
            0.049657125025987625,
            -0.8127560615539551,
            -0.08112065494060516
        ],
        [
            0.04207645356655121,
            -0.8060473203659058,
            -0.09380879998207092
        ],
        [
            0.029763542115688324,
            -0.786739706993103,
            -0.09074508398771286
        ],
        [
            0.037690866738557816,
            -0.7953417301177979,
            -0.09176398068666458
        ],
        [
            0.04534970223903656,
            -0.8022432327270508,
            -0.0758071020245552
        ],
        [
            0.052757032215595245,
            -0.8140213489532471,
            -0.06083891540765762
        ],
        [
            0.05492832511663437,
            -0.8215997219085693,
            -0.0685773640871048
        ],
        [
            0.05627088248729706,
            -0.8287209868431091,
            -0.048096396028995514
        ],
        [
            0.04809222370386124,
            -0.8060532808303833,
            -0.049598950892686844
        ],
        [
            0.05338801071047783,
            -0.8271629810333252,
            -0.03991779685020447
        ],
        [
            0.03438549116253853,
            -0.7699574828147888,
            -0.05311901867389679
        ],
        [
            0.036922432482242584,
            -0.7584920525550842,
            -0.04970607906579971
        ],
        [
            0.04909543693065643,
            -0.7658724784851074,
            -0.03828553110361099
        ],
        [
            0.04710426926612854,
            -0.7772345542907715,
            -0.04146289452910423
        ],
        [
            0.055349841713905334,
            -0.8307831287384033,
            -0.07606026530265808
        ],
        [
            0.05436919629573822,
            -0.8946437835693359,
            -0.07878544926643372
        ],
        [
            0.04979226738214493,
            -0.8944607973098755,
            -0.08950507640838623
        ],
        [
            0.057013411074876785,
            -0.8812700510025024,
            -0.07647054642438889
        ],
        [
            0.05411747843027115,
            -0.9521995186805725,
            -0.05553755909204483
        ],
        [
            0.048581041395664215,
            -0.9486057758331299,
            -0.07314283400774002
        ],
        [
            0.05641160160303116,
            -0.932631254196167,
            -0.06776319444179535
        ],
        [
            0.060768187046051025,
            -0.9381576776504517,
            -0.05196652561426163
        ],
        [
            0.024550357833504677,
            -0.9851882457733154,
            -0.060311585664749146
        ],
        [
            0.021762490272521973,
            -0.974467396736145,
            -0.08638018369674683
        ],
        [
            0.034452639520168304,
            -0.9626919031143188,
            -0.08019088208675385
        ],
        [
            0.039001911878585815,
            -0.971540093421936,
            -0.05923594906926155
        ],
        [
            0.06345370411872864,
            -0.9390705227851868,
            -0.0387788787484169
        ],
        [
            0.0651666522026062,
            -0.9387506246566772,
            -0.020279888063669205
        ],
        [
            0.060426533222198486,
            -0.9532414674758911,
            -0.011790551245212555
        ],
        [
            0.056667886674404144,
            -0.9555330276489258,
            -0.03394676744937897
        ],
        [
            0.04719153791666031,
            -0.9718083739280701,
            -0.0029753930866718292
        ],
        [
            0.04385903477668762,
            -0.9750654697418213,
            -0.02993546985089779
        ],
        [
            0.05338948220014572,
            -0.8135114908218384,
            -0.0303882397711277
        ],
        [
            0.05373438820242882,
            -0.8311505317687988,
            -0.02729504555463791
        ],
        [
            0.044798798859119415,
            -0.7906367182731628,
            -0.04656574875116348
        ],
        [
            0.05325331911444664,
            -0.7979377508163452,
            -0.03132170811295509
        ],
        [
            0.028637614101171494,
            -0.9844584465026855,
            0.004098981618881226
        ],
        [
            0.02559421770274639,
            -0.9898855090141296,
            -0.027601495385169983
        ],
        [
            0.058678023517131805,
            -0.9126284718513489,
            0.026557430624961853
        ],
        [
            0.0594957172870636,
            -0.9309235215187073,
            0.020174112170934677
        ],
        [
            0.06575337052345276,
            -0.9200561046600342,
            0.003202088177204132
