{
    "pred_cam": [
        1.473357915878296,
        -0.0068453531712293625,
        0.32363635301589966
    ],
    "pred_smpl_params": {
        "global_orient": [
            [
                [
                    0.9934396147727966,
                    0.03298759087920189,
                    -0.10949645936489105
                ],
                [
                    0.041612014174461365,
                    -0.9961283802986145,
                    0.0774376168847084
                ],
                [
                    -0.10651805996894836,
                    -0.08148597180843353,
                    -0.9909660816192627
                ]
            ]
        ],
        "body_pose": [
            [
                [
                    0.9997303485870361,
                    -7.324552279897034e-05,
                    0.023223211988806725
                ],
                [
                    -0.0013887769309803843,
                    0.9980167746543884,
                    0.06293276697397232
                ],
                [
                    -0.023181764408946037,
                    -0.06294804066419601,
                    0.997747540473938
                ]
            ],
            [
                [
                    0.9974446296691895,
                    -0.044608402997255325,
                    0.05580617114901543
                ],
                [
                    0.04130585864186287,
                    0.9974033236503601,
                    0.05899454280734062
                ],
                [
                    -0.05829291418194771,
                    -0.056538667529821396,
                    0.996697187423706
                ]
            ],
            [
                [
                    0.9990899562835693,
                    -0.00824750866740942,
                    -0.041849374771118164
                ],
                [
                    0.005980587098747492,
                    0.9985226392745972,
                    -0.054007112979888916
                ],
                [
                    0.042232971638441086,
                    0.05370767042040825,
                    0.9976632595062256
                ]
            ],
            [
                [
                    0.9883297681808472,
                    0.03280400112271309,
                    -0.14875528216362
                ],
                [
                    -0.14090292155742645,
                    0.5679498314857483,
                    -0.8109126687049866
                ],
                [
                    0.05788436159491539,
                    0.8224092125892639,
                    0.5659438967704773
                ]
            ],
            [
                [
                    0.9801295399665833,
                    0.025038672611117363,
                    0.19677233695983887
                ],
                [
                    0.14920301735401154,
                    0.5606178045272827,
                    -0.8145220875740051
                ],
                [
                    -0.13070864975452423,
                    0.8276960253715515,
                    0.5457422137260437
                ]
            ],
            [
                [
                    0.9992413520812988,
                    -0.014387423172593117,
                    -0.0361919142305851
                ],
                [
                    0.017398275434970856,
                    0.9962883591651917,
                    0.08430207520723343
                ],
                [
                    0.034844692796468735,
                    -0.08486779034137726,
                    0.9957828521728516
                ]
            ],
            [
                [
                    0.9687088131904602,
                    0.015022722072899342,
                    0.2477448433637619
                ],
                [
                    -0.04094777628779411,
                    0.9941619634628296,
                    0.0998263731598854
                ],
                [
                    -0.24479882419109344,
                    -0.10684730112552643,
                    0.9636685848236084
                ]
            ],
            [
                [
                    0.967812180519104,
                    0.015939539298415184,
                    -0.25116831064224243
                ],
                [
                    0.007909050211310387,
                    0.9955732822418213,
                    0.09365613013505936
                ],
                [
                    0.25154924392700195,
                    -0.09262803941965103,
                    0.9634018540382385
                ]
            ],
            [
                [
                    0.9989479780197144,
                    -0.016481967642903328,
                    -0.0427938736975193
                ],
                [
                    0.012821161188185215,
                    0.996345043182373,
                    -0.08445264399051666
                ],
                [
                    0.04402940720319748,
                    0.08381512761116028,
                    0.9955081939697266
                ]
            ],
            [
                [
                    0.9884883165359497,
                    -0.10939757525920868,
                    -0.1045132651925087
                ],
                [
                    0.1259472817182541,
                    0.9777476787567139,
                    0.16776986420154572
                ],
                [
                    0.08383398503065109,
                    -0.17900170385837555,
                    0.980270504951477
                ]
            ],
            [
                [
                    0.9904567003250122,
                    0.07704652100801468,
                    0.11427797377109528
                ],
                [
                    -0.1005111113190651,
                    0.9711150527000427,
                    0.21640945971012115
                ],
                [
                    -0.09430345892906189,
                    -0.22583037614822388,
                    0.9695914387702942
                ]
            ],
            [
                [
                    0.9958191514015198,
                    -0.06313661485910416,
                    0.06601503491401672
                ],
                [
                    0.053676459938287735,
                    0.989202082157135,
                    0.13637515902519226
                ],
                [
                    -0.07391246408224106,
                    -0.13226154446601868,
                    0.9884553551673889
                ]
            ],
            [
                [
                    0.95949387550354,
                    0.25554555654525757,
                    0.1186082661151886
                ],
                [
                    -0.24602815508842468,
                    0.9651511907577515,
                    -0.08918094635009766
                ],
                [
                    -0.13726471364498138,
                    0.05638759955763817,
                    0.9889280796051025
                ]
            ],
            [
                [
                    0.960652232170105,
                    -0.2419234961271286,
                    -0.13645601272583008
                ],
                [
                    0.23644894361495972,
                    0.970072329044342,
                    -0.05524161830544472
                ],
                [
                    0.1457364410161972,
                    0.02080310508608818,
                    0.989104688167572
                ]
            ],
            [
                [
                    0.9987740516662598,
                    -0.02050640806555748,
                    0.04505445435643196
                ],
                [
                    0.02399570867419243,
                    0.9966392517089844,
                    -0.07832284271717072
                ],
                [
                    -0.04329691454768181,
                    0.0793079361319542,
                    0.9959095120429993
                ]
            ],
            [
                [
                    0.5247052311897278,
                    0.8463496565818787,
                    -0.09152358025312424
                ],
                [
                    -0.8501480221748352,
                    0.5154156684875488,
                    -0.10767999291419983
                ],
                [
                    -0.04396224394440651,
                    0.134308859705925,
                    0.9899637699127197
                ]
            ],
            [
                [
                    0.5552546977996826,
                    -0.8121587038040161,
                    0.1791379451751709
                ],
                [
                    0.8316582441329956,
                    0.5406373739242554,
                    -0.12671136856079102
                ],
                [
                    0.006061075255274773,
                    0.21933864057064056,
                    0.9756299257278442
                ]
            ],
            [
                [
                    0.8841784596443176,
                    -0.14809390902519226,
                    -0.4430536925792694
                ],
                [
                    0.055402882397174835,
                    0.9749693870544434,
                    -0.21532593667507172
                ],
                [
                    0.4638522267341614,
                    0.16584011912345886,
                    0.8702517747879028
                ]
            ],
            [
                [
                    0.7201846241950989,
                    0.219110369682312,
                    0.6582739949226379
                ],
                [
                    -0.03247513994574547,
                    0.958425760269165,
                    -0.2834881544113159
                ],
                [
                    -0.6930218935012817,
                    0.1827862709760666,
                    0.6973591446876526
                ]
            ],
            [
                [
                    0.9999784827232361,
                    0.005813129711896181,
                    0.00304020824842155
                ],
                [
                    -0.00537378853186965,
                    0.9916775226593018,
                    -0.12863434851169586
                ],
                [
                    -0.0037626740522682667,
                    0.12861524522304535,
                    0.9916874170303345
                ]
            ],
            [
                [
                    0.9997859597206116,
                    0.01610725000500679,
                    -0.012991296127438545
                ],
                [
                    -0.01742180809378624,
                    0.9939553141593933,
                    -0.10839419066905975
                ],
                [
                    0.011166835203766823,
                    0.1085973009467125,
                    0.9940232038497925
                ]
            ],
            [
                [
                    0.9736387133598328,
                    0.21558435261249542,
                    -0.0745052918791771
                ],
                [
                    -0.2009088546037674,
                    0.9652050137519836,
                    0.16737662255764008
                ],
                [
                    0.10799665749073029,
                    -0.14799557626247406,
                    0.9830737709999084
                ]
            ],
            [
                [
                    0.9759889245033264,
                    -0.21543735265731812,
                    0.032130345702171326
                ],
                [
                    0.20657974481582642,
                    0.9622716903686523,
                    0.17708206176757812
                ],
                [
                    -0.06906820833683014,
                    -0.1661926656961441,
                    0.9836714863777161
                ]
            ]
        ],
        "betas": [
            -0.12023407220840454,
            0.18464796245098114,
            0.3905007541179657,
            -0.07900696992874146,
            -0.012912869453430176,
            0.1472400426864624,
            0.10904043912887573,
            -0.20114052295684814,
            0.0870770737528801,
            -0.15418004989624023
        ]
    },
    "pred_cam_t": [
        -0.0068453531712293625,
        0.32363635301589966,
        26.5125675201416
    ],
    "focal_length": [
        5000.0,
        5000.0
    ],
    "pred_keypoints_3d": [
        [
            -0.014773121103644371,
            -0.8538548350334167,
            -0.1413486897945404
        ],
        [
            0.011856385506689548,
            -0.7352432012557983,
            0.011770615354180336
        ],
        [
            -0.15248122811317444,
            -0.6557483673095703,
            0.07870069146156311
        ],
        [
            -0.2084333449602127,
            -0.4275505244731903,
            0.17219309508800507
        ],
        [
            -0.3043879270553589,
            -0.22016362845897675,
            0.06281881779432297
        ],
        [
            0.18248823285102844,
            -0.6509255766868591,
            -0.00821266882121563
        ],
        [
            0.26040393114089966,
            -0.41853249073028564,
            0.07597307860851288
        ],
        [
            0.3262236714363098,
            -0.19033685326576233,
            0.008657127618789673
        ],
        [
            -0.0016352306120097637,
            -0.22276821732521057,
            0.027325864881277084
        ],
        [
            -0.0714966431260109,
            -0.135454922914505,
            0.046888768672943115
        ],
        [
            -0.10710667073726654,
            0.24630263447761536,
            0.06533786654472351
        ],
        [
            -0.09088831394910812,
            0.42429041862487793,
            0.4220029413700104
        ],
        [
            0.06556897610425949,
            -0.1290421485900879,
            0.03498001769185066
        ],
        [
            0.08474861085414886,
            0.24640199542045593,
            0.04380158334970474
        ],
        [
            0.08733373135328293,
            0.4274500608444214,
            0.39896127581596375
        ],
        [
            -0.045970551669597626,
            -0.889228105545044,
            -0.10134564340114594
        ],
        [
            0.01922137849032879,
            -0.8952841758728027,
            -0.11083638668060303
        ],
        [
            -0.07070589065551758,
            -0.8634495139122009,
            -0.004224359057843685
        ],
        [
            0.07126489281654358,
            -0.8770846128463745,
            -0.02614636719226837
        ],
        [
            0.07982641458511353,
            0.6075296401977539,
            0.3192455768585205
        ],
        [
            0.14854943752288818,
            0.5761001110076904,
            0.353456974029541
        ],
        [
            0.09838409721851349,
            0.40271174907684326,
            0.4649999737739563
        ],
        [
            -0.08545461297035217,
            0.5998706221580505,
            0.33966609835624695
        ],
        [
            -0.15844884514808655,
            0.5711605548858643,
            0.37371331453323364
        ],
        [
            -0.09582705795764923,
            0.4071248769760132,
            0.49413153529167175
        ],
        [
            -0.1151428073644638,
            0.3760527968406677,
            0.3972906470298767
        ],
        [
            -0.10524825751781464,
            0.1905292570590973,
            0.05009251832962036
        ],
        [
            -0.14651229977607727,
            -0.2594519257545471,
            0.04757200926542282
        ],
        [
            0.14721189439296722,
            -0.2335742563009262,
            0.03155200183391571
        ],
        [
            0.09741603583097458,
            0.211409330368042,
            0.03320057690143585
        ],
        [
            0.0984712764620781,
            0.3874112665653229,
            0.38616159558296204
        ],
        [
            -0.2885441780090332,
            -0.24661704897880554,
            0.04393738880753517
        ],
        [
            -0.23945575952529907,
            -0.45069703459739685,
            0.15510718524456024
        ],
        [
            -0.1215914934873581,
            -0.6824634671211243,
            0.06653250753879547
        ],
        [
            0.15481732785701752,
            -0.6817091703414917,
            0.001231900416314602
        ],
        [
            0.2861431837081909,
            -0.4417213499546051,
            0.037898339331150055
        ],
        [
            0.3233964443206787,
            -0.2073158621788025,
            -0.0029016886837780476
        ],
        [
            0.01461203396320343,
            -0.7358355522155762,
            0.012800401076674461
        ],
        [
            -0.0025035326834768057,
            -0.9238418340682983,
            -0.024452947080135345
        ],
        [
            0.0010089738061651587,
            -0.24669688940048218,
            0.0396086722612381
        ],
        [
            0.015017777681350708,
            -0.6802659034729004,
            0.02859862893819809
        ],
        [
            0.013947201892733574,
            -0.4929998815059662,
            0.0398620143532753
        ],
        [
            0.004639285616576672,
            -0.8219523429870605,
            -0.06945120543241501
        ],
        [
            -0.0069862911477684975,
            -0.9419015049934387,
            -0.012948730029165745
        ]
    ],
    "pred_vertices": [
        [
            0.02679065242409706,
            -0.9417752027511597,
            -0.10775308310985565
        ],
        [
            0.02097356878221035,
            -0.9278939962387085,
            -0.11419310420751572
        ],
        [
            0.033084459602832794,
            -0.9242936372756958,
            -0.10761778056621552
        ],
        [
            0.0394243523478508,
            -0.934689998626709,
            -0.09811250865459442
        ],
        [
            0.029246212914586067,
            -0.915702223777771,
            -0.11351590603590012
        ],
        [
            0.018442772328853607,
            -0.9167202711105347,
            -0.11881301552057266
        ],
        [
            0.041637420654296875,
            -0.9178595542907715,
            -0.09890653192996979
        ],
        [
            0.047660619020462036,
            -0.9246288537979126,
            -0.08843375742435455
        ],
        [
            0.05174949765205383,
            -0.882530927658081,
            -0.09271322190761566
        ],
        [
            0.05724427476525307,
            -0.8773235082626343,
            -0.08448107540607452
        ],
        [
            0.055951930582523346,
            -0.8889178037643433,
            -0.08447917550802231
        ],
        [
            0.04965187609195709,
            -0.8906887769699097,
            -0.09233924746513367
        ],
        [
            0.053255148231983185,
            -0.8562532663345337,
            -0.09211526811122894
        ],
        [
            0.04660541191697121,
            -0.8475182056427002,
            -0.10041730850934982
        ],
        [
            0.05068916082382202,
            -0.8376865386962891,
            -0.09217166155576706
        ],
        [
            0.05611758306622505,
            -0.8457598090171814,
            -0.08299863338470459
        ],
        [
            0.010892694815993309,
            -0.8610906600952148,
            -0.11766459047794342
        ],
        [
            0.01674625277519226,
            -0.8549611568450928,
            -0.11790738999843597
        ],
        [
            0.020213451236486435,
            -0.8617868423461914,
            -0.11683794111013412
        ],
        [
            0.0136635210365057,
            -0.8670390844345093,
            -0.11626828461885452
        ],
        [
            0.0002713017165660858,
            -0.8700891733169556,
            -0.12155807763338089
        ],
        [
            0.0013282690197229385,
            -0.8752722144126892,
            -0.11779727041721344
        ],
        [
            -0.004292918369174004,
            -0.8792700171470642,
            -0.12173345685005188
        ],
        [
            -0.004653846845030785,
            -0.8735085725784302,
            -0.1266614943742752
        ],
        [
            0.005934218876063824,
            -0.8554161787033081,
            -0.11763623356819153
        ],
        [
            0.012224193662405014,
            -0.84912109375,
            -0.11749175935983658
        ],
        [
            0.005698644556105137,
            -0.866464376449585,
            -0.1181568056344986
        ],
        [
            0.003769409842789173,
            -0.861579418182373,
            -0.12054645270109177
        ],
        [
            -7.838942110538483e-05,
            -0.8564702868461609,
            -0.13078022003173828
        ],
        [
            0.0012372750788927078,
            -0.8610761165618896,
            -0.12901131808757782
        ],
        [
            -0.003078050911426544,
            -0.8625706434249878,
            -0.1352601796388626
        ],
        [
            -0.003787396475672722,
            -0.8569711446762085,
            -0.13508190214633942
        ],
        [
            0.0038150446489453316,
            -0.8548925518989563,
            -0.12222719192504883
        ],
        [
            0.0037765074521303177,
            -0.8580778241157532,
            -0.12475479394197464
        ],
        [
            0.0013639368116855621,
            -0.8544617891311646,
            -0.1271083950996399
        ],
        [
            0.0005644317716360092,
            -0.8518856763839722,
            -0.12395419925451279
        ],
        [
            -0.0004456024616956711,
            -0.865943431854248,
            -0.12478320300579071
        ],
        [
            -0.004298673942685127,
            -0.8684101104736328,
            -0.13099448382854462
        ],
        [
            -0.00916692428290844,
            -0.8702994585037231,
            -0.13717545568943024
        ],
        [
            -0.00802231952548027,
            -0.8623836040496826,
            -0.14151082932949066
        ],
        [
            0.029031623154878616,
            -0.8417940139770508,
            -0.11411280184984207
        ],
        [
            0.023145686835050583,
            -0.8486247062683105,
            -0.11720481514930725
        ],
        [
            0.018478335812687874,
            -0.8433859944343567,
            -0.11713001132011414
        ],
        [
            0.023829590529203415,
            -0.8380109071731567,
            -0.11536440998315811
        ],
        [
            0.0023549646139144897,
            -0.8486276268959045,
            -0.12101104110479355
        ],
        [
            0.007049820385873318,
            -0.833172082901001,
            -0.12312456965446472
        ],
        [
            0.0070271724835038185,
            -0.8369911313056946,
            -0.12294802814722061
        ],
        [
            0.0005763713270425797,
            -0.8377596735954285,
            -0.12601184844970703
        ],
        [
            0.0012436416000127792,
            -0.8342342376708984,
            -0.12609454989433289
        ],
        [
            0.03580531105399132,
            -0.8270689249038696,
            -0.10711365938186646
        ],
        [
            0.029763778671622276,
            -0.8260250091552734,
            -0.11087238043546677
        ],
        [
            0.030885573476552963,
            -0.8189544677734375,
            -0.1088990569114685
        ],
        [
            0.036522723734378815,
            -0.8185140490531921,
            -0.1039130687713623
        ],
        [
            0.02903752028942108,
            -0.8130055665969849,
            -0.1079123467206955
        ],
        [
            0.036052118986845016,
            -0.8101933002471924,
            -0.10112928599119186
        ],
        [
            0.02806149423122406,
            -0.7954205274581909,
            -0.1012890636920929
        ],
        [
            0.03233298286795616,
            -0.8019336462020874,
            -0.10107585042715073
        ],
        [
            0.02556990087032318,
            -0.8071844577789307,
            -0.10839810967445374
        ],
        [
            0.02042507380247116,
            -0.8019009232521057,
            -0.11139897257089615
        ],
        [
            0.007514789700508118,
            -0.8063115477561951,
            -0.11849130690097809
        ],
        [
            0.0016762949526309967,
            -0.8048637509346008,
            -0.12060205638408661
        ],
        [
            0.0070961834862828255,
            -0.793015718460083,
            -0.11987395584583282
        ],
        [
            0.013573134317994118,
            -0.7967222929000854,
            -0.11608964204788208
        ],
        [
            0.007650350220501423,
            -0.8274937868118286,
            -0.11923567205667496
        ],
        [
            0.011725543066859245,
            -0.827633261680603,
            -0.11680777370929718
        ],
        [
            0.011674558743834496,
            -0.8293294906616211,
            -0.11901137977838516
        ],
        [
            0.007299375720322132,
            -0.8303499221801758,
            -0.12182080745697021
        ],
        [
            0.015332162380218506,
            -0.8275817036628723,
            -0.1151881217956543
        ],
        [
            0.017021210864186287,
            -0.8273979425430298,
            -0.11462226510047913
        ],
        [
            0.016642382368445396,
            -0.8287437558174133,
            -0.1157633438706398
        ],
        [
            0.015133438631892204,
            -0.8283421993255615,
            -0.11588209122419357
        ],
        [
            0.013210012577474117,
            -0.8278803825378418,
            -0.11630918830633163
        ],
        [
            0.012320813722908497,
            -0.8259434700012207,
            -0.11674852669239044
        ],
        [
            0.014487862586975098,
            -0.8267793655395508,
            -0.11563324183225632
        ],
        [
            0.00867425836622715,
            -0.8250791430473328,
            -0.11926185339689255
        ],
        [
            -0.004178360104560852,
            -0.8219470977783203,
            -0.1258654147386551
        ],
        [
            -0.00028461404144763947,
            -0.8231314420700073,
            -0.12481996417045593
        ],
        [
            -0.0018504951149225235,
            -0.827265739440918,
            -0.12348447740077972
        ],
        [
            -0.005228210240602493,
            -0.8264874219894409,
            -0.1243097260594368
        ],
        [
            0.014644118957221508,
            -0.8300773501396179,
            -0.11743922531604767
        ],
        [
            0.017138201743364334,
            -0.8322967886924744,
            -0.1168622374534607
        ],
        [
            0.013033013790845871,
            -0.8349759578704834,
            -0.11970528960227966
        ],
        [
            0.012125620618462563,
            -0.8320828676223755,
            -0.11930209398269653
        ],
        [
            0.019680418074131012,
            -0.8344160318374634,
            -0.11680592596530914
        ],
        [
            0.018831493332982063,
            -0.8300626277923584,
            -0.11522477120161057
        ],
        [
            0.021791692823171616,
            -0.8305966854095459,
            -0.11478585749864578
        ],
        [
            0.0165738295763731,
            -0.8256454467773438,
            -0.11465653777122498
        ],
        [
            0.019419290125370026,
            -0.8240998983383179,
            -0.1135079488158226
        ],
        [
            0.019749509170651436,
            -0.8268393278121948,
            -0.11438778042793274
        ],
        [
            0.017633169889450073,
            -0.8207951784133911,
            -0.114050954580307
        ],
        [
            0.014218535274267197,
            -0.823681116104126,
            -0.11566823720932007
        ],
        [
            0.010689189657568932,
            -0.8218263387680054,
            -0.11823028326034546
        ],
        [
            0.006012934260070324,
            -0.820110559463501,
            -0.12148939073085785
        ],
        [
            0.008977564983069897,
            -0.8153100609779358,
            -0.11902257055044174
        ],
        [
            0.01400951948016882,
            -0.8177679777145386,
            -0.11619600653648376
        ],
        [
            0.014780731871724129,
            -0.8384511470794678,
            -0.11880876123905182
        ],
        [
            0.024057647213339806,
            -0.8264162540435791,
            -0.1128384917974472
        ],
        [
            0.027140511199831963,
            -0.8329451680183411,
            -0.11283128708600998
        ],
        [
            0.02431315928697586,
            -0.8215726613998413,
            -0.11205112934112549
        ],
        [
            0.022574124857783318,
            -0.8169808983802795,
            -0.11188102513551712
        ],
        [
            0.01878049410879612,
            -0.8127869963645935,
            -0.11295124888420105
        ],
        [
            0.01338040828704834,
            -0.8092203140258789,
            -0.11595645546913147
        ],
        [
            0.01118506770581007,
            -0.7836700677871704,
            -0.10935192555189133
        ],
        [
            0.019347023218870163,
            -0.7888689637184143,
            -0.10592211782932281
        ],
        [
            0.01725936308503151,
            -0.9093544483184814,
            -0.11673957109451294
        ],
        [
            0.026119833812117577,
            -0.9085978269577026,
            -0.11508969962596893
        ],
        [
            0.027720093727111816,
            -0.9006049036979675,
            -0.11092279851436615
        ],
        [
            0.02939971722662449,
            -0.903725266456604,
            -0.11069531738758087
        ],
        [
            0.023682568222284317,
            -0.9042791724205017,
            -0.11334872245788574
        ],
        [
            0.0234787967056036,
            -0.9014438390731812,
            -0.11287036538124084
        ],
        [
            0.043012142181396484,
            -0.8929064273834229,
            -0.09764014184474945
        ],
        [
            0.03777970001101494,
            -0.894731879234314,
            -0.10173296928405762
        ],
        [
            0.03850872069597244,
            -0.8908841609954834,
            -0.10049109160900116
        ],
        [
            0.045157335698604584,
            -0.8865325450897217,
            -0.09758225083351135
        ],
        [
            0.03090435080230236,
            -0.8833550810813904,
            -0.1073603630065918
        ],
        [
            0.03531375527381897,
            -0.8846734762191772,
            -0.10438401997089386
        ],
        [
            0.030947208404541016,
            -0.8912613391876221,
            -0.10630099475383759
        ],
        [
            0.02773251198232174,
            -0.8903408050537109,
            -0.10851705819368362
        ],
        [
            0.023891333490610123,
            -0.8897222876548767,
            -0.11025293916463852
        ],
        [
            0.019596830010414124,
            -0.8895359039306641,
            -0.11095618456602097
        ],
        [
            0.020223693922162056,
            -0.8840596079826355,
            -0.11093313246965408
        ],
        [
            0.025484081357717514,
            -0.8834081888198853,
            -0.10968678444623947
        ],
        [
            0.017034895718097687,
            -0.9050079584121704,
            -0.11411643773317337
        ],
        [
            0.009943094104528427,
            -0.9036878347396851,
            -0.1131587103009224
        ],
        [
            0.011589650996029377,
            -0.9006394147872925,
            -0.11295271664857864
        ],
        [
            0.017600763589143753,
            -0.9017373919487,
            -0.11413675546646118
        ],
        [
            0.002647433429956436,
            -0.8929611444473267,
            -0.10746930539608002
        ],
        [
            0.003553370013833046,
            -0.8956124782562256,
            -0.10844817012548447
        ],
        [
            -8.662231266498566e-05,
            -0.8968614935874939,
            -0.10932571440935135
        ],
        [
            -0.0005516763776540756,
            -0.8922470808029175,
            -0.10864289104938507
        ],
        [
            0.0018198005855083466,
            -0.8893249034881592,
            -0.1091255322098732
        ],
        [
            0.003960322588682175,
            -0.8913794755935669,
            -0.10815602540969849
        ],
        [
            0.01703767105937004,
            -0.9626268148422241,
            -0.10293713212013245
        ],
        [
            0.011968881823122501,
            -0.9457497596740723,
            -0.11265766620635986
        ],
        [
            0.03370455279946327,
            -0.9554755687713623,
            -0.09310045838356018
        ],
        [
            0.04522392153739929,
            -0.9449717402458191,
            -0.08385897427797318
        ],
        [
            0.05385330319404602,
            -0.9312999248504639,
            -0.0762498527765274
        ],
        [
            0.04322243481874466,
            -0.831214189529419,
            -0.10053475946187973
        ],
        [
            0.04568089544773102,
            -0.821845531463623,
            -0.09531121701002121
        ],
        [
            0.0539495125412941,
            -0.8283655643463135,
            -0.08375705778598785
        ],
        [
            0.05301280692219734,
            -0.8175667524337769,
            -0.07938240468502045
        ],
        [
            0.044724240899086,
            -0.811026930809021,
            -0.09180886298418045
        ],
        [
            0.032541219145059586,
            -0.7916293144226074,
            -0.0883728638291359
        ],
        [
            0.04044731333851814,
            -0.8002551198005676,
            -0.08967090398073196
        ],
        [
            0.0489896759390831,
            -0.8069048523902893,
            -0.07392754405736923
        ],
        [
            0.057213492691516876,
            -0.818461000919342,
            -0.05913807079195976
        ],
        [
            0.059011928737163544,
            -0.826267421245575,
            -0.06698630750179291
        ],
        [
            0.061414219439029694,
            -0.8329921364784241,
            -0.04633243381977081
        ],
        [
            0.05321921780705452,
            -0.8102281093597412,
            -0.04765729606151581
        ],
        [
            0.05904256924986839,
            -0.8312486410140991,
            -0.03794220834970474
        ],
        [
            0.0394083634018898,
            -0.7736974358558655,
            -0.05084871128201485
        ],
        [
            0.042170993983745575,
            -0.7619270086288452,
            -0.0475759282708168
        ],
        [
            0.05490633100271225,
            -0.7691079378128052,
            -0.036515772342681885
        ],
        [
            0.052749767899513245,
            -0.7807674407958984,
            -0.039618056267499924
        ],
        [
            0.05895455181598663,
            -0.8356101512908936,
            -0.07437285035848618
        ],
        [
            0.05762972682714462,
            -0.8996260762214661,
            -0.07608294486999512
        ],
        [
            0.05249803513288498,
            -0.8996413946151733,
            -0.08654563128948212
        ],
        [
            0.06049499660730362,
            -0.8861973881721497,
            -0.07410985976457596
        ],
        [
            0.058621831238269806,
            -0.9568377137184143,
            -0.052002325654029846
        ],
        [
            0.05214707553386688,
            -0.9534983038902283,
            -0.06929948925971985
        ],
        [
            0.06027493625879288,
            -0.9374827146530151,
            -0.06463827937841415
        ],
        [
            0.0655166283249855,
            -0.9427622556686401,
            -0.049026213586330414
        ],
        [
            0.02874772809445858,
            -0.9898606538772583,
            -0.054658442735672
        ],
        [
            0.0245205070823431,
            -0.9795252084732056,
            -0.08069348335266113
        ],
        [
            0.037609606981277466,
            -0.967729926109314,
            -0.0753917396068573
        ],
        [
            0.04327169060707092,
            -0.9762580394744873,
            -0.054583821445703506
        ],
        [
            0.0688883364200592,
            -0.9435157775878906,
            -0.035960521548986435
        ],
        [
            0.07164344191551208,
            -0.9429354071617126,
            -0.017601152881979942
        ],
        [
            0.06739629805088043,
            -0.9573696851730347,
            -0.008714497089385986
        ],
        [
            0.062417011708021164,
            -0.9598557353019714,
            -0.030614377930760384
        ],
        [
            0.05464809015393257,
            -0.9758560657501221,
            0.001103568822145462
        ],
        [
            0.049752622842788696,
            -0.9794046878814697,
            -0.025577586144208908
        ],
        [
            0.059602878987789154,
            -0.817292332649231,
            -0.028499118983745575
        ],
        [
            0.06014629825949669,
            -0.8349825143814087,
            -0.02525007165968418
        ],
        [
            0.050162412226200104,
            -0.7945258617401123,
            -0.04455435276031494
        ],
        [
            0.05941150337457657,
            -0.8015400171279907,
            -0.029510172083973885
        ],
        [
            0.036474090069532394,
            -0.9885104894638062,
            0.009460397064685822
        ],
        [
            0.03158427029848099,
            -0.9942471981048584,
            -0.02201584354043007
        ],
        [
            0.06785300374031067,
            -0.9160959720611572,
            0.029314488172531128
        ],
        [
            0.06830216944217682,
            -0.9345017075538635,
            0.023073852062225342
        ],
        [
            0.07356184720993042,
            -0.9238647222518921,
            0.005629263818264008
        ],
        [
