{
    "pred_cam": [
        2.137418031692505,
        0.0530429407954216,
        0.5415712594985962
    ],
    "pred_smpl_params": {
        "global_orient": [
            [
                [
                    0.9776570796966553,
                    0.17388862371444702,
                    -0.11810784041881561
                ],
                [
                    0.12215164303779602,
                    -0.9272280931472778,
                    -0.3540155291557312
                ],
                [
                    -0.17107218503952026,
                    0.33167868852615356,
                    -0.927751898765564
                ]
            ]
        ],
        "body_pose": [
            [
                [
                    0.9775261282920837,
                    -0.20453503727912903,
                    -0.051069676876068115
                ],
                [
                    0.16036458313465118,
                    0.5641989707946777,
                    0.8099152445793152
                ],
                [
                    -0.13684259355068207,
                    -0.7999030947685242,
                    0.5843194127082825
                ]
            ],
            [
                [
                    0.9573298692703247,
                    0.2541085183620453,
                    0.13765282928943634
                ],
                [
                    -0.2613585293292999,
                    0.5579821467399597,
                    0.7876214385032654
                ],
                [
                    0.12333348393440247,
                    -0.7899903655052185,
                    0.6005864143371582
                ]
            ],
            [
                [
                    0.9993597865104675,
                    -0.004150876309722662,
                    -0.03553488105535507
                ],
                [
                    -0.017149413004517555,
                    0.8161179423332214,
                    -0.5776308178901672
                ],
                [
                    0.03139832988381386,
                    0.5778704285621643,
                    0.8155242800712585
                ]
            ],
            [
                [
                    0.9705773591995239,
                    0.17506013810634613,
                    -0.1653284877538681
                ],
                [
                    -0.04024897515773773,
                    -0.5590002536773682,
                    -0.8281899690628052
                ],
                [
                    -0.23740173876285553,
                    0.8104767799377441,
                    -0.5355070233345032
                ]
            ],
            [
                [
                    0.9663174152374268,
                    -0.10485899448394775,
                    0.23502151668071747
                ],
                [
                    0.13722193241119385,
                    -0.5626387596130371,
                    -0.8152347207069397
                ],
                [
                    0.21771694719791412,
                    0.8200257420539856,
                    -0.5292986631393433
                ]
            ],
            [
                [
                    0.9998292922973633,
                    -0.014895780012011528,
                    -0.01093287393450737
                ],
                [
                    0.014264325611293316,
                    0.9983443021774292,
                    -0.055724337697029114
                ],
                [
                    0.011744829826056957,
                    0.05555887520313263,
                    0.9983863830566406
                ]
            ],
            [
                [
                    0.967781126499176,
                    -0.18821527063846588,
                    0.16725634038448334
                ],
                [
                    0.09775277227163315,
                    0.8930091857910156,
                    0.4392937421798706
                ],
                [
                    -0.23204323649406433,
                    -0.4087904393672943,
                    0.8826360106468201
                ]
            ],
            [
                [
                    0.9690319895744324,
                    0.1491730511188507,
                    -0.19678518176078796
                ],
                [
                    -0.060803528875112534,
                    0.9165160059928894,
                    0.39534956216812134
                ],
                [
                    0.23933228850364685,
                    -0.37114113569259644,
                    0.8972035646438599
                ]
            ],
            [
                [
                    0.9991118311882019,
                    -0.014797393232584,
                    -0.03945278003811836
                ],
                [
                    0.012218457646667957,
                    0.9978217482566833,
                    -0.06482554227113724
                ],
                [
                    0.04032609239220619,
                    0.06428591161966324,
                    0.9971163272857666
                ]
            ],
            [
                [
                    0.9954132437705994,
                    -0.020938022062182426,
                    0.09334865212440491
                ],
                [
                    -0.0033994950354099274,
                    0.967398464679718,
                    0.2532365620136261
                ],
                [
                    -0.09560760110616684,
                    -0.25239241123199463,
                    0.962890088558197
                ]
            ],
            [
                [
                    0.9938372373580933,
                    0.07460859417915344,
                    -0.08198235929012299
                ],
                [
                    -0.04605652764439583,
                    0.9506515860557556,
                    0.3068230450153351
                ],
                [
                    0.10082828998565674,
                    -0.3011563718318939,
                    0.9482291340827942
                ]
            ],
            [
                [
                    0.9912036657333374,
                    -0.11303844302892685,
                    0.06882982701063156
                ],
                [
                    0.09730830788612366,
                    0.9749769568443298,
                    0.19987750053405762
                ],
                [
                    -0.0897013396024704,
                    -0.19142159819602966,
                    0.9774003028869629
                ]
            ],
            [
                [
                    0.828056812286377,
                    0.4791410565376282,
                    -0.29111146926879883
                ],
                [
                    -0.47088927030563354,
                    0.8761938810348511,
                    0.10270094871520996
                ],
                [
                    0.30427834391593933,
                    0.05203906446695328,
                    0.9511606693267822
                ]
            ],
            [
                [
                    0.9224606156349182,
                    -0.3468298017978668,
                    0.16963328421115875
                ],
                [
                    0.34446895122528076,
                    0.9377603530883789,
                    0.04412003234028816
                ],
                [
                    -0.17437753081321716,
                    0.017734406515955925,
                    0.9845190644264221
                ]
            ],
            [
                [
                    0.9816599488258362,
                    -0.01473657600581646,
                    0.19007016718387604
                ],
                [
                    0.010258765891194344,
                    0.9996466040611267,
                    0.024521278217434883
                ],
                [
                    -0.19036439061164856,
                    -0.022121671587228775,
                    0.9814642071723938
                ]
            ],
            [
                [
                    0.6133973002433777,
                    0.7317841649055481,
                    -0.2970450222492218
                ],
                [
                    -0.7607431411743164,
                    0.6485041975975037,
                    0.026687173172831535
                ],
                [
                    0.21216417849063873,
                    0.2096051275730133,
                    0.9544905424118042
                ]
            ],
            [
                [
                    0.7350314259529114,
                    -0.6540876626968384,
                    0.1786002218723297
                ],
                [
                    0.6686479449272156,
                    0.7429332137107849,
                    -0.030984055250883102
                ],
                [
                    -0.11242177337408066,
                    0.1421949416399002,
                    0.9834336638450623
                ]
            ],
            [
                [
                    0.7651363611221313,
                    -0.2029951512813568,
                    -0.6110313534736633
                ],
                [
                    0.004162966273725033,
                    0.9505404233932495,
                    -0.310573011636734
                ],
                [
                    0.6438547968864441,
                    0.23508697748184204,
                    0.7281380891799927
                ]
            ],
            [
                [
                    0.5455902218818665,
                    0.33132362365722656,
                    0.7697766423225403
                ],
                [
                    -0.14650721848011017,
                    0.9420941472053528,
                    -0.3016526699066162
                ],
                [
                    -0.8251466751098633,
                    0.0518009178340435,
                    0.5625386834144592
                ]
            ],
            [
                [
                    0.9936278462409973,
                    -0.08323528617620468,
                    0.07599828392267227
                ],
                [
                    0.10265791416168213,
                    0.946692943572998,
                    -0.30534207820892334
                ],
                [
                    -0.0465318039059639,
                    0.3111981749534607,
                    0.949205219745636
                ]
            ],
            [
                [
                    0.991767406463623,
                    0.08072341233491898,
                    -0.09940383583307266
                ],
                [
                    -0.10582002997398376,
                    0.9537862539291382,
                    -0.2812363803386688
                ],
                [
                    0.07210765033960342,
                    0.28944000601768494,
                    0.9544762969017029
                ]
            ],
            [
                [
                    0.9815866947174072,
                    0.1675107181072235,
                    -0.09180226176977158
                ],
                [
                    -0.14925631880760193,
                    0.9725260138511658,
                    0.1786501258611679
                ],
                [
                    0.11920587718486786,
                    -0.16165854036808014,
                    0.979620635509491
                ]
            ],
            [
                [
                    0.9818784594535828,
                    -0.16604603826999664,
                    0.09134228527545929
                ],
                [
                    0.14508959650993347,
                    0.9687157869338989,
                    0.20134229958057404
                ],
                [
                    -0.12191680073738098,
                    -0.18444083631038666,
                    0.9752526879310608
                ]
            ]
        ],
        "betas": [
            0.12041999399662018,
            0.0016504526138305664,
            -0.2616194486618042,
            0.027895867824554443,
            0.04051119089126587,
            -0.04404415935277939,
            -0.012180179357528687,
            -0.030251383781433105,
            0.01862223446369171,
            0.023436903953552246
        ]
    },
    "pred_cam_t": [
        0.0530429407954216,
        0.5415712594985962,
        18.275554656982422
    ],
    "focal_length": [
        5000.0,
        5000.0
    ],
    "pred_keypoints_3d": [
        [
            0.02420833706855774,
            -0.8061436414718628,
            -0.199222594499588
        ],
        [
            0.04149805009365082,
            -0.7023833990097046,
            -0.030036699026823044
        ],
        [
            -0.13787850737571716,
            -0.6279767751693726,
            0.04322810471057892
        ],
        [
            -0.2513699531555176,
            -0.41233983635902405,
            0.125978484749794
        ],
        [
            -0.34849268198013306,
            -0.2504301071166992,
            -0.05010814964771271
        ],
        [
            0.2006567120552063,
            -0.5699371099472046,
            -0.06133638322353363
        ],
        [
            0.20276916027069092,
            -0.3080386817455292,
            -0.029504381120204926
        ],
        [
            0.08566774427890778,
            -0.1183975487947464,
            -0.14787545800209045
        ],
        [
            -0.001960070338100195,
            -0.22386863827705383,
            0.02803993411362171
        ],
        [
            -0.08294683694839478,
            -0.1467217653989792,
            0.013660594820976257
        ],
        [
            -0.2875787615776062,
            -0.07141756266355515,
            -0.3060781955718994
        ],
        [
            -0.19148145616054535,
            0.1702609360218048,
            0.003004521131515503
        ],
        [
            0.05046258494257927,
            -0.128370001912117,
            -0.007815448567271233
        ],
        [
            0.08820080757141113,
            -0.02384861558675766,
            -0.3703547716140747
        ],
        [
            0.003263421356678009,
            0.19320544600486755,
            -0.04082411527633667
        ],
        [
            -0.010390810668468475,
            -0.8434478044509888,
            -0.16391262412071228
        ],
        [
            0.05713455006480217,
            -0.8477981090545654,
            -0.16722732782363892
        ],
        [
            -0.04702881723642349,
            -0.8251106142997742,
            -0.0665610134601593
        ],
        [
            0.10085389018058777,
            -0.8348419070243835,
            -0.07557455450296402
        ],
        [
            0.0196126289665699,
            0.31265830993652344,
            -0.19753342866897583
        ],
        [
            0.07848381996154785,
            0.3063586354255676,
            -0.13869743049144745
        ],
        [
            0.00567651679739356,
            0.18925100564956665,
            0.025994449853897095
        ],
        [
            -0.2811969518661499,
            0.2795669436454773,
            -0.1363348364830017
        ],
        [
            -0.3224002718925476,
            0.25230616331100464,
            -0.06437322497367859
        ],
        [
            -0.16848935186862946,
            0.18166190385818481,
            0.07056093215942383
        ],
        [
            -0.2115262895822525,
            0.11262556910514832,
            -0.005190221592783928
        ],
        [
            -0.2667444348335266,
            -0.08936113864183426,
            -0.2747635245323181
        ],
        [
            -0.1399747133255005,
            -0.2595924437046051,
            0.0921308770775795
        ],
        [
            0.1560930460691452,
            -0.20505651831626892,
            0.048588529229164124
        ],
        [
            0.10158930718898773,
            -0.03323618695139885,
            -0.34729376435279846
        ],
        [
            0.023580506443977356,
            0.1516609787940979,
            -0.048672955483198166
        ],
        [
            -0.32255297899246216,
            -0.2708665430545807,
            -0.058778371661901474
        ],
        [
            -0.27191391587257385,
            -0.43930479884147644,
            0.10386902093887329
        ],
        [
            -0.10739579796791077,
            -0.6573176383972168,
            0.031949616968631744
        ],
        [
            0.18530210852622986,
            -0.6114697456359863,
            -0.052194640040397644
        ],
        [
            0.2144269049167633,
            -0.3285388648509979,
            -0.07273519784212112
        ],
        [
            0.08691224455833435,
            -0.13589683175086975,
            -0.15512807667255402
        ],
        [
            0.042833179235458374,
            -0.6892386078834534,
            -0.03300030156970024
        ],
        [
            0.026940789073705673,
            -0.8833582401275635,
            -0.08647015690803528
        ],
        [
            0.008057987317442894,
            -0.23254603147506714,
            0.07000700384378433
        ],
        [
            0.03771670162677765,
            -0.6317704916000366,
            -0.011707112193107605
        ],
        [
            0.03693215548992157,
            -0.4729171097278595,
            0.06332198530435562
        ],
        [
            0.03572637587785721,
            -0.7769315838813782,
            -0.12072142213582993
        ],
        [
            0.022304387763142586,
            -0.9024480581283569,
            -0.07598034292459488
        ]
    ],
    "pred_vertices": [
        [
            0.06445597112178802,
            -0.8944909572601318,
            -0.16703800857067108
        ],
        [
            0.05973556637763977,
            -0.879949152469635,
            -0.17403453588485718
        ],
        [
            0.07108420878648758,
            -0.8772196769714355,
            -0.16563519835472107
        ],
        [
            0.07630480080842972,
            -0.8880883455276489,
            -0.1557830572128296
        ],
        [
            0.06764534115791321,
            -0.8677700757980347,
            -0.17108985781669617
        ],
        [
            0.057351477444171906,
            -0.8688441514968872,
            -0.17686589062213898
        ],
        [
            0.0790950357913971,
            -0.871320366859436,
            -0.15562550723552704
        ],
        [
            0.08429720252752304,
            -0.8783487677574158,
            -0.1450759768486023
        ],
        [
            0.08867794275283813,
            -0.8348766565322876,
            -0.14476478099822998
        ],
        [
            0.09337376803159714,
            -0.8294068574905396,
            -0.1353175938129425
        ],
        [
            0.09176218509674072,
            -0.8426891565322876,
            -0.13777531683444977
        ],
        [
            0.08601029217243195,
            -0.8440503478050232,
            -0.1456792950630188
        ],
        [
            0.08815312385559082,
            -0.8093001842498779,
            -0.14218661189079285
        ],
        [
            0.08194687962532043,
            -0.799980640411377,
            -0.1507675051689148
        ],
        [
            0.08477912843227386,
            -0.7907167673110962,
            -0.1413552165031433
        ],
        [
            0.08960020542144775,
            -0.7995589375495911,
            -0.13214345276355743
        ],
        [
            0.0483032688498497,
            -0.8130820989608765,
            -0.17290598154067993
        ],
        [
            0.054041337221860886,
            -0.8067277669906616,
            -0.17229953408241272
        ],
        [
            0.05759501829743385,
            -0.8135278224945068,
            -0.17118291556835175
        ],
        [
            0.05113082751631737,
            -0.8190956115722656,
            -0.17162634432315826
        ],
        [
            0.03804268315434456,
            -0.8225611448287964,
            -0.17871378362178802
        ],
        [
            0.03895293176174164,
            -0.8279801607131958,
            -0.1750861555337906
        ],
        [
            0.03383784368634224,
            -0.8318875432014465,
            -0.18011532723903656
        ],
        [
            0.033711690455675125,
            -0.8258129358291626,
            -0.18479286134243011
        ],
        [
            0.04329422488808632,
            -0.8074842691421509,
            -0.17376916110515594
        ],
        [
            0.04922836646437645,
            -0.8009437322616577,
            -0.1723995804786682
        ],
        [
            0.043244827538728714,
            -0.8186309933662415,
            -0.1742010861635208
        ],
        [
            0.04115932807326317,
            -0.8140650391578674,
            -0.1768750548362732
        ],
        [
            0.038088757544755936,
            -0.8085000514984131,
            -0.18760736286640167
        ],
        [
            0.039382804185152054,
            -0.8131977915763855,
            -0.18584094941616058
        ],
        [
            0.035880204290151596,
            -0.8146073818206787,
            -0.1929241418838501
        ],
        [
            0.03477923572063446,
            -0.8088663220405579,
            -0.19240009784698486
        ],
        [
            0.04135875031352043,
            -0.8074910640716553,
            -0.17853990197181702
        ],
        [
            0.04162061959505081,
            -0.8106091022491455,
            -0.18108877539634705
        ],
        [
            0.039214663207530975,
            -0.8068848848342896,
            -0.18363156914710999
        ],
        [
            0.03807690367102623,
            -0.8044776916503906,
            -0.1806163489818573
        ],
        [
            0.03765453025698662,
            -0.818679690361023,
            -0.181950181722641
        ],
        [
            0.03439822420477867,
            -0.8207184672355652,
            -0.18889398872852325
        ],
        [
            0.030050290748476982,
            -0.8223628401756287,
            -0.1960206925868988
        ],
        [
            0.03123931586742401,
            -0.8141374588012695,
            -0.19962531328201294
        ],
        [
            0.0654611885547638,
            -0.7933037281036377,
            -0.16620424389839172
        ],
        [
            0.060275763273239136,
            -0.8003718256950378,
            -0.17034174501895905
        ],
        [
            0.05539528280496597,
            -0.7949509620666504,
            -0.17106103897094727
        ],
        [
            0.06039262190461159,
            -0.789470374584198,
            -0.16820158064365387
        ],
        [
            0.03952998295426369,
            -0.8009765148162842,
            -0.177222341299057
        ],
        [
            0.043832652270793915,
            -0.7849143147468567,
            -0.17789506912231445
        ],
        [
            0.043940670788288116,
            -0.7888506650924683,
            -0.17803984880447388
        ],
        [
            0.037713855504989624,
            -0.7896319627761841,
            -0.18191225826740265
        ],
        [
            0.038224443793296814,
            -0.7860077023506165,
            -0.18154355883598328
        ],
        [
            0.07105103880167007,
            -0.7787649035453796,
            -0.1576380729675293
        ],
        [
            0.06556259095668793,
            -0.7774163484573364,
            -0.16233961284160614
        ],
        [
            0.06630934029817581,
            -0.7702720165252686,
            -0.15972113609313965
        ],
        [
            0.07110108435153961,
            -0.770165741443634,
            -0.15395572781562805
        ],
        [
            0.06402453035116196,
            -0.7640867233276367,
            -0.1586536467075348
        ],
        [
            0.07008445262908936,
            -0.7617943286895752,
            -0.1507507860660553
        ],
        [
            0.06149419769644737,
            -0.7466413974761963,
            -0.15037305653095245
        ],
        [
            0.06585187464952469,
            -0.7531872987747192,
            -0.15048739314079285
        ],
        [
            0.060330379754304886,
            -0.7580075860023499,
            -0.15907764434814453
        ],
        [
            0.055253010243177414,
            -0.7524775266647339,
            -0.16237734258174896
        ],
        [
            0.04319439083337784,
            -0.7569875121116638,
            -0.17112591862678528
        ],
        [
            0.037288956344127655,
            -0.7555672526359558,
            -0.17408491671085358
        ],
        [
            0.04219992458820343,
            -0.7433592677116394,
            -0.17153656482696533
        ],
        [
            0.04851948097348213,
            -0.7469579577445984,
            -0.16756945848464966
        ],
        [
            0.044136613607406616,
            -0.7788674831390381,
            -0.17350277304649353
        ],
        [
            0.04811123386025429,
            -0.7790641784667969,
            -0.17057719826698303
        ],
        [
            0.048302169889211655,
            -0.7806079387664795,
            -0.17293372750282288
        ],
        [
            0.044091783463954926,
            -0.781661868095398,
            -0.17621582746505737
        ],
        [
            0.05164162442088127,
            -0.7789440155029297,
            -0.16870757937431335
        ],
        [
            0.05329196900129318,
            -0.7787293195724487,
            -0.16788312792778015
        ],
        [
            0.05304347723722458,
            -0.7800565958023071,
            -0.16914589703083038
        ],
        [
            0.05173433572053909,
            -0.7799272537231445,
            -0.16931867599487305
        ],
        [
            0.049752168357372284,
            -0.7794698476791382,
            -0.17002783715724945
        ],
        [
            0.04883792996406555,
            -0.7774863839149475,
            -0.17040225863456726
        ],
        [
            0.050817493349313736,
            -0.7781287431716919,
            -0.16925714910030365
        ],
        [
            0.04525744915008545,
            -0.7765549421310425,
            -0.17325381934642792
        ],
        [
            0.03221903368830681,
            -0.7736672163009644,
            -0.18129317462444305
        ],
        [
            0.036281928420066833,
            -0.7743945121765137,
            -0.17970392107963562
        ],
        [
            0.03478650748729706,
            -0.7786911129951477,
            -0.1789635568857193
        ],
        [
            0.03118695132434368,
            -0.7784520983695984,
            -0.18038028478622437
        ],
        [
            0.051187437027692795,
            -0.7820549011230469,
            -0.1710183471441269
        ],
        [
            0.053744081407785416,
            -0.7836516499519348,
            -0.17041327059268951
        ],
        [
            0.04979683831334114,
            -0.7863309383392334,
            -0.1739666759967804
        ],
        [
            0.04879779368638992,
            -0.7834542989730835,
            -0.17337654531002045
        ],
        [
            0.05644145980477333,
            -0.7858085632324219,
            -0.17017386853694916
        ],
        [
            0.055241670459508896,
            -0.7814294099807739,
            -0.16851110756397247
        ],
        [
            0.05788802728056908,
            -0.7821899652481079,
            -0.167740136384964
        ],
        [
            0.05283421650528908,
            -0.7769595384597778,
            -0.1679430454969406
        ],
        [
            0.05550083890557289,
            -0.7753776907920837,
            -0.16637206077575684
        ],
        [
            0.05601520836353302,
            -0.7780666947364807,
            -0.16742146015167236
        ],
        [
            0.05358940362930298,
            -0.7719383239746094,
            -0.16676414012908936
        ],
        [
            0.05034327507019043,
            -0.7749067544937134,
            -0.168963223695755
        ],
        [
            0.04684445634484291,
            -0.7729290127754211,
            -0.17171604931354523
        ],
        [
            0.042248357087373734,
            -0.7711608409881592,
            -0.17523624002933502
        ],
        [
            0.04491514340043068,
            -0.766229510307312,
            -0.17213478684425354
        ],
        [
            0.049851447343826294,
            -0.7687664031982422,
            -0.1689704954624176
        ],
        [
            0.05150420963764191,
            -0.7902702689170837,
            -0.17310716211795807
        ],
        [
            0.06017163023352623,
            -0.7776697874069214,
            -0.16525675356388092
        ],
        [
            0.06331191956996918,
            -0.7844732999801636,
            -0.16492241621017456
        ],
        [
            0.06017015129327774,
            -0.7728124856948853,
            -0.1640593707561493
        ],
        [
            0.05815143510699272,
            -0.7680790424346924,
            -0.16363182663917542
        ],
        [
            0.0542738176882267,
            -0.7635380625724792,
            -0.16507825255393982
        ],
        [
            0.04891425743699074,
            -0.7599961757659912,
            -0.16810709238052368
        ],
        [
            0.04452833905816078,
            -0.7345426082611084,
            -0.15927551686763763
        ],
        [
            0.05258326977491379,
            -0.7396018505096436,
            -0.15560096502304077
        ],
        [
            0.05576407164335251,
            -0.8614048957824707,
            -0.17421868443489075
        ],
        [
            0.06438501179218292,
            -0.8610727787017822,
            -0.171571284532547
        ],
        [
            0.06548763066530228,
            -0.8531049489974976,
            -0.1670207977294922
        ],
        [
            0.06744526326656342,
            -0.8557826280593872,
            -0.16672581434249878
        ],
        [
            0.06169851869344711,
            -0.8566147089004517,
            -0.17015306651592255
        ],
        [
            0.06142887473106384,
            -0.8537746667861938,
            -0.16943217813968658
        ],
        [
            0.07956918329000473,
            -0.8464195728302002,
            -0.15119752287864685
        ],
        [
            0.07458348572254181,
            -0.8481590151786804,
            -0.15587185323238373
        ],
        [
            0.07478483021259308,
            -0.8441172242164612,
            -0.15407143533229828
        ],
        [
            0.08128343522548676,
            -0.8394982814788818,
            -0.15009550750255585
        ],
        [
            0.06770326942205429,
            -0.8360675573348999,
            -0.16149047017097473
        ],
        [
            0.07189369201660156,
            -0.8374046087265015,
            -0.15794284641742706
        ],
        [
            0.0680544525384903,
            -0.8442894220352173,
            -0.1610291302204132
        ],
        [
            0.06489964574575424,
            -0.8433369398117065,
            -0.16350968182086945
        ],
        [
            0.06122734770178795,
            -0.8427144289016724,
            -0.16555561125278473
        ],
        [
            0.05686618387699127,
            -0.8423610925674438,
            -0.16663144528865814
        ],
        [
            0.05746202543377876,
            -0.8371286392211914,
            -0.16621056199073792
        ],
        [
            0.06259026378393173,
            -0.8363685607910156,
            -0.1643725484609604
        ],
        [
            0.05531492829322815,
            -0.8578068017959595,
            -0.17142567038536072
        ],
        [
            0.04803744703531265,
            -0.8564172983169556,
            -0.17108845710754395
        ],
        [
            0.04966823756694794,
            -0.8536956310272217,
            -0.17048147320747375
        ],
        [
            0.055767983198165894,
            -0.854480504989624,
            -0.17107772827148438
        ],
        [
            0.039851799607276917,
            -0.8465279936790466,
            -0.16554614901542664
        ],
        [
            0.0409243181347847,
            -0.8490645885467529,
            -0.166524738073349
        ],
        [
            0.03733989596366882,
            -0.8503003120422363,
            -0.1678706854581833
        ],
        [
            0.03672289103269577,
            -0.8457743525505066,
            -0.16699181497097015
        ],
        [
            0.03911219909787178,
            -0.842880129814148,
            -0.16697126626968384
        ],
        [
            0.04122757911682129,
            -0.8449440002441406,
            -0.1658986210823059
        ],
        [
            0.05449695140123367,
            -0.9157146215438843,
            -0.1654360443353653
        ],
        [
            0.050234608352184296,
            -0.8987444043159485,
            -0.17389130592346191
        ],
        [
            0.06942048668861389,
            -0.9094158411026001,
            -0.15227672457695007
        ],
        [
            0.08066999912261963,
            -0.8997774124145508,
            -0.1417486071586609
        ],
        [
            0.08922421932220459,
            -0.8860923647880554,
            -0.13268855214118958
        ],
        [
            0.07796919345855713,
            -0.7834836840629578,
            -0.15037262439727783
        ],
        [
            0.07945670187473297,
            -0.7744475603103638,
            -0.14412356913089752
        ],
        [
            0.08720216155052185,
            -0.7820872664451599,
            -0.1319434642791748
        ],
        [
            0.08539219200611115,
            -0.7713581323623657,
            -0.1273183822631836
        ],
        [
            0.07786721736192703,
            -0.763565719127655,
            -0.1402779072523117
        ],
        [
            0.06399963796138763,
            -0.7438216209411621,
            -0.13684327900409698
        ],
        [
            0.07260491698980331,
            -0.7525318264961243,
            -0.13794942200183868
        ],
        [
            0.08075691759586334,
            -0.7605113983154297,
            -0.12184998393058777
        ],
        [
            0.08803156018257141,
            -0.7739181518554688,
            -0.10717906057834625
        ],
        [
            0.09050051867961884,
            -0.7813283205032349,
            -0.11525484174489975
        ],
        [
            0.0922975018620491,
            -0.7894479036331177,
            -0.09492452442646027
        ],
        [
            0.0830799788236618,
            -0.7657533884048462,
            -0.09567051380872726
        ],
        [
            0.0893152505159378,
            -0.7887102365493774,
            -0.08669020980596542
        ],
        [
            0.06791986525058746,
            -0.7271618843078613,
            -0.0960007756948471
        ],
        [
            0.07094864547252655,
            -0.7146104574203491,
            -0.09133592247962952
        ],
        [
            0.0847986489534378,
            -0.723349392414093,
            -0.08163553476333618
        ],
        [
            0.0816802829504013,
            -0.7353120446205139,
            -0.08564002066850662
        ],
        [
            0.09148655831813812,
            -0.7900883555412292,
            -0.12286967039108276
        ],
        [
            0.09240175783634186,
            -0.85395348072052,
            -0.13016429543495178
        ],
        [
            0.08894392848014832,
            -0.8535324335098267,
            -0.14128762483596802
        ],
        [
            0.09497468173503876,
            -0.8408406972885132,
            -0.12665601074695587
        ],
        [
            0.09162164479494095,
            -0.9125451445579529,
            -0.11036466062068939
        ],
        [
            0.0866936668753624,
            -0.9084947109222412,
            -0.1274312138557434
        ],
        [
            0.09352169930934906,
            -0.8932311534881592,
            -0.12060292065143585
        ],
        [
            0.09799925982952118,
            -0.8996376395225525,
            -0.10519081354141235
        ],
        [
            0.06229770928621292,
            -0.9455734491348267,
            -0.11884652078151703
        ],
        [
            0.06035821884870529,
            -0.933927059173584,
            -0.14330312609672546
        ],
        [
            0.07269100844860077,
            -0.9231312274932861,
            -0.1361822932958603
        ],
        [
            0.0764211118221283,
            -0.931932806968689,
            -0.11627146601676941
        ],
        [
            0.09973637014627457,
            -0.900726318359375,
            -0.091820627450943
        ],
        [
            0.10023514181375504,
            -0.9020510911941528,
            -0.07287865877151489
        ],
        [
            0.09589305520057678,
            -0.9176903367042542,
            -0.06628719717264175
        ],
        [
            0.09317456930875778,
            -0.9175589084625244,
            -0.08912846446037292
        ],
        [
            0.08258573710918427,
            -0.9366539716720581,
            -0.05965873599052429
        ],
        [
            0.08102136105298996,
            -0.9377952218055725,
            -0.08697572350502014
        ],
        [
            0.08787228912115097,
            -0.7754743099212646,
            -0.07655985653400421
        ],
        [
            0.08917385339736938,
            -0.794015645980835,
            -0.07388561964035034
        ],
        [
            0.0785679966211319,
            -0.749670147895813,
            -0.09180130064487457
        ],
        [
            0.08774778991937637,
            -0.7587466239929199,
            -0.0770205408334732
        ],
        [
            0.06504276394844055,
            -0.9505611658096313,
            -0.05496777594089508
        ],
        [
            0.062468498945236206,
            -0.9532966613769531,
            -0.08653774857521057
        ],
        [
            0.0910419151186943,
            -0.8799625039100647,
            -0.023518554866313934
        ],
        [
            0.0931774228811264,
            -0.8973441123962402,
            -0.03156784921884537
        ],
        [
            0.09957323223352432,
            -0.8849373459815979,
            -0.047289956361055374
        ],
        [
            0.09784465283155441,
            -0.8701760172843933,
            -0.037937648594379425
        ],
        [
