{
    "pred_cam": [
        1.4792048931121826,
        -0.021940534934401512,
        0.32967421412467957
    ],
    "pred_smpl_params": {
        "global_orient": [
            [
                [
                    0.9912257790565491,
                    0.04516329988837242,
                    -0.12422465533018112
                ],
                [
                    0.054600488394498825,
                    -0.9957888722419739,
                    0.07364320009946823
                ],
                [
                    -0.12037555873394012,
                    -0.07977975904941559,
                    -0.9895175099372864
                ]
            ]
        ],
        "body_pose": [
            [
                [
                    0.9992372393608093,
                    -0.021576140075922012,
                    0.03254905715584755
                ],
                [
                    0.019555022940039635,
                    0.9979349970817566,
                    0.06118367239832878
                ],
                [
                    -0.03380194678902626,
                    -0.060500506311655045,
                    0.9975957274436951
                ]
            ],
            [
                [
                    0.9988442659378052,
                    -0.0074762445874512196,
                    0.0474785752594471
                ],
                [
                    0.004558115731924772,
                    0.9981105327606201,
                    0.06127544492483139
                ],
                [
                    -0.047846972942352295,
                    -0.06098821386694908,
                    0.9969910383224487
                ]
            ],
            [
                [
                    0.9989445805549622,
                    -0.015318878926336765,
                    -0.04329969733953476
                ],
                [
                    0.013375740498304367,
                    0.9989057183265686,
                    -0.04481590539216995
                ],
                [
                    0.04393884539604187,
                    0.0441894493997097,
                    0.9980563521385193
                ]
            ],
            [
                [
                    0.9872563481330872,
                    0.039502546191215515,
                    -0.15415729582309723
                ],
                [
                    -0.14964725077152252,
                    0.5599804520606995,
                    -0.8148788809776306
                ],
                [
                    0.054135240614414215,
                    0.8275635838508606,
                    0.5587556958198547
                ]
            ],
            [
                [
                    0.9797571301460266,
                    0.03637406602501869,
                    0.1968575268983841
                ],
                [
                    0.14408543705940247,
                    0.5545547604560852,
                    -0.8195781111717224
                ],
                [
                    -0.13897967338562012,
                    0.8313518166542053,
                    0.5380880236625671
                ]
            ],
            [
                [
                    0.9992479681968689,
                    -0.01862880401313305,
                    -0.03400783985853195
                ],
                [
                    0.021142881363630295,
                    0.9969495534896851,
                    0.07512977719306946
                ],
                [
                    0.032504525035619736,
                    -0.07579229772090912,
                    0.9965936541557312
                ]
            ],
            [
                [
                    0.9727286696434021,
                    0.008989686146378517,
                    0.23177173733711243
                ],
                [
                    -0.03464845195412636,
                    0.9936684966087341,
                    0.10687573254108429
                ],
                [
                    -0.2293434888124466,
                    -0.11199161410331726,
                    0.9668813347816467
                ]
            ],
            [
                [
                    0.9716492891311646,
                    0.013074674643576145,
                    -0.2360651195049286
                ],
                [
                    0.008931238204240799,
                    0.9957273006439209,
                    0.09191042929887772
                ],
                [
                    0.2362581491470337,
                    -0.09141305834054947,
                    0.967380940914154
                ]
            ],
            [
                [
                    0.9990349411964417,
                    -0.014543388970196247,
                    -0.041445519775152206
                ],
                [
                    0.011043642647564411,
                    0.9964503645896912,
                    -0.0834539532661438
                ],
                [
                    0.042512115091085434,
                    0.08291570097208023,
                    0.9956493377685547
                ]
            ],
            [
                [
                    0.9912555813789368,
                    -0.10266046971082687,
                    -0.08290477842092514
                ],
                [
                    0.11537051945924759,
                    0.97920161485672,
                    0.16689465939998627
                ],
                [
                    0.06404700875282288,
                    -0.17500002682209015,
                    0.9824830293655396
                ]
            ],
            [
                [
                    0.9915400147438049,
                    0.07851727306842804,
                    0.10336116701364517
                ],
                [
                    -0.09947697073221207,
                    0.9711971282958984,
                    0.21651874482631683
                ],
                [
                    -0.08338361978530884,
                    -0.2249690294265747,
                    0.9707914590835571
                ]
            ],
            [
                [
                    0.9957880973815918,
                    -0.05775405094027519,
                    0.07120824605226517
                ],
                [
                    0.047767274081707,
                    0.989728569984436,
                    0.1347421556711197
                ],
                [
                    -0.07825875282287598,
                    -0.13077320158481598,
                    0.988318681716919
                ]
            ],
            [
                [
                    0.9564525485038757,
                    0.270590603351593,
                    0.10944943130016327
                ],
                [
                    -0.26145634055137634,
                    0.9609270095825195,
                    -0.09088417887687683
                ],
                [
                    -0.1297653168439865,
                    0.05831015855073929,
                    0.9898287057876587
                ]
            ],
            [
                [
                    0.955427885055542,
                    -0.2666391432285309,
                    -0.12673307955265045
                ],
                [
                    0.2600899636745453,
                    0.963326632976532,
                    -0.06599237024784088
                ],
                [
                    0.13968150317668915,
                    0.030088940635323524,
                    0.9897392988204956
                ]
            ],
            [
                [
                    0.9989055395126343,
                    -0.015842819586396217,
                    0.04400739073753357
                ],
                [
                    0.01972252130508423,
                    0.9958207607269287,
                    -0.089174285531044
                ],
                [
                    -0.042410701513290405,
                    0.08994463831186295,
                    0.9950433373451233
                ]
            ],
            [
                [
                    0.4821127653121948,
                    0.8682668805122375,
                    -0.11696096509695053
                ],
                [
                    -0.8755573034286499,
                    0.4727587103843689,
                    -0.09949161112308502
                ],
                [
                    -0.031090954318642616,
                    0.1503722071647644,
                    0.9881404638290405
                ]
            ],
            [
                [
                    0.5049335360527039,
                    -0.8395885229110718,
                    0.20033277571201324
                ],
                [
                    0.8630735278129578,
                    0.48784559965133667,
                    -0.13080830872058868
                ],
                [
                    0.012093699537217617,
                    0.2389514148235321,
                    0.9709562063217163
                ]
            ],
            [
                [
                    0.8683563470840454,
                    -0.16748377680778503,
                    -0.466804563999176
                ],
                [
                    0.06448524445295334,
                    0.9713902473449707,
                    -0.22856661677360535
                ],
                [
                    0.49173060059547424,
                    0.16837525367736816,
                    0.8543131351470947
                ]
            ],
            [
                [
                    0.7462253570556641,
                    0.20196208357810974,
                    0.6343176960945129
                ],
                [
                    -0.015230793505907059,
                    0.9577980637550354,
                    -0.2870379686355591
                ],
                [
                    -0.665519118309021,
                    0.20453384518623352,
                    0.71780925989151
                ]
            ],
            [
                [
                    0.9998595118522644,
                    0.00589842488989234,
                    0.015692725777626038
                ],
                [
                    -0.0040784310549497604,
                    0.9935207366943359,
                    -0.11357804387807846
                ],
                [
                    -0.01626097783446312,
                    0.11349807679653168,
                    0.9934052228927612
                ]
            ],
            [
                [
                    0.9997195601463318,
                    0.00765559496358037,
                    -0.022409342229366302
                ],
                [
                    -0.009689425118267536,
                    0.9957021474838257,
                    -0.09210538864135742
                ],
                [
                    0.021607907488942146,
                    0.09229668974876404,
                    0.9954971075057983
                ]
            ],
            [
                [
                    0.9716981649398804,
                    0.22520674765110016,
                    -0.07130633294582367
                ],
                [
                    -0.21078668534755707,
                    0.9628756642341614,
                    0.16863968968391418
                ],
                [
                    0.10663793981075287,
                    -0.14883644878864288,
                    0.983095109462738
                ]
            ],
            [
                [
                    0.9740051031112671,
                    -0.22417715191841125,
                    0.032536402344703674
                ],
                [
                    0.21454526484012604,
                    0.9590182304382324,
                    0.18507927656173706
                ],
                [
                    -0.07269354909658432,
                    -0.17328763008117676,
                    0.9821847677230835
                ]
            ]
        ],
        "betas": [
            -0.146164208650589,
            0.171662375330925,
            0.4344637095928192,
            -0.06444060802459717,
            -0.008844554424285889,
            0.15022632479667664,
            0.1022481918334961,
            -0.20928549766540527,
            0.09387832134962082,
            -0.16730278730392456
        ]
    },
    "pred_cam_t": [
        -0.021940534934401512,
        0.32967421412467957,
        26.40776824951172
    ],
    "focal_length": [
        5000.0,
        5000.0
    ],
    "pred_keypoints_3d": [
        [
            -0.011434182524681091,
            -0.8531961441040039,
            -0.13800475001335144
        ],
        [
            0.015113882720470428,
            -0.735320508480072,
            0.015078462660312653
        ],
        [
            -0.1489974856376648,
            -0.653679370880127,
            0.08299554139375687
        ],
        [
            -0.18499794602394104,
            -0.4207116663455963,
            0.173007994890213
        ],
        [
            -0.2591235041618347,
            -0.20260834693908691,
            0.06903205811977386
        ],
        [
            0.18491259217262268,
            -0.648859441280365,
            -0.008179368451237679
        ],
        [
            0.24751988053321838,
            -0.4116169810295105,
            0.07341770827770233
        ],
        [
            0.2935114800930023,
            -0.18234354257583618,
            -0.003719910979270935
        ],
        [
            -0.0016126511618494987,
            -0.22286462783813477,
            0.027400542050600052
        ],
        [
            -0.07244998961687088,
            -0.13643024861812592,
            0.0477294921875
        ],
        [
            -0.12683537602424622,
            0.24228931963443756,
            0.06618306785821915
        ],
        [
            -0.11643000692129135,
            0.4186861515045166,
            0.42280951142311096
        ],
        [
            0.06453471630811691,
            -0.1282138079404831,
            0.03391296789050102
        ],
        [
            0.08676071465015411,
            0.24624966084957123,
            0.041992731392383575
        ],
        [
            0.09054047614336014,
            0.42388778924942017,
            0.3978043794631958
        ],
        [
            -0.041952505707740784,
            -0.8893284797668457,
            -0.09824617207050323
        ],
        [
            0.023199211806058884,
            -0.8945176005363464,
            -0.10825168341398239
        ],
        [
            -0.06626036763191223,
            -0.8647986650466919,
            -0.0007802192121744156
        ],
        [
            0.07561144977807999,
            -0.8766301870346069,
            -0.02381015568971634
        ],
        [
            0.08143327385187149,
            0.6041358113288879,
            0.31830334663391113
        ],
        [
            0.1501084864139557,
            0.5725510120391846,
            0.35212308168411255
        ],
        [
            0.10239695012569427,
            0.39895328879356384,
            0.46327123045921326
        ],
        [
            -0.1193900927901268,
            0.5946086645126343,
            0.3415302038192749
        ],
        [
            -0.19054433703422546,
            0.5623935461044312,
            0.37597620487213135
        ],
        [
            -0.11992871761322021,
            0.4008674919605255,
            0.49461910128593445
        ],
        [
            -0.13842232525348663,
            0.36954742670059204,
            0.3980686664581299
        ],
        [
            -0.1223515197634697,
            0.18692684173583984,
            0.05104287713766098
        ],
        [
            -0.14559973776340485,
            -0.2616903781890869,
            0.04985758289694786
        ],
        [
            0.14764127135276794,
            -0.23202267289161682,
            0.029666021466255188
        ],
        [
            0.09908504784107208,
            0.21130497753620148,
            0.03134765848517418
        ],
        [
            0.10179810971021652,
            0.38406044244766235,
            0.38451188802719116
        ],
        [
            -0.24641311168670654,
            -0.23009337484836578,
            0.04945589229464531
        ],
        [
            -0.21775013208389282,
            -0.44101646542549133,
            0.15584304928779602
        ],
        [
            -0.11736056953668594,
            -0.6809629201889038,
            0.0704728364944458
        ],
        [
            0.15720421075820923,
            -0.6798421144485474,
            0.001860181801021099
        ],
        [
            0.27361682057380676,
            -0.43349355459213257,
            0.034642331302165985
        ],
        [
            0.29163751006126404,
            -0.1997683048248291,
            -0.014517364092171192
        ],
        [
            0.017536060884594917,
            -0.7347967624664307,
            0.01559760607779026
        ],
        [
            0.002525842748582363,
            -0.9242466688156128,
            -0.02196347899734974
        ],
        [
            0.0016985397087410092,
            -0.24706941843032837,
            0.03972407802939415
        ],
        [
            0.01797359436750412,
            -0.6788233518600464,
            0.031012309715151787
        ],
        [
            0.016916023567318916,
            -0.4932315945625305,
            0.0418020561337471
        ],
        [
            0.008116846904158592,
            -0.821768581867218,
            -0.06616397947072983
        ],
        [
            -0.0016946136020123959,
            -0.9424089789390564,
            -0.01070239394903183
        ]
    ],
    "pred_vertices": [
        [
            0.03128886595368385,
            -0.9410779476165771,
            -0.10565120726823807
        ],
        [
            0.025239693000912666,
            -0.9271460771560669,
            -0.11196383833885193
        ],
        [
            0.03740601986646652,
            -0.9234669208526611,
            -0.10547789931297302
        ],
        [
            0.043924152851104736,
            -0.9339070320129395,
            -0.09605170041322708
        ],
        [
            0.03335830569267273,
            -0.9148272275924683,
            -0.11122136563062668
        ],
        [
            0.022576039656996727,
            -0.9158993363380432,
            -0.11644201725721359
        ],
        [
            0.04596048593521118,
            -0.9170069694519043,
            -0.09677993506193161
        ],
        [
            0.052122216671705246,
            -0.9238501787185669,
            -0.08640387654304504
        ],
        [
            0.055664271116256714,
            -0.8816317319869995,
            -0.09025806933641434
        ],
        [
            0.06117606163024902,
            -0.8764476776123047,
            -0.08201660215854645
        ],
        [
            0.06003258377313614,
            -0.8880592584609985,
            -0.08216620981693268
        ],
        [
            0.05368522182106972,
            -0.8898121118545532,
            -0.08997883647680283
        ],
        [
            0.056872203946113586,
            -0.8553707599639893,
            -0.08942640572786331
        ],
        [
            0.050105538219213486,
            -0.8466129899024963,
            -0.0975915938615799
        ],
        [
            0.054118797183036804,
            -0.8368276357650757,
            -0.08929844200611115
        ],
        [
            0.0596858486533165,
            -0.8449273705482483,
            -0.08024346828460693
        ],
        [
            0.014446201734244823,
            -0.8603829145431519,
            -0.11464619636535645
        ],
        [
            0.020234577357769012,
            -0.8541980981826782,
            -0.11488476395606995
        ],
        [
            0.02377420663833618,
            -0.8609873056411743,
            -0.11391441524028778
        ],
        [
            0.017288848757743835,
            -0.8663035035133362,
            -0.11333055794239044
        ],
        [
            0.0039050625637173653,
            -0.8694285154342651,
            -0.1185256764292717
        ],
        [
            0.00503199826925993,
            -0.8746384978294373,
            -0.11483059078454971
        ],
        [
            -0.0005719028413295746,
            -0.8786563277244568,
            -0.11874644458293915
        ],
        [
            -0.0010151248425245285,
            -0.8728535771369934,
            -0.12360883504152298
        ],
        [
            0.009433815255761147,
            -0.8547646999359131,
            -0.11449019610881805
        ],
        [
            0.015656132251024246,
            -0.8484315872192383,
            -0.1143382340669632
        ],
        [
            0.009315752424299717,
            -0.8657935857772827,
            -0.11514061689376831
        ],
        [
            0.007316685281693935,
            -0.8609014749526978,
            -0.117446668446064
        ],
        [
            0.003346567042171955,
            -0.8557296991348267,
            -0.1275884509086609
        ],
        [
            0.004708390682935715,
            -0.8603296279907227,
            -0.12587107717990875
        ],
        [
            0.0003806166350841522,
            -0.861827552318573,
            -0.13208918273448944
        ],
        [
            -0.0003748275339603424,
            -0.8562321662902832,
            -0.13186146318912506
        ],
        [
            0.007282962091267109,
            -0.8542029857635498,
            -0.11904716491699219
        ],
        [
            0.007246949709951878,
            -0.8573542237281799,
            -0.12160281836986542
        ],
        [
            0.004795207642018795,
            -0.8537392616271973,
            -0.12390418350696564
        ],
        [
            0.0039981454610824585,
            -0.8512206077575684,
            -0.12071677297353745
        ],
        [
            0.0031208358705043793,
            -0.8652624487876892,
            -0.12167321145534515
        ],
        [
            -0.0007404908537864685,
            -0.867713212966919,
            -0.1278744637966156
        ],
        [
            -0.005625659599900246,
            -0.869603157043457,
            -0.13402573764324188
        ],
        [
            -0.004600951448082924,
            -0.8616389036178589,
            -0.13829565048217773
        ],
        [
            0.03240302950143814,
            -0.8409641981124878,
            -0.11105269193649292
        ],
        [
            0.026575127616524696,
            -0.847822904586792,
            -0.11416059732437134
        ],
        [
            0.02185136452317238,
            -0.8426437377929688,
            -0.11397261917591095
        ],
        [
            0.027151543647050858,
            -0.8372400403022766,
            -0.11219596862792969
        ],
        [
            0.005772900767624378,
            -0.8479862809181213,
            -0.11774805188179016
        ],
        [
            0.010270452126860619,
            -0.8325194120407104,
            -0.11972271651029587
        ],
        [
            0.010286272503435612,
            -0.8363205194473267,
            -0.11958040297031403
        ],
        [
            0.0038241948932409286,
            -0.8371317386627197,
            -0.12260137498378754
        ],
        [
            0.004456839524209499,
            -0.8336201906204224,
            -0.12265974283218384
        ],
        [
            0.03904066979885101,
            -0.826263427734375,
            -0.10397728532552719
        ],
        [
            0.03295231610536575,
            -0.8252649307250977,
            -0.10763310641050339
        ],
        [
            0.03400348871946335,
            -0.8182194828987122,
            -0.10560592263936996
        ],
        [
            0.03966300189495087,
            -0.8177542686462402,
            -0.10070866346359253
        ],
        [
            0.03206130117177963,
            -0.8123355507850647,
            -0.10455696284770966
        ],
        [
            0.03910741209983826,
            -0.8095033168792725,
            -0.09783563017845154
        ],
        [
            0.030980579555034637,
            -0.7948440313339233,
            -0.09777520596981049
        ],
        [
            0.03529836982488632,
            -0.8013060092926025,
            -0.09766329824924469
        ],
        [
            0.028527677059173584,
            -0.8065643310546875,
            -0.10493811964988708
        ],
        [
            0.023295342922210693,
            -0.8013278245925903,
            -0.10783542692661285
        ],
        [
            0.010446550324559212,
            -0.8058044910430908,
            -0.11483889818191528
        ],
        [
            0.004577921703457832,
            -0.80440354347229,
            -0.11687573045492172
        ],
        [
            0.009862411767244339,
            -0.7925242185592651,
            -0.11610580235719681
        ],
        [
            0.01634274609386921,
            -0.7961944341659546,
            -0.11241580545902252
        ],
        [
            0.010832464322447777,
            -0.8269041180610657,
            -0.11579003930091858
        ],
        [
            0.014929886907339096,
            -0.8270225524902344,
            -0.11339105665683746
        ],
        [
            0.014883039519190788,
            -0.8286855220794678,
            -0.11561168730258942
        ],
        [
            0.010505715385079384,
            -0.8297269344329834,
            -0.11840140074491501
        ],
        [
            0.018533436581492424,
            -0.826951265335083,
            -0.11179827898740768
        ],
        [
            0.020216014236211777,
            -0.8267534971237183,
            -0.11124151200056076
        ],
        [
            0.019852181896567345,
            -0.8280817270278931,
            -0.11239339411258698
        ],
        [
            0.018345952033996582,
            -0.8277050256729126,
            -0.11248306185007095
        ],
        [
            0.01641596481204033,
            -0.8272662162780762,
            -0.11289672553539276
        ],
        [
            0.015500508248806,
            -0.8253455758094788,
            -0.11331033706665039
        ],
        [
            0.017677396535873413,
            -0.8261613845825195,
            -0.11223147064447403
        ],
        [
            0.011828567832708359,
            -0.8245042562484741,
            -0.11579149961471558
        ],
        [
            -0.0010961834341287613,
            -0.8214424848556519,
            -0.12226071208715439
        ],
        [
            0.0028103720396757126,
            -0.8226034641265869,
            -0.12125885486602783
        ],
        [
            0.0013059023767709732,
            -0.8267439603805542,
            -0.1199522614479065
        ],
        [
            -0.002081476151943207,
            -0.8259907960891724,
            -0.1207527220249176
        ],
        [
            0.017871083691716194,
            -0.8294084072113037,
            -0.11405710875988007
        ],
        [
            0.020378492772579193,
            -0.8316013813018799,
            -0.11353008449077606
        ],
        [
            0.01628824695944786,
            -0.8342875838279724,
            -0.11636854708194733
        ],
        [
            0.015353674069046974,
            -0.8314222097396851,
            -0.1159282699227333
        ],
        [
            0.022941160947084427,
            -0.8336853384971619,
            -0.11352699995040894
        ],
        [
            0.022052623331546783,
            -0.8293794393539429,
            -0.11188739538192749
        ],
        [
            0.025012921541929245,
            -0.829871654510498,
            -0.11149770766496658
        ],
        [
            0.01975012570619583,
            -0.8250167965888977,
            -0.11125579476356506
        ],
        [
            0.02257240004837513,
            -0.8234544992446899,
            -0.11011575162410736
        ],
        [
            0.022931059822440147,
            -0.8261665105819702,
            -0.11102509498596191
        ],
        [
            0.020743906497955322,
            -0.8201776742935181,
            -0.11060447990894318
        ],
        [
            0.01736513338983059,
            -0.82308030128479,
            -0.11222942173480988
        ],
        [
            0.01379399374127388,
            -0.821251392364502,
            -0.11474833637475967
        ],
        [
            0.009084086865186691,
            -0.8195616006851196,
            -0.11795798689126968
        ],
        [
            0.012002777308225632,
            -0.8147649765014648,
            -0.11547031998634338
        ],
        [
            0.01707126386463642,
            -0.8171827793121338,
            -0.11269867420196533
        ],
        [
            0.018085196614265442,
            -0.837733268737793,
            -0.11552943289279938
        ],
        [
            0.027246948331594467,
            -0.8257049322128296,
            -0.10953183472156525
        ],
        [
            0.030408916994929314,
            -0.8321795463562012,
            -0.10964042693376541
        ],
        [
            0.02744395099580288,
            -0.8208843469619751,
            -0.10869647562503815
        ],
        [
            0.02564970776438713,
            -0.8163312673568726,
            -0.10846168547868729
        ],
        [
            0.02175128646194935,
            -0.81219881772995,
            -0.10945871472358704
        ],
        [
            0.016351625323295593,
            -0.8086636066436768,
            -0.11238458752632141
        ],
        [
            0.013946594670414925,
            -0.7832144498825073,
            -0.10558627545833588
        ],
        [
            0.02213967964053154,
            -0.7883511781692505,
            -0.10227535665035248
        ],
        [
            0.02135329693555832,
            -0.9085335731506348,
            -0.1142984926700592
        ],
        [
            0.030201198533177376,
            -0.9077081680297852,
            -0.11269800364971161
        ],
        [
            0.03175143152475357,
            -0.8997327089309692,
            -0.10846857726573944
        ],
        [
            0.03345264866948128,
            -0.9028571248054504,
            -0.10828021913766861
        ],
        [
            0.027739156037569046,
            -0.9034198522567749,
            -0.110898956656456
        ],
        [
            0.02752172201871872,
            -0.9005820751190186,
            -0.11040694266557693
        ],
        [
            0.04705013334751129,
            -0.8920276165008545,
            -0.09522368758916855
        ],
        [
            0.041816629469394684,
            -0.89385586977005,
            -0.09928831458091736
        ],
        [
            0.04249677062034607,
            -0.8900176286697388,
            -0.0980127677321434
        ],
        [
            0.04911522567272186,
            -0.8856295943260193,
            -0.09511300921440125
        ],
        [
            0.03475506231188774,
            -0.8825070261955261,
            -0.10473161935806274
        ],
        [
            0.039192959666252136,
            -0.883814811706543,
            -0.10180561244487762
        ],
        [
            0.03488563373684883,
            -0.8904204964637756,
            -0.10373520851135254
        ],
        [
            0.03166206181049347,
            -0.8895086050033569,
            -0.10591842234134674
        ],
        [
            0.027803272008895874,
            -0.8889108300209045,
            -0.10762400925159454
        ],
        [
            0.023503029718995094,
            -0.8887566924095154,
            -0.108304962515831
        ],
        [
            0.024067793041467667,
            -0.8832833170890808,
            -0.10822045058012009
        ],
        [
            0.029324503615498543,
            -0.8825907707214355,
            -0.10700586438179016
        ],
        [
            0.02110138162970543,
            -0.9042133092880249,
            -0.11159119009971619
        ],
        [
            0.014016956090927124,
            -0.9029868245124817,
            -0.11058130860328674
        ],
        [
            0.015614994801580906,
            -0.8999186754226685,
            -0.11036787927150726
        ],
        [
            0.021634262055158615,
            -0.9009404182434082,
            -0.11160783469676971
        ],
        [
            0.006646354682743549,
            -0.8923927545547485,
            -0.10474015772342682
        ],
        [
            0.007576623000204563,
            -0.8950213193893433,
            -0.1057659387588501
        ],
        [
            0.0039603132754564285,
            -0.8962936997413635,
            -0.10662712156772614
        ],
        [
            0.0034344475716352463,
            -0.8916985988616943,
            -0.10587581992149353
        ],
        [
            0.0057646529749035835,
            -0.8887497782707214,
            -0.10633236169815063
        ],
        [
            0.007936550304293633,
            -0.8907930254936218,
            -0.10540927946567535
        ],
        [
            0.02180168405175209,
            -0.9620505571365356,
            -0.10091418027877808
        ],
        [
            0.016518231481313705,
            -0.9451348781585693,
            -0.11051144450902939
        ],
        [
            0.03849457949399948,
            -0.9547872543334961,
            -0.09114295244216919
        ],
        [
            0.049918584525585175,
            -0.9442581534385681,
            -0.08193109929561615
        ],
        [
            0.05847451090812683,
            -0.9305760264396667,
            -0.0743061825633049
        ],
        [
            0.04654185101389885,
            -0.830373227596283,
            -0.09752517193555832
        ],
        [
            0.04891257733106613,
            -0.8210552930831909,
            -0.09223799407482147
        ],
        [
            0.0572960190474987,
            -0.8275797367095947,
            -0.08082762360572815
        ],
        [
            0.05628090724349022,
            -0.8168549537658691,
            -0.07635167241096497
        ],
        [
            0.0478508323431015,
            -0.8103150129318237,
            -0.08862476050853729
        ],
        [
            0.03555583953857422,
            -0.7910757064819336,
            -0.08494509011507034
        ],
        [
            0.04350213333964348,
            -0.7996300458908081,
            -0.08636103570461273
        ],
        [
            0.05222853645682335,
            -0.8063102960586548,
            -0.07079033553600311
        ],
        [
            0.06068941578269005,
            -0.8178672790527344,
            -0.05619547516107559
        ],
        [
            0.06244131177663803,
            -0.8255582451820374,
            -0.06411463022232056
        ],
        [
            0.06514491140842438,
            -0.8324370980262756,
            -0.043506428599357605
        ],
        [
            0.05675404518842697,
            -0.8097771406173706,
            -0.044645342975854874
        ],
        [
            0.06283771991729736,
            -0.830797553062439,
            -0.03507790341973305
        ],
        [
            0.04251554608345032,
            -0.7734935283660889,
            -0.047642506659030914
        ],
        [
            0.04515330493450165,
            -0.761838436126709,
            -0.0444144643843174
        ],
        [
            0.058031629770994186,
            -0.7689610123634338,
            -0.03349849581718445
        ],
        [
            0.05599438026547432,
            -0.7805378437042236,
            -0.036547042429447174
        ],
        [
            0.06245923042297363,
            -0.834823489189148,
            -0.07156961411237717
        ],
        [
            0.0619262158870697,
            -0.8988299369812012,
            -0.07385875284671783
        ],
        [
            0.0566987469792366,
            -0.8987826108932495,
            -0.08432386070489883
        ],
        [
            0.06460645794868469,
            -0.8853759765625,
            -0.07175371050834656
        ],
        [
            0.06387044489383698,
            -0.956315815448761,
            -0.050404541194438934
        ],
        [
            0.057289671152830124,
            -0.9528977870941162,
            -0.06766550242900848
        ],
        [
            0.06513554602861404,
            -0.9368207454681396,
            -0.06283596903085709
        ],
        [
            0.07061835378408432,
            -0.9422000646591187,
            -0.04733585566282272
        ],
        [
            0.03432183340191841,
            -0.9895981550216675,
            -0.05308029428124428
        ],
        [
            0.029730796813964844,
            -0.979067325592041,
            -0.07893268018960953
        ],
        [
            0.042803533375263214,
            -0.9671801328659058,
            -0.07369775325059891
        ],
        [
            0.04867031052708626,
            -0.9757992029190063,
            -0.053020887076854706
        ],
        [
            0.0740908831357956,
            -0.9430317878723145,
            -0.03431636840105057
        ],
        [
            0.07694174349308014,
            -0.9425952434539795,
            -0.015972323715686798
        ],
        [
            0.07297076284885406,
            -0.9571560621261597,
            -0.007149919867515564
        ],
        [
            0.06791236996650696,
            -0.9595263004302979,
            -0.029039323329925537
        ],
        [
            0.060477472841739655,
            -0.9758059978485107,
            0.002573113888502121
        ],
        [
            0.0553768128156662,
            -0.9791373014450073,
            -0.02407163754105568
        ],
        [
            0.06326852738857269,
            -0.816963791847229,
            -0.025570016354322433
        ],
        [
            0.06404856592416763,
            -0.8346849679946899,
            -0.022431757301092148
        ],
        [
            0.05353934317827225,
            -0.7942048907279968,
            -0.041474200785160065
        ],
        [
            0.06292539834976196,
            -0.8012635111808777,
            -0.026533877477049828
        ],
        [
            0.042459506541490555,
            -0.9886776208877563,
            0.010970711708068848
        ],
        [
            0.03743622079491615,
            -0.9942396283149719,
            -0.020516661927103996
        ],
        [
            0.07320757210254669,
            -0.9161454439163208,
            0.03120231255888939
        ],
        [
            0.07379832863807678,
            -0.9345272779464722,
            0.024797018617391586
        ],
        [
            0.07885374128818512,
            -0.9236820340156555,
            0.007437121123075485
        ],
        [
