{
    "pred_cam": [
        1.4630647897720337,
        -0.027703097090125084,
        0.3487611711025238
    ],
    "pred_smpl_params": {
        "global_orient": [
            [
                [
                    0.9914907217025757,
                    0.028706911951303482,
                    -0.1269722729921341
                ],
                [
                    0.03587741404771805,
                    -0.9978662133216858,
                    0.054551009088754654
                ],
                [
                    -0.12513534724712372,
                    -0.05864226073026657,
                    -0.9904050230979919
                ]
            ]
        ],
        "body_pose": [
            [
                [
                    0.9988828301429749,
                    -0.03693472966551781,
                    0.02947557345032692
                ],
                [
                    0.03581950441002846,
                    0.9986541867256165,
                    0.037507135421037674
                ],
                [
                    -0.030821220949292183,
                    -0.03640943765640259,
                    0.9988614916801453
                ]
            ],
            [
                [
                    0.9986322522163391,
                    0.0007938405033200979,
                    0.052279822528362274
                ],
                [
                    -0.0014164355816319585,
                    0.9999285936355591,
                    0.01187214720994234
                ],
                [
                    -0.05226665735244751,
                    -0.011929955333471298,
                    0.9985620975494385
                ]
            ],
            [
                [
                    0.9994274377822876,
                    0.0009202329674735665,
                    -0.03382258862257004
                ],
                [
                    -0.001590372179634869,
                    0.999802827835083,
                    -0.019791776314377785
                ],
                [
                    0.03379771113395691,
                    0.019834235310554504,
                    0.9992318153381348
                ]
            ],
            [
                [
                    0.9864972233772278,
                    0.04519161581993103,
                    -0.1574193686246872
                ],
                [
                    -0.1528959423303604,
                    0.5986326336860657,
                    -0.7862961888313293
                ],
                [
                    0.05870237946510315,
                    0.799747884273529,
                    0.5974590182304382
                ]
            ],
            [
                [
                    0.9817013740539551,
                    0.052600618451833725,
                    0.18301764130592346
                ],
                [
                    0.11469832807779312,
                    0.603862464427948,
                    -0.7887929081916809
                ],
                [
                    -0.15200847387313843,
                    0.7953510284423828,
                    0.5867794156074524
                ]
            ],
            [
                [
                    0.9994966387748718,
                    -0.012091848999261856,
                    -0.02933073602616787
                ],
                [
                    0.01404812652617693,
                    0.9976248145103455,
                    0.06743539124727249
                ],
                [
                    0.028445648029446602,
                    -0.06781348586082458,
                    0.9972925186157227
                ]
            ],
            [
                [
                    0.9789271950721741,
                    0.040332723408937454,
                    0.20018693804740906
                ],
                [
                    -0.05643380805850029,
                    0.9955562949180603,
                    0.07538498193025589
                ],
                [
                    -0.1962568759918213,
                    -0.08509371429681778,
                    0.9768532514572144
                ]
            ],
            [
                [
                    0.9781392812728882,
                    -0.017603129148483276,
                    -0.20720447599887848
                ],
                [
                    0.03306787088513374,
                    0.9968987107276917,
                    0.07140989601612091
                ],
                [
                    0.20530486106872559,
                    -0.07670063525438309,
                    0.9756878614425659
                ]
            ],
            [
                [
                    0.9991200566291809,
                    -0.010875238105654716,
                    -0.04050707072019577
                ],
                [
                    0.005971691105514765,
                    0.9928447604179382,
                    -0.11926262080669403
                ],
                [
                    0.04151424393057823,
                    0.11891578137874603,
                    0.9920360445976257
                ]
            ],
            [
                [
                    0.9909064769744873,
                    -0.12688693404197693,
                    -0.04476584494113922
                ],
                [
                    0.13303475081920624,
                    0.9737429022789001,
                    0.1847333163022995
                ],
                [
                    0.020150182768702507,
                    -0.18900887668132782,
                    0.9817685484886169
                ]
            ],
            [
                [
                    0.9908955097198486,
                    0.11791826784610748,
                    0.06497253477573395
                ],
                [
                    -0.12926800549030304,
                    0.9681660532951355,
                    0.21434631943702698
                ],
                [
                    -0.03762885555624962,
                    -0.22079366445541382,
                    0.9745944738388062
                ]
            ],
            [
                [
                    0.9961749315261841,
                    -0.0496368482708931,
                    0.07191474735736847
                ],
                [
                    0.04043744504451752,
                    0.9914377331733704,
                    0.12416177242994308
                ],
                [
                    -0.07746198028326035,
                    -0.12077879160642624,
                    0.9896525740623474
                ]
            ],
            [
                [
                    0.9309523701667786,
                    0.35256242752075195,
                    0.09501303732395172
                ],
                [
                    -0.3428628742694855,
                    0.9335394501686096,
                    -0.10463777184486389
                ],
                [
                    -0.1255897730588913,
                    0.06483633071184158,
                    0.9899613261222839
                ]
            ],
            [
                [
                    0.9266684651374817,
                    -0.35603392124176025,
                    -0.12052088230848312
                ],
                [
                    0.34684374928474426,
                    0.9335102438926697,
                    -0.0908736139535904
                ],
                [
                    0.14486157894134521,
                    0.0424078069627285,
                    0.9885426759719849
                ]
            ],
            [
                [
                    0.9990062117576599,
                    -0.025397438555955887,
                    0.036627672612667084
                ],
                [
                    0.030906228348612785,
                    0.9868459105491638,
                    -0.15868191421031952
                ],
                [
                    -0.03211575746536255,
                    0.15965624153614044,
                    0.9866501092910767
                ]
            ],
            [
                [
                    0.44048258662223816,
                    0.8755692839622498,
                    -0.1983773410320282
                ],
                [
                    -0.8977037072181702,
                    0.4320661723613739,
                    -0.08629536628723145
                ],
                [
                    0.010154565796256065,
                    0.2160956859588623,
                    0.976319432258606
                ]
            ],
            [
                [
                    0.44546061754226685,
                    -0.8594470620155334,
                    0.25082963705062866
                ],
                [
                    0.8952803611755371,
                    0.4295389950275421,
                    -0.1181919053196907
                ],
                [
                    -0.006161431781947613,
                    0.2772126793861389,
                    0.9607887864112854
                ]
            ],
            [
                [
                    0.8597884178161621,
                    -0.1782386153936386,
                    -0.47853413224220276
                ],
                [
                    0.08406788110733032,
                    0.973726212978363,
                    -0.21163597702980042
                ],
                [
                    0.5036829710006714,
                    0.1417328119277954,
                    0.8521826863288879
                ]
            ],
            [
                [
                    0.8056076765060425,
                    0.16388757526874542,
                    0.5693305730819702
                ],
                [
                    -0.03018416278064251,
                    0.9710832238197327,
                    -0.23682543635368347
                ],
                [
                    -0.591680109500885,
                    0.1736036241054535,
                    0.7872589230537415
                ]
            ],
            [
                [
                    0.9982142448425293,
                    0.05295503884553909,
                    0.02764481119811535
                ],
                [
                    -0.05212897062301636,
                    0.9981958866119385,
                    -0.029792485758662224
                ],
                [
                    -0.02917259745299816,
                    0.028298182412981987,
                    0.9991738200187683
                ]
            ],
            [
                [
                    0.9979938864707947,
                    -0.048212967813014984,
                    -0.04103165119886398
                ],
                [
                    0.04715697467327118,
                    0.9985405206680298,
                    -0.026326803490519524
                ],
                [
                    0.04224105924367905,
                    0.024339064955711365,
                    0.998810887336731
                ]
            ],
            [
                [
                    0.9733490347862244,
                    0.21792146563529968,
                    -0.07142650336027145
                ],
                [
                    -0.20492173731327057,
                    0.9663161039352417,
                    0.15569309890270233
                ],
                [
                    0.10294944047927856,
                    -0.13690690696239471,
                    0.9852197170257568
                ]
            ],
            [
                [
                    0.9744800925254822,
                    -0.22136056423187256,
                    0.03725576773285866
                ],
                [
                    0.2124512791633606,
                    0.9630844593048096,
                    0.16532661020755768
                ],
                [
                    -0.07247723639011383,
                    -0.1531924605369568,
                    0.9855349659919739
                ]
            ]
        ],
        "betas": [
            -0.05647820234298706,
            0.42723727226257324,
            0.6513568162918091,
            0.9328237771987915,
            -0.056772083044052124,
            0.11918146163225174,
            0.003941088914871216,
            -0.03762197494506836,
            0.08637417107820511,
            -0.16052713990211487
        ]
    },
    "pred_cam_t": [
        -0.027703097090125084,
        0.3487611711025238,
        26.6990909576416
    ],
    "focal_length": [
        5000.0,
        5000.0
    ],
    "pred_keypoints_3d": [
        [
            -0.010554004460573196,
            -0.8729993104934692,
            -0.14521092176437378
        ],
        [
            0.013538781553506851,
            -0.7589377164840698,
            0.015432065352797508
        ],
        [
            -0.1531229019165039,
            -0.6656928658485413,
            0.08590857684612274
        ],
        [
            -0.15516382455825806,
            -0.4276362657546997,
            0.1642158329486847
        ],
        [
            -0.19361674785614014,
            -0.19526997208595276,
            0.07356081157922745
        ],
        [
            0.18618182837963104,
            -0.6607512831687927,
            -0.0015745852142572403
        ],
        [
            0.21516308188438416,
            -0.41733282804489136,
            0.07806265354156494
        ],
        [
            0.22562581300735474,
            -0.18448112905025482,
            -0.0022025704383850098
        ],
        [
            -0.00251510227099061,
            -0.2326355278491974,
            0.024322722107172012
        ],
        [
            -0.0681164488196373,
            -0.14502167701721191,
            0.04373147711157799
        ],
        [
            -0.11782662570476532,
            0.23256510496139526,
            0.07079870998859406
        ],
        [
            -0.11076302081346512,
            0.41992199420928955,
            0.4187638759613037
        ],
        [
            0.061460185796022415,
            -0.13927380740642548,
            0.029793890193104744
        ],
        [
            0.0981127992272377,
            0.23223067820072174,
            0.034419331699609756
        ],
        [
            0.10647950321435928,
            0.42575448751449585,
            0.378734290599823
        ],
        [
            -0.041714057326316833,
            -0.9115251302719116,
            -0.10678799450397491
        ],
        [
            0.023475907742977142,
            -0.9167993068695068,
            -0.11705285310745239
        ],
        [
            -0.06682589650154114,
            -0.8932082653045654,
            -0.007735610008239746
        ],
        [
            0.07613296806812286,
            -0.904814600944519,
            -0.03113674372434616
        ],
        [
            0.09520332515239716,
            0.6047921776771545,
            0.29408180713653564
        ],
        [
            0.16478070616722107,
            0.5743853449821472,
            0.3295356333255768
        ],
        [
            0.11862213909626007,
            0.40312620997428894,
            0.44482922554016113
        ],
        [
            -0.11057943850755692,
            0.5970083475112915,
            0.3326995074748993
        ],
        [
            -0.18191248178482056,
            0.5633792281150818,
            0.3688437044620514
        ],
        [
            -0.11540007591247559,
            0.4032088816165924,
            0.49039700627326965
        ],
        [
            -0.13256964087486267,
            0.3699299395084381,
            0.3948577046394348
        ],
        [
            -0.11276012659072876,
            0.1759144812822342,
            0.05437411367893219
        ],
        [
            -0.13984368741512299,
            -0.27016693353652954,
            0.04583711922168732
        ],
        [
            0.13829566538333893,
            -0.2455039769411087,
            0.025472460314631462
        ],
        [
            0.10756862908601761,
            0.1959029585123062,
            0.023875754326581955
        ],
        [
            0.11710496991872787,
            0.3854685425758362,
            0.36705464124679565
        ],
        [
            -0.18718010187149048,
            -0.22388005256652832,
            0.05153786018490791
        ],
        [
            -0.1891997903585434,
            -0.44352465867996216,
            0.14717218279838562
        ],
        [
            -0.11927583813667297,
            -0.696713387966156,
            0.07177320122718811
        ],
        [
            0.15674170851707458,
            -0.6946901082992554,
            0.006831308826804161
        ],
        [
            0.24237841367721558,
            -0.43583089113235474,
            0.03821955621242523
        ],
        [
            0.2263731062412262,
            -0.20230412483215332,
            -0.012666885741055012
        ],
        [
            0.016276611015200615,
            -0.75217205286026,
            0.017948739230632782
        ],
        [
            0.001875625690445304,
            -0.9522807598114014,
            -0.03460516780614853
        ],
        [
            -0.00029640772845596075,
            -0.2577923536300659,
            0.0353517010807991
        ],
        [
            0.016451379284262657,
            -0.6944197416305542,
            0.03488711640238762
        ],
        [
            0.014763688668608665,
            -0.5134940147399902,
            0.042973898351192474
        ],
        [
            0.008701864629983902,
            -0.846011757850647,
            -0.07022470235824585
        ],
        [
            -0.0026855790056288242,
            -0.9710100889205933,
            -0.024647030979394913
        ]
    ],
    "pred_vertices": [
        [
            0.03127983585000038,
            -0.9630411863327026,
            -0.11838485300540924
        ],
        [
            0.02551322989165783,
            -0.9487471580505371,
            -0.12399053573608398
        ],
        [
            0.03768283501267433,
            -0.9457520842552185,
            -0.11704682558774948
        ],
        [
            0.04395289719104767,
            -0.95672607421875,
            -0.10828489065170288
        ],
        [
            0.03371941298246384,
            -0.9368904829025269,
            -0.12210007011890411
        ],
        [
            0.022970452904701233,
            -0.9373641610145569,
            -0.1275348663330078
        ],
        [
            0.04626709967851639,
            -0.9400972723960876,
            -0.10771636664867401
        ],
        [
            0.052235640585422516,
            -0.9473556280136108,
            -0.09796648472547531
        ],
        [
            0.05592700466513634,
            -0.9054712057113647,
            -0.0982218086719513
        ],
        [
            0.06148923560976982,
            -0.9009324312210083,
            -0.0896422266960144
        ],
        [
            0.0603959783911705,
            -0.9125776290893555,
            -0.09081414341926575
        ],
        [
            0.054012738168239594,
            -0.9137818813323975,
            -0.09869533777236938
        ],
        [
            0.057365499436855316,
            -0.8791820406913757,
            -0.09552368521690369
        ],
        [
            0.05073343962430954,
            -0.8696843385696411,
            -0.10293826460838318
        ],
        [
            0.05503561347723007,
            -0.8604946732521057,
            -0.09419336915016174
        ],
        [
            0.06064347177743912,
            -0.8694112300872803,
            -0.08583831787109375
        ],
        [
            0.01492830365896225,
            -0.8820841312408447,
            -0.12107594311237335
        ],
        [
            0.02085813879966736,
            -0.8758571147918701,
            -0.12084822356700897
        ],
        [
            0.02421535551548004,
            -0.8827832937240601,
            -0.1202581450343132
        ],
        [
            0.017660221084952354,
            -0.8881099820137024,
            -0.12011308968067169
        ],
        [
            0.004393570125102997,
            -0.8909381628036499,
            -0.12609364092350006
        ],
        [
            0.005418408662080765,
            -0.8963843584060669,
            -0.1226230263710022
        ],
        [
            -8.373893797397614e-05,
            -0.9001072645187378,
            -0.12712718546390533
        ],
        [
            -0.0004167109727859497,
            -0.8939560651779175,
            -0.13175079226493835
        ],
        [
            0.010036156512796879,
            -0.8764206171035767,
            -0.12081727385520935
        ],
        [
            0.01644992269575596,
            -0.8699899911880493,
            -0.12024138867855072
        ],
        [
            0.009729752317070961,
            -0.8874901533126831,
            -0.1220930963754654
        ],
        [
            0.007845543324947357,
            -0.8825095891952515,
            -0.1243554949760437
        ],
        [
            0.004176104441285133,
            -0.8765404224395752,
            -0.13462167978286743
        ],
        [
            0.005426542833447456,
            -0.8812814950942993,
            -0.13315701484680176
        ],
        [
            0.0011905990540981293,
            -0.8822641372680664,
            -0.1396820843219757
        ],
        [
            0.0004754699766635895,
            -0.8766915798187256,
            -0.13907665014266968
        ],
        [
            0.008032173849642277,
            -0.875646710395813,
            -0.12565374374389648
        ],
        [
            0.00795589480549097,
            -0.8786886930465698,
            -0.1284967064857483
        ],
        [
            0.005633220076560974,
            -0.8748453855514526,
            -0.13066507875919342
        ],
        [
            0.004863230511546135,
            -0.8725029230117798,
            -0.12726815044879913
        ],
        [
            0.003731571137905121,
            -0.886568546295166,
            -0.12914884090423584
        ],
        [
            -4.3759122490882874e-05,
            -0.8885200023651123,
            -0.13577376306056976
        ],
        [
            -0.004858244210481644,
            -0.8898966312408447,
            -0.14233598113059998
        ],
        [
            -0.0037458017468452454,
            -0.8815344572067261,
            -0.14609673619270325
        ],
        [
            0.033315107226371765,
            -0.8628066778182983,
            -0.11616087704896927
        ],
        [
            0.027338162064552307,
            -0.8695110082626343,
            -0.11967393010854721
        ],
        [
            0.02277921698987484,
            -0.8642141819000244,
            -0.11944796144962311
        ],
        [
            0.02821369282901287,
            -0.8588901162147522,
            -0.11733697354793549
        ],
        [
            0.006651714444160461,
            -0.8693516254425049,
            -0.12400539219379425
        ],
        [
            0.01140997838228941,
            -0.853476881980896,
            -0.12492302060127258
        ],
        [
            0.01139142271131277,
            -0.8573986291885376,
            -0.12511640787124634
        ],
        [
            0.004988057538866997,
            -0.8579071164131165,
            -0.12826550006866455
        ],
        [
            0.0056340862065553665,
            -0.8542929887771606,
            -0.12795984745025635
        ],
        [
            0.040257856249809265,
            -0.848385214805603,
            -0.10831497609615326
        ],
        [
            0.034333281219005585,
            -0.8470522165298462,
            -0.11213771998882294
        ],
        [
            0.0355483815073967,
            -0.8399823904037476,
            -0.10962288081645966
        ],
        [
            0.041091546416282654,
            -0.8399537801742554,
            -0.10446389764547348
        ],
        [
            0.03378710523247719,
            -0.8339643478393555,
            -0.1081990897655487
        ],
        [
            0.04077525436878204,
            -0.8317512273788452,
            -0.10115406662225723
        ],
        [
            0.03281919285655022,
            -0.8167005181312561,
            -0.10053923726081848
        ],
        [
            0.03703764081001282,
            -0.8234010934829712,
            -0.10053625702857971
        ],
        [
            0.03031747043132782,
            -0.8279829621315002,
            -0.10836343467235565
        ],
        [
            0.025178411975502968,
            -0.8223754167556763,
            -0.11107505857944489
        ],
        [
            0.01210711058229208,
            -0.8263991475105286,
            -0.11818870902061462
        ],
        [
            0.006188093684613705,
            -0.8248542547225952,
            -0.12020237743854523
        ],
        [
            0.011789154261350632,
            -0.8128926753997803,
            -0.11884038150310516
        ],
        [
            0.018314018845558167,
            -0.8168115615844727,
            -0.11540928483009338
        ],
        [
            0.01199196558445692,
            -0.8479684591293335,
            -0.12041732668876648
        ],
        [
            0.01609780266880989,
            -0.848275363445282,
            -0.11803606897592545
        ],
        [
            0.016013119369745255,
            -0.8498368859291077,
            -0.12036445736885071
        ],
        [
            0.011631438508629799,
            -0.8506362438201904,
            -0.12323092669248581
        ],
        [
            0.019763540476560593,
            -0.8483219146728516,
            -0.11642071604728699
        ],
        [
            0.02146088145673275,
            -0.8482168316841125,
            -0.11582362651824951
        ],
        [
            0.02103418856859207,
            -0.8495191335678101,
            -0.11708246171474457
        ],
        [
            0.01954217255115509,
            -0.8490864634513855,
            -0.11711207777261734
        ],
        [
            0.017632588744163513,
            -0.8485541343688965,
            -0.11751070618629456
        ],
        [
            0.016765344887971878,
            -0.8464990854263306,
            -0.11782366782426834
        ],
        [
            0.018942484632134438,
            -0.8474304676055908,
            -0.11680874228477478
        ],
        [
            0.01312998030334711,
            -0.8453822731971741,
            -0.12028896808624268
        ],
        [
            0.0001611318439245224,
            -0.8419890999794006,
            -0.1264897733926773
        ],
        [
            0.004088271409273148,
            -0.8431031703948975,
            -0.12555477023124695
        ],
        [
            0.0024651940912008286,
            -0.8474835753440857,
            -0.12450370192527771
        ],
        [
            -0.0009010713547468185,
            -0.8467327952384949,
            -0.12530268728733063
        ],
        [
            0.019028495997190475,
            -0.8508296608924866,
            -0.11889965832233429
        ],
        [
            0.021522672846913338,
            -0.8530486822128296,
            -0.11855770647525787
        ],
        [
            0.01741943508386612,
            -0.8555063009262085,
            -0.12168847769498825
        ],
        [
            0.016474545001983643,
            -0.8526102304458618,
            -0.1209648996591568
        ],
        [
            0.02409377507865429,
            -0.8551934957504272,
            -0.11856900155544281
        ],
        [
            0.023260561749339104,
            -0.850906252861023,
            -0.11666670441627502
        ],
        [
            0.026255708187818527,
            -0.8515337705612183,
            -0.1163143664598465
        ],
        [
            0.02105381339788437,
            -0.8463537693023682,
            -0.11574627459049225
        ],
        [
            0.023965641856193542,
            -0.8448967933654785,
            -0.11450253427028656
        ],
        [
            0.02423238381743431,
            -0.8476614356040955,
            -0.11555099487304688
        ],
        [
            0.022196196019649506,
            -0.8414145708084106,
            -0.11479882895946503
        ],
        [
            0.018702378496527672,
            -0.8442254066467285,
            -0.11661168932914734
        ],
        [
            0.015166746452450752,
            -0.8420825004577637,
            -0.11905231326818466
        ],
        [
            0.01045848149806261,
            -0.8401129245758057,
            -0.12207990139722824
        ],
        [
            0.013455177657306194,
            -0.8354156017303467,
            -0.11923745274543762
        ],
        [
            0.018526263535022736,
            -0.838142991065979,
            -0.11668926477432251
        ],
        [
            0.019136808812618256,
            -0.8592146039009094,
            -0.12101293355226517
        ],
        [
            0.028612392023205757,
            -0.8473091125488281,
            -0.11411108076572418
        ],
        [
            0.03161446750164032,
            -0.8539197444915771,
            -0.11455109715461731
        ],
        [
            0.028958860784769058,
            -0.842414379119873,
            -0.11296705156564713
        ],
        [
            0.027282319962978363,
            -0.8377006649971008,
            -0.1124190092086792
        ],
        [
            0.02335253357887268,
            -0.8333461284637451,
            -0.11320062726736069
        ],
        [
            0.017982525750994682,
            -0.8294623494148254,
            -0.11586253345012665
        ],
        [
            0.015876132994890213,
            -0.8042875528335571,
            -0.10765394568443298
        ],
        [
            0.024028269574046135,
            -0.8097089529037476,
            -0.10473620146512985
        ],
        [
            0.021660970523953438,
            -0.9303085803985596,
            -0.12450005114078522
        ],
        [
            0.030524317175149918,
            -0.9297667145729065,
            -0.12271736562252045
        ],
        [
            0.031937506049871445,
            -0.9221892952919006,
            -0.1177162379026413
        ],
        [
            0.033627983182668686,
            -0.9252274036407471,
            -0.1177370622754097
        ],
        [
            0.02796659804880619,
            -0.9256389141082764,
            -0.12053219228982925
        ],
        [
            0.027751436457037926,
            -0.9228155612945557,
            -0.11978133767843246
        ],
        [
            0.04738367721438408,
            -0.9155421257019043,
            -0.10403602570295334
        ],
        [
            0.04208100959658623,
            -0.9170445203781128,
            -0.10811609029769897
        ],
        [
            0.042785048484802246,
            -0.9132894277572632,
            -0.1066097691655159
        ],
        [
            0.04944740980863571,
            -0.9091381430625916,
            -0.10345020890235901
        ],
        [
            0.03511558100581169,
            -0.9050723314285278,
            -0.11277541518211365
        ],
        [
            0.039560385048389435,
            -0.9066872000694275,
            -0.10992351174354553
        ],
        [
            0.03523605316877365,
            -0.9130922555923462,
            -0.11233821511268616
        ],
        [
            0.03200656920671463,
            -0.9119795560836792,
            -0.1144462376832962
        ],
        [
            0.028104878962039948,
            -0.9112637042999268,
            -0.1160651445388794
        ],
        [
            0.023778988048434258,
            -0.9110639095306396,
            -0.11678805947303772
        ],
        [
            0.024378666654229164,
            -0.9056010246276855,
            -0.11626271903514862
        ],
        [
            0.029675915837287903,
            -0.9049682021141052,
            -0.11498232185840607
        ],
        [
            0.021357180550694466,
            -0.9263560771942139,
            -0.12123116105794907
        ],
        [
            0.014313723891973495,
            -0.9252206087112427,
            -0.12017279863357544
        ],
        [
            0.015934331342577934,
            -0.9221892952919006,
            -0.1196531355381012
        ],
        [
            0.021894436329603195,
            -0.9231247901916504,
            -0.12088175863027573
        ],
        [
            0.0068512968719005585,
            -0.915086567401886,
            -0.11351577192544937
        ],
        [
            0.007808160036802292,
            -0.9176561236381531,
            -0.11469051241874695
        ],
        [
            0.0041163619607687,
            -0.9188432693481445,
            -0.11564038693904877
        ],
        [
            0.003607656806707382,
            -0.9142324328422546,
            -0.1146547943353653
        ],
        [
            0.005997797474265099,
            -0.9112492799758911,
            -0.11493101716041565
        ],
        [
            0.008157728239893913,
            -0.9134230017662048,
            -0.11412407457828522
        ],
        [
            0.021665705367922783,
            -0.9837502241134644,
            -0.11554956436157227
        ],
        [
            0.016606461256742477,
            -0.9665177464485168,
            -0.12344440072774887
        ],
        [
            0.03834912180900574,
            -0.977564811706543,
            -0.10499534010887146
        ],
        [
            0.0495184026658535,
            -0.9678817987442017,
            -0.09495815634727478
        ],
        [
            0.05843842029571533,
            -0.9550690650939941,
            -0.08635199815034866
        ],
        [
            0.04759673774242401,
            -0.8531594276428223,
            -0.10205317288637161
        ],
        [
            0.05011516064405441,
            -0.8441064357757568,
            -0.0960933119058609
        ],
        [
            0.05840873345732689,
            -0.8518581390380859,
            -0.08522841334342957
        ],
        [
            0.05765699967741966,
            -0.841064453125,
            -0.08002863824367523
        ],
        [
            0.0492141991853714,
            -0.8334311246871948,
            -0.09183302521705627
        ],
        [
            0.037104785442352295,
            -0.8140615820884705,
            -0.08734045177698135
        ],
        [
            0.04502362012863159,
            -0.8227772116661072,
            -0.088987335562706
        ],
        [
            0.05386470630764961,
            -0.830452561378479,
            -0.07381384074687958
        ],
        [
            0.062324799597263336,
            -0.8433220386505127,
            -0.05987665429711342
        ],
        [
            0.06398797035217285,
            -0.8509774208068848,
            -0.0685463696718216
        ],
        [
            0.0664554014801979,
            -0.8588100075721741,
            -0.0476406067609787
        ],
        [
            0.05847657844424248,
            -0.8355926275253296,
            -0.047588445246219635
        ],
        [
            0.0642257109284401,
            -0.857483983039856,
            -0.03880487382411957
        ],
        [
            0.04388698562979698,
            -0.7978813648223877,
            -0.048281069844961166
        ],
        [
            0.04656752943992615,
            -0.7858767509460449,
            -0.044206246733665466
        ],
        [
            0.05969185382127762,
            -0.7935563325881958,
            -0.03295715153217316
        ],
        [
            0.05751717463135719,
            -0.8055292367935181,
            -0.03700779378414154
        ],
        [
            0.06368325650691986,
            -0.8599072694778442,
            -0.0766163021326065
        ],
        [
            0.062392376363277435,
            -0.9234782457351685,
            -0.08336770534515381
        ],
        [
            0.05709954351186752,
            -0.922909140586853,
            -0.09386172890663147
        ],
        [
            0.06506886333227158,
            -0.9104667901992798,
            -0.08014215528964996
        ],
        [
            0.06339035928249359,
            -0.9819158315658569,
            -0.06517510116100311
        ],
        [
            0.05705985426902771,
            -0.9775266647338867,
            -0.08195928484201431
        ],
        [
            0.06505492329597473,
            -0.9621191024780273,
            -0.07573424279689789
        ],
        [
            0.07056014239788055,
            -0.9686738848686218,
            -0.06084124743938446
        ],
        [
            0.033174265176057816,
            -1.0143953561782837,
            -0.07077731192111969
        ],
        [
            0.029092170298099518,
            -1.0020626783370972,
            -0.09512842446565628
        ],
        [
            0.04227997362613678,
            -0.9910038113594055,
            -0.08908498287200928
        ],
        [
            0.04759315401315689,
            -1.0008302927017212,
            -0.06950292736291885
        ],
        [
            0.0735267698764801,
            -0.9703452587127686,
            -0.048115864396095276
        ],
        [
            0.07623521983623505,
            -0.9714617729187012,
            -0.029813986271619797
        ],
        [
            0.07251154631376266,
            -0.9872844815254211,
            -0.022805608808994293
        ],
        [
            0.06751535087823868,
            -0.9870574474334717,
            -0.04480009526014328
        ],
        [
            0.05994716286659241,
            -1.006736397743225,
            -0.014672361314296722
        ],
        [
            0.05448032170534134,
            -1.0072661638259888,
            -0.0414973646402359
        ],
        [
            0.06455126404762268,
            -0.8440291881561279,
            -0.02820040099322796
        ],
        [
            0.06506521999835968,
            -0.8620319366455078,
            -0.0262371264398098
        ],
        [
            0.055050719529390335,
            -0.8195199966430664,
            -0.04315231740474701
        ],
        [
            0.06434794515371323,
            -0.8274372816085815,
            -0.028092974796891212
        ],
        [
            0.041748709976673126,
            -1.0211548805236816,
            -0.007091328501701355
        ],
        [
            0.036251846700906754,
            -1.0228499174118042,
            -0.039435096085071564
        ],
        [
            0.07341225445270538,
            -0.9485543966293335,
            0.019949644804000854
        ],
        [
            0.07378017902374268,
            -0.9666699171066284,
            0.01147259771823883
        ],
        [
            0.07849163562059402,
            -0.9542233943939209,
            -0.004611946642398834
        ],
        [
