{
    "pred_cam": [
        1.456357479095459,
        -0.01997028850018978,
        0.3504906892776489
    ],
    "pred_smpl_params": {
        "global_orient": [
            [
                [
                    0.9911285042762756,
                    0.013248203322291374,
                    -0.132245272397995
                ],
                [
                    0.02090202458202839,
                    -0.9981749057769775,
                    0.0566566176712513
                ],
                [
                    -0.13125331699848175,
                    -0.05891818180680275,
                    -0.9895964860916138
                ]
            ]
        ],
        "body_pose": [
            [
                [
                    0.9991189241409302,
                    -0.032065123319625854,
                    0.027076678350567818
                ],
                [
                    0.03144548088312149,
                    0.9992405772209167,
                    0.02300870232284069
                ],
                [
                    -0.027793893590569496,
                    -0.0221369918435812,
                    0.9993684887886047
                ]
            ],
            [
                [
                    0.9972500205039978,
                    -0.03639189526438713,
                    0.06456086784601212
                ],
                [
                    0.036223750561475754,
                    0.9993366003036499,
                    0.003773182863369584
                ],
                [
                    -0.0646553486585617,
                    -0.0014241687022149563,
                    0.9979066848754883
                ]
            ],
            [
                [
                    0.999211847782135,
                    0.011152302846312523,
                    -0.03809570521116257
                ],
                [
                    -0.011946582235395908,
                    0.9997146129608154,
                    -0.02068614400923252
                ],
                [
                    0.037854138761758804,
                    0.021124955266714096,
                    0.9990599155426025
                ]
            ],
            [
                [
                    0.9855841994285583,
                    0.04264236241579056,
                    -0.16372351348400116
                ],
                [
                    -0.15745316445827484,
                    0.5852735042572021,
                    -0.7954014539718628
                ],
                [
                    0.06190524995326996,
                    0.8097139000892639,
                    0.5835505127906799
                ]
            ],
            [
                [
                    0.9811879396438599,
                    0.061739299446344376,
                    0.18291667103767395
                ],
                [
                    0.11446358263492584,
                    0.5769367814064026,
                    -0.8087286353111267
                ],
                [
                    -0.15546169877052307,
                    0.814452052116394,
                    0.5590165257453918
                ]
            ],
            [
                [
                    0.9992966651916504,
                    -0.0070878141559660435,
                    -0.03682168200612068
                ],
                [
                    0.009547562338411808,
                    0.9977031350135803,
                    0.0670614019036293
                ],
                [
                    0.03626179322600365,
                    -0.06736579537391663,
                    0.9970690608024597
                ]
            ],
            [
                [
                    0.9769026637077332,
                    0.0537552610039711,
                    0.2068128138780594
                ],
                [
                    -0.06883340328931808,
                    0.995415210723877,
                    0.06641151010990143
                ],
                [
                    -0.20229466259479523,
                    -0.07911322265863419,
                    0.9761239290237427
                ]
            ],
            [
                [
                    0.9767876267433167,
                    -0.008145145140588284,
                    -0.2140548974275589
                ],
                [
                    0.028034711256623268,
                    0.9955428838729858,
                    0.09004750847816467
                ],
                [
                    0.21236735582351685,
                    -0.09395826607942581,
                    0.9726623296737671
                ]
            ],
            [
                [
                    0.9987976551055908,
                    -0.006355632096529007,
                    -0.048608921468257904
                ],
                [
                    0.0007761230226606131,
                    0.9934860467910767,
                    -0.11395104974508286
                ],
                [
                    0.04901651665568352,
                    0.1137763187289238,
                    0.9922964572906494
                ]
            ],
            [
                [
                    0.9887061715126038,
                    -0.13894908130168915,
                    -0.056154053658246994
                ],
                [
                    0.1473747342824936,
                    0.9694830775260925,
                    0.19591659307479858
                ],
                [
                    0.027217967435717583,
                    -0.2019796371459961,
                    0.9790114760398865
                ]
            ],
            [
                [
                    0.9912519454956055,
                    0.11474499106407166,
                    0.06521572172641754
                ],
                [
                    -0.12618489563465118,
                    0.9687750339508057,
                    0.2134294956922531
                ],
                [
                    -0.03868940472602844,
                    -0.21979166567325592,
                    0.9747792482376099
                ]
            ],
            [
                [
                    0.9961948394775391,
                    -0.051429133862257004,
                    0.07036237418651581
                ],
                [
                    0.04135295748710632,
                    0.9895917773246765,
                    0.13783296942710876
                ],
                [
                    -0.07671867311000824,
                    -0.13439880311489105,
                    0.9879529476165771
                ]
            ],
            [
                [
                    0.9229045510292053,
                    0.3750319182872772,
                    0.08716773241758347
                ],
                [
                    -0.36698517203330994,
                    0.9253078699111938,
                    -0.09553657472133636
                ],
                [
                    -0.11648625880479813,
                    0.05618187412619591,
                    0.9916020035743713
                ]
            ],
            [
                [
                    0.9215157628059387,
                    -0.36709579825401306,
                    -0.1266862154006958
                ],
                [
                    0.3592061996459961,
                    0.9297218322753906,
                    -0.08116758614778519
                ],
                [
                    0.14757922291755676,
                    0.029290735721588135,
                    0.988616406917572
                ]
            ],
            [
                [
                    0.9993661642074585,
                    -0.019864952191710472,
                    0.029539236798882484
                ],
                [
                    0.024722540751099586,
                    0.9843584895133972,
                    -0.174434095621109
                ],
                [
                    -0.02561207301914692,
                    0.17505383491516113,
                    0.9842256903648376
                ]
            ],
            [
                [
                    0.5077251195907593,
                    0.8403814435005188,
                    -0.1896687150001526
                ],
                [
                    -0.8614435195922852,
                    0.49814197421073914,
                    -0.09884171932935715
                ],
                [
                    0.011417205445468426,
                    0.21357329189777374,
                    0.9768603444099426
                ]
            ],
            [
                [
                    0.5037259459495544,
                    -0.8316526412963867,
                    0.23369631171226501
                ],
                [
                    0.8638098835945129,
                    0.4879271984100342,
                    -0.1255369633436203
                ],
                [
                    -0.009623629041016102,
                    0.2651054263114929,
                    0.9641713500022888
                ]
            ],
            [
                [
                    0.8709264993667603,
                    -0.15705014765262604,
                    -0.4656418263912201
                ],
                [
                    0.0752575471997261,
                    0.9790048599243164,
                    -0.1894354373216629
                ],
                [
                    0.4856164753437042,
                    0.12994128465652466,
                    0.8644604682922363
                ]
            ],
            [
                [
                    0.8097752928733826,
                    0.16457131505012512,
                    0.5631877183914185
                ],
                [
                    -0.04423388093709946,
                    0.9742501974105835,
                    -0.221088245511055
                ],
                [
                    -0.5850704908370972,
                    0.1541198194026947,
                    0.7962033748626709
                ]
            ],
            [
                [
                    0.9983550310134888,
                    0.053937967866659164,
                    0.019440723583102226
                ],
                [
                    -0.05291500687599182,
                    0.9973581433296204,
                    -0.04976658895611763
                ],
                [
                    -0.022073673084378242,
                    0.04865601658821106,
                    0.9985716342926025
                ]
            ],
            [
                [
                    0.9984062314033508,
                    -0.0455448143184185,
                    -0.03332649916410446
                ],
                [
                    0.04425907880067825,
                    0.9982836842536926,
                    -0.038350921124219894
                ],
                [
                    0.03501598909497261,
                    0.036814797669649124,
                    0.9987084269523621
                ]
            ],
            [
                [
                    0.9744486808776855,
                    0.2132856398820877,
                    -0.07041965425014496
                ],
                [
                    -0.2004905492067337,
                    0.9672945141792297,
                    0.15538650751113892
                ],
                [
                    0.10125824809074402,
                    -0.13729771971702576,
                    0.9853405952453613
                ]
            ],
            [
                [
                    0.9753457307815552,
                    -0.21690092980861664,
                    0.04067843034863472
                ],
                [
                    0.20829184353351593,
                    0.965704619884491,
                    0.1550130397081375
                ],
                [
                    -0.07290582358837128,
                    -0.14271831512451172,
                    0.9870745539665222
                ]
            ]
        ],
        "betas": [
            -0.05051702260971069,
            0.4883906841278076,
            0.6437438726425171,
            1.106372594833374,
            -0.07873636484146118,
            0.08220523595809937,
            -0.0021819770336151123,
            0.035714685916900635,
            0.06736312806606293,
            -0.13108056783676147
        ]
    },
    "pred_cam_t": [
        -0.01997028850018978,
        0.3504906892776489,
        26.822053909301758
    ],
    "focal_length": [
        5000.0,
        5000.0
    ],
    "pred_keypoints_3d": [
        [
            -0.015544012188911438,
            -0.877052903175354,
            -0.14698031544685364
        ],
        [
            0.012012088671326637,
            -0.7610859274864197,
            0.012597054243087769
        ],
        [
            -0.153152734041214,
            -0.6671665906906128,
            0.0885583832859993
        ],
        [
            -0.167914479970932,
            -0.4303300976753235,
            0.16809500753879547
        ],
        [
            -0.22695213556289673,
            -0.20034831762313843,
            0.08279306441545486
        ],
        [
            0.18382000923156738,
            -0.6588481664657593,
            -0.00809220690280199
        ],
        [
            0.2256648987531662,
            -0.4154307246208191,
            0.06523028016090393
        ],
        [
            0.24230250716209412,
            -0.18261034786701202,
            -0.014146313071250916
        ],
        [
            -0.0026893443427979946,
            -0.23371970653533936,
            0.02357417158782482
        ],
        [
            -0.06596825271844864,
            -0.14540046453475952,
            0.043512746691703796
        ],
        [
            -0.09561312943696976,
            0.2340303659439087,
            0.07215176522731781
        ],
        [
            -0.08310624957084656,
            0.4072240889072418,
            0.4266926050186157
        ],
        [
            0.061862606555223465,
            -0.14159509539604187,
            0.02890876494348049
        ],
        [
            0.10342840850353241,
            0.2291509509086609,
            0.03803025931119919
        ],
        [
            0.11841465532779694,
            0.4116605520248413,
            0.38757994771003723
        ],
        [
            -0.045017119497060776,
            -0.9159752726554871,
            -0.10735823214054108
        ],
        [
            0.01984315924346447,
            -0.9205030202865601,
            -0.11972024291753769
        ],
        [
            -0.06716804206371307,
            -0.8978211283683777,
            -0.007464569061994553
        ],
        [
            0.07503467798233032,
            -0.9076248407363892,
            -0.0354742631316185
        ],
        [
            0.10779322683811188,
            0.5932027697563171,
            0.3097454905509949
        ],
        [
            0.1777094155550003,
            0.5616600513458252,
            0.34371235966682434
        ],
        [
            0.1308366060256958,
            0.38650187849998474,
            0.4526665210723877
        ],
        [
            -0.07453494518995285,
            0.5860397815704346,
            0.3440210819244385
        ],
        [
            -0.14754188060760498,
            0.5543741583824158,
            0.3790012001991272
        ],
        [
            -0.08956753462553024,
            0.3889795243740082,
            0.49763351678848267
        ],
        [
            -0.10713551938533783,
            0.3591512441635132,
            0.4006314277648926
        ],
        [
            -0.09320320188999176,
            0.17746472358703613,
            0.055174097418785095
        ],
        [
            -0.13910025358200073,
            -0.2691870331764221,
            0.045450374484062195
        ],
        [
            0.13601988554000854,
            -0.2488575130701065,
            0.023519698530435562
        ],
        [
            0.11204295605421066,
            0.1928645670413971,
            0.02673858404159546
        ],
        [
            0.1284465193748474,
            0.3716583251953125,
            0.37447986006736755
        ],
        [
            -0.21930067241191864,
            -0.2282264679670334,
            0.06011208891868591
        ],
        [
            -0.20128145813941956,
            -0.4483272433280945,
            0.15267732739448547
        ],
        [
            -0.12026137113571167,
            -0.6986219882965088,
            0.07353469729423523
        ],
        [
            0.1555626094341278,
            -0.6939305067062378,
            0.000889624934643507
        ],
        [
            0.2506673336029053,
            -0.43532299995422363,
            0.0252524483948946
        ],
        [
            0.24205633997917175,
            -0.20038381218910217,
            -0.02468779869377613
        ],
        [
            0.015276116319000721,
            -0.7531799077987671,
            0.01610434055328369
        ],
        [
            0.0012772595509886742,
            -0.9560662508010864,
            -0.036926496773958206
        ],
        [
            -0.0011213092366233468,
            -0.2588634490966797,
            0.03416411206126213
        ],
        [
            0.015484973788261414,
            -0.694977343082428,
            0.033039797097444534
        ],
        [
            0.012390278279781342,
            -0.5148904323577881,
            0.04064030200242996
        ],
        [
            0.005778358317911625,
            -0.8496748208999634,
            -0.07238203287124634
        ],
        [
            -0.00272762356325984,
            -0.9748016595840454,
            -0.02682432532310486
        ]
    ],
    "pred_vertices": [
        [
            0.02828158251941204,
            -0.9662820100784302,
            -0.12144215404987335
        ],
        [
            0.022190088406205177,
            -0.9521889686584473,
            -0.1268170326948166
        ],
        [
            0.03450130298733711,
            -0.9490236043930054,
            -0.12020394206047058
        ],
        [
            0.041162461042404175,
            -0.9598742723464966,
            -0.11171671748161316
        ],
        [
            0.03030139021575451,
            -0.9403203725814819,
            -0.12515467405319214
        ],
        [
            0.019366469234228134,
            -0.9409029483795166,
            -0.13028010725975037
        ],
        [
            0.04326943680644035,
            -0.9433113932609558,
            -0.11111395061016083
        ],
        [
            0.049595095217227936,
            -0.9504570960998535,
            -0.10160993039608002
        ],
        [
            0.05276292562484741,
            -0.9086663126945496,
            -0.10197019577026367
        ],
        [
            0.05851694568991661,
            -0.9040467739105225,
            -0.09356660395860672
        ],
        [
            0.0575588122010231,
            -0.9156830310821533,
            -0.09468375146389008
        ],
        [
            0.05096109211444855,
            -0.9169827699661255,
            -0.1023576557636261
        ],
        [
            0.053918566554784775,
            -0.8823462128639221,
            -0.09926190972328186
        ],
        [
            0.04687758535146713,
            -0.8729526996612549,
            -0.10642272233963013
        ],
        [
            0.05139073356986046,
            -0.8637049198150635,
            -0.09784850478172302
        ],
        [
            0.05741873383522034,
            -0.8725602626800537,
            -0.08971848338842392
        ],
        [
            0.010725711472332478,
            -0.8858728408813477,
            -0.1234453096985817
        ],
        [
            0.01656831055879593,
            -0.8795511722564697,
            -0.12336919456720352
        ],
        [
            0.020014861598610878,
            -0.8864335417747498,
            -0.1228775829076767
        ],
        [
            0.01354233454912901,
            -0.8918614387512207,
            -0.12256041169166565
        ],
        [
            0.00018961820751428604,
            -0.8948791027069092,
            -0.12823955714702606
        ],
        [
            0.0013941256329417229,
            -0.9003010988235474,
            -0.12477967143058777
        ],
        [
            -0.004177505150437355,
            -0.9041051268577576,
            -0.1291738897562027
        ],
        [
            -0.004743112251162529,
            -0.8979517221450806,
            -0.13381075859069824
        ],
        [
            0.005786222405731678,
            -0.8802793025970459,
            -0.12310688197612762
        ],
        [
            0.01213042438030243,
            -0.8737186193466187,
            -0.12271848320960999
        ],
        [
            0.00555846095085144,
            -0.8913730382919312,
            -0.12433935701847076
        ],
        [
            0.003579257056117058,
            -0.8863951563835144,
            -0.12659572064876556
        ],
        [
            -0.0004703579470515251,
            -0.8804768323898315,
            -0.13682663440704346
        ],
        [
            0.0008941078558564186,
            -0.88520348072052,
            -0.13541030883789062
        ],
        [
            -0.0035295411944389343,
            -0.886208176612854,
            -0.14184242486953735
        ],
        [
            -0.004312032833695412,
            -0.8806649446487427,
            -0.14119559526443481
        ],
        [
            0.0036555901169776917,
            -0.8795158863067627,
            -0.12793394923210144
        ],
        [
            0.0035351384431123734,
            -0.8825728893280029,
            -0.13079418241977692
        ],
        [
            0.0010949792340397835,
            -0.878758430480957,
            -0.13290037214756012
        ],
        [
            0.0004017390310764313,
            -0.8764118552207947,
            -0.1294715851545334
        ],
        [
            -0.0006099306046962738,
            -0.8905090093612671,
            -0.13133054971694946
        ],
        [
            -0.004563013091683388,
            -0.892501950263977,
            -0.13788136839866638
        ],
        [
            -0.009555535390973091,
            -0.8939262628555298,
            -0.14434435963630676
        ],
        [
            -0.008660044521093369,
            -0.8855053782463074,
            -0.14812389016151428
        ],
        [
            0.028991248458623886,
            -0.8662956953048706,
            -0.11910289525985718
        ],
        [
            0.022986315190792084,
            -0.8730893135070801,
            -0.12241245806217194
        ],
        [
            0.018400318920612335,
            -0.8678423762321472,
            -0.12211675941944122
        ],
        [
            0.02383093163371086,
            -0.862423300743103,
            -0.12018844485282898
        ],
        [
            0.0022469796240329742,
            -0.873206377029419,
            -0.1262499839067459
        ],
        [
            0.0067830197513103485,
            -0.8571765422821045,
            -0.12733371555805206
        ],
        [
            0.006813813000917435,
            -0.8611303567886353,
            -0.12754231691360474
        ],
        [
            0.0003372952342033386,
            -0.8617143034934998,
            -0.13048827648162842
        ],
        [
            0.0009381193667650223,
            -0.8580608367919922,
            -0.13017840683460236
        ],
        [
            0.03603656589984894,
            -0.8517221212387085,
            -0.11151200532913208
        ],
        [
            0.030015602707862854,
            -0.8504528999328613,
            -0.11520223319530487
        ],
        [
            0.031241673976182938,
            -0.8433326482772827,
            -0.11271478235721588
        ],
        [
            0.03693702444434166,
            -0.8432511687278748,
            -0.10767002403736115
        ],
        [
            0.029525626450777054,
            -0.8373051881790161,
            -0.1112012192606926
        ],
        [
            0.03667693957686424,
            -0.8350332975387573,
            -0.10434095561504364
        ],
        [
            0.028580835089087486,
            -0.8200761675834656,
            -0.10354882478713989
        ],
        [
            0.032875217497348785,
            -0.8267333507537842,
            -0.10362277925014496
        ],
        [
            0.0259941965341568,
            -0.8313534259796143,
            -0.11129455268383026
        ],
        [
            0.020748598501086235,
            -0.8257821798324585,
            -0.11388054490089417
        ],
        [
            0.00741941062733531,
            -0.8299705982208252,
            -0.120591901242733
        ],
        [
            0.0014246609061956406,
            -0.8285132646560669,
            -0.12242905795574188
        ],
        [
            0.0069539532996714115,
            -0.8164706230163574,
            -0.12122504413127899
        ],
        [
            0.013713248074054718,
            -0.8203011751174927,
            -0.11800497770309448
        ],
        [
            0.007423052564263344,
            -0.8516613245010376,
            -0.12283125519752502
        ],
        [
            0.011594433337450027,
            -0.8519095182418823,
            -0.12058612704277039
        ],
        [
            0.011443874798715115,
            -0.8534899950027466,
            -0.12290719151496887
        ],
        [
            0.006985073909163475,
            -0.8543440103530884,
            -0.12562987208366394
        ],
        [
            0.015321237035095692,
            -0.8518964648246765,
            -0.11907852441072464
        ],
        [
            0.017038974910974503,
            -0.8517757654190063,
            -0.11853046715259552
        ],
        [
            0.016571829095482826,
            -0.853102445602417,
            -0.11978034675121307
        ],
        [
            0.015072070993483067,
            -0.8526709079742432,
            -0.1197756975889206
        ],
        [
            0.013153992593288422,
            -0.8521525859832764,
            -0.12011248618364334
        ],
        [
            0.012262925505638123,
            -0.8500862121582031,
            -0.12040196359157562
        ],
        [
            0.014486103318631649,
            -0.8510012626647949,
            -0.11944063007831573
        ],
        [
            0.008549343794584274,
            -0.8489999771118164,
            -0.12275317311286926
        ],
        [
            -0.00463130883872509,
            -0.8457854986190796,
            -0.12849974632263184
        ],
        [
            -0.0006807371973991394,
            -0.8468599915504456,
            -0.1276981234550476
        ],
        [
            -0.0022251326590776443,
            -0.851303219795227,
            -0.1266063153743744
        ],
        [
            -0.005595918744802475,
            -0.8505693674087524,
            -0.1272760033607483
        ],
        [
            0.014533610083162785,
            -0.8544237613677979,
            -0.12154342234134674
        ],
        [
            0.0170552097260952,
            -0.8566509485244751,
            -0.12128719687461853
        ],
        [
            0.012891395017504692,
            -0.8591699600219727,
            -0.12430450320243835
        ],
        [
            0.011932586319744587,
            -0.8562692403793335,
            -0.12354197353124619
        ],
        [
            0.019653810188174248,
            -0.8587722778320312,
            -0.12135259807109833
        ],
        [
            0.01883678510785103,
            -0.8544613122940063,
            -0.11943349242210388
        ],
        [
            0.0218735970556736,
            -0.8550461530685425,
            -0.11914178729057312
        ],
        [
            0.016620637848973274,
            -0.8498905301094055,
            -0.11844270676374435
        ],
        [
            0.019567329436540604,
            -0.8483949303627014,
            -0.1172829270362854
        ],
        [
            0.019816448912024498,
            -0.8511844873428345,
            -0.11833575367927551
        ],
        [
            0.017763644456863403,
            -0.8449037671089172,
            -0.11754225194454193
        ],
        [
            0.014228938147425652,
            -0.8477704524993896,
            -0.11924166977405548
        ],
        [
            0.010607609525322914,
            -0.8456491231918335,
            -0.12157358229160309
        ],
        [
            0.005775637924671173,
            -0.8437381982803345,
            -0.12442807108163834
        ],
        [
            0.008819309994578362,
            -0.8389827013015747,
            -0.12167110294103622
        ],
        [
            0.014005343429744244,
            -0.8416603803634644,
            -0.11930832266807556
        ],
        [
            0.014685077592730522,
            -0.8628593683242798,
            -0.1236579492688179
        ],
        [
            0.02423066459596157,
            -0.8507806062698364,
            -0.1170177012681961
        ],
        [
            0.027278970927000046,
            -0.8573827743530273,
            -0.11752000451087952
        ],
        [
            0.024579113349318504,
            -0.84585040807724,
            -0.11588235199451447
        ],
        [
            0.022889159619808197,
            -0.8411264419555664,
            -0.11528686434030533
        ],
        [
            0.018959838896989822,
            -0.8367945551872253,
            -0.11594005674123764
        ],
        [
            0.01340421475470066,
            -0.8329629898071289,
            -0.11844207346439362
        ],
        [
            0.011270992457866669,
            -0.807895302772522,
            -0.1101391538977623
        ],
        [
            0.019631948322057724,
            -0.81320720911026,
            -0.10748162120580673
        ],
        [
            0.017995357513427734,
            -0.9339971542358398,
            -0.12712296843528748
        ],
        [
            0.026913736015558243,
            -0.9333137273788452,
            -0.12562471628189087
        ],
        [
            0.028350569307804108,
            -0.9257641434669495,
            -0.12062747031450272
        ],
        [
            0.030066343024373055,
            -0.9287853837013245,
            -0.12073040008544922
        ],
        [
            0.024358030408620834,
            -0.929253101348877,
            -0.12334632873535156
        ],
        [
            0.024106401950120926,
            -0.9264679551124573,
            -0.12254831194877625
        ],
        [
            0.04414573311805725,
            -0.9188637733459473,
            -0.10749845951795578
        ],
        [
            0.038718368858098984,
            -0.9204548597335815,
            -0.11138486862182617
        ],
        [
            0.03943457081913948,
            -0.9166889190673828,
            -0.10990691184997559
        ],
        [
            0.046138469129800797,
            -0.9124342203140259,
            -0.10697579383850098
        ],
        [
            0.03149185702204704,
            -0.9085406064987183,
            -0.11583761125802994
        ],
        [
            0.03605086728930473,
            -0.9100972414016724,
            -0.11312946677207947
        ],
        [
            0.03173823654651642,
            -0.9165663719177246,
            -0.11541333794593811
        ],
        [
            0.028409508988261223,
            -0.9155052900314331,
            -0.11740846931934357
        ],
        [
            0.024451423436403275,
            -0.9148465394973755,
            -0.11889994144439697
        ],
        [
            0.020106859505176544,
            -0.9147233366966248,
            -0.11947250366210938
        ],
        [
            0.02064690738916397,
            -0.9092344045639038,
            -0.11896616965532303
        ],
        [
            0.025979196652770042,
            -0.9085171222686768,
            -0.11786296963691711
        ],
        [
            0.017751233652234077,
            -0.9300851225852966,
            -0.1238458901643753
        ],
        [
            0.010728548280894756,
            -0.9290609359741211,
            -0.12253729999065399
        ],
        [
            0.012342544272542,
            -0.9260036945343018,
            -0.12205862253904343
        ],
        [
            0.01825079135596752,
            -0.9268609285354614,
            -0.12345082312822342
        ],
        [
            0.003338663838803768,
            -0.9190332293510437,
            -0.11565963923931122
        ],
        [
            0.004296506755053997,
            -0.9215948581695557,
            -0.11684346199035645
        ],
        [
            0.0005675517022609711,
            -0.9228472113609314,
            -0.1176673024892807
        ],
        [
            4.5474618673324585e-05,
            -0.9182201623916626,
            -0.11670948565006256
        ],
        [
            0.00238956231623888,
            -0.9151878356933594,
            -0.1170731782913208
        ],
        [
            0.004598727449774742,
            -0.9173401594161987,
            -0.11632455885410309
        ],
        [
            0.019021539017558098,
            -0.987071692943573,
            -0.11848478764295578
        ],
        [
            0.013479258865118027,
            -0.9699488878250122,
            -0.12601639330387115
        ],
        [
            0.03591332584619522,
            -0.9807168245315552,
            -0.10836471617221832
        ],
        [
            0.04727872461080551,
            -0.9709005355834961,
            -0.0986408144235611
        ],
        [
            0.0562480203807354,
            -0.9580506086349487,
            -0.09026390314102173
        ],
        [
            0.04361015558242798,
            -0.856429398059845,
            -0.10547040402889252
        ],
        [
            0.046229422092437744,
            -0.8473209142684937,
            -0.09957804530858994
        ],
        [
            0.055004559457302094,
            -0.8550031185150146,
            -0.08900529146194458
        ],
        [
            0.0543091744184494,
            -0.8441864848136902,
            -0.08376656472682953
        ],
        [
            0.0453750342130661,
            -0.8366372585296631,
            -0.0952732115983963
        ],
        [
            0.033187136054039,
            -0.8175146579742432,
            -0.09041039645671844
        ],
        [
            0.041161298751831055,
            -0.8260670900344849,
            -0.0922900140285492
        ],
        [
            0.05059738829731941,
            -0.8336011171340942,
            -0.07740055024623871
        ],
        [
            0.059650685638189316,
            -0.8463910222053528,
            -0.06374365091323853
        ],
        [
            0.06121635064482689,
            -0.8540583848953247,
            -0.07250100374221802
        ],
        [
            0.06429779529571533,
            -0.8618373274803162,
            -0.051597509533166885
        ],
        [
            0.05602052062749863,
            -0.8387141227722168,
            -0.051266711205244064
        ],
        [
            0.062296293675899506,
            -0.8605355620384216,
            -0.04265888035297394
        ],
        [
            0.04112358018755913,
            -0.8008415102958679,
            -0.0513128936290741
        ],
        [
            0.043949395418167114,
            -0.788485050201416,
            -0.047277651727199554
        ],
        [
            0.05749822407960892,
            -0.7959580421447754,
            -0.03638003021478653
        ],
        [
            0.055191636085510254,
            -0.8082423210144043,
            -0.04046452045440674
        ],
        [
            0.06066924333572388,
            -0.8630395531654358,
            -0.08060231804847717
        ],
        [
            0.05983226001262665,
            -0.9265352487564087,
            -0.08732608705759048
        ],
        [
            0.054280493408441544,
            -0.9260598421096802,
            -0.09760881960391998
        ],
        [
            0.06253229081630707,
            -0.913503885269165,
            -0.08419844508171082
        ],
        [
            0.062073566019535065,
            -0.9846916198730469,
            -0.06938225030899048
        ],
        [
            0.05509353429079056,
            -0.9804477691650391,
            -0.08585070818662643
        ],
        [
            0.06323318928480148,
            -0.9649674892425537,
            -0.07989051938056946
        ],
        [
            0.06926928460597992,
            -0.9714319705963135,
            -0.06518377363681793
        ],
        [
            0.03211327642202377,
            -1.0175344944000244,
            -0.07419538497924805
        ],
        [
            0.027175871655344963,
            -1.0052387714385986,
            -0.09830968081951141
        ],
        [
            0.040346723049879074,
            -0.9940380454063416,
            -0.09258294105529785
        ],
        [
            0.04639451950788498,
            -1.0038124322891235,
            -0.07326894998550415
        ],
        [
            0.0725911483168602,
            -0.9730713367462158,
            -0.05259940028190613
        ],
        [
            0.07594221830368042,
            -0.9741541147232056,
            -0.034390464425086975
        ],
        [
            0.07268333435058594,
            -0.9901517629623413,
            -0.027438294142484665
        ],
        [
            0.066880002617836,
            -0.9897819757461548,
            -0.049255698919296265
        ],
        [
            0.060656264424324036,
            -1.0098984241485596,
            -0.018948011100292206
        ],
        [
            0.05431119725108147,
            -1.0103496313095093,
            -0.0456642210483551
        ],
        [
            0.06289687752723694,
            -0.8469875454902649,
            -0.03202817216515541
        ],
        [
            0.06356674432754517,
            -0.8649491667747498,
            -0.030085254460573196
        ],
        [
            0.052567265927791595,
            -0.8225083351135254,
            -0.0465993657708168
        ],
        [
            0.0625176653265953,
            -0.8302096128463745,
            -0.03186969459056854
        ],
        [
            0.04295641556382179,
            -1.0247454643249512,
            -0.010850943624973297
        ],
        [
            0.03633103519678116,
            -1.02622652053833,
            -0.04309578239917755
        ],
        [
            0.0745779350399971,
            -0.9514374732971191,
            0.015623308718204498
        ],
        [
            0.07487384229898453,
            -0.9695080518722534,
            0.006956741213798523
        ],
        [
            0.07879090309143066,
            -0.9569400548934937,
            -0.009190820157527924
        ],
