{
    "pred_cam": [
        1.4801949262619019,
        0.02909860946238041,
        0.3290117084980011
    ],
    "pred_smpl_params": {
        "global_orient": [
            [
                [
                    0.9761134386062622,
                    0.008061854168772697,
                    -0.2171119898557663
                ],
                [
                    0.027058519423007965,
                    -0.9960418343544006,
                    0.08466708660125732
                ],
                [
                    -0.21557004749774933,
                    -0.08851940184831619,
                    -0.9724679589271545
                ]
            ]
        ],
        "body_pose": [
            [
                [
                    0.9987739324569702,
                    -0.020309003069996834,
                    0.0451456718146801
                ],
                [
                    0.01788277179002762,
                    0.9984070658683777,
                    0.053511444479227066
                ],
                [
                    -0.04616052284836769,
                    -0.05263850837945938,
                    0.9975461363792419
                ]
            ],
            [
                [
                    0.9944401979446411,
                    -0.050884172320365906,
                    0.09219220280647278
                ],
                [
                    0.047286055982112885,
                    0.9980477094650269,
                    0.04080266132950783
                ],
                [
                    -0.09408842027187347,
                    -0.03621640428900719,
                    0.9949048757553101
                ]
            ],
            [
                [
                    0.9976807832717896,
                    -0.011082932353019714,
                    -0.06715843826532364
                ],
                [
                    0.008538433350622654,
                    0.9992391467094421,
                    -0.03805729001760483
                ],
                [
                    0.0675291195511818,
                    0.037395596504211426,
                    0.9970163106918335
                ]
            ],
            [
                [
                    0.98484867811203,
                    0.05410435050725937,
                    -0.1647595316171646
                ],
                [
                    -0.16957010328769684,
                    0.4994223713874817,
                    -0.8496018648147583
                ],
                [
                    0.03631744906306267,
                    0.8646676540374756,
                    0.5010299682617188
                ]
            ],
            [
                [
                    0.9733404517173767,
                    0.10201208293437958,
                    0.20543138682842255
                ],
                [
                    0.12141354382038116,
                    0.5307219624519348,
                    -0.8388044834136963
                ],
                [
                    -0.19459515810012817,
                    0.8413844108581543,
                    0.5041875243186951
                ]
            ],
            [
                [
                    0.9978035688400269,
                    -0.020541945472359657,
                    -0.06297615170478821
                ],
                [
                    0.024803103879094124,
                    0.9974010586738586,
                    0.06764572858810425
                ],
                [
                    0.06142290309071541,
                    -0.06905916333198547,
                    0.995719850063324
                ]
            ],
            [
                [
                    0.9705162644386292,
                    0.011768925003707409,
                    0.24074800312519073
                ],
                [
                    -0.039609819650650024,
                    0.9930157661437988,
                    0.11113394796848297
                ],
                [
                    -0.23775863647460938,
                    -0.11739329993724823,
                    0.9642041325569153
                ]
            ],
            [
                [
                    0.9686254858970642,
                    0.025514431297779083,
                    -0.2472117692232132
                ],
                [
                    0.006418248638510704,
                    0.9918162822723389,
                    0.1275121569633484
                ],
                [
                    0.24844203889369965,
                    -0.12509818375110626,
                    0.9605347514152527
                ]
            ],
            [
                [
                    0.9976974725723267,
                    -0.015970150008797646,
                    -0.06591448187828064
                ],
                [
                    0.011042038910090923,
                    0.9971625804901123,
                    -0.07446347922086716
                ],
                [
                    0.06691665202379227,
                    0.07356419414281845,
                    0.9950429201126099
                ]
            ],
            [
                [
                    0.9911453127861023,
                    -0.1029394268989563,
                    -0.08387202024459839
                ],
                [
                    0.11760713160037994,
                    0.9738030433654785,
                    0.19461819529533386
                ],
                [
                    0.06164093688130379,
                    -0.20275884866714478,
                    0.9772867560386658
                ]
            ],
            [
                [
                    0.9905965328216553,
                    0.08847407251596451,
                    0.10435880720615387
                ],
                [
                    -0.10889898985624313,
                    0.9716261625289917,
                    0.20996087789535522
                ],
                [
                    -0.08282165974378586,
                    -0.21935111284255981,
                    0.9721242189407349
                ]
            ],
            [
                [
                    0.9948979020118713,
                    -0.043732184916734695,
                    0.09091558307409286
                ],
                [
                    0.030645739287137985,
                    0.9895849227905273,
                    0.14065057039260864
                ],
                [
                    -0.09611963480710983,
                    -0.13714678585529327,
                    0.9858761429786682
                ]
            ],
            [
                [
                    0.9514608383178711,
                    0.29377323389053345,
                    0.09175865352153778
                ],
                [
                    -0.28527921438217163,
                    0.9537001848220825,
                    -0.09524553269147873
                ],
                [
                    -0.11549083888530731,
                    0.06444554775953293,
                    0.9912157654762268
                ]
            ],
            [
                [
                    0.9534999132156372,
                    -0.2708699703216553,
                    -0.13216394186019897
                ],
                [
                    0.26860877871513367,
                    0.9626135230064392,
                    -0.03499198704957962
                ],
                [
                    0.1367010921239853,
                    -0.0021355373319238424,
                    0.9906099438667297
                ]
            ],
            [
                [
                    0.9986515641212463,
                    -0.0023332200944423676,
                    0.05186178907752037
                ],
                [
                    0.007972178980708122,
                    0.9940325617790222,
                    -0.10879162698984146
                ],
                [
                    -0.05129847675561905,
                    0.10905838012695312,
                    0.9927107691764832
                ]
            ],
            [
                [
                    0.5382621884346008,
                    0.8347110152244568,
                    -0.11632435023784637
                ],
                [
                    -0.8414856791496277,
                    0.5246543884277344,
                    -0.128994420170784
                ],
                [
                    -0.0466429740190506,
                    0.16731810569763184,
                    0.9847989678382874
                ]
            ],
            [
                [
                    0.6124034523963928,
                    -0.7687493562698364,
                    0.18435414135456085
                ],
                [
                    0.7902734279632568,
                    0.6014310121536255,
                    -0.11725492775440216
                ],
                [
                    -0.020736634731292725,
                    0.21749748289585114,
                    0.9758406281471252
                ]
            ],
            [
                [
                    0.8550767302513123,
                    -0.1489257961511612,
                    -0.49665358662605286
                ],
                [
                    0.01608233153820038,
                    0.9650204181671143,
                    -0.2616809010505676
                ],
                [
                    0.518251895904541,
                    0.2157699018716812,
                    0.8275615572929382
                ]
            ],
            [
                [
                    0.7320312261581421,
                    0.20649579167366028,
                    0.6492224335670471
                ],
                [
                    -0.05052941292524338,
                    0.9667895436286926,
                    -0.2505287528038025
                ],
                [
                    -0.6793946623802185,
                    0.15059004724025726,
                    0.71815425157547
                ]
            ],
            [
                [
                    0.9997881054878235,
                    0.020552974194288254,
                    0.0011005861451849341
                ],
                [
                    -0.020218485966324806,
                    0.9907159209251404,
                    -0.13443653285503387
                ],
                [
                    -0.0038534393534064293,
                    0.13438580930233002,
                    0.9909215569496155
                ]
            ],
            [
                [
                    0.9999060034751892,
                    0.008923538029193878,
                    -0.010407203808426857
                ],
                [
                    -0.009974775835871696,
                    0.994340181350708,
                    -0.10577408224344254
                ],
                [
                    0.009404421783983707,
                    0.10586795955896378,
                    0.9943357110023499
                ]
            ],
            [
                [
                    0.9769881963729858,
                    0.20299845933914185,
                    -0.06546524167060852
                ],
                [
                    -0.1897805780172348,
                    0.9674184322357178,
                    0.16758576035499573
                ],
                [
                    0.09735192358493805,
                    -0.15130527317523956,
                    0.9836815595626831
                ]
            ],
            [
                [
                    0.9779099822044373,
                    -0.20694796741008759,
                    0.02940632589161396
                ],
                [
                    0.19971321523189545,
                    0.9665710926055908,
                    0.1607947051525116
                ],
                [
                    -0.06169943884015083,
                    -0.15136989951133728,
                    0.9865497350692749
                ]
            ]
        ],
        "betas": [
            -0.09686878323554993,
            0.18839114904403687,
            0.40365520119667053,
            0.10830850899219513,
            0.0038010478019714355,
            0.12629881501197815,
            0.07604552805423737,
            -0.14758136868476868,
            0.09533194452524185,
            -0.14699864387512207
        ]
    },
    "pred_cam_t": [
        0.02909860946238041,
        0.3290117084980011,
        26.390106201171875
    ],
    "focal_length": [
        5000.0,
        5000.0
    ],
    "pred_keypoints_3d": [
        [
            -0.047026727348566055,
            -0.857851505279541,
            -0.13687285780906677
        ],
        [
            0.001513053197413683,
            -0.7399572134017944,
            0.011945951730012894
        ],
        [
            -0.1471409797668457,
            -0.6534820795059204,
            0.10872149467468262
        ],
        [
            -0.19605398178100586,
            -0.4244171679019928,
            0.20349426567554474
        ],
        [
            -0.32032787799835205,
            -0.22384314239025116,
            0.1113712415099144
        ],
        [
            0.16758692264556885,
            -0.6536241173744202,
            -0.041354164481163025
        ],
        [
            0.2597839832305908,
            -0.4212705194950104,
            0.02677224576473236
        ],
        [
            0.28801262378692627,
            -0.19067589938640594,
            -0.05703084170818329
        ],
        [
            -0.0017921710386872292,
            -0.2247363030910492,
            0.02701883390545845
        ],
        [
            -0.06715617328882217,
            -0.13651305437088013,
            0.054505616426467896
        ],
        [
            -0.09100647270679474,
            0.24493229389190674,
            0.08373356610536575
        ],
        [
            -0.07371541112661362,
            0.4018963873386383,
            0.4493858218193054
        ],
        [
            0.06677035242319107,
            -0.13210037350654602,
            0.027702782303094864
        ],
        [
            0.10113087296485901,
            0.24152368307113647,
            0.03817838430404663
        ],
        [
            0.13677817583084106,
            0.3876376748085022,
            0.40666714310646057
        ],
        [
            -0.0714673176407814,
            -0.8947553634643555,
            -0.09334512799978256
        ],
        [
            -0.00837678462266922,
            -0.8994529843330383,
            -0.11272216588258743
        ],
        [
            -0.08173771947622299,
            -0.8714399337768555,
            0.007315579801797867
        ],
        [
            0.055652227252721786,
            -0.8821467757225037,
            -0.03632035478949547
        ],
        [
            0.12728019058704376,
            0.5729953050613403,
            0.34087449312210083
        ],
        [
            0.1973685473203659,
            0.5381270051002502,
            0.3680846095085144
        ],
        [
            0.1528216153383255,
            0.35706591606140137,
            0.46907299757003784
        ],
        [
            -0.06925106793642044,
            0.5801241397857666,
            0.3710944354534149
        ],
        [
            -0.1420464813709259,
            0.5493313074111938,
            0.40450745820999146
        ],
        [
            -0.078532874584198,
            0.3824491798877716,
            0.5206928849220276
        ],
        [
            -0.0980655699968338,
            0.3551176190376282,
            0.42208337783813477
        ],
        [
            -0.09072273969650269,
            0.18985581398010254,
            0.06729207187891006
        ],
        [
            -0.14342747628688812,
            -0.25954076647758484,
            0.06245420128107071
        ],
        [
            0.14532779157161713,
            -0.23859301209449768,
            0.01475492399185896
        ],
        [
            0.11135590076446533,
            0.20697015523910522,
            0.025856779888272285
        ],
        [
            0.14608821272850037,
            0.3488101661205292,
            0.3892761468887329
        ],
        [
            -0.30754679441452026,
            -0.25041836500167847,
            0.09002281725406647
        ],
        [
            -0.22851434350013733,
            -0.4490089416503906,
            0.19343768060207367
        ],
        [
            -0.12021128833293915,
            -0.6823930740356445,
            0.0907539501786232
        ],
        [
            0.14213499426841736,
            -0.6854426860809326,
            -0.02627519704401493
        ],
        [
            0.27494385838508606,
            -0.4431752562522888,
            -0.016951508820056915
        ],
        [
            0.2827514410018921,
            -0.20814070105552673,
            -0.06702005863189697
        ],
        [
            0.00524322222918272,
            -0.738429844379425,
            0.012667251750826836
        ],
        [
            -0.01633865013718605,
            -0.9304324984550476,
            -0.02496633306145668
        ],
        [
            0.0015608409885317087,
            -0.24916160106658936,
            0.03840569406747818
        ],
        [
            0.008691050112247467,
            -0.6820515394210815,
            0.02772631123661995
        ],
        [
            0.012438153848052025,
            -0.49613580107688904,
            0.03803401067852974
        ],
        [
            -0.017542770132422447,
            -0.8269820809364319,
            -0.06778065115213394
        ],
        [
            -0.018784068524837494,
            -0.9487666487693787,
            -0.013491421937942505
        ]
    ],
    "pred_vertices": [
        [
            0.0004858034662902355,
            -0.9455729126930237,
            -0.11232699453830719
        ],
        [
            -0.0064466348849236965,
            -0.9317629337310791,
            -0.1173718273639679
        ],
        [
            0.006530646234750748,
            -0.9280528426170349,
            -0.11259229481220245
        ],
        [
            0.014323543757200241,
            -0.9385057687759399,
            -0.10445800423622131
        ],
        [
            0.0016215378418564796,
            -0.9194492101669312,
            -0.11758977174758911
        ],
        [
            -0.009805191308259964,
            -0.9204886555671692,
            -0.12121699750423431
        ],
        [
            0.016209488734602928,
            -0.9216853380203247,
            -0.10511460155248642
        ],
        [
            0.02371295541524887,
            -0.9286566376686096,
            -0.09583716094493866
        ],
        [
            0.026376184076070786,
            -0.886454701423645,
            -0.09950704872608185
        ],
        [
            0.03297291696071625,
            -0.8813357353210449,
            -0.09205780178308487
        ],
        [
            0.031929634511470795,
            -0.8929141759872437,
            -0.0921693742275238
        ],
        [
            0.024602513760328293,
            -0.8945848941802979,
            -0.09899985790252686
        ],
        [
            0.027544811367988586,
            -0.860187828540802,
            -0.09844110906124115
        ],
        [
            0.019549084827303886,
            -0.8513655662536621,
            -0.10537484288215637
        ],
        [
            0.02471618726849556,
            -0.8416584730148315,
            -0.09765198826789856
        ],
        [
            0.03162181004881859,
            -0.849855363368988,
            -0.08964114636182785
        ],
        [
            -0.018126774579286575,
            -0.8652518391609192,
            -0.11733356863260269
        ],
        [
            -0.012471094727516174,
            -0.8589858412742615,
            -0.11829620599746704
        ],
        [
            -0.00880025140941143,
            -0.865767240524292,
            -0.11792261898517609
        ],
        [
            -0.015108352527022362,
            -0.8711672425270081,
            -0.11651752889156342
        ],
        [
            -0.02901214174926281,
            -0.8743231296539307,
            -0.11988364160060883
        ],
        [
            -0.027335815131664276,
            -0.8795678615570068,
            -0.1164407730102539
        ],
        [
            -0.033412374556064606,
            -0.8835976123809814,
            -0.1196320652961731
        ],
        [
            -0.03458736464381218,
            -0.8777310848236084,
            -0.12432336807250977
        ],
        [
            -0.023095369338989258,
            -0.859673023223877,
            -0.11644840985536575
        ],
        [
            -0.0169382244348526,
            -0.8532394766807556,
            -0.11709374189376831
        ],
        [
            -0.02326256036758423,
            -0.8707224726676941,
            -0.11720703542232513
        ],
        [
            -0.025520101189613342,
            -0.8657699823379517,
            -0.11917246878147125
        ],
        [
            -0.030929379165172577,
            -0.860506534576416,
            -0.1286613643169403
        ],
        [
            -0.02929070219397545,
            -0.8651325106620789,
            -0.12723323702812195
        ],
        [
            -0.03446035832166672,
            -0.8665445446968079,
            -0.13284315168857574
        ],
        [
            -0.035225000232458115,
            -0.860958456993103,
            -0.1324063390493393
        ],
        [
            -0.025794312357902527,
            -0.8590259552001953,
            -0.12070661783218384
        ],
        [
            -0.026162216439843178,
            -0.862166702747345,
            -0.12329678237438202
        ],
        [
            -0.02895611897110939,
            -0.8585396409034729,
            -0.1251857876777649
        ],
        [
            -0.02931920252740383,
            -0.8560516834259033,
            -0.12187454104423523
        ],
        [
            -0.0302278995513916,
            -0.8701245188713074,
            -0.12289208918809891
        ],
        [
            -0.03494145721197128,
            -0.8725230693817139,
            -0.128558948636055
        ],
        [
            -0.04065711051225662,
            -0.8743590712547302,
            -0.13403628766536713
        ],
        [
            -0.04025355353951454,
            -0.8662592172622681,
            -0.13830246031284332
        ],
        [
            5.985330790281296e-05,
            -0.8456586599349976,
            -0.1161203607916832
        ],
        [
            -0.0061129056848585606,
            -0.8525373339653015,
            -0.11843444406986237
        ],
        [
            -0.010774105787277222,
            -0.8473882675170898,
            -0.11755196005105972
        ],
        [
            -0.005307566840201616,
            -0.8419393301010132,
            -0.11650077998638153
        ],
        [
            -0.027155157178640366,
            -0.8527913093566895,
            -0.11911050230264664
        ],
        [
            -0.023071136325597763,
            -0.8371542692184448,
            -0.1215544119477272
        ],
        [
            -0.02300482988357544,
            -0.8409910202026367,
            -0.12147682905197144
        ],
        [
            -0.029827171936631203,
            -0.8418070077896118,
            -0.12356444448232651
        ],
        [
            -0.029245521873235703,
            -0.8382565975189209,
            -0.1236429214477539
        ],
        [
            0.007621303200721741,
            -0.83094322681427,
            -0.10992228984832764
        ],
        [
            0.0010748514905571938,
            -0.8299297094345093,
            -0.11270380020141602
        ],
        [
            0.002397981472313404,
            -0.8228631019592285,
            -0.11076042056083679
        ],
        [
            0.008699195459485054,
            -0.8224490880966187,
            -0.10665470361709595
        ],
        [
            0.0006506377831101418,
            -0.8169827461242676,
            -0.10935415327548981
        ],
        [
            0.008569825440645218,
            -0.81422358751297,
            -0.10363724827766418
        ],
        [
            0.00042570941150188446,
            -0.7995786070823669,
            -0.10230138897895813
        ],
        [
            0.0047753481194376945,
            -0.8060288429260254,
            -0.10283736884593964
        ],
        [
            -0.002948140725493431,
            -0.8111938238143921,
            -0.10919051617383957
        ],
        [
            -0.008560150861740112,
            -0.8059040307998657,
            -0.11129908263683319
        ],
        [
            -0.022362269461154938,
            -0.8103457689285278,
            -0.11643036454916
        ],
        [
            -0.02848897874355316,
            -0.808972954750061,
            -0.11759829521179199
        ],
        [
            -0.023184191435575485,
            -0.7970356941223145,
            -0.11743375658988953
        ],
        [
            -0.016127385199069977,
            -0.8007316589355469,
            -0.11479561030864716
        ],
        [
            -0.02205965295433998,
            -0.8316189050674438,
            -0.11764951050281525
        ],
        [
            -0.017657240852713585,
            -0.8317385911941528,
            -0.1158645749092102
        ],
        [
            -0.018022017553448677,
            -0.8333885073661804,
            -0.11807797849178314
        ],
        [
            -0.02275434508919716,
            -0.834423303604126,
            -0.12022890150547028
        ],
        [
            -0.013843073509633541,
            -0.8316519260406494,
            -0.11479659378528595
        ],
        [
            -0.012085871770977974,
            -0.8314528465270996,
            -0.11448466777801514
        ],
        [
            -0.012622353620827198,
            -0.8327877521514893,
            -0.11559197306632996
        ],
        [
            -0.014133300632238388,
            -0.8324027061462402,
            -0.11547954380512238
        ],
        [
            -0.016104020178318024,
            -0.831962525844574,
            -0.11560764908790588
        ],
        [
            -0.017073091119527817,
            -0.8300159573554993,
            -0.11586856842041016
        ],
        [
            -0.014751357957720757,
            -0.8308485746383667,
            -0.1150987520813942
        ],
        [
            -0.02107372134923935,
            -0.8291500806808472,
            -0.11778995394706726
        ],
        [
            -0.03476647287607193,
            -0.8260561227798462,
            -0.12226887047290802
        ],
        [
            -0.030802380293607712,
            -0.8272444009780884,
            -0.12186367809772491
        ],
        [
            -0.03208974003791809,
            -0.8314549922943115,
            -0.12043087184429169
        ],
        [
            -0.03549930825829506,
            -0.830656886100769,
            -0.12069962173700333
        ],
        [
            -0.014764176681637764,
            -0.8340593576431274,
            -0.11697511374950409
        ],
        [
            -0.012237729504704475,
            -0.8363122940063477,
            -0.11686419695615768
        ],
        [
            -0.016681049019098282,
            -0.8389990925788879,
            -0.11914560198783875
        ],
        [
            -0.017569635063409805,
            -0.836133599281311,
            -0.11852340400218964
        ],
        [
            -0.009675277397036552,
            -0.8383831977844238,
            -0.11723360419273376
        ],
        [
            -0.010341346263885498,
            -0.8340775370597839,
            -0.11543013900518417
        ],
        [
            -0.007290148641914129,
            -0.8345242738723755,
            -0.11542856693267822
        ],
        [
            -0.012553812004625797,
            -0.8296912312507629,
            -0.1144154965877533
        ],
        [
            -0.009581329300999641,
            -0.8281228542327881,
            -0.1136709451675415
        ],
        [
            -0.009353936649858952,
            -0.8308482766151428,
            -0.1146552711725235
        ],
        [
            -0.01146815437823534,
            -0.8248094916343689,
            -0.1138891726732254
        ],
        [
            -0.015064718201756477,
            -0.8277279138565063,
            -0.11502522230148315
        ],
        [
            -0.01897178776562214,
            -0.8258649110794067,
            -0.11699594557285309
        ],
        [
            -0.024119019508361816,
            -0.8241516351699829,
            -0.11945840716362
        ],
        [
            -0.020877286791801453,
            -0.8193401098251343,
            -0.11735573410987854
        ],
        [
            -0.015430497005581856,
            -0.8217795491218567,
            -0.11539474129676819
        ],
        [
            -0.014698853716254234,
            -0.8424176573753357,
            -0.11856470257043839
        ],
        [
            -0.004862106405198574,
            -0.8303810358047485,
            -0.11377891898155212
        ],
        [
            -0.001724308356642723,
            -0.8368666172027588,
            -0.11439336836338043
        ],
        [
            -0.0045461696572601795,
            -0.8255321979522705,
            -0.11292437463998795
        ],
        [
            -0.006292910315096378,
            -0.8209507465362549,
            -0.11239851266145706
        ],
        [
            -0.010286446660757065,
            -0.8168156147003174,
            -0.1127920150756836
        ],
        [
            -0.016138695180416107,
            -0.8132212162017822,
            -0.11486207693815231
        ],
        [
            -0.017694683745503426,
            -0.7878966927528381,
            -0.10743866115808487
        ],
        [
            -0.009013453498482704,
            -0.7930508255958557,
            -0.10543971508741379
        ],
        [
            -0.01087599154561758,
            -0.9133223295211792,
            -0.11866404116153717
        ],
        [
            -0.001867559738457203,
            -0.9124096632003784,
            -0.1183885708451271
        ],
        [
            0.0001754574477672577,
            -0.9045450091362,
            -0.11421599984169006
        ],
        [
            0.0018489137291908264,
            -0.9076783061027527,
            -0.11439573764801025
        ],
        [
            -0.004107614513486624,
            -0.9082005023956299,
            -0.11614181101322174
        ],
        [
            -0.004308918956667185,
            -0.9054533243179321,
            -0.1155027374625206
        ],
        [
            0.017214616760611534,
            -0.8968139886856079,
            -0.10326415300369263
        ],
        [
            0.011431459337472916,
            -0.8986614942550659,
            -0.10651618242263794
        ],
        [
            0.012269463390111923,
            -0.8948398232460022,
            -0.10528841614723206
        ],
        [
            0.01922447793185711,
            -0.8904125094413757,
            -0.10333575308322906
        ],
        [
            0.0036149146035313606,
            -0.8872652053833008,
            -0.11076407134532928
        ],
        [
            0.008448519743978977,
            -0.8885815739631653,
            -0.10852572321891785
        ],
        [
            0.00392884761095047,
            -0.8952045440673828,
            -0.10991035401821136
        ],
        [
            0.0003851819783449173,
            -0.8942934274673462,
            -0.11157168447971344
        ],
        [
            -0.0036762929521501064,
            -0.8937102556228638,
            -0.1127186194062233
        ],
        [
            -0.008036114275455475,
            -0.8935964107513428,
            -0.11273600161075592
        ],
        [
            -0.007485321722924709,
            -0.8880971670150757,
            -0.11267374455928802
        ],
        [
            -0.0020924615673720837,
            -0.8873653411865234,
            -0.11222890019416809
        ],
        [
            -0.010777221992611885,
            -0.9090887308120728,
            -0.11586477607488632
        ],
        [
            -0.017663609236478806,
            -0.9079650640487671,
            -0.11381380259990692
        ],
        [
            -0.01604562997817993,
            -0.9048707485198975,
            -0.1137765496969223
        ],
        [
            -0.010276923887431622,
            -0.9058305025100708,
            -0.11583420634269714
        ],
        [
            -0.024204494431614876,
            -0.8974955081939697,
            -0.1068662479519844
        ],
        [
            -0.023398874327540398,
            -0.9001020193099976,
            -0.1080261617898941
        ],
        [
            -0.02713494934141636,
            -0.9014099836349487,
            -0.10835838317871094
        ],
        [
            -0.027562258765101433,
            -0.8968116641044617,
            -0.10751679539680481
        ],
        [
            -0.02532944828271866,
            -0.8938226699829102,
            -0.1082957312464714
        ],
        [
            -0.02303474023938179,
            -0.8958727121353149,
            -0.10771343111991882
        ],
        [
            -0.00823651161044836,
            -0.9666941165924072,
            -0.10671777278184891
        ],
        [
            -0.014887534081935883,
            -0.9496389031410217,
            -0.11502833664417267
        ],
        [
            0.009645701386034489,
            -0.9594738483428955,
            -0.0991659164428711
        ],
        [
            0.02227991819381714,
            -0.9490127563476562,
            -0.09152163565158844
        ],
        [
            0.03171259164810181,
            -0.9354817867279053,
            -0.08490070700645447
        ],
        [
            0.015980489552021027,
            -0.8351190090179443,
            -0.1046438217163086
        ],
        [
            0.019084051251411438,
            -0.8258466720581055,
            -0.09961115568876266
        ],
        [
            0.029127437621355057,
            -0.8325073719024658,
            -0.08962324261665344
        ],
        [
            0.028730029240250587,
            -0.8218291997909546,
            -0.08492074906826019
        ],
        [
            0.018548324704170227,
            -0.8151415586471558,
            -0.09575704485177994
        ],
        [
            0.00678130891174078,
            -0.7960302829742432,
            -0.09018746018409729
        ],
        [
            0.01451958529651165,
            -0.8044993281364441,
            -0.09279973059892654
        ],
        [
            0.025522887706756592,
            -0.8113378286361694,
            -0.07875127345323563
        ],
        [
            0.03609611466526985,
            -0.8230942487716675,
            -0.06566490232944489
        ],
        [
            0.036792486906051636,
            -0.830643892288208,
            -0.07381261885166168
        ],
        [
            0.04244380444288254,
            -0.8378278017044067,
            -0.053849078714847565
        ],
        [
            0.03374118730425835,
            -0.8151698112487793,
            -0.053522977977991104
        ],
        [
            0.04123981297016144,
            -0.8363738059997559,
            -0.045096587389707565
        ],
        [
            0.0190158411860466,
            -0.778770387172699,
            -0.05405121296644211
        ],
        [
            0.022151485085487366,
            -0.7669308185577393,
            -0.051251620054244995
        ],
        [
            0.036654479801654816,
            -0.774169921875,
            -0.04242733120918274
        ],
        [
            0.0340820774435997,
            -0.7858942747116089,
            -0.04514610022306442
        ],
        [
            0.03562396764755249,
            -0.8398714065551758,
            -0.08133673667907715
        ],
        [
            0.03497796133160591,
            -0.9037660360336304,
            -0.08441140502691269
        ],
        [
            0.02842523716390133,
            -0.9036219716072083,
            -0.09400028735399246
        ],
        [
            0.0379614531993866,
            -0.8903822898864746,
            -0.08254457265138626
        ],
        [
            0.040491409599781036,
            -0.9614332914352417,
            -0.062472499907016754
        ],
        [
            0.03127076476812363,
            -0.9578848481178284,
            -0.07851266860961914
        ],
        [
            0.03995293751358986,
            -0.941790759563446,
            -0.07457117736339569
        ],
        [
            0.0476020984351635,
            -0.9473616480827332,
            -0.06004728004336357
        ],
        [
            0.010931559838354588,
            -0.9949679374694824,
            -0.06152009963989258
        ],
        [
            0.0026557189412415028,
            -0.984004020690918,
            -0.08618532866239548
        ],
        [
            0.01623491942882538,
            -0.9720585346221924,
            -0.0826011523604393
        ],
        [
            0.025154100731015205,
            -0.9810149669647217,
            -0.0632183775305748
        ],
        [
            0.052769117057323456,
            -0.9483622312545776,
            -0.047702573239803314
        ],
        [
            0.05835234373807907,
            -0.948145866394043,
            -0.029898207634687424
        ],
        [
            0.055740196257829666,
            -0.9631353616714478,
            -0.02098359540104866
        ],
        [
            0.04748190939426422,
            -0.964927077293396,
            -0.041994042694568634
        ],
        [
            0.0449262298643589,
            -0.9821972846984863,
            -0.009834405034780502
        ],
        [
            0.03600257635116577,
            -0.9850472211837769,
            -0.0357179120182991
        ],
        [
            0.04300478845834732,
            -0.8225927948951721,
            -0.035599276423454285
        ],
        [
            0.044252894818782806,
            -0.8403370380401611,
            -0.03271769732236862
        ],
        [
            0.030859827995300293,
            -0.7996193170547485,
            -0.04974799230694771
        ],
        [
            0.04249308630824089,
            -0.8067633509635925,
            -0.036445148289203644
        ],
        [
            0.028417909517884254,
            -0.9956011176109314,
            0.0008605159819126129
        ],
        [
            0.018742946907877922,
            -1.000420093536377,
            -0.029884302988648415
        ],
        [
            0.06150765344500542,
            -0.9225919246673584,
            0.01796487346291542
        ],
        [
            0.06127164140343666,
            -0.940864086151123,
            0.011098850518465042
        ],
        [
