{
    "pred_cam": [
        1.4223837852478027,
        0.05589959770441055,
        0.35874590277671814
    ],
    "pred_smpl_params": {
        "global_orient": [
            [
                [
                    0.9402900338172913,
                    0.01489283237606287,
                    -0.340048223733902
                ],
                [
                    0.03871743381023407,
                    -0.9972378611564636,
                    0.06338489055633545
                ],
                [
                    -0.3381649851799011,
                    -0.07276597619056702,
                    -0.9382694363594055
                ]
            ]
        ],
        "body_pose": [
            [
                [
                    0.9979884028434753,
                    -0.013918353244662285,
                    0.061850447207689285
                ],
                [
                    0.013563350774347782,
                    0.999889075756073,
                    0.006155874580144882
                ],
                [
                    -0.061929263174533844,
                    -0.005304591730237007,
                    0.9980664849281311
                ]
            ],
            [
                [
                    0.9926210641860962,
                    -0.046536192297935486,
                    0.11197246611118317
                ],
                [
                    0.05131696164608002,
                    0.997873067855835,
                    -0.04019814729690552
                ],
                [
                    -0.10986363887786865,
                    0.04564761370420456,
                    0.9928979277610779
                ]
            ],
            [
                [
                    0.9985145926475525,
                    -0.0018242785008624196,
                    -0.05445461720228195
                ],
                [
                    0.0019999821670353413,
                    0.9999929070472717,
                    0.0031724111177027225
                ],
                [
                    0.054448451846838,
                    -0.0032766072545200586,
                    0.9985111355781555
                ]
            ],
            [
                [
                    0.9806346893310547,
                    0.08111890405416489,
                    -0.17825643718242645
                ],
                [
                    -0.19335989654064178,
                    0.5455843806266785,
                    -0.8154444694519043
                ],
                [
                    0.031105967238545418,
                    0.8341207504272461,
                    0.5507041215896606
                ]
            ],
            [
                [
                    0.9648354649543762,
                    0.15388841927051544,
                    0.2130984514951706
                ],
                [
                    0.07972657680511475,
                    0.6011881828308105,
                    -0.7951204776763916
                ],
                [
                    -0.2504720985889435,
                    0.7841499447822571,
                    0.5677787065505981
                ]
            ],
            [
                [
                    0.9979252219200134,
                    -0.03385067731142044,
                    -0.05476639047265053
                ],
                [
                    0.03738671541213989,
                    0.9971921443939209,
                    0.06488494575023651
                ],
                [
                    0.05241621658205986,
                    -0.06679785996675491,
                    0.9963887333869934
                ]
            ],
            [
                [
                    0.9688144326210022,
                    0.055151939392089844,
                    0.24157145619392395
                ],
                [
                    -0.08315055817365646,
                    0.9907455444335938,
                    0.10728070884943008
                ],
                [
                    -0.23341912031173706,
                    -0.12402191758155823,
                    0.9644345045089722
                ]
            ],
            [
                [
                    0.9692580103874207,
                    -0.019533764570951462,
                    -0.245269775390625
                ],
                [
                    0.0547432042658329,
                    0.9889781475067139,
                    0.13757012784481049
                ],
                [
                    0.23987914621829987,
                    -0.14676780998706818,
                    0.9596443176269531
                ]
            ],
            [
                [
                    0.9977954626083374,
                    -0.029539011418819427,
                    -0.059427473694086075
                ],
                [
                    0.023540819063782692,
                    0.9947875738143921,
                    -0.09921526908874512
                ],
                [
                    0.062048424035310745,
                    0.09759757667779922,
                    0.9932898879051208
                ]
            ],
            [
                [
                    0.9864833354949951,
                    -0.15108318626880646,
                    -0.06343846023082733
                ],
                [
                    0.1614287942647934,
                    0.9625141620635986,
                    0.21796143054962158
                ],
                [
                    0.02813011407852173,
                    -0.22525613009929657,
                    0.9738933444023132
                ]
            ],
            [
                [
                    0.9837938547134399,
                    0.15268148481845856,
                    0.09401065111160278
                ],
                [
                    -0.16978907585144043,
                    0.961797297000885,
                    0.21475039422512054
                ],
                [
                    -0.05763076990842819,
                    -0.22723209857940674,
                    0.9721339344978333
                ]
            ],
            [
                [
                    0.9905301332473755,
                    -0.04195369407534599,
                    0.1307288557291031
                ],
                [
                    0.023528210818767548,
                    0.9899531006813049,
                    0.13942429423332214
                ],
                [
                    -0.1352648138999939,
                    -0.13502813875675201,
                    0.9815654754638672
                ]
            ],
            [
                [
                    0.9456396102905273,
                    0.30375608801841736,
                    0.11618098616600037
                ],
                [
                    -0.294735312461853,
                    0.9514590501785278,
                    -0.0886383131146431
                ],
                [
                    -0.13746587932109833,
                    0.0495772548019886,
                    0.9892650246620178
                ]
            ],
            [
                [
                    0.9538136720657349,
                    -0.26134079694747925,
                    -0.14812280237674713
                ],
                [
                    0.2611434757709503,
                    0.9650687575340271,
                    -0.021128522232174873
                ],
                [
                    0.1484704315662384,
                    -0.01852862909436226,
                    0.988743245601654
                ]
            ],
            [
                [
                    0.9968669414520264,
                    0.001291001564823091,
                    0.07908672839403152
                ],
                [
                    0.011670567095279694,
                    0.9865226149559021,
                    -0.16320817172527313
                ],
                [
                    -0.07823154330253601,
                    0.16361980140209198,
                    0.983416736125946
                ]
            ],
            [
                [
                    0.5555030107498169,
                    0.822246789932251,
                    -0.1238008588552475
                ],
                [
                    -0.829910397529602,
                    0.5390081405639648,
                    -0.1439410299062729
                ],
                [
                    -0.05162537842988968,
                    0.18270328640937805,
                    0.9818118214607239
                ]
            ],
            [
                [
                    0.7123996019363403,
                    -0.679719865322113,
                    0.1745498925447464
                ],
                [
                    0.7001498937606812,
                    0.7053266763687134,
                    -0.11092501878738403
                ],
                [
                    -0.04771675914525986,
                    0.20123404264450073,
                    0.9783802628517151
                ]
            ],
            [
                [
                    0.784757673740387,
                    -0.1802409589290619,
                    -0.5930165648460388
                ],
                [
                    0.02318751811981201,
                    0.9646505117416382,
                    -0.2625103294849396
                ],
                [
                    0.6193689107894897,
                    0.1922563910484314,
                    0.7611962556838989
                ]
            ],
            [
                [
                    0.6886375546455383,
                    0.2029108703136444,
                    0.6961361765861511
                ],
                [
                    -0.08823401480913162,
                    0.9763627648353577,
                    -0.19730819761753082
                ],
                [
                    -0.7197173833847046,
                    0.07445093989372253,
                    0.6902636885643005
                ]
            ],
            [
                [
                    0.999629557132721,
                    0.027210690081119537,
                    -0.0006153291324153543
                ],
                [
                    -0.027192248031497,
                    0.9974656105041504,
                    -0.06574845314025879
                ],
                [
                    -0.0011752904392778873,
                    0.06574083119630814,
                    0.9978360533714294
                ]
            ],
            [
                [
                    0.9999926686286926,
                    -0.00011518551764311269,
                    0.0038280999287962914
                ],
                [
                    0.00029133952921256423,
                    0.9989391565322876,
                    -0.046048857271671295
                ],
                [
                    -0.0038187347818166018,
                    0.046049635857343674,
                    0.998931884765625
                ]
            ],
            [
                [
                    0.9817193746566772,
                    0.18263542652130127,
                    -0.053585752844810486
                ],
                [
                    -0.17275914549827576,
                    0.9731871485710144,
                    0.15185846388339996
                ],
                [
                    0.07988370209932327,
                    -0.13982495665550232,
                    0.9869486093521118
                ]
            ],
            [
                [
                    0.9822272062301636,
                    -0.18714790046215057,
                    0.01433132216334343
                ],
                [
                    0.1836748570203781,
                    0.9740989804267883,
                    0.1318892538547516
                ],
                [
                    -0.03864292427897453,
                    -0.1269129067659378,
                    0.9911608695983887
                ]
            ]
        ],
        "betas": [
            -0.0919419527053833,
            0.27879568934440613,
            0.6880112886428833,
            1.1973049640655518,
            -0.02414730191230774,
            0.0881015956401825,
            0.0016114413738250732,
            0.014012008905410767,
            0.05890066921710968,
            -0.10050839185714722
        ]
    },
    "pred_cam_t": [
        0.05589959770441055,
        0.35874590277671814,
        27.46269989013672
    ],
    "focal_length": [
        5000.0,
        5000.0
    ],
    "pred_keypoints_3d": [
        [
            -0.04763583093881607,
            -0.8872799277305603,
            -0.12190543115139008
        ],
        [
            0.006878410466015339,
            -0.7638993859291077,
            0.025440292432904243
        ],
        [
            -0.13142365217208862,
            -0.6705939173698425,
            0.13747966289520264
        ],
        [
            -0.20296254754066467,
            -0.454528272151947,
            0.23779398202896118
        ],
        [
            -0.36826199293136597,
            -0.2863590717315674,
            0.1532229483127594
        ],
        [
            0.17118990421295166,
            -0.6760105490684509,
            -0.043303411453962326
        ],
        [
            0.26996657252311707,
            -0.4449084401130676,
            0.0047480277717113495
        ],
        [
            0.27474209666252136,
            -0.22916492819786072,
            -0.11126185953617096
        ],
        [
            -0.002679327968508005,
            -0.2352457493543625,
            0.024797186255455017
        ],
        [
            -0.06245293840765953,
            -0.14794963598251343,
            0.0584944523870945
        ],
        [
            -0.08099616318941116,
            0.22607877850532532,
            0.11123770475387573
        ],
        [
            -0.04581935703754425,
            0.3904508948326111,
            0.4647558629512787
        ],
        [
            0.060648005455732346,
            -0.14184024930000305,
            0.016714535653591156
        ],
        [
            0.09327838569879532,
            0.2259339988231659,
            0.031434036791324615
        ],
        [
            0.15375232696533203,
            0.37908944487571716,
            0.386247456073761
        ],
        [
            -0.07089564949274063,
            -0.9237431287765503,
            -0.07632799446582794
        ],
        [
            -0.008542610332369804,
            -0.9293467998504639,
            -0.0978759378194809
        ],
        [
            -0.07848428189754486,
            -0.8997177481651306,
            0.0254998616874218
        ],
        [
            0.05877741426229477,
            -0.912315845489502,
            -0.023321188986301422
        ],
        [
            0.12771371006965637,
            0.5615994930267334,
            0.31686341762542725
        ],
        [
            0.20203375816345215,
            0.5313929319381714,
            0.34052255749702454
        ],
        [
            0.17581941187381744,
            0.35174477100372314,
            0.44849616289138794
        ],
        [
            -0.05066836625337601,
            0.5661218166351318,
            0.37787020206451416
        ],
        [
            -0.11997011303901672,
            0.5333613753318787,
            0.41920673847198486
        ],
        [
            -0.04473508149385452,
            0.37404972314834595,
            0.5367584228515625
        ],
        [
            -0.07021382451057434,
            0.34282904863357544,
            0.4410564601421356
        ],
        [
            -0.08151312917470932,
            0.17120450735092163,
            0.09240569174289703
        ],
        [
            -0.13282006978988647,
            -0.2724534869194031,
            0.07458344101905823
        ],
        [
            0.13485932350158691,
            -0.2479782998561859,
            -0.005260413512587547
        ],
        [
            0.10164719820022583,
            0.19164112210273743,
            0.017656181007623672
        ],
        [
            0.16342759132385254,
            0.34105023741722107,
            0.3698176443576813
        ],
        [
            -0.35460376739501953,
            -0.31330645084381104,
            0.1311676949262619
        ],
        [
            -0.23180142045021057,
            -0.4836048185825348,
            0.2318645417690277
        ],
        [
            -0.10756614059209824,
            -0.7017536163330078,
            0.1167898178100586
        ],
        [
            0.14586898684501648,
            -0.7082458138465881,
            -0.025492943823337555
        ],
        [
            0.2804531753063202,
            -0.4700060486793518,
            -0.039107196033000946
        ],
        [
            0.26973414421081543,
            -0.24871891736984253,
            -0.11843239516019821
        ],
        [
            0.012857639230787754,
            -0.7605506181716919,
            0.027827870100736618
        ],
        [
            -0.014468856155872345,
            -0.9603809118270874,
            -0.010753405280411243
        ],
        [
            0.001459119375795126,
            -0.26001065969467163,
            0.03418004885315895
        ],
        [
            0.01702643744647503,
            -0.7028582096099854,
            0.041579391807317734
        ],
        [
            0.01897433027625084,
            -0.5151132345199585,
            0.04022575169801712
        ],
        [
            -0.015570356510579586,
            -0.855977475643158,
            -0.05237311124801636
        ],
        [
            -0.016685817390680313,
            -0.978614330291748,
            0.0007902402430772781
        ]
    ],
    "pred_vertices": [
        [
            -0.00018071744125336409,
            -0.9749425649642944,
            -0.09874360263347626
        ],
        [
            -0.006963355466723442,
            -0.9612364172935486,
            -0.1035427376627922
        ],
        [
            0.006148704793304205,
            -0.9577325582504272,
            -0.0990786999464035
        ],
        [
            0.014058363623917103,
            -0.9681097269058228,
            -0.09137264639139175
        ],
        [
            0.0012290291488170624,
            -0.9492909908294678,
            -0.10380680114030838
        ],
        [
            -0.010331865400075912,
            -0.9500730037689209,
            -0.10708558559417725
        ],
        [
            0.016194457188248634,
            -0.9515402317047119,
            -0.09178219735622406
        ],
        [
            0.023838546127080917,
            -0.9584378004074097,
            -0.082829050719738
        ],
        [
            0.02676386386156082,
            -0.916616678237915,
            -0.08608899265527725
        ],
        [
            0.033670492470264435,
            -0.9115855693817139,
            -0.07886876165866852
        ],
        [
            0.03250761330127716,
            -0.9231387376785278,
            -0.07898151129484177
        ],
        [
            0.024966679513454437,
            -0.9247610569000244,
            -0.08554483205080032
        ],
        [
            0.028361398726701736,
            -0.8902909159660339,
            -0.08502843976020813
        ],
        [
            0.020269185304641724,
            -0.8812676668167114,
            -0.09155064821243286
        ],
        [
            0.026018189266324043,
            -0.8716095685958862,
            -0.08427636325359344
        ],
        [
            0.03318675607442856,
            -0.8799724578857422,
            -0.07661460340023041
        ],
        [
            -0.018110845237970352,
            -0.8950194716453552,
            -0.10223117470741272
        ],
        [
            -0.01234879344701767,
            -0.8887083530426025,
            -0.10336293280124664
        ],
        [
            -0.00882185623049736,
            -0.895561933517456,
            -0.10305891931056976
        ],
        [
            -0.015173779800534248,
            -0.900936484336853,
            -0.10147374123334885
        ],
        [
            -0.029239019379019737,
            -0.9041286706924438,
            -0.10476171970367432
        ],
        [
            -0.02751675434410572,
            -0.909325897693634,
            -0.10125425457954407
        ],
        [
            -0.03368381783366203,
            -0.9133514761924744,
            -0.10449191927909851
        ],
        [
            -0.03495144471526146,
            -0.90752112865448,
            -0.10930734872817993
        ],
        [
            -0.022971998900175095,
            -0.8894053101539612,
            -0.10137327760457993
        ],
        [
            -0.016662228852510452,
            -0.8828495144844055,
            -0.10223567485809326
        ],
        [
            -0.02335463836789131,
            -0.9005192518234253,
            -0.10203440487384796
        ],
        [
            -0.02561907470226288,
            -0.8956037759780884,
            -0.10414402186870575
        ],
        [
            -0.031214525923132896,
            -0.8903257846832275,
            -0.1138899177312851
        ],
        [
            -0.029578933492302895,
            -0.8949759006500244,
            -0.11247804015874863
        ],
        [
            -0.0349310040473938,
            -0.8962791562080383,
            -0.11812087893486023
        ],
        [
            -0.03565216809511185,
            -0.8906873464584351,
            -0.11763758957386017
        ],
        [
            -0.025766605511307716,
            -0.8887923359870911,
            -0.10584799945354462
        ],
        [
            -0.02625609003007412,
            -0.8920208215713501,
            -0.10851220786571503
        ],
        [
            -0.029054999351501465,
            -0.8883540034294128,
            -0.11038844287395477
        ],
        [
            -0.02929188497364521,
            -0.8858046531677246,
            -0.10700525343418121
        ],
        [
            -0.03045586869120598,
            -0.8999393582344055,
            -0.10795830190181732
        ],
        [
            -0.035359159111976624,
            -0.9023118019104004,
            -0.11369559168815613
        ],
        [
            -0.04126906394958496,
            -0.9040939211845398,
            -0.11924372613430023
        ],
        [
            -0.04094191640615463,
            -0.8958688974380493,
            -0.1235916018486023
        ],
        [
            0.000545059097930789,
            -0.8752818703651428,
            -0.10173970460891724
        ],
        [
            -0.005829461384564638,
            -0.8821894526481628,
            -0.10378441214561462
        ],
        [
            -0.010372832417488098,
            -0.8769684433937073,
            -0.10291969776153564
        ],
        [
            -0.004755394533276558,
            -0.8714749813079834,
            -0.10214117169380188
        ],
        [
            -0.02699683979153633,
            -0.8824058771133423,
            -0.10426031053066254
        ],
        [
            -0.022771205753087997,
            -0.8664489984512329,
            -0.10693763941526413
        ],
        [
            -0.022739995270967484,
            -0.870407223701477,
            -0.10691329836845398
        ],
        [
            -0.029615873470902443,
            -0.8711348176002502,
            -0.10885348916053772
        ],
        [
            -0.029020847752690315,
            -0.8674699068069458,
            -0.10884875059127808
        ],
        [
            0.00866425596177578,
            -0.8604052662849426,
            -0.09609119594097137
        ],
        [
            0.002081252634525299,
            -0.8593254685401917,
            -0.098809614777565
        ],
        [
            0.00363632058724761,
            -0.852104902267456,
            -0.09697148203849792
        ],
        [
            0.010058154352009296,
            -0.8518062829971313,
            -0.09288479387760162
        ],
        [
            0.00206551980227232,
            -0.8460792303085327,
            -0.09552519023418427
        ],
        [
            0.010185405611991882,
            -0.8434748649597168,
            -0.09000632911920547
        ],
        [
            0.002024666406214237,
            -0.8284909725189209,
            -0.08873344212770462
        ],
        [
            0.006409032270312309,
            -0.8351104259490967,
            -0.08915707468986511
        ],
        [
            -0.001534975366666913,
            -0.8401157855987549,
            -0.09539371728897095
        ],
        [
            -0.00719824992120266,
            -0.8346471786499023,
            -0.09749981760978699
        ],
        [
            -0.021366598084568977,
            -0.8389482498168945,
            -0.10205581784248352
        ],
        [
            -0.02764573134481907,
            -0.8375661373138428,
            -0.10308685898780823
        ],
        [
            -0.02209644392132759,
            -0.8255242109298706,
            -0.10333695262670517
        ],
        [
            -0.01484853494912386,
            -0.8293405771255493,
            -0.10091070830821991
        ],
        [
            -0.02154495008289814,
            -0.8608089685440063,
            -0.10292734205722809
        ],
        [
            -0.0170559361577034,
            -0.8609532713890076,
            -0.10128986090421677
        ],
        [
            -0.01753903366625309,
            -0.862661600112915,
            -0.10348135232925415
        ],
        [
            -0.02237013168632984,
            -0.8636454343795776,
            -0.10548734664916992
        ],
        [
            -0.013117838650941849,
            -0.860884428024292,
            -0.100318044424057
        ],
        [
            -0.011317318305373192,
            -0.8607450127601624,
            -0.10004575550556183
        ],
        [
            -0.011964489705860615,
            -0.8621398210525513,
            -0.10113933682441711
        ],
        [
            -0.013456335291266441,
            -0.8616533875465393,
            -0.10100184381008148
        ],
        [
            -0.015419340692460537,
            -0.861146092414856,
            -0.10107053816318512
        ],
        [
            -0.016363192349672318,
            -0.8590894341468811,
            -0.10134515166282654
        ],
        [
            -0.014012384228408337,
            -0.8600068092346191,
            -0.10060684382915497
        ],
        [
            -0.020426686853170395,
            -0.8581237196922302,
            -0.10319465398788452
        ],
        [
            -0.034417249262332916,
            -0.8550431728363037,
            -0.107134148478508
        ],
        [
            -0.030365487560629845,
            -0.8561998009681702,
            -0.10688530653715134
        ],
        [
            -0.03170258551836014,
            -0.8605668544769287,
            -0.10535882413387299
        ],
        [
            -0.035164326429367065,
            -0.8597509860992432,
            -0.10552210360765457
        ],
        [
            -0.014222594909369946,
            -0.863398015499115,
            -0.1025199294090271
        ],
        [
            -0.011684413999319077,
            -0.8657671809196472,
            -0.1025182232260704
        ],
        [
            -0.016254760324954987,
            -0.868419885635376,
            -0.10475501418113708
        ],
        [
            -0.01712004840373993,
            -0.8654873371124268,
            -0.10402745008468628
        ],
        [
            -0.009092627093195915,
            -0.8678719997406006,
            -0.10288183391094208
        ],
        [
            -0.009642503224313259,
            -0.8634841442108154,
            -0.10106717050075531
        ],
        [
            -0.0065672206692397594,
            -0.8639844655990601,
            -0.10114230215549469
        ],
        [
            -0.01174028217792511,
            -0.8588510751724243,
            -0.09999187290668488
        ],
        [
            -0.008640911430120468,
            -0.8573212623596191,
            -0.09936358779668808
        ],
        [
            -0.008521604351699352,
            -0.8601703643798828,
            -0.1003023236989975
        ],
        [
            -0.010492442175745964,
            -0.8538200855255127,
            -0.09959512948989868
        ],
        [
            -0.014253049157559872,
            -0.8567477464675903,
            -0.10056468099355698
        ],
        [
            -0.01822017692029476,
            -0.8547404408454895,
            -0.1024831160902977
        ],
        [
            -0.02347521111369133,
            -0.8529433012008667,
            -0.1047380119562149
        ],
        [
            -0.020057059824466705,
            -0.848063051700592,
            -0.10275024175643921
        ],
        [
            -0.014516313560307026,
            -0.850633978843689,
            -0.1010020449757576
        ],
        [
            -0.014326812699437141,
            -0.87196284532547,
            -0.10412216931581497
        ],
        [
            -0.00394519604742527,
            -0.8597285151481628,
            -0.0996541753411293
        ],
        [
            -0.0009581015910953283,
            -0.8663426637649536,
            -0.10028344392776489
        ],
        [
            -0.0034586803521960974,
            -0.8547360897064209,
            -0.0988803505897522
        ],
        [
            -0.005092366598546505,
            -0.8499772548675537,
            -0.09833697974681854
        ],
        [
            -0.009158840402960777,
            -0.8457355499267578,
            -0.09864769130945206
        ],
        [
            -0.015075677074491978,
            -0.841911792755127,
            -0.10058075934648514
        ],
        [
            -0.016314715147018433,
            -0.8165205717086792,
            -0.09331671893596649
        ],
        [
            -0.007581942714750767,
            -0.8218438625335693,
            -0.09161916375160217
        ],
        [
            -0.011313836090266705,
            -0.9430994987487793,
            -0.10406450927257538
        ],
        [
            -0.0022910325787961483,
            -0.9422820806503296,
            -0.10409216582775116
        ],
        [
            -0.00014561187708750367,
            -0.9345477819442749,
            -0.0997345969080925
        ],
        [
            0.0015439116396009922,
            -0.9376322031021118,
            -0.10002763569355011
        ],
        [
            -0.004502622410655022,
            -0.9381372928619385,
            -0.1016133725643158
        ],
        [
            -0.004682573489844799,
            -0.9354190826416016,
            -0.10088886320590973
        ],
        [
            0.017442746087908745,
            -0.9268718361854553,
            -0.08953293412923813
        ],
        [
            0.011479604057967663,
            -0.9286963939666748,
            -0.09245900809764862
        ],
        [
            0.012382782064378262,
            -0.9249007105827332,
            -0.09125473350286484
        ],
        [
            0.019478708505630493,
            -0.9205132722854614,
            -0.08963678777217865
        ],
        [
            0.0036325096152722836,
            -0.9171024560928345,
            -0.09644754230976105
        ],
        [
            0.008548412472009659,
            -0.9185137152671814,
            -0.09435072541236877
        ],
        [
            0.00393554475158453,
            -0.9250633716583252,
            -0.09562793374061584
        ],
        [
            0.00030702288495376706,
            -0.9241015911102295,
            -0.09713675081729889
        ],
        [
            -0.003822507569566369,
            -0.9235180616378784,
            -0.0981258749961853
        ],
        [
            -0.008227618411183357,
            -0.9234409928321838,
            -0.09797146916389465
        ],
        [
            -0.007598717696964741,
            -0.9178857803344727,
            -0.09792019426822662
        ],
        [
            -0.002131106099113822,
            -0.9171324968338013,
            -0.09767195582389832
        ],
        [
            -0.011137430556118488,
            -0.9390120506286621,
            -0.10105205327272415
        ],
        [
            -0.0179202388972044,
            -0.93792724609375,
            -0.09877699613571167
        ],
        [
            -0.01625358872115612,
            -0.9348022937774658,
            -0.09873014688491821
        ],
        [
            -0.010618341155350208,
            -0.9357731342315674,
            -0.10090981423854828
        ],
        [
            -0.02423635683953762,
            -0.9274629354476929,
            -0.09155981987714767
        ],
        [
            -0.023447252810001373,
            -0.9300719499588013,
            -0.09271121025085449
        ],
        [
            -0.027262898162007332,
            -0.9313639402389526,
            -0.09286636114120483
        ],
        [
            -0.02764405496418476,
            -0.9267110824584961,
            -0.09208525717258453
        ],
        [
            -0.025400826707482338,
            -0.9237136840820312,
            -0.09305556863546371
        ],
        [
            -0.02310214564204216,
            -0.9258326292037964,
            -0.0925477147102356
        ],
        [
            -0.008978653699159622,
            -0.9957032203674316,
            -0.09315638244152069
        ],
        [
            -0.015590863302350044,
            -0.978717565536499,
            -0.1006719172000885
        ],
        [
            0.009236188605427742,
            -0.9888241291046143,
            -0.08594627678394318
        ],
        [
            0.022162768989801407,
            -0.9786126613616943,
            -0.078518807888031
        ],
        [
            0.03214729577302933,
            -0.9654839038848877,
            -0.0720696970820427
        ],
        [
            0.017124945297837257,
            -0.8647938370704651,
            -0.09102947264909744
        ],
        [
            0.02058873325586319,
            -0.8554601669311523,
            -0.08610023558139801
        ],
        [
            0.03092130832374096,
            -0.8625291585922241,
            -0.07653781771659851
        ],
        [
            0.030902033671736717,
            -0.8515298366546631,
            -0.07186655700206757
        ],
        [
            0.02028949186205864,
            -0.844599723815918,
            -0.08233829587697983
        ],
        [
            0.008571477606892586,
            -0.8252048492431641,
            -0.07669389247894287
        ],
        [
            0.01637270115315914,
            -0.8338346481323242,
            -0.07937897741794586
        ],
        [
            0.028043430298566818,
            -0.840711236000061,
            -0.06568056344985962
        ],
        [
            0.03922247141599655,
            -0.8527058362960815,
            -0.05283769592642784
        ],
        [
            0.0395207405090332,
            -0.8606072068214417,
            -0.06106908991932869
        ],
        [
            0.04588405042886734,
            -0.8674978613853455,
            -0.04071271792054176
        ],
        [
            0.03730631619691849,
            -0.8443789482116699,
            -0.04040662199258804
        ],
        [
            0.04496844857931137,
            -0.8658204078674316,
            -0.03162150830030441
        ],
        [
            0.021898377686738968,
            -0.8069765567779541,
            -0.04066768288612366
        ],
        [
            0.02498614229261875,
            -0.7944948673248291,
            -0.03821476548910141
        ],
        [
            0.04047718644142151,
            -0.8017873764038086,
            -0.029652584344148636
        ],
        [
            0.03771858289837837,
            -0.8140802383422852,
            -0.03203102946281433
        ],
        [
            0.037806570529937744,
            -0.8700071573257446,
            -0.0685761496424675
        ],
        [
            0.03598318248987198,
            -0.9337027072906494,
            -0.07156550884246826
        ],
        [
            0.029015572741627693,
            -0.9336246252059937,
            -0.08095557987689972
        ],
        [
            0.03900346904993057,
            -0.9205595254898071,
            -0.06958718597888947
        ],
        [
            0.041103169322013855,
            -0.9912071228027344,
            -0.05052008107304573
        ],
        [
            0.031301021575927734,
            -0.987655520439148,
            -0.06615106761455536
        ],
        [
            0.04057011753320694,
            -0.9718424081802368,
            -0.06223561614751816
        ],
        [
            0.0486784428358078,
            -0.9776200652122498,
            -0.04810446873307228
        ],
        [
            0.010660217143595219,
            -1.0243375301361084,
            -0.04910944774746895
        ],
        [
            0.0020735636353492737,
            -1.0130754709243774,
            -0.0730026513338089
        ],
        [
            0.01577315852046013,
            -1.001437783241272,
            -0.06971243768930435
        ],
        [
            0.025074128061532974,
            -1.010529637336731,
            -0.0509718582034111
        ],
        [
            0.05386316776275635,
            -0.9786864519119263,
            -0.03599764406681061
        ],
        [
            0.060033079236745834,
            -0.9787307977676392,
            -0.01833268627524376
        ],
        [
            0.05763334035873413,
            -0.9944571256637573,
            -0.010096661746501923
        ],
        [
            0.04856929928064346,
            -0.9951753616333008,
            -0.030869457870721817
        ],
        [
            0.04713676497340202,
            -1.0138490200042725,
            0.0012310221791267395
        ],
        [
            0.03694889694452286,
            -1.0158578157424927,
            -0.02439979463815689
        ],
        [
            0.04705585166811943,
            -0.851693868637085,
            -0.02209053374826908
        ],
        [
            0.04823007434606552,
            -0.8695884346961975,
            -0.01905522681772709
        ],
        [
            0.03432251513004303,
            -0.8283072113990784,
            -0.03648236393928528
        ],
        [
            0.04668739438056946,
            -0.835273265838623,
            -0.023191945627331734
        ],
        [
            0.03095543384552002,
            -1.0283076763153076,
            0.012614212930202484
        ],
        [
            0.019543755799531937,
            -1.0314393043518066,
            -0.018341999500989914
        ],
        [
            0.06606660038232803,
            -0.9536355137825012,
            0.030266109853982925
        ],
        [
            0.0651133581995964,
            -0.9720630645751953,
            0.02269861474633217
        ],
        [
