{
    "pred_cam": [
        1.4061460494995117,
        0.09773898869752884,
        0.34500497579574585
    ],
    "pred_smpl_params": {
        "global_orient": [
            [
                [
                    0.9326662421226501,
                    0.024313779547810555,
                    -0.3599202632904053
                ],
                [
                    0.04860788956284523,
                    -0.997097373008728,
                    0.05860111489892006
                ],
                [
                    -0.3574507236480713,
                    -0.07215023785829544,
                    -0.9311408996582031
                ]
            ]
        ],
        "body_pose": [
            [
                [
                    0.9948969483375549,
                    0.01332360040396452,
                    0.10001247376203537
                ],
                [
                    -0.013659111224114895,
                    0.99990314245224,
                    0.0026707216165959835
                ],
                [
                    -0.09996720403432846,
                    -0.004023175220936537,
                    0.9949826002120972
                ]
            ],
            [
                [
                    0.9910457730293274,
                    -0.049178555607795715,
                    0.1241362914443016
                ],
                [
                    0.05753915011882782,
                    0.9962453246116638,
                    -0.06468727439641953
                ],
                [
                    -0.12048898637294769,
                    0.07125074416399002,
                    0.9901543855667114
                ]
            ],
            [
                [
                    0.99666827917099,
                    -0.021315686404705048,
                    -0.07872673124074936
                ],
                [
                    0.02238296903669834,
                    0.9996687769889832,
                    0.01269900519400835
                ],
                [
                    0.07842997461557388,
                    -0.014418832957744598,
                    0.9968152642250061
                ]
            ],
            [
                [
                    0.97696453332901,
                    0.16436773538589478,
                    -0.13610127568244934
                ],
                [
                    -0.20998382568359375,
                    0.6267434358596802,
                    -0.7503995299339294
                ],
                [
                    -0.0380408950150013,
                    0.7616927623748779,
                    0.6468206644058228
                ]
            ],
            [
                [
                    0.9613028764724731,
                    0.18277809023857117,
                    0.20612852275371552
                ],
                [
                    0.03469955921173096,
                    0.6619248390197754,
                    -0.7487666606903076
                ],
                [
                    -0.2732997238636017,
                    0.726944088935852,
                    0.6299679279327393
                ]
            ],
            [
                [
                    0.9964890480041504,
                    -0.037856489419937134,
                    -0.07467664033174515
                ],
                [
                    0.04364975914359093,
                    0.9960334897041321,
                    0.07753659039735794
                ],
                [
                    0.07144518196582794,
                    -0.08052396774291992,
                    0.9941889047622681
                ]
            ],
            [
                [
                    0.9679506421089172,
                    0.032411202788352966,
                    0.24904032051563263
                ],
                [
                    -0.057740338146686554,
                    0.993793249130249,
                    0.09508409351110458
                ],
                [
                    -0.24441280961036682,
                    -0.10641638189554214,
                    0.9638142585754395
                ]
            ],
            [
                [
                    0.9659209251403809,
                    -0.03819635882973671,
                    -0.25600358843803406
                ],
                [
                    0.06696676462888718,
                    0.9922546148300171,
                    0.10462383925914764
                ],
                [
                    0.2500245273113251,
                    -0.1182020828127861,
                    0.9609974026679993
                ]
            ],
            [
                [
                    0.9969518780708313,
                    -0.022585272789001465,
                    -0.07467838376760483
                ],
                [
                    0.016361679881811142,
                    0.9964215159416199,
                    -0.08292418718338013
                ],
                [
                    0.0762840136885643,
                    0.08144956082105637,
                    0.9937538504600525
                ]
            ],
            [
                [
                    0.991104245185852,
                    -0.12482478469610214,
                    -0.04616382345557213
                ],
                [
                    0.13146355748176575,
                    0.972250759601593,
                    0.19350923597812653
                ],
                [
                    0.020728066563606262,
                    -0.19785669445991516,
                    0.9800117611885071
                ]
            ],
            [
                [
                    0.9785138368606567,
                    0.1622963398694992,
                    0.1271636039018631
                ],
                [
                    -0.18354786932468414,
                    0.9666329622268677,
                    0.1786922961473465
                ],
                [
                    -0.09391942620277405,
                    -0.1981935054063797,
                    0.9756528735160828
                ]
            ],
            [
                [
                    0.9945970773696899,
                    -0.01325642317533493,
                    0.10296133905649185
                ],
                [
                    0.0020569683983922005,
                    0.9941350817680359,
                    0.10812605917453766
                ],
                [
                    -0.10379084199666977,
                    -0.10733005404472351,
                    0.9887911081314087
                ]
            ],
            [
                [
                    0.9655234813690186,
                    0.25230976939201355,
                    0.06406311690807343
                ],
                [
                    -0.2487567663192749,
                    0.9667944312095642,
                    -0.05855442211031914
                ],
                [
                    -0.07670971751213074,
                    0.04059953987598419,
                    0.9962264895439148
                ]
            ],
            [
                [
                    0.9746906757354736,
                    -0.20515035092830658,
                    -0.08883374184370041
                ],
                [
                    0.20621252059936523,
                    0.9785030484199524,
                    0.0028499613981693983
                ],
                [
                    0.08633942157030106,
                    -0.02109646052122116,
                    0.9960423707962036
                ]
            ],
            [
                [
                    0.9981842637062073,
                    0.004239907022565603,
                    0.06008508801460266
                ],
                [
                    0.006737170275300741,
                    0.9834015965461731,
                    -0.18131723999977112
                ],
                [
                    -0.059856537729501724,
                    0.1813928186893463,
                    0.9815874099731445
                ]
            ],
            [
                [
                    0.5348694324493408,
                    0.833847165107727,
                    -0.1364317387342453
                ],
                [
                    -0.8447034358978271,
                    0.5314840078353882,
                    -0.06325273960828781
                ],
                [
                    0.019768157973885536,
                    0.14907631278038025,
                    0.9886281490325928
                ]
            ],
            [
                [
                    0.732448935508728,
                    -0.6494550108909607,
                    0.20427146553993225
                ],
                [
                    0.6738422513008118,
                    0.7343928813934326,
                    -0.08126356452703476
                ],
                [
                    -0.09723848849534988,
                    0.19716812670230865,
                    0.97553551197052
                ]
            ],
            [
                [
                    0.70464026927948,
                    -0.25706279277801514,
                    -0.6613628268241882
                ],
                [
                    0.08121941983699799,
                    0.9551624655723572,
                    -0.28472456336021423
                ],
                [
                    0.7049010396003723,
                    0.14691287279129028,
                    0.6939244270324707
                ]
            ],
            [
                [
                    0.6656485199928284,
                    0.19271701574325562,
                    0.7209523916244507
                ],
                [
                    -0.07946839183568954,
                    0.9788922667503357,
                    -0.18829430639743805
                ],
                [
                    -0.7420222163200378,
                    0.06804490834474564,
                    0.6669130921363831
                ]
            ],
            [
                [
                    0.9996433854103088,
                    -0.019594987854361534,
                    -0.018139945343136787
                ],
                [
                    0.018447011709213257,
                    0.9979413151741028,
                    -0.061422932893037796
                ],
                [
                    0.019306182861328125,
                    0.0610664077103138,
                    0.9979469180107117
                ]
            ],
            [
                [
                    0.9993194341659546,
                    0.027077162638306618,
                    0.025048429146409035
                ],
                [
                    -0.02530176192522049,
                    0.9973187446594238,
                    -0.06866756081581116
                ],
                [
                    -0.026840588077902794,
                    0.06798706203699112,
                    0.9973251223564148
                ]
            ],
            [
                [
                    0.9835004210472107,
                    0.1723785698413849,
                    -0.05488678812980652
                ],
                [
                    -0.16299203038215637,
                    0.9759780764579773,
                    0.144569531083107
                ],
                [
                    0.07848899066448212,
                    -0.1332380771636963,
                    0.9879711866378784
                ]
            ],
            [
                [
                    0.9839214086532593,
                    -0.1757521629333496,
                    0.03177757188677788
                ],
                [
                    0.17045800387859344,
                    0.9771878123283386,
                    0.12668058276176453
                ],
                [
                    -0.05331704765558243,
                    -0.11922700703144073,
                    0.9914343953132629
                ]
            ]
        ],
        "betas": [
            -0.1751120686531067,
            0.15974155068397522,
            0.7064021825790405,
            0.8757883310317993,
            0.04457587003707886,
            0.11859909445047379,
            -0.012375235557556152,
            -0.09484711289405823,
            0.08702119439840317,
            -0.14772677421569824
        ]
    },
    "pred_cam_t": [
        0.09773898869752884,
        0.34500497579574585,
        27.779830932617188
    ],
    "focal_length": [
        5000.0,
        5000.0
    ],
    "pred_keypoints_3d": [
        [
            -0.05640145018696785,
            -0.8763985633850098,
            -0.09625813364982605
        ],
        [
            0.012850463390350342,
            -0.7559943199157715,
            0.04267287254333496
        ],
        [
            -0.12147264182567596,
            -0.6659563779830933,
            0.15492424368858337
        ],
        [
            -0.21957328915596008,
            -0.4562591314315796,
            0.24477459490299225
        ],
        [
            -0.4006151556968689,
            -0.31754744052886963,
            0.14375117421150208
        ],
        [
            0.1651136875152588,
            -0.6743779182434082,
            -0.04841627553105354
        ],
        [
            0.25700610876083374,
            -0.43649566173553467,
            -0.04716894030570984
        ],
        [
            0.22671543061733246,
            -0.26258039474487305,
            -0.2151285856962204
        ],
        [
            -0.002289355266839266,
            -0.23219585418701172,
            0.026052672415971756
        ],
        [
            -0.0639384314417839,
            -0.14533314108848572,
            0.06110316142439842
        ],
        [
            -0.08049978315830231,
            0.22606953978538513,
            0.12259586155414581
        ],
        [
            -0.05622420832514763,
            0.4102073013782501,
            0.4659079313278198
        ],
        [
            0.061358436942100525,
            -0.13788318634033203,
            0.015807393938302994
        ],
        [
            0.08068344742059708,
            0.22933551669120789,
            0.03645159304141998
        ],
        [
            0.08917834609746933,
            0.4129611849784851,
            0.3804166913032532
        ],
        [
            -0.07352424412965775,
            -0.9140589237213135,
            -0.04959908872842789
        ],
        [
            -0.014372112229466438,
            -0.9180407524108887,
            -0.07877030968666077
        ],
        [
            -0.068571537733078,
            -0.8926142454147339,
            0.052553433924913406
        ],
        [
            0.061584677547216415,
            -0.9019052982330322,
            -0.01291123777627945
        ],
        [
            0.06362740695476532,
            0.5893031358718872,
            0.29646220803260803
        ],
        [
            0.13502678275108337,
            0.5635647773742676,
            0.3294353783130646
        ],
        [
            0.10543909668922424,
            0.39111238718032837,
            0.44603097438812256
        ],
        [
            -0.06569002568721771,
            0.5831644535064697,
            0.3775268793106079
        ],
        [
            -0.13500891625881195,
            0.5501733422279358,
            0.4177054166793823
        ],
        [
            -0.05420136824250221,
            0.39594751596450806,
            0.5382886528968811
        ],
        [
            -0.07814903557300568,
            0.3606815040111542,
            0.44476836919784546
        ],
        [
            -0.08125171065330505,
            0.17131654918193817,
            0.1036234050989151
        ],
        [
            -0.13360711932182312,
            -0.2697771489620209,
            0.07921209186315536
        ],
        [
            0.13803324103355408,
            -0.24254724383354187,
            -0.0072432588785886765
        ],
        [
            0.09179166704416275,
            0.19491152465343475,
            0.02272886037826538
        ],
        [
            0.10295814275741577,
            0.37457555532455444,
            0.3681804835796356
        ],
        [
            -0.3830901086330414,
            -0.3440014123916626,
            0.12439163774251938
        ],
        [
            -0.24520978331565857,
            -0.4884585738182068,
            0.2406453639268875
        ],
        [
            -0.09842023253440857,
            -0.6963602304458618,
            0.1356707215309143
        ],
        [
            0.14294499158859253,
            -0.7038788199424744,
            -0.026814913377165794
        ],
        [
            0.2637632191181183,
            -0.4691891372203827,
            -0.086905337870121
        ],
        [
            0.22257864475250244,
            -0.2836393117904663,
            -0.2161066234111786
        ],
        [
            0.017521817237138748,
            -0.7551054954528809,
            0.0417635515332222
        ],
        [
            -0.008528206497430801,
            -0.9512366056442261,
            0.008301874622702599
        ],
        [
            0.00273103266954422,
            -0.2561274766921997,
            0.03551805391907692
        ],
        [
            0.020137861371040344,
            -0.6977804899215698,
            0.05076075345277786
        ],
        [
            0.021964725106954575,
            -0.5087584257125854,
            0.04638906568288803
        ],
        [
            -0.016883887350559235,
            -0.8461821675300598,
            -0.031665436923503876
        ],
        [
            -0.00902948435395956,
            -0.9696369171142578,
            0.01926448941230774
        ]
    ],
    "pred_vertices": [
        [
            -0.004981243051588535,
            -0.9641518592834473,
            -0.08171218633651733
        ],
        [
            -0.01269088126718998,
            -0.9503387212753296,
            -0.08516095578670502
        ],
        [
            0.0009074602276086807,
            -0.9466395378112793,
            -0.08240710943937302
        ],
        [
            0.009818410500884056,
            -0.9570338726043701,
            -0.07590693980455399
        ],
        [
            -0.004836170002818108,
            -0.9380213022232056,
            -0.08627684414386749
        ],
        [
            -0.016660714522004128,
            -0.9389811754226685,
            -0.0880582183599472
        ],
        [
            0.011614693328738213,
            -0.9403024315834045,
            -0.07631739974021912
        ],
        [
            0.020371053367853165,
            -0.9473025798797607,
            -0.06844843178987503
        ],
        [
            0.021959122270345688,
            -0.9051328897476196,
            -0.07112043350934982
        ],
        [
            0.029603565111756325,
            -0.9001752734184265,
            -0.06471063941717148
        ],
        [
            0.028824737295508385,
            -0.9117652177810669,
            -0.06500530987977982
        ],
        [
            0.02056846395134926,
            -0.9133706092834473,
            -0.07065923511981964
        ],
        [
            0.023274440318346024,
            -0.878912627696991,
            -0.06971806287765503
        ],
        [
            0.014332994818687439,
            -0.8698899745941162,
            -0.07506091892719269
        ],
        [
            0.02073063887655735,
            -0.8603134751319885,
            -0.06823045760393143
        ],
        [
            0.028843190521001816,
            -0.8686559200286865,
            -0.061596840620040894
        ],
        [
            -0.024910524487495422,
            -0.8839043378829956,
            -0.08107931911945343
        ],
        [
            -0.019428230822086334,
            -0.877539873123169,
            -0.08282946050167084
        ],
        [
            -0.015771985054016113,
            -0.8843151330947876,
            -0.08319203555583954
        ],
        [
            -0.021789392456412315,
            -0.8897759914398193,
            -0.08088263124227524
        ],
        [
            -0.035905539989471436,
            -0.8931199312210083,
            -0.08222807943820953
        ],
        [
            -0.03368174284696579,
            -0.8983803987503052,
            -0.07918059825897217
        ],
        [
            -0.04014398530125618,
            -0.902406632900238,
            -0.0815504640340805
        ],
        [
            -0.04206308722496033,
            -0.896518349647522,
            -0.08593734353780746
        ],
        [
            -0.029687577858567238,
            -0.8783971071243286,
            -0.07927361130714417
        ],
        [
            -0.02361731231212616,
            -0.871825098991394,
            -0.080817312002182
        ],
        [
            -0.029968934133648872,
            -0.8894169330596924,
            -0.08024559915065765
        ],
        [
            -0.03237278014421463,
            -0.884578287601471,
            -0.08186706900596619
        ],
        [
            -0.039223965257406235,
            -0.8792160749435425,
            -0.09047317504882812
        ],
        [
            -0.03734469413757324,
            -0.8838435411453247,
            -0.08942066133022308
        ],
        [
            -0.0432828888297081,
            -0.8851621150970459,
            -0.09428322315216064
        ],
        [
            -0.04403546452522278,
            -0.8795994520187378,
            -0.09359627962112427
        ],
        [
            -0.03280990570783615,
            -0.8777916431427002,
            -0.08329782634973526
        ],
        [
            -0.03356491029262543,
            -0.8809360265731812,
            -0.08590789884328842
        ],
        [
            -0.036641452461481094,
            -0.8773049116134644,
            -0.08729344606399536
        ],
        [
            -0.03650381416082382,
            -0.8748525381088257,
            -0.08387462049722672
        ],
        [
            -0.037530262023210526,
            -0.8888946771621704,
            -0.08501121401786804
        ],
        [
            -0.043056830763816833,
            -0.8912429809570312,
            -0.09004102647304535
        ],
        [
            -0.049537595361471176,
            -0.8930152058601379,
            -0.09472072124481201
        ],
        [
            -0.04987673461437225,
            -0.8847797513008118,
            -0.09890398383140564
        ],
        [
            -0.006615372374653816,
            -0.8640850782394409,
            -0.08248280733823776
        ],
        [
            -0.013055754825472832,
            -0.8709776997566223,
            -0.08389207720756531
        ],
        [
            -0.017546415328979492,
            -0.8659100532531738,
            -0.08217984437942505
        ],
        [
            -0.011977161280810833,
            -0.8604124784469604,
            -0.08196215331554413
        ],
        [
            -0.033937521278858185,
            -0.8715489506721497,
            -0.08139947801828384
        ],
        [
            -0.03027784824371338,
            -0.8557604551315308,
            -0.08414885401725769
        ],
        [
            -0.030192499980330467,
            -0.8596308827400208,
            -0.08420030772686005
        ],
        [
            -0.03724674880504608,
            -0.8604427576065063,
            -0.08525651693344116
        ],
        [
            -0.03670904040336609,
            -0.856848418712616,
            -0.08528514206409454
        ],
        [
            0.0018898574635386467,
            -0.849382758140564,
            -0.07742258906364441
        ],
        [
            -0.00504071032628417,
            -0.8483932018280029,
            -0.07910981774330139
        ],
        [
            -0.003406570293009281,
            -0.8413129448890686,
            -0.07730033248662949
        ],
        [
            0.003499886952340603,
            -0.8409559726715088,
            -0.07419835031032562
        ],
        [
            -0.004926634952425957,
            -0.8355125188827515,
            -0.07551426440477371
        ],
        [
            0.003831280395388603,
            -0.8328713178634644,
            -0.07110300660133362
        ],
        [
            -0.004248666111379862,
            -0.8183188438415527,
            -0.06834720075130463
        ],
        [
            0.0001055961474776268,
            -0.8247371912002563,
            -0.06955437362194061
        ],
        [
            -0.008543770760297775,
            -0.8297378420829773,
            -0.07468891143798828
        ],
        [
            -0.014511640183627605,
            -0.8244529962539673,
            -0.07583560049533844
        ],
        [
            -0.028936952352523804,
            -0.8287556171417236,
            -0.07877819240093231
        ],
        [
            -0.03525625541806221,
            -0.8274385929107666,
            -0.07894263416528702
        ],
        [
            -0.03001205250620842,
            -0.8154596090316772,
            -0.07958012074232101
        ],
        [
            -0.022595195099711418,
            -0.8192498683929443,
            -0.07811074703931808
        ],
        [
            -0.028837814927101135,
            -0.8501944541931152,
            -0.08014935255050659
        ],
        [
            -0.02418459951877594,
            -0.8503018617630005,
            -0.07910630106925964
        ],
        [
            -0.024893421679735184,
            -0.8519201278686523,
            -0.08127959072589874
        ],
        [
            -0.029911169782280922,
            -0.8529472351074219,
            -0.08267959207296371
        ],
        [
            -0.020193135365843773,
            -0.8501911759376526,
            -0.07867570221424103
        ],
        [
            -0.01839650794863701,
            -0.8500077724456787,
            -0.07863850891590118
        ],
        [
            -0.019122857600450516,
            -0.8513451814651489,
            -0.0796751007437706
        ],
        [
            -0.02056536078453064,
            -0.8509135246276855,
            -0.07931193709373474
        ],
        [
            -0.02253432385623455,
            -0.850473165512085,
            -0.07910768687725067
        ],
        [
            -0.023544903844594955,
            -0.8484956622123718,
            -0.07917334139347076
        ],
        [
            -0.021139834076166153,
            -0.8493620157241821,
            -0.07881032675504684
        ],
        [
            -0.027819449082016945,
            -0.8476049900054932,
            -0.08044032752513885
        ],
        [
            -0.04201474040746689,
            -0.8446945548057556,
            -0.08269474655389786
        ],
        [
            -0.03814220428466797,
            -0.8457450866699219,
            -0.08285954594612122
        ],
        [
            -0.03919467329978943,
            -0.8500400185585022,
            -0.08130241930484772
        ],
        [
            -0.0424695685505867,
            -0.8493653535842896,
            -0.0811319500207901
        ],
        [
            -0.021310297772288322,
            -0.8526531457901001,
            -0.08082632720470428
        ],
        [
            -0.01895882561802864,
            -0.8548787832260132,
            -0.08111731708049774
        ],
        [
            -0.023709120228886604,
            -0.8575423955917358,
            -0.08276139199733734
        ],
        [
            -0.024517972022294998,
            -0.8546907901763916,
            -0.08189366012811661
        ],
        [
            -0.016416147351264954,
            -0.8569024205207825,
            -0.08192060887813568
        ],
        [
            -0.016813455149531364,
            -0.852641224861145,
            -0.07992291450500488
        ],
        [
            -0.013652210123836994,
            -0.8531287908554077,
            -0.0805043876171112
        ],
        [
            -0.018841808661818504,
            -0.8481945991516113,
            -0.07846241444349289
        ],
        [
            -0.015746692195534706,
            -0.8466351628303528,
            -0.0781964361667633
        ],
        [
            -0.015688586980104446,
            -0.849378764629364,
            -0.07924605906009674
        ],
        [
            -0.0176633819937706,
            -0.8432652354240417,
            -0.07805898040533066
        ],
        [
            -0.021431684494018555,
            -0.8461946249008179,
            -0.078623466193676
        ],
        [
            -0.02563779056072235,
            -0.8442918062210083,
            -0.07993626594543457
        ],
        [
            -0.03112928196787834,
            -0.8425585031509399,
            -0.08151841163635254
        ],
        [
            -0.02758852019906044,
            -0.837739109992981,
            -0.07988974452018738
        ],
        [
            -0.021860050037503242,
            -0.8401932716369629,
            -0.07886765897274017
        ],
        [
            -0.02151637151837349,
            -0.8610515594482422,
            -0.08261360228061676
        ],
        [
            -0.011091724038124084,
            -0.8488787412643433,
            -0.07915928959846497
        ],
        [
            -0.008094556629657745,
            -0.85533607006073,
            -0.080407053232193
        ],
        [
            -0.010624664835631847,
            -0.8439911007881165,
            -0.07830286771059036
        ],
        [
            -0.012262456119060516,
            -0.8393846750259399,
            -0.07741882652044296
        ],
        [
            -0.016400963068008423,
            -0.8353723287582397,
            -0.07708676159381866
        ],
        [
            -0.02249649167060852,
            -0.8316409587860107,
            -0.07817794382572174
        ],
        [
            -0.02314159646630287,
            -0.8065922260284424,
            -0.07041607797145844
        ],
        [
            -0.01425870880484581,
            -0.8118399381637573,
            -0.06986097991466522
        ],
        [
            -0.017457954585552216,
            -0.9318655729293823,
            -0.08485175669193268
        ],
        [
            -0.008527225814759731,
            -0.9308978319168091,
            -0.08606060594320297
        ],
        [
            -0.005974204745143652,
            -0.9231529235839844,
            -0.08189442753791809
        ],
        [
            -0.004497692920267582,
            -0.926114022731781,
            -0.08237447589635849
        ],
        [
            -0.010455742478370667,
            -0.9268018007278442,
            -0.08330579102039337
        ],
        [
            -0.010619642212986946,
            -0.9240700602531433,
            -0.0824757069349289
        ],
        [
            0.012610499747097492,
            -0.915444016456604,
            -0.07367319613695145
        ],
        [
            0.0063626449555158615,
            -0.9172875881195068,
            -0.0759284496307373
        ],
        [
            0.007326746359467506,
            -0.9135152101516724,
            -0.07477544248104095
        ],
        [
            0.01449049822986126,
            -0.9090520143508911,
            -0.07394714653491974
        ],
        [
            -0.0021081501618027687,
            -0.905845046043396,
            -0.07864111661911011
        ],
        [
            0.0030320528894662857,
            -0.9072103500366211,
            -0.07723747193813324
        ],
        [
            -0.0016060280613601208,
            -0.9137811660766602,
            -0.0779937207698822
        ],
        [
            -0.005383800715208054,
            -0.912834882736206,
            -0.07903438806533813
        ],
        [
            -0.009586503729224205,
            -0.912286102771759,
            -0.07953909039497375
        ],
        [
            -0.013960525393486023,
            -0.9122430086135864,
            -0.07886189222335815
        ],
        [
            -0.013366445899009705,
            -0.9067209362983704,
            -0.07875137031078339
        ],
        [
            -0.00793719943612814,
            -0.9059253931045532,
            -0.07915794849395752
        ],
        [
            -0.016962295398116112,
            -0.9277496933937073,
            -0.08185692131519318
        ],
        [
            -0.023478087037801743,
            -0.9267771244049072,
            -0.07877573370933533
        ],
        [
            -0.021835755556821823,
            -0.9236428737640381,
            -0.07886738330125809
        ],
        [
            -0.016499191522598267,
            -0.9245052337646484,
            -0.08177447319030762
        ],
        [
            -0.028938844799995422,
            -0.916540801525116,
            -0.07055629789829254
        ],
        [
            -0.028284700587391853,
            -0.9191064834594727,
            -0.07190662622451782
        ],
        [
            -0.03203537315130234,
            -0.9204598665237427,
            -0.07158346474170685
        ],
        [
            -0.03237200528383255,
            -0.9158487319946289,
            -0.07059364020824432
        ],
        [
            -0.030302511528134346,
            -0.9128274321556091,
            -0.07176516950130463
        ],
        [
            -0.027939308434724808,
            -0.9148972034454346,
            -0.07162105292081833
        ],
        [
            -0.01295359805226326,
            -0.9853850603103638,
            -0.07517041265964508
        ],
        [
            -0.020525362342596054,
            -0.9682900905609131,
            -0.0819472074508667
        ],
        [
            0.0060495720244944096,
            -0.978195309638977,
            -0.07027700543403625
        ],
        [
            0.019705992192029953,
            -0.9677259922027588,
            -0.06436097621917725
        ],
        [
            0.030051251873373985,
            -0.954399824142456,
            -0.05895720794796944
        ],
        [
            0.011010153219103813,
            -0.8536378145217896,
            -0.0736456960439682
        ],
        [
            0.014885665848851204,
            -0.8444693684577942,
            -0.06898052245378494
        ],
        [
            0.026403827592730522,
            -0.8514224290847778,
            -0.06090151518583298
        ],
        [
            0.02681572735309601,
            -0.8407406806945801,
            -0.0560159757733345
        ],
        [
            0.014925757423043251,
            -0.8339175581932068,
            -0.06494301557540894
        ],
        [
            0.00396256148815155,
            -0.8149429559707642,
            -0.0575338751077652
        ],
        [
            0.011343296617269516,
            -0.8233858942985535,
            -0.061280757188797
        ],
        [
            0.024641387164592743,
            -0.830315113067627,
            -0.04929831251502037
        ],
        [
            0.03738347068428993,
            -0.8421608805656433,
            -0.038170285522937775
        ],
        [
            0.03678750991821289,
            -0.8497670888900757,
            -0.046507399529218674
        ],
        [
            0.04570186883211136,
            -0.8571199178695679,
            -0.027324482798576355
        ],
        [
            0.037115566432476044,
            -0.8341400623321533,
            -0.025661520659923553
        ],
        [
            0.045935045927762985,
            -0.8556708097457886,
            -0.01821570098400116
        ],
        [
            0.021706249564886093,
            -0.7980379462242126,
            -0.02441590651869774
        ],
        [
            0.02472693845629692,
            -0.7862625122070312,
            -0.02244996279478073
        ],
        [
            0.040721144527196884,
            -0.7931581735610962,
            -0.015308584086596966
        ],
        [
            0.03817923739552498,
            -0.8048957586288452,
            -0.017452355474233627
        ],
        [
            0.034245751798152924,
            -0.8587908744812012,
            -0.05390520766377449
        ],
        [
            0.033262185752391815,
            -0.9223929643630981,
            -0.058227136731147766
        ],
        [
            0.025197792798280716,
            -0.9222908020019531,
            -0.06672630459070206
        ],
        [
            0.03642434626817703,
            -0.9093320369720459,
            -0.05643884092569351
        ],
        [
            0.04228660464286804,
            -0.980617105960846,
            -0.038744788616895676
        ],
        [
            0.030350154265761375,
            -0.9768176078796387,
            -0.05319878086447716
        ],
        [
            0.03988586366176605,
            -0.9608844518661499,
            -0.0501372292637825
        ],
        [
            0.04981567710638046,
            -0.966763973236084,
            -0.03713852912187576
        ],
        [
            0.01296643353998661,
            -1.014482855796814,
            -0.03417596593499184
        ],
        [
            0.0009231884032487869,
            -1.0028116703033447,
            -0.05678912252187729
        ],
        [
            0.014968655072152615,
            -0.9910295009613037,
            -0.05512125417590141
        ],
        [
            0.026893772184848785,
            -1.0003300905227661,
            -0.03765682131052017
        ],
        [
            0.05657798796892166,
            -0.9679747819900513,
            -0.02571115270256996
        ],
        [
            0.064887136220932,
            -0.9681212306022644,
            -0.008940942585468292
        ],
        [
            0.06360433995723724,
            -0.983765721321106,
            -0.0003669336438179016
        ],
        [
            0.05231323465704918,
            -0.9847334623336792,
            -0.01995304599404335
        ],
        [
            0.05490411818027496,
            -1.0034608840942383,
            0.011823594570159912
        ],
        [
            0.04187385365366936,
            -1.0055201053619385,
            -0.012435618788003922
        ],
        [
            0.048871226608753204,
            -0.8415874242782593,
            -0.008789926767349243
        ],
        [
            0.050744473934173584,
            -0.8596396446228027,
            -0.006240487098693848
        ],
        [
            0.03469458222389221,
            -0.8185523748397827,
            -0.021498940885066986
        ],
        [
            0.048121191561222076,
            -0.8255175352096558,
            -0.009610554203391075
        ],
        [
            0.04045036435127258,
            -1.0179613828659058,
            0.02474989742040634
        ],
        [
            0.025727659463882446,
            -1.0213897228240967,
            -0.0045328810811042786
        ],
        [
            0.07601101696491241,
            -0.9437150955200195,
            0.038944922387599945
        ],
        [
            0.07460606098175049,
            -0.9620100259780884,
            0.03144877403974533
        ],
        [
