{
    "pred_cam": [
        1.4327671527862549,
        0.10586848109960556,
        0.3241738975048065
    ],
    "pred_smpl_params": {
        "global_orient": [
            [
                [
                    0.8784827589988708,
                    0.05099884793162346,
                    -0.4750444293022156
                ],
                [
                    0.0827503353357315,
                    -0.9955009818077087,
                    0.04615429788827896
                ],
                [
                    -0.47055336833000183,
                    -0.07985583692789078,
                    -0.8787506222724915
                ]
            ]
        ],
        "body_pose": [
            [
                [
                    0.9897958636283875,
                    0.03407846391201019,
                    0.13835816085338593
                ],
                [
                    -0.02928163670003414,
                    0.998902440071106,
                    -0.036559078842401505
                ],
                [
                    -0.13945215940475464,
                    0.03213467076420784,
                    0.989707350730896
                ]
            ],
            [
                [
                    0.9926116466522217,
                    -0.0023502635303884745,
                    0.12131188809871674
                ],
                [
                    0.017077865079045296,
                    0.9925655722618103,
                    -0.12050659209489822
                ],
                [
                    -0.12012679129838943,
                    0.12168800085783005,
                    0.9852722883224487
                ]
            ],
            [
                [
                    0.994329571723938,
                    -0.039010804146528244,
                    -0.09892833232879639
                ],
                [
                    0.041440680623054504,
                    0.9988847970962524,
                    0.02262631244957447
                ],
                [
                    0.09793532639741898,
                    -0.02659766934812069,
                    0.9948373436927795
                ]
            ],
            [
                [
                    0.9731207489967346,
                    0.20896103978157043,
                    -0.09680574387311935
                ],
                [
                    -0.22012074291706085,
                    0.7203927636146545,
                    -0.6577090620994568
                ],
                [
                    -0.0676974281668663,
                    0.6613392233848572,
                    0.7470257878303528
                ]
            ],
            [
                [
                    0.9435169696807861,
                    0.23808486759662628,
                    0.23041540384292603
                ],
                [
                    -0.039753515273332596,
                    0.7717629671096802,
                    -0.6346666216850281
                ],
                [
                    -0.3289305567741394,
                    0.5896589159965515,
                    0.737636148929596
                ]
            ],
            [
                [
                    0.9935494661331177,
                    -0.05093592405319214,
                    -0.10131698846817017
                ],
                [
                    0.056478943675756454,
                    0.9970164895057678,
                    0.052613768726587296
                ],
                [
                    0.09833478182554245,
                    -0.05799664929509163,
                    0.9934620261192322
                ]
            ],
            [
                [
                    0.9692695140838623,
                    0.010328348726034164,
                    0.24578429758548737
                ],
                [
                    -0.03096882812678814,
                    0.9962926506996155,
                    0.08026183396577835
                ],
                [
                    -0.24404409527778625,
                    -0.08540701121091843,
                    0.9659959673881531
                ]
            ],
            [
                [
                    0.9626390933990479,
                    -0.04576978459954262,
                    -0.26689136028289795
                ],
                [
                    0.06571757048368454,
                    0.9956338405609131,
                    0.06629045307636261
                ],
                [
                    0.2626919746398926,
                    -0.08135323226451874,
                    0.9614439606666565
                ]
            ],
            [
                [
                    0.9956280589103699,
                    -0.019973915070295334,
                    -0.09124606847763062
                ],
                [
                    0.015848061069846153,
                    0.9988285899162292,
                    -0.04571970924735069
                ],
                [
                    0.0920523852109909,
                    0.04407374933362007,
                    0.9947783350944519
                ]
            ],
            [
                [
                    0.9958019256591797,
                    -0.09065397828817368,
                    -0.012664752081036568
                ],
                [
                    0.09153273701667786,
                    0.9870293736457825,
                    0.13188904523849487
                ],
                [
                    0.0005442181136459112,
                    -0.13249459862709045,
                    0.9911835789680481
                ]
            ],
            [
                [
                    0.980248212814331,
                    0.14303092658519745,
                    0.13658545911312103
                ],
                [
                    -0.1625034064054489,
                    0.97613525390625,
                    0.14405713975429535
                ],
                [
                    -0.1127212643623352,
                    -0.1634073555469513,
                    0.9800978302955627
                ]
            ],
            [
                [
                    0.9927672743797302,
                    -0.03945193812251091,
                    0.11338754743337631
                ],
                [
                    0.032733749598264694,
                    0.9976305365562439,
                    0.06051341071724892
                ],
                [
                    -0.11550624668598175,
                    -0.05636413022875786,
                    0.991706371307373
                ]
            ],
            [
                [
                    0.9688087105751038,
                    0.2382069081068039,
                    -0.06831615418195724
                ],
                [
                    -0.241000235080719,
                    0.9698590040206909,
                    -0.03595077618956566
                ],
                [
                    0.05769331008195877,
                    0.05129363760352135,
                    0.9970157742500305
                ]
            ],
            [
                [
                    0.9829264879226685,
                    -0.18292202055454254,
                    0.019877219572663307
                ],
                [
                    0.1827423870563507,
                    0.9831044673919678,
                    0.010521008633077145
                ],
                [
                    -0.021465910598635674,
                    -0.006708967033773661,
                    0.9997470378875732
                ]
            ],
            [
                [
                    0.9974419474601746,
                    0.00168891332577914,
                    0.07146170735359192
                ],
                [
                    0.014583184383809566,
                    0.973887026309967,
                    -0.22656448185443878
                ],
                [
                    -0.0699782744050026,
                    0.2270270437002182,
                    0.9713711142539978
                ]
            ],
            [
                [
                    0.5606212019920349,
                    0.8078780174255371,
                    -0.18176119029521942
                ],
                [
                    -0.823553204536438,
                    0.566865086555481,
                    -0.020595746114850044
                ],
                [
                    0.08639521896839142,
                    0.16123640537261963,
                    0.9831271171569824
                ]
            ],
            [
                [
                    0.7237548232078552,
                    -0.6285123825073242,
                    0.284870445728302
                ],
                [
                    0.6719409823417664,
                    0.7358705401420593,
                    -0.08360568434000015
                ],
                [
                    -0.1570805460214615,
                    0.25192612409591675,
                    0.9549130797386169
                ]
            ],
            [
                [
                    0.8353918194770813,
                    -0.15314047038555145,
                    -0.5278905630111694
                ],
                [
                    0.009741360321640968,
                    0.9643778800964355,
                    -0.2643490731716156
                ],
                [
                    0.5495684742927551,
                    0.2156926840543747,
                    0.8071252107620239
                ]
            ],
            [
                [
                    0.6470937728881836,
                    0.16575422883033752,
                    0.7441741228103638
                ],
                [
                    0.003463710192590952,
                    0.9754315614700317,
                    -0.2202753871679306
                ],
                [
                    -0.7624025344848633,
                    0.1451164335012436,
                    0.6306215524673462
                ]
            ],
            [
                [
                    0.9993183016777039,
                    -0.023115236312150955,
                    -0.02878904528915882
                ],
                [
                    0.020250938832759857,
                    0.995166540145874,
                    -0.09609140455722809
                ],
                [
                    0.030871067196130753,
                    0.09544287621974945,
                    0.9949562549591064
                ]
            ],
            [
                [
                    0.9982348680496216,
                    0.035891465842723846,
                    0.047316774725914
                ],
                [
                    -0.03276076540350914,
                    0.9973239898681641,
                    -0.06535697728395462
                ],
                [
                    -0.04953591525554657,
                    0.06369148194789886,
                    0.996739387512207
                ]
            ],
            [
                [
                    0.9853153228759766,
                    0.1628517210483551,
                    -0.05131286010146141
                ],
                [
                    -0.15270641446113586,
                    0.9749287962913513,
                    0.16184750199317932
                ],
                [
                    0.07638353109359741,
                    -0.15163502097129822,
                    0.985480785369873
                ]
            ],
            [
                [
                    0.9846223592758179,
                    -0.16830500960350037,
                    0.04682054743170738
                ],
                [
                    0.16068744659423828,
                    0.9776908159255981,
                    0.13527816534042358
                ],
                [
                    -0.06854401528835297,
                    -0.12567444145679474,
                    0.9897007346153259
                ]
            ]
        ],
        "betas": [
            -0.22265547513961792,
            0.00827646255493164,
            0.5977368354797363,
            0.5092471241950989,
            0.11790242791175842,
            0.14005133509635925,
            0.019041329622268677,
            -0.14959758520126343,
            0.0675802230834961,
            -0.15233546495437622
        ]
    },
    "pred_cam_t": [
        0.10586848109960556,
        0.3241738975048065,
        27.263675689697266
    ],
    "focal_length": [
        5000.0,
        5000.0
    ],
    "pred_keypoints_3d": [
        [
            -0.06349734961986542,
            -0.8570382595062256,
            -0.07290001213550568
        ],
        [
            0.03152316436171532,
            -0.745293378829956,
            0.0514121912419796
        ],
        [
            -0.09068331122398376,
            -0.6581769585609436,
            0.17652645707130432
        ],
        [
            -0.20151805877685547,
            -0.4512101113796234,
            0.25863152742385864
        ],
        [
            -0.3758004903793335,
            -0.3198923170566559,
            0.13829033076763153
        ],
        [
            0.1521887183189392,
            -0.6652320623397827,
            -0.07924754917621613
        ],
        [
            0.22321152687072754,
            -0.42676085233688354,
            -0.13494636118412018
        ],
        [
            0.15534672141075134,
            -0.24006615579128265,
            -0.2752215266227722
        ],
        [
            -0.0019141254015266895,
            -0.22856652736663818,
            0.027438918128609657
        ],
        [
            -0.06343776732683182,
            -0.14397388696670532,
            0.07061868160963058
        ],
        [
            -0.0910884290933609,
            0.22032007575035095,
            0.16093787550926208
        ],
        [
            -0.072367362678051,
            0.43713223934173584,
            0.4850890636444092
        ],
        [
            0.05778362229466438,
            -0.13180813193321228,
            0.008716803044080734
        ],
        [
            0.06594491004943848,
            0.23420318961143494,
            0.04689482972025871
        ],
        [
            0.06657569855451584,
            0.4429958164691925,
            0.37634173035621643
        ],
        [
            -0.07542257010936737,
            -0.8951932191848755,
            -0.025712190195918083
        ],
        [
            -0.022074252367019653,
            -0.9011024236679077,
            -0.06404268741607666
        ],
        [
            -0.053127460181713104,
            -0.8782153129577637,
            0.0747695341706276
        ],
        [
            0.06411632895469666,
            -0.8918646574020386,
            -0.01091870665550232
        ],
        [
            0.029256045818328857,
            0.6147942543029785,
            0.28500545024871826
        ],
        [
            0.10210353881120682,
            0.5929688811302185,
            0.3161832094192505
        ],
        [
            0.08570849895477295,
            0.4258844554424286,
            0.44175517559051514
        ],
        [
            -0.10858024656772614,
            0.6029094457626343,
            0.39154577255249023
        ],
        [
            -0.17145980894565582,
            0.5649267435073853,
            0.4368191361427307
        ],
        [
            -0.06311842799186707,
            0.4274864196777344,
            0.5573630332946777
        ],
        [
            -0.08872340619564056,
            0.3834163248538971,
            0.4691246747970581
        ],
        [
            -0.08983640372753143,
            0.16467167437076569,
            0.13994818925857544
        ],
        [
            -0.1268189698457718,
            -0.27089765667915344,
            0.09715531766414642
        ],
        [
            0.13667595386505127,
            -0.23334801197052002,
            -0.024069350212812424
        ],
        [
            0.07821271568536758,
            0.1993071287870407,
            0.03124968148767948
        ],
        [
            0.0828443169593811,
            0.40478605031967163,
            0.36579424142837524
        ],
        [
            -0.35647183656692505,
            -0.34666740894317627,
            0.12154658138751984
        ],
        [
            -0.2254835069179535,
            -0.48426952958106995,
            0.2547171115875244
        ],
        [
            -0.06897157430648804,
            -0.6876884698867798,
            0.15622395277023315
        ],
        [
            0.13943356275558472,
            -0.6944873332977295,
            -0.05145227164030075
        ],
        [
            0.2169436663389206,
            -0.4602830410003662,
            -0.1718934178352356
        ],
        [
            0.1492609679698944,
            -0.25996071100234985,
            -0.27641499042510986
        ],
        [
            0.032154232263565063,
            -0.7453676462173462,
            0.04595080763101578
        ],
        [
            -0.004478607326745987,
            -0.9381431341171265,
            0.02023133635520935
        ],
        [
            0.005492771975696087,
            -0.2522791028022766,
            0.03598492592573166
        ],
        [
            0.03285634145140648,
            -0.6886664628982544,
            0.04981387034058571
        ],
        [
            0.0343470424413681,
            -0.5000342130661011,
            0.04838729649782181
        ],
        [
            -0.013385394588112831,
            -0.8313764929771423,
            -0.015468337573111057
        ],
        [
            -0.004290218930691481,
            -0.9567031264305115,
            0.03034679964184761
        ]
    ],
    "pred_vertices": [
        [
            -0.015975110232830048,
            -0.9482027888298035,
            -0.06945209950208664
        ],
        [
            -0.023389119654893875,
            -0.9337395429611206,
            -0.07138116657733917
        ],
        [
            -0.009317126125097275,
            -0.9308822154998779,
            -0.07067198306322098
        ],
        [
            -0.00010880269110202789,
            -0.9419723749160767,
            -0.06578085571527481
        ],
        [
            -0.0150754414498806,
            -0.9216468334197998,
            -0.0735163763165474
        ],
        [
            -0.026997774839401245,
            -0.9218860864639282,
            -0.0733722522854805
        ],
        [
            0.0025206878781318665,
            -0.9252123236656189,
            -0.06625253707170486
        ],
        [
            0.012059090659022331,
            -0.9329277276992798,
            -0.060005608946084976
        ],
        [
            0.015535746701061726,
            -0.8906242847442627,
            -0.061982251703739166
        ],
        [
            0.02436872571706772,
            -0.8864182829856873,
            -0.05680633708834648
        ],
        [
            0.022857293486595154,
            -0.8979752063751221,
            -0.05722704529762268
        ],
        [
            0.013762247748672962,
            -0.8988671898841858,
            -0.06154853105545044
        ],
        [
            0.01858612522482872,
            -0.8646113872528076,
            -0.06014461815357208
        ],
        [
            0.009473915211856365,
            -0.8549331426620483,
            -0.0637391060590744
        ],
        [
            0.017393583431839943,
            -0.8459520936012268,
            -0.057699523866176605
        ],
        [
            0.025966010987758636,
            -0.8549110889434814,
            -0.05258392170071602
        ],
        [
            -0.030811026692390442,
            -0.866502583026886,
            -0.06371497362852097
        ],
        [
            -0.025383684784173965,
            -0.8604260087013245,
            -0.0661759227514267
        ],
        [
            -0.02220180258154869,
            -0.8673648238182068,
            -0.06739425659179688
        ],
        [
            -0.028020400553941727,
            -0.872563362121582,
            -0.06425182521343231
        ],
        [
            -0.042177118360996246,
            -0.8751256465911865,
            -0.06319094449281693
        ],
        [
            -0.039827700704336166,
            -0.8806167244911194,
            -0.060762934386730194
        ],
        [
            -0.04677688702940941,
            -0.8841893672943115,
            -0.06204991787672043
        ],
        [
            -0.048992011696100235,
            -0.8780665397644043,
            -0.06579665839672089
        ],
        [
            -0.034870125353336334,
            -0.8608206510543823,
            -0.06084610894322395
        ],
        [
            -0.028844427317380905,
            -0.8546162247657776,
            -0.06319256126880646
        ],
        [
            -0.035889286547899246,
            -0.8717384338378906,
            -0.062148988246917725
        ],
        [
            -0.03816353529691696,
            -0.8667883276939392,
            -0.06318286061286926
        ],
        [
            -0.04596666246652603,
            -0.8608008623123169,
            -0.07015795260667801
        ],
        [
            -0.04418433457612991,
            -0.8655681610107422,
            -0.06961281597614288
        ],
        [
            -0.050814513117074966,
            -0.8664153218269348,
            -0.07338301837444305
        ],
        [
            -0.05116039514541626,
            -0.8608454465866089,
            -0.07242646813392639
        ],
        [
            -0.03843970224261284,
            -0.8599703311920166,
            -0.06423591077327728
        ],
        [
            -0.0397489070892334,
            -0.8629655241966248,
            -0.06672501564025879
        ],
        [
            -0.042800068855285645,
            -0.8591333627700806,
            -0.06744693964719772
        ],
        [
            -0.04201097413897514,
            -0.8568285703659058,
            -0.06405560672283173
        ],
        [
            -0.0439072847366333,
            -0.870715856552124,
            -0.06546349078416824
        ],
        [
            -0.05026199668645859,
            -0.872616171836853,
            -0.06947744637727737
        ],
        [
            -0.05745909735560417,
            -0.8738681077957153,
            -0.07293939590454102
        ],
        [
            -0.058038774877786636,
            -0.8655697107315063,
            -0.0767749473452568
        ],
        [
            -0.01202038861811161,
            -0.8477742075920105,
            -0.06754204630851746
        ],
        [
            -0.01891198381781578,
            -0.8542037010192871,
            -0.06806422024965286
        ],
        [
            -0.022762935608625412,
            -0.8490335941314697,
            -0.06539060175418854
        ],
        [
            -0.016975732520222664,
            -0.8438851833343506,
            -0.06593716144561768
        ],
        [
            -0.03893027454614639,
            -0.8538246154785156,
            -0.06198197230696678
        ],
        [
            -0.03492391109466553,
            -0.838367760181427,
            -0.06482845544815063
        ],
        [
            -0.03504306823015213,
            -0.8421831130981445,
            -0.064968541264534
        ],
        [
            -0.04220378398895264,
            -0.8426032066345215,
            -0.06485326588153839
        ],
        [
            -0.041502926498651505,
            -0.839088499546051,
            -0.06491782516241074
        ],
        [
            -0.0020162109285593033,
            -0.8338680267333984,
            -0.06345430761575699
        ],
        [
            -0.009080963209271431,
            -0.8324662446975708,
            -0.06385722756385803
        ],
        [
            -0.00682787224650383,
            -0.8256390690803528,
            -0.06213248521089554
        ],
        [
            0.00047727860510349274,
            -0.825762152671814,
            -0.06028776243329048
        ],
        [
            -0.007875105366110802,
            -0.8199923634529114,
            -0.059924520552158356
        ],
        [
            0.0015931781381368637,
            -0.8179963827133179,
            -0.057025495916604996
        ],
        [
            -0.005206620320677757,
            -0.803398847579956,
            -0.052510250359773636
        ],
        [
            -0.0014276979491114616,
            -0.8098622560501099,
            -0.05466865748167038
        ],
        [
            -0.011008426547050476,
            -0.8141940832138062,
            -0.05826327204704285
        ],
        [
            -0.016804607585072517,
            -0.8086788654327393,
            -0.058173660188913345
        ],
        [
            -0.03146358206868172,
            -0.811965823173523,
            -0.05887329578399658
        ],
        [
            -0.037583060562610626,
            -0.8103278875350952,
            -0.057896241545677185
        ],
        [
            -0.0319477878510952,
            -0.7987645864486694,
            -0.058966733515262604
        ],
        [
            -0.0248098224401474,
            -0.8030334711074829,
            -0.05886632576584816
        ],
        [
            -0.03267272934317589,
            -0.8330180048942566,
            -0.060911376029253006
        ],
        [
            -0.027932383120059967,
            -0.8333914279937744,
            -0.060682568699121475
        ],
        [
            -0.029035206884145737,
            -0.8348580002784729,
            -0.0627649798989296
        ],
        [
            -0.03423388674855232,
            -0.8355765342712402,
            -0.0633307695388794
        ],
        [
            -0.02394181862473488,
            -0.8334856033325195,
            -0.06097424402832985
        ],
        [
            -0.02216315269470215,
            -0.8333824276924133,
            -0.061235688626766205
        ],
        [
            -0.023091793060302734,
            -0.8346143364906311,
            -0.06218164414167404
        ],
        [
            -0.0244053415954113,
            -0.8341193199157715,
            -0.06153684854507446
        ],
        [
            -0.02629963681101799,
            -0.8336151838302612,
            -0.06098110228776932
        ],
        [
            -0.027220219373703003,
            -0.831650972366333,
            -0.06076503545045853
        ],
        [
            -0.02487042173743248,
            -0.8326377868652344,
            -0.060901492834091187
        ],
        [
            -0.03157975897192955,
            -0.8305368423461914,
            -0.06123702973127365
        ],
        [
            -0.04565548524260521,
            -0.8268692493438721,
            -0.06118299812078476
        ],
        [
            -0.04202447831630707,
            -0.8280626535415649,
            -0.061920639127492905
        ],
        [
            -0.043003156781196594,
            -0.8322625160217285,
            -0.06033327803015709
        ],
        [
            -0.046084921807050705,
            -0.8315033912658691,
            -0.05969768390059471
        ],
        [
            -0.025407560169696808,
            -0.8358002305030823,
            -0.0630141943693161
        ],
        [
            -0.023347854614257812,
            -0.8380686640739441,
            -0.06368851661682129
        ],
        [
            -0.028395455330610275,
            -0.8404320478439331,
            -0.06452250480651855
        ],
        [
            -0.028915368020534515,
            -0.8375996351242065,
            -0.0634876936674118
        ],
        [
            -0.021099146455526352,
            -0.8401666879653931,
            -0.06498450040817261
        ],
        [
            -0.020944129675626755,
            -0.8360081911087036,
            -0.06283937394618988
        ],
        [
            -0.01795552670955658,
            -0.8366866111755371,
            -0.06404277682304382
        ],
        [
            -0.022493992000818253,
            -0.8316121101379395,
            -0.060906894505023956
        ],
        [
            -0.019339509308338165,
            -0.8302363157272339,
            -0.061095230281353
        ],
        [
            -0.019581511616706848,
            -0.8328733444213867,
            -0.06227625906467438
        ],
        [
            -0.021045085042715073,
            -0.8268532752990723,
            -0.06050935387611389
        ],
        [
            -0.024980105459690094,
            -0.8295432329177856,
            -0.06051170825958252
        ],
        [
            -0.02922426536679268,
            -0.8274450302124023,
            -0.06102912873029709
        ],
        [
            -0.034775260835886,
            -0.8253993391990662,
            -0.06166178733110428
        ],
        [
            -0.030806444585323334,
            -0.8208827972412109,
            -0.060518667101860046
        ],
        [
            -0.02514531835913658,
            -0.8236168622970581,
            -0.06049957126379013
        ],
        [
            -0.026380885392427444,
            -0.8440568447113037,
            -0.06495384871959686
        ],
        [
            -0.015039810910820961,
            -0.8326238393783569,
            -0.06292206048965454
        ],
        [
            -0.012667043134570122,
            -0.8391126394271851,
            -0.06488150358200073
        ],
        [
            -0.01420591026544571,
            -0.8278730511665344,
            -0.061957746744155884
        ],
        [
            -0.01546030305325985,
            -0.8233063220977783,
            -0.06063530221581459
        ],
        [
            -0.019382139667868614,
            -0.8192785382270813,
            -0.059498485177755356
        ],
        [
            -0.025233570486307144,
            -0.8151875138282776,
            -0.059457000344991684
        ],
        [
            -0.02336888760328293,
            -0.7905796766281128,
            -0.05105006322264671
        ],
        [
            -0.014970595017075539,
            -0.7963829040527344,
            -0.052146635949611664
        ],
        [
            -0.026834797114133835,
            -0.9146829843521118,
            -0.06998494267463684
        ],
        [
            -0.01816564053297043,
            -0.9141652584075928,
            -0.07262977957725525
        ],
        [
            -0.014552798122167587,
            -0.9066645503044128,
            -0.06874773651361465
        ],
        [
            -0.013418734073638916,
            -0.9096053838729858,
            -0.06947551667690277
        ],
        [
            -0.019400719553232193,
            -0.9100285768508911,
            -0.06954430043697357
        ],
        [
            -0.019261106848716736,
            -0.9072797894477844,
            -0.06858424097299576
        ],
        [
            0.005413724109530449,
            -0.9002964496612549,
            -0.063273586332798
        ],
        [
            -0.0011830441653728485,
            -0.9016942977905273,
            -0.06455381214618683
        ],
        [
            0.00014241598546504974,
            -0.898027777671814,
            -0.06354925781488419
        ],
        [
            0.007566932588815689,
            -0.8939962387084961,
            -0.06378254294395447
        ],
        [
            -0.00926521047949791,
            -0.8897954821586609,
            -0.06560702621936798
        ],
        [
            -0.004117585718631744,
            -0.8914690017700195,
            -0.06515292823314667
        ],
        [
            -0.009148018434643745,
            -0.8977234363555908,
            -0.06522025913000107
        ],
        [
            -0.01292961835861206,
            -0.8965550661087036,
            -0.06562025845050812
        ],
        [
            -0.017062760889530182,
            -0.8957456350326538,
            -0.06539133936166763
        ],
        [
            -0.021258797496557236,
            -0.895492672920227,
            -0.06407809257507324
        ],
        [
            -0.020290318876504898,
            -0.890036940574646,
            -0.06390759348869324
        ],
        [
            -0.015023063868284225,
            -0.8895463943481445,
            -0.06515557318925858
        ],
        [
            -0.02563396841287613,
            -0.9106351137161255,
            -0.06706036627292633
        ],
        [
            -0.03152420371770859,
            -0.9094340801239014,
            -0.06292371451854706
        ],
        [
            -0.029717832803726196,
            -0.9063663482666016,
            -0.06317971646785736
        ],
        [
            -0.024966146796941757,
            -0.9074054956436157,
            -0.06696103513240814
        ],
        [
            -0.03490355238318443,
            -0.8992025256156921,
            -0.05365971848368645
        ],
        [
            -0.034665532410144806,
            -0.9017236232757568,
            -0.055199604481458664
        ],
        [
            -0.03833526372909546,
            -0.9028894901275635,
            -0.0542958527803421
        ],
        [
            -0.038213394582271576,
            -0.8983718752861023,
            -0.0530998520553112
        ],
        [
            -0.03615386784076691,
            -0.8954290151596069,
            -0.05448209121823311
        ],
        [
            -0.033951424062252045,
            -0.8975896835327148,
            -0.05478871613740921
        ],
        [
            -0.02403266727924347,
            -0.9694060683250427,
            -0.062283165752887726
        ],
        [
            -0.03166678920388222,
            -0.9517560005187988,
            -0.06748455762863159
        ],
        [
            -0.0041200220584869385,
            -0.9633938074111938,
            -0.06011846289038658
        ],
        [
            0.010909143835306168,
            -0.9537485837936401,
            -0.056173257529735565
        ],
        [
            0.022559259086847305,
            -0.9409420490264893,
            -0.05244053527712822
        ],
        [
            0.007355731911957264,
            -0.8386934399604797,
            -0.061320289969444275
        ],
        [
            0.012377114035189152,
            -0.8300067186355591,
            -0.05711640417575836
        ],
        [
            0.024590209126472473,
            -0.837745189666748,
            -0.0511128231883049
        ],
        [
            0.026330502703785896,
            -0.8274718523025513,
            -0.04617958143353462
        ],
        [
            0.01353595219552517,
            -0.8198342323303223,
            -0.052901141345500946
        ],
        [
            0.004857085645198822,
            -0.8006373643875122,
            -0.04359063133597374
        ],
        [
            0.01111621130257845,
            -0.8093183040618896,
            -0.04855402186512947
        ],
        [
            0.02580023929476738,
            -0.8173099756240845,
            -0.03921636939048767
        ],
        [
            0.039597395807504654,
            -0.8299667239189148,
            -0.030558254569768906
        ],
        [
            0.037205226719379425,
            -0.8372175693511963,
            -0.03859546780586243
        ],
        [
            0.04868663102388382,
            -0.845744252204895,
            -0.021599963307380676
        ],
        [
            0.04175801947712898,
            -0.8222556710243225,
            -0.018647197633981705
        ],
        [
            0.05036158114671707,
            -0.8446604013442993,
            -0.012773830443620682
        ],
        [
            0.027679190039634705,
            -0.7865061163902283,
            -0.015510373748838902
        ],
        [
            0.030932597815990448,
            -0.7754396796226501,
            -0.014302391558885574
        ],
        [
            0.04756316542625427,
            -0.7826986312866211,
            -0.00992421992123127
        ],
        [
            0.0446951761841774,
            -0.7940025925636292,
            -0.011356150731444359
        ],
        [
            0.03310735523700714,
            -0.8456240892410278,
            -0.04557201266288757
        ],
        [
            0.02767300046980381,
            -0.9090127944946289,
            -0.051485687494277954
        ],
        [
            0.018394624814391136,
            -0.9082050919532776,
            -0.058575909584760666
        ],
        [
            0.031979434192180634,
            -0.8962217569351196,
            -0.05008666589856148
        ],
        [
            0.0364946648478508,
            -0.9685995578765869,
            -0.03480573743581772
        ],
        [
            0.022688617929816246,
            -0.9635981321334839,
            -0.04719886556267738
        ],
        [
            0.033248793333768845,
            -0.9482589364051819,
            -0.04522093012928963
        ],
        [
            0.04477085918188095,
            -0.955081582069397,
            -0.034140586853027344
        ],
        [
            0.006581243127584457,
            -1.001286268234253,
            -0.02668888121843338
        ],
        [
            -0.008389756083488464,
            -0.9881352186203003,
            -0.047001972794532776
        ],
        [
            0.006578270345926285,
            -0.9772853255271912,
            -0.04730644077062607
        ],
        [
            0.02053896337747574,
            -0.9877282381057739,
            -0.031945131719112396
        ],
        [
            0.053450409322977066,
            -0.957170307636261,
            -0.023920781910419464
        ],
        [
            0.06416326016187668,
            -0.9583529233932495,
            -0.008785687386989594
        ],
        [
            0.06343530118465424,
            -0.9739382863044739,
            -0.0002498999238014221
        ],
        [
            0.04928489029407501,
            -0.9738826751708984,
            -0.017797455191612244
        ],
        [
            0.05573413893580437,
            -0.9936659932136536,
            0.012711890041828156
        ],
        [
            0.039060257375240326,
            -0.9942657947540283,
            -0.009270891547203064
        ],
        [
            0.05537189915776253,
            -0.8307479619979858,
            -0.004063263535499573
        ],
        [
            0.05675305426120758,
            -0.8493216037750244,
            -0.0018379949033260345
        ],
        [
            0.040510714054107666,
            -0.8070002794265747,
            -0.014499662443995476
        ],
        [
            0.055071376264095306,
            -0.814784049987793,
            -0.004860494285821915
        ],
        [
            0.04259727522730827,
            -1.0073682069778442,
            0.027329742908477783
        ],
        [
            0.023453660309314728,
            -1.0094358921051025,
            0.000810280442237854
        ],
        [
            0.08406790345907211,
            -0.9363248944282532,
            0.037226058542728424
        ],
        [
            0.08032304048538208,
            -0.9540899991989136,
            0.02983725816011429
