{
    "pred_cam": [
        1.4623721837997437,
        0.10566923767328262,
        0.33374133706092834
    ],
    "pred_smpl_params": {
        "global_orient": [
            [
                [
                    0.8239319920539856,
                    0.051372453570365906,
                    -0.5643553733825684
                ],
                [
                    0.09514698386192322,
                    -0.9942858219146729,
                    0.04840165749192238
                ],
                [
                    -0.5586440563201904,
                    -0.09357637912034988,
                    -0.824111819267273
                ]
            ]
        ],
        "body_pose": [
            [
                [
                    0.9847157001495361,
                    0.06066706404089928,
                    0.16326221823692322
                ],
                [
                    -0.04950154572725296,
                    0.9962033033370972,
                    -0.07161349803209305
                ],
                [
                    -0.16698695719242096,
                    0.06243719905614853,
                    0.983980119228363
                ]
            ],
            [
                [
                    0.9916583895683289,
                    0.038614895194768906,
                    0.12297331541776657
                ],
                [
                    -0.02270670235157013,
                    0.991484522819519,
                    -0.12822924554347992
                ],
                [
                    -0.12687771022319794,
                    0.12436730414628983,
                    0.9840907454490662
                ]
            ],
            [
                [
                    0.9925232529640198,
                    -0.051290109753608704,
                    -0.11075618863105774
                ],
                [
                    0.05332580581307411,
                    0.9984569549560547,
                    0.015494690276682377
                ],
                [
                    0.10979056358337402,
                    -0.021285003051161766,
                    0.9937268495559692
                ]
            ],
            [
                [
                    0.970639705657959,
                    0.2288980782032013,
                    -0.07392068952322006
                ],
                [
                    -0.22591261565685272,
                    0.7619814276695251,
                    -0.6069166660308838
                ],
                [
                    -0.0825958326458931,
                    0.6057969927787781,
                    0.7913203835487366
                ]
            ],
            [
                [
                    0.9371713399887085,
                    0.25375160574913025,
                    0.2394161820411682
                ],
                [
                    -0.06726061552762985,
                    0.8048080205917358,
                    -0.5897119641304016
                ],
                [
                    -0.3423243761062622,
                    0.5365577936172485,
                    0.7713105082511902
                ]
            ],
            [
                [
                    0.9926968216896057,
                    -0.06082119792699814,
                    -0.10418160259723663
                ],
                [
                    0.06493009626865387,
                    0.9972217082977295,
                    0.0365101583302021
                ],
                [
                    0.10167156159877777,
                    -0.04300803691148758,
                    0.9938879609107971
                ]
            ],
            [
                [
                    0.9732468724250793,
                    0.004124441184103489,
                    0.22972507774829865
                ],
                [
                    -0.023759830743074417,
                    0.9962852001190186,
                    0.08277297765016556
                ],
                [
                    -0.22853028774261475,
                    -0.08601675182580948,
                    0.9697294235229492
                ]
            ],
            [
                [
                    0.9680571556091309,
                    -0.04820646718144417,
                    -0.24605195224285126
                ],
                [
                    0.05898106470704079,
                    0.9975876808166504,
                    0.036605555564165115
                ],
                [
                    0.24369379878044128,
                    -0.04994867369532585,
                    0.9685651659965515
                ]
            ],
            [
                [
                    0.9950622916221619,
                    -0.022786647081375122,
                    -0.0966009646654129
                ],
                [
                    0.01906643435359001,
                    0.999047040939331,
                    -0.039260901510715485
                ],
                [
                    0.09740353375673294,
                    0.037225209176540375,
                    0.994548499584198
                ]
            ],
            [
                [
                    0.9970117211341858,
                    -0.07690982520580292,
                    -0.007246711291372776
                ],
                [
                    0.0772496908903122,
                    0.9921804070472717,
                    0.09803393483161926
                ],
                [
                    -0.0003497286234050989,
                    -0.09830078482627869,
                    0.9951567649841309
                ]
            ],
            [
                [
                    0.9858825206756592,
                    0.12631788849830627,
                    0.10990671813488007
                ],
                [
                    -0.14147409796714783,
                    0.9795202016830444,
                    0.14326591789722443
                ],
                [
                    -0.08955881744623184,
                    -0.1567923128604889,
                    0.9835625290870667
                ]
            ],
            [
                [
                    0.9967733025550842,
                    -0.03567351773381233,
                    0.07190527766942978
                ],
                [
                    0.03243548050522804,
                    0.9984281659126282,
                    0.04570764675736427
                ],
                [
                    -0.07342280447483063,
                    -0.04322788119316101,
                    0.996363639831543
                ]
            ],
            [
                [
                    0.9601717591285706,
                    0.255550354719162,
                    -0.11297839134931564
                ],
                [
                    -0.26128751039505005,
                    0.9644715189933777,
                    -0.039032697677612305
                ],
                [
                    0.09898961335420609,
                    0.0669979378581047,
                    0.9928304553031921
                ]
            ],
            [
                [
                    0.9798630475997925,
                    -0.19204989075660706,
                    0.05463750287890434
                ],
                [
                    0.1919974535703659,
                    0.981375515460968,
                    0.006256003864109516
                ],
                [
                    -0.05482136830687523,
                    0.004360235761851072,
                    0.9984866976737976
                ]
            ],
            [
                [
                    0.9991280436515808,
                    -0.0018472980009391904,
                    0.04171127825975418
                ],
                [
                    0.012178977020084858,
                    0.9684688448905945,
                    -0.24883681535720825
                ],
                [
                    -0.03993639722466469,
                    0.2491278201341629,
                    0.9676468968391418
                ]
            ],
            [
                [
                    0.5205387473106384,
                    0.8266544342041016,
                    -0.2137332558631897
                ],
                [
                    -0.8473912477493286,
                    0.5308637022972107,
                    -0.010570175014436245
                ],
                [
                    0.10472534596920013,
                    0.1866178959608078,
                    0.9768348336219788
                ]
            ],
            [
                [
                    0.6871017217636108,
                    -0.6532220840454102,
                    0.31810688972473145
                ],
                [
                    0.7060234546661377,
                    0.7036467790603638,
                    -0.08007504791021347
                ],
                [
                    -0.17152808606624603,
                    0.27961069345474243,
                    0.9446670413017273
                ]
            ],
            [
                [
                    0.8878082633018494,
                    -0.08738429099321365,
                    -0.45184123516082764
                ],
                [
                    -0.02952866442501545,
                    0.9689684510231018,
                    -0.24541452527046204
                ],
                [
                    0.45926523208618164,
                    0.23122330009937286,
                    0.8576778769493103
                ]
            ],
            [
                [
                    0.6061647534370422,
                    0.17743916809558868,
                    0.7752932906150818
                ],
                [
                    0.016269803047180176,
                    0.9718254208564758,
                    -0.23513954877853394
                ],
                [
                    -0.7951727509498596,
                    0.15514719486236572,
                    0.5861994028091431
                ]
            ],
            [
                [
                    0.9996300935745239,
                    -0.00406937999650836,
                    -0.026891302317380905
                ],
                [
                    0.0020222924649715424,
                    0.9971272349357605,
                    -0.07571770250797272
                ],
                [
                    0.027122175320982933,
                    0.07563530653715134,
                    0.9967666268348694
                ]
            ],
            [
                [
                    0.9983338117599487,
                    0.03746581822633743,
                    0.043885521590709686
                ],
                [
                    -0.03586411848664284,
                    0.998681366443634,
                    -0.03673318773508072
                ],
                [
                    -0.04520389065146446,
                    0.03509806841611862,
                    0.9983610510826111
                ]
            ],
            [
                [
                    0.9842661619186401,
                    0.16841259598731995,
                    -0.05345426872372627
                ],
                [
                    -0.1576181799173355,
                    0.9735943675041199,
                    0.1651378571987152
                ],
                [
                    0.0798540711402893,
                    -0.154114231467247,
                    0.9848209023475647
                ]
            ],
            [
                [
                    0.9836462736129761,
                    -0.17475101351737976,
                    0.04361411929130554
                ],
                [
                    0.1667872667312622,
                    0.9751739501953125,
                    0.14566321671009064
                ],
                [
                    -0.0679861456155777,
                    -0.13600678741931915,
                    0.9883724451065063
                ]
            ]
        ],
        "betas": [
            -0.186048686504364,
            -0.002816230058670044,
            0.5779883861541748,
            0.5739719271659851,
            0.1511198878288269,
            0.14897117018699646,
            0.016728311777114868,
            -0.14269745349884033,
            0.053022488951683044,
            -0.15920552611351013
        ]
    },
    "pred_cam_t": [
        0.10566923767328262,
        0.33374133706092834,
        26.71173667907715
    ],
    "focal_length": [
        5000.0,
        5000.0
    ],
    "pred_keypoints_3d": [
        [
            -0.09073428809642792,
            -0.8524500131607056,
            -0.06310642510652542
        ],
        [
            0.029424531385302544,
            -0.7480570673942566,
            0.04382459074258804
        ],
        [
            -0.07787835597991943,
            -0.6582934260368347,
            0.18248236179351807
        ],
        [
            -0.17114552855491638,
            -0.4422999620437622,
            0.26431554555892944
        ],
        [
            -0.3415979743003845,
            -0.31027525663375854,
            0.13842155039310455
        ],
        [
            0.13172629475593567,
            -0.6668824553489685,
            -0.1037515252828598
        ],
        [
            0.1857062727212906,
            -0.4232562780380249,
            -0.15803955495357513
        ],
        [
            0.10713144391775131,
            -0.21586783230304718,
            -0.25911346077919006
        ],
        [
            -0.0019744192250072956,
            -0.2296428084373474,
            0.027400730177760124
        ],
        [
            -0.05933181196451187,
            -0.1459181308746338,
            0.07744833827018738
        ],
        [
            -0.0928802490234375,
            0.21419909596443176,
            0.18243008852005005
        ],
        [
            -0.06640531867742538,
            0.4395936131477356,
            0.5005688667297363
        ],
        [
            0.0544244721531868,
            -0.13206443190574646,
            0.0034788828343153
        ],
        [
            0.06182537600398064,
            0.2319253385066986,
            0.059122562408447266
        ],
        [
            0.06890014559030533,
            0.4437605142593384,
            0.3869657516479492
        ],
        [
            -0.0950227901339531,
            -0.8919519186019897,
            -0.015612423419952393
        ],
        [
            -0.05041489005088806,
            -0.898301362991333,
            -0.06386549025774002
        ],
        [
            -0.053098440170288086,
            -0.8799823522567749,
            0.07914212346076965
        ],
        [
            0.04517792537808418,
            -0.8945258855819702,
            -0.02842915803194046
        ],
        [
            0.018985725939273834,
            0.6140176653862,
            0.2970507740974426
        ],
        [
            0.09497983753681183,
            0.595298707485199,
            0.3234626054763794
        ],
        [
            0.09180554002523422,
            0.427884578704834,
            0.4510422646999359
        ],
        [
            -0.11809495091438293,
            0.6043887138366699,
            0.41058528423309326
        ],
        [
            -0.1754545420408249,
            0.5626198053359985,
            0.4602404534816742
        ],
        [
            -0.05156202241778374,
            0.4301735758781433,
            0.5718377828598022
        ],
        [
            -0.08038504421710968,
            0.38434404134750366,
            0.4862491488456726
        ],
        [
            -0.09049654006958008,
            0.15835422277450562,
            0.15979157388210297
        ],
        [
            -0.11784660071134567,
            -0.2742455005645752,
            0.1092519760131836
        ],
        [
            0.13055351376533508,
            -0.23259755969047546,
            -0.03831377997994423
        ],
        [
            0.07354369014501572,
            0.19683626294136047,
            0.04118558019399643
        ],
        [
            0.0861174464225769,
            0.40593859553337097,
            0.37538254261016846
        ],
        [
            -0.32419973611831665,
            -0.33941030502319336,
            0.12297330796718597
        ],
        [
            -0.1969614177942276,
            -0.47455763816833496,
            0.2620818614959717
        ],
        [
            -0.05806475877761841,
            -0.6881070137023926,
            0.15966320037841797
        ],
        [
            0.12249767780303955,
            -0.6965371966362,
            -0.07388024032115936
        ],
        [
            0.17251236736774445,
            -0.4535389542579651,
            -0.19565808773040771
        ],
        [
            0.09981370717287064,
            -0.23510873317718506,
            -0.2620998024940491
        ],
        [
            0.02771180309355259,
            -0.7472198009490967,
            0.03708256781101227
        ],
        [
            -0.018885131925344467,
            -0.939548671245575,
            0.01393701322376728
        ],
        [
            0.00677382992580533,
            -0.25362929701805115,
            0.03471937030553818
        ],
        [
            0.0296822227537632,
            -0.6900584101676941,
            0.040919553488492966
        ],
        [
            0.03682049363851547,
            -0.5022425651550293,
            0.04224199429154396
        ],
        [
            -0.029614076018333435,
            -0.8308112025260925,
            -0.015932265669107437
        ],
        [
            -0.017623890191316605,
            -0.9583953022956848,
            0.023259518668055534
        ]
    ],
    "pred_vertices": [
        [
            -0.04769079387187958,
            -0.9454598426818848,
            -0.07186198979616165
        ],
        [
            -0.05468831956386566,
            -0.9305893182754517,
            -0.07200703024864197
        ],
        [
            -0.040548428893089294,
            -0.9283460378646851,
            -0.07390780746936798
        ],
        [
            -0.03112325817346573,
            -0.9399816989898682,
            -0.07117567956447601
        ],
        [
            -0.04633438587188721,
            -0.9187535047531128,
            -0.07528922706842422
        ],
        [
            -0.05795910209417343,
            -0.9185371398925781,
            -0.07284354418516159
        ],
        [
            -0.027816977351903915,
            -0.9233106374740601,
            -0.07166063785552979
        ],
        [
            -0.01764499396085739,
            -0.9315035343170166,
            -0.06769503653049469
        ],
        [
            -0.012681949883699417,
            -0.8893998861312866,
            -0.06886282563209534
        ],
        [
            -0.0028044022619724274,
            -0.885748565196991,
            -0.06537462770938873
        ],
        [
            -0.004886120557785034,
            -0.8972418308258057,
            -0.06594361364841461
        ],
        [
            -0.014689426869153976,
            -0.8976248502731323,
            -0.06841494143009186
        ],
        [
            -0.008085396140813828,
            -0.8635919094085693,
            -0.06679385900497437
        ],
        [
            -0.017249569296836853,
            -0.8534268736839294,
            -0.06824065744876862
        ],
        [
            -0.007846236228942871,
            -0.8449931740760803,
            -0.06359255313873291
        ],
        [
            0.0011358857154846191,
            -0.8544957637786865,
            -0.06053308770060539
        ],
        [
            -0.057398565113544464,
            -0.8634330034255981,
            -0.060708291828632355
        ],
        [
            -0.05226247012615204,
            -0.8574666976928711,
            -0.06403789669275284
        ],
        [
            -0.049693845212459564,
            -0.8644821643829346,
            -0.06607601791620255
        ],
        [
            -0.055032916367053986,
            -0.8695883750915527,
            -0.06199979782104492
        ],
        [
            -0.06877867132425308,
            -0.8716890811920166,
            -0.05828951671719551
        ],
        [
            -0.06624597311019897,
            -0.8773558735847473,
            -0.05653320252895355
        ],
        [
            -0.07348678261041641,
            -0.8806124329566956,
            -0.05657755583524704
        ],
        [
            -0.07610967755317688,
            -0.8742662668228149,
            -0.05963916704058647
        ],
        [
            -0.060577645897865295,
            -0.8577155470848083,
            -0.056921932846307755
        ],
        [
            -0.05482859164476395,
            -0.8516377806663513,
            -0.06025924161076546
        ],
        [
            -0.06231200695037842,
            -0.8685520887374878,
            -0.05833546444773674
        ],
        [
            -0.06446543335914612,
            -0.8635033965110779,
            -0.05879449471831322
        ],
        [
            -0.07323046773672104,
            -0.8569393157958984,
            -0.06395645439624786
        ],
        [
            -0.07158596813678741,
            -0.8618024587631226,
            -0.06390710175037384
        ],
        [
            -0.07882244139909744,
            -0.8622533082962036,
            -0.0663469210267067
        ],
        [
            -0.07874757796525955,
            -0.8567217588424683,
            -0.06516663730144501
        ],
        [
            -0.06460960954427719,
            -0.8566322922706604,
            -0.059575702995061874
        ],
        [
            -0.06651624292135239,
            -0.8594838380813599,
            -0.0618562176823616
        ],
        [
            -0.0694742426276207,
            -0.8555029630661011,
            -0.06186337396502495
        ],
        [
            -0.06794050335884094,
            -0.8533613085746765,
            -0.05862199142575264
        ],
        [
            -0.07068187743425369,
            -0.8671293258666992,
            -0.06006880849599838
        ],
        [
            -0.07779382169246674,
            -0.8686317205429077,
            -0.06282319873571396
        ],
        [
            -0.08559786528348923,
            -0.8694735169410706,
            -0.06486618518829346
        ],
        [
            -0.08654236048460007,
            -0.861014723777771,
            -0.06824488937854767
        ],
        [
            -0.038764629513025284,
            -0.84525465965271,
            -0.0676146149635315
        ],
        [
            -0.04592926800251007,
            -0.8513962626457214,
            -0.06697063893079758
        ],
        [
            -0.04897940903902054,
            -0.8461922407150269,
            -0.06345530599355698
        ],
        [
            -0.04314383864402771,
            -0.8412420749664307,
            -0.06498313695192337
        ],
        [
            -0.06436435878276825,
            -0.8505524396896362,
            -0.05709843710064888
        ],
        [
            -0.06023047864437103,
            -0.8351230025291443,
            -0.06023239716887474
        ],
        [
            -0.06056659668684006,
            -0.8389356732368469,
            -0.06047070026397705
        ],
        [
            -0.06760256737470627,
            -0.839084267616272,
            -0.05897250398993492
        ],
        [
            -0.06675271689891815,
            -0.8355873227119446,
            -0.059055671095848083
        ],
        [
            -0.02748234197497368,
            -0.8318889141082764,
            -0.06513309478759766
        ],
        [
            -0.034460488706827164,
            -0.8301917314529419,
            -0.06415195763111115
        ],
        [
            -0.03157370164990425,
            -0.8235076665878296,
            -0.06269640475511551
        ],
        [
            -0.024021334946155548,
            -0.8240129351615906,
            -0.06224886327981949
        ],
        [
            -0.031949274241924286,
            -0.8179194927215576,
            -0.06013841554522514
        ],
        [
            -0.021927684545516968,
            -0.8164470195770264,
            -0.05904969200491905
        ],
        [
            -0.027064945548772812,
            -0.80181884765625,
            -0.052906334400177
        ],
        [
            -0.02405708283185959,
            -0.8083207011222839,
            -0.05591246858239174
        ],
        [
            -0.03444749861955643,
            -0.8120918273925781,
            -0.05771149322390556
        ],
        [
            -0.03989221900701523,
            -0.8063943386077881,
            -0.056304965168237686
        ],
        [
            -0.05448798090219498,
            -0.809064507484436,
            -0.05422239378094673
        ],
        [
            -0.06027238816022873,
            -0.8072165250778198,
            -0.05202113837003708
        ],
        [
            -0.054381344467401505,
            -0.7958734035491943,
            -0.05387471988797188
        ],
        [
            -0.04763433709740639,
            -0.8004148602485657,
            -0.055234093219041824
        ],
        [
            -0.05708426237106323,
            -0.8299908638000488,
            -0.05659491568803787
        ],
        [
            -0.052389003336429596,
            -0.8305492401123047,
            -0.057324811816215515
        ],
        [
            -0.0539422407746315,
            -0.8318871259689331,
            -0.05920509621500969
        ],
        [
            -0.0591844841837883,
            -0.8323844075202942,
            -0.058754730969667435
        ],
        [
            -0.04852551221847534,
            -0.8307669162750244,
            -0.05843426659703255
        ],
        [
            -0.04682563990354538,
            -0.8307231068611145,
            -0.05903799831867218
        ],
        [
            -0.047982875257730484,
            -0.8318831920623779,
            -0.059820737689733505
        ],
        [
            -0.0490749254822731,
            -0.8313591480255127,
            -0.0589011013507843
        ],
        [
            -0.05081027001142502,
            -0.8308088779449463,
            -0.05795532092452049
        ],
        [
            -0.05158332735300064,
            -0.8288230299949646,
            -0.057476866990327835
        ],
        [
            -0.049384936690330505,
            -0.8298864364624023,
            -0.05813854932785034
        ],
        [
            -0.0559094101190567,
            -0.8275256752967834,
            -0.0570346862077713
        ],
        [
            -0.06953352689743042,
            -0.8233684301376343,
            -0.054171349853277206
        ],
        [
            -0.06623873859643936,
            -0.8246378898620605,
            -0.05558909475803375
        ],
        [
            -0.06708093732595444,
            -0.8288742303848267,
            -0.05396242439746857
        ],
        [
            -0.06988169997930527,
            -0.8280447125434875,
            -0.05278020724654198
        ],
        [
            -0.050369784235954285,
            -0.8329758644104004,
            -0.060250792652368546
        ],
        [
            -0.048712149262428284,
            -0.8352726697921753,
            -0.06135685741901398
        ],
        [
            -0.05394119769334793,
            -0.8374172449111938,
            -0.061247386038303375
        ],
        [
            -0.05411434918642044,
            -0.83460533618927,
            -0.060032326728105545
        ],
        [
            -0.046829141676425934,
            -0.8374035358428955,
            -0.06311587989330292
        ],
        [
            -0.046070396900177,
            -0.8333356380462646,
            -0.06093299016356468
        ],
        [
            -0.043365124613046646,
            -0.8340966105461121,
            -0.06276625394821167
        ],
        [
            -0.04700025916099548,
            -0.8289463520050049,
            -0.058594848960638046
        ],
        [
            -0.043877337127923965,
            -0.8276770114898682,
            -0.05937162786722183
        ],
        [
            -0.04447442293167114,
            -0.8302582502365112,
            -0.06056606397032738
        ],
        [
            -0.045271579176187515,
            -0.824255108833313,
            -0.05832156911492348
        ],
        [
            -0.04927024990320206,
            -0.8268080353736877,
            -0.05760882422327995
        ],
        [
            -0.05344533175230026,
            -0.8245295882225037,
            -0.057203758507966995
        ],
        [
            -0.05892335623502731,
            -0.8222531080245972,
            -0.05667521432042122
        ],
        [
            -0.05459146946668625,
            -0.8179264664649963,
            -0.05619888752698898
        ],
        [
            -0.04915193095803261,
            -0.8208795189857483,
            -0.05736837163567543
        ],
        [
            -0.05215570330619812,
            -0.841132402420044,
            -0.062199901789426804
        ],
        [
            -0.040136855095624924,
            -0.8301495313644409,
            -0.06210150197148323
        ],
        [
            -0.03849872201681137,
            -0.8366655111312866,
            -0.0646575391292572
        ],
        [
            -0.03889678046107292,
            -0.8254647254943848,
            -0.06117109954357147
        ],
        [
            -0.039641544222831726,
            -0.8209071159362793,
            -0.059456899762153625
        ],
        [
            -0.04318026080727577,
            -0.8167986869812012,
            -0.0574212409555912
        ],
        [
            -0.04863697290420532,
            -0.8124957084655762,
            -0.056104760617017746
        ],
        [
            -0.04403132200241089,
            -0.7883192300796509,
            -0.04763023555278778
        ],
        [
            -0.03633730113506317,
            -0.794428288936615,
            -0.05045153200626373
        ],
        [
            -0.05684599280357361,
            -0.9114419221878052,
            -0.06931586563587189
        ],
        [
            -0.04878341406583786,
            -0.9111948013305664,
            -0.07357214391231537
        ],
        [
            -0.044160157442092896,
            -0.903998076915741,
            -0.07017180323600769
        ],
        [
            -0.04343060404062271,
            -0.9069190621376038,
            -0.0711776539683342
        ],
        [
            -0.04923136532306671,
            -0.9071291089057922,
            -0.07016287744045258
        ],
        [
            -0.04877325892448425,
            -0.9044089317321777,
            -0.06913188099861145
        ],
        [
            -0.02321959286928177,
            -0.8986428380012512,
            -0.06850504875183105
        ],
        [
            -0.029984310269355774,
            -0.8997268676757812,
            -0.06848810613155365
        ],
        [
            -0.02834833785891533,
            -0.8961508870124817,
            -0.0676892101764679
        ],
        [
            -0.020945526659488678,
            -0.8923973441123962,
            -0.06924654543399811
        ],
        [
            -0.03756843879818916,
            -0.887471079826355,
            -0.06758460402488708
        ],
        [
            -0.032532934099435806,
            -0.8893604278564453,
            -0.06821358948945999
        ],
        [
            -0.037737637758255005,
            -0.8954025506973267,
            -0.06748655438423157
        ],
        [
            -0.04146081954240799,
            -0.894084095954895,
            -0.06711065769195557
        ],
        [
            -0.04540996998548508,
            -0.893125057220459,
            -0.06601647287607193
        ],
        [
            -0.04930496960878372,
            -0.8927749395370483,
            -0.06391435861587524
        ],
        [
            -0.048017218708992004,
            -0.8873769640922546,
            -0.0637606829404831
        ],
        [
            -0.043077997863292694,
            -0.8870254755020142,
            -0.06599681079387665
        ],
        [
            -0.05487828701734543,
            -0.907575249671936,
            -0.0665186271071434
        ],
        [
            -0.059820517897605896,
            -0.9063549041748047,
            -0.06125044822692871
        ],
        [
            -0.05789756029844284,
            -0.9033370018005371,
            -0.061746276915073395
        ],
        [
            -0.054032035171985626,
            -0.9043765068054199,
            -0.0664309486746788
        ],
        [
            -0.060809917747974396,
            -0.8964276313781738,
            -0.05111638829112053
        ],
        [
            -0.06099577248096466,
            -0.8988866806030273,
            -0.052759118378162384
        ],
        [
            -0.0644715279340744,
            -0.8999513387680054,
            -0.051182761788368225
        ],
        [
            -0.06391727924346924,
            -0.8954962491989136,
            -0.04989532381296158
        ],
        [
            -0.061987392604351044,
            -0.8925725221633911,
            -0.05156148597598076
        ],
        [
            -0.05998717248439789,
            -0.8947997689247131,
            -0.05236238241195679
        ],
        [
            -0.055272649973630905,
            -0.9666341543197632,
            -0.06407547742128372
        ],
        [
            -0.06275805830955505,
            -0.9485489130020142,
            -0.0670146644115448
        ],
        [
            -0.034928422421216965,
            -0.9615049362182617,
            -0.0655510425567627
        ],
        [
            -0.01904752105474472,
            -0.9525985717773438,
            -0.06424976885318756
        ],
        [
            -0.006323333829641342,
            -0.9402949213981628,
            -0.062626913189888
        ],
        [
            -0.01806628704071045,
            -0.8371849060058594,
            -0.06497547775506973
        ],
        [
            -0.011893343180418015,
            -0.8288601636886597,
            -0.061553746461868286
        ],
        [
            0.0008885525166988373,
            -0.8373600244522095,
            -0.05827341973781586
        ],
        [
            0.00411449559032917,
            -0.827350914478302,
            -0.05345537140965462
        ],
        [
            -0.009441152215003967,
            -0.8189455270767212,
            -0.05733206123113632
        ],
        [
            -0.015276573598384857,
            -0.7997877597808838,
            -0.04608021304011345
        ],
        [
            -0.01044733077287674,
            -0.8085405826568604,
            -0.05230451002717018
        ],
        [
            0.0055089108645915985,
            -0.8174335956573486,
            -0.0462181530892849
        ],
        [
            0.020133286714553833,
            -0.8309615850448608,
            -0.040709033608436584
        ],
        [
            0.015785714611411095,
            -0.8378561735153198,
            -0.048466164618730545
        ],
        [
            0.030096223577857018,
            -0.8474562168121338,
            -0.03411398082971573
        ],
        [
            0.025093860924243927,
            -0.8237278461456299,
            -0.029293686151504517
        ],
        [
            0.033626362681388855,
            -0.8467423915863037,
            -0.025697536766529083
        ],
        [
            0.01374544482678175,
            -0.7874890565872192,
            -0.022981300950050354
        ],
        [
            0.0178033746778965,
            -0.7766731977462769,
            -0.022137947380542755
        ],
        [
            0.034713760018348694,
            -0.7845689058303833,
            -0.020536871626973152
        ],
        [
            0.031007986515760422,
            -0.7957075834274292,
            -0.021885231137275696
        ],
        [
            0.009964898228645325,
            -0.8457760810852051,
            -0.05475927144289017
        ],
        [
            0.0004486367106437683,
            -0.9086288809776306,
            -0.06158868595957756
        ],
        [
            -0.010028652846813202,
            -0.9071940779685974,
            -0.06672500818967819
        ],
        [
            0.005671467632055283,
            -0.8960689306259155,
            -0.060720156878232956
        ],
        [
            0.009358707815408707,
            -0.9691416025161743,
            -0.04899545758962631
        ],
        [
            -0.006245877593755722,
            -0.9631155729293823,
            -0.05837378650903702
        ],
        [
            0.0051615871489048,
            -0.9483333826065063,
            -0.05792034789919853
        ],
        [
            0.0182967409491539,
            -0.9560476541519165,
            -0.049565389752388
        ],
        [
            -0.019970357418060303,
            -1.0009058713912964,
            -0.03633465617895126
        ],
        [
            -0.03790035843849182,
            -0.9864599108695984,
            -0.052934203296899796
        ],
        [
            -0.02270583063364029,
            -0.9763043522834778,
            -0.05589599162340164
        ],
        [
            -0.006689533591270447,
            -0.9877217411994934,
            -0.04375745356082916
        ],
        [
            0.028647832572460175,
            -0.9589351415634155,
            -0.041259609162807465
        ],
        [
            0.04200590029358864,
            -0.9612075090408325,
            -0.028581559658050537
        ],
        [
            0.04216643422842026,
            -0.9772061109542847,
            -0.020725153386592865
        ],
        [
            0.024969808757305145,
            -0.9756582379341125,
            -0.035104796290397644
        ],
        [
            0.03620653599500656,
            -0.9972002506256104,
            -0.007199957966804504
        ],
        [
            0.015566624701023102,
            -0.996069073677063,
            -0.02543868124485016
        ],
        [
            0.040916986763477325,
            -0.8332138657569885,
            -0.01759149506688118
        ],
        [
            0.041804760694503784,
            -0.8520318865776062,
            -0.01626121997833252
        ],
        [
            0.025598905980587006,
            -0.8084717988967896,
            -0.02465183101594448
        ],
        [
            0.04133262485265732,
            -0.8171387910842896,
            -0.0177173875272274
        ],
        [
            0.02546677738428116,
            -1.011087417602539,
            0.009325623512268066
        ],
        [
            0.0013962164521217346,
            -1.011063814163208,
            -0.012952767312526703
        ],
        [
            0.07170330733060837,
            -0.941914439201355,
            0.0134788379073143
        ],
        [
            0.06564337015151978,
            -0.9592224359512329,
            0.0062691643834114075
        ],
        [
