{
    "pred_cam": [
        1.4933087825775146,
        0.072920061647892,
        0.34745410084724426
    ],
    "pred_smpl_params": {
        "global_orient": [
            [
                [
                    0.5441654920578003,
                    0.06138259917497635,
                    -0.8367294073104858
                ],
                [
                    0.15205687284469604,
                    -0.9880188703536987,
                    0.026408683508634567
                ],
                [
                    -0.8250834345817566,
                    -0.14160113036632538,
                    -0.5469794273376465
                ]
            ]
        ],
        "body_pose": [
            [
                [
                    0.9821383357048035,
                    0.08691547065973282,
                    0.16688328981399536
                ],
                [
                    -0.08000616729259491,
                    0.9956523776054382,
                    -0.04770084097981453
                ],
                [
                    -0.17030367255210876,
                    0.03349713236093521,
                    0.984822154045105
                ]
            ],
            [
                [
                    0.9916608929634094,
                    0.10583846271038055,
                    0.07353202253580093
                ],
                [
                    -0.10437388718128204,
                    0.9942606091499329,
                    -0.0234936885535717
                ],
                [
                    -0.07559652626514435,
                    0.015622950159013271,
                    0.9970161318778992
                ]
            ],
            [
                [
                    0.9923844337463379,
                    -0.07930122315883636,
                    -0.09425653517246246
                ],
                [
                    0.0727725550532341,
                    0.9948325753211975,
                    -0.07079729437828064
                ],
                [
                    0.09938379377126694,
                    0.06339886039495468,
                    0.9930273294448853
                ]
            ],
            [
                [
                    0.9775028824806213,
                    0.21063455939292908,
                    0.011011320166289806
                ],
                [
                    -0.19541937112808228,
                    0.9240657687187195,
                    -0.3285020589828491
                ],
                [
                    -0.07936908304691315,
                    0.3189598619937897,
                    0.9444390535354614
                ]
            ],
            [
                [
                    0.9623969793319702,
                    0.16845038533210754,
                    0.21311171352863312
                ],
                [
                    -0.09314383566379547,
                    0.9415877461433411,
                    -0.3236306309700012
                ],
                [
                    -0.2551790773868561,
                    0.29161107540130615,
                    0.9218713045120239
                ]
            ],
            [
                [
                    0.9953397512435913,
                    -0.06861472874879837,
                    -0.06775607168674469
                ],
                [
                    0.07021626830101013,
                    0.9972991347312927,
                    0.02154245227575302
                ],
                [
                    0.06609494984149933,
                    -0.02619963511824608,
                    0.9974693655967712
                ]
            ],
            [
                [
                    0.9785268306732178,
                    0.01524994894862175,
                    0.20555485785007477
                ],
                [
                    -0.026022639125585556,
                    0.9984197616577148,
                    0.04980640113353729
                ],
                [
                    -0.20447051525115967,
                    -0.05408596247434616,
                    0.9773773550987244
                ]
            ],
            [
                [
                    0.9787945747375488,
                    -0.03622512146830559,
                    -0.2016160488128662
                ],
                [
                    0.03613663092255592,
                    0.9993383884429932,
                    -0.004120773635804653
                ],
                [
                    0.20163191854953766,
                    -0.003252334427088499,
                    0.9794560670852661
                ]
            ],
            [
                [
                    0.9970859885215759,
                    -0.023545339703559875,
                    -0.07256204634904861
                ],
                [
                    0.021598121151328087,
                    0.9993882775306702,
                    -0.027504170313477516
                ],
                [
                    0.07316526025533676,
                    0.02585681714117527,
                    0.996984601020813
                ]
            ],
            [
                [
                    0.9967626929283142,
                    -0.07937481254339218,
                    0.012797684408724308
                ],
                [
                    0.07909826189279556,
                    0.9966490864753723,
                    0.020833658054471016
                ],
                [
                    -0.014408468268811703,
                    -0.019753938540816307,
                    0.9997010231018066
                ]
            ],
            [
                [
                    0.9949906468391418,
                    0.08976153284311295,
                    0.04400540143251419
                ],
                [
                    -0.0937093123793602,
                    0.9907792210578918,
                    0.09785183519124985
                ],
                [
                    -0.03481630980968475,
                    -0.10148537904024124,
                    0.9942275285720825
                ]
            ],
            [
                [
                    0.9988185167312622,
                    -0.0285398717969656,
                    0.039332590997219086
                ],
                [
                    0.02895297296345234,
                    0.9995310306549072,
                    -0.009973252192139626
                ],
                [
                    -0.03902950882911682,
                    0.011100264266133308,
                    0.9991764426231384
                ]
            ],
            [
                [
                    0.9493361711502075,
                    0.26234570145606995,
                    -0.1730193942785263
                ],
                [
                    -0.2739957273006439,
                    0.9605886340141296,
                    -0.04686048626899719
                ],
                [
                    0.15390680730342865,
                    0.09189292043447495,
                    0.9838031530380249
                ]
            ],
            [
                [
                    0.9631453156471252,
                    -0.20951972901821136,
                    0.1686789095401764
                ],
                [
                    0.21351902186870575,
                    0.9769221544265747,
                    -0.005723102483898401
                ],
                [
                    -0.1635870635509491,
                    0.041528332978487015,
                    0.9856544733047485
                ]
            ],
            [
                [
                    0.9997754096984863,
                    -0.02048633247613907,
                    -0.005432761274278164
                ],
                [
                    0.018113132566213608,
                    0.9589793682098389,
                    -0.28289660811424255
                ],
                [
                    0.011005421169102192,
                    0.2827346622943878,
                    0.9591350555419922
                ]
            ],
            [
                [
                    0.4924960434436798,
                    0.8389346599578857,
                    -0.23159483075141907
                ],
                [
                    -0.85984867811203,
                    0.5101739764213562,
                    0.0195623766630888
                ],
                [
                    0.13456521928310394,
                    0.18950213491916656,
                    0.9726155400276184
                ]
            ],
            [
                [
                    0.5912719368934631,
                    -0.7074554562568665,
                    0.3871747553348541
                ],
                [
                    0.7775426506996155,
                    0.6275032162666321,
                    -0.040830858051776886
                ],
                [
                    -0.21406735479831696,
                    0.3251870572566986,
                    0.9211018085479736
                ]
            ],
            [
                [
                    0.9356218576431274,
                    -0.018969368189573288,
                    -0.3524939715862274
                ],
                [
                    -0.04425768926739693,
                    0.9843724966049194,
                    -0.17044658958911896
                ],
                [
                    0.35021865367889404,
                    0.17507410049438477,
                    0.9201608896255493
                ]
            ],
            [
                [
                    0.6887794137001038,
                    0.1073860302567482,
                    0.716973602771759
                ],
                [
                    0.08981528878211975,
                    0.96871018409729,
                    -0.23137375712394714
                ],
                [
                    -0.7193859219551086,
                    0.2237606793642044,
                    0.657582700252533
                ]
            ],
            [
                [
                    0.9996461868286133,
                    0.002230769256129861,
                    -0.02650662325322628
                ],
                [
                    -0.002151316497474909,
                    0.9999931454658508,
                    0.0030254290904849768
                ],
                [
                    0.02651318907737732,
                    -0.002967334119603038,
                    0.9996441602706909
                ]
            ],
            [
                [
                    0.9980823397636414,
                    0.030708447098731995,
                    0.053744785487651825
                ],
                [
                    -0.032215606421232224,
                    0.9991051554679871,
                    0.02740475721657276
                ],
                [
                    -0.05285513401031494,
                    -0.029083630070090294,
                    0.9981784820556641
                ]
            ],
            [
                [
                    0.9814921617507935,
                    0.17648321390151978,
                    -0.07434255629777908
                ],
                [
                    -0.16221442818641663,
                    0.9725109338760376,
                    0.16705988347530365
                ],
                [
                    0.10178221017122269,
                    -0.1519085168838501,
                    0.9831399917602539
                ]
            ],
            [
                [
                    0.9814628958702087,
                    -0.1841588318347931,
                    0.05306657403707504
                ],
                [
                    0.17256046831607819,
                    0.9696162343025208,
                    0.17339910566806793
                ],
                [
                    -0.08338718861341476,
                    -0.16102761030197144,
                    0.9834209084510803
                ]
            ]
        ],
        "betas": [
            -0.13392454385757446,
            0.0008057355880737305,
            0.38075879216194153,
            0.47121167182922363,
            0.15913188457489014,
            0.20529517531394958,
            0.004880040884017944,
            -0.13534298539161682,
            0.03405028581619263,
            -0.0877256989479065
        ]
    },
    "pred_cam_t": [
        0.072920061647892,
        0.34745410084724426,
        26.158353805541992
    ],
    "focal_length": [
        5000.0,
        5000.0
    ],
    "pred_keypoints_3d": [
        [
            -0.14039242267608643,
            -0.8236901760101318,
            -0.05485475808382034
        ],
        [
            0.020087338984012604,
            -0.7436153292655945,
            0.005160428583621979
        ],
        [
            -0.04457079619169235,
            -0.6579023003578186,
            0.17242057621479034
        ],
        [
            -0.1008429005742073,
            -0.42720508575439453,
            0.2525491714477539
        ],
        [
            -0.2562478184700012,
            -0.2559598684310913,
            0.15442752838134766
        ],
        [
            0.06846537441015244,
            -0.6542765498161316,
            -0.16526195406913757
        ],
        [
            0.1023239940404892,
            -0.40394413471221924,
            -0.2124032974243164
        ],
        [
            0.022052302956581116,
            -0.1763559877872467,
            -0.2564850151538849
        ],
        [
            -0.0019936575554311275,
            -0.22840343415737152,
            0.027388621121644974
        ],
        [
            -0.04005315154790878,
            -0.14911630749702454,
            0.09829182922840118
        ],
        [
            -0.0953386053442955,
            0.20461580157279968,
            0.22077330946922302
        ],
        [
            -0.043715596199035645,
            0.5234824419021606,
            0.44466760754585266
        ],
        [
            0.03608420491218567,
            -0.12750214338302612,
            -0.012522529810667038
        ],
        [
            0.031858112663030624,
            0.23702576756477356,
            0.0517021007835865
        ],
        [
            0.060665447264909744,
            0.532387375831604,
            0.30882951617240906
        ],
        [
            -0.1310851275920868,
            -0.8683000802993774,
            -0.013137795962393284
        ],
        [
            -0.10968709737062454,
            -0.8720624446868896,
            -0.07566508650779724
        ],
        [
            -0.055258914828300476,
            -0.8731301426887512,
            0.057747550308704376
        ],
        [
            -0.007957987487316132,
            -0.8818536996841431,
            -0.08128596097230911
        ],
        [
            -0.05156704783439636,
            0.6662197113037109,
            0.20929983258247375
        ],
        [
            0.03155869245529175,
            0.6671037077903748,
            0.21235591173171997
        ],
        [
            0.10084941983222961,
            0.5374414920806885,
            0.3648461699485779
        ],
        [
            -0.17867615818977356,
            0.6399147510528564,
            0.3598271608352661
        ],
        [
            -0.19541630148887634,
            0.6011209487915039,
            0.43624287843704224
        ],
        [
            -0.0020111440680921078,
            0.5383281707763672,
            0.5022776126861572
        ],
        [
            -0.04098677635192871,
            0.4635199308395386,
            0.44776642322540283
        ],
        [
            -0.08942826092243195,
            0.14517439901828766,
            0.19791676104068756
        ],
        [
            -0.07296939194202423,
            -0.2819831669330597,
            0.14608752727508545
        ],
        [
            0.09651022404432297,
            -0.22249683737754822,
            -0.08310766518115997
        ],
        [
            0.04113700985908508,
            0.19977456331253052,
            0.03085712529718876
        ],
        [
            0.08286687731742859,
            0.49599480628967285,
            0.3006074130535126
        ],
        [
            -0.24987654387950897,
            -0.2885529100894928,
            0.1367681324481964
        ],
        [
            -0.12994471192359924,
            -0.45530325174331665,
            0.2551136612892151
        ],
        [
            -0.030360877513885498,
            -0.6867446899414062,
            0.1427597850561142
        ],
        [
            0.0694032609462738,
            -0.6852750778198242,
            -0.13530677556991577
        ],
        [
            0.07628237456083298,
            -0.4293566942214966,
            -0.2461676001548767
        ],
        [
            0.011732182465493679,
            -0.1939620077610016,
            -0.2608760893344879
        ],
        [
            0.011829244904220104,
            -0.7407338619232178,
            -0.0018170159310102463
        ],
        [
            -0.057310935109853745,
            -0.9260194301605225,
            -0.020907990634441376
        ],
        [
            0.011684155091643333,
            -0.25268277525901794,
            0.030609916895627975
        ],
        [
            0.016757970675826073,
            -0.6839408278465271,
            0.003549346700310707
        ],
        [
            0.038886524736881256,
            -0.49990513920783997,
            0.01529709342867136
        ],
        [
            -0.0642927885055542,
            -0.8134255409240723,
            -0.03439345210790634
        ],
        [
            -0.055132750421762466,
            -0.9458166360855103,
            -0.014509601518511772
        ]
    ],
    "pred_vertices": [
        [
            -0.11662384122610092,
            -0.9187668561935425,
            -0.08782537281513214
        ],
        [
            -0.1214781180024147,
            -0.9029412269592285,
            -0.0842987447977066
        ],
        [
            -0.10884168744087219,
            -0.9019092321395874,
            -0.09135638177394867
        ],
        [
            -0.10068098455667496,
            -0.9145951271057129,
            -0.09352291375398636
        ],
        [
            -0.11339198797941208,
            -0.8915114402770996,
            -0.089571513235569
        ],
        [
            -0.12304016947746277,
            -0.8907389640808105,
            -0.08268368989229202
        ],
        [
            -0.09562747925519943,
            -0.8982849717140198,
            -0.0939677432179451
        ],
        [
            -0.08590151369571686,
            -0.9073796272277832,
            -0.09529982507228851
        ],
        [
            -0.07595305144786835,
            -0.8660562038421631,
            -0.09455617517232895
        ],
        [
            -0.06506763398647308,
            -0.8637980222702026,
            -0.0950421392917633
        ],
        [
            -0.06896799802780151,
            -0.8752119541168213,
            -0.09576484560966492
        ],
        [
            -0.07897242903709412,
            -0.8744223117828369,
            -0.09403864294290543
        ],
        [
            -0.06758523732423782,
            -0.8412085175514221,
            -0.09210032224655151
        ],
        [
            -0.07514645159244537,
            -0.8301926851272583,
            -0.08897122740745544
        ],
        [
            -0.06356053054332733,
            -0.8233115673065186,
            -0.08771245181560516
        ],
        [
            -0.05537329614162445,
            -0.8339774012565613,
            -0.08928447961807251
        ],
        [
            -0.11040639877319336,
            -0.8373609781265259,
            -0.06690186262130737
        ],
        [
            -0.10623802989721298,
            -0.8314814567565918,
            -0.07158195972442627
        ],
        [
            -0.10561098903417587,
            -0.8384178876876831,
            -0.0750858336687088
        ],
        [
            -0.10953591018915176,
            -0.8435437679290771,
            -0.06961551308631897
        ],
        [
            -0.12094222009181976,
            -0.8451248407363892,
            -0.060863859951496124
        ],
        [
            -0.11869678646326065,
            -0.8511953949928284,
            -0.06078322231769562
        ],
        [
            -0.12579898536205292,
            -0.8537244200706482,
            -0.05821562558412552
        ],
        [
            -0.12853671610355377,
            -0.8468195796012878,
            -0.05942875146865845
        ],
        [
            -0.11110272258520126,
            -0.831900417804718,
            -0.0616692453622818
        ],
        [
            -0.10640290379524231,
            -0.8259304761886597,
            -0.06657582521438599
        ],
        [
            -0.11457952857017517,
            -0.8423402309417725,
            -0.06317958235740662
        ],
        [
            -0.11613147705793381,
            -0.8373372554779053,
            -0.06229684501886368
        ],
        [
            -0.1253330409526825,
            -0.8293178081512451,
            -0.06302723288536072
        ],
        [
            -0.12443814426660538,
            -0.8342950344085693,
            -0.06404756009578705
        ],
        [
            -0.13200345635414124,
            -0.8338549137115479,
            -0.0634503960609436
        ],
        [
            -0.13078546524047852,
            -0.8285328149795532,
            -0.06190691143274307
        ],
        [
            -0.11564940214157104,
            -0.8304442167282104,
            -0.062410905957221985
        ],
        [
            -0.11863990873098373,
            -0.8328170776367188,
            -0.06396570801734924
        ],
        [
            -0.12082722783088684,
            -0.8285789489746094,
            -0.0624827966094017
        ],
        [
            -0.11792666465044022,
            -0.8270020484924316,
            -0.05995289981365204
        ],
        [
            -0.1227339580655098,
            -0.8402535915374756,
            -0.061330683529376984
        ],
        [
            -0.1305241584777832,
            -0.8407101631164551,
            -0.061158955097198486
        ],
        [
            -0.13857567310333252,
            -0.8405504822731018,
            -0.0600171759724617
        ],
        [
            -0.1396990716457367,
            -0.8317734003067017,
            -0.06194690614938736
        ],
        [
            -0.0936054140329361,
            -0.8201307654380798,
            -0.07920192182064056
        ],
        [
            -0.10067629814147949,
            -0.8256902098655701,
            -0.07625935226678848
        ],
        [
            -0.10152741521596909,
            -0.8206708431243896,
            -0.0713762491941452
        ],
        [
            -0.09609586000442505,
            -0.8161060214042664,
            -0.07470044493675232
        ],
        [
            -0.11373172700405121,
            -0.824758768081665,
            -0.05972703918814659
        ],
        [
            -0.10912974923849106,
            -0.8094817399978638,
            -0.06294769048690796
        ],
        [
            -0.11004626750946045,
            -0.8132016658782959,
            -0.06337272375822067
        ],
        [
            -0.11593411862850189,
            -0.8129154443740845,
            -0.059214092791080475
        ],
        [
            -0.11472514271736145,
            -0.8095008730888367,
            -0.059331249445676804
        ],
        [
            -0.08053892850875854,
            -0.8082398176193237,
            -0.08030571788549423
        ],
        [
            -0.08640920370817184,
            -0.8059910535812378,
            -0.07653350383043289
        ],
        [
            -0.08231950551271439,
            -0.7998369336128235,
            -0.07578790187835693
        ],
        [
            -0.07521849125623703,
            -0.8011243939399719,
            -0.07841893285512924
        ],
        [
            -0.08105781674385071,
            -0.7944838404655457,
            -0.07289576530456543
        ],
        [
            -0.07120947539806366,
            -0.7941937446594238,
            -0.07576534152030945
        ],
        [
            -0.07175320386886597,
            -0.7800136208534241,
            -0.06694906949996948
        ],
        [
            -0.07094523310661316,
            -0.7863900661468506,
            -0.07138118892908096
        ],
        [
            -0.0816885381937027,
            -0.7888287305831909,
            -0.06916183233261108
        ],
        [
            -0.08537435531616211,
            -0.7829553484916687,
            -0.06514538824558258
        ],
        [
            -0.09805348515510559,
            -0.7847961187362671,
            -0.05749239772558212
        ],
        [
            -0.10226663947105408,
            -0.782719612121582,
            -0.052995141595602036
        ],
        [
            -0.09614120423793793,
            -0.771759033203125,
            -0.05617866292595863
        ],
        [
            -0.0912368968129158,
            -0.7764804363250732,
            -0.06053818017244339
        ],
        [
            -0.1041155681014061,
            -0.8048774003982544,
            -0.06037985533475876
        ],
        [
            -0.10018306970596313,
            -0.805738091468811,
            -0.0630023181438446
        ],
        [
            -0.10248714685440063,
            -0.8066812753677368,
            -0.06423187255859375
        ],
        [
            -0.1071472018957138,
            -0.8067896366119385,
            -0.06173950433731079
        ],
        [
            -0.09711083024740219,
            -0.806114137172699,
            -0.06566692888736725
        ],
        [
            -0.09578265249729156,
            -0.8061474561691284,
            -0.06690246611833572
        ],
        [
            -0.09729646891355515,
            -0.8070892691612244,
            -0.06725376844406128
        ],
        [
            -0.0977603942155838,
            -0.806644082069397,
            -0.06590986251831055
        ],
        [
            -0.09891398251056671,
            -0.8060745000839233,
            -0.06428322941064835
        ],
        [
            -0.09917786717414856,
            -0.804114818572998,
            -0.0633203536272049
        ],
        [
            -0.09765852242708206,
            -0.8052080273628235,
            -0.06495251506567001
        ],
        [
            -0.10279212892055511,
            -0.8025143146514893,
            -0.061057545244693756
        ],
        [
            -0.11373966932296753,
            -0.7978305816650391,
            -0.05266827344894409
        ],
        [
            -0.11138962209224701,
            -0.7989174723625183,
            -0.05534878373146057
        ],
        [
            -0.1120389923453331,
            -0.8032776117324829,
            -0.05384610965847969
        ],
        [
            -0.11410394310951233,
            -0.8026260137557983,
            -0.05164022743701935
        ],
        [
            -0.09975117444992065,
            -0.8082048892974854,
            -0.06678551435470581
        ],
        [
            -0.09904071688652039,
            -0.8101715445518494,
            -0.06865005195140839
        ],
        [
            -0.10404671728610992,
            -0.8118711709976196,
            -0.06660106033086777
        ],
        [
            -0.10335423052310944,
            -0.809232234954834,
            -0.06516078114509583
        ],
        [
            -0.09820855408906937,
            -0.8122391700744629,
            -0.07121367007493973
        ],
        [
            -0.09618496149778366,
            -0.8085436820983887,
            -0.06916908919811249
        ],
        [
            -0.09458739310503006,
            -0.8094682693481445,
            -0.072055883705616
        ],
        [
            -0.09552957862615585,
            -0.8044326305389404,
            -0.06625732779502869
        ],
        [
            -0.09280931949615479,
            -0.8033360242843628,
            -0.06814348697662354
        ],
        [
            -0.09416857361793518,
            -0.8056724071502686,
            -0.06923049688339233
        ],
        [
            -0.09321004152297974,
            -0.7999907732009888,
            -0.06626802682876587
        ],
        [
            -0.09694044291973114,
            -0.8022618293762207,
            -0.06421569734811783
        ],
        [
            -0.10030251741409302,
            -0.7996997833251953,
            -0.06195324286818504
        ],
        [
            -0.10479302704334259,
            -0.797054648399353,
            -0.05908820778131485
        ],
        [
            -0.10007712244987488,
            -0.7932190895080566,
            -0.06000299006700516
        ],
        [
            -0.0959533154964447,
            -0.7964596748352051,
            -0.0635080486536026
        ],
        [
            -0.103327676653862,
            -0.8158137202262878,
            -0.0685252919793129
        ],
        [
            -0.09081859886646271,
            -0.8057047128677368,
            -0.07240746915340424
        ],
        [
            -0.0911533534526825,
            -0.8119721412658691,
            -0.07591427117586136
        ],
        [
            -0.08869177103042603,
            -0.8013179898262024,
            -0.07164042443037033
        ],
        [
            -0.08809733390808105,
            -0.7969821691513062,
            -0.06935013830661774
        ],
        [
            -0.09015820175409317,
            -0.7927641868591309,
            -0.06572385132312775
        ],
        [
            -0.09390714764595032,
            -0.7883986234664917,
            -0.061873652040958405
        ],
        [
            -0.08337363600730896,
            -0.7658394575119019,
            -0.05417949706315994
        ],
        [
            -0.07835986465215683,
            -0.7720814943313599,
            -0.060404375195503235
        ],
        [
            -0.11966491490602493,
            -0.8839351534843445,
            -0.07932925224304199
        ],
        [
            -0.11378616839647293,
            -0.8840593099594116,
            -0.08636771142482758
        ],
        [
            -0.10735809057950974,
            -0.8776317834854126,
            -0.08449956774711609
        ],
        [
            -0.10741344839334488,
            -0.8801928758621216,
            -0.08594006299972534
        ],
        [
            -0.1124287024140358,
            -0.8803304433822632,
            -0.082762211561203
        ],
        [
            -0.11123823374509811,
            -0.8776515126228333,
            -0.08180311322212219
        ],
        [
            -0.08675650507211685,
            -0.8746488094329834,
            -0.09076598286628723
        ],
        [
            -0.09306228160858154,
            -0.8750611543655396,
            -0.08812789618968964
        ],
        [
            -0.09085278958082199,
            -0.8717378377914429,
            -0.08774985373020172
        ],
        [
            -0.08417385071516037,
            -0.868455171585083,
            -0.09182165563106537
        ],
        [
            -0.09802026301622391,
            -0.8623744249343872,
            -0.08313426375389099
        ],
        [
            -0.09394209831953049,
            -0.8645950555801392,
            -0.08593785017728806
        ],
        [
            -0.0991547629237175,
            -0.8702051639556885,
            -0.08370831608772278
        ],
        [
            -0.10222533345222473,
            -0.868624746799469,
            -0.08179563283920288
        ],
        [
            -0.10523436963558197,
            -0.8674787282943726,
            -0.07909883558750153
        ],
        [
            -0.10804299265146255,
            -0.8670153617858887,
            -0.07563252747058868
        ],
        [
            -0.10599960386753082,
            -0.8619135022163391,
            -0.07553617656230927
        ],
        [
            -0.10230524837970734,
            -0.8616947531700134,
            -0.07948081195354462
        ],
        [
            -0.11619507521390915,
            -0.8807013630867004,
            -0.07724211364984512
        ],
        [
            -0.11853547394275665,
            -0.8797205090522766,
            -0.07031641900539398
        ],
        [
            -0.11646109819412231,
            -0.8769309520721436,
            -0.07125333696603775
        ],
        [
            -0.11491328477859497,
            -0.8776141405105591,
            -0.07721446454524994
        ],
        [
            -0.1140197291970253,
            -0.8713259696960449,
            -0.059609305113554
        ],
        [
            -0.11520382016897202,
            -0.8735024929046631,
            -0.061274442821741104
        ],
        [
            -0.1178991049528122,
            -0.8744457960128784,
            -0.05854085087776184
        ],
        [
            -0.11627332866191864,
            -0.8702892065048218,
            -0.05714808404445648
        ],
        [
            -0.11468285322189331,
            -0.8673943877220154,
            -0.05918771028518677
        ],
        [
            -0.11344868689775467,
            -0.869645357131958,
            -0.060914210975170135
        ],
        [
            -0.12359904497861862,
            -0.9399396777153015,
            -0.07976573705673218
        ],
        [
            -0.12913593649864197,
            -0.9212627410888672,
            -0.07796303182840347
        ],
        [
            -0.10491697490215302,
            -0.9363924264907837,
            -0.08872762322425842
        ],
        [
            -0.08880448341369629,
            -0.9290282726287842,
            -0.09308444708585739
        ],
        [
            -0.07487959414720535,
            -0.9178383350372314,
            -0.0959656834602356
        ],
        [
            -0.072473905980587,
            -0.8144122362136841,
            -0.08433381468057632
        ],
        [
            -0.06439698487520218,
            -0.8071730136871338,
            -0.0829097107052803
        ],
        [
            -0.05255745351314545,
            -0.8171837329864502,
            -0.08569136261940002
        ],
        [
            -0.046381477266550064,
            -0.8081623315811157,
            -0.08184517174959183
        ],
        [
            -0.05933045595884323,
            -0.7981141805648804,
            -0.07927644997835159
        ],
        [
            -0.05809638649225235,
            -0.7798528671264648,
            -0.06556668132543564
        ],
        [
            -0.05702827125787735,
            -0.7883843779563904,
            -0.07361496239900589
        ],
        [
            -0.041010141372680664,
            -0.7992480993270874,
            -0.0752582773566246
        ],
        [
            -0.027090512216091156,
            -0.8146811723709106,
            -0.07704278826713562
        ],
        [
            -0.035195931792259216,
            -0.8204643726348877,
            -0.08282482624053955
        ],
        [
            -0.01757928729057312,
            -0.8328357338905334,
            -0.07623732089996338
        ],
        [
            -0.017166689038276672,
            -0.8091130256652832,
            -0.06861051917076111
        ],
        [
            -0.010740451514720917,
            -0.8334288001060486,
            -0.07013105601072311
        ],
        [
            -0.021620512008666992,
            -0.7735865712165833,
            -0.05586047098040581
        ],
        [
            -0.01663019508123398,
            -0.7639284133911133,
            -0.05578455328941345
        ],
        [
            -0.0008115079253911972,
            -0.7729136943817139,
            -0.06068023666739464
        ],
        [
            -0.005912017077207565,
            -0.7830194234848022,
            -0.06163415312767029
        ],
        [
            -0.04384838789701462,
            -0.8268967866897583,
            -0.08681254833936691
        ],
        [
            -0.06380750238895416,
            -0.8873190879821777,
            -0.094902902841568
        ],
        [
            -0.07542504370212555,
            -0.8844337463378906,
            -0.09526433050632477
        ],
        [
            -0.056891798973083496,
            -0.875521183013916,
            -0.0952029898762703
        ],
        [
            -0.05934669077396393,
            -0.9494373798370361,
            -0.09212285280227661
        ],
        [
            -0.07612112164497375,
            -0.9409509897232056,
            -0.09432803839445114
        ],
        [
            -0.06376650929450989,
            -0.9275983572006226,
            -0.09676846861839294
        ],
        [
            -0.049660176038742065,
            -0.9373533725738525,
            -0.09531181305646896
        ],
        [
            -0.08561250567436218,
            -0.9797390699386597,
            -0.07160808145999908
        ],
        [
            -0.10640750825405121,
            -0.9618834257125854,
            -0.0786658525466919
        ],
        [
            -0.09225338697433472,
            -0.9532595872879028,
            -0.08686154335737228
        ],
        [
            -0.07462169229984283,
            -0.9670337438583374,
            -0.0825866311788559
        ],
        [
            -0.03727847337722778,
            -0.9422163963317871,
            -0.09213694930076599
        ],
        [
            -0.020857855677604675,
            -0.9474532604217529,
            -0.08603224158287048
        ],
        [
            -0.01991012692451477,
            -0.9641969799995422,
            -0.08042378723621368
        ],
        [
            -0.040695056319236755,
            -0.959296464920044,
            -0.08664827048778534
        ],
        [
            -0.0228387713432312,
            -0.9850091934204102,
            -0.06752663105726242
        ],
        [
            -0.048390842974185944,
            -0.9796416759490967,
            -0.07573289424180984
        ],
        [
            0.0006269589066505432,
            -0.8214753866195679,
            -0.06415637582540512
        ],
        [
            -0.0005151703953742981,
            -0.8407960534095764,
            -0.06478895992040634
        ],
        [
            -0.013172868639230728,
            -0.7945995330810547,
            -0.06333388388156891
        ],
        [
            0.002944488078355789,
            -0.8054325580596924,
            -0.06293316930532455
        ],
        [
            -0.028343647718429565,
            -1.0000178813934326,
            -0.049425214529037476
        ],
        [
            -0.058614492416381836,
            -0.9947378039360046,
            -0.05987025797367096
        ],
        [
            0.02525170147418976,
            -0.9364461898803711,
            -0.05775875598192215
        ],
        [
            0.014301672577857971,
            -0.9520190954208374,
            -0.06350480020046234
        ],
        [
            0.005673304200172424,
