{
    "pred_cam": [
        1.5418236255645752,
        0.03812260180711746,
        0.3597359359264374
    ],
    "pred_smpl_params": {
        "global_orient": [
            [
                [
                    0.04319648817181587,
                    0.0431545153260231,
                    -0.9981340765953064
                ],
                [
                    0.1770799458026886,
                    -0.9835788607597351,
                    -0.03486168012022972
                ],
                [
                    -0.9832479953765869,
                    -0.17524363100528717,
                    -0.05012895166873932
                ]
            ]
        ],
        "body_pose": [
            [
                [
                    0.9825477600097656,
                    0.13552246987819672,
                    0.12741103768348694
                ],
                [
                    -0.13999922573566437,
                    0.9897882342338562,
                    0.02682165801525116
                ],
                [
                    -0.12247501313686371,
                    -0.04419100657105446,
                    0.9914872646331787
                ]
            ],
            [
                [
                    0.9934033751487732,
                    0.11465668678283691,
                    -0.0018997099250555038
                ],
                [
                    -0.11459816992282867,
                    0.9932199120521545,
                    0.019534187391400337
                ],
                [
                    0.004126554820686579,
                    -0.019187623634934425,
                    0.9998074769973755
                ]
            ],
            [
                [
                    0.9969314336776733,
                    -0.07713355123996735,
                    -0.013345992192626
                ],
                [
                    0.07469047605991364,
                    0.9883283376693726,
                    -0.13277243077754974
                ],
                [
                    0.023431427776813507,
                    0.13136819005012512,
                    0.9910567402839661
                ]
            ],
            [
                [
                    0.9792065024375916,
                    0.19830679893493652,
                    0.04276718199253082
                ],
                [
                    -0.1891164481639862,
                    0.968614399433136,
                    -0.1613103598356247
                ],
                [
                    -0.07341385632753372,
                    0.1498681753873825,
                    0.9859765768051147
                ]
            ],
            [
                [
                    0.9913800358772278,
                    0.07348857074975967,
                    0.10846687108278275
                ],
                [
                    -0.06435168534517288,
                    0.9942610263824463,
                    -0.08546246588230133
                ],
                [
                    -0.11412490159273148,
                    0.07774575799703598,
                    0.9904196262359619
                ]
            ],
            [
                [
                    0.9984010457992554,
                    -0.056160617619752884,
                    0.006418140139430761
                ],
                [
                    0.05599185824394226,
                    0.9981429576873779,
                    0.023992817848920822
                ],
                [
                    -0.007753672078251839,
                    -0.023595094680786133,
                    0.9996914863586426
                ]
            ],
            [
                [
                    0.9802441596984863,
                    0.026792561635375023,
                    0.1959678679704666
                ],
                [
                    -0.03266645222902298,
                    0.9991068243980408,
                    0.026802852749824524
                ],
                [
                    -0.19507473707199097,
                    -0.03267492726445198,
                    0.9802438616752625
                ]
            ],
            [
                [
                    0.981395423412323,
                    -0.022532295435667038,
                    -0.19067081809043884
                ],
                [
                    0.02037707529962063,
                    0.9997044801712036,
                    -0.013256720267236233
                ],
                [
                    0.19091317057609558,
                    0.009124770760536194,
                    0.9815645217895508
                ]
            ],
            [
                [
                    0.9998764991760254,
                    -0.013121448457241058,
                    -0.008648587390780449
                ],
                [
                    0.012631037272512913,
                    0.9984334111213684,
                    -0.05450768768787384
                ],
                [
                    0.009350258857011795,
                    0.05439171567559242,
                    0.9984758496284485
                ]
            ],
            [
                [
                    0.9967824816703796,
                    -0.08015240728855133,
                    0.000570171803701669
                ],
                [
                    0.08015255630016327,
                    0.9967826008796692,
                    -0.00018970573728438467
                ],
                [
                    -0.0005531319184228778,
                    0.0002347960544284433,
                    0.9999998807907104
                ]
            ],
            [
                [
                    0.9981592893600464,
                    0.060629356652498245,
                    -0.001477275975048542
                ],
                [
                    -0.06038876622915268,
                    0.9958552122116089,
                    0.06801144033670425
                ],
                [
                    0.005594643764197826,
                    -0.06779703497886658,
                    0.9976834654808044
                ]
            ],
            [
                [
                    0.9994662404060364,
                    -0.025877363979816437,
                    0.019941290840506554
                ],
                [
                    0.026303822174668312,
                    0.9994242191314697,
                    -0.021428531035780907
                ],
                [
                    -0.01937529817223549,
                    0.021941624581813812,
                    0.9995714426040649
                ]
            ],
            [
                [
                    0.9417756795883179,
                    0.3140201270580292,
                    -0.12020735442638397
                ],
                [
                    -0.31946781277656555,
                    0.9471654295921326,
                    -0.02860078029334545
                ],
                [
                    0.10487502068281174,
                    0.0653379037976265,
                    0.9923366904258728
                ]
            ],
            [
                [
                    0.936143159866333,
                    -0.26826563477516174,
                    0.22730933129787445
                ],
                [
                    0.2736901044845581,
                    0.9617853164672852,
                    0.007922260090708733
                ],
                [
                    -0.22074803709983826,
                    0.05479595065116882,
                    0.9737904071807861
                ]
            ],
            [
                [
                    0.9995343089103699,
                    -0.004342312924563885,
                    -0.03020644560456276
                ],
                [
                    -0.005691863130778074,
                    0.9459282755851746,
                    -0.32432591915130615
                ],
                [
                    0.029981456696987152,
                    0.32434678077697754,
                    0.9454630613327026
                ]
            ],
            [
                [
                    0.526962161064148,
                    0.8162003755569458,
                    -0.23691290616989136
                ],
                [
                    -0.8381117582321167,
                    0.5453067421913147,
                    0.014462563209235668
                ],
                [
                    0.14099456369876862,
                    0.1909382939338684,
                    0.9714231491088867
                ]
            ],
            [
                [
                    0.5260198712348938,
                    -0.7348777055740356,
                    0.4280862510204315
                ],
                [
                    0.8061735033988953,
                    0.5911818146705627,
                    0.024254366755485535
                ],
                [
                    -0.27090078592300415,
                    0.3323535621166229,
                    0.9034123420715332
                ]
            ],
            [
                [
                    0.9317272901535034,
                    -0.0148291802033782,
                    -0.3628559410572052
                ],
                [
                    -0.03344675898551941,
                    0.99141526222229,
                    -0.12640047073364258
                ],
                [
                    0.3616153299808502,
                    0.12990711629390717,
                    0.9232326745986938
                ]
            ],
            [
                [
                    0.843262255191803,
                    0.0028594862669706345,
                    0.5374946594238281
                ],
                [
                    0.11628041416406631,
                    0.975334882736206,
                    -0.18761827051639557
                ],
                [
                    -0.5247738361358643,
                    0.22071151435375214,
                    0.822130560874939
                ]
            ],
            [
                [
                    0.9992761611938477,
                    0.03186090663075447,
                    -0.020784780383110046
                ],
                [
                    -0.03076249174773693,
                    0.9982153177261353,
                    0.0511828251183033
                ],
                [
                    0.02237842231988907,
                    -0.050506386905908585,
                    0.9984728693962097
                ]
            ],
            [
                [
                    0.9982274174690247,
                    -0.01408116240054369,
                    0.057825420051813126
                ],
                [
                    0.012169989757239819,
                    0.9993723630905151,
                    0.033270806074142456
                ],
                [
                    -0.058257605880498886,
                    -0.03250809386372566,
                    0.9977722764015198
                ]
            ],
            [
                [
                    0.9812396764755249,
                    0.172231525182724,
                    -0.08663174510002136
                ],
                [
                    -0.15738514065742493,
                    0.9751344919204712,
                    0.1560211330652237
                ],
                [
                    0.11134936660528183,
                    -0.13945956528186798,
                    0.9839473366737366
                ]
            ],
            [
                [
                    0.9840887784957886,
                    -0.16920922696590424,
                    0.05419846996665001
                ],
                [
                    0.15811142325401306,
                    0.9731408953666687,
                    0.16732463240623474
                ],
                [
                    -0.08105562627315521,
                    -0.15609291195869446,
                    0.9844109416007996
                ]
            ]
        ],
        "betas": [
            -0.1666501760482788,
            0.1663479059934616,
            0.4627549350261688,
            0.9339786767959595,
            0.11703598499298096,
            0.1931946873664856,
            -0.05687636137008667,
            -0.004977762699127197,
            0.050122082233428955,
            -0.05086791515350342
        ]
    },
    "pred_cam_t": [
        0.03812260180711746,
        0.3597359359264374,
        25.33525848388672
    ],
    "focal_length": [
        5000.0,
        5000.0
    ],
    "pred_keypoints_3d": [
        [
            -0.17834806442260742,
            -0.8147432804107666,
            -0.024501098319888115
        ],
        [
            -0.0016628839075565338,
            -0.7474846839904785,
            -0.019418764859437943
        ],
        [
            -0.010926427319645882,
            -0.6596876382827759,
            0.16217267513275146
        ],
        [
            -0.04325689375400543,
            -0.42131146788597107,
            0.22599171102046967
        ],
        [
            -0.17906171083450317,
            -0.21567010879516602,
            0.1838681399822235
        ],
        [
            0.00177790317684412,
            -0.6467229723930359,
            -0.19301661849021912
        ],
        [
            0.026109524071216583,
            -0.39595940709114075,
            -0.2371266484260559
        ],
        [
            -0.06053929030895233,
            -0.1678839921951294,
            -0.2505318820476532
        ],
        [
            -0.002405984327197075,
            -0.23145604133605957,
            0.025464564561843872
        ],
        [
            -0.00352249713614583,
            -0.15416768193244934,
            0.10555574297904968
        ],
        [
            -0.022813059389591217,
            0.19368767738342285,
            0.24886168539524078
        ],
        [
            0.023272939026355743,
            0.5589142441749573,
            0.37827736139297485
        ],
        [
            0.004505995195358992,
            -0.12962275743484497,
            -0.023889999836683273
        ],
        [
            -0.021726757287979126,
            0.22890597581863403,
            0.05622854456305504
        ],
        [
            0.02676045149564743,
            0.5502377152442932,
            0.2717505693435669
        ],
        [
            -0.15889032185077667,
            -0.8636660575866699,
            0.008278721943497658
        ],
        [
            -0.16079409420490265,
            -0.8629560470581055,
            -0.05801650509238243
        ],
        [
            -0.0643167793750763,
            -0.8801829814910889,
            0.0476343110203743
        ],
        [
            -0.06849368661642075,
            -0.8788119554519653,
            -0.09955012053251266
        ],
        [
            -0.1518009752035141,
            0.6359127163887024,
            0.2421605885028839
        ],
        [
            -0.0815839022397995,
            0.6603556871414185,
            0.20445096492767334
        ],
        [
            0.08374834805727005,
            0.5716284513473511,
            0.30190184712409973
        ],
        [
            -0.16800402104854584,
            0.611636221408844,
            0.39063385128974915
        ],
        [
            -0.12139762938022614,
            0.5900511741638184,
            0.46177375316619873
        ],
        [
            0.08088899403810501,
            0.5964016914367676,
            0.39728543162345886
        ],
        [
            0.04866829141974449,
            0.5034099221229553,
            0.381472110748291
        ],
        [
            -0.02157074771821499,
            0.1316661387681961,
            0.224858358502388
        ],
        [
            -0.00012653134763240814,
            -0.28779739141464233,
            0.15794602036476135
        ],
        [
            0.026052825152873993,
            -0.22066956758499146,
            -0.11559221148490906
        ],
        [
            -0.017757784575223923,
            0.19176706671714783,
            0.032168909907341
        ],
        [
            0.05218863859772682,
            0.5200448632240295,
            0.25341832637786865
        ],
        [
            -0.1866644322872162,
            -0.24747151136398315,
            0.16556958854198456
        ],
        [
            -0.07011327147483826,
            -0.445564329624176,
            0.23868253827095032
        ],
        [
            -0.006557929795235395,
            -0.6899340152740479,
            0.12718234956264496
        ],
        [
            0.008437041193246841,
            -0.6796509623527527,
            -0.16548149287700653
        ],
        [
            -0.007318037562072277,
            -0.42018041014671326,
            -0.2645723521709442
        ],
        [
            -0.0716160237789154,
            -0.18516811728477478,
            -0.25379085540771484
        ],
        [
            -0.010415402241051197,
            -0.7402335405349731,
            -0.0231915470212698
        ],
        [
            -0.09889993071556091,
            -0.9247812032699585,
            -0.02864159271121025
        ],
        [
            0.012608136981725693,
            -0.2547939717769623,
            0.020645640790462494
        ],
        [
            -0.0011817757040262222,
            -0.6829991340637207,
            -0.017943592742085457
        ],
        [
            0.028403814882040024,
            -0.5046689510345459,
            -0.008410371840000153
        ],
        [
            -0.09904126077890396,
            -0.8110952377319336,
            -0.03142394497990608
        ],
        [
            -0.09657219797372818,
            -0.9450008273124695,
            -0.024794207885861397
        ]
    ],
    "pred_vertices": [
        [
            -0.17582400143146515,
            -0.9079122543334961,
            -0.06996719539165497
        ],
        [
            -0.17798736691474915,
            -0.8919225931167603,
            -0.06401391327381134
        ],
        [
            -0.16832973062992096,
            -0.8911784887313843,
            -0.07488247007131577
        ],
        [
            -0.16270017623901367,
            -0.9040153622627258,
            -0.08067889511585236
        ],
        [
            -0.17109331488609314,
            -0.8807125687599182,
            -0.07098373770713806
        ],
        [
            -0.1777140498161316,
            -0.8800292015075684,
            -0.06110915541648865
        ],
        [
            -0.15653792023658752,
            -0.8882321119308472,
            -0.08172094821929932
        ],
        [
            -0.14889958500862122,
            -0.8974452018737793,
            -0.08713193982839584
        ],
        [
            -0.1352328062057495,
            -0.8573207855224609,
            -0.0871649906039238
        ],
        [
            -0.12503407895565033,
            -0.8557142019271851,
            -0.09133344888687134
        ],
        [
            -0.1301678717136383,
            -0.8669095039367676,
            -0.09137154370546341
        ],
        [
            -0.13884389400482178,
            -0.8657064437866211,
            -0.08606565743684769
        ],
        [
            -0.12428774684667587,
            -0.8334723114967346,
            -0.08581778407096863
        ],
        [
            -0.1292179524898529,
            -0.8223549127578735,
            -0.07955177128314972
        ],
        [
            -0.1173485592007637,
            -0.8163919448852539,
            -0.08203090727329254
        ],
        [
            -0.11125782877206802,
            -0.8274569511413574,
            -0.08712314069271088
        ],
        [
            -0.1552676260471344,
            -0.8292118310928345,
            -0.04703952372074127
        ],
        [
            -0.15242880582809448,
            -0.8231927156448364,
            -0.05254966393113136
        ],
        [
            -0.15369904041290283,
            -0.8298207521438599,
            -0.056453343480825424
        ],
        [
            -0.15596580505371094,
            -0.8351895809173584,
            -0.05031052976846695
        ],
        [
            -0.1639658808708191,
            -0.8369036912918091,
            -0.03830834850668907
        ],
        [
            -0.1623702347278595,
            -0.8431072235107422,
            -0.03943675756454468
        ],
        [
            -0.16849270462989807,
            -0.8453419208526611,
            -0.03477306663990021
        ],
        [
            -0.17087838053703308,
            -0.8381520509719849,
            -0.03449387103319168
        ],
        [
            -0.15372686088085175,
            -0.824184238910675,
            -0.041619665920734406
        ],
        [
            -0.1504649519920349,
            -0.8180092573165894,
            -0.04748737812042236
        ],
        [
            -0.15839818120002747,
            -0.8342649340629578,
            -0.042463548481464386
        ],
        [
            -0.1591862440109253,
            -0.8293516635894775,
            -0.04073801636695862
        ],
        [
            -0.16752582788467407,
            -0.8205894827842712,
            -0.0378042496740818
        ],
        [
            -0.16749081015586853,
            -0.8254886865615845,
            -0.039357710629701614
        ],
        [
            -0.17439419031143188,
            -0.8245930671691895,
            -0.036208659410476685
        ],
        [
            -0.1722181737422943,
            -0.8195487260818481,
            -0.034816667437553406
        ],
        [
            -0.1581827700138092,
            -0.822487473487854,
            -0.0406804233789444
        ],
        [
            -0.1617857962846756,
            -0.8245214223861694,
            -0.04121435433626175
        ],
        [
            -0.16295675933361053,
            -0.8202655911445618,
            -0.038840413093566895
        ],
        [
            -0.1592031866312027,
            -0.8191130757331848,
            -0.03738788515329361
        ],
        [
            -0.16540533304214478,
            -0.8318798542022705,
            -0.03780588507652283
        ],
        [
            -0.1728038787841797,
            -0.8317577838897705,
            -0.03501188009977341
        ],
        [
            -0.18004238605499268,
            -0.8310953378677368,
            -0.031183890998363495
        ],
        [
            -0.1809506118297577,
            -0.8221502900123596,
            -0.031945496797561646
        ],
        [
            -0.1421925127506256,
            -0.8119245767593384,
            -0.06335543096065521
        ],
        [
            -0.14825809001922607,
            -0.8173432946205139,
            -0.058509789407253265
        ],
        [
            -0.14703847467899323,
            -0.8126642107963562,
            -0.053311362862586975
        ],
        [
            -0.14266341924667358,
            -0.8081479072570801,
            -0.05803598463535309
        ],
        [
            -0.15497389435768127,
            -0.8171553611755371,
            -0.03843779116868973
        ],
        [
            -0.15033474564552307,
            -0.8018718957901001,
            -0.04205077886581421
        ],
        [
            -0.151730477809906,
            -0.8055054545402527,
            -0.042391132563352585
        ],
        [
            -0.15577565133571625,
            -0.8052055835723877,
            -0.03646695613861084
        ],
        [
            -0.15432371199131012,
            -0.8018431067466736,
            -0.036764685064554214
        ],
        [
            -0.12927362322807312,
            -0.8007699847221375,
            -0.06822919100522995
        ],
        [
            -0.133345365524292,
            -0.798420786857605,
            -0.06257198750972748
        ],
        [
            -0.12865033745765686,
            -0.7926158308982849,
            -0.06292274594306946
        ],
        [
            -0.12294859439134598,
            -0.7941592931747437,
            -0.06794500350952148
        ],
        [
            -0.12596867978572845,
            -0.7874720096588135,
            -0.06039096415042877
        ],
        [
            -0.11770956963300705,
            -0.7876834869384766,
            -0.06646575033664703
        ],
        [
            -0.11404623091220856,
            -0.7742254734039307,
            -0.05719591677188873
        ],
        [
            -0.11528009921312332,
            -0.7803256511688232,
            -0.061969999223947525
        ],
        [
            -0.12482580542564392,
            -0.7820800542831421,
            -0.056318409740924835
        ],
        [
            -0.12636512517929077,
            -0.7763564586639404,
            -0.05093986168503761
        ],
        [
            -0.13565146923065186,
            -0.7783362865447998,
            -0.03936174511909485
        ],
        [
            -0.13788972795009613,
            -0.7764240503311157,
            -0.033537380397319794
        ],
        [
            -0.13231147825717926,
            -0.7655408382415771,
            -0.03804444894194603
        ],
        [
            -0.12967818975448608,
            -0.7699384689331055,
            -0.04422145336866379
        ],
        [
            -0.14422693848609924,
            -0.797730565071106,
            -0.04110916703939438
        ],
        [
            -0.14156605303287506,
            -0.7985775470733643,
            -0.04499708488583565
        ],
        [
            -0.14423054456710815,
            -0.7992846965789795,
            -0.04539500176906586
        ],
        [
            -0.1477142870426178,
            -0.7993361353874207,
            -0.041442081332206726
        ],
        [
            -0.13964179158210754,
            -0.7988826036453247,
            -0.048638954758644104
        ],
        [
            -0.1388201117515564,
            -0.7989069819450378,
            -0.05025887489318848
        ],
        [
            -0.14046983420848846,
            -0.7997304797172546,
            -0.05010459944605827
        ],
        [
            -0.14034238457679749,
            -0.7993887066841125,
            -0.048701487481594086
        ],
        [
            -0.14080025255680084,
            -0.7988803386688232,
            -0.046743281185626984
        ],
        [
            -0.14052873849868774,
            -0.7969606518745422,
            -0.0456228032708168
        ],
        [
            -0.1398085355758667,
            -0.7979828119277954,
            -0.047726184129714966
        ],
        [
            -0.14297448098659515,
            -0.7953214645385742,
            -0.042149946093559265
        ],
        [
            -0.14988893270492554,
            -0.7909575700759888,
            -0.03006315790116787
        ],
        [
            -0.14867550134658813,
            -0.7917811870574951,
            -0.033497393131256104
        ],
        [
            -0.1491716504096985,
            -0.7962894439697266,
            -0.032137952744960785
        ],
        [
            -0.15029731392860413,
            -0.7958442568778992,
            -0.02929491177201271
        ],
        [
            -0.14271458983421326,
            -0.8008588552474976,
            -0.04887619614601135
        ],
        [
            -0.14293435215950012,
            -0.8025559186935425,
            -0.05099857598543167
        ],
        [
            -0.14708729088306427,
            -0.8041120171546936,
            -0.047447726130485535
        ],
        [
            -0.14565828442573547,
            -0.8016581535339355,
            -0.04614924639463425
        ],
        [
            -0.14315375685691833,
            -0.804458737373352,
            -0.053868189454078674
        ],
        [
            -0.14022882282733917,
            -0.8010703325271606,
            -0.052388548851013184
        ],
        [
            -0.13981379568576813,
            -0.8019063472747803,
            -0.05569959059357643
        ],
        [
            -0.1381785273551941,
            -0.7972389459609985,
            -0.049638524651527405
        ],
        [
            -0.13615888357162476,
            -0.7961584329605103,
            -0.05230991914868355
        ],
        [
            -0.13804684579372406,
            -0.79832923412323,
            -0.052979975938797
        ],
        [
            -0.135576069355011,
            -0.792921781539917,
            -0.050205789506435394
        ],
        [
            -0.13860231637954712,
            -0.7951253652572632,
            -0.0471152737736702
        ],
        [
            -0.14072924852371216,
            -0.7925244569778442,
            -0.043671175837516785
        ],
        [
            -0.14363908767700195,
            -0.7898997068405151,
            -0.039240360260009766
        ],
        [
            -0.139151930809021,
            -0.7862988114356995,
            -0.04149363189935684
        ],
        [
            -0.1368720829486847,
            -0.7894473075866699,
            -0.04644490033388138
        ],
        [
            -0.1474463939666748,
            -0.8080438375473022,
            -0.049709394574165344
        ],
        [
            -0.13604053854942322,
            -0.7982367873191833,
            -0.0571528784930706
        ],
        [
            -0.13811932504177094,
            -0.8041493892669678,
            -0.06068883091211319
        ],
        [
            -0.13334181904792786,
            -0.794063925743103,
            -0.05692099779844284
        ],
        [
            -0.13156363368034363,
            -0.7899514436721802,
            -0.05471988394856453
        ],
        [
            -0.13190585374832153,
            -0.7857909202575684,
            -0.050380952656269073
        ],
        [
            -0.13360965251922607,
            -0.7817103266716003,
            -0.045151300728321075
        ],
        [
            -0.11918552964925766,
            -0.7606548070907593,
            -0.04034315049648285
        ],
        [
            -0.1172538697719574,
            -0.766426682472229,
            -0.048372961580753326
        ],
        [
            -0.17272022366523743,
            -0.873706042766571,
            -0.05870165675878525
        ],
        [
            -0.1695554107427597,
            -0.8737055063247681,
            -0.06732974201440811
        ],
        [
            -0.16234001517295837,
            -0.8678576946258545,
            -0.06737172603607178
        ],
        [
            -0.1630919873714447,
            -0.8701516389846802,
            -0.06892701238393784
        ],
        [
            -0.16676990687847137,
            -0.870364785194397,
            -0.06417018920183182
        ],
        [
            -0.16507688164710999,
            -0.867794930934906,
            -0.06354305148124695
        ],
        [
            -0.14490187168121338,
            -0.8657940626144409,
            -0.0803053081035614
        ],
        [
            -0.14990636706352234,
            -0.8660113215446472,
            -0.07561536878347397
        ],
        [
            -0.14740709960460663,
            -0.8628783226013184,
            -0.07576768100261688
        ],
        [
            -0.14226260781288147,
            -0.8596298694610596,
            -0.08173289895057678
        ],
        [
            -0.15162301063537598,
            -0.853485643863678,
            -0.06827985495328903
        ],
        [
            -0.14897802472114563,
            -0.8557121157646179,
            -0.07252169400453568
        ],
        [
            -0.15358582139015198,
            -0.8611512184143066,
            -0.06903056800365448
        ],
        [
            -0.1556595116853714,
            -0.8595419526100159,
            -0.06606191396713257
        ],
        [
            -0.15739603340625763,
            -0.8584863543510437,
            -0.06237342953681946
        ],
        [
            -0.15884673595428467,
            -0.8581669926643372,
            -0.058093685656785965
        ],
        [
            -0.15641069412231445,
            -0.8532642722129822,
            -0.05839305743575096
        ],
        [
            -0.1542665958404541,
            -0.8528832793235779,
            -0.06336182355880737
        ],
        [
            -0.1684085875749588,
            -0.8710067272186279,
            -0.057815417647361755
        ],
        [
            -0.16809970140457153,
            -0.8705390691757202,
            -0.05042915791273117
        ],
        [
            -0.16613081097602844,
            -0.8678985834121704,
            -0.05187291279435158
        ],
        [
            -0.16680490970611572,
            -0.8680710792541504,
            -0.05802608281373978
        ],
        [
            -0.15922892093658447,
            -0.8636929988861084,
            -0.041308123618364334
        ],
        [
            -0.16112852096557617,
            -0.8656260967254639,
            -0.0426216721534729
        ],
        [
            -0.16280680894851685,
            -0.8666536211967468,
            -0.0391579195857048
        ],
        [
            -0.16040833294391632,
            -0.8627178072929382,
            -0.038105279207229614
        ],
        [
            -0.159300297498703,
            -0.8597713708877563,
            -0.04039089381694794
        ],
        [
            -0.15893219411373138,
            -0.8619347810745239,
            -0.04260655492544174
        ],
        [
            -0.18185684084892273,
            -0.9290428161621094,
            -0.06148788705468178
        ],
        [
            -0.18455363810062408,
            -0.9105312824249268,
            -0.05658499523997307
        ],
        [
            -0.16715221107006073,
            -0.9258236885070801,
            -0.076014444231987
        ],
        [
            -0.1530386060476303,
            -0.9189791679382324,
            -0.085257887840271
        ],
        [
            -0.13990521430969238,
            -0.9084325432777405,
            -0.09234371036291122
        ],
        [
            -0.12368910014629364,
            -0.8071413040161133,
            -0.07519707083702087
        ],
        [
            -0.1149132177233696,
            -0.800586462020874,
            -0.07620057463645935
        ],
        [
            -0.1058429405093193,
            -0.8111312389373779,
            -0.08361902832984924
        ],
        [
            -0.09785290062427521,
            -0.8028265237808228,
            -0.08169540762901306
        ],
        [
            -0.10813142359256744,
            -0.7921667098999023,
            -0.07402781397104263
        ],
        [
            -0.10087250918149948,
            -0.775283932685852,
            -0.06073863059282303
        ],
        [
            -0.10323206335306168,
            -0.7832040786743164,
            -0.06905662268400192
        ],
        [
            -0.08976058661937714,
            -0.794741153717041,
            -0.0770493894815445
        ],
        [
            -0.0787324383854866,
            -0.8109474182128906,
            -0.08460082858800888
        ],
        [
            -0.08900393545627594,
            -0.8158537149429321,
            -0.08743935078382492
        ],
        [
            -0.07107628136873245,
            -0.8297717571258545,
            -0.08825862407684326
        ],
        [
            -0.06606325507164001,
            -0.806716799736023,
            -0.08014364540576935
        ],
        [
            -0.062456823885440826,
            -0.831243097782135,
            -0.08522738516330719
        ],
        [
            -0.06303118169307709,
            -0.7724306583404541,
            -0.06459672749042511
        ],
        [
            -0.05756388232111931,
            -0.7632626891136169,
            -0.06588403135538101
        ],
        [
            -0.04459734261035919,
            -0.7725952863693237,
            -0.07619424909353256
        ],
        [
            -0.050722748041152954,
            -0.7820940017700195,
            -0.07578140497207642
        ],
        [
            -0.09901934862136841,
            -0.8214084506034851,
            -0.08848848938941956
        ],
        [
            -0.12617617845535278,
            -0.879288911819458,
            -0.09315046668052673
        ],
        [
            -0.1369781196117401,
            -0.8757401704788208,
            -0.08910924941301346
        ],
        [
            -0.11854616552591324,
            -0.8680220246315002,
            -0.0950903668999672
        ],
        [
            -0.12727797031402588,
            -0.940904974937439,
            -0.09592396020889282
        ],
        [
            -0.14268353581428528,
            -0.9314945340156555,
            -0.09185907989740372
        ],
        [
            -0.1307881623506546,
            -0.9188879132270813,
            -0.09739342331886292
        ],
        [
            -0.11818037182092667,
            -0.9294378757476807,
            -0.10182315111160278
        ],
        [
            -0.14779315888881683,
            -0.9709610939025879,
            -0.06949736177921295
        ],
        [
            -0.16774556040763855,
            -0.9514898657798767,
            -0.06792446970939636
        ],
        [
            -0.1566295027732849,
            -0.9434030055999756,
            -0.08016923069953918
        ],
        [
            -0.14002805948257446,
            -0.9581431150436401,
            -0.08273546397686005
        ],
        [
            -0.10596831142902374,
            -0.935302734375,
            -0.10345602035522461
        ],
        [
            -0.08920976519584656,
            -0.9422830939292908,
            -0.10373055189847946
        ],
        [
            -0.08827671408653259,
            -0.9595145583152771,
            -0.10017206519842148
        ],
        [
            -0.10923579335212708,
            -0.9524979591369629,
            -0.09840551018714905
        ],
        [
            -0.08860747516155243,
            -0.9810411930084229,
            -0.08860763162374496
        ],
        [
            -0.11477619409561157,
            -0.9731439352035522,
            -0.08681061863899231
        ],
        [
            -0.048715025186538696,
            -0.8207682371139526,
            -0.08247300982475281
        ],
        [
            -0.05176420509815216,
            -0.839863657951355,
            -0.08377263695001602
        ],
        [
            -0.05911843851208687,
            -0.7929410338401794,
            -0.07556499540805817
        ],
        [
            -0.0446251779794693,
            -0.8047539591789246,
            -0.08108529448509216
        ],
        [
            -0.08926965296268463,
            -0.9976253509521484,
            -0.07091061770915985
        ],
        [
            -0.12045608460903168,
            -0.9889684915542603,
            -0.06939443200826645
        ],
        [
            -0.03503209352493286,
            -0.9368943572044373,
            -0.09298074245452881
        ],
        [
            -0.049212440848350525,
            -0.9510678052902222,
            -0.09553923457860947
        ],
        [
