{
    "pred_cam": [
        2.167820453643799,
        0.06037675589323044,
        0.5370379686355591
    ],
    "pred_smpl_params": {
        "global_orient": [
            [
                [
                    0.9792710542678833,
                    0.14245615899562836,
                    -0.14399437606334686
                ],
                [
                    0.10301726311445236,
                    -0.9623626470565796,
                    -0.2514866888523102
                ],
                [
                    -0.17440064251422882,
                    0.2314397394657135,
                    -0.9570893049240112
                ]
            ]
        ],
        "body_pose": [
            [
                [
                    0.980120837688446,
                    -0.18748344480991364,
                    -0.06490814685821533
                ],
                [
                    0.16555491089820862,
                    0.5925570726394653,
                    0.7883322834968567
                ],
                [
                    -0.1093374565243721,
                    -0.7834067344665527,
                    0.6118163466453552
                ]
            ],
            [
                [
                    0.958127498626709,
                    0.24947841465473175,
                    0.14054222404956818
                ],
                [
                    -0.2603324055671692,
                    0.5545603632926941,
                    0.7903731465339661
                ],
                [
                    0.11924190074205399,
                    -0.7938660383224487,
                    0.5962868332862854
                ]
            ],
            [
                [
                    0.9994211196899414,
                    -0.014730413444340229,
                    -0.030667010694742203
                ],
                [
                    -0.004370508715510368,
                    0.8383471369743347,
                    -0.5451192259788513
                ],
                [
                    0.03373943269252777,
                    0.5449376702308655,
                    0.8377974629402161
                ]
            ],
            [
                [
                    0.9741114377975464,
                    0.13212133944034576,
                    -0.18344196677207947
                ],
                [
                    -0.08089078962802887,
                    -0.5540157556533813,
                    -0.8285670280456543
                ],
                [
                    -0.21110112965106964,
                    0.8219552636146545,
                    -0.5289856791496277
                ]
            ],
            [
                [
                    0.9667084217071533,
                    -0.09865942597389221,
                    0.23609566688537598
                ],
                [
                    0.14237543940544128,
                    -0.5592658519744873,
                    -0.8166707158088684
                ],
                [
                    0.21261250972747803,
                    0.8230966329574585,
                    -0.5266003012657166
                ]
            ],
            [
                [
                    0.9998297095298767,
                    -0.01632634736597538,
                    -0.008600384928286076
                ],
                [
                    0.015859581530094147,
                    0.9985315799713135,
                    -0.05179927870631218
                ],
                [
                    0.009433449245989323,
                    0.05165405943989754,
                    0.9986204504966736
                ]
            ],
            [
                [
                    0.9689890146255493,
                    -0.18867120146751404,
                    0.15957309305667877
                ],
                [
                    0.0987154170870781,
                    0.8875674605369568,
                    0.4499770402908325
                ],
                [
                    -0.2265295535326004,
                    -0.4202704429626465,
                    0.8786678910255432
                ]
            ],
            [
                [
                    0.9672927856445312,
                    0.14584830403327942,
                    -0.2075403481721878
                ],
                [
                    -0.0505543127655983,
                    0.9126033782958984,
                    0.40570831298828125
                ],
                [
                    0.2485739141702652,
                    -0.3819466531276703,
                    0.8901278972625732
                ]
            ],
            [
                [
                    0.9993128180503845,
                    -0.012095615267753601,
                    -0.035038162022829056
                ],
                [
                    0.01084560714662075,
                    0.9993054866790771,
                    -0.035648807883262634
                ],
                [
                    0.03544502332806587,
                    0.03524429723620415,
                    0.9987499713897705
                ]
            ],
            [
                [
                    0.9955176711082458,
                    -0.022432034835219383,
                    0.09187684953212738
                ],
                [
                    -0.002379673533141613,
                    0.9652153253555298,
                    0.26144513487815857
                ],
                [
                    -0.09454569965600967,
                    -0.26049187779426575,
                    0.9608355164527893
                ]
            ],
            [
                [
                    0.9951045513153076,
                    0.08224175870418549,
                    -0.0548018179833889
                ],
                [
                    -0.06241129711270332,
                    0.9529093503952026,
                    0.29676350951194763
                ],
                [
                    0.07662752270698547,
                    -0.2918904721736908,
                    0.9533772468566895
                ]
            ],
            [
                [
                    0.9917318224906921,
                    -0.1171129122376442,
                    0.05246497690677643
                ],
                [
                    0.10187599062919617,
                    0.9671111106872559,
                    0.233060821890831
                ],
                [
                    -0.07803389430046082,
                    -0.2257889062166214,
                    0.9710458517074585
                ]
            ],
            [
                [
                    0.8451710343360901,
                    0.47540709376335144,
                    -0.244282528758049
                ],
                [
                    -0.46347373723983765,
                    0.8794940114021301,
                    0.10808446258306503
                ],
                [
                    0.26622918248176575,
                    0.02186868153512478,
                    0.9636615514755249
                ]
            ],
            [
                [
                    0.9212479591369629,
                    -0.3600689768791199,
                    0.1471482217311859
                ],
                [
                    0.3553137183189392,
                    0.9329245686531067,
                    0.05834348872303963
                ],
                [
                    -0.15828585624694824,
                    -0.00146503618452698,
                    0.9873923063278198
                ]
            ],
            [
                [
                    0.9861567616462708,
                    -0.00999381672590971,
                    0.16551437973976135
                ],
                [
                    0.004276738036423922,
                    0.9993829727172852,
                    0.034861765801906586
                ],
                [
                    -0.16576066613197327,
                    -0.0336713045835495,
                    0.9855909943580627
                ]
            ],
            [
                [
                    0.6584094762802124,
                    0.6971474289894104,
                    -0.2836942672729492
                ],
                [
                    -0.724606990814209,
                    0.689064621925354,
                    0.011602077633142471
                ],
                [
                    0.20357203483581543,
                    0.19792796671390533,
                    0.9588445425033569
                ]
            ],
            [
                [
                    0.7497615218162537,
                    -0.6392229199409485,
                    0.17103128135204315
                ],
                [
                    0.6531287431716919,
                    0.756380021572113,
                    -0.03622361272573471
                ],
                [
                    -0.10620967298746109,
                    0.13886451721191406,
                    0.9845994710922241
                ]
            ],
            [
                [
                    0.63209068775177,
                    -0.27853652834892273,
                    -0.7231035232543945
                ],
                [
                    0.03464771434664726,
                    0.9423896670341492,
                    -0.3327178359031677
                ],
                [
                    0.7741194367408752,
                    0.18525396287441254,
                    0.6053264141082764
                ]
            ],
            [
                [
                    0.4637500047683716,
                    0.35848110914230347,
                    0.8102020621299744
                ],
                [
                    -0.1519211381673813,
                    0.9331154227256775,
                    -0.3259074091911316
                ],
                [
                    -0.8728436231613159,
                    0.028052760288119316,
                    0.48719313740730286
                ]
            ],
            [
                [
                    0.9935187101364136,
                    -0.08909021317958832,
                    0.0705941915512085
                ],
                [
                    0.107107013463974,
                    0.941695511341095,
                    -0.3189634084701538
                ],
                [
                    -0.0380617156624794,
                    0.3244572579860687,
                    0.9451342821121216
                ]
            ],
            [
                [
                    0.9930020570755005,
                    0.07646076381206512,
                    -0.09000374376773834
                ],
                [
                    -0.10019437223672867,
                    0.9488708972930908,
                    -0.29934126138687134
                ],
                [
                    0.06251406669616699,
                    0.30626437067985535,
                    0.9498916864395142
                ]
            ],
            [
                [
                    0.9816470146179199,
                    0.17116820812225342,
                    -0.08408644050359726
                ],
                [
                    -0.1553640067577362,
                    0.9734859466552734,
                    0.167889803647995
                ],
                [
                    0.11059438437223434,
                    -0.1517445296049118,
                    0.9822129607200623
                ]
            ],
            [
                [
                    0.980922281742096,
                    -0.16930648684501648,
                    0.0955343246459961
                ],
                [
                    0.1503603309392929,
                    0.9722583293914795,
                    0.1791801005601883
                ],
                [
                    -0.12322039902210236,
                    -0.16139717400074005,
                    0.9791668653488159
                ]
            ]
        ],
        "betas": [
            0.04150600731372833,
            -0.1379411816596985,
            -0.2327418327331543,
            -0.016660451889038086,
            0.04308474063873291,
            -0.04770522564649582,
            0.021088063716888428,
            -0.021179258823394775,
            -0.015038982033729553,
            0.032498180866241455
        ]
    },
    "pred_cam_t": [
        0.06037675589323044,
        0.5370379686355591,
        18.019250869750977
    ],
    "focal_length": [
        5000.0,
        5000.0
    ],
    "pred_keypoints_3d": [
        [
            -0.0011444594711065292,
            -0.8049126863479614,
            -0.22190628945827484
        ],
        [
            0.02356845699250698,
            -0.7006636261940002,
            -0.05440845713019371
        ],
        [
            -0.15266762673854828,
            -0.6218810081481934,
            0.023006433621048927
        ],
        [
            -0.2604418396949768,
            -0.40784651041030884,
            0.11257229745388031
        ],
        [
            -0.34893128275871277,
            -0.2563517093658447,
            -0.07436797022819519
        ],
        [
            0.18942245841026306,
            -0.5756275057792664,
            -0.07874393463134766
        ],
        [
            0.2197866588830948,
            -0.31723326444625854,
            -0.046952009201049805
        ],
        [
            0.11118780821561813,
            -0.14987598359584808,
            -0.19851519167423248
        ],
        [
            -0.001835518516600132,
            -0.22312845289707184,
            0.028927378356456757
        ],
        [
            -0.08069315552711487,
            -0.14214366674423218,
            0.023615827783942223
        ],
        [
            -0.2832058072090149,
            -0.028260476887226105,
            -0.2824937105178833
        ],
        [
            -0.17976488173007965,
            0.17679786682128906,
            0.046491384506225586
        ],
        [
            0.05435096472501755,
            -0.12651032209396362,
            0.0017025116831064224
        ],
        [
            0.08363404870033264,
            0.023918792605400085,
            -0.3422207236289978
        ],
        [
            0.04115530475974083,
            0.20130431652069092,
            0.014697045087814331
        ],
        [
            -0.035052090883255005,
            -0.8412158489227295,
            -0.1852533519268036
        ],
        [
            0.03217563405632973,
            -0.8469648361206055,
            -0.19084899127483368
        ],
        [
            -0.06768828630447388,
            -0.8210176825523376,
            -0.08691876381635666
        ],
        [
            0.07955686748027802,
            -0.833638072013855,
            -0.10095331072807312
        ],
        [
            0.05154181271791458,
            0.3355080485343933,
            -0.12859255075454712
        ],
        [
            0.11457566916942596,
            0.3194780945777893,
            -0.0766599178314209
        ],
        [
            0.048792749643325806,
            0.18953514099121094,
            0.07988166809082031
        ],
        [
            -0.2659188508987427,
            0.30016839504241943,
            -0.0805637538433075
        ],
        [
            -0.3087599575519562,
            0.2674349546432495,
            -0.012151151895523071
        ],
        [
            -0.15585686266422272,
            0.181704580783844,
            0.11433863639831543
        ],
        [
            -0.20157070457935333,
            0.12148518860340118,
            0.033273160457611084
        ],
        [
            -0.2631422281265259,
            -0.04970969632267952,
            -0.2536275386810303
        ],
        [
            -0.14165815711021423,
            -0.2600460946559906,
            0.09138115495443344
        ],
        [
            0.15865878760814667,
            -0.21247446537017822,
            0.04734140262007713
        ],
        [
            0.09696236252784729,
            0.010778486728668213,
            -0.3212255835533142
        ],
        [
            0.05799870565533638,
            0.1601559817790985,
            0.0004889210686087608
        ],
        [
            -0.3226083517074585,
            -0.27742159366607666,
            -0.08053138107061386
        ],
        [
            -0.2825322449207306,
            -0.4346295893192291,
            0.09006606042385101
        ],
        [
            -0.12366178631782532,
            -0.6521503329277039,
            0.010076403617858887
        ],
        [
            0.17211811244487762,
            -0.6164901256561279,
            -0.07226909697055817
        ],
        [
            0.2320374995470047,
            -0.34111258387565613,
            -0.08907003700733185
        ],
        [
            0.11255265772342682,
            -0.16876371204853058,
            -0.20266908407211304
        ],
        [
            0.025814641267061234,
            -0.6880573034286499,
            -0.05544301122426987
        ],
        [
            0.00441299844533205,
            -0.8808746337890625,
            -0.10821095108985901
        ],
        [
            0.008604845963418484,
            -0.23646113276481628,
            0.06901241838932037
        ],
        [
            0.02303946763277054,
            -0.6312506198883057,
            -0.03262690082192421
        ],
        [
            0.027386920526623726,
            -0.4746045172214508,
            0.04533018171787262
        ],
        [
            0.013965400867164135,
            -0.7750453948974609,
            -0.1445840746164322
        ],
        [
            -0.00034218840301036835,
            -0.8997325897216797,
            -0.09740656614303589
        ]
    ],
    "pred_vertices": [
        [
            0.03878490999341011,
            -0.893278181552887,
            -0.19035792350769043
        ],
        [
            0.03397805616259575,
            -0.878801703453064,
            -0.197224423289299
        ],
        [
            0.045742981135845184,
            -0.8760770559310913,
            -0.18938976526260376
        ],
        [
            0.051135528832674026,
            -0.8869600296020508,
            -0.17961403727531433
        ],
        [
            0.04218415915966034,
            -0.8667086362838745,
            -0.19479677081108093
        ],
        [
            0.03162757307291031,
            -0.8677800893783569,
            -0.2001057118177414
        ],
        [
            0.054215602576732635,
            -0.870204508304596,
            -0.17979863286018372
        ],
        [
            0.059663958847522736,
            -0.8774203658103943,
            -0.1693260669708252
        ],
        [
            0.06496131420135498,
            -0.8342255353927612,
            -0.16978676617145538
        ],
        [
            0.07002824544906616,
            -0.8287159204483032,
            -0.16053837537765503
        ],
        [
            0.06808209419250488,
            -0.8417315483093262,
            -0.16276225447654724
        ],
        [
            0.062010616064071655,
            -0.8430915474891663,
            -0.17046962678432465
        ],
        [
            0.06498554348945618,
            -0.8086031675338745,
            -0.16749943792819977
        ],
        [
            0.058669447898864746,
            -0.7993496060371399,
            -0.17590290307998657
        ],
        [
            0.062039658427238464,
            -0.790031909942627,
            -0.1666741669178009
        ],
        [
            0.06696134805679321,
            -0.7987874746322632,
            -0.15751442313194275
        ],
        [
            0.02393287979066372,
            -0.8121283054351807,
            -0.19671043753623962
        ],
        [
            0.029825503006577492,
            -0.8058756589889526,
            -0.19637471437454224
        ],
        [
            0.033289648592472076,
            -0.8127136826515198,
            -0.1953475922346115
        ],
        [
            0.026674216613173485,
            -0.8181653022766113,
            -0.19547991454601288
        ],
        [
            0.013163832947611809,
            -0.8213202357292175,
            -0.20188316702842712
        ],
        [
            0.01408989168703556,
            -0.826702356338501,
            -0.1982615441083908
        ],
        [
            0.008677350357174873,
            -0.830555260181427,
            -0.20295873284339905
        ],
        [
            0.008517064154148102,
            -0.8245537877082825,
            -0.20768111944198608
        ],
        [
            0.018992744386196136,
            -0.806473970413208,
            -0.1973559409379959
        ],
        [
            0.02512856014072895,
            -0.8000506162643433,
            -0.1962672621011734
        ],
        [
            0.018688909709453583,
            -0.8175731897354126,
            -0.19771340489387512
        ],
        [
            0.01656382717192173,
            -0.8128998279571533,
            -0.20027075707912445
        ],
        [
            0.013154996559023857,
            -0.8074343800544739,
            -0.21084558963775635
        ],
        [
            0.014430401846766472,
            -0.8121095895767212,
            -0.20909035205841064
        ],
        [
            0.010586492717266083,
            -0.8135539293289185,
            -0.2159595638513565
        ],
        [
            0.009633533656597137,
            -0.8077989816665649,
            -0.21546797454357147
        ],
        [
            0.016798723489046097,
            -0.8064064979553223,
            -0.20195837318897247
        ],
        [
            0.01689866930246353,
            -0.8095260858535767,
            -0.2044733613729477
        ],
        [
            0.014450456947088242,
            -0.8058215379714966,
            -0.20693783462047577
        ],
        [
            0.013461407274007797,
            -0.8033950328826904,
            -0.203904390335083
        ],
        [
            0.012723270803689957,
            -0.8175134658813477,
            -0.20508019626140594
        ],
        [
            0.009141851216554642,
            -0.8195571899414062,
            -0.21182329952716827
        ],
        [
            0.004482384771108627,
            -0.821209192276001,
            -0.2187294065952301
        ],
        [
            0.005718974396586418,
            -0.8130320310592651,
            -0.22248779237270355
        ],
        [
            0.04173000156879425,
            -0.7926369905471802,
            -0.19075769186019897
        ],
        [
            0.03626907616853714,
            -0.799675703048706,
            -0.19466528296470642
        ],
        [
            0.03143510967493057,
            -0.7941946387290955,
            -0.19517645239830017
        ],
        [
            0.03661883622407913,
            -0.7887957096099854,
            -0.192520871758461
        ],
        [
            0.015141568146646023,
            -0.7998765707015991,
            -0.2006380707025528
        ],
        [
            0.01974455639719963,
            -0.7839715480804443,
            -0.20160400867462158
        ],
        [
            0.01976088061928749,
            -0.7878731489181519,
            -0.20171615481376648
        ],
        [
            0.013360418379306793,
            -0.7885825037956238,
            -0.2053624987602234
        ],
        [
            0.013971420004963875,
            -0.7849986553192139,
            -0.20505867898464203
        ],
        [
            0.04790700972080231,
            -0.7781599164009094,
            -0.18250246345996857
        ],
        [
            0.04221843555569649,
            -0.7768036127090454,
            -0.18694967031478882
        ],
        [
            0.04321315884590149,
            -0.7696647047996521,
            -0.1844521462917328
        ],
        [
            0.04829065129160881,
            -0.7695152163505554,
            -0.17893490195274353
        ],
        [
            0.04114747419953346,
            -0.7633813619613647,
            -0.18342915177345276
        ],
        [
            0.04758821427822113,
            -0.7610937356948853,
            -0.1758047342300415
        ],
        [
            0.03931690752506256,
            -0.7459622025489807,
            -0.17521148920059204
        ],
        [
            0.04356289282441139,
            -0.7524648904800415,
            -0.17546065151691437
        ],
        [
            0.037598900496959686,
            -0.7572826147079468,
            -0.1837761402130127
        ],
        [
            0.03253409266471863,
            -0.7517516613006592,
            -0.18697205185890198
        ],
        [
            0.020003842189908028,
            -0.756234884262085,
            -0.19526025652885437
        ],
        [
            0.014017467387020588,
            -0.7546949982643127,
            -0.19806422293186188
        ],
        [
            0.019280191510915756,
            -0.7425932884216309,
            -0.1957920491695404
        ],
        [
            0.025707285851240158,
            -0.7461944818496704,
            -0.1920296847820282
        ],
        [
            0.020394470542669296,
            -0.7780352830886841,
            -0.1973438858985901
        ],
        [
            0.02446717768907547,
            -0.778288722038269,
            -0.1945304423570633
        ],
        [
            0.02453097142279148,
            -0.7798566818237305,
            -0.19687223434448242
        ],
        [
            0.020179826766252518,
            -0.7808777093887329,
            -0.2000102400779724
        ],
        [
            0.028041554614901543,
            -0.7782254219055176,
            -0.19276173412799835
        ],
        [
            0.02971242368221283,
            -0.7780269384384155,
            -0.19199444353580475
        ],
        [
            0.0293973907828331,
            -0.7793572545051575,
            -0.1932336390018463
        ],
        [
            0.028088627383112907,
            -0.7792659997940063,
            -0.19336065649986267
        ],
        [
            0.026095779612660408,
            -0.7787787318229675,
            -0.19401584565639496
        ],
        [
            0.025226470082998276,
            -0.7767877578735352,
            -0.19440023601055145
        ],
        [
            0.027222536504268646,
            -0.7774044275283813,
            -0.19330477714538574
        ],
        [
            0.021553440019488335,
            -0.775833010673523,
            -0.19714687764644623
        ],
        [
            0.00823979265987873,
            -0.7725734710693359,
            -0.2048162966966629
        ],
        [
            0.012387491762638092,
            -0.7735151052474976,
            -0.20336037874221802
        ],
        [
            0.010840164497494698,
            -0.777746856212616,
            -0.20253272354602814
        ],
        [
            0.007135378196835518,
            -0.7772934436798096,
            -0.20381946861743927
        ],
        [
            0.027399025857448578,
            -0.78126060962677,
            -0.19498023390769958
        ],
        [
            0.029989564791321754,
            -0.7829285860061646,
            -0.1944933831691742
        ],
        [
            0.02585953287780285,
            -0.7855635285377502,
            -0.19789841771125793
        ],
        [
            0.02495601400732994,
            -0.7826837301254272,
            -0.19730213284492493
        ],
        [
            0.032646294683218,
            -0.7851337194442749,
            -0.19434504210948944
        ],
        [
            0.03157871216535568,
            -0.7807431221008301,
            -0.19266515970230103
        ],
        [
            0.03420672193169594,
            -0.7814079523086548,
            -0.19195857644081116
        ],
        [
            0.029299845919013023,
            -0.7762610912322998,
            -0.19206565618515015
        ],
        [
            0.03203565254807472,
            -0.7747020721435547,
            -0.19060316681861877
        ],
        [
            0.03244982659816742,
            -0.7774021625518799,
            -0.19163286685943604
        ],
        [
            0.030212918296456337,
            -0.7712497711181641,
            -0.19099240005016327
        ],
        [
            0.026840245351195335,
            -0.7741813063621521,
            -0.19305147230625153
        ],
        [
            0.023283878341317177,
            -0.7721906900405884,
            -0.19572152197360992
        ],
        [
            0.018585791811347008,
            -0.7703850269317627,
            -0.19912277162075043
        ],
        [
            0.02148820459842682,
            -0.7654882669448853,
            -0.1961965560913086
        ],
        [
            0.026487991213798523,
            -0.7680492401123047,
            -0.19314312934875488
        ],
        [
            0.02749732881784439,
            -0.7893712520599365,
            -0.197048619389534
        ],
        [
            0.036687202751636505,
            -0.7770467400550842,
            -0.18960341811180115
        ],
        [
            0.039740175008773804,
            -0.7838480472564697,
            -0.18935638666152954
        ],
        [
            0.03683111444115639,
            -0.7721831202507019,
            -0.18848374485969543
        ],
        [
            0.034953393042087555,
            -0.7674251794815063,
            -0.1880708634853363
        ],
        [
            0.031201595440506935,
            -0.7627566456794739,
            -0.1895160675048828
        ],
        [
            0.02578822150826454,
            -0.7593004107475281,
            -0.1923757791519165
        ],
        [
            0.022247236222028732,
            -0.7337820529937744,
            -0.18367181718349457
        ],
        [
            0.030386298894882202,
            -0.7388395667076111,
            -0.1802077740430832
        ],
        [
            0.030270202085375786,
            -0.8603848218917847,
            -0.1974906325340271
        ],
        [
            0.03897237032651901,
            -0.86012864112854,
            -0.19518457353115082
        ],
        [
            0.04040571302175522,
            -0.8522079586982727,
            -0.19078466296195984
        ],
        [
            0.04238332062959671,
            -0.8550232648849487,
            -0.19058561325073242
        ],
        [
            0.036435581743717194,
            -0.8556260466575623,
            -0.19376185536384583
        ],
        [
            0.036221571266651154,
            -0.8528784513473511,
            -0.19300410151481628
        ],
        [
            0.055265314877033234,
            -0.8455619215965271,
            -0.17562785744667053
        ],
        [
            0.05005135387182236,
            -0.8472989797592163,
            -0.18008393049240112
        ],
        [
            0.050420716404914856,
            -0.8432278633117676,
            -0.1783764511346817
        ],
        [
            0.05719446763396263,
            -0.8386852741241455,
            -0.17471562325954437
        ],
        [
            0.0432257354259491,
            -0.8351986408233643,
            -0.1857055127620697
        ],
        [
            0.04754415154457092,
            -0.8365448713302612,
            -0.18228386342525482
        ],
        [
            0.043408654630184174,
            -0.8434472680091858,
            -0.1850922703742981
        ],
        [
            0.04015720635652542,
            -0.84246826171875,
            -0.18747299909591675
        ],
        [
            0.03642211854457855,
            -0.8417938947677612,
            -0.1894410103559494
        ],
        [
            0.032022010535001755,
            -0.8413228988647461,
            -0.19038113951683044
        ],
        [
            0.032732605934143066,
            -0.8361210823059082,
            -0.1900387704372406
        ],
        [
            0.03796901926398277,
            -0.8354527950286865,
            -0.18840466439723969
        ],
        [
            0.029988199472427368,
            -0.8567827939987183,
            -0.19475653767585754
        ],
        [
            0.022752484306693077,
            -0.8552215099334717,
            -0.19420433044433594
        ],
        [
            0.024437298998236656,
            -0.8525601625442505,
            -0.19369010627269745
        ],
        [
            0.030491957440972328,
            -0.853509783744812,
            -0.19445881247520447
        ],
        [
            0.014955827966332436,
            -0.845116138458252,
            -0.18860924243927002
        ],
        [
            0.01594560593366623,
            -0.847679078578949,
            -0.1895744800567627
        ],
        [
            0.012295620515942574,
            -0.8488750457763672,
            -0.19071678817272186
        ],
        [
            0.011784005910158157,
            -0.8443293571472168,
            -0.18991154432296753
        ],
        [
            0.014212071895599365,
            -0.841495156288147,
            -0.1900770366191864
        ],
        [
            0.01633167639374733,
            -0.8435887098312378,
            -0.1890801191329956
        ],
        [
            0.028380487114191055,
            -0.914458692073822,
            -0.18791449069976807
        ],
        [
            0.02413608506321907,
            -0.8973329067230225,
            -0.19658881425857544
        ],
        [
            0.04388793930411339,
            -0.9082039594650269,
            -0.17547789216041565
        ],
        [
            0.055715128779411316,
            -0.8986179232597351,
            -0.1655333936214447
        ],
        [
            0.06486397236585617,
            -0.8850259780883789,
            -0.15699753165245056
        ],
        [
            0.05503275990486145,
            -0.7828552722930908,
            -0.17548207938671112
        ],
        [
            0.05695509910583496,
            -0.7737988233566284,
            -0.16940248012542725
        ],
        [
            0.06495292484760284,
            -0.7813283205032349,
            -0.15750324726104736
        ],
        [
            0.06346362829208374,
            -0.7706243991851807,
            -0.15285104513168335
        ],
        [
            0.05574648454785347,
            -0.7628734111785889,
            -0.1656457483768463
        ],
        [
            0.042425382882356644,
            -0.7430069446563721,
            -0.161675363779068
        ],
        [
            0.050785474479198456,
            -0.7517935037612915,
            -0.16313768923282623
        ],
        [
            0.05918686091899872,
            -0.7598041892051697,
            -0.14716693758964539
        ],
        [
            0.06659641861915588,
            -0.7730909585952759,
            -0.13264504075050354
        ],
        [
            0.06870700418949127,
            -0.7802982330322266,
            -0.14077091217041016
        ],
        [
            0.07102999836206436,
            -0.7885380387306213,
            -0.12046581506729126
        ],
        [
            0.06230473890900612,
            -0.7647495269775391,
            -0.12082420289516449
        ],
        [
            0.0683886781334877,
            -0.7876720428466797,
            -0.11203831434249878
        ],
        [
            0.04849177598953247,
            -0.7258865237236023,
            -0.12071198225021362
        ],
        [
            0.052055954933166504,
            -0.713337779045105,
            -0.11603718996047974
        ],
        [
            0.0656813532114029,
            -0.7224999666213989,
            -0.10660431534051895
        ],
        [
            0.06218624860048294,
            -0.7343745231628418,
            -0.11063238978385925
        ],
        [
            0.0693214014172554,
            -0.789245069026947,
            -0.14837417006492615
        ],
        [
            0.06884421408176422,
            -0.853097677230835,
            -0.1549949198961258
        ],
        [
            0.06492787599563599,
            -0.8525265455245972,
            -0.16608969867229462
        ],
        [
            0.07167090475559235,
            -0.8398754596710205,
            -0.15174056589603424
        ],
        [
            0.06755713373422623,
            -0.9115896821022034,
            -0.13412484526634216
        ],
        [
            0.0619334913790226,
            -0.9075096845626831,
            -0.15112271904945374
        ],
        [
            0.06947449594736099,
            -0.8921800851821899,
            -0.14481708407402039
        ],
        [
            0.07434311509132385,
            -0.8985657691955566,
            -0.12941795587539673
        ],
        [
            0.037358373403549194,
            -0.9441462755203247,
            -0.14103290438652039
        ],
        [
            0.03462710976600647,
            -0.9327201247215271,
            -0.16557809710502625
        ],
        [
            0.04731637239456177,
            -0.9219062328338623,
            -0.1590530276298523
        ],
        [
            0.05180662125349045,
            -0.9306724071502686,
            -0.13914790749549866
        ],
        [
            0.07663916051387787,
            -0.8996127843856812,
            -0.11609432101249695
        ],
        [
            0.07786109298467636,
            -0.9007032513618469,
            -0.09706142544746399
        ],
        [
            0.073369100689888,
            -0.9161171913146973,
            -0.09000097215175629
        ],
        [
            0.06977397203445435,
            -0.9163110256195068,
            -0.1128053143620491
        ],
        [
            0.05989396199584007,
            -0.9346734285354614,
            -0.0825892835855484
        ],
        [
            0.05734159052371979,
            -0.936288058757782,
            -0.10988877713680267
        ],
        [
            0.0676012933254242,
            -0.7742774486541748,
            -0.1017143726348877
        ],
        [
            0.06865771114826202,
            -0.792877197265625,
            -0.09912899136543274
        ],
        [
            0.05854389816522598,
            -0.7486435174942017,
            -0.11678458750247955
        ],
        [
            0.06785626709461212,
            -0.7577680945396423,
            -0.10216743499040604
        ],
        [
            0.04227478429675102,
            -0.9481280446052551,
            -0.07712185382843018
        ],
        [
            0.03860105201601982,
            -0.9513667821884155,
            -0.1085384339094162
        ],
        [
            0.070612832903862,
            -0.8779477477073669,
            -0.04782819002866745
        ],
        [
            0.07222224771976471,
            -0.8954282999038696,
            -0.05556628853082657
        ],
        [
            0.07830807566642761,
            -0.8833767175674438,
            -0.0717836394906044
        ],
        [
            0.07713789492845535,
            -0.8685621023178101,
            -0.06264990568161011
