{
    "pred_cam": [
        1.555382251739502,
        0.02565513737499714,
        0.34064963459968567
    ],
    "pred_smpl_params": {
        "global_orient": [
            [
                [
                    -0.3077313005924225,
                    0.03910508379340172,
                    -0.9506694078445435
                ],
                [
                    0.13000261783599854,
                    -0.9880566596984863,
                    -0.08272477984428406
                ],
                [
                    -0.9425501227378845,
                    -0.14904651045799255,
                    0.2989721894264221
                ]
            ]
        ],
        "body_pose": [
            [
                [
                    0.993702232837677,
                    0.09413991868495941,
                    0.06077498570084572
                ],
                [
                    -0.0990641862154007,
                    0.9915409684181213,
                    0.08386190235614777
                ],
                [
                    -0.05236613377928734,
                    -0.08935438096523285,
                    0.9946223497390747
                ]
            ],
            [
                [
                    0.9949079155921936,
                    0.03907892107963562,
                    -0.09290354698896408
                ],
                [
                    -0.03885267674922943,
                    0.999235987663269,
                    0.004243284929543734
                ],
                [
                    0.09299837797880173,
                    -0.0006121256155893207,
                    0.9956660866737366
                ]
            ],
            [
                [
                    0.9983270168304443,
                    -0.02455400489270687,
                    0.05234743282198906
                ],
                [
                    0.03240841254591942,
                    0.9873952269554138,
                    -0.15492035448551178
                ],
                [
                    -0.047883693128824234,
                    0.15635767579078674,
                    0.9865390658378601
                ]
            ],
            [
                [
                    0.9946995377540588,
                    0.10197281837463379,
                    -0.013212047517299652
                ],
                [
                    -0.1028246060013771,
                    0.9859884977340698,
                    -0.13135327398777008
                ],
                [
                    -0.00036754822940565646,
                    0.13201554119586945,
                    0.9912475943565369
                ]
            ],
            [
                [
                    0.9986659288406372,
                    -0.046832866966724396,
                    0.021746685728430748
                ],
                [
                    0.048957664519548416,
                    0.9926708936691284,
                    -0.11048758029937744
                ],
                [
                    -0.016412856057286263,
                    0.11140486598014832,
                    0.9936394095420837
                ]
            ],
            [
                [
                    0.9977472424507141,
                    -0.04403551667928696,
                    0.05060950666666031
                ],
                [
                    0.044036950916051865,
                    0.9990293383598328,
                    0.0010872037382796407
                ],
                [
                    -0.05060825124382973,
                    0.0011439337395131588,
                    0.9987179636955261
                ]
            ],
            [
                [
                    0.9816457629203796,
                    0.003477389458566904,
                    0.19068196415901184
                ],
                [
                    -0.002874892670661211,
                    0.999989926815033,
                    -0.003436360275372863
                ],
                [
                    -0.1906920075416565,
                    0.002825102536007762,
                    0.9816458821296692
                ]
            ],
            [
                [
                    0.978175163269043,
                    0.017403101548552513,
                    -0.2070520520210266
                ],
                [
                    -0.016790615394711494,
                    0.9998478889465332,
                    0.004715247545391321
                ],
                [
                    0.20710262656211853,
                    -0.0011358082992956042,
                    0.9783185720443726
                ]
            ],
            [
                [
                    0.9988391995429993,
                    -0.018472066149115562,
                    0.04448694363236427
                ],
                [
                    0.020423294976353645,
                    0.9988309144973755,
                    -0.04381314665079117
                ],
                [
                    -0.043625619262456894,
                    0.04467085376381874,
                    0.998048722743988
                ]
            ],
            [
                [
                    0.9992237687110901,
                    -0.03877640515565872,
                    0.0069442749954760075
                ],
                [
                    0.03882644698023796,
                    0.9992198944091797,
                    -0.007222805637866259
                ],
                [
                    -0.006658782716840506,
                    0.007486820686608553,
                    0.9999498128890991
                ]
            ],
            [
                [
                    0.9997957944869995,
                    0.0072516161017119884,
                    -0.018861521035432816
                ],
                [
                    -0.00696878507733345,
                    0.9998629689216614,
                    0.015017527155578136
                ],
                [
                    0.01896783523261547,
                    -0.014883019030094147,
                    0.9997093081474304
                ]
            ],
            [
                [
                    0.9993592500686646,
                    -0.019725913181900978,
                    0.029867690056562424
                ],
                [
                    0.020747918635606766,
                    0.9991960525512695,
                    -0.034303657710552216
                ],
                [
                    -0.02916700765490532,
                    0.034901365637779236,
                    0.9989650845527649
                ]
            ],
            [
                [
                    0.948962926864624,
                    0.28203290700912476,
                    -0.14116214215755463
                ],
                [
                    -0.28443461656570435,
                    0.9586897492408752,
                    0.003288005478680134
                ],
                [
                    0.13625803589820862,
                    0.037031207233667374,
                    0.989980936050415
                ]
            ],
            [
                [
                    0.931075930595398,
                    -0.2849108576774597,
                    0.2278670370578766
                ],
                [
                    0.2977398633956909,
                    0.9543625712394714,
                    -0.023303616791963577
                ],
                [
                    -0.21082831919193268,
                    0.08954253047704697,
                    0.973413348197937
                ]
            ],
            [
                [
                    0.9986383318901062,
                    -0.002357777440920472,
                    -0.05211494490504265
                ],
                [
                    -0.014638802967965603,
                    0.9461768865585327,
                    -0.32331883907318115
                ],
                [
                    0.05007226765155792,
                    0.32364147901535034,
                    0.9448540210723877
                ]
            ],
            [
                [
                    0.5062550902366638,
                    0.8226920366287231,
                    -0.2586185932159424
                ],
                [
                    -0.846095860004425,
                    0.5318418741226196,
                    0.03558021038770676
                ],
                [
                    0.16681575775146484,
                    0.2008034884929657,
                    0.9653239846229553
                ]
            ],
            [
                [
                    0.490908145904541,
                    -0.8228735327720642,
                    0.2861611247062683
                ],
                [
                    0.8503004908561707,
                    0.5240744948387146,
                    0.04832097515463829
                ],
                [
                    -0.18973182141780853,
                    0.2196018099784851,
                    0.9569621682167053
                ]
            ],
            [
                [
                    0.963269054889679,
                    0.0023425021208822727,
                    -0.26852789521217346
                ],
                [
                    -0.03519324213266373,
                    0.9924386739730835,
                    -0.11758843064308167
                ],
                [
                    0.2662220001220703,
                    0.1227196678519249,
                    0.9560679197311401
                ]
            ],
            [
                [
                    0.9497343897819519,
                    0.028183147311210632,
                    0.31178542971611023
                ],
                [
                    0.01980416290462017,
                    0.9885357618331909,
                    -0.1496822088956833
                ],
                [
                    -0.3124295771121979,
                    0.14833301305770874,
                    0.9382882714271545
                ]
            ],
            [
                [
                    0.9987960457801819,
                    0.049032386392354965,
                    0.0015059744473546743
                ],
                [
                    -0.04894604906439781,
                    0.9940481185913086,
                    0.09732788056135178
                ],
                [
                    0.0032752070110291243,
                    -0.09728441387414932,
                    0.9952512979507446
                ]
            ],
            [
                [
                    0.9985883235931396,
                    -0.048953376710414886,
                    0.020613303408026695
                ],
                [
                    0.04701670631766319,
                    0.9952038526535034,
                    0.08578258007764816
                ],
                [
                    -0.02471378818154335,
                    -0.08469231426715851,
                    0.9961005449295044
                ]
            ],
            [
                [
                    0.9757074117660522,
                    0.19073915481567383,
                    -0.10776670277118683
                ],
                [
                    -0.1693834364414215,
                    0.9687724113464355,
                    0.18107789754867554
                ],
                [
                    0.13894005119800568,
                    -0.15842513740062714,
                    0.9775464534759521
                ]
            ],
            [
                [
                    0.9797554612159729,
                    -0.1863362193107605,
                    0.07319893687963486
                ],
                [
                    0.16860634088516235,
                    0.9651515483856201,
                    0.200135737657547
                ],
                [
                    -0.10794060677289963,
                    -0.18374226987361908,
                    0.9770299792289734
                ]
            ]
        ],
        "betas": [
            -0.05339473485946655,
            0.12305621802806854,
            0.006512969732284546,
            0.04140794277191162,
            0.10256966948509216,
            0.18945422768592834,
            0.00794491171836853,
            -0.1451473832130432,
            0.06388998031616211,
            -0.06596755981445312
        ]
    },
    "pred_cam_t": [
        0.02565513737499714,
        0.34064963459968567,
        25.114404678344727
    ],
    "focal_length": [
        5000.0,
        5000.0
    ],
    "pred_keypoints_3d": [
        [
            -0.1776832491159439,
            -0.7906419038772583,
            0.015876993536949158
        ],
        [
            -0.004687102511525154,
            -0.7293757200241089,
            -0.013761697337031364
        ],
        [
            0.020224565640091896,
            -0.6413962244987488,
            0.1657237410545349
        ],
        [
            0.031532905995845795,
            -0.39182889461517334,
            0.2136993706226349
        ],
        [
            -0.053503334522247314,
            -0.15353624522686005,
            0.24534952640533447
        ],
        [
            -0.037719354033470154,
            -0.6349785327911377,
            -0.18437811732292175
        ],
        [
            -0.03659619390964508,
            -0.37867632508277893,
            -0.23268231749534607
        ],
        [
            -0.11940666288137436,
            -0.14410825073719025,
            -0.23926562070846558
        ],
        [
            -0.0018332474865019321,
            -0.22304058074951172,
            0.027056517079472542
        ],
        [
            0.0201284009963274,
            -0.1421128809452057,
            0.1023121327161789
        ],
        [
            0.032417915761470795,
            0.2276475727558136,
            0.20473286509513855
        ],
        [
            0.0875883400440216,
            0.6230766773223877,
            0.21355926990509033
        ],
        [
            -0.01942744478583336,
            -0.12327465415000916,
            -0.02669881097972393
        ],
        [
            -0.059963636100292206,
            0.244820237159729,
            0.038796812295913696
        ],
        [
            0.009244635701179504,
            0.6160163283348083,
            0.16815157234668732
        ],
        [
            -0.15388338267803192,
            -0.8402815461158752,
            0.04373729228973389
        ],
        [
            -0.16877388954162598,
            -0.8387538194656372,
            -0.020993266254663467
        ],
        [
            -0.0542123019695282,
            -0.8599315285682678,
            0.06298882514238358
        ],
        [
            -0.08700765669345856,
            -0.8568857908248901,
            -0.07930713891983032
        ],
        [
            -0.17805388569831848,
            0.6780352592468262,
            0.2120169997215271
        ],
        [
            -0.1363483965396881,
            0.7005172967910767,
            0.14310413599014282
        ],
        [
            0.06957508623600006,
            0.6492142677307129,
            0.16515520215034485
        ],
        [
            -0.07659931480884552,
            0.6743317246437073,
            0.3170384168624878
        ],
        [
            0.0023801326751708984,
            0.671181857585907,
            0.3548111915588379
        ],
        [
            0.14169427752494812,
            0.6650274991989136,
            0.19208866357803345
        ],
        [
            0.11845161765813828,
            0.5688072443008423,
            0.21483345329761505
        ],
        [
            0.02927979826927185,
            0.1606941819190979,
            0.19098812341690063
        ],
        [
            0.050421930849552155,
            -0.27242690324783325,
            0.15675592422485352
        ],
        [
            -0.02428334206342697,
            -0.2176240235567093,
            -0.1193816065788269
        ],
        [
            -0.06029678136110306,
            0.20515340566635132,
            0.017531724646687508
        ],
        [
            0.0302622951567173,
            0.5852419137954712,
            0.14415410161018372
        ],
        [
            -0.0765528529882431,
            -0.1801152229309082,
            0.23310235142707825
        ],
        [
            0.009735103696584702,
            -0.41342711448669434,
            0.2385176122188568
        ],
        [
            0.018865857273340225,
            -0.6714845895767212,
            0.12962940335273743
        ],
        [
            -0.025190049782395363,
            -0.6650630831718445,
            -0.1591445356607437
        ],
        [
            -0.07427753508090973,
            -0.4048939347267151,
            -0.25331127643585205
        ],
        [
            -0.13168708980083466,
            -0.16093605756759644,
            -0.23993608355522156
        ],
        [
            -0.01503504253923893,
            -0.7237063646316528,
            -0.014360709115862846
        ],
        [
            -0.10356196761131287,
            -0.902593731880188,
            -0.005091547034680843
        ],
        [
            0.013087480328977108,
            -0.245600625872612,
            0.018152333796024323
        ],
        [
            -0.005628556944429874,
            -0.6670621633529663,
            -0.012761183083057404
        ],
        [
            0.026553945615887642,
            -0.4895807206630707,
            -0.00978454202413559
        ],
        [
            -0.10216374695301056,
            -0.7890892624855042,
            -0.006519293412566185
        ],
        [
            -0.10106435418128967,
            -0.9227842092514038,
            -0.0018664817325770855
        ]
    ],
    "pred_vertices": [
        [
            -0.18660041689872742,
            -0.8839133977890015,
            -0.029939215630292892
        ],
        [
            -0.18728935718536377,
            -0.8677991628646851,
            -0.023432163521647453
        ],
        [
            -0.1798911690711975,
            -0.8671577572822571,
            -0.03595894202589989
        ],
        [
            -0.175709068775177,
            -0.8801513314247131,
            -0.04309626296162605
        ],
        [
            -0.18165738880634308,
            -0.856478750705719,
            -0.03157634288072586
        ],
        [
            -0.1862541139125824,
            -0.8557546734809875,
            -0.020446855574846268
        ],
        [
            -0.16969528794288635,
            -0.8644351363182068,
            -0.04502057284116745
        ],
        [
            -0.1634005457162857,
            -0.873723030090332,
            -0.05220499262213707
        ],
        [
            -0.14910854399204254,
            -0.8336037397384644,
            -0.0545872300863266
        ],
        [
            -0.1399005651473999,
            -0.8323045969009399,
            -0.060663387179374695
        ],
        [
            -0.14517955482006073,
            -0.8435546159744263,
            -0.05961287021636963
        ],
        [
            -0.1527033895254135,
            -0.8420379757881165,
            -0.0526907816529274
        ],
        [
            -0.13761018216609955,
            -0.8100078701972961,
            -0.055164407938718796
        ],
        [
            -0.14108264446258545,
            -0.7988393902778625,
            -0.047894783318042755
        ],
        [
            -0.12964178621768951,
            -0.793204665184021,
            -0.05239669606089592
        ],
        [
            -0.12480641156435013,
            -0.8043630123138428,
            -0.05870036035776138
        ],
        [
            -0.16029635071754456,
            -0.8052505254745483,
            -0.011090436950325966
        ],
        [
            -0.1584635227918625,
            -0.799286425113678,
            -0.016947520896792412
        ],
        [
            -0.16065877676010132,
            -0.8058364987373352,
            -0.020628158003091812
        ],
        [
            -0.1618209332227707,
            -0.8111981153488159,
            -0.014228031039237976
        ],
        [
            -0.16720470786094666,
            -0.8128481507301331,
            -0.0007785987108945847
        ],
        [
            -0.16612377762794495,
            -0.8191019892692566,
            -0.002249792218208313
        ],
        [
            -0.17112118005752563,
            -0.8212373852729797,
            0.0035803336650133133
        ],
        [
            -0.17310494184494019,
            -0.8139826059341431,
            0.004370391368865967
        ],
        [
            -0.1575080305337906,
            -0.8003075122833252,
            -0.006041468121111393
        ],
        [
            -0.1553708016872406,
            -0.7942581176757812,
            -0.012284282594919205
        ],
        [
            -0.16256263852119446,
            -0.8102579116821289,
            -0.006083497777581215
        ],
        [
            -0.16278231143951416,
            -0.805382490158081,
            -0.004038113169372082
        ],
        [
            -0.1700020581483841,
            -0.7964162230491638,
            0.00048560556024312973
        ],
        [
            -0.17042675614356995,
            -0.801318347454071,
            -0.0010802894830703735
        ],
        [
            -0.17645788192749023,
            -0.8003308176994324,
            0.003449544310569763
        ],
        [
            -0.17391622066497803,
            -0.7953202724456787,
            0.004379613324999809
        ],
        [
            -0.16155841946601868,
            -0.7985737919807434,
            -0.0040697818621993065
        ],
        [
            -0.1652059257030487,
            -0.8005057573318481,
            -0.003931757062673569
        ],
        [
            -0.16574102640151978,
            -0.7962291836738586,
            -0.001320195384323597
        ],
        [
            -0.16177603602409363,
            -0.7951837778091431,
            -0.0006159506738185883
        ],
        [
            -0.16826815903186798,
            -0.807816743850708,
            0.00010002404451370239
        ],
        [
            -0.1748647689819336,
            -0.8075368404388428,
            0.00430925190448761
        ],
        [
            -0.18105080723762512,
            -0.8067412376403809,
            0.00952320545911789
        ],
        [
            -0.18183834850788116,
            -0.7978550791740417,
            0.009012747555971146
        ],
        [
            -0.1503528654575348,
            -0.7882617712020874,
            -0.029308857396245003
        ],
        [
            -0.15541546046733856,
            -0.7935725450515747,
            -0.023433677852153778
        ],
        [
            -0.15306100249290466,
            -0.7889699339866638,
            -0.018516188487410545
        ],
        [
            -0.14957664906978607,
            -0.7845597267150879,
            -0.023917388170957565
        ],
        [
            -0.15783366560935974,
            -0.7933919429779053,
            -0.002385072410106659
        ],
        [
            -0.15380844473838806,
            -0.7782959938049316,
            -0.006625182460993528
        ],
        [
            -0.1552349030971527,
            -0.7818819284439087,
            -0.006723635829985142
        ],
        [
            -0.15801119804382324,
            -0.7815428972244263,
            -0.00011859461665153503
        ],
        [
            -0.15668164193630219,
            -0.778216540813446,
            -0.0006827693432569504
        ],
        [
            -0.13830363750457764,
            -0.7775154709815979,
            -0.03640841692686081
        ],
        [
            -0.14108377695083618,
            -0.7750977873802185,
            -0.030022837221622467
        ],
        [
            -0.13644364476203918,
            -0.769506573677063,
            -0.03116549924015999
        ],
        [
            -0.13196268677711487,
            -0.7711117267608643,
            -0.037273719906806946
        ],
        [
            -0.13330018520355225,
            -0.7644823789596558,
            -0.029230061918497086
        ],
        [
            -0.12643012404441833,
            -0.764862060546875,
            -0.03675253316760063
        ],
        [
            -0.12074165046215057,
            -0.7515566349029541,
            -0.028345469385385513
        ],
        [
            -0.12305397540330887,
            -0.7576376795768738,
            -0.03279494494199753
        ],
        [
            -0.13124960660934448,
            -0.7591712474822998,
            -0.02544838935136795
        ],
        [
            -0.13147610425949097,
            -0.7534875869750977,
            -0.019831810146570206
        ],
        [
            -0.1383303701877594,
            -0.7553480863571167,
            -0.0065858978778123856
        ],
        [
            -0.13918182253837585,
            -0.7534960508346558,
            -0.0005089398473501205
        ],
        [
            -0.13435810804367065,
            -0.7427551746368408,
            -0.0058195325545966625
        ],
        [
            -0.13317535817623138,
            -0.7470502257347107,
            -0.012544198893010616
        ],
        [
            -0.14764519035816193,
            -0.7742436528205872,
            -0.007019443437457085
        ],
        [
            -0.14583894610404968,
            -0.7751109600067139,
            -0.011323469690978527
        ],
        [
            -0.14848139882087708,
            -0.7757647037506104,
            -0.011193875223398209
        ],
        [
            -0.15111605823040009,
            -0.7757741212844849,
            -0.006643654312938452
        ],
        [
            -0.14467810094356537,
            -0.7754396200180054,
            -0.015218746848404408
        ],
        [
            -0.14417678117752075,
            -0.7754535675048828,
            -0.01695280335843563
        ],
        [
            -0.14572975039482117,
            -0.776244580745697,
            -0.016507063060998917
        ],
        [
            -0.1453581303358078,
            -0.7759264707565308,
            -0.0151188550516963
        ],
        [
            -0.14544469118118286,
            -0.7754332423210144,
            -0.013121063821017742
        ],
        [
            -0.14495053887367249,
            -0.7735532522201538,
            -0.01206963136792183
        ],
        [
            -0.14468449354171753,
            -0.7745543718338013,
            -0.014297351241111755
        ],
        [
            -0.14662429690361023,
            -0.7719106078147888,
            -0.008193248882889748
        ],
        [
            -0.15087106823921204,
            -0.7674717307090759,
            0.005057372152805328
        ],
        [
            -0.1503991335630417,
            -0.7682490348815918,
            0.0013303738087415695
        ],
        [
            -0.15064173936843872,
            -0.7727222442626953,
            0.0027321316301822662
        ],
        [
            -0.1511639952659607,
            -0.7723455429077148,
            0.005866739898920059
        ],
        [
            -0.14770877361297607,
            -0.7773916721343994,
            -0.014727778732776642
        ],
        [
            -0.14828191697597504,
            -0.779009997844696,
            -0.016943475231528282
        ],
        [
            -0.15162406861782074,
            -0.7805185317993164,
            -0.012686524540185928
        ],
        [
            -0.14999407529830933,
            -0.7781028747558594,
            -0.011676181107759476
        ],
        [
            -0.1491008996963501,
            -0.7808895111083984,
            -0.019705690443515778
        ],
        [
            -0.14593833684921265,
            -0.7775701284408569,
            -0.01877973973751068
        ],
        [
            -0.14620712399482727,
            -0.7784417867660522,
            -0.022016305476427078
        ],
        [
            -0.14344841241836548,
            -0.7738393545150757,
            -0.01644860953092575
        ],
        [
            -0.1419340968132019,
            -0.7727916240692139,
            -0.019405700266361237
        ],
        [
            -0.14391149580478668,
            -0.7748878002166748,
            -0.019734691828489304
        ],
        [
            -0.14092931151390076,
            -0.7696523666381836,
            -0.017435399815440178
        ],
        [
            -0.14335817098617554,
            -0.7717757225036621,
            -0.013909966684877872
        ],
        [
            -0.14469754695892334,
            -0.7691913843154907,
            -0.010111766867339611
        ],
        [
            -0.1466175615787506,
            -0.7665330171585083,
            -0.0052100894972682
        ],
        [
            -0.14254984259605408,
            -0.7630767822265625,
            -0.00819641537964344
        ],
        [
            -0.14138881862163544,
            -0.7662135362625122,
            -0.013502342626452446
        ],
        [
            -0.15255199372768402,
            -0.7844324111938477,
            -0.014766005799174309
        ],
        [
            -0.1427084058523178,
            -0.7748423218727112,
            -0.02419089898467064
        ],
        [
            -0.14553192257881165,
            -0.7806699872016907,
            -0.027345551177859306
        ],
        [
            -0.13995414972305298,
            -0.7708003520965576,
            -0.024401333183050156
        ],
        [
            -0.13777275383472443,
            -0.7667924165725708,
            -0.022542810067534447
        ],
        [
            -0.13711944222450256,
            -0.7626860737800598,
            -0.01834440790116787
        ],
        [
            -0.1376519501209259,
            -0.7586740255355835,
            -0.012708637863397598
        ],
        [
            -0.12201319634914398,
            -0.7380034923553467,
            -0.010685336776077747
        ],
        [
            -0.1219090148806572,
            -0.7436895370483398,
            -0.019134821370244026
        ],
        [
            -0.1808147430419922,
            -0.8494376540184021,
            -0.01919257640838623
        ],
        [
            -0.17941546440124512,
            -0.8494439721107483,
            -0.028264015913009644
        ],
        [
            -0.1723254770040512,
            -0.8435944318771362,
            -0.029746830463409424
        ],
        [
            -0.17328497767448425,
            -0.8459146618843079,
            -0.03130142390727997
        ],
        [
            -0.17600557208061218,
            -0.8461445569992065,
            -0.025721270591020584
        ],
        [
            -0.17432323098182678,
            -0.8434243202209473,
            -0.02547464519739151
        ],
        [
            -0.15759380161762238,
            -0.8419962525367737,
            -0.04581642523407936
        ],
        [
            -0.1616554856300354,
            -0.842078447341919,
            -0.04023732244968414
        ],
        [
            -0.1591290831565857,
            -0.8390061855316162,
            -0.04086339473724365
        ],
        [
            -0.15512095391750336,
            -0.8358383178710938,
            -0.04772287607192993
        ],
        [
            -0.16156509518623352,
            -0.8296322226524353,
            -0.03259379416704178
        ],
        [
            -0.1598566174507141,
            -0.8318716287612915,
            -0.03731084614992142
        ],
        [
            -0.1638025939464569,
            -0.8372332453727722,
            -0.0329788476228714
        ],
        [
            -0.16524097323417664,
            -0.8355764150619507,
            -0.02968450076878071
        ],
        [
            -0.16618570685386658,
            -0.8344881534576416,
            -0.025730393826961517
        ],
        [
            -0.16674652695655823,
            -0.834129810333252,
            -0.021297089755535126
        ],
        [
            -0.16433405876159668,
            -0.8293198347091675,
            -0.02197275683283806
        ],
        [
            -0.16319093108177185,
            -0.8289822936058044,
            -0.027257194742560387
        ],
        [
            -0.1764010787010193,
            -0.8467221260070801,
            -0.019167959690093994
        ],
        [
            -0.17465190589427948,
            -0.8462730646133423,
            -0.012000204995274544
        ],
        [
            -0.172987699508667,
            -0.8436273336410522,
            -0.013726579956710339
        ],
        [
            -0.1748996078968048,
            -0.8437073230743408,
            -0.01967933028936386
        ],
        [
            -0.16391199827194214,
            -0.8396528363227844,
            -0.004733027890324593
        ],
        [
            -0.166131392121315,
            -0.8415156602859497,
            -0.00564015656709671
        ],
        [
            -0.16715699434280396,
            -0.8424959778785706,
            -0.0019466597586870193
        ],
        [
            -0.16443940997123718,
            -0.8386739492416382,
            -0.0013758186250925064
        ],
        [
            -0.16365578770637512,
            -0.8358029127120972,
            -0.0037636104971170425
        ],
        [
            -0.16375944018363953,
            -0.837948203086853,
            -0.006025057286024094
        ],
        [
            -0.1912878006696701,
            -0.9049070477485657,
            -0.020748551934957504
        ],
        [
            -0.19300618767738342,
            -0.8862930536270142,
            -0.015098698437213898
        ],
        [
            -0.17989519238471985,
            -0.9017903208732605,
            -0.037935271859169006
        ],
        [
            -0.1677837073802948,
            -0.8949838876724243,
            -0.04991268366575241
        ],
        [
            -0.1559104323387146,
            -0.8845298290252686,
            -0.05946987867355347
        ],
        [
            -0.13435542583465576,
            -0.7839100360870361,
            -0.044378768652677536
        ],
        [
            -0.12581032514572144,
            -0.7776131629943848,
            -0.04693969339132309
        ],
        [
            -0.11845275014638901,
            -0.7881888151168823,
            -0.05609356239438057
        ],
        [
            -0.11022085696458817,
            -0.7802209854125977,
            -0.05565595254302025
        ],
        [
            -0.118625208735466,
            -0.7694644331932068,
            -0.04608529061079025
        ],
        [
            -0.10879138112068176,
            -0.7527590990066528,
            -0.034670911729335785
        ],
        [
            -0.11283136159181595,
            -0.7606692314147949,
            -0.04222024232149124
        ],
        [
            -0.10149233043193817,
            -0.7723667621612549,
            -0.05275917053222656
        ],
        [
            -0.09243319928646088,
            -0.7886492609977722,
            -0.062410905957221985
        ],
        [
            -0.1028924435377121,
            -0.7933344841003418,
            -0.0630582869052887
        ],
        [
            -0.0862860307097435,
            -0.8075060248374939,
            -0.06757402420043945
        ],
        [
            -0.07960125803947449,
            -0.7847095727920532,
            -0.06065301597118378
        ],
        [
            -0.07758471369743347,
            -0.8091543912887573,
            -0.06641238927841187
        ],
        [
            -0.07386834919452667,
            -0.7516566514968872,
            -0.04531930014491081
        ],
        [
            -0.06910141557455063,
            -0.743159294128418,
            -0.0474686399102211
        ],
        [
            -0.058722496032714844,
            -0.7523058652877808,
            -0.06005425751209259
        ],
        [
            -0.06430528312921524,
            -0.7612069845199585,
            -0.05862421914935112
        ],
        [
            -0.11286138743162155,
            -0.79859858751297,
            -0.06227244436740875
        ],
        [
            -0.1418624073266983,
            -0.8561028242111206,
            -0.06225470453500748
        ],
        [
            -0.15155211091041565,
            -0.8524128198623657,
            -0.0560426190495491
        ],
        [
            -0.13455307483673096,
            -0.8449947834014893,
            -0.06545235216617584
        ],
        [
            -0.14493457973003387,
            -0.9176764488220215,
            -0.06569627672433853
        ],
        [
            -0.15907710790634155,
            -0.9078259468078613,
            -0.058923184871673584
        ],
        [
            -0.14823219180107117,
            -0.8953895568847656,
            -0.06629613041877747
        ],
        [
            -0.13695400953292847,
            -0.9062311053276062,
            -0.0731775313615799
        ],
        [
            -0.16034948825836182,
            -0.9476222395896912,
            -0.03598514944314957
        ],
        [
            -0.17930737137794495,
            -0.9276561141014099,
            -0.03024907223880291
        ],
        [
            -0.17063762247562408,
            -0.9196167588233948,
            -0.044678010046482086
        ],
        [
            -0.15514521300792694,
            -0.9347885847091675,
            -0.05046040937304497
        ],
        [
            -0.12528441846370697,
            -0.9123276472091675,
            -0.07751041650772095
        ],
        [
            -0.10904805362224579,
            -0.9195995330810547,
            -0.08101701736450195
        ],
        [
            -0.10742610692977905,
            -0.9367098808288574,
            -0.07768778502941132
        ],
        [
            -0.12776660919189453,
            -0.9298108816146851,
            -0.07198800146579742
        ],
        [
            -0.105823814868927,
            -0.9580175876617432,
            -0.06621471792459488
        ],
        [
            -0.13104717433452606,
            -0.9498157501220703,
            -0.0594421848654747
        ],
        [
            -0.06363547593355179,
            -0.7992019057273865,
            -0.06610454618930817
        ],
        [
            -0.06726858019828796,
            -0.8180310726165771,
            -0.06713011115789413
        ],
        [
            -0.07209251821041107,
            -0.7714792490005493,
            -0.057051997631788254
        ],
        [
            -0.05940314009785652,
            -0.7835146188735962,
            -0.0652802586555481
        ],
        [
            -0.10328741371631622,
            -0.9740719795227051,
            -0.04877230525016785
        ],
        [
            -0.13343122601509094,
            -0.9656474590301514,
            -0.04148518666625023
        ],
        [
            -0.05415099859237671,
            -0.9150820970535278,
            -0.08052867650985718
        ],
        [
            -0.06860926747322083,
            -0.928961992263794,
