{
    "pred_cam": [
        1.5335581302642822,
        0.14840738475322723,
        0.3441638946533203
    ],
    "pred_smpl_params": {
        "global_orient": [
            [
                [
                    -0.6485561728477478,
                    0.030740339308977127,
                    -0.7605457901954651
                ],
                [
                    0.05529486760497093,
                    -0.9946414828300476,
                    -0.08735495805740356
                ],
                [
                    -0.7591556310653687,
                    -0.09870888292789459,
                    0.6433811187744141
                ]
            ]
        ],
        "body_pose": [
            [
                [
                    0.9994045495986938,
                    0.03445075824856758,
                    0.0019338654819875956
                ],
                [
                    -0.03447805345058441,
                    0.994840145111084,
                    0.09541670233011246
                ],
                [
                    0.0013632907066494226,
                    -0.09542655199766159,
                    0.9954355359077454
                ]
            ],
            [
                [
                    0.9898309707641602,
                    -0.025738481432199478,
                    -0.13990053534507751
                ],
                [
                    0.024461105465888977,
                    0.999642014503479,
                    -0.01084275171160698
                ],
                [
                    0.14012950658798218,
                    0.007310370448976755,
                    0.9901062250137329
                ]
            ],
            [
                [
                    0.9950713515281677,
                    0.005971100647002459,
                    0.09898201376199722
                ],
                [
                    0.010942097753286362,
                    0.9854779243469238,
                    -0.16945068538188934
                ],
                [
                    -0.09855639934539795,
                    0.1696985810995102,
                    0.980555534362793
                ]
            ],
            [
                [
                    0.9941224455833435,
                    0.014710101298987865,
                    -0.10725808143615723
                ],
                [
                    -0.036960359662771225,
                    0.9773171544075012,
                    -0.20853087306022644
                ],
                [
                    0.10175763815641403,
                    0.21126948297023773,
                    0.9721165895462036
                ]
            ],
            [
                [
                    0.9875487089157104,
                    -0.15151157975196838,
                    -0.042329367250204086
                ],
                [
                    0.13437490165233612,
                    0.9523499011993408,
                    -0.2738119661808014
                ],
                [
                    0.08179806172847748,
                    0.26471465826034546,
                    0.96085125207901
                ]
            ],
            [
                [
                    0.9955729842185974,
                    -0.01674511842429638,
                    0.09248809516429901
                ],
                [
                    0.01633019931614399,
                    0.9998528957366943,
                    0.005241253413259983
                ],
                [
                    -0.09256226569414139,
                    -0.003707701340317726,
                    0.9957000017166138
                ]
            ],
            [
                [
                    0.9785650968551636,
                    0.033828187733888626,
                    0.20314045250415802
                ],
                [
                    -0.03286653757095337,
                    0.9994269013404846,
                    -0.008106552995741367
                ],
                [
                    -0.20329825580120087,
                    0.0012562692863866687,
                    0.9791160821914673
                ]
            ],
            [
                [
                    0.9716566801071167,
                    0.016206087544560432,
                    -0.2358400523662567
                ],
                [
                    -0.0066059548407793045,
                    0.999119222164154,
                    0.041439421474933624
                ],
                [
                    0.23630386590957642,
                    -0.0387069433927536,
                    0.9709079265594482
                ]
            ],
            [
                [
                    0.9964073896408081,
                    -0.007373451255261898,
                    0.08436840772628784
                ],
                [
                    0.011610636487603188,
                    0.9986895322799683,
                    -0.04984248802065849
                ],
                [
                    -0.08389034122228622,
                    0.050642989575862885,
                    0.9951872229576111
                ]
            ],
            [
                [
                    0.9958247542381287,
                    -0.09076224267482758,
                    -0.009764974005520344
                ],
                [
                    0.09102977812290192,
                    0.9953410625457764,
                    0.03177794814109802
                ],
                [
                    0.006835241336375475,
                    -0.0325341671705246,
                    0.9994473457336426
                ]
            ],
            [
                [
                    0.9998220205307007,
                    0.016910139471292496,
                    -0.0083676902577281
                ],
                [
                    -0.016806872561573982,
                    0.9997835755348206,
                    0.012261412106454372
                ],
                [
                    0.008573221042752266,
                    -0.012118594720959663,
                    0.9998898506164551
                ]
            ],
            [
                [
                    0.9999215006828308,
                    -0.0037302265409380198,
                    0.011962509714066982
                ],
                [
                    0.00453489413484931,
                    0.997677743434906,
                    -0.06796025484800339
                ],
                [
                    -0.01168122235685587,
                    0.06800916790962219,
                    0.9976163506507874
                ]
            ],
            [
                [
                    0.9786780476570129,
                    0.13026607036590576,
                    -0.15880784392356873
                ],
                [
                    -0.12660010159015656,
                    0.9914037585258484,
                    0.03303074836730957
                ],
                [
                    0.16174547374248505,
                    -0.012221384793519974,
                    0.9867568016052246
                ]
            ],
            [
                [
                    0.94125896692276,
                    -0.14169064164161682,
                    0.3065214455127716
                ],
                [
                    0.153569296002388,
                    0.9880261421203613,
                    -0.014858428388834
                ],
                [
                    -0.3007459044456482,
                    0.061057914048433304,
                    0.9517477750778198
                ]
            ],
            [
                [
                    0.9966456890106201,
                    0.04118717089295387,
                    -0.07071773707866669
                ],
                [
                    -0.05891750380396843,
                    0.9608518481254578,
                    -0.27072563767433167
                ],
                [
                    0.05679885298013687,
                    0.27398404479026794,
                    0.9600554704666138
                ]
            ],
            [
                [
                    0.6197306513786316,
                    0.7329345941543579,
                    -0.28060808777809143
                ],
                [
                    -0.7593896389007568,
                    0.6502848267555237,
                    0.021379798650741577
                ],
                [
                    0.19814519584178925,
                    0.19984112679958344,
                    0.9595843553543091
                ]
            ],
            [
                [
                    0.5532532334327698,
                    -0.7696992754936218,
                    0.31854960322380066
                ],
                [
                    0.7829849123954773,
                    0.611028790473938,
                    0.11652657389640808
                ],
                [
                    -0.28433340787887573,
                    0.1849508285522461,
                    0.940716564655304
                ]
            ],
            [
                [
                    0.9025971293449402,
                    -0.02534520998597145,
                    -0.4297395348548889
                ],
                [
                    -0.031340304762125015,
                    0.9917474985122681,
                    -0.12431653589010239
                ],
                [
                    0.42934396862983704,
                    0.12567591667175293,
                    0.8943541049957275
                ]
            ],
            [
                [
                    0.9197951555252075,
                    0.04471820592880249,
                    0.38984254002571106
                ],
                [
                    0.003145162481814623,
                    0.9926131367683411,
                    -0.12128174304962158
                ],
                [
                    -0.3923863470554352,
                    0.11278047412633896,
                    0.912860095500946
                ]
            ],
            [
                [
                    0.9999231696128845,
                    -0.012224550358951092,
                    -0.002083362778648734
                ],
                [
                    0.012361968867480755,
                    0.9959091544151306,
                    0.08951035887002945
                ],
                [
                    0.0009806168964132667,
                    -0.08952922374010086,
                    0.9959837794303894
                ]
            ],
            [
                [
                    0.9997656941413879,
                    0.007501477841287851,
                    0.020307624712586403
                ],
                [
                    -0.009136726148426533,
                    0.9966177344322205,
                    0.08166714012622833
                ],
                [
                    -0.01962631568312645,
                    -0.08183354139328003,
                    0.9964527487754822
                ]
            ],
            [
                [
                    0.97843337059021,
                    0.18367920815944672,
                    -0.09449885040521622
                ],
                [
                    -0.16445840895175934,
                    0.9695104956626892,
                    0.1816670000553131
                ],
                [
                    0.12498607486486435,
                    -0.1622079312801361,
                    0.9788089990615845
                ]
            ],
            [
                [
                    0.9831621050834656,
                    -0.1685546487569809,
                    0.0705803781747818
                ],
                [
                    0.15409015119075775,
                    0.9723260402679443,
                    0.17560827732086182
                ],
                [
                    -0.09822673350572586,
                    -0.16177566349506378,
                    0.9819267392158508
                ]
            ]
        ],
        "betas": [
            -0.10945349931716919,
            -0.03002190589904785,
            0.18686988949775696,
            0.14265315234661102,
            0.09734690189361572,
            0.1550496220588684,
            0.0780891627073288,
            -0.1560325026512146,
            -0.01380513608455658,
            -0.03139418363571167
        ]
    },
    "pred_cam_t": [
        0.14840738475322723,
        0.3441638946533203,
        25.47180938720703
    ],
    "focal_length": [
        5000.0,
        5000.0
    ],
    "pred_keypoints_3d": [
        [
            -0.17072084546089172,
            -0.7934027910232544,
            0.08274763822555542
        ],
        [
            -0.009908709675073624,
            -0.7335535883903503,
            0.006707463413476944
        ],
        [
            0.05003713071346283,
            -0.6547729969024658,
            0.17393150925636292
        ],
        [
            0.04732373356819153,
            -0.42142266035079956,
            0.26953646540641785
        ],
        [
            -0.07099185138940811,
            -0.21554318070411682,
            0.35588324069976807
        ],
        [
            -0.08771228790283203,
            -0.6570093631744385,
            -0.1497088074684143
        ],
        [
            -0.15607623755931854,
            -0.43010208010673523,
            -0.2528311014175415
        ],
        [
            -0.3065667748451233,
            -0.2346939891576767,
            -0.2493639439344406
        ],
        [
            -0.001812976785004139,
            -0.2247353494167328,
            0.028010522946715355
        ],
        [
            0.04280939698219299,
            -0.13797429203987122,
            0.08552476763725281
        ],
        [
            0.06086431443691254,
            0.23955971002578735,
            0.1320894956588745
        ],
        [
            0.0834166407585144,
            0.6126831769943237,
            0.0010866820812225342
        ],
        [
            -0.04444628208875656,
            -0.12924708425998688,
            -0.02037579007446766
        ],
        [
            -0.09285099804401398,
            0.23824436962604523,
            0.02041216753423214
        ],
        [
            -0.017835065722465515,
            0.6268021464347839,
            0.021025581285357475
        ],
        [
            -0.14090335369110107,
            -0.8438873291015625,
            0.10090683400630951
        ],
        [
            -0.17235428094863892,
            -0.8394489288330078,
            0.04261073097586632
        ],
        [
            -0.03902271389961243,
            -0.8641440868377686,
            0.09264209866523743
        ],
        [
            -0.10883699357509613,
            -0.855365514755249,
            -0.036379411816596985
        ],
        [
            -0.16381414234638214,
            0.6938352584838867,
            0.1421642005443573
        ],
        [
            -0.16444739699363708,
            0.7017577886581421,
            0.058676548302173615
        ],
        [
            0.02871427685022354,
            0.6603783965110779,
            -0.018538836389780045
        ],
        [
            -0.008614443242549896,
            0.697088360786438,
            0.1572216898202896
        ],
        [
            0.07815790921449661,
            0.7001388072967529,
            0.14791887998580933
        ],
        [
            0.11505071818828583,
            0.6452243328094482,
            -0.054938726127147675
        ],
        [
            0.11517518758773804,
            0.5602470636367798,
            0.0015886526089161634
        ],
        [
            0.05897197872400284,
            0.17362788319587708,
            0.13199369609355927
        ],
        [
            0.10032061487436295,
            -0.2625059485435486,
            0.13191917538642883
        ],
        [
            -0.07853268831968307,
            -0.2301156222820282,
            -0.09984133392572403
        ],
        [
            -0.0982167050242424,
            0.19761306047439575,
            0.006207390688359737
        ],
        [
            -0.0070663196966052055,
            0.5930261015892029,
            -0.00395240681245923
        ],
        [
            -0.09138286858797073,
            -0.24321697652339935,
            0.3423819839954376
        ],
        [
            0.032711610198020935,
            -0.4487820863723755,
            0.29306644201278687
        ],
        [
            0.042422596365213394,
            -0.6819986701011658,
            0.1407192498445511
        ],
        [
            -0.06982782483100891,
            -0.6825094819068909,
            -0.12966278195381165
        ],
        [
            -0.19071541726589203,
            -0.46659398078918457,
            -0.2531740665435791
        ],
        [
            -0.313008189201355,
            -0.25410380959510803,
            -0.2437659502029419
        ],
        [
            -0.02128612995147705,
            -0.7335639595985413,
            0.00923843216150999
        ],
        [
            -0.10595133900642395,
            -0.9042173624038696,
            0.03746086731553078
        ],
        [
            0.01090150699019432,
            -0.24661029875278473,
            0.015314631164073944
        ],
        [
            -0.014752130955457687,
            -0.6797478199005127,
            0.0071992650628089905
        ],
        [
            0.018518291413784027,
            -0.4944837987422943,
            -0.0014118533581495285
        ],
        [
            -0.1036200076341629,
            -0.790357232093811,
            0.040626410394907
        ],
        [
            -0.10286092758178711,
            -0.9245667457580566,
            0.03893747180700302
        ]
    ],
    "pred_vertices": [
        [
            -0.19236713647842407,
            -0.8840848803520203,
            0.03660601004958153
        ],
        [
            -0.19092190265655518,
            -0.8683153390884399,
            0.04374197870492935
        ],
        [
            -0.18726399540901184,
            -0.8670657873153687,
            0.029834479093551636
        ],
        [
            -0.18556077778339386,
            -0.8796688318252563,
            0.021077631041407585
        ],
        [
            -0.18770958483219147,
            -0.8566170930862427,
            0.03504420816898346
        ],
        [
            -0.18917086720466614,
            -0.8564071655273438,
            0.047154586762189865
        ],
        [
            -0.17981921136379242,
            -0.8639615178108215,
            0.018608899787068367
        ],
        [
            -0.17574983835220337,
            -0.8731250166893005,
            0.009442109614610672
        ],
        [
            -0.16227129101753235,
            -0.8327236175537109,
            0.0051523614674806595
        ],
        [
            -0.15499144792556763,
            -0.831229567527771,
            -0.00301581178791821
        ],
        [
            -0.15974161028862,
            -0.842423677444458,
            -0.0010240329429507256
        ],
        [
            -0.16521796584129333,
            -0.8411981463432312,
            0.007662949152290821
        ],
        [
            -0.15122342109680176,
            -0.8090682029724121,
            0.0023296973668038845
        ],
        [
            -0.15260474383831024,
            -0.7982501983642578,
            0.010735591873526573
        ],
        [
            -0.14271533489227295,
            -0.792452335357666,
            0.0035237972624599934
        ],
        [
            -0.13974957168102264,
            -0.8032803535461426,
            -0.0042704143561422825
        ],
        [
            -0.16138309240341187,
            -0.8065688610076904,
            0.05126422271132469
        ],
        [
            -0.1610718071460724,
            -0.8003182411193848,
            0.04535172879695892
        ],
        [
            -0.16430139541625977,
            -0.8066316246986389,
            0.042112886905670166
        ],
        [
            -0.16375884413719177,
            -0.8123071193695068,
            0.048407480120658875
        ],
        [
            -0.1652582883834839,
            -0.8146670460700989,
            0.06289266049861908
        ],
        [
            -0.16464686393737793,
            -0.8207862973213196,
            0.06091843917965889
        ],
        [
            -0.16793927550315857,
            -0.8232219219207764,
            0.06777085363864899
        ],
        [
            -0.1696198433637619,
            -0.8160810470581055,
            0.06936788558959961
        ],
        [
            -0.15722733736038208,
            -0.8019483089447021,
            0.0556139312684536
        ],
        [
            -0.15669021010398865,
            -0.795601487159729,
            0.04925170913338661
        ],
        [
            -0.16222381591796875,
            -0.8117974996566772,
            0.05652494728565216
        ],
        [
            -0.16181521117687225,
            -0.8071011304855347,
            0.05888907238841057
        ],
        [
            -0.16749155521392822,
            -0.7984805107116699,
            0.0655396357178688
        ],
        [
            -0.16840587556362152,
            -0.8032525777816772,
            0.06390301883220673
        ],
        [
            -0.17298735678195953,
            -0.8025011420249939,
            0.06996999680995941
        ],
        [
            -0.1702040731906891,
            -0.7975366115570068,
            0.07038979232311249
        ],
        [
            -0.16056746244430542,
            -0.8003853559494019,
            0.058852218091487885
        ],
        [
            -0.16410866379737854,
            -0.802314043045044,
            0.05986207723617554
        ],
        [
            -0.1638578474521637,
            -0.7982237935066223,
            0.06273366510868073
        ],
        [
            -0.15980765223503113,
            -0.7971738576889038,
            0.0623977966606617
        ],
        [
            -0.16602715849876404,
            -0.8097680807113647,
            0.06429645419120789
        ],
        [
            -0.17129260301589966,
            -0.8097028136253357,
            0.07008974254131317
        ],
        [
            -0.17593063414096832,
            -0.8091802000999451,
            0.07677601277828217
        ],
        [
            -0.17667876183986664,
            -0.8002666234970093,
            0.07688790559768677
        ],
        [
            -0.15635946393013,
            -0.7887266874313354,
            0.031710051000118256
        ],
        [
            -0.15977001190185547,
            -0.794316291809082,
            0.03854775056242943
        ],
        [
            -0.1560375988483429,
            -0.7900288105010986,
            0.042847175151109695
        ],
        [
            -0.1540738046169281,
            -0.7853509187698364,
            0.03688851743936539
        ],
        [
            -0.15645238757133484,
            -0.7952663898468018,
            0.05971039831638336
        ],
        [
            -0.15346866846084595,
            -0.7800225615501404,
            0.05522598698735237
        ],
        [
            -0.1549113690853119,
            -0.7835721969604492,
            0.055332161486148834
        ],
        [
            -0.15587706863880157,
            -0.7835390567779541,
            0.06248466297984123
        ],
        [
            -0.15471097826957703,
            -0.7801992893218994,
            0.06173500418663025
        ],
        [
            -0.1465483158826828,
            -0.7776485681533813,
            0.02203758992254734
        ],
        [
            -0.14748790860176086,
            -0.7755510807037354,
            0.029083548113703728
        ],
        [
            -0.14328324794769287,
            -0.7699179649353027,
            0.026995517313480377
        ],
        [
            -0.14061151444911957,
            -0.771213173866272,
            0.01977715641260147
        ],
        [
            -0.1397191286087036,
            -0.7649437189102173,
            0.02821725606918335
        ],
        [
            -0.13507208228111267,
            -0.7649900913238525,
            0.019102895632386208
        ],
        [
            -0.12711811065673828,
            -0.7521480321884155,
            0.026367725804448128
        ],
        [
            -0.13065582513809204,
            -0.7579900622367859,
            0.0223722904920578
        ],
        [
            -0.1366891860961914,
            -0.7598178386688232,
            0.03158937394618988
        ],
        [
            -0.13538748025894165,
            -0.7544134855270386,
            0.037348635494709015
        ],
        [
            -0.13856159150600433,
            -0.7569013833999634,
            0.05207982286810875
        ],
        [
            -0.1378057301044464,
            -0.7552965879440308,
            0.05827096477150917
        ],
        [
            -0.13436459004878998,
            -0.7443064451217651,
            0.05230773985385895
        ],
        [
            -0.1350858360528946,
            -0.7482630610466003,
            0.04512646794319153
        ],
        [
            -0.14770342409610748,
            -0.7758591771125793,
            0.05322711542248726
        ],
        [
            -0.14706821739673615,
            -0.7765381336212158,
            0.04855163022875786
        ],
        [
            -0.14957170188426971,
            -0.777220606803894,
            0.04936111718416214
        ],
        [
            -0.15093527734279633,
            -0.7774486541748047,
            0.054478153586387634
        ],
        [
            -0.14695706963539124,
            -0.7766792178153992,
            0.04445453733205795
        ],
        [
            -0.14694003760814667,
            -0.7765945196151733,
            0.042634814977645874
        ],
        [
            -0.14832045137882233,
            -0.7774266600608826,
            0.043450113385915756
        ],
        [
            -0.14759525656700134,
            -0.77720046043396,
            0.044768184423446655
        ],
        [
            -0.14714792370796204,
            -0.7767989039421082,
            0.04673919826745987
        ],
        [
            -0.14640682935714722,
            -0.7749476432800293,
            0.047700218856334686
        ],
        [
            -0.14672115445137024,
            -0.7758388519287109,
            0.045386239886283875
        ],
        [
            -0.14702382683753967,
            -0.7734828591346741,
            0.05197235569357872
        ],
        [
            -0.1476871371269226,
            -0.7696552276611328,
            0.06627276539802551
        ],
        [
            -0.14823675155639648,
            -0.7702324390411377,
            0.06233895570039749
        ],
        [
            -0.14814144372940063,
            -0.7747723460197449,
            0.06357170641422272
        ],
        [
            -0.14778584241867065,
            -0.7745785713195801,
            0.06691639125347137
        ],
        [
            -0.14971742033958435,
            -0.7787355184555054,
            0.04582677781581879
        ],
        [
            -0.15091006457805634,
            -0.7801872491836548,
            0.043566279113292694
        ],
        [
            -0.1530247926712036,
            -0.7818982601165771,
            0.04851355031132698
        ],
        [
            -0.15116623044013977,
            -0.7795418500900269,
            0.04917273297905922
        ],
        [
            -0.15247341990470886,
            -0.7819117307662964,
            0.041026629507541656
        ],
        [
            -0.14913898706436157,
            -0.778628945350647,
            0.04123211279511452
        ],
        [
            -0.15022149682044983,
            -0.7793620824813843,
            0.03819834440946579
        ],
        [
            -0.1460898220539093,
            -0.7750062942504883,
            0.043006155639886856
        ],
        [
            -0.1454371213912964,
            -0.7737838625907898,
            0.039770279079675674
        ],
        [
            -0.14742779731750488,
            -0.775887668132782,
            0.039884328842163086
        ],
        [
            -0.1439145803451538,
            -0.7707524299621582,
            0.0415671207010746
        ],
        [
            -0.14533789455890656,
            -0.7730517387390137,
            0.04552489146590233
        ],
        [
            -0.14562754333019257,
            -0.770645260810852,
            0.04968413710594177
        ],
        [
            -0.146196186542511,
            -0.768216609954834,
            0.05507803335785866
        ],
        [
            -0.14305099844932556,
            -0.7646034955978394,
            0.051256753504276276
        ],
        [
            -0.14332933723926544,
            -0.7674797773361206,
            0.045647427439689636
        ],
        [
            -0.15448766946792603,
            -0.7857112884521484,
            0.046680748462677
        ],
        [
            -0.1474459171295166,
            -0.7756291031837463,
            0.03522732853889465
        ],
        [
            -0.15104897320270538,
            -0.7813029885292053,
            0.032642848789691925
        ],
        [
            -0.144842267036438,
            -0.7715561389923096,
            0.0344814695417881
        ],
        [
            -0.142240971326828,
            -0.7676273584365845,
            0.035903893411159515
        ],
        [
            -0.14049357175827026,
            -0.7636775970458984,
            0.03984946757555008
        ],
        [
            -0.1394999921321869,
            -0.759975790977478,
            0.04579068720340729
        ],
        [
            -0.12351167947053909,
            -0.739404559135437,
            0.044512469321489334
        ],
        [
            -0.1257123351097107,
            -0.7447584867477417,
            0.035945914685726166
        ],
        [
            -0.18355324864387512,
            -0.8501521944999695,
            0.047187689691782
        ],
        [
            -0.1846669614315033,
            -0.8496569395065308,
            0.03811359405517578
        ],
        [
            -0.1781061589717865,
            -0.8438403010368347,
            0.03500727564096451
        ],
        [
            -0.17951549589633942,
            -0.8459534645080566,
            0.03346783667802811
        ],
        [
            -0.1805996298789978,
            -0.8465412855148315,
            0.03977637737989426
        ],
        [
            -0.17888540029525757,
            -0.8439226150512695,
            0.039696451276540756
        ],
        [
            -0.16813834011554718,
            -0.841468334197998,
            0.01565433107316494
        ],
        [
            -0.17060384154319763,
            -0.8417945504188538,
            0.022127598524093628
        ],
        [
            -0.16826041042804718,
            -0.8387181758880615,
            0.020964525640010834
        ],
        [
            -0.1662464737892151,
            -0.8352639675140381,
            0.013394847512245178
        ],
        [
            -0.1683950275182724,
            -0.82981276512146,
            0.029988940805196762
        ],
        [
            -0.1679827719926834,
            -0.8317925333976746,
            0.02489309385418892
        ],
        [
            -0.1707080900669098,
            -0.8373520374298096,
            0.029914988204836845
        ],
        [
            -0.17120146751403809,
            -0.8358621001243591,
            0.03355768322944641
        ],
        [
            -0.17106559872627258,
            -0.83499675989151,
            0.037689801305532455
        ],
        [
            -0.1704307496547699,
            -0.8348467350006104,
            0.042092081159353256
        ],
        [
            -0.16823114454746246,
            -0.8300369381904602,
            0.04104793816804886
        ],
        [
            -0.16854408383369446,
            -0.8294399976730347,
            0.035659514367580414
        ],
        [
            -0.17929625511169434,
            -0.8474185466766357,
            0.046187009662389755
        ],
        [
            -0.1756666749715805,
            -0.8472747802734375,
            0.05260610952973366
        ],
        [
            -0.17449405789375305,
            -0.844641387462616,
            0.05067199468612671
        ],
        [
            -0.17792806029319763,
            -0.844460129737854,
            0.04546033963561058
        ],
        [
            -0.16337019205093384,
            -0.8411285281181335,
            0.05710659921169281
        ],
        [
            -0.1657448709011078,
            -0.8429283499717712,
            0.05673626437783241
        ],
        [
            -0.16573332250118256,
            -0.8441147804260254,
            0.06051791086792946
        ],
        [
            -0.16293802857398987,
            -0.8403338193893433,
            0.06051110848784447
        ],
        [
            -0.16283579170703888,
            -0.8373671174049377,
            0.05818268656730652
        ],
        [
            -0.16358624398708344,
            -0.8393806219100952,
            0.05594388023018837
        ],
        [
            -0.19494280219078064,
            -0.9051986336708069,
            0.04557974264025688
        ],
        [
            -0.1947416365146637,
            -0.8868622779846191,
            0.0525750033557415
        ],
        [
            -0.18896672129631042,
            -0.9012200236320496,
            0.026253383606672287
        ],
        [
            -0.17999649047851562,
            -0.8939759731292725,
            0.011529779061675072
        ],
        [
            -0.17076535522937775,
            -0.8834069967269897,
            -0.0003566155210137367
        ],
        [
            -0.14499107003211975,
            -0.7835919260978699,
            0.012924610637128353
        ],
        [
            -0.13736826181411743,
            -0.7772113084793091,
            0.00844183936715126
        ],
        [
            -0.13276472687721252,
            -0.7873544096946716,
            -0.0028395033441483974
        ],
        [
            -0.12454016506671906,
            -0.7795580625534058,
            -0.004205344244837761
        ],
        [
            -0.13005095720291138,
            -0.7691746950149536,
            0.007749598938971758
        ],
        [
            -0.1172042191028595,
            -0.7530851364135742,
            0.016846684738993645
        ],
        [
            -0.12328439950942993,
            -0.7606533765792847,
            0.010397039353847504
        ],
        [
            -0.11518995463848114,
            -0.7720669507980347,
            -0.003308661049231887
        ],
        [
            -0.10913035273551941,
            -0.7878961563110352,
            -0.015788622200489044
        ],
        [
            -0.11943645030260086,
            -0.7923121452331543,
            -0.013854317367076874
        ],
        [
            -0.10481975227594376,
            -0.8065419793128967,
            -0.023079965263605118
        ],
        [
            -0.09607300162315369,
            -0.7841784358024597,
            -0.01761578768491745
        ],
        [
            -0.09600920975208282,
            -0.8082814812660217,
            -0.024483155459165573
        ],
        [
            -0.08610358089208603,
            -0.7519426345825195,
            -0.004221609327942133
        ],
        [
            -0.0819259062409401,
            -0.7438428401947021,
            -0.007720876485109329
        ],
        [
            -0.07525207102298737,
            -0.7532083988189697,
            -0.022560490295290947
        ],
        [
            -0.08041679114103317,
            -0.7615925669670105,
            -0.019641485065221786
        ],
        [
            -0.1290583610534668,
            -0.7974216938018799,
            -0.010719229467213154
        ],
        [
            -0.15736502408981323,
            -0.8550671339035034,
            -0.005129883997142315
        ],
        [
            -0.16508343815803528,
            -0.8514876365661621,
            0.003659733571112156
        ],
        [
            -0.15104186534881592,
            -0.8436872959136963,
            -0.009542562067508698
        ],
        [
            -0.16236501932144165,
            -0.9165680408477783,
            -0.010952011682093143
        ],
        [
            -0.1739286184310913,
            -0.9067758321762085,
            3.547593951225281e-05
        ],
        [
            -0.16535696387290955,
            -0.8939945101737976,
            -0.009555976837873459
        ],
        [
            -0.15631496906280518,
            -0.9047490954399109,
            -0.019655423238873482
        ],
        [
            -0.16984125971794128,
            -0.9479174613952637,
            0.02069712057709694
        ],
        [
            -0.18627633154392242,
            -0.9279382228851318,
            0.03226889297366142
        ],
        [
            -0.18128541111946106,
            -0.9191758036613464,
            0.016472021117806435
        ],
        [
            -0.16829882562160492,
            -0.9344334602355957,
            0.005822841078042984
        ],
        [
            -0.14635184407234192,
            -0.9104975461959839,
            -0.02739916928112507
        ],
        [
            -0.1315629631280899,
            -0.917634129524231,
            -0.035508837550878525
        ],
        [
            -0.12935064733028412,
            -0.9349334239959717,
            -0.03334769606590271
        ],
        [
            -0.1476476490497589,
            -0.9284709692001343,
            -0.022019192576408386
        ],
        [
            -0.12511731684207916,
            -0.9568033218383789,
            -0.023464331403374672
        ],
        [
            -0.1475028693675995,
            -0.948978066444397,
            -0.009882394224405289
        ],
        [
            -0.08208896964788437,
            -0.7985951900482178,
            -0.027599260210990906
        ],
        [
            -0.08624624460935593,
            -0.8172386884689331,
            -0.028345823287963867
        ],
        [
            -0.08772006630897522,
            -0.771401047706604,
            -0.01608641818165779
        ],
        [
            -0.07765399664640427,
            -0.7834374904632568,
            -0.027587831020355225
        ],
        [
            -0.11819855868816376,
            -0.9736393690109253,
            -0.008062738925218582
        ],
        [
            -0.14535337686538696,
            -0.9656639695167542,
            0.007294025272130966
        ],
        [
            -0.07815496623516083,
            -0.9134560823440552,
            -0.04932139441370964
        ],
        [
            -0.09236910939216614,
            -0.927122175693512,
            -0.04595118761062622
        ],
        [
            -0.10373662412166595,
            -0.9097259044647217,
            -0.046316031366586685
        ],
        [
