{
    "pred_cam": [
        1.496657133102417,
        0.20231124758720398,
        0.33020666241645813
    ],
    "pred_smpl_params": {
        "global_orient": [
            [
                [
                    -0.743311882019043,
                    0.0017531937919557095,
                    -0.6689426302909851
                ],
                [
                    0.1095859631896019,
                    -0.986167848110199,
                    -0.12435369193553925
                ],
                [
                    -0.6599078178405762,
                    -0.16574031114578247,
                    0.7328381538391113
                ]
            ]
        ],
        "body_pose": [
            [
                [
                    0.9997302293777466,
                    0.017889920622110367,
                    -0.014810556545853615
                ],
                [
                    -0.0163950826972723,
                    0.9952904582023621,
                    0.09554056823253632
                ],
                [
                    0.01645001955330372,
                    -0.09527198225259781,
                    0.9953152537345886
                ]
            ],
            [
                [
                    0.9828385710716248,
                    0.010581521317362785,
                    -0.18416373431682587
                ],
                [
                    -0.0019594798795878887,
                    0.9988959431648254,
                    0.046936411410570145
                ],
                [
                    0.18445707857608795,
                    -0.045770056545734406,
                    0.9817742109298706
                ]
            ],
            [
                [
                    0.99489825963974,
                    -0.007725690025836229,
                    0.1005871519446373
                ],
                [
                    0.027947502210736275,
                    0.9791468977928162,
                    -0.20122188329696655
                ],
                [
                    -0.09693502634763718,
                    0.20300646126270294,
                    0.9743674397468567
                ]
            ],
            [
                [
                    0.9836711883544922,
                    -0.015338683500885963,
                    -0.17932021617889404
                ],
                [
                    -0.01737971417605877,
                    0.9836093187332153,
                    -0.17947342991828918
                ],
                [
                    0.17913390696048737,
                    0.17965936660766602,
                    0.9672815799713135
                ]
            ],
            [
                [
                    0.9675184488296509,
                    -0.2393127679824829,
                    -0.08147168159484863
                ],
                [
                    0.17704500257968903,
                    0.8714794516563416,
                    -0.4573605954647064
                ],
                [
                    0.18045315146446228,
                    0.42808055877685547,
                    0.885541558265686
                ]
            ],
            [
                [
                    0.995448112487793,
                    -0.035754792392253876,
                    0.08834314346313477
                ],
                [
                    0.034499868750572205,
                    0.9992814660072327,
                    0.01569194346666336
                ],
                [
                    -0.08884073793888092,
                    -0.012572691775858402,
                    0.995966374874115
                ]
            ],
            [
                [
                    0.9778234958648682,
                    0.027489690110087395,
                    0.2076186090707779
                ],
                [
                    -0.03337486833333969,
                    0.9991327524185181,
                    0.02489607036113739
                ],
                [
                    -0.2067541778087616,
                    -0.03127320855855942,
                    0.9778929352760315
                ]
            ],
            [
                [
                    0.9691558480262756,
                    0.019988546147942543,
                    -0.24563677608966827
                ],
                [
                    -0.0015380519907921553,
                    0.9971765875816345,
                    0.07507629692554474
                ],
                [
                    0.24644391238689423,
                    -0.07238283008337021,
                    0.9664502739906311
                ]
            ],
            [
                [
                    0.9969677925109863,
                    -0.017886627465486526,
                    0.07573136687278748
                ],
                [
                    0.02209278754889965,
                    0.9982379674911499,
                    -0.055072177201509476
                ],
                [
                    -0.07461287081241608,
                    0.05657830834388733,
                    0.9956062436103821
                ]
            ],
            [
                [
                    0.9937720894813538,
                    -0.11142823845148087,
                    0.0008399804355576634
                ],
                [
                    0.11132990568876266,
                    0.9931606650352478,
                    0.03518074005842209
                ],
                [
                    -0.004754362162202597,
                    -0.03486812487244606,
                    0.9993806481361389
                ]
            ],
            [
                [
                    0.9997601509094238,
                    0.018088646233081818,
                    0.01234444696456194
                ],
                [
                    -0.018364379182457924,
                    0.9995758533477783,
                    0.022601304575800896
                ],
                [
                    -0.011930384673178196,
                    -0.022822583094239235,
                    0.999668300151825
                ]
            ],
            [
                [
                    0.9991534948348999,
                    -0.015871385112404823,
                    0.03795357421040535
                ],
                [
                    0.01671459898352623,
                    0.9996181130409241,
                    -0.022003866732120514
                ],
                [
                    -0.03758985176682472,
                    0.022619618102908134,
                    0.9990372061729431
                ]
            ],
            [
                [
                    0.9844973683357239,
                    0.11578796058893204,
                    -0.13174986839294434
                ],
                [
                    -0.1091521829366684,
                    0.9924154877662659,
                    0.056544575840234756
                ],
                [
                    0.13729779422283173,
                    -0.04128720611333847,
                    0.9896689653396606
                ]
            ],
            [
                [
                    0.9300500154495239,
                    -0.22282421588897705,
                    0.2921580970287323
                ],
                [
                    0.22268694639205933,
                    0.9742906093597412,
                    0.03417861461639404
                ],
                [
                    -0.2922627627849579,
                    0.03327198326587677,
                    0.9557590484619141
                ]
            ],
            [
                [
                    0.9948735237121582,
                    0.052376244217157364,
                    -0.08650583773851395
                ],
                [
                    -0.07140529900789261,
                    0.9695707559585571,
                    -0.23416641354560852
                ],
                [
                    0.071608766913414,
                    0.23914296925067902,
                    0.9683402180671692
                ]
            ],
            [
                [
                    0.7305416464805603,
                    0.6425053477287292,
                    -0.23129144310951233
                ],
                [
                    -0.6461515426635742,
                    0.7599706053733826,
                    0.0702342540025711
                ],
                [
                    0.22090059518814087,
                    0.09814027696847916,
                    0.9703460335731506
                ]
            ],
            [
                [
                    0.5739119648933411,
                    -0.75517338514328,
                    0.3167620599269867
                ],
                [
                    0.7517924308776855,
                    0.6392294764518738,
                    0.16184508800506592
                ],
                [
                    -0.32470473647117615,
                    0.1452544778585434,
                    0.9345951080322266
                ]
            ],
            [
                [
                    0.8986842632293701,
                    -0.058859679847955704,
                    -0.43462878465652466
                ],
                [
                    0.05368721857666969,
                    0.9982649683952332,
                    -0.024180913344025612
                ],
                [
                    0.43529796600341797,
                    -0.0016029932303354144,
                    0.900285005569458
                ]
            ],
            [
                [
                    0.9257834553718567,
                    0.08934479206800461,
                    0.36734524369239807
                ],
                [
                    -0.07845600694417953,
                    0.9959238171577454,
                    -0.044501252472400665
                ],
                [
                    -0.3698238432407379,
                    0.012378075160086155,
                    0.9290194511413574
                ]
            ],
            [
                [
                    0.999491274356842,
                    -0.025115998461842537,
                    0.019657857716083527
                ],
                [
                    0.024108951911330223,
                    0.9984637498855591,
                    0.049889735877513885
                ],
                [
                    -0.02088068798184395,
                    -0.04939042404294014,
                    0.9985613226890564
                ]
            ],
            [
                [
                    0.9998266100883484,
                    0.01859021745622158,
                    0.0010706816101446748
                ],
                [
                    -0.01862100325524807,
                    0.9980812072753906,
                    0.05905113369226456
                ],
                [
                    2.9146276574465446e-05,
                    -0.05906083434820175,
                    0.9982542991638184
                ]
            ],
            [
                [
                    0.9808022379875183,
                    0.17152199149131775,
                    -0.09277518838644028
                ],
                [
                    -0.15480300784111023,
                    0.9741591811180115,
                    0.16446848213672638
                ],
                [
                    0.11858776211738586,
                    -0.1469491571187973,
                    0.9820096492767334
                ]
            ],
            [
                [
                    0.9859495759010315,
                    -0.14952360093593597,
                    0.0744728296995163
                ],
                [
                    0.13759900629520416,
                    0.9797532558441162,
                    0.14543002843856812
                ],
                [
                    -0.09471023082733154,
                    -0.13313928246498108,
                    0.9865615963935852
                ]
            ]
        ],
        "betas": [
            -0.18467852473258972,
            -0.18802794814109802,
            0.21879026293754578,
            0.4034515619277954,
            0.18732908368110657,
            0.08563143014907837,
            0.05018585920333862,
            -0.15844151377677917,
            -0.005498155951499939,
            -0.07136857509613037
        ]
    },
    "pred_cam_t": [
        0.20231124758720398,
        0.33020666241645813,
        26.09983253479004
    ],
    "focal_length": [
        5000.0,
        5000.0
    ],
    "pred_keypoints_3d": [
        [
            -0.16715119779109955,
            -0.8075363039970398,
            0.08870821446180344
        ],
        [
            -0.01988515444099903,
            -0.7345961928367615,
            -0.006702553480863571
        ],
        [
            0.06898115575313568,
            -0.6504680514335632,
            0.1510724276304245
        ],
        [
            0.06090947985649109,
            -0.4193308651447296,
            0.24576666951179504
        ],
        [
            -0.05060945451259613,
            -0.2333580106496811,
            0.3708857297897339
        ],
        [
            -0.117963507771492,
            -0.6569145917892456,
            -0.15080872178077698
        ],
        [
            -0.2306220829486847,
            -0.4544890522956848,
            -0.2597678303718567
        ],
        [
            -0.4231263995170593,
            -0.3036600947380066,
            -0.26438868045806885
        ],
        [
            -0.001894899643957615,
            -0.2269369661808014,
            0.028445733711123466
        ],
        [
            0.05123709514737129,
            -0.14462882280349731,
            0.08512619882822037
        ],
        [
            0.07795509696006775,
            0.21985962986946106,
            0.17360767722129822
        ],
        [
            0.07947999238967896,
            0.5767437219619751,
            0.014234378933906555
        ],
        [
            -0.04934278130531311,
            -0.12831294536590576,
            -0.007324138656258583
        ],
        [
            -0.09016754478216171,
            0.23139581084251404,
            0.05851689726114273
        ],
        [
            -0.035235390067100525,
            0.617854118347168,
            0.06762244552373886
        ],
        [
            -0.1318853795528412,
            -0.856433093547821,
            0.09968110918998718
        ],
        [
            -0.171255961060524,
            -0.8514899015426636,
            0.04639655351638794
        ],
        [
            -0.030262961983680725,
            -0.8688485026359558,
            0.0769076943397522
        ],
        [
            -0.1181735247373581,
            -0.8590335249900818,
            -0.04169270396232605
        ],
        [
            -0.15707913041114807,
            0.6629467010498047,
            0.2206340879201889
        ],
        [
            -0.1748896837234497,
            0.6762542724609375,
            0.1394345462322235
        ],
        [
            -0.0005750861018896103,
            0.6572770476341248,
            0.022148557007312775
        ],
        [
            0.0322108156979084,
            0.6684242486953735,
            0.18364451825618744
        ],
        [
            0.11421485990285873,
            0.6686270833015442,
            0.15321168303489685
        ],
        [
            0.09664217382669449,
            0.6056135892868042,
            -0.049341604113578796
        ],
        [
            0.10912838578224182,
            0.5241955518722534,
            0.010518781840801239
        ],
        [
            0.07581362128257751,
            0.1569013148546219,
            0.16957609355449677
        ],
        [
            0.11452827602624893,
            -0.2718920111656189,
            0.11316537111997604
        ],
        [
            -0.09522446244955063,
            -0.2235592156648636,
            -0.08864254504442215
        ],
        [
            -0.09712646901607513,
            0.1916464865207672,
            0.04305233433842659
        ],
        [
            -0.02844265103340149,
            0.5866531133651733,
            0.0388440266251564
        ],
        [
            -0.07069572806358337,
            -0.2625538110733032,
            0.3625848889350891
        ],
        [
            0.0564902201294899,
            -0.4483097195625305,
            0.27225732803344727
        ],
        [
            0.0542217418551445,
            -0.679564356803894,
            0.11888829618692398
        ],
        [
            -0.0987377017736435,
            -0.6836694478988647,
            -0.1343797743320465
        ],
        [
            -0.2567787766456604,
            -0.49684086441993713,
            -0.25928109884262085
        ],
        [
            -0.4254894256591797,
            -0.32345396280288696,
            -0.25883355736732483
        ],
        [
            -0.027280621230602264,
            -0.7324450016021729,
            -0.0028238389641046524
        ],
        [
            -0.1017916202545166,
            -0.9111182689666748,
            0.02853190153837204
        ],
        [
            0.009477329440414906,
            -0.24791443347930908,
            0.011556106619536877
        ],
        [
            -0.022391553968191147,
            -0.6785825490951538,
            -0.005641894415020943
        ],
        [
            0.008069481700658798,
            -0.4937705993652344,
            -0.015780726447701454
        ],
        [
            -0.10622837394475937,
            -0.7973671555519104,
            0.03769349306821823
        ],
        [
            -0.09704697132110596,
            -0.9313697814941406,
            0.02837790548801422
        ]
    ],
    "pred_vertices": [
        [
            -0.18870995938777924,
            -0.8968614339828491,
            0.04057104513049126
        ],
        [
            -0.1872507631778717,
            -0.8814638257026672,
            0.048282135277986526
        ],
        [
            -0.18566709756851196,
            -0.8791533708572388,
            0.034145474433898926
        ],
        [
            -0.18453799188137054,
            -0.8912338018417358,
            0.02454003132879734
        ],
        [
            -0.1861897110939026,
            -0.8690788745880127,
            0.03999173641204834
        ],
        [
            -0.18601274490356445,
            -0.869664192199707,
            0.05215763300657272
        ],
        [
            -0.1801835149526596,
            -0.8750096559524536,
            0.02226855978369713
        ],
        [
            -0.1768607199192047,
            -0.8836125135421753,
            0.012091457843780518
        ],
        [
            -0.16684651374816895,
            -0.8420780301094055,
            0.008279027417302132
        ],
        [
            -0.16083967685699463,
            -0.8396216630935669,
            -0.0007347557693719864
        ],
        [
            -0.1645093411207199,
            -0.8512420058250427,
            0.001321614719927311
        ],
        [
            -0.16882482171058655,
            -0.8507944345474243,
            0.01071200706064701
        ],
        [
            -0.15779449045658112,
            -0.8176569938659668,
            0.005243300460278988
        ],
        [
            -0.15877893567085266,
            -0.8074135780334473,
            0.014423500746488571
        ],
        [
            -0.15043023228645325,
            -0.8005849719047546,
            0.006248890422284603
        ],
        [
            -0.14777983725070953,
            -0.8107614517211914,
            -0.0024835700169205666
        ],
        [
            -0.1614769548177719,
            -0.8183509111404419,
            0.05535290762782097
        ],
        [
            -0.1623108983039856,
            -0.811801552772522,
            0.049807436764240265
        ],
        [
            -0.16551968455314636,
            -0.8181537389755249,
            0.046664800494909286
        ],
        [
            -0.16379597783088684,
            -0.8240810632705688,
            0.05251957103610039
        ],
        [
            -0.16312892735004425,
            -0.8272446393966675,
            0.06698176264762878
        ],
        [
            -0.16239073872566223,
            -0.8331689834594727,
            0.06456240266561508
        ],
        [
            -0.16457794606685638,
            -0.8361846208572388,
            0.07165239006280899
        ],
        [
            -0.16648390889167786,
            -0.8292961120605469,
            0.0739060491323471
        ],
        [
            -0.15711015462875366,
            -0.8136727809906006,
            0.05938483774662018
        ],
        [
            -0.15777510404586792,
            -0.8069742918014526,
            0.05336390435695648
        ],
        [
            -0.16123737394809723,
            -0.8238986730575562,
            0.060384687036275864
        ],
        [
            -0.16079643368721008,
            -0.8192720413208008,
            0.06299479305744171
        ],
        [
            -0.16606423258781433,
            -0.8114921450614929,
            0.07090690732002258
        ],
        [
            -0.16688217222690582,
            -0.8162134885787964,
            0.06911972165107727
        ],
        [
            -0.1706206500530243,
            -0.8160978555679321,
            0.0758088231086731
        ],
        [
            -0.16814222931861877,
            -0.8109800219535828,
            0.07613812386989594
        ],
        [
            -0.1600130796432495,
            -0.8125017881393433,
            0.06319466233253479
        ],
        [
            -0.16325068473815918,
            -0.8147484064102173,
            0.06457401812076569
        ],
        [
            -0.16286349296569824,
            -0.8108312487602234,
            0.06763330847024918
        ],
        [
            -0.1589527726173401,
            -0.8094736337661743,
            0.0668276995420456
        ],
        [
            -0.16405156254768372,
            -0.8225255012512207,
            0.06877380609512329
        ],
        [
            -0.16846781969070435,
            -0.8231256008148193,
            0.07524622231721878
        ],
        [
            -0.17219775915145874,
            -0.8233044743537903,
            0.0825556069612503
        ],
        [
            -0.1734451949596405,
            -0.814489483833313,
            0.08332344889640808
        ],
        [
            -0.16023819148540497,
            -0.7992364168167114,
            0.03626789525151253
        ],
        [
            -0.1623326539993286,
            -0.805390477180481,
            0.043196793645620346
        ],
        [
            -0.15837031602859497,
            -0.8010513782501221,
            0.04721201956272125
        ],
        [
            -0.1575411558151245,
            -0.7959422469139099,
            0.041298504918813705
        ],
        [
            -0.1561601758003235,
            -0.8071379661560059,
            0.06377910077571869
        ],
        [
            -0.15476752817630768,
            -0.7914313077926636,
            0.059793222695589066
        ],
        [
            -0.15595507621765137,
            -0.7950890064239502,
            0.05989653244614601
        ],
        [
            -0.1559344232082367,
            -0.7954807877540588,
            0.06714888662099838
        ],
        [
            -0.1550929844379425,
            -0.7920191287994385,
            0.06643261015415192
        ],
        [
            -0.15260806679725647,
            -0.7870100736618042,
            0.025994613766670227
        ],
        [
            -0.1527538299560547,
            -0.7853022813796997,
            0.033241137862205505
        ],
        [
            -0.1492546945810318,
            -0.779273509979248,
            0.030910853296518326
        ],
        [
            -0.14748615026474,
            -0.7800307273864746,
            0.0233141016215086
        ],
        [
            -0.1458098292350769,
            -0.774081289768219,
            0.03190096095204353
        ],
        [
            -0.14242561161518097,
            -0.7733725309371948,
            0.0221775621175766
        ],
        [
            -0.13418897986412048,
            -0.7604237794876099,
            0.028960907831788063
        ],
        [
            -0.13796105980873108,
            -0.7662230730056763,
            0.025191936641931534
        ],
        [
            -0.14264068007469177,
            -0.768913745880127,
            0.03509736806154251
        ],
        [
            -0.14090633392333984,
            -0.7637113332748413,
            0.04093458503484726
        ],
        [
            -0.142085999250412,
            -0.7671269178390503,
            0.055928271263837814
        ],
        [
            -0.14063218235969543,
            -0.7657214403152466,
            0.062140125781297684
        ],
        [
            -0.13868775963783264,
            -0.7542463541030884,
            0.056328337639570236
        ],
        [
            -0.13997039198875427,
            -0.7579401731491089,
            0.04901174083352089
        ],
        [
            -0.14965569972991943,
            -0.7867876291275024,
            0.05722610279917717
        ],
        [
            -0.1496323049068451,
            -0.7871885299682617,
            0.05244515463709831
        ],
        [
            -0.15198267996311188,
            -0.7880754470825195,
            0.05355840176343918
        ],
        [
            -0.1526036262512207,
            -0.7886783480644226,
            0.058826129883527756
        ],
        [
            -0.15011852979660034,
            -0.7870975136756897,
            0.04835543781518936
        ],
        [
            -0.15037459135055542,
            -0.7869181632995605,
            0.046558354049921036
        ],
        [
            -0.1515682190656662,
            -0.7878882884979248,
            0.047507673501968384
        ],
        [
            -0.1506914496421814,
            -0.7876790761947632,
            0.048713527619838715
        ],
        [
            -0.14997655153274536,
            -0.787353515625,
            0.050635822117328644
        ],
        [
            -0.14919711649417877,
            -0.7855111360549927,
            0.0515921376645565
        ],
        [
            -0.1497902274131775,
            -0.7862951755523682,
            0.04929347708821297
        ],
        [
            -0.1493072211742401,
            -0.7843193411827087,
            0.05601520836353302
        ],
        [
            -0.1482475847005844,
            -0.7811899781227112,
            0.07064367830753326
        ],
        [
            -0.14932674169540405,
            -0.7816644310951233,
            0.06672461330890656
        ],
        [
            -0.14878365397453308,
            -0.7862585783004761,
            0.06768281757831573
        ],
        [
            -0.1479412317276001,
            -0.7861545085906982,
            0.07102078944444656
        ],
        [
            -0.1524982899427414,
            -0.7893785238265991,
            0.049985263496637344
        ],
        [
            -0.1538965255022049,
            -0.7908602952957153,
            0.047825634479522705
        ],
        [
            -0.15518292784690857,
            -0.7929734587669373,
            0.05293847620487213
        ],
        [
            -0.15340997278690338,
            -0.7905212640762329,
            0.053470429033041
        ],
        [
            -0.15565486252307892,
            -0.7925667762756348,
            0.04540914297103882
        ],
        [
            -0.15259979665279388,
            -0.7890491485595703,
            0.045349691063165665
        ],
        [
            -0.15396137535572052,
            -0.7896803617477417,
            0.042462460696697235
        ],
        [
            -0.14955946803092957,
            -0.7853031754493713,
            0.04689348116517067
        ],
        [
            -0.14944672584533691,
            -0.7838819622993469,
            0.04368014261126518
        ],
        [
            -0.15127979218959808,
            -0.7861217260360718,
            0.043948251754045486
        ],
        [
            -0.14785084128379822,
            -0.7808396816253662,
            0.045407433062791824
        ],
        [
            -0.148544579744339,
            -0.7834295034408569,
            0.04939532279968262
        ],
        [
            -0.1483878344297409,
            -0.781267523765564,
            0.0537138506770134
        ],
        [
            -0.14837050437927246,
            -0.7791521549224854,
            0.0593060627579689
        ],
        [
            -0.14605176448822021,
            -0.7751224637031555,
            0.05526983365416527
        ],
        [
            -0.1468876451253891,
            -0.7777354121208191,
            0.0495619960129261
        ],
        [
            -0.15658427774906158,
            -0.7967535257339478,
            0.051096901297569275
        ],
        [
            -0.15191464126110077,
            -0.7856639623641968,
            0.0393308587372303
        ],
        [
            -0.15539221465587616,
            -0.7914945483207703,
            0.03690839931368828
        ],
        [
            -0.14971067011356354,
            -0.7813680171966553,
            0.03847181424498558
        ],
        [
            -0.14718353748321533,
            -0.7773244380950928,
            0.03974129632115364
        ],
        [
            -0.14503693580627441,
            -0.7734298706054688,
            0.04362642765045166
        ],
        [
            -0.1436162292957306,
            -0.7699770331382751,
            0.04959318786859512
        ],
        [
            -0.12909714877605438,
            -0.7483832836151123,
            0.04734055697917938
        ],
        [
            -0.13194210827350616,
            -0.7534918785095215,
            0.0387776643037796
        ],
        [
            -0.18086375296115875,
            -0.8630391359329224,
            0.05179836228489876
        ],
        [
            -0.18325930833816528,
            -0.8621766567230225,
            0.043017927557229996
        ],
        [
            -0.17764398455619812,
            -0.8558037281036377,
            0.03942165896296501
        ],
        [
            -0.1791374385356903,
            -0.8579558730125427,
            0.03795097768306732
        ],
        [
            -0.1792575716972351,
            -0.8588825464248657,
            0.04431537911295891
        ],
        [
            -0.17771470546722412,
            -0.8562348484992981,
            0.04415985941886902
        ],
        [
            -0.17061573266983032,
            -0.8517025709152222,
            0.019014252349734306
        ],
        [
            -0.17214736342430115,
            -0.8525491952896118,
            0.025744013488292694
        ],
        [
            -0.17016325891017914,
            -0.8492622375488281,
            0.024447346106171608
        ],
        [
            -0.16948065161705017,
            -0.8452903032302856,
            0.01686002127826214
        ],
        [
            -0.169700026512146,
            -0.8408381938934326,
            0.033891547471284866
        ],
        [
            -0.16981588304042816,
            -0.8425246477127075,
            0.0286794975399971
        ],
        [
            -0.17151415348052979,
            -0.8485198616981506,
            0.033714283257722855
        ],
        [
            -0.17159676551818848,
            -0.8472594022750854,
            0.03749040514230728
        ],
        [
            -0.1709669828414917,
            -0.8465971350669861,
            0.0416296161711216
        ],
        [
            -0.16974763572216034,
            -0.8466404676437378,
            0.045923277735710144
        ],
        [
            -0.1680065542459488,
            -0.8416242599487305,
            0.04483945295214653
        ],
        [
            -0.16907557845115662,
            -0.8407739400863647,
            0.039565201848745346
        ],
        [
            -0.17703846096992493,
            -0.8599659204483032,
            0.050418637692928314
        ],
        [
            -0.1725802719593048,
            -0.8599172830581665,
            0.056288305670022964
        ],
        [
            -0.17185592651367188,
            -0.8571343421936035,
            0.054361265152692795
        ],
        [
            -0.175937220454216,
            -0.8569631576538086,
            0.0496678464114666
        ],
        [
            -0.16032478213310242,
            -0.8531442880630493,
            0.059437356889247894
        ],
        [
            -0.1625777781009674,
            -0.8550846576690674,
            0.05929695442318916
        ],
        [
            -0.16193731129169464,
            -0.8564754724502563,
            0.06293605268001556
        ],
        [
            -0.1594909429550171,
            -0.8524825572967529,
            0.06277921795845032
        ],
        [
            -0.15996862947940826,
            -0.8493980169296265,
            0.06066271290183067
        ],
        [
            -0.16086435317993164,
            -0.8513530492782593,
            0.058431386947631836
        ],
        [
            -0.1884627342224121,
            -0.9184699058532715,
            0.04858442023396492
        ],
        [
            -0.18847611546516418,
            -0.9006342887878418,
            0.05654934421181679
        ],
        [
            -0.18573880195617676,
            -0.9132401347160339,
            0.028954826295375824
        ],
        [
            -0.17941763997077942,
            -0.904772162437439,
            0.013511208817362785
        ],
        [
            -0.17257490754127502,
            -0.893179178237915,
            0.001213572919368744
        ],
        [
            -0.15196633338928223,
            -0.7923868298530579,
            0.016388436779379845
        ],
        [
            -0.14544349908828735,
            -0.7852975130081177,
            0.011272843927145004
        ],
        [
            -0.14166221022605896,
            -0.7945355772972107,
            -0.00112979207187891
        ],
        [
            -0.13411302864551544,
            -0.7861696481704712,
            -0.003154571633785963
        ],
        [
            -0.1386847048997879,
            -0.7767176628112793,
            0.009988108649849892
        ],
        [
            -0.12535789608955383,
            -0.7603722214698792,
            0.01816234178841114
        ],
        [
            -0.13201403617858887,
            -0.7679048776626587,
            0.01217263750731945
        ],
        [
            -0.12499439716339111,
            -0.7782200574874878,
            -0.003161701839417219
        ],
        [
            -0.11975482106208801,
            -0.7929155826568604,
            -0.017233680933713913
        ],
        [
            -0.12947818636894226,
            -0.7979512214660645,
            -0.014083405956625938
        ],
        [
            -0.11536503583192825,
            -0.8108102083206177,
            -0.02610255405306816
        ],
        [
            -0.10695470869541168,
            -0.7883808016777039,
            -0.020690759643912315
        ],
        [
            -0.10653242468833923,
            -0.8119512796401978,
            -0.028925353661179543
        ],
        [
            -0.096451535820961,
            -0.75559401512146,
            -0.007669399492442608
        ],
        [
            -0.09298249334096909,
            -0.746732234954834,
            -0.011597316712141037
        ],
        [
            -0.08821899443864822,
            -0.7555468678474426,
            -0.027596745640039444
        ],
        [
            -0.09262122958898544,
            -0.7645227313041687,
            -0.02416180446743965
        ],
        [
            -0.13842158019542694,
            -0.803890585899353,
            -0.009951486252248287
        ],
        [
            -0.16213616728782654,
            -0.8634830117225647,
            -0.003691699355840683
        ],
        [
            -0.16862249374389648,
            -0.8608407974243164,
            0.006214426830410957
        ],
        [
            -0.15696480870246887,
            -0.8514911532402039,
            -0.008314627222716808
        ],
        [
            -0.16359952092170715,
            -0.9251542091369629,
            -0.012473057955503464
        ],
        [
            -0.17392516136169434,
            -0.9167507886886597,
            0.0006744861602783203
        ],
        [
            -0.16787008941173553,
            -0.9028619527816772,
            -0.009382378309965134
        ],
        [
            -0.15951672196388245,
            -0.912511944770813,
            -0.021183252334594727
        ],
        [
            -0.1645229160785675,
            -0.9583706259727478,
            0.01816304214298725
        ],
        [
            -0.18040916323661804,
            -0.9399579763412476,
            0.03307075798511505
        ],
        [
            -0.17817261815071106,
            -0.9302394986152649,
            0.017305653542280197
        ],
        [
            -0.16595199704170227,
            -0.9442288875579834,
            0.003961458802223206
        ],
        [
            -0.15035396814346313,
            -0.9171776175498962,
            -0.030671408399939537
        ],
        [
            -0.13635772466659546,
            -0.9228652119636536,
            -0.041086841374635696
        ],
        [
            -0.13271471858024597,
            -0.9400843381881714,
            -0.04019198566675186
        ],
        [
            -0.14975608885288239,
            -0.9353774785995483,
            -0.02608911506831646
        ],
        [
            -0.12580396234989166,
            -0.9621217846870422,
            -0.03212364763021469
        ],
        [
            -0.1465790569782257,
            -0.9564958810806274,
            -0.0151161327958107
        ],
        [
            -0.09354904294013977,
            -0.8012923002243042,
            -0.033465657383203506
        ],
        [
            -0.09680396318435669,
            -0.8200603127479553,
            -0.03473741561174393
        ],
        [
            -0.09900858998298645,
            -0.7750888466835022,
            -0.019873077049851418
        ],
        [
            -0.09000334143638611,
            -0.7859889268875122,
            -0.03341706097126007
        ],
        [
            -0.11569566279649734,
            -0.9792028665542603,
            -0.018781442195177078
        ],
        [
            -0.14106270670890808,
            -0.97391277551651,
            0.0005311965942382812
        ],
        [
            -0.08558210730552673,
            -0.9144337773323059,
            -0.061858341097831726
        ],
        [
            -0.09833624213933945,
            -0.9291659593582153,
            -0.05734357610344887
        ],
        [
            -0.11072022467851639,
            -0.9126151204109192,
            -0.055030107498168945
        ],
        [
            -0.09766147285699844,
