{
    "pred_cam": [
        1.5134527683258057,
        0.1766938418149948,
        0.3358599841594696
    ],
    "pred_smpl_params": {
        "global_orient": [
            [
                [
                    -0.8572407364845276,
                    -0.03878982737660408,
                    -0.5134525895118713
                ],
                [
                    0.09669150412082672,
                    -0.9915464520454407,
                    -0.08652400970458984
                ],
                [
                    -0.5057558417320251,
                    -0.12381841987371445,
                    0.8537446856498718
                ]
            ]
        ],
        "body_pose": [
            [
                [
                    0.9983128309249878,
                    0.009057877585291862,
                    -0.05735386908054352
                ],
                [
                    -0.004717385396361351,
                    0.9971447587013245,
                    0.07536698132753372
                ],
                [
                    0.05787276849150658,
                    -0.07496926188468933,
                    0.995505154132843
                ]
            ],
            [
                [
                    0.9923086762428284,
                    -0.023058656603097916,
                    -0.12162177264690399
                ],
                [
                    0.031207412481307983,
                    0.9973627328872681,
                    0.0655273050069809
                ],
                [
                    0.11979003250598907,
                    -0.06881880760192871,
                    0.9904112815856934
                ]
            ],
            [
                [
                    0.9968919157981873,
                    0.013658984564244747,
                    0.07758892327547073
                ],
                [
                    0.00017668618238531053,
                    0.9844654202461243,
                    -0.17557847499847412
                ],
                [
                    -0.07878183573484421,
                    0.17504645884037018,
                    0.9814032316207886
                ]
            ],
            [
                [
                    0.972433865070343,
                    -0.10916055738925934,
                    -0.20604945719242096
                ],
                [
                    -0.019978562369942665,
                    0.8414002656936646,
                    -0.5400428771972656
                ],
                [
                    0.23232148587703705,
                    0.5292725563049316,
                    0.8160252571105957
                ]
            ],
            [
                [
                    0.9572529196739197,
                    -0.2807583510875702,
                    0.06958098709583282
                ],
                [
                    0.24041712284088135,
                    0.6385212540626526,
                    -0.7310882806777954
                ],
                [
                    0.16083019971847534,
                    0.716564953327179,
                    0.6787254214286804
                ]
            ],
            [
                [
                    0.9977051615715027,
                    -0.03371947631239891,
                    0.05871545523405075
                ],
                [
                    0.030649268999695778,
                    0.99815434217453,
                    0.0524275079369545
                ],
                [
                    -0.0603749081492424,
                    -0.05050760135054588,
                    0.9968972206115723
                ]
            ],
            [
                [
                    0.9735392332077026,
                    0.006380454171448946,
                    0.22843074798583984
                ],
                [
                    -0.02406865917146206,
                    0.9969131946563721,
                    0.07473177462816238
                ],
                [
                    -0.22724878787994385,
                    -0.07825233787298203,
                    0.9706876873970032
                ]
            ],
            [
                [
                    0.968041181564331,
                    0.04015728458762169,
                    -0.24755534529685974
                ],
                [
                    -0.010317571461200714,
                    0.9926384091377258,
                    0.12067534774541855
                ],
                [
                    0.25057893991470337,
                    -0.11426454037427902,
                    0.9613291621208191
                ]
            ],
            [
                [
                    0.9983360171318054,
                    -0.022692719474434853,
                    0.053012434393167496
                ],
                [
                    0.025734804570674896,
                    0.9980180859565735,
                    -0.05742495879530907
                ],
                [
                    -0.05160423740744591,
                    0.05869366601109505,
                    0.9969413876533508
                ]
            ],
            [
                [
                    0.9936225414276123,
                    -0.09826469421386719,
                    -0.05530301108956337
                ],
                [
                    0.10252991318702698,
                    0.9914708733558655,
                    0.08045494556427002
                ],
                [
                    0.04692544788122177,
                    -0.08561204373836517,
                    0.9952228665351868
                ]
            ],
            [
                [
                    0.9995673298835754,
                    0.015995196998119354,
                    0.024683618918061256
                ],
                [
                    -0.017959877848625183,
                    0.996508002281189,
                    0.08154267817735672
                ],
                [
                    -0.023293133825063705,
                    -0.08195071667432785,
                    0.9963641166687012
                ]
            ],
            [
                [
                    0.9971606135368347,
                    -0.028729332610964775,
                    0.06960846483707428
                ],
                [
                    0.029075540602207184,
                    0.9995693564414978,
                    -0.003965402953326702
                ],
                [
                    -0.06946456432342529,
                    0.005978047382086515,
                    0.9975665211677551
                ]
            ],
            [
                [
                    0.9804005026817322,
                    0.19082072377204895,
                    -0.04901306703686714
                ],
                [
                    -0.18868747353553772,
                    0.981004536151886,
                    0.045022811740636826
                ],
                [
                    0.0566733293235302,
                    -0.034892234951257706,
                    0.997782826423645
                ]
            ],
            [
                [
                    0.9568899273872375,
                    -0.2850174605846405,
                    0.05591695010662079
                ],
                [
                    0.28387513756752014,
                    0.9584646821022034,
                    0.027574826031923294
                ],
                [
                    -0.06145372986793518,
                    -0.0105126416310668,
                    0.998054563999176
                ]
            ],
            [
                [
                    0.9983004927635193,
                    0.043653495609760284,
                    -0.03860611841082573
                ],
                [
                    -0.051281001418828964,
                    0.9727458953857422,
                    -0.2261318415403366
                ],
                [
                    0.02768249809741974,
                    0.22772730886936188,
                    0.9733312726020813
                ]
            ],
            [
                [
                    0.7488721609115601,
                    0.6247873902320862,
                    -0.2209780067205429
                ],
                [
                    -0.6265091300010681,
                    0.7761475443840027,
                    0.07128308713436127
                ],
                [
                    0.21604833006858826,
                    0.08506282418966293,
                    0.9726702570915222
                ]
            ],
            [
                [
                    0.5879311561584473,
                    -0.7993318438529968,
                    0.12411931902170181
                ],
                [
                    0.7890546917915344,
                    0.6004964709281921,
                    0.12960223853588104
                ],
                [
                    -0.1781284064054489,
                    0.02173972874879837,
                    0.9837671518325806
                ]
            ],
            [
                [
                    0.9373496174812317,
                    -0.05853152647614479,
                    -0.3434382975101471
                ],
                [
                    0.06290242075920105,
                    0.9980184435844421,
                    0.0015897732228040695
                ],
                [
                    0.3426646888256073,
                    -0.023093262687325478,
                    0.9391739964485168
                ]
            ],
            [
                [
                    0.872407078742981,
                    0.24856352806091309,
                    0.4208587408065796
                ],
                [
                    -0.26972511410713196,
                    0.9628897905349731,
                    -0.00957368966192007
                ],
                [
                    -0.40762025117874146,
                    -0.10516402125358582,
                    0.9070757031440735
                ]
            ],
            [
                [
                    0.9990605115890503,
                    0.005496480502188206,
                    0.04298572987318039
                ],
                [
                    -0.0030600891914218664,
                    0.998395562171936,
                    -0.0565408319234848
                ],
                [
                    -0.04322754219174385,
                    0.05635618045926094,
                    0.9974743723869324
                ]
            ],
            [
                [
                    0.99802166223526,
                    -0.00028584894607774913,
                    -0.06287025660276413
                ],
                [
                    0.0018932744860649109,
                    0.9996727108955383,
                    0.025509094819426537
                ],
                [
                    0.06284239888191223,
                    -0.025577658787369728,
                    0.9976955652236938
                ]
            ],
            [
                [
                    0.9776026010513306,
                    0.18596403300762177,
                    -0.09854207932949066
                ],
                [
                    -0.1692633330821991,
                    0.9729894399642944,
                    0.1569761484861374
                ],
                [
                    0.12507231533527374,
                    -0.1367807239294052,
                    0.9826738834381104
                ]
            ],
            [
                [
                    0.9802337288856506,
                    -0.18322043120861053,
                    0.07464718073606491
                ],
                [
                    0.1720437854528427,
                    0.9757047891616821,
                    0.13565056025981903
                ],
                [
                    -0.09768756479024887,
                    -0.12012665718793869,
                    0.9879406690597534
                ]
            ]
        ],
        "betas": [
            -0.20782387256622314,
            -0.06110754609107971,
            0.29302266240119934,
            0.4094035029411316,
            0.1328403353691101,
            0.13139128684997559,
            0.010373592376708984,
            -0.1315968632698059,
            0.030075564980506897,
            -0.08040273189544678
        ]
    },
    "pred_cam_t": [
        0.1766938418149948,
        0.3358599841594696,
        25.81018829345703
    ],
    "focal_length": [
        5000.0,
        5000.0
    ],
    "pred_keypoints_3d": [
        [
            -0.14977969229221344,
            -0.8177244663238525,
            0.11660577356815338
        ],
        [
            -0.02746415138244629,
            -0.7353105545043945,
            -0.005678791552782059
        ],
        [
            0.11582154035568237,
            -0.6508994102478027,
            0.10816735774278641
        ],
        [
            0.172522634267807,
            -0.4151154160499573,
            0.16786739230155945
        ],
        [
            0.18891315162181854,
            -0.24791164696216583,
            0.35330313444137573
        ],
        [
            -0.1547679752111435,
            -0.6484552025794983,
            -0.12233277410268784
        ],
        [
            -0.2769448757171631,
            -0.4375728964805603,
            -0.20068863034248352
        ],
        [
            -0.45877963304519653,
            -0.2747648060321808,
            -0.18947412073612213
        ],
        [
            -0.0019140993244946003,
            -0.22646990418434143,
            0.02768825553357601
        ],
        [
            0.061704352498054504,
            -0.14300110936164856,
            0.068980872631073
        ],
        [
            0.09269997477531433,
            0.22559046745300293,
            0.1401640772819519
        ],
        [
            0.10244107991456985,
            0.49217236042022705,
            -0.14595377445220947
        ],
        [
            -0.05399778112769127,
            -0.12863165140151978,
            -0.0021389126777648926
        ],
        [
            -0.07835468649864197,
            0.23551762104034424,
            0.04961302503943443
        ],
        [
            0.003639429807662964,
            0.5770937204360962,
            -0.12171751260757446
        ],
        [
            -0.11068866401910782,
            -0.8645529747009277,
            0.11964257061481476
        ],
        [
            -0.1596166491508484,
            -0.8616644144058228,
            0.07518915832042694
        ],
        [
            -0.015347741544246674,
            -0.870330810546875,
            0.07721757143735886
        ],
        [
            -0.12395994365215302,
            -0.8650593757629395,
            -0.020430177450180054
        ],
        [
            -0.06017645448446274,
            0.689413845539093,
            0.028918355703353882
        ],
        [
            -0.10297182202339172,
            0.6787177920341492,
            -0.04277825355529785
        ],
        [
            0.023046743124723434,
            0.591333270072937,
            -0.18763497471809387
        ],
        [
            0.06710780411958694,
            0.636660635471344,
            -0.01687532663345337
        ],
        [
            0.1462104618549347,
            0.6224571466445923,
            -0.04829436540603638
        ],
        [
            0.11890116333961487,
            0.49686139822006226,
            -0.21635496616363525
        ],
        [
            0.1298028528690338,
            0.4412735104560852,
            -0.13069626688957214
        ],
        [
            0.08919022232294083,
            0.1662246137857437,
            0.14319226145744324
        ],
        [
            0.1277226209640503,
            -0.2698898911476135,
            0.0895846039056778
        ],
        [
            -0.11622540652751923,
            -0.22632059454917908,
            -0.06741470843553543
        ],
        [
            -0.09021774679422379,
            0.1963779628276825,
            0.04281296581029892
        ],
        [
            -0.0015830774791538715,
            0.5370358228683472,
            -0.1363353133201599
        ],
        [
            0.1673954427242279,
            -0.2757500112056732,
            0.35754647850990295
        ],
        [
            0.18669922649860382,
            -0.44584202766418457,
            0.19212694466114044
        ],
        [
            0.08785805851221085,
            -0.6794895529747009,
            0.08520381152629852
        ],
        [
            -0.13263660669326782,
            -0.678009033203125,
            -0.11024793237447739
        ],
        [
            -0.3040672242641449,
            -0.47905123233795166,
            -0.1991649866104126
        ],
        [
            -0.4610331654548645,
            -0.29345524311065674,
            -0.1831967830657959
        ],
        [
            -0.028339777141809464,
            -0.7317171096801758,
            -0.004969507455825806
        ],
        [
            -0.09158343076705933,
            -0.9163610935211182,
            0.043034978210926056
        ],
        [
            0.005425805225968361,
            -0.24812200665473938,
            0.010539688169956207
        ],
        [
            -0.023017235100269318,
            -0.6762394905090332,
            -0.00982675887644291
        ],
        [
            -0.0048807282000780106,
            -0.49231597781181335,
            -0.014019467867910862
        ],
        [
            -0.1003977507352829,
            -0.8039859533309937,
            0.054657548666000366
        ],
        [
            -0.0855296179652214,
            -0.9363961219787598,
            0.041594479233026505
        ]
    ],
    "pred_vertices": [
        [
            -0.175226092338562,
            -0.907090425491333,
            0.07246976345777512
        ],
        [
            -0.17269465327262878,
            -0.8921782970428467,
            0.07967757433652878
        ],
        [
            -0.17412236332893372,
            -0.889641284942627,
            0.06581009179353714
        ],
        [
            -0.17428262531757355,
            -0.901439905166626,
            0.05592341348528862
        ],
        [
            -0.1740952730178833,
            -0.8798866271972656,
            0.07162880897521973
        ],
        [
            -0.17158143222332,
            -0.8803681135177612,
            0.08357225358486176
        ],
        [
            -0.17136742174625397,
            -0.8851504325866699,
            0.053186848759651184
        ],
        [
            -0.1695750653743744,
            -0.8935362100601196,
            0.04225468263030052
        ],
        [
            -0.16312608122825623,
            -0.8515922427177429,
            0.03725169599056244
        ],
        [
            -0.15908461809158325,
            -0.8487019538879395,
            0.027404285967350006
        ],
        [
            -0.16143885254859924,
            -0.8604130744934082,
            0.0300031416118145
        ],
        [
            -0.1639321744441986,
            -0.8602726459503174,
            0.039965834468603134
        ],
        [
            -0.15617239475250244,
            -0.8267450332641602,
            0.03302275016903877
        ],
        [
            -0.15585504472255707,
            -0.8166971206665039,
            0.04243038222193718
        ],
        [
            -0.14965665340423584,
            -0.8093106746673584,
            0.033063843846321106
        ],
        [
            -0.1483207494020462,
            -0.8191260099411011,
            0.02383076772093773
        ],
        [
            -0.15009059011936188,
            -0.8281660676002502,
            0.08245149254798889
        ],
        [
            -0.15225553512573242,
            -0.8216515779495239,
            0.07737497240304947
        ],
        [
            -0.15560242533683777,
            -0.8281009197235107,
            0.07478994131088257
        ],
        [
            -0.15252864360809326,
            -0.8339540362358093,
            0.0800897404551506
        ],
        [
            -0.1489984691143036,
            -0.8370934724807739,
            0.09425279498100281
        ],
        [
            -0.1483725905418396,
            -0.8429421186447144,
            0.09166896343231201
        ],
        [
            -0.14904747903347015,
            -0.8461419343948364,
            0.09894819557666779
        ],
        [
            -0.15083535015583038,
            -0.8393733501434326,
            0.10163794457912445
        ],
        [
            -0.1454124003648758,
            -0.8232797384262085,
            0.085659921169281
        ],
        [
            -0.1474631428718567,
            -0.8166422843933105,
            0.08002239465713501
        ],
        [
            -0.148677796125412,
            -0.8336919546127319,
            0.08728158473968506
        ],
        [
            -0.1479177325963974,
            -0.8289868235588074,
            0.09000556170940399
        ],
        [
            -0.1519782990217209,
            -0.8215783834457397,
            0.09882985055446625
        ],
        [
            -0.1528371274471283,
            -0.8263341784477234,
            0.09717841446399689
        ],
        [
            -0.15519876778125763,
            -0.8264410495758057,
            0.10454072058200836
        ],
        [
            -0.1530177891254425,
            -0.8211987018585205,
            0.10440515726804733
        ],
        [
            -0.14743945002555847,
            -0.8222039341926575,
            0.09022760391235352
        ],
        [
            -0.15025237202644348,
            -0.8246089220046997,
            0.09215245395898819
        ],
        [
            -0.1494809240102768,
            -0.8207056522369385,
            0.09512820839881897
        ],
        [
            -0.14586994051933289,
            -0.8191391825675964,
            0.09355123341083527
        ],
        [
            -0.14982515573501587,
            -0.8324511647224426,
            0.09632554650306702
        ],
        [
            -0.15284313261508942,
            -0.8333398103713989,
            0.10348056256771088
        ],
        [
            -0.15504872798919678,
            -0.8338159918785095,
            0.11134648323059082
        ],
        [
            -0.15658873319625854,
            -0.8250311613082886,
            0.11243613064289093
        ],
        [
            -0.15355026721954346,
            -0.8088820576667786,
            0.06405355781316757
        ],
        [
            -0.15392598509788513,
            -0.8152022361755371,
            0.07115788012742996
        ],
        [
            -0.1495705544948578,
            -0.8106731176376343,
            0.07431851327419281
        ],
        [
            -0.15017618238925934,
            -0.8054649829864502,
            0.06849418580532074
        ],
        [
            -0.14382578432559967,
            -0.8166555166244507,
            0.09005658328533173
        ],
        [
            -0.14408434927463531,
            -0.8008733987808228,
            0.08618129789829254
        ],
        [
            -0.1450032740831375,
            -0.804574728012085,
            0.08645561337471008
        ],
        [
            -0.1435396373271942,
            -0.8050276041030884,
            0.0934874415397644
        ],
        [
            -0.1430472433567047,
            -0.8015526533126831,
            0.09265851974487305
        ],
        [
            -0.14873245358467102,
            -0.7961283922195435,
            0.05288379639387131
        ],
        [
            -0.14760714769363403,
            -0.7945122718811035,
            0.05992749333381653
        ],
        [
            -0.1449562907218933,
            -0.788270115852356,
            0.05709608644247055
        ],
        [
            -0.14458926022052765,
            -0.788847804069519,
            0.049446627497673035
        ],
        [
            -0.14158840477466583,
            -0.7830124497413635,
            0.057394783943891525
        ],
        [
            -0.14013096690177917,
            -0.7819200754165649,
            0.047402672469615936
        ],
        [
            -0.13143907487392426,
            -0.7686336040496826,
            0.05255911126732826
        ],
        [
            -0.1355733722448349,
            -0.7745484113693237,
            0.04957277700304985
        ],
        [
            -0.13816040754318237,
            -0.7776966094970703,
            0.059929754585027695
        ],
        [
            -0.13567480444908142,
            -0.7724037170410156,
            0.06533202528953552
        ],
        [
            -0.13381926715373993,
            -0.7759706974029541,
            0.08019407093524933
        ],
        [
            -0.1313135325908661,
            -0.7745625376701355,
            0.08592040836811066
        ],
        [
            -0.13108396530151367,
            -0.7630193829536438,
            0.08013772964477539
        ],
        [
            -0.1335044503211975,
            -0.7667385339736938,
            0.07310964167118073
        ],
        [
            -0.14001767337322235,
            -0.7960134744644165,
            0.08255544304847717
        ],
        [
            -0.14085738360881805,
            -0.796383798122406,
            0.07790608704090118
        ],
        [
            -0.14288893342018127,
            -0.797412633895874,
            0.07944057881832123
        ],
        [
            -0.1424686759710312,
            -0.7980813980102539,
            0.08468127250671387
        ],
        [
            -0.14204755425453186,
            -0.7963183522224426,
            0.07405713945627213
        ],
        [
            -0.1426587551832199,
            -0.7961175441741943,
            0.0723663866519928
        ],
        [
            -0.1435818374156952,
            -0.7971693873405457,
            0.07349006086587906
        ],
        [
            -0.14254646003246307,
            -0.7969207763671875,
            0.07459543645381927
        ],
        [
            -0.141510009765625,
            -0.7965589761734009,
            0.07633188366889954
        ],
        [
            -0.1407022774219513,
            -0.7946686744689941,
            0.07712803781032562
        ],
        [
            -0.1416110396385193,
            -0.7954937219619751,
            0.07492246478796005
        ],
        [
            -0.14005061984062195,
            -0.793511152267456,
            0.08145658671855927
        ],
        [
            -0.13617554306983948,
            -0.790368914604187,
            0.09556683897972107
        ],
        [
            -0.13812437653541565,
            -0.7909508943557739,
            0.09179773181676865
        ],
        [
            -0.1372036188840866,
            -0.7954981327056885,
            0.0925743579864502
        ],
        [
            -0.13554580509662628,
            -0.7953037023544312,
            0.09583510458469391
        ],
        [
            -0.1438383162021637,
            -0.7986540198326111,
            0.07630883157253265
        ],
        [
            -0.14563386142253876,
            -0.8002631664276123,
            0.07416120916604996
        ],
        [
            -0.14583279192447662,
            -0.8024694323539734,
            0.07936669141054153
        ],
        [
            -0.14415383338928223,
            -0.7999249696731567,
            0.07956469804048538
        ],
        [
            -0.14771220088005066,
            -0.8020435571670532,
            0.07220882177352905
        ],
        [
            -0.1449383646249771,
            -0.7983587980270386,
            0.07157864421606064
        ],
        [
            -0.14665207266807556,
            -0.7989969253540039,
            0.06917813420295715
        ],
        [
            -0.14190520346164703,
            -0.7944643497467041,
            0.07257319986820221
        ],
        [
            -0.14246559143066406,
            -0.7930176854133606,
            0.06946688890457153
        ],
        [
            -0.14406725764274597,
            -0.7953592538833618,
            0.07002788782119751
        ],
        [
            -0.14080160856246948,
            -0.7898838520050049,
            0.0708916187286377
        ],
        [
            -0.1405714899301529,
            -0.7925503253936768,
            0.07483911514282227
        ],
        [
            -0.13973963260650635,
            -0.7904093265533447,
            0.0790281593799591
        ],
        [
            -0.1387447863817215,
            -0.788345456123352,
            0.08449770510196686
        ],
        [
            -0.1374611258506775,
            -0.7841686010360718,
            0.08020228147506714
        ],
        [
            -0.1392468810081482,
            -0.7867640852928162,
            0.07478013634681702
        ],
        [
            -0.14720691740512848,
            -0.8062492609024048,
            0.07795946300029755
        ],
        [
            -0.14557543396949768,
            -0.7949076890945435,
            0.06566567718982697
        ],
        [
            -0.14914575219154358,
            -0.8008858561515808,
            0.06386984884738922
        ],
        [
            -0.1438402235507965,
            -0.790479302406311,
            0.06449006497859955
        ],
        [
            -0.14136937260627747,
            -0.7863199710845947,
            0.06530686467885971
        ],
        [
            -0.13868433237075806,
            -0.7824051380157471,
            0.06859751045703888
        ],
        [
            -0.13640877604484558,
            -0.7788481712341309,
            0.0743013471364975
        ],
        [
            -0.12362772226333618,
            -0.7565964460372925,
            0.06967167556285858
        ],
        [
            -0.1277538239955902,
            -0.761767566204071,
            0.06172270327806473
        ],
        [
            -0.1670062243938446,
            -0.8738008141517639,
            0.08222107589244843
        ],
        [
            -0.17109669744968414,
            -0.8729546070098877,
            0.07417262345552444
        ],
        [
            -0.16670078039169312,
            -0.8662648797035217,
            0.06964905560016632
        ],
        [
            -0.1684611737728119,
            -0.8686158657073975,
            0.06822334229946136
        ],
        [
            -0.16708961129188538,
            -0.8694818019866943,
            0.07469054311513901
        ],
        [
            -0.16580308973789215,
            -0.8668045997619629,
            0.0742703527212143
        ],
        [
            -0.16414335370063782,
            -0.8614190816879272,
            0.04852242395281792
        ],
        [
            -0.1642843782901764,
            -0.862483024597168,
            0.055359598249197006
        ],
        [
            -0.16275252401828766,
            -0.8590747714042664,
            0.05370604619383812
        ],
        [
            -0.1637396216392517,
            -0.8549984693527222,
            0.046220842748880386
        ],
        [
            -0.16099150478839874,
            -0.8507293462753296,
            0.06302586197853088
        ],
        [
            -0.1619746834039688,
            -0.8523634672164917,
            0.05790846794843674
        ],
        [
            -0.16239412128925323,
            -0.8584892749786377,
            0.06307962536811829
        ],
        [
            -0.16178952157497406,
            -0.857288658618927,
            0.06682831048965454
        ],
        [
            -0.16041965782642365,
            -0.8566268682479858,
            0.0707927942276001
        ],
        [
            -0.15832099318504333,
            -0.8566566705703735,
            0.07465901970863342
        ],
        [
            -0.15710248053073883,
            -0.851524293422699,
            0.073478564620018
        ],
        [
            -0.15924999117851257,
            -0.850696325302124,
            0.06853419542312622
        ],
        [
            -0.16373540461063385,
            -0.8705017566680908,
            0.08028227090835571
        ],
        [
            -0.15824155509471893,
            -0.8702502250671387,
            0.08509370684623718
        ],
        [
            -0.1581183671951294,
            -0.8673591613769531,
            0.08326055109500885
        ],
        [
            -0.1630081832408905,
            -0.8673911690711975,
            0.07943923026323318
        ],
        [
            -0.14623677730560303,
            -0.8626732230186462,
            0.08609980344772339
        ],
        [
            -0.14831805229187012,
            -0.8647531270980835,
            0.08633206784725189
        ],
        [
            -0.1469472199678421,
            -0.8661324977874756,
            0.08975917845964432
        ],
        [
            -0.14488357305526733,
            -0.8619720935821533,
            0.08922375738620758
        ],
        [
            -0.14588013291358948,
            -0.8589025735855103,
            0.08733712136745453
        ],
        [
            -0.14707013964653015,
            -0.8609039783477783,
            0.08529806137084961
        ],
        [
            -0.17211776971817017,
            -0.9284064173698425,
            0.07956281304359436
        ],
        [
            -0.17131929099559784,
            -0.9109492301940918,
            0.08797447383403778
        ],
        [
            -0.17338187992572784,
            -0.923281192779541,
            0.05997232347726822
        ],
        [
            -0.17053133249282837,
            -0.9144579172134399,
            0.04382186010479927
        ],
        [
            -0.1667073369026184,
            -0.9026373624801636,
            0.030602838844060898
        ],
        [
            -0.14960303902626038,
            -0.8013550043106079,
            0.04339182749390602
        ],
        [
            -0.1446688175201416,
            -0.7938128709793091,
            0.03727293014526367
        ],
        [
            -0.1428396999835968,
            -0.802669107913971,
            0.02429116889834404
        ],
        [
            -0.13625532388687134,
            -0.7938597202301025,
            0.021158333867788315
        ],
        [
            -0.13866397738456726,
            -0.7848427295684814,
            0.03488022834062576
        ],
        [
            -0.12457399070262909,
            -0.7680396437644958,
            0.040555745363235474
        ],
        [
            -0.13206075131893158,
            -0.7756894826889038,
            0.03590064123272896
        ],
        [
            -0.1275997906923294,
            -0.7854885458946228,
            0.019658084958791733
        ],
        [
            -0.12459996342658997,
            -0.7996076941490173,
            0.004693867638707161
        ],
        [
            -0.13323375582695007,
            -0.8051258325576782,
            0.009477226063609123
        ],
        [
            -0.12117388099431992,
            -0.8169275522232056,
            -0.0051801688969135284
        ],
        [
            -0.11247710138559341,
            -0.7945566177368164,
            -0.0006773360073566437
        ],
        [
            -0.1129804402589798,
            -0.8175772428512573,
            -0.009310496971011162
        ],
        [
            -0.10038191080093384,
            -0.760919988155365,
            0.01069675199687481
        ],
        [
            -0.09800781309604645,
            -0.7512506246566772,
            0.0062600416131317616
        ],
        [
            -0.0969293862581253,
            -0.7594258189201355,
            -0.01036599837243557
        ],
        [
            -0.10007274895906448,
            -0.769300103187561,
            -0.006297743879258633
        ],
        [
            -0.14098602533340454,
            -0.8116499185562134,
            0.015002351254224777
        ],
        [
            -0.15948358178138733,
            -0.8723891973495483,
            0.02429463341832161
        ],
        [
            -0.16392764449119568,
            -0.8703070878982544,
            0.03516325354576111
        ],
        [
            -0.15585584938526154,
            -0.8603545427322388,
            0.01943773403763771
        ],
        [
            -0.15880391001701355,
            -0.9337513446807861,
            0.0149008147418499
        ],
        [
            -0.1665724515914917,
            -0.9261529445648193,
            0.03000868856906891
        ],
        [
            -0.16376304626464844,
            -0.9118160009384155,
            0.019270865246653557
        ],
        [
            -0.15698763728141785,
            -0.9208880662918091,
            0.006026282906532288
        ],
        [
            -0.15198086202144623,
            -0.9671642780303955,
            0.04425693303346634
        ],
        [
            -0.16556261479854584,
            -0.9498777389526367,
            0.06224654242396355
        ],
        [
            -0.16654133796691895,
            -0.9396305084228516,
            0.04691081866621971
        ],
        [
            -0.15683913230895996,
            -0.953141450881958,
            0.031086403876543045
        ],
        [
            -0.14967972040176392,
            -0.9248141050338745,
            -0.005045834928750992
        ],
        [
            -0.13765662908554077,
            -0.929499089717865,
            -0.018280889838933945
        ],
        [
            -0.13284778594970703,
            -0.9464107751846313,
            -0.01855440065264702
        ],
        [
            -0.14702679216861725,
            -0.9428725838661194,
            -0.0011480897665023804
        ],
        [
            -0.12312062829732895,
            -0.9681212306022644,
            -0.012368537485599518
        ],
        [
            -0.14070531725883484,
            -0.9638388156890869,
            0.008364830166101456
        ],
        [
            -0.10196615755558014,
            -0.8062504529953003,
            -0.016208359971642494
        ],
        [
            -0.1045319065451622,
            -0.824640154838562,
            -0.017299776896834373
        ],
        [
            -0.10499022901058197,
            -0.7807096242904663,
            -0.0009287279099225998
        ],
        [
            -0.09912842512130737,
            -0.7907172441482544,
            -0.01643993891775608
        ],
        [
            -0.10950994491577148,
            -0.984483003616333,
            -0.0016506090760231018
        ],
        [
            -0.13127484917640686,
            -0.9810647368431091,
            0.022163692861795425
        ],
        [
            -0.09265784919261932,
            -0.9179314374923706,
            -0.04763706400990486
        ],
        [
            -0.10321234166622162,
            -0.9334473609924316,
            -0.041564349085092545
        ],
        [
            -0.11589821428060532,
            -0.9177265167236328,
            -0.036329302936792374
        ],
        [
            -0.10492842644453049,
            -0.9052585959434509,
            -0.04266293719410896
