{
    "pred_cam": [
        1.5197865962982178,
        0.1284499317407608,
        0.34283074736595154
    ],
    "pred_smpl_params": {
        "global_orient": [
            [
                [
                    -0.9196091890335083,
                    -0.06514502316713333,
                    -0.3873952627182007
                ],
                [
                    0.10206585377454758,
                    -0.9919095635414124,
                    -0.07548552751541138
                ],
                [
                    -0.37934350967407227,
                    -0.10895700752735138,
                    0.9188182353973389
                ]
            ]
        ],
        "body_pose": [
            [
                [
                    0.9982141852378845,
                    0.0027363263070583344,
                    -0.05967344343662262
                ],
                [
                    0.0009743119589984417,
                    0.9980716109275818,
                    0.06206482648849487
                ],
                [
                    0.05972820147871971,
                    -0.06201213225722313,
                    0.9962865710258484
                ]
            ],
            [
                [
                    0.9966145157814026,
                    -0.029140936210751534,
                    -0.0768779069185257
                ],
                [
                    0.036267224699258804,
                    0.9950061440467834,
                    0.09299205243587494
                ],
                [
                    0.07378411293029785,
                    -0.09546539187431335,
                    0.9926944375038147
                ]
            ],
            [
                [
                    0.998099148273468,
                    0.014078647829592228,
                    0.05999819561839104
                ],
                [
                    -0.004772867541760206,
                    0.9882912039756775,
                    -0.15250469744205475
                ],
                [
                    -0.06144275143742561,
                    0.15192846953868866,
                    0.9864798188209534
                ]
            ],
            [
                [
                    0.9792202115058899,
                    -0.11158595234155655,
                    -0.16934138536453247
                ],
                [
                    -0.04318254068493843,
                    0.7011407613754272,
                    -0.7117140889167786
                ],
                [
                    0.1981494128704071,
                    0.7042372822761536,
                    0.681752622127533
                ]
            ],
            [
                [
                    0.9638473391532898,
                    -0.22964942455291748,
                    0.13512738049030304
                ],
                [
                    0.23805296421051025,
                    0.5143367648124695,
                    -0.8238862156867981
                ],
                [
                    0.1197039932012558,
                    0.8262680172920227,
                    0.5504108667373657
                ]
            ],
            [
                [
                    0.9982789754867554,
                    -0.014598590321838856,
                    0.05679742246866226
                ],
                [
                    0.012394425459206104,
                    0.9991635680198669,
                    0.038968078792095184
                ],
                [
                    -0.0573187954723835,
                    -0.03819704055786133,
                    0.997624933719635
                ]
            ],
            [
                [
                    0.9740371108055115,
                    -0.026810092851519585,
                    0.2247951328754425
                ],
                [
                    0.003195403842255473,
                    0.9944921731948853,
                    0.10476209223270416
                ],
                [
                    -0.22636568546295166,
                    -0.10132386535406113,
                    0.9687579274177551
                ]
            ],
            [
                [
                    0.9734329581260681,
                    0.07420863211154938,
                    -0.21661359071731567
                ],
                [
                    -0.04176460579037666,
                    0.9876989722251892,
                    0.150686576962471
                ],
                [
                    0.22513127326965332,
                    -0.1376364827156067,
                    0.9645580053329468
                ]
            ],
            [
                [
                    0.999089777469635,
                    -0.010013671591877937,
                    0.04146398976445198
                ],
                [
                    0.01204519160091877,
                    0.9987242817878723,
                    -0.04903848469257355
                ],
                [
                    -0.040920037776231766,
                    0.04949329420924187,
                    0.9979358315467834
                ]
            ],
            [
                [
                    0.9966617226600647,
                    -0.06344042718410492,
                    -0.05138823017477989
                ],
                [
                    0.06793167442083359,
                    0.9935341477394104,
                    0.09096761792898178
                ],
                [
                    0.0452849380671978,
                    -0.09415483474731445,
                    0.9945270419120789
                ]
            ],
            [
                [
                    0.9997332692146301,
                    -0.017253823578357697,
                    0.015351012349128723
                ],
                [
                    0.015597463585436344,
                    0.9946463704109192,
                    0.10215296596288681
                ],
                [
                    -0.017031360417604446,
                    -0.10188628733158112,
                    0.9946501851081848
                ]
            ],
            [
                [
                    0.9961105585098267,
                    -0.040797196328639984,
                    0.07809772342443466
                ],
                [
                    0.03882483020424843,
                    0.9988916516304016,
                    0.02660966105759144
                ],
                [
                    -0.07909676432609558,
                    -0.023474035784602165,
                    0.9965904355049133
                ]
            ],
            [
                [
                    0.9635447263717651,
                    0.26521292328834534,
                    -0.03526582941412926
                ],
                [
                    -0.26418885588645935,
                    0.963967502117157,
                    0.03115967847406864
                ],
                [
                    0.04225906357169151,
                    -0.02070690505206585,
                    0.998892068862915
                ]
            ],
            [
                [
                    0.9434647560119629,
                    -0.32925188541412354,
                    0.038308996707201004
                ],
                [
                    0.32926276326179504,
                    0.9442179799079895,
                    0.006204872392117977
                ],
                [
                    -0.03821500763297081,
                    0.006759649142622948,
                    0.9992467761039734
                ]
            ],
            [
                [
                    0.9993123412132263,
                    0.03680606186389923,
                    -0.004496886394917965
                ],
                [
                    -0.0369691364467144,
                    0.9796168208122253,
                    -0.19744394719600677
                ],
                [
                    -0.0028619065415114164,
                    0.197474405169487,
                    0.9803038835525513
                ]
            ],
            [
                [
                    0.6841452121734619,
                    0.6906474232673645,
                    -0.23441709578037262
                ],
                [
                    -0.7068801522254944,
                    0.7070476412773132,
                    0.02010079100728035
                ],
                [
                    0.17962662875652313,
                    0.15195293724536896,
                    0.9719282388687134
                ]
            ],
            [
                [
                    0.5083006024360657,
                    -0.8452930450439453,
                    0.16465188562870026
                ],
                [
                    0.8498214483261108,
                    0.5232932567596436,
                    0.06298944354057312
                ],
                [
                    -0.1394057422876358,
                    0.10790713876485825,
                    0.9843384027481079
                ]
            ],
            [
                [
                    0.9607560038566589,
                    -0.020068438723683357,
                    -0.27666786313056946
                ],
                [
                    0.00652649998664856,
                    0.9987388253211975,
                    -0.049780674278736115
                ],
                [
                    0.27731797099113464,
                    0.04602140188217163,
                    0.9596753120422363
                ]
            ],
            [
                [
                    0.88862544298172,
                    0.2062617987394333,
                    0.4096350371837616
                ],
                [
                    -0.1815185844898224,
                    0.9784035682678223,
                    -0.09888125211000443
                ],
                [
                    -0.4211837649345398,
                    0.013512029312551022,
                    0.9068746566772461
                ]
            ],
            [
                [
                    0.9986978769302368,
                    0.03203580528497696,
                    0.03970223665237427
                ],
                [
                    -0.0280805304646492,
                    0.9949405193328857,
                    -0.09646187722682953
                ],
                [
                    -0.04259159788489342,
                    0.09522141516208649,
                    0.9945445656776428
                ]
            ],
            [
                [
                    0.9967126846313477,
                    -0.030473986640572548,
                    -0.07506782561540604
                ],
                [
                    0.029857952147722244,
                    0.9995107054710388,
                    -0.009315351955592632
                ],
                [
                    0.0753149762749672,
                    0.007043357938528061,
                    0.9971348643302917
                ]
            ],
            [
                [
                    0.9715608358383179,
                    0.21693526208400726,
                    -0.09491366147994995
                ],
                [
                    -0.19791562855243683,
                    0.9640217423439026,
                    0.17745840549468994
                ],
                [
                    0.12999582290649414,
                    -0.15362675487995148,
                    0.9795406460762024
                ]
            ],
            [
                [
                    0.9742482304573059,
                    -0.2130528688430786,
                    0.07381567358970642
                ],
                [
                    0.1996106654405594,
                    0.9672027230262756,
                    0.157080739736557
                ],
                [
                    -0.10486124455928802,
                    -0.13830125331878662,
                    0.9848231673240662
                ]
            ]
        ],
        "betas": [
            -0.1975385844707489,
            0.01782357692718506,
            0.23099443316459656,
            0.17497847974300385,
            0.09770333766937256,
            0.1235111728310585,
            0.007827550172805786,
            -0.1404716670513153,
            0.06673221290111542,
            -0.0988231897354126
        ]
    },
    "pred_cam_t": [
        0.1284499317407608,
        0.34283074736595154,
        25.702621459960938
    ],
    "focal_length": [
        5000.0,
        5000.0
    ],
    "pred_keypoints_3d": [
        [
            -0.14392800629138947,
            -0.8204185962677002,
            0.12459403276443481
        ],
        [
            -0.040645532310009,
            -0.7295393943786621,
            -0.00925183854997158
        ],
        [
            0.1225380077958107,
            -0.6491519808769226,
            0.07887252420186996
        ],
        [
            0.17842893302440643,
            -0.4054625630378723,
            0.10166862607002258
        ],
        [
            0.19593432545661926,
            -0.20557287335395813,
            0.2531315088272095
        ],
        [
            -0.18140670657157898,
            -0.629298985004425,
            -0.10066497325897217
        ],
        [
            -0.26667577028274536,
            -0.3909665644168854,
            -0.14681363105773926
        ],
        [
            -0.390642374753952,
            -0.18315285444259644,
            -0.1068594753742218
        ],
        [
            -0.0017631957307457924,
            -0.22381839156150818,
            0.027565408498048782
        ],
        [
            0.068101666867733,
            -0.14077845215797424,
            0.058650434017181396
        ],
        [
            0.1065787598490715,
            0.2290273904800415,
            0.13217218220233917
        ],
        [
            0.12310267239809036,
            0.45531564950942993,
            -0.1896599382162094
        ],
        [
            -0.05684543028473854,
            -0.12568709254264832,
            0.00434710830450058
        ],
        [
            -0.07053612172603607,
            0.2422327697277069,
            0.051039256155490875
        ],
        [
            0.007360108196735382,
            0.5287103652954102,
            -0.20719501376152039
        ],
        [
            -0.10392525792121887,
            -0.8663134574890137,
            0.1201108768582344
        ],
        [
            -0.15821994841098785,
            -0.8626443147659302,
            0.08256548643112183
        ],
        [
            -0.015529792755842209,
            -0.8665370941162109,
            0.06528747081756592
        ],
        [
            -0.1350376456975937,
            -0.8595229387283325,
            -0.016130510717630386
        ],
        [
            -0.029926184564828873,
            0.6730384826660156,
            -0.07694602012634277
        ],
        [
            -0.08218999952077866,
            0.6518154144287109,
            -0.13867035508155823
        ],
        [
            0.016923312097787857,
            0.5262447595596313,
            -0.27625003457069397
        ],
        [
            0.09392713755369186,
            0.6133135557174683,
            -0.07630765438079834
        ],
        [
            0.17152990400791168,
            0.5927367806434631,
            -0.10560464859008789
        ],
        [
            0.1399243175983429,
            0.45150354504585266,
            -0.2598423361778259
        ],
        [
            0.14857608079910278,
            0.4053846001625061,
            -0.16780142486095428
        ],
        [
            0.10184641182422638,
            0.17107157409191132,
            0.13591524958610535
        ],
        [
            0.13532762229442596,
            -0.2682323157787323,
            0.0712265595793724
        ],
        [
            -0.12930774688720703,
            -0.2230818122625351,
            -0.05016510188579559
        ],
        [
            -0.08437378704547882,
            0.20413565635681152,
            0.04889978468418121
        ],
        [
            -0.002770069520920515,
            0.48651379346847534,
            -0.21076436340808868
        ],
        [
            0.17460957169532776,
            -0.23217235505580902,
            0.26180872321128845
        ],
        [
            0.19446085393428802,
            -0.432096928358078,
            0.12907317280769348
        ],
        [
            0.0898972898721695,
            -0.6769712567329407,
            0.06022181734442711
        ],
        [
            -0.1580134928226471,
            -0.6611427068710327,
            -0.0931842178106308
        ],
        [
            -0.301652729511261,
            -0.42529433965682983,
            -0.1397881805896759
        ],
        [
            -0.3955363929271698,
            -0.20058637857437134,
            -0.09935037791728973
        ],
        [
            -0.0415632426738739,
            -0.7242507934570312,
            -0.00819422584027052
        ],
        [
            -0.09361988306045532,
            -0.9129868149757385,
            0.038713209331035614
        ],
        [
            0.002607014961540699,
            -0.24570924043655396,
            0.010049276053905487
        ],
        [
            -0.034283965826034546,
            -0.667356014251709,
            -0.013247782364487648
        ],
        [
            -0.01253032498061657,
            -0.48770231008529663,
            -0.01547241397202015
        ],
        [
            -0.10360909253358841,
            -0.8022288084030151,
            0.057477593421936035
        ],
        [
            -0.08717852085828781,
            -0.9328429698944092,
            0.03535911440849304
        ]
    ],
    "pred_vertices": [
        [
            -0.17246556282043457,
            -0.908202588558197,
            0.07940584421157837
        ],
        [
            -0.16937381029129028,
            -0.893701434135437,
            0.0870404914021492
        ],
        [
            -0.17270240187644958,
            -0.8904351592063904,
            0.07364901900291443
        ],
        [
            -0.17372331023216248,
            -0.9018033742904663,
            0.06315018236637115
        ],
        [
            -0.1721211075782776,
            -0.8810389041900635,
            0.07993829250335693
        ],
        [
            -0.16808435320854187,
            -0.8820143938064575,
            0.09137706458568573
        ],
        [
            -0.171738401055336,
            -0.8852042555809021,
            0.06105099618434906
        ],
        [
            -0.17115198075771332,
            -0.8930784463882446,
            0.0495201013982296
        ],
        [
            -0.16681601107120514,
            -0.8507236242294312,
            0.04604948312044144
        ],
        [
            -0.16414785385131836,
            -0.8471311330795288,
            0.035927217453718185
        ],
        [
            -0.16577835381031036,
            -0.8588854670524597,
            0.03821593150496483
        ],
        [
            -0.16689160466194153,
            -0.8594043850898743,
            0.04839605838060379
        ],
        [
            -0.16109146177768707,
            -0.8254250288009644,
            0.04246044531464577
        ],
        [
            -0.15977729856967926,
            -0.8159058094024658,
            0.05229564756155014
        ],
        [
            -0.15501375496387482,
            -0.8078246116638184,
            0.0426960252225399
        ],
        [
            -0.15468813478946686,
            -0.8170708417892456,
            0.03285599499940872
        ],
        [
            -0.1486123651266098,
            -0.8292534947395325,
            0.09030990302562714
        ],
        [
            -0.15155158936977386,
            -0.8225945234298706,
            0.08595634251832962
        ],
        [
            -0.15502256155014038,
            -0.8289810419082642,
            0.08345194160938263
        ],
        [
            -0.1511758416891098,
            -0.83498215675354,
            0.08796897530555725
        ],
        [
            -0.14568546414375305,
            -0.8385934829711914,
            0.10141219198703766
        ],
        [
            -0.14523661136627197,
            -0.8442990779876709,
            0.09845943748950958
        ],
        [
            -0.14484065771102905,
            -0.8479094505310059,
            0.10555243492126465
        ],
        [
            -0.14640949666500092,
            -0.8413132429122925,
            0.10881377011537552
        ],
        [
            -0.14371871948242188,
            -0.8243780136108398,
            0.09316588938236237
        ],
        [
            -0.1466072052717209,
            -0.817598819732666,
            0.08824679255485535
        ],
        [
            -0.14647719264030457,
            -0.8349469900131226,
            0.09462212026119232
        ],
        [
            -0.14538484811782837,
            -0.830233097076416,
            0.09751072525978088
        ],
        [
            -0.1483553647994995,
            -0.8234277963638306,
            0.10712301731109619
        ],
        [
            -0.14928968250751495,
            -0.828119695186615,
            0.10534794628620148
        ],
        [
            -0.15062469244003296,
            -0.8286795020103455,
            0.11293858289718628
        ],
        [
            -0.14864134788513184,
            -0.8233766555786133,
            0.11279980838298798
        ],
        [
            -0.14500802755355835,
            -0.8234571218490601,
            0.09806153178215027
        ],
        [
            -0.14744947850704193,
            -0.8260153532028198,
            0.10019898414611816
        ],
        [
            -0.1463903784751892,
            -0.8222507238388062,
            0.1032419428229332
        ],
        [
            -0.1430985927581787,
            -0.8205127716064453,
            0.10128268599510193
        ],
        [
            -0.14630256593227386,
            -0.8340585827827454,
            0.10383254289627075
        ],
        [
            -0.14828696846961975,
            -0.8354294300079346,
            0.11122234165668488
        ],
        [
            -0.14937150478363037,
            -0.836402416229248,
            0.1192348301410675
        ],
        [
            -0.1509793996810913,
            -0.8277137875556946,
            0.1209510788321495
        ],
        [
            -0.1548461765050888,
            -0.809251070022583,
            0.0737484022974968
        ],
        [
            -0.1541578769683838,
            -0.8159138560295105,
            0.08047051727771759
        ],
        [
            -0.1495431363582611,
            -0.8114253282546997,
            0.08325278759002686
        ],
        [
            -0.15099817514419556,
            -0.8059702515602112,
            0.07787631452083588
        ],
        [
            -0.14158973097801208,
            -0.8178406953811646,
            0.09769466519355774
        ],
        [
            -0.14272241294384003,
            -0.8019607663154602,
            0.09480518102645874
        ],
        [
            -0.14349091053009033,
            -0.8056769371032715,
            0.09497956186532974
        ],
        [
            -0.14107976853847504,
            -0.8064643740653992,
            0.1016872227191925
        ],
        [
            -0.14080241322517395,
            -0.8029621243476868,
            0.10099948942661285
        ],
        [
            -0.15177284181118011,
            -0.7958107590675354,
            0.06285400688648224
        ],
        [
            -0.1497354805469513,
            -0.7945747375488281,
            0.06969434022903442
        ],
        [
            -0.14761167764663696,
            -0.7881055474281311,
            0.06693369150161743
        ],
        [
            -0.14826181530952454,
            -0.7882109880447388,
            0.05937805399298668
        ],
        [
            -0.1443130075931549,
            -0.7827824354171753,
            0.0670904889702797
        ],
        [
            -0.14420843124389648,
            -0.7809913158416748,
            0.05716980621218681
        ],
        [
            -0.1352134793996811,
            -0.7676683664321899,
            0.061812590807676315
        ],
        [
            -0.13959617912769318,
            -0.7735529541969299,
            0.05913129076361656
        ],
        [
            -0.14073476195335388,
            -0.77748703956604,
            0.06943034380674362
        ],
        [
            -0.13772538304328918,
            -0.7723724246025085,
            0.07469987869262695
        ],
        [
            -0.13390669226646423,
            -0.7766857147216797,
            0.08887411653995514
        ],
        [
            -0.1307307481765747,
            -0.7755144238471985,
            0.09422045946121216
        ],
        [
            -0.13143214583396912,
            -0.7636674046516418,
            0.08912819623947144
        ],
        [
            -0.13466167449951172,
            -0.767090916633606,
            0.08234691619873047
        ],
        [
            -0.13941216468811035,
            -0.7969341278076172,
            0.09093053638935089
        ],
        [
            -0.14081716537475586,
            -0.7971045970916748,
            0.0864291563630104
        ],
        [
            -0.14259612560272217,
            -0.7982723116874695,
            0.08815108239650726
        ],
        [
            -0.14149069786071777,
            -0.7991796135902405,
            0.09322626143693924
        ],
        [
            -0.1424276977777481,
            -0.796919584274292,
            0.08279591798782349
        ],
        [
            -0.1432461142539978,
            -0.7966436147689819,
            0.08121795952320099
        ],
        [
            -0.1440030336380005,
            -0.7977687120437622,
            0.08238472044467926
        ],
        [
            -0.14285485446453094,
            -0.7975518703460693,
            0.08338722586631775
        ],
        [
            -0.14163224399089813,
            -0.7972398996353149,
            0.08499052375555038
        ],
        [
            -0.1408023089170456,
            -0.7953718900680542,
            0.08577963709831238
        ],
        [
            -0.14191819727420807,
            -0.796127200126648,
            0.0836448073387146
        ],
        [
            -0.13963526487350464,
            -0.794414758682251,
            0.09002076089382172
        ],
        [
            -0.1339092254638672,
            -0.791767954826355,
            0.10356763005256653
        ],
        [
            -0.13641461730003357,
            -0.7923456430435181,
            0.10004740208387375
        ],
        [
            -0.13532035052776337,
            -0.7968521118164062,
            0.10045014321804047
        ],
        [
            -0.13314715027809143,
            -0.7966564893722534,
            0.10349666327238083
        ],
        [
            -0.14379234611988068,
            -0.799275279045105,
            0.08518783748149872
        ],
        [
            -0.14588463306427002,
            -0.8009301424026489,
            0.08312085270881653
        ],
        [
            -0.14537778496742249,
            -0.8033863306045532,
            0.08816070854663849
        ],
        [
            -0.14376844465732574,
            -0.8008066415786743,
            0.08828011155128479
        ],
        [
            -0.14815768599510193,
            -0.8026734590530396,
            0.08141906559467316
        ],
        [
            -0.14554965496063232,
            -0.7988892793655396,
            0.0806078091263771
        ],
        [
            -0.14745137095451355,
            -0.799375057220459,
            0.07848295569419861
        ],
        [
            -0.14252424240112305,
            -0.7949949502944946,
            0.08142691850662231
        ],
        [
            -0.14348307251930237,
            -0.7934131622314453,
            0.07852259278297424
        ],
        [
            -0.14493611454963684,
            -0.7958190441131592,
            0.07914096117019653
        ],
        [
            -0.1417587697505951,
            -0.7903152108192444,
            0.07990144193172455
        ],
        [
            -0.14099706709384918,
            -0.7931633591651917,
            0.08361218869686127
        ],
        [
            -0.13970305025577545,
            -0.7912240028381348,
            0.08774390071630478
        ],
        [
            -0.1380477249622345,
            -0.7894225120544434,
            0.09311692416667938
        ],
        [
            -0.13741901516914368,
            -0.7849955558776855,
            0.08895547688007355
        ],
        [
            -0.13982446491718292,
            -0.7873585224151611,
            0.08370485156774521
        ],
        [
            -0.14674556255340576,
            -0.8070163726806641,
            0.08679457008838654
        ],
        [
            -0.1469782292842865,
            -0.7952029705047607,
            0.07506072521209717
        ],
        [
            -0.15064354240894318,
            -0.8011617064476013,
            0.07342544198036194
        ],
        [
            -0.14550122618675232,
            -0.7906869649887085,
            0.0739293247461319
        ],
        [
            -0.14305585622787476,
            -0.786498486995697,
            0.0746668353676796
        ],
        [
            -0.14008985459804535,
            -0.7826856374740601,
            0.07776062935590744
        ],
        [
            -0.13719956576824188,
            -0.7793295383453369,
            0.08328597992658615
        ],
        [
            -0.12552493810653687,
            -0.7563863396644592,
            0.07821402698755264
        ],
        [
            -0.13054972887039185,
            -0.761199951171875,
            0.0706530213356018
        ],
        [
            -0.16409927606582642,
            -0.8753021955490112,
            0.08985409140586853
        ],
        [
            -0.1691569834947586,
            -0.874129056930542,
            0.08246485888957977
        ],
        [
            -0.16564509272575378,
            -0.8670828342437744,
            0.07773669064044952
        ],
        [
            -0.1676059365272522,
            -0.8695827722549438,
            0.0763711929321289
        ],
        [
            -0.16526100039482117,
            -0.8705363869667053,
            0.08261685073375702
        ],
        [
            -0.1641511172056198,
            -0.8678385019302368,
            0.08213979750871658
        ],
        [
            -0.16600532829761505,
            -0.8610398769378662,
            0.0568566620349884
        ],
        [
            -0.16524913907051086,
            -0.8624556064605713,
            0.06355936825275421
        ],
        [
            -0.1640440970659256,
            -0.8589166402816772,
            0.06190258264541626
        ],
        [
            -0.1660548597574234,
            -0.8545256853103638,
            0.05484269559383392
        ],
        [
            -0.16134381294250488,
            -0.8510006070137024,
            0.07138296961784363
        ],
        [
            -0.16292621195316315,
            -0.8523968458175659,
            0.06636500358581543
        ],
        [
            -0.16250433027744293,
            -0.8588188886642456,
            0.07118858397006989
        ],
        [
            -0.1614622324705124,
            -0.8578131794929504,
            0.07488492131233215
        ],
        [
            -0.159620001912117,
            -0.8572938442230225,
            0.07867634296417236
        ],
        [
            -0.15702463686466217,
            -0.8574475049972534,
            0.08218987286090851
        ],
        [
            -0.15610238909721375,
            -0.8521937131881714,
            0.08120425790548325
        ],
        [
            -0.1589021533727646,
            -0.851207971572876,
            0.07664977014064789
        ],
        [
            -0.16123588383197784,
            -0.8717610239982605,
            0.0876946896314621
        ],
        [
            -0.15516187250614166,
            -0.8715772032737732,
            0.09173054248094559
        ],
        [
            -0.15539084374904633,
            -0.8685681223869324,
            0.09012511372566223
        ],
        [
            -0.1607382595539093,
            -0.8685860633850098,
            0.0869416892528534
        ],
        [
            -0.14343871176242828,
            -0.8635941743850708,
            0.0916689857840538
        ],
        [
            -0.14540675282478333,
            -0.8657705783843994,
            0.09202782809734344
        ],
        [
            -0.14360010623931885,
            -0.8672666549682617,
            0.09519755840301514
        ],
        [
            -0.1417275071144104,
            -0.8630139231681824,
            0.09463803470134735
        ],
        [
            -0.14298677444458008,
            -0.8598681688308716,
            0.09305538982152939
        ],
        [
            -0.14439091086387634,
            -0.8618004322052002,
            0.0910748690366745
        ],
        [
            -0.1680113971233368,
            -0.9298642873764038,
            0.08465257287025452
        ],
        [
            -0.1663902848958969,
            -0.9127020835876465,
            0.0939905047416687
        ],
        [
            -0.17172399163246155,
            -0.9236635565757751,
            0.06567550450563431
        ],
        [
            -0.17122973501682281,
            -0.9140011072158813,
            0.04995314031839371
        ],
        [
            -0.16956427693367004,
            -0.9013605117797852,
            0.037125542759895325
        ],
        [
            -0.15375405550003052,
            -0.8005000352859497,
            0.05333543196320534
        ],
        [
            -0.1498730182647705,
            -0.7924410700798035,
            0.04711446538567543
        ],
        [
            -0.1495606005191803,
            -0.8004475235939026,
            0.03357553109526634
        ],
        [
            -0.14365237951278687,
            -0.7912659049034119,
            0.0302285049110651
        ],
        [
            -0.1443958282470703,
            -0.7831048965454102,
            0.04449879750609398
        ],
        [
            -0.12980827689170837,
            -0.7661814093589783,
            0.04915698245167732
        ],
        [
            -0.1378186047077179,
            -0.7737413644790649,
            0.04517533630132675
        ],
        [
            -0.13537390530109406,
            -0.7825165390968323,
            0.028181586414575577
        ],
        [
            -0.13415125012397766,
            -0.7957923412322998,
            0.012334425002336502
        ],
        [
            -0.14186975359916687,
            -0.8017504215240479,
            0.017736611887812614
        ],
        [
            -0.13173946738243103,
            -0.812384843826294,
            0.0012300517410039902
        ],
        [
            -0.12282289564609528,
            -0.7902768850326538,
            0.006048787385225296
        ],
        [
            -0.1242554783821106,
            -0.8126348853111267,
            -0.0036633145064115524
        ],
        [
            -0.10908110439777374,
            -0.7565200924873352,
            0.017095202580094337
        ],
        [
            -0.10727986693382263,
            -0.7462661266326904,
            0.012656323611736298
        ],
        [
            -0.10926990211009979,
            -0.7536231875419617,
            -0.004064543638378382
        ],
        [
            -0.11162862181663513,
            -0.7640737295150757,
            3.0358205549418926e-05
        ],
        [
            -0.1487203985452652,
            -0.8089081048965454,
            0.023690346628427505
        ],
        [
            -0.1641365885734558,
            -0.8707181215286255,
            0.031634364277124405
        ],
        [
            -0.16717654466629028,
            -0.8692401647567749,
            0.042995501309633255
        ],
        [
            -0.1615040898323059,
            -0.8581593632698059,
            0.027126889675855637
        ],
        [
            -0.1631748229265213,
            -0.9312101602554321,
            0.018787965178489685
        ],
        [
            -0.16918176412582397,
            -0.924799919128418,
            0.035047754645347595
        ],
        [
            -0.16797147691249847,
            -0.9096709489822388,
            0.02503637969493866
        ],
        [
            -0.1628010869026184,
            -0.9177162647247314,
            0.010555524379014969
        ],
        [
            -0.15170608460903168,
            -0.9658521413803101,
            0.04478134587407112
        ],
        [
            -0.16329437494277954,
            -0.9501985907554626,
            0.06532900780439377
        ],
        [
            -0.16640904545783997,
            -0.9389305114746094,
            0.05099733918905258
        ],
        [
            -0.15855659544467926,
            -0.9512355327606201,
            0.033318132162094116
        ],
        [
            -0.1569349765777588,
            -0.920836329460144,
            -0.001518256962299347
        ],
        [
            -0.14663542807102203,
            -0.9243561029434204,
            -0.016472656279802322
        ],
        [
            -0.14144720137119293,
            -0.9408963918685913,
            -0.018582578748464584
        ],
        [
            -0.15316951274871826,
            -0.9388992190361023,
            0.0007970668375492096
        ],
        [
            -0.1303562968969345,
            -0.9625374674797058,
            -0.014952510595321655
        ],
        [
            -0.14519314467906952,
            -0.9600574970245361,
            0.008055679500102997
        ],
        [
            -0.11491501331329346,
            -0.8007923364639282,
            -0.011326204054057598
        ],
        [
            -0.11696477234363556,
            -0.8190392255783081,
            -0.013041319325566292
        ],
        [
            -0.11556623876094818,
            -0.776164174079895,
            0.0055681271478533745
        ],
        [
            -0.1124446913599968,
            -0.7851701378822327,
            -0.01109115220606327
        ],
        [
            -0.1148894727230072,
            -0.9786747097969055,
            -0.007039256393909454
        ],
        [
            -0.13350173830986023,
            -0.9775865077972412,
            0.019444167613983154
        ],
        [
            -0.10640756040811539,
            -0.9095635414123535,
            -0.050475407391786575
        ],
        [
            -0.11550424993038177,
            -0.9257259368896484,
            -0.04415547102689743
        ],
        [
            -0.12796764075756073,
            -0.9108690023422241,
            -0.03645241633057594
        ],
        [
            -0.11835209280252457,
            -0.8977046012878418,
            -0.04325569421052933
        ],
        [
