{
    "pred_cam": [
        1.5688810348510742,
        0.04257278889417648,
        0.34676051139831543
    ],
    "pred_smpl_params": {
        "global_orient": [
            [
                [
                    -0.9699370265007019,
                    -0.07311159372329712,
                    -0.23211432993412018
                ],
                [
                    0.07916881144046783,
                    -0.9967183470726013,
                    -0.01687566563487053
                ],
                [
                    -0.23011882603168488,
                    -0.034744542092084885,
                    0.9725421667098999
                ]
            ]
        ],
        "body_pose": [
            [
                [
                    0.998289942741394,
                    -0.019011370837688446,
                    -0.05527925491333008
                ],
                [
                    0.021469570696353912,
                    0.9987910985946655,
                    0.04422035813331604
                ],
                [
                    0.05437173321843147,
                    -0.04533156007528305,
                    0.9974913001060486
                ]
            ],
            [
                [
                    0.9994385242462158,
                    -0.005886408966034651,
                    -0.03298461437225342
                ],
                [
                    0.007979296147823334,
                    0.997938334941864,
                    0.06368247419595718
                ],
                [
                    0.03254174813628197,
                    -0.06390991061925888,
                    0.9974249601364136
                ]
            ],
            [
                [
                    0.9986988306045532,
                    0.015235494822263718,
                    0.048667505383491516
                ],
                [
                    -0.008875795640051365,
                    0.991693913936615,
                    -0.12831366062164307
                ],
                [
                    -0.050218190997838974,
                    0.12771473824977875,
                    0.9905387759208679
                ]
            ],
            [
                [
                    0.983996570110321,
                    -0.09121894091367722,
                    -0.1530681848526001
                ],
                [
                    -0.031126536428928375,
                    0.757826566696167,
                    -0.6517131328582764
                ],
                [
                    0.1754477322101593,
                    0.6460479497909546,
                    0.742859423160553
                ]
            ],
            [
                [
                    0.9840510487556458,
                    -0.12208173424005508,
                    0.12938162684440613
                ],
                [
                    0.17768919467926025,
                    0.7088308930397034,
                    -0.6826311945915222
                ],
                [
                    -0.008372893556952477,
                    0.6947336196899414,
                    0.719218373298645
                ]
            ],
            [
                [
                    0.9983060956001282,
                    -0.004163304343819618,
                    0.05803154781460762
                ],
                [
                    0.00241488148458302,
                    0.9995419383049011,
                    0.03016640990972519
                ],
                [
                    -0.05813056230545044,
                    -0.029975170269608498,
                    0.9978588819503784
                ]
            ],
            [
                [
                    0.983626663684845,
                    -0.007915404625236988,
                    0.1800440102815628
                ],
                [
                    -0.011903408914804459,
                    0.9939998984336853,
                    0.10873143374919891
                ],
                [
                    -0.17982438206672668,
                    -0.1090942919254303,
                    0.9776305556297302
                ]
            ],
            [
                [
                    0.9862866997718811,
                    0.04720558598637581,
                    -0.15814612805843353
                ],
                [
                    -0.02709577977657318,
                    0.9915347695350647,
                    0.12698239088058472
                ],
                [
                    0.16280166804790497,
                    -0.1209559515118599,
                    0.9792166352272034
                ]
            ],
            [
                [
                    0.9992032647132874,
                    -0.003625391749665141,
                    0.03974480181932449
                ],
                [
                    0.005509693641215563,
                    0.9988605976104736,
                    -0.04740353301167488
                ],
                [
                    -0.039527662098407745,
                    0.04758474975824356,
                    0.9980847239494324
                ]
            ],
            [
                [
                    0.9969635009765625,
                    -0.07255038619041443,
                    -0.02828635647892952
                ],
                [
                    0.07476254552602768,
                    0.9933863878250122,
                    0.08714395761489868
                ],
                [
                    0.02177695371210575,
                    -0.0889941155910492,
                    0.9957939982414246
                ]
            ],
            [
                [
                    0.9996967911720276,
                    0.007910540327429771,
                    -0.023318137973546982
                ],
                [
                    -0.005427544936537743,
                    0.9944906234741211,
                    0.10468501597642899
                ],
                [
                    0.024017782881855965,
                    -0.10452671349048615,
                    0.9942319989204407
                ]
            ],
            [
                [
                    0.9993420243263245,
                    0.012102585285902023,
                    0.034192826598882675
                ],
                [
                    -0.0130133843049407,
                    0.9995630383491516,
                    0.026541300117969513
                ],
                [
                    -0.03385666385293007,
                    -0.02696879953145981,
                    0.9990628361701965
                ]
            ],
            [
                [
                    0.955357015132904,
                    0.29518356919288635,
                    -0.012635361403226852
                ],
                [
                    -0.29535192251205444,
                    0.9552770256996155,
                    -0.014596514403820038
                ],
                [
                    0.0077616190537810326,
                    0.017676759511232376,
                    0.9998136162757874
                ]
            ],
            [
                [
                    0.9408745169639587,
                    -0.33665648102760315,
                    0.037650976330041885
                ],
                [
                    0.3378885090351105,
                    0.9405983686447144,
                    -0.0332573764026165
                ],
                [
                    -0.024218138307332993,
                    0.044012852013111115,
                    0.9987373948097229
                ]
            ],
            [
                [
                    0.9993373155593872,
                    0.03002125583589077,
                    -0.020584426820278168
                ],
                [
                    -0.032872334122657776,
                    0.9871888160705566,
                    -0.15613359212875366
                ],
                [
                    0.015633391216397285,
                    0.156706765294075,
                    0.9875214695930481
                ]
            ],
            [
                [
                    0.49334657192230225,
                    0.8155267238616943,
                    -0.30253157019615173
                ],
                [
                    -0.8605886697769165,
                    0.5082017183303833,
                    -0.03343914821743965
                ],
                [
                    0.12647654116153717,
                    0.2768523395061493,
                    0.9525526165962219
                ]
            ],
            [
                [
                    0.436440110206604,
                    -0.869042694568634,
                    0.23299120366573334
                ],
                [
                    0.8926904797554016,
                    0.45059046149253845,
                    0.008482608012855053
                ],
                [
                    -0.11235535144805908,
                    0.20428688824176788,
                    0.9724419116973877
                ]
            ],
            [
                [
                    0.8932474255561829,
                    -0.07204341143369675,
                    -0.4437554180622101
                ],
                [
                    -0.0011262282496318221,
                    0.9867145419120789,
                    -0.1624595820903778
                ],
                [
                    0.4495640695095062,
                    0.14561636745929718,
                    0.8812990784645081
                ]
            ],
            [
                [
                    0.8568606376647949,
                    0.18510010838508606,
                    0.48117345571517944
                ],
                [
                    -0.117266446352005,
                    0.9788355827331543,
                    -0.1677183359861374
                ],
                [
                    -0.5020344257354736,
                    0.08728573471307755,
                    0.8604317307472229
                ]
            ],
            [
                [
                    0.9994952082633972,
                    0.004235595464706421,
                    0.031486086547374725
                ],
                [
                    -0.004328595008701086,
                    0.9999864101409912,
                    0.002886097179725766
                ],
                [
                    -0.03147343918681145,
                    -0.0030209310352802277,
                    0.9994999766349792
                ]
            ],
            [
                [
                    0.997287392616272,
                    -0.005729395896196365,
                    -0.073382169008255
                ],
                [
                    0.007244523148983717,
                    0.9997656941413879,
                    0.020397501066327095
                ],
                [
                    0.07324811816215515,
                    -0.020873790606856346,
                    0.9970952272415161
                ]
            ],
            [
                [
                    0.965824544429779,
                    0.23959772288799286,
                    -0.09887278079986572
                ],
                [
                    -0.22000819444656372,
                    0.9594888687133789,
                    0.17600423097610474
                ],
                [
                    0.13703754544258118,
                    -0.14823639392852783,
                    0.9794113636016846
                ]
            ],
            [
                [
                    0.9698752164840698,
                    -0.23730812966823578,
                    0.055017564445734024
                ],
                [
                    0.2228635549545288,
                    0.9555685520172119,
                    0.19292636215686798
                ],
                [
                    -0.09835604578256607,
                    -0.17485308647155762,
                    0.9796695709228516
                ]
            ]
        ],
        "betas": [
            -0.18299558758735657,
            0.1769557148218155,
            0.3440571129322052,
            0.09624961018562317,
            0.062154024839401245,
            0.12382224947214127,
            0.040279269218444824,
            -0.15219175815582275,
            0.0913861021399498,
            -0.15265947580337524
        ]
    },
    "pred_cam_t": [
        0.04257278889417648,
        0.34676051139831543,
        24.898319244384766
    ],
    "focal_length": [
        5000.0,
        5000.0
    ],
    "pred_keypoints_3d": [
        [
            -0.1205017939209938,
            -0.820050835609436,
            0.1734449863433838
        ],
        [
            -0.044683896005153656,
            -0.7306138873100281,
            0.020311923697590828
        ],
        [
            0.13032378256320953,
            -0.6484952569007874,
            0.0752725899219513
        ],
        [
            0.17828887701034546,
            -0.40238720178604126,
            0.053952138870954514
        ],
        [
            0.1763278692960739,
            -0.18275465071201324,
            0.17765924334526062
        ],
        [
            -0.1961747258901596,
            -0.6301381587982178,
            -0.050966307520866394
        ],
        [
            -0.21502217650413513,
            -0.37690815329551697,
            -0.09653939306735992
        ],
        [
            -0.2577274441719055,
            -0.15372954308986664,
            -0.0031446442008018494
        ],
        [
            -0.0017146817408502102,
            -0.22320623695850372,
            0.026802564039826393
        ],
        [
            0.07141707092523575,
            -0.13831745088100433,
            0.04038751870393753
        ],
        [
            0.12996065616607666,
            0.2367582470178604,
            0.07596755027770996
        ],
        [
            0.14835578203201294,
            0.5118476152420044,
            -0.2080158293247223
        ],
        [
            -0.060442984104156494,
            -0.1265319138765335,
            0.006381193175911903
        ],
        [
            -0.07634653896093369,
            0.2462003380060196,
            0.02390635572373867
        ],
        [
            -0.04115443304181099,
            0.5347520112991333,
            -0.24436190724372864
        ],
        [
            -0.0840563252568245,
            -0.867190957069397,
            0.15899181365966797
        ],
        [
            -0.1452687382698059,
            -0.8606722354888916,
            0.13481177389621735
        ],
        [
            -0.010934052057564259,
            -0.8683503270149231,
            0.08592607080936432
        ],
        [
            -0.14483332633972168,
            -0.8549222946166992,
            0.03357154503464699
        ],
        [
            -0.058454614132642746,
            0.679043710231781,
            -0.10926157236099243
        ],
        [
            -0.11909635365009308,
            0.6580654382705688,
            -0.16214758157730103
        ],
        [
            -0.0413934662938118,
            0.533021092414856,
            -0.3138749301433563
        ],
        [
            0.12264969944953918,
            0.6544273495674133,
            -0.07375487685203552
        ],
        [
            0.19890481233596802,
            0.6365941166877747,
            -0.10753419995307922
        ],
        [
            0.16412405669689178,
            0.5175848603248596,
            -0.27830934524536133
        ],
        [
            0.17150312662124634,
            0.4579938054084778,
            -0.19474878907203674
        ],
        [
            0.12246131896972656,
            0.17600393295288086,
            0.08260682225227356
        ],
        [
            0.13944043219089508,
            -0.265881210565567,
            0.051950566470623016
        ],
        [
            -0.13924959301948547,
            -0.22741004824638367,
            -0.027558855712413788
        ],
        [
            -0.089082732796669,
            0.20692579448223114,
            0.026455704122781754
        ],
        [
            -0.0505337193608284,
            0.4925336539745331,
            -0.24617335200309753
        ],
        [
            0.1578701138496399,
            -0.21033792197704315,
            0.19034288823604584
        ],
        [
            0.1956404149532318,
            -0.42358124256134033,
            0.08484375476837158
        ],
        [
            0.09456200897693634,
            -0.6770306825637817,
            0.06284868717193604
        ],
        [
            -0.16993245482444763,
            -0.6613081693649292,
            -0.044550999999046326
        ],
        [
            -0.25501465797424316,
            -0.4009740948677063,
            -0.07582829892635345
        ],
        [
            -0.26421335339546204,
            -0.17167115211486816,
            0.0043146018870174885
        ],
        [
            -0.0467718131840229,
            -0.7244428396224976,
            0.022953785955905914
        ],
        [
            -0.09422637522220612,
            -0.9114079475402832,
            0.07615087181329727
        ],
        [
            -0.00040895678102970123,
            -0.24681276082992554,
            0.011817299760878086
        ],
        [
            -0.03760216385126114,
            -0.6677824854850769,
            0.012967763468623161
        ],
        [
            -0.01697382889688015,
            -0.49071258306503296,
            -0.001649774145334959
        ],
        [
            -0.09578792750835419,
            -0.8012034893035889,
            0.09932012856006622
        ],
        [
            -0.0894484743475914,
            -0.9314899444580078,
            0.0709899514913559
        ]
    ],
    "pred_vertices": [
        [
            -0.16175419092178345,
            -0.9058585166931152,
            0.1336778998374939
        ],
        [
            -0.15654712915420532,
            -0.8916304707527161,
            0.14088311791419983
        ],
        [
            -0.16277523338794708,
            -0.8878533244132996,
            0.1286967396736145
        ],
        [
            -0.1664091795682907,
            -0.898829460144043,
            0.11833913624286652
        ],
        [
            -0.16019082069396973,
            -0.8786411881446838,
            0.13482749462127686
        ],
        [
            -0.15378157794475555,
            -0.88016676902771,
            0.14498353004455566
        ],
        [
            -0.16440898180007935,
            -0.8822069764137268,
            0.11627049744129181
        ],
        [
            -0.1665980964899063,
            -0.8896233439445496,
            0.10478438436985016
        ],
        [
            -0.16115501523017883,
            -0.8475710153579712,
            0.10145796090364456
        ],
        [
            -0.16067206859588623,
            -0.8438435792922974,
            0.09107507020235062
        ],
        [
            -0.16235870122909546,
            -0.8555153608322144,
            0.09330368041992188
        ],
        [
            -0.16125667095184326,
            -0.8563007116317749,
            0.10345087945461273
        ],
        [
            -0.15559637546539307,
            -0.8223092555999756,
            0.09719718992710114
        ],
        [
            -0.15187402069568634,
            -0.8130452036857605,
            0.10664088279008865
        ],
        [
            -0.14904430508613586,
            -0.8048526048660278,
            0.09638532996177673
        ],
        [
            -0.15127378702163696,
            -0.8138517737388611,
            0.08658669143915176
        ],
        [
            -0.1328878253698349,
            -0.8277971744537354,
            0.14097106456756592
        ],
        [
            -0.13657444715499878,
            -0.8209211230278015,
            0.13752824068069458
        ],
        [
            -0.14070288836956024,
            -0.8271619081497192,
            0.13571597635746002
        ],
        [
            -0.13611875474452972,
            -0.8333829641342163,
            0.1391160935163498
        ],
        [
            -0.1279216706752777,
            -0.8375072479248047,
            0.1508314609527588
        ],
        [
            -0.12833161652088165,
            -0.8431689739227295,
            0.14772696793079376
        ],
        [
            -0.12644393742084503,
            -0.8469688296318054,
            0.15443383157253265
        ],
        [
            -0.12706351280212402,
            -0.8404051065444946,
            0.15812750160694122
        ],
        [
            -0.12726862728595734,
            -0.8231371641159058,
            0.14273247122764587
        ],
        [
            -0.13107529282569885,
            -0.8161224126815796,
            0.13872067630290985
        ],
        [
            -0.13001984357833862,
            -0.8336535096168518,
            0.14456042647361755
        ],
        [
            -0.1281805783510208,
            -0.8290632963180542,
            0.14716491103172302
        ],
        [
            -0.1286928504705429,
            -0.8223608732223511,
            0.15733352303504944
        ],
        [
            -0.13013789057731628,
            -0.8269933462142944,
            0.15570516884326935
        ],
        [
            -0.12977343797683716,
            -0.8277445435523987,
            0.16336944699287415
        ],
        [
            -0.1277218908071518,
            -0.8224919438362122,
            0.1629089117050171
        ],
        [
            -0.12746921181678772,
            -0.8222957849502563,
            0.14775818586349487
        ],
        [
            -0.12940384447574615,
            -0.8248277902603149,
            0.15033769607543945
        ],
        [
            -0.1276194006204605,
            -0.8211400508880615,
            0.15314537286758423
        ],
        [
            -0.12484825402498245,
            -0.8194599151611328,
            0.1505335569381714
        ],
        [
            -0.12776565551757812,
            -0.8330041170120239,
            0.15342220664024353
        ],
        [
            -0.12810656428337097,
            -0.8345217108726501,
            0.16102227568626404
        ],
        [
            -0.1274379938840866,
            -0.8356733918190002,
            0.1690242886543274
        ],
        [
            -0.12838658690452576,
            -0.8270229697227478,
            0.1712624877691269
        ],
        [
            -0.14204031229019165,
            -0.8071891069412231,
            0.126531720161438
        ],
        [
            -0.14009901881217957,
            -0.8140365481376648,
            0.1328510046005249
        ],
        [
            -0.1348254531621933,
            -0.8097488880157471,
            0.1346033811569214
        ],
        [
            -0.13724762201309204,
            -0.8041346073150635,
            0.12976960837841034
        ],
        [
            -0.12411511689424515,
            -0.816768229007721,
            0.14673864841461182
        ],
        [
            -0.1253134310245514,
            -0.8008816242218018,
            0.14438779652118683
        ],
        [
            -0.12614859640598297,
            -0.8045510053634644,
            0.14469073712825775
        ],
        [
            -0.12233281135559082,
            -0.8056009411811829,
            0.15067806839942932
        ],
        [
            -0.12209849804639816,
            -0.8021136522293091,
            0.14999829232692719
        ],
        [
            -0.14096660912036896,
            -0.7935545444488525,
            0.11547799408435822
        ],
        [
            -0.13738913834095,
            -0.7926038503646851,
            0.1216927021741867
        ],
        [
            -0.13571438193321228,
            -0.7861241102218628,
            0.1186334416270256
        ],
        [
            -0.13804638385772705,
            -0.785963773727417,
            0.11142341792583466
        ],
        [
            -0.13232740759849548,
            -0.7808749079704285,
            0.11814673244953156
        ],
        [
            -0.13439330458641052,
            -0.7787545323371887,
            0.10848376154899597
        ],
        [
            -0.12423631548881531,
            -0.7657517194747925,
            0.11116917431354523
        ],
        [
            -0.12923210859298706,
            -0.7714898586273193,
            0.10944473743438721
        ],
        [
            -0.12818481028079987,
            -0.7757338285446167,
            0.11969806253910065
        ],
        [
            -0.12391237914562225,
            -0.770854115486145,
            0.12424463033676147
        ],
        [
            -0.11719536781311035,
            -0.7757482528686523,
            0.13710162043571472
        ],
        [
            -0.11286050081253052,
            -0.774811863899231,
            0.1416395604610443
        ],
        [
            -0.11432735621929169,
            -0.7627199292182922,
            0.13704147934913635
        ],
        [
            -0.11904612183570862,
            -0.7658829689025879,
            0.13110420107841492
        ],
        [
            -0.12269839644432068,
            -0.7958625555038452,
            0.1399816870689392
        ],
        [
            -0.1250731498003006,
            -0.7958711385726929,
            0.1358889639377594
        ],
        [
            -0.12644939124584198,
            -0.7970315217971802,
            0.13794785737991333
        ],
        [
            -0.12429387867450714,
            -0.7980976104736328,
            0.14265304803848267
        ],
        [
            -0.12742072343826294,
            -0.7955564260482788,
            0.13270507752895355
        ],
        [
            -0.12854695320129395,
            -0.7952210307121277,
            0.13136711716651917
        ],
        [
            -0.12906616926193237,
            -0.7963411808013916,
            0.13265272974967957
        ],
        [
            -0.1276935636997223,
            -0.7962014079093933,
            0.13336622714996338
        ],
        [
            -0.12615695595741272,
            -0.795973002910614,
            0.13465681672096252
        ],
        [
            -0.12513074278831482,
            -0.7941552400588989,
            0.13527822494506836
        ],
        [
            -0.12672078609466553,
            -0.7948094606399536,
            0.13342641294002533
        ],
        [
            -0.1230207309126854,
            -0.793342649936676,
            0.13917574286460876
        ],
        [
            -0.11447197198867798,
            -0.791252851486206,
            0.15116965770721436
        ],
        [
            -0.11763085424900055,
            -0.7916492223739624,
            0.14829105138778687
        ],
        [
            -0.11659756302833557,
            -0.796184778213501,
            0.14835509657859802
        ],
        [
            -0.11390309035778046,
            -0.7961286902427673,
            0.1508481800556183
        ],
        [
            -0.12835364043712616,
            -0.7979291677474976,
            0.13528120517730713
        ],
        [
            -0.1308506429195404,
            -0.7994362115859985,
            0.1337527334690094
        ],
        [
            -0.12933669984340668,
            -0.8020302653312683,
            0.138523668050766
        ],
        [
            -0.12764756381511688,
            -0.7995154857635498,
            0.13830605149269104
        ],
        [
            -0.13350960612297058,
            -0.8010627031326294,
            0.1326097846031189
        ],
        [
            -0.1309991180896759,
            -0.7973644733428955,
            0.13126033544540405
        ],
        [
            -0.13344331085681915,
            -0.7977174520492554,
            0.1296108365058899
        ],
        [
            -0.12776334583759308,
            -0.7936002016067505,
            0.13142888247966766
        ],
        [
            -0.12929588556289673,
            -0.7919013500213623,
            0.1288614571094513
        ],
        [
            -0.13063499331474304,
            -0.7942781448364258,
            0.12974196672439575
        ],
        [
            -0.12721306085586548,
            -0.7889119386672974,
            0.1298454999923706
        ],
        [
            -0.1257537305355072,
            -0.7918848991394043,
            0.13324183225631714
        ],
        [
            -0.12350967526435852,
            -0.7901027202606201,
            0.13701894879341125
        ],
        [
            -0.12066575884819031,
            -0.7884987592697144,
            0.1419295072555542
        ],
        [
            -0.12083739042282104,
            -0.7839793562889099,
            0.13780435919761658
        ],
        [
            -0.12439275532960892,
            -0.7861324548721313,
            0.1331685185432434
        ],
        [
            -0.1311846673488617,
            -0.8055762052536011,
            0.1374146044254303
        ],
        [
            -0.13354580104351044,
            -0.7934576272964478,
            0.12628203630447388
        ],
        [
            -0.13770166039466858,
            -0.7992342710494995,
            0.1254338175058365
        ],
        [
            -0.13220979273319244,
            -0.7889726161956787,
            0.1249164491891861
        ],
        [
            -0.12953898310661316,
            -0.7848842144012451,
            0.1251339614391327
        ],
        [
            -0.1258310228586197,
            -0.7812373638153076,
            0.12758824229240417
        ],
        [
            -0.12169910222291946,
            -0.7781267166137695,
            0.1323271244764328
        ],
        [
            -0.11082752048969269,
            -0.7552011013031006,
            0.12511542439460754
        ],
        [
            -0.11751864850521088,
            -0.7596158981323242,
            0.11880714446306229
        ],
        [
            -0.1499725729227066,
            -0.8733586072921753,
            0.14284932613372803
        ],
        [
            -0.1564885973930359,
            -0.8718409538269043,
            0.13678103685379028
        ],
        [
            -0.1538470834493637,
            -0.8647589683532715,
            0.13153576850891113
        ],
        [
            -0.1560412496328354,
            -0.8671694993972778,
            0.1306256204843521
        ],
        [
            -0.15249177813529968,
            -0.8683943152427673,
            0.13609102368354797
        ],
        [
            -0.1514606773853302,
            -0.865648627281189,
            0.13549432158470154
        ],
        [
            -0.15864691138267517,
            -0.8581156134605408,
            0.11146076023578644
        ],
        [
            -0.15652652084827423,
            -0.8597100377082825,
            0.11778558045625687
        ],
        [
            -0.15559449791908264,
            -0.8561959266662598,
            0.11599253118038177
        ],
        [
            -0.15883353352546692,
            -0.8515832424163818,
            0.10963477194309235
        ],
        [
            -0.1504669189453125,
            -0.8486597537994385,
            0.12480149418115616
        ],
        [
            -0.15319043397903442,
            -0.849886417388916,
            0.12020571529865265
        ],
        [
            -0.15191109478473663,
            -0.8564320802688599,
            0.12468111515045166
        ],
        [
            -0.15003584325313568,
            -0.8555486798286438,
            0.12807652354240417
        ],
        [
            -0.1473785936832428,
            -0.8551995754241943,
            0.13139095902442932
        ],
        [
            -0.14408990740776062,
            -0.8555041551589966,
            0.1342463493347168
        ],
        [
            -0.1432080864906311,
            -0.8502765893936157,
            0.1332235485315323
        ],
        [
            -0.14692451059818268,
            -0.8490797281265259,
            0.12942442297935486
        ],
        [
            -0.14742633700370789,
            -0.8698973655700684,
            0.14008426666259766
        ],
        [
            -0.14066234230995178,
            -0.8699578046798706,
            0.14270931482315063
        ],
        [
            -0.14110714197158813,
            -0.8668949604034424,
            0.14130116999149323
        ],
        [
            -0.14704152941703796,
            -0.8666722774505615,
            0.13940083980560303
        ],
        [
            -0.12888140976428986,
            -0.862301230430603,
            0.14021311700344086
        ],
        [
            -0.1308279037475586,
            -0.8644250631332397,
            0.14096194505691528
        ],
        [
            -0.12842978537082672,
            -0.8660153150558472,
            0.1436413675546646
        ],
        [
            -0.12651965022087097,
            -0.8618414402008057,
            0.14275112748146057
        ],
        [
            -0.12797999382019043,
            -0.8586329221725464,
            0.14156214892864227
        ],
        [
            -0.1298638880252838,
            -0.8604698777198792,
            0.13988792896270752
        ],
        [
            -0.15694865584373474,
            -0.9278467297554016,
            0.13713324069976807
        ],
        [
            -0.15281909704208374,
            -0.9108286499977112,
            0.1463622748851776
        ],
        [
            -0.16470807790756226,
            -0.9207051992416382,
            0.11969044804573059
        ],
        [
            -0.1673201322555542,
            -0.9105714559555054,
            0.10465866327285767
        ],
        [
            -0.16818995773792267,
            -0.8975369334220886,
            0.09208308905363083
        ],
        [
            -0.14516471326351166,
            -0.797870397567749,
            0.10659211128950119
        ],
        [
            -0.1424711048603058,
            -0.789732813835144,
            0.09981369972229004
        ],
        [
            -0.1455010175704956,
            -0.797394871711731,
            0.0865192636847496
        ],
        [
            -0.1401325911283493,
            -0.7882581353187561,
            0.08200287818908691
        ],
        [
            -0.13740766048431396,
            -0.7804682850837708,
            0.09617888927459717
        ],
        [
            -0.12165935337543488,
            -0.7640722990036011,
            0.09748531877994537
        ],
        [
            -0.13051892817020416,
            -0.7713356018066406,
            0.0953996330499649
        ],
        [
            -0.1321045309305191,
            -0.7797483801841736,
            0.0782124400138855
        ],
        [
            -0.1347344070672989,
            -0.7927848100662231,
            0.062425389885902405
        ],
        [
            -0.14154815673828125,
            -0.7985408306121826,
            0.06934807449579239
        ],
        [
            -0.13539491593837738,
            -0.8090807199478149,
            0.05078056827187538
        ],
        [
            -0.12482322752475739,
            -0.7875773906707764,
            0.053612153977155685
        ],
        [
            -0.12925273180007935,
            -0.8094565868377686,
            0.04430053383111954
        ],
        [
            -0.10780496895313263,
            -0.7546117305755615,
            0.060652993619441986
        ],
        [
            -0.10659763216972351,
            -0.7446708679199219,
            0.05554993450641632
        ],
        [
            -0.11222195625305176,
            -0.7518823146820068,
            0.03980199992656708
        ],
        [
            -0.11425608396530151,
            -0.7619079351425171,
            0.04460101202130318
        ],
        [
            -0.14717893302440643,
            -0.8056154251098633,
            0.07655665278434753
        ],
        [
            -0.1627148687839508,
            -0.8669863939285278,
            0.08604177087545395
        ],
        [
            -0.1631348580121994,
            -0.8658252954483032,
            0.09804360568523407
        ],
        [
            -0.16071687638759613,
            -0.854438304901123,
            0.08149027824401855
        ],
        [
            -0.16748788952827454,
            -0.9269185066223145,
            0.07210581004619598
        ],
        [
            -0.16966833174228668,
            -0.9207942485809326,
            0.08956928551197052
        ],
        [
            -0.16989026963710785,
            -0.9054920673370361,
            0.07975025475025177
        ],
        [
            -0.16850708425045013,
            -0.9131829738616943,
            0.06431826949119568
        ],
        [
            -0.15149827301502228,
            -0.9626078605651855,
            0.0937381312251091
        ],
        [
            -0.1575438231229782,
            -0.947526752948761,
            0.11674550175666809
        ],
        [
            -0.16365617513656616,
            -0.9355893135070801,
            0.10386825352907181
        ],
        [
            -0.16035036742687225,
            -0.9472652673721313,
            0.08464260399341583
        ],
        [
            -0.1654357761144638,
            -0.9160470962524414,
            0.05130904167890549
        ],
        [
            -0.15886983275413513,
            -0.9193700551986694,
            0.03436802327632904
        ],
        [
            -0.1548839509487152,
            -0.9360494613647461,
            0.030758775770664215
        ],
        [
            -0.16202281415462494,
            -0.9343961477279663,
            0.05213722586631775
        ],
        [
            -0.14404341578483582,
            -0.9578354358673096,
            0.031216539442539215
        ],
        [
            -0.15317827463150024,
            -0.955776572227478,
            0.05685299634933472
        ],
        [
            -0.12161583453416824,
            -0.7980008125305176,
            0.03473740443587303
        ],
        [
            -0.12462830543518066,
            -0.8158895969390869,
            0.03344859927892685
        ],
        [
            -0.11742386966943741,
            -0.7737404704093933,
            0.05117723345756531
        ],
        [
            -0.1183876320719719,
            -0.7826645970344543,
            0.03423985838890076
        ],
        [
            -0.1277236044406891,
            -0.9746586084365845,
            0.03495524451136589
        ],
        [
            -0.13987794518470764,
            -0.973886251449585,
            0.06486991792917252
        ],
        [
            -0.12673160433769226,
            -0.9046154022216797,
            -0.007184892892837524
        ],
        [
            -0.13490675389766693,
            -0.9207699298858643,
            0.0004384145140647888
        ],
        [
            -0.1447123885154724,
            -0.9057753682136536,
            0.011051684617996216
        ],
        [
            -0.13615143299102783,
            -0.8926305770874023,
            0.0025943592190742493
        ],
        [
