{
    "pred_cam": [
        1.5752203464508057,
        0.03013491816818714,
        0.3571125864982605
    ],
    "pred_smpl_params": {
        "global_orient": [
            [
                [
                    -0.9928033947944641,
                    -0.05209873244166374,
                    -0.10782896727323532
                ],
                [
                    0.05523420125246048,
                    -0.9981271028518677,
                    -0.026296725496649742
                ],
                [
                    -0.10625697672367096,
                    -0.032063327729701996,
                    0.9938216209411621
                ]
            ]
        ],
        "body_pose": [
            [
                [
                    0.9992029070854187,
                    -0.017980165779590607,
                    -0.035640545189380646
                ],
                [
                    0.020041054114699364,
                    0.9980958700180054,
                    0.058336786925792694
                ],
                [
                    0.03452376648783684,
                    -0.059004560112953186,
                    0.9976606369018555
                ]
            ],
            [
                [
                    0.999697744846344,
                    -0.024503156542778015,
                    0.0019924314692616463
                ],
                [
                    0.024205025285482407,
                    0.9952240586280823,
                    0.09456801414489746
                ],
                [
                    -0.004300130531191826,
                    -0.09449120610952377,
                    0.9955163598060608
                ]
            ],
            [
                [
                    0.9996076822280884,
                    0.021926404908299446,
                    0.01742715947329998
                ],
                [
                    -0.019385535269975662,
                    0.9907165169715881,
                    -0.13455519080162048
                ],
                [
                    -0.020215684548020363,
                    0.13416457176208496,
                    0.9907528758049011
                ]
            ],
            [
                [
                    0.9874350428581238,
                    -0.06111591309309006,
                    -0.14572879672050476
                ],
                [
                    -0.06999780237674713,
                    0.6576226949691772,
                    -0.7500884532928467
                ],
                [
                    0.1416769027709961,
                    0.7508643269538879,
                    0.6450816988945007
                ]
            ],
            [
                [
                    0.9852480292320251,
                    -0.08715321123600006,
                    0.1472778618335724
                ],
                [
                    0.16768190264701843,
                    0.663598895072937,
                    -0.729053795337677
                ],
                [
                    -0.034194037318229675,
                    0.7429945468902588,
                    0.6684235334396362
                ]
            ],
            [
                [
                    0.999474287033081,
                    0.00033906547469086945,
                    0.03242019563913345
                ],
                [
                    -0.0023970562033355236,
                    0.9979814291000366,
                    0.06346088647842407
                ],
                [
                    -0.03233323618769646,
                    -0.06350523233413696,
                    0.9974575638771057
                ]
            ],
            [
                [
                    0.9823269248008728,
                    0.007261678110808134,
                    0.18703225255012512
                ],
                [
                    -0.030602697283029556,
                    0.9920318126678467,
                    0.1222144365310669
                ],
                [
                    -0.18465445935726166,
                    -0.1257782280445099,
                    0.9747217893600464
                ]
            ],
            [
                [
                    0.9837480783462524,
                    0.039322998374700546,
                    -0.1751953512430191
                ],
                [
                    -0.017735939472913742,
                    0.9922334551811218,
                    0.12311910837888718
                ],
                [
                    0.1786760836839676,
                    -0.11801093816757202,
                    0.9768052101135254
                ]
            ],
            [
                [
                    0.9998891949653625,
                    0.0009506086353212595,
                    0.01485221367329359
                ],
                [
                    0.00025700542028062046,
                    0.9967062473297119,
                    -0.08109625428915024
                ],
                [
                    -0.014880385249853134,
                    0.08109109103679657,
                    0.996595561504364
                ]
            ],
            [
                [
                    0.9953250885009766,
                    -0.0858011394739151,
                    -0.044340867549180984
                ],
                [
                    0.09078792482614517,
                    0.9878041744232178,
                    0.12649257481098175
                ],
                [
                    0.03294689208269119,
                    -0.129926860332489,
                    0.9909759759902954
                ]
            ],
            [
                [
                    0.9989765882492065,
                    0.044244784861803055,
                    -0.009382110089063644
                ],
                [
                    -0.04249678552150726,
                    0.9892221689224243,
                    0.14011956751346588
                ],
                [
                    0.015480550937354565,
                    -0.1395774781703949,
                    0.9900900721549988
                ]
            ],
            [
                [
                    0.999403715133667,
                    0.01334781851619482,
                    -0.031845372170209885
                ],
                [
                    -0.011295020580291748,
                    0.9978992938995361,
                    0.06379251182079315
                ],
                [
                    0.032629963010549545,
                    -0.06339477747678757,
                    0.9974550008773804
                ]
            ],
            [
                [
                    0.9537379145622253,
                    0.2989036738872528,
                    0.03225754201412201
                ],
                [
                    -0.2977127432823181,
                    0.9539362192153931,
                    -0.03704996034502983
                ],
                [
                    -0.04184601083397865,
                    0.02573247067630291,
                    0.9987925887107849
                ]
            ],
            [
                [
                    0.9445404410362244,
                    -0.3282119035720825,
                    -0.010960264131426811
                ],
                [
                    0.3276159167289734,
                    0.9440725445747375,
                    -0.037348367273807526
                ],
                [
                    0.02260546386241913,
                    0.031686291098594666,
                    0.9992421269416809
                ]
            ],
            [
                [
                    0.9979539513587952,
                    -0.007751403842121363,
                    -0.06346502900123596
                ],
                [
                    -0.0023596943356096745,
                    0.9874823093414307,
                    -0.15771250426769257
                ],
                [
                    0.06389307975769043,
                    0.15753957629203796,
                    0.9854435920715332
                ]
            ],
            [
                [
                    0.5303750038146973,
                    0.8093317151069641,
                    -0.2523579001426697
                ],
                [
                    -0.843011200428009,
                    0.5349670648574829,
                    -0.05605611205101013
                ],
                [
                    0.08963519334793091,
                    0.24247130751609802,
                    0.9660088419914246
                ]
            ],
            [
                [
                    0.4572613537311554,
                    -0.8587167263031006,
                    0.23133856058120728
                ],
                [
                    0.8827123641967773,
                    0.4699134826660156,
                    -0.00046517676673829556
                ],
                [
                    -0.10830967128276825,
                    0.2044181078672409,
                    0.9728731513023376
                ]
            ],
            [
                [
                    0.8608017563819885,
                    -0.13158828020095825,
                    -0.4916348159313202
                ],
                [
                    0.05955522879958153,
                    0.9854042530059814,
                    -0.15947283804416656
                ],
                [
                    0.505443811416626,
                    0.10799507796764374,
                    0.8560744524002075
                ]
            ],
            [
                [
                    0.8065457344055176,
                    0.2283966839313507,
                    0.5452696084976196
                ],
                [
                    -0.15199394524097443,
                    0.9714630842208862,
                    -0.1820913851261139
                ],
                [
                    -0.5712984204292297,
                    0.06398734450340271,
                    0.8182443380355835
                ]
            ],
            [
                [
                    0.9995390176773071,
                    0.00967402383685112,
                    0.02877832017838955
                ],
                [
                    -0.009415971115231514,
                    0.999914288520813,
                    -0.009088780730962753
                ],
                [
                    -0.028863782063126564,
                    0.008813614957034588,
                    0.9995444416999817
                ]
            ],
            [
                [
                    0.9979400634765625,
                    0.0031644192058593035,
                    -0.06407508254051208
                ],
                [
                    -0.0029630588833242655,
                    0.9999904036521912,
                    0.0032373229041695595
                ],
                [
                    0.06408470869064331,
                    -0.003040795912966132,
                    0.9979398846626282
                ]
            ],
            [
                [
                    0.9690223932266235,
                    0.22687333822250366,
                    -0.09759178757667542
                ],
                [
                    -0.20974750816822052,
                    0.9646101593971252,
                    0.15979115664958954
                ],
                [
                    0.13039039075374603,
                    -0.1343715637922287,
                    0.982314944267273
                ]
            ],
            [
                [
                    0.9725553393363953,
                    -0.22616702318191528,
                    0.05463207885622978
                ],
                [
                    0.21402879059314728,
                    0.9617102742195129,
                    0.17118719220161438
                ],
                [
                    -0.09125712513923645,
                    -0.15479616820812225,
                    0.9837227463722229
                ]
            ]
        ],
        "betas": [
            -0.1403065025806427,
            0.27277788519859314,
            0.5004212856292725,
            0.4552278518676758,
            0.05375441908836365,
            0.14334219694137573,
            0.004157125949859619,
            -0.09771955013275146,
            0.08091045916080475,
            -0.12418508529663086
        ]
    },
    "pred_cam_t": [
        0.03013491816818714,
        0.3571125864982605,
        24.798118591308594
    ],
    "focal_length": [
        5000.0,
        5000.0
    ],
    "pred_keypoints_3d": [
        [
            -0.06762053072452545,
            -0.8423346281051636,
            0.18782106041908264
        ],
        [
            -0.040548328310251236,
            -0.7416060566902161,
            0.023252960294485092
        ],
        [
            0.14334070682525635,
            -0.6600596904754639,
            0.036910366266965866
        ],
        [
            0.19482198357582092,
            -0.41616469621658325,
            0.007719401270151138
        ],
        [
            0.23101647198200226,
            -0.21136189997196198,
            0.1497119814157486
        ],
        [
            -0.20270684361457825,
            -0.6397066712379456,
            -0.01991204544901848
        ],
        [
            -0.23562437295913696,
            -0.39037299156188965,
            -0.0758674144744873
        ],
        [
            -0.2859119772911072,
            -0.17213280498981476,
            0.025065042078495026
        ],
        [
            -0.002031977754086256,
            -0.22732388973236084,
            0.025791503489017487
        ],
        [
            0.06900345534086227,
            -0.14053073525428772,
            0.030153930187225342
        ],
        [
            0.11421380937099457,
            0.23536401987075806,
            0.07359202206134796
        ],
        [
            0.11125300079584122,
            0.5010781288146973,
            -0.21877802908420563
        ],
        [
            -0.06399291008710861,
            -0.13201764225959778,
            0.013395342044532299
        ],
        [
            -0.08758553862571716,
            0.23922684788703918,
            0.04071241617202759
        ],
        [
            -0.07362674921751022,
            0.4916425347328186,
            -0.26259565353393555
        ],
        [
            -0.03624036908149719,
            -0.8873481750488281,
            0.15940794348716736
        ],
        [
            -0.10212625563144684,
            -0.882207453250885,
            0.15622472763061523
        ],
        [
            0.010173860937356949,
            -0.8817912936210632,
            0.06732626259326935
        ],
        [
            -0.13421714305877686,
            -0.870990514755249,
            0.06020152196288109
        ],
        [
            -0.07790255546569824,
            0.6481212973594666,
            -0.1417217254638672
        ],
        [
            -0.1432204246520996,
            0.6243274211883545,
            -0.18776527047157288
        ],
        [
            -0.07948616147041321,
            0.48274192214012146,
            -0.33178192377090454
        ],
        [
            0.09223352372646332,
            0.6473706960678101,
            -0.08699125051498413
        ],
        [
            0.16659130156040192,
            0.6286764144897461,
            -0.1253373920917511
        ],
        [
            0.12283290177583694,
            0.5049994587898254,
            -0.2904804050922394
        ],
        [
            0.13596780598163605,
            0.44819390773773193,
            -0.20565330982208252
        ],
        [
            0.1093435287475586,
            0.17535234987735748,
            0.07959858328104019
        ],
        [
            0.1402362585067749,
            -0.26669400930404663,
            0.03201617673039436
        ],
        [
            -0.14289456605911255,
            -0.23489458858966827,
            -0.010690919123589993
        ],
        [
            -0.09924422949552536,
            0.20121119916439056,
            0.045023635029792786
        ],
        [
            -0.08348223567008972,
            0.449788898229599,
            -0.2590986490249634
        ],
        [
            0.21431657671928406,
            -0.23999597132205963,
            0.16337816417217255
        ],
        [
            0.21817323565483093,
            -0.43947964906692505,
            0.033056505024433136
        ],
        [
            0.10582353174686432,
            -0.6885347962379456,
            0.03284464403986931
        ],
        [
            -0.17539434134960175,
            -0.6717443466186523,
            -0.017641842365264893
        ],
        [
            -0.2717873156070709,
            -0.4156593978404999,
            -0.049271438270807266
        ],
        [
            -0.28974777460098267,
            -0.19090992212295532,
            0.03276028484106064
        ],
        [
            -0.041776418685913086,
            -0.7356078028678894,
            0.024141104891896248
        ],
        [
            -0.07101303339004517,
            -0.9277302026748657,
            0.08187469094991684
        ],
        [
            -0.001810446847230196,
            -0.25080743432044983,
            0.010567954741418362
        ],
        [
            -0.03420424461364746,
            -0.6786229610443115,
            0.011509157717227936
        ],
        [
            -0.01797689124941826,
            -0.4993216395378113,
            -0.0012980136089026928
        ],
        [
            -0.06789478659629822,
            -0.8188050389289856,
            0.11058686673641205
        ],
        [
            -0.06739863008260727,
            -0.9474053382873535,
            0.07427965104579926
        ]
    ],
    "pred_vertices": [
        [
            -0.1174042820930481,
            -0.9272717833518982,
            0.15803420543670654
        ],
        [
            -0.110566645860672,
            -0.9133347868919373,
            0.16389945149421692
        ],
        [
            -0.12050168961286545,
            -0.9092541933059692,
            0.15454375743865967
        ],
        [
            -0.12681835889816284,
            -0.9198485016822815,
            0.14525167644023895
        ],
        [
            -0.11624044179916382,
            -0.9004113674163818,
            0.15993839502334595
        ],
        [
            -0.10690467804670334,
            -0.9021701812744141,
            0.16750568151474
        ],
        [
            -0.12602242827415466,
            -0.9031891226768494,
            0.1434587836265564
        ],
        [
            -0.13135182857513428,
            -0.9101511836051941,
            0.1328638195991516
        ],
        [
            -0.12818269431591034,
            -0.8680123090744019,
            0.1303364783525467
        ],
        [
            -0.1310371458530426,
            -0.8636147975921631,
            0.12050779163837433
        ],
        [
            -0.1319340169429779,
            -0.875349760055542,
            0.12254299968481064
        ],
        [
            -0.1276194453239441,
            -0.8767094016075134,
            0.13175252079963684
        ],
        [
            -0.12481017410755157,
            -0.8422868847846985,
            0.1258612722158432
        ],
        [
            -0.11848332732915878,
            -0.8333450555801392,
            0.13416066765785217
        ],
        [
            -0.11934413760900497,
            -0.824507474899292,
            0.12399552762508392
        ],
        [
            -0.12439146637916565,
            -0.8331342935562134,
            0.11497531831264496
        ],
        [
            -0.08920149505138397,
            -0.8491113185882568,
            0.1600836217403412
        ],
        [
            -0.09399540722370148,
            -0.842179536819458,
            0.1583474725484848
        ],
        [
            -0.09829600900411606,
            -0.8485060930252075,
            0.15754854679107666
        ],
        [
            -0.09268778562545776,
            -0.8547283411026001,
            0.1590023785829544
        ],
        [
            -0.0812399685382843,
            -0.8590748310089111,
            0.16744044423103333
        ],
        [
            -0.08245621621608734,
            -0.8645784854888916,
            0.1642383635044098
        ],
        [
            -0.07851620763540268,
            -0.868637204170227,
            0.16986380517482758
        ],
        [
            -0.07812491804361343,
            -0.8622791767120361,
            0.17402023077011108
        ],
        [
            -0.0834360346198082,
            -0.8443266153335571,
            0.1603555977344513
        ],
        [
            -0.08857172727584839,
            -0.8371725082397461,
            0.1581268310546875
        ],
        [
            -0.08515827357769012,
            -0.8550671339035034,
            0.16229653358459473
        ],
        [
            -0.08287452906370163,
            -0.8504759073257446,
            0.16455307602882385
        ],
        [
            -0.08034379035234451,
            -0.8443018794059753,
            0.17483633756637573
        ],
        [
            -0.08207520097494125,
            -0.8488975763320923,
            0.17345649003982544
        ],
        [
            -0.07933662831783295,
            -0.8499917984008789,
            0.1806545853614807
        ],
        [
            -0.0776463970541954,
            -0.8446645736694336,
            0.17985963821411133
        ],
        [
            -0.0821734368801117,
            -0.8437194228172302,
            0.1653285026550293
        ],
        [
            -0.08314800262451172,
            -0.846447765827179,
            0.16826516389846802
        ],
        [
            -0.08068037778139114,
            -0.8428370952606201,
            0.17060330510139465
        ],
        [
            -0.07891583442687988,
            -0.8409190773963928,
            0.167334645986557
        ],
        [
            -0.08043364435434341,
            -0.8547114729881287,
            0.17021793127059937
        ],
        [
            -0.07834216207265854,
            -0.8565964698791504,
            0.17749249935150146
        ],
        [
            -0.07520739734172821,
            -0.8581063747406006,
            0.1848994791507721
        ],
        [
            -0.07567030936479568,
            -0.8495529890060425,
            0.18782369792461395
        ],
        [
            -0.1030651330947876,
            -0.8280293941497803,
            0.15031898021697998
        ],
        [
            -0.09901981800794601,
            -0.8351596593856812,
            0.15540695190429688
        ],
        [
            -0.09363122284412384,
            -0.8306939601898193,
            0.15572255849838257
        ],
        [
            -0.09763216972351074,
            -0.8249011635780334,
            0.15218408405780792
        ],
        [
            -0.0795222669839859,
            -0.8379263877868652,
            0.16362300515174866
        ],
        [
            -0.08188441395759583,
            -0.8218139410018921,
            0.16259294748306274
        ],
        [
            -0.08249504864215851,
            -0.8255624771118164,
            0.1630006730556488
        ],
        [
            -0.07696527242660522,
            -0.8267414569854736,
            0.1674373894929886
        ],
        [
            -0.07702936232089996,
            -0.8231903314590454,
            0.16684281826019287
        ],
        [
            -0.10594353079795837,
            -0.8136807680130005,
            0.1402568817138672
        ],
        [
            -0.10068929940462112,
            -0.8128785490989685,
            0.145184725522995
        ],
        [
            -0.10027217864990234,
            -0.8061027526855469,
            0.1420547217130661
        ],
        [
            -0.10472418367862701,
            -0.8056814074516296,
            0.13582974672317505
        ],
        [
            -0.09745965898036957,
            -0.8005911111831665,
            0.14073297381401062
        ],
        [
            -0.10250155627727509,
            -0.7980695962905884,
            0.13218697905540466
        ],
        [
            -0.09243587404489517,
            -0.7847639322280884,
            0.13229113817214966
        ],
        [
            -0.0975329726934433,
            -0.7906136512756348,
            0.131852388381958
        ],
        [
            -0.0932217389345169,
            -0.7953215837478638,
            0.14121758937835693
        ],
        [
            -0.08791619539260864,
            -0.790475606918335,
            0.14454463124275208
        ],
        [
            -0.07718722522258759,
            -0.7958066463470459,
            0.1544979214668274
        ],
        [
            -0.0716504156589508,
            -0.7949093580245972,
            0.15760037302970886
        ],
        [
            -0.07495904713869095,
            -0.7826175093650818,
            0.15435120463371277
        ],
        [
            -0.08127552270889282,
            -0.7856541872024536,
            0.14988942444324493
        ],
        [
            -0.08081693947315216,
            -0.8165061473846436,
            0.15779906511306763
        ],
        [
            -0.08435703814029694,
            -0.8164123296737671,
            0.1546400636434555
        ],
        [
            -0.08496600389480591,
            -0.8177504539489746,
            0.15698230266571045
        ],
        [
            -0.08140064030885696,
            -0.818960964679718,
            0.1607283651828766
        ],
        [
            -0.08760618418455124,
            -0.8160140514373779,
            0.15236374735832214
        ],
        [
            -0.08910983800888062,
            -0.8156677484512329,
            0.15146134793758392
        ],
        [
            -0.08914943784475327,
            -0.8168953657150269,
            0.15280236303806305
        ],
        [
            -0.08761601895093918,
            -0.8167458772659302,
            0.15308088064193726
        ],
        [
            -0.08575858175754547,
            -0.8165035247802734,
            0.15382881462574005
        ],
        [
            -0.08466062694787979,
            -0.8146342635154724,
            0.15419885516166687
        ],
        [
            -0.08674241602420807,
            -0.8152539730072021,
            0.15286147594451904
        ],
        [
            -0.0814497321844101,
            -0.8139078617095947,
            0.15728986263275146
        ],
        [
            -0.06969435513019562,
            -0.8120307326316833,
            0.16613873839378357
        ],
        [
            -0.07348436117172241,
            -0.8124631643295288,
            0.16433730721473694
        ],
        [
            -0.07236375659704208,
            -0.8170257806777954,
            0.16386425495147705
        ],
        [
            -0.06913702934980392,
            -0.816910445690155,
            0.16540341079235077
        ],
        [
            -0.08769014477729797,
            -0.8185654282569885,
            0.15502770245075226
        ],
        [
            -0.0904245525598526,
            -0.8201383948326111,
            0.15427635610103607
        ],
        [
            -0.08740782737731934,
            -0.8229121565818787,
            0.1582469642162323
        ],
        [
            -0.08593794703483582,
            -0.8203086853027344,
            0.15759673714637756
        ],
        [
            -0.09326079487800598,
            -0.8218274116516113,
            0.1539389044046402
        ],
        [
            -0.09141337871551514,
            -0.817928671836853,
            0.15204045176506042
        ],
        [
            -0.09435084462165833,
            -0.8182477951049805,
            0.1511988639831543
        ],
        [
            -0.08841262012720108,
            -0.8139661550521851,
            0.15136253833770752
        ],
        [
            -0.0907590314745903,
            -0.8121787905693054,
            0.14951370656490326
        ],
        [
            -0.09165176749229431,
            -0.8147037029266357,
            0.15063506364822388
        ],
        [
            -0.08855867385864258,
            -0.8091028928756714,
            0.14993539452552795
        ],
        [
            -0.085982546210289,
            -0.812221884727478,
            0.1525488942861557
        ],
        [
            -0.08270510286092758,
            -0.810504674911499,
            0.15553097426891327
        ],
        [
            -0.07847246527671814,
            -0.8090353012084961,
            0.15938252210617065
        ],
        [
            -0.08009625971317291,
            -0.8042709827423096,
            0.15575942397117615
        ],
        [
            -0.08489815890789032,
            -0.8063486218452454,
            0.15235042572021484
        ],
        [
            -0.0895153284072876,
            -0.8264485597610474,
            0.1575680822134018
        ],
        [
            -0.09554873406887054,
            -0.8138190507888794,
            0.1483108103275299
        ],
        [
            -0.09958864003419876,
            -0.8197773694992065,
            0.14847058057785034
        ],
        [
            -0.09488248825073242,
            -0.8091421127319336,
            0.14684709906578064
        ],
        [
            -0.0924212634563446,
            -0.8049033880233765,
            0.14639557898044586
        ],
        [
            -0.08829455077648163,
            -0.801152229309082,
            0.1477328985929489
        ],
        [
            -0.08290062099695206,
            -0.7981301546096802,
            0.15116746723651886
        ],
        [
            -0.0756087377667427,
            -0.7744886875152588,
            0.14219924807548523
        ],
        [
            -0.08383500576019287,
            -0.7788000702857971,
            0.137886643409729
        ],
        [
            -0.10391668975353241,
            -0.8953319787979126,
            0.16454261541366577
        ],
        [
            -0.1121135726571083,
            -0.8937361240386963,
            0.16095659136772156
        ],
        [
            -0.11131872981786728,
            -0.886396050453186,
            0.1554718017578125
        ],
        [
            -0.11352062970399857,
            -0.888884425163269,
            0.15520824491977692
        ],
        [
            -0.10854414105415344,
            -0.8901559114456177,
            0.1592002809047699
        ],
        [
            -0.10775917023420334,
            -0.8874309659004211,
            0.15840333700180054
        ],
        [
            -0.12247111648321152,
            -0.878919243812561,
            0.13844284415245056
        ],
        [
            -0.11839305609464645,
            -0.880765974521637,
            0.14365625381469727
        ],
        [
            -0.11818978190422058,
            -0.8771053552627563,
            0.14185279607772827
        ],
        [
            -0.12337300181388855,
            -0.8723100423812866,
            0.13711042702198029
        ],
        [
            -0.1107022613286972,
            -0.8697476387023926,
            0.14904877543449402
        ],
        [
            -0.11472839117050171,
            -0.8708664178848267,
            0.145451158285141
        ],
        [
            -0.11193687468767166,
            -0.8776012659072876,
            0.14896607398986816
        ],
        [
            -0.10906070470809937,
            -0.8768107295036316,
            0.15164847671985626
        ],
        [
            -0.10549715906381607,
            -0.8765292167663574,
            0.15400487184524536
        ],
        [
            -0.10145264863967896,
            -0.8768473267555237,
            0.15563806891441345
        ],
        [
            -0.10105954110622406,
            -0.8715305328369141,
            0.15470561385154724
        ],
        [
            -0.10583613812923431,
            -0.8702698349952698,
            0.1523382067680359
        ],
        [
            -0.10241296887397766,
            -0.891704797744751,
            0.16133996844291687
        ],
        [
            -0.09516163170337677,
            -0.8916268348693848,
            0.1616470366716385
        ],
        [
            -0.09612510353326797,
            -0.8885404467582703,
            0.16065458953380585
        ],
        [
            -0.1023223027586937,
            -0.8884650468826294,
            0.1607276201248169
        ],
        [
            -0.08493729680776596,
            -0.8834300637245178,
            0.1560816615819931
        ],
        [
            -0.08650083094835281,
            -0.8856790065765381,
            0.15723076462745667
        ],
        [
            -0.08330395072698593,
            -0.8873282074928284,
            0.15891820192337036
        ],
        [
            -0.08187881857156754,
            -0.882989764213562,
            0.15778839588165283
        ],
        [
            -0.08375245332717896,
            -0.8797534704208374,
            0.15735217928886414
        ],
        [
            -0.08602823317050934,
            -0.8815992474555969,
            0.15624061226844788
        ],
        [
            -0.1110825389623642,
            -0.9491853713989258,
            0.1585177481174469
        ],
        [
            -0.10481588542461395,
            -0.9324349164962769,
            0.16676095128059387
        ],
        [
            -0.12421831488609314,
            -0.9415280818939209,
            0.14476148784160614
        ],
        [
            -0.1316332072019577,
            -0.9309253692626953,
            0.13193753361701965
        ],
        [
            -0.1366080790758133,
            -0.9175362586975098,
            0.12083308398723602
        ],
        [
            -0.1126013994216919,
            -0.8177717924118042,
            0.13285745680332184
        ],
        [
            -0.1124441921710968,
            -0.8091089725494385,
            0.1259629726409912
        ],
        [
            -0.11940253525972366,
            -0.8163610100746155,
            0.1138947382569313
        ],
        [
            -0.1159481406211853,
            -0.8066201210021973,
            0.10825270414352417
        ],
        [
            -0.10908839851617813,
            -0.7993423938751221,
            0.1212935820221901
        ],
        [
            -0.09406661987304688,
            -0.7825031876564026,
            0.11825618147850037
        ],
        [
            -0.10297443717718124,
            -0.7898984551429749,
            0.11869671940803528
        ],
        [
            -0.10948330909013748,
            -0.7975925207138062,
            0.10225439071655273
        ],
        [
            -0.11651962995529175,
            -0.8100712299346924,
            0.08743555098772049
        ],
        [
            -0.12111636996269226,
            -0.8164578080177307,
            0.09617798775434494
        ],
        [
            -0.12041288614273071,
            -0.8258500099182129,
            0.07563625276088715
        ],
        [
            -0.10967902839183807,
            -0.8040034770965576,
            0.0756295770406723
        ],
        [
            -0.11650196462869644,
            -0.8255693912506104,
            0.06726328283548355
        ],
        [
            -0.09213525056838989,
            -0.7694283723831177,
            0.07750396430492401
        ],
        [
            -0.09258002042770386,
            -0.758560061454773,
            0.07203440368175507
        ],
        [
            -0.10196799784898758,
            -0.7653542160987854,
            0.05791333690285683
        ],
        [
            -0.10267399251461029,
            -0.7762131690979004,
            0.06343730539083481
        ],
        [
            -0.12393602728843689,
            -0.824225902557373,
            0.10462124645709991
        ],
        [
            -0.1340760439634323,
            -0.8865327835083008,
            0.11505217850208282
        ],
        [
            -0.13087621331214905,
            -0.8859030604362488,
            0.126725435256958
        ],
        [
            -0.13408152759075165,
            -0.8736982941627502,
            0.11088128387928009
        ],
        [
            -0.14140839874744415,
            -0.9456887245178223,
            0.10012771934270859
        ],
        [
            -0.13796785473823547,
            -0.9405574798583984,
            0.11770005524158478
        ],
        [
            -0.14189603924751282,
            -0.9248318672180176,
            0.10928958654403687
        ],
        [
            -0.14522546529769897,
            -0.9317456483840942,
            0.09374105930328369
        ],
        [
            -0.11859098076820374,
            -0.9816752076148987,
            0.11370556056499481
        ],
        [
            -0.11736664175987244,
            -0.967975378036499,
            0.1380864381790161
        ],
        [
            -0.1273556798696518,
            -0.9556562900543213,
            0.12853790819644928
        ],
        [
            -0.13017050921916962,
            -0.9663015007972717,
            0.10870568454265594
        ],
        [
            -0.14614976942539215,
            -0.9338961839675903,
            0.08047373592853546
        ],
        [
            -0.14533676207065582,
            -0.9361392259597778,
            0.06205815449357033
        ],
        [
            -0.14247795939445496,
            -0.9527180194854736,
            0.0566839762032032
        ],
        [
            -0.14230164885520935,
            -0.9519515037536621,
            0.079273521900177
        ],
        [
            -0.13161060214042664,
            -0.9741501212120056,
            0.052537478506565094
        ],
        [
            -0.1321139931678772,
            -0.9735078811645508,
            0.07982359081506729
        ],
        [
            -0.112357497215271,
            -0.8131126165390015,
            0.05581631511449814
        ],
        [
            -0.11535405367612839,
            -0.8310647010803223,
            0.055024318397045135
        ],
        [
            -0.1037229374051094,
            -0.7891690731048584,
            0.07092641294002533
        ],
        [
            -0.10943695902824402,
            -0.7972457408905029,
            0.054449185729026794
        ],
        [
            -0.11462569981813431,
            -0.9909201860427856,
            0.049915120005607605
        ],
        [
            -0.1165255457162857,
            -0.9915353059768677,
            0.08231132477521896
        ],
        [
            -0.12837252020835876,
            -0.9182597398757935,
            0.01312776654958725
        ],
        [
            -0.13352836668491364,
            -0.9351440072059631,
            0.022173039615154266
        ],
        [
            -0.13948962092399597,
            -0.9209784865379333,
            0.03618241846561432
        ],
        [
            -0.13431420922279358,
            -0.9071031808853149,
            0.026002801954746246
        ],
        [
