{
    "pred_cam": [
        1.5973751544952393,
        0.030766503885388374,
        0.35487958788871765
    ],
    "pred_smpl_params": {
        "global_orient": [
            [
                [
                    -0.9988743662834167,
                    -0.029782341793179512,
                    -0.03691863268613815
                ],
                [
                    0.0310350488871336,
                    -0.998945415019989,
                    -0.03383608162403107
                ],
                [
                    -0.03587198257446289,
                    -0.03494376689195633,
                    0.9987452626228333
                ]
            ]
        ],
        "body_pose": [
            [
                [
                    0.9995340704917908,
                    0.022076889872550964,
                    -0.02107786387205124
                ],
                [
                    -0.02033846266567707,
                    0.9966351389884949,
                    0.0794016644358635
                ],
                [
                    0.02275988459587097,
                    -0.07893597334623337,
                    0.9966197609901428
                ]
            ],
            [
                [
                    0.9998570084571838,
                    0.011251712217926979,
                    0.012624168768525124
                ],
                [
                    -0.01256570965051651,
                    0.9939228892326355,
                    0.10935916006565094
                ],
                [
                    -0.01131697092205286,
                    -0.1095021590590477,
                    0.9939221739768982
                ]
            ],
            [
                [
                    0.9999247789382935,
                    -0.010718648321926594,
                    0.005963445175439119
                ],
                [
                    0.0115352813154459,
                    0.9870333075523376,
                    -0.16010017693042755
                ],
                [
                    -0.004170062020421028,
                    0.16015692055225372,
                    0.9870827198028564
                ]
            ],
            [
                [
                    0.9898527264595032,
                    -0.006264908704906702,
                    -0.1419592946767807
                ],
                [
                    -0.10161786526441574,
                    0.6671048402786255,
                    -0.7380006313323975
                ],
                [
                    0.09932522475719452,
                    0.7449374198913574,
                    0.6596989035606384
                ]
            ],
            [
                [
                    0.9863295555114746,
                    -0.05802994966506958,
                    0.15422886610031128
                ],
                [
                    0.1517753005027771,
                    0.6844128966331482,
                    -0.7131222486495972
                ],
                [
                    -0.06417378038167953,
                    0.7267816662788391,
                    0.683864176273346
                ]
            ],
            [
                [
                    0.9994592070579529,
                    0.01039635669440031,
                    0.0311955064535141
                ],
                [
                    -0.01264159381389618,
                    0.9972764849662781,
                    0.07266157120466232
                ],
                [
                    -0.03035513311624527,
                    -0.07301664352416992,
                    0.9968686103820801
                ]
            ],
            [
                [
                    0.9774252772331238,
                    -0.006335374433547258,
                    0.21118636429309845
                ],
                [
                    -0.024806451052427292,
                    0.9891958832740784,
                    0.14448560774326324
                ],
                [
                    -0.20982006192207336,
                    -0.14646267890930176,
                    0.9667078852653503
                ]
            ],
            [
                [
                    0.978314220905304,
                    0.025161704048514366,
                    -0.20559251308441162
                ],
                [
                    0.002655385062098503,
                    0.9909887313842773,
                    0.1339191496372223
                ],
                [
                    0.2071094959974289,
                    -0.13156092166900635,
                    0.9694315791130066
                ]
            ],
            [
                [
                    0.99956876039505,
                    0.022050166502594948,
                    0.01939484477043152
                ],
                [
                    -0.02055022120475769,
                    0.9970166087150574,
                    -0.07440201193094254
                ],
                [
                    -0.020977556705474854,
                    0.07397134602069855,
                    0.997039794921875
                ]
            ],
            [
                [
                    0.995029866695404,
                    -0.07596570998430252,
                    -0.06438014656305313
                ],
                [
                    0.08362849056720734,
                    0.9884781837463379,
                    0.12616300582885742
                ],
                [
                    0.05405431240797043,
                    -0.13091996312141418,
                    0.9899182319641113
                ]
            ],
            [
                [
                    0.9982467889785767,
                    0.05597693845629692,
                    0.019233956933021545
                ],
                [
                    -0.058143679052591324,
                    0.9882026314735413,
                    0.14168566465377808
                ],
                [
                    -0.011075915768742561,
                    -0.1425555944442749,
                    0.9897248148918152
                ]
            ],
            [
                [
                    0.9971844553947449,
                    0.02918917126953602,
                    -0.06907300651073456
                ],
                [
                    -0.02412799745798111,
                    0.9970396757125854,
                    0.0730053037405014
                ],
                [
                    0.07099948823451996,
                    -0.07113316655158997,
                    0.9949367642402649
                ]
            ],
            [
                [
                    0.9704653024673462,
                    0.23373860120773315,
                    0.05969502776861191
                ],
                [
                    -0.23312336206436157,
                    0.9722955822944641,
                    -0.017168650403618813
                ],
                [
                    -0.062054190784692764,
                    0.0027452714275568724,
                    0.9980690479278564
                ]
            ],
            [
                [
                    0.968973696231842,
                    -0.2454843521118164,
                    -0.028764814138412476
                ],
                [
                    0.24479182064533234,
                    0.9692380428314209,
                    -0.025584954768419266
                ],
                [
                    0.03416065871715546,
                    0.017749756574630737,
                    0.9992587566375732
                ]
            ],
            [
                [
                    0.997059166431427,
                    -0.007785762194544077,
                    -0.0762394443154335
                ],
                [
                    0.0008187550120055676,
                    0.9958513379096985,
                    -0.09099117666482925
                ],
                [
                    0.0766315907239914,
                    0.09066116064786911,
                    0.9929291009902954
                ]
            ],
            [
                [
                    0.6221104264259338,
                    0.765616238117218,
                    -0.16373863816261292
                ],
                [
                    -0.7790498733520508,
                    0.6261329650878906,
                    -0.032231274992227554
                ],
                [
                    0.07784535735845566,
                    0.14761197566986084,
                    0.9859771132469177
                ]
            ],
            [
                [
                    0.5338109731674194,
                    -0.8251291513442993,
                    0.18495288491249084
                ],
                [
                    0.8404613137245178,
                    0.5418034195899963,
                    -0.008594613522291183
                ],
                [
                    -0.09311644732952118,
                    0.16003362834453583,
                    0.9827097654342651
                ]
            ],
            [
                [
                    0.868343710899353,
                    -0.14648693799972534,
                    -0.47383618354797363
                ],
                [
                    0.11464134603738785,
                    0.9887964725494385,
                    -0.09559769928455353
                ],
                [
                    0.48253133893013,
                    0.028690436854958534,
                    0.8754086494445801
                ]
            ],
            [
                [
                    0.8046239614486694,
                    0.21320196986198425,
                    0.5541889071464539
                ],
                [
                    -0.13527162373065948,
                    0.9745907187461853,
                    -0.1785346120595932
                ],
                [
                    -0.5781712532043457,
                    0.06868720054626465,
                    0.8130192160606384
                ]
            ],
            [
                [
                    0.9988963007926941,
                    -0.03528647497296333,
                    0.030999992042779922
                ],
                [
                    0.03675327077507973,
                    0.9981663823127747,
                    -0.04809475317597389
                ],
                [
                    -0.029246054589748383,
                    0.049181025475263596,
                    0.9983615875244141
                ]
            ],
            [
                [
                    0.9979734420776367,
                    0.04634833708405495,
                    -0.04359812289476395
                ],
                [
                    -0.047432415187358856,
                    0.9985820055007935,
                    -0.02416781522333622
                ],
                [
                    0.04241616278886795,
                    0.026186803355813026,
                    0.9987567067146301
                ]
            ],
            [
                [
                    0.9697646498680115,
                    0.22767290472984314,
                    -0.08787233382463455
                ],
                [
                    -0.2112802267074585,
                    0.9634673595428467,
                    0.16459450125694275
                ],
                [
                    0.12213582545518875,
                    -0.14105224609375,
                    0.9824393391609192
                ]
            ],
            [
                [
                    0.9734516739845276,
                    -0.22162748873233795,
                    0.05721133574843407
                ],
                [
                    0.2081272155046463,
                    0.9610691666603088,
                    0.18173934519290924
                ],
                [
                    -0.09526247531175613,
                    -0.16500721871852875,
                    0.9816811084747314
                ]
            ]
        ],
        "betas": [
            -0.21436989307403564,
            0.1767902672290802,
            0.4009927213191986,
            0.07873761653900146,
            0.0382080078125,
            0.14007234573364258,
            0.04601261019706726,
            -0.15883660316467285,
            0.06553097069263458,
            -0.11377757787704468
        ]
    },
    "pred_cam_t": [
        0.030766503885388374,
        0.35487958788871765,
        24.454179763793945
    ],
    "focal_length": [
        5000.0,
        5000.0
    ],
    "pred_keypoints_3d": [
        [
            -0.026959015056490898,
            -0.8389860987663269,
            0.18923413753509521
        ],
        [
            -0.02120201289653778,
            -0.7313704490661621,
            0.02777705527842045
        ],
        [
            0.158822163939476,
            -0.655315637588501,
            0.027100801467895508
        ],
        [
            0.2427109181880951,
            -0.42076629400253296,
            -0.0036990027874708176
        ],
        [
            0.3208951950073242,
            -0.22830474376678467,
            0.1378198266029358
        ],
        [
            -0.1872963011264801,
            -0.6416354179382324,
            -0.0025319959968328476
        ],
        [
            -0.2718929052352905,
            -0.40545958280563354,
            -0.05988901108503342
        ],
        [
            -0.3826448619365692,
            -0.20838361978530884,
            0.03439262509346008
        ],
        [
            -0.001686842180788517,
            -0.22288404405117035,
            0.02686542645096779
        ],
        [
            0.06855729222297668,
            -0.1344868540763855,
            0.027292735874652863
        ],
        [
            0.12057960778474808,
            0.2396424412727356,
            0.07551875710487366
        ],
        [
            0.11436944454908371,
            0.5196609497070312,
            -0.2032124102115631
        ],
        [
            -0.06802871078252792,
            -0.12924113869667053,
            0.019724201411008835
        ],
        [
            -0.08327608555555344,
            0.24154293537139893,
            0.05749830976128578
        ],
        [
            -0.06188550218939781,
            0.5044500827789307,
            -0.23637154698371887
        ],
        [
            0.0010808134684339166,
            -0.881281852722168,
            0.1544957458972931
        ],
        [
            -0.06469868123531342,
            -0.8768571615219116,
            0.15967363119125366
        ],
        [
            0.03572135791182518,
            -0.8684893846511841,
            0.05832134187221527
        ],
        [
            -0.10824404656887054,
            -0.8594526052474976,
            0.06928695738315582
        ],
        [
            -0.060721587389707565,
            0.6528680324554443,
            -0.10723361372947693
        ],
        [
            -0.12654456496238708,
            0.6340833902359009,
            -0.15367987751960754
        ],
        [
            -0.06875187158584595,
            0.4996473789215088,
            -0.30612078309059143
        ],
        [
            0.10830572247505188,
            0.6572996377944946,
            -0.06333005428314209
        ],
        [
            0.17961832880973816,
            0.6399978399276733,
            -0.10673561692237854
        ],
        [
            0.12180213630199432,
            0.5280815362930298,
            -0.2756233811378479
        ],
        [
            0.13733112812042236,
            0.46587073802948,
            -0.1946445107460022
        ],
        [
            0.11580891907215118,
            0.18026885390281677,
            0.08017150312662125
        ],
        [
            0.14358378946781158,
            -0.25787392258644104,
            0.02246745117008686
        ],
        [
            -0.14768561720848083,
            -0.23269519209861755,
            -0.0006458340212702751
        ],
        [
            -0.0963648185133934,
            0.20417064428329468,
            0.0614025816321373
        ],
        [
            -0.07348638027906418,
            0.463199257850647,
            -0.23488794267177582
        ],
        [
            0.3021329939365387,
            -0.2548426389694214,
            0.1524004340171814
        ],
        [
            0.2659708559513092,
            -0.4473463296890259,
            0.01798398792743683
        ],
        [
            0.12385904788970947,
            -0.6818017959594727,
            0.02554112672805786
        ],
        [
            -0.1602102518081665,
            -0.6708954572677612,
            -0.0021125245839357376
        ],
        [
            -0.3031148910522461,
            -0.4382060766220093,
            -0.035908043384552
        ],
        [
            -0.3829837441444397,
            -0.22744378447532654,
            0.04204243794083595
        ],
        [
            -0.022850889712572098,
            -0.7297239303588867,
            0.028411831706762314
        ],
        [
            -0.04255267232656479,
            -0.9162417650222778,
            0.078208789229393
        ],
        [
            -0.002517344430088997,
            -0.24550864100456238,
            0.010701584629714489
        ],
        [
            -0.017892135307192802,
            -0.6743451356887817,
            0.015885015949606895
        ],
        [
            -0.0071722399443387985,
            -0.49149012565612793,
            0.001549841952510178
        ],
        [
            -0.036969076842069626,
            -0.8103316426277161,
            0.11483705043792725
        ],
        [
            -0.03983967378735542,
            -0.9353705048561096,
            0.0686919316649437
        ]
    ],
    "pred_vertices": [
        [
            -0.07936739921569824,
            -0.9224001169204712,
            0.15958675742149353
        ],
        [
            -0.07185233384370804,
            -0.908753514289856,
            0.1654069721698761
        ],
        [
            -0.0829218253493309,
            -0.9041122198104858,
            0.15777438879013062
        ],
        [
            -0.09030133485794067,
            -0.9141503572463989,
            0.14866319298744202
        ],
        [
            -0.07807264477014542,
            -0.8955458402633667,
            0.16327080130577087
        ],
        [
            -0.06793993711471558,
            -0.8977834582328796,
            0.16947175562381744
        ],
        [
            -0.08975698798894882,
            -0.8973160982131958,
            0.14797750115394592
        ],
        [
            -0.09628035128116608,
            -0.9037121534347534,
            0.1375879943370819
        ],
        [
            -0.0937076061964035,
            -0.8613327145576477,
            0.13805338740348816
        ],
        [
            -0.09777001291513443,
            -0.8562371730804443,
            0.12896910309791565
        ],
        [
            -0.09834980219602585,
            -0.8680636286735535,
            0.1301271617412567
        ],
        [
            -0.09296296536922455,
            -0.8700387477874756,
            0.13867393136024475
        ],
        [
            -0.09115315228700638,
            -0.8353331089019775,
            0.1351388692855835
        ],
        [
            -0.08400139212608337,
            -0.8269742727279663,
            0.1433132290840149
        ],
        [
            -0.08607027679681778,
            -0.8174811005592346,
            0.13388808071613312
        ],
        [
            -0.09197742491960526,
            -0.8254771828651428,
            0.1248808279633522
        ],
        [
            -0.05165813863277435,
            -0.8439797163009644,
            0.16435295343399048
        ],
        [
            -0.056661512702703476,
            -0.8370726108551025,
            0.1637083888053894
        ],
        [
            -0.0610395185649395,
            -0.8433712720870972,
            0.16299974918365479
        ],
        [
            -0.05525205284357071,
            -0.849563479423523,
            0.16329340636730194
        ],
        [
            -0.042836934328079224,
            -0.85428386926651,
            0.1697203367948532
        ],
        [
            -0.04443090409040451,
            -0.8595438003540039,
            0.16634906828403473
        ],
        [
            -0.039745017886161804,
            -0.8639308214187622,
            0.17102143168449402
        ],
        [
            -0.03887075185775757,
            -0.8579144477844238,
            0.17549464106559753
        ],
        [
            -0.04589105024933815,
            -0.8391695022583008,
            0.1641722321510315
        ],
        [
            -0.05128519982099533,
            -0.8320218324661255,
            0.16310372948646545
        ],
        [
            -0.04731859639286995,
            -0.8499895334243774,
            0.16555234789848328
        ],
        [
            -0.044883206486701965,
            -0.8455393314361572,
            0.16773249208927155
        ],
        [
            -0.04106120020151138,
            -0.8401421308517456,
            0.17788845300674438
        ],
        [
            -0.042935337871313095,
            -0.8446330428123474,
            0.17641305923461914
        ],
        [
            -0.03933688625693321,
            -0.8462448716163635,
            0.18305352330207825
        ],
        [
            -0.03778008371591568,
            -0.8408526182174683,
            0.18244539201259613
        ],
        [
            -0.044087961316108704,
            -0.8389090299606323,
            0.16885460913181305
        ],
        [
            -0.044681329280138016,
            -0.8418241143226624,
            0.17165496945381165
        ],
        [
            -0.041952166706323624,
            -0.8383835554122925,
            0.17389802634716034
        ],
        [
            -0.040593065321445465,
            -0.8362219333648682,
            0.17061570286750793
        ],
        [
            -0.04171936586499214,
            -0.8501347303390503,
            0.17263740301132202
        ],
        [
            -0.03869980573654175,
            -0.8525278568267822,
            0.179351344704628
        ],
        [
            -0.03467537462711334,
            -0.8545450568199158,
            0.18609878420829773
        ],
        [
            -0.034861400723457336,
            -0.8462964296340942,
            0.18966323137283325
        ],
        [
            -0.06668871641159058,
            -0.822651207447052,
            0.15781185030937195
        ],
        [
            -0.062053438276052475,
            -0.830007791519165,
            0.16189484298229218
        ],
        [
            -0.05663789436221123,
            -0.8255141377449036,
            0.16178561747074127
        ],
        [
            -0.061053477227687836,
            -0.8195971250534058,
            0.15915533900260925
        ],
        [
            -0.04170035570859909,
            -0.8330271244049072,
            0.16727572679519653
        ],
        [
            -0.04429153352975845,
            -0.8170442581176758,
            0.16767115890979767
        ],
        [
            -0.044804684817790985,
            -0.8207845687866211,
            0.1678582727909088
        ],
        [
            -0.03874972462654114,
            -0.8222099542617798,
            0.17148873209953308
        ],
        [
            -0.03892705217003822,
            -0.8186540603637695,
            0.17120984196662903
        ],
        [
            -0.07083972543478012,
            -0.8078089952468872,
            0.14910371601581573
        ],
        [
            -0.06496511399745941,
            -0.8072741031646729,
            0.15335801243782043
        ],
        [
            -0.064962238073349,
            -0.8003804683685303,
            0.150676429271698
        ],
        [
            -0.0702095478773117,
            -0.7995690703392029,
            0.14512714743614197
        ],
        [
            -0.062334466725587845,
            -0.7948068380355835,
            0.1494140625
        ],
        [
            -0.06844174861907959,
            -0.7917503714561462,
            0.14172738790512085
        ],
        [
            -0.05856926366686821,
            -0.7785015106201172,
            0.14133098721504211
        ],
        [
            -0.06364219635725021,
            -0.7842847108840942,
            0.14124029874801636
        ],
        [
            -0.05812534689903259,
            -0.7895997166633606,
            0.1496792882680893
        ],
        [
            -0.05250578373670578,
            -0.784989058971405,
            0.15259839594364166
        ],
        [
            -0.04073980823159218,
            -0.7907708287239075,
            0.1609443724155426
        ],
        [
            -0.03487509489059448,
            -0.7899637222290039,
            0.1634370982646942
        ],
        [
            -0.03862396627664566,
            -0.7776330709457397,
            0.16134978830814362
        ],
        [
            -0.04531295225024223,
            -0.7804901003837585,
            0.1574147492647171
        ],
        [
            -0.04375937953591347,
            -0.8114301562309265,
            0.16323460638523102
        ],
        [
            -0.04765037074685097,
            -0.8111736178398132,
            0.16052669286727905
        ],
        [
            -0.04797812178730965,
            -0.8126682639122009,
            0.16283509135246277
        ],
        [
            -0.04398374632000923,
            -0.8140859603881836,
            0.16604162752628326
        ],
        [
            -0.05116146057844162,
            -0.8106682300567627,
            0.1587020754814148
        ],
        [
            -0.05275864526629448,
            -0.8102692365646362,
            0.15802694857120514
        ],
        [
            -0.0526401586830616,
            -0.811567485332489,
            0.1592734456062317
        ],
        [
            -0.051093973219394684,
            -0.811449408531189,
            0.15938495099544525
        ],
        [
            -0.04915531724691391,
            -0.8112488985061646,
            0.15989753603935242
        ],
        [
            -0.04801377281546593,
            -0.8094401359558105,
            0.1602369099855423
        ],
        [
            -0.0502307191491127,
            -0.8099638819694519,
            0.15912380814552307
        ],
        [
            -0.044452156871557236,
            -0.8089134693145752,
            0.1629531979560852
        ],
        [
            -0.031845539808273315,
            -0.8073923587799072,
            0.1705818921327591
        ],
        [
            -0.035712625831365585,
            -0.8077967166900635,
            0.169179767370224
        ],
        [
            -0.03464248403906822,
            -0.8122302889823914,
            0.16826532781124115
        ],
        [
            -0.0313543938100338,
            -0.8121650218963623,
            0.16941212117671967
        ],
        [
            -0.0510115809738636,
            -0.8133663535118103,
            0.16115468740463257
        ],
        [
            -0.05367141216993332,
            -0.8149005770683289,
            0.1606244444847107
        ],
        [
            -0.05015747249126434,
            -0.8179138898849487,
            0.16394546627998352
        ],
        [
            -0.04882699251174927,
            -0.8152565956115723,
            0.1633470356464386
        ],
        [
            -0.05651112645864487,
            -0.8166166543960571,
            0.16055212914943695
        ],
        [
            -0.054952021688222885,
            -0.8125684261322021,
            0.15871819853782654
        ],
        [
            -0.058036305010318756,
            -0.8128563165664673,
            0.1582029014825821
        ],
        [
            -0.05208107829093933,
            -0.8086076974868774,
            0.1579388827085495
        ],
        [
            -0.05463450402021408,
            -0.8067301511764526,
            0.1565256416797638
        ],
        [
            -0.05538227781653404,
            -0.8092961311340332,
            0.15759211778640747
        ],
        [
            -0.05240922421216965,
            -0.803741455078125,
            0.15685667097568512
        ],
        [
            -0.04953308030962944,
            -0.8069635629653931,
            0.15892446041107178
        ],
        [
            -0.04592703655362129,
            -0.805460512638092,
            0.16157738864421844
        ],
        [
            -0.04129454120993614,
            -0.8042082190513611,
            0.16504055261611938
        ],
        [
            -0.043402619659900665,
            -0.7992802858352661,
            0.16198351979255676
        ],
        [
            -0.048530515283346176,
            -0.8011559247970581,
            0.15899601578712463
        ],
        [
            -0.052405841648578644,
            -0.8213565349578857,
            0.16330274939537048
        ],
        [
            -0.05950652062892914,
            -0.8083347082138062,
            0.15578240156173706
        ],
        [
            -0.06345438957214355,
            -0.8142988681793213,
            0.15602785348892212
        ],
        [
            -0.05903215706348419,
            -0.8036226034164429,
            0.1545698493719101
        ],
        [
            -0.05666179582476616,
            -0.7994035482406616,
            0.154117152094841
        ],
        [
            -0.052450090646743774,
            -0.7957278490066528,
            0.15517167747020721
        ],
        [
            -0.04678427055478096,
            -0.7929445505142212,
            0.15815649926662445
        ],
        [
            -0.0408843494951725,
            -0.7687704563140869,
            0.14990736544132233
        ],
        [
            -0.04943947494029999,
            -0.772890031337738,
            0.1462169885635376
        ],
        [
            -0.06539586931467056,
            -0.8906024694442749,
            0.16690561175346375
        ],
        [
            -0.07398596405982971,
            -0.8888417482376099,
            0.16448579728603363
        ],
        [
            -0.07400058209896088,
            -0.8810629844665527,
            0.15962527692317963
        ],
        [
            -0.07606267929077148,
            -0.8835837841033936,
            0.15944816172122955
        ],
        [
            -0.07074563950300217,
            -0.8850741386413574,
            0.16263800859451294
        ],
        [
            -0.07007744908332825,
            -0.8822907209396362,
            0.16198793053627014
        ],
        [
            -0.08708560466766357,
            -0.8726392388343811,
            0.14457577466964722
        ],
        [
            -0.082464799284935,
            -0.8747543096542358,
            0.14919525384902954
        ],
        [
            -0.0824919268488884,
            -0.8709608316421509,
            0.14763808250427246
        ],
        [
            -0.08817904442548752,
            -0.865959882736206,
            0.14386504888534546
        ],
        [
            -0.07429114729166031,
            -0.8640999794006348,
            0.15442146360874176
        ],
        [
            -0.07867082953453064,
            -0.8649863004684448,
            0.15125951170921326
        ],
        [
            -0.07543238252401352,
            -0.8719382286071777,
            0.15392133593559265
        ],
        [
            -0.07227732986211777,
            -0.8713093996047974,
            0.1563086211681366
        ],
        [
            -0.06849219650030136,
            -0.8711297512054443,
            0.15827901661396027
        ],
        [
            -0.06427539139986038,
            -0.871466338634491,
            0.15937499701976776
        ],
        [
            -0.06407659500837326,
            -0.8661090731620789,
            0.1588057577610016
        ],
        [
            -0.0690937265753746,
            -0.8647900223731995,
            0.1571265459060669
        ],
        [
            -0.06438082456588745,
            -0.8866939544677734,
            0.16395793855190277
        ],
        [
            -0.05710556358098984,
            -0.8864513635635376,
            0.1633736491203308
        ],
        [
            -0.058248769491910934,
            -0.8833399415016174,
            0.1627708226442337
        ],
        [
            -0.06440933048725128,
            -0.8833923935890198,
            0.16363057494163513
        ],
        [
            -0.04778430238366127,
            -0.8776663541793823,
            0.15725797414779663
        ],
        [
            -0.04915729537606239,
            -0.8800128698348999,
            0.15844622254371643
        ],
        [
            -0.045795988291502,
            -0.8817391395568848,
            0.1595870852470398
        ],
        [
            -0.044558409601449966,
            -0.877328097820282,
            0.15858574211597443
        ],
        [
            -0.046508654952049255,
            -0.8741192817687988,
            0.1586207151412964
        ],
        [
            -0.04887432977557182,
            -0.8758913278579712,
            0.1576589047908783
        ],
        [
            -0.07271075248718262,
            -0.9443907141685486,
            0.15755563974380493
        ],
        [
            -0.06575442850589752,
            -0.9280078411102295,
            0.16631588339805603
        ],
        [
            -0.08754490315914154,
            -0.9358276724815369,
            0.14621347188949585
        ],
        [
            -0.09673140197992325,
            -0.9243632555007935,
            0.13521526753902435
        ],
        [
            -0.1028510183095932,
            -0.9102561473846436,
            0.12576603889465332
        ],
        [
            -0.07836581766605377,
            -0.8113935589790344,
            0.14230233430862427
        ],
        [
            -0.0790758728981018,
            -0.8023253679275513,
            0.13607406616210938
        ],
        [
            -0.08732902258634567,
            -0.8086791038513184,
            0.12439834326505661
        ],
        [
            -0.08464468270540237,
            -0.7986871004104614,
            0.1190214455127716
        ],
        [
            -0.0763753205537796,
            -0.7923052310943604,
            0.13165201246738434
        ],
        [
            -0.06199835613369942,
            -0.7752648591995239,
            0.12766410410404205
        ],
        [
            -0.07068440318107605,
            -0.7826825380325317,
            0.1288466900587082
        ],
        [
            -0.07889994978904724,
            -0.7894407510757446,
            0.11274868249893188
        ],
        [
            -0.08738728612661362,
            -0.8008651733398438,
            0.09812206774950027
        ],
        [
            -0.09098592400550842,
            -0.8076584935188293,
            0.10690813511610031
        ],
        [
            -0.09257476031780243,
            -0.8158901929855347,
            0.08607501536607742
        ],
        [
            -0.08213500678539276,
            -0.7941673994064331,
            0.0859089121222496
        ],
        [
            -0.0897393599152565,
            -0.8150476217269897,
            0.07736971229314804
        ],
        [
            -0.06563340127468109,
            -0.7598432302474976,
            0.08699925988912582
        ],
        [
            -0.0670289546251297,
            -0.748938262462616,
            0.08187370747327805
        ],
        [
            -0.07747718691825867,
            -0.755326509475708,
            0.06883563101291656
        ],
        [
            -0.07743069529533386,
            -0.7661149501800537,
            0.07412389665842056
        ],
        [
            -0.09277647733688354,
            -0.8159170150756836,
            0.11510996520519257
        ],
        [
            -0.10113218426704407,
            -0.8789173364639282,
            0.12213380634784698
        ],
        [
            -0.09660442173480988,
            -0.8790046572685242,
            0.13331297039985657
        ],
        [
            -0.10186014324426651,
            -0.8657085299491882,
            0.11905411630868912
        ],
        [
            -0.1098833978176117,
            -0.9371083974838257,
            0.1033204048871994
        ],
        [
            -0.10423395782709122,
            -0.9330828189849854,
            0.12078239768743515
        ],
        [
            -0.10937320441007614,
            -0.9167957901954651,
            0.11420994997024536
        ],
        [
            -0.11443747580051422,
            -0.9225332140922546,
            0.09860756248235703
        ],
        [
            -0.08553525060415268,
            -0.9736152291297913,
            0.11112873256206512
        ],
        [
            -0.08130636066198349,
            -0.961672842502594,
            0.1365068554878235
        ],
        [
            -0.09250185638666153,
            -0.9487928152084351,
            0.12912969291210175
        ],
        [
            -0.09781400114297867,
            -0.9581558108329773,
            0.10876072943210602
        ],
        [
            -0.11707769334316254,
            -0.9237619042396545,
            0.08530369400978088
        ],
        [
            -0.11851413547992706,
            -0.9245116710662842,
            0.06682346761226654
        ],
        [
            -0.11591953784227371,
            -0.9402968883514404,
            0.059672217816114426
        ],
        [
            -0.11303083598613739,
            -0.9415947794914246,
            0.08199791610240936
        ],
        [
            -0.10545859485864639,
            -0.9610379934310913,
            0.05259520560503006
        ],
        [
            -0.1028711199760437,
            -0.9628115296363831,
            0.07963939011096954
        ],
        [
            -0.08731026947498322,
            -0.801944375038147,
            0.0662362277507782
        ],
        [
            -0.09015875309705734,
            -0.8197474479675293,
            0.06476476043462753
        ],
        [
            -0.07733002305030823,
            -0.7791913747787476,
            0.08115993440151215
        ],
        [
            -0.08477046340703964,
            -0.7864384651184082,
            0.06519249081611633
        ],
        [
            -0.08885186165571213,
            -0.9768309593200684,
            0.046807773411273956
        ],
        [
            -0.08703276515007019,
            -0.9804695844650269,
            0.07875274866819382
        ],
        [
            -0.10747769474983215,
            -0.9028254747390747,
            0.017944421619176865
        ],
        [
            -0.11132240295410156,
            -0.9202902317047119,
            0.026027530431747437
        ],
        [
            -0.11588847637176514,
            -0.9074829816818237,
            0.04182957112789154
        ],
        [
            -0.11208263784646988,
            -0.892972469329834,
            0.03237403184175491
        ],
        [
