{
    "pred_cam": [
        1.5720466375350952,
        0.0826404020190239,
        0.38063931465148926
    ],
    "pred_smpl_params": {
        "global_orient": [
            [
                [
                    -0.9998868107795715,
                    -0.012259334325790405,
                    -0.008728668093681335
                ],
                [
                    0.012782999314367771,
                    -0.9979501366615295,
                    -0.06270725280046463
                ],
                [
                    -0.007942026481032372,
                    -0.0628117248415947,
                    0.9979938864707947
                ]
            ]
        ],
        "body_pose": [
            [
                [
                    0.9999825358390808,
                    -0.004999496042728424,
                    -0.003164747031405568
                ],
                [
                    0.005260196048766375,
                    0.996055006980896,
                    0.0885823667049408
                ],
                [
                    0.002709395484998822,
                    -0.08859746158123016,
                    0.9960638880729675
                ]
            ],
            [
                [
                    0.9988480806350708,
                    0.04692717641592026,
                    -0.010017790831625462
                ],
                [
                    -0.0455673485994339,
                    0.9930564761161804,
                    0.10845506936311722
                ],
                [
                    0.015037722885608673,
                    -0.10787365585565567,
                    0.994050920009613
                ]
            ],
            [
                [
                    0.9998331665992737,
                    -0.017311563715338707,
                    -0.005830631125718355
                ],
                [
                    0.016159797087311745,
                    0.987055242061615,
                    -0.15956413745880127
                ],
                [
                    0.008517459034919739,
                    0.15944328904151917,
                    0.9871703386306763
                ]
            ],
            [
                [
                    0.98569655418396,
                    -0.014286747202277184,
                    -0.1679234355688095
                ],
                [
                    -0.1189657524228096,
                    0.6467745900154114,
                    -0.7533457279205322
                ],
                [
                    0.1193714514374733,
                    0.7625473737716675,
                    0.6358238458633423
                ]
            ],
            [
                [
                    0.9865592122077942,
                    -0.0633336752653122,
                    0.15063084661960602
                ],
                [
                    0.15096516907215118,
                    0.7060462832450867,
                    -0.6918873190879822
                ],
                [
                    -0.06253258138895035,
                    0.7053279280662537,
                    0.7061176300048828
                ]
            ],
            [
                [
                    0.9997798800468445,
                    0.010998189449310303,
                    0.017869265750050545
                ],
                [
                    -0.012421655468642712,
                    0.9965871572494507,
                    0.0816073939204216
                ],
                [
                    -0.016910746693611145,
                    -0.08181139081716537,
                    0.9965044260025024
                ]
            ],
            [
                [
                    0.9710615277290344,
                    0.037717945873737335,
                    0.23583239316940308
                ],
                [
                    -0.07368846237659454,
                    0.9865913391113281,
                    0.14562813937664032
                ],
                [
                    -0.22717739641666412,
                    -0.15879200398921967,
                    0.9608202576637268
                ]
            ],
            [
                [
                    0.9682130813598633,
                    -0.02388453669846058,
                    -0.248983696103096
                ],
                [
                    0.057215653359889984,
                    0.9901862144470215,
                    0.12750555574893951
                ],
                [
                    0.24349480867385864,
                    -0.13769832253456116,
                    0.9600778222084045
                ]
            ],
            [
                [
                    0.9997650980949402,
                    0.02044638805091381,
                    0.007197892293334007
                ],
                [
                    -0.01953432895243168,
                    0.9937761425971985,
                    -0.10966945439577103
                ],
                [
                    -0.009395437315106392,
                    0.10950306802988052,
                    0.9939420819282532
                ]
            ],
            [
                [
                    0.9896891117095947,
                    -0.129945769906044,
                    -0.06024659052491188
                ],
                [
                    0.13777188956737518,
                    0.9786853194236755,
                    0.15229545533657074
                ],
                [
                    0.039172302931547165,
                    -0.1590254306793213,
                    0.9864971041679382
                ]
            ],
            [
                [
                    0.9921963810920715,
                    0.11822710186243057,
                    0.03960678353905678
                ],
                [
                    -0.12307558208703995,
                    0.9795365333557129,
                    0.15924988687038422
                ],
                [
                    -0.019968640059232712,
                    -0.1628817915916443,
                    0.9864434599876404
                ]
            ],
            [
                [
                    0.9955664277076721,
                    -0.009624125435948372,
                    -0.09356668591499329
                ],
                [
                    0.01640585996210575,
                    0.9972708821296692,
                    0.07198351621627808
                ],
                [
                    0.09261855483055115,
                    -0.07319942116737366,
                    0.9930073022842407
                ]
            ],
            [
                [
                    0.9818719029426575,
                    0.1609465628862381,
                    0.10011883080005646
                ],
                [
                    -0.1610901653766632,
                    0.9869168996810913,
                    -0.00670194486156106
                ],
                [
                    -0.09988763183355331,
                    -0.009547707624733448,
                    0.9949528574943542
                ]
            ],
            [
                [
                    0.9859082698822021,
                    -0.15759702026844025,
                    -0.05610565096139908
                ],
                [
                    0.1585354059934616,
                    0.9872721433639526,
                    0.012658902443945408
                ],
                [
                    0.05339654162526131,
                    -0.021375251933932304,
                    0.9983444809913635
                ]
            ],
            [
                [
                    0.9956544637680054,
                    -0.015267043374478817,
                    -0.09186498075723648
                ],
                [
                    0.00641421927139163,
                    0.995370090007782,
                    -0.09590185433626175
                ],
                [
                    0.09290380030870438,
                    0.0948958620429039,
                    0.9911425709724426
                ]
            ],
            [
                [
                    0.739216685295105,
                    0.6693976521492004,
                    -0.07392887771129608
                ],
                [
                    -0.6721667647361755,
                    0.740149736404419,
                    -0.019240757450461388
                ],
                [
                    0.041838716715574265,
                    0.06391562521457672,
                    0.9970778822898865
                ]
            ],
            [
                [
                    0.6189666390419006,
                    -0.7624583840370178,
                    0.18851426243782043
                ],
                [
                    0.7728297710418701,
                    0.6340422034263611,
                    0.026920264586806297
                ],
                [
                    -0.14005155861377716,
                    0.12902669608592987,
                    0.9817015528678894
                ]
            ],
            [
                [
                    0.8225805163383484,
                    -0.18203003704547882,
                    -0.5387266278266907
                ],
                [
                    0.17869295179843903,
                    0.9821339249610901,
                    -0.05900675058364868
                ],
                [
                    0.5398426651954651,
                    -0.04772885888814926,
                    0.8404117226600647
                ]
            ],
            [
                [
                    0.6229186058044434,
                    0.2689434289932251,
                    0.7346031665802002
                ],
                [
                    -0.18702417612075806,
                    0.9630136489868164,
                    -0.19397594034671783
                ],
                [
                    -0.7596014142036438,
                    -0.01655733212828636,
                    0.6501780152320862
                ]
            ],
            [
                [
                    0.9984455704689026,
                    -0.05266077443957329,
                    0.018255362287163734
                ],
                [
                    0.05344038084149361,
                    0.9975460171699524,
                    -0.04523434117436409
                ],
                [
                    -0.015828488394618034,
                    0.04613960161805153,
                    0.9988096356391907
                ]
            ],
            [
                [
                    0.996823787689209,
                    0.07957161962985992,
                    -0.0032710556406527758
                ],
                [
                    -0.07957737892866135,
                    0.9968273639678955,
                    -0.0016738907434046268
                ],
                [
                    0.0031274829525500536,
                    0.0019288761541247368,
                    0.9999933242797852
                ]
            ],
            [
                [
                    0.9808756113052368,
                    0.1818285882472992,
                    -0.06943556666374207
                ],
                [
                    -0.17023642361164093,
                    0.9744053483009338,
                    0.1468120515346527
                ],
                [
                    0.09435302019119263,
                    -0.13218390941619873,
                    0.986724317073822
                ]
            ],
            [
                [
                    0.9824855923652649,
                    -0.17959530651569366,
                    0.04967290163040161
                ],
                [
                    0.17196738719940186,
                    0.9765602946281433,
                    0.12944979965686798
                ],
                [
                    -0.07175716012716293,
                    -0.1186404600739479,
                    0.9903409481048584
                ]
            ]
        ],
        "betas": [
            -0.09924590587615967,
            0.20989203453063965,
            0.5674037933349609,
            0.6362218260765076,
            0.0263710618019104,
            0.10758800059556961,
            0.02231466770172119,
            -0.0638231635093689,
            0.019701898097991943,
            -0.06178373098373413
        ]
    },
    "pred_cam_t": [
        0.0826404020190239,
        0.38063931465148926,
        24.848180770874023
    ],
    "focal_length": [
        5000.0,
        5000.0
    ],
    "pred_keypoints_3d": [
        [
            0.005951685830950737,
            -0.8606107234954834,
            0.18310222029685974
        ],
        [
            -0.01075250655412674,
            -0.7492215633392334,
            0.0205681174993515
        ],
        [
            0.16861429810523987,
            -0.6756247282028198,
            0.004800270311534405
        ],
        [
            0.29058539867401123,
            -0.4573225975036621,
            -0.010300150141119957
        ],
        [
            0.3907095789909363,
            -0.33842021226882935,
            0.18750065565109253
        ],
        [
            -0.18165817856788635,
            -0.6680025458335876,
            -0.0036949608474969864
        ],
        [
            -0.32347962260246277,
            -0.4627084732055664,
            -0.0663909986615181
        ],
        [
            -0.4917977452278137,
            -0.31669604778289795,
            0.03705081343650818
        ],
        [
            -0.002194439060986042,
            -0.22997494041919708,
            0.026081472635269165
        ],
        [
            0.06499184668064117,
            -0.14002776145935059,
            0.026967236772179604
        ],
        [
            0.1248738020658493,
            0.23149627447128296,
            0.08364122360944748
        ],
        [
            0.10480181872844696,
            0.5275559425354004,
            -0.17654597759246826
        ],
        [
            -0.06885362416505814,
            -0.13710030913352966,
            0.023537978529930115
        ],
        [
            -0.10084575414657593,
            0.23002448678016663,
            0.0763929933309555
        ],
        [
            -0.09636638313531876,
            0.4963490962982178,
            -0.21437416970729828
        ],
        [
            0.0327543169260025,
            -0.9006905555725098,
            0.1438920497894287
        ],
        [
            -0.03237403929233551,
            -0.9005559682846069,
            0.1564951241016388
        ],
        [
            0.05669266730546951,
            -0.8846213817596436,
            0.04393812268972397
        ],
        [
            -0.0875268280506134,
            -0.8848839998245239,
            0.07113730907440186
        ],
        [
            -0.09862256795167923,
            0.6429644227027893,
            -0.08105343580245972
        ],
        [
            -0.16443277895450592,
            0.6231405735015869,
            -0.12906533479690552
        ],
        [
            -0.10321325063705444,
            0.49385741353034973,
            -0.28547847270965576
        ],
        [
            0.11416684091091156,
            0.6576738357543945,
            -0.027754485607147217
        ],
        [
            0.18157902359962463,
            0.64170241355896,
            -0.07994931936264038
        ],
        [
            0.10499600321054459,
            0.5408291816711426,
            -0.2497633397579193
        ],
        [
            0.12708468735218048,
            0.47344905138015747,
            -0.1734791100025177
        ],
        [
            0.11979986727237701,
            0.1722852885723114,
            0.08645036071538925
        ],
        [
            0.1411132514476776,
            -0.26276344060897827,
            0.015911001712083817
        ],
        [
            -0.1456410139799118,
            -0.24243542551994324,
            0.0019648130983114243
        ],
        [
            -0.11195427924394608,
            0.1929199993610382,
            0.07900438457727432
        ],
        [
            -0.10627316683530807,
            0.45519620180130005,
            -0.21423231065273285
        ],
        [
            0.36685729026794434,
            -0.3661509156227112,
            0.19263717532157898
        ],
        [
            0.31053489446640015,
            -0.4907158613204956,
            0.006152433343231678
        ],
        [
            0.13500338792800903,
            -0.7007680535316467,
            0.006703279446810484
        ],
        [
            -0.1540997326374054,
            -0.6965897679328918,
            -0.0039446549490094185
        ],
        [
            -0.34570419788360596,
            -0.5032253265380859,
            -0.04392276704311371
        ],
        [
            -0.4867165982723236,
            -0.3362756073474884,
            0.04363469406962395
        ],
        [
            -0.012418091297149658,
            -0.7502224445343018,
            0.018613416701555252
        ],
        [
            -0.016594167798757553,
            -0.9379724264144897,
            0.07286019623279572
        ],
        [
            -0.002665756270289421,
            -0.25261083245277405,
            0.008918367326259613
        ],
        [
            -0.009542103856801987,
            -0.6955394148826599,
            0.0051949648186564445
        ],
        [
            -0.0031848568469285965,
            -0.5057802200317383,
            -0.004692555405199528
        ],
        [
            -0.013801323249936104,
            -0.8314749002456665,
            0.10953173041343689
        ],
        [
            -0.013660862110555172,
            -0.9569283723831177,
            0.06262701004743576
        ]
    ],
    "pred_vertices": [
        [
            -0.04414796084165573,
            -0.9464374780654907,
            0.15792255103588104
        ],
        [
            -0.037129782140254974,
            -0.9324187636375427,
            0.16306263208389282
        ],
        [
            -0.049298644065856934,
            -0.92855304479599,
            0.1567375659942627
        ],
        [
            -0.05688996985554695,
            -0.9389032125473022,
            0.14848670363426208
        ],
        [
            -0.044464364647865295,
            -0.9198733568191528,
            0.16169047355651855
        ],
        [
            -0.03351321071386337,
            -0.9214977025985718,
            0.1667310893535614
        ],
        [
            -0.057581499218940735,
            -0.9222122430801392,
            0.1476902961730957
        ],
        [
            -0.06465932726860046,
            -0.9289025068283081,
            0.1379818469285965
        ],
        [
            -0.06461795419454575,
            -0.8866119384765625,
            0.13849350810050964
        ],
        [
            -0.07000291347503662,
            -0.8815776109695435,
            0.12996721267700195
        ],
        [
            -0.06982548534870148,
            -0.8934640288352966,
            0.13105088472366333
        ],
        [
            -0.06337159872055054,
            -0.8952497243881226,
            0.13890044391155243
        ],
        [
            -0.06419669836759567,
            -0.8603060245513916,
            0.13555803894996643
        ],
        [
            -0.05672124773263931,
            -0.8515028953552246,
            0.14295528829097748
        ],
        [
            -0.06060650199651718,
            -0.842019259929657,
            0.13398462533950806
        ],
        [
            -0.0670093446969986,
            -0.8503869771957397,
            0.12565240263938904
        ],
        [
            -0.021000660955905914,
            -0.8668547868728638,
            0.1602977216243744
        ],
        [
            -0.026521723717451096,
            -0.8601670861244202,
            0.16027384996414185
        ],
        [
            -0.03053300268948078,
            -0.8667773008346558,
            0.1599562168121338
        ],
        [
            -0.02431892231106758,
            -0.8726677894592285,
            0.15953440964221954
        ],
        [
            -0.011000653728842735,
            -0.8767961263656616,
            0.16472208499908447
        ],
        [
            -0.012609471566975117,
            -0.8820680379867554,
            0.16134926676750183
        ],
        [
            -0.0072252750396728516,
            -0.8862470388412476,
            0.16560670733451843
        ],
        [
            -0.006254092790186405,
            -0.8802503347396851,
            0.17017985880374908
        ],
        [
            -0.015576332807540894,
            -0.8617007732391357,
            0.15970051288604736
        ],
        [
            -0.021566517651081085,
            -0.8547108173370361,
            0.15930217504501343
        ],
        [
            -0.01611393131315708,
            -0.8726963996887207,
            0.16097727417945862
        ],
        [
            -0.013848260045051575,
            -0.8681609630584717,
            0.16313143074512482
        ],
        [
            -0.009284572675824165,
            -0.8626514673233032,
            0.1731293797492981
        ],
        [
            -0.011026356369256973,
            -0.8672434687614441,
            0.17176221311092377
        ],
        [
            -0.006634736433625221,
            -0.8686695694923401,
            0.1780911386013031
        ],
        [
            -0.005459371022880077,
            -0.863176703453064,
            0.17736554145812988
        ],
        [
            -0.013355674222111702,
            -0.8614629507064819,
            0.16434255242347717
        ],
        [
            -0.01348595879971981,
            -0.8644900321960449,
            0.16721349954605103
        ],
        [
            -0.010734181851148605,
            -0.860906183719635,
            0.16923391819000244
        ],
        [
            -0.009833771735429764,
            -0.8585935235023499,
            0.16580383479595184
        ],
        [
            -0.009892435744404793,
            -0.8726531863212585,
            0.16774719953536987
        ],
        [
            -0.006008771248161793,
            -0.8749146461486816,
            0.17418023943901062
        ],
        [
            -0.0011508818715810776,
            -0.8767499923706055,
            0.18061219155788422
        ],
        [
            -0.001479055266827345,
            -0.8684831261634827,
            0.18434303998947144
        ],
        [
            -0.03816420957446098,
            -0.8461018800735474,
            0.15565022826194763
        ],
        [
            -0.03258085623383522,
            -0.853310227394104,
            0.1591600477695465
        ],
        [
            -0.027539843693375587,
            -0.8484218120574951,
            0.15863169729709625
        ],
        [
            -0.0326586589217186,
            -0.8426566123962402,
            0.15660172700881958
        ],
        [
            -0.01155648659914732,
            -0.8552910089492798,
            0.16263048350811005
        ],
        [
            -0.015171734616160393,
            -0.8391395807266235,
            0.16350434720516205
        ],
        [
            -0.015429724007844925,
            -0.8429975509643555,
            0.16375821828842163
        ],
        [
            -0.008922885172069073,
            -0.8440713882446289,
            0.1667589247226715
        ],
        [
            -0.009334603324532509,
            -0.8404439687728882,
            0.16645659506320953
        ],
        [
            -0.04436418414115906,
            -0.8312104344367981,
            0.14774516224861145
        ],
        [
            -0.0381431058049202,
            -0.8303060531616211,
            0.15152806043624878
        ],
        [
            -0.038943540304899216,
            -0.8232517838478088,
            0.1489276885986328
        ],
        [
            -0.044779807329177856,
            -0.8227790594100952,
            0.14379145205020905
        ],
        [
            -0.036848828196525574,
            -0.8173550367355347,
            0.14746208488941193
        ],
        [
            -0.04395796358585358,
            -0.8146880865097046,
            0.1403283178806305
        ],
        [
            -0.03494741767644882,
            -0.80068039894104,
            0.13916471600532532
        ],
        [
            -0.039680443704128265,
            -0.8068195581436157,
            0.1394430547952652
        ],
        [
            -0.03293797746300697,
            -0.8117885589599609,
            0.14741316437721252
        ],
        [
            -0.02729099430143833,
            -0.8067953586578369,
            0.14990757405757904
        ],
        [
            -0.01415165700018406,
            -0.8119990825653076,
            0.15687145292758942
        ],
        [
            -0.007990783080458641,
            -0.8108466863632202,
            0.1588432639837265
        ],
        [
            -0.01288565993309021,
            -0.798621416091919,
            0.15740084648132324
        ],
        [
            -0.0198614913970232,
            -0.8018546104431152,
            0.15411809086799622
        ],
        [
            -0.015430599451065063,
            -0.8333256244659424,
            0.1590135246515274
        ],
        [
            -0.019638823345303535,
            -0.8332843780517578,
            0.15671329200267792
        ],
        [
            -0.019600197672843933,
            -0.8348658084869385,
            0.1590445637702942
        ],
        [
            -0.01516696810722351,
            -0.8360742330551147,
            0.16180536150932312
        ],
        [
            -0.02343161590397358,
            -0.8329434394836426,
            0.15528279542922974
        ],
        [
            -0.025148455053567886,
            -0.8326531052589417,
            0.1547796130180359
        ],
        [
            -0.024775121361017227,
            -0.8340044617652893,
            0.156009703874588
        ],
        [
            -0.023200374096632004,
            -0.8337761163711548,
            0.15596069395542145
        ],
        [
            -0.02121664397418499,
            -0.83343106508255,
            0.1562512367963791
        ],
        [
            -0.02016453817486763,
            -0.8314850330352783,
            0.15649962425231934
        ],
        [
            -0.022496091201901436,
            -0.8321480751037598,
            0.155602365732193
        ],
        [
            -0.016339855268597603,
            -0.8307235240936279,
            0.15885967016220093
        ],
        [
            -0.0030045267194509506,
            -0.8285645246505737,
            0.16518539190292358
        ],
        [
            -0.006964772939682007,
            -0.8291525840759277,
            0.1641884297132492
        ],
        [
            -0.005697800777852535,
            -0.833660364151001,
            0.16309399902820587
        ],
        [
            -0.002339727245271206,
            -0.8334094285964966,
            0.16389186680316925
        ],
        [
            -0.02283293567597866,
            -0.8357896208763123,
            0.15771141648292542
        ],
        [
            -0.025431489571928978,
            -0.8374849557876587,
            0.1574874371290207
        ],
        [
            -0.02133338898420334,
            -0.8403472900390625,
            0.16043710708618164
        ],
        [
            -0.020233893766999245,
            -0.8375616073608398,
            0.1596669852733612
        ],
        [
            -0.028169449418783188,
            -0.8393872976303101,
            0.15765729546546936
        ],
        [
            -0.02710956707596779,
            -0.8351622223854065,
            0.15570460259914398
        ],
        [
            -0.03029453009366989,
            -0.8356449604034424,
            0.15551576018333435
        ],
        [
            -0.024596739560365677,
            -0.8308650255203247,
            0.15464328229427338
        ],
        [
            -0.02748529240489006,
            -0.8291054964065552,
            0.153567373752594
        ],
        [
            -0.02792198583483696,
            -0.8318160772323608,
            0.1546686589717865
        ],
        [
            -0.025399988517165184,
            -0.8258692622184753,
            0.15368035435676575
        ],
        [
            -0.02202296443283558,
            -0.8289951086044312,
            0.15536664426326752
        ],
        [
            -0.018219541758298874,
            -0.8272181749343872,
            0.15767522156238556
        ],
        [
            -0.01326068677008152,
            -0.8256979584693909,
            0.16063356399536133
        ],
        [
            -0.01605251245200634,
            -0.8207805156707764,
            0.15787234902381897
        ],
        [
            -0.021415390074253082,
            -0.8229889869689941,
            0.15542593598365784
        ],
        [
            -0.023463433608412743,
            -0.8440033197402954,
            0.15994983911514282
        ],
        [
            -0.0323338620364666,
            -0.831073522567749,
            0.15335053205490112
        ],
        [
            -0.035798098891973495,
            -0.8373933434486389,
            0.1538713127374649
        ],
        [
            -0.03235114365816116,
            -0.8262004852294922,
            0.1521822065114975
        ],
        [
            -0.030319981276988983,
            -0.8217178583145142,
            0.15150082111358643
        ],
        [
            -0.0261921938508749,
            -0.8176709413528442,
            0.15217825770378113
        ],
        [
            -0.02035505324602127,
            -0.8145360946655273,
            0.1546209752559662
        ],
        [
            -0.016887277364730835,
            -0.7899088859558105,
            0.14612695574760437
        ],
        [
            -0.025541197508573532,
            -0.7945770025253296,
            0.14324067533016205
        ],
        [
            -0.0315650999546051,
            -0.91432785987854,
            0.16371646523475647
        ],
        [
            -0.04057634621858597,
            -0.9130845069885254,
            0.1623154878616333
        ],
        [
            -0.04146016761660576,
            -0.9053504467010498,
            0.15741071105003357
        ],
        [
            -0.043344371020793915,
            -0.9079127311706543,
            0.15750619769096375
        ],
        [
            -0.03766843304038048,
            -0.9091664552688599,
            0.16004881262779236
        ],
        [
            -0.03718193620443344,
            -0.9063997268676758,
            0.15927597880363464
        ],
        [
            -0.05669739469885826,
            -0.8975629806518555,
            0.1440887153148651
        ],
        [
            -0.05143218860030174,
            -0.8994527459144592,
            0.14808614552021027
        ],
        [
            -0.05188874155282974,
            -0.8956261873245239,
            0.14657796919345856
        ],
        [
            -0.058286599814891815,
            -0.8909468650817871,
            0.14357775449752808
        ],
        [
            -0.04342268407344818,
            -0.888234555721283,
            0.15250098705291748
        ],
        [
            -0.048066068440675735,
            -0.8893752098083496,
            0.14980432391166687
        ],
        [
            -0.044131528586149216,
            -0.8961668014526367,
            0.1521035134792328
        ],
        [
            -0.04073222354054451,
            -0.8953596353530884,
            0.15411877632141113
        ],
        [
            -0.03673744201660156,
            -0.8949956893920898,
            0.15563344955444336
        ],
        [
            -0.0323987752199173,
            -0.8951220512390137,
            0.1562523990869522
        ],
        [
            -0.032616641372442245,
            -0.8897262811660767,
            0.15570449829101562
        ],
        [
            -0.0378817543387413,
            -0.8886467814445496,
            0.15461111068725586
        ],
        [
            -0.031042657792568207,
            -0.9104418754577637,
            0.16065892577171326
        ],
        [
            -0.023913240060210228,
            -0.9097702503204346,
            0.15923021733760834
        ],
        [
            -0.02532052807509899,
            -0.9067461490631104,
            0.15874339640140533
        ],
        [
            -0.03128558397293091,
            -0.9071661829948425,
            0.16027820110321045
        ],
        [
            -0.015841329470276833,
            -0.9004527926445007,
            0.15221887826919556
        ],
        [
            -0.01693303883075714,
            -0.9028853178024292,
            0.15346917510032654
        ],
        [
            -0.013317249715328217,
            -0.9044445753097534,
            0.15417605638504028
        ],
        [
            -0.012477194890379906,
            -0.8999267816543579,
            0.15317490696907043
        ],
        [
            -0.014664814807474613,
            -0.8968143463134766,
            0.15356290340423584
        ],
        [
            -0.01700405776500702,
            -0.8987417817115784,
            0.15283936262130737
        ],
        [
            -0.036296650767326355,
            -0.9677544832229614,
            0.15504226088523865
        ],
        [
            -0.029648607596755028,
            -0.951196014881134,
            0.16279375553131104
        ],
        [
            -0.05294974520802498,
            -0.9602665901184082,
            0.14557728171348572
        ],
        [
            -0.06397178024053574,
            -0.9494885206222534,
            0.1355290412902832
        ],
        [
            -0.07204026728868484,
            -0.935917317867279,
            0.12679561972618103
        ],
        [
            -0.05238480120897293,
            -0.8353396654129028,
            0.14163267612457275
        ],
        [
            -0.05442189425230026,
            -0.8261610865592957,
            0.13557453453540802
        ],
        [
            -0.06361345946788788,
            -0.8331949710845947,
            0.12475582957267761
        ],
        [
            -0.06220310553908348,
            -0.822735071182251,
            0.11914077401161194
        ],
        [
            -0.052872925996780396,
            -0.8157777786254883,
            0.13098101317882538
        ],
        [
            -0.039820004254579544,
            -0.797776460647583,
            0.12569239735603333
        ],
        [
            -0.0480082742869854,
            -0.8057198524475098,
            0.1276417076587677
        ],
        [
            -0.0576033852994442,
            -0.8129633665084839,
            0.11217639595270157
        ],
        [
            -0.06705550104379654,
            -0.8249311447143555,
            0.09830152988433838
        ],
        [
            -0.06943108141422272,
            -0.8322025537490845,
            0.10767717659473419
        ],
        [
            -0.07264193147420883,
            -0.8402665853500366,
            0.08653184771537781
        ],
        [
            -0.06359896808862686,
            -0.8174803256988525,
            0.08516225218772888
        ],
        [
            -0.07084698975086212,
            -0.8389841318130493,
            0.07717828452587128
        ],
        [
            -0.04923931881785393,
            -0.7809768915176392,
            0.08444761484861374
        ],
        [
            -0.05185146629810333,
            -0.7694708704948425,
            0.07925624400377274
        ],
        [
            -0.06315548717975616,
            -0.77656090259552,
            0.06662376970052719
        ],
        [
            -0.06193798407912254,
            -0.7879066467285156,
            0.07226867228746414
        ],
        [
            -0.06967289000749588,
            -0.840756893157959,
            0.11612865328788757
        ],
        [
            -0.07281490415334702,
            -0.904322624206543,
            0.12341134250164032
        ],
        [
            -0.06715116649866104,
            -0.9041932821273804,
            0.13407261669635773
        ],
        [
            -0.07476979494094849,
            -0.8911921977996826,
            0.12048418074846268
        ],
        [
            -0.07953497022390366,
            -0.9629020690917969,
            0.10502307116985321
        ],
        [
            -0.07200366258621216,
            -0.9585393667221069,
            0.12169216573238373
        ],
        [
            -0.07917308062314987,
            -0.9427200555801392,
            0.11598518490791321
        ],
        [
            -0.08552618324756622,
            -0.9487989544868469,
            0.10093339532613754
        ],
        [
            -0.05194903910160065,
            -0.997959315776825,
            0.11010263860225677
        ],
        [
            -0.045785993337631226,
            -0.985682487487793,
            0.13477659225463867
        ],
        [
            -0.05831865221261978,
            -0.9736337661743164,
            0.12864255905151367
        ],
        [
            -0.06537730991840363,
            -0.983354926109314,
            0.10903780162334442
        ],
        [
            -0.08939296007156372,
            -0.9501718878746033,
            0.08807346224784851
        ],
        [
            -0.09301265329122543,
            -0.9510359764099121,
            0.06975875049829483
        ],
        [
            -0.09028161317110062,
            -0.9670150279998779,
            0.06266240775585175
        ],
        [
            -0.08464821428060532,
            -0.9676016569137573,
            0.08456212282180786
        ],
        [
            -0.07950054854154587,
            -0.987367570400238,
            0.054329823702573776
        ],
        [
            -0.0735316127538681,
            -0.9887198209762573,
            0.08086372166872025
        ],
        [
            -0.07036998122930527,
            -0.8253078460693359,
            0.06553768366575241
        ],
        [
            -0.0723709985613823,
            -0.8434270024299622,
            0.06440220773220062
        ],
        [
            -0.060315199196338654,
            -0.801624059677124,
            0.07965128868818283
        ],
        [
            -0.06887827068567276,
            -0.8091822862625122,
            0.06399380415678024
        ],
        [
            -0.06276412308216095,
            -1.0028976202011108,
            0.046458106487989426
        ],
        [
            -0.056673794984817505,
            -1.0056004524230957,
            0.07823202013969421
        ],
        [
            -0.08922068774700165,
            -0.9287252426147461,
            0.019411452114582062
        ],
        [
            -0.09093059599399567,
            -0.9464976787567139,
            0.028112463653087616
        ],
        [
            -0.09411585330963135,
            -0.9338105320930481,
            0.04442593455314636
        ],
        [
            -0.09243795275688171,
