{
    "pred_cam": [
        1.5506305694580078,
        0.0794166699051857,
        0.36084243655204773
    ],
    "pred_smpl_params": {
        "global_orient": [
            [
                [
                    -0.9986012578010559,
                    -0.004021459259092808,
                    0.052719563245773315
                ],
                [
                    0.0026176960673183203,
                    -0.9996408820152283,
                    -0.026669105514883995
                ],
                [
                    0.05280788242816925,
                    -0.026493798941373825,
                    0.9982531666755676
                ]
            ]
        ],
        "body_pose": [
            [
                [
                    0.9953041076660156,
                    -0.09158957004547119,
                    0.031324487179517746
                ],
                [
                    0.08977039903402328,
                    0.9944291710853577,
                    0.055244043469429016
                ],
                [
                    -0.03620975837111473,
                    -0.05217260494828224,
                    0.9979814887046814
                ]
            ],
            [
                [
                    0.9956265687942505,
                    0.09342063218355179,
                    0.000521508336532861
                ],
                [
                    -0.09263626486063004,
                    0.9865139126777649,
                    0.1349397897720337
                ],
                [
                    0.012091686017811298,
                    -0.134397953748703,
                    0.9908536076545715
                ]
            ],
            [
                [
                    0.9996781349182129,
                    -0.01563713327050209,
                    -0.01997842639684677
                ],
                [
                    0.01222261507064104,
                    0.9869022965431213,
                    -0.16085520386695862
                ],
                [
                    0.022232068702578545,
                    0.16055923700332642,
                    0.9867757558822632
                ]
            ],
            [
                [
                    0.9791308641433716,
                    -0.017031120136380196,
                    -0.20251597464084625
                ],
                [
                    -0.1535046398639679,
                    0.591072678565979,
                    -0.791877269744873
                ],
                [
                    0.13318820297718048,
                    0.8064385652542114,
                    0.5761231184005737
                ]
            ],
            [
                [
                    0.9807766079902649,
                    -0.026309728622436523,
                    0.19335222244262695
                ],
                [
                    0.16985762119293213,
                    0.6028411388397217,
                    -0.779570996761322
                ],
                [
                    -0.09605037420988083,
                    0.7974272966384888,
                    0.595721423625946
                ]
            ],
            [
                [
                    0.9998751282691956,
                    0.0034871732350438833,
                    0.015412373468279839
                ],
                [
                    -0.0044004907831549644,
                    0.9982109665870667,
                    0.059627871960401535
                ],
                [
                    -0.015176868066191673,
                    -0.059688251465559006,
                    0.9981016516685486
                ]
            ],
            [
                [
                    0.9701890349388123,
                    0.030011756345629692,
                    0.2404838651418686
                ],
                [
                    -0.0718887597322464,
                    0.9832795858383179,
                    0.1673116385936737
                ],
                [
                    -0.23144158720970154,
                    -0.17961201071739197,
                    0.9561246037483215
                ]
            ],
            [
                [
                    0.9681439995765686,
                    -0.012778128497302532,
                    -0.250067800283432
                ],
                [
                    0.05363287776708603,
                    0.986100971698761,
                    0.15725262463092804
                ],
                [
                    0.24458271265029907,
                    -0.16565504670143127,
                    0.9553730487823486
                ]
            ],
            [
                [
                    0.9999461770057678,
                    0.010218972340226173,
                    0.001773714437149465
                ],
                [
                    -0.01005739439278841,
                    0.9971389770507812,
                    -0.07491797208786011
                ],
                [
                    -0.0025342246517539024,
                    0.07489610463380814,
                    0.9971880912780762
                ]
            ],
            [
                [
                    0.9902341961860657,
                    -0.127633735537529,
                    -0.056087154895067215
                ],
                [
                    0.13545584678649902,
                    0.9760065674781799,
                    0.17047852277755737
                ],
                [
                    0.03298261761665344,
                    -0.17641101777553558,
                    0.9837638139724731
                ]
            ],
            [
                [
                    0.9919857382774353,
                    0.11740192025899887,
                    0.046702153980731964
                ],
                [
                    -0.12306875735521317,
                    0.9814861416816711,
                    0.14676186442375183
                ],
                [
                    -0.02860739454627037,
                    -0.15133324265480042,
                    0.9880687594413757
                ]
            ],
            [
                [
                    0.9931146502494812,
                    0.01722085103392601,
                    -0.11587372422218323
                ],
                [
                    -0.01009078323841095,
                    0.9980350136756897,
                    0.06184064596891403
                ],
                [
                    0.11671098321676254,
                    -0.06024559587240219,
                    0.9913369417190552
                ]
            ],
            [
                [
                    0.9849590063095093,
                    0.1505066454410553,
                    0.0848732739686966
                ],
                [
                    -0.15023238956928253,
                    0.9886036515235901,
                    -0.00964581873267889
                ],
                [
                    -0.08535779267549515,
                    -0.003249978879466653,
                    0.996345043182373
                ]
            ],
            [
                [
                    0.9877128601074219,
                    -0.15391190350055695,
                    -0.027101900428533554
                ],
                [
                    0.15445329248905182,
                    0.9878143668174744,
                    0.019154585897922516
                ],
                [
                    0.023823529481887817,
                    -0.023105207830667496,
                    0.9994491338729858
                ]
            ],
            [
                [
                    0.9936250448226929,
                    -0.02815825305879116,
                    -0.10916193574666977
                ],
                [
                    0.020330699160695076,
                    0.9971853494644165,
                    -0.07216715812683105
                ],
                [
                    0.11088677495718002,
                    0.06948776543140411,
                    0.9914008378982544
                ]
            ],
            [
                [
                    0.7592098712921143,
                    0.6482860445976257,
                    -0.05766797810792923
                ],
                [
                    -0.6497413516044617,
                    0.7601003050804138,
                    -0.00914804171770811
                ],
                [
                    0.03790290281176567,
                    0.04441455006599426,
                    0.9982938766479492
                ]
            ],
            [
                [
                    0.7139323949813843,
                    -0.6795601844787598,
                    0.16881488263607025
                ],
                [
                    0.6884389519691467,
                    0.7252500653266907,
                    0.008010136894881725
                ],
                [
                    -0.1278763860464096,
                    0.1105000451207161,
                    0.9856151938438416
                ]
            ],
            [
                [
                    0.8147655725479126,
                    -0.18613439798355103,
                    -0.5491002202033997
                ],
                [
                    0.16960261762142181,
                    0.9821556806564331,
                    -0.0812721848487854
                ],
                [
                    0.5544294714927673,
                    -0.026911070570349693,
                    0.8317955136299133
                ]
            ],
            [
                [
                    0.7369229197502136,
                    0.19869284331798553,
                    0.6461159586906433
                ],
                [
                    -0.10554242879152298,
                    0.9779229164123535,
                    -0.18035410344600677
                ],
                [
                    -0.6676866412162781,
                    0.06471443921327591,
                    0.7416243553161621
                ]
            ],
            [
                [
                    0.9978324174880981,
                    -0.06375154852867126,
                    0.016313698142766953
                ],
                [
                    0.06488143652677536,
                    0.9945105910301208,
                    -0.08209224790334702
                ],
                [
                    -0.01099063828587532,
                    0.08297276496887207,
                    0.9964911937713623
                ]
            ],
            [
                [
                    0.9973735213279724,
                    0.07231590151786804,
                    -0.004067149478942156
                ],
                [
                    -0.07242356985807419,
                    0.9949493408203125,
                    -0.06950276345014572
                ],
                [
                    -0.0009795480873435736,
                    0.06961476802825928,
                    0.9975734949111938
                ]
            ],
            [
                [
                    0.9819579720497131,
                    0.17951801419258118,
                    -0.05942939966917038
                ],
                [
                    -0.16832676529884338,
                    0.9730066061019897,
                    0.1578744500875473
                ],
                [
                    0.08616650104522705,
                    -0.14502251148223877,
                    0.9856692552566528
                ]
            ],
            [
                [
                    0.9844852685928345,
                    -0.17047081887722015,
                    0.04157598316669464
                ],
                [
                    0.16267149150371552,
                    0.9755256175994873,
                    0.14794495701789856
                ],
                [
                    -0.06577873229980469,
                    -0.13888639211654663,
                    0.9881213307380676
                ]
            ]
        ],
        "betas": [
            -0.14891040325164795,
            0.07547318935394287,
            0.4226435720920563,
            0.2622738480567932,
            0.06999090313911438,
            0.10472423583269119,
            0.06688101589679718,
            -0.14719673991203308,
            0.0154837965965271,
            -0.08839160203933716
        ]
    },
    "pred_cam_t": [
        0.0794166699051857,
        0.36084243655204773,
        25.191364288330078
    ],
    "focal_length": [
        5000.0,
        5000.0
    ],
    "pred_keypoints_3d": [
        [
            0.03450367972254753,
            -0.8443512916564941,
            0.19763103127479553
        ],
        [
            -0.001406627707183361,
            -0.7387667298316956,
            0.03682870790362358
        ],
        [
            0.1739332675933838,
            -0.6626872420310974,
            0.008065616711974144
        ],
        [
            0.31645429134368896,
            -0.45811599493026733,
            -0.02088574692606926
        ],
        [
            0.4434140622615814,
            -0.31386417150497437,
            0.14143569767475128
        ],
        [
            -0.17496348917484283,
            -0.6643343567848206,
            0.028293563053011894
        ],
        [
            -0.33492588996887207,
            -0.47015243768692017,
            -0.0257974024862051
        ],
        [
            -0.4996596872806549,
            -0.3327792286872864,
            0.09345272183418274
        ],
        [
            -0.00183865986764431,
            -0.225962296128273,
            0.027345875278115273
        ],
        [
            0.06564264744520187,
            -0.13535338640213013,
            0.021354734897613525
        ],
        [
            0.1419782191514969,
            0.23408067226409912,
            0.06925676763057709
        ],
        [
            0.1281927525997162,
            0.4879225492477417,
            -0.23291198909282684
        ],
        [
            -0.07113341242074966,
            -0.13397666811943054,
            0.02603965625166893
        ],
        [
            -0.1360885500907898,
            0.23158830404281616,
            0.053163908421993256
        ],
        [
            -0.16216248273849487,
            0.4531477689743042,
            -0.27224090695381165
        ],
        [
            0.05668739229440689,
            -0.885063648223877,
            0.156672403216362
        ],
        [
            -0.006268288940191269,
            -0.8848721981048584,
            0.17710015177726746
        ],
        [
            0.06795849651098251,
            -0.8707250356674194,
            0.05450403690338135
        ],
        [
            -0.07129448652267456,
            -0.8709995746612549,
            0.09878329932689667
        ],
        [
            -0.1722460240125656,
            0.613192081451416,
            -0.15678125619888306
        ],
        [
            -0.2366582602262497,
            0.5832096338272095,
            -0.20009589195251465
        ],
        [
            -0.1715676486492157,
            0.4406718313694,
            -0.3420040011405945
        ],
        [
            0.1441681683063507,
            0.634592592716217,
            -0.10236787796020508
        ],
        [
            0.21006500720977783,
            0.6100423336029053,
            -0.15216821432113647
        ],
        [
            0.1280009150505066,
            0.491610050201416,
            -0.30717119574546814
        ],
        [
            0.1487138867378235,
            0.43455255031585693,
            -0.2222689688205719
        ],
        [
            0.13526922464370728,
            0.1774807870388031,
            0.07428780943155289
        ],
        [
            0.14369003474712372,
            -0.25741010904312134,
            0.008305877447128296
        ],
        [
            -0.14910723268985748,
            -0.24163229763507843,
            0.01205180399119854
        ],
        [
            -0.14440378546714783,
            0.19479405879974365,
            0.05909400060772896
        ],
        [
            -0.16897256672382355,
            0.41189804673194885,
            -0.266104519367218
        ],
        [
            0.41850221157073975,
            -0.33735987544059753,
            0.15365520119667053
        ],
        [
            0.3351026773452759,
            -0.4907746911048889,
            -0.0045378487557172775
        ],
        [
            0.14263325929641724,
            -0.6897538900375366,
            0.011812210083007812
        ],
        [
            -0.14737002551555634,
            -0.6919645071029663,
            0.025705132633447647
        ],
        [
            -0.35215824842453003,
            -0.5107517838478088,
            -0.001148042269051075
        ],
        [
            -0.492539644241333,
            -0.3515297472476959,
            0.09983634203672409
        ],
        [
            -0.003498891368508339,
            -0.7402310371398926,
            0.03664647042751312
        ],
        [
            -0.0010149161098524928,
            -0.923632025718689,
            0.09218378365039825
        ],
        [
            -0.003210121765732765,
            -0.24948373436927795,
            0.010278143920004368
        ],
        [
            -0.0024885274469852448,
            -0.687181830406189,
            0.022426264360547066
        ],
        [
            -0.001476207748055458,
            -0.49717697501182556,
            0.0050432030111551285
        ],
        [
            0.005873310379683971,
            -0.8169680833816528,
            0.12727141380310059
        ],
        [
            0.0008650952950119972,
            -0.9427970051765442,
            0.08218824863433838
        ]
    ],
    "pred_vertices": [
        [
            -0.017660479992628098,
            -0.9307931661605835,
            0.1802939474582672
        ],
        [
            -0.01011104416102171,
            -0.9166285991668701,
            0.1842726767063141
        ],
        [
            -0.023002056404948235,
            -0.9128023982048035,
            0.1795247495174408
        ],
        [
            -0.03152155131101608,
            -0.923474133014679,
            0.1723688840866089
        ],
        [
            -0.017544496804475784,
            -0.9039931297302246,
            0.1837330013513565
        ],
        [
            -0.006150824949145317,
            -0.9055163860321045,
            0.18742114305496216
        ],
        [
            -0.03234703838825226,
            -0.9066767692565918,
            0.1715238392353058
        ],
        [
            -0.04042947664856911,
            -0.913872241973877,
            0.16273318231105804
        ],
        [
            -0.04063770920038223,
            -0.8713686466217041,
            0.16286100447177887
        ],
        [
            -0.04700566083192825,
            -0.8665012121200562,
            0.15490508079528809
        ],
        [
            -0.04666045308113098,
            -0.8782685995101929,
            0.15606214106082916
        ],
        [
            -0.03931426256895065,
            -0.8798593282699585,
            0.16315561532974243
        ],
        [
            -0.04072180390357971,
            -0.8451734781265259,
            0.1594092845916748
        ],
        [
            -0.03245868533849716,
            -0.8362829685211182,
            0.16578242182731628
        ],
        [
            -0.03738533705472946,
            -0.8269948959350586,
            0.15709960460662842
        ],
        [
            -0.04464130848646164,
            -0.8354547023773193,
            0.14966700971126556
        ],
        [
            0.005149443633854389,
            -0.8511795997619629,
            0.17888891696929932
        ],
        [
            -0.00034121982753276825,
            -0.8445419073104858,
            0.1794159710407257
        ],
        [
            -0.004347451031208038,
            -0.85113525390625,
            0.1797427535057068
        ],
        [
            0.0018067266792058945,
            -0.8569891452789307,
            0.17863792181015015
        ],
        [
            0.015646489337086678,
            -0.860849142074585,
            0.18201538920402527
        ],
        [
            0.013686693273484707,
            -0.8661811351776123,
            0.1790160834789276
        ],
        [
            0.019615039229393005,
            -0.870265781879425,
            0.1825028657913208
        ],
        [
            0.021079985424876213,
            -0.8641972541809082,
            0.1867522895336151
        ],
        [
            0.010425740852952003,
            -0.8460432887077332,
            0.17739495635032654
        ],
        [
            0.004437188617885113,
            -0.8391553163528442,
            0.17762774229049683
        ],
        [
            0.010117978788912296,
            -0.8569467663764954,
            0.17898675799369812
        ],
        [
            0.012547982856631279,
            -0.8522820472717285,
            0.18064850568771362
        ],
        [
            0.018331674858927727,
            -0.8466082215309143,
            0.18972262740135193
        ],
        [
            0.01643490046262741,
            -0.8512167930603027,
            0.18870162963867188
        ],
        [
            0.021578459069132805,
            -0.8525207042694092,
            0.19438429176807404
        ],
        [
            0.02261260710656643,
            -0.8470473289489746,
            0.19342568516731262
        ],
        [
            0.013201047666370869,
            -0.8455773591995239,
            0.18160557746887207
        ],
        [
            0.013436533510684967,
            -0.8485181927680969,
            0.18449479341506958
        ],
        [
            0.016408339142799377,
            -0.8449041843414307,
            0.18606427311897278
        ],
        [
            0.016876593232154846,
            -0.8426884412765503,
            0.1825377643108368
        ],
        [
            0.01709076575934887,
            -0.8566479682922363,
            0.18471914529800415
        ],
        [
            0.02177049219608307,
            -0.8587921857833862,
            0.19055527448654175
        ],
        [
            0.02737046405673027,
            -0.8605211973190308,
            0.1962820291519165
        ],
        [
            0.027387430891394615,
            -0.8521867990493774,
            0.199873149394989
        ],
        [
            -0.012498894706368446,
            -0.8307265043258667,
            0.1759706288576126
        ],
        [
            -0.006504636257886887,
            -0.8377834558486938,
            0.17893292009830475
        ],
        [
            -0.00160210020840168,
            -0.8329519033432007,
            0.17759090662002563
        ],
        [
            -0.006928315386176109,
            -0.8272867202758789,
            0.17608684301376343
        ],
        [
            0.014741379767656326,
            -0.8395150899887085,
            0.17953619360923767
        ],
        [
            0.011173292063176632,
            -0.8235358595848083,
            0.1806080937385559
        ],
        [
            0.010969839058816433,
            -0.8273351192474365,
            0.18092676997184753
        ],
        [
            0.017819687724113464,
            -0.8283443450927734,
            0.1831044852733612
        ],
        [
            0.01735057309269905,
            -0.8247807025909424,
            0.18285271525382996
        ],
        [
            -0.019656796008348465,
            -0.8161188960075378,
            0.16854357719421387
        ],
        [
            -0.012980420142412186,
            -0.8151698112487793,
            0.17142394185066223
        ],
        [
            -0.014105945825576782,
            -0.8082405924797058,
            0.1688157021999359
        ],
        [
            -0.020571595057845116,
            -0.8078256845474243,
            0.16451691091060638
        ],
        [
            -0.012231951579451561,
            -0.8024603128433228,
            0.16699419915676117
        ],
        [
            -0.020210839807987213,
            -0.7998714447021484,
            0.1607699990272522
        ],
        [
            -0.011533365584909916,
            -0.7860196828842163,
            0.15812163054943085
        ],
        [
            -0.016144711524248123,
            -0.7920944690704346,
            0.159182608127594
        ],
        [
            -0.008408097550272942,
            -0.7969633340835571,
            0.16631682217121124
        ],
        [
            -0.002546265721321106,
            -0.7919785976409912,
            0.16796822845935822
        ],
        [
            0.011325285769999027,
            -0.7969443202018738,
            0.17346729338169098
        ],
        [
            0.017634961754083633,
            -0.7957374453544617,
            0.17462550103664398
        ],
        [
            0.012560898438096046,
            -0.783658504486084,
            0.17350473999977112
        ],
        [
            0.005312049761414528,
            -0.7869792580604553,
            0.1711382120847702
        ],
        [
            0.010390199720859528,
            -0.8179750442504883,
            0.1761663556098938
        ],
        [
            0.005940661765635014,
            -0.817992627620697,
            0.17436420917510986
        ],
        [
            0.006265856325626373,
            -0.8195035457611084,
            0.17670005559921265
        ],
        [
            0.011000247672200203,
            -0.8206497430801392,
            0.17894569039344788
        ],
        [
            0.002034015953540802,
            -0.8177028298377991,
            0.17338156700134277
        ],
        [
            0.00027522817254066467,
            -0.8174120187759399,
            0.1730923056602478
        ],
        [
            0.0007878374308347702,
            -0.8187127113342285,
            0.17428770661354065
        ],
        [
            0.0023636380210518837,
            -0.818487286567688,
            0.1740606725215912
        ],
        [
            0.0043607065454125404,
            -0.8181525468826294,
            0.1741045117378235
        ],
        [
            0.00542878732085228,
            -0.8162447214126587,
            0.1741829812526703
        ],
        [
            0.002998918294906616,
            -0.8169294595718384,
            0.17356902360916138
        ],
        [
            0.009500331245362759,
            -0.8154609799385071,
            0.1760556995868683
        ],
        [
            0.023394275456666946,
            -0.8129801750183105,
            0.18073666095733643
        ],
        [
            0.01939505897462368,
            -0.813735842704773,
            0.18022358417510986
        ],
        [
            0.0205379631370306,
            -0.8181732892990112,
            0.1791069507598877
        ],
        [
            0.023925304412841797,
            -0.8177928924560547,
            0.17947401106357574
        ],
        [
            0.002896222285926342,
            -0.820330023765564,
            0.17574405670166016
        ],
        [
            0.00033368542790412903,
            -0.8221213817596436,
            0.17586244642734528
        ],
        [
            0.004758960567414761,
            -0.8249034881591797,
            0.17831948399543762
        ],
        [
            0.0057342080399394035,
            -0.8221651315689087,
            0.17740017175674438
        ],
        [
            -0.002329682931303978,
            -0.8240041136741638,
            0.17646047472953796
        ],
        [
            -0.0015460625290870667,
            -0.8198549151420593,
            0.1742958128452301
        ],
        [
            -0.004753872752189636,
            -0.8202625513076782,
            0.17449620366096497
        ],
        [
            0.0008054841309785843,
            -0.8156780004501343,
            0.17284375429153442
        ],
        [
            -0.0021762941032648087,
            -0.8139466643333435,
            0.17210671305656433
        ],
        [
            -0.002472938969731331,
            -0.8165898323059082,
            0.1733073890209198
        ],
        [
            -0.00011303648352622986,
            -0.8107717037200928,
            0.17190313339233398
        ],
        [
            0.0034317653626203537,
            -0.8138298988342285,
            0.17323333024978638
        ],
        [
            0.007474986836314201,
            -0.8120534420013428,
            0.17502988874912262
        ],
        [
            0.012730798684060574,
            -0.8104748725891113,
            0.17737826704978943
        ],
        [
            0.009599574841558933,
            -0.8056679368019104,
            0.17490273714065552
        ],
        [
            0.004016437567770481,
            -0.8078967332839966,
            0.17312078177928925
        ],
        [
            0.0025507239624857903,
            -0.8284131288528442,
            0.17819219827651978
        ],
        [
            -0.007001141086220741,
            -0.8158912658691406,
            0.17251348495483398
        ],
        [
            -0.01036893017590046,
            -0.8221460580825806,
            0.17361503839492798
        ],
        [
            -0.007159946486353874,
            -0.8111065030097961,
            0.17125432193279266
        ],
        [
            -0.0052411723881959915,
            -0.8066974878311157,
            0.17027544975280762
        ],
        [
            -0.0011232607066631317,
            -0.8027147054672241,
            0.1703401803970337
        ],
        [
            0.004920491017401218,
            -0.7995489835739136,
            0.17202965915203094
        ],
        [
            0.007135281339287758,
            -0.77520751953125,
            0.1627437174320221
        ],
        [
            -0.0017564110457897186,
            -0.7799227833747864,
            0.16093195974826813
        ],
        [
            -0.004588153213262558,
            -0.898399829864502,
            0.18422964215278625
        ],
        [
            -0.013688992708921432,
            -0.8971562385559082,
            0.18392446637153625
        ],
        [
            -0.01525709219276905,
            -0.8895523548126221,
            0.1790754795074463
        ],
        [
            -0.017030712217092514,
            -0.8922162652015686,
            0.17946705222129822
        ],
        [
            -0.011150338687002659,
            -0.8932778835296631,
            0.18128752708435059
        ],
        [
            -0.010762134566903114,
            -0.890608549118042,
            0.1803930252790451
        ],
        [
            -0.03198389708995819,
            -0.8820556998252869,
            0.167579784989357
        ],
        [
            -0.026280801743268967,
            -0.8838332891464233,
            0.1709732860326767
        ],
        [
            -0.02695130556821823,
            -0.8800749778747559,
            0.16944770514965057
        ],
        [
            -0.03369893878698349,
            -0.8755037188529968,
            0.1671401709318161
        ],
        [
            -0.01790054515004158,
            -0.8726073503494263,
            0.1742136925458908
        ],
        [
            -0.02281426079571247,
            -0.8737916946411133,
            0.17212925851345062
        ],
        [
            -0.01853446289896965,
            -0.8805235624313354,
            0.17399320006370544
        ],
        [
            -0.014930176548659801,
            -0.879679799079895,
            0.1755731999874115
        ],
        [
            -0.01080657821148634,
            -0.87925124168396,
            0.17668098211288452
        ],
        [
            -0.006451739929616451,
            -0.8793398141860962,
            0.17674104869365692
        ],
        [
            -0.006763792596757412,
            -0.8739525675773621,
            0.1761416494846344
        ],
        [
            -0.012120994739234447,
            -0.8729438185691833,
            0.17568044364452362
        ],
        [
            -0.0044511305168271065,
            -0.8945318460464478,
            0.18109233677387238
        ],
        [
            0.002426598221063614,
            -0.8938717246055603,
            0.17878718674182892
        ],
        [
            0.000994853675365448,
            -0.8908417820930481,
            0.17848894000053406
        ],
        [
            -0.004766951315104961,
            -0.8913030624389648,
            0.18072253465652466
        ],
        [
            0.009517669677734375,
            -0.8845868110656738,
            0.1708054095506668
        ],
        [
            0.008613724261522293,
            -0.8870024085044861,
            0.1722237914800644
        ],
        [
            0.012262072414159775,
            -0.8885260820388794,
            0.1724981814622879
        ],
        [
            0.012944910675287247,
            -0.8840577602386475,
            0.17129917442798615
        ],
        [
            0.010816545225679874,
            -0.8809523582458496,
            0.17188629508018494
        ],
        [
            0.008420003578066826,
            -0.882888674736023,
            0.1715070605278015
        ],
        [
            -0.010133481584489346,
            -0.9523394107818604,
            0.17666614055633545
        ],
        [
            -0.0026962142437696457,
            -0.9352972507476807,
            0.1836273968219757
        ],
        [
            -0.02785944752395153,
            -0.9448947906494141,
            0.16937071084976196
        ],
        [
            -0.04022589325904846,
            -0.9343063831329346,
            0.16068369150161743
        ],
        [
            -0.0491139218211174,
            -0.9210293292999268,
            0.15261177718639374
        ],
        [
            -0.02837037667632103,
            -0.820281982421875,
            0.16357535123825073
        ],
        [
            -0.03113938495516777,
            -0.8112850189208984,
            0.15766215324401855
        ],
        [
            -0.041490040719509125,
            -0.8183621168136597,
            0.14807939529418945
        ],
        [
            -0.040809839963912964,
            -0.8081601858139038,
            0.1421249806880951
        ],
        [
            -0.030241210013628006,
            -0.8010672330856323,
            0.15265512466430664
        ],
        [
            -0.01818721555173397,
            -0.7832140922546387,
            0.1453540325164795
        ],
        [
            -0.025936489924788475,
            -0.7910774946212769,
            0.14850099384784698
        ],
        [
            -0.037168584764003754,
            -0.7986681461334229,
            0.13443812727928162
        ],
        [
            -0.048039764165878296,
            -0.8107247948646545,
            0.12204772233963013
        ],
        [
            -0.049229733645915985,
            -0.8176299929618835,
            0.13168036937713623
        ],
        [
            -0.05488503724336624,
            -0.8262753486633301,
            0.1114545464515686
        ],
        [
            -0.04625009745359421,
            -0.8036373257637024,
            0.10847268998622894
        ],
        [
            -0.05420992150902748,
            -0.825259804725647,
            0.10205450654029846
        ],
        [
            -0.03271041810512543,
            -0.7674038410186768,
            0.1051931083202362
        ],
        [
            -0.035996828228235245,
            -0.7562254071235657,
            0.1000521332025528
        ],
        [
            -0.04829132929444313,
            -0.7636100053787231,
            0.08907559514045715
        ],
        [
            -0.04646825045347214,
            -0.7746536731719971,
            0.09486877918243408
        ],
        [
            -0.04844192788004875,
            -0.8260232210159302,
            0.14030689001083374
        ],
        [
            -0.0503891296684742,
            -0.8894949555397034,
            0.148911714553833
        ],
        [
            -0.0435425266623497,
            -0.8890153169631958,
            0.15885326266288757
        ],
        [
            -0.05278771370649338,
            -0.8762991428375244,
            0.1461750864982605
        ],
        [
            -0.059470679610967636,
            -0.9486112594604492,
            0.13223397731781006
        ],
        [
            -0.049781978130340576,
            -0.9438283443450928,
            0.14793738722801208
        ],
        [
            -0.05768000707030296,
            -0.9279630184173584,
            0.1428133249282837
        ],
        [
            -0.06586949527263641,
            -0.9343805909156799,
            0.12864089012145996
        ],
        [
            -0.03130272030830383,
            -0.9835737347602844,
            0.13417325913906097
        ],
        [
            -0.021935228258371353,
            -0.9706788063049316,
            0.15783509612083435
        ],
        [
            -0.03527648001909256,
            -0.9585663080215454,
            0.15312209725379944
        ],
        [
            -0.044949498027563095,
            -0.9689465165138245,
            0.1346157193183899
        ],
        [
            -0.07135617733001709,
            -0.9360705614089966,
            0.11635839194059372
        ],
        [
            -0.07722612470388412,
            -0.9370479583740234,
            0.09857293218374252
        ],
        [
            -0.07520348578691483,
            -0.9530749320983887,
            0.09114428609609604
        ],
        [
            -0.06691044569015503,
            -0.9535679817199707,
            0.11226482689380646
        ],
        [
            -0.0652705654501915,
            -0.9734145998954773,
            0.08178116381168365
        ],
        [
            -0.05620196834206581,
            -0.9745302200317383,
            0.10749366134405136
        ],
        [
            -0.0552755706012249,
            -0.8117588758468628,
            0.09019570797681808
        ],
        [
            -0.05733245983719826,
            -0.8300361633300781,
            0.08971113711595535
        ],
        [
            -0.043940868228673935,
            -0.7880707383155823,
            0.10230392217636108
        ],
        [
            -0.05409064516425133,
            -0.7959380745887756,
            0.0880800187587738
        ],
        [
            -0.049470581114292145,
            -0.9885435104370117,
            0.07225531339645386
        ],
        [
            -0.03982404246926308,
            -0.9913125038146973,
            0.10306735336780548
        ],
        [
            -0.07930584251880646,
            -0.9155074954032898,
            0.04794491082429886
        ],
        [
            -0.07996775209903717,
            -0.9330303072929382,
            0.056897711008787155
        ],
        [
            -0.08132705092430115,
            -0.92027747631073,
            0.07343234121799469
        ],
        [
            -0.08087301254272461,
            -0.9057949781417847,
