{
    "pred_cam": [
        2.1032910346984863,
        0.0529063418507576,
        0.5429987907409668
    ],
    "pred_smpl_params": {
        "global_orient": [
            [
                [
                    0.9903597831726074,
                    0.07768989354372025,
                    -0.114680714905262
                ],
                [
                    0.07629838585853577,
                    -0.996948778629303,
                    -0.0164804607629776
                ],
                [
                    -0.11561117321252823,
                    0.007571632973849773,
                    -0.9932655692100525
                ]
            ]
        ],
        "body_pose": [
            [
                [
                    0.9631027579307556,
                    -0.2689015567302704,
                    -0.011184191331267357
                ],
                [
                    0.21569888293743134,
                    0.7463639974594116,
                    0.6296147108078003
                ],
                [
                    -0.16095690429210663,
                    -0.6087960600852966,
                    0.7768269777297974
                ]
            ],
            [
                [
                    0.958918035030365,
                    0.27177613973617554,
                    0.08132576197385788
                ],
                [
                    -0.25423991680145264,
                    0.6961429119110107,
                    0.6713770627975464
                ],
                [
                    0.1258498877286911,
                    -0.6644718647003174,
                    0.7366403341293335
                ]
            ],
            [
                [
                    0.9992339611053467,
                    -0.022684825584292412,
                    -0.03188866749405861
                ],
                [
                    0.007465449161827564,
                    0.9103848338127136,
                    -0.4136953353881836
                ],
                [
                    0.038415562361478806,
                    0.41314035654067993,
                    0.9098567962646484
                ]
            ],
            [
                [
                    0.9851832389831543,
                    0.07791825383901596,
                    -0.15278318524360657
                ],
                [
                    -0.12086329609155655,
                    -0.3166094422340393,
                    -0.9408243298530579
                ],
                [
                    -0.12167997658252716,
                    0.9453502893447876,
                    -0.3025008738040924
                ]
            ],
            [
                [
                    0.9754506349563599,
                    -0.07275807112455368,
                    0.20785149931907654
                ],
                [
                    0.17029599845409393,
                    -0.34920644760131836,
                    -0.9214413166046143
                ],
                [
                    0.1396254301071167,
                    0.9342168569564819,
                    -0.3282432556152344
                ]
            ],
            [
                [
                    0.9995546936988831,
                    -0.023587193340063095,
                    -0.01827838085591793
                ],
                [
                    0.022985488176345825,
                    0.9992088079452515,
                    -0.03245796263217926
                ],
                [
                    0.019029509276151657,
                    0.03202337026596069,
                    0.9993060231208801
                ]
            ],
            [
                [
                    0.9716669321060181,
                    -0.1343224048614502,
                    0.19447603821754456
                ],
                [
                    0.05022691935300827,
                    0.9213694930076599,
                    0.3854289948940277
                ],
                [
                    -0.2309560328722,
                    -0.36474063992500305,
                    0.9020108580589294
                ]
            ],
            [
                [
                    0.965133547782898,
                    0.09064244478940964,
                    -0.24556323885917664
                ],
                [
                    0.00417720852419734,
                    0.932677149772644,
                    0.3606880307197571
                ],
                [
                    0.26172488927841187,
                    -0.3491378426551819,
                    0.8997793793678284
                ]
            ],
            [
                [
                    0.999037504196167,
                    -0.013422605581581593,
                    -0.041758954524993896
                ],
                [
                    0.01310927327722311,
                    0.9998838901519775,
                    -0.007767943665385246
                ],
                [
                    0.04185837507247925,
                    0.0072130379267036915,
                    0.999097466468811
                ]
            ],
            [
                [
                    0.9950000047683716,
                    -0.06482156366109848,
                    0.07598115503787994
                ],
                [
                    0.0423864871263504,
                    0.9629221558570862,
                    0.2664286494255066
                ],
                [
                    -0.09043426066637039,
                    -0.2618759274482727,
                    0.9608551263809204
                ]
            ],
            [
                [
                    0.9926450848579407,
                    0.12064668536186218,
                    -0.00999784842133522
                ],
                [
                    -0.1137576550245285,
                    0.9578301310539246,
                    0.2638574540615082
                ],
                [
                    0.04140976071357727,
                    -0.2607795298099518,
                    0.9645098447799683
                ]
            ],
            [
                [
                    0.9921466708183289,
                    -0.11784578859806061,
                    0.04192188009619713
                ],
                [
                    0.10160822421312332,
                    0.9548064470291138,
                    0.27932122349739075
                ],
                [
                    -0.07294411957263947,
                    -0.27286800742149353,
                    0.9592821598052979
                ]
            ],
            [
                [
                    0.8687745332717896,
                    0.46103498339653015,
                    -0.18076905608177185
                ],
                [
                    -0.45430877804756165,
                    0.8872864246368408,
                    0.0795387551188469
                ],
                [
                    0.19706405699253082,
                    0.013023714534938335,
                    0.9803040623664856
                ]
            ],
            [
                [
                    0.9202444553375244,
                    -0.3838827610015869,
                    0.07605432718992233
                ],
                [
                    0.38161855936050415,
                    0.923322319984436,
                    0.04293186962604523
                ],
                [
                    -0.08670346438884735,
                    -0.010484068654477596,
                    0.9961790442466736
                ]
            ],
            [
                [
                    0.9916285276412964,
                    0.00409289775416255,
                    0.12905845046043396
                ],
                [
                    -0.010552234016358852,
                    0.998723030090332,
                    0.04940569028258324
                ],
                [
                    -0.1286914348602295,
                    -0.05035394802689552,
                    0.9904054403305054
                ]
            ],
            [
                [
                    0.6797574162483215,
                    0.6833423972129822,
                    -0.2664077877998352
                ],
                [
                    -0.7164676785469055,
                    0.6963585615158081,
                    -0.04193907603621483
                ],
                [
                    0.15685658156871796,
                    0.2193809449672699,
                    0.9629476070404053
                ]
            ],
            [
                [
                    0.7213752269744873,
                    -0.674780011177063,
                    0.15585170686244965
                ],
                [
                    0.6893737316131592,
                    0.7211630344390869,
                    -0.06846719980239868
                ],
                [
                    -0.06619419157505035,
                    0.15683060884475708,
                    0.9854047894477844
                ]
            ],
            [
                [
                    0.5683635473251343,
                    -0.276387095451355,
                    -0.7749665379524231
                ],
                [
                    -0.04818335175514221,
                    0.9290933012962341,
                    -0.3666933476924896
                ],
                [
                    0.821365475654602,
                    0.2457556277513504,
                    0.5147455334663391
                ]
            ],
            [
                [
                    0.4080972671508789,
                    0.35117000341415405,
                    0.8426958322525024
                ],
                [
                    -0.12169595807790756,
                    0.9357463717460632,
                    -0.3310118317604065
                ],
                [
                    -0.904790997505188,
                    0.03253234550356865,
                    0.42461150884628296
                ]
            ],
            [
                [
                    0.9969043731689453,
                    -0.056350529193878174,
                    0.054828889667987823
                ],
                [
                    0.07085829973220825,
                    0.9461163282394409,
                    -0.31597933173179626
                ],
                [
                    -0.03406890854239464,
                    0.31888628005981445,
                    0.9471803903579712
                ]
            ],
            [
                [
                    0.996331512928009,
                    0.042848970741033554,
                    -0.07407712936401367
                ],
                [
                    -0.061437468975782394,
                    0.9607269167900085,
                    -0.2706087827682495
                ],
                [
                    0.05957259237766266,
                    0.27416718006134033,
                    0.9598350524902344
                ]
            ],
            [
                [
                    0.9789107441902161,
                    0.1920260488986969,
                    -0.06971229612827301
                ],
                [
                    -0.1762750893831253,
                    0.9664456844329834,
                    0.18684175610542297
                ],
                [
                    0.1032516285777092,
                    -0.17061284184455872,
                    0.9799134731292725
                ]
            ],
            [
                [
                    0.9775042533874512,
                    -0.18876907229423523,
                    0.09408336132764816
                ],
                [
                    0.17177653312683105,
                    0.9713539481163025,
                    0.16420844197273254
                ],
                [
                    -0.12238571047782898,
                    -0.14435313642024994,
                    0.9819287061691284
                ]
            ]
        ],
        "betas": [
            0.09250088036060333,
            -0.4191124141216278,
            -0.3026529848575592,
            0.0923529863357544,
            0.10346287488937378,
            -0.06196289509534836,
            0.044027477502822876,
            -0.010294973850250244,
            -0.06499850749969482,
            0.08238592743873596
        ]
    },
    "pred_cam_t": [
        0.0529063418507576,
        0.5429987907409668,
        18.572084426879883
    ],
    "focal_length": [
        5000.0,
        5000.0
    ],
    "pred_keypoints_3d": [
        [
            -0.01930776610970497,
            -0.8163837194442749,
            -0.2611137628555298
        ],
        [
            0.006284930743277073,
            -0.708050012588501,
            -0.09464016556739807
        ],
        [
            -0.17084389925003052,
            -0.6249529123306274,
            -0.011657923460006714
        ],
        [
            -0.25502270460128784,
            -0.4122020900249481,
            0.10238280892372131
        ],
        [
            -0.32819148898124695,
            -0.24455274641513824,
            -0.07685236632823944
        ],
        [
            0.18298225104808807,
            -0.5914918184280396,
            -0.10429149121046066
        ],
        [
            0.24357949197292328,
            -0.343258798122406,
            -0.04777142032980919
        ],
        [
            0.1403878778219223,
            -0.16233700513839722,
            -0.18725091218948364
        ],
        [
            -0.0018992633558809757,
            -0.2257421314716339,
            0.0306205153465271
        ],
        [
            -0.07669537514448166,
            -0.14041680097579956,
            0.04088888317346573
        ],
        [
            -0.26327937841415405,
            0.10588018596172333,
            -0.1839483082294464
        ],
        [
            -0.1756356954574585,
            0.23703016340732574,
            0.18350213766098022
        ],
        [
            0.06132768839597702,
            -0.12890097498893738,
            0.02711312845349312
        ],
        [
            0.14648094773292542,
            0.15095192193984985,
            -0.20611527562141418
        ],
        [
            0.1041502058506012,
            0.2595863938331604,
            0.17578727006912231
        ],
        [
            -0.053325287997722626,
            -0.8519060015678406,
            -0.22310394048690796
        ],
        [
            0.013722984120249748,
            -0.8582121729850769,
            -0.22905832529067993
        ],
        [
            -0.0854203850030899,
            -0.828047513961792,
            -0.12440456449985504
        ],
        [
            0.0629165917634964,
            -0.8419471383094788,
            -0.13961096107959747
        ],
        [
            0.14863473176956177,
            0.4243888854980469,
            0.07504326105117798
        ],
        [
            0.20283566415309906,
            0.3844558000564575,
            0.12569701671600342
        ],
        [
            0.10231419652700424,
            0.2323484718799591,
            0.23869037628173828
        ],
        [
            -0.254699170589447,
            0.39189478754997253,
            0.09005022048950195
        ],
        [
            -0.30156010389328003,
            0.34438493847846985,
            0.14740824699401855
        ],
        [
            -0.15229439735412598,
            0.2259540557861328,
            0.25165051221847534
        ],
        [
            -0.19737309217453003,
            0.18702733516693115,
            0.15867406129837036
        ],
        [
            -0.2452334612607956,
            0.07016072422266006,
            -0.16733543574810028
        ],
        [
            -0.14760345220565796,
            -0.26846516132354736,
            0.07602765411138535
        ],
        [
            0.1573059856891632,
            -0.23234306275844574,
            0.0529014877974987
        ],
        [
            0.15568864345550537,
            0.1256168633699417,
            -0.19377639889717102
        ],
        [
            0.11480126529932022,
            0.22028379142284393,
            0.15536493062973022
        ],
        [
            -0.3039163053035736,
            -0.26917970180511475,
            -0.08405233919620514
        ],
        [
            -0.2818054258823395,
            -0.4355085492134094,
            0.07801573723554611
        ],
        [
            -0.14148366451263428,
            -0.6559389233589172,
            -0.02750539593398571
        ],
        [
            0.16199460625648499,
            -0.6323510408401489,
            -0.1016562357544899
        ],
        [
            0.2546679973602295,
            -0.3652370572090149,
            -0.09231534600257874
        ],
        [
            0.14048972725868225,
            -0.18193431198596954,
            -0.19208821654319763
        ],
        [
            0.009163560345768929,
            -0.6965672969818115,
            -0.09298183768987656
        ],
        [
            -0.013030389323830605,
            -0.8895078301429749,
            -0.1450568437576294
        ],
        [
            0.005327367223799229,
            -0.2503511905670166,
            0.06361231207847595
        ],
        [
            0.00891563668847084,
            -0.6408092379570007,
            -0.0664825513958931
        ],
        [
            0.0157631728798151,
            -0.4841387867927551,
            0.012714083306491375
        ],
        [
            -0.0033204779028892517,
            -0.7841185927391052,
            -0.1847730576992035
        ],
        [
            -0.01826387085020542,
            -0.9081225395202637,
            -0.1335153579711914
        ]
    ],
    "pred_vertices": [
        [
            0.020703591406345367,
            -0.9033877849578857,
            -0.2273242026567459
        ],
        [
            0.01573917269706726,
            -0.8892879486083984,
            -0.23422205448150635
        ],
        [
            0.027810275554656982,
            -0.8861408233642578,
            -0.2268153578042984
        ],
        [
            0.03323886916041374,
            -0.896969199180603,
            -0.2169261872768402
        ],
        [
            0.024049269035458565,
            -0.877189040184021,
            -0.23244956135749817
        ],
        [
            0.013304133899509907,
            -0.8784719705581665,
            -0.23768392205238342
        ],
        [
            0.0363813154399395,
            -0.8800884485244751,
            -0.21759331226348877
        ],
        [
            0.04177704453468323,
            -0.8874792456626892,
            -0.2068447768688202
        ],
        [
            0.04670700058341026,
            -0.8448659181594849,
            -0.20877598226070404
        ],
        [
            0.051918357610702515,
            -0.8393128514289856,
            -0.19976061582565308
        ],
        [
            0.0502065047621727,
            -0.8515899181365967,
            -0.20120707154273987
        ],
        [
            0.04413995146751404,
            -0.8530313968658447,
            -0.20894823968410492
        ],
        [
            0.04758568853139877,
            -0.8188043236732483,
            -0.20733045041561127
        ],
        [
            0.04130364954471588,
            -0.8099212050437927,
            -0.21580854058265686
        ],
        [
            0.0450240857899189,
            -0.8002927303314209,
            -0.20697522163391113
        ],
        [
            0.04993072897195816,
            -0.8086905479431152,
            -0.19758906960487366
        ],
        [
            0.006011112593114376,
            -0.8234184980392456,
            -0.23598304390907288
        ],
        [
            0.011990479193627834,
            -0.8171026110649109,
            -0.23581433296203613
        ],
        [
            0.015382317826151848,
            -0.8239320516586304,
            -0.2345927655696869
        ],
        [
            0.008670741692185402,
            -0.8293970227241516,
            -0.23454917967319489
        ],
        [
            -0.004886887967586517,
            -0.832443356513977,
            -0.24064578115940094
        ],
        [
            -0.004028052091598511,
            -0.8376667499542236,
            -0.23684382438659668
        ],
        [
            -0.00955177005380392,
            -0.8416721224784851,
            -0.24133411049842834
        ],
        [
            -0.009621638804674149,
            -0.8358540534973145,
            -0.24629631638526917
        ],
        [
            0.001075776293873787,
            -0.8177623748779297,
            -0.23659643530845642
        ],
        [
            0.007381430361419916,
            -0.8113164901733398,
            -0.23581308126449585
        ],
        [
            0.0006424747407436371,
            -0.8288991451263428,
            -0.2367948442697525
        ],
        [
            -0.0012565795332193375,
            -0.8240280151367188,
            -0.2393491268157959
        ],
        [
            -0.004703768528997898,
            -0.8188875913619995,
            -0.2501128911972046
        ],
        [
            -0.0034303637221455574,
            -0.8235212564468384,
            -0.24823161959648132
        ],
        [
            -0.007479134015738964,
            -0.8251347541809082,
            -0.25496113300323486
        ],
        [
            -0.008324610069394112,
            -0.8193572163581848,
            -0.25465625524520874
        ],
        [
            -0.0010305540636181831,
            -0.8175603151321411,
            -0.24118810892105103
        ],
        [
            -0.0009253658354282379,
            -0.8207656145095825,
            -0.24368952214717865
        ],
        [
            -0.0033809319138526917,
            -0.8171364068984985,
            -0.24622029066085815
        ],
        [
            -0.004408091306686401,
            -0.8146345615386963,
            -0.24316702783107758
        ],
        [
            -0.005269644781947136,
            -0.828777551651001,
            -0.24396181106567383
        ],
        [
            -0.008955530822277069,
            -0.831018328666687,
            -0.2506103217601776
        ],
        [
            -0.013721811585128307,
            -0.8328993320465088,
            -0.25746676325798035
        ],
        [
            -0.01237967424094677,
            -0.8246707916259766,
            -0.2615225613117218
        ],
        [
            0.02421397715806961,
            -0.8037257194519043,
            -0.23070216178894043
        ],
        [
            0.018508464097976685,
            -0.8109447956085205,
            -0.23435643315315247
        ],
        [
            0.013795793056488037,
            -0.80543053150177,
            -0.23489990830421448
        ],
        [
            0.019110580906271935,
            -0.7999409437179565,
            -0.23249930143356323
        ],
        [
            -0.0025829989463090897,
            -0.8109903335571289,
            -0.24001860618591309
        ],
        [
            0.002244221977889538,
            -0.7949995994567871,
            -0.2415996938943863
        ],
        [
            0.0022180089727044106,
            -0.7989064455032349,
            -0.24157752096652985
        ],
        [
            -0.00426337867975235,
            -0.7996817827224731,
            -0.24521657824516296
        ],
        [
            -0.003616007976233959,
            -0.7960848808288574,
            -0.24505093693733215
        ],
        [
            0.030723918229341507,
            -0.7889308333396912,
            -0.2229737490415573
        ],
        [
            0.02495303750038147,
            -0.7877224683761597,
            -0.2273968607187271
        ],
        [
            0.026086600497364998,
            -0.7804450392723083,
            -0.22518248856067657
        ],
        [
            0.031259942799806595,
            -0.7800744771957397,
            -0.2196952998638153
        ],
        [
            0.024096079170703888,
            -0.7739381790161133,
            -0.22441503405570984
        ],
        [
            0.030699055641889572,
            -0.7714069485664368,
            -0.21688273549079895
        ],
        [
            0.02247978001832962,
            -0.756192684173584,
            -0.2167162448167801
        ],
        [
            0.026758238673210144,
            -0.7626998424530029,
            -0.21677592396736145
        ],
        [
            0.02060912363231182,
            -0.7678009867668152,
            -0.22493389248847961
        ],
        [
            0.01549229770898819,
            -0.7623053193092346,
            -0.2283053696155548
        ],
        [
            0.00266930740326643,
            -0.7672363519668579,
            -0.23641303181648254
        ],
        [
            -0.003404448740184307,
            -0.7656502723693848,
            -0.2392922341823578
        ],
        [
            0.002085339277982712,
            -0.7534362077713013,
            -0.23749342560768127
        ],
        [
            0.008568224497139454,
            -0.7568467855453491,
            -0.23358020186424255
        ],
        [
            0.0028329622000455856,
            -0.7892249822616577,
            -0.23762014508247375
        ],
        [
            0.006951749324798584,
            -0.7894526124000549,
            -0.23475971817970276
        ],
        [
            0.006971937604248524,
            -0.791111409664154,
            -0.23707376420497894
        ],
        [
            0.0025731008499860764,
            -0.7922069430351257,
            -0.2402213215827942
        ],
        [
            0.010555585846304893,
            -0.7893800735473633,
            -0.2329654097557068
        ],
        [
            0.012247411534190178,
            -0.7891665697097778,
            -0.2322281450033188
        ],
        [
            0.011904191225767136,
            -0.7905464768409729,
            -0.23342859745025635
        ],
        [
            0.0104832137003541,
            -0.7905153036117554,
            -0.23356953263282776
        ],
        [
            0.008492300286889076,
            -0.7900115251541138,
            -0.23421689867973328
        ],
        [
            0.00764082558453083,
            -0.7879791259765625,
            -0.23468172550201416
        ],
        [
            0.00974020641297102,
            -0.7885407209396362,
            -0.233539879322052
        ],
        [
            0.00393443088978529,
            -0.7870636582374573,
            -0.23748791217803955
        ],
        [
            -0.0092932702973485,
            -0.7835008502006531,
            -0.24525170028209686
        ],
        [
            -0.005230240523815155,
            -0.7847659587860107,
            -0.24386024475097656
        ],
        [
            -0.006839355453848839,
            -0.7890321016311646,
            -0.24286587536334991
        ],
        [
            -0.010456318967044353,
            -0.7881965637207031,
            -0.24401654303073883
        ],
        [
            0.009911175817251205,
            -0.7922511100769043,
            -0.2350592166185379
        ],
        [
            0.012478571385145187,
            -0.7941169142723083,
            -0.2346191108226776
        ],
        [
            0.008276106789708138,
            -0.7968268394470215,
            -0.2379527986049652
        ],
        [
            0.007395294960588217,
            -0.7939281463623047,
            -0.23743972182273865
        ],
        [
            0.01506077405065298,
            -0.7963472604751587,
            -0.2343907654285431
        ],
        [
            0.014103841967880726,
            -0.7919008731842041,
            -0.23283877968788147
        ],
        [
            0.01688579097390175,
            -0.7922775149345398,
            -0.23205111920833588
        ],
        [
            0.01184698287397623,
            -0.7873709201812744,
            -0.23234467208385468
        ],
        [
            0.014639940112829208,
            -0.7857565879821777,
            -0.23098069429397583
        ],
        [
            0.015010695904493332,
            -0.7885398864746094,
            -0.23189735412597656
        ],
        [
            0.01285670418292284,
            -0.7822645902633667,
            -0.23150086402893066
        ],
        [
            0.009390810504555702,
            -0.7852697372436523,
            -0.23340833187103271
        ],
        [
            0.00580684095621109,
            -0.7833116054534912,
            -0.236183762550354
        ],
        [
            0.001067006029188633,
            -0.7815481424331665,
            -0.23969145119190216
        ],
        [
            0.004066388122737408,
            -0.7765671014785767,
            -0.236937016248703
        ],
        [
            0.009113503620028496,
            -0.779075562953949,
            -0.23376883566379547
        ],
        [
            0.010011564008891582,
            -0.8003430366516113,
            -0.23685339093208313
        ],
        [
            0.019325539469718933,
            -0.7881222367286682,
            -0.22993449866771698
        ],
        [
            0.022341404110193253,
            -0.7948980331420898,
            -0.22952978312969208
        ],
        [
            0.019552845507860184,
            -0.783150315284729,
            -0.22903797030448914
        ],
        [
            0.017748598009347916,
            -0.7783174514770508,
            -0.22882483899593353
        ],
        [
            0.013941488228738308,
            -0.7734607458114624,
            -0.2303815633058548
        ],
        [
            0.00852439645677805,
            -0.7702480554580688,
            -0.23336800932884216
        ],
        [
            0.00527210533618927,
            -0.7442686557769775,
            -0.22551649808883667
        ],
        [
            0.013467038981616497,
            -0.7491564750671387,
            -0.2218676507472992
        ],
        [
            0.011934912763535976,
            -0.8713616132736206,
            -0.23513197898864746
        ],
        [
            0.02076294645667076,
            -0.8708890676498413,
            -0.23299118876457214
        ],
        [
            0.022195156663656235,
            -0.8630414009094238,
            -0.22878611087799072
        ],
        [
            0.02400929108262062,
            -0.8661401271820068,
            -0.2286672294139862
        ],
        [
            0.018188301473855972,
            -0.8664289712905884,
            -0.23163431882858276
        ],
        [
            0.017934525385499,
            -0.8638391494750977,
            -0.2309531718492508
        ],
        [
            0.037287261337041855,
            -0.8558634519577026,
            -0.21403922140598297
        ],
        [
            0.032022491097450256,
            -0.8577450513839722,
            -0.2183869630098343
        ],
        [
            0.03252489119768143,
            -0.8536041975021362,
            -0.21684983372688293
        ],
        [
            0.03934858739376068,
            -0.8490738868713379,
            -0.2134436070919037
        ],
        [
            0.025305073708295822,
            -0.8458369374275208,
            -0.22437834739685059
        ],
        [
            0.029639262706041336,
            -0.8470834493637085,
            -0.22096146643161774
        ],
        [
            0.025294333696365356,
            -0.8541063070297241,
            -0.22350944578647614
        ],
        [
            0.022038323804736137,
            -0.8532085418701172,
            -0.22589793801307678
        ],
        [
            0.018270066007971764,
            -0.8525758385658264,
            -0.22787988185882568
        ],
        [
            0.013927982188761234,
            -0.8521000146865845,
            -0.22883360087871552
        ],
        [
            0.014672448858618736,
            -0.8468707799911499,
            -0.22860461473464966
        ],
        [
            0.019944246858358383,
            -0.8461785912513733,
            -0.22701850533485413
        ],
        [
            0.011576764285564423,
            -0.86765456199646,
            -0.2325475811958313
        ],
        [
            0.00442166905850172,
            -0.8661402463912964,
            -0.23196257650852203
        ],
        [
            0.006060091778635979,
            -0.863408625125885,
            -0.23157912492752075
        ],
        [
            0.012091599404811859,
            -0.864464521408081,
            -0.23234309256076813
        ],
        [
            -0.0032288525253534317,
            -0.8558216094970703,
            -0.22673791646957397
        ],
        [
            -0.0022639650851488113,
            -0.8584051132202148,
            -0.22760425508022308
        ],
        [
            -0.0059556299820542336,
            -0.8596361875534058,
            -0.22861573100090027
        ],
        [
            -0.006430760025978088,
            -0.8550612926483154,
            -0.22799770534038544
        ],
        [
            -0.0039656274020671844,
            -0.8522188663482666,
            -0.22839133441448212
        ],
        [
            -0.0018604323267936707,
            -0.8543269038200378,
            -0.22740121185779572
        ],
        [
            0.010012117214500904,
            -0.9246174693107605,
            -0.22415369749069214
        ],
        [
            0.005920697003602982,
            -0.9073549509048462,
            -0.2330256700515747
        ],
        [
            0.02610360085964203,
            -0.918028712272644,
            -0.2121502161026001
        ],
        [
            0.0376475527882576,
            -0.9082858562469482,
            -0.20230431854724884
        ],
        [
            0.04699260741472244,
            -0.8948205709457397,
            -0.1942969709634781
        ],
        [
            0.03794582188129425,
            -0.7933973073959351,
            -0.2158837616443634
        ],
        [
            0.04006999731063843,
            -0.7840982675552368,
            -0.21013209223747253
        ],
        [
            0.0480126217007637,
            -0.7911533117294312,
            -0.19811931252479553
        ],
        [
            0.04663248360157013,
            -0.7803049087524414,
            -0.19365641474723816
        ],
        [
            0.03894593566656113,
            -0.7729033827781677,
            -0.20669491589069366
        ],
        [
            0.02579624578356743,
            -0.7527897357940674,
            -0.20305129885673523
        ],
        [
            0.0341109037399292,
            -0.7617225646972656,
            -0.20444700121879578
        ],
        [
            0.04246923327445984,
            -0.7693899869918823,
            -0.18807251751422882
        ],
        [
            0.05000222101807594,
            -0.7821358442306519,
            -0.17313392460346222
        ],
        [
            0.05210172384977341,
            -0.7892730236053467,
            -0.18110451102256775
        ],
        [
            0.0543876513838768,
            -0.7973059415817261,
            -0.1605290174484253
        ],
        [
            0.04613242298364639,
            -0.77353835105896,
            -0.16109423339366913
        ],
        [
            0.05181846022605896,
            -0.7961047887802124,
            -0.15183588862419128
        ],
        [
            0.032958343625068665,
            -0.7340316772460938,
            -0.16154125332832336
        ],
        [
            0.036860391497612,
            -0.7212892770767212,
            -0.15653175115585327
        ],
        [
            0.05033903941512108,
            -0.7310364246368408,
            -0.14678412675857544
        ],
        [
            0.04661523550748825,
            -0.7430427670478821,
            -0.15096141397953033
        ],
        [
            0.05244644358754158,
            -0.7987792491912842,
            -0.18866917490959167
        ],
        [
            0.051317013800144196,
            -0.8629265427589417,
            -0.19325269758701324
        ],
        [
            0.047185882925987244,
            -0.8622274994850159,
            -0.20434212684631348
        ],
        [
            0.054056696593761444,
            -0.8493887186050415,
            -0.19025486707687378
        ],
        [
            0.05001872777938843,
            -0.9212926030158997,
            -0.17086461186408997
        ],
        [
            0.04417068511247635,
            -0.917444109916687,
            -0.18809059262275696
        ],
        [
            0.052203550934791565,
            -0.9017261266708374,
            -0.1821947693824768
        ],
        [
            0.05709710717201233,
            -0.9079210162162781,
            -0.16648276150226593
        ],
        [
            0.019336501136422157,
            -0.9537019729614258,
            -0.1765815168619156
        ],
        [
            0.016376566141843796,
            -0.9427086114883423,
            -0.2014532834291458
        ],
        [
            0.029106898233294487,
            -0.9314086437225342,
            -0.19517554342746735
        ],
        [
            0.03396725282073021,
            -0.9400878548622131,
            -0.17515403032302856
        ],
        [
            0.059489745646715164,
            -0.9088644981384277,
            -0.1532711535692215
        ],
        [
            0.061063844710588455,
            -0.9094305038452148,
            -0.13414648175239563
        ],
        [
            0.05654395744204521,
            -0.9248634576797485,
            -0.1267322450876236
        ],
        [
            0.05270202457904816,
            -0.9254313111305237,
            -0.14954428374767303
        ],
        [
            0.043045513331890106,
            -0.9434510469436646,
            -0.11857904493808746
        ],
        [
            0.039527565240859985,
            -0.9454349875450134,
            -0.14596551656723022
        ],
        [
            0.05149184167385101,
            -0.7824692130088806,
            -0.14126814901828766
        ],
        [
            0.05238717794418335,
            -0.8010238409042358,
            -0.13859325647354126
        ],
        [
            0.04273529350757599,
            -0.7573996782302856,
            -0.15719975531101227
        ],
        [
            0.052135009318590164,
            -0.7663158178329468,
            -0.14198926091194153
        ],
        [
            0.02485274150967598,
            -0.9569872617721558,
            -0.11221392452716827
        ],
        [
            0.020723598077893257,
            -0.9606066346168518,
            -0.1440432369709015
        ],
        [
            0.05454210191965103,
            -0.885303795337677,
            -0.08492211252450943
        ],
        [
            0.05592348426580429,
            -0.9031457304954529,
            -0.09228916466236115
        ],
        [
            0.06177885830402374,
            -0.8914623260498047,
            -0.10915450751781464
        ],
        [
            0.06078146770596504,
