{
    "pred_cam": [
        1.5826873779296875,
        -0.03275752067565918,
        0.36523565649986267
    ],
    "pred_smpl_params": {
        "global_orient": [
            [
                [
                    -0.9834786653518677,
                    -0.03578346222639084,
                    0.1774522066116333
                ],
                [
                    0.027948185801506042,
                    -0.9985291361808777,
                    -0.04645974561572075
                ],
                [
                    0.17885367572307587,
                    -0.04073270037770271,
                    0.9830321669578552
                ]
            ]
        ],
        "body_pose": [
            [
                [
                    0.9925065040588379,
                    -0.08959726989269257,
                    0.08308564871549606
                ],
                [
                    0.08378395438194275,
                    0.9939512014389038,
                    0.07100129872560501
                ],
                [
                    -0.08894460648298264,
                    -0.06350800395011902,
                    0.9940098524093628
                ]
            ],
            [
                [
                    0.991736888885498,
                    0.12782204151153564,
                    0.010932669043540955
                ],
                [
                    -0.12805472314357758,
                    0.981181263923645,
                    0.14451691508293152
                ],
                [
                    0.007745520677417517,
                    -0.14472272992134094,
                    0.9894418716430664
                ]
            ],
            [
                [
                    0.9982271194458008,
                    -0.0281214639544487,
                    -0.05245833843946457
                ],
                [
                    0.019002098590135574,
                    0.9857960939407349,
                    -0.16686806082725525
                ],
                [
                    0.05640580132603645,
                    0.16557538509368896,
                    0.984582781791687
                ]
            ],
            [
                [
                    0.9864851236343384,
                    0.07056903839111328,
                    -0.1478753387928009
                ],
                [
                    -0.1491469144821167,
                    0.7604100704193115,
                    -0.6320851445198059
                ],
                [
                    0.06784027814865112,
                    0.6455977559089661,
                    0.7606583833694458
                ]
            ],
            [
                [
                    0.9803867340087891,
                    0.02196606807410717,
                    0.19585521519184113
                ],
                [
                    0.11146505922079086,
                    0.7577592134475708,
                    -0.6429436802864075
                ],
                [
                    -0.16253402829170227,
                    0.6521645188331604,
                    0.7404486536979675
                ]
            ],
            [
                [
                    0.9995619654655457,
                    -0.02790648117661476,
                    -0.009853892959654331
                ],
                [
                    0.02854039892554283,
                    0.9970350861549377,
                    0.07145974785089493
                ],
                [
                    0.007830486632883549,
                    -0.07170967757701874,
                    0.9973948001861572
                ]
            ],
            [
                [
                    0.9769630432128906,
                    0.002991095185279846,
                    0.21338757872581482
                ],
                [
                    -0.03687545284628868,
                    0.9872274398803711,
                    0.1549905687570572
                ],
                [
                    -0.2101985067129135,
                    -0.15928882360458374,
                    0.9645950198173523
                ]
            ],
            [
                [
                    0.9758981466293335,
                    -0.040730539709329605,
                    -0.21439193189144135
                ],
                [
                    0.06192004308104515,
                    0.9937328100204468,
                    0.09306500852108002
                ],
                [
                    0.20925769209861755,
                    -0.10409712046384811,
                    0.9723040461540222
                ]
            ],
            [
                [
                    0.9995784759521484,
                    -0.009693924337625504,
                    -0.02736680954694748
                ],
                [
                    0.007316407281905413,
                    0.9962960481643677,
                    -0.08567667752504349
                ],
                [
                    0.028095992282032967,
                    0.08544033020734787,
                    0.995947003364563
                ]
            ],
            [
                [
                    0.9957994222640991,
                    -0.09131087362766266,
                    -0.006771652959287167
                ],
                [
                    0.0914185494184494,
                    0.9873875379562378,
                    0.1292615681886673
                ],
                [
                    -0.005116742104291916,
                    -0.12933765351772308,
                    0.9915874600410461
                ]
            ],
            [
                [
                    0.9907949566841125,
                    0.13110403716564178,
                    0.03372060880064964
                ],
                [
                    -0.13439665734767914,
                    0.9824909567832947,
                    0.12903131544589996
                ],
                [
                    -0.016213668510317802,
                    -0.13237552344799042,
                    0.9910670518875122
                ]
            ],
            [
                [
                    0.9867180585861206,
                    0.013627265579998493,
                    -0.16186940670013428
                ],
                [
                    -0.015264998190104961,
                    0.9998440742492676,
                    -0.00887820404022932
                ],
                [
                    0.16172318160533905,
                    0.01123122125864029,
                    0.9867722392082214
                ]
            ],
            [
                [
                    0.9759429693222046,
                    0.19461122155189514,
                    0.0982949361205101
                ],
                [
                    -0.190940722823143,
                    0.9805439710617065,
                    -0.0455530509352684
                ],
                [
                    -0.10524765402078629,
                    0.025688666850328445,
                    0.9941142201423645
                ]
            ],
            [
                [
                    0.9844809770584106,
                    -0.17437118291854858,
                    -0.019796917214989662
                ],
                [
                    0.1743735373020172,
                    0.9846782088279724,
                    -0.0016203385312110186
                ],
                [
                    0.019776133820414543,
                    -0.0018568660598248243,
                    0.9998027086257935
                ]
            ],
            [
                [
                    0.9913961291313171,
                    -0.06260944902896881,
                    -0.1149509847164154
                ],
                [
                    0.050206735730171204,
                    0.9929052591323853,
                    -0.10778921842575073
                ],
                [
                    0.12088405340909958,
                    0.10109050571918488,
                    0.9875058531761169
                ]
            ],
            [
                [
                    0.5642258524894714,
                    0.8180449604988098,
                    -0.11158706992864609
                ],
                [
                    -0.8229895830154419,
                    0.5680484771728516,
                    0.003021640470251441
                ],
                [
                    0.06585869938135147,
                    0.09013010561466217,
                    0.9937501549720764
                ]
            ],
            [
                [
                    0.6550875902175903,
                    -0.72308349609375,
                    0.21911293268203735
                ],
                [
                    0.7406033277511597,
                    0.6719348430633545,
                    0.0032172349747270346
                ],
                [
                    -0.14955593645572662,
                    0.16016818583011627,
                    0.9756942391395569
                ]
            ],
            [
                [
                    0.8145408630371094,
                    -0.22062066197395325,
                    -0.5365161895751953
                ],
                [
                    0.19433148205280304,
                    0.9751946330070496,
                    -0.10597468167543411
                ],
                [
                    0.5465879440307617,
                    -0.017941288650035858,
                    0.8372094035148621
                ]
            ],
            [
                [
                    0.8657644987106323,
                    0.11641097068786621,
                    0.4867240786552429
                ],
                [
                    -0.055481262505054474,
                    0.9889007806777954,
                    -0.13783001899719238
                ],
                [
                    -0.497366726398468,
                    0.09232427179813385,
                    0.8626137971878052
                ]
            ],
            [
                [
                    0.9982057213783264,
                    -0.04519025236368179,
                    0.039284273982048035
                ],
                [
                    0.04497688263654709,
                    0.9989681839942932,
                    0.00629880465567112
                ],
                [
                    -0.03952838107943535,
                    -0.0045206183567643166,
                    0.9992082715034485
                ]
            ],
            [
                [
                    0.9985858798027039,
                    0.03771749138832092,
                    -0.037466179579496384
                ],
                [
                    -0.039811186492443085,
                    0.9975913166999817,
                    -0.05680432915687561
                ],
                [
                    0.03523341566324234,
                    0.05821556970477104,
                    0.9976821541786194
                ]
            ],
            [
                [
                    0.9735822677612305,
                    0.21528175473213196,
                    -0.07610023766756058
                ],
                [
                    -0.2010560929775238,
                    0.966227114200592,
                    0.1611878126859665
                ],
                [
                    0.10823091864585876,
                    -0.1416291892528534,
                    0.9839853048324585
                ]
            ],
            [
                [
                    0.9791537523269653,
                    -0.19460801780223846,
                    0.05818527564406395
                ],
                [
                    0.18068361282348633,
                    0.9653659462928772,
                    0.18820743262767792
                ],
                [
                    -0.09279675781726837,
                    -0.17377090454101562,
                    0.9804041385650635
                ]
            ]
        ],
        "betas": [
            -0.2211100161075592,
            0.2041095346212387,
            0.45075514912605286,
            0.031334877014160156,
            0.06766688823699951,
            0.11279728263616562,
            0.048571497201919556,
            -0.1819080412387848,
            0.08926143497228622,
            -0.13128891587257385
        ]
    },
    "pred_cam_t": [
        -0.03275752067565918,
        0.36523565649986267,
        24.681121826171875
    ],
    "focal_length": [
        5000.0,
        5000.0
    ],
    "pred_keypoints_3d": [
        [
            0.08461000770330429,
            -0.8206573724746704,
            0.17474786937236786
        ],
        [
            0.001219731755554676,
            -0.7310040593147278,
            0.026314400136470795
        ],
        [
            0.16218331456184387,
            -0.6486585140228271,
            -0.03601618856191635
        ],
        [
            0.26994624733924866,
            -0.4270988702774048,
            -0.08428090065717697
        ],
        [
            0.404274046421051,
            -0.23725363612174988,
            0.01100131869316101
        ],
        [
            -0.1697096824645996,
            -0.658747136592865,
            0.05671336129307747
        ],
        [
            -0.279777467250824,
            -0.4286467432975769,
            0.02239130809903145
        ],
        [
            -0.37894734740257263,
            -0.25403228402137756,
            0.16241267323493958
        ],
        [
            -0.0016219960525631905,
            -0.22255313396453857,
            0.026800794526934624
        ],
        [
            0.06722070276737213,
            -0.1338304579257965,
            0.013219802640378475
        ],
        [
            0.17316661775112152,
            0.22947093844413757,
            0.058284908533096313
        ],
        [
            0.1787710040807724,
            0.5448811054229736,
            -0.18002931773662567
        ],
        [
            -0.06830207258462906,
            -0.12896278500556946,
            0.035141073167324066
        ],
        [
            -0.11732038855552673,
            0.23870211839675903,
            0.07781186699867249
        ],
        [
            -0.12090806663036346,
            0.54026198387146,
            -0.17745736241340637
        ],
        [
            0.09853267669677734,
            -0.8630443811416626,
            0.13239212334156036
        ],
        [
            0.043973617255687714,
            -0.8652788400650024,
            0.16944634914398193
        ],
        [
            0.08005577325820923,
            -0.8574826121330261,
            0.03183387964963913
        ],
        [
            -0.04054272547364235,
            -0.8629281520843506,
            0.1118411272764206
        ],
        [
            -0.12034241855144501,
            0.668677806854248,
            -0.026447802782058716
        ],
        [
            -0.18543186783790588,
            0.653551459312439,
            -0.07431522011756897
        ],
        [
            -0.13113194704055786,
            0.5460485219955444,
            -0.24691590666770935
        ],
        [
            0.2134855091571808,
            0.666826605796814,
            -0.02989935874938965
        ],
        [
            0.2742718458175659,
            0.6455782055854797,
            -0.08640515804290771
        ],
        [
            0.1758289933204651,
            0.5610942840576172,
            -0.2521093785762787
        ],
        [
            0.19238707423210144,
            0.4883571267127991,
            -0.18170671164989471
        ],
        [
            0.16172786056995392,
            0.17107348144054413,
            0.06110178306698799
        ],
        [
            0.13870321214199066,
            -0.2575404644012451,
            -0.010607341304421425
        ],
        [
            -0.1497201919555664,
            -0.23387524485588074,
            0.02998415380716324
        ],
        [
            -0.12686371803283691,
            0.19966328144073486,
            0.08194223046302795
        ],
        [
            -0.13085497915744781,
            0.49934878945350647,
            -0.18139155209064484
        ],
        [
            0.38986384868621826,
            -0.2611303925514221,
            0.032937727868556976
        ],
        [
            0.2949618101119995,
            -0.4558256268501282,
            -0.07197050750255585
        ],
        [
            0.13312643766403198,
            -0.6763578653335571,
            -0.02621787041425705
        ],
        [
            -0.14041712880134583,
            -0.68386310338974,
            0.048190757632255554
        ],
        [
            -0.30095720291137695,
            -0.46392232179641724,
            0.05308371037244797
        ],
        [
            -0.37549546360969543,
            -0.27372241020202637,
            0.16764365136623383
        ],
        [
            -0.0007112356834113598,
            -0.731779932975769,
            0.028748907148838043
        ],
        [
            0.029258200898766518,
            -0.9109140634536743,
            0.08928574621677399
        ],
        [
            -0.005927662365138531,
            -0.24593745172023773,
            0.01000350434333086
        ],
        [
            -0.0030360743403434753,
            -0.6774358749389648,
            0.014823381789028645
        ],
        [
            -0.011872436851263046,
            -0.49069473147392273,
            -0.001072772778570652
        ],
        [
            0.03648412972688675,
            -0.801833987236023,
            0.11465747654438019
        ],
        [
            0.03015284799039364,
            -0.9305771589279175,
            0.0806252509355545
        ]
    ],
    "pred_vertices": [
        [
            0.037671077996492386,
            -0.9125047922134399,
            0.17865796387195587
        ],
        [
            0.044934459030628204,
            -0.8973244428634644,
            0.1795913279056549
        ],
        [
            0.030878946185112,
            -0.8948464393615723,
            0.17835241556167603
        ],
        [
            0.021764269098639488,
            -0.9066028594970703,
            0.17435607314109802
        ],
        [
            0.03655309975147247,
            -0.8851157426834106,
            0.18025779724121094
        ],
        [
            0.0484999381005764,
            -0.8855633735656738,
            0.18065893650054932
        ],
        [
            0.019193988293409348,
            -0.8899326324462891,
            0.1729520559310913
        ],
        [
            0.00982331857085228,
            -0.8981257677078247,
            0.16729585826396942
        ],
        [
            0.006122690625488758,
            -0.8557358980178833,
            0.16435016691684723
        ],
        [
            -0.0025532906875014305,
            -0.852097749710083,
            0.15821507573127747
        ],
        [
            -0.0010279826819896698,
            -0.8639026880264282,
            0.16016247868537903
        ],
        [
            0.008036606013774872,
            -0.8643378019332886,
            0.1650582253932953
        ],
        [
            0.0028990488499403,
            -0.830065131187439,
            0.15932825207710266
        ],
        [
            0.01167407725006342,
            -0.8200660347938538,
            0.1625688225030899
        ],
        [
            0.00387487281113863,
            -0.8119360208511353,
            0.1549071967601776
        ],
        [
            -0.004324841778725386,
            -0.8214942216873169,
            0.1503533571958542
        ],
        [
            0.05250305309891701,
            -0.830901026725769,
            0.16568952798843384
        ],
        [
            0.046792902052402496,
            -0.824681282043457,
            0.16739094257354736
        ],
        [
            0.04364096373319626,
            -0.8315026164054871,
            0.16921882331371307
        ],
        [
            0.049723416566848755,
            -0.8369353413581848,
            0.1667497158050537
        ],
        [
            0.06399602442979813,
            -0.8396210670471191,
            0.16628295183181763
        ],
        [
            0.06180299445986748,
            -0.8453673124313354,
            0.16437175869941711
        ],
        [
            0.06875959038734436,
            -0.8486559391021729,
            0.1662246137857437
        ],
        [
            0.07073265314102173,
            -0.8421379327774048,
            0.16941329836845398
        ],
        [
            0.056626394391059875,
            -0.8255391120910645,
            0.16230273246765137
        ],
        [
            0.05033159628510475,
            -0.8191602230072021,
            0.16391092538833618
        ],
        [
            0.05772392824292183,
            -0.8362199068069458,
            0.16469022631645203
        ],
        [
            0.059939682483673096,
            -0.8314535617828369,
            0.16522637009620667
        ],
        [
            0.06736354529857635,
            -0.8245247602462769,
            0.17179808020591736
        ],
        [
            0.06570786237716675,
            -0.8293425440788269,
            0.17165148258209229
        ],
        [
            0.07217897474765778,
            -0.8298346400260925,
            0.17568166553974152
        ],
        [
            0.07242567837238312,
            -0.8243973255157471,
            0.1741544008255005
        ],
        [
            0.06015976518392563,
            -0.8246914148330688,
            0.16545049846172333
        ],
        [
            0.06144038960337639,
            -0.8273221254348755,
            0.16827329993247986
        ],
        [
            0.06433521211147308,
            -0.8233480453491211,
            0.16873277723789215
        ],
        [
            0.06361003965139389,
            -0.8214409351348877,
            0.1651606261730194
        ],
        [
            0.06568275392055511,
            -0.8351017236709595,
            0.1680164635181427
        ],
        [
            0.0718928724527359,
            -0.8363802433013916,
            0.17240215837955475
        ],
        [
            0.07887513935565948,
            -0.8371742367744446,
            0.176334947347641
        ],
        [
            0.07912874221801758,
            -0.8287009596824646,
            0.17926329374313354
        ],
        [
            0.032930515706539154,
            -0.8122278451919556,
            0.16655385494232178
        ],
        [
            0.04008083790540695,
            -0.8185262680053711,
            0.168158620595932
        ],
        [
            0.04396803677082062,
            -0.8134934902191162,
            0.16519322991371155
        ],
        [
            0.037951864302158356,
            -0.8084304332733154,
            0.16483531892299652
        ],
        [
            0.060496922582387924,
            -0.8188018798828125,
            0.16268333792686462
        ],
        [
            0.055847395211458206,
            -0.8033660650253296,
            0.16363894939422607
        ],
        [
            0.0561051145195961,
            -0.8070632815361023,
            0.1642446219921112
        ],
        [
            0.06330006569623947,
            -0.8074029684066772,
            0.16444507241249084
        ],
        [
            0.06245255097746849,
            -0.8039767742156982,
            0.16414327919483185
        ],
        [
            0.022839514538645744,
            -0.7989745140075684,
            0.16036169230937958
        ],
        [
            0.029907820746302605,
            -0.7973416447639465,
            0.16117194294929504
        ],
        [
            0.027529442682862282,
            -0.7908586859703064,
            0.15848290920257568
        ],
        [
            0.020178252831101418,
            -0.7912219762802124,
            0.15620072185993195
        ],
        [
            0.028371475636959076,
            -0.7852224111557007,
            0.15594026446342468
        ],
        [
            0.018832674250006676,
            -0.7836875319480896,
            0.15206694602966309
        ],
        [
            0.025086408481001854,
            -0.7696378231048584,
            0.14626771211624146
        ],
        [
            0.021566299721598625,
            -0.7758983969688416,
            0.1489107757806778
        ],
        [
            0.031322281807661057,
            -0.7796311378479004,
            0.1538299322128296
        ],
        [
            0.03690705448389053,
            -0.7742441296577454,
            0.15335802733898163
        ],
        [
            0.05182337015867233,
            -0.77781081199646,
            0.1548575907945633
        ],
        [
            0.05796663835644722,
            -0.7761212587356567,
            0.1540655791759491
        ],
        [
            0.051843948662281036,
            -0.7646154165267944,
            0.15371882915496826
        ],
        [
            0.04479321464896202,
            -0.7685436606407166,
            0.15380695462226868
        ],
        [
            0.05354846641421318,
            -0.7981746196746826,
            0.15916326642036438
        ],
        [
            0.048828281462192535,
            -0.7986440658569336,
            0.1587064266204834
        ],
        [
            0.04988633841276169,
            -0.799877941608429,
            0.16095542907714844
        ],
        [
            0.05509157106280327,
            -0.8004895448684692,
            0.16184276342391968
        ],
        [
            0.044836949557065964,
            -0.7987079620361328,
            0.15887558460235596
        ],
        [
            0.04307819902896881,
            -0.7985541820526123,
            0.15908479690551758
        ],
        [
            0.043980672955513,
            -0.7996703386306763,
            0.16016295552253723
        ],
        [
            0.04534781351685524,
            -0.7993917465209961,
            0.15942122042179108
        ],
        [
            0.04723675921559334,
            -0.7989431023597717,
            0.15888530015945435
        ],
        [
            0.04811742156744003,
            -0.7970262169837952,
            0.15851059556007385
        ],
        [
            0.04574053734540939,
            -0.7978887557983398,
            0.15872278809547424
        ],
        [
            0.052417196333408356,
            -0.795835018157959,
            0.15909427404403687
        ],
        [
            0.06649881601333618,
            -0.7922079563140869,
            0.15961050987243652
        ],
        [
            0.06277772784233093,
            -0.7930818200111389,
            0.16020342707633972
        ],
        [
            0.06395826488733292,
            -0.797408938407898,
            0.15907293558120728
        ],
        [
            0.0670958086848259,
            -0.796985387802124,
            0.1585722267627716
        ],
        [
            0.0463482141494751,
            -0.8011764287948608,
            0.16107754409313202
        ],
        [
            0.0442955382168293,
            -0.8028914332389832,
            0.1620425283908844
        ],
        [
            0.04940276965498924,
            -0.805122971534729,
            0.16330260038375854
        ],
        [
            0.04983621463179588,
            -0.8024612665176392,
            0.1619466245174408
        ],
        [
            0.04210048168897629,
            -0.8048767447471619,
            0.1635473519563675
        ],
        [
            0.04188733547925949,
            -0.8009529113769531,
            0.1609293669462204
        ],
        [
            0.03885357826948166,
            -0.8016796112060547,
            0.16220667958259583
        ],
        [
            0.0433572493493557,
            -0.7968724966049194,
            0.1585666835308075
        ],
        [
            0.04018916189670563,
            -0.7954246997833252,
            0.15860646963119507
        ],
        [
            0.04045988619327545,
            -0.7978948950767517,
            0.1600414216518402
        ],
        [
            0.04180872440338135,
            -0.7922360897064209,
            0.15757369995117188
        ],
        [
            0.04579484090209007,
            -0.7948833703994751,
            0.1580689549446106
        ],
        [
            0.04996626079082489,
            -0.7927474975585938,
            0.1585029661655426
        ],
        [
            0.05542183294892311,
            -0.7906416058540344,
            0.15918958187103271
        ],
        [
            0.05137008801102638,
            -0.7863579988479614,
            0.15737684071063995
        ],
        [
            0.0458083413541317,
            -0.7890632152557373,
            0.1573755443096161
        ],
        [
            0.047495484352111816,
            -0.8088927865028381,
            0.16416692733764648
        ],
        [
            0.03590653836727142,
            -0.7975375652313232,
            0.16059385240077972
        ],
        [
            0.03358476608991623,
            -0.803798496723175,
            0.16308867931365967
        ],
        [
            0.03499773144721985,
            -0.7930015325546265,
            0.15905249118804932
        ],
        [
            0.03616923838853836,
            -0.7886592149734497,
            0.1572476327419281
        ],
        [
            0.03984025865793228,
            -0.7845408916473389,
            0.15595181286334991
        ],
        [
            0.04561571031808853,
            -0.7808821201324463,
            0.15550589561462402
        ],
        [
            0.04304954409599304,
            -0.7573261260986328,
            0.14471447467803955
        ],
        [
            0.03463118523359299,
            -0.7626705169677734,
            0.14588934183120728
        ],
        [
            0.048544179648160934,
            -0.8782645463943481,
            0.17675429582595825
        ],
        [
            0.03961437940597534,
            -0.8778223991394043,
            0.17885836958885193
        ],
        [
            0.036160897463560104,
            -0.8706176280975342,
            0.17426612973213196
        ],
        [
            0.03497915342450142,
            -0.8732038736343384,
            0.17517103254795074
        ],
        [
            0.04099123179912567,
            -0.8739153742790222,
            0.17546388506889343
        ],
        [
            0.04090450704097748,
            -0.8711345195770264,
            0.17441993951797485
        ],
        [
            0.016390373930335045,
            -0.8654811978340149,
            0.167347252368927
        ],
        [
            0.02289622835814953,
            -0.8665066361427307,
            0.16914287209510803
        ],
        [
            0.021568594500422478,
            -0.8629636764526367,
            0.1676439642906189
        ],
        [
            0.014114493504166603,
            -0.8590832948684692,
            0.16694477200508118
        ],
        [
            0.03089757263660431,
            -0.8545435070991516,
            0.16907113790512085
        ],
        [
            0.025736132636666298,
            -0.856263279914856,
            0.16858643293380737
        ],
        [
            0.030895425006747246,
            -0.862443208694458,
            0.1695299744606018
        ],
        [
            0.034657299518585205,
            -0.8611922264099121,
            0.16999396681785583
        ],
        [
            0.038852766156196594,
            -0.8603628277778625,
            0.16989916563034058
        ],
        [
            0.043091170489788055,
            -0.8600769639015198,
            0.16881504654884338
        ],
        [
            0.04211946204304695,
            -0.8548838496208191,
            0.16793781518936157
        ],
        [
            0.036785535514354706,
            -0.8543349504470825,
            0.1688864529132843
        ],
        [
            0.04745907709002495,
            -0.8746481537818909,
            0.1734071671962738
        ],
        [
            0.05341924726963043,
            -0.8736718893051147,
            0.16934746503829956
        ],
        [
            0.051674362272024155,
            -0.8707916736602783,
            0.16925278306007385
        ],
        [
            0.04679252207279205,
            -0.8714354038238525,
            0.17306190729141235
        ],
        [
            0.05716368183493614,
            -0.8646222949028015,
            0.15894430875778198
        ],
        [
            0.05691773444414139,
            -0.8669548034667969,
            0.16079393029212952
        ],
        [
            0.060602009296417236,
            -0.8681532144546509,
            0.16016021370887756
        ],
        [
            0.06052268296480179,
            -0.8637998700141907,
            0.15842631459236145
        ],
        [
            0.058324456214904785,
            -0.8608610033988953,
            0.15928885340690613
        ],
        [
            0.056091856211423874,
            -0.8629755973815918,
            0.1597253680229187
        ],
        [
            0.045891985297203064,
            -0.9338058829307556,
            0.17422984540462494
        ],
        [
            0.05329589173197746,
            -0.9157674312591553,
            0.1781892627477646
        ],
        [
            0.026250656694173813,
            -0.9280511140823364,
            0.17171001434326172
        ],
        [
            0.011282941326498985,
            -0.9189283847808838,
            0.16634100675582886
        ],
        [
            -0.0004936885088682175,
            -0.906753659248352,
            0.16032391786575317
        ],
        [
            0.013581454753875732,
            -0.804105281829834,
            0.15825849771499634
        ],
        [
            0.008586612530052662,
            -0.7958976030349731,
            0.1527690589427948
        ],
        [
            -0.003203371074050665,
            -0.8044297695159912,
            0.14692950248718262
        ],
        [
            -0.0051117632538080215,
            -0.7947756052017212,
            0.14039663970470428
        ],
        [
            0.007181613240391016,
            -0.7861983776092529,
            0.14713367819786072
        ],
        [
            0.014996271580457687,
            -0.7681639194488525,
            0.13597118854522705
        ],
        [
            0.00919799879193306,
            -0.7763352990150452,
            0.14141076803207397
        ],
        [
            -0.00457378663122654,
            -0.7857507467269897,
            0.13152910768985748
        ],
        [
            -0.017117541283369064,
            -0.7994216084480286,
            0.12335465848445892
        ],
        [
            -0.015056679025292397,
            -0.8057571053504944,
            0.1334315836429596
        ],
        [
            -0.025155797600746155,
            -0.8162351846694946,
            0.11599397659301758
        ],
        [
            -0.019778365269303322,
            -0.7932842373847961,
            0.10964536666870117
        ],
        [
            -0.027256714180111885,
            -0.8158653378486633,
            0.10689399391412735
        ],
        [
            -0.010351051576435566,
            -0.7574164271354675,
            0.10135823488235474
        ],
        [
            -0.01527381967753172,
            -0.7475128769874573,
            0.09680086374282837
        ],
        [
            -0.029070453718304634,
            -0.7557755708694458,
            0.08934663236141205
        ],
        [
            -0.02551821619272232,
            -0.7658475637435913,
            0.0951593816280365
        ],
        [
            -0.011259889230132103,
            -0.8131482601165771,
            0.14182543754577637
        ],
        [
            -0.0055993301793932915,
            -0.8755559325218201,
            0.15499578416347504
        ],
        [
            0.0037052491679787636,
            -0.8740793466567993,
            0.16266848146915436
        ],
        [
            -0.00983498152345419,
            -0.8631056547164917,
            0.15225522220134735
        ],
        [
            -0.013741331174969673,
            -0.9365366697311401,
            0.14537909626960754
        ],
        [
            -0.0007536169141530991,
            -0.9298380613327026,
            0.15786835551261902
        ],
        [
            -0.010892008431255817,
            -0.9151040315628052,
            0.15377746522426605
        ],
        [
            -0.022101499140262604,
            -0.9231246709823608,
            0.14302122592926025
        ],
        [
            0.0165963526815176,
            -0.9692381620407104,
            0.14145632088184357
        ],
        [
            0.031000930815935135,
            -0.9539276361465454,
            0.16078488528728485
        ],
        [
            0.015645094215869904,
            -0.9432792663574219,
            0.15961787104606628
        ],
        [
            0.0024036262184381485,
            -0.9555309414863586,
            0.1450105607509613
        ],
        [
            -0.03042161464691162,
            -0.9261411428451538,
            0.1328098028898239
        ],
        [
            -0.04053071513772011,
            -0.928954005241394,
            0.11753345280885696
        ],
        [
            -0.039193425327539444,
            -0.9451745748519897,
            0.11056153476238251
        ],
        [
            -0.025980927050113678,
            -0.9437459707260132,
            0.12859436869621277
        ],
        [
            -0.03056458942592144,
            -0.9652457237243652,
            0.10012129694223404
        ],
        [
            -0.015054093673825264,
            -0.9638156890869141,
            0.12227542698383331
        ],
        [
            -0.032320957630872726,
            -0.8033647537231445,
            0.09506846219301224
        ],
        [
            -0.03302645683288574,
            -0.8218284249305725,
            0.09639084339141846
        ],
        [
            -0.020526517182588577,
            -0.778153657913208,
            0.10236905515193939
        ],
        [
            -0.03287951648235321,
            -0.787649393081665,
            0.09161139279603958
        ],
        [
            -0.01665300503373146,
            -0.9796860218048096,
            0.08754517138004303
        ],
        [
            0.0007587224245071411,
            -0.9796440005302429,
            0.11453531682491302
        ],
        [
            -0.05760420486330986,
            -0.9115228652954102,
            0.06848003715276718
        ],
        [
            -0.05455583333969116,
            -0.9283818006515503,
            0.07823236286640167
        ],
        [
            -0.052766621112823486,
            -0.9144991040229797,
            0.09371984004974365
        ],
        [
            -0.056248653680086136,
            -0.9007691144943237,
            0.08288723230361938
        ],
        [
            -0.05488912761211395,
            -0.9222502708435059,
