{
    "pred_cam": [
        1.5855581760406494,
        -0.04326551407575607,
        0.35935473442077637
    ],
    "pred_smpl_params": {
        "global_orient": [
            [
                [
                    -0.9486727118492126,
                    -0.03427618369460106,
                    0.31439658999443054
                ],
                [
                    0.011841552332043648,
                    -0.9972622394561768,
                    -0.0729924738407135
                ],
                [
                    0.31603771448135376,
                    -0.06552302837371826,
                    0.9464813470840454
                ]
            ]
        ],
        "body_pose": [
            [
                [
                    0.9951582551002502,
                    -0.036016035825014114,
                    0.09144841134548187
                ],
                [
                    0.03145376220345497,
                    0.9982109069824219,
                    0.05084982514381409
                ],
                [
                    -0.09311620891094208,
                    -0.047727230936288834,
                    0.9945106506347656
                ]
            ],
            [
                [
                    0.9967875480651855,
                    0.07553338259458542,
                    0.02663017436861992
                ],
                [
                    -0.07861778885126114,
                    0.9862553477287292,
                    0.14532595872879028
                ],
                [
                    -0.015287193469703197,
                    -0.14695273339748383,
                    0.9890252947807312
                ]
            ],
            [
                [
                    0.9962507486343384,
                    -0.0437919944524765,
                    -0.07460968941450119
                ],
                [
                    0.02976764366030693,
                    0.9832797646522522,
                    -0.17965161800384521
                ],
                [
                    0.08122950792312622,
                    0.17675712704658508,
                    0.9808967709541321
                ]
            ],
            [
                [
                    0.9872010350227356,
                    0.11783738434314728,
                    -0.10746371746063232
                ],
                [
                    -0.15881748497486115,
                    0.7877804636955261,
                    -0.5951293110847473
                ],
                [
                    0.014529355801641941,
                    0.6045793890953064,
                    0.7964123487472534
                ]
            ],
            [
                [
                    0.9850803017616272,
                    0.050532080233097076,
                    0.16450928151607513
                ],
                [
                    0.05149051174521446,
                    0.8255878686904907,
                    -0.5619194507598877
                ],
                [
                    -0.16421182453632355,
                    0.562006413936615,
                    0.810668408870697
                ]
            ],
            [
                [
                    0.9996762275695801,
                    -0.015245858579874039,
                    -0.020371239632368088
                ],
                [
                    0.01640504039824009,
                    0.9981816411018372,
                    0.058003105223178864
                ],
                [
                    0.019449887797236443,
                    -0.05831851810216904,
                    0.9981085658073425
                ]
            ],
            [
                [
                    0.9808305501937866,
                    -0.01925140805542469,
                    0.19390948116779327
                ],
                [
                    -0.007144498638808727,
                    0.9908859729766846,
                    0.13451363146305084
                ],
                [
                    -0.19473175704479218,
                    -0.13332045078277588,
                    0.971753716468811
                ]
            ],
            [
                [
                    0.9801450371742249,
                    -0.019787898287177086,
                    -0.19729164242744446
                ],
                [
                    0.0352076031267643,
                    0.9965649843215942,
                    0.07495822757482529
                ],
                [
                    0.19513066112995148,
                    -0.08041611313819885,
                    0.9774749279022217
                ]
            ],
            [
                [
                    0.999178946018219,
                    -6.528098310809582e-05,
                    -0.04051371291279793
                ],
                [
                    -0.0030987646896392107,
                    0.9969461560249329,
                    -0.07803041487932205
                ],
                [
                    0.04039508476853371,
                    0.07809189707040787,
                    0.9961274266242981
                ]
            ],
            [
                [
                    0.9986040592193604,
                    -0.049921806901693344,
                    0.0172529648989439
                ],
                [
                    0.04808037355542183,
                    0.9943772554397583,
                    0.09435120224952698
                ],
                [
                    -0.02186613716185093,
                    -0.09338997304439545,
                    0.9953894019126892
                ]
            ],
            [
                [
                    0.9933014512062073,
                    0.11171456426382065,
                    0.02953103557229042
                ],
                [
                    -0.11428701132535934,
                    0.9875136017799377,
                    0.1084219291806221
                ],
                [
                    -0.017049992457032204,
                    -0.1110706776380539,
                    0.9936662316322327
                ]
            ],
            [
                [
                    0.9946020245552063,
                    0.03863852843642235,
                    -0.09630130976438522
                ],
                [
                    -0.042687978595495224,
                    0.9982733130455017,
                    -0.040349751710891724
                ],
                [
                    0.09457597136497498,
                    0.044242847710847855,
                    0.9945340752601624
                ]
            ],
            [
                [
                    0.9596943259239197,
                    0.27929022908210754,
                    0.03136488422751427
                ],
                [
                    -0.2778765857219696,
                    0.9596572518348694,
                    -0.042924754321575165
                ],
                [
                    -0.04208800569176674,
                    0.03247907757759094,
                    0.9985858201980591
                ]
            ],
            [
                [
                    0.9674267768859863,
                    -0.25191524624824524,
                    0.02498123236000538
                ],
                [
                    0.2521759569644928,
                    0.9676495790481567,
                    -0.007848885841667652
                ],
                [
                    -0.02219582349061966,
                    0.013892888091504574,
                    0.9996570944786072
                ]
            ],
            [
                [
                    0.9958797097206116,
                    -0.06045931577682495,
                    -0.06758853048086166
                ],
                [
                    0.04677639901638031,
                    0.9809974431991577,
                    -0.18829768896102905
                ],
                [
                    0.07768852263689041,
                    0.1843603104352951,
                    0.9797835350036621
                ]
            ],
            [
                [
                    0.47944897413253784,
                    0.8622710108757019,
                    -0.16314832866191864
                ],
                [
                    -0.8699793219566345,
                    0.49141478538513184,
                    0.04058913514018059
                ],
                [
                    0.11517234146595001,
                    0.12247525900602341,
                    0.9857662916183472
                ]
            ],
            [
                [
                    0.5826079845428467,
                    -0.7605347633361816,
                    0.2866264879703522
                ],
                [
                    0.791020929813385,
                    0.611605703830719,
                    0.014975223690271378
                ],
                [
                    -0.18669159710407257,
                    0.21800288558006287,
                    0.9579252600669861
                ]
            ],
            [
                [
                    0.8746695518493652,
                    -0.2203568071126938,
                    -0.4317361116409302
                ],
                [
                    0.20394839346408844,
                    0.9753182530403137,
                    -0.084613136947155
                ],
                [
                    0.4397251605987549,
                    -0.014043355360627174,
                    0.8980225920677185
                ]
            ],
            [
                [
                    0.9043633937835693,
                    0.08596056699752808,
                    0.418016254901886
                ],
                [
                    -0.039384625852108,
                    0.9921350479125977,
                    -0.11881469935178757
                ],
                [
                    -0.4249419569969177,
                    0.09098825603723526,
                    0.9006361365318298
                ]
            ],
            [
                [
                    0.9983040690422058,
                    -0.015083814971148968,
                    0.05622643977403641
                ],
                [
                    0.012074974365532398,
                    0.9984962940216064,
                    0.05347370728850365
                ],
                [
                    -0.056948471814394,
                    -0.052704088389873505,
                    0.9969850778579712
                ]
            ],
            [
                [
                    0.9987866282463074,
                    -2.528730510675814e-05,
                    -0.049246326088905334
                ],
                [
                    -0.001133178942836821,
                    0.9997232556343079,
                    -0.023496026173233986
                ],
                [
                    0.049233295023441315,
                    0.023523325100541115,
                    0.9985101819038391
                ]
            ],
            [
                [
                    0.9718487858772278,
                    0.21877175569534302,
                    -0.08745722472667694
                ],
                [
                    -0.20323368906974792,
                    0.96620774269104,
                    0.15855194628238678
                ],
                [
                    0.11918852478265762,
                    -0.1363142728805542,
                    0.9834696054458618
                ]
            ],
            [
                [
                    0.9745087027549744,
                    -0.2089579552412033,
                    0.08166629821062088
                ],
                [
                    0.19124329090118408,
                    0.9640315771102905,
                    0.18457826972007751
                ],
                [
                    -0.11729799211025238,
                    -0.16425499320030212,
                    0.9794189929962158
                ]
            ]
        ],
        "betas": [
            -0.16172674298286438,
            0.3269612491130829,
            0.37853768467903137,
            0.16903506219387054,
            0.05301061272621155,
            0.12893685698509216,
            0.006077706813812256,
            -0.1041562557220459,
            0.10797416418790817,
            -0.12636452913284302
        ]
    },
    "pred_cam_t": [
        -0.04326551407575607,
        0.35935473442077637,
        24.63643455505371
    ],
    "focal_length": [
        5000.0,
        5000.0
    ],
    "pred_keypoints_3d": [
        [
            0.10523673892021179,
            -0.8100930452346802,
            0.163177028298378
        ],
        [
            0.007547241635620594,
            -0.733132541179657,
            0.017953233793377876
        ],
        [
            0.15631350874900818,
            -0.6409802436828613,
            -0.07073551416397095
        ],
        [
            0.22232483327388763,
            -0.4009568393230438,
            -0.11029230803251266
        ],
        [
            0.33023571968078613,
            -0.1868082880973816,
            -0.030742265284061432
        ],
        [
            -0.15549233555793762,
            -0.6524934768676758,
            0.08446991443634033
        ],
        [
            -0.22466808557510376,
            -0.40363365411758423,
            0.07048963755369186
        ],
        [
            -0.2680228352546692,
            -0.20182020962238312,
            0.2046554982662201
        ],
        [
            -0.001820721197873354,
            -0.22355759143829346,
            0.025734979659318924
        ],
        [
            0.0626254752278328,
            -0.13390545547008514,
            0.005197595804929733
        ],
        [
            0.15449212491512299,
            0.23437060415744781,
            0.0546545572578907
        ],
        [
            0.13852623105049133,
            0.5822709798812866,
            -0.13583102822303772
        ],
        [
            -0.06635016202926636,
            -0.13115224242210388,
            0.045479655265808105
        ],
        [
            -0.09491009265184402,
            0.23941245675086975,
            0.09521891176700592
        ],
        [
            -0.09818762540817261,
            0.554093062877655,
            -0.1464470475912094
        ],
        [
            0.11834711581468582,
            -0.8556286096572876,
            0.1238568127155304
        ],
        [
            0.06658935546875,
            -0.8568852543830872,
            0.16480854153633118
        ],
        [
            0.09267319738864899,
            -0.8605642318725586,
            0.02483683079481125
        ],
        [
            -0.0213489830493927,
            -0.863987386226654,
            0.11389804631471634
        ],
        [
            -0.07514895498752594,
            0.6795285940170288,
            0.006593793630599976
        ],
        [
            -0.14552396535873413,
            0.6690072417259216,
            -0.03443273901939392
        ],
        [
            -0.1145431250333786,
            0.5621038675308228,
            -0.21382474899291992
        ],
        [
            0.19055061042308807,
            0.686296820640564,
            0.023902088403701782
        ],
        [
            0.24553413689136505,
            0.6705665588378906,
            -0.04039919376373291
        ],
        [
            0.12865827977657318,
            0.6064420938491821,
            -0.20447462797164917
        ],
        [
            0.15113402903079987,
            0.5252842307090759,
            -0.14627014100551605
        ],
        [
            0.14481082558631897,
            0.17322172224521637,
            0.05509568378329277
        ],
        [
            0.1300991326570511,
            -0.2561294138431549,
            -0.03109118714928627
        ],
        [
            -0.1456340104341507,
            -0.2362998127937317,
            0.04939562454819679
        ],
        [
            -0.10501794517040253,
            0.19924584031105042,
            0.10011620819568634
        ],
        [
            -0.11136627197265625,
            0.5134466290473938,
            -0.15017107129096985
        ],
        [
            0.324065625667572,
            -0.21295978128910065,
            -0.007492882665246725
        ],
        [
            0.25177574157714844,
            -0.4260205924510956,
            -0.10232880711555481
        ],
        [
            0.12834244966506958,
            -0.6710157990455627,
            -0.05524148792028427
        ],
        [
            -0.1281738579273224,
            -0.6793047785758972,
            0.06882086396217346
        ],
        [
            -0.243025541305542,
            -0.43435370922088623,
            0.10738664120435715
        ],
        [
            -0.2663643956184387,
            -0.22082214057445526,
            0.21136878430843353
        ],
        [
            0.006001328118145466,
            -0.7296053171157837,
            0.021970728412270546
        ],
        [
            0.04939579591155052,
            -0.9105449914932251,
            0.09115209430456161
        ],
        [
            -0.007976589724421501,
            -0.2465430051088333,
            0.009574788622558117
        ],
        [
            0.001774623990058899,
            -0.6733206510543823,
            0.009587449952960014
        ],
        [
            -0.012270361185073853,
            -0.49257892370224,
            -0.006521027535200119
        ],
        [
            0.05249682068824768,
            -0.7989915609359741,
            0.10524062812328339
        ],
        [
            0.05061212182044983,
            -0.9306505918502808,
            0.08450493961572647
        ]
    ],
    "pred_vertices": [
        [
            0.0635693222284317,
            -0.9033865928649902,
            0.1792384684085846
        ],
        [
            0.07016122341156006,
            -0.8878690004348755,
            0.1782977432012558
        ],
        [
            0.0559045672416687,
            -0.8862512111663818,
            0.1776997447013855
        ],
        [
            0.047225549817085266,
            -0.8986133337020874,
            0.17540377378463745
        ],
        [
            0.0611489936709404,
            -0.8760956525802612,
            0.17834240198135376
        ],
        [
            0.07308319211006165,
            -0.8759064674377441,
            0.17786742746829987
        ],
        [
            0.04360315948724747,
            -0.8823769092559814,
            0.17275303602218628
        ],
        [
            0.034293282777071,
            -0.8911664485931396,
            0.1686771661043167
        ],
        [
            0.028174884617328644,
            -0.8496205806732178,
            0.1617698222398758
        ],
        [
            0.01891857385635376,
            -0.8469920754432678,
            0.15610499680042267
        ],
        [
            0.02121223509311676,
            -0.8586097359657288,
            0.15915070474147797
        ],
        [
            0.030598584562540054,
            -0.8581632375717163,
            0.16329631209373474
        ],
        [
            0.023503459990024567,
            -0.8247197866439819,
            0.15469340980052948
        ],
        [
            0.03195295110344887,
            -0.8140512704849243,
            0.1562201976776123
        ],
        [
            0.02329416573047638,
            -0.8070215582847595,
            0.1485704481601715
        ],
        [
            0.015212960541248322,
            -0.8173715472221375,
            0.14564484357833862
        ],
        [
            0.07314428687095642,
            -0.8226058483123779,
            0.15716515481472015
        ],
        [
            0.06729348748922348,
            -0.8165279626846313,
            0.1587321162223816
        ],
        [
            0.06464274227619171,
            -0.8233098387718201,
            0.16136761009693146
        ],
        [
            0.07075949758291245,
            -0.828658938407898,
            0.15897130966186523
        ],
        [
            0.08505779504776001,
            -0.8307809829711914,
            0.15793824195861816
        ],
        [
            0.08303168416023254,
            -0.8368178009986877,
            0.15671609342098236
        ],
        [
            0.09026819467544556,
            -0.8395626544952393,
            0.15845848619937897
        ],
        [
            0.09212125837802887,
            -0.8326430320739746,
            0.16087257862091064
        ],
        [
            0.07674416154623032,
            -0.81734299659729,
            0.153117835521698
        ],
        [
            0.07030749320983887,
            -0.8111255168914795,
            0.15462464094161987
        ],
        [
            0.07852141559123993,
            -0.82774418592453,
            0.1563434600830078
        ],
        [
            0.08053259551525116,
            -0.822926938533783,
            0.1563626229763031
        ],
        [
            0.0880117267370224,
            -0.8149644136428833,
            0.16188471019268036
        ],
        [
            0.08660471439361572,
            -0.8198804259300232,
            0.16228491067886353
        ],
        [
            0.09332489222288132,
            -0.8196741342544556,
            0.16589893400669098
        ],
        [
            0.09322452545166016,
            -0.814378559589386,
            0.16386835277080536
        ],
        [
            0.0803578794002533,
            -0.8161212205886841,
            0.15604084730148315
        ],
        [
            0.08196651935577393,
            -0.8184373378753662,
            0.1589924395084381
        ],
        [
            0.08467958867549896,
            -0.8142646551132202,
            0.15891076624393463
        ],
        [
            0.08361726999282837,
            -0.8127179145812988,
            0.1552533656358719
        ],
        [
            0.0865832194685936,
            -0.8260247707366943,
            0.15913717448711395
        ],
        [
            0.09314890205860138,
            -0.8265601396560669,
            0.16324210166931152
        ],
        [
            0.10042830556631088,
            -0.826600968837738,
            0.16672474145889282
        ],
        [
            0.10050520300865173,
            -0.8178785443305969,
            0.16881564259529114
        ],
        [
            0.05290821194648743,
            -0.8048179149627686,
            0.15793830156326294
        ],
        [
            0.060360975563526154,
            -0.8106375336647034,
            0.1594586968421936
        ],
        [
            0.06382158398628235,
            -0.8056685924530029,
            0.15587687492370605
        ],
        [
            0.057585060596466064,
            -0.8009294271469116,
            0.1555546224117279
        ],
        [
            0.08026206493377686,
            -0.8104749321937561,
            0.15273594856262207
        ],
        [
            0.07500772923231125,
            -0.7952152490615845,
            0.15263144671916962
        ],
        [
            0.07547463476657867,
            -0.79884934425354,
            0.153555229306221
        ],
        [
            0.08262567967176437,
            -0.7988249659538269,
            0.15325501561164856
        ],
        [
            0.08160330355167389,
            -0.7954611778259277,
            0.15267455577850342
        ],
        [
            0.04185270890593529,
            -0.7926105260848999,
            0.15144866704940796
        ],
        [
            0.04881834238767624,
            -0.7905586957931519,
            0.15160977840423584
        ],
        [
            0.04596921429038048,
            -0.7844398021697998,
            0.14854849874973297
        ],
        [
            0.038583170622587204,
            -0.7853978872299194,
            0.14686687290668488
        ],
        [
            0.04639950394630432,
            -0.7790060043334961,
            0.14549653232097626
        ],
        [
            0.03665032982826233,
            -0.7783409357070923,
            0.1422833502292633
        ],
        [
            0.04188508912920952,
            -0.7644083499908447,
            0.13497698307037354
        ],
        [
            0.03884322568774223,
            -0.7706971764564514,
            0.13832791149616241
        ],
        [
            0.04896955564618111,
            -0.7734630107879639,
            0.14267565310001373
        ],
        [
            0.05423087626695633,
            -0.7678214311599731,
            0.14126572012901306
        ],
        [
            0.06917700171470642,
            -0.7706296443939209,
            0.14168180525302887
        ],
        [
            0.07507410645484924,
            -0.7687836289405823,
            0.14022400975227356
        ],
        [
            0.06849732995033264,
            -0.7575761079788208,
            0.13940545916557312
        ],
        [
            0.06176228076219559,
            -0.7617300748825073,
            0.14053693413734436
        ],
        [
            0.07218890637159348,
            -0.7904683351516724,
            0.14781449735164642
        ],
        [
            0.0675065889954567,
            -0.7911850810050964,
            0.14780282974243164
        ],
        [
            0.068759024143219,
            -0.7921532392501831,
            0.15006579458713531
        ],
        [
            0.07400061935186386,
            -0.7924365997314453,
            0.15056781470775604
        ],
        [
            0.06355029344558716,
            -0.7914228439331055,
            0.14829790592193604
        ],
        [
            0.061801254749298096,
            -0.7913408279418945,
            0.14862409234046936
        ],
        [
            0.06282823532819748,
            -0.7923082113265991,
            0.14972704648971558
        ],
        [
            0.06406114250421524,
            -0.7920385003089905,
            0.148829847574234
        ],
        [
            0.06588961184024811,
            -0.7915452122688293,
            0.14812102913856506
        ],
        [
            0.06665536016225815,
            -0.7896174788475037,
            0.1474972367286682
        ],
        [
            0.06440041959285736,
            -0.7905634641647339,
            0.14800764620304108
        ],
        [
            0.0708954706788063,
            -0.7881557941436768,
            0.1476193219423294
        ],
        [
            0.08465845882892609,
            -0.784022331237793,
            0.14663264155387878
        ],
        [
            0.08110370486974716,
            -0.7848701477050781,
            0.14759935438632965
        ],
        [
            0.08239440619945526,
            -0.7892522811889648,
            0.14675596356391907
        ],
        [
            0.08540856838226318,
            -0.7888515591621399,
            0.14600196480751038
        ],
        [
            0.0652591735124588,
            -0.7937133312225342,
            0.15061421692371368
        ],
        [
            0.06342139840126038,
            -0.7953305244445801,
            0.15188799798488617
        ],
        [
            0.06867349147796631,
            -0.7971912026405334,
            0.15294963121414185
        ],
        [
            0.06890299916267395,
            -0.7946401238441467,
            0.1513168215751648
        ],
        [
            0.06138649210333824,
            -0.7972935438156128,
            0.15368978679180145
        ],
        [
            0.06084810942411423,
            -0.793624758720398,
            0.15077251195907593
        ],
        [
            0.057964395731687546,
            -0.7944658994674683,
            0.15237200260162354
        ],
        [
            0.06197083741426468,
            -0.789687991142273,
            0.14793629944324493
        ],
        [
            0.058741115033626556,
            -0.7884133458137512,
            0.14806942641735077
        ],
        [
            0.059223104268312454,
            -0.7907198667526245,
            0.14971184730529785
        ],
        [
            0.06014478951692581,
            -0.7852262258529663,
            0.1466396600008011
        ],
        [
            0.06426770985126495,
            -0.787622332572937,
            0.14706167578697205
        ],
        [
            0.06833083927631378,
            -0.7852323651313782,
            0.1469726860523224
        ],
        [
            0.07366158813238144,
            -0.7828235030174255,
            0.14699521660804749
        ],
        [
            0.06932591646909714,
            -0.7789053916931152,
            0.14509013295173645
        ],
        [
            0.063956618309021,
            -0.7818748354911804,
            0.14582660794258118
        ],
        [
            0.06701704859733582,
            -0.801095724105835,
            0.15428301692008972
        ],
        [
            0.05473420396447182,
            -0.7905154824256897,
            0.15059629082679749
        ],
        [
            0.052918098866939545,
            -0.7966338396072388,
            0.1538049578666687
        ],
        [
            0.053497664630413055,
            -0.7861826419830322,
            0.14871329069137573
        ],
        [
            0.054327066987752914,
            -0.7819538712501526,
            0.14642561972141266
        ],
        [
            0.057785261422395706,
            -0.7777807116508484,
            0.14451000094413757
        ],
        [
            0.06325440108776093,
            -0.7738873362541199,
            0.14316844940185547
        ],
        [
            0.05889233574271202,
            -0.7513644695281982,
            0.13069620728492737
        ],
        [
            0.05096917599439621,
            -0.7569267153739929,
            0.1332123577594757
        ],
        [
            0.07240588217973709,
            -0.8690434694290161,
            0.17315663397312164
        ],
        [
            0.06364413350820541,
            -0.8688757419586182,
            0.17586944997310638
        ],
        [
            0.059536416083574295,
            -0.8622616529464722,
            0.17080718278884888
        ],
        [
            0.05857304856181145,
            -0.8647037148475647,
            0.17202751338481903
        ],
        [
            0.06459186971187592,
            -0.8652191758155823,
            0.17199775576591492
        ],
        [
            0.06426607072353363,
            -0.8624939918518066,
            0.17067061364650726
        ],
        [
            0.03907687962055206,
            -0.858718991279602,
            0.16492144763469696
        ],
        [
            0.045727573335170746,
            -0.8592894673347473,
            0.16624143719673157
        ],
        [
            0.04417245835065842,
            -0.855941891670227,
            0.16454991698265076
        ],
        [
            0.03650578483939171,
            -0.8524371385574341,
            0.16408616304397583
        ],
        [
            0.053097426891326904,
            -0.846961498260498,
            0.16439513862133026
        ],
        [
            0.04802398383617401,
            -0.8489775657653809,
            0.16452087461948395
        ],
        [
            0.05346841737627983,
            -0.8547899723052979,
            0.16561207175254822
        ],
        [
            0.05716260150074959,
            -0.8533269762992859,
            0.16566243767738342
        ],
        [
            0.061259202659130096,
            -0.8523277044296265,
            0.1651240736246109
        ],
        [
            0.06542922556400299,
            -0.8519368171691895,
            0.16372841596603394
        ],
        [
            0.06410318613052368,
            -0.8469260931015015,
            0.16242669522762299
        ],
        [
            0.05883301794528961,
            -0.8465316295623779,
            0.1636980026960373
        ],
        [
            0.07084020972251892,
            -0.865849494934082,
            0.16949935257434845
        ],
        [
            0.07648442685604095,
            -0.8649966716766357,
            0.16496118903160095
        ],
        [
            0.07453368604183197,
            -0.8622103929519653,
            0.16469000279903412
        ],
        [
            0.0699613019824028,
            -0.8627017736434937,
            0.16885806620121002
        ],
        [
            0.07900132238864899,
            -0.8568087220191956,
            0.15339528024196625
        ],
        [
            0.07900405675172806,
            -0.8589639067649841,
            0.155499666929245
        ],
        [
            0.08272293210029602,
            -0.8600503206253052,
            0.15471594035625458
        ],
        [
            0.08228764683008194,
            -0.8558672666549683,
            0.152577742934227
        ],
        [
            0.0799780935049057,
            -0.8529657125473022,
            0.1532796025276184
        ],
        [
            0.07788445055484772,
            -0.8551375865936279,
            0.1540580540895462
        ],
        [
            0.07269620895385742,
            -0.9244556427001953,
            0.1763397604227066
        ],
        [
            0.07929693162441254,
            -0.9061571359634399,
            0.17783114314079285
        ],
        [
            0.05260983854532242,
            -0.9199983477592468,
            0.17433880269527435
        ],
        [
            0.03706361725926399,
            -0.9120675325393677,
            0.16924339532852173
        ],
        [
            0.024108674377202988,
            -0.900888204574585,
            0.1633349359035492
        ],
        [
            0.032808732241392136,
            -0.7984065413475037,
            0.1504889279603958
        ],
        [
            0.02708759903907776,
            -0.7909804582595825,
            0.14470893144607544
        ],
        [
            0.015347722917795181,
            -0.8005916476249695,
            0.14064335823059082
        ],
        [
            0.012527599930763245,
            -0.7915562391281128,
            0.13368232548236847
        ],
        [
            0.024890929460525513,
            -0.7818741798400879,
            0.13851915299892426
        ],
        [
            0.031153950840234756,
            -0.7641576528549194,
            0.1258520632982254
        ],
        [
            0.026047848165035248,
            -0.7723500728607178,
            0.13214145600795746
        ],
        [
            0.011886293068528175,
            -0.7829808592796326,
            0.12454716861248016
        ],
        [
            -0.0007571093738079071,
            -0.7979909777641296,
            0.11867757141590118
        ],
        [
            0.0025050602853298187,
            -0.8036720752716064,
            0.1287071704864502
        ],
        [
            -0.008575445041060448,
            -0.8158360123634338,
            0.1132320761680603
        ],
        [
            -0.004517873749136925,
            -0.7928597927093506,
            0.10536734759807587
        ],
        [
            -0.011236010119318962,
            -0.8163771629333496,
            0.10441546142101288
        ],
        [
            0.004507665988057852,
            -0.7577109932899475,
            0.09451403468847275
        ],
        [
            -0.0004811766557395458,
            -0.748499870300293,
            0.09034185111522675
        ],
        [
            -0.015184505842626095,
            -0.757297158241272,
            0.08490203320980072
        ],
        [
            -0.011130821891129017,
            -0.7668575048446655,
            0.09035436809062958
        ],
        [
            0.007287874817848206,
            -0.8101363778114319,
            0.13708505034446716
        ],
        [
            0.016911230981349945,
            -0.8706184029579163,
            0.15554195642471313
        ],
        [
            0.02659423276782036,
            -0.8682339191436768,
            0.16225644946098328
        ],
        [
            0.011870279908180237,
            -0.8589062690734863,
            0.15186449885368347
        ],
        [
            0.011769343167543411,
            -0.9322199821472168,
            0.15222406387329102
        ],
        [
            0.02501014620065689,
            -0.9240435361862183,
            0.1630653738975525
        ],
        [
            0.013891298323869705,
            -0.9103602766990662,
            0.15830492973327637
        ],
        [
            0.0024180151522159576,
            -0.9197467565536499,
            0.1493682563304901
        ],
        [
            0.043470676988363266,
            -0.9636862277984619,
            0.1492585837841034
        ],
        [
            0.058097124099731445,
            -0.9461288452148438,
            0.16599974036216736
        ],
        [
            0.04212959110736847,
            -0.9365605711936951,
            0.16506114602088928
        ],
        [
            0.028911836445331573,
            -0.9503976106643677,
            0.15252083539962769
        ],
        [
            -0.00629638135433197,
            -0.9240281581878662,
            0.14004981517791748
        ],
        [
            -0.017150163650512695,
            -0.928855299949646,
            0.12601876258850098
        ],
        [
            -0.015515238046646118,
            -0.9456328749656677,
            0.12070421874523163
        ],
        [
            -0.0013155937194824219,
            -0.9416728615760803,
            0.13740494847297668
        ],
        [
            -0.006647132337093353,
            -0.9662982225418091,
            0.11164114624261856
        ],
        [
            0.010333117097616196,
            -0.9618258476257324,
            0.13235238194465637
        ],
        [
            -0.017307400703430176,
            -0.8049561977386475,
            0.09249135851860046
        ],
        [
            -0.017133258283138275,
            -0.8235185742378235,
            0.09477503597736359
        ],
        [
            -0.0056073591113090515,
            -0.7783516645431519,
            0.09739729762077332
        ],
        [
            -0.018485894426703453,
            -0.7891432046890259,
            0.08844366669654846
        ],
        [
            0.007118351757526398,
            -0.9814869165420532,
            0.09949573129415512
        ],
        [
            0.026529710739850998,
            -0.9776573777198792,
            0.12492163479328156
        ],
        [
            -0.03882097825407982,
            -0.9168899059295654,
            0.07717670500278473
        ],
        [
            -0.03409983590245247,
            -0.9326887130737305,
            0.08822667598724365
        ],
        [
            -0.03206799551844597,
            -0.9172386527061462,
            0.10203090310096741
        ],
        [
            -0.03712822496891022,
            -0.9046870470046997,
            0.09021042287349701
        ],
        [
            -0.036819878965616226,
            -0.9291390776634216,
            0.06126698851585388
        ],
        [
