{
    "pred_cam": [
        1.5893219709396362,
        -0.07189766317605972,
        0.3699784278869629
    ],
    "pred_smpl_params": {
        "global_orient": [
            [
                [
                    -0.8752078413963318,
                    -0.025245878845453262,
                    0.4830878674983978
                ],
                [
                    -0.03913414105772972,
                    -0.9916690587997437,
                    -0.12272315472364426
                ],
                [
                    0.4821615517139435,
                    -0.1263134926557541,
                    0.8669285774230957
                ]
            ]
        ],
        "body_pose": [
            [
                [
                    0.9934350848197937,
                    0.01129900198429823,
                    0.11383774876594543
                ],
                [
                    -0.01573236659169197,
                    0.9991492629051208,
                    0.0381217859685421
                ],
                [
                    -0.11331015825271606,
                    -0.03966245800256729,
                    0.9927676916122437
                ]
            ],
            [
                [
                    0.9970162510871887,
                    -0.05029604956507683,
                    0.05855632200837135
                ],
                [
                    0.0429561510682106,
                    0.9917857646942139,
                    0.12048119306564331
                ],
                [
                    -0.06413505971431732,
                    -0.11760635673999786,
                    0.9909870624542236
                ]
            ],
            [
                [
                    0.9933633208274841,
                    -0.04198233410716057,
                    -0.10708346962928772
                ],
                [
                    0.020680498331785202,
                    0.9810259342193604,
                    -0.19277022778987885
                ],
                [
                    0.11314460635185242,
                    0.189276322722435,
                    0.9753834009170532
                ]
            ],
            [
                [
                    0.9881738424301147,
                    0.1508159339427948,
                    -0.027694616466760635
                ],
                [
                    -0.14406514167785645,
                    0.8512952923774719,
                    -0.5045211315155029
                ],
                [
                    -0.05251353234052658,
                    0.5025444626808167,
                    0.8629550337791443
                ]
            ],
            [
                [
                    0.986320972442627,
                    0.06764553487300873,
                    0.15031668543815613
                ],
                [
                    0.001638685935176909,
                    0.907845675945282,
                    -0.41930127143859863
                ],
                [
                    -0.16482821106910706,
                    0.41381192207336426,
                    0.8953163623809814
                ]
            ],
            [
                [
                    0.9978610277175903,
                    0.01524264458566904,
                    -0.0635695531964302
                ],
                [
                    -0.011675678193569183,
                    0.9983563423156738,
                    0.05610993131995201
                ],
                [
                    0.06432033330202103,
                    -0.05524769425392151,
                    0.9963988661766052
                ]
            ],
            [
                [
                    0.9779149889945984,
                    -0.016915766522288322,
                    0.20831717550754547
                ],
                [
                    0.0006131541449576616,
                    0.996947169303894,
                    0.07807578146457672
                ],
                [
                    -0.20900195837020874,
                    -0.07622375339269638,
                    0.9749399423599243
                ]
            ],
            [
                [
                    0.9813148975372314,
                    0.0031934119760990143,
                    -0.19238199293613434
                ],
                [
                    0.007124537602066994,
                    0.9985734820365906,
                    0.05291694030165672
                ],
                [
                    0.19227655231952667,
                    -0.053298816084861755,
                    0.9798922538757324
                ]
            ],
            [
                [
                    0.997176468372345,
                    0.027181405574083328,
                    -0.07000195980072021
                ],
                [
                    -0.032409895211458206,
                    0.9966813325881958,
                    -0.07467201352119446
                ],
                [
                    0.06773995608091354,
                    0.07672993093729019,
                    0.9947481155395508
                ]
            ],
            [
                [
                    0.9997009634971619,
                    -0.024034306406974792,
                    -0.004496527835726738
                ],
                [
                    0.02429157868027687,
                    0.9972174167633057,
                    0.07047923654317856
                ],
                [
                    0.002790098311379552,
                    -0.07056739181280136,
                    0.9975030422210693
                ]
            ],
            [
                [
                    0.996410608291626,
                    0.0833294689655304,
                    0.014902438037097454
                ],
                [
                    -0.08430103212594986,
                    0.9927910566329956,
                    0.08520165085792542
                ],
                [
                    -0.0076951999217271805,
                    -0.08615212142467499,
                    0.9962522983551025
                ]
            ],
            [
                [
                    0.9980508685112,
                    0.0400669239461422,
                    -0.04784546419978142
                ],
                [
                    -0.04248496890068054,
                    0.9978129863739014,
                    -0.05063936114311218
                ],
                [
                    0.045711856335401535,
                    0.052573367953300476,
                    0.9975703358650208
                ]
            ],
            [
                [
                    0.9370484352111816,
                    0.3343837261199951,
                    -0.10063648968935013
                ],
                [
                    -0.3357352316379547,
                    0.9419491291046143,
                    0.0036991597153246403
                ],
                [
                    0.09603139013051987,
                    0.030320923775434494,
                    0.9949163794517517
                ]
            ],
            [
                [
                    0.9608170986175537,
                    -0.2764422595500946,
                    0.020253019407391548
                ],
                [
                    0.27671700716018677,
                    0.9608731269836426,
                    -0.012270098552107811
                ],
                [
                    -0.016068607568740845,
                    0.017393674701452255,
                    0.9997196197509766
                ]
            ],
            [
                [
                    0.9979772567749023,
                    -0.06344935297966003,
                    -0.003927317913621664
                ],
                [
                    0.060360830277204514,
                    0.9651585221290588,
                    -0.25460878014564514
                ],
                [
                    0.019945243373513222,
                    0.25385674834251404,
                    0.9670361280441284
                ]
            ],
            [
                [
                    0.49075210094451904,
                    0.8429422378540039,
                    -0.2204783409833908
                ],
                [
                    -0.8344941139221191,
                    0.5274940729141235,
                    0.1592779904603958
                ],
                [
                    0.25056320428848267,
                    0.1058218851685524,
                    0.9622991681098938
                ]
            ],
            [
                [
                    0.5221012830734253,
                    -0.8138243556022644,
                    0.25514742732048035
                ],
                [
                    0.8389700651168823,
                    0.543879508972168,
                    0.018009448423981667
                ],
                [
                    -0.15342599153518677,
                    0.20465829968452454,
                    0.9667344093322754
                ]
            ],
            [
                [
                    0.9541463851928711,
                    -0.19009554386138916,
                    -0.23123212158679962
                ],
                [
                    0.20015621185302734,
                    0.9795467257499695,
                    0.02063245140016079
                ],
                [
                    0.22258052229881287,
                    -0.06596893072128296,
                    0.9726797938346863
                ]
            ],
            [
                [
                    0.939019501209259,
                    0.08209685981273651,
                    0.333919882774353
                ],
                [
                    -0.06113692373037338,
                    0.9954694509506226,
                    -0.07282029837369919
                ],
                [
                    -0.33838537335395813,
                    0.04796483740210533,
                    0.9397843480110168
                ]
            ],
            [
                [
                    0.9980374574661255,
                    0.01670105569064617,
                    0.06035203859210014
                ],
                [
                    -0.01990584470331669,
                    0.9984015822410583,
                    0.05289661884307861
                ],
                [
                    -0.05937214195728302,
                    -0.05399416387081146,
                    0.9967746138572693
                ]
            ],
            [
                [
                    0.9972718954086304,
                    -0.03923358768224716,
                    -0.06252610683441162
                ],
                [
                    0.04151994362473488,
                    0.9984998106956482,
                    0.03569613769650459
                ],
                [
                    0.06103182211518288,
                    -0.03819483518600464,
                    0.9974047541618347
                ]
            ],
            [
                [
                    0.9733924269676208,
                    0.20565341413021088,
                    -0.10106389969587326
                ],
                [
                    -0.18989607691764832,
                    0.9708107113838196,
                    0.14651282131671906
                ],
                [
                    0.1282447874546051,
                    -0.12342283129692078,
                    0.9840325713157654
                ]
            ],
            [
                [
                    0.9738284349441528,
                    -0.20114319026470184,
                    0.1058281809091568
                ],
                [
                    0.18227985501289368,
                    0.9693060517311096,
                    0.1649845689535141
                ],
                [
                    -0.13576540350914001,
                    -0.1413763165473938,
                    0.9806021451950073
                ]
            ]
        ],
        "betas": [
            -0.11668512225151062,
            0.3440447151660919,
            0.28878411650657654,
            0.4451697766780853,
            0.04425859451293945,
            0.13286322355270386,
            -0.04311296343803406,
            -0.029901862144470215,
            0.09144280105829239,
            -0.14528697729110718
        ]
    },
    "pred_cam_t": [
        -0.07189766317605972,
        0.3699784278869629,
        24.57809066772461
    ],
    "focal_length": [
        5000.0,
        5000.0
    ],
    "pred_keypoints_3d": [
        [
            0.13158634305000305,
            -0.8103512525558472,
            0.12041660398244858
        ],
        [
            0.006727037951350212,
            -0.7372491955757141,
            -0.003326956182718277
        ],
        [
            0.1272117793560028,
            -0.6432800889015198,
            -0.1310000866651535
        ],
        [
            0.16005641222000122,
            -0.3973166346549988,
            -0.17585858702659607
        ],
        [
            0.2678295969963074,
            -0.17013509571552277,
            -0.14620286226272583
        ],
        [
            -0.1237066313624382,
            -0.6464142203330994,
            0.11618867516517639
        ],
        [
            -0.14241430163383484,
            -0.39109885692596436,
            0.15537184476852417
        ],
        [
            -0.1331903040409088,
            -0.18297924101352692,
            0.28800538182258606
        ],
        [
            -0.002089480869472027,
            -0.2259899079799652,
            0.02508610486984253
        ],
        [
            0.05463287979364395,
            -0.13345640897750854,
            -0.00022099539637565613
        ],
        [
            0.1007562205195427,
            0.23894518613815308,
            0.07296636700630188
        ],
        [
            0.04311677813529968,
            0.6186867952346802,
            -0.02515791356563568
        ],
        [
            -0.06277633458375931,
            -0.13731330633163452,
            0.06180868670344353
        ],
        [
            -0.07573014497756958,
            0.23047545552253723,
            0.13052845001220703
        ],
        [
            -0.08110576868057251,
            0.5770359635353088,
            -0.06158749759197235
        ],
        [
            0.13955430686473846,
            -0.8562860488891602,
            0.08006882667541504
        ],
        [
            0.0958409383893013,
            -0.8587617874145508,
            0.1295051872730255
        ],
        [
            0.09690044820308685,
            -0.8652060031890869,
            -0.013197306543588638
        ],
        [
            0.0007295385003089905,
            -0.8712445497512817,
            0.09529668837785721
        ],
        [
            -0.0409952774643898,
            0.6876718401908875,
            0.09944614768028259
        ],
        [
            -0.11591780185699463,
            0.6832089424133301,
            0.06519567966461182
        ],
        [
            -0.10187920182943344,
            0.5926668643951416,
            -0.12649816274642944
        ],
        [
            0.11161133646965027,
            0.692468523979187,
            0.1465761810541153
        ],
        [
            0.1589958369731903,
            0.6929280757904053,
            0.07382670044898987
        ],
        [
            0.023362765088677406,
            0.6549874544143677,
            -0.08524946868419647
        ],
        [
            0.05716589838266373,
            0.565414547920227,
            -0.05005776137113571
        ],
        [
            0.09749828279018402,
            0.174845889210701,
            0.06654279679059982
        ],
        [
            0.11694890260696411,
            -0.2505524456501007,
            -0.055683933198451996
        ],
        [
            -0.13668222725391388,
            -0.24446189403533936,
            0.0720527172088623
        ],
        [
            -0.08600834012031555,
            0.18912507593631744,
            0.1342477798461914
        ],
        [
            -0.09642326086759567,
            0.5375204086303711,
            -0.06966541707515717
        ],
        [
            0.2744942903518677,
            -0.19593828916549683,
            -0.12234705686569214
        ],
        [
            0.19158637523651123,
            -0.4209004044532776,
            -0.17949408292770386
        ],
        [
            0.10300309211015701,
            -0.6735495328903198,
            -0.10755525529384613
        ],
        [
            -0.10493877530097961,
            -0.675786018371582,
            0.09160871058702469
        ],
        [
            -0.152083158493042,
            -0.42307162284851074,
            0.19370697438716888
        ],
        [
            -0.1307009905576706,
            -0.2008948028087616,
            0.2953733205795288
        ],
        [
            0.006672557909041643,
            -0.7308512926101685,
            0.0012535951100289822
        ],
        [
            0.06924600899219513,
            -0.9151492118835449,
            0.06161006540060043
        ],
        [
            -0.009816671721637249,
            -0.24777370691299438,
            0.008778702467679977
        ],
        [
            0.0016911420971155167,
            -0.6732687950134277,
            -0.006499847397208214
        ],
        [
            -0.014951233752071857,
            -0.49668851494789124,
            -0.02021780051290989
        ],
        [
            0.06910544633865356,
            -0.802836000919342,
            0.07203803956508636
        ],
        [
            0.06999118626117706,
            -0.9351850748062134,
            0.05538744851946831
        ]
    ],
    "pred_vertices": [
        [
            0.097684845328331,
            -0.9049442410469055,
            0.1455853283405304
        ],
        [
            0.10340913385152817,
            -0.8892325162887573,
            0.14322249591350555
        ],
        [
            0.0891052782535553,
            -0.8883706331253052,
            0.14487825334072113
        ],
        [
            0.08081460744142532,
            -0.9010275602340698,
            0.1443740427494049
        ],
        [
            0.09381644427776337,
            -0.8779729604721069,
            0.14453738927841187
        ],
        [
            0.10559137165546417,
            -0.8771645426750183,
            0.14186857640743256
        ],
        [
            0.07591699808835983,
            -0.8851741552352905,
            0.14212098717689514
        ],
        [
            0.06644302606582642,
            -0.8940826058387756,
            0.14013978838920593
        ],
        [
            0.05721762776374817,
            -0.8532243371009827,
            0.13332000374794006
        ],
        [
            0.047001417726278305,
            -0.8511604070663452,
            0.12946836650371552
        ],
        [
            0.050364330410957336,
            -0.8626853227615356,
            0.13238507509231567
        ],
        [
            0.06029755622148514,
            -0.8617408275604248,
            0.13466233015060425
        ],
        [
            0.05032354220747948,
            -0.8286494016647339,
            0.12677720189094543
        ],
        [
            0.05845286697149277,
            -0.8175928592681885,
            0.12641699612140656
        ],
        [
            0.04830057919025421,
            -0.8111113905906677,
            0.12042009830474854
        ],
        [
            0.04023466259241104,
            -0.8219254016876221,
            0.11927559971809387
        ],
        [
            0.09936093538999557,
            -0.8243597745895386,
            0.12011300027370453
        ],
        [
            0.09362644702196121,
            -0.8184903860092163,
            0.12255307286977768
        ],
        [
            0.09178368747234344,
            -0.8253355026245117,
            0.12570375204086304
        ],
        [
            0.09760288149118423,
            -0.8304864168167114,
            0.12241542339324951
        ],
        [
            0.11159902811050415,
            -0.8321287631988525,
            0.11917334794998169
        ],
        [
            0.10964280366897583,
            -0.8383007049560547,
            0.11845942586660385
        ],
        [
            0.1172262504696846,
            -0.8406539559364319,
            0.11907175183296204
        ],
        [
            0.11917359381914139,
            -0.8335739374160767,
            0.12097446620464325
        ],
        [
            0.10200699418783188,
            -0.8189992308616638,
            0.11550191044807434
        ],
        [
            0.09569239616394043,
            -0.8129783868789673,
            0.11801546812057495
        ],
        [
            0.10474187135696411,
            -0.8293065428733826,
            0.11852894723415375
        ],
        [
            0.10652199387550354,
            -0.8244854211807251,
            0.11819752305746078
        ],
        [
            0.11452136188745499,
            -0.8159868717193604,
            0.12238939106464386
        ],
        [
            0.11342719197273254,
            -0.8209779858589172,
            0.12310769408941269
        ],
        [
            0.12066779285669327,
            -0.8203760981559753,
            0.12551629543304443
        ],
        [
            0.12002214789390564,
            -0.8151205778121948,
            0.12341538816690445
        ],
        [
            0.10597480088472366,
            -0.8176629543304443,
            0.11788084357976913
        ],
        [
            0.10816067457199097,
            -0.8198709487915039,
            0.12058423459529877
        ],
        [
            0.11065515130758286,
            -0.8155530095100403,
            0.11996856331825256
        ],
        [
            0.10891099274158478,
            -0.8141106367111206,
            0.11651208251714706
        ],
        [
            0.11309210956096649,
            -0.827267050743103,
            0.12004463374614716
        ],
        [
            0.1203218623995781,
            -0.8273891806602478,
            0.12304893136024475
        ],
        [
            0.12814542651176453,
            -0.8269744515419006,
            0.12521672248840332
        ],
        [
            0.1282678246498108,
            -0.8181549310684204,
            0.1270531266927719
        ],
        [
            0.07894774526357651,
            -0.8073159456253052,
            0.12425453960895538
        ],
        [
            0.08670827001333237,
            -0.8128585815429688,
            0.1243910863995552
        ],
        [
            0.08934667706489563,
            -0.8077477216720581,
            0.12028854340314865
        ],
        [
            0.08297368139028549,
            -0.8032466173171997,
            0.12103835493326187
        ],
        [
            0.10512322187423706,
            -0.8120245933532715,
            0.1145460233092308
        ],
        [
            0.09935855120420456,
            -0.7968487739562988,
            0.11510010063648224
        ],
        [
            0.100117988884449,
            -0.8005065321922302,
            0.11600510776042938
        ],
        [
            0.1070680022239685,
            -0.8001669645309448,
            0.11447014659643173
        ],
        [
            0.10582472383975983,
            -0.7968019247055054,
            0.1139664351940155
        ],
        [
            0.06641733646392822,
            -0.7956682443618774,
            0.11973702162504196
        ],
        [
            0.0731860101222992,
            -0.7932652831077576,
            0.11866956949234009
        ],
        [
            0.06959518045186996,
            -0.7872913479804993,
            0.11608031392097473
        ],
        [
            0.06209167093038559,
            -0.7886793613433838,
            0.11573442816734314
        ],
        [
            0.06921374797821045,
            -0.7818790674209595,
            0.11297321319580078
        ],
        [
            0.059147804975509644,
            -0.7818152904510498,
            0.11153271794319153
        ],
        [
            0.06265564262866974,
            -0.7677061557769775,
            0.10320910811424255
        ],
        [
            0.060411304235458374,
            -0.7741345167160034,
            0.10713689029216766
        ],
        [
            0.07108039408922195,
            -0.7762728929519653,
            0.10961387306451797
        ],
        [
            0.07578117400407791,
            -0.7703858017921448,
            0.10713934153318405
        ],
        [
            0.09066786617040634,
            -0.7725325226783752,
            0.10469846427440643
        ],
        [
            0.09609533101320267,
            -0.7704897522926331,
            0.10216473788022995
        ],
        [
            0.08907733857631683,
            -0.7595492005348206,
            0.10233702510595322
        ],
        [
            0.08275919407606125,
            -0.763960599899292,
            0.10491213947534561
        ],
        [
            0.09555913507938385,
            -0.7922030091285706,
            0.1106744185090065
        ],
        [
            0.09101857244968414,
            -0.7930954694747925,
            0.11156440526247025
        ],
        [
            0.0926857739686966,
            -0.7939597368240356,
            0.11359512805938721
        ],
        [
            0.09792104363441467,
            -0.794015645980835,
            0.1131015494465828
        ],
        [
            0.08721405267715454,
            -0.7934772968292236,
            0.11281176656484604
        ],
        [
            0.08553247898817062,
            -0.7934839725494385,
            0.11343887448310852
        ],
        [
            0.08679764717817307,
            -0.7943928837776184,
            0.11435965448617935
        ],
        [
            0.08779888600111008,
            -0.7940888404846191,
            0.11321573704481125
        ],
        [
            0.08945006877183914,
            -0.7935158014297485,
            0.11218301206827164
        ],
        [
            0.09000573307275772,
            -0.7915509939193726,
            0.11136835813522339
        ],
        [
            0.08795449137687683,
            -0.7925617098808289,
            0.11235938966274261
        ],
        [
            0.09411365538835526,
            -0.7898905277252197,
            0.1106596291065216
        ],
        [
            0.1071852371096611,
            -0.7853713631629944,
            0.10707507282495499
        ],
        [
            0.10397844761610031,
            -0.7861992716789246,
            0.10866624116897583
        ],
        [
            0.105267733335495,
            -0.7906075716018677,
            0.10767653584480286
        ],
        [
            0.10799013823270798,
            -0.7902241349220276,
            0.10641142725944519
        ],
        [
            0.08935438096523285,
            -0.7957932949066162,
            0.11484308540821075
        ],
        [
            0.08788517862558365,
            -0.7973669767379761,
            0.11647199839353561
        ],
        [
            0.09330063313245773,
            -0.7989962100982666,
            0.11659106612205505
        ],
        [
            0.09315066784620285,
            -0.796433687210083,
            0.11488934606313705
        ],
        [
            0.08620014041662216,
            -0.7994495630264282,
            0.11855682730674744
        ],
        [
            0.0850646048784256,
            -0.7958025932312012,
            0.11576946079730988
        ],
        [
            0.08248510956764221,
            -0.7968654632568359,
            0.11787675321102142
        ],
        [
            0.0855107381939888,
            -0.7917985916137695,
            0.11270811408758163
        ],
        [
            0.08226623386144638,
            -0.790692925453186,
            0.11337677389383316
        ],
        [
            0.08313492685556412,
            -0.792960524559021,
            0.11495942622423172
        ],
        [
            0.08327531069517136,
            -0.7874289751052856,
            0.11165904998779297
        ],
        [
            0.08751785755157471,
            -0.7896366715431213,
            0.1113610789179802
        ],
        [
            0.09137952327728271,
            -0.7870442867279053,
            0.11046550422906876
        ],
        [
            0.09649445116519928,
            -0.7844032049179077,
            0.10943765193223953
        ],
        [
            0.09173429757356644,
            -0.7807039022445679,
            0.10824273526668549
        ],
        [
            0.08673332631587982,
            -0.7839136123657227,
            0.11005304753780365
        ],
        [
            0.09202650934457779,
            -0.8031230568885803,
            0.11823023110628128
        ],
        [
            0.0788566917181015,
            -0.7929553389549255,
            0.11661446839570999
        ],
        [
            0.07789044082164764,
            -0.7991296648979187,
            0.12016449868679047
        ],
        [
            0.07710827887058258,
            -0.7886845469474792,
            0.11491052061319351
        ],
        [
            0.07732920348644257,
            -0.7844352722167969,
            0.11242565512657166
        ],
        [
            0.08020190894603729,
            -0.7801429033279419,
            0.10989165306091309
        ],
        [
            0.08525174856185913,
            -0.7760089635848999,
            0.10734616965055466
        ],
        [
            0.07798474282026291,
            -0.7538958787918091,
            0.09542889147996902
        ],
        [
            0.07090462744235992,
            -0.7597616314888,
            0.09966054558753967
        ],
        [
            0.103692926466465,
            -0.8705794811248779,
            0.13704314827919006
        ],
        [
            0.09553908556699753,
            -0.8707703351974487,
            0.14126446843147278
        ],
        [
            0.09035287797451019,
            -0.8644036054611206,
            0.13686765730381012
        ],
        [
            0.08976040780544281,
            -0.8667806386947632,
            0.13824708759784698
        ],
        [
            0.09566526859998703,
            -0.8671293258666992,
            0.13724824786186218
        ],
        [
            0.09497879445552826,
            -0.8643990755081177,
            0.13590148091316223
        ],
        [
            0.0689551830291748,
            -0.8619640469551086,
            0.1345847100019455
        ],
        [
            0.07577665150165558,
            -0.8622512817382812,
            0.1346207559108734
        ],
        [
            0.073820099234581,
            -0.8589312434196472,
            0.13324418663978577
        ],
        [
            0.06604623794555664,
            -0.8556987047195435,
            0.13416606187820435
        ],
        [
            0.08210153132677078,
            -0.8494948744773865,
            0.13130070269107819
        ],
        [
            0.07723556458950043,
            -0.851742684841156,
            0.13244162499904633
        ],
        [
            0.08300420641899109,
            -0.8573004603385925,
            0.13263343274593353
        ],
        [
            0.08657751232385635,
            -0.8556768298149109,
            0.13200029730796814
        ],
        [
            0.0904034823179245,
            -0.854541540145874,
            0.13065454363822937
        ],
        [
            0.09425634145736694,
            -0.8540055155754089,
            0.1285620778799057
        ],
        [
            0.09245199710130692,
            -0.8491111993789673,
            0.12738516926765442
        ],
        [
            0.08749334514141083,
            -0.8488798141479492,
            0.1295597106218338
        ],
        [
            0.10131499171257019,
            -0.8675757646560669,
            0.13366055488586426
        ],
        [
            0.10601887851953506,
            -0.8666361570358276,
            0.12820348143577576
        ],
        [
            0.10384564101696014,
            -0.8639622926712036,
            0.12817275524139404
        ],
        [
            0.10014589130878448,
            -0.8644817471504211,
            0.13305771350860596
        ],
        [
            0.10602906346321106,
            -0.8586904406547546,
            0.11616532504558563
        ],
        [
            0.10650023818016052,
            -0.8607903718948364,
            0.11827002465724945
        ],
        [
            0.11009359359741211,
            -0.8617641925811768,
            0.11684057116508484
        ],
        [
            0.10908979177474976,
            -0.8576100468635559,
            0.11478953063488007
        ],
        [
            0.10680381208658218,
            -0.8547732830047607,
            0.11582272499799728
        ],
        [
            0.10499247908592224,
            -0.8570228815078735,
            0.11696991324424744
        ],
        [
            0.10746429115533829,
            -0.9256037473678589,
            0.1417551338672638
        ],
        [
            0.11312898248434067,
            -0.9072787761688232,
            0.1414058953523636
        ],
        [
            0.08692238479852676,
            -0.9223328828811646,
            0.14290781319141388
        ],
        [
            0.07048241794109344,
            -0.9150519967079163,
            0.1404501497745514
        ],
        [
            0.05605112016201019,
            -0.9044231176376343,
            0.13694500923156738
        ],
        [
            0.057640548795461655,
            -0.8019580841064453,
            0.12048131227493286
        ],
        [
            0.05068923532962799,
            -0.7949299216270447,
            0.11569909751415253
        ],
        [
            0.03879980742931366,
            -0.8052221536636353,
            0.11404271423816681
        ],
        [
            0.034464508295059204,
            -0.7963684797286987,
            0.10777801275253296
        ],
        [
            0.04714621603488922,
            -0.7860400080680847,
            0.10998890548944473
        ],
        [
            0.05068938434123993,
            -0.76805579662323,
            0.09652054309844971
        ],
        [
            0.04690910130739212,
            -0.7765191793441772,
            0.10360157489776611
        ],
        [
            0.031855568289756775,
            -0.7876992225646973,
            0.09921422600746155
        ],
        [
            0.018721498548984528,
            -0.8034807443618774,
            0.09609424322843552
        ],
        [
            0.0239916630089283,
            -0.8091569542884827,
            0.10516691207885742
        ],
        [
            0.010717425495386124,
            -0.8219357132911682,
            0.09225260466337204
        ],
        [
            0.012613281607627869,
            -0.7984164953231812,
            0.08422636985778809
        ],
        [
            0.006583757698535919,
            -0.8227628469467163,
            0.08412918448448181
        ],
        [
            0.020173728466033936,
            -0.7631222009658813,
            0.07191942632198334
        ],
        [
            0.014824213460087776,
            -0.7539240121841431,
            0.06907948851585388
        ],
        [
            -0.0009776828810572624,
            -0.7628867030143738,
            0.06704282760620117
        ],
        [
            0.00392439030110836,
            -0.7725825309753418,
            0.07110822200775146
        ],
        [
            0.030578739941120148,
            -0.8152447938919067,
            0.11228501796722412
        ],
        [
            0.04617128148674965,
            -0.8746988773345947,
            0.12996038794517517
        ],
        [
            0.05663253739476204,
            -0.871932864189148,
            0.13467152416706085
        ],
        [
            0.03985191136598587,
            -0.8635159730911255,
            0.12695588171482086
        ],
        [
            0.04394003748893738,
            -0.9362591505050659,
            0.12862738966941833
        ],
        [
            0.05828763172030449,
            -0.9274530410766602,
            0.13678285479545593
        ],
        [
            0.045744337141513824,
            -0.9145444631576538,
            0.13387346267700195
        ],
        [
            0.03339768201112747,
            -0.9245982766151428,
            0.12736287713050842
        ],
        [
            0.07623952627182007,
            -0.9662481546401978,
            0.12089413404464722
        ],
        [
            0.09244028478860855,
            -0.9477319717407227,
            0.13449984788894653
        ],
        [
            0.07611647248268127,
            -0.939285397529602,
            0.1364036500453949
        ],
        [
            0.06182216852903366,
            -0.9537152051925659,
            0.1264299750328064
        ],
        [
            0.023527540266513824,
            -0.9295101761817932,
            0.11974333971738815
        ],
        [
            0.010713845491409302,
            -0.9353086948394775,
            0.10801991820335388
        ],
        [
            0.012276418507099152,
            -0.9521396160125732,
            0.10311124473810196
        ],
        [
            0.028939224779605865,
            -0.9467610120773315,
            0.11683033406734467
        ],
        [
            0.020364709198474884,
            -0.9727988839149475,
            0.09315312653779984
        ],
        [
            0.0406053364276886,
            -0.9666875600814819,
            0.11047232151031494
        ],
        [
            -0.0016621872782707214,
            -0.8114909529685974,
            0.07372123003005981
        ],
        [
            -0.00044567883014678955,
            -0.8303170800209045,
            0.07562504708766937
        ],
        [
            0.0104677714407444,
            -0.7839250564575195,
            0.07659407705068588
        ],
        [
            -0.0037152767181396484,
            -0.795287013053894,
            0.07027700543403625
        ],
        [
            0.0325622633099556,
            -0.9880427122116089,
            0.07923533767461777
        ],
        [
            0.0561760812997818,
            -0.9820651412010193,
            0.10053254663944244
        ],
        [
            -0.020282559096813202,
            -0.9258632659912109,
            0.06368981301784515
        ],
        [
            -0.012648262083530426,
            -0.9411201477050781,
            0.07413558661937714
        ],
        [
            -0.0090608149766922,
            -0.9250723123550415,
            0.08691069483757019
        ],
        [
            -0.016943171620368958,
            -0.9130805730819702,
            0.07586304098367691
        ],
        [
            -0.020731866359710693,
            -0.9384713172912598,
            0.0480039045214653
        ],
        [
            -0.012064725160598755,
