{
    "pred_cam": [
        1.6105105876922607,
        -0.08544055372476578,
        0.359224796295166
    ],
    "pred_smpl_params": {
        "global_orient": [
            [
                [
                    -0.7630444169044495,
                    -0.0429806187748909,
                    0.6449152827262878
                ],
                [
                    -0.06512003391981125,
                    -0.9875973463058472,
                    -0.14286686480045319
                ],
                [
                    0.643057107925415,
                    -0.15101070702075958,
                    0.7507817149162292
                ]
            ]
        ],
        "body_pose": [
            [
                [
                    0.9923993945121765,
                    0.02229335904121399,
                    0.12102224677801132
                ],
                [
                    -0.026740901172161102,
                    0.9990207552909851,
                    0.03525092080235481
                ],
                [
                    -0.12011785060167313,
                    -0.03821924328804016,
                    0.992023766040802
                ]
            ],
            [
                [
                    0.9953941702842712,
                    -0.08573278039693832,
                    0.04289930686354637
                ],
                [
                    0.08108387142419815,
                    0.9916408658027649,
                    0.10036808252334595
                ],
                [
                    -0.05114554241299629,
                    -0.09642735868692398,
                    0.9940251111984253
                ]
            ],
            [
                [
                    0.9952149987220764,
                    -0.02112315595149994,
                    -0.09539874643087387
                ],
                [
                    0.000552890938706696,
                    0.9775545001029968,
                    -0.2106820046901703
                ],
                [
                    0.09770774841308594,
                    0.2096211463212967,
                    0.9728885889053345
                ]
            ],
            [
                [
                    0.9900809526443481,
                    0.13956184685230255,
                    0.016193987801671028
                ],
                [
                    -0.12419462949037552,
                    0.9232497811317444,
                    -0.3635731637477875
                ],
                [
                    -0.06569203734397888,
                    0.357955664396286,
                    0.9314248561859131
                ]
            ],
            [
                [
                    0.9911988377571106,
                    0.024155130609869957,
                    0.13015864789485931
                ],
                [
                    0.004421404097229242,
                    0.9766229391098022,
                    -0.21491433680057526
                ],
                [
                    -0.13230720162391663,
                    0.2135983556509018,
                    0.96792072057724
                ]
            ],
            [
                [
                    0.9979524612426758,
                    0.008091581985354424,
                    -0.06344616413116455
                ],
                [
                    -0.006821371149271727,
                    0.9997724890708923,
                    0.020211398601531982
                ],
                [
                    0.06359526515007019,
                    -0.019737225025892258,
                    0.9977806210517883
                ]
            ],
            [
                [
                    0.9775176048278809,
                    -0.01654396578669548,
                    0.21020375192165375
                ],
                [
                    0.005123707465827465,
                    0.9984865188598633,
                    0.05475844442844391
                ],
                [
                    -0.21079152822494507,
                    -0.052450329065322876,
                    0.9761229157447815
                ]
            ],
            [
                [
                    0.9818176031112671,
                    -0.004619359038770199,
                    -0.1897704005241394
                ],
                [
                    0.008781246840953827,
                    0.999738872051239,
                    0.02109617181122303
                ],
                [
                    0.1896234005689621,
                    -0.022379014641046524,
                    0.9816017746925354
                ]
            ],
            [
                [
                    0.9978468418121338,
                    0.02402784489095211,
                    -0.06102675944566727
                ],
                [
                    -0.026686575263738632,
                    0.9987128973007202,
                    -0.04313186556100845
                ],
                [
                    0.05991184711456299,
                    0.04466759413480759,
                    0.9972037076950073
                ]
            ],
            [
                [
                    0.9998599290847778,
                    -0.013014745898544788,
                    -0.01052327360957861
                ],
                [
                    0.013393696397542953,
                    0.9992336630821228,
                    0.03678040951490402
                ],
                [
                    0.010036520659923553,
                    -0.036916203796863556,
                    0.9992679953575134
                ]
            ],
            [
                [
                    0.9964889287948608,
                    0.08321930468082428,
                    -0.009178810752928257
                ],
                [
                    -0.08282586187124252,
                    0.9958723187446594,
                    0.03712200000882149
                ],
                [
                    0.012230192311108112,
                    -0.036231424659490585,
                    0.9992684721946716
                ]
            ],
            [
                [
                    0.9940904974937439,
                    0.051901184022426605,
                    -0.0953427106142044
                ],
                [
                    -0.05534464120864868,
                    0.9978938698768616,
                    -0.03383275121450424
                ],
                [
                    0.0933859571814537,
                    0.03890952840447426,
                    0.9948692917823792
                ]
            ],
            [
                [
                    0.9285216927528381,
                    0.28200647234916687,
                    -0.24149499833583832
                ],
                [
                    -0.28411105275154114,
                    0.9584162831306458,
                    0.02681759186089039
                ],
                [
                    0.23901546001434326,
                    0.04371068254113197,
                    0.9700314402580261
                ]
            ],
            [
                [
                    0.961662769317627,
                    -0.2509233355522156,
                    0.11064472794532776
                ],
                [
                    0.2514280676841736,
                    0.9678284525871277,
                    0.009595664218068123
                ],
                [
                    -0.10949288308620453,
                    0.018591398373246193,
                    0.9938137531280518
                ]
            ],
            [
                [
                    0.9969724416732788,
                    -0.07445890456438065,
                    -0.022401005029678345
                ],
                [
                    0.06785712391138077,
                    0.9738322496414185,
                    -0.2169012427330017
                ],
                [
                    0.03796505182981491,
                    0.21472449600696564,
                    0.9759364724159241
                ]
            ],
            [
                [
                    0.5147260427474976,
                    0.7892974615097046,
                    -0.33476340770721436
                ],
                [
                    -0.7926154136657715,
                    0.5869315266609192,
                    0.16514264047145844
                ],
                [
                    0.3268298804759979,
                    0.18033544719219208,
                    0.9277182817459106
                ]
            ],
            [
                [
                    0.5561844110488892,
                    -0.7964732646942139,
                    0.2372533679008484
                ],
                [
                    0.8157567381858826,
                    0.5777547955513,
                    0.027207516133785248
                ],
                [
                    -0.15874435007572174,
                    0.1784086525440216,
                    0.9710666537284851
                ]
            ],
            [
                [
                    0.9426805973052979,
                    -0.09699028730392456,
                    -0.319289892911911
                ],
                [
                    0.0916944071650505,
                    0.995285153388977,
                    -0.0316152460873127
                ],
                [
                    0.3208508789539337,
                    0.0005259757163003087,
                    0.947129487991333
                ]
            ],
            [
                [
                    0.9539149403572083,
                    0.04619910940527916,
                    0.29649949073791504
                ],
                [
                    -0.022656096145510674,
                    0.9963454604148865,
                    -0.08235529810190201
                ],
                [
                    -0.2992206811904907,
                    0.07184243202209473,
                    0.9514755010604858
                ]
            ],
            [
                [
                    0.9997143149375916,
                    0.004653524607419968,
                    0.02344590425491333
                ],
                [
                    -0.005932760424911976,
                    0.9984802603721619,
                    0.054790496826171875
                ],
                [
                    -0.023155303671956062,
                    -0.05491393804550171,
                    0.9982225894927979
                ]
            ],
            [
                [
                    0.999075174331665,
                    -0.02053745836019516,
                    -0.03777752071619034
                ],
                [
                    0.02226877212524414,
                    0.9986934661865234,
                    0.04599466919898987
                ],
                [
                    0.036783549934625626,
                    -0.046793386340141296,
                    0.9982271790504456
                ]
            ],
            [
                [
                    0.9762729406356812,
                    0.1911180019378662,
                    -0.1018085777759552
                ],
                [
                    -0.1738281399011612,
                    0.9720419049263,
                    0.1578550785779953
                ],
                [
                    0.12913116812705994,
                    -0.13641245663166046,
                    0.9821999073028564
                ]
            ],
            [
                [
                    0.9768878221511841,
                    -0.1837020069360733,
                    0.10928742587566376
                ],
                [
                    0.16195671260356903,
                    0.9697867035865784,
                    0.18243832886219025
                ],
                [
                    -0.13949978351593018,
                    -0.1605219542980194,
                    0.9771245718002319
                ]
            ]
        ],
        "betas": [
            -0.08918416500091553,
            0.17542068660259247,
            0.048554956912994385,
            0.1220436841249466,
            0.08577156066894531,
            0.1262493133544922,
            -0.01992049813270569,
            -0.09273618459701538,
            0.10195647925138474,
            -0.1211555004119873
        ]
    },
    "pred_cam_t": [
        -0.08544055372476578,
        0.359224796295166,
        24.254730224609375
    ],
    "focal_length": [
        5000.0,
        5000.0
    ],
    "pred_keypoints_3d": [
        [
            0.153110533952713,
            -0.8059777617454529,
            0.0802324116230011
        ],
        [
            0.005156531929969788,
            -0.7286062836647034,
            -0.009343242272734642
        ],
        [
            0.10889064520597458,
            -0.634563684463501,
            -0.1501237452030182
        ],
        [
            0.14994488656520844,
            -0.389208048582077,
            -0.2003108412027359
        ],
        [
            0.26108041405677795,
            -0.16074004769325256,
            -0.1866997480392456
        ],
        [
            -0.09177079051733017,
            -0.644801914691925,
            0.14042961597442627
        ],
        [
            -0.08584130555391312,
            -0.3959769606590271,
            0.21653464436531067
        ],
        [
            0.012425936758518219,
            -0.203108012676239,
            0.33797329664230347
        ],
        [
            -0.0018581077456474304,
            -0.22310870885849,
            0.026562359184026718
        ],
        [
            0.0495515875518322,
            -0.12899799644947052,
            -0.006711747497320175
        ],
        [
            0.0901368111371994,
            0.24410362541675568,
            0.07025325298309326
        ],
        [
            0.027741119265556335,
            0.6373461484909058,
            0.07889331132173538
        ],
        [
            -0.05536246299743652,
            -0.13651269674301147,
            0.07859978079795837
        ],
        [
            -0.0544155091047287,
            0.2306978702545166,
            0.1562219262123108
        ],
        [
            -0.06598116457462311,
            0.6072200536727905,
            0.02754892408847809
        ],
        [
            0.14953762292861938,
            -0.8507087230682373,
            0.03816092759370804
        ],
        [
            0.11854244768619537,
            -0.853330135345459,
            0.09665312618017197
        ],
        [
            0.08558589220046997,
            -0.855647623538971,
            -0.042587265372276306
        ],
        [
            0.017011553049087524,
            -0.8618131875991821,
            0.08566176891326904
        ],
        [
            0.004779748618602753,
            0.692547082901001,
            0.19439837336540222
        ],
        [
            -0.07524102926254272,
            0.6948794722557068,
            0.17339718341827393
        ],
        [
            -0.09501495212316513,
            0.6330803632736206,
            -0.030469655990600586
        ],
        [
            0.1385844647884369,
            0.6792382597923279,
            0.2407984435558319
        ],
        [
            0.16683566570281982,
            0.6944109201431274,
            0.1597527265548706
        ],
        [
            -0.005878960248082876,
            0.6843844652175903,
            0.03470555692911148
        ],
        [
            0.03321973234415054,
            0.5905519127845764,
            0.039893291890621185
        ],
        [
            0.08745303004980087,
            0.17859657108783722,
            0.05891939997673035
        ],
        [
            0.10131455957889557,
            -0.2431012988090515,
            -0.07865341007709503
        ],
        [
            -0.1271236091852188,
            -0.24466410279273987,
            0.09934353828430176
        ],
        [
            -0.06515467911958694,
            0.18829764425754547,
            0.15928223729133606
        ],
        [
            -0.08472660183906555,
            0.5697692036628723,
            0.0158675666898489
        ],
        [
            0.27040910720825195,
            -0.18615806102752686,
            -0.16280585527420044
        ],
        [
            0.17969828844070435,
            -0.41368699073791504,
            -0.20725718140602112
        ],
        [
            0.08693306148052216,
            -0.6651737093925476,
            -0.12594549357891083
        ],
        [
            -0.08159974962472916,
            -0.6728291511535645,
            0.11213653534650803
        ],
        [
            -0.07888554036617279,
            -0.4312172532081604,
            0.2509462535381317
        ],
        [
            0.016859494149684906,
            -0.22208237648010254,
            0.342561274766922
        ],
        [
            0.009945346042513847,
            -0.7235656380653381,
            -0.002824685536324978
        ],
        [
            0.07418608665466309,
            -0.9069150686264038,
            0.03554975613951683
        ],
        [
            -0.012849386781454086,
            -0.2441932111978531,
            0.0109022231772542
        ],
        [
            0.005286848172545433,
            -0.6672403216362,
            -0.00611506961286068
        ],
        [
            -0.02226642146706581,
            -0.49011701345443726,
            -0.02163705602288246
        ],
        [
            0.08135242015123367,
            -0.7947632670402527,
            0.04850782826542854
        ],
        [
            0.07255154103040695,
            -0.9268105626106262,
            0.02884700521826744
        ]
    ],
    "pred_vertices": [
        [
            0.12181773781776428,
            -0.9003831148147583,
            0.11045417189598083
        ],
        [
            0.12770497798919678,
            -0.8847312927246094,
            0.10730287432670593
        ],
        [
            0.1141785979270935,
            -0.883408784866333,
            0.11220645904541016
        ],
        [
            0.1053580716252327,
            -0.8957966566085815,
            0.11347876489162445
        ],
        [
            0.1191711351275444,
            -0.8730533123016357,
            0.11113715171813965
        ],
        [
            0.13009150326251984,
            -0.8725966215133667,
            0.10563226044178009
        ],
        [
            0.10085541009902954,
            -0.8796123266220093,
            0.11276546120643616
        ],
        [
            0.09071792662143707,
            -0.888167142868042,
            0.11302609741687775
        ],
        [
            0.08192529529333115,
            -0.846671462059021,
            0.10968629270792007
        ],
        [
            0.07122895121574402,
            -0.8443392515182495,
            0.1083541214466095
        ],
        [
            0.07471533864736557,
            -0.8560123443603516,
            0.1099632978439331
        ],
        [
            0.08492530137300491,
            -0.8553658723831177,
            0.10991467535495758
        ],
        [
            0.0746842697262764,
            -0.8216067552566528,
            0.10565580427646637
        ],
        [
            0.0830419659614563,
            -0.8108230829238892,
            0.10372559726238251
        ],
        [
            0.07193291932344437,
            -0.8038305640220642,
            0.10036969184875488
        ],
        [
            0.06331558525562286,
            -0.8143635988235474,
            0.1007559597492218
        ],
        [
            0.12130416184663773,
            -0.8187015056610107,
            0.08769150078296661
        ],
        [
            0.1165190264582634,
            -0.8127282857894897,
            0.09161052852869034
        ],
        [
            0.11518695205450058,
            -0.8196103572845459,
            0.09497811645269394
        ],
        [
            0.11987746506929398,
            -0.8248597383499146,
            0.09025193005800247
        ],
        [
            0.132517009973526,
            -0.8269107341766357,
            0.0834781602025032
        ],
        [
            0.13022325932979584,
            -0.8329964876174927,
            0.08316420018672943
        ],
        [
            0.1375957876443863,
            -0.8356113433837891,
            0.08176980912685394
        ],
        [
            0.14020538330078125,
            -0.8286945223808289,
            0.08331102132797241
        ],
        [
            0.12296324968338013,
            -0.8132823705673218,
            0.08263683319091797
        ],
        [
            0.11765968054533005,
            -0.8071596026420593,
            0.0867764949798584
        ],
        [
            0.12587997317314148,
            -0.8237795233726501,
            0.08468805998563766
        ],
        [
            0.12770481407642365,
            -0.8190571665763855,
            0.08394776284694672
        ],
        [
            0.1367817521095276,
            -0.8110186457633972,
            0.0862436294555664
        ],
        [
            0.13567528128623962,
            -0.8159935474395752,
            0.08713056147098541
        ],
        [
            0.1432601809501648,
            -0.8157646656036377,
            0.0876656174659729
        ],
        [
            0.1423758864402771,
            -0.810408353805542,
            0.08591209352016449
        ],
        [
            0.12736575305461884,
            -0.8122633099555969,
            0.08390900492668152
        ],
        [
            0.12999629974365234,
            -0.814642071723938,
            0.08593598008155823
        ],
        [
            0.1324726641178131,
            -0.8103922605514526,
            0.08481893688440323
        ],
        [
            0.13005739450454712,
            -0.8087825775146484,
            0.0819302648305893
        ],
        [
            0.13434039056301117,
            -0.822172999382019,
            0.08403155952692032
        ],
        [
            0.14204689860343933,
            -0.8226536512374878,
            0.08516792207956314
        ],
        [
            0.15016934275627136,
            -0.8225790858268738,
            0.0853893980383873
        ],
        [
            0.15113180875778198,
            -0.8138419389724731,
            0.08730462193489075
        ],
        [
            0.10302931070327759,
            -0.8011525869369507,
            0.09695325791835785
        ],
        [
            0.11036001890897751,
            -0.8069703578948975,
            0.09510979801416397
        ],
        [
            0.11222434788942337,
            -0.801813006401062,
            0.09057457000017166
        ],
        [
            0.10635301470756531,
            -0.7971553802490234,
            0.09287992119789124
        ],
        [
            0.12606081366539001,
            -0.8064775466918945,
            0.0810188576579094
        ],
        [
            0.12126302719116211,
            -0.7911772131919861,
            0.08333154767751694
        ],
        [
            0.1220376044511795,
            -0.7948864102363586,
            0.08393986523151398
        ],
        [
            0.1284974217414856,
            -0.7947354316711426,
            0.080796018242836
        ],
        [
            0.1273459792137146,
            -0.791304349899292,
            0.0807114839553833
        ],
        [
            0.09013976901769638,
            -0.7890328168869019,
            0.09576496481895447
        ],
        [
            0.09662193059921265,
            -0.7868138551712036,
            0.09312264621257782
        ],
        [
            0.09277369827032089,
            -0.7806597352027893,
            0.09162237495183945
        ],
        [
            0.08525465428829193,
            -0.7817572951316833,
            0.09311085939407349
        ],
        [
            0.09191228449344635,
            -0.7750787138938904,
            0.08893509209156036
        ],
        [
            0.08174604177474976,
            -0.7746566534042358,
            0.08992929756641388
        ],
        [
            0.08382314443588257,
            -0.7604544758796692,
            0.08127585053443909
        ],
        [
            0.08227132260799408,
            -0.7668905258178711,
            0.08552947640419006
        ],
        [
            0.09318667650222778,
            -0.7694286704063416,
            0.085391566157341
        ],
        [
            0.09744568169116974,
            -0.7636657357215881,
            0.081986203789711
        ],
        [
            0.11145499348640442,
            -0.7661992907524109,
            0.07600107043981552
        ],
        [
            0.11627720296382904,
            -0.7642308473587036,
            0.07227568328380585
        ],
        [
            0.10983968526124954,
            -0.7530685067176819,
            0.07431158423423767
        ],
        [
            0.10401798784732819,
            -0.7573539614677429,
            0.07831526547670364
        ],
        [
            0.1167345643043518,
            -0.7862092852592468,
            0.08010441064834595
        ],
        [
            0.11247460544109344,
            -0.7869672775268555,
            0.08204589784145355
        ],
        [
            0.11453015357255936,
            -0.7879581451416016,
            0.08358636498451233
        ],
        [
            0.11953610926866531,
            -0.7881929278373718,
            0.0818428248167038
        ],
        [
            0.10904045403003693,
            -0.7872399091720581,
            0.08417481184005737
        ],
        [
            0.10753890872001648,
            -0.7872141599655151,
            0.0851685181260109
        ],
        [
            0.10894984751939774,
            -0.7881989479064941,
            0.08573707938194275
        ],
        [
            0.10963553935289383,
            -0.7879115343093872,
            0.08438186347484589
        ],
        [
            0.11103543639183044,
            -0.7873659133911133,
            0.08300794661045074
        ],
        [
            0.11147075146436691,
            -0.7854070067405701,
            0.0821346789598465
        ],
        [
            0.10969697684049606,
            -0.7863419055938721,
            0.08359560370445251
        ],
        [
            0.11539213359355927,
            -0.7838902473449707,
            0.08047793805599213
        ],
        [
            0.12762966752052307,
            -0.7796617150306702,
            0.07402168959379196
        ],
        [
            0.12478701770305634,
            -0.7804085612297058,
            0.07631611824035645
        ],
        [
            0.12561918795108795,
            -0.7847994565963745,
            0.07492706179618835
        ],
        [
            0.12802787125110626,
            -0.7845044136047363,
            0.07303538918495178
        ],
        [
            0.11145374923944473,
            -0.7897672653198242,
            0.08550237864255905
        ],
        [
            0.11036167293787003,
            -0.7912765741348267,
            0.0874406024813652
        ],
        [
            0.1155853196978569,
            -0.793110728263855,
            0.08620548248291016
        ],
        [
            0.11517453193664551,
            -0.7904813289642334,
            0.08466735482215881
        ],
        [
            0.10906695574522018,
            -0.7933930158615112,
            0.0897916853427887
        ],
        [
            0.10751759260892868,
            -0.7896018028259277,
            0.08745290338993073
        ],
        [
            0.1054077222943306,
            -0.7906894087791443,
            0.09005286544561386
        ],
        [
            0.10742605477571487,
            -0.7855045795440674,
            0.084528848528862
        ],
        [
            0.10445501655340195,
            -0.7843060493469238,
            0.08596165478229523
        ],
        [
            0.10556972771883011,
            -0.7866600751876831,
            0.08721867948770523
        ],
        [
            0.10517439991235733,
            -0.7810426354408264,
            0.08415605127811432
        ],
        [
            0.1091485470533371,
            -0.783389687538147,
            0.08280208706855774
        ],
        [
            0.11281877011060715,
            -0.7809337377548218,
            0.08105157315731049
        ],
        [
            0.11770450323820114,
            -0.7784346342086792,
            0.07890578359365463
        ],
        [
            0.11292974650859833,
            -0.7745424509048462,
            0.07898151874542236
        ],
        [
            0.10831066966056824,
            -0.7776246666908264,
            0.08184707164764404
        ],
        [
            0.11453859508037567,
            -0.7972638607025146,
            0.08798536658287048
        ],
        [
            0.10173799842596054,
            -0.7865959405899048,
            0.08980311453342438
        ],
        [
            0.10132528841495514,
            -0.7928671836853027,
            0.09331430494785309
        ],
        [
            0.09982407093048096,
            -0.7822134494781494,
            0.08867882192134857
        ],
        [
            0.0996638834476471,
            -0.7778773307800293,
            0.0863664448261261
        ],
        [
            0.10202611237764359,
            -0.7735997438430786,
            0.08342594653367996
        ],
        [
            0.10658412426710129,
            -0.7696081399917603,
            0.07975325733423233
        ],
        [
            0.09759027510881424,
            -0.7468491792678833,
            0.0703505203127861
        ],
        [
            0.09133975207805634,
            -0.7526023387908936,
            0.07607661932706833
        ],
        [
            0.12741996347904205,
            -0.8656518459320068,
            0.10173022747039795
        ],
        [
            0.12045998871326447,
            -0.865746021270752,
            0.10769791901111603
        ],
        [
            0.11472361534833908,
            -0.8590211868286133,
            0.10494258999824524
        ],
        [
            0.11431615799665451,
            -0.8613682985305786,
            0.10638687014579773
        ],
        [
            0.11987895518541336,
            -0.8619111776351929,
            0.10396945476531982
        ],
        [
            0.11905119568109512,
            -0.8590866327285767,
            0.10294339805841446
        ],
        [
            0.09330183267593384,
            -0.8558953404426575,
            0.10774993151426315
        ],
        [
            0.0999981239438057,
            -0.8564001321792603,
            0.10617080330848694
        ],
        [
            0.09794612973928452,
            -0.8529385328292847,
            0.10544262826442719
        ],
        [
            0.09070125967264175,
            -0.8494620323181152,
            0.10827842354774475
        ],
        [
            0.10602162778377533,
            -0.84373939037323,
            0.10189329832792282
        ],
        [
            0.10143133252859116,
            -0.8458392024040222,
            0.10413067042827606
        ],
        [
            0.10684443265199661,
            -0.8516273498535156,
            0.10271096974611282
        ],
        [
            0.11025980114936829,
            -0.850104570388794,
            0.10130855441093445
        ],
        [
            0.1137109100818634,
            -0.8490501642227173,
            0.09913980960845947
        ],
        [
            0.11701486259698868,
            -0.8485375642776489,
            0.09624704718589783
        ],
        [
            0.11517972499132156,
            -0.8435734510421753,
            0.09565986692905426
        ],
        [
            0.11087847501039505,
            -0.8432555198669434,
            0.09895698726177216
        ],
        [
            0.12445542216300964,
            -0.8624384999275208,
            0.09912487864494324
        ],
        [
            0.12784482538700104,
            -0.8614155054092407,
            0.09277372807264328
        ],
        [
            0.12578336894512177,
            -0.8587209582328796,
            0.09327425062656403
        ],
        [
            0.12332430481910706,
            -0.8592753410339355,
            0.09890298545360565
        ],
        [
            0.1253172755241394,
            -0.8531494736671448,
            0.08121828734874725
        ],
        [
            0.12618663907051086,
            -0.8553122282028198,
            0.08309350907802582
        ],
        [
            0.1292858123779297,
            -0.8563507795333862,
            0.08081293106079102
        ],
        [
            0.1280067265033722,
            -0.8521361947059631,
            0.07916351407766342
        ],
        [
            0.1261679083108902,
            -0.8492814898490906,
            0.08079394698143005
        ],
        [
            0.12458984553813934,
            -0.8514952063560486,
            0.08228278905153275
        ],
        [
            0.12969835102558136,
            -0.9215053915977478,
            0.10403428971767426
        ],
        [
            0.13620227575302124,
            -0.9031153917312622,
            0.10288971662521362
        ],
        [
            0.1101381778717041,
            -0.9174648523330688,
            0.1100567877292633
        ],
        [
            0.09382141381502151,
            -0.9093865156173706,
            0.11188451200723648
        ],
        [
            0.079368956387043,
            -0.897996187210083,
            0.11232778429985046
        ],
        [
            0.08145909011363983,
            -0.7950221300125122,
            0.09845489263534546
        ],
        [
            0.07384157925844193,
            -0.7876465320587158,
            0.09560181945562363
        ],
        [
            0.061407607048749924,
            -0.7974709868431091,
            0.09650813043117523
        ],
        [
            0.056071002036333084,
            -0.7883948087692261,
            0.09163065254688263
        ],
        [
            0.06944571435451508,
            -0.7785062193870544,
            0.09113739430904388
        ],
        [
            0.07038471847772598,
            -0.760252833366394,
            0.07765801250934601
        ],
        [
            0.0680994912981987,
            -0.7688016295433044,
            0.0852046012878418
        ],
        [
            0.051862314343452454,
            -0.7794716358184814,
            0.08413644134998322
        ],
        [
            0.03770758584141731,
            -0.7948153614997864,
            0.08363234251737595
        ],
        [
            0.04466705024242401,
            -0.8008127212524414,
            0.09109874814748764
        ],
        [
            0.028361186385154724,
            -0.8130043745040894,
            0.08143876492977142
        ],
        [
            0.02897033467888832,
            -0.7892122268676758,
            0.07397529482841492
        ],
        [
            0.02233484387397766,
            -0.8135063648223877,
            0.07461577653884888
        ],
        [
            0.03402794152498245,
            -0.7538848519325256,
            0.06132019683718681
        ],
        [
            0.028093568980693817,
            -0.7446417808532715,
            0.05995255336165428
        ],
        [
            0.012170117348432541,
            -0.7534329891204834,
            0.061137668788433075
        ],
        [
            0.017844820395112038,
            -0.7630739212036133,
            0.06390991061925888
        ],
        [
            0.05248953402042389,
            -0.80720454454422,
            0.09636663645505905
        ],
        [
            0.06939402967691422,
            -0.8678571581840515,
            0.10839296132326126
        ],
        [
            0.08099223673343658,
            -0.8655095100402832,
            0.1104695275425911
        ],
        [
            0.06299934536218643,
            -0.8562874794006348,
            0.10734580457210541
        ],
        [
            0.0642869621515274,
            -0.9294975996017456,
            0.10624553263187408
        ],
        [
            0.08053857833147049,
            -0.921309232711792,
            0.11120012402534485
        ],
        [
            0.06814289093017578,
            -0.9078831672668457,
            0.11145508289337158
        ],
        [
            0.05412832647562027,
            -0.9173815846443176,
            0.10785379260778427
        ],
        [
            0.09262678027153015,
            -0.9602334499359131,
            0.09028378874063492
        ],
        [
            0.11243520677089691,
            -0.9427585601806641,
            0.10019923746585846
        ],
        [
            0.0972786694765091,
            -0.9338973760604858,
            0.10622356086969376
        ],
        [
            0.08037152141332626,
            -0.947383463382721,
            0.09953729808330536
        ],
        [
            0.042373985052108765,
            -0.9217648506164551,
            0.10277619957923889
        ],
        [
            0.026981860399246216,
            -0.9267366528511047,
            0.09419835358858109
        ],
        [
            0.026765652000904083,
            -0.9434067010879517,
            0.08849675953388214
        ],
        [
            0.0463733971118927,
            -0.9391802549362183,
            0.09810220450162888
        ],
        [
            0.03137059509754181,
            -0.9638550281524658,
            0.076442651450634
        ],
        [
            0.05537811666727066,
            -0.9590784311294556,
            0.08871576935052872
        ],
        [
            0.012102674692869186,
            -0.8016892075538635,
            0.06660091876983643
        ],
        [
            0.013172820210456848,
            -0.8207539916038513,
            0.0678316056728363
        ],
        [
            0.025320403277873993,
            -0.774530291557312,
            0.06751102209091187
        ],
        [
            0.009739600121974945,
            -0.7854828834533691,
            0.06413661688566208
        ],
        [
            0.039416685700416565,
            -0.9787756204605103,
            0.05981197580695152
        ],
        [
            0.06751170754432678,
            -0.9745079874992371,
            0.07491747289896011
        ],
        [
            -0.01316351443529129,
            -0.9150277376174927,
            0.05848044157028198
        ],
        [
            -0.00386645644903183,
            -0.9307152628898621,
            0.06654205173254013
        ],
        [
            0.003149978816509247,
            -0.9152108430862427,
            0.0786280557513237
        ],
        [
            -0.006616473197937012,
            -0.9026769995689392,
            0.06990686058998108
        ],
        [
            -0.01781933754682541,
            -0.9270886778831482,
            0.043064430356025696
        ],
        [
            -0.007306814193725586,
            -0.9458979368209839,
            0.05224784463644028
        ],
        [
