{
    "pred_cam": [
        1.5756185054779053,
        -0.07133636623620987,
        0.3614558279514313
    ],
    "pred_smpl_params": {
        "global_orient": [
            [
                [
                    -0.5375027060508728,
                    -0.0626099482178688,
                    0.8409345149993896
                ],
                [
                    -0.13149157166481018,
                    -0.9788184762001038,
                    -0.15692166984081268
                ],
                [
                    0.8329470753669739,
                    -0.19492162764072418,
                    0.5178849101066589
                ]
            ]
        ],
        "body_pose": [
            [
                [
                    0.9885255694389343,
                    -0.03949073702096939,
                    0.14580020308494568
                ],
                [
                    0.03378918766975403,
                    0.998572051525116,
                    0.04137766361236572
                ],
                [
                    -0.14722603559494019,
                    -0.035976409912109375,
                    0.9884483814239502
                ]
            ],
            [
                [
                    0.9952625036239624,
                    -0.09699705243110657,
                    -0.006640947889536619
                ],
                [
                    0.09713247418403625,
                    0.9890368580818176,
                    0.11122606694698334
                ],
                [
                    -0.004220458213239908,
                    -0.11134418845176697,
                    0.9937728643417358
                ]
            ],
            [
                [
                    0.996690034866333,
                    0.007888632826507092,
                    -0.08091215044260025
                ],
                [
                    -0.023921417072415352,
                    0.979676365852356,
                    -0.19915349781513214
                ],
                [
                    0.07769665867090225,
                    0.20042982697486877,
                    0.9766224026679993
                ]
            ],
            [
                [
                    0.9941115975379944,
                    0.1020326167345047,
                    0.03648985177278519
                ],
                [
                    -0.09122436493635178,
                    0.9697610139846802,
                    -0.22636617720127106
                ],
                [
                    -0.05848317593336105,
                    0.22170448303222656,
                    0.9733585119247437
                ]
            ],
            [
                [
                    0.9942734241485596,
                    -0.047885552048683167,
                    0.09553755074739456
                ],
                [
                    0.058949872851371765,
                    0.9914311766624451,
                    -0.11657240241765976
                ],
                [
                    -0.0891367718577385,
                    0.1215367540717125,
                    0.9885765314102173
                ]
            ],
            [
                [
                    0.998550295829773,
                    0.01419488899409771,
                    -0.051920391619205475
                ],
                [
                    -0.013563024811446667,
                    0.9998298287391663,
                    0.012502116151154041
                ],
                [
                    0.05208902433514595,
                    -0.011779796332120895,
                    0.9985728859901428
                ]
            ],
            [
                [
                    0.978040337562561,
                    0.01616503670811653,
                    0.20778796076774597
                ],
                [
                    -0.025926660746335983,
                    0.9986799955368042,
                    0.04434136301279068
                ],
                [
                    -0.20679688453674316,
                    -0.04875488206744194,
                    0.9771684408187866
                ]
            ],
            [
                [
                    0.9819656610488892,
                    -0.029814839363098145,
                    -0.18669366836547852
                ],
                [
                    0.030761130154132843,
                    0.9995244145393372,
                    0.00217320560477674
                ],
                [
                    0.18654008209705353,
                    -0.007876923307776451,
                    0.9824157953262329
                ]
            ],
            [
                [
                    0.9979528784751892,
                    0.029400940984487534,
                    -0.05679531767964363
                ],
                [
                    -0.03235052898526192,
                    0.9981369376182556,
                    -0.0517321452498436
                ],
                [
                    0.055168524384498596,
                    0.05346359685063362,
                    0.9970447421073914
                ]
            ],
            [
                [
                    0.9989826083183289,
                    -0.04498518258333206,
                    -0.0031801550649106503
                ],
                [
                    0.04504268616437912,
                    0.9987596869468689,
                    0.021222390234470367
                ],
                [
                    0.0022215174976736307,
                    -0.02134403958916664,
                    0.9997698068618774
                ]
            ],
            [
                [
                    0.995252788066864,
                    0.0957363098859787,
                    -0.017509762197732925
                ],
                [
                    -0.09504415839910507,
                    0.9947918057441711,
                    0.03682287782430649
                ],
                [
                    0.02094385400414467,
                    -0.03498386591672897,
                    0.9991685152053833
                ]
            ],
            [
                [
                    0.995476484298706,
                    0.046977460384368896,
                    -0.08258051425218582
                ],
                [
                    -0.04664192348718643,
                    0.9988937377929688,
                    0.005988591350615025
                ],
                [
                    0.08277048915624619,
                    -0.00210978789255023,
                    0.9965663552284241
                ]
            ],
            [
                [
                    0.9279654026031494,
                    0.29838961362838745,
                    -0.22325699031352997
                ],
                [
                    -0.30542364716529846,
                    0.952211320400238,
                    0.0031682769767940044
                ],
                [
                    0.2135331928730011,
                    0.06524791568517685,
                    0.9747543931007385
                ]
            ],
            [
                [
                    0.9523159861564636,
                    -0.2779385447502136,
                    0.12587454915046692
                ],
                [
                    0.2775859236717224,
                    0.9604780077934265,
                    0.020690178498625755
                ],
                [
                    -0.12665033340454102,
                    0.015237410552799702,
                    0.9918304085731506
                ]
            ],
            [
                [
                    0.9985047578811646,
                    -0.04675249755382538,
                    -0.028327519074082375
                ],
                [
                    0.038755469024181366,
                    0.9709007143974304,
                    -0.23632560670375824
                ],
                [
                    0.038552023470401764,
                    0.2348743975162506,
                    0.9712609052658081
                ]
            ],
            [
                [
                    0.5456509590148926,
                    0.7733101844787598,
                    -0.32288748025894165
                ],
                [
                    -0.7916604280471802,
                    0.6020383238792419,
                    0.10403656214475632
                ],
                [
                    0.2748431861400604,
                    0.19884958863258362,
                    0.9407018423080444
                ]
            ],
            [
                [
                    0.5853272676467896,
                    -0.7718580365180969,
                    0.2482481449842453
                ],
                [
                    0.7861714959144592,
                    0.615179181098938,
                    0.05906742066144943
                ],
                [
                    -0.19830875098705292,
                    0.16059184074401855,
                    0.9668939113616943
                ]
            ],
            [
                [
                    0.9487833380699158,
                    -0.06232232600450516,
                    -0.309719443321228
                ],
                [
                    0.039566054940223694,
                    0.9960711598396301,
                    -0.07922607660293579
                ],
                [
                    0.3134401738643646,
                    0.06291399896144867,
                    0.9475215673446655
                ]
            ],
            [
                [
                    0.9470748901367188,
                    0.06831458956003189,
                    0.31365951895713806
                ],
                [
                    -0.049901776015758514,
                    0.9965463876724243,
                    -0.06637115776538849
                ],
                [
                    -0.3171103596687317,
                    0.04720629006624222,
                    0.9472130537033081
                ]
            ],
            [
                [
                    0.9992047548294067,
                    0.03985975310206413,
                    0.001039311639033258
                ],
                [
                    -0.03986408933997154,
                    0.998074471950531,
                    0.04752204939723015
                ],
                [
                    0.0008569065830670297,
                    -0.04752568528056145,
                    0.9988697171211243
                ]
            ],
            [
                [
                    0.9994409084320068,
                    -0.018179092556238174,
                    -0.02805919386446476
                ],
                [
                    0.018658364191651344,
                    0.9996829032897949,
                    0.016914060339331627
                ],
                [
                    0.027742810547351837,
                    -0.017428142949938774,
                    0.9994632005691528
                ]
            ],
            [
                [
                    0.9806801676750183,
                    0.16381198167800903,
                    -0.10692086070775986
                ],
                [
                    -0.14630027115345,
                    0.9770199656486511,
                    0.1550101339817047
                ],
                [
                    0.12985634803771973,
                    -0.13637281954288483,
                    0.9821098446846008
                ]
            ],
            [
                [
                    0.9829896688461304,
                    -0.16262057423591614,
                    0.08535757660865784
                ],
                [
                    0.145396888256073,
                    0.9729906916618347,
                    0.17930097877979279
                ],
                [
                    -0.11221016198396683,
                    -0.16384027898311615,
                    0.9800843000411987
                ]
            ]
        ],
        "betas": [
            -0.06771871447563171,
            0.26492342352867126,
            0.13349983096122742,
            0.42532941699028015,
            0.09254959225654602,
            0.1248338595032692,
            -0.061302125453948975,
            -0.028282344341278076,
            0.10228955000638962,
            -0.09031501412391663
        ]
    },
    "pred_cam_t": [
        -0.07133636623620987,
        0.3614558279514313,
        24.791851043701172
    ],
    "focal_length": [
        5000.0,
        5000.0
    ],
    "pred_keypoints_3d": [
        [
            0.16508933901786804,
            -0.8174982070922852,
            0.015347201377153397
        ],
        [
            0.00034699682146310806,
            -0.733640193939209,
            -0.03140215575695038
        ],
        [
            0.0633380115032196,
            -0.6300756931304932,
            -0.19155195355415344
        ],
        [
            0.10158056020736694,
            -0.38422897458076477,
            -0.23836155235767365
        ],
        [
            0.22902822494506836,
            -0.16441938281059265,
            -0.24399596452713013
        ],
        [
            -0.05746239423751831,
            -0.6528159976005554,
            0.14091426134109497
        ],
        [
            -0.05507524311542511,
            -0.4053666293621063,
            0.2205887734889984
        ],
        [
            0.049571529030799866,
            -0.1985085904598236,
            0.3089866638183594
        ],
        [
            -0.0021271780133247375,
            -0.2260458767414093,
            0.025540649890899658
        ],
        [
            0.034014809876680374,
            -0.12843039631843567,
            -0.014563042670488358
        ],
        [
            0.08816184848546982,
            0.23923218250274658,
            0.07684969902038574
        ],
        [
            0.03612558916211128,
            0.6178082823753357,
            0.1856478601694107
        ],
        [
            -0.03953585401177406,
            -0.14454340934753418,
            0.09530538320541382
        ],
        [
            -0.03785174712538719,
            0.21181032061576843,
            0.21120302379131317
        ],
        [
            -0.07090835273265839,
            0.6064692735671997,
            0.18136417865753174
        ],
        [
            0.14985936880111694,
            -0.8612048625946045,
            -0.025511687621474266
        ],
        [
            0.13435575366020203,
            -0.8649731874465942,
            0.03884339705109596
        ],
        [
            0.06758935749530792,
            -0.8631742000579834,
            -0.08783216774463654
        ],
        [
            0.033043570816516876,
            -0.8715121746063232,
            0.0534275658428669
        ],
        [
            0.043606460094451904,
            0.655699610710144,
            0.33922308683395386
        ],
        [
            -0.039680272340774536,
            0.6607341766357422,
            0.3405240476131439
        ],
        [
            -0.11227025091648102,
            0.6438041925430298,
            0.13976994156837463
        ],
        [
            0.19912099838256836,
            0.6393694877624512,
            0.3016034662723541
        ],
        [
            0.19441944360733032,
            0.6716177463531494,
            0.22020211815834045
        ],
        [
            -0.012245728634297848,
            0.6682417988777161,
            0.16734915971755981
        ],
        [
            0.0264761820435524,
            0.5791566967964172,
            0.13884957134723663
        ],
        [
            0.0831068828701973,
            0.1739921122789383,
            0.05980902537703514
        ],
        [
            0.06471884250640869,
            -0.23701700568199158,
            -0.10520295798778534
        ],
        [
            -0.09802678227424622,
            -0.25738564133644104,
            0.12761545181274414
        ],
        [
            -0.04582294076681137,
            0.16817902028560638,
            0.2106359302997589
        ],
        [
            -0.09277467429637909,
            0.5721315145492554,
            0.16637328267097473
        ],
        [
            0.24214588105678558,
            -0.1916654258966446,
            -0.22418342530727386
        ],
        [
            0.12683981657028198,
            -0.40945932269096375,
            -0.2541062831878662
        ],
        [
            0.048891954123973846,
            -0.6631609201431274,
            -0.16344228386878967
        ],
        [
            -0.05445912107825279,
            -0.6811951994895935,
            0.10998113453388214
        ],
        [
            -0.03521813824772835,
            -0.4394921064376831,
            0.2508928179740906
        ],
        [
            0.05738789588212967,
            -0.21699640154838562,
            0.31126874685287476
        ],
        [
            0.006153913214802742,
            -0.7272723913192749,
            -0.026250110939145088
        ],
        [
            0.07546773552894592,
            -0.9161864519119263,
            -0.01025843620300293
        ],
        [
            -0.01630842126905918,
            -0.24738648533821106,
            0.011796488426625729
        ],
        [
            -0.00023628026247024536,
            -0.6702893972396851,
            -0.026703709736466408
        ],
        [
            -0.03126891329884529,
            -0.4940141439437866,
            -0.028067046776413918
        ],
        [
            0.08730495721101761,
            -0.8043039441108704,
            0.002813613973557949
        ],
        [
            0.07186781615018845,
            -0.9358127117156982,
            -0.016674527898430824
        ]
    ],
    "pred_vertices": [
        [
            0.14004036784172058,
            -0.9121130704879761,
            0.05016409978270531
        ],
        [
            0.1455046683549881,
            -0.8965108394622803,
            0.04629410803318024
        ],
        [
            0.1335391402244568,
            -0.8951101303100586,
            0.05426958203315735
        ],
        [
            0.1250961571931839,
            -0.9073868989944458,
            0.0574803352355957
        ],
        [
            0.1383569985628128,
            -0.8849042654037476,
            0.05236826464533806
        ],
        [
            0.14755156636238098,
            -0.8844853043556213,
            0.04422402381896973
        ],
        [
            0.12083233147859573,
            -0.8912038803100586,
            0.058249592781066895
        ],
        [
            0.11093392223119736,
            -0.8995038270950317,
            0.060989268124103546
        ],
        [
            0.1023867204785347,
            -0.8580275774002075,
            0.06075940281152725
        ],
        [
            0.09174075722694397,
            -0.8555257320404053,
            0.06222990155220032
        ],
        [
            0.09530392289161682,
            -0.8674143552780151,
            0.06251364201307297
        ],
        [
            0.105174221098423,
            -0.8668317794799805,
            0.059936244040727615
        ],
        [
            0.09481724351644516,
            -0.8327928781509399,
            0.05917907878756523
        ],
        [
            0.10258317738771439,
            -0.8220754861831665,
            0.05539766699075699
        ],
        [
            0.09115396440029144,
            -0.8148512840270996,
            0.05514100193977356
        ],
        [
            0.08273451775312424,
            -0.8253257274627686,
            0.05748734995722771
        ],
        [
            0.13550834357738495,
            -0.8301162719726562,
            0.030161205679178238
        ],
        [
            0.13193483650684357,
            -0.8241539597511292,
            0.03526841104030609
        ],
        [
            0.13134655356407166,
            -0.8311115503311157,
            0.038686029613018036
        ],
        [
            0.13465160131454468,
            -0.8363246917724609,
            0.03286024183034897
        ],
        [
            0.1453246772289276,
            -0.8383901119232178,
            0.023125724866986275
        ],
        [
            0.14286184310913086,
            -0.8444352149963379,
            0.023251468315720558
        ],
        [
            0.1496880054473877,
            -0.8470959663391113,
            0.0200818944722414
        ],
        [
            0.15279915928840637,
            -0.8402437567710876,
            0.02108384668827057
        ],
        [
            0.13605180382728577,
            -0.8245498538017273,
            0.025011131539940834
        ],
        [
            0.1320360004901886,
            -0.8184137344360352,
            0.03048091009259224
        ],
        [
            0.13916000723838806,
            -0.8352086544036865,
            0.02603735402226448
        ],
        [
            0.14092028141021729,
            -0.8304774761199951,
            0.024899497628211975
        ],
        [
            0.15059682726860046,
            -0.8225843906402588,
            0.025138873606920242
        ],
        [
            0.14964056015014648,
            -0.8275595307350159,
            0.026169724762439728
        ],
        [
            0.15719112753868103,
            -0.8274044990539551,
            0.024843834340572357
        ],
        [
            0.15598371624946594,
            -0.8220210671424866,
            0.0234654750674963
        ],
        [
            0.14076922833919525,
            -0.8236135840415955,
            0.025146538391709328
        ],
        [
            0.14381444454193115,
            -0.8261074423789978,
            0.026418020948767662
        ],
        [
            0.1460387408733368,
            -0.8218459486961365,
            0.024829842150211334
        ],
        [
            0.14298351109027863,
            -0.8201141357421875,
            0.02266622707247734
        ],
        [
            0.14740504324436188,
            -0.8336536288261414,
            0.02331681177020073
        ],
        [
            0.15522238612174988,
            -0.8342450857162476,
            0.022556664422154427
        ],
        [
            0.16322287917137146,
            -0.8342465162277222,
            0.020795676857233047
        ],
        [
            0.16481882333755493,
            -0.8255401253700256,
            0.022571487352252007
        ],
        [
            0.12044015526771545,
            -0.8124497532844543,
            0.044051557779312134
        ],
        [
            0.12696072459220886,
            -0.8183492422103882,
            0.04028826951980591
        ],
        [
            0.12780198454856873,
            -0.8130694627761841,
            0.03560248389840126
        ],
        [
            0.12278471142053604,
            -0.808357834815979,
            0.03941110521554947
        ],
        [
            0.13888931274414062,
            -0.8177052736282349,
            0.02277263253927231
        ],
        [
            0.13514026999473572,
            -0.8022536039352417,
            0.026574287563562393
        ],
        [
            0.13598498702049255,
            -0.8060397505760193,
            0.026897909119725227
        ],
        [
            0.14147329330444336,
            -0.8058819770812988,
            0.02227194793522358
        ],
        [
            0.14038002490997314,
            -0.8023903369903564,
            0.022537972778081894
        ],
        [
            0.1079225167632103,
            -0.8000482320785522,
            0.046443041414022446
        ],
        [
            0.11361292004585266,
            -0.7978243827819824,
            0.04236495867371559
        ],
        [
            0.10961965471506119,
            -0.7915359735488892,
            0.04203355312347412
        ],
        [
            0.10265320539474487,
            -0.7926077246665955,
            0.0453035794198513
        ],
        [
            0.10820955783128738,
            -0.7858075499534607,
            0.03985162079334259
        ],
        [
            0.09864285588264465,
            -0.7853350639343262,
            0.04333013296127319
        ],
        [
            0.0988694429397583,
            -0.7708499431610107,
            0.03479735553264618
        ],
        [
            0.09822584688663483,
            -0.7774193286895752,
            0.039124101400375366
        ],
        [
            0.10871536284685135,
            -0.780011773109436,
            0.036278266459703445
        ],
        [
            0.11214365065097809,
            -0.7741548418998718,
            0.03209799528121948
        ],
        [
            0.12419737875461578,
            -0.7767373323440552,
            0.02263902872800827
        ],
        [
            0.12803950905799866,
            -0.7747311592102051,
            0.017866913229227066
        ],
        [
            0.12253467738628387,
            -0.7634793519973755,
            0.021744491532444954
        ],
        [
            0.11776123195886612,
            -0.7677901983261108,
            0.027085240930318832
        ],
        [
            0.12996572256088257,
            -0.7971106767654419,
            0.02475949004292488
        ],
        [
            0.12630638480186462,
            -0.7978511452674866,
            0.02768443152308464
        ],
        [
            0.12867003679275513,
            -0.7989323735237122,
            0.02862188033759594
        ],
        [
            0.13308416306972504,
            -0.7991940379142761,
            0.025678206235170364
        ],
        [
            0.12347428500652313,
            -0.7981370687484741,
            0.030595185235142708
        ],
        [
            0.1222548708319664,
            -0.7981441020965576,
            0.03192294389009476
        ],
        [
            0.12376827746629715,
            -0.799174427986145,
            0.032094042748212814
        ],
        [
            0.12411170452833176,
            -0.7988207936286926,
            0.030614590272307396
        ],
        [
            0.12512987852096558,
            -0.7982396483421326,
            0.028966598212718964
        ],
        [
            0.12536746263504028,
            -0.7962307929992676,
            0.028069116175174713
        ],
        [
            0.12397711724042892,
            -0.7972118854522705,
            0.029908286407589912
        ],
        [
            0.12878897786140442,
            -0.7947050333023071,
            0.025531327351927757
        ],
        [
            0.13913927972316742,
            -0.7905436754226685,
            0.016195446252822876
        ],
        [
            0.13691630959510803,
            -0.7912773489952087,
            0.019204523414373398
        ],
        [
            0.13729888200759888,
            -0.7957121133804321,
            0.017544247210025787
        ],
        [
            0.13918843865394592,
            -0.7953975796699524,
            0.015028806403279305
        ],
        [
            0.12616977095603943,
            -0.8007540702819824,
            0.03112793155014515
        ],
        [
            0.12554174661636353,
            -0.8023374080657959,
            0.03334568813443184
        ],
        [
            0.13029521703720093,
            -0.8042066097259521,
            0.03082871064543724
        ],
        [
            0.12954702973365784,
            -0.8015092611312866,
            0.029485046863555908
        ],
        [
            0.12478655576705933,
            -0.8045132160186768,
            0.03588305413722992
        ],
        [
            0.12277037650346756,
            -0.8006219863891602,
            0.03407910466194153
        ],
        [
            0.12134971469640732,
            -0.8017609119415283,
            0.03704150766134262
        ],
        [
            0.1220073476433754,
            -0.7963761687278748,
            0.03138046711683273
        ],
        [
            0.11948416382074356,
            -0.7951925992965698,
            0.0335310734808445
        ],
        [
            0.12084254622459412,
            -0.7976372838020325,
            0.03440255671739578
        ],
        [
            0.11980383843183517,
            -0.7918225526809692,
            0.031715936958789825
        ],
        [
            0.12328748404979706,
            -0.7941922545433044,
            0.029345612972974777
        ],
        [
            0.12647023797035217,
            -0.791695237159729,
            0.02682027593255043
        ],
        [
            0.13071167469024658,
            -0.7891929149627686,
            0.02357436902821064
        ],
        [
            0.12614783644676208,
            -0.7852201461791992,
            0.02491733245551586
        ],
        [
            0.12233374267816544,
            -0.7883443832397461,
            0.02877405472099781
        ],
        [
            0.12963464856147766,
            -0.8084454536437988,
            0.032617174088954926
        ],
        [
            0.11776544898748398,
            -0.797585129737854,
            0.03786860406398773
        ],
        [
            0.11810938268899918,
            -0.8039729595184326,
            0.04122146964073181
        ],
        [
            0.11570054292678833,
            -0.7931054830551147,
            0.03737657517194748
        ],
        [
            0.11505176872015,
            -0.7886490821838379,
            0.035308901220560074
        ],
        [
            0.11671406775712967,
            -0.784242570400238,
            0.032058581709861755
        ],
        [
            0.12030385434627533,
            -0.7801872491836548,
            0.027393298223614693
        ],
        [
            0.10973779857158661,
            -0.7570852041244507,
            0.021044788882136345
        ],
        [
            0.10500183701515198,
            -0.7629109621047974,
            0.028110593557357788
        ],
        [
            0.14403113722801208,
            -0.8774813413619995,
            0.041240304708480835
        ],
        [
            0.13875409960746765,
            -0.8776642084121704,
            0.0487406961619854
        ],
        [
            0.13268324732780457,
            -0.8708014488220215,
            0.047625988721847534
        ],
        [
            0.13256585597991943,
            -0.8731527328491211,
            0.049200788140296936
        ],
        [
            0.13736394047737122,
            -0.8737404942512512,
            0.045347243547439575
        ],
        [
            0.13638734817504883,
            -0.8708540201187134,
            0.04463571682572365
        ],
        [
            0.11271672695875168,
            -0.8674161434173584,
            0.05575914680957794
        ],
        [
            0.11878912895917892,
            -0.8679909110069275,
            0.05251991003751755
        ],
        [
            0.11667057871818542,
            -0.8644995093345642,
            0.05240047723054886
        ],
        [
            0.11042973399162292,
            -0.8609691858291626,
            0.05704652518033981
        ],
        [
            0.12380161881446838,
            -0.8552669286727905,
            0.04714403301477432
        ],
        [
            0.11983552575111389,
            -0.8573826551437378,
            0.05042324215173721
        ],
        [
            0.12465204298496246,
            -0.863190233707428,
            0.047611698508262634
        ],
        [
            0.12764553725719452,
            -0.8616815805435181,
            0.04541895538568497
        ],
        [
            0.13044774532318115,
            -0.8606311082839966,
            0.042447082698345184
        ],
        [
            0.13293668627738953,
            -0.8601316809654236,
            0.03884319216012955
        ],
        [
            0.1311330795288086,
            -0.8551071882247925,
            0.03881266713142395
        ],
        [
            0.12778767943382263,
            -0.8547780513763428,
            0.043096475303173065
        ],
        [
            0.1405945122241974,
            -0.8741955757141113,
            0.03952152281999588
        ],
        [
            0.1423032283782959,
            -0.8730955123901367,
            0.03258119523525238
        ],
        [
            0.14046204090118408,
            -0.8703829646110535,
            0.0335942879319191
        ],
        [
            0.13946956396102905,
            -0.8710247278213501,
            0.03962251543998718
        ],
        [
            0.13712343573570251,
            -0.8645538091659546,
            0.02211860939860344
        ],
        [
            0.13836297392845154,
            -0.866784930229187,
            0.02366974763572216
        ],
        [
            0.14079995453357697,
            -0.8677773475646973,
            0.0206658523529768
        ],
        [
            0.1392553597688675,
            -0.8635072708129883,
            0.01947695016860962
        ],
        [
            0.1379447877407074,
            -0.8606530427932739,
            0.02156027965247631
        ],
        [
            0.1367376297712326,
            -0.8628993034362793,
            0.023350313305854797
        ],
        [
            0.14572133123874664,
            -0.933144748210907,
            0.04172792658209801
        ],
        [
            0.15206992626190186,
            -0.9149105548858643,
            0.039245687425136566
        ],
        [
            0.1284307837486267,
            -0.9289838075637817,
            0.05258716642856598
        ],
        [
            0.11329486966133118,
            -0.9207619428634644,
            0.05862126499414444
        ],
        [
            0.09961237758398056,
            -0.9091765880584717,
            0.0631638914346695
        ],
        [
            0.10007528215646744,
            -0.806045413017273,
            0.051074542105197906
        ],
        [
            0.09210685640573502,
            -0.7984800338745117,
            0.050391241908073425
        ],
        [
            0.08018530905246735,
            -0.8082460165023804,
            0.05422360450029373
        ],
        [
            0.07393510639667511,
            -0.7989310026168823,
            0.051029451191425323
        ],
        [
            0.08696587383747101,
            -0.7891192436218262,
            0.047419473528862
        ],
        [
            0.08494924008846283,
            -0.7706045508384705,
            0.03457844257354736
        ],
        [
            0.08442270755767822,
            -0.7792894840240479,
            0.04223444312810898
        ],
        [
            0.0681723803281784,
            -0.7897241711616516,
            0.045068368315696716
        ],
        [
            0.054018642753362656,
            -0.8049719333648682,
            0.04774496704339981
        ],
        [
            0.0625397115945816,
            -0.8112796545028687,
            0.053104858845472336
        ],
        [
            0.04397999867796898,
            -0.8229485750198364,
            0.04749462008476257
        ],
        [
            0.04318094253540039,
            -0.7989907264709473,
            0.040728986263275146
        ],
        [
            0.03634214401245117,
            -0.8231794834136963,
            0.04240548983216286
        ],
        [
            0.04565997049212456,
            -0.7630674839019775,
            0.028105778619647026
        ],
        [
            0.03975851088762283,
            -0.7533972263336182,
            0.028754403814673424
        ],
        [
            0.024399621412158012,
            -0.7621524333953857,
            0.03390372544527054
        ],
        [
            0.030444324016571045,
            -0.7721360921859741,
            0.034654535353183746
        ],
        [
            0.07133978605270386,
            -0.817946195602417,
            0.056126296520233154
        ],
        [
            0.08951736241579056,
            -0.8789652585983276,
            0.062286555767059326
        ],
        [
            0.10136248171329498,
            -0.8768711090087891,
            0.061361633241176605
        ],
        [
            0.08322396874427795,
            -0.8673194646835327,
            0.06302743405103683
        ],
        [
            0.08304357528686523,
            -0.9401285648345947,
            0.060352202504873276
        ],
        [
            0.10012268275022507,
            -0.9323191046714783,
            0.0614020898938179
        ],
        [
            0.08846162259578705,
            -0.9188086986541748,
            0.06493252515792847
        ],
        [
            0.07385960221290588,
            -0.9280421733856201,
            0.06481333076953888
        ],
        [
            0.10608717054128647,
            -0.9707523584365845,
            0.037031278014183044
        ],
        [
            0.12787237763404846,
            -0.9538984894752502,
            0.04208788275718689
        ],
        [
            0.11489959061145782,
            -0.9451175928115845,
            0.05193677917122841
        ],
        [
            0.0967172235250473,
            -0.957988977432251,
            0.049366243183612823
        ],
        [
            0.06114792078733444,
            -0.9322028160095215,
            0.06273230910301208
        ],
        [
            0.04408141225576401,
            -0.936784029006958,
            0.0582088828086853
        ],
        [
            0.04239843785762787,
            -0.9534201622009277,
            0.05249787122011185
        ],
        [
            0.06372230499982834,
            -0.9494854807853699,
            0.05696258321404457
        ],
        [
            0.04348151385784149,
            -0.9737147092819214,
            0.03935425356030464
        ],
        [
            0.0698232352733612,
            -0.9693328738212585,
            0.045169707387685776
        ],
        [
            0.02467270940542221,
            -0.811109185218811,
            0.0375746414065361
        ],
        [
            0.025638975203037262,
            -0.8300860524177551,
            0.03798849135637283
        ],
        [
            0.038330186158418655,
            -0.783991277217865,
            0.03572634607553482
        ],
        [
            0.022133979946374893,
            -0.7946098446846008,
            0.036320365965366364
        ],
        [
            0.04692956805229187,
            -0.9886012077331543,
            0.02101011574268341
        ],
        [
            0.07794436812400818,
            -0.9846504926681519,
            0.028449516743421555
        ],
        [
            -0.0037467777729034424,
            -0.923822283744812,
            0.033948563039302826
        ],
        [
            0.007194980978965759,
            -0.9397783279418945,
            0.03914549946784973
        ],
        [
            0.017215996980667114,
            -0.9245564341545105,
            0.04926471412181854
        ],
        [
            0.005594119429588318,
            -0.9116950035095215,
            0.04353433474898338
        ],
        [
            -0.012269482016563416,
            -0.9354249835014343,
