{
    "pred_cam": [
        1.5663795471191406,
        -0.03788577765226364,
        0.3623093068599701
    ],
    "pred_smpl_params": {
        "global_orient": [
            [
                [
                    -0.20352156460285187,
                    -0.06729333102703094,
                    0.9767552018165588
                ],
                [
                    -0.15326860547065735,
                    -0.9831453561782837,
                    -0.09966939687728882
                ],
                [
                    0.966999351978302,
                    -0.16999077796936035,
                    0.18977732956409454
                ]
            ]
        ],
        "body_pose": [
            [
                [
                    0.9918131232261658,
                    -0.05828949809074402,
                    0.1136179119348526
                ],
                [
                    0.05858781561255455,
                    0.9982818961143494,
                    0.0007146745338104665
                ],
                [
                    -0.11346438527107239,
                    0.005947801284492016,
                    0.9935241341590881
                ]
            ],
            [
                [
                    0.9931756854057312,
                    -0.09244685620069504,
                    -0.07110314071178436
                ],
                [
                    0.09828377515077591,
                    0.9916477203369141,
                    0.08351724594831467
                ],
                [
                    0.06278835982084274,
                    -0.08993557840585709,
                    0.9939664006233215
                ]
            ],
            [
                [
                    0.998117208480835,
                    0.03894057124853134,
                    -0.04738858342170715
                ],
                [
                    -0.04578666761517525,
                    0.9871302247047424,
                    -0.1532236933708191
                ],
                [
                    0.040812086313962936,
                    0.15510496497154236,
                    0.9870546460151672
                ]
            ],
            [
                [
                    0.9994802474975586,
                    0.024059033021330833,
                    -0.02145511843264103
                ],
                [
                    -0.025444166734814644,
                    0.9974408745765686,
                    -0.06681570410728455
                ],
                [
                    0.019792694598436356,
                    0.06732689589262009,
                    0.9975346326828003
                ]
            ],
            [
                [
                    0.9916300773620605,
                    -0.1263943761587143,
                    0.026350175961852074
                ],
                [
                    0.1287599802017212,
                    0.9831705093383789,
                    -0.1296021044254303
                ],
                [
                    -0.009525737725198269,
                    0.13191017508506775,
                    0.9912160038948059
                ]
            ],
            [
                [
                    0.9989895224571228,
                    0.04120573401451111,
                    -0.017939824610948563
                ],
                [
                    -0.041061993688344955,
                    0.9991220235824585,
                    0.008308867923915386
                ],
                [
                    0.018266448751091957,
                    -0.007563828025013208,
                    0.9998044371604919
                ]
            ],
            [
                [
                    0.978924036026001,
                    0.026509609073400497,
                    0.2024967223405838
                ],
                [
                    -0.030039891600608826,
                    0.9994451999664307,
                    0.014380053617060184
                ],
                [
                    -0.20200319588184357,
                    -0.020159970968961716,
                    0.9791772961616516
                ]
            ],
            [
                [
                    0.9815530180931091,
                    -0.015704702585935593,
                    -0.19054391980171204
                ],
                [
                    0.014481017366051674,
                    0.9998645782470703,
                    -0.007812916301190853
                ],
                [
                    0.19064083695411682,
                    0.004909524694085121,
                    0.9816474914550781
                ]
            ],
            [
                [
                    0.9990534782409668,
                    0.03089873306453228,
                    -0.030617505311965942
                ],
                [
                    -0.03210695832967758,
                    0.9986921548843384,
                    -0.039789170026779175
                ],
                [
                    0.02934802696108818,
                    0.04073454439640045,
                    0.9987389445304871
                ]
            ],
            [
                [
                    0.9986284375190735,
                    -0.05199912562966347,
                    0.0061134579591453075
                ],
                [
                    0.0519670806825161,
                    0.9986347556114197,
                    0.005289621651172638
                ],
                [
                    -0.006380167789757252,
                    -0.004964667838066816,
                    0.9999673366546631
                ]
            ],
            [
                [
                    0.9972668290138245,
                    0.0684555321931839,
                    -0.02779616415500641
                ],
                [
                    -0.06785602122545242,
                    0.9974531531333923,
                    0.021968010812997818
                ],
                [
                    0.029229208827018738,
                    -0.0200218316167593,
                    0.9993720650672913
                ]
            ],
            [
                [
                    0.9923100471496582,
                    0.020893823355436325,
                    -0.12200028449296951
                ],
                [
                    -0.02156141959130764,
                    0.9997588992118835,
                    -0.004154333379119635
                ],
                [
                    0.1218840703368187,
                    0.006752886809408665,
                    0.9925212860107422
                ]
            ],
            [
                [
                    0.9356668591499329,
                    0.28714025020599365,
                    -0.20512929558753967
                ],
                [
                    -0.29619839787483215,
                    0.9550204873085022,
                    -0.014226334169507027
                ],
                [
                    0.19181771576404572,
                    0.07407008111476898,
                    0.9786314964294434
                ]
            ],
            [
                [
                    0.9504603147506714,
                    -0.25413990020751953,
                    0.1789923459291458
                ],
                [
                    0.25892868638038635,
                    0.9658900499343872,
                    -0.003521125530824065
                ],
                [
                    -0.17199206352233887,
                    0.049692943692207336,
                    0.9838442802429199
                ]
            ],
            [
                [
                    0.9983237981796265,
                    -0.056818775832653046,
                    -0.01101384311914444
                ],
                [
                    0.052390795201063156,
                    0.9680539965629578,
                    -0.24520741403102875
                ],
                [
                    0.02459438145160675,
                    0.2442193627357483,
                    0.9694080948829651
                ]
            ],
            [
                [
                    0.5188217759132385,
                    0.8045589327812195,
                    -0.28897911310195923
                ],
                [
                    -0.8313062191009521,
                    0.5536543726921082,
                    0.04895757511258125
                ],
                [
                    0.19938378036022186,
                    0.21482989192008972,
                    0.956082820892334
                ]
            ],
            [
                [
                    0.5285357236862183,
                    -0.804569661617279,
                    0.2707725465297699
                ],
                [
                    0.8275163173675537,
                    0.559462308883667,
                    0.04710376635193825
                ],
                [
                    -0.18938526511192322,
                    0.19917267560958862,
                    0.9614903926849365
                ]
            ],
            [
                [
                    0.944453775882721,
                    -0.04031234234571457,
                    -0.3261624574661255
                ],
                [
                    -0.003065514611080289,
                    0.9913246631622314,
                    -0.13140028715133667
                ],
                [
                    0.3286299407482147,
                    0.12510135769844055,
                    0.9361367225646973
                ]
            ],
            [
                [
                    0.9417374134063721,
                    0.02100856602191925,
                    0.335692435503006
                ],
                [
                    0.026895849034190178,
                    0.9901478290557861,
                    -0.13741880655288696
                ],
                [
                    -0.3352721035480499,
                    0.13844116032123566,
                    0.9318941831588745
                ]
            ],
            [
                [
                    0.9989386796951294,
                    0.04248850792646408,
                    -0.017784934490919113
                ],
                [
                    -0.041107043623924255,
                    0.9965630769729614,
                    0.07191842049360275
                ],
                [
                    0.02077951468527317,
                    -0.07111100107431412,
                    0.9972519874572754
                ]
            ],
            [
                [
                    0.9998105764389038,
                    -0.019307933747768402,
                    0.002449389547109604
                ],
                [
                    0.019248908385634422,
                    0.999568521976471,
                    0.0221873726695776
                ],
                [
                    -0.002876725047826767,
                    -0.02213602140545845,
                    0.9997508525848389
                ]
            ],
            [
                [
                    0.9783815145492554,
                    0.17823323607444763,
                    -0.10489286482334137
                ],
                [
                    -0.15819121897220612,
                    0.9716778993606567,
                    0.17554979026317596
                ],
                [
                    0.13321086764335632,
                    -0.1551615446805954,
                    0.9788666367530823
                ]
            ],
            [
                [
                    0.9811043739318848,
                    -0.1727978140115738,
                    0.08703447133302689
                ],
                [
                    0.15313388407230377,
                    0.9684598445892334,
                    0.1965591311454773
                ],
                [
                    -0.11825438588857651,
                    -0.17951712012290955,
                    0.9766213893890381
                ]
            ]
        ],
        "betas": [
            -0.022518828511238098,
            0.17273001372814178,
            0.07888400554656982,
            0.15833912789821625,
            0.11841046810150146,
            0.15591630339622498,
            -0.026455610990524292,
            -0.12493270635604858,
            0.09310250729322433,
            -0.1007767915725708
        ]
    },
    "pred_cam_t": [
        -0.03788577765226364,
        0.3623093068599701,
        24.938081741333008
    ],
    "focal_length": [
        5000.0,
        5000.0
    ],
    "pred_keypoints_3d": [
        [
            0.15622550249099731,
            -0.8146716356277466,
            -0.022712813690304756
        ],
        [
            -0.014723528176546097,
            -0.7332355380058289,
            -0.018502702936530113
        ],
        [
            0.010968601331114769,
            -0.6373903751373291,
            -0.19220033288002014
        ],
        [
            0.029864661395549774,
            -0.38882654905319214,
            -0.24378430843353271
        ],
        [
            0.14114117622375488,
            -0.15923194587230682,
            -0.252102255821228
        ],
        [
            -0.0246981643140316,
            -0.6484540700912476,
            0.16089750826358795
        ],
        [
            -0.02528211660683155,
            -0.3953671455383301,
            0.22495906054973602
        ],
        [
            0.08044283837080002,
            -0.1732279658317566,
            0.26440173387527466
        ],
        [
            -0.0019162087701261044,
            -0.2246624082326889,
            0.026679422706365585
        ],
        [
            0.012627625837922096,
            -0.12498513609170914,
            -0.02358987182378769
        ],
        [
            0.062230490148067474,
            0.2500265836715698,
            0.04396231472492218
        ],
        [
            0.012453071773052216,
            0.6139827966690063,
            0.2013576179742813
        ],
        [
            -0.017331557348370552,
            -0.14455336332321167,
            0.10720069706439972
        ],
        [
            -0.013193590566515923,
            0.21368232369422913,
            0.22243812680244446
        ],
        [
            -0.05322994291782379,
            0.6083528399467468,
            0.2690686881542206
        ],
        [
            0.13035717606544495,
            -0.8585885763168335,
            -0.05741521716117859
        ],
        [
            0.13437220454216003,
            -0.8626220226287842,
            0.008767864666879177
        ],
        [
            0.03328806161880493,
            -0.8616049885749817,
            -0.09288033843040466
        ],
        [
            0.04175744205713272,
            -0.8707451820373535,
            0.05230353772640228
        ],
        [
            0.11991291493177414,
            0.6502594351768494,
            0.36581939458847046
        ],
        [
            0.04501286894083023,
            0.6475450992584229,
            0.4040376543998718
        ],
        [
            -0.10922099649906158,
            0.6468865871429443,
            0.25509023666381836
        ],
        [
            0.2055562138557434,
            0.6636672019958496,
            0.23302814364433289
        ],
        [
            0.15918292105197906,
            0.6952337026596069,
            0.1654529869556427
        ],
        [
            -0.04609766602516174,
            0.6553210020065308,
            0.21149562299251556
        ],
        [
            -0.011872151866555214,
            0.5751761198043823,
            0.1599266231060028
        ],
        [
            0.05797116830945015,
            0.1843269169330597,
            0.027817700058221817
        ],
        [
            0.01633790135383606,
            -0.23303982615470886,
            -0.12165044248104095
        ],
        [
            -0.05345578119158745,
            -0.26077592372894287,
            0.15779425203800201
        ],
        [
            -0.017758820205926895,
            0.16870227456092834,
            0.22254279255867004
        ],
        [
            -0.07970532029867172,
            0.5742715001106262,
            0.26045867800712585
        ],
        [
            0.15779654681682587,
            -0.18683859705924988,
            -0.23442193865776062
        ],
        [
            0.05449974164366722,
            -0.4121522903442383,
            -0.2629803419113159
        ],
        [
            0.001833457499742508,
            -0.6687763929367065,
            -0.16032660007476807
        ],
        [
            -0.03029060736298561,
            -0.6774135828018188,
            0.130580335855484
        ],
        [
            0.0057000406086444855,
            -0.425759494304657,
            0.2507665157318115
        ],
        [
            0.09035277366638184,
            -0.1916237771511078,
            0.26564764976501465
        ],
        [
            -0.00465212669223547,
            -0.7283996343612671,
            -0.015212262980639935
        ],
        [
            0.06392939388751984,
            -0.9148188829421997,
            -0.021279461681842804
        ],
        [
            -0.018299248069524765,
            -0.24707451462745667,
            0.01863781176507473
        ],
        [
            -0.011425387114286423,
            -0.6715630292892456,
            -0.015490934252738953
        ],
        [
            -0.04042140394449234,
            -0.4938250482082367,
            -0.01365312747657299
        ],
        [
            0.07831769436597824,
            -0.8027423620223999,
            -0.011782743968069553
        ],
        [
            0.05894966423511505,
            -0.9344602227210999,
            -0.02642901986837387
        ]
    ],
    "pred_vertices": [
        [
            0.1432487517595291,
            -0.9102762937545776,
            0.01727726310491562
        ],
        [
            0.1473928689956665,
            -0.8943004608154297,
            0.012120570987462997
        ],
        [
            0.13821759819984436,
            -0.8930943012237549,
            0.02326269820332527
        ],
        [
            0.13114480674266815,
            -0.9057022929191589,
            0.02883719839155674
        ],
        [
            0.1421968936920166,
            -0.8826891183853149,
            0.020078647881746292
        ],
        [
            0.14872589707374573,
            -0.8821014165878296,
            0.009592555463314056
        ],
        [
            0.12717783451080322,
            -0.8893632888793945,
            0.030825430527329445
        ],
        [
            0.11861036717891693,
            -0.8978358507156372,
            0.036478232592344284
        ],
        [
            0.11003934592008591,
            -0.8562458753585815,
            0.03931708261370659
        ],
        [
            0.100199393928051,
            -0.8538678884506226,
            0.04387696087360382
        ],
        [
            0.10382770001888275,
            -0.865760087966919,
            0.04284914582967758
        ],
        [
            0.11256978660821915,
            -0.8650469779968262,
            0.037359483540058136
        ],
        [
            0.10207593441009521,
            -0.8310889005661011,
            0.040138356387615204
        ],
        [
            0.10832665115594864,
            -0.8202351331710815,
            0.03430987522006035
        ],
        [
            0.09717778116464615,
            -0.8131544589996338,
            0.03740360587835312
        ],
        [
            0.08986056596040726,
            -0.8237630128860474,
            0.042006753385066986
        ],
        [
            0.13252808153629303,
            -0.8277553915977478,
            0.0003535967553034425
        ],
        [
            0.13053268194198608,
            -0.8218605518341064,
            0.006336607038974762
        ],
        [
            0.13109585642814636,
            -0.8288427591323853,
            0.00977507047355175
        ],
        [
            0.13260166347026825,
            -0.8339965343475342,
            0.0031831804662942886
        ],
        [
            0.13990658521652222,
            -0.8358196020126343,
            -0.009481959976255894
        ],
        [
            0.13768388330936432,
            -0.8419018387794495,
            -0.008665250614285469
        ],
        [
            0.14325451850891113,
            -0.8444766998291016,
            -0.01376910600811243
        ],
        [
            0.14641544222831726,
            -0.8375880122184753,
            -0.013690193183720112
        ],
        [
            0.1314050257205963,
            -0.8221660852432251,
            -0.004735324531793594
        ],
        [
            0.1291017234325409,
            -0.8161325454711914,
            0.0016648194286972284
        ],
        [
            0.13485391438007355,
            -0.8327844142913818,
            -0.0047025857493281364
        ],
        [
            0.13612352311611176,
            -0.827950119972229,
            -0.0064329467713832855
        ],
        [
            0.14528071880340576,
            -0.8199618458747864,
            -0.009032760746777058
        ],
        [
            0.1447277069091797,
            -0.8249437212944031,
            -0.0077807605266571045
        ],
        [
            0.15151704847812653,
            -0.8246933817863464,
            -0.011316372081637383
        ],
        [
            0.14992529153823853,
            -0.8193274736404419,
            -0.012231973931193352
        ],
        [
            0.13594979047775269,
            -0.8210541009902954,
            -0.006142826285213232
        ],
        [
            0.13925009965896606,
            -0.8235117793083191,
            -0.00584710668772459
        ],
        [
            0.1408514678478241,
            -0.8192249536514282,
            -0.008013791404664516
        ],
        [
            0.1372675597667694,
            -0.8175396919250488,
            -0.009192103520035744
        ],
        [
            0.14186227321624756,
            -0.8310099244117737,
            -0.009928456507623196
        ],
        [
            0.14906597137451172,
            -0.8315312266349792,
            -0.012974904850125313
        ],
        [
            0.15615057945251465,
            -0.83144611120224,
            -0.01703878864645958
        ],
        [
            0.15810845792293549,
            -0.8227622509002686,
            -0.01575569249689579
        ],
        [
            0.12198468297719955,
            -0.8103426098823547,
            0.018135353922843933
        ],
        [
            0.12720784544944763,
            -0.8160924911499023,
            0.012584298849105835
        ],
        [
            0.1264895349740982,
            -0.8108733296394348,
            0.007803104817867279
        ],
        [
            0.12274587899446487,
            -0.8062572479248047,
            0.012940787710249424
        ],
        [
            0.1333889365196228,
            -0.8152196407318115,
            -0.007892473600804806
        ],
        [
            0.13082849979400635,
            -0.7998663187026978,
            -0.0031035221181809902
        ],
        [
            0.13172432780265808,
            -0.8036429286003113,
            -0.003056733403354883
        ],
        [
            0.13561752438545227,
            -0.8033998608589172,
            -0.009114818647503853
        ],
        [
            0.13466086983680725,
            -0.7999321222305298,
            -0.008505981415510178
        ],
        [
            0.11053160578012466,
            -0.7981588840484619,
            0.024134641513228416
        ],
        [
            0.11470236629247665,
            -0.7958800792694092,
            0.01848597824573517
        ],
        [
            0.11075558513402939,
            -0.7896479368209839,
            0.019348660483956337
        ],
        [
            0.10508954524993896,
            -0.79079270362854,
            0.024604959413409233
        ],
        [
            0.10871141403913498,
            -0.7839661836624146,
            0.017654921859502792
        ],
        [
            0.10063578933477402,
            -0.7835926413536072,
            0.02384372241795063
        ],
        [
            0.0982891395688057,
            -0.7691071033477783,
            0.01555823627859354
        ],
        [
            0.0989701896905899,
            -0.7756843566894531,
            0.019924458116292953
        ],
        [
            0.10812048614025116,
            -0.7781836986541748,
            0.014062485657632351
        ],
        [
            0.11013849079608917,
            -0.7723098993301392,
            0.009048289619386196
        ],
        [
            0.11900847405195236,
            -0.7746320962905884,
            -0.0035296366550028324
        ],
        [
            0.12121911346912384,
            -0.7725883722305298,
            -0.009209966287016869
        ],
        [
            0.11700452119112015,
            -0.7614321708679199,
            -0.0038623306900262833
        ],
        [
            0.11398636549711227,
            -0.7658339738845825,
            0.002629377180710435
        ],
        [
            0.12530303001403809,
            -0.7948579788208008,
            -0.003174825105816126
        ],
        [
            0.1226653978228569,
            -0.7956479787826538,
            0.000699709402397275
        ],
        [
            0.12520168721675873,
            -0.7966945171356201,
            0.000902873114682734
        ],
        [
            0.1285700798034668,
            -0.796894907951355,
            -0.0032156193628907204
        ],
        [
            0.12079399079084396,
            -0.7959926128387451,
            0.004298851825296879
        ],
        [
            0.12000174820423126,
            -0.7960234880447388,
            0.005924432538449764
        ],
        [
            0.12150795757770538,
            -0.7970279455184937,
            0.005653271451592445
        ],
        [
            0.12142153084278107,
            -0.7966174483299255,
            0.004121816251426935
        ],
        [
            0.1219148114323616,
            -0.7960258722305298,
            0.002250686287879944
        ],
        [
            0.12187143415212631,
            -0.7940279245376587,
            0.0013270488707348704
        ],
        [
            0.12107126414775848,
            -0.7950687408447266,
            0.0034989332780241966
        ],
        [
            0.12439808994531631,
            -0.7924697399139404,
            -0.002104084473103285
        ],
        [
            0.13152936100959778,
            -0.7881093621253967,
            -0.014179940335452557
        ],
        [
            0.13029013574123383,
            -0.7889477014541626,
            -0.010530577972531319
        ],
        [
            0.13018184900283813,
            -0.7933501601219177,
            -0.012246181257069111
        ],
        [
            0.1312752366065979,
            -0.792936384677887,
            -0.015329604968428612
        ],
        [
            0.12357720732688904,
            -0.7984583973884583,
            0.003894299268722534
        ],
        [
            0.12356405705213547,
            -0.8001732230186462,
            0.006323626730591059
        ],
        [
            0.12738442420959473,
            -0.8019701242446899,
            0.0025145281106233597
        ],
        [
            0.12627708911895752,
            -0.7992713451385498,
            0.001464004977606237
        ],
        [
            0.12358997762203217,
            -0.8023382425308228,
            0.008966831490397453
        ],
        [
            0.12111931294202805,
            -0.7985001802444458,
            0.007821494713425636
        ],
        [
            0.12063460797071457,
            -0.7996218204498291,
            0.010978635400533676
        ],
        [
            0.11959949135780334,
            -0.7942705154418945,
            0.005474702455103397
        ],
        [
            0.11776822805404663,
            -0.7931380867958069,
            0.008260531350970268
        ],
        [
            0.11933796852827072,
            -0.7955593466758728,
            0.008695006370544434
        ],
        [
            0.11754260957241058,
            -0.7897686958312988,
            0.0064353118650615215
        ],
        [
            0.12023406475782394,
            -0.7920742034912109,
            0.0031607819255441427
        ],
        [
            0.12254016846418381,
            -0.7895407676696777,
            -0.00017536303494125605
        ],
        [
            0.12565109133720398,
            -0.7869719862937927,
            -0.0045120855793356895
        ],
        [
            0.12164541333913803,
            -0.7830648422241211,
            -0.0018940572626888752
        ],
        [
            0.11912049353122711,
            -0.7862508893013,
            0.002902960404753685
        ],
        [
            0.12734445929527283,
            -0.8061521053314209,
            0.0043034665286540985
        ],
        [
            0.11735939234495163,
            -0.7955759763717651,
            0.01291839499026537
        ],
        [
            0.11872702836990356,
            -0.8019680976867676,
            0.01604931615293026
        ],
        [
            0.115208201110363,
            -0.7911355495452881,
            0.013047548942267895
        ],
        [
            0.1139831468462944,
            -0.7866864204406738,
            0.011251670308411121
        ],
        [
            0.11459095776081085,
            -0.7822785973548889,
            0.007707730866968632
        ],
        [
            0.11671573668718338,
            -0.7781440615653992,
            0.0021760340314358473
        ],
        [
            0.1045699417591095,
            -0.7551277875900269,
            -0.0007524950779043138
        ],
        [
            0.10209276527166367,
            -0.7610885500907898,
            0.00739890243858099
        ],
        [
            0.14463001489639282,
            -0.8749444484710693,
            0.00796307809650898
        ],
        [
            0.14166802167892456,
            -0.8752745389938354,
            0.016671817749738693
        ],
        [
            0.13545215129852295,
            -0.8684831857681274,
            0.017484931275248528
        ],
        [
            0.13576485216617584,
            -0.8709329962730408,
            0.019148310646414757
        ],
        [
            0.1393277645111084,
            -0.8713197708129883,
            0.013892903923988342
        ],
        [
            0.13815009593963623,
            -0.8684282302856445,
            0.01356237567961216
        ],
        [
            0.11858819425106049,
            -0.8654476404190063,
            0.03113725781440735
        ],
        [
            0.12349407374858856,
            -0.8659040331840515,
            0.026231899857521057
        ],
        [
            0.12139070779085159,
            -0.8624671697616577,
            0.02680147998034954
        ],
        [
            0.11675521731376648,
            -0.8590593338012695,
            0.033186569809913635
        ],
        [
            0.12662528455257416,
            -0.8530946969985962,
            0.019729936495423317
        ],
        [
            0.12378295511007309,
            -0.8552907109260559,
            0.024033429101109505
        ],
        [
            0.12763667106628418,
            -0.8609874844551086,
            0.01986374333500862
        ],
        [
            0.12987613677978516,
            -0.8594166040420532,
            0.016919218003749847
        ],
        [
            0.13165006041526794,
            -0.8583003878593445,
            0.01323564164340496
        ],
        [
            0.1329900175333023,
            -0.8577861785888672,
            0.009074768051505089
        ],
        [
            0.13119983673095703,
            -0.852741539478302,
            0.009588221088051796
        ],
        [
            0.12925881147384644,
            -0.852480947971344,
            0.014672528952360153
        ],
        [
            0.14075949788093567,
            -0.871623158454895,
            0.007370410952717066
        ],
        [
            0.14032769203186035,
            -0.8705143332481384,
            0.00023622100707143545
        ],
        [
            0.1388060748577118,
            -0.8678292036056519,
            0.0017310139955952764
        ],
        [
            0.1396714150905609,
            -0.8685010671615601,
            0.007828876376152039
        ],
        [
            0.13212378323078156,
            -0.8620384931564331,
            -0.008236590772867203
        ],
        [
            0.13380351662635803,
            -0.8642701506614685,
            -0.007143352180719376
        ],
        [
            0.13528749346733093,
            -0.8651954531669617,
            -0.010715452954173088
        ],
        [
            0.1333661824464798,
            -0.8609697818756104,
            -0.011377166956663132
        ],
        [
            0.1326770931482315,
            -0.8581326007843018,
            -0.009009257890284061
        ],
        [
            0.13208597898483276,
            -0.8603905439376831,
            -0.006943120621144772
        ],
        [
            0.14648382365703583,
            -0.9313668012619019,
            0.007718241773545742
        ],
        [
            0.15176472067832947,
            -0.9127758741378784,
            0.0034221557434648275
        ],
        [
            0.13329368829727173,
            -0.9272085428237915,
            0.02327406220138073
        ],
        [
            0.12049980461597443,
            -0.9191675186157227,
            0.03367691859602928
        ],
        [
            0.10857926309108734,
            -0.9076462984085083,
            0.04208870232105255
        ],
        [
            0.10443394631147385,
            -0.8042542934417725,
            0.030923934653401375
        ],
        [
            0.0965518206357956,
            -0.7967745661735535,
            0.03263450413942337
        ],
        [
            0.08634299784898758,
            -0.8066779375076294,
            0.03971732780337334
        ],
        [
            0.07937994599342346,
            -0.7974289655685425,
            0.038518600165843964
        ],
        [
            0.09072531759738922,
            -0.7874647378921509,
            0.031288810074329376
        ],
        [
            0.08496291935443878,
            -0.7688827514648438,
            0.019606849178671837
        ],
        [
            0.08674303442239761,
            -0.7776250839233398,
            0.02706964686512947
        ],
        [
            0.07214220613241196,
            -0.7882131934165955,
            0.03456001728773117
        ],
        [
            0.059491273015737534,
            -0.8036518096923828,
            0.041193537414073944
        ],
        [
            0.06912656128406525,
            -0.8098791837692261,
            0.04365032538771629
        ],
        [
            0.05009591579437256,
            -0.8217158317565918,
            0.04384390264749527
        ],
        [
            0.04720962792634964,
            -0.7975964546203613,
            0.03794145584106445
        ],
        [
            0.04139942675828934,
            -0.8219473361968994,
            0.04139426350593567
        ],
        [
            0.04615025222301483,
            -0.7616985440254211,
            0.025131383910775185
        ],
        [
            0.04088103771209717,
            -0.7521675825119019,
            0.027416398748755455
        ],
        [
            0.027659663930535316,
            -0.7609726190567017,
            0.036869972944259644
        ],
        [
            0.033492423593997955,
            -0.7708587050437927,
            0.035847365856170654
        ],
        [
            0.07845592498779297,
            -0.8164880871772766,
            0.04405928775668144
        ],
        [
            0.09828135371208191,
            -0.8776188492774963,
            0.04421582445502281
        ],
        [
            0.10937369614839554,
            -0.875215470790863,
            0.03975103422999382
        ],
        [
            0.09229566901922226,
            -0.8657769560813904,
            0.04694729670882225
        ],
        [
            0.09218287467956543,
            -0.9390357732772827,
            0.0442277193069458
        ],
        [
            0.10872571170330048,
            -0.9309490323066711,
            0.040491532534360886
        ],
        [
            0.09851793944835663,
            -0.9174350500106812,
            0.04700050875544548
        ],
        [
            0.08460412174463272,
            -0.9269992113113403,
            0.051248885691165924
        ],
        [
            0.10760773718357086,
            -0.9693375825881958,
            0.01475432887673378
        ],
        [
            0.1298828274011612,
            -0.9522569179534912,
            0.013382499106228352
        ],
        [
            0.12034343183040619,
            -0.9436954259872437,
            0.02689487300813198
        ],
        [
            0.1021629124879837,
            -0.9566810131072998,
            0.029437581077218056
        ],
        [
            0.0717782974243164,
            -0.9314122200012207,
            0.05310852825641632
        ],
        [
            0.05414281785488129,
            -0.9361598491668701,
            0.05365609750151634
        ],
        [
            0.05084358900785446,
            -0.9527243375778198,
            0.04862401634454727
        ],
        [
            0.07267072051763535,
            -0.948704719543457,
            0.04655630514025688
        ],
        [
            0.048205792903900146,
            -0.9728736877441406,
            0.035391904413700104
        ],
        [
            0.07507038861513138,
            -0.9682638645172119,
            0.0333288311958313
        ],
        [
            0.028750896453857422,
            -0.8098496198654175,
            0.04016055166721344
        ],
        [
            0.030006669461727142,
            -0.8291090726852417,
            0.04012446105480194
        ],
        [
            0.04118905961513519,
            -0.7826481461524963,
            0.03467320650815964
        ],
        [
            0.02597549557685852,
            -0.7934247255325317,
            0.03980008885264397
        ],
        [
            0.04633314907550812,
            -0.9874258041381836,
            0.016713939607143402
        ],
        [
            0.07811391353607178,
            -0.9833840131759644,
            0.014811213128268719
        ],
        [
            0.0011476129293441772,
            -0.9234510660171509,
            0.04448789358139038
        ],
        [
            0.01329849660396576,
            -0.9393821358680725,
            0.04598594829440117
        ],
        [
            0.025770172476768494,
            -0.9241164922714233,
            0.0529785230755806
        ],
        [
            0.012836739420890808,
            -0.9112733602523804,
