{
    "pred_cam": [
        1.5250434875488281,
        -0.01247050054371357,
        0.36112380027770996
    ],
    "pred_smpl_params": {
        "global_orient": [
            [
                [
                    0.23400062322616577,
                    -0.06322796642780304,
                    0.9701782464981079
                ],
                [
                    -0.20267227292060852,
                    -0.9791328310966492,
                    -0.014928325079381466
                ],
                [
                    0.9508772492408752,
                    -0.19313499331474304,
                    -0.2419322431087494
                ]
            ]
        ],
        "body_pose": [
            [
                [
                    0.995654284954071,
                    -0.08812237530946732,
                    0.030115103349089622
                ],
                [
                    0.08948734402656555,
                    0.9948564171791077,
                    -0.04746313765645027
                ],
                [
                    -0.02577763795852661,
                    0.04995179921388626,
                    0.9984188675880432
                ]
            ],
            [
                [
                    0.9800768494606018,
                    -0.1566476672887802,
                    -0.12210995703935623
                ],
                [
                    0.1611730307340622,
                    0.9865276217460632,
                    0.02804611623287201
                ],
                [
                    0.11607147753238678,
                    -0.04716818034648895,
                    0.9921202659606934
                ]
            ],
            [
                [
                    0.9956801533699036,
                    0.08827128261327744,
                    0.02879929356276989
                ],
                [
                    -0.08503923565149307,
                    0.9914647340774536,
                    -0.0988224521279335
                ],
                [
                    -0.037276674062013626,
                    0.09594646841287613,
                    0.9946882724761963
                ]
            ],
            [
                [
                    0.987544596195221,
                    -0.08645306527614594,
                    -0.13145914673805237
                ],
                [
                    0.07544554769992828,
                    0.9933881163597107,
                    -0.08653348684310913
                ],
                [
                    0.13807103037834167,
                    0.07553767412900925,
                    0.9875375628471375
                ]
            ],
            [
                [
                    0.9721196889877319,
                    -0.2333071529865265,
                    -0.02347845397889614
                ],
                [
                    0.2222343534231186,
                    0.9486402869224548,
                    -0.22515223920345306
                ],
                [
                    0.07480224221944809,
                    0.2136571705341339,
                    0.9740407466888428
                ]
            ],
            [
                [
                    0.998237669467926,
                    0.040544454008340836,
                    0.04333364591002464
                ],
                [
                    -0.04144282266497612,
                    0.9989399313926697,
                    0.020037773996591568
                ],
                [
                    -0.04247529059648514,
                    -0.021798327565193176,
                    0.9988597631454468
                ]
            ],
            [
                [
                    0.9782333374023438,
                    0.03450159355998039,
                    0.20461949706077576
                ],
                [
                    -0.04033276438713074,
                    0.9988884925842285,
                    0.024394657462835312
                ],
                [
                    -0.20355039834976196,
                    -0.032116539776325226,
                    0.9785375595092773
                ]
            ],
            [
                [
                    0.9801802635192871,
                    0.0068331146612763405,
                    -0.1979895830154419
                ],
                [
                    -0.00414162315428257,
                    0.9998933672904968,
                    0.014004948548972607
                ],
                [
                    0.1980641484260559,
                    -0.01290737371891737,
                    0.9801040291786194
                ]
            ],
            [
                [
                    0.9993765354156494,
                    0.026410475373268127,
                    0.023433124646544456
                ],
                [
                    -0.025235673412680626,
                    0.9984756112098694,
                    -0.04908747598528862
                ],
                [
                    -0.024693826213479042,
                    0.04846551641821861,
                    0.9985195994377136
                ]
            ],
            [
                [
                    0.9965729713439941,
                    -0.07723371684551239,
                    -0.02961747720837593
                ],
                [
                    0.07816182076931,
                    0.996440589427948,
                    0.031575318425893784
                ],
                [
                    0.02707337588071823,
                    -0.03378206491470337,
                    0.9990624785423279
                ]
            ],
            [
                [
                    0.9971727728843689,
                    0.0603373721241951,
                    -0.04478800296783447
                ],
                [
                    -0.05929947271943092,
                    0.9979479312896729,
                    0.024152694270014763
                ],
                [
                    0.046153414994478226,
                    -0.02142850123345852,
                    0.9987044930458069
                ]
            ],
            [
                [
                    0.9833071231842041,
                    0.0455424040555954,
                    -0.17616157233715057
                ],
                [
                    -0.03726622834801674,
                    0.998053252696991,
                    0.050008609890937805
                ],
                [
                    0.17809614539146423,
                    -0.04260895028710365,
                    0.9830900430679321
                ]
            ],
            [
                [
                    0.9448556900024414,
                    0.3012406527996063,
                    -0.12845930457115173
                ],
                [
                    -0.3051857352256775,
                    0.9522203803062439,
                    -0.011746838688850403
                ],
                [
                    0.11878294497728348,
                    0.05030301585793495,
                    0.9916452169418335
                ]
            ],
            [
                [
                    0.93269282579422,
                    -0.3178565204143524,
                    0.17044465243816376
                ],
                [
                    0.3253520131111145,
                    0.9454355239868164,
                    -0.017252668738365173
                ],
                [
                    -0.15566056966781616,
                    0.07154595106840134,
                    0.9852162003517151
                ]
            ],
            [
                [
                    0.9950857758522034,
                    -0.04955899715423584,
                    -0.08572231978178024
                ],
                [
                    0.027498895302414894,
                    0.9699931144714355,
                    -0.2415723204612732
                ],
                [
                    0.09512214362621307,
                    0.238027885556221,
                    0.9665891528129578
                ]
            ],
            [
                [
                    0.5063779950141907,
                    0.7831810116767883,
                    -0.36084452271461487
                ],
                [
                    -0.8503113985061646,
                    0.5230787396430969,
                    -0.0579577274620533
                ],
                [
                    0.14335869252681732,
                    0.3361787796020508,
                    0.9308233261108398
                ]
            ],
            [
                [
                    0.5356349349021912,
                    -0.8062303066253662,
                    0.25117310881614685
                ],
                [
                    0.8268508315086365,
                    0.5611426830291748,
                    0.03790195658802986
                ],
                [
                    -0.17150163650512695,
                    0.1873810887336731,
                    0.9671998023986816
                ]
            ],
            [
                [
                    0.8335253000259399,
                    -0.037865087389945984,
                    -0.5511821508407593
                ],
                [
                    -0.08661063760519028,
                    0.9763578176498413,
                    -0.19805073738098145
                ],
                [
                    0.5456501245498657,
                    0.21281854808330536,
                    0.8105394244194031
                ]
            ],
            [
                [
                    0.9543079733848572,
                    0.02446332760155201,
                    0.297821581363678
                ],
                [
                    0.018694434314966202,
                    0.9898037314414978,
                    -0.14120569825172424
                ],
                [
                    -0.2982392907142639,
                    0.14032134413719177,
                    0.9441202878952026
                ]
            ],
            [
                [
                    0.9986541867256165,
                    0.03476297855377197,
                    -0.03848819434642792
                ],
                [
                    -0.03153960034251213,
                    0.9961820244789124,
                    0.08140412718057632
                ],
                [
                    0.04117109626531601,
                    -0.08008067309856415,
                    0.9959377646446228
                ]
            ],
            [
                [
                    0.9999176263809204,
                    -0.00699099525809288,
                    0.010762467980384827
                ],
                [
                    0.007572523318231106,
                    0.998458981513977,
                    -0.05497591942548752
                ],
                [
                    -0.010361546650528908,
                    0.05505289137363434,
                    0.9984296560287476
                ]
            ],
            [
                [
                    0.9740872383117676,
                    0.19723378121852875,
                    -0.11069238185882568
                ],
                [
                    -0.17828817665576935,
                    0.9707537889480591,
                    0.16078059375286102
                ],
                [
                    0.13916641473770142,
                    -0.13687920570373535,
                    0.98076331615448
                ]
            ],
            [
                [
                    0.9820813536643982,
                    -0.17989127337932587,
                    0.05617257207632065
                ],
                [
                    0.16528983414173126,
                    0.9653797149658203,
                    0.20179489254951477
                ],
                [
                    -0.09052900969982147,
                    -0.18889424204826355,
                    0.9778156280517578
                ]
            ]
        ],
        "betas": [
            -0.07006499171257019,
            0.056720614433288574,
            0.2326497733592987,
            0.4964277744293213,
            0.1739877611398697,
            0.1467776894569397,
            -0.020040363073349,
            -0.09609174728393555,
            0.08330096304416656,
            -0.11693644523620605
        ]
    },
    "pred_cam_t": [
        -0.01247050054371357,
        0.36112380027770996,
        25.614023208618164
    ],
    "focal_length": [
        5000.0,
        5000.0
    ],
    "pred_keypoints_3d": [
        [
            0.1356523633003235,
            -0.8330520391464233,
            -0.08372820913791656
        ],
        [
            -0.020656203851103783,
            -0.7418538331985474,
            -0.022468212991952896
        ],
        [
            -0.04083659499883652,
            -0.6345109939575195,
            -0.19588692486286163
        ],
        [
            -0.044918954372406006,
            -0.3848133683204651,
            -0.2305978536605835
        ],
        [
            0.04283755272626877,
            -0.1488584578037262,
            -0.2550349235534668
        ],
        [
            0.006853222846984863,
            -0.6593412756919861,
            0.1580650806427002
        ],
        [
            0.003155866637825966,
            -0.41038912534713745,
            0.22801652550697327
        ],
        [
            0.1250486671924591,
            -0.19892600178718567,
            0.18963691592216492
        ],
        [
            -0.002086183987557888,
            -0.2283848226070404,
            0.02689354494214058
        ],
        [
            -0.016877830028533936,
            -0.12614822387695312,
            -0.01776944100856781
        ],
        [
            0.017857342958450317,
            0.24047636985778809,
            0.0763702541589737
        ],
        [
            -0.009292330592870712,
            0.5393327474594116,
            0.3332087993621826
        ],
        [
            0.012430432252585888,
            -0.15248826146125793,
            0.11148886382579803
        ],
        [
            0.028833452612161636,
            0.19199281930923462,
            0.25069159269332886
        ],
        [
            -0.02497129514813423,
            0.5527819395065308,
            0.40141963958740234
        ],
        [
            0.09678058326244354,
            -0.8766916990280151,
            -0.10416446626186371
        ],
        [
            0.12473849952220917,
            -0.8790419101715088,
            -0.04393450915813446
        ],
        [
            -0.006961457431316376,
            -0.8753995895385742,
            -0.10140284895896912
        ],
        [
            0.05405528098344803,
            -0.8806677460670471,
            0.03137698397040367
        ],
        [
            0.16428935527801514,
            0.6199774742126465,
            0.39021605253219604
        ],
        [
            0.12846660614013672,
            0.5957955718040466,
            0.463187038898468
        ],
        [
            -0.08236217498779297,
            0.5786663293838501,
            0.4299108386039734
        ],
        [
            0.1621483564376831,
            0.6338022947311401,
            0.2850697934627533
        ],
        [
            0.08330680429935455,
            0.6604428887367249,
            0.2573121190071106
        ],
        [
            -0.060307830572128296,
            0.5610312223434448,
            0.37902384996414185
        ],
        [
            -0.044021956622600555,
            0.5037252902984619,
            0.29733675718307495
        ],
        [
            0.014604516327381134,
            0.17821863293647766,
            0.05218558385968208
        ],
        [
            -0.04630705714225769,
            -0.23051200807094574,
            -0.11623111367225647
        ],
        [
            0.010951539501547813,
            -0.27343857288360596,
            0.163527712225914
        ],
        [
            0.02971452847123146,
            0.14742721617221832,
            0.24670210480690002
        ],
        [
            -0.047026507556438446,
            0.5149598717689514,
            0.4012461006641388
        ],
        [
            0.0651726946234703,
            -0.17546036839485168,
            -0.24310509860515594
        ],
        [
            -0.026139939203858376,
            -0.40505897998809814,
            -0.2579704821109772
        ],
        [
            -0.04171983525156975,
            -0.6701708436012268,
            -0.16289660334587097
        ],
        [
            -0.0037310693878680468,
            -0.6880301237106323,
            0.1279710829257965
        ],
        [
            0.043272074311971664,
            -0.43906253576278687,
            0.24184228479862213
        ],
        [
            0.1334581822156906,
            -0.21908602118492126,
            0.18936610221862793
        ],
        [
            -0.011586995795369148,
            -0.734803318977356,
            -0.021865464746952057
        ],
        [
            0.04613906890153885,
            -0.9283257722854614,
            -0.04321521148085594
        ],
        [
            -0.017402179539203644,
            -0.25194883346557617,
            0.02438059076666832
        ],
        [
            -0.019799724221229553,
            -0.6776136159896851,
            -0.018720798194408417
        ],
        [
            -0.04073616862297058,
            -0.5004367232322693,
            -0.006072469055652618
        ],
        [
            0.06750380992889404,
            -0.8164435625076294,
            -0.0448223352432251
        ],
        [
            0.03876810148358345,
            -0.9478068351745605,
            -0.04553765803575516
        ]
    ],
    "pred_vertices": [
        [
            0.1340988576412201,
            -0.9264020919799805,
            -0.03688729554414749
        ],
        [
            0.1367160677909851,
            -0.9109657406806946,
            -0.043973080813884735
        ],
        [
            0.13239635527133942,
            -0.9087966680526733,
            -0.030385280027985573
        ],
        [
            0.12743300199508667,
            -0.920924186706543,
            -0.021779246628284454
        ],
        [
            0.13534396886825562,
            -0.8988747596740723,
            -0.035362862050533295
        ],
        [
            0.13764506578445435,
            -0.8988528847694397,
            -0.047692395746707916
        ],
        [
            0.1250125765800476,
            -0.9043117165565491,
            -0.019522134214639664
        ],
        [
            0.11874721944332123,
            -0.9122730493545532,
            -0.01056483294814825
        ],
        [
            0.11373982578516006,
            -0.8702120780944824,
            -0.00659123295918107
        ],
        [
            0.1062479317188263,
            -0.8672775030136108,
            0.0010587694123387337
        ],
        [
            0.10868780314922333,
            -0.8792394995689392,
            -0.0006988082313910127
        ],
        [
            0.11492987722158432,
            -0.8791554570198059,
            -0.009061349555850029
        ],
        [
            0.10749572515487671,
            -0.8447068333625793,
            -0.003920727875083685
        ],
        [
            0.11164415627717972,
            -0.8343501091003418,
            -0.012196600437164307
        ],
        [
            0.10271336883306503,
            -0.8265736103057861,
            -0.005421712063252926
        ],
        [
            0.09715473651885986,
            -0.8366185426712036,
            0.002001083455979824
        ],
        [
            0.12143097817897797,
            -0.8444235324859619,
            -0.05261426419019699
        ],
        [
            0.12196182459592819,
            -0.8381969332695007,
            -0.0464898906648159
        ],
        [
            0.12349805235862732,
            -0.8450621366500854,
            -0.04323483258485794
        ],
        [
            0.12231461703777313,
            -0.8505160808563232,
            -0.049770601093769073
        ],
        [
            0.12438762933015823,
            -0.8530516624450684,
            -0.06432369351387024
        ],
        [
            0.12236274778842926,
            -0.8589644432067871,
            -0.06249069422483444
        ],
        [
            0.1255393624305725,
            -0.8620010614395142,
            -0.06918211281299591
        ],
        [
            0.1288728415966034,
            -0.8553081750869751,
            -0.07055303454399109
        ],
        [
            0.11868308484554291,
            -0.8389750719070435,
            -0.057171523571014404
        ],
        [
            0.11911359429359436,
            -0.8325713872909546,
            -0.050534896552562714
        ],
        [
            0.12154967337846756,
            -0.8497239351272583,
            -0.05800952762365341
        ],
        [
            0.12229075282812119,
            -0.8449174165725708,
            -0.06042247265577316
        ],
        [
            0.1302413046360016,
            -0.8375825881958008,
            -0.06656501442193985
        ],
        [
            0.13002395629882812,
            -0.8424481749534607,
            -0.06495393812656403
        ],
        [
            0.13506168127059937,
            -0.8426016569137573,
            -0.07083114981651306
        ],
        [
            0.13344326615333557,
            -0.8372341990470886,
            -0.07131186872720718
        ],
        [
            0.12252350151538849,
            -0.8379943370819092,
            -0.06039939075708389
        ],
        [
            0.12566417455673218,
            -0.8406210541725159,
            -0.06125417351722717
        ],
        [
            0.12651708722114563,
            -0.8365198969841003,
            -0.06405632197856903
        ],
        [
            0.12274055182933807,
            -0.8347033262252808,
            -0.06388592720031738
        ],
        [
            0.12628385424613953,
            -0.8483394980430603,
            -0.06572678685188293
        ],
        [
            0.13187873363494873,
            -0.8493492007255554,
            -0.0711757242679596
        ],
        [
            0.13706770539283752,
            -0.8497934341430664,
            -0.07757094502449036
        ],
        [
            0.13969773054122925,
            -0.8411192893981934,
            -0.07749298959970474
        ],
        [
            0.1187274158000946,
            -0.8257826566696167,
            -0.032769907265901566
        ],
        [
            0.12136974930763245,
            -0.8319571018218994,
            -0.039691757410764694
        ],
        [
            0.11909190565347672,
            -0.8269452452659607,
            -0.044096093624830246
        ],
        [
            0.1176460012793541,
            -0.8219715356826782,
            -0.038107626140117645
        ],
        [
            0.11969313025474548,
            -0.8320868015289307,
            -0.06132780760526657
        ],
        [
            0.11974909156560898,
            -0.8163750171661377,
            -0.05656162649393082
        ],
        [
            0.1204637810587883,
            -0.8202081918716431,
            -0.05668709799647331
        ],
        [
            0.12190566211938858,
            -0.8203489780426025,
            -0.0638003945350647
        ],
        [
            0.12137428671121597,
            -0.8168066740036011,
            -0.06301037967205048
        ],
        [
            0.11071854829788208,
            -0.8128014802932739,
            -0.02343781292438507
        ],
        [
            0.1126280352473259,
            -0.8109862804412842,
            -0.030376657843589783
        ],
        [
            0.10953450202941895,
            -0.804473340511322,
            -0.028330042958259583
        ],
        [
            0.10608654469251633,
            -0.8051040768623352,
            -0.02117685228586197
        ],
        [
            0.10719744116067886,
            -0.7987655401229858,
            -0.029183678328990936
        ],
        [
            0.10192529857158661,
            -0.7977231740951538,
            -0.02036234922707081
        ],
        [
            0.0973527655005455,
            -0.783470869064331,
            -0.027776088565587997
        ],
        [
            0.09924738109111786,
            -0.7898861169815063,
            -0.02368132770061493
        ],
        [
            0.1056629940867424,
            -0.7930504679679871,
            -0.03251155838370323
        ],
        [
            0.10608073323965073,
            -0.7874628901481628,
            -0.0381561815738678
        ],
        [
            0.10987386852502823,
            -0.7904942035675049,
            -0.05344339832663536
        ],
        [
            0.11000749468803406,
            -0.7887656688690186,
            -0.05971348285675049
        ],
        [
            0.10851546376943588,
            -0.7772244811058044,
            -0.05351260304450989
        ],
        [
            0.10772514343261719,
            -0.7813704013824463,
            -0.0458834245800972
        ],
        [
            0.11479067802429199,
            -0.8112016916275024,
            -0.05462145060300827
        ],
        [
            0.11369471997022629,
            -0.8117249011993408,
            -0.04999488964676857
        ],
        [
            0.11606048047542572,
            -0.8129127025604248,
            -0.05073711648583412
        ],
        [
            0.11771916598081589,
            -0.8134129643440247,
            -0.055838365107774734
        ],
        [
            0.11319511383771896,
            -0.8118551969528198,
            -0.045947425067424774
        ],
        [
            0.11302953958511353,
            -0.8118107318878174,
            -0.04415341466665268
        ],
        [
            0.11429081857204437,
            -0.8129209280014038,
            -0.04493192583322525
        ],
        [
            0.11371812969446182,
            -0.8124624490737915,
            -0.04637245833873749
        ],
        [
            0.11354094743728638,
            -0.8119531869888306,
            -0.048304446041584015
        ],
        [
            0.11330857872962952,
            -0.8099469542503357,
            -0.04919419065117836
        ],
        [
            0.1132373958826065,
            -0.8109536170959473,
            -0.046801067888736725
        ],
        [
            0.11450175940990448,
            -0.8086339235305786,
            -0.05340765416622162
        ],
        [
            0.11691521108150482,
            -0.8049834966659546,
            -0.06769999861717224
        ],
        [
            0.11703826487064362,
            -0.8057464361190796,
            -0.06361116468906403
        ],
        [
            0.11615782231092453,
            -0.8102105259895325,
            -0.06501396000385284
        ],
        [
            0.11606588959693909,
            -0.8098359704017639,
            -0.0684894323348999
        ],
        [
            0.11555799841880798,
            -0.8143355846405029,
            -0.047434426844120026
        ],
        [
            0.1163189709186554,
            -0.8161711692810059,
            -0.04491453617811203
        ],
        [
            0.11848011612892151,
            -0.8182543516159058,
            -0.04979611933231354
        ],
        [
            0.11717330664396286,
            -0.8155342936515808,
            -0.05047968775033951
        ],
        [
            0.11717809736728668,
            -0.8182014226913452,
            -0.04236558452248573
        ],
        [
            0.11463630944490433,
            -0.8143049478530884,
            -0.04269998148083687
        ],
        [
            0.11521214991807938,
            -0.8152334094047546,
            -0.039598945528268814
        ],
        [
            0.11259805411100388,
            -0.8100049495697021,
            -0.044461995363235474
        ],
        [
            0.11192702502012253,
            -0.8086937665939331,
            -0.04123760014772415
        ],
        [
            0.11338522285223007,
            -0.8112387657165527,
            -0.041352882981300354
        ],
        [
            0.11128228157758713,
            -0.805307149887085,
            -0.04293552786111832
        ],
        [
            0.11250868439674377,
            -0.8078778982162476,
            -0.04690124839544296
        ],
        [
            0.11359432339668274,
            -0.8055596351623535,
            -0.050977736711502075
        ],
        [
            0.11501778662204742,
            -0.8032922744750977,
            -0.0563187375664711
        ],
        [
            0.11243461072444916,
            -0.7990636825561523,
            -0.05252648517489433
        ],
        [
            0.11167973279953003,
            -0.8019581437110901,
            -0.04694128409028053
        ],
        [
            0.11889072507619858,
            -0.8222860097885132,
            -0.04802677780389786
        ],
        [
            0.11304300278425217,
            -0.8110183477401733,
            -0.03664206713438034
        ],
        [
            0.11518222093582153,
            -0.8174152374267578,
            -0.03388872742652893
        ],
        [
            0.11133157461881638,
            -0.8064032196998596,
            -0.03587495908141136
        ],
        [
            0.10979559272527695,
            -0.8018901944160461,
            -0.037220537662506104
        ],
        [
            0.10928414016962051,
            -0.7976900339126587,
            -0.04074099659919739
        ],
        [
            0.10954905301332474,
            -0.793742299079895,
            -0.047037169337272644
        ],
        [
            0.09809356927871704,
            -0.7703683376312256,
            -0.046173881739377975
        ],
        [
            0.0983167216181755,
            -0.7760123014450073,
            -0.03712409734725952
        ],
        [
            0.13354173302650452,
            -0.8916020393371582,
            -0.04800363630056381
        ],
        [
            0.1339687556028366,
            -0.8914766311645508,
            -0.03884407877922058
        ],
        [
            0.1286838948726654,
            -0.8845230340957642,
            -0.03608204424381256
        ],
        [
            0.12947915494441986,
            -0.886992335319519,
            -0.034356739372015
        ],
        [
            0.1309226155281067,
            -0.8875622749328613,
            -0.040748223662376404
        ],
        [
            0.12979865074157715,
            -0.8847249746322632,
            -0.04073601961135864
        ],
        [
            0.11823731660842896,
            -0.8800256848335266,
            -0.01717262528836727
        ],
        [
            0.12096227705478668,
            -0.880936861038208,
            -0.023591306060552597
        ],
        [
            0.11937081813812256,
            -0.8774391412734985,
            -0.02237541228532791
        ],
        [
            0.117593914270401,
            -0.8735750913619995,
            -0.014802454970777035
        ],
        [
            0.12217461317777634,
            -0.8685572147369385,
            -0.03136370703577995
        ],
        [
            0.12096145749092102,
            -0.8704777359962463,
            -0.026150401681661606
        ],
        [
            0.12274631857872009,
            -0.8764632940292358,
            -0.031261466443538666
        ],
        [
            0.12382737547159195,
            -0.8750911951065063,
            -0.034945592284202576
        ],
        [
            0.12419504672288895,
            -0.8742085695266724,
            -0.039132259786129
        ],
        [
            0.12391415238380432,
            -0.8739820718765259,
            -0.04351729154586792
        ],
        [
            0.12270091474056244,
            -0.8687386512756348,
            -0.04268309473991394
        ],
        [
            0.12279824167490005,
            -0.8681858777999878,
            -0.037176359444856644
        ],
        [
            0.12983304262161255,
            -0.888123631477356,
            -0.047308601438999176
        ],
        [
            0.1268531084060669,
            -0.8873074650764465,
            -0.05380454286932945
        ],
        [
            0.12609422206878662,
            -0.8844776749610901,
            -0.052043043076992035
        ],
        [
            0.12908759713172913,
            -0.8850115537643433,
            -0.046649813652038574
        ],
        [
            0.11646731197834015,
            -0.8787814378738403,
            -0.05916500464081764
        ],
        [
            0.11829674243927002,
            -0.8810832500457764,
            -0.05863147974014282
        ],
        [
            0.11829197406768799,
            -0.8821735382080078,
            -0.06246547773480415
        ],
        [
            0.11649125814437866,
            -0.8778409957885742,
            -0.06260630488395691
        ],
        [
            0.11689838767051697,
            -0.8748684525489807,
            -0.06033778190612793
        ],
        [
            0.11704596877098083,
            -0.877055287361145,
            -0.05806651711463928
        ],
        [
            0.13292184472084045,
            -0.9478350877761841,
            -0.045704230666160583
        ],
        [
            0.13698871433734894,
            -0.9295732378959656,
            -0.0528472401201725
        ],
        [
            0.12681183218955994,
            -0.9424177408218384,
            -0.026637166738510132
        ],
        [
            0.11897148191928864,
            -0.9334079027175903,
            -0.012625095434486866
        ],
        [
            0.11124540865421295,
            -0.9212174415588379,
            -0.0008750557899475098
        ],
        [
            0.10736355930566788,
            -0.8182939291000366,
            -0.014554298482835293
        ],
        [
            0.10090992599725723,
            -0.8103396892547607,
            -0.010286266915500164
        ],
        [
            0.09367171674966812,
            -0.819517970085144,
            0.0004776017740368843
        ],
        [
            0.08683501929044724,
            -0.8099972009658813,
            0.0015404671430587769
        ],
        [
            0.09521983563899994,
            -0.8008100986480713,
            -0.00965612381696701
        ],
        [
            0.08596894890069962,
            -0.7826709151268005,
            -0.01902356930077076
        ],
        [
            0.09015751630067825,
            -0.7910584211349487,
            -0.012455889023840427
        ],
        [
            0.0786193311214447,
            -0.8006963729858398,
            0.00017656944692134857
        ],
        [
            0.06863225996494293,
            -0.8152804970741272,
            0.011441828683018684
        ],
        [
            0.07865650951862335,
            -0.8216869831085205,
            0.010505789890885353
        ],
        [
            0.06015561521053314,
            -0.832666277885437,
            0.01812829077243805
        ],
        [
            0.05552937090396881,
            -0.8089805841445923,
            0.012880438007414341
        ],
        [
            0.05088364705443382,
            -0.8325051069259644,
            0.019191432744264603
        ],
        [
            0.050186507403850555,
            -0.7728961110115051,
            0.0013094116002321243
        ],
        [
            0.04567205160856247,
            -0.7628797292709351,
            0.0054957084357738495
        ],
        [
            0.035819344222545624,
            -0.7713280916213989,
            0.018695443868637085
        ],
        [
            0.04138800874352455,
            -0.7815130949020386,
            0.015788128599524498
        ],
        [
            0.08753277361392975,
            -0.8286938667297363,
            0.007763126865029335
        ],
        [
            0.10331398248672485,
            -0.8908752202987671,
            0.0032897787168622017
        ],
        [
            0.1123022809624672,
            -0.8890554904937744,
            -0.005248911213129759
        ],
        [
            0.09933128952980042,
            -0.8785833120346069,
            0.007389443926513195
        ],
        [
            0.09589774161577225,
            -0.9517103433609009,
            0.008818760514259338
        ],
        [
            0.11022506654262543,
            -0.9446642994880676,
            -0.0011287103407084942
        ],
        [
            0.10357145965099335,
            -0.9303553700447083,
            0.008071087300777435
        ],
        [
            0.09175005555152893,
            -0.9391818046569824,
            0.01766975224018097
        ],
        [
            0.09818911552429199,
            -0.9835675954818726,
            -0.02310919016599655
        ],
        [
            0.11887189745903015,
            -0.9678307771682739,
            -0.03328237682580948
        ],
        [
            0.11525006592273712,
            -0.9581462144851685,
            -0.017692362889647484
        ],
        [
            0.09895788878202438,
            -0.9700709581375122,
            -0.008006175979971886
        ],
        [
            0.08037638664245605,
            -0.942804217338562,
            0.024311289191246033
        ],
        [
            0.06380802392959595,
            -0.9466272592544556,
            0.03160170465707779
        ],
        [
            0.058502472937107086,
            -0.9634499549865723,
            0.028966033831238747
        ],
        [
            0.07833477854728699,
            -0.9604203701019287,
            0.01867680810391903
        ],
        [
            0.05039277672767639,
            -0.9838080406188965,
            0.018491707742214203
        ],
        [
            0.07489599287509918,
            -0.980412483215332,
            0.006307958625257015
        ],
        [
            0.03819190710783005,
            -0.8200293183326721,
            0.02220725826919079
        ],
        [
            0.03930606693029404,
            -0.8391302824020386,
            0.02249663881957531
        ],
        [
            0.048596303910017014,
            -0.7937666773796082,
            0.012062008492648602
        ],
        [
            0.03549734130501747,
            -0.8036508560180664,
            0.02244461141526699
        ],
        [
            0.04124579578638077,
            -0.9989776611328125,
            0.0024155452847480774
        ],
        [
            0.07049067318439484,
            -0.9963446855545044,
            -0.011347537860274315
        ],
        [
            0.011249810457229614,
            -0.9315748810768127,
            0.042099278420209885
        ],
        [
            0.022876903414726257,
            -0.9481309652328491,
            0.0398358590900898
        ],
        [
            0.037450045347213745,
            -0.9331709146499634,
            0.040799885988235474
        ],
        [
            0.024968057870864868,
