{
    "pred_cam": [
        1.523597240447998,
        -0.021064339205622673,
        0.37912866473197937
    ],
    "pred_smpl_params": {
        "global_orient": [
            [
                [
                    0.5948296189308167,
                    -0.06442668288946152,
                    0.8012657761573792
                ],
                [
                    -0.1613200455904007,
                    -0.9860719442367554,
                    0.040471725165843964
                ],
                [
                    0.7874982357025146,
                    -0.15333403646945953,
                    -0.5969381332397461
                ]
            ]
        ],
        "body_pose": [
            [
                [
                    0.994312584400177,
                    -0.08676151186227798,
                    -0.061765529215335846
                ],
                [
                    0.07985202223062515,
                    0.991080641746521,
                    -0.10669057816267014
                ],
                [
                    0.07047125697135925,
                    0.10115167498588562,
                    0.9923720359802246
                ]
            ],
            [
                [
                    0.9813850522041321,
                    -0.1534518003463745,
                    -0.11548161506652832
                ],
                [
                    0.1559939980506897,
                    0.9876691102981567,
                    0.01325384620577097
                ],
                [
                    0.11202379316091537,
                    -0.031021563336253166,
                    0.9932212829589844
                ]
            ],
            [
                [
                    0.9948622584342957,
                    0.08171670883893967,
                    0.059761449694633484
                ],
                [
                    -0.07748190313577652,
                    0.9945302605628967,
                    -0.07004368305206299
                ],
                [
                    -0.06515830755233765,
                    0.06505338847637177,
                    0.995752215385437
                ]
            ],
            [
                [
                    0.9542300701141357,
                    -0.19031833112239838,
                    -0.2307032197713852
                ],
                [
                    0.11904996633529663,
                    0.9493602514266968,
                    -0.2907613515853882
                ],
                [
                    0.2743576765060425,
                    0.24998797476291656,
                    0.928565502166748
                ]
            ],
            [
                [
                    0.9654291272163391,
                    -0.2606427073478699,
                    -0.003470582189038396
                ],
                [
                    0.23901614546775818,
                    0.8904792070388794,
                    -0.3871924877166748
                ],
                [
                    0.10400938242673874,
                    0.3729773461818695,
                    0.9219923615455627
                ]
            ],
            [
                [
                    0.9961759448051453,
                    0.051212601363658905,
                    0.07078678905963898
                ],
                [
                    -0.05447859317064285,
                    0.9975002408027649,
                    0.04500390961766243
                ],
                [
                    -0.06830506771802902,
                    -0.04868817701935768,
                    0.9964757561683655
                ]
            ],
            [
                [
                    0.9823622703552246,
                    0.05136725679039955,
                    0.17979376018047333
                ],
                [
                    -0.06286883354187012,
                    0.9962843060493469,
                    0.05886523798108101
                ],
                [
                    -0.176101952791214,
                    -0.06913041323423386,
                    0.9819415211677551
                ]
            ],
            [
                [
                    0.9827203750610352,
                    -0.010598682798445225,
                    -0.18479256331920624
                ],
                [
                    0.01821083016693592,
                    0.9990518093109131,
                    0.03954443708062172
                ],
                [
                    0.18419824540615082,
                    -0.04222634807229042,
                    0.9819815754890442
                ]
            ],
            [
                [
                    0.9986505508422852,
                    0.026347991079092026,
                    0.044752925634384155
                ],
                [
                    -0.022999659180641174,
                    0.9970113039016724,
                    -0.07375236600637436
                ],
                [
                    -0.046562403440475464,
                    0.07262354344129562,
                    0.9962719082832336
                ]
            ],
            [
                [
                    0.9920673370361328,
                    -0.11230333149433136,
                    -0.056483134627342224
                ],
                [
                    0.11783221364021301,
                    0.9872956871986389,
                    0.1065962091088295
                ],
                [
                    0.04379444941878319,
                    -0.11240614950656891,
                    0.9926967620849609
                ]
            ],
            [
                [
                    0.9942331314086914,
                    0.09989463537931442,
                    -0.039006516337394714
                ],
                [
                    -0.09653741121292114,
                    0.9921002984046936,
                    0.08010958135128021
                ],
                [
                    0.046700891107320786,
                    -0.07588201761245728,
                    0.9960225820541382
                ]
            ],
            [
                [
                    0.9763819575309753,
                    0.047110866755247116,
                    -0.21085265278816223
                ],
                [
                    -0.027677051723003387,
                    0.9951695799827576,
                    0.09418867528438568
                ],
                [
                    0.2142714560031891,
                    -0.0861283391714096,
                    0.9729695320129395
                ]
            ],
            [
                [
                    0.9359215497970581,
                    0.35220828652381897,
                    -0.000426159385824576
                ],
                [
                    -0.3521508276462555,
                    0.9357456564903259,
                    -0.01923264004290104
                ],
                [
                    -0.006375118158757687,
                    0.018150314688682556,
                    0.9998149871826172
                ]
            ],
            [
                [
                    0.9170090556144714,
                    -0.39318156242370605,
                    0.0671028196811676
                ],
                [
                    0.3959992825984955,
                    0.9175766706466675,
                    -0.03518037870526314
                ],
                [
                    -0.04773970693349838,
                    0.05883339047431946,
                    0.9971257448196411
                ]
            ],
            [
                [
                    0.985538899898529,
                    -0.06081864982843399,
                    -0.1581587940454483
                ],
                [
                    0.022847555577754974,
                    0.9725399613380432,
                    -0.23161163926124573
                ],
                [
                    0.16790206730365753,
                    0.22464872896671295,
                    0.9598655104637146
                ]
            ],
            [
                [
                    0.5400856137275696,
                    0.7650884389877319,
                    -0.35063832998275757
                ],
                [
                    -0.8352171778678894,
                    0.5385043621063232,
                    -0.11146900802850723
                ],
                [
                    0.10353662073612213,
                    0.3530619442462921,
                    0.9298534989356995
                ]
            ],
            [
                [
                    0.5025703310966492,
                    -0.8394856452941895,
                    0.20660817623138428
                ],
                [
                    0.8590934872627258,
                    0.5117097496986389,
                    -0.010560081340372562
                ],
                [
                    -0.09685840457677841,
                    0.18280291557312012,
                    0.9783667922019958
                ]
            ],
            [
                [
                    0.748254656791687,
                    -0.10306717455387115,
                    -0.6553565859794617
                ],
                [
                    -0.03151489049196243,
                    0.9812204837799072,
                    -0.1902976632118225
                ],
                [
                    0.6626627445220947,
                    0.16304461658000946,
                    0.730954647064209
                ]
            ],
            [
                [
                    0.919856071472168,
                    0.10653254389762878,
                    0.3775123655796051
                ],
                [
                    -0.054210759699344635,
                    0.9877040982246399,
                    -0.14663498103618622
                ],
                [
                    -0.3884918987751007,
                    0.11441783607006073,
                    0.9143208265304565
                ]
            ],
            [
                [
                    0.9992985129356384,
                    0.026655903086066246,
                    -0.02630600519478321
                ],
                [
                    -0.024782273918390274,
                    0.9972985982894897,
                    0.06914781033992767
                ],
                [
                    0.02807813696563244,
                    -0.06844737380743027,
                    0.9972596168518066
                ]
            ],
            [
                [
                    0.9999260306358337,
                    -0.008868957869708538,
                    -0.008328684605658054
                ],
                [
                    0.008322581648826599,
                    0.9979479312896729,
                    -0.06348764896392822
                ],
                [
                    0.008874661289155483,
                    0.06341363489627838,
                    0.9979479312896729
                ]
            ],
            [
                [
                    0.969963788986206,
                    0.22140854597091675,
                    -0.10073944926261902
                ],
                [
                    -0.2049296349287033,
                    0.9669095873832703,
                    0.15195311605930328
                ],
                [
                    0.13104964792728424,
                    -0.12674452364444733,
                    0.9832404851913452
                ]
            ],
            [
                [
                    0.9769446849822998,
                    -0.2091573029756546,
                    0.04280473664402962
                ],
                [
                    0.19815918803215027,
                    0.9629786014556885,
                    0.18277059495449066
                ],
                [
                    -0.07944785803556442,
                    -0.17007461190223694,
                    0.9822232723236084
                ]
            ]
        ],
        "betas": [
            -0.16029667854309082,
            0.19610588252544403,
            0.6002585887908936,
            1.2032517194747925,
            0.08086895942687988,
            0.08603814244270325,
            -0.015110939741134644,
            0.044057488441467285,
            0.08220542967319489,
            -0.08915334939956665
        ]
    },
    "pred_cam_t": [
        -0.021064339205622673,
        0.37912866473197937,
        25.638338088989258
    ],
    "focal_length": [
        5000.0,
        5000.0
    ],
    "pred_keypoints_3d": [
        [
            0.10752768814563751,
            -0.8585322499275208,
            -0.12114262580871582
        ],
        [
            -0.013067260384559631,
            -0.7570940256118774,
            -0.006990463472902775
        ],
        [
            -0.10233020782470703,
            -0.6482073068618774,
            -0.16089847683906555
        ],
        [
            -0.14173826575279236,
            -0.4035290479660034,
            -0.16208617389202118
        ],
        [
            -0.07646246999502182,
            -0.16875816881656647,
            -0.2149006873369217
        ],
        [
            0.053670674562454224,
            -0.6627169847488403,
            0.1590399146080017
        ],
        [
            0.04610855504870415,
            -0.41701945662498474,
            0.22651022672653198
        ],
        [
            0.16703110933303833,
            -0.22027169167995453,
            0.14830085635185242
        ],
        [
            -0.0026176166720688343,
            -0.23430979251861572,
            0.024978218600153923
        ],
        [
            -0.03970868140459061,
            -0.13525548577308655,
            -0.008544979616999626
        ],
        [
            -0.0021818652749061584,
            0.231176495552063,
            0.06544528901576996
        ],
        [
            0.0028456877917051315,
            0.49535611271858215,
            0.35064345598220825
        ],
        [
            0.03618667274713516,
            -0.15524408221244812,
            0.09583242237567902
        ],
        [
            0.06951802968978882,
            0.1869392991065979,
            0.22458966076374054
        ],
        [
            0.019795536994934082,
            0.49026086926460266,
            0.46220606565475464
        ],
        [
            0.06292562186717987,
            -0.9019778370857239,
            -0.11998934298753738
        ],
        [
            0.1136447861790657,
            -0.902048647403717,
            -0.07729783654212952
        ],
        [
            -0.029912110418081284,
            -0.8965877294540405,
            -0.07404403388500214
        ],
        [
            0.08125540614128113,
            -0.89637291431427,
            0.020914841443300247
        ],
        [
            0.14624087512493134,
            0.6102229356765747,
            0.36800289154052734
        ],
        [
            0.16502100229263306,
            0.5743136405944824,
            0.44253551959991455
        ],
        [
            -0.015851378440856934,
            0.49554187059402466,
            0.5212599635124207
        ],
        [
            0.13284419476985931,
            0.6183810234069824,
            0.26139000058174133
        ],
        [
            0.046615924686193466,
            0.6322363615036011,
            0.26408150792121887
        ],
        [
            -0.03322893753647804,
            0.5055614113807678,
            0.4119095206260681
        ],
        [
            -0.03484277427196503,
            0.45718008279800415,
            0.32374462485313416
        ],
        [
            -0.006821425631642342,
            0.17074711620807648,
            0.042725954204797745
        ],
        [
            -0.0946376770734787,
            -0.2445031702518463,
            -0.087148018181324
        ],
        [
            0.06482286751270294,
            -0.27354198694229126,
            0.14065009355545044
        ],
        [
            0.07480017095804214,
            0.14462696015834808,
            0.2168857455253601
        ],
        [
            0.010744374245405197,
            0.44843727350234985,
            0.4645286798477173
        ],
        [
            -0.05114929750561714,
            -0.19525136053562164,
            -0.21445102989673615
        ],
        [
            -0.134940505027771,
            -0.4208017885684967,
            -0.19706064462661743
        ],
        [
            -0.08791136741638184,
            -0.6853107213973999,
            -0.12889623641967773
        ],
        [
            0.03879307582974434,
            -0.6943099498748779,
            0.13153639435768127
        ],
        [
            0.08948434144258499,
            -0.444444477558136,
            0.232778400182724
        ],
        [
            0.17377270758152008,
            -0.2412126660346985,
            0.14837153255939484
        ],
        [
            -0.010030529461801052,
            -0.7463251948356628,
            -0.006976614706218243
        ],
        [
            0.04253757745027542,
            -0.9481101036071777,
            -0.04050260782241821
        ],
        [
            -0.014454301446676254,
            -0.25878360867500305,
            0.02737024798989296
        ],
        [
            -0.021935729309916496,
            -0.6884081363677979,
            -0.0011715851724147797
        ],
        [
            -0.03382211551070213,
            -0.5134108066558838,
            0.009080344811081886
        ],
        [
            0.061966124922037125,
            -0.8372876644134521,
            -0.057473525404930115
        ],
        [
            0.034384433180093765,
            -0.9674348831176758,
            -0.03840942680835724
        ]
    ],
    "pred_vertices": [
        [
            0.12496249377727509,
            -0.9481825828552246,
            -0.0720769464969635
        ],
        [
            0.12430287897586823,
            -0.933506965637207,
            -0.08031566441059113
        ],
        [
            0.12626031041145325,
            -0.9304091930389404,
            -0.06648705154657364
        ],
        [
            0.1253235638141632,
            -0.9418274164199829,
            -0.055833201855421066
        ],
        [
            0.1267511248588562,
            -0.9212092161178589,
            -0.07277413457632065
        ],
        [
            0.12376634776592255,
            -0.921887993812561,
            -0.08498626202344894
        ],
        [
            0.1240280345082283,
            -0.9252384901046753,
            -0.053855184465646744
        ],
        [
            0.12195241451263428,
            -0.9325287938117981,
            -0.042627863585948944
        ],
        [
            0.11956112086772919,
            -0.8905656337738037,
            -0.03950564190745354
        ],
        [
            0.11591185629367828,
            -0.886914849281311,
            -0.02966051734983921
        ],
        [
            0.11736726015806198,
            -0.8988122940063477,
            -0.03146842494606972
        ],
        [
            0.1195431798696518,
            -0.899517834186554,
            -0.041674889624118805
        ],
        [
            0.11507054418325424,
            -0.8648028373718262,
            -0.03589678555727005
        ],
        [
            0.11541557312011719,
            -0.855073094367981,
            -0.04576585814356804
        ],
        [
            0.11038373410701752,
            -0.8466141223907471,
            -0.03629548102617264
        ],
        [
            0.10853986442089081,
            -0.8560123443603516,
            -0.026669379323720932
        ],
        [
            0.10721513628959656,
            -0.8679486513137817,
            -0.085913747549057
        ],
        [
            0.1103210598230362,
            -0.8613585233688354,
            -0.08091861009597778
        ],
        [
            0.11298874765634537,
            -0.8680622577667236,
            -0.07824800908565521
        ],
        [
            0.1091282069683075,
            -0.8738560080528259,
            -0.08338664472103119
        ],
        [
            0.10503187775611877,
            -0.8772107362747192,
            -0.09744420647621155
        ],
        [
            0.10384033620357513,
            -0.8828997611999512,
            -0.09454306960105896
        ],
        [
            0.10399440675973892,
            -0.8864225149154663,
            -0.10175479203462601
        ],
        [
            0.10660430788993835,
            -0.879934549331665,
            -0.10486685484647751
        ],
        [
            0.10294836014509201,
            -0.8627294301986694,
            -0.08925136923789978
        ],
        [
            0.10619015246629715,
            -0.8558609485626221,
            -0.08370653539896011
        ],
        [
            0.10504619777202606,
            -0.873583197593689,
            -0.09061539173126221
        ],
        [
            0.10483106225728989,
            -0.868833065032959,
            -0.09352198988199234
        ],
        [
            0.1096830666065216,
            -0.862133264541626,
            -0.10292087495326996
        ],
        [
            0.11007636040449142,
            -0.866858959197998,
            -0.1010943278670311
        ],
        [
            0.11224803328514099,
            -0.8674380779266357,
            -0.10860704630613327
        ],
        [
            0.11062857508659363,
            -0.8621199131011963,
            -0.1086544394493103
        ],
        [
            0.10516142845153809,
            -0.8619092702865601,
            -0.09403766691684723
        ],
        [
            0.10766837000846863,
            -0.8646738529205322,
            -0.0960429236292839
        ],
        [
            0.10734700411558151,
            -0.8607794046401978,
            -0.09916101396083832
        ],
        [
            0.10396547615528107,
            -0.8588433265686035,
            -0.09744982421398163
        ],
        [
            0.10630923509597778,
            -0.8726227879524231,
            -0.09990210086107254
        ],
        [
            0.10915292799472809,
            -0.8741024732589722,
            -0.10714782774448395
        ],
        [
            0.1112917810678482,
            -0.8750872015953064,
            -0.11514455080032349
        ],
        [
            0.11377622187137604,
            -0.8664534687995911,
            -0.11669763922691345
        ],
        [
            0.11327607929706573,
            -0.8479620814323425,
            -0.06775294244289398
        ],
        [
            0.1127454936504364,
            -0.8546202182769775,
            -0.07488180696964264
        ],
        [
            0.10893052071332932,
            -0.8498090505599976,
            -0.07816697657108307
        ],
        [
            0.1101967841386795,
            -0.8444147706031799,
            -0.07239290326833725
        ],
        [
            0.10230330377817154,
            -0.8559314608573914,
            -0.09394630789756775
        ],
        [
            0.10445903241634369,
            -0.839815616607666,
            -0.09045056253671646
        ],
        [
            0.10507471859455109,
            -0.8436987996101379,
            -0.09071041643619537
        ],
        [
            0.10340744256973267,
            -0.8442717790603638,
            -0.0977407693862915
        ],
        [
            0.10321976244449615,
            -0.840657651424408,
            -0.096930593252182
        ],
        [
            0.11010418832302094,
            -0.8340755701065063,
            -0.05668039619922638
        ],
        [
            0.10905787348747253,
            -0.8327402472496033,
            -0.0638807937502861
        ],
        [
            0.1071680560708046,
            -0.825928807258606,
            -0.06100651994347572
        ],
        [
            0.10690072178840637,
            -0.8260267972946167,
            -0.052966177463531494
        ],
        [
            0.10466316342353821,
            -0.8201473951339722,
            -0.060866743326187134
        ],
        [
            0.10351582616567612,
            -0.8183814287185669,
            -0.05062926933169365
        ],
        [
            0.09646791219711304,
            -0.8044482469558716,
            -0.05608220025897026
        ],
        [
            0.09975432604551315,
            -0.810654878616333,
            -0.052833735942840576
        ],
        [
            0.10199615359306335,
            -0.8145409822463989,
            -0.06351253390312195
        ],
        [
            0.10020288079977036,
            -0.8092753887176514,
            -0.06910678744316101
        ],
        [
            0.09730297327041626,
            -0.8133296966552734,
            -0.08467508852481842
        ],
        [
            0.09486386924982071,
            -0.8119701147079468,
            -0.09061343222856522
        ],
        [
            0.0963238924741745,
            -0.8000167608261108,
            -0.08487702906131744
        ],
        [
            0.09860140085220337,
            -0.8037198781967163,
            -0.07719285041093826
        ],
        [
            0.10083089768886566,
            -0.8344811797142029,
            -0.08673614263534546
        ],
        [
            0.1017564907670021,
            -0.8347007036209106,
            -0.08205164223909378
        ],
        [
            0.10355156660079956,
            -0.836045503616333,
            -0.08368703722953796
        ],
        [
            0.10294131189584732,
            -0.836874783039093,
            -0.08899274468421936
        ],
        [
            0.1029772013425827,
            -0.8345691561698914,
            -0.07815667986869812
        ],
        [
            0.10358164459466934,
            -0.8344336748123169,
            -0.07648123055696487
        ],
        [
            0.10437190532684326,
            -0.8356638550758362,
            -0.07767719775438309
        ],
        [
            0.10329657793045044,
            -0.835214376449585,
            -0.07880651950836182
        ],
        [
            0.10233528912067413,
            -0.8347934484481812,
            -0.0804910734295845
        ],
        [
            0.10182352364063263,
            -0.8327738046646118,
            -0.08129322528839111
        ],
        [
            0.1026848629117012,
            -0.8336852788925171,
            -0.07898567616939545
        ],
        [
            0.1011817455291748,
            -0.8317123651504517,
            -0.08569096028804779
        ],
        [
            0.09730595350265503,
            -0.8289420008659363,
            -0.09996286034584045
        ],
        [
            0.09917397052049637,
            -0.8295751810073853,
            -0.09614798426628113
        ],
        [
            0.09774920344352722,
            -0.8341728448867798,
            -0.09684012830257416
        ],
        [
            0.096157506108284,
            -0.8338543176651001,
            -0.10006830841302872
        ],
        [
            0.10447454452514648,
            -0.837128758430481,
            -0.08053584396839142
        ],
        [
            0.10620078444480896,
            -0.8390095233917236,
            -0.07836320251226425
        ],
        [
            0.10617139935493469,
            -0.8414174318313599,
            -0.08362504839897156
        ],
        [
            0.10468771308660507,
            -0.8386873006820679,
            -0.08379847556352615
        ],
        [
            0.10802967846393585,
            -0.8408949375152588,
            -0.07632448524236679
        ],
        [
            0.10562968254089355,
            -0.8369218707084656,
            -0.07572916895151138
        ],
        [
            0.10739409923553467,
            -0.837600588798523,
            -0.07314864546060562
        ],
        [
            0.10310631990432739,
            -0.8325638771057129,
            -0.07665222883224487
        ],
        [
            0.10388635098934174,
            -0.8310383558273315,
            -0.07351811975240707
        ],
        [
            0.10507510602474213,
            -0.8337068557739258,
            -0.07412216067314148
        ],
        [
            0.1026572585105896,
            -0.8276556134223938,
            -0.07493419945240021
        ],
        [
            0.10205617547035217,
            -0.8305285573005676,
            -0.07891915738582611
        ],
        [
            0.10138814151287079,
            -0.8284326791763306,
            -0.08319971710443497
        ],
        [
            0.10041852295398712,
            -0.8265284299850464,
            -0.08877244591712952
        ],
        [
            0.09974008798599243,
            -0.8219636678695679,
            -0.08444716036319733
        ],
        [
            0.10138976573944092,
            -0.8245165944099426,
            -0.07890216261148453
        ],
        [
            0.10720126330852509,
            -0.8452786803245544,
            -0.08203917741775513
        ],
        [
            0.10678339004516602,
            -0.8331774473190308,
            -0.06973273307085037
        ],
        [
            0.10978443920612335,
            -0.8395266532897949,
            -0.0677734911441803
        ],
        [
            0.10565276443958282,
            -0.8283882141113281,
            -0.06853024661540985
        ],
        [
            0.10375155508518219,
            -0.8238446712493896,
            -0.06926761567592621
        ],
        [
            0.10178502649068832,
            -0.8198045492172241,
            -0.07232865691184998
        ],
        [
            0.09957350790500641,
            -0.8161892890930176,
            -0.07847285270690918
        ],
        [
            0.0897812694311142,
            -0.7926046252250671,
            -0.07396441698074341
        ],
        [
            0.09351998567581177,
            -0.797704815864563,
            -0.06535904854536057
        ],
        [
            0.11981667578220367,
            -0.9148296117782593,
            -0.08394448459148407
        ],
        [
            0.12408167123794556,
            -0.9141449928283691,
            -0.07586334645748138
        ],
        [
            0.12034240365028381,
            -0.9070794582366943,
            -0.07152734696865082
        ],
        [
            0.1218133345246315,
            -0.9095831513404846,
            -0.07006464153528214
        ],
        [
            0.12040922045707703,
            -0.9103819727897644,
            -0.07651184499263763
        ],
        [
            0.11937646567821503,
            -0.9076234102249146,
            -0.07617434859275818
        ],
        [
            0.11917197704315186,
            -0.9009988903999329,
            -0.050418607890605927
        ],
        [
            0.11888007819652557,
            -0.9024074673652649,
            -0.057287055999040604
        ],
        [
            0.1179947704076767,
            -0.8988351821899414,
            -0.05570308491587639
        ],
        [
            0.11960014700889587,
            -0.8945006132125854,
            -0.048368070274591446
        ],
        [
            0.11683379858732224,
            -0.8905247449874878,
            -0.0655929446220398
        ],
        [
            0.11786876618862152,
            -0.8921277523040771,
            -0.06021101027727127
        ],
        [
            0.11734235286712646,
            -0.8984180688858032,
            -0.06522589921951294
        ],
        [
            0.11674056947231293,
            -0.8972911834716797,
            -0.06913623213768005
        ],
        [
            0.11529189348220825,
            -0.8966937065124512,
            -0.07318189740180969
        ],
        [
            0.11313600838184357,
            -0.896783709526062,
            -0.07702859491109848
        ],
        [
            0.11242668330669403,
            -0.8913981914520264,
            -0.0761541947722435
        ],
        [
            0.11489155888557434,
            -0.8904867172241211,
            -0.07121852040290833
        ],
        [
            0.11669987440109253,
            -0.9113088846206665,
            -0.08195847272872925
        ],
        [
            0.11122554540634155,
            -0.9108392000198364,
            -0.08655718713998795
        ],
        [
            0.11134101450443268,
            -0.9078598022460938,
            -0.08489184081554413
        ],
        [
            0.11626020818948746,
            -0.9081916809082031,
            -0.08123096823692322
        ],
        [
            0.09970873594284058,
            -0.9023410081863403,
            -0.08773747086524963
        ],
        [
            0.10154302418231964,
            -0.9046740531921387,
            -0.08782447874546051
        ],
        [
            0.09989114105701447,
            -0.9059957265853882,
            -0.09121333062648773
        ],
        [
            0.09829889982938766,
            -0.9015612602233887,
            -0.09094785153865814
        ],
        [
            0.09970657527446747,
            -0.8984467387199402,
            -0.0893101692199707
        ],
        [
            0.10078804939985275,
            -0.9005324244499207,
            -0.08715976774692535
        ],
        [
            0.12009154260158539,
            -0.9696934223175049,
            -0.07799084484577179
        ],
        [
            0.12060778588056564,
            -0.9521441459655762,
            -0.08731997013092041
        ],
        [
            0.12262299656867981,
            -0.9631998538970947,
            -0.05859275162220001
        ],
        [
            0.12126283347606659,
            -0.9533073902130127,
            -0.043266285210847855
        ],
        [
            0.11909829825162888,
            -0.9406171441078186,
            -0.03012075647711754
        ],
        [
            0.11074462532997131,
            -0.8389450311660767,
            -0.04696061089634895
        ],
        [
            0.10673898458480835,
            -0.8304711580276489,
            -0.040726833045482635
        ],
        [
            0.10472075641155243,
            -0.8389028310775757,
            -0.0274763535708189
        ],
        [
            0.09875930845737457,
            -0.8289780020713806,
            -0.02398798242211342
        ],
        [
            0.10175459086894989,
            -0.8206425905227661,
            -0.03806284815073013
        ],
        [
            0.08909811079502106,
            -0.8031426072120667,
            -0.04331997409462929
        ],
        [
            0.0957927480340004,
            -0.8110209703445435,
            -0.038793183863162994
        ],
        [
            0.09023185074329376,
            -0.8196118474006653,
            -0.022073566913604736
        ],
        [
            0.08579389750957489,
            -0.8332641124725342,
            -0.007058069109916687
        ],
        [
            0.0950966477394104,
            -0.8399070501327515,
            -0.011908972635865211
        ],
        [
            0.08067554235458374,
            -0.849812924861908,
            0.003572463057935238
        ],
        [
            0.07349473237991333,
            -0.8267019987106323,
            -0.0002583395689725876
        ],
        [
            0.07235951721668243,
            -0.8491816520690918,
            0.008649555034935474
        ],
        [
            0.0626383125782013,
            -0.7898931503295898,
            -0.00856659933924675
        ],
        [
            0.05933346599340439,
            -0.7788954973220825,
            -0.0025755614042282104
        ],
        [
            0.0551539808511734,
            -0.7867207527160645,
            0.013556944206357002
        ],
        [
            0.06009957194328308,
            -0.7976635694503784,
            0.00854283943772316
        ],
        [
            0.10230028629302979,
            -0.8474586009979248,
            -0.017894525080919266
        ],
        [
            0.11405127495527267,
            -0.9100368022918701,
            -0.02478143945336342
        ],
        [
            0.118634894490242,
            -0.9089264869689941,
            -0.036468714475631714
        ],
        [
            0.11213120073080063,
            -0.897468626499176,
            -0.02032993920147419
        ],
        [
            0.10942971706390381,
            -0.9696747064590454,
            -0.013095706701278687
        ],
        [
            0.11796177923679352,
            -0.9637762308120728,
            -0.028565354645252228
        ],
        [
            0.1161540150642395,
            -0.9488307237625122,
            -0.01825769990682602
        ],
        [
            0.10936455428600311,
            -0.9567219018936157,
            -0.004056103527545929
        ],
        [
            0.09786948561668396,
            -1.0031474828720093,
            -0.04099911451339722
        ],
        [
            0.11215566098690033,
            -0.9887704253196716,
            -0.05964861810207367
        ],
        [
            0.11526478081941605,
            -0.9779449701309204,
            -0.044874925166368484
        ],
        [
            0.10480166971683502,
            -0.9888960123062134,
            -0.028613245114684105
        ],
        [
            0.10182543098926544,
            -0.9595402479171753,
            0.006734438240528107
        ],
        [
            0.08984961360692978,
            -0.9624495506286621,
            0.020726792514324188
        ],
        [
            0.08421271294355392,
            -0.9795464873313904,
            0.02163195237517357
        ],
        [
            0.09773573279380798,
            -0.9772807955741882,
            0.0035070888698101044
        ],
        [
            0.07234247028827667,
            -1.0002284049987793,
            0.01680559664964676
        ],
        [
            0.08930133283138275,
            -0.998015284538269,
            -0.004918769001960754
        ],
        [
            0.06146562844514847,
            -0.8363076448440552,
            0.01649993471801281
        ],
        [
            0.06314243376255035,
            -0.8549731969833374,
            0.017048973590135574
        ],
        [
            0.06615252047777176,
            -0.8108511567115784,
            0.002032608725130558
        ],
        [
            0.0583077035844326,
            -0.8196834325790405,
            0.017446227371692657
        ],
        [
            0.05704125761985779,
            -1.0164588689804077,
            0.0071804821491241455
        ],
        [
            0.0779481753706932,
            -1.014897346496582,
            -0.018059495836496353
        ],
        [
            0.04677468538284302,
            -0.9452991485595703,
            0.05181783065199852
        ],
        [
            0.0565105676651001,
            -0.9623504877090454,
            0.04579220712184906
        ],
        [
            0.0698041319847107,
            -0.9477689266204834,
            0.039309076964855194
        ],
        [
            0.05941207706928253,
            -0.9337766766548157,
            0.04599566012620926
        ],
