{
    "pred_cam": [
        1.4766740798950195,
        -0.060425229370594025,
        0.36166974902153015
    ],
    "pred_smpl_params": {
        "global_orient": [
            [
                [
                    0.697205126285553,
                    -0.044655513018369675,
                    0.7154794931411743
                ],
                [
                    -0.10032369941473007,
                    -0.9943140149116516,
                    0.03570275008678436
                ],
                [
                    0.7098170518875122,
                    -0.0966716855764389,
                    -0.6977208256721497
                ]
            ]
        ],
        "body_pose": [
            [
                [
                    0.9935857057571411,
                    -0.07519294321537018,
                    -0.08445985615253448
                ],
                [
                    0.06658612191677094,
                    0.9927093982696533,
                    -0.10047049075365067
                ],
                [
                    0.09139876812696457,
                    0.0942021906375885,
                    0.9913486838340759
                ]
            ],
            [
                [
                    0.9908000826835632,
                    -0.07816182076931,
                    -0.11047989875078201
                ],
                [
                    0.07798129320144653,
                    0.9969369769096375,
                    -0.005960638634860516
                ],
                [
                    0.11060739308595657,
                    -0.0027095642872154713,
                    0.9938604235649109
                ]
            ],
            [
                [
                    0.9959524869918823,
                    0.06063704192638397,
                    0.06634535640478134
                ],
                [
                    -0.057849716395139694,
                    0.9973919987678528,
                    -0.04315781220793724
                ],
                [
                    -0.0687892884016037,
                    0.03914507478475571,
                    0.9968628883361816
                ]
            ],
            [
                [
                    0.940265417098999,
                    -0.22168898582458496,
                    -0.2583695650100708
                ],
                [
                    0.11204472929239273,
                    0.9181550741195679,
                    -0.3800489604473114
                ],
                [
                    0.321476012468338,
                    0.3283979892730713,
                    0.8881485462188721
                ]
            ],
            [
                [
                    0.9739274978637695,
                    -0.21871520578861237,
                    0.06024090200662613
                ],
                [
                    0.21819151937961578,
                    0.8303837776184082,
                    -0.5126941800117493
                ],
                [
                    0.062110934406518936,
                    0.5124709606170654,
                    0.856455385684967
                ]
            ],
            [
                [
                    0.9946754574775696,
                    0.06298685073852539,
                    0.08156827092170715
                ],
                [
                    -0.06769736856222153,
                    0.9961143732070923,
                    0.056330665946006775
                ],
                [
                    -0.07770324498414993,
                    -0.06155268847942352,
                    0.9950745701789856
                ]
            ],
            [
                [
                    0.980052649974823,
                    0.07992396503686905,
                    0.18195851147174835
                ],
                [
                    -0.09268064796924591,
                    0.9937193989753723,
                    0.0627063661813736
                ],
                [
                    -0.17580395936965942,
                    -0.07831958681344986,
                    0.9813047647476196
                ]
            ],
            [
                [
                    0.9821498990058899,
                    -0.034005001187324524,
                    -0.18500086665153503
                ],
                [
                    0.043528031557798386,
                    0.9979147911071777,
                    0.04765911400318146
                ],
                [
                    0.18299445509910583,
                    -0.05486111715435982,
                    0.9815821051597595
                ]
            ],
            [
                [
                    0.9981880187988281,
                    0.03394089266657829,
                    0.049685895442962646
                ],
                [
                    -0.02979891374707222,
                    0.9961987733840942,
                    -0.08185325562953949
                ],
                [
                    -0.05227520316839218,
                    0.08022435754537582,
                    0.9954050779342651
                ]
            ],
            [
                [
                    0.987114429473877,
                    -0.14936086535453796,
                    -0.057415563613176346
                ],
                [
                    0.15596890449523926,
                    0.9782679677009583,
                    0.13662149012088776
                ],
                [
                    0.03576190769672394,
                    -0.14381606876850128,
                    0.9889580607414246
                ]
            ],
            [
                [
                    0.9918841123580933,
                    0.12316673249006271,
                    -0.03155675157904625
                ],
                [
                    -0.1182151585817337,
                    0.9847371578216553,
                    0.12774145603179932
                ],
                [
                    0.04680860415101051,
                    -0.12297423183917999,
                    0.9913052916526794
                ]
            ],
            [
                [
                    0.9705317616462708,
                    0.01790251024067402,
                    -0.24030710756778717
                ],
                [
                    -0.0015568005619570613,
                    0.9976814985275269,
                    0.06803825497627258
                ],
                [
                    0.2409680187702179,
                    -0.06565918773412704,
                    0.9683094620704651
                ]
            ],
            [
                [
                    0.9509206414222717,
                    0.30411800742149353,
                    0.05711478739976883
                ],
                [
                    -0.3040878176689148,
                    0.9525973200798035,
                    -0.009430055506527424
                ],
                [
                    -0.05727524310350418,
                    -0.00840067770332098,
                    0.9983230233192444
                ]
            ],
            [
                [
                    0.9448614716529846,
                    -0.3266526162624359,
                    0.02312287874519825
                ],
                [
                    0.32738348841667175,
                    0.9438773989677429,
                    -0.04376724734902382
                ],
                [
                    -0.00752847408875823,
                    0.0489240400493145,
                    0.9987740516662598
                ]
            ],
            [
                [
                    0.9812541007995605,
                    -0.08255711197853088,
                    -0.17414024472236633
                ],
                [
                    0.036021750420331955,
                    0.9662426710128784,
                    -0.25510311126708984
                ],
                [
                    0.1893223077058792,
                    0.2440481036901474,
                    0.9511034488677979
                ]
            ],
            [
                [
                    0.6172108054161072,
                    0.732856810092926,
                    -0.2863069176673889
                ],
                [
                    -0.7747954726219177,
                    0.6294437646865845,
                    -0.059097014367580414
                ],
                [
                    0.1369044929742813,
                    0.258304625749588,
                    0.9563136100769043
                ]
            ],
            [
                [
                    0.49977660179138184,
                    -0.8475328683853149,
                    0.17863744497299194
                ],
                [
                    0.8619567155838013,
                    0.5069420337677002,
                    -0.006357521750032902
                ],
                [
                    -0.08517063409090042,
                    0.1571550816297531,
                    0.983894407749176
                ]
            ],
            [
                [
                    0.6347073316574097,
                    -0.20088523626327515,
                    -0.7461848258972168
                ],
                [
                    0.13591572642326355,
                    0.9795867800712585,
                    -0.1481105089187622
                ],
                [
                    0.7607059478759766,
                    -0.007411423604935408,
                    0.6490543484687805
                ]
            ],
            [
                [
                    0.7989687323570251,
                    0.2164294272661209,
                    0.561076819896698
                ],
                [
                    -0.13143056631088257,
                    0.9732819199562073,
                    -0.18827709555625916
                ],
                [
                    -0.5868346691131592,
                    0.0766848623752594,
                    0.8060672879219055
                ]
            ],
            [
                [
                    0.9993276000022888,
                    -0.031628403812646866,
                    -0.01854955404996872
                ],
                [
                    0.03317990154027939,
                    0.9953567981719971,
                    0.09035472571849823
                ],
                [
                    0.015605648048222065,
                    -0.0909094288945198,
                    0.9957369565963745
                ]
            ],
            [
                [
                    0.9997096061706543,
                    0.02290893718600273,
                    -0.00746713625267148
                ],
                [
                    -0.02301478199660778,
                    0.9996312260627747,
                    -0.01441306434571743
                ],
                [
                    0.007134194951504469,
                    0.014580735005438328,
                    0.9998681545257568
                ]
            ],
            [
                [
                    0.9718866944313049,
                    0.2192063331604004,
                    -0.08593408763408661
                ],
                [
                    -0.20718729496002197,
                    0.9696091413497925,
                    0.1301211565732956
                ],
                [
                    0.11184585839509964,
                    -0.10865858942270279,
                    0.9877669811248779
                ]
            ],
            [
                [
                    0.9782769083976746,
                    -0.20358721911907196,
                    0.03907221183180809
                ],
                [
                    0.19515548646450043,
                    0.9680179953575134,
                    0.15765631198883057
                ],
                [
                    -0.0699194148182869,
                    -0.14660637080669403,
                    0.9867208003997803
                ]
            ]
        ],
        "betas": [
            -0.1678490936756134,
            0.16095687448978424,
            0.7028976678848267,
            1.184547781944275,
            0.06580853462219238,
            0.07558350265026093,
            0.0227297842502594,
            0.009554147720336914,
            0.06664346158504486,
            -0.06444501876831055
        ]
    },
    "pred_cam_t": [
        -0.060425229370594025,
        0.36166974902153015,
        26.453027725219727
    ],
    "focal_length": [
        5000.0,
        5000.0
    ],
    "pred_keypoints_3d": [
        [
            0.09339918196201324,
            -0.8621513843536377,
            -0.10284871608018875
        ],
        [
            -0.009246857836842537,
            -0.7601932883262634,
            0.026385506615042686
        ],
        [
            -0.11942532658576965,
            -0.6705377101898193,
            -0.12173695862293243
        ],
        [
            -0.17509914934635162,
            -0.43080076575279236,
            -0.1461762934923172
        ],
        [
            -0.09146463871002197,
            -0.23136182129383087,
            -0.26909929513931274
        ],
        [
            0.07034844905138016,
            -0.659288763999939,
            0.17929890751838684
        ],
        [
            0.09182502329349518,
            -0.4175121784210205,
            0.2552584707736969
        ],
        [
            0.2755749225616455,
            -0.27308183908462524,
            0.18773794174194336
        ],
        [
            -0.0025834916159510612,
            -0.23474597930908203,
            0.025388851761817932
        ],
        [
            -0.04770108312368393,
            -0.1385696530342102,
            -0.008059062063694
        ],
        [
            -0.04289867356419563,
            0.23483902215957642,
            0.030305087566375732
        ],
        [
            -0.08511057496070862,
            0.49687349796295166,
            0.31397661566734314
        ],
        [
            0.04228410869836807,
            -0.15066972374916077,
            0.08694054186344147
        ],
        [
            0.07746516168117523,
            0.19994130730628967,
            0.18868716061115265
        ],
        [
            0.039673615247011185,
            0.4936830401420593,
            0.4395717978477478
        ],
        [
            0.05024135857820511,
            -0.9060685634613037,
            -0.09397834539413452
        ],
        [
            0.10740126669406891,
            -0.9049720764160156,
            -0.06052010506391525
        ],
        [
            -0.0340711735188961,
            -0.9013745784759521,
            -0.03345729410648346
        ],
        [
            0.09174802154302597,
            -0.8987768292427063,
            0.04190245643258095
        ],
        [
            0.13523565232753754,
            0.6257455348968506,
            0.3269757032394409
        ],
        [
            0.1686892956495285,
            0.5921720862388611,
            0.3974277377128601
        ],
        [
            0.01399422250688076,
            0.49572962522506714,
            0.5044112801551819
        ],
        [
            0.01975955069065094,
            0.6380445957183838,
            0.22052782773971558
        ],
        [
            -0.06732155382633209,
            0.6376672387123108,
            0.22591105103492737
        ],
        [
            -0.12154734134674072,
            0.5019453167915344,
            0.37679097056388855
        ],
        [
            -0.11532752215862274,
            0.45283645391464233,
            0.28889843821525574
        ],
        [
            -0.04182255268096924,
            0.1749075949192047,
            0.012943926267325878
        ],
        [
            -0.10764650255441666,
            -0.25390923023223877,
            -0.07361204922199249
        ],
        [
            0.08158785104751587,
            -0.2654990553855896,
            0.13384471833705902
        ],
        [
            0.084321990609169,
            0.15865594148635864,
            0.18244412541389465
        ],
        [
            0.0351882167160511,
            0.45145735144615173,
            0.4429346024990082
        ],
        [
            -0.0698542520403862,
            -0.2611472010612488,
            -0.2649437487125397
        ],
        [
            -0.17281940579414368,
            -0.45437103509902954,
            -0.1801798939704895
        ],
        [
            -0.10000652074813843,
            -0.7022287845611572,
            -0.08964170515537262
        ],
        [
            0.05497932806611061,
            -0.6915172338485718,
            0.15477047860622406
        ],
        [
            0.12955164909362793,
            -0.4530184268951416,
            0.2639278173446655
        ],
        [
            0.2758733332157135,
            -0.29553768038749695,
            0.18942898511886597
        ],
        [
            -0.007902311161160469,
            -0.752735435962677,
            0.025845929980278015
        ],
        [
            0.04376927763223648,
            -0.9517947435379028,
            -0.011655496433377266
        ],
        [
            -0.012592149898409843,
            -0.25945746898651123,
            0.030757054686546326
        ],
        [
            -0.020005252212285995,
            -0.6950953602790833,
            0.029910089448094368
        ],
        [
            -0.029696768149733543,
            -0.5162806510925293,
            0.027022646740078926
        ],
        [
            0.05878031998872757,
            -0.8410177230834961,
            -0.03300319239497185
        ],
        [
            0.03637777641415596,
            -0.971136212348938,
            -0.008212599903345108
        ]
    ],
    "pred_vertices": [
        [
            0.12033388018608093,
            -0.9508436918258667,
            -0.057130344212055206
        ],
        [
            0.11781841516494751,
            -0.9361671209335327,
            -0.06498807668685913
        ],
        [
            0.12223510444164276,
            -0.9329675436019897,
            -0.05177566409111023
        ],
        [
            0.12327253818511963,
            -0.9443082213401794,
            -0.04107203334569931
        ],
        [
            0.12127399444580078,
            -0.9238758087158203,
            -0.05803993344306946
        ],
        [
            0.11652907729148865,
            -0.9247100949287415,
            -0.06957070529460907
        ],
        [
            0.12192165106534958,
            -0.9277592897415161,
            -0.0389489009976387
        ],
        [
            0.12175063788890839,
            -0.9350945949554443,
            -0.02749822288751602
        ],
        [
            0.11933549493551254,
            -0.8931307792663574,
            -0.024300258606672287
        ],
        [
            0.11727400869131088,
            -0.8892712593078613,
            -0.013970788568258286
        ],
        [
            0.11866158992052078,
            -0.9011030197143555,
            -0.015909627079963684
        ],
        [
            0.11907137930393219,
            -0.9020114541053772,
            -0.026386860758066177
        ],
        [
            0.11504009366035461,
            -0.8673548698425293,
            -0.02006618306040764
        ],
        [
            0.11369522660970688,
            -0.8576765060424805,
            -0.02990623190999031
        ],
        [
            0.11013241112232208,
            -0.8491894602775574,
            -0.019747670739889145
        ],
        [
            0.11005783826112747,
            -0.8584799766540527,
            -0.00991203635931015
        ],
        [
            0.09909096360206604,
            -0.8711477518081665,
            -0.06805659085512161
        ],
        [
            0.10290347039699554,
            -0.8644485473632812,
            -0.0637156069278717
        ],
        [
            0.10614378750324249,
            -0.8710827231407166,
            -0.06152425706386566
        ],
        [
            0.10150287300348282,
            -0.8769873380661011,
            -0.06587731093168259
        ],
        [
            0.09507869929075241,
            -0.8805299997329712,
            -0.07901223003864288
        ],
        [
            0.0944528579711914,
            -0.8861696720123291,
            -0.07592315971851349
        ],
        [
            0.09344469010829926,
            -0.889784574508667,
            -0.08299724012613297
        ],
        [
            0.09542016685009003,
            -0.8833175897598267,
            -0.08653705567121506
        ],
        [
            0.09419308602809906,
            -0.8660808205604553,
            -0.07065696269273758
        ],
        [
            0.0981912910938263,
            -0.8590903282165527,
            -0.06574899703264236
        ],
        [
            0.0962042510509491,
            -0.8768692016601562,
            -0.0722961351275444
        ],
        [
            0.09546753764152527,
            -0.8721438646316528,
            -0.07515798509120941
        ],
        [
            0.09849275648593903,
            -0.8655229806900024,
            -0.08521699160337448
        ],
        [
            0.09924155473709106,
            -0.870193362236023,
            -0.08344978839159012
        ],
        [
            0.10015437006950378,
            -0.8708417415618896,
            -0.09123305231332779
        ],
        [
            0.09847487509250641,
            -0.8655551671981812,
            -0.09103336930274963
        ],
        [
            0.09554050117731094,
            -0.8652561902999878,
            -0.07577989995479584
        ],
        [
            0.0977276861667633,
            -0.8679879903793335,
            -0.07814420014619827
        ],
        [
            0.09682077914476395,
            -0.8641602396965027,
            -0.08118177950382233
        ],
        [
            0.0937151312828064,
            -0.8622586727142334,
            -0.07894174009561539
        ],
        [
            0.0958920419216156,
            -0.8759856224060059,
            -0.08167674392461777
        ],
        [
            0.09746935963630676,
            -0.8775045871734619,
            -0.08924853801727295
        ],
        [
            0.09825597703456879,
            -0.8785727024078369,
            -0.09746971726417542
        ],
        [
            0.10036960244178772,
            -0.8699381351470947,
            -0.09944204986095428
        ],
        [
            0.10779917240142822,
            -0.8508604764938354,
            -0.051239918917417526
        ],
        [
            0.10625764727592468,
            -0.8575955033302307,
            -0.058228373527526855
        ],
        [
            0.1017833799123764,
            -0.8529258966445923,
            -0.06076780706644058
        ],
        [
            0.10391800105571747,
            -0.8474442362785339,
            -0.055308617651462555
        ],
        [
            0.09266164898872375,
            -0.8593189716339111,
            -0.0752037912607193
        ],
        [
            0.09506368637084961,
            -0.8431905508041382,
            -0.07213275879621506
        ],
        [
            0.09568317234516144,
            -0.8470339775085449,
            -0.07248980551958084
        ],
        [
            0.09287743270397186,
            -0.8477081060409546,
            -0.07914683222770691
        ],
        [
            0.09276881814002991,
            -0.8441269397735596,
            -0.0783124640583992
        ],
        [
            0.10627375543117523,
            -0.8368889093399048,
            -0.039867740124464035
        ],
        [
            0.10398649424314499,
            -0.8356887102127075,
            -0.046786244958639145
        ],
        [
            0.1024676039814949,
            -0.8288822770118713,
            -0.04365668073296547
        ],
        [
            0.10350999236106873,
            -0.8288821578025818,
            -0.03568601980805397
        ],
        [
            0.09976249933242798,
            -0.8232137560844421,
            -0.04311694949865341
        ],
        [
            0.1003035306930542,
            -0.821316659450531,
            -0.032793983817100525
        ],
        [
            0.09217676520347595,
            -0.8077042102813721,
            -0.03704427555203438
        ],
        [
            0.09607669711112976,
            -0.8137539625167847,
            -0.03437171131372452
        ],
        [
            0.0965614840388298,
            -0.8177354335784912,
            -0.045295000076293945
        ],
        [
            0.09377191960811615,
            -0.8126233220100403,
            -0.05057194456458092
        ],
        [
            0.08860410749912262,
            -0.8168500661849976,
            -0.06545691192150116
        ],
        [
            0.0851646438241005,
            -0.8155910968780518,
            -0.07090005278587341
        ],
        [
            0.0874001532793045,
            -0.8036311864852905,
            -0.06557376682758331
        ],
        [
            0.09076233208179474,
            -0.8072342872619629,
            -0.0583537220954895
        ],
        [
            0.09204322099685669,
            -0.8379116058349609,
            -0.06788702309131622
        ],
        [
            0.09372393786907196,
            -0.8380731344223022,
            -0.06340500712394714
        ],
        [
            0.09524944424629211,
            -0.8394020795822144,
            -0.0653088390827179
        ],
        [
            0.09380842745304108,
            -0.8402983546257019,
            -0.07044511288404465
        ],
        [
            0.09556793421506882,
            -0.8378745317459106,
            -0.059774190187454224
        ],
        [
            0.09643538296222687,
            -0.8377096652984619,
            -0.05822259187698364
        ],
        [
            0.0970303863286972,
            -0.8389368653297424,
            -0.059520475566387177
        ],
        [
            0.09580351412296295,
            -0.8385359048843384,
            -0.06050000339746475
        ],
        [
            0.09456034004688263,
            -0.8381562232971191,
            -0.06200628727674484
        ],
        [
            0.09389262646436691,
            -0.836165189743042,
            -0.06272497773170471
        ],
        [
            0.0951135903596878,
            -0.8370195627212524,
            -0.06055201217532158
        ],
        [
            0.0925384908914566,
            -0.8351656198501587,
            -0.06697453558444977
        ],
        [
            0.08631722629070282,
            -0.8325510025024414,
            -0.08044395595788956
        ],
        [
            0.08881740272045135,
            -0.8331719040870667,
            -0.07697796076536179
        ],
        [
            0.08736521005630493,
            -0.837800145149231,
            -0.07738663256168365
        ],
        [
            0.08524534851312637,
            -0.8374858498573303,
            -0.08033465594053268
        ],
        [
            0.09668833017349243,
            -0.8404192924499512,
            -0.06238698214292526
        ],
        [
            0.09874216467142105,
            -0.8422513604164124,
            -0.0604715421795845
        ],
        [
            0.0978839173913002,
            -0.8447108864784241,
            -0.06566662341356277
        ],
        [
            0.09635144472122192,
            -0.8420263528823853,
            -0.06557918339967728
        ],
        [
            0.10096494853496552,
            -0.8440588712692261,
            -0.058817971497774124
        ],
        [
            0.09861388057470322,
            -0.8401471376419067,
            -0.05780686438083649
        ],
        [
            0.10081072151660919,
            -0.8407105207443237,
            -0.05559246614575386
        ],
        [
            0.095919169485569,
            -0.8358503580093384,
            -0.05833003297448158
        ],
        [
            0.09720312058925629,
            -0.8342585563659668,
            -0.05539043992757797
        ],
        [
            0.0983065515756607,
            -0.8369101285934448,
            -0.05615939944982529
        ],
        [
            0.09566047787666321,
            -0.8309340476989746,
            -0.05659865587949753
        ],
        [
            0.09445767104625702,
            -0.833871603012085,
            -0.060417719185352325
        ],
        [
            0.09306007623672485,
            -0.8318405747413635,
            -0.06455284357070923
        ],
        [
            0.09116613864898682,
            -0.8300210237503052,
            -0.06992147117853165
        ],
        [
            0.09114131331443787,
            -0.8254191875457764,
            -0.06558142602443695
        ],
        [
            0.09370844066143036,
            -0.8278683423995972,
            -0.060346320271492004
        ],
        [
            0.09926100075244904,
            -0.8484698534011841,
            -0.06429978460073471
        ],
        [
            0.1007472351193428,
            -0.8362780213356018,
            -0.05214061588048935
        ],
        [
            0.10415798425674438,
            -0.842538595199585,
            -0.050696492195129395
        ],
        [
            0.09975866228342056,
            -0.8314920663833618,
            -0.050811782479286194
        ],
        [
            0.09763878583908081,
            -0.827027440071106,
            -0.05123620107769966
        ],
        [
            0.09496381878852844,
            -0.8230918645858765,
            -0.053926095366477966
        ],
        [
            0.09190423786640167,
            -0.8195881843566895,
            -0.05970151722431183
        ],
        [
            0.08264987170696259,
            -0.7962560653686523,
            -0.053786907345056534
        ],
        [
            0.08758105337619781,
            -0.8012559413909912,
            -0.04583752155303955
        ],
        [
            0.11260198056697845,
            -0.9177392721176147,
            -0.06797042489051819
        ],
        [
            0.11816582828760147,
            -0.9168800711631775,
            -0.06071982532739639
        ],
        [
            0.1149815022945404,
            -0.9098602533340454,
            -0.05582345277070999
        ],
        [
            0.11672811210155487,
            -0.9123669862747192,
            -0.05462601035833359
        ],
        [
            0.11429045349359512,
            -0.9132203459739685,
            -0.06073169410228729
        ],
        [
            0.11322996765375137,
            -0.9105123281478882,
            -0.06020842492580414
        ],
        [
            0.11735033988952637,
            -0.9035670757293701,
            -0.03498268872499466
        ],
        [
            0.11594636738300323,
            -0.905035138130188,
            -0.04168277978897095
        ],
        [
            0.11526842415332794,
            -0.9014644622802734,
            -0.039970945566892624
        ],
        [
            0.11805799603462219,
            -0.8970624804496765,
            -0.03305715322494507
        ],
        [
            0.11232471466064453,
            -0.8932921290397644,
            -0.04952467978000641
        ],
        [
            0.11423550546169281,
            -0.8948277235031128,
            -0.04440039396286011
        ],
        [
            0.11300534009933472,
            -0.9011719226837158,
            -0.04923351854085922
        ],
        [
            0.11173780262470245,
            -0.9000747203826904,
            -0.05298735946416855
        ],
        [
            0.10961947590112686,
            -0.8995360136032104,
            -0.056751549243927
        ],
        [
            0.10683119297027588,
            -0.8996857404708862,
            -0.06016877293586731
        ],
        [
            0.10616728663444519,
            -0.8943184614181519,
            -0.05919557064771652
        ],
        [
            0.109429731965065,
            -0.8933221101760864,
            -0.05477792024612427
        ],
        [
            0.10974602401256561,
            -0.9142571687698364,
            -0.06551576405763626
        ],
        [
            0.10352915525436401,
            -0.9138920307159424,
            -0.06908704340457916
        ],
        [
            0.10388036072254181,
            -0.9109088182449341,
            -0.06753119826316833
        ],
        [
            0.1093645691871643,
            -0.9111528396606445,
            -0.06476794928312302
        ],
        [
            0.09188137948513031,
            -0.9055392742156982,
            -0.06844185292720795
        ],
        [
            0.09371417760848999,
            -0.9078447222709656,
            -0.06883719563484192
        ],
        [
            0.0915331095457077,
            -0.9092657566070557,
            -0.071834497153759
        ],
        [
            0.08993849158287048,
            -0.9048342704772949,
            -0.07134320586919785
        ],
        [
            0.09158018231391907,
            -0.9016782641410828,
            -0.07000582665205002
        ],
        [
            0.09305033087730408,
            -0.9037147760391235,
            -0.06808383017778397
        ],
        [
            0.1146717369556427,
            -0.9723289608955383,
            -0.06179540604352951
        ],
        [
            0.11348485946655273,
            -0.9548885822296143,
            -0.07109539955854416
        ],
        [
            0.12054212391376495,
            -0.9656969308853149,
            -0.04322366416454315
        ],
        [
            0.12153181433677673,
            -0.9556753635406494,
            -0.027761340141296387
        ],
        [
            0.12107952684164047,
            -0.9431145191192627,
            -0.014538876712322235
        ],
        [
            0.10859304666519165,
            -0.8416289687156677,
            -0.030336152762174606
        ],
        [
            0.10551963746547699,
            -0.8331408500671387,
            -0.023551620543003082
        ],
        [
            0.10580205917358398,
            -0.8414672613143921,
            -0.010075528174638748
        ],
        [
            0.10026828944683075,
            -0.8315366506576538,
            -0.005680464208126068
        ],
        [
            0.10074801743030548,
            -0.8233804702758789,
            -0.020113512873649597
        ],
        [
            0.08694937825202942,
            -0.8062522411346436,
            -0.02324487641453743
        ],
        [
            0.09446348249912262,
            -0.8139216899871826,
            -0.019855134189128876
        ],
        [
            0.09176837652921677,
            -0.8223943710327148,
            -0.002430977299809456
        ],
        [
            0.09010814875364304,
            -0.8357616662979126,
            0.013195009902119637
        ],
        [
            0.09873832762241364,
            -0.8423026204109192,
            0.0068871937692165375
        ],
        [
            0.08709221333265305,
            -0.8522257208824158,
            0.02463640086352825
        ],
        [
            0.07871113717556,
            -0.8290795087814331,
            0.02203521504998207
        ],
        [
            0.07962572574615479,
            -0.8515154123306274,
            0.031110158190131187
        ],
        [
            0.0663488432765007,
            -0.7922747731208801,
            0.015262788161635399
        ],
        [
            0.06376472115516663,
            -0.7810367345809937,
            0.021366683766245842
        ],
        [
            0.061709821224212646,
            -0.7883646488189697,
            0.0380164310336113
        ],
        [
            0.06623672693967819,
            -0.799591064453125,
            0.03264104947447777
        ],
        [
            0.1051962822675705,
            -0.8498477935791016,
            -0.00021045655012130737
        ],
        [
            0.11665119230747223,
            -0.912419319152832,
            -0.008685160428285599
        ],
        [
            0.11922037601470947,
            -0.9112750291824341,
            -0.020985934883356094
        ],
        [
            0.115218885242939,
            -0.8997952938079834,
            -0.004108168184757233
        ],
        [
            0.11483322083950043,
            -0.972204327583313,
            0.0042954012751579285
        ],
        [
            0.12028957903385162,
            -0.9661685824394226,
            -0.012565724551677704
        ],
        [
            0.12016980350017548,
            -0.9512245655059814,
            -0.0022798217833042145
        ],
        [
            0.11585485935211182,
            -0.9591022729873657,
            0.012926962226629257
        ],
        [
            0.09937503188848495,
            -1.0063056945800781,
            -0.021014899015426636
        ],
        [
            0.10990330576896667,
            -0.9916808605194092,
            -0.04206131771206856
        ],
        [
            0.11519798636436462,
            -0.9806114435195923,
            -0.028117995709180832
        ],
        [
            0.10786202549934387,
            -0.9918463230133057,
            -0.010068759322166443
        ],
        [
            0.11031001806259155,
            -0.9618964195251465,
            0.024798527359962463
        ],
        [
            0.10081233084201813,
            -0.9647903442382812,
            0.040771499276161194
        ],
        [
            0.09559787809848785,
            -0.9819471836090088,
            0.042846452444791794
        ],
        [
            0.10594014823436737,
            -0.979749321937561,
            0.022541049867868423
        ],
        [
            0.08323934674263,
            -1.0028786659240723,
            0.04010680317878723
        ],
        [
            0.0963880866765976,
            -1.000837802886963,
            0.016024820506572723
        ],
        [
            0.0697430819272995,
            -0.8383071422576904,
            0.04061715304851532
        ],
        [
            0.07208872586488724,
            -0.8571364283561707,
            0.04106973856687546
        ],
        [
            0.07163621485233307,
            -0.8130657076835632,
            0.025508888065814972
        ],
        [
            0.0662122517824173,
            -0.8216381072998047,
            0.04193360358476639
        ],
        [
            0.06674006581306458,
            -1.019533634185791,
            0.0334695428609848
        ],
        [
            0.08340708911418915,
            -1.018070936203003,
            0.005172379314899445
        ],
        [
            0.0631515383720398,
            -0.9478670358657837,
            0.07834360003471375
        ],
        [
            0.07186409831047058,
            -0.9649084210395813,
            0.0709853544831276
        ],
        [
            0.08370742201805115,
            -0.9502601623535156,
            0.062110234051942825
        ],
        [
            0.07436975091695786,
            -0.9363573789596558,
            0.07020445168018341
        ],
        [
