{
    "pred_cam": [
        1.487809181213379,
        -0.13745027780532837,
        0.36321696639060974
    ],
    "pred_smpl_params": {
        "global_orient": [
            [
                [
                    0.8176649212837219,
                    -0.03343130648136139,
                    0.5747228860855103
                ],
                [
                    -0.07705598324537277,
                    -0.9956849217414856,
                    0.05171002447605133
                ],
                [
                    0.5705141425132751,
                    -0.08656731247901917,
                    -0.8167127370834351
                ]
            ]
        ],
        "body_pose": [
            [
                [
                    0.9964486360549927,
                    -0.03669542819261551,
                    -0.07578565925359726
                ],
                [
                    0.030122458934783936,
                    0.9958290457725525,
                    -0.08612294495105743
                ],
                [
                    0.07862987369298935,
                    0.08353424817323685,
                    0.9933978319168091
                ]
            ],
            [
                [
                    0.9903660416603088,
                    -0.03442826494574547,
                    -0.13412582874298096
                ],
                [
                    0.026381803676486015,
                    0.997769832611084,
                    -0.06131439656019211
                ],
                [
                    0.1359376460313797,
                    0.05718521773815155,
                    0.9890656471252441
                ]
            ],
            [
                [
                    0.9943943619728088,
                    0.02864743582904339,
                    0.10178025811910629
                ],
                [
                    -0.026844598352909088,
                    0.9994582533836365,
                    -0.019039079546928406
                ],
                [
                    -0.10227054357528687,
                    0.016200102865695953,
                    0.994624674320221
                ]
            ],
            [
                [
                    0.9426485896110535,
                    -0.20835566520690918,
                    -0.26077133417129517
                ],
                [
                    0.04731299728155136,
                    0.8567683696746826,
                    -0.5135264992713928
                ],
                [
                    0.330416738986969,
                    0.4717370867729187,
                    0.8174894452095032
                ]
            ],
            [
                [
                    0.9782085418701172,
                    -0.18971361219882965,
                    0.08436082303524017
                ],
                [
                    0.20480471849441528,
                    0.8149431943893433,
                    -0.5421462655067444
                ],
                [
                    0.03410324826836586,
                    0.5476096272468567,
                    0.8360386490821838
                ]
            ],
            [
                [
                    0.9920147061347961,
                    0.06755665689706802,
                    0.10650250315666199
                ],
                [
                    -0.07555335015058517,
                    0.9944714307785034,
                    0.07292672991752625
                ],
                [
                    -0.100987009704113,
                    -0.08039102703332901,
                    0.9916344285011292
                ]
            ],
            [
                [
                    0.9543655514717102,
                    0.09658663719892502,
                    0.2825903296470642
                ],
                [
                    -0.12300373613834381,
                    0.9893955588340759,
                    0.07724317908287048
                ],
                [
                    -0.2721329629421234,
                    -0.10847791284322739,
                    0.9561255574226379
                ]
            ],
            [
                [
                    0.9655463695526123,
                    -0.006633120123296976,
                    -0.26014652848243713
                ],
                [
                    0.030143989250063896,
                    0.9957965612411499,
                    0.08649039268493652
                ],
                [
                    0.2584792971611023,
                    -0.09135234355926514,
                    0.9616876840591431
                ]
            ],
            [
                [
                    0.9942499399185181,
                    0.04399661719799042,
                    0.0976288691163063
                ],
                [
                    -0.040338609367609024,
                    0.9984195232391357,
                    -0.0391320176422596
                ],
                [
                    -0.09919623285531998,
                    0.0349687896668911,
                    0.9944533109664917
                ]
            ],
            [
                [
                    0.9661397933959961,
                    -0.1896856129169464,
                    -0.17490917444229126
                ],
                [
                    0.20961621403694153,
                    0.9723001718521118,
                    0.10340937227010727
                ],
                [
                    0.15044893324375153,
                    -0.1365717202425003,
                    0.9791390895843506
                ]
            ],
            [
                [
                    0.9966648817062378,
                    0.07990358024835587,
                    -0.01656753569841385
                ],
                [
                    -0.07747934013605118,
                    0.9903149008750916,
                    0.11520979553461075
                ],
                [
                    0.02561275102198124,
                    -0.11354192346334457,
                    0.9932029843330383
                ]
            ],
            [
                [
                    0.9670403599739075,
                    0.039575234055519104,
                    -0.2515285909175873
                ],
                [
                    -0.013939742930233479,
                    0.9945945739746094,
                    0.10289492458105087
                ],
                [
                    0.25424104928970337,
                    -0.09599731117486954,
                    0.9623647928237915
                ]
            ],
            [
                [
                    0.9935378432273865,
                    0.10710447281599045,
                    0.03756611421704292
                ],
                [
                    -0.10926368087530136,
                    0.9921323657035828,
                    0.06111323460936546
                ],
                [
                    -0.030725056305527687,
                    -0.06482291966676712,
                    0.9974237084388733
                ]
            ],
            [
                [
                    0.9921494126319885,
                    -0.0888250395655632,
                    0.08803161978721619
                ],
                [
                    0.08697470277547836,
                    0.9959056377410889,
                    0.02464408427476883
                ],
                [
                    -0.08986020088195801,
                    -0.01679409109055996,
                    0.995812714099884
                ]
            ],
            [
                [
                    0.9860842227935791,
                    -0.0544772632420063,
                    -0.15706731379032135
                ],
                [
                    0.01951533555984497,
                    0.9761848449707031,
                    -0.21606098115444183
                ],
                [
                    0.16509714722633362,
                    0.20998910069465637,
                    0.963663637638092
                ]
            ],
            [
                [
                    0.85062175989151,
                    0.49434006214141846,
                    -0.17908242344856262
                ],
                [
                    -0.5105780363082886,
                    0.85794597864151,
                    -0.05691084265708923
                ],
                [
                    0.12550972402095795,
                    0.13984514772891998,
                    0.9821866750717163
                ]
            ],
            [
                [
                    0.7924886345863342,
                    -0.5968621969223022,
                    0.12536850571632385
                ],
                [
                    0.573809027671814,
                    0.7993376851081848,
                    0.17833256721496582
                ],
                [
                    -0.2066517323255539,
                    -0.06938895583152771,
                    0.9759509563446045
                ]
            ],
            [
                [
                    0.5055069923400879,
                    -0.21598362922668457,
                    -0.8353524208068848
                ],
                [
                    0.19732388854026794,
                    0.9714433550834656,
                    -0.13176146149635315
                ],
                [
                    0.8399559259414673,
                    -0.09822865575551987,
                    0.5336901545524597
                ]
            ],
            [
                [
                    0.8047367334365845,
                    0.20773975551128387,
                    0.5560961365699768
                ],
                [
                    -0.22769728302955627,
                    0.9731371998786926,
                    -0.03402813896536827
                ],
                [
                    -0.5482268929481506,
                    -0.09923789650201797,
                    0.8304210305213928
                ]
            ],
            [
                [
                    0.9957560300827026,
                    -0.07595241814851761,
                    -0.051972050219774246
                ],
                [
                    0.07863684743642807,
                    0.9955610036849976,
                    0.051717448979616165
                ],
                [
                    0.04781327396631241,
                    -0.05558488145470619,
                    0.9973085522651672
                ]
            ],
            [
                [
                    0.9966166615486145,
                    0.07949301600456238,
                    0.0208851657807827
                ],
                [
                    -0.07775776833295822,
                    0.9942400455474854,
                    -0.07375925779342651
                ],
                [
                    -0.026628216728568077,
                    0.07188571989536285,
                    0.9970573782920837
                ]
            ],
            [
                [
                    0.9846940040588379,
                    0.15902924537658691,
                    -0.07132619619369507
                ],
                [
                    -0.1536034643650055,
                    0.9852025508880615,
                    0.07603926956653595
                ],
                [
                    0.08236321061849594,
                    -0.06391946226358414,
                    0.9945504665374756
                ]
            ],
            [
                [
                    0.9903831481933594,
                    -0.1360747069120407,
                    0.02499721199274063
                ],
                [
                    0.13276702165603638,
                    0.9855800867080688,
                    0.1049036756157875
                ],
                [
                    -0.03891149163246155,
                    -0.10057603567838669,
                    0.9941681623458862
                ]
            ]
        ],
        "betas": [
            -0.15584945678710938,
            0.04797172546386719,
            0.5000277757644653,
            0.5102884769439697,
            0.08254644274711609,
            0.07431980967521667,
            0.01090434193611145,
            -0.08871763944625854,
            0.02060164511203766,
            -0.09823200106620789
        ]
    },
    "pred_cam_t": [
        -0.13745027780532837,
        0.36321696639060974,
        26.255046844482422
    ],
    "focal_length": [
        5000.0,
        5000.0
    ],
    "pred_keypoints_3d": [
        [
            0.0627952516078949,
            -0.865646243095398,
            -0.08109769225120544
        ],
        [
            -0.022500989958643913,
            -0.7460427284240723,
            0.04384632408618927
        ],
        [
            -0.1307593584060669,
            -0.6833069324493408,
            -0.10057982802391052
        ],
        [
            -0.20468199253082275,
            -0.5205565094947815,
            -0.2753196358680725
        ],
        [
            -0.16155709326267242,
            -0.4719068109989166,
            -0.5173751711845398
        ],
        [
            0.07551023364067078,
            -0.6628142595291138,
            0.18183323740959167
        ],
        [
            0.19302059710025787,
            -0.49088913202285767,
            0.3313811421394348
        ],
        [
            0.4289425313472748,
            -0.45748618245124817,
            0.2757996618747711
        ],
        [
            -0.001991530880331993,
            -0.22853028774261475,
            0.027194172143936157
        ],
        [
            -0.0565335750579834,
            -0.13333997130393982,
            0.0007686708122491837
        ],
        [
            -0.08261214196681976,
            0.24110177159309387,
            0.04864645004272461
        ],
        [
            -0.11241942644119263,
            0.49096763134002686,
            0.3502233624458313
        ],
        [
            0.05315019190311432,
            -0.14294353127479553,
            0.08043169975280762
        ],
        [
            0.08561588823795319,
            0.2159721553325653,
            0.16517186164855957
        ],
        [
            0.04428179934620857,
            0.48329323530197144,
            0.4494272768497467
        ],
        [
            0.01786581054329872,
            -0.9054468870162964,
            -0.06484794616699219
        ],
        [
            0.07709629833698273,
            -0.9041942358016968,
            -0.035222627222537994
        ],
        [
            -0.06234408915042877,
            -0.8878042697906494,
            -0.000163346529006958
        ],
        [
            0.06796328723430634,
            -0.8853374719619751,
            0.06613742560148239
        ],
        [
            0.11371991038322449,
            0.6325916051864624,
            0.34155505895614624
        ],
        [
            0.15847034752368927,
            0.5988055467605591,
            0.40479788184165955
        ],
        [
            0.02501821145415306,
            0.47736504673957825,
            0.5176092982292175
        ],
        [
            -0.05571860074996948,
            0.6458454728126526,
            0.238427072763443
        ],
        [
            -0.1373486965894699,
            0.6322126388549805,
            0.26318490505218506
        ],
        [
            -0.1366485208272934,
            0.49165186285972595,
            0.4203048646450043
        ],
        [
            -0.13973435759544373,
            0.44277507066726685,
            0.3296571373939514
        ],
        [
            -0.07964485138654709,
            0.18282586336135864,
            0.029353715479373932
        ],
        [
            -0.12432058155536652,
            -0.24873051047325134,
            -0.054072946310043335
        ],
        [
            0.10552849620580673,
            -0.25616922974586487,
            0.12182531505823135
        ],
        [
            0.0957103744149208,
            0.17665128409862518,
            0.15902823209762573
        ],
        [
            0.044922854751348495,
            0.44083961844444275,
            0.4498603045940399
        ],
        [
            -0.13757219910621643,
            -0.49285590648651123,
            -0.4989965558052063
        ],
        [
            -0.2096884399652481,
            -0.5588961839675903,
            -0.28508004546165466
        ],
        [
            -0.11513370275497437,
            -0.7094482183456421,
            -0.07084782421588898
        ],
        [
            0.05710873380303383,
            -0.6916678547859192,
            0.1630251109600067
        ],
        [
            0.20871329307556152,
            -0.5395647883415222,
            0.32796093821525574
        ],
        [
            0.416861891746521,
            -0.4769276976585388,
            0.27217525243759155
        ],
        [
            -0.02079240418970585,
            -0.7480228543281555,
            0.04479030519723892
        ],
        [
            0.013381666503846645,
            -0.9400476217269897,
            0.02368893474340439
        ],
        [
            -0.009271922521293163,
            -0.2524275779724121,
            0.03477981686592102
        ],
        [
            -0.026070617139339447,
            -0.6960477828979492,
            0.044713400304317474
        ],
        [
            -0.02833915501832962,
            -0.5039800405502319,
            0.030785078182816505
        ],
        [
            0.03425656259059906,
            -0.834746778011322,
            -0.012460474856197834
        ],
        [
            0.0052246879786252975,
            -0.9584063291549683,
            0.029850352555513382
        ]
    ],
    "pred_vertices": [
        [
            0.08746697008609772,
            -0.9499419331550598,
            -0.026836171746253967
        ],
        [
            0.0847122073173523,
            -0.9362772703170776,
            -0.03583472967147827
        ],
        [
            0.09040127694606781,
            -0.9317734837532043,
            -0.02358134090900421
        ],
        [
            0.09191416203975677,
            -0.9416955709457397,
            -0.01185151282697916
        ],
        [
            0.08960869908332825,
            -0.9234925508499146,
            -0.03096071444451809
        ],
        [
            0.0841231495141983,
            -0.9252985715866089,
            -0.04195232689380646
        ],
        [
            0.09122756123542786,
            -0.9250669479370117,
            -0.011651802808046341
        ],
        [
            0.09118742495775223,
            -0.9314659833908081,
            0.0007914546877145767
        ],
        [
            0.09201127290725708,
            -0.8889046311378479,
            -0.0014626258052885532
        ],
        [
            0.09069149196147919,
            -0.883816123008728,
            0.008407843299210072
        ],
        [
            0.09091894328594208,
            -0.8955777883529663,
            0.0080817099660635
        ],
        [
            0.09084339439868927,
            -0.8977276682853699,
            -0.0023281569592654705
        ],
        [
            0.08954428136348724,
            -0.8626344203948975,
            -0.0001845681108534336
        ],
        [
            0.08824947476387024,
            -0.8541644215583801,
            -0.011080320924520493
        ],
        [
            0.08568914234638214,
            -0.844332218170166,
            -0.0017901088576763868
        ],
        [
            0.08552374690771103,
            -0.8523094654083252,
            0.00909468438476324
        ],
        [
            0.07045920193195343,
            -0.8710561394691467,
            -0.04628264158964157
        ],
        [
            0.0747843012213707,
            -0.8642051815986633,
            -0.04299129545688629
        ],
        [
            0.077895388007164,
            -0.8706827759742737,
            -0.04023285210132599
        ],
        [
            0.07268941402435303,
            -0.8767433166503906,
            -0.043558090925216675
        ],
        [
            0.0651121586561203,
            -0.8812668919563293,
            -0.05562856048345566
        ],
        [
            0.06437273323535919,
            -0.8864279985427856,
            -0.0519094243645668
        ],
        [
            0.06257140636444092,
            -0.8907970786094666,
            -0.058342985808849335
        ],
        [
            0.06463421136140823,
            -0.8849533796310425,
            -0.06267856806516647
        ],
        [
            0.06566012650728226,
            -0.8660638332366943,
            -0.04912395775318146
        ],
        [
            0.0701538473367691,
            -0.8588931560516357,
            -0.045311976224184036
        ],
        [
            0.06700549274682999,
            -0.877007246017456,
            -0.04960668832063675
        ],
        [
            0.0663118064403534,
            -0.872528076171875,
            -0.05282849073410034
        ],
        [
            0.06873263418674469,
            -0.867434024810791,
            -0.06366084516048431
        ],
        [
            0.0694468766450882,
            -0.8718923330307007,
            -0.061405427753925323
        ],
        [
            0.06977461278438568,
            -0.8734687566757202,
            -0.0690758153796196
        ],
        [
            0.06835855543613434,
            -0.8680687546730042,
            -0.06934947520494461
        ],
        [
            0.06660078465938568,
            -0.8658002614974976,
            -0.05428137257695198
        ],
        [
            0.06849826872348785,
            -0.8688995838165283,
            -0.05638670176267624
        ],
        [
            0.06749481707811356,
            -0.8654565811157227,
            -0.05978016555309296
        ],
        [
            0.06460525095462799,
            -0.8631177544593811,
            -0.057652756571769714
        ],
        [
            0.06599253416061401,
            -0.877098560333252,
            -0.058805353939533234
        ],
        [
            0.06685338914394379,
            -0.8796241283416748,
            -0.06617466360330582
        ],
        [
            0.06698979437351227,
            -0.8817112445831299,
            -0.07416151463985443
        ],
        [
            0.0695166289806366,
            -0.8735219240188599,
            -0.07724647223949432
        ],
        [
            0.08109074831008911,
            -0.8496770858764648,
            -0.032678768038749695
        ],
        [
            0.07886738330125809,
            -0.8569943904876709,
            -0.0386330783367157
        ],
        [
            0.07433560490608215,
            -0.8524423837661743,
            -0.04134729877114296
        ],
        [
            0.07704469561576843,
            -0.8465304374694824,
            -0.03678940236568451
        ],
        [
            0.0640053004026413,
            -0.8597221374511719,
            -0.05426235496997833
        ],
        [
            0.06744298338890076,
            -0.8436435461044312,
            -0.053422026336193085
        ],
        [
            0.06780418753623962,
            -0.8474829792976379,
            -0.0532916858792305
        ],
        [
            0.0645272508263588,
            -0.8487858176231384,
            -0.05964387208223343
        ],
        [
            0.0647197812795639,
            -0.8451775312423706,
            -0.059324175119400024
        ],
        [
            0.08102521300315857,
            -0.8345274925231934,
            -0.022968091070652008
        ],
        [
            0.07816575467586517,
            -0.834019660949707,
            -0.029766689985990524
        ],
        [
            0.07720944285392761,
            -0.8269366025924683,
            -0.027446627616882324
        ],
        [
            0.0789356678724289,
            -0.8260661363601685,
            -0.019696557894349098
        ],
        [
            0.074761763215065,
            -0.821302056312561,
            -0.0275797750800848
        ],
        [
            0.07615690678358078,
            -0.8182026147842407,
            -0.01767069287598133
        ],
        [
            0.06851600110530853,
            -0.8048882484436035,
            -0.02299746870994568
        ],
        [
            0.07230132818222046,
            -0.8107181787490845,
            -0.01990264467895031
        ],
        [
            0.07180614769458771,
            -0.8159534931182861,
            -0.030239287763834
        ],
        [
            0.06901821494102478,
            -0.8113429546356201,
            -0.0359017550945282
        ],
        [
            0.06297697126865387,
            -0.816655158996582,
            -0.049863819032907486
        ],
        [
            0.05925128608942032,
            -0.8158137798309326,
            -0.05518140643835068
        ],
        [
            0.06230204552412033,
            -0.8036592602729797,
            -0.05142582952976227
        ],
        [
            0.0658692866563797,
            -0.8067351579666138,
            -0.04409162700176239
        ],
        [
            0.06509524583816528,
            -0.8378626108169556,
            -0.04983842372894287
        ],
        [
            0.06700296700000763,
            -0.837609052658081,
            -0.04546447843313217
        ],
        [
            0.06832292675971985,
            -0.8392447829246521,
            -0.04724077135324478
        ],
        [
            0.06655889004468918,
            -0.840644121170044,
            -0.05214514210820198
        ],
        [
            0.06901383399963379,
            -0.8371106386184692,
            -0.0419718436896801
        ],
        [
            0.06996642053127289,
            -0.836793065071106,
            -0.04049002006649971
        ],
        [
            0.07041628658771515,
            -0.838187575340271,
            -0.041648536920547485
        ],
        [
            0.0692315399646759,
            -0.8378069400787354,
            -0.042666636407375336
        ],
        [
            0.06791798770427704,
            -0.8375523090362549,
            -0.04413115233182907
        ],
        [
            0.06734636425971985,
            -0.8356527090072632,
            -0.04507482051849365
        ],
        [
            0.0685562938451767,
            -0.8363611698150635,
            -0.04283428564667702
        ],
        [
            0.06581662595272064,
            -0.8350952863693237,
            -0.04933832213282585
        ],
        [
            0.058992817997932434,
            -0.8334997892379761,
            -0.06272625923156738
        ],
        [
            0.06167539209127426,
            -0.8340153694152832,
            -0.059344854205846786
        ],
        [
            0.05997178703546524,
            -0.838498592376709,
            -0.05909270793199539
        ],
        [
            0.057630397379398346,
            -0.838289737701416,
            -0.06191118061542511
        ],
        [
            0.0698167234659195,
            -0.8398212194442749,
            -0.044250331819057465
        ],
        [
            0.07181648910045624,
            -0.8416800498962402,
            -0.0422336719930172
        ],
        [
            0.07050606608390808,
            -0.8446794748306274,
            -0.04698370397090912
        ],
        [
            0.06917621940374374,
            -0.8419374823570251,
            -0.04719293862581253
        ],
        [
            0.07407413423061371,
            -0.8433933854103088,
            -0.04053813964128494
        ],
        [
            0.07198954373598099,
            -0.839264988899231,
            -0.039869558066129684
        ],
        [
            0.07420888543128967,
            -0.8396332263946533,
            -0.03766884654760361
        ],
        [
            0.06955349445343018,
            -0.834985613822937,
            -0.04081796854734421
        ],
        [
            0.0710698664188385,
            -0.8331409692764282,
            -0.03817349672317505
        ],
        [
            0.07197217643260956,
            -0.8358981609344482,
            -0.03864772990345955
        ],
        [
            0.06971580535173416,
            -0.8299571871757507,
            -0.03975207358598709
        ],
        [
            0.06816253066062927,
            -0.8332092761993408,
            -0.043095529079437256
        ],
        [
            0.06665614247322083,
            -0.8316238522529602,
            -0.047367312014102936
        ],
        [
            0.06457620859146118,
            -0.8303199410438538,
            -0.052841853350400925
        ],
        [
            0.0650491863489151,
            -0.8253105282783508,
            -0.04908418655395508
        ],
        [
            0.06779745221138,
            -0.8272527456283569,
            -0.043747350573539734
        ],
        [
            0.07176454365253448,
            -0.8481463193893433,
            -0.04520541429519653
        ],
        [
            0.07457815110683441,
            -0.8350027799606323,
            -0.03479946032166481
        ],
        [
            0.0777466744184494,
            -0.841199517250061,
            -0.03280605748295784
        ],
        [
            0.07393260300159454,
            -0.8301106095314026,
            -0.03406403213739395
        ],
        [
            0.07212135195732117,
            -0.8256791234016418,
            -0.035033371299505234
        ],
        [
            0.06949153542518616,
            -0.8220382332801819,
            -0.038046956062316895
        ],
        [
            0.06644877791404724,
            -0.8189625144004822,
            -0.04403236508369446
        ],
        [
            0.05875060707330704,
            -0.7949719429016113,
            -0.04042007401585579
        ],
        [
            0.06376416981220245,
            -0.7993905544281006,
            -0.03221464529633522
        ],
        [
            0.08089584857225418,
            -0.9180089831352234,
            -0.04116397351026535
        ],
        [
            0.0870322436094284,
            -0.9165140986442566,
            -0.034517109394073486
        ],
        [
            0.08468339592218399,
            -0.908737063407898,
            -0.030336879193782806
        ],
        [
            0.08642905205488205,
            -0.9112807512283325,
            -0.02899932488799095
        ],
        [
            0.08340387046337128,
            -0.9126445055007935,
            -0.03469373285770416
        ],
        [
            0.08251084387302399,
            -0.9099478721618652,
            -0.03445683792233467
        ],
        [
            0.0886785164475441,
            -0.9001567363739014,
            -0.010633795522153378
        ],
        [
            0.08688995242118835,
            -0.9022786021232605,
            -0.01706516742706299
        ],
        [
            0.08645974099636078,
            -0.8985516428947449,
            -0.015692083165049553
        ],
        [
            0.08989337086677551,
            -0.8935998678207397,
            -0.009518763050436974
        ],
        [
            0.08351448178291321,
            -0.8915423154830933,
            -0.025971954688429832
        ],
        [
            0.08559027314186096,
            -0.8925379514694214,
            -0.020862115547060966
        ],
        [
            0.08362039923667908,
            -0.8993306159973145,
            -0.024808598682284355
        ],
        [
            0.08218715339899063,
            -0.8986186981201172,
            -0.02857896313071251
        ],
        [
            0.07997917383909225,
            -0.8983977437019348,
            -0.032321713864803314
        ],
        [
            0.07691799104213715,
            -0.898779034614563,
            -0.03544282168149948
        ],
        [
            0.07674362510442734,
            -0.8932425379753113,
            -0.03516537696123123
        ],
        [
            0.08036938309669495,
            -0.8919824361801147,
            -0.031119825318455696
        ],
        [
            0.07850965857505798,
            -0.9139918088912964,
            -0.03908054530620575
        ],
        [
            0.07202848792076111,
            -0.913615345954895,
            -0.04230131953954697
        ],
        [
            0.07269154489040375,
            -0.9104664325714111,
            -0.04116903990507126
        ],
        [
            0.07838445156812668,
            -0.910789966583252,
            -0.038725823163986206
        ],
        [
            0.06112958863377571,
            -0.9043495655059814,
            -0.04208824038505554
        ],
        [
            0.06276963651180267,
            -0.9067935943603516,
            -0.04232124611735344
        ],
        [
            0.06030486524105072,
            -0.9084532856941223,
            -0.04494624584913254
        ],
        [
            0.05902106687426567,
            -0.9039268493652344,
            -0.04486587271094322
        ],
        [
            0.06098964065313339,
            -0.9007570147514343,
            -0.04404816776514053
        ],
        [
            0.06245260685682297,
            -0.9026113748550415,
            -0.04200732707977295
        ],
        [
            0.07977564632892609,
            -0.9714450240135193,
            -0.028359873220324516
        ],
        [
            0.07938601076602936,
            -0.955007791519165,
            -0.03989188373088837
        ],
        [
            0.08763603866100311,
            -0.9631140232086182,
            -0.011476496234536171
        ],
        [
            0.0905708372592926,
            -0.9512202739715576,
            0.0029288064688444138
        ],
        [
            0.0909072533249855,
            -0.9375009536743164,
            0.014741020277142525
        ],
        [
            0.08379782736301422,
            -0.8381452560424805,
            -0.013099984265863895
        ],
        [
            0.08160875737667084,
            -0.8288501501083374,
            -0.007287885062396526
        ],
        [
            0.08231306821107864,
            -0.8352835178375244,
            0.00711829075589776
        ],
        [
            0.07761208713054657,
            -0.8248636722564697,
            0.010460061952471733
        ],
        [
            0.07755568623542786,
            -0.8186471462249756,
            -0.004860224202275276
        ],
        [
            0.06432182341814041,
            -0.8016064167022705,
            -0.009116598404943943
        ],
        [
            0.07175478339195251,
            -0.8089960217475891,
            -0.005407480988651514
        ],
        [
            0.06964099407196045,
            -0.8152903914451599,
            0.01291382685303688
        ],
        [
            0.0682399645447731,
            -0.8263945579528809,
            0.03002568706870079
        ],
        [
            0.07592907547950745,
            -0.8337973356246948,
            0.024426590651273727
        ],
        [
            0.06533589214086533,
            -0.8412479162216187,
            0.043328240513801575
        ],
        [
            0.05762394517660141,
            -0.8184225559234619,
            0.038422293961048126
        ],
        [
            0.058394014835357666,
            -0.8394763469696045,
            0.04979376494884491
        ],
        [
            0.04754360392689705,
            -0.7821077108383179,
            0.028575679287314415
        ],
        [
            0.04654964804649353,
            -0.769921064376831,
            0.03337661176919937
        ],
        [
            0.04523321986198425,
            -0.7753909826278687,
            0.05042031407356262
        ],
        [
            0.04831189662218094,
            -0.7874668836593628,
            0.04613276198506355
        ],
        [
            0.08168264478445053,
            -0.8423675298690796,
            0.0180314052850008
        ],
        [
            0.08849143981933594,
            -0.9062927961349487,
            0.01681884378194809
        ],
        [
            0.09038794040679932,
            -0.9066194295883179,
            0.004369639791548252
        ],
        [
            0.08827385306358337,
            -0.8929842710494995,
            0.019619325175881386
        ],
        [
            0.08367687463760376,
            -0.9641171097755432,
            0.03795752301812172
        ],
        [
            0.08802567422389984,
            -0.9602422714233398,
            0.019653093069791794
        ],
        [
            0.08980591595172882,
            -0.9440693855285645,
            0.028172817081212997
        ],
        [
            0.08569413423538208,
            -0.949771523475647,
            0.044542260468006134
        ],
        [
            0.06479738652706146,
            -1.0002027750015259,
            0.01800987683236599
        ],
        [
            0.07463958859443665,
            -0.9883923530578613,
            -0.00580812431871891
        ],
        [
            0.0812385305762291,
            -0.9758538603782654,
            0.006452472880482674
        ],
        [
            0.0747842937707901,
            -0.9850772023200989,
            0.026895489543676376
        ],
        [
            0.08097342401742935,
            -0.9507434368133545,
            0.057155221700668335
        ],
        [
            0.0724160224199295,
            -0.9507129192352295,
            0.0741136372089386
        ],
        [
            0.06576713919639587,
            -0.9668250679969788,
            0.07863686978816986
        ],
        [
            0.07492396980524063,
            -0.9684168100357056,
            0.057591456919908524
        ],
        [
            0.051980361342430115,
            -0.9870265126228333,
            0.07937177270650864
        ],
        [
            0.06389551609754562,
            -0.9894315004348755,
            0.05456794798374176
        ],
        [
            0.050126202404499054,
            -0.8247235417366028,
            0.05820801854133606
        ],
        [
            0.05140690132975578,
            -0.8434627056121826,
            0.06087163835763931
        ],
        [
            0.05193682760000229,
            -0.8019543290138245,
            0.04042563587427139
        ],
        [
            0.04773547500371933,
            -0.8080970048904419,
            0.05772140622138977
        ],
        [
            0.03430406376719475,
            -1.0026441812515259,
            0.07565563172101974
        ],
        [
            0.04939551651477814,
            -1.0067230463027954,
            0.046861931681632996
        ],
        [
            0.038144342601299286,
            -0.9269328117370605,
            0.11075039952993393
        ],
        [
            0.045119572430849075,
            -0.9450246095657349,
            0.10537814348936081
        ],
        [
            0.057482726871967316,
            -0.9326528906822205,
            0.09386835992336273
        ],
        [
            0.049865517765283585,
            -0.9176634550094604,
            0.10028227418661118
        ],
        [
