{
    "pred_cam": [
        2.1752095222473145,
        0.03905486315488815,
        0.5470070242881775
    ],
    "pred_smpl_params": {
        "global_orient": [
            [
                [
                    0.9942813515663147,
                    0.034315988421440125,
                    -0.10112882405519485
                ],
                [
                    0.033092137426137924,
                    -0.9993577003479004,
                    -0.013755155727267265
                ],
                [
                    -0.10153587907552719,
                    0.010329924523830414,
                    -0.9947783350944519
                ]
            ]
        ],
        "body_pose": [
            [
                [
                    0.977613091468811,
                    -0.2091219276189804,
                    -0.023252256214618683
                ],
                [
                    0.17634528875350952,
                    0.754035234451294,
                    0.6327188014984131
                ],
                [
                    -0.11478237062692642,
                    -0.6226546168327332,
                    0.7740323543548584
                ]
            ],
            [
                [
                    0.9850956201553345,
                    0.16205501556396484,
                    0.05766099691390991
                ],
                [
                    -0.1613982766866684,
                    0.7549430131912231,
                    0.635619044303894
                ],
                [
                    0.059474483132362366,
                    -0.6354519128799438,
                    0.7698464393615723
                ]
            ],
            [
                [
                    0.9993253946304321,
                    -0.004025318659842014,
                    -0.036503084003925323
                ],
                [
                    -0.011439086869359016,
                    0.9104070663452148,
                    -0.41355544328689575
                ],
                [
                    0.03489736095070839,
                    0.4136940538883209,
                    0.9097468256950378
                ]
            ],
            [
                [
                    0.9847614169120789,
                    0.09182284772396088,
                    -0.14769452810287476
                ],
                [
                    -0.12061808258295059,
                    -0.25118839740753174,
                    -0.9603936076164246
                ],
                [
                    -0.12528525292873383,
                    0.9635730385780334,
                    -0.23628515005111694
                ]
            ],
            [
                [
                    0.974366307258606,
                    -0.09189526736736298,
                    0.2053426057100296
                ],
                [
                    0.17427140474319458,
                    -0.26890185475349426,
                    -0.9472704529762268
                ],
                [
                    0.142266646027565,
                    0.9587737321853638,
                    -0.2459941953420639
                ]
            ],
            [
                [
                    0.99940425157547,
                    -0.016331372782588005,
                    -0.030404195189476013
                ],
                [
                    0.01541617326438427,
                    0.9994281530380249,
                    -0.030095890164375305
                ],
                [
                    0.03087831474840641,
                    0.02960924431681633,
                    0.9990845322608948
                ]
            ],
            [
                [
                    0.9739196300506592,
                    -0.1159137487411499,
                    0.19504998624324799
                ],
                [
                    0.03737415000796318,
                    0.929870069026947,
                    0.3659847378730774
                ],
                [
                    -0.22379381954669952,
                    -0.3491499125957489,
                    0.9099509119987488
                ]
            ],
            [
                [
                    0.9687517285346985,
                    0.10640593618154526,
                    -0.2240487039089203
                ],
                [
                    -0.016284244135022163,
                    0.9286407828330994,
                    0.3706224858760834
                ],
                [
                    0.24749721586704254,
                    -0.355392724275589,
                    0.9013550877571106
                ]
            ],
            [
                [
                    0.998764157295227,
                    -0.011090409010648727,
                    -0.048447392880916595
                ],
                [
                    0.010423128493130207,
                    0.9998476505279541,
                    -0.014004155993461609
                ],
                [
                    0.04859531670808792,
                    0.013481875881552696,
                    0.9987276196479797
                ]
            ],
            [
                [
                    0.9971823692321777,
                    -0.07019554078578949,
                    0.026454880833625793
                ],
                [
                    0.061040714383125305,
                    0.964276909828186,
                    0.25776761770248413
                ],
                [
                    -0.043603964149951935,
                    -0.2554264962673187,
                    0.9658446907997131
                ]
            ],
            [
                [
                    0.9954458475112915,
                    0.09429468959569931,
                    -0.014007226563990116
                ],
                [
                    -0.08707171678543091,
                    0.9591684341430664,
                    0.2690991759300232
                ],
                [
                    0.038809917867183685,
                    -0.26665398478507996,
                    0.9630106091499329
                ]
            ],
            [
                [
                    0.994123637676239,
                    -0.08554065972566605,
                    0.06634008139371872
                ],
                [
                    0.06520752608776093,
                    0.9623799920082092,
                    0.2637663781642914
                ],
                [
                    -0.0864071175456047,
                    -0.2578904926776886,
                    0.962302565574646
                ]
            ],
            [
                [
                    0.8881433010101318,
                    0.42090779542922974,
                    -0.18449430167675018
                ],
                [
                    -0.41367948055267334,
                    0.9070759415626526,
                    0.07799015939235687
                ],
                [
                    0.20017702877521515,
                    0.007055069785565138,
                    0.9797343611717224
                ]
            ],
            [
                [
                    0.9226390719413757,
                    -0.3830707371234894,
                    0.044652145355939865
                ],
                [
                    0.38250723481178284,
                    0.9237164258956909,
                    0.02088499814271927
                ],
                [
                    -0.049246348440647125,
                    -0.0021895477548241615,
                    0.9987841844558716
                ]
            ],
            [
                [
                    0.9933275580406189,
                    0.014832796528935432,
                    0.11436904221773148
                ],
                [
                    -0.023732850328087807,
                    0.996759831905365,
                    0.07685436308383942
                ],
                [
                    -0.11285850405693054,
                    -0.07905586063861847,
                    0.9904610514640808
                ]
            ],
            [
                [
                    0.6850834488868713,
                    0.6777293086051941,
                    -0.2671021521091461
                ],
                [
                    -0.7095099687576294,
                    0.703883707523346,
                    -0.03381086513400078
                ],
                [
                    0.165094256401062,
                    0.21267493069171906,
                    0.963074803352356
                ]
            ],
            [
                [
                    0.667692244052887,
                    -0.7298601865768433,
                    0.14659887552261353
                ],
                [
                    0.7441068291664124,
                    0.6601958274841309,
                    -0.10220860689878464
                ],
                [
                    -0.02218596637248993,
                    0.17732909321784973,
                    0.9839015603065491
                ]
            ],
            [
                [
                    0.5246162414550781,
                    -0.2949666976928711,
                    -0.7986065745353699
                ],
                [
                    -0.038038332015275955,
                    0.9290013909339905,
                    -0.368116170167923
                ],
                [
                    0.8504886031150818,
                    0.2234974056482315,
                    0.47614917159080505
                ]
            ],
            [
                [
                    0.28522199392318726,
                    0.4049501419067383,
                    0.8687137961387634
                ],
                [
                    -0.11776720732450485,
                    0.9143017530441284,
                    -0.3875347375869751
                ],
                [
                    -0.9511988162994385,
                    0.008227414451539516,
                    0.3084688186645508
                ]
            ],
            [
                [
                    0.9949542880058289,
                    -0.08707114309072495,
                    0.049842897802591324
                ],
                [
                    0.09870123118162155,
                    0.9385847449302673,
                    -0.33063074946403503
                ],
                [
                    -0.017993390560150146,
                    0.3338821232318878,
                    0.9424429535865784
                ]
            ],
            [
                [
                    0.9941268563270569,
                    0.08304649591445923,
                    -0.06939061731100082
                ],
                [
                    -0.0972132757306099,
                    0.9670255780220032,
                    -0.23539559543132782
                ],
                [
                    0.04755372181534767,
                    0.2407587766647339,
                    0.9694193005561829
                ]
            ],
            [
                [
                    0.9756765961647034,
                    0.20642410218715668,
                    -0.07378625869750977
                ],
                [
                    -0.18947449326515198,
                    0.9633810520172119,
                    0.18972696363925934
                ],
                [
                    0.11024850606918335,
                    -0.17113152146339417,
                    0.9790604710578918
                ]
            ],
            [
                [
                    0.974321186542511,
                    -0.20662617683410645,
                    0.08946345001459122
                ],
                [
                    0.189683735370636,
                    0.9673096537590027,
                    0.16832149028778076
                ],
                [
                    -0.12131848931312561,
                    -0.14702944457530975,
                    0.9816639423370361
                ]
            ]
        ],
        "betas": [
            -0.023221507668495178,
            -0.43400076031684875,
            -0.25372350215911865,
            0.05868542194366455,
            0.06803023815155029,
            -0.024823304265737534,
            0.08804473280906677,
            -0.016616463661193848,
            -0.05781051516532898,
            0.06158792972564697
        ]
    },
    "pred_cam_t": [
        0.03905486315488815,
        0.5470070242881775,
        17.958040237426758
    ],
    "focal_length": [
        5000.0,
        5000.0
    ],
    "pred_keypoints_3d": [
        [
            -0.021689554676413536,
            -0.8093662261962891,
            -0.26232799887657166
        ],
        [
            -0.002309293020516634,
            -0.7034152150154114,
            -0.09441620856523514
        ],
        [
            -0.17687198519706726,
            -0.6215212941169739,
            -0.009784441441297531
        ],
        [
            -0.23778750002384186,
            -0.4127218425273895,
            0.12097533047199249
        ],
        [
            -0.29634442925453186,
            -0.2511390745639801,
            -0.06619857251644135
        ],
        [
            0.17422589659690857,
            -0.5928950905799866,
            -0.10521439462900162
        ],
        [
            0.24764953553676605,
            -0.3487372100353241,
            -0.055397387593984604
        ],
        [
            0.14731213450431824,
            -0.17685295641422272,
            -0.20428918302059174
        ],
        [
            -0.0018148049712181091,
            -0.2241666615009308,
            0.030595265328884125
        ],
        [
            -0.07302635163068771,
            -0.13590839505195618,
            0.039635367691516876
        ],
        [
            -0.20376360416412354,
            0.14300936460494995,
            -0.18238702416419983
        ],
        [
            -0.12543287873268127,
            0.2758421003818512,
            0.1833542287349701
        ],
        [
            0.06569194793701172,
            -0.13044551014900208,
            0.02790730819106102
        ],
        [
            0.14298295974731445,
            0.14684486389160156,
            -0.2074044793844223
        ],
        [
            0.11264920234680176,
            0.2819064259529114,
            0.16400708258152008
        ],
        [
            -0.055108118802309036,
            -0.8459732532501221,
            -0.22551661729812622
        ],
        [
            0.012056274339556694,
            -0.8500522375106812,
            -0.2300851047039032
        ],
        [
            -0.08952262252569199,
            -0.8236526846885681,
            -0.12758523225784302
        ],
        [
            0.05889830365777016,
            -0.8329755067825317,
            -0.13993237912654877
        ],
        [
            0.1504223793745041,
            0.44084346294403076,
            0.055413901805877686
        ],
        [
            0.20781345665454865,
            0.4048621654510498,
            0.10461986064910889
        ],
        [
            0.11239570379257202,
            0.25879043340682983,
            0.2284882664680481
        ],
        [
            -0.1720866858959198,
            0.43348926305770874,
            0.07698750495910645
        ],
        [
            -0.22989395260810852,
            0.39712780714035034,
            0.13137423992156982
        ],
        [
            -0.11040492355823517,
            0.2655811905860901,
            0.25345420837402344
        ],
        [
            -0.15202146768569946,
            0.22848749160766602,
            0.15906092524528503
        ],
        [
            -0.19213271141052246,
            0.10310576856136322,
            -0.1667838990688324
        ],
        [
            -0.15076421201229095,
            -0.260047048330307,
            0.07220567017793655
        ],
        [
            0.15642108023166656,
            -0.236594557762146,
            0.05453565716743469
        ],
        [
            0.1524192988872528,
            0.12084593623876572,
            -0.19562099874019623
        ],
        [
            0.12243085354566574,
            0.24161973595619202,
            0.14659029245376587
        ],
        [
            -0.27387046813964844,
            -0.27806758880615234,
            -0.07168154418468475
        ],
        [
            -0.2670619487762451,
            -0.4336978793144226,
            0.09569565206766129
        ],
        [
            -0.14705246686935425,
            -0.6516824960708618,
            -0.02625390700995922
        ],
        [
            0.15306615829467773,
            -0.6321281790733337,
            -0.10222235321998596
        ],
        [
            0.25746962428092957,
            -0.3729320168495178,
            -0.09945863485336304
        ],
        [
            0.14675574004650116,
            -0.19686439633369446,
            -0.20794707536697388
        ],
        [
            -8.112285286188126e-06,
            -0.6929819583892822,
            -0.09281377494335175
        ],
        [
            -0.01502303034067154,
            -0.882506251335144,
            -0.14673945307731628
        ],
        [
            0.003291092813014984,
            -0.24826502799987793,
            0.06272377073764801
        ],
        [
            0.001180008053779602,
            -0.6385147571563721,
            -0.06642181426286697
        ],
        [
            0.008400682359933853,
            -0.48251479864120483,
            0.013971642591059208
        ],
        [
            -0.00799330323934555,
            -0.7770457863807678,
            -0.18580371141433716
        ],
        [
            -0.01985746994614601,
            -0.9013434052467346,
            -0.13528065383434296
        ]
    ],
    "pred_vertices": [
        [
            0.020607437938451767,
            -0.8950762748718262,
            -0.22855639457702637
        ],
        [
            0.015172868967056274,
            -0.8811715841293335,
            -0.23521892726421356
        ],
        [
            0.026997460052371025,
            -0.8776623010635376,
            -0.22766220569610596
        ],
        [
            0.03262205794453621,
            -0.888267993927002,
            -0.2178148478269577
        ],
        [
            0.022998373955488205,
            -0.8687738180160522,
            -0.23324652016162872
        ],
        [
            0.012376048602163792,
            -0.870464026927948,
            -0.23870031535625458
        ],
        [
            0.03516454994678497,
            -0.8712959885597229,
            -0.21830856800079346
        ],
        [
            0.04063769429922104,
            -0.8784907460212708,
            -0.20752131938934326
        ],
        [
            0.044131796807050705,
            -0.8357188105583191,
            -0.20915545523166656
        ],
        [
            0.048965148627758026,
            -0.8300749063491821,
            -0.2000555694103241
        ],
        [
            0.04769696295261383,
            -0.8423943519592285,
            -0.2015894055366516
        ],
        [
            0.04185456410050392,
            -0.844028115272522,
            -0.20946615934371948
        ],
        [
            0.04419053718447685,
            -0.8097602128982544,
            -0.20762430131435394
        ],
        [
            0.03778449818491936,
            -0.801139235496521,
            -0.2161930799484253
        ],
        [
            0.04100764915347099,
            -0.7915083765983582,
            -0.20724406838417053
        ],
        [
            0.045998286455869675,
            -0.7997050285339355,
            -0.19779542088508606
        ],
        [
            0.003358687972649932,
            -0.8156035542488098,
            -0.2369919866323471
        ],
        [
            0.009113257750868797,
            -0.8091327548027039,
            -0.23668411374092102
        ],
        [
            0.012707337737083435,
            -0.8158236742019653,
            -0.2354438751935959
        ],
        [
            0.006182828918099403,
            -0.8214709758758545,
            -0.23553599417209625
        ],
        [
            -0.007145748473703861,
            -0.8249551057815552,
            -0.24184197187423706
        ],
        [
            -0.006169001571834087,
            -0.8301621675491333,
            -0.23808136582374573
        ],
        [
            -0.011478072963654995,
            -0.8342865705490112,
            -0.24264469742774963
        ],
        [
            -0.011655609123408794,
            -0.8284739255905151,
            -0.24755288660526276
        ],
        [
            -0.0017463755793869495,
            -0.8101233243942261,
            -0.23760172724723816
        ],
        [
            0.004324811976402998,
            -0.8035190105438232,
            -0.23667922616004944
        ],
        [
            -0.0018033514497801661,
            -0.8211981058120728,
            -0.23789748549461365
        ],
        [
            -0.0038411556743085384,
            -0.8164739608764648,
            -0.24043309688568115
        ],
        [
            -0.007230709306895733,
            -0.8113869428634644,
            -0.2511654496192932
        ],
        [
            -0.005847013555467129,
            -0.8159700632095337,
            -0.2492978721857071
        ],
        [
            -0.00974768865853548,
            -0.8176915049552917,
            -0.2560585141181946
        ],
        [
            -0.010772023350000381,
            -0.8119661808013916,
            -0.2557447552680969
        ],
        [
            -0.0037843172904103994,
            -0.8100473880767822,
            -0.2422197163105011
        ],
        [
            -0.003529778216034174,
            -0.8132053017616272,
            -0.24472883343696594
        ],
        [
            -0.0060662394389510155,
            -0.8096694946289062,
            -0.24726121127605438
        ],
        [
            -0.007205626927316189,
            -0.8072124719619751,
            -0.24422167241573334
        ],
        [
            -0.007630715146660805,
            -0.8213047981262207,
            -0.24511390924453735
        ],
        [
            -0.011094504036009312,
            -0.8236228823661804,
            -0.2518090307712555
        ],
        [
            -0.015659375116229057,
            -0.8256162405014038,
            -0.25870072841644287
        ],
        [
            -0.014509272761642933,
            -0.817367672920227,
            -0.26266002655029297
        ],
        [
            0.020776310935616493,
            -0.7955014705657959,
            -0.23129017651081085
        ],
        [
            0.015382099896669388,
            -0.8028286695480347,
            -0.23507235944271088
        ],
        [
            0.010469866916537285,
            -0.7975056171417236,
            -0.23560334742069244
        ],
        [
            0.015544029884040356,
            -0.7919048070907593,
            -0.23307965695858002
        ],
        [
            -0.005568999797105789,
            -0.8035959005355835,
            -0.24104753136634827
        ],
        [
            -0.0012746007414534688,
            -0.7875816822052002,
            -0.24240368604660034
        ],
        [
            -0.0011730064870789647,
            -0.7914403676986694,
            -0.24239617586135864
        ],
        [
            -0.0075450860895216465,
            -0.7923977971076965,
            -0.2461368888616562
        ],
        [
            -0.0070170569233596325,
            -0.7888113260269165,
            -0.2459544837474823
        ],
        [
            0.02663564123213291,
            -0.7806394100189209,
            -0.223356232047081
        ],
        [
            0.020893873646855354,
            -0.7795930504798889,
            -0.22782400250434875
        ],
        [
            0.02174476534128189,
            -0.7723536491394043,
            -0.22557419538497925
        ],
        [
            0.026837363839149475,
            -0.7718296051025391,
            -0.2200232893228531
        ],
        [
            0.019590748474001884,
            -0.7658998370170593,
            -0.22478102147579193
        ],
        [
            0.025959042832255363,
            -0.7632219791412354,
            -0.2171318680047989
        ],
        [
            0.017286043614149094,
            -0.7483988404273987,
            -0.21695172786712646
        ],
        [
            0.021767258644104004,
            -0.75471031665802,
            -0.21702183783054352
        ],
        [
            0.0159408301115036,
            -0.759941816329956,
            -0.2252860963344574
        ],
        [
            0.010728205554187298,
            -0.7546243667602539,
            -0.22865420579910278
        ],
        [
            -0.0018231538124382496,
            -0.7599933743476868,
            -0.23706741631031036
        ],
        [
            -0.0078289695084095,
            -0.7585417032241821,
            -0.24004392325878143
        ],
        [
            -0.0027915264945477247,
            -0.7462183237075806,
            -0.23800428211688995
        ],
        [
            0.0037679271772503853,
            -0.7493793964385986,
            -0.23396867513656616
        ],
        [
            -0.0009072779212146997,
            -0.7817426919937134,
            -0.23841305077075958
        ],
        [
            0.0031437526922672987,
            -0.7818659543991089,
            -0.2354988306760788
        ],
        [
            0.0032609528861939907,
            -0.7835006713867188,
            -0.2378169596195221
        ],
        [
            -0.0010484601370990276,
            -0.7847191095352173,
            -0.24102383852005005
        ],
        [
            0.006693862844258547,
            -0.7816916704177856,
            -0.23365357518196106
        ],
        [
            0.008363799192011356,
            -0.7814184427261353,
            -0.23290202021598816
        ],
        [
            0.008087757974863052,
            -0.782792329788208,
            -0.2341034859418869
        ],
        [
            0.006671220064163208,
            -0.7828215956687927,
            -0.23427528142929077
        ],
        [
            0.004681257531046867,
            -0.7823818922042847,
            -0.2349456548690796
        ],
        [
            0.0037786595057696104,
            -0.7803921699523926,
            -0.23541122674942017
        ],
        [
            0.005866781808435917,
            -0.7808759808540344,
            -0.23423263430595398
        ],
        [
            0.00010174792259931564,
            -0.7795913219451904,
            -0.23825404047966003
        ],
        [
            -0.013035702519118786,
            -0.7764777541160583,
            -0.24623851478099823
        ],
        [
            -0.008967460133135319,
            -0.7775428295135498,
            -0.24477307498455048
        ],
        [
            -0.010456518270075321,
            -0.781825065612793,
            -0.24381664395332336
        ],
        [
            -0.014071040786802769,
            -0.7811803817749023,
            -0.2450336366891861
        ],
        [
            0.006181587465107441,
            -0.7846304178237915,
            -0.23579469323158264
        ],
        [
            0.008793620392680168,
            -0.7863009572029114,
            -0.23526549339294434
        ],
        [
            0.004745942540466785,
            -0.789116621017456,
            -0.23865343630313873
        ],
        [
            0.0037763926666229963,
            -0.7862650156021118,
            -0.23816414177417755
        ],
        [
            0.011433117091655731,
            -0.7884405255317688,
            -0.23501065373420715
        ],
        [
            0.010306633077561855,
            -0.7840659618377686,
            -0.23347416520118713
        ],
        [
            0.013084317557513714,
            -0.7844188809394836,
            -0.2326456606388092
        ],
        [
            0.00790488999336958,
            -0.7796581983566284,
            -0.2330114245414734
        ],
        [
            0.010608547367155552,
            -0.7779642343521118,
            -0.231594979763031
        ],
        [
            0.011088047176599503,
            -0.7807035446166992,
            -0.23251867294311523
        ],
        [
            0.008732706308364868,
            -0.7745839357376099,
            -0.23211582005023956
        ],
        [
            0.005423909984529018,
            -0.7776637077331543,
            -0.23409618437290192
        ],
        [
            0.0018347520381212234,
            -0.7758303880691528,
            -0.23689322173595428
        ],
        [
            -0.002881507156416774,
            -0.7742095589637756,
            -0.2404758781194687
        ],
        [
            -8.705887012183666e-05,
            -0.7691923379898071,
            -0.2376667559146881
        ],
        [
            0.004961080849170685,
            -0.7715394496917725,
            -0.23441730439662933
        ],
        [
            0.006568734999746084,
            -0.7926405668258667,
            -0.23757290840148926
        ],
        [
            0.015320969745516777,
            -0.7801773548126221,
            -0.23044928908348083
        ],
        [
            0.018551966175436974,
            -0.7868013381958008,
            -0.230022132396698
        ],
        [
            0.015372387133538723,
            -0.7752399444580078,
            -0.22953613102436066
        ],
        [
            0.013428417965769768,
            -0.7705216407775879,
            -0.22932469844818115
        ],
        [
            0.009583478793501854,
            -0.7657332420349121,
            -0.2308790385723114
        ],
        [
            0.00406997324898839,
            -0.7628232836723328,
            -0.23395024240016937
        ],
        [
            -8.08879267424345e-05,
            -0.7370263338088989,
            -0.22588510811328888
        ],
        [
            0.008238669484853745,
            -0.7416229248046875,
            -0.22212906181812286
        ],
        [
            0.010750897228717804,
            -0.8633502721786499,
            -0.23621052503585815
        ],
        [
            0.019478265196084976,
            -0.8625942468643188,
            -0.2339390218257904
        ],
        [
            0.020636793226003647,
            -0.85469651222229,
            -0.22970043122768402
        ],
        [
            0.022545084357261658,
            -0.8576239943504333,
            -0.22952601313591003
        ],
        [
            0.016788987442851067,
            -0.8582273721694946,
            -0.23259606957435608
        ],
        [
            0.016442183405160904,
            -0.8556369543075562,
            -0.23192009329795837
        ],
        [
            0.03520204871892929,
            -0.8470817804336548,
            -0.21470844745635986
        ],
        [
            0.030092591419816017,
            -0.8491367101669312,
            -0.2191740870475769
        ],
        [
            0.03043477237224579,
            -0.8449921011924744,
            -0.21761474013328552
        ],
        [
            0.03701717033982277,
            -0.8402721881866455,
            -0.21405823528766632
        ],
        [
            0.023113200441002846,
            -0.8375049829483032,
            -0.2251974642276764
        ],
        [
            0.027419438585639,
            -0.8385944962501526,
            -0.22172577679157257
        ],
        [
            0.02338247187435627,
            -0.8457225561141968,
            -0.22439046204090118
        ],
        [
            0.020143069326877594,
            -0.8449325561523438,
            -0.22682440280914307
        ],
        [
            0.016400055959820747,
            -0.8444177508354187,
            -0.22885452210903168
        ],
        [
            0.012070816941559315,
            -0.8440697193145752,
            -0.22987161576747894
        ],
        [
            0.012623939663171768,
            -0.8388521075248718,
            -0.22961902618408203
        ],
        [
            0.017834125086665154,
            -0.8380051255226135,
            -0.2279365360736847
        ],
        [
            0.010266398079693317,
            -0.8596258163452148,
            -0.23364710807800293
        ],
        [
            0.003043130272999406,
            -0.858310878276825,
            -0.23321542143821716
        ],
        [
            0.0046071456745266914,
            -0.8555446863174438,
            -0.23279568552970886
        ],
        [
            0.010676555335521698,
            -0.8564145565032959,
            -0.23346364498138428
        ],
        [
            -0.004985148552805185,
            -0.8483105301856995,
            -0.22809483110904694
        ],
        [
            -0.003925757948309183,
            -0.8508501052856445,
            -0.22895649075508118
        ],
        [
            -0.00754944235086441,
            -0.8521984815597534,
            -0.23003849387168884
        ],
        [
            -0.008171502500772476,
            -0.8476477265357971,
            -0.22942408919334412
        ],
        [
            -0.0058267428539693356,
            -0.8447631597518921,
            -0.2297675758600235
        ],
        [
            -0.003681408939883113,
            -0.8467888236045837,
            -0.22873592376708984
        ],
        [
            0.010564346797764301,
            -0.9165475368499756,
            -0.22564154863357544
        ],
        [
            0.0060271816328167915,
            -0.8995075821876526,
            -0.23443546891212463
        ],
        [
            0.026198608800768852,
            -0.9095786809921265,
            -0.2133842408657074
        ],
        [
            0.03712388873100281,
            -0.8994228839874268,
            -0.20315352082252502
        ],
        [
            0.04583928734064102,
            -0.8856132626533508,
            -0.19492119550704956
        ],
        [
            0.03386484831571579,
            -0.7848607301712036,
            -0.21620741486549377
        ],
        [
            0.03559015318751335,
            -0.7755641937255859,
            -0.21037811040878296
        ],
        [
            0.04348433390259743,
            -0.7823184132575989,
            -0.19826316833496094
        ],
        [
            0.04164336994290352,
            -0.7716599702835083,
            -0.19374416768550873
        ],
        [
            0.03403434529900551,
            -0.7644898295402527,
            -0.20683343708515167
        ],
        [
            0.020321547985076904,
            -0.74495929479599,
            -0.20320428907871246
        ],
        [
            0.028844870626926422,
            -0.7535773515701294,
            -0.20458054542541504
        ],
        [
            0.037025079131126404,
            -0.7610501646995544,
            -0.18814115226268768
        ],
        [
            0.04462636634707451,
            -0.773560643196106,
            -0.17319373786449432
        ],
        [
            0.04718640446662903,
            -0.7804698944091797,
            -0.18117183446884155
        ],
        [
            0.04915603622794151,
            -0.7886159420013428,
            -0.1607341766357422
        ],
        [
            0.04020415246486664,
            -0.7653515338897705,
            -0.16120237112045288
        ],
        [
            0.04633408784866333,
            -0.787615180015564,
            -0.15209168195724487
        ],
        [
            0.026120953261852264,
            -0.7270601391792297,
            -0.16140589118003845
        ],
        [
            0.02960650622844696,
            -0.7147500514984131,
            -0.15613102912902832
        ],
        [
            0.042853355407714844,
            -0.7242916822433472,
            -0.14636316895484924
        ],
        [
            0.03961235284805298,
            -0.7358719110488892,
            -0.15076035261154175
        ],
        [
            0.0479784831404686,
            -0.7898167371749878,
            -0.18875232338905334
        ],
        [
            0.04899022355675697,
            -0.853723406791687,
            -0.19364409148693085
        ],
        [
            0.04506983980536461,
            -0.8531079292297363,
            -0.2047765851020813
        ],
        [
            0.05124414712190628,
            -0.8401283025741577,
            -0.19055786728858948
        ],
        [
            0.04925374686717987,
            -0.9122021198272705,
            -0.17139489948749542
        ],
        [
            0.04345593601465225,
            -0.9083357453346252,
            -0.18865951895713806
        ],
        [
            0.05107657238841057,
            -0.8925155997276306,
            -0.1827143430709839
        ],
        [
            0.05569803714752197,
            -0.8985503911972046,
            -0.166914165019989
        ],
        [
            0.019933924078941345,
            -0.9455380439758301,
            -0.1777329295873642
        ],
        [
            0.01709853485226631,
            -0.9345760345458984,
            -0.20281176269054413
        ],
        [
            0.029221324250102043,
            -0.9228808879852295,
            -0.19618599116802216
        ],
        [
            0.03405390679836273,
            -0.931492805480957,
            -0.1760265976190567
        ],
        [
            0.05795851722359657,
            -0.8993446826934814,
            -0.1536344438791275
        ],
        [
            0.0592789426445961,
            -0.8999441862106323,
            -0.1344987154006958
        ],
        [
            0.05505810305476189,
            -0.9152929186820984,
            -0.1271551549434662
        ],
        [
            0.05169882997870445,
            -0.9162077307701111,
            -0.14998973906040192
        ],
        [
            0.04200054332613945,
            -0.9342490434646606,
            -0.1193438470363617
        ],
        [
            0.0391351580619812,
            -0.936432957649231,
            -0.14669319987297058
        ],
        [
            0.04546559229493141,
            -0.7743211984634399,
            -0.14149099588394165
        ],
        [
            0.046812478452920914,
            -0.7926112413406372,
            -0.13890811800956726
        ],
        [
            0.036310914903879166,
            -0.7497493028640747,
            -0.15723341703414917
        ],
        [
            0.045567937195301056,
            -0.758596658706665,
            -0.14201095700263977
        ],
        [
            0.02411298267543316,
            -0.9481155276298523,
            -0.11336284130811691
        ],
        [
            0.020880158990621567,
            -0.9520875215530396,
            -0.1450781524181366
        ],
        [
            0.050862956792116165,
            -0.8763669729232788,
            -0.08563040941953659
        ],
        [
            0.05301521345973015,
            -0.8940451145172119,
            -0.09286269545555115
        ],
        [
            0.0588054433465004,
            -0.8821963667869568,
