{
    "pred_cam": [
        1.4781074523925781,
        -0.14688797295093536,
        0.34935805201530457
    ],
    "pred_smpl_params": {
        "global_orient": [
            [
                [
                    0.8703110814094543,
                    -0.04420798271894455,
                    0.49051424860954285
                ],
                [
                    -0.07503875344991684,
                    -0.9962377548217773,
                    0.043353281915187836
                ],
                [
                    0.4867522716522217,
                    -0.07453842461109161,
                    -0.8703540563583374
                ]
            ]
        ],
        "body_pose": [
            [
                [
                    0.9981480836868286,
                    -0.008193540386855602,
                    -0.060276031494140625
                ],
                [
                    0.0037810516078025103,
                    0.997327983379364,
                    -0.0729575827717781
                ],
                [
                    0.06071273982524872,
                    0.07259456813335419,
                    0.9955120086669922
                ]
            ],
            [
                [
                    0.993380606174469,
                    -0.02281682938337326,
                    -0.11258017271757126
                ],
                [
                    0.018472107127308846,
                    0.9990493655204773,
                    -0.03948570787906647
                ],
                [
                    0.11337409168481827,
                    0.037144746631383896,
                    0.9928577542304993
                ]
            ],
            [
                [
                    0.9937679767608643,
                    0.028699222952127457,
                    0.10771086066961288
                ],
                [
                    -0.02293916419148445,
                    0.9982589483261108,
                    -0.0543404147028923
                ],
                [
                    -0.10908285528421402,
                    0.05153096467256546,
                    0.9926961064338684
                ]
            ],
            [
                [
                    0.9465045928955078,
                    -0.18307346105575562,
                    -0.26573124527931213
                ],
                [
                    0.004963388200849295,
                    0.8316491842269897,
                    -0.5552791357040405
                ],
                [
                    0.32265204191207886,
                    0.5242553949356079,
                    0.788068413734436
                ]
            ],
            [
                [
                    0.9806591868400574,
                    -0.15273818373680115,
                    0.12238789349794388
                ],
                [
                    0.1954203099012375,
                    0.7988983392715454,
                    -0.5688343048095703
                ],
                [
                    -0.010892764665186405,
                    0.5817495584487915,
                    0.8132951259613037
                ]
            ],
            [
                [
                    0.9916406869888306,
                    0.06880493462085724,
                    0.10915432870388031
                ],
                [
                    -0.07795239239931107,
                    0.9935895204544067,
                    0.08187401294708252
                ],
                [
                    -0.10282125324010849,
                    -0.0896984413266182,
                    0.9906473159790039
                ]
            ],
            [
                [
                    0.9367305636405945,
                    0.08541374653577805,
                    0.339470773935318
                ],
                [
                    -0.11176122725009918,
                    0.9919940829277039,
                    0.05879797786474228
                ],
                [
                    -0.33173081278800964,
                    -0.09301751852035522,
                    0.9387771487236023
                ]
            ],
            [
                [
                    0.9545342326164246,
                    -0.008038487285375595,
                    -0.2979927957057953
                ],
                [
                    0.0337030366063118,
                    0.9961370825767517,
                    0.0810866728425026
                ],
                [
                    0.2961898744106293,
                    -0.0874432623386383,
                    0.9511178731918335
                ]
            ],
            [
                [
                    0.9936025738716125,
                    0.04293720796704292,
                    0.10445242375135422
                ],
                [
                    -0.04236729443073273,
                    0.9990726709365845,
                    -0.007669842801988125
                ],
                [
                    -0.10468488931655884,
                    0.003195408033207059,
                    0.9945003390312195
                ]
            ],
            [
                [
                    0.9547963738441467,
                    -0.18746989965438843,
                    -0.23069244623184204
                ],
                [
                    0.2093013972043991,
                    0.9750552177429199,
                    0.07389356195926666
                ],
                [
                    0.21108505129814148,
                    -0.11883754283189774,
                    0.9702168703079224
                ]
            ],
            [
                [
                    0.9976186752319336,
                    0.06740278750658035,
                    0.014623838476836681
                ],
                [
                    -0.06846189498901367,
                    0.9934537410736084,
                    0.09144769608974457
                ],
                [
                    -0.00836427602916956,
                    -0.09223110973834991,
                    0.9957025051116943
                ]
            ],
            [
                [
                    0.9781314730644226,
                    0.059870682656764984,
                    -0.19918400049209595
                ],
                [
                    -0.040088482201099396,
                    0.9939855933189392,
                    0.10190971195697784
                ],
                [
                    0.20408742129802704,
                    -0.0916961133480072,
                    0.9746487140655518
                ]
            ],
            [
                [
                    0.9998248219490051,
                    0.0015403666766360402,
                    -0.018651239573955536
                ],
                [
                    0.00035430773277767,
                    0.9948702454566956,
                    0.10115821659564972
                ],
                [
                    0.018711386248469353,
                    -0.1011471152305603,
                    0.9946954250335693
                ]
            ],
            [
                [
                    0.9903885722160339,
                    0.010255955159664154,
                    0.13793179392814636
                ],
                [
                    -0.019819963723421097,
                    0.9974785447120667,
                    0.06814514845609665
                ],
                [
                    -0.13688510656356812,
                    -0.07022399455308914,
                    0.9880946278572083
                ]
            ],
            [
                [
                    0.9923344850540161,
                    -0.023515544831752777,
                    -0.12132363021373749
                ],
                [
                    0.00028388923965394497,
                    0.9821602702140808,
                    -0.18804530799388885
                ],
                [
                    0.12358125299215317,
                    0.18656937777996063,
                    0.9746381640434265
                ]
            ],
            [
                [
                    0.931150496006012,
                    0.31085988879203796,
                    -0.19059114158153534
                ],
                [
                    -0.31833788752555847,
                    0.9479330778121948,
                    -0.009161096066236496
                ],
                [
                    0.17781983315944672,
                    0.069202721118927,
                    0.9816268086433411
                ]
            ],
            [
                [
                    0.9047006964683533,
                    -0.3918106257915497,
                    0.16733527183532715
                ],
                [
                    0.3297288119792938,
                    0.8926318883895874,
                    0.3073877692222595
                ],
                [
                    -0.2698065936565399,
                    -0.22291865944862366,
                    0.9367559552192688
                ]
            ],
            [
                [
                    0.457199364900589,
                    -0.18342183530330658,
                    -0.8702443242073059
                ],
                [
                    0.21330654621124268,
                    0.9725563526153564,
                    -0.09292156994342804
                ],
                [
                    0.8634055256843567,
                    -0.1431451141834259,
                    0.4837772250175476
                ]
            ],
            [
                [
                    0.8893284201622009,
                    0.17022472620010376,
                    0.4244037866592407
                ],
                [
                    -0.2686719298362732,
                    0.9455435872077942,
                    0.183746337890625
                ],
                [
                    -0.37001413106918335,
                    -0.27743619680404663,
                    0.8866333961486816
                ]
            ],
            [
                [
                    0.9922689199447632,
                    -0.09817389398813248,
                    -0.07592274993658066
                ],
                [
                    0.09930343925952911,
                    0.9949936866760254,
                    0.011239232495427132
                ],
                [
                    0.07443925738334656,
                    -0.018691731616854668,
                    0.9970503449440002
                ]
            ],
            [
                [
                    0.9928746223449707,
                    0.11458741128444672,
                    0.032709043473005295
                ],
                [
                    -0.11038989573717117,
                    0.9878162741661072,
                    -0.10969507694244385
                ],
                [
                    -0.044880207628011703,
                    0.10530269145965576,
                    0.9934269785881042
                ]
            ],
            [
                [
                    0.9919271469116211,
                    0.11583304405212402,
                    -0.051606833934783936
                ],
                [
                    -0.11358223110437393,
                    0.9925267100334167,
                    0.04460841044783592
                ],
                [
                    0.05638828128576279,
                    -0.03838667273521423,
                    0.9976707696914673
                ]
            ],
            [
                [
                    0.9946134686470032,
                    -0.10360492020845413,
                    0.003187417285516858
                ],
                [
                    0.10297659039497375,
                    0.991156280040741,
                    0.0836961641907692
                ],
                [
                    -0.01183056365698576,
                    -0.08291709423065186,
                    0.996486246585846
                ]
            ]
        ],
        "betas": [
            -0.19741672277450562,
            -0.002602994441986084,
            0.4136073887348175,
            0.23796606063842773,
            0.09357833862304688,
            0.01439574733376503,
            -0.0015124976634979248,
            -0.06379425525665283,
            -0.014799103140830994,
            -0.08250892162322998
        ]
    },
    "pred_cam_t": [
        -0.14688797295093536,
        0.34935805201530457,
        26.42737579345703
    ],
    "focal_length": [
        5000.0,
        5000.0
    ],
    "pred_keypoints_3d": [
        [
            0.06447166949510574,
            -0.8587151765823364,
            -0.07468774169683456
        ],
        [
            -0.02203645557165146,
            -0.736517608165741,
            0.04625832289457321
        ],
        [
            -0.13561290502548218,
            -0.6839572787284851,
            -0.08830346912145615
        ],
        [
            -0.21957319974899292,
            -0.6033114194869995,
            -0.30995872616767883
        ],
        [
            -0.23830671608448029,
            -0.6435288190841675,
            -0.556589663028717
        ],
        [
            0.08935868740081787,
            -0.6640199422836304,
            0.17039623856544495
        ],
        [
            0.2685144543647766,
            -0.5610470771789551,
            0.3224647641181946
        ],
        [
            0.49123919010162354,
            -0.5977879166603088,
            0.22888454794883728
        ],
        [
            -0.0017141429707407951,
            -0.22516068816184998,
            0.02783380262553692
        ],
        [
            -0.05899626761674881,
            -0.13005006313323975,
            0.005529696121811867
        ],
        [
            -0.07937704026699066,
            0.2461196780204773,
            0.043702833354473114
        ],
        [
            -0.10459522902965546,
            0.49906596541404724,
            0.34388989210128784
        ],
        [
            0.05955035239458084,
            -0.13958600163459778,
            0.0748579278588295
        ],
        [
            0.0929979532957077,
            0.22283828258514404,
            0.1456308364868164
        ],
        [
            0.054195474833250046,
            0.48560553789138794,
            0.43521547317504883
        ],
        [
            0.020495997741818428,
            -0.8987879753112793,
            -0.05727757513523102
        ],
        [
            0.07910999655723572,
            -0.8945250511169434,
            -0.026912150904536247
        ],
        [
            -0.06127626821398735,
            -0.8796916604042053,
            0.0056451112031936646
        ],
        [
            0.06779494881629944,
            -0.8711495399475098,
            0.07272487878799438
        ],
        [
            0.11481986939907074,
            0.6400837898254395,
            0.33201920986175537
        ],
        [
            0.16369733214378357,
            0.6059795618057251,
            0.39122655987739563
        ],
        [
            0.038074247539043427,
            0.47658461332321167,
            0.5043311715126038
        ],
        [
            -0.05786636471748352,
            0.6550903916358948,
            0.2306012511253357
        ],
        [
            -0.13737428188323975,
            0.6397815942764282,
            0.25868451595306396
        ],
        [
            -0.12635205686092377,
            0.49983537197113037,
            0.41538649797439575
        ],
        [
            -0.13142406940460205,
            0.4500211477279663,
            0.3251933455467224
        ],
        [
            -0.07796384394168854,
            0.18814706802368164,
            0.02575632929801941
        ],
        [
            -0.13274484872817993,
            -0.244205504655838,
            -0.04096250236034393
        ],
        [
            0.11623774468898773,
            -0.2517307698726654,
            0.11325418949127197
        ],
        [
            0.10419227182865143,
            0.18404953181743622,
            0.1397099643945694
        ],
        [
            0.05666198581457138,
            0.4431101679801941,
            0.4350682199001312
        ],
        [
            -0.21265943348407745,
            -0.6621333360671997,
            -0.5387167930603027
        ],
        [
            -0.23054815828800201,
            -0.6380627155303955,
            -0.30287960171699524
        ],
        [
            -0.11992877721786499,
            -0.709315836429596,
            -0.05955056473612785
        ],
        [
            0.06871286034584045,
            -0.6916062831878662,
            0.1557302176952362
        ],
        [
            0.26733946800231934,
            -0.6094884872436523,
            0.3135713040828705
        ],
        [
            0.4734638035297394,
            -0.6121683716773987,
            0.22560840845108032
        ],
        [
            -0.020784711465239525,
            -0.739999532699585,
            0.04887669160962105
        ],
        [
            0.015284738503396511,
            -0.9285708665847778,
            0.033207595348358154
        ],
        [
            -0.008168634958565235,
            -0.24807453155517578,
            0.03708944097161293
        ],
        [
            -0.022914888337254524,
            -0.6938976049423218,
            0.04685578867793083
        ],
        [
            -0.02618897706270218,
            -0.49720752239227295,
            0.031051483005285263
        ],
        [
            0.034276772290468216,
            -0.8250426054000854,
            -0.008149316534399986
        ],
        [
            0.00773177295923233,
            -0.9468151330947876,
            0.04021449387073517
        ]
    ],
    "pred_vertices": [
        [
            0.09059423208236694,
            -0.9393165707588196,
            -0.016085371375083923
        ],
        [
            0.08735603094100952,
            -0.9263938665390015,
            -0.02567591704428196
        ],
        [
            0.0928209125995636,
            -0.921065092086792,
            -0.0136724803596735
        ],
        [
            0.09453072398900986,
            -0.9301698207855225,
            -0.0015314389020204544
        ],
        [
            0.0920543521642685,
            -0.9131844639778137,
            -0.021621080115437508
        ],
        [
            0.08671140670776367,
            -0.9157184362411499,
            -0.03246363624930382
        ],
        [
            0.093419149518013,
            -0.913648247718811,
            -0.002266361378133297
        ],
        [
            0.09316037595272064,
            -0.9197056293487549,
            0.010612592101097107
        ],
        [
            0.09317009150981903,
            -0.8769609928131104,
            0.005933426320552826
        ],
        [
            0.09152389317750931,
            -0.8716055750846863,
            0.015455247834324837
        ],
        [
            0.09183892607688904,
            -0.883191704750061,
            0.015828510746359825
        ],
        [
            0.09215618669986725,
            -0.8857638835906982,
            0.005564047023653984
        ],
        [
            0.0900132805109024,
            -0.8508923053741455,
            0.005691859871149063
        ],
        [
            0.08866208791732788,
            -0.8431239128112793,
            -0.005585020408034325
        ],
        [
            0.08565670251846313,
            -0.8329281806945801,
            0.003087243065237999
        ],
        [
            0.08550182729959488,
            -0.8402776718139648,
            0.01436094380915165
        ],
        [
            0.07188045978546143,
            -0.8621890544891357,
            -0.03981546685099602
        ],
        [
            0.07586807012557983,
            -0.8550851345062256,
            -0.03685704991221428
        ],
        [
            0.07914487272500992,
            -0.8612970113754272,
            -0.033712971955537796
        ],
        [
            0.0742207020521164,
            -0.8676538467407227,
            -0.03675750270485878
        ],
        [
            0.06695695966482162,
            -0.8729520440101624,
            -0.04856958985328674
        ],
        [
            0.06632217764854431,
            -0.877942681312561,
            -0.044635508209466934
        ],
        [
            0.0646975040435791,
            -0.8826754093170166,
            -0.05082506686449051
        ],
        [
            0.06660673767328262,
            -0.877010703086853,
            -0.05537725239992142
        ],
        [
            0.06699453294277191,
            -0.8574668169021606,
            -0.0429205521941185
        ],
        [
            0.07110391557216644,
            -0.850058376789093,
            -0.03944261372089386
        ],
        [
            0.06867945194244385,
            -0.8683308362960815,
            -0.04281732812523842
        ],
        [
            0.06786177307367325,
            -0.8640587329864502,
            -0.04620981961488724
        ],
        [
            0.070162832736969,
            -0.8594978451728821,
            -0.05724111944437027
        ],
        [
            0.0710410624742508,
            -0.8638167381286621,
            -0.05475786700844765
        ],
        [
            0.0714849978685379,
            -0.8657576441764832,
            -0.062291037291288376
        ],
        [
            0.06990854442119598,
            -0.8603833913803101,
            -0.06283833086490631
        ],
        [
            0.06794300675392151,
            -0.8574519753456116,
            -0.04800759628415108
        ],
        [
            0.06994472444057465,
            -0.8605945110321045,
            -0.049908775836229324
        ],
        [
            0.06883630156517029,
            -0.8573849201202393,
            -0.053479816764593124
        ],
        [
            0.0658564567565918,
            -0.8550200462341309,
            -0.051537565886974335
        ],
        [
            0.06770634651184082,
            -0.8689534664154053,
            -0.051892854273319244
        ],
        [
            0.0687045231461525,
            -0.8718266487121582,
            -0.059099387377500534
        ],
        [
            0.06898728758096695,
            -0.874302864074707,
            -0.066911481320858
        ],
        [
            0.07132591307163239,
            -0.866215705871582,
            -0.0704040452837944
        ],
        [
            0.08153766393661499,
            -0.8400070667266846,
            -0.027373181656003
        ],
        [
            0.0796513557434082,
            -0.8476314544677734,
            -0.03283664956688881
        ],
        [
            0.07497445493936539,
            -0.8433672189712524,
            -0.035809244960546494
        ],
        [
            0.0774080753326416,
            -0.837194561958313,
            -0.031607095152139664
        ],
        [
            0.06511218845844269,
            -0.8514922857284546,
            -0.04834727942943573
        ],
        [
            0.06799334287643433,
            -0.8354114294052124,
            -0.048377275466918945
        ],
        [
            0.06846471130847931,
            -0.8391909599304199,
            -0.04800865426659584
        ],
        [
            0.06531640887260437,
            -0.8409163355827332,
            -0.054305918514728546
        ],
        [
            0.06541958451271057,
            -0.8373198509216309,
            -0.05422099307179451
        ],
        [
            0.08091731369495392,
            -0.8244993686676025,
            -0.01852027326822281
        ],
        [
            0.07803758978843689,
            -0.8244096040725708,
            -0.025295980274677277
        ],
        [
            0.07686693966388702,
            -0.8173205852508545,
            -0.02341971918940544
        ],
        [
            0.07857683300971985,
            -0.8160058259963989,
            -0.015842249616980553
        ],
        [
            0.07429257035255432,
            -0.8118171095848083,
            -0.024018477648496628
        ],
        [
            0.0755079835653305,
            -0.808199942111969,
            -0.014397852122783661
        ],
        [
            0.06757985055446625,
            -0.7954447865486145,
            -0.02044103294610977
        ],
        [
            0.07150302082300186,
            -0.8009816408157349,
            -0.017063314095139503
        ],
        [
            0.07125529646873474,
            -0.8066914677619934,
            -0.026978254318237305
        ],
        [
            0.06842316687107086,
            -0.8024327754974365,
            -0.03285766392946243
        ],
        [
            0.06273280084133148,
            -0.8085705637931824,
            -0.04640645906329155
        ],
        [
            0.05907734856009483,
            -0.8080768585205078,
            -0.05176102742552757
        ],
        [
            0.06161034479737282,
            -0.7957214713096619,
            -0.04861937090754509
        ],
        [
            0.06525391340255737,
            -0.798324704170227,
            -0.041251614689826965
        ],
        [
            0.06549027562141418,
            -0.8295378088951111,
            -0.04523233324289322
        ],
        [
            0.06730938702821732,
            -0.82902991771698,
            -0.04087072238326073
        ],
        [
            0.06871090829372406,
            -0.8306999206542969,
            -0.04252175986766815
        ],
        [
            0.0670667290687561,
            -0.8323978185653687,
            -0.04734063521027565
        ],
        [
            0.06922619044780731,
            -0.8283271789550781,
            -0.03739896044135094
        ],
        [
            0.07014751434326172,
            -0.8278930187225342,
            -0.03593037277460098
        ],
        [
            0.07066161930561066,
            -0.8293110132217407,
            -0.03699411824345589
        ],
        [
            0.06948848813772202,
            -0.8290437459945679,
            -0.03803674504160881
        ],
        [
            0.06819227337837219,
            -0.8289065361022949,
            -0.03952872380614281
        ],
        [
            0.06759122014045715,
            -0.8270910978317261,
            -0.04058973491191864
        ],
        [
            0.06876503676176071,
            -0.8276543617248535,
            -0.03831763193011284
        ],
        [
            0.06612058728933334,
            -0.8267961740493774,
            -0.0448785126209259
        ],
        [
            0.059491317719221115,
            -0.8260162472724915,
            -0.058391816914081573
        ],
        [
            0.06214060261845589,
            -0.8262920379638672,
            -0.054959941655397415
        ],
        [
            0.06059936434030533,
            -0.8307387828826904,
            -0.05450499802827835
        ],
        [
            0.058264292776584625,
            -0.8307516574859619,
            -0.05734049156308174
        ],
        [
            0.07012017071247101,
            -0.8310880064964294,
            -0.039448268711566925
        ],
        [
            0.07215627282857895,
            -0.8327573537826538,
            -0.037346143275499344
        ],
        [
            0.07099152356386185,
            -0.8360216617584229,
            -0.041888535022735596
        ],
        [
            0.0696086585521698,
            -0.8333536982536316,
            -0.04230152815580368
        ],
        [
            0.07444731891155243,
            -0.834327757358551,
            -0.03554133325815201
        ],
        [
            0.0722205638885498,
            -0.8302496671676636,
            -0.035141848027706146
        ],
        [
            0.07437365502119064,
            -0.8304539322853088,
            -0.03287389129400253
        ],
        [
            0.06967972218990326,
            -0.8261615633964539,
            -0.03636397048830986
        ],
        [
            0.07108531892299652,
            -0.8241504430770874,
            -0.03381507471203804
        ],
        [
            0.07208472490310669,
            -0.8268717527389526,
            -0.03412381932139397
        ],
        [
            0.0697183907032013,
            -0.8211277723312378,
            -0.03560761362314224
        ],
        [
            0.06831716001033783,
            -0.8245490789413452,
            -0.03875766322016716
        ],
        [
            0.06684009730815887,
            -0.8232365250587463,
            -0.0431106798350811
        ],
        [
            0.06481179594993591,
            -0.822263240814209,
            -0.04865781590342522
        ],
        [
            0.0650821253657341,
            -0.8171064853668213,
            -0.045171357691287994
        ],
        [
            0.06782135367393494,
            -0.8186852335929871,
            -0.03974955901503563
        ],
        [
            0.07231459021568298,
            -0.8393248915672302,
            -0.03987983614206314
        ],
        [
            0.07454413175582886,
            -0.8257400393486023,
            -0.03025995008647442
        ],
        [
            0.07787613570690155,
            -0.8316805958747864,
            -0.02792113460600376
        ],
        [
            0.07374297082424164,
            -0.8208808898925781,
            -0.029822874814271927
        ],
        [
            0.07188843190670013,
            -0.8165865540504456,
            -0.03111933544278145
        ],
        [
            0.06925678253173828,
            -0.8131676912307739,
            -0.03443484008312225
        ],
        [
            0.06618320196866989,
            -0.8105075359344482,
            -0.04047458991408348
        ],
        [
            0.057721104472875595,
            -0.7866206169128418,
            -0.03821728378534317
        ],
        [
            0.06285588443279266,
            -0.7904758453369141,
            -0.029910556972026825
        ],
        [
            0.08335381746292114,
            -0.9084905385971069,
            -0.0320853665471077
        ],
        [
            0.08937142789363861,
            -0.9064357280731201,
            -0.025575198233127594
        ],
        [
            0.08686257898807526,
            -0.8984888195991516,
            -0.021821510046720505
        ],
        [
            0.08872082829475403,
            -0.9008609056472778,
            -0.020389404147863388
        ],
        [
            0.08572067320346832,
            -0.90268474817276,
            -0.025951605290174484
        ],
        [
            0.08469781279563904,
            -0.9000811576843262,
            -0.025831792503595352
        ],
        [
            0.09020578861236572,
            -0.8887453079223633,
            -0.0025405585765838623
        ],
        [
            0.08862391114234924,
            -0.8912623524665833,
            -0.008875628001987934
        ],
        [
            0.08801750838756561,
            -0.8874924182891846,
            -0.007692910730838776
        ],
        [
            0.09118448197841644,
            -0.8821219205856323,
            -0.0017550382763147354
        ],
        [
            0.08509849011898041,
            -0.8812357783317566,
            -0.01832844503223896
        ],
        [
            0.0871129035949707,
            -0.8818551301956177,
            -0.013196072541177273
        ],
        [
            0.08535096049308777,
            -0.888931155204773,
            -0.016765888780355453
        ],
        [
            0.0839499905705452,
            -0.888472855091095,
            -0.02055557630956173
        ],
        [
            0.08186252415180206,
            -0.8885229825973511,
            -0.024351567029953003
        ],
        [
            0.07884083688259125,
            -0.8891218900680542,
            -0.027431417256593704
        ],
        [
            0.07856497168540955,
            -0.8836010098457336,
            -0.027487270534038544
        ],
        [
            0.08209551870822906,
            -0.8820565938949585,
            -0.02348335273563862
        ],
        [
            0.08087435364723206,
            -0.9044360518455505,
            -0.0302295982837677
        ],
        [
            0.07441501319408417,
            -0.9043729305267334,
            -0.033563029021024704
        ],
        [
            0.0749659612774849,
            -0.9011707305908203,
            -0.03257603198289871
        ],
        [
            0.0806494876742363,
            -0.9012413024902344,
            -0.030032269656658173
        ],
        [
            0.06336863338947296,
            -0.8953386545181274,
            -0.0340094231069088
        ],
        [
            0.06506604701280594,
            -0.8977397680282593,
            -0.034096576273441315
        ],
        [
            0.06268048286437988,
            -0.8996038436889648,
            -0.03665758669376373
        ],
        [
            0.06129232421517372,
            -0.895133376121521,
            -0.03680850565433502
        ],
        [
            0.06316545605659485,
            -0.8919050693511963,
            -0.03614288195967674
        ],
        [
            0.0646221935749054,
            -0.893596887588501,
            -0.033989571034908295
        ],
        [
            0.08316666632890701,
            -0.9611028432846069,
            -0.01658623479306698
        ],
        [
            0.08277372270822525,
            -0.9452782869338989,
            -0.029199982061982155
        ],
        [
            0.09058813750743866,
            -0.9519045352935791,
            -0.00020011607557535172
        ],
        [
            0.09324993193149567,
            -0.9390543103218079,
            0.01367289200425148
        ],
        [
            0.09262572973966599,
            -0.9248014688491821,
            0.02481795661151409
        ],
        [
            0.0837106704711914,
            -0.8274879455566406,
            -0.008527681231498718
        ],
        [
            0.0812004953622818,
            -0.8180546164512634,
            -0.0033198893070220947
        ],
        [
            0.08190681785345078,
            -0.8235478401184082,
            0.011356567963957787
        ],
        [
            0.0769735723733902,
            -0.813310980796814,
            0.013958118855953217
        ],
        [
            0.07686983048915863,
            -0.8079408407211304,
            -0.0016191694885492325
        ],
        [
            0.06339795142412186,
            -0.7915365099906921,
            -0.006892876699566841
        ],
        [
            0.07093633711338043,
            -0.798516035079956,
            -0.0027947742491960526
        ],
        [
            0.06892748177051544,
            -0.8039575815200806,
            0.015704143792390823
        ],
        [
            0.06772667914628983,
            -0.8141177892684937,
            0.03336070850491524
        ],
        [
            0.07536211609840393,
            -0.8214149475097656,
            0.028425268828868866
        ],
        [
            0.0651681050658226,
            -0.8283703923225403,
            0.047327421605587006
        ],
        [
            0.05695448815822601,
            -0.8062938451766968,
            0.04096100479364395
        ],
        [
            0.05812855809926987,
            -0.8266664743423462,
            0.05341188237071037
        ],
        [
            0.046557195484638214,
            -0.7714053392410278,
            0.029080158099532127
        ],
        [
            0.045835331082344055,
            -0.7591277956962585,
            0.03310176357626915
        ],
        [
            0.044917769730091095,
            -0.763994574546814,
            0.050232574343681335
        ],
        [
            0.04766158014535904,
            -0.7760280966758728,
            0.046618297696113586
        ],
        [
            0.08129527419805527,
            -0.830061674118042,
            0.02269516885280609
        ],
        [
            0.08959558606147766,
            -0.8936463594436646,
            0.025105349719524384
        ],
        [
            0.09168291091918945,
            -0.8944998979568481,
            0.01277846097946167
        ],
        [
            0.0890958234667778,
            -0.8802809715270996,
            0.027047501876950264
        ],
        [
            0.08559535443782806,
            -0.9506050944328308,
            0.049596287310123444
        ],
        [
            0.08973107486963272,
            -0.9475125074386597,
            0.03084869682788849
        ],
        [
            0.09136287868022919,
            -0.9307411909103394,
            0.038716353476047516
        ],
        [
            0.08698791265487671,
            -0.9357526302337646,
            0.05530763417482376
        ],
        [
            0.06810984015464783,
            -0.9882875680923462,
            0.031414516270160675
        ],
        [
            0.07788939774036407,
            -0.9771997928619385,
            0.006857641506940126
        ],
        [
            0.08381284773349762,
            -0.9638299345970154,
            0.018544858321547508
        ],
        [
            0.0776405781507492,
            -0.9724633693695068,
            0.0397365428507328
        ],
        [
            0.08226186037063599,
            -0.9360512495040894,
            0.06793583929538727
        ],
        [
            0.07352949678897858,
            -0.9352116584777832,
            0.08487236499786377
        ],
        [
            0.06693830341100693,
            -0.9510807991027832,
            0.09015145897865295
        ],
        [
            0.07647974789142609,
            -0.9539104700088501,
            0.06942510604858398
        ],
        [
            0.05373961851000786,
            -0.9715644121170044,
            0.09199993312358856
        ],
        [
            0.0662553459405899,
            -0.975270688533783,
            0.06741861999034882
        ],
        [
            0.04975329712033272,
            -0.811922550201416,
            0.06075224280357361
        ],
        [
            0.05110514536499977,
            -0.8304188251495361,
            0.06461337208747864
        ],
        [
            0.05103198066353798,
            -0.7903497815132141,
            0.041775159537792206
        ],
        [
            0.04730319604277611,
            -0.7956901788711548,
            0.05919653922319412
        ],
        [
            0.036682069301605225,
            -0.987502932548523,
            0.08870081603527069
        ],
        [
            0.05233389884233475,
            -0.9931554794311523,
            0.06051763519644737
        ],
        [
            0.038192398846149445,
            -0.9105405211448669,
            0.1193837821483612
        ],
        [
            0.04563968628644943,
            -0.9285027980804443,
            0.11520897597074509
        ],
        [
            0.05798981338739395,
            -0.9165645837783813,
            0.10318752378225327
        ],
        [
            0.050132930278778076,
            -0.9017175436019897,
            0.10846397280693054
