{
    "pred_cam": [
        1.4215158224105835,
        -0.09055925160646439,
        0.3463488519191742
    ],
    "pred_smpl_params": {
        "global_orient": [
            [
                [
                    0.9009112119674683,
                    -0.03892190754413605,
                    0.4322545826435089
                ],
                [
                    -0.07941780984401703,
                    -0.9939380288124084,
                    0.07602564245462418
                ],
                [
                    0.4266752302646637,
                    -0.10282107442617416,
                    -0.8985410332679749
                ]
            ]
        ],
        "body_pose": [
            [
                [
                    0.9986040592193604,
                    -0.011909417808055878,
                    -0.051459748297929764
                ],
                [
                    0.009566644206643105,
                    0.9989168643951416,
                    -0.04553525149822235
                ],
                [
                    0.05194631218910217,
                    0.044979389756917953,
                    0.9976363778114319
                ]
            ],
            [
                [
                    0.9941371083259583,
                    -0.029551975429058075,
                    -0.10400999337434769
                ],
                [
                    0.029693325981497765,
                    0.9995589852333069,
                    -0.00018947453645523638
                ],
                [
                    0.10396973043680191,
                    -0.00290003907866776,
                    0.9945761561393738
                ]
            ],
            [
                [
                    0.9960046410560608,
                    0.028755731880664825,
                    0.08454444259405136
                ],
                [
                    -0.022351684048771858,
                    0.9968770146369934,
                    -0.07574152946472168
                ],
                [
                    -0.08645839989185333,
                    0.07354921102523804,
                    0.9935368895530701
                ]
            ],
            [
                [
                    0.9354819655418396,
                    -0.19089481234550476,
                    -0.2973763346672058
                ],
                [
                    -0.014489389024674892,
                    0.8201045393943787,
                    -0.572030246257782
                ],
                [
                    0.3530772924423218,
                    0.5394327640533447,
                    0.7644270658493042
                ]
            ],
            [
                [
                    0.979004442691803,
                    -0.138624906539917,
                    0.14944393932819366
                ],
                [
                    0.2012636363506317,
                    0.7735539078712463,
                    -0.6009220480918884
                ],
                [
                    -0.032300177961587906,
                    0.61838299036026,
                    0.7852128744125366
                ]
            ],
            [
                [
                    0.9926885962486267,
                    0.0690108984708786,
                    0.09903031587600708
                ],
                [
                    -0.08168315142393112,
                    0.9881153702735901,
                    0.13021452724933624
                ],
                [
                    -0.08886716514825821,
                    -0.13735155761241913,
                    0.9865278601646423
                ]
            ],
            [
                [
                    0.9144123792648315,
                    0.11085022240877151,
                    0.3893100321292877
                ],
                [
                    -0.14297917485237122,
                    0.9882269501686096,
                    0.05444694310426712
                ],
                [
                    -0.3786911964416504,
                    -0.10545017570257187,
                    0.9194962382316589
                ]
            ],
            [
                [
                    0.9366545081138611,
                    -0.031159566715359688,
                    -0.3488657772541046
                ],
                [
                    0.06669187545776367,
                    0.9936785101890564,
                    0.0903058722615242
                ],
                [
                    0.34384655952453613,
                    -0.10785190761089325,
                    0.9328115582466125
                ]
            ],
            [
                [
                    0.9950288534164429,
                    0.03780769929289818,
                    0.09213120490312576
                ],
                [
                    -0.03773607686161995,
                    0.9992846250534058,
                    -0.0025199330411851406
                ],
                [
                    -0.09216056019067764,
                    -0.000969264074228704,
                    0.9957437515258789
                ]
            ],
            [
                [
                    0.932485818862915,
                    -0.22368799149990082,
                    -0.2836088240146637
                ],
                [
                    0.2521325349807739,
                    0.9653272032737732,
                    0.06762085855007172
                ],
                [
                    0.2586493492126465,
                    -0.13456249237060547,
                    0.9565529227256775
                ]
            ],
            [
                [
                    0.9926509857177734,
                    0.09535877406597137,
                    0.07450330257415771
                ],
                [
                    -0.10065317898988724,
                    0.9923943281173706,
                    0.07086896151304245
                ],
                [
                    -0.06717868149280548,
                    -0.07784713804721832,
                    0.9946993589401245
                ]
            ],
            [
                [
                    0.9851305484771729,
                    0.03926171734929085,
                    -0.16726119816303253
                ],
                [
                    -0.02444971352815628,
                    0.995667576789856,
                    0.0897127166390419
                ],
                [
                    0.17005881667137146,
                    -0.08428925275802612,
                    0.9818224906921387
                ]
            ],
            [
                [
                    0.9912109375,
                    -0.1175915002822876,
                    0.060606949031353
                ],
                [
                    0.10739997774362564,
                    0.9827846884727478,
                    0.15033109486103058
                ],
                [
                    -0.07724124938249588,
                    -0.1425006240606308,
                    0.9867762327194214
                ]
            ],
            [
                [
                    0.9863066077232361,
                    0.14353123307228088,
                    0.08122846484184265
                ],
                [
                    -0.1536458283662796,
                    0.9786820411682129,
                    0.13628746569156647
                ],
                [
                    -0.05993533879518509,
                    -0.14690163731575012,
                    0.9873335361480713
                ]
            ],
            [
                [
                    0.9961203932762146,
                    -0.006034696474671364,
                    -0.08779433369636536
                ],
                [
                    -0.009152443148195744,
                    0.9851313233375549,
                    -0.17155906558036804
                ],
                [
                    0.08752425760030746,
                    0.1716969907283783,
                    0.9812541604042053
                ]
            ],
            [
                [
                    0.9935509562492371,
                    0.08793256431818008,
                    -0.07158496230840683
                ],
                [
                    -0.08617177605628967,
                    0.995905339717865,
                    0.02733084186911583
                ],
                [
                    0.0736951157450676,
                    -0.020985981449484825,
                    0.9970600008964539
                ]
            ],
            [
                [
                    0.9753311276435852,
                    -0.11194461584091187,
                    0.1902567744255066
                ],
                [
                    0.02987402305006981,
                    0.9208840131759644,
                    0.388690322637558
                ],
                [
                    -0.21871621906757355,
                    -0.37341803312301636,
                    0.9015110731124878
                ]
            ],
            [
                [
                    0.3178824484348297,
                    -0.14714361727237701,
                    -0.9366427063941956
                ],
                [
                    0.26941823959350586,
                    0.9611796140670776,
                    -0.05956179276108742
                ],
                [
                    0.9090459942817688,
                    -0.23341496288776398,
                    0.3451853096485138
                ]
            ],
            [
                [
                    0.8301608562469482,
                    0.13584674894809723,
                    0.5407203435897827
                ],
                [
                    -0.34857794642448425,
                    0.8833913207054138,
                    0.31323015689849854
                ],
                [
                    -0.43511641025543213,
                    -0.4485146701335907,
                    0.7807101011276245
                ]
            ],
            [
                [
                    0.9846003651618958,
                    -0.09532385319471359,
                    -0.14654546976089478
                ],
                [
                    0.10219094902276993,
                    0.9939581751823425,
                    0.0400511808693409
                ],
                [
                    0.14184223115444183,
                    -0.05441002547740936,
                    0.9883928298950195
                ]
            ],
            [
                [
                    0.9868574142456055,
                    0.13531875610351562,
                    0.08832485228776932
                ],
                [
                    -0.12548589706420898,
                    0.9861189723014832,
                    -0.10873168706893921
                ],
                [
                    -0.10181225091218948,
                    0.09621914476156235,
                    0.9901394248008728
                ]
            ],
            [
                [
                    0.9972907900810242,
                    0.07239406555891037,
                    -0.013046382926404476
                ],
                [
                    -0.07220663875341415,
                    0.9972870349884033,
                    0.014307480305433273
                ],
                [
                    0.014046766795217991,
                    -0.013326682150363922,
                    0.9998124837875366
                ]
            ],
            [
                [
                    0.9962395429611206,
                    -0.0810168981552124,
                    -0.030709149315953255
                ],
                [
                    0.0823758989572525,
                    0.9955425262451172,
                    0.04592621698975563
                ],
                [
                    0.026851465925574303,
                    -0.048283208161592484,
                    0.9984726905822754
                ]
            ]
        ],
        "betas": [
            -0.15222424268722534,
            -0.018631339073181152,
            0.33898887038230896,
            0.19891324639320374,
            0.12624269723892212,
            -0.028864499181509018,
            -0.014986544847488403,
            -0.019689559936523438,
            -0.0024751871824264526,
            -0.06288546323776245
        ]
    },
    "pred_cam_t": [
        -0.09055925160646439,
        0.3463488519191742,
        27.479469299316406
    ],
    "focal_length": [
        5000.0,
        5000.0
    ],
    "pred_keypoints_3d": [
        [
            0.06118861958384514,
            -0.8578432202339172,
            -0.09326838701963425
        ],
        [
            -0.017946138978004456,
            -0.7363510727882385,
            0.03530646115541458
        ],
        [
            -0.1480637788772583,
            -0.6929290294647217,
            -0.07456541061401367
        ],
        [
            -0.29129260778427124,
            -0.719065248966217,
            -0.2795082628726959
        ],
        [
            -0.34749525785446167,
            -0.8853602409362793,
            -0.45968466997146606
        ],
        [
            0.09763316065073013,
            -0.6750552654266357,
            0.15169240534305573
        ],
        [
            0.2745054066181183,
            -0.6565337777137756,
            0.338071346282959
        ],
        [
            0.4686965346336365,
            -0.7644867897033691,
            0.23404547572135925
        ],
        [
            -0.0017056004144251347,
            -0.2250317633152008,
            0.027988234534859657
        ],
        [
            -0.061354756355285645,
            -0.12991087138652802,
            0.012347955256700516
        ],
        [
            -0.07422394305467606,
            0.2475903183221817,
            0.051056910306215286
        ],
        [
            -0.08936858922243118,
            0.4904874563217163,
            0.36191868782043457
        ],
        [
            0.06176867336034775,
            -0.14016327261924744,
            0.07358136773109436
        ],
        [
            0.10172262787818909,
            0.2224878966808319,
            0.14544789493083954
        ],
        [
            0.08363840728998184,
            0.47754713892936707,
            0.44569605588912964
        ],
        [
            0.01749258115887642,
            -0.8978735208511353,
            -0.07445167005062103
        ],
        [
            0.07730492204427719,
            -0.8943741321563721,
            -0.04629075154662132
        ],
        [
            -0.0622086375951767,
            -0.8786723613739014,
            -0.007680617272853851
        ],
        [
            0.07010583579540253,
            -0.8719144463539124,
            0.05373738706111908
        ],
        [
            0.1373862624168396,
            0.6353135108947754,
            0.3438088297843933
        ],
        [
            0.19051431119441986,
            0.5992977023124695,
            0.3985599875450134
        ],
        [
            0.07148203253746033,
            0.46746987104415894,
            0.517267107963562
        ],
        [
            -0.04988665133714676,
            0.6505612730979919,
            0.25200650095939636
        ],
        [
            -0.12834271788597107,
            0.6342271566390991,
            0.2835026979446411
        ],
        [
            -0.10739864408969879,
            0.48965582251548767,
            0.43587350845336914
        ],
        [
            -0.11651699990034103,
            0.4421098828315735,
            0.34361815452575684
        ],
        [
            -0.07485025376081467,
            0.19072973728179932,
            0.032289110124111176
        ],
        [
            -0.13744857907295227,
            -0.24292880296707153,
            -0.03226011246442795
        ],
        [
            0.12159235030412674,
            -0.2524130344390869,
            0.10500725358724594
        ],
        [
            0.11306780576705933,
            0.1844327449798584,
            0.13849176466464996
        ],
        [
            0.08580449223518372,
            0.4352310597896576,
            0.44534313678741455
        ],
        [
            -0.3188402056694031,
            -0.8942698836326599,
            -0.4366653263568878
        ],
        [
            -0.2998371720314026,
            -0.7441174387931824,
            -0.2570730447769165
        ],
        [
            -0.12858763337135315,
            -0.7164769172668457,
            -0.0485369935631752
        ],
        [
            0.07510808110237122,
            -0.7018576860427856,
            0.13790687918663025
        ],
        [
            0.2596170902252197,
            -0.6996915340423584,
            0.3234625458717346
        ],
        [
            0.4452483057975769,
            -0.7714443206787109,
            0.22951605916023254
        ],
        [
            -0.019102293998003006,
            -0.7403368353843689,
            0.04276207834482193
        ],
        [
            0.015540014021098614,
            -0.9281920790672302,
            0.016068505123257637
        ],
        [
            -0.007839150726795197,
            -0.24775022268295288,
            0.03728002309799194
        ],
        [
            -0.023313408717513084,
            -0.700526237487793,
            0.04282597452402115
        ],
        [
            -0.021899279206991196,
            -0.4979977309703827,
            0.022496921941637993
        ],
        [
            0.03362283110618591,
            -0.8245050311088562,
            -0.02477899193763733
        ],
        [
            0.008088784292340279,
            -0.946669340133667,
            0.023257071152329445
        ]
    ],
    "pred_vertices": [
        [
            0.08893685042858124,
            -0.9389890432357788,
            -0.0365631990134716
        ],
        [
            0.08553455770015717,
            -0.9260933995246887,
            -0.04582056775689125
        ],
        [
            0.09149622917175293,
            -0.9209221601486206,
            -0.03396859019994736
        ],
        [
            0.09356749057769775,
            -0.9299865961074829,
            -0.022174324840307236
        ],
        [
            0.09063996374607086,
            -0.9129924774169922,
            -0.04183109477162361
        ],
        [
            0.08473534882068634,
            -0.9154787063598633,
            -0.0525076761841774
        ],
        [
            0.09265211969614029,
            -0.9135025143623352,
            -0.022589271888136864
        ],
        [
            0.09255208820104599,
            -0.919874906539917,
            -0.00972827896475792
        ],
        [
            0.0929906964302063,
            -0.876888632774353,
            -0.014039434492588043
        ],
        [
            0.09167376905679703,
            -0.871648907661438,
            -0.004425740800797939
        ],
        [
            0.09178400784730911,
            -0.8831686973571777,
            -0.004071342758834362
        ],
        [
            0.09178806841373444,
            -0.8856621980667114,
            -0.014368685893714428
        ],
        [
            0.08990649878978729,
            -0.8508734703063965,
            -0.013944379054009914
        ],
        [
            0.08811074495315552,
            -0.8430466055870056,
            -0.02502518519759178
        ],
        [
            0.08553338050842285,
            -0.8328880667686462,
            -0.01614920049905777
        ],
        [
            0.085843026638031,
            -0.8403176665306091,
            -0.004974706098437309
        ],
        [
            0.06990104913711548,
            -0.8617551326751709,
            -0.05865243077278137
        ],
        [
            0.0739741176366806,
            -0.8546503782272339,
            -0.0557987205684185
        ],
        [
            0.07736973464488983,
            -0.8609331846237183,
            -0.05284152552485466
        ],
        [
            0.07232597470283508,
            -0.8672662973403931,
            -0.05573466792702675
        ],
        [
            0.06459963321685791,
            -0.872454047203064,
            -0.06731021404266357
        ],
        [
            0.06404301524162292,
            -0.8774823546409607,
            -0.06340216100215912
        ],
        [
            0.062146469950675964,
            -0.8821516633033752,
            -0.06958907842636108
        ],
        [
            0.06393654644489288,
            -0.876451849937439,
            -0.07415242493152618
        ],
        [
            0.06496457755565643,
            -0.8569472432136536,
            -0.061519697308540344
        ],
        [
            0.06913729012012482,
            -0.8495556116104126,
            -0.058123525232076645
        ],
        [
            0.06658093631267548,
            -0.8678486347198486,
            -0.0616011843085289
        ],
        [
            0.06568717956542969,
            -0.8635691404342651,
            -0.06488586962223053
        ],
        [
            0.06752519309520721,
            -0.8589200973510742,
            -0.07600731402635574
        ],
        [
            0.06853592395782471,
            -0.8632824420928955,
            -0.07359790056943893
        ],
        [
            0.06865574419498444,
            -0.8651161193847656,
            -0.08118245005607605
        ],
        [
            0.06705601513385773,
            -0.8597017526626587,
            -0.08159340173006058
        ],
        [
            0.06572861969470978,
            -0.8569308519363403,
            -0.0666629821062088
        ],
        [
            0.06767008453607559,
            -0.8600797653198242,
            -0.06867541372776031
        ],
        [
            0.06637769937515259,
            -0.8568472862243652,
            -0.07217120379209518
        ],
        [
            0.06342703104019165,
            -0.8544837236404419,
            -0.07008920609951019
        ],
        [
            0.06527327001094818,
            -0.8684307932853699,
            -0.07064025104045868
        ],
        [
            0.06593416631221771,
            -0.8712329864501953,
            -0.07793083786964417
        ],
        [
            0.06590699404478073,
            -0.87363600730896,
            -0.08577742427587509
        ],
        [
            0.06816407293081284,
            -0.8654990792274475,
            -0.08929814398288727
        ],
        [
            0.08004926890134811,
            -0.8396679162979126,
            -0.04647667333483696
        ],
        [
            0.07795210927724838,
            -0.8472422957420349,
            -0.05189228802919388
        ],
        [
            0.07314679026603699,
            -0.8429275751113892,
            -0.054595690220594406
        ],
        [
            0.07578018307685852,
            -0.8367856740951538,
            -0.050487641245126724
        ],
        [
            0.06285260617733002,
            -0.8509464263916016,
            -0.0668516755104065
        ],
        [
            0.065749391913414,
            -0.8347569108009338,
            -0.06687257438898087
        ],
        [
            0.06623196601867676,
            -0.8385626673698425,
            -0.0665469765663147
        ],
        [
            0.06283621490001678,
            -0.8402127027511597,
            -0.07273732870817184
        ],
        [
            0.06294359266757965,
            -0.8365895748138428,
            -0.0726364254951477
        ],
        [
            0.07992494106292725,
            -0.8242106437683105,
            -0.037480950355529785
        ],
        [
            0.07676002383232117,
            -0.8240220546722412,
            -0.04412538558244705
        ],
        [
            0.0757216289639473,
            -0.8169234991073608,
            -0.04216906055808067
        ],
        [
            0.07776116579771042,
            -0.8157152533531189,
            -0.03469464182853699
        ],
        [
            0.07314862310886383,
            -0.8113603591918945,
            -0.042674608528614044
        ],
        [
            0.07478311657905579,
            -0.8078689575195312,
            -0.03312867879867554
        ],
        [
            0.06672416627407074,
            -0.7950234413146973,
            -0.03877578303217888
        ],
        [
            0.0707533210515976,
            -0.8005815744400024,
            -0.035597510635852814
        ],
        [
            0.07006561756134033,
            -0.8061419725418091,
            -0.045491207391023636
        ],
        [
            0.06708931922912598,
            -0.801748514175415,
            -0.05124250054359436
        ],
        [
            0.06076331436634064,
            -0.8077310919761658,
            -0.06452760100364685
        ],
        [
            0.05691412836313248,
            -0.8071285486221313,
            -0.06973423808813095
        ],
        [
            0.059625547379255295,
            -0.7948122024536133,
            -0.06657782942056656
        ],
        [
            0.06361611187458038,
            -0.7975102066993713,
            -0.05946127325296402
        ],
        [
            0.06340107321739197,
            -0.8288230299949646,
            -0.06362300366163254
        ],
        [
            0.06536611914634705,
            -0.8284067511558533,
            -0.059319980442523956
        ],
        [
            0.06671170890331268,
            -0.830075740814209,
            -0.061038706451654434
        ],
        [
            0.06489014625549316,
            -0.831709623336792,
            -0.06580730527639389
        ],
        [
            0.06740114092826843,
            -0.827783465385437,
            -0.05589596927165985
        ],
        [
            0.06839899718761444,
            -0.8273690938949585,
            -0.05446102097630501
        ],
        [
            0.06886927783489227,
            -0.828779935836792,
            -0.05555716156959534
        ],
        [
            0.06765472888946533,
            -0.8284991979598999,
            -0.056578826159238815
        ],
        [
            0.0662970244884491,
            -0.8283205032348633,
            -0.058018703013658524
        ],
        [
            0.06568942964076996,
            -0.8264594078063965,
            -0.059062808752059937
        ],
        [
            0.06690933555364609,
            -0.8270847797393799,
            -0.056808698922395706
        ],
        [
            0.06407670676708221,
            -0.826081395149231,
            -0.06330069899559021
        ],
        [
            0.05688014626502991,
            -0.8250972628593445,
            -0.07649986445903778
        ],
        [
            0.05970828980207443,
            -0.825412392616272,
            -0.0732029378414154
        ],
        [
            0.05818474292755127,
            -0.8298854827880859,
            -0.07274850457906723
        ],
        [
            0.055690038949251175,
            -0.8298655152320862,
            -0.0754527896642685
        ],
        [
            0.06820397078990936,
            -0.8305487036705017,
            -0.057994455099105835
        ],
        [
            0.07036522030830383,
            -0.8322243690490723,
            -0.056008074432611465
        ],
        [
            0.06900843232870102,
            -0.835450291633606,
            -0.0605291984975338
        ],
        [
            0.06760886311531067,
            -0.8327525854110718,
            -0.06087053194642067
        ],
        [
            0.07273693382740021,
            -0.8338353633880615,
            -0.054316096007823944
        ],
        [
            0.07051611691713333,
            -0.8297443389892578,
            -0.053784988820552826
        ],
        [
            0.07274496555328369,
            -0.8300011157989502,
            -0.05157303437590599
        ],
        [
            0.0679088830947876,
            -0.8256187438964844,
            -0.05486691743135452
        ],
        [
            0.06943697482347488,
            -0.823637843132019,
            -0.052349165081977844
        ],
        [
            0.07042217254638672,
            -0.8263885974884033,
            -0.05271884799003601
        ],
        [
            0.0680723637342453,
            -0.8205486536026001,
            -0.054113488644361496
        ],
        [
            0.06650993973016739,
            -0.8239299058914185,
            -0.05722605437040329
        ],
        [
            0.06490571051836014,
            -0.8225222826004028,
            -0.061524417251348495
        ],
        [
            0.06264476478099823,
            -0.82145094871521,
            -0.0669766366481781
        ],
        [
            0.06309443712234497,
            -0.8163280487060547,
            -0.06345725804567337
        ],
        [
            0.06606356799602509,
            -0.818006157875061,
            -0.058180321007966995
        ],
        [
            0.07038663327693939,
            -0.838814914226532,
            -0.0585634671151638
        ],
        [
            0.07302536070346832,
            -0.8253129720687866,
            -0.04891621693968773
        ],
        [
            0.07643485069274902,
            -0.8312894105911255,
            -0.04678429663181305
        ],
        [
            0.0722731351852417,
            -0.8204231262207031,
            -0.048421986401081085
        ],
        [
            0.07043265551328659,
            -0.8160717487335205,
            -0.0496557354927063
        ],
        [
            0.06774461269378662,
            -0.8124969005584717,
            -0.052905794233083725
        ],
        [
            0.06443540751934052,
            -0.8097807765007019,
            -0.058765262365341187
        ],
        [
            0.05613125488162041,
            -0.7858424186706543,
            -0.055912166833877563
        ],
        [
            0.06168276071548462,
            -0.7898422479629517,
            -0.04796481877565384
        ],
        [
            0.08137284964323044,
            -0.9082896709442139,
            -0.05187411233782768
        ],
        [
            0.08774390816688538,
            -0.9062519073486328,
            -0.04561661556363106
        ],
        [
            0.08535242080688477,
            -0.8983446359634399,
            -0.04159517586231232
        ],
        [
            0.08735401928424835,
            -0.900652289390564,
            -0.040342360734939575
        ],
        [
            0.08402949571609497,
            -0.9025576710700989,
            -0.04570038616657257
        ],
        [
            0.08291065692901611,
            -0.9000244736671448,
            -0.045461997389793396
        ],
        [
            0.08950495719909668,
            -0.8886778354644775,
            -0.02237650752067566
        ],
        [
            0.08763276040554047,
            -0.8911925554275513,
            -0.028645984828472137
        ],
        [
            0.08708702027797699,
            -0.8874346017837524,
            -0.02738376520574093
        ],
        [
            0.09053894877433777,
            -0.8820955753326416,
            -0.02154327556490898
        ],
        [
            0.08381286263465881,
            -0.8811148405075073,
            -0.037864189594984055
        ],
        [
            0.08601154386997223,
            -0.881759524345398,
            -0.032819561660289764
        ],
        [
            0.08408249914646149,
            -0.8888373374938965,
            -0.036389488726854324
        ],
        [
            0.08249874413013458,
            -0.8883424997329712,
            -0.040121499449014664
        ],
        [
            0.08029073476791382,
            -0.8883694410324097,
            -0.04385462403297424
        ],
        [
            0.0771162211894989,
            -0.888943076133728,
            -0.04679565876722336
        ],
        [
            0.07689826190471649,
            -0.8833916187286377,
            -0.04678955301642418
        ],
        [
            0.08061008155345917,
            -0.8818857669830322,
            -0.04291928559541702
        ],
        [
            0.07893575727939606,
            -0.904282808303833,
            -0.049800094217061996
        ],
        [
            0.07228662073612213,
            -0.9041602611541748,
            -0.052870117127895355
        ],
        [
            0.0728878527879715,
            -0.9009914398193359,
            -0.051831621676683426
        ],
        [
            0.0786915272474289,
            -0.9011346101760864,
            -0.04951067268848419
        ],
        [
            0.06132323294878006,
            -0.8950318098068237,
            -0.05284525454044342
        ],
        [
            0.06297409534454346,
            -0.8974537253379822,
            -0.0529867447912693
        ],
        [
            0.06044209003448486,
            -0.8992940187454224,
            -0.05548688769340515
        ],
        [
            0.05911470949649811,
            -0.8947973251342773,
            -0.055551979690790176
        ],
        [
            0.06110334023833275,
            -0.8915834426879883,
            -0.05497661605477333
        ],
        [
            0.06262089312076569,
            -0.8933025002479553,
            -0.05288377031683922
        ],
        [
            0.0811690241098404,
            -0.9606804251670837,
            -0.03691893443465233
        ],
        [
            0.08050214499235153,
            -0.9447824954986572,
            -0.04937191680073738
        ],
        [
            0.08934959769248962,
            -0.9519312381744385,
            -0.020914359018206596
        ],
        [
            0.0926249623298645,
            -0.9391300678253174,
            -0.006925440393388271
        ],
        [
            0.0920867994427681,
            -0.9250433444976807,
            0.004489367827773094
        ],
        [
            0.08309410512447357,
            -0.8273385763168335,
            -0.027646522969007492
        ],
        [
            0.08088266849517822,
            -0.8179178237915039,
            -0.02229241281747818
        ],
        [
            0.08225539326667786,
            -0.823501706123352,
            -0.007701071910560131
        ],
        [
            0.07750527560710907,
            -0.8132929801940918,
            -0.004915149882435799
        ],
        [
            0.07673627138137817,
            -0.8077372312545776,
            -0.02043633535504341
        ],
        [
            0.06308354437351227,
            -0.7913275957107544,
            -0.025074340403079987
        ],
        [
            0.07083578407764435,
            -0.7982676029205322,
            -0.02134815789759159
        ],
        [
            0.06963353604078293,
            -0.8039455413818359,
            -0.002848457545042038
        ],
        [
            0.06922725588083267,
            -0.8142188191413879,
            0.01482168398797512
        ],
        [
            0.07651227712631226,
            -0.8214694261550903,
            0.009656766429543495
        ],
        [
            0.06726764142513275,
            -0.8285765051841736,
            0.028668634593486786
        ],
        [
            0.05866105109453201,
            -0.8065282106399536,
            0.02280244417488575
        ],
        [
            0.06043132022023201,
            -0.8269573450088501,
            0.03498627245426178
        ],
        [
            0.04819771647453308,
            -0.7717896699905396,
            0.011508798226714134
        ],
        [
            0.04826989397406578,
            -0.759293794631958,
            0.01548226922750473
        ],
        [
            0.04816178232431412,
            -0.7644246816635132,
            0.03269827365875244
        ],
        [
            0.05019066855311394,
            -0.7765591144561768,
            0.028905870392918587
        ],
        [
            0.08209098875522614,
            -0.8301397562026978,
            0.0036393366754055023
        ],
        [
            0.08979877084493637,
            -0.8937571048736572,
            0.005053398199379444
        ],
        [
            0.09156382083892822,
            -0.894413948059082,
            -0.007235580123960972
        ],
        [
            0.0895085483789444,
            -0.8804539442062378,
            0.007124844938516617
        ],
        [
            0.085850790143013,
            -0.9512722492218018,
            0.029444774612784386
        ],
        [
            0.08858752250671387,
            -0.9477841854095459,
            0.010295310989022255
        ],
        [
            0.09122796356678009,
            -0.9310555458068848,
            0.018383778631687164
        ],
        [
            0.0874229446053505,
            -0.9364374876022339,
            0.035075075924396515
        ],
        [
            0.06752510368824005,
            -0.9888642430305481,
            0.011483071371912956
        ],
        [
            0.07635550200939178,
            -0.977313220500946,
            -0.013430425897240639
        ],
        [
            0.08241872489452362,
            -0.964059591293335,
            -0.0017899104859679937
        ],
        [
            0.0775270164012909,
            -0.9731893539428711,
            0.019746575504541397
        ],
        [
            0.0832166075706482,
            -0.9367954730987549,
            0.047796010971069336
        ],
        [
            0.07541193068027496,
            -0.936002254486084,
            0.06536589562892914
        ],
        [
            0.06874241679906845,
            -0.9518824815750122,
            0.07062676548957825
        ],
        [
            0.07743576914072037,
            -0.9546898603439331,
            0.04943688213825226
        ],
        [
            0.05567637085914612,
            -0.9724075794219971,
            0.07315576076507568
        ],
        [
            0.06724917888641357,
            -0.9761000275611877,
            0.047829125076532364
        ],
        [
            0.052524346858263016,
            -0.8122937679290771,
            0.04268594831228256
        ],
        [
            0.05383870750665665,
            -0.8308400511741638,
            0.046478357166051865
        ],
        [
            0.05287362262606621,
            -0.7908127307891846,
            0.023840660229325294
        ],
        [
            0.05015696585178375,
            -0.7961059808731079,
            0.041327111423015594
        ],
        [
            0.03859354555606842,
            -0.9883497953414917,
            0.0702432170510292
        ],
        [
            0.052954062819480896,
            -0.9937583208084106,
            0.041210148483514786
        ],
        [
            0.04156641662120819,
            -0.9116573333740234,
            0.10142765939235687
        ],
        [
            0.04868486896157265,
            -0.929462194442749,
            0.0967520922422409
        ],
        [
            0.060722872614860535,
            -0.9175019264221191,
            0.08420009911060333
        ],
        [
            0.05338209867477417,
            -0.9029269218444824,
            0.08986014127731323
        ],
