{
    "pred_cam": [
        1.3146551847457886,
        -0.051026687026023865,
        0.4099942445755005
    ],
    "pred_smpl_params": {
        "global_orient": [
            [
                [
                    0.9150225520133972,
                    -0.03019391931593418,
                    0.4022711515426636
                ],
                [
                    -0.08056093007326126,
                    -0.9907850623130798,
                    0.10888024419546127
                ],
                [
                    0.3952767252922058,
                    -0.13203521072864532,
                    -0.909023106098175
                ]
            ]
        ],
        "body_pose": [
            [
                [
                    0.9978625774383545,
                    -0.006593664642423391,
                    -0.06501419097185135
                ],
                [
                    0.004680533893406391,
                    0.999552845954895,
                    -0.029534965753555298
                ],
                [
                    0.06517985463142395,
                    0.02916753478348255,
                    0.9974472522735596
                ]
            ],
            [
                [
                    0.995662271976471,
                    -0.011979302391409874,
                    -0.09226668626070023
                ],
                [
                    0.014325094409286976,
                    0.999589741230011,
                    0.024803834035992622
                ],
                [
                    0.09193169325590134,
                    -0.026017971336841583,
                    0.9954254031181335
                ]
            ],
            [
                [
                    0.9983392953872681,
                    0.009047486819326878,
                    0.0568937249481678
                ],
                [
                    -0.0072363270446658134,
                    0.9994629621505737,
                    -0.03196023032069206
                ],
                [
                    -0.05715232715010643,
                    0.03149544820189476,
                    0.9978685975074768
                ]
            ],
            [
                [
                    0.922974705696106,
                    -0.2137039452791214,
                    -0.3200754225254059
                ],
                [
                    -0.005180231295526028,
                    0.8246922492980957,
                    -0.5655580163002014
                ],
                [
                    0.3848257064819336,
                    0.5236538052558899,
                    0.7600630521774292
                ]
            ],
            [
                [
                    0.9755527377128601,
                    -0.14559049904346466,
                    0.16462171077728271
                ],
                [
                    0.21461540460586548,
                    0.7923575639724731,
                    -0.5710601806640625
                ],
                [
                    -0.04729832336306572,
                    0.5924296379089355,
                    0.8042325377464294
                ]
            ],
            [
                [
                    0.9925691485404968,
                    0.07956276088953018,
                    0.09206649661064148
                ],
                [
                    -0.09152711182832718,
                    0.986742377281189,
                    0.1340230405330658
                ],
                [
                    -0.08018267899751663,
                    -0.14145372807979584,
                    0.9866921901702881
                ]
            ],
            [
                [
                    0.9118143320083618,
                    0.15324339270591736,
                    0.38093453645706177
                ],
                [
                    -0.20014221966266632,
                    0.9759445786476135,
                    0.08645956963300705
                ],
                [
                    -0.3585216701030731,
                    -0.15507614612579346,
                    0.9205507040023804
                ]
            ],
            [
                [
                    0.9350858926773071,
                    -0.06853415071964264,
                    -0.34773191809654236
                ],
                [
                    0.11751861870288849,
                    0.985576331615448,
                    0.12177308648824692
                ],
                [
                    0.3343707323074341,
                    -0.15473327040672302,
                    0.9296525716781616
                ]
            ],
            [
                [
                    0.9954729676246643,
                    0.05384483560919762,
                    0.07832195609807968
                ],
                [
                    -0.050518717616796494,
                    0.9977601170539856,
                    -0.04384740814566612
                ],
                [
                    -0.08050747960805893,
                    0.03969218581914902,
                    0.9959633946418762
                ]
            ],
            [
                [
                    0.9207388758659363,
                    -0.29283761978149414,
                    -0.2578490972518921
                ],
                [
                    0.3184495270252228,
                    0.9458481073379517,
                    0.06293970346450806
                ],
                [
                    0.2254549264907837,
                    -0.14006292819976807,
                    0.9641331434249878
                ]
            ],
            [
                [
                    0.9854173064231873,
                    0.15086950361728668,
                    0.07868315279483795
                ],
                [
                    -0.15723291039466858,
                    0.9841392040252686,
                    0.08214540779590607
                ],
                [
                    -0.0650419369339943,
                    -0.09331909567117691,
                    0.9935094714164734
                ]
            ],
            [
                [
                    0.9871971607208252,
                    0.02296464890241623,
                    -0.15784308314323425
                ],
                [
                    -0.005902336910367012,
                    0.9941630363464355,
                    0.10772623866796494
                ],
                [
                    0.15939566493034363,
                    -0.10541538894176483,
                    0.9815704822540283
                ]
            ],
            [
                [
                    0.9849764704704285,
                    -0.13567867875099182,
                    0.10683004558086395
                ],
                [
                    0.11374182999134064,
                    0.9752032160758972,
                    0.18984602391719818
                ],
                [
                    -0.12993904948234558,
                    -0.17484283447265625,
                    0.9759845733642578
                ]
            ],
            [
                [
                    0.980087161064148,
                    0.1868099719285965,
                    0.06731346249580383
                ],
                [
                    -0.19626596570014954,
                    0.9628309607505798,
                    0.18557003140449524
                ],
                [
                    -0.030145153403282166,
                    -0.19508616626262665,
                    0.9803227186203003
                ]
            ],
            [
                [
                    0.997000515460968,
                    0.009476416744291782,
                    -0.0768117755651474
                ],
                [
                    -0.02354387193918228,
                    0.982574462890625,
                    -0.1843721866607666
                ],
                [
                    0.0737261027097702,
                    0.18562762439250946,
                    0.9798503518104553
                ]
            ],
            [
                [
                    0.9989892840385437,
                    0.03322388976812363,
                    0.030273625627160072
                ],
                [
                    -0.034973111003637314,
                    0.9976327419281006,
                    0.059211380779743195
                ],
                [
                    -0.028234723955392838,
                    -0.06021030619740486,
                    0.9977863430976868
                ]
            ],
            [
                [
                    0.9798058867454529,
                    -0.006083784159272909,
                    0.19985829293727875
                ],
                [
                    -0.07649239152669907,
                    0.9120998382568359,
                    0.4027687907218933
                ],
                [
                    -0.1847410947084427,
                    -0.40992289781570435,
                    0.8932154178619385
                ]
            ],
            [
                [
                    0.3067638874053955,
                    -0.14006590843200684,
                    -0.9414231181144714
                ],
                [
                    0.3209351897239685,
                    0.9464079737663269,
                    -0.036230407655239105
                ],
                [
                    0.8960448503494263,
                    -0.2910216450691223,
                    0.3352758586406708
                ]
            ],
            [
                [
                    0.822456419467926,
                    0.08226749300956726,
                    0.5628477334976196
                ],
                [
                    -0.319220632314682,
                    0.885737955570221,
                    0.3369964063167572
                ],
                [
                    -0.470811665058136,
                    -0.4568374752998352,
                    0.7547423243522644
                ]
            ],
            [
                [
                    0.9853957891464233,
                    -0.056878216564655304,
                    -0.16049863398075104
                ],
                [
                    0.07507416605949402,
                    0.9911272525787354,
                    0.10968445986509323
                ],
                [
                    0.1528359055519104,
                    -0.12013192474842072,
                    0.9809226989746094
                ]
            ],
            [
                [
                    0.9888831377029419,
                    0.09864982217550278,
                    0.11125793308019638
                ],
                [
                    -0.09638158977031708,
                    0.9950152039527893,
                    -0.02559765614569187
                ],
                [
                    -0.11322854459285736,
                    0.014589873142540455,
                    0.9934617877006531
                ]
            ],
            [
                [
                    0.9977321028709412,
                    0.06730952113866806,
                    -0.00010936566104646772
                ],
                [
                    -0.06730193644762039,
                    0.9976415038108826,
                    0.013488913886249065
                ],
                [
                    0.001017040223814547,
                    -0.013450962491333485,
                    0.9999090433120728
                ]
            ],
            [
                [
                    0.9961642026901245,
                    -0.07832744717597961,
                    -0.039009444415569305
                ],
                [
                    0.07971122860908508,
                    0.996193528175354,
                    0.035278625786304474
                ],
                [
                    0.03609767183661461,
                    -0.03825279697775841,
                    0.9986159205436707
                ]
            ]
        ],
        "betas": [
            0.013925448060035706,
            0.06636905670166016,
            0.34015151858329773,
            1.0054881572723389,
            0.08794674277305603,
            -0.047609858214855194,
            0.011402875185012817,
            0.08108386397361755,
            0.04764993488788605,
            -0.07384544610977173
        ]
    },
    "pred_cam_t": [
        -0.051026687026023865,
        0.4099942445755005,
        29.71311378479004
    ],
    "focal_length": [
        5000.0,
        5000.0
    ],
    "pred_keypoints_3d": [
        [
            0.06237126886844635,
            -0.8831491470336914,
            -0.11294154822826385
        ],
        [
            -0.011730417609214783,
            -0.7595542073249817,
            0.02355065941810608
        ],
        [
            -0.15738505125045776,
            -0.7198302149772644,
            -0.07050721347332001
        ],
        [
            -0.3248133659362793,
            -0.7854166030883789,
            -0.24617715179920197
        ],
        [
            -0.3843904435634613,
            -0.9776642918586731,
            -0.39931565523147583
        ],
        [
            0.10878084599971771,
            -0.6951659917831421,
            0.13959644734859467
        ],
        [
            0.2737236022949219,
            -0.6854857802391052,
            0.33813896775245667
        ],
        [
            0.4638056755065918,
            -0.8181205987930298,
            0.2513624429702759
        ],
        [
            -0.002558052074164152,
            -0.23396193981170654,
            0.026255331933498383
        ],
        [
            -0.0615440234541893,
            -0.13957086205482483,
            0.016996584832668304
        ],
        [
            -0.0802173763513565,
            0.237611323595047,
            0.055035803467035294
        ],
        [
            -0.08663032948970795,
            0.48884981870651245,
            0.35880133509635925
        ],
        [
            0.058483414351940155,
            -0.14930850267410278,
            0.07135480642318726
        ],
        [
            0.09947478771209717,
            0.2121036946773529,
            0.14463689923286438
        ],
        [
            0.10236667841672897,
            0.4654296338558197,
            0.4462319612503052
        ],
        [
            0.019591612741351128,
            -0.9240177273750305,
            -0.090386301279068
        ],
        [
            0.08135571330785751,
            -0.9197646379470825,
            -0.06595228612422943
        ],
        [
            -0.05751069262623787,
            -0.9057129621505737,
            -0.01834956929087639
        ],
        [
            0.08049142360687256,
            -0.8971216678619385,
            0.035351574420928955
        ],
        [
            0.14366325736045837,
            0.6230374574661255,
            0.3329166769981384
        ],
        [
            0.20221547782421112,
            0.588440477848053,
            0.3855832517147064
        ],
        [
            0.09556495398283005,
            0.4586580991744995,
            0.5202298164367676
        ],
        [
            -0.04454779624938965,
            0.6425396203994751,
            0.23614811897277832
        ],
        [
            -0.12391301244497299,
            0.6292010545730591,
            0.2721411883831024
        ],
        [
            -0.10223695635795593,
            0.4930935204029083,
            0.4342961311340332
        ],
        [
            -0.11485590040683746,
            0.44056349992752075,
            0.3431769907474518
        ],
        [
            -0.0800987035036087,
            0.18012039363384247,
            0.03642542287707329
        ],
        [
            -0.1357584297657013,
            -0.2536180913448334,
            -0.02784964069724083
        ],
        [
            0.11851529777050018,
            -0.2625740170478821,
            0.09509191662073135
        ],
        [
            0.1101173385977745,
            0.17440789937973022,
            0.1365208923816681
        ],
        [
            0.10474230349063873,
            0.4238292872905731,
            0.44666630029678345
        ],
        [
            -0.35287535190582275,
            -0.9828110933303833,
            -0.3760007619857788
        ],
        [
            -0.3284335732460022,
            -0.806773841381073,
            -0.22077199816703796
        ],
        [
            -0.13346968591213226,
            -0.7419590353965759,
            -0.04634664207696915
        ],
        [
            0.0852419063448906,
            -0.7221143245697021,
            0.12497155368328094
        ],
        [
            0.2566608488559723,
            -0.7277674674987793,
            0.32302820682525635
        ],
        [
            0.4390365481376648,
            -0.8236163854598999,
            0.24601739645004272
        ],
        [
            -0.014207865111529827,
            -0.7626283168792725,
            0.03478829190135002
        ],
        [
            0.024502769112586975,
            -0.954767107963562,
            -0.0009056865237653255
        ],
        [
            -0.008537997491657734,
            -0.25804609060287476,
            0.03413345664739609
        ],
        [
            -0.021290719509124756,
            -0.7227755188941956,
            0.0373384952545166
        ],
        [
            -0.02234175056219101,
            -0.5188350677490234,
            0.015028058551251888
        ],
        [
            0.03778475150465965,
            -0.8497270345687866,
            -0.04113643243908882
        ],
        [
            0.0174830611795187,
            -0.9734861850738525,
            0.006911991164088249
        ]
    ],
    "pred_vertices": [
        [
            0.09439248591661453,
            -0.9636112451553345,
            -0.057635895907878876
        ],
        [
            0.09053070843219757,
            -0.9507904052734375,
            -0.06660588830709457
        ],
        [
            0.09726400673389435,
            -0.9456862807273865,
            -0.05504318326711655
        ],
        [
            0.10007976740598679,
            -0.9546767473220825,
            -0.04357302933931351
        ],
        [
            0.09575275331735611,
            -0.9378954768180847,
            -0.0627090260386467
        ],
        [
            0.08916375041007996,
            -0.9404059648513794,
            -0.07314878702163696
        ],
        [
            0.09901317954063416,
            -0.9383308291435242,
            -0.04353775829076767
        ],
        [
            0.0996805727481842,
            -0.9446161389350891,
            -0.030863389372825623
        ],
        [
            0.09903762489557266,
            -0.9018436670303345,
            -0.034643881022930145
        ],
        [
            0.09829626977443695,
            -0.896545946598053,
            -0.02490467019379139
        ],
        [
            0.09871118515729904,
            -0.9081376791000366,
            -0.024623122066259384
        ],
        [
            0.09799925982952118,
            -0.9106996059417725,
            -0.03490257263183594
        ],
        [
            0.09568822383880615,
            -0.875718891620636,
            -0.03426355496048927
        ],
        [
            0.09303199499845505,
            -0.8678303956985474,
            -0.045087095350027084
        ],
        [
            0.09121643006801605,
            -0.8576437830924988,
            -0.03601599857211113
        ],
        [
            0.09248174726963043,
            -0.8652218580245972,
            -0.024902069941163063
        ],
        [
            0.07273818552494049,
            -0.8870413303375244,
            -0.07787086069583893
        ],
        [
            0.07693348824977875,
            -0.8797585964202881,
            -0.07516728341579437
        ],
        [
            0.08050484955310822,
            -0.8860628604888916,
            -0.07240823656320572
        ],
        [
            0.07535965740680695,
            -0.8925334215164185,
            -0.07507193088531494
        ],
        [
            0.06719182431697845,
            -0.897996187210083,
            -0.0865429937839508
        ],
        [
            0.06682515144348145,
            -0.9029971361160278,
            -0.08248843252658844
        ],
        [
            0.06477545201778412,
            -0.9077436923980713,
            -0.0887681096792221
        ],
        [
            0.06634119898080826,
            -0.9020155072212219,
            -0.0935860425233841
        ],
        [
            0.06774447858333588,
            -0.8822755813598633,
            -0.08066119998693466
        ],
        [
            0.07210355997085571,
            -0.8746278285980225,
            -0.07745473086833954
        ],
        [
            0.0693366751074791,
            -0.893304705619812,
            -0.08079025894403458
        ],
        [
            0.06837894022464752,
            -0.8890479207038879,
            -0.0841623917222023
        ],
        [
            0.06978848576545715,
            -0.8843299150466919,
            -0.09574344009160995
        ],
        [
            0.07096649706363678,
            -0.8887075185775757,
            -0.09335564076900482
        ],
        [
            0.07073275744915009,
            -0.8904767036437988,
            -0.10111001878976822
        ],
        [
            0.06900279223918915,
            -0.8850831389427185,
            -0.10142853856086731
        ],
        [
            0.06839802861213684,
            -0.8823020458221436,
            -0.08604396879673004
        ],
        [
            0.07033725082874298,
            -0.8854957818984985,
            -0.08825088292360306
        ],
        [
            0.06883054971694946,
            -0.882253110408783,
            -0.0917183980345726
        ],
        [
            0.06591132283210754,
            -0.8798920512199402,
            -0.08942557871341705
        ],
        [
            0.06784331798553467,
            -0.8939432501792908,
            -0.0900946632027626
        ],
        [
            0.0681779533624649,
            -0.8967269062995911,
            -0.09760981053113937
        ],
        [
            0.06785228848457336,
            -0.8991255760192871,
            -0.10568365454673767
        ],
        [
            0.06981988996267319,
            -0.8908165097236633,
            -0.10937691479921341
        ],
        [
            0.08358731865882874,
            -0.8644154071807861,
            -0.06618940085172653
        ],
        [
            0.08116191625595093,
            -0.8721405267715454,
            -0.07149769365787506
        ],
        [
            0.07629640400409698,
            -0.8678053021430969,
            -0.0740838572382927
        ],
        [
            0.07921337336301804,
            -0.8614929914474487,
            -0.07012493163347244
        ],
        [
            0.06548735499382019,
            -0.8761966228485107,
            -0.08610602468252182
        ],
        [
            0.06826195865869522,
            -0.8594273328781128,
            -0.08636149764060974
        ],
        [
            0.06886148452758789,
            -0.8633831739425659,
            -0.08609798550605774
        ],
        [
            0.06515103578567505,
            -0.8650544881820679,
            -0.09216710925102234
        ],
        [
            0.06511680036783218,
            -0.8612697124481201,
            -0.09201443195343018
        ],
        [
            0.08415211737155914,
            -0.8486290574073792,
            -0.05720598250627518
        ],
        [
            0.08073775470256805,
            -0.8484054207801819,
            -0.06383488327264786
        ],
        [
            0.07981056720018387,
            -0.841117262840271,
            -0.06178488954901695
        ],
        [
            0.08215327560901642,
            -0.8399965167045593,
            -0.05419830232858658
        ],
        [
            0.07718507945537567,
            -0.8353602886199951,
            -0.06211181357502937
        ],
        [
            0.0793120414018631,
            -0.8319922685623169,
            -0.05249129980802536
        ],
        [
            0.07080815732479095,
            -0.8188843727111816,
            -0.0580313540995121
        ],
        [
            0.07502494752407074,
            -0.824579119682312,
            -0.05482437089085579
        ],
        [
            0.07391704618930817,
            -0.8299835920333862,
            -0.06492540240287781
        ],
        [
            0.07059852033853531,
            -0.8254388570785522,
            -0.07066188007593155
        ],
        [
            0.06325070559978485,
            -0.8315749168395996,
            -0.08364462107419968
        ],
        [
            0.0590018704533577,
            -0.831028163433075,
            -0.08879483491182327
        ],
        [
            0.06198684498667717,
            -0.8184471130371094,
            -0.08577995747327805
        ],
        [
            0.06657617539167404,
            -0.8211144208908081,
            -0.07881411910057068
        ],
        [
            0.06595608592033386,
            -0.8533604145050049,
            -0.08288565278053284
        ],
        [
            0.06820075213909149,
            -0.8529322147369385,
            -0.0786462128162384
        ],
        [
            0.06943830847740173,
            -0.8546608686447144,
            -0.0804617702960968
        ],
        [
            0.06732562184333801,
            -0.856297492980957,
            -0.08517131954431534
        ],
        [
            0.07050523161888123,
            -0.8522706031799316,
            -0.07522498071193695
        ],
        [
            0.07161048799753189,
            -0.851876974105835,
            -0.07380876690149307
        ],
        [
            0.07199481874704361,
            -0.8533670902252197,
            -0.07498232275247574
        ],
        [
            0.07072174549102783,
            -0.8530267477035522,
            -0.07595884799957275
        ],
        [
            0.06927260011434555,
            -0.8528002500534058,
            -0.07732492685317993
        ],
        [
            0.06859996914863586,
            -0.8508154153823853,
            -0.07837767899036407
        ],
        [
            0.06995661556720734,
            -0.8514941930770874,
            -0.07612836360931396
        ],
        [
            0.06673122942447662,
            -0.8503667712211609,
            -0.08259709924459457
        ],
        [
            0.058468032628297806,
            -0.8495655655860901,
            -0.09542523324489594
        ],
        [
            0.06158828362822533,
            -0.849784255027771,
            -0.09230456501245499
        ],
        [
            0.06010392680764198,
            -0.8545006513595581,
            -0.09176486730575562
        ],
        [
            0.05739189684391022,
            -0.8545215129852295,
            -0.0942949503660202
        ],
        [
            0.07120543718338013,
            -0.8551742434501648,
            -0.07744351029396057
        ],
        [
            0.0735643208026886,
            -0.8568969964981079,
            -0.0756298378109932
        ],
        [
            0.07198259234428406,
            -0.860162615776062,
            -0.08019512891769409
        ],
        [
            0.07045561075210571,
            -0.8574060201644897,
            -0.0804048627614975
        ],
        [
            0.07604217529296875,
            -0.8585079908370972,
            -0.07394452393054962
        ],
        [
            0.07383131980895996,
            -0.8543262481689453,
            -0.07328278571367264
        ],
        [
            0.07621331512928009,
            -0.8545815944671631,
            -0.07109396159648895
        ],
        [
            0.07109496742486954,
            -0.8499897718429565,
            -0.07420320063829422
        ],
        [
            0.07284460961818695,
            -0.847968578338623,
            -0.07171817123889923
        ],
        [
            0.07378782331943512,
            -0.8508591651916504,
            -0.07213187217712402
        ],
        [
            0.07133080065250397,
            -0.8447114825248718,
            -0.0734570175409317
        ],
        [
            0.06952839344739914,
            -0.8481805920600891,
            -0.07653713971376419
        ],
        [
            0.06763862073421478,
            -0.8466521501541138,
            -0.08082105964422226
        ],
        [
            0.0649404302239418,
            -0.8455525040626526,
            -0.086153045296669
        ],
        [
            0.06558361649513245,
            -0.840296745300293,
            -0.08259192854166031
        ],
        [
            0.06898538768291473,
            -0.8420519828796387,
            -0.0774666890501976
        ],
        [
            0.07343435287475586,
            -0.8636544346809387,
            -0.07817457616329193
        ],
        [
            0.07670522481203079,
            -0.8497334718704224,
            -0.06848778575658798
        ],
        [
            0.08019378781318665,
            -0.8558342456817627,
            -0.06648609042167664
        ],
        [
            0.07600938528776169,
            -0.8446731567382812,
            -0.06793977320194244
        ],
        [
            0.07405702769756317,
            -0.8401551246643066,
            -0.06906065344810486
        ],
        [
            0.07105475664138794,
            -0.8364228010177612,
            -0.07225266098976135
        ],
        [
            0.06730229407548904,
            -0.8336420655250549,
            -0.07797931134700775
        ],
        [
            0.058861635625362396,
            -0.8096588850021362,
            -0.07463829964399338
        ],
        [
            0.06503942608833313,
            -0.8136707544326782,
            -0.06701056659221649
        ],
        [
            0.08546590059995651,
            -0.9335159659385681,
            -0.0720304623246193
        ],
        [
            0.09224487096071243,
            -0.9313771724700928,
            -0.06605330109596252
        ],
        [
            0.08976416289806366,
            -0.9236079454421997,
            -0.061726655811071396
        ],
        [
            0.09194063395261765,
            -0.9258437156677246,
            -0.060656726360321045
        ],
        [
            0.0882849246263504,
            -0.9278281331062317,
            -0.0657980740070343
        ],
        [
            0.08710251748561859,
            -0.9253175854682922,
            -0.06549184024333954
        ],
        [
            0.0952010452747345,
            -0.913794994354248,
            -0.04274449497461319
        ],
        [
            0.09282450377941132,
            -0.916390061378479,
            -0.04882941022515297
        ],
        [
            0.09229512512683868,
            -0.9126167297363281,
            -0.047521792352199554
        ],
        [
            0.09611384570598602,
            -0.9071927666664124,
            -0.041924849152565
        ],
        [
            0.08825699985027313,
            -0.9061557054519653,
            -0.057863906025886536
        ],
        [
            0.09077326953411102,
            -0.9068177938461304,
            -0.052894268184900284
        ],
        [
            0.0887937843799591,
            -0.9139379262924194,
            -0.056437477469444275
        ],
        [
            0.08693283796310425,
            -0.9134629964828491,
            -0.06010443717241287
        ],
        [
            0.08444944769144058,
            -0.9135555624961853,
            -0.06371650099754333
        ],
        [
            0.08103965222835541,
            -0.9142573475837708,
            -0.0664735957980156
        ],
        [
            0.08076313138008118,
            -0.9086183309555054,
            -0.06639517843723297
        ],
        [
            0.08473170548677444,
            -0.906974196434021,
            -0.06272643804550171
        ],
        [
            0.08294989168643951,
            -0.929690420627594,
            -0.0696180909872055
        ],
        [
            0.07609041780233383,
            -0.9297707676887512,
            -0.07223393023014069
        ],
        [
            0.07672782242298126,
            -0.9265428185462952,
            -0.07117311656475067
        ],
        [
            0.08262890577316284,
            -0.9265358448028564,
            -0.06922638416290283
        ],
        [
            0.06490596383810043,
            -0.9208729267120361,
            -0.07153600454330444
        ],
        [
            0.06658324599266052,
            -0.9232856631278992,
            -0.07172071933746338
        ],
        [
            0.0638488382101059,
            -0.9252046942710876,
            -0.07410823553800583
        ],
        [
            0.06245977804064751,
            -0.920645534992218,
            -0.07414162158966064
        ],
        [
            0.06454786658287048,
            -0.9173381328582764,
            -0.07374528050422668
        ],
        [
            0.06623660027980804,
            -0.9190773963928223,
            -0.07173565030097961
        ],
        [
            0.08715978264808655,
            -0.9851410984992981,
            -0.05796964094042778
        ],
        [
            0.08511486649513245,
            -0.9693174958229065,
            -0.06955017149448395
        ],
        [
            0.09622132778167725,
            -0.9764549732208252,
            -0.04237205907702446
        ],
        [
            0.0998925194144249,
            -0.9638234972953796,
            -0.028362568467855453
        ],
        [
            0.10005880892276764,
            -0.9499692320823669,
            -0.016604240983724594
        ],
        [
            0.08796532452106476,
            -0.851894736289978,
            -0.047452617436647415
        ],
        [
            0.08598832041025162,
            -0.8423624038696289,
            -0.04185387119650841
        ],
        [
            0.0885438621044159,
            -0.8482227325439453,
            -0.027327312156558037
        ],
        [
            0.0838756337761879,
            -0.8377564549446106,
            -0.024151653051376343
        ],
        [
            0.08189443498849869,
            -0.8320184946060181,
            -0.03976641595363617
        ],
        [
            0.0675816684961319,
            -0.815740704536438,
            -0.04389144107699394
        ],
        [
            0.07579058408737183,
            -0.8225892782211304,
            -0.040407776832580566
        ],
        [
            0.07598122954368591,
            -0.828271210193634,
            -0.021517664194107056
        ],
        [
            0.07697109878063202,
            -0.8387482166290283,
            -0.003591453656554222
        ],
        [
            0.08415532112121582,
            -0.8461959958076477,
            -0.009294193238019943
        ],
        [
            0.07587527483701706,
            -0.8532165288925171,
            0.010609817691147327
        ],
        [
            0.06660375744104385,
            -0.8310781717300415,
            0.00537722185254097
        ],
        [
            0.06927332282066345,
            -0.8515950441360474,
            0.017670992761850357
        ],
        [
            0.05422021076083183,
            -0.7956490516662598,
            -0.005028091371059418
        ],
        [
            0.05451269447803497,
            -0.7823936939239502,
            -0.0007725879549980164
        ],
        [
            0.05585405230522156,
            -0.7878044247627258,
            0.01714329794049263
        ],
        [
            0.05762578919529915,
            -0.8004450798034668,
            0.01271166279911995
        ],
        [
            0.08936591446399689,
            -0.8550614714622498,
            -0.015880601480603218
        ],
        [
            0.09751517325639725,
            -0.9186999797821045,
            -0.01560630276799202
        ],
        [
            0.09865330159664154,
            -0.9192748665809631,
            -0.027944296598434448
        ],
        [
            0.09702659398317337,
            -0.9053612947463989,
            -0.013200103305280209
        ],
        [
            0.09602964669466019,
            -0.9762144088745117,
            0.007811942137777805
        ],
        [
            0.0973338782787323,
            -0.9726359844207764,
            -0.011235300451517105
        ],
        [
            0.10025832056999207,
            -0.9560110569000244,
            -0.0030084876343607903
        ],
        [
            0.09786717593669891,
            -0.9617024660110474,
            0.013791678473353386
        ],
        [
            0.07694308459758759,
            -1.0138070583343506,
            -0.009912952780723572
        ],
        [
            0.0840299054980278,
            -1.0019443035125732,
            -0.034694116562604904
        ],
        [
            0.0904480516910553,
            -0.9888107776641846,
            -0.023227136582136154
        ],
        [
            0.08721713721752167,
            -0.9980770349502563,
            -0.0019375244155526161
        ],
        [
            0.09424234181642532,
            -0.9622952938079834,
            0.026482800021767616
        ],
        [
            0.08778336644172668,
            -0.9618723392486572,
            0.044648949056863785
        ],
        [
            0.08238448202610016,
            -0.9785091876983643,
            0.04968203231692314
        ],
        [
            0.08949354290962219,
            -0.9801759719848633,
            0.027784572914242744
        ],
        [
            0.07013855129480362,
            -0.9995898604393005,
            0.05295334756374359
        ],
        [
            0.07958625257015228,
            -1.0023138523101807,
            0.026482220739126205
        ],
        [
            0.06143950670957565,
            -0.8370218276977539,
            0.02617374062538147
        ],
        [
            0.06320632994174957,
            -0.8556021451950073,
            0.02970311790704727
        ],
        [
            0.06020229309797287,
            -0.815159261226654,
            0.007008714601397514
        ],
        [
            0.058771900832653046,
            -0.82041335105896,
            0.025235921144485474
        ],
        [
            0.0532061904668808,
            -1.0169601440429688,
            0.05117224156856537
        ],
        [
            0.06515005230903625,
            -1.0205093622207642,
            0.02025756798684597
        ],
        [
            0.056201495230197906,
            -0.9384915828704834,
            0.08431299030780792
        ],
        [
            0.06356220692396164,
            -0.9562666416168213,
            0.0783502459526062
        ],
        [
            0.07393592596054077,
            -0.9437013864517212,
            0.06502265483140945
        ],
        [
            0.0666804388165474,
            -0.929175853729248,
            0.07184144109487534
        ],
        [
