{
    "pred_cam": [
        1.3566192388534546,
        -0.037917934358119965,
        0.3779982030391693
    ],
    "pred_smpl_params": {
        "global_orient": [
            [
                [
                    0.9350372552871704,
                    -0.04437362030148506,
                    0.3517616391181946
                ],
                [
                    -0.07838786393404007,
                    -0.9934579730033875,
                    0.0830455794930458
                ],
                [
                    0.34577539563179016,
                    -0.10522456467151642,
                    -0.9323985576629639
                ]
            ]
        ],
        "body_pose": [
            [
                [
                    0.9986870288848877,
                    0.010974619537591934,
                    -0.05003894865512848
                ],
                [
                    -0.01297500915825367,
                    0.9991223216056824,
                    -0.03982871025800705
                ],
                [
                    0.049557920545339584,
                    0.04042566567659378,
                    0.9979528784751892
                ]
            ],
            [
                [
                    0.9954078793525696,
                    -0.016421234235167503,
                    -0.09430497884750366
                ],
                [
                    0.01654265820980072,
                    0.9998630881309509,
                    0.0005057640373706818
                ],
                [
                    0.09428375214338303,
                    -0.0020634953398257494,
                    0.9955432415008545
                ]
            ],
            [
                [
                    0.9970172047615051,
                    0.012505200691521168,
                    0.07615964114665985
                ],
                [
                    -0.007617036812007427,
                    0.9979119300842285,
                    -0.06413855403661728
                ],
                [
                    -0.07680267840623856,
                    0.06336713582277298,
                    0.9950306415557861
                ]
            ],
            [
                [
                    0.93985915184021,
                    -0.18847337365150452,
                    -0.28485527634620667
                ],
                [
                    -0.051324810832738876,
                    0.7465793490409851,
                    -0.6633137464523315
                ],
                [
                    0.3376840353012085,
                    0.638041615486145,
                    0.6920060515403748
                ]
            ],
            [
                [
                    0.9768799543380737,
                    -0.11624636501073837,
                    0.1794227510690689
                ],
                [
                    0.2067520171403885,
                    0.7272403836250305,
                    -0.6545037627220154
                ],
                [
                    -0.054399795830249786,
                    0.6764674782752991,
                    0.734460711479187
                ]
            ],
            [
                [
                    0.9921712875366211,
                    0.0748373419046402,
                    0.09997715801000595
                ],
                [
                    -0.08838719129562378,
                    0.9863662719726562,
                    0.1388137936592102
                ],
                [
                    -0.08822564035654068,
                    -0.14656376838684082,
                    0.985258936882019
                ]
            ],
            [
                [
                    0.8995869755744934,
                    0.1036127358675003,
                    0.4242733418941498
                ],
                [
                    -0.14323024451732635,
                    0.9877153038978577,
                    0.06247885152697563
                ],
                [
                    -0.41258764266967773,
                    -0.1169738844037056,
                    0.9033762812614441
                ]
            ],
            [
                [
                    0.9244046211242676,
                    -0.024648841470479965,
                    -0.38061603903770447
                ],
                [
                    0.0680576041340828,
                    0.9925544857978821,
                    0.10101377218961716
                ],
                [
                    0.37529227137565613,
                    -0.11928141862154007,
                    0.9191994667053223
                ]
            ],
            [
                [
                    0.9945400357246399,
                    0.048784006386995316,
                    0.09225092828273773
                ],
                [
                    -0.047772254794836044,
                    0.9987717270851135,
                    -0.013145354576408863
                ],
                [
                    -0.09277890622615814,
                    0.00866654608398676,
                    0.995648980140686
                ]
            ],
            [
                [
                    0.9298564791679382,
                    -0.2134876847267151,
                    -0.2996498644351959
                ],
                [
                    0.24728256464004517,
                    0.9656895995140076,
                    0.07934069633483887
                ],
                [
                    0.27243050932884216,
                    -0.1478736251592636,
                    0.9507445096969604
                ]
            ],
            [
                [
                    0.9891785383224487,
                    0.09615907818078995,
                    0.110811747610569
                ],
                [
                    -0.10516224801540375,
                    0.991353452205658,
                    0.07848096638917923
                ],
                [
                    -0.10230694711208344,
                    -0.08928489685058594,
                    0.9907378554344177
                ]
            ],
            [
                [
                    0.988592803478241,
                    0.04313329979777336,
                    -0.1443038433790207
                ],
                [
                    -0.03535094112157822,
                    0.9978010058403015,
                    0.05606748163700104
                ],
                [
                    0.14640487730503082,
                    -0.0503266416490078,
                    0.987943708896637
                ]
            ],
            [
                [
                    0.9821316599845886,
                    -0.1448882520198822,
                    0.12010347843170166
                ],
                [
                    0.12466748803853989,
                    0.9789618849754333,
                    0.16152909398078918
                ],
                [
                    -0.14098039269447327,
                    -0.14366982877254486,
                    0.9795323014259338
                ]
            ],
            [
                [
                    0.9782840609550476,
                    0.19801144301891327,
                    0.06125090643763542
                ],
                [
                    -0.20519950985908508,
                    0.966913104057312,
                    0.1515657901763916
                ],
                [
                    -0.02921253815293312,
                    -0.16084307432174683,
                    0.9865475296974182
                ]
            ],
            [
                [
                    0.9986911416053772,
                    0.007770204450935125,
                    -0.05055289342999458
                ],
                [
                    -0.016439607366919518,
                    0.9847114086151123,
                    -0.17341601848602295
                ],
                [
                    0.04843253642320633,
                    0.17402011156082153,
                    0.9835503101348877
                ]
            ],
            [
                [
                    0.9994238018989563,
                    0.03286304324865341,
                    0.008490510284900665
                ],
                [
                    -0.03309353068470955,
                    0.999042809009552,
                    0.02860548347234726
                ],
                [
                    -0.0075423200614750385,
                    -0.028869982808828354,
                    0.9995546936988831
                ]
            ],
            [
                [
                    0.979174017906189,
                    -0.005130578298121691,
                    0.20295748114585876
                ],
                [
                    -0.07383421808481216,
                    0.9222293496131897,
                    0.3795279860496521
                ],
                [
                    -0.18912051618099213,
                    -0.38660919666290283,
                    0.9026442170143127
                ]
            ],
            [
                [
                    0.3425266742706299,
                    -0.12313398718833923,
                    -0.9314040541648865
                ],
                [
                    0.235213965177536,
                    0.971041202545166,
                    -0.041873469948768616
                ],
                [
                    0.9095877408981323,
                    -0.20473644137382507,
                    0.3615703582763672
                ]
            ],
            [
                [
                    0.890365719795227,
                    0.06875300407409668,
                    0.450024276971817
                ],
                [
                    -0.22717808187007904,
                    0.9237510561943054,
                    0.3083409368991852
                ],
                [
                    -0.39451104402542114,
                    -0.37677186727523804,
                    0.8380954265594482
                ]
            ],
            [
                [
                    0.984493613243103,
                    -0.08026252686977386,
                    -0.15598173439502716
                ],
                [
                    0.08408959954977036,
                    0.9962941408157349,
                    0.01808296889066696
                ],
                [
                    0.15395228564739227,
                    -0.030919011682271957,
                    0.987594485282898
                ]
            ],
            [
                [
                    0.9875381588935852,
                    0.11663627624511719,
                    0.10566124320030212
                ],
                [
                    -0.097870372235775,
                    0.9809048771858215,
                    -0.1680687516927719
                ],
                [
                    -0.12324652820825577,
                    0.15563321113586426,
                    0.9800962209701538
                ]
            ],
            [
                [
                    0.9983457922935486,
                    0.05651276186108589,
                    0.01058434508740902
                ],
                [
                    -0.056673113256692886,
                    0.998272180557251,
                    0.015516380779445171
                ],
                [
                    -0.009689184837043285,
                    -0.01609056070446968,
                    0.9998235702514648
                ]
            ],
            [
                [
                    0.9967427849769592,
                    -0.06898677349090576,
                    -0.041767582297325134
                ],
                [
                    0.07125722616910934,
                    0.9959094524383545,
                    0.05555802583694458
                ],
                [
                    0.037763964384794235,
                    -0.05835330858826637,
                    0.9975813627243042
                ]
            ]
        ],
        "betas": [
            -0.10003429651260376,
            -0.10300785303115845,
            0.2997146546840668,
            0.25645768642425537,
            0.12439826130867004,
            -0.03030278906226158,
            0.006771653890609741,
            -0.025674670934677124,
            -0.007751330733299255,
            -0.06154215335845947
        ]
    },
    "pred_cam_t": [
        -0.037917934358119965,
        0.3779982030391693,
        28.794004440307617
    ],
    "focal_length": [
        5000.0,
        5000.0
    ],
    "pred_keypoints_3d": [
        [
            0.057779908180236816,
            -0.8570102453231812,
            -0.09688559174537659
        ],
        [
            -0.019152473658323288,
            -0.7403510808944702,
            0.038324110209941864
        ],
        [
            -0.1605360507965088,
            -0.7020456790924072,
            -0.05487946420907974
        ],
        [
            -0.3313620686531067,
            -0.7681165933609009,
            -0.2277054786682129
        ],
        [
            -0.41114723682403564,
            -0.9381624460220337,
            -0.39584752917289734
        ],
        [
            0.10303474217653275,
            -0.6794292330741882,
            0.14706197381019592
        ],
        [
            0.2705589234828949,
            -0.6744871139526367,
            0.3432159721851349
        ],
        [
            0.4707754850387573,
            -0.7829304933547974,
            0.24993060529232025
        ],
        [
            -0.0017834175378084183,
            -0.22646743059158325,
            0.02852221392095089
        ],
        [
            -0.06290067732334137,
            -0.13124960660934448,
            0.01844864711165428
        ],
        [
            -0.0783296525478363,
            0.2460004687309265,
            0.058839116245508194
        ],
        [
            -0.08961819857358932,
            0.46724843978881836,
            0.38615846633911133
        ],
        [
            0.065339095890522,
            -0.14137619733810425,
            0.06864059716463089
        ],
        [
            0.10287081450223923,
            0.2225143313407898,
            0.13468021154403687
        ],
        [
            0.09100709110498428,
            0.44236284494400024,
            0.4623483717441559
        ],
        [
            0.016346557065844536,
            -0.8992370367050171,
            -0.07702156901359558
        ],
        [
            0.07702341675758362,
            -0.8937355279922485,
            -0.051023662090301514
        ],
        [
            -0.062111832201480865,
            -0.8841471672058105,
            -0.006716419011354446
        ],
        [
            0.0728333443403244,
            -0.8733363747596741,
            0.04960260167717934
        ],
        [
            0.13590657711029053,
            0.6108582615852356,
            0.37409722805023193
        ],
        [
            0.19230401515960693,
            0.5711841583251953,
            0.42310991883277893
        ],
        [
            0.08274541050195694,
            0.4244649112224579,
            0.5336179137229919
        ],
        [
            -0.06292024254798889,
            0.6345500946044922,
            0.28373992443084717
        ],
        [
            -0.13976281881332397,
            0.6130073070526123,
            0.31717222929000854
        ],
        [
            -0.10406091809272766,
            0.46175968647003174,
            0.4614528715610504
        ],
        [
            -0.11585154384374619,
            0.4192154109477997,
            0.36622339487075806
        ],
        [
            -0.07941021025180817,
            0.19023390114307404,
            0.039571456611156464
        ],
        [
            -0.14269572496414185,
            -0.24443024396896362,
            -0.01957840844988823
        ],
        [
            0.12856309115886688,
            -0.25366830825805664,
            0.09484053403139114
        ],
        [
            0.11518225073814392,
            0.1859760731458664,
            0.12652480602264404
        ],
        [
            0.09507044404745102,
            0.4003428518772125,
            0.4575463533401489
        ],
        [
            -0.37729793787002563,
            -0.9444118738174438,
            -0.3798443377017975
        ],
        [
            -0.3343139588832855,
            -0.7901749610900879,
            -0.2031141072511673
        ],
        [
            -0.13783013820648193,
            -0.7248493432998657,
            -0.03061910904943943
        ],
        [
            0.0790356695652008,
            -0.7061585187911987,
            0.13438212871551514
        ],
        [
            0.25529080629348755,
            -0.7164273858070374,
            0.3266535699367523
        ],
        [
            0.44741082191467285,
            -0.7893028259277344,
            0.24332162737846375
        ],
        [
            -0.019720302894711494,
            -0.7442615032196045,
            0.04796471446752548
        ],
        [
            0.01911802589893341,
            -0.9311678409576416,
            0.012931201606988907
        ],
        [
            -0.006894271820783615,
            -0.24916882812976837,
            0.03851325809955597
        ],
        [
            -0.02591848187148571,
            -0.7063046097755432,
            0.04943271726369858
        ],
        [
            -0.024051552638411522,
            -0.5021545886993408,
            0.024163207039237022
        ],
        [
            0.031392842531204224,
            -0.8258974552154541,
            -0.02655632793903351
        ],
        [
            0.012714341282844543,
            -0.950152575969696,
            0.02014768123626709
        ]
    ],
    "pred_vertices": [
        [
            0.09077689051628113,
            -0.9379435181617737,
            -0.04270835220813751
        ],
        [
            0.0865103155374527,
            -0.92499840259552,
            -0.05157928541302681
        ],
        [
            0.09272660315036774,
            -0.9198000431060791,
            -0.03985695540904999
        ],
        [
            0.0956602543592453,
            -0.9290162324905396,
            -0.02835017815232277
        ],
        [
            0.09128740429878235,
            -0.9117680788040161,
            -0.04756835103034973
        ],
        [
            0.08509574830532074,
            -0.9142665863037109,
            -0.0580812506377697
        ],
        [
            0.09406709671020508,
            -0.9125032424926758,
            -0.028369233012199402
        ],
        [
            0.09461501240730286,
            -0.9192623496055603,
            -0.015600794926285744
        ],
        [
            0.09342797100543976,
            -0.8760712146759033,
            -0.019094379618763924
        ],
        [
            0.09231706708669662,
            -0.8710273504257202,
            -0.009360626339912415
        ],
        [
            0.09283454716205597,
            -0.8824074268341064,
            -0.009185608476400375
        ],
        [
            0.09245894104242325,
            -0.8847891688346863,
            -0.019514497369527817
        ],
        [
            0.08934324979782104,
            -0.8501783609390259,
            -0.018510399386286736
        ],
        [
            0.08678999543190002,
            -0.8422459363937378,
            -0.029338758438825607
        ],
        [
            0.0842324048280716,
            -0.8323130011558533,
            -0.0202169269323349
        ],
        [
            0.08529032766819,
            -0.839893102645874,
            -0.00919264554977417
        ],
        [
            0.06789955496788025,
            -0.8612133264541626,
            -0.062496401369571686
        ],
        [
            0.07179705798625946,
            -0.8539706468582153,
            -0.05968334153294563
        ],
        [
            0.07556896656751633,
            -0.8601638078689575,
            -0.056972093880176544
        ],
        [
            0.07065282016992569,
            -0.8666602969169617,
            -0.05976930633187294
        ],
        [
            0.06267569959163666,
            -0.8719645738601685,
            -0.07119227945804596
        ],
        [
            0.06243804097175598,
            -0.8770657777786255,
            -0.0673445537686348
        ],
        [
            0.06048784777522087,
            -0.8817487955093384,
            -0.07357033342123032
        ],
        [
            0.06191183254122734,
            -0.8759122490882874,
            -0.07810509949922562
        ],
        [
            0.06265914440155029,
            -0.8565638065338135,
            -0.06506631523370743
        ],
        [
            0.06665542721748352,
            -0.8490391969680786,
            -0.06173517927527428
        ],
        [
            0.06470376253128052,
            -0.8673955202102661,
            -0.06545750796794891
        ],
        [
            0.06354840099811554,
            -0.8630548715591431,
            -0.06862127780914307
        ],
        [
            0.06481461226940155,
            -0.8581936955451965,
            -0.07977622747421265
        ],
        [
            0.06610792875289917,
            -0.8625482320785522,
            -0.07748376578092575
        ],
        [
            0.06601572036743164,
            -0.864243745803833,
            -0.08512798696756363
        ],
        [
            0.06416521966457367,
            -0.8588708639144897,
            -0.08538505434989929
        ],
        [
            0.06327852606773376,
            -0.8563628196716309,
            -0.07029294967651367
        ],
        [
            0.06530840694904327,
            -0.8594147562980652,
            -0.07246239483356476
        ],
        [
            0.06372974067926407,
            -0.8561952114105225,
            -0.0758490338921547
        ],
        [
            0.06070670485496521,
            -0.8539799451828003,
            -0.0736084133386612
        ],
        [
            0.06312648952007294,
            -0.8678503036499023,
            -0.0744875892996788
        ],
        [
            0.06361941993236542,
            -0.870537281036377,
            -0.081874780356884
        ],
        [
            0.0634085088968277,
            -0.8728419542312622,
            -0.0897853672504425
        ],
        [
            0.06524264812469482,
            -0.8645060062408447,
            -0.09325580298900604
        ],
        [
            0.07769080251455307,
            -0.8388710618019104,
            -0.05043022334575653
        ],
        [
            0.07568029314279556,
            -0.8464462757110596,
            -0.055856745690107346
        ],
        [
            0.07054973393678665,
            -0.8422938585281372,
            -0.05826792120933533
        ],
        [
            0.07313134521245956,
            -0.8361009955406189,
            -0.05419816076755524
        ],
        [
            0.060087356716394424,
            -0.8504922986030579,
            -0.07027924805879593
        ],
        [
            0.06236691400408745,
            -0.8341115713119507,
            -0.07024861872196198
        ],
        [
            0.0630168467760086,
            -0.837918758392334,
            -0.06997723877429962
        ],
        [
            0.059453465044498444,
            -0.8396086692810059,
            -0.07608336210250854
        ],
        [
            0.05941278487443924,
            -0.8359625339508057,
            -0.07594680041074753
        ],
        [
            0.07738422602415085,
            -0.8235450387001038,
            -0.041202519088983536
        ],
        [
            0.07392287999391556,
            -0.8233810663223267,
            -0.04771516099572182
        ],
        [
            0.07269170880317688,
            -0.8163402676582336,
            -0.04564565420150757
        ],
        [
            0.07499366998672485,
            -0.8151909708976746,
            -0.038235269486904144
        ],
        [
            0.06983304768800735,
            -0.8108944296836853,
            -0.046015288680791855
        ],
        [
            0.07173223793506622,
            -0.8075090646743774,
            -0.03648834303021431
        ],
        [
            0.06290079653263092,
            -0.7948538064956665,
            -0.041741251945495605
        ],
        [
            0.06730832159519196,
            -0.8003321886062622,
            -0.03874809294939041
        ],
        [
            0.06638585031032562,
            -0.8057538866996765,
            -0.04867478460073471
        ],
        [
            0.06298965215682983,
            -0.8013591766357422,
            -0.05427074432373047
        ],
        [
            0.05632082372903824,
            -0.8073239922523499,
            -0.06732917577028275
        ],
        [
            0.052242740988731384,
            -0.8068076968193054,
            -0.07237063348293304
        ],
        [
            0.05461879447102547,
            -0.7944186329841614,
            -0.06917912513017654
        ],
        [
            0.059015724807977676,
            -0.7971007823944092,
            -0.062299828976392746
        ],
        [
            0.05987775698304176,
            -0.8283827304840088,
            -0.06682678312063217
        ],
        [
            0.061986424028873444,
            -0.8279773592948914,
            -0.06257130205631256
        ],
        [
            0.06335136294364929,
            -0.8295646905899048,
            -0.06436826288700104
        ],
        [
            0.06141938641667366,
            -0.8311736583709717,
            -0.0691031739115715
        ],
        [
            0.06413447111845016,
            -0.8273450136184692,
            -0.05917814373970032
        ],
        [
            0.06518514454364777,
            -0.8269119262695312,
            -0.05776684731245041
        ],
        [
            0.06568056344985962,
            -0.8282873630523682,
            -0.05891270935535431
        ],
        [
            0.06441159546375275,
            -0.8280295133590698,
            -0.05990048497915268
        ],
        [
            0.06298202276229858,
            -0.8278698921203613,
            -0.06129197031259537
        ],
        [
            0.06225615739822388,
            -0.8260006904602051,
            -0.062306202948093414
        ],
        [
            0.06357155740261078,
            -0.8266415596008301,
            -0.06007800251245499
        ],
        [
            0.060467418283224106,
            -0.825597882270813,
            -0.06649786233901978
        ],
        [
            0.05265572667121887,
            -0.8246127367019653,
            -0.07939324527978897
        ],
        [
            0.05565311759710312,
            -0.8249236941337585,
            -0.07621020078659058
        ],
        [
            0.05436219647526741,
            -0.8294721841812134,
            -0.07578762620687485
        ],
        [
            0.05172298103570938,
            -0.829462468624115,
            -0.07837686687707901
        ],
        [
            0.06498569250106812,
            -0.8299722671508789,
            -0.06137454882264137
        ],
        [
            0.06733294576406479,
            -0.8316584825515747,
            -0.059486135840415955
        ],
        [
            0.06592868268489838,
            -0.8348595499992371,
            -0.0640099048614502
        ],
        [
            0.06439760327339172,
            -0.8322067260742188,
            -0.06427478790283203
        ],
        [
            0.06985150277614594,
            -0.8331971168518066,
            -0.05789605900645256
        ],
        [
            0.06746459007263184,
            -0.8292050361633301,
            -0.0572136789560318
        ],
        [
            0.06977540999650955,
            -0.8293653130531311,
            -0.05507785454392433
        ],
        [
            0.06458613276481628,
            -0.8251686692237854,
            -0.05813204497098923
        ],
        [
            0.06615906953811646,
            -0.8231654167175293,
            -0.05562688410282135
        ],
        [
            0.06725145876407623,
            -0.8258846998214722,
            -0.05607005953788757
        ],
        [
            0.06459487974643707,
            -0.8200811147689819,
            -0.05734160542488098
        ],
        [
            0.06303534656763077,
            -0.8234717845916748,
            -0.060452885925769806
        ],
        [
            0.06121750921010971,
            -0.8220362663269043,
            -0.06470019370317459
        ],
        [
            0.0586865209043026,
            -0.8209452033042908,
            -0.07005776464939117
        ],
        [
            0.05906996876001358,
            -0.8158605098724365,
            -0.06648331135511398
        ],
        [
            0.06234193593263626,
            -0.8175219297409058,
            -0.06133890897035599
        ],
        [
            0.06748543679714203,
            -0.8381579518318176,
            -0.06212185323238373
        ],
        [
            0.0699911043047905,
            -0.8247586488723755,
            -0.05235198140144348
        ],
        [
            0.0737474262714386,
            -0.8306293487548828,
            -0.050452571362257004
        ],
        [
            0.06906641274690628,
            -0.8198918104171753,
            -0.05176687240600586
        ],
        [
            0.06698748469352722,
            -0.8155828714370728,
            -0.052902951836586
        ],
        [
            0.06400834023952484,
            -0.8120728731155396,
            -0.05606546625494957
        ],
        [
            0.06033545359969139,
            -0.8093485832214355,
            -0.061743270605802536
        ],
        [
            0.05118756368756294,
            -0.7857377529144287,
            -0.05826829373836517
        ],
        [
            0.057255662977695465,
            -0.7897083759307861,
            -0.0506572350859642
        ],
        [
            0.08147598057985306,
            -0.907311737537384,
            -0.05716337636113167
        ],
        [
            0.08801689743995667,
            -0.9050376415252686,
            -0.05113941803574562
        ],
        [
            0.08541862666606903,
            -0.8973610401153564,
            -0.046740032732486725
        ],
        [
            0.0876343622803688,
            -0.8996303081512451,
            -0.04566007852554321
        ],
        [
            0.08413554728031158,
            -0.9015358686447144,
            -0.05094195529818535
        ],
        [
            0.08286640048027039,
            -0.8991211652755737,
            -0.05053349584341049
        ],
        [
            0.08993164449930191,
            -0.8878072500228882,
            -0.027454044669866562
        ],
        [
            0.08788057416677475,
            -0.890303909778595,
            -0.033691681921482086
        ],
        [
            0.08722226321697235,
            -0.8865905404090881,
            -0.03232443705201149
        ],
        [
            0.09075266122817993,
            -0.8812153339385986,
            -0.02652820199728012
        ],
        [
            0.08332982659339905,
            -0.8802363276481628,
            -0.04260309040546417
        ],
        [
            0.08573942631483078,
            -0.8808674216270447,
            -0.037662263959646225
        ],
        [
            0.08394809812307358,
            -0.8879734873771667,
            -0.041281286627054214
        ],
        [
            0.0822003185749054,
            -0.8874848484992981,
            -0.04494967311620712
        ],
        [
            0.07987065613269806,
            -0.8875464200973511,
            -0.048626575618982315
        ],
        [
            0.0765746608376503,
            -0.8882253766059875,
            -0.05144241824746132
        ],
        [
            0.076165109872818,
            -0.8826442956924438,
            -0.05132467672228813
        ],
        [
            0.07997176051139832,
            -0.8810486793518066,
            -0.04755963012576103
        ],
        [
            0.07892666757106781,
            -0.903441309928894,
            -0.05487234145402908
        ],
        [
            0.07211650907993317,
            -0.9035797119140625,
            -0.05765419453382492
        ],
        [
            0.07264339923858643,
            -0.9003992080688477,
            -0.056563787162303925
        ],
        [
            0.07855254411697388,
            -0.900346040725708,
            -0.05445844680070877
        ],
        [
            0.06078942120075226,
            -0.8949273824691772,
            -0.05700621008872986
        ],
        [
            0.06252692639827728,
            -0.8972963094711304,
            -0.057229042053222656
        ],
        [
            0.05995899811387062,
            -0.8992166519165039,
            -0.059686072170734406
        ],
        [
            0.05843222513794899,
            -0.8947455883026123,
            -0.05961822345852852
        ],
        [
            0.06033153831958771,
            -0.8914265632629395,
            -0.059057459235191345
        ],
        [
            0.06202131509780884,
            -0.8931267261505127,
            -0.05705808475613594
        ],
        [
            0.08398966491222382,
            -0.9599918127059937,
            -0.043264757841825485
        ],
        [
            0.08204692602157593,
            -0.9437471628189087,
            -0.05529553443193436
        ],
        [
            0.09235672652721405,
            -0.9511527419090271,
            -0.027446627616882324
        ],
        [
            0.09559459239244461,
            -0.9385102987289429,
            -0.013238814659416676
        ],
        [
            0.09481391310691833,
            -0.9247255325317383,
            -0.0014512846246361732
        ],
        [
            0.08110757172107697,
            -0.8267034292221069,
            -0.031533315777778625
        ],
        [
            0.07875417917966843,
            -0.8174583911895752,
            -0.025969374924898148
        ],
        [
            0.08095011115074158,
            -0.823196291923523,
            -0.011516911908984184
        ],
        [
            0.07597437500953674,
            -0.8132317066192627,
            -0.008460368029773235
        ],
        [
            0.07427655160427094,
            -0.8074807524681091,
            -0.023862410336732864
        ],
        [
            0.05984979867935181,
            -0.7914297580718994,
            -0.027942214161157608
        ],
        [
            0.06804174184799194,
            -0.7981821298599243,
            -0.02449890971183777
        ],
        [
            0.0679984763264656,
            -0.8041426539421082,
            -0.006025518290698528
        ],
        [
            0.06889048218727112,
            -0.8146212100982666,
            0.011625592596828938
        ],
        [
            0.07599050551652908,
            -0.8215480446815491,
            0.006117017008364201
        ],
        [
            0.06809793412685394,
            -0.8293266296386719,
            0.025371529161930084
        ],
        [
            0.058531954884529114,
            -0.8075319528579712,
            0.019990546628832817
        ],
        [
            0.06138589233160019,
            -0.828148365020752,
            0.03187426179647446
        ],
        [
            0.04640346020460129,
            -0.7736111879348755,
            0.009076857939362526
        ],
        [
            0.04644901677966118,
            -0.7613892555236816,
            0.013011209666728973
        ],
        [
            0.04749199002981186,
            -0.7667933106422424,
            0.030436217784881592
        ],
        [
            0.049416571855545044,
            -0.7786247730255127,
            0.026503287255764008
        ],
        [
            0.08157724887132645,
            -0.8299689292907715,
            -0.00021670572459697723
        ],
        [
            0.09152442216873169,
            -0.8934352397918701,
            -0.00020400712674017996
        ],
        [
            0.09292212873697281,
            -0.8936720490455627,
            -0.01252664066851139
        ],
        [
            0.09085444360971451,
            -0.8801149129867554,
            0.002052001655101776
        ],
        [
            0.09067192673683167,
            -0.9517067670822144,
            0.023153143003582954
        ],
        [
            0.09238391369581223,
            -0.9478244781494141,
            0.003975705709308386
        ],
        [
            0.09470730274915695,
            -0.9309518337249756,
            0.012319082394242287
        ],
        [
            0.0918736457824707,
            -0.93684983253479,
            0.029073357582092285
        ],
        [
            0.07320867478847504,
            -0.9897557497024536,
            0.005027825012803078
        ],
        [
            0.08072448521852493,
            -0.9773486852645874,
            -0.01994827389717102
        ],
        [
            0.08642571419477463,
            -0.9639186859130859,
            -0.008240656927227974
        ],
        [
            0.08286674320697784,
            -0.9737946391105652,
            0.013322120532393456
        ],
        [
            0.08818280696868896,
            -0.9376616477966309,
            0.04187552258372307
        ],
        [
            0.08115275204181671,
            -0.9374769926071167,
            0.059899963438510895
        ],
        [
            0.07546538859605789,
            -0.9538064002990723,
            0.06509768962860107
        ],
        [
            0.0832192599773407,
            -0.9557580947875977,
            0.04337153211236
        ],
        [
            0.06341013312339783,
            -0.9750332832336426,
            0.06787250936031342
        ],
        [
            0.0740414559841156,
            -0.9777690768241882,
            0.041815467178821564
        ],
        [
            0.05322883278131485,
            -0.8140072822570801,
            0.03998605161905289
        ],
        [
            0.05516380816698074,
            -0.8326706886291504,
            0.04359198361635208
        ],
        [
            0.052211686968803406,
            -0.7923963069915771,
            0.021231506019830704
        ],
        [
            0.05041499063372612,
            -0.7980598211288452,
            0.03888879343867302
        ],
        [
            0.04685554653406143,
            -0.9918258190155029,
            0.06530778110027313
        ],
        [
            0.06015235185623169,
            -0.9959398508071899,
            0.03525882959365845
        ],
        [
            0.047894999384880066,
            -0.9150633811950684,
            0.09810639172792435
        ],
        [
            0.0554637685418129,
            -0.9325228929519653,
            0.0925825983285904
        ],
        [
            0.06657066941261292,
            -0.9198415279388428,
            0.07977229356765747
        ],
        [
            0.058975666761398315,
            -0.9057027697563171,
            0.08607092499732971
