{
    "pred_cam": [
        1.35257887840271,
        -0.044708602130413055,
        0.36257031559944153
    ],
    "pred_smpl_params": {
        "global_orient": [
            [
                [
                    0.9300119280815125,
                    -0.050566330552101135,
                    0.3640340566635132
                ],
                [
                    -0.08476947993040085,
                    -0.9932964444160461,
                    0.0785895437002182
                ],
                [
                    0.3576197624206543,
                    -0.1039481982588768,
                    -0.9280640482902527
                ]
            ]
        ],
        "body_pose": [
            [
                [
                    0.9977896213531494,
                    0.015531385317444801,
                    -0.06461077928543091
                ],
                [
                    -0.018091285601258278,
                    0.9990664720535278,
                    -0.039225708693265915
                ],
                [
                    0.06394125521183014,
                    0.040307898074388504,
                    0.9971391558647156
                ]
            ],
            [
                [
                    0.9951831102371216,
                    -0.026259448379278183,
                    -0.0944514349102974
                ],
                [
                    0.026782138273119926,
                    0.9996321797370911,
                    0.004270464181900024
                ],
                [
                    0.09430455416440964,
                    -0.006779506336897612,
                    0.9955203533172607
                ]
            ],
            [
                [
                    0.9969184398651123,
                    0.015003414824604988,
                    0.07699639350175858
                ],
                [
                    -0.010166140273213387,
                    0.9979720711708069,
                    -0.06283629685640335
                ],
                [
                    -0.07778300344944,
                    0.06185991317033768,
                    0.9950492978096008
                ]
            ],
            [
                [
                    0.9378781318664551,
                    -0.19702991843223572,
                    -0.2855939567089081
                ],
                [
                    -0.04192955046892166,
                    0.7527262568473816,
                    -0.65699702501297
                ],
                [
                    0.3444221317768097,
                    0.628157913684845,
                    0.6977041363716125
                ]
            ],
            [
                [
                    0.9772933125495911,
                    -0.12988656759262085,
                    0.167413592338562
                ],
                [
                    0.20883993804454803,
                    0.7240397930145264,
                    -0.6573829054832458
                ],
                [
                    -0.03582888841629028,
                    0.6774185299873352,
                    0.734724760055542
                ]
            ],
            [
                [
                    0.9921550750732422,
                    0.0747285708785057,
                    0.10021991282701492
                ],
                [
                    -0.08828329294919968,
                    0.9864251613616943,
                    0.1384611576795578
                ],
                [
                    -0.08851243555545807,
                    -0.14622266590595245,
                    0.9852840304374695
                ]
            ],
            [
                [
                    0.9058013558387756,
                    0.10729885846376419,
                    0.409891277551651
                ],
                [
                    -0.1433844268321991,
                    0.987951934337616,
                    0.05823906883597374
                ],
                [
                    -0.398703932762146,
                    -0.11152505874633789,
                    0.9102731943130493
                ]
            ],
            [
                [
                    0.9276232123374939,
                    -0.0229999590665102,
                    -0.3728085458278656
                ],
                [
                    0.06665647029876709,
                    0.9922740459442139,
                    0.10463773459196091
                ],
                [
                    0.36752161383628845,
                    -0.12191449850797653,
                    0.9219895601272583
                ]
            ],
            [
                [
                    0.9944926500320435,
                    0.04801490157842636,
                    0.09316086769104004
                ],
                [
                    -0.04711046442389488,
                    0.9988189935684204,
                    -0.01188459899276495
                ],
                [
                    -0.09362147748470306,
                    0.0074302940629422665,
                    0.9955801367759705
                ]
            ],
            [
                [
                    0.9321597814559937,
                    -0.21534767746925354,
                    -0.2910386621952057
                ],
                [
                    0.24880993366241455,
                    0.9650001525878906,
                    0.08287592232227325
                ],
                [
                    0.26300516724586487,
                    -0.1496669203042984,
                    0.9531149864196777
                ]
            ],
            [
                [
                    0.9896373152732849,
                    0.09815419465303421,
                    0.10480330884456635
                ],
                [
                    -0.10680903494358063,
                    0.9910210967063904,
                    0.08042997121810913
                ],
                [
                    -0.09596775472164154,
                    -0.09079043567180634,
                    0.9912351965904236
                ]
            ],
            [
                [
                    0.9893584251403809,
                    0.0521843247115612,
                    -0.1358192265033722
                ],
                [
                    -0.0429593101143837,
                    0.9966223239898682,
                    0.069989413022995
                ],
                [
                    0.13901281356811523,
                    -0.06340990960597992,
                    0.9882584810256958
                ]
            ],
            [
                [
                    0.986691951751709,
                    -0.12652833759784698,
                    0.10212535411119461
                ],
                [
                    0.10909094661474228,
                    0.9808652400970459,
                    0.16125346720218658
                ],
                [
                    -0.12057432532310486,
                    -0.14796654880046844,
                    0.9816149473190308
                ]
            ],
            [
                [
                    0.9822674989700317,
                    0.1776779741048813,
                    0.059842631220817566
                ],
                [
                    -0.1846684366464615,
                    0.9720208644866943,
                    0.14516541361808777
                ],
                [
                    -0.03237558901309967,
                    -0.15364231169223785,
                    0.9875960350036621
                ]
            ],
            [
                [
                    0.9985705018043518,
                    0.011791669763624668,
                    -0.05213377997279167
                ],
                [
                    -0.02084427885711193,
                    0.9840478897094727,
                    -0.17667871713638306
                ],
                [
                    0.0492187961935997,
                    0.17751283943653107,
                    0.9828869700431824
                ]
            ],
            [
                [
                    0.998308002948761,
                    0.056368011981248856,
                    -0.014272931963205338
                ],
                [
                    -0.05595197156071663,
                    0.9980396628379822,
                    0.02803720347583294
                ],
                [
                    0.01582535356283188,
                    -0.027191167697310448,
                    0.9995048642158508
                ]
            ],
            [
                [
                    0.9818302392959595,
                    -0.04108605161309242,
                    0.18526023626327515
                ],
                [
                    -0.0319008007645607,
                    0.9266484379768372,
                    0.3745732009410858
                ],
                [
                    -0.18706083297729492,
                    -0.37367722392082214,
                    0.9085007905960083
                ]
            ],
            [
                [
                    0.36544930934906006,
                    -0.13325732946395874,
                    -0.92124342918396
                ],
                [
                    0.23766915500164032,
                    0.9702532887458801,
                    -0.046065282076597214
                ],
                [
                    0.8999779224395752,
                    -0.20211660861968994,
                    0.3862495422363281
                ]
            ],
            [
                [
                    0.8898093700408936,
                    0.08795870095491409,
                    0.4477750360965729
                ],
                [
                    -0.23989596962928772,
                    0.9248798489570618,
                    0.29503756761550903
                ],
                [
                    -0.3881869614124298,
                    -0.3699466586112976,
                    0.8440676927566528
                ]
            ],
            [
                [
                    0.9855520129203796,
                    -0.07960111647844315,
                    -0.14950212836265564
                ],
                [
                    0.08287100493907928,
                    0.9964355826377869,
                    0.015760935842990875
                ],
                [
                    0.14771467447280884,
                    -0.02792261354625225,
                    0.9886357188224792
                ]
            ],
            [
                [
                    0.988701343536377,
                    0.11161592602729797,
                    0.10005782544612885
                ],
                [
                    -0.09540558606386185,
                    0.9834105372428894,
                    -0.1542772799730301
                ],
                [
                    -0.11561772227287292,
                    0.14298807084560394,
                    0.9829481244087219
                ]
            ],
            [
                [
                    0.9980003833770752,
                    0.0631435289978981,
                    0.002844246570020914
                ],
                [
                    -0.06318876147270203,
                    0.9977905750274658,
                    0.02052105963230133
                ],
                [
                    -0.0015421898569911718,
                    -0.02065975032746792,
                    0.9997853636741638
                ]
            ],
            [
                [
                    0.9964845776557922,
                    -0.07580239325761795,
                    -0.035672493278980255
                ],
                [
                    0.07779069989919662,
                    0.995274543762207,
                    0.05811331793665886
                ],
                [
                    0.03109879605472088,
                    -0.06068401038646698,
                    0.997672438621521
                ]
            ]
        ],
        "betas": [
            -0.10559451580047607,
            -0.07459253072738647,
            0.3044753968715668,
            0.2722180187702179,
            0.11641421914100647,
            -0.01601358875632286,
            0.006847977638244629,
            -0.03151881694793701,
            0.0006400495767593384,
            -0.06852227449417114
        ]
    },
    "pred_cam_t": [
        -0.044708602130413055,
        0.36257031559944153,
        28.880016326904297
    ],
    "focal_length": [
        5000.0,
        5000.0
    ],
    "pred_keypoints_3d": [
        [
            0.056652866303920746,
            -0.859553337097168,
            -0.09162896126508713
        ],
        [
            -0.02268385700881481,
            -0.7400422096252441,
            0.039468031376600266
        ],
        [
            -0.1627790629863739,
            -0.6994475722312927,
            -0.056899018585681915
        ],
        [
            -0.33318305015563965,
            -0.7495732307434082,
            -0.23529526591300964
        ],
        [
            -0.4188002645969391,
            -0.9094555377960205,
            -0.41036105155944824
        ],
        [
            0.10002169758081436,
            -0.6781262159347534,
            0.14887620508670807
        ],
        [
            0.27367207407951355,
            -0.6646125316619873,
            0.33915770053863525
        ],
        [
            0.47537535429000854,
            -0.7719007730484009,
            0.24784645438194275
        ],
        [
            -0.0018055806867778301,
            -0.2264477163553238,
            0.02829679287970066
        ],
        [
            -0.06195046752691269,
            -0.13087144494056702,
            0.017442388460040092
        ],
        [
            -0.07091375440359116,
            0.24676936864852905,
            0.056526072323322296
        ],
        [
            -0.07625401020050049,
            0.46711769700050354,
            0.3845057189464569
        ],
        [
            0.0652456134557724,
            -0.14182895421981812,
            0.06913328915834427
        ],
        [
            0.10348737239837646,
            0.22227585315704346,
            0.1338007152080536
        ],
        [
            0.09674926102161407,
            0.4462728500366211,
            0.4587244689464569
        ],
        [
            0.014751631766557693,
            -0.9013329744338989,
            -0.07188477367162704
        ],
        [
            0.07485392689704895,
            -0.8954421281814575,
            -0.04468490928411484
        ],
        [
            -0.06505859643220901,
            -0.8848003149032593,
            -0.003672901540994644
        ],
        [
            0.06845711171627045,
            -0.8731316924095154,
            0.055384956300258636
        ],
        [
            0.1398998498916626,
            0.6140964031219482,
            0.36822882294654846
        ],
        [
            0.19703634083271027,
            0.5749973654747009,
            0.4167306423187256
        ],
        [
            0.08954493701457977,
            0.4290274977684021,
            0.5301017761230469
        ],
        [
            -0.04616948962211609,
            0.6337777376174927,
            0.28178858757019043
        ],
        [
            -0.12325543165206909,
            0.6137901544570923,
            0.31552115082740784
        ],
        [
            -0.09061437845230103,
            0.46187686920166016,
            0.45964935421943665
        ],
        [
            -0.103545181453228,
            0.4196751117706299,
            0.36446160078048706
        ],
        [
            -0.07285284250974655,
            0.19099022448062897,
            0.03724373131990433
        ],
        [
            -0.14193300902843475,
            -0.24348214268684387,
            -0.021408837288618088
        ],
        [
            0.12723533809185028,
            -0.2544843852519989,
            0.09591981023550034
        ],
        [
            0.11550123244524002,
            0.18550553917884827,
            0.12571324408054352
        ],
        [
            0.10056490451097488,
            0.4041837453842163,
            0.45428481698036194
        ],
        [
            -0.3853391110897064,
            -0.9175170660018921,
            -0.39457768201828003
        ],
        [
            -0.33689597249031067,
            -0.7730253338813782,
            -0.2114161252975464
        ],
        [
            -0.14062419533729553,
            -0.7226837873458862,
            -0.032428447157144547
        ],
        [
            0.07606681436300278,
            -0.7048310041427612,
            0.13650017976760864
        ],
        [
            0.25861677527427673,
            -0.70732581615448,
            0.32394516468048096
        ],
        [
            0.4523024559020996,
            -0.7788290977478027,
            0.24163919687271118
        ],
        [
            -0.023351553827524185,
            -0.743832528591156,
            0.04888664186000824
        ],
        [
            0.015537328086793423,
            -0.9315483570098877,
            0.0186578668653965
        ],
        [
            -0.00721843121573329,
            -0.24909907579421997,
            0.03813573345541954
        ],
        [
            -0.02880341373383999,
            -0.7049064636230469,
            0.04964985325932503
        ],
        [
            -0.025919713079929352,
            -0.501653254032135,
            0.02427712455391884
        ],
        [
            0.028852343559265137,
            -0.8270785212516785,
            -0.022493435069918633
        ],
        [
            0.00895988941192627,
            -0.9503333568572998,
            0.02610069140791893
        ]
    ],
    "pred_vertices": [
        [
            0.08831240236759186,
            -0.9394716620445251,
            -0.03521588072180748
        ],
        [
            0.0842544287443161,
            -0.9267122745513916,
            -0.04440511390566826
        ],
        [
            0.09021587669849396,
            -0.9212906360626221,
            -0.0326668918132782
        ],
        [
            0.09290292114019394,
            -0.9302997589111328,
            -0.02092416025698185
        ],
        [
            0.08896632492542267,
            -0.9134292602539062,
            -0.04054979607462883
        ],
        [
            0.08298902213573456,
            -0.9160979986190796,
            -0.05114320293068886
        ],
        [
            0.09132607281208038,
            -0.9138073921203613,
            -0.021293343976140022
        ],
        [
            0.09163488447666168,
            -0.9202837944030762,
            -0.008401746861636639
        ],
        [
            0.09055779874324799,
            -0.8772405385971069,
            -0.012748964130878448
        ],
        [
            0.08925950527191162,
            -0.8720178604125977,
            -0.003147698938846588
        ],
        [
            0.08974121510982513,
            -0.8834099769592285,
            -0.0027468204498291016
        ],
        [
            0.08958343416452408,
            -0.8859596848487854,
            -0.013022476807236671
        ],
        [
            0.0865289568901062,
            -0.8513445854187012,
            -0.012759113684296608
        ],
        [
            0.08421997725963593,
            -0.8436148762702942,
            -0.023791786283254623
        ],
        [
            0.08149382472038269,
            -0.8335204124450684,
            -0.0149310901761055
        ],
        [
            0.08230043202638626,
            -0.8408993482589722,
            -0.0037392834201455116
        ],
        [
            0.06602131575345993,
            -0.8631388545036316,
            -0.05696116387844086
        ],
        [
            0.06986706703901291,
            -0.8558638095855713,
            -0.05420219153165817
        ],
        [
            0.07355444133281708,
            -0.8620069026947021,
            -0.051285091787576675
        ],
        [
            0.06869733333587646,
            -0.868538498878479,
            -0.05407048016786575
        ],
        [
            0.06096455454826355,
            -0.874030590057373,
            -0.06556666642427444
        ],
        [
            0.06063918024301529,
            -0.8790574073791504,
            -0.061625923961400986
        ],
        [
            0.05882759764790535,
            -0.8838491439819336,
            -0.06780437380075455
        ],
        [
            0.06035051867365837,
            -0.8780990839004517,
            -0.07242163270711899
        ],
        [
            0.06086167320609093,
            -0.8585289716720581,
            -0.05975201353430748
        ],
        [
            0.06479991972446442,
            -0.8509603142738342,
            -0.056477271020412445
        ],
        [
            0.0628843903541565,
            -0.869368314743042,
            -0.059875406324863434
        ],
        [
            0.06178729608654976,
            -0.8650789260864258,
            -0.06315559893846512
        ],
        [
            0.06332843005657196,
            -0.86042320728302,
            -0.0743708685040474
        ],
        [
            0.06455113738775253,
            -0.8647363781929016,
            -0.07196752727031708
        ],
        [
            0.0646214485168457,
            -0.8665726184844971,
            -0.0795806273818016
        ],
        [
            0.06279812753200531,
            -0.8612078428268433,
            -0.07998252660036087
        ],
        [
            0.06157863885164261,
            -0.8584184646606445,
            -0.06496062129735947
        ],
        [
            0.06364181637763977,
            -0.8615124225616455,
            -0.06702296435832977
        ],
        [
            0.062154851853847504,
            -0.8583506345748901,
            -0.0705065131187439
        ],
        [
            0.05910269916057587,
            -0.8560870885848999,
            -0.06837764382362366
        ],
        [
            0.061489176005125046,
            -0.8699742555618286,
            -0.0689358115196228
        ],
        [
            0.062145497649908066,
            -0.8727967739105225,
            -0.07626008242368698
        ],
        [
            0.06210286170244217,
            -0.8752431869506836,
            -0.084128238260746
        ],
        [
            0.06401599943637848,
            -0.8669742345809937,
            -0.08771053701639175
        ],
        [
            0.07559703290462494,
            -0.8406174778938293,
            -0.04512367025017738
        ],
        [
            0.07367490231990814,
            -0.8482815027236938,
            -0.05044145882129669
        ],
        [
            0.0686282366514206,
            -0.8441610336303711,
            -0.05306136608123779
        ],
        [
            0.07113336026668549,
            -0.8379015922546387,
            -0.04905467852950096
        ],
        [
            0.05840836092829704,
            -0.8525433540344238,
            -0.06512939929962158
        ],
        [
            0.06071906164288521,
            -0.8361798524856567,
            -0.06536528468132019
        ],
        [
            0.0613536611199379,
            -0.8399837613105774,
            -0.06500677764415741
        ],
        [
            0.05792330577969551,
            -0.8417775630950928,
            -0.071150042116642
        ],
        [
            0.05788535624742508,
            -0.8381284475326538,
            -0.07108325511217117
        ],
        [
            0.0751257985830307,
            -0.8251252174377441,
            -0.03621111437678337
        ],
        [
            0.07181864976882935,
            -0.8250695466995239,
            -0.042799632996320724
        ],
        [
            0.0705595314502716,
            -0.8179939389228821,
            -0.04089085012674332
        ],
        [
            0.07270057499408722,
            -0.8167194128036499,
            -0.03345007449388504
        ],
        [
            0.06773481518030167,
            -0.812554121017456,
            -0.041403643786907196
        ],
        [
            0.06943079829216003,
            -0.8090065717697144,
            -0.03191293030977249
        ],
        [
            0.06075219064950943,
            -0.7964208126068115,
            -0.0375935435295105
        ],
        [
            0.06507515162229538,
            -0.8018652200698853,
            -0.03439828380942345
        ],
        [
            0.06436143070459366,
            -0.8074524402618408,
            -0.04423094540834427
        ],
        [
            0.061099011451005936,
            -0.8031469583511353,
            -0.04997261241078377
        ],
        [
            0.05469624698162079,
            -0.809334397315979,
            -0.06307131052017212
        ],
        [
            0.05073046311736107,
            -0.8089061975479126,
            -0.06820423156023026
        ],
        [
            0.05305818095803261,
            -0.796464204788208,
            -0.0651930719614029
        ],
        [
            0.05731426924467087,
            -0.7990305423736572,
            -0.058157797902822495
        ],
        [
            0.05819854512810707,
            -0.8303881883621216,
            -0.062109824270009995
        ],
        [
            0.06021657958626747,
            -0.8299009799957275,
            -0.057825591415166855
        ],
        [
            0.06160951405763626,
            -0.8315280675888062,
            -0.05955944210290909
        ],
        [
            0.05977284163236618,
            -0.8332226276397705,
            -0.06429978460073471
        ],
        [
            0.062294382601976395,
            -0.8292075395584106,
            -0.054401300847530365
        ],
        [
            0.06331416964530945,
            -0.828751802444458,
            -0.05297822505235672
        ],
        [
            0.06382597982883453,
            -0.8301528692245483,
            -0.05408414825797081
        ],
        [
            0.06258182227611542,
            -0.8299046754837036,
            -0.055105555802583694
        ],
        [
            0.061186324805021286,
            -0.8297690153121948,
            -0.05652782320976257
        ],
        [
            0.06048630550503731,
            -0.8279179930686951,
            -0.05759015679359436
        ],
        [
            0.06175598129630089,
            -0.828519880771637,
            -0.05532454326748848
        ],
        [
            0.058789853006601334,
            -0.8275911808013916,
            -0.06182228773832321
        ],
        [
            0.05124010145664215,
            -0.8268391489982605,
            -0.07488074153661728
        ],
        [
            0.05418736860156059,
            -0.8270965218544006,
            -0.07163776457309723
        ],
        [
            0.05286824330687523,
            -0.8316366076469421,
            -0.07115080207586288
        ],
        [
            0.05026881396770477,
            -0.8316665887832642,
            -0.07378935813903809
        ],
        [
            0.06316351890563965,
            -0.831877589225769,
            -0.05652875825762749
        ],
        [
            0.06547476351261139,
            -0.8335447311401367,
            -0.05455399304628372
        ],
        [
            0.06416083872318268,
            -0.8368232250213623,
            -0.059043560177087784
        ],
        [
            0.06264740228652954,
            -0.8341728448867798,
            -0.059392888098955154
        ],
        [
            0.0679493248462677,
            -0.8350605964660645,
            -0.05287677049636841
        ],
        [
            0.0655672550201416,
            -0.8310425281524658,
            -0.05232929810881615
        ],
        [
            0.06781433522701263,
            -0.831169605255127,
            -0.05013563111424446
        ],
        [
            0.06273120641708374,
            -0.8270140886306763,
            -0.053388919681310654
        ],
        [
            0.06425055861473083,
            -0.8249714970588684,
            -0.05088859423995018
        ],
        [
            0.06534138321876526,
            -0.8276991844177246,
            -0.05125528946518898
        ],
        [
            0.06272955238819122,
            -0.8219192028045654,
            -0.05268711969256401
        ],
        [
            0.06123041734099388,
            -0.8253591060638428,
            -0.05576464533805847
        ],
        [
            0.05950721353292465,
            -0.8240002393722534,
            -0.06007137894630432
        ],
        [
            0.05709687992930412,
            -0.8230059146881104,
            -0.06549736112356186
        ],
        [
            0.05741170421242714,
            -0.8178561925888062,
            -0.06200944632291794
        ],
        [
            0.060564812272787094,
            -0.8194305896759033,
            -0.05676935613155365
        ],
        [
            0.06564715504646301,
            -0.8400880098342896,
            -0.057056065648794174
        ],
        [
            0.06799562275409698,
            -0.826513946056366,
            -0.04750194400548935
        ],
        [
            0.07168450951576233,
            -0.8323616981506348,
            -0.04540015384554863
        ],
        [
            0.06707227230072021,
            -0.8216381072998047,
            -0.047027893364429474
        ],
        [
            0.0650298222899437,
            -0.8173494338989258,
            -0.048282332718372345
        ],
        [
            0.062134142965078354,
            -0.8138980269432068,
            -0.05154979228973389
        ],
        [
            0.05858089402318001,
            -0.8112634420394897,
            -0.057363808155059814
        ],
        [
            0.04941420629620552,
            -0.7875912189483643,
            -0.05452341586351395
        ],
        [
            0.055319130420684814,
            -0.7914317846298218,
            -0.04670165479183197
        ],
        [
            0.07936619967222214,
            -0.9091488122940063,
            -0.05042305961251259
        ],
        [
            0.08577361702919006,
            -0.9067850112915039,
            -0.04430515691637993
        ],
        [
            0.08310677856206894,
            -0.8990210294723511,
            -0.04013388603925705
        ],
        [
            0.08530306071043015,
            -0.9012889862060547,
            -0.03894878178834915
        ],
        [
            0.08189506083726883,
            -0.9032695293426514,
            -0.04426531493663788
        ],
        [
            0.08064734190702438,
            -0.9008284211158752,
            -0.04395613819360733
        ],
        [
            0.08722653239965439,
            -0.889110803604126,
            -0.020961366593837738
        ],
        [
            0.08530840277671814,
            -0.8917202949523926,
            -0.027189431712031364
        ],
        [
            0.0846211388707161,
            -0.8879801630973816,
            -0.02590968646109104
        ],
        [
            0.08802632987499237,
            -0.8825045824050903,
            -0.02014634758234024
        ],
        [
            0.08095788955688477,
            -0.8818024396896362,
            -0.03638548403978348
        ],
        [
            0.08326107263565063,
            -0.8823519945144653,
            -0.03138010576367378
        ],
        [
            0.08154331147670746,
            -0.8895131349563599,
            -0.03490239754319191
        ],
        [
            0.07987762987613678,
            -0.8890902996063232,
            -0.038615789264440536
        ],
        [
            0.07762331515550613,
            -0.8892141580581665,
            -0.04233238101005554
        ],
        [
            0.0743916928768158,
            -0.8899381160736084,
            -0.04520317167043686
        ],
        [
            0.07398277521133423,
            -0.8843567371368408,
            -0.04520440101623535
        ],
        [
            0.07770805060863495,
            -0.8826994895935059,
            -0.04138972982764244
        ],
        [
            0.07678863406181335,
            -0.9052279591560364,
            -0.048274777829647064
        ],
        [
            0.07005208730697632,
            -0.9054015278816223,
            -0.051204487681388855
        ],
        [
            0.07056479901075363,
            -0.9021923542022705,
            -0.050177522003650665
        ],
        [
            0.07641489803791046,
            -0.9021078944206238,
            -0.047943465411663055
        ],
        [
            0.05873142555356026,
            -0.8967071771621704,
            -0.05098504200577736
        ],
        [
            0.06047135964035988,
            -0.8990806341171265,
            -0.05112967640161514
        ],
        [
            0.05795972794294357,
            -0.9010401368141174,
            -0.05360560491681099
        ],
        [
            0.056441668421030045,
            -0.8965677618980408,
            -0.05365575850009918
        ],
        [
            0.058322034776210785,
            -0.8932440280914307,
            -0.05311688035726547
        ],
        [
            0.05996131896972656,
            -0.8949088454246521,
            -0.051050130277872086
        ],
        [
            0.0815219134092331,
            -0.9614761471748352,
            -0.035512372851371765
        ],
        [
            0.07983127236366272,
            -0.9455161094665527,
            -0.04787745326757431
        ],
        [
            0.08953201770782471,
            -0.9523548483848572,
            -0.019668392837047577
        ],
        [
            0.09250665456056595,
            -0.939467191696167,
            -0.005655024200677872
        ],
        [
            0.09158368408679962,
            -0.9254605770111084,
            0.005826028995215893
        ],
        [
            0.07863157987594604,
            -0.8281130790710449,
            -0.026413429528474808
        ],
        [
            0.07617870718240738,
            -0.818771481513977,
            -0.021076597273349762
        ],
        [
            0.07804743945598602,
            -0.8242418766021729,
            -0.0064867231994867325
        ],
        [
            0.0730319395661354,
            -0.8142219185829163,
            -0.003720168024301529
        ],
        [
            0.07168704271316528,
            -0.8087596893310547,
            -0.019250495359301567
        ],
        [
            0.057409241795539856,
            -0.7927786111831665,
            -0.02392354980111122
        ],
        [
            0.06549778580665588,
            -0.7994837760925293,
            -0.020192813128232956
        ],
        [
            0.06503599882125854,
            -0.8050858378410339,
            -0.001629360020160675
        ],
        [
            0.06549964845180511,
            -0.8152409791946411,
            0.016216641291975975
        ],
        [
            0.07269982993602753,
            -0.8222754001617432,
            0.01101185753941536
        ],
        [
            0.06433653086423874,
            -0.8296663761138916,
            0.030214820057153702
        ],
        [
            0.054966654628515244,
            -0.8080229759216309,
            0.02419262006878853
        ],
        [
            0.05748584121465683,
            -0.8283786773681641,
            0.0365334153175354
        ],
        [
            0.04311280697584152,
            -0.774290919303894,
            0.012403663247823715
        ],
        [
            0.04311848431825638,
            -0.7619916200637817,
            0.016116837039589882
        ],
        [
            0.04390718787908554,
            -0.7670917510986328,
            0.033607758581638336
        ],
        [
            0.0458272285759449,
            -0.778997004032135,
            0.02993602864444256
        ],
        [
            0.07840660214424133,
            -0.8308237791061401,
            0.00495365634560585
        ],
        [
            0.08825726807117462,
            -0.8942396640777588,
            0.00638648122549057
        ],
        [
            0.089881032705307,
            -0.8947287201881409,
            -0.005860578268766403
        ],
        [
            0.08751170337200165,
            -0.8808848857879639,
            0.008400404825806618
        ],
        [
            0.08682481199502945,
            -0.9519168138504028,
            0.03079419955611229
        ],
        [
            0.08902647346258163,
            -0.9484344720840454,
            0.01165024470537901
        ],
        [
            0.09115897864103317,
            -0.9314413666725159,
            0.019696857780218124
        ],
        [
            0.08793379366397858,
            -0.9369821548461914,
            0.036470964550971985
        ],
        [
            0.06966503709554672,
            -0.990227222442627,
            0.013063590973615646
        ],
        [
            0.07773447781801224,
            -0.978348970413208,
            -0.011959735304117203
        ],
        [
            0.08325125277042389,
            -0.9647247791290283,
            -0.0003890546504408121
        ],
        [
            0.07916079461574554,
            -0.9741350412368774,
            0.021229563280940056
        ],
        [
            0.08398035168647766,
            -0.9375386834144592,
            0.049226563423871994
        ],
        [
            0.07653527706861496,
            -0.9370012283325195,
            0.06702200323343277
        ],
        [
            0.07073263823986053,
            -0.9532167315483093,
            0.07240981608629227
        ],
        [
            0.07896380126476288,
            -0.9555858969688416,
            0.050929173827171326
        ],
        [
            0.05854306370019913,
            -0.9743372797966003,
            0.07526900619268417
        ],
        [
            0.06974051892757416,
            -0.977562427520752,
            0.0495525561273098
        ],
        [
            0.049255698919296265,
            -0.8141283988952637,
            0.044201381504535675
        ],
        [
            0.05105181410908699,
            -0.8326208591461182,
            0.04817449301481247
        ],
        [
            0.048647623509168625,
            -0.7928696870803833,
            0.024990227073431015
        ],
        [
            0.04655870795249939,
            -0.7982078790664673,
            0.04271616041660309
        ],
        [
            0.042025819420814514,
            -0.9911214113235474,
            0.07270219922065735
        ],
        [
            0.05595990642905235,
            -0.9958298802375793,
            0.04308634623885155
        ],
        [
            0.04256593436002731,
            -0.9138425588607788,
            0.10399463772773743
        ],
        [
            0.05022133141756058,
            -0.9314060211181641,
            0.09902089834213257
        ],
        [
            0.06157202273607254,
            -0.9189894199371338,
            0.08622270077466965
        ],
        [
            0.053858473896980286,
            -0.9046978950500488,
            0.09205642342567444
