{
    "pred_cam": [
        1.3358325958251953,
        -0.03583039343357086,
        0.35388699173927307
    ],
    "pred_smpl_params": {
        "global_orient": [
            [
                [
                    0.9072558283805847,
                    -0.05354851111769676,
                    0.4171564280986786
                ],
                [
                    -0.09145067632198334,
                    -0.9932470917701721,
                    0.07139351218938828
                ],
                [
                    0.4105163812637329,
                    -0.10292141884565353,
                    -0.9060262441635132
                ]
            ]
        ],
        "body_pose": [
            [
                [
                    0.9977121949195862,
                    0.0027361372485756874,
                    -0.06755010038614273
                ],
                [
                    -0.006909595336765051,
                    0.9980754256248474,
                    -0.06162714213132858
                ],
                [
                    0.06725145876407623,
                    0.06195288896560669,
                    0.9958109259605408
                ]
            ],
            [
                [
                    0.9930436015129089,
                    -0.03550569340586662,
                    -0.11226638406515121
                ],
                [
                    0.03397724777460098,
                    0.9993024468421936,
                    -0.015499135479331017
                ],
                [
                    0.11273837089538574,
                    0.011576814576983452,
                    0.9935572743415833
                ]
            ],
            [
                [
                    0.9946478605270386,
                    0.03185475990176201,
                    0.09829001873731613
                ],
                [
                    -0.026412975043058395,
                    0.9980713725090027,
                    -0.05617790296673775
                ],
                [
                    -0.09988997876644135,
                    0.05328109860420227,
                    0.9935709238052368
                ]
            ],
            [
                [
                    0.9369235038757324,
                    -0.20536568760871887,
                    -0.28284165263175964
                ],
                [
                    -0.0479133240878582,
                    0.7260980010032654,
                    -0.6859198212623596
                ],
                [
                    0.34623512625694275,
                    0.6562061905860901,
                    0.6704585552215576
                ]
            ],
            [
                [
                    0.9778127074241638,
                    -0.14483533799648285,
                    0.15134425461292267
                ],
                [
                    0.20867027342319489,
                    0.7369503974914551,
                    -0.6429314613342285
                ],
                [
                    -0.01841401867568493,
                    0.6602475643157959,
                    0.7508223056793213
                ]
            ],
            [
                [
                    0.9919996857643127,
                    0.06722207367420197,
                    0.1068539172410965
                ],
                [
                    -0.07964219152927399,
                    0.9899837970733643,
                    0.11657286435365677
                ],
                [
                    -0.0979473739862442,
                    -0.1241503357887268,
                    0.9874173402786255
                ]
            ],
            [
                [
                    0.9178662300109863,
                    0.08133906871080399,
                    0.3884657323360443
                ],
                [
                    -0.11546092480421066,
                    0.9911649227142334,
                    0.06527531892061234
                ],
                [
                    -0.3797242045402527,
                    -0.1047666072845459,
                    0.9191482663154602
                ]
            ],
            [
                [
                    0.9361715912818909,
                    -0.023819252848625183,
                    -0.3507353365421295
                ],
                [
                    0.05561283975839615,
                    0.9951731562614441,
                    0.08085539191961288
                ],
                [
                    0.34711650013923645,
                    -0.09519990533590317,
                    0.9329774975776672
                ]
            ],
            [
                [
                    0.993595540523529,
                    0.04133833572268486,
                    0.10516251623630524
                ],
                [
                    -0.03979484736919403,
                    0.9990677833557129,
                    -0.01673423871397972
                ],
                [
                    -0.1057562381029129,
                    0.01244213618338108,
                    0.9943143725395203
                ]
            ],
            [
                [
                    0.9489346146583557,
                    -0.17376254498958588,
                    -0.2633053958415985
                ],
                [
                    0.20989468693733215,
                    0.9708473682403564,
                    0.11575686931610107
                ],
                [
                    0.23551514744758606,
                    -0.16511209309101105,
                    0.9577425122261047
                ]
            ],
            [
                [
                    0.9915276169776917,
                    0.09356879442930222,
                    0.09009958803653717
                ],
                [
                    -0.10224155336618423,
                    0.9900180697441101,
                    0.09700930118560791
                ],
                [
                    -0.0801231786608696,
                    -0.10539931058883667,
                    0.991196870803833
                ]
            ],
            [
                [
                    0.9767621755599976,
                    0.061093881726264954,
                    -0.20543421804904938
                ],
                [
                    -0.041560761630535126,
                    0.9943093061447144,
                    0.09809093922376633
                ],
                [
                    0.210257887840271,
                    -0.08727351576089859,
                    0.9737428426742554
                ]
            ],
            [
                [
                    0.9948556423187256,
                    -0.0705433115363121,
                    0.07270374149084091
                ],
                [
                    0.06071244925260544,
                    0.9897145628929138,
                    0.1295340657234192
                ],
                [
                    -0.08109371364116669,
                    -0.12445367872714996,
                    0.9889059662818909
                ]
            ],
            [
                [
                    0.9923160076141357,
                    0.10331813246011734,
                    0.06807547062635422
                ],
                [
                    -0.10827990621328354,
                    0.9913814067840576,
                    0.07374458014965057
                ],
                [
                    -0.05986960604786873,
                    -0.08054913580417633,
                    0.9949508905410767
                ]
            ],
            [
                [
                    0.9941197633743286,
                    -0.025034505873918533,
                    -0.10535254329442978
                ],
                [
                    0.005253936164081097,
                    0.9829142093658447,
                    -0.18398909270763397
                ],
                [
                    0.10815859586000443,
                    0.1823536902666092,
                    0.9772659540176392
                ]
            ],
            [
                [
                    0.9784771800041199,
                    0.18411077558994293,
                    -0.0931968167424202
                ],
                [
                    -0.18434147536754608,
                    0.9828426837921143,
                    0.006201828829944134
                ],
                [
                    0.09273963421583176,
                    0.011111692525446415,
                    0.9956284165382385
                ]
            ],
            [
                [
                    0.968662440776825,
                    -0.22925469279289246,
                    0.09557924419641495
                ],
                [
                    0.1965581476688385,
                    0.9427847862243652,
                    0.2692987024784088
                ],
                [
                    -0.15184864401817322,
                    -0.2420726716518402,
                    0.9583020806312561
                ]
            ],
            [
                [
                    0.4408497214317322,
                    -0.14976173639297485,
                    -0.8849988579750061
                ],
                [
                    0.18884004652500153,
                    0.9793893098831177,
                    -0.07166671007871628
                ],
                [
                    0.877491295337677,
                    -0.13552898168563843,
                    0.4600445032119751
                ]
            ],
            [
                [
                    0.9389229416847229,
                    0.07186833024024963,
                    0.336539089679718
                ],
                [
                    -0.13136598467826843,
                    0.9787439107894897,
                    0.15749093890190125
                ],
                [
                    -0.31806695461273193,
                    -0.19208167493343353,
                    0.9284061789512634
                ]
            ],
            [
                [
                    0.9902285933494568,
                    -0.08895345032215118,
                    -0.10739865899085999
                ],
                [
                    0.08731365948915482,
                    0.9959824085235596,
                    -0.01988484151661396
                ],
                [
                    0.10873599350452423,
                    0.010313172824680805,
                    0.9940171241760254
                ]
            ],
            [
                [
                    0.9937080144882202,
                    0.08438418805599213,
                    0.07364474982023239
                ],
                [
                    -0.06964898109436035,
                    0.980510950088501,
                    -0.18370425701141357
                ],
                [
                    -0.08771122246980667,
                    0.17741914093494415,
                    0.9802188873291016
                ]
            ],
            [
                [
                    0.9960305094718933,
                    0.08863402158021927,
                    -0.008192939683794975
                ],
                [
                    -0.08817370235919952,
                    0.9950647950172424,
                    0.04551420360803604
                ],
                [
                    0.01218661293387413,
                    -0.044611137360334396,
                    0.9989300966262817
                ]
            ],
            [
                [
                    0.9961031079292297,
                    -0.08742990344762802,
                    -0.011599433608353138
                ],
                [
                    0.08813311904668808,
                    0.9917123317718506,
                    0.0934833511710167
                ],
                [
                    0.0033300609793514013,
                    -0.09414135664701462,
                    0.995553195476532
                ]
            ]
        ],
        "betas": [
            -0.18412333726882935,
            -0.07286635041236877,
            0.4065444767475128,
            0.267119437456131,
            0.12704330682754517,
            0.01774028316140175,
            0.01692536473274231,
            -0.07478934526443481,
            0.004977896809577942,
            -0.08379676938056946
        ]
    },
    "pred_cam_t": [
        -0.03583039343357086,
        0.35388699173927307,
        29.242061614990234
    ],
    "focal_length": [
        5000.0,
        5000.0
    ],
    "pred_keypoints_3d": [
        [
            0.04935834929347038,
            -0.8599312901496887,
            -0.0922800749540329
        ],
        [
            -0.024587152525782585,
            -0.7385638952255249,
            0.03802071511745453
        ],
        [
            -0.1527189463376999,
            -0.6908806562423706,
            -0.07692185789346695
        ],
        [
            -0.3071555495262146,
            -0.6611966490745544,
            -0.2716837227344513
        ],
        [
            -0.395720511674881,
            -0.7107442021369934,
            -0.5007244944572449
        ],
        [
            0.09079713374376297,
            -0.6741930246353149,
            0.15726259350776672
        ],
        [
            0.26446470618247986,
            -0.6217257976531982,
            0.3385432958602905
        ],
        [
            0.4867338240146637,
            -0.6851560473442078,
            0.259162575006485
        ],
        [
            -0.001733261626213789,
            -0.22596332430839539,
            0.028250569477677345
        ],
        [
            -0.0604780837893486,
            -0.12993799149990082,
            0.013597512617707253
        ],
        [
            -0.0678529292345047,
            0.24528838694095612,
            0.05901247262954712
        ],
        [
            -0.07617385685443878,
            0.46389341354370117,
            0.3854160010814667
        ],
        [
            0.06377620995044708,
            -0.1418531984090805,
            0.07274334132671356
        ],
        [
            0.10200206190347672,
            0.21869371831417084,
            0.14689689874649048
        ],
        [
            0.07942457497119904,
            0.4213876724243164,
            0.48223963379859924
        ],
        [
            0.006499378941953182,
            -0.8999478816986084,
            -0.0716695785522461
        ],
        [
            0.06746365129947662,
            -0.8967534303665161,
            -0.04634995758533478
        ],
        [
            -0.06973141431808472,
            -0.8806443214416504,
            -0.0016075298190116882
        ],
        [
            0.06478755176067352,
            -0.8746274709701538,
            0.05408545583486557
        ],
        [
            0.12703603506088257,
            0.5921261310577393,
            0.40222012996673584
        ],
        [
            0.1809862107038498,
            0.5510985851287842,
            0.4515283703804016
        ],
        [
            0.06972825527191162,
            0.3997407853603363,
            0.5510143041610718
        ],
        [
            -0.03936423361301422,
            0.6310991048812866,
            0.2875221073627472
        ],
        [
            -0.11737386882305145,
            0.612356424331665,
            0.31834009289741516
        ],
        [
            -0.09273883700370789,
            0.4571981430053711,
            0.4591567814350128
        ],
        [
            -0.10387569665908813,
            0.417154461145401,
            0.3643255829811096
        ],
        [
            -0.06964518874883652,
            0.18993569910526276,
            0.039003726094961166
        ],
        [
            -0.1388721764087677,
            -0.24212414026260376,
            -0.029841288924217224
        ],
        [
            0.12354282289743423,
            -0.2548825740814209,
            0.10315815359354019
        ],
        [
            0.11377162486314774,
            0.1824047714471817,
            0.13868847489356995
        ],
        [
            0.08379533886909485,
            0.37975215911865234,
            0.47514209151268005
        ],
        [
            -0.3622742295265198,
            -0.7235932350158691,
            -0.4919784367084503
        ],
        [
            -0.3111668825149536,
            -0.6939008235931396,
            -0.259463369846344
        ],
        [
            -0.13437196612358093,
            -0.7159291505813599,
            -0.05031716078519821
        ],
        [
            0.06870616972446442,
            -0.7012077569961548,
            0.1426776945590973
        ],
        [
            0.2569722533226013,
            -0.6672408580780029,
            0.32469043135643005
        ],
        [
            0.46690359711647034,
            -0.6962854862213135,
            0.25227290391921997
        ],
        [
            -0.024660738185048103,
            -0.7433673739433289,
            0.043831851333379745
        ],
        [
            0.008456003852188587,
            -0.9307619333267212,
            0.018757687881588936
        ],
        [
            -0.007555332500487566,
            -0.24857723712921143,
            0.037652067840099335
        ],
        [
            -0.029082128778100014,
            -0.700982928276062,
            0.04435797035694122
        ],
        [
            -0.027118302881717682,
            -0.4992847144603729,
            0.025344789028167725
        ],
        [
            0.025411013513803482,
            -0.8269718885421753,
            -0.022853370755910873
        ],
        [
            0.0012704292312264442,
            -0.9491533041000366,
            0.02612626552581787
        ]
    ],
    "pred_vertices": [
        [
            0.07909458130598068,
            -0.9415308237075806,
            -0.037206072360277176
        ],
        [
            0.07528854161500931,
            -0.9284864664077759,
            -0.04625804349780083
        ],
        [
            0.08178611099720001,
            -0.9233615398406982,
            -0.03472760692238808
        ],
        [
            0.08444838225841522,
            -0.9326969385147095,
            -0.022900059819221497
        ],
        [
            0.0805765837430954,
            -0.9153918027877808,
            -0.0424935407936573
        ],
        [
            0.07426516711711884,
            -0.9176884889602661,
            -0.05294707417488098
        ],
        [
            0.08345919847488403,
            -0.9161126613616943,
            -0.023303348571062088
        ],
        [
            0.08402994275093079,
            -0.9226172566413879,
            -0.010465315543115139
        ],
        [
            0.08472207933664322,
            -0.8796348571777344,
            -0.014622541144490242
        ],
        [
            0.0839129313826561,
            -0.874382734298706,
            -0.0049689756706357
        ],
        [
            0.08400927484035492,
            -0.8857450485229492,
            -0.004683816805481911
        ],
        [
            0.08338958770036697,
            -0.8882526755332947,
            -0.014968804083764553
        ],
        [
            0.08184175193309784,
            -0.8535240888595581,
            -0.01433043833822012
        ],
        [
            0.07959729433059692,
            -0.8456345796585083,
            -0.025324121117591858
        ],
        [
            0.07752503454685211,
            -0.8354843258857727,
            -0.01630575954914093
        ],
        [
            0.07825693488121033,
            -0.8429474234580994,
            -0.005173549987375736
        ],
        [
            0.059655386954545975,
            -0.8641272783279419,
            -0.05812396481633186
        ],
        [
            0.06393550336360931,
            -0.8570878505706787,
            -0.055426545441150665
        ],
        [
            0.06742174923419952,
            -0.8633795976638794,
            -0.0526672787964344
        ],
        [
            0.06217311695218086,
            -0.8696510791778564,
            -0.055351484566926956
        ],
        [
            0.0538274422287941,
            -0.874661922454834,
            -0.0665721744298935
        ],
        [
            0.05342729389667511,
            -0.8796871900558472,
            -0.06267229467630386
        ],
        [
            0.051190268248319626,
            -0.8843517303466797,
            -0.06876388937234879
        ],
        [
            0.05282232165336609,
            -0.8786528706550598,
            -0.07337652891874313
        ],
        [
            0.054562781006097794,
            -0.8593194484710693,
            -0.06067768484354019
        ],
        [
            0.05900577828288078,
            -0.8519840836524963,
            -0.057503025978803635
        ],
        [
            0.05612729489803314,
            -0.8701983690261841,
            -0.060947589576244354
        ],
        [
            0.05511126667261124,
            -0.8657859563827515,
            -0.06415552645921707
        ],
        [
            0.056486692279577255,
            -0.8611477613449097,
            -0.07528304308652878
        ],
        [
            0.0575445257127285,
            -0.8654985427856445,
            -0.07296249270439148
        ],
        [
            0.05731230229139328,
            -0.8673195838928223,
            -0.080544114112854
        ],
        [
            0.055749062448740005,
            -0.8619027137756348,
            -0.08087031543254852
        ],
        [
            0.05508090928196907,
            -0.8591376543045044,
            -0.06586690992116928
        ],
        [
            0.05691587179899216,
            -0.862276554107666,
            -0.06800669431686401
        ],
        [
            0.0555088073015213,
            -0.8590296506881714,
            -0.07140526175498962
        ],
        [
            0.0526636466383934,
            -0.8566741943359375,
            -0.06916584074497223
        ],
        [
            0.05439144745469093,
            -0.8705980181694031,
            -0.06990938633680344
        ],
        [
            0.05470495671033859,
            -0.8734142184257507,
            -0.07721167802810669
        ],
        [
            0.054313547909259796,
            -0.875816285610199,
            -0.08504576236009598
        ],
        [
            0.05648670718073845,
            -0.8676468133926392,
            -0.08862307667732239
        ],
        [
            0.07058799266815186,
            -0.8421905040740967,
            -0.04635666310787201
        ],
        [
            0.06816443055868149,
            -0.8497151136398315,
            -0.05170946195721626
        ],
        [
            0.0632447898387909,
            -0.8453738689422607,
            -0.05414842069149017
        ],
        [
            0.06612017750740051,
            -0.8392814993858337,
            -0.050133515149354935
        ],
        [
            0.052220091223716736,
            -0.8531557321548462,
            -0.06588102877140045
        ],
        [
            0.05531895533204079,
            -0.8370299935340881,
            -0.06603924930095673
        ],
        [
            0.05577731877565384,
            -0.8408346772193909,
            -0.06573936343193054
        ],
        [
            0.05208577960729599,
            -0.8424414396286011,
            -0.07177012413740158
        ],
        [
            0.052245158702135086,
            -0.8388299345970154,
            -0.07167349755764008
        ],
        [
            0.07098150253295898,
            -0.8267809152603149,
            -0.03727709874510765
        ],
        [
            0.06748763471841812,
            -0.8265814185142517,
            -0.04375322163105011
        ],
        [
            0.06657463312149048,
            -0.8194929361343384,
            -0.04172097146511078
        ],
        [
            0.06901003420352936,
            -0.8182932734489441,
            -0.03430590406060219
        ],
        [
            0.06401894241571426,
            -0.8139777183532715,
            -0.04201388731598854
        ],
        [
            0.06614229083061218,
            -0.8104899525642395,
            -0.03250562772154808
        ],
        [
            0.05789642035961151,
            -0.7976030111312866,
            -0.037735987454652786
        ],
        [
            0.062046486884355545,
            -0.8032139539718628,
            -0.0347394198179245
        ],
        [
            0.06079589203000069,
            -0.8087948560714722,
            -0.044658880680799484
        ],
        [
            0.05755801871418953,
            -0.8044184446334839,
            -0.050230175256729126
        ],
        [
            0.050582848489284515,
            -0.8102362155914307,
            -0.06331446766853333
        ],
        [
            0.04649984836578369,
            -0.809637725353241,
            -0.06831181049346924
        ],
        [
            0.04949080944061279,
            -0.797386646270752,
            -0.06525983661413193
        ],
        [
            0.053755804896354675,
            -0.8001595735549927,
            -0.058266688138246536
        ],
        [
            0.053167831152677536,
            -0.8312655091285706,
            -0.0626467615365982
        ],
        [
            0.05533218011260033,
            -0.8308587670326233,
            -0.058434367179870605
        ],
        [
            0.05657908692955971,
            -0.8325311541557312,
            -0.06022008880972862
        ],
        [
            0.05453822761774063,
            -0.8341206312179565,
            -0.06491824239492416
        ],
        [
            0.05752572789788246,
            -0.8302439451217651,
            -0.05508536472916603
        ],
        [
            0.05858246609568596,
            -0.8298386931419373,
            -0.05368916317820549
        ],
        [
            0.05900014936923981,
            -0.8312538862228394,
            -0.05482479929924011
        ],
        [
            0.05774805694818497,
            -0.8309390544891357,
            -0.05579574033617973
        ],
        [
            0.056326258927583694,
            -0.83075350522995,
            -0.057168640196323395
        ],
        [
            0.055673517286777496,
            -0.8289021253585815,
            -0.05817440524697304
        ],
        [
            0.05699076130986214,
            -0.8295432329177856,
            -0.05596331134438515
        ],
        [
            0.0538591668009758,
            -0.8285162448883057,
            -0.062331002205610275
        ],
        [
            0.04605170711874962,
            -0.8273382186889648,
            -0.07516087591648102
        ],
        [
            0.04902417212724686,
            -0.8277981281280518,
            -0.0719900131225586
        ],
        [
            0.047518014907836914,
            -0.8322391510009766,
            -0.07149948924779892
        ],
        [
            0.04489026218652725,
            -0.8320999145507812,
            -0.07407484203577042
        ],
        [
            0.0582091324031353,
            -0.8328720331192017,
            -0.05726240947842598
        ],
        [
            0.060455597937107086,
            -0.8347024917602539,
            -0.05536595731973648
        ],
        [
            0.058873724192380905,
            -0.8378927111625671,
            -0.05983100086450577
        ],
        [
            0.057491812855005264,
            -0.8351927399635315,
            -0.06010473519563675
        ],
        [
            0.0628957748413086,
            -0.8363202214241028,
            -0.05379379540681839
        ],
        [
            0.06073242425918579,
            -0.832211971282959,
            -0.05313561484217644
        ],
        [
            0.06304274499416351,
            -0.8323996067047119,
            -0.05102892220020294
        ],
        [
            0.05807798355817795,
            -0.828088104724884,
            -0.05406143143773079
        ],
        [
            0.05974332243204117,
            -0.8261239528656006,
            -0.05160528048872948
        ],
        [
            0.06068629398941994,
            -0.8288732767105103,
            -0.05203157663345337
        ],
        [
            0.058283012360334396,
            -0.8230487108230591,
            -0.053285203874111176
        ],
        [
            0.05658190697431564,
            -0.8264061808586121,
            -0.05635959655046463
        ],
        [
            0.0547829307615757,
            -0.8250018954277039,
            -0.06057535111904144
        ],
        [
            0.05228545516729355,
            -0.823911726474762,
            -0.06591729074716568
        ],
        [
            0.05292878672480583,
            -0.818816065788269,
            -0.06240208446979523
        ],
        [
            0.05612612143158913,
            -0.8205063343048096,
            -0.0572616346180439
        ],
        [
            0.06029557064175606,
            -0.8411390781402588,
            -0.05796051770448685
        ],
        [
            0.06349126994609833,
            -0.8278210759162903,
            -0.04837266728281975
        ],
        [
            0.0669802725315094,
            -0.8338258266448975,
            -0.04642600566148758
        ],
        [
            0.06279407441616058,
            -0.8229448795318604,
            -0.047814108431339264
        ],
        [
            0.06089983135461807,
            -0.8186063766479492,
            -0.04893568903207779
        ],
        [
            0.058085761964321136,
            -0.8151239156723022,
            -0.05196744203567505
        ],
        [
            0.054517749696969986,
            -0.8123259544372559,
            -0.05772720277309418
        ],
        [
            0.04665243998169899,
            -0.7884501814842224,
            -0.05445995181798935
        ],
        [
            0.05246167629957199,
            -0.7924984097480774,
            -0.046669263392686844
        ],
        [
            0.07107029855251312,
            -0.9105767011642456,
            -0.05214111879467964
        ],
        [
            0.07768913358449936,
            -0.9085490703582764,
            -0.04619923606514931
        ],
        [
            0.07555818557739258,
            -0.900711178779602,
            -0.04196557775139809
        ],
        [
            0.0775962620973587,
            -0.9031840562820435,
            -0.04080897197127342
        ],
        [
            0.07403308898210526,
            -0.9048233032226562,
            -0.04609724134206772
        ],
        [
            0.07298438251018524,
            -0.9023131728172302,
            -0.0457749217748642
        ],
        [
            0.08066713809967041,
            -0.8912053108215332,
            -0.02292250469326973
        ],
        [
            0.07849204540252686,
            -0.8936419486999512,
            -0.02912498079240322
        ],
        [
            0.07805292308330536,
            -0.8898842334747314,
            -0.027826059609651566
        ],
        [
            0.08183445036411285,
            -0.8846381902694702,
            -0.02212723344564438
        ],
        [
            0.0743669867515564,
            -0.8834686279296875,
            -0.03813716769218445
        ],
        [
            0.07679763436317444,
            -0.8841634392738342,
            -0.033222030848264694
        ],
        [
            0.0746227502822876,
            -0.8911899328231812,
            -0.03670039400458336
        ],
        [
            0.07290147244930267,
            -0.8906671404838562,
            -0.040362462401390076
        ],
        [
            0.07054124772548676,
            -0.8906543254852295,
            -0.044013381004333496
        ],
        [
            0.06722477078437805,
            -0.8912076354026794,
            -0.04680204391479492
        ],
        [
            0.06704451143741608,
            -0.8856241703033447,
            -0.046774040907621384
        ],
        [
            0.07093532383441925,
            -0.8841707706451416,
            -0.0430593304336071
        ],
        [
            0.06878601759672165,
            -0.9065176844596863,
            -0.04998734965920448
        ],
        [
            0.06200847029685974,
            -0.9063650369644165,
            -0.05270718038082123
        ],
        [
            0.06270929425954819,
            -0.9031780362129211,
            -0.05172588303685188
        ],
        [
            0.06860393285751343,
            -0.9033657312393188,
            -0.049669891595840454
        ],
        [
            0.051117658615112305,
            -0.8972029685974121,
            -0.052100129425525665
        ],
        [
            0.05275056138634682,
            -0.8996456861495972,
            -0.052323244512081146
        ],
        [
            0.050120364874601364,
            -0.9014616012573242,
            -0.05470513552427292
        ],
        [
            0.04877161234617233,
            -0.8969458341598511,
            -0.054697517305612564
        ],
        [
            0.05077345296740532,
            -0.8937102556228638,
            -0.05417012423276901
        ],
        [
            0.052410297095775604,
            -0.8954559564590454,
            -0.05217130109667778
        ],
        [
            0.07151272892951965,
            -0.9633582234382629,
            -0.03728940337896347
        ],
        [
            0.07015976309776306,
            -0.9471187591552734,
            -0.04974822700023651
        ],
        [
            0.08034326136112213,
            -0.9544172286987305,
            -0.02161351963877678
        ],
        [
            0.08440931141376495,
            -0.9418163299560547,
            -0.007781569845974445
        ],
        [
            0.08450393378734589,
            -0.9278462529182434,
            0.003700926434248686
        ],
        [
            0.07462691515684128,
            -0.8299081325531006,
            -0.02760566957294941
        ],
        [
            0.07271738350391388,
            -0.8205066919326782,
            -0.0221109576523304
        ],
        [
            0.07466856390237808,
            -0.826127290725708,
            -0.007624361664056778
        ],
        [
            0.07013265788555145,
            -0.8159008026123047,
            -0.004505199380218983
        ],
        [
            0.06870480626821518,
            -0.8103660345077515,
            -0.01992090977728367
        ],
        [
            0.05502399429678917,
            -0.7938117980957031,
            -0.023840416222810745
        ],
        [
            0.06285354495048523,
            -0.8008475303649902,
            -0.020468581467866898
        ],
        [
            0.06242101266980171,
            -0.8065006732940674,
            -0.001978537067770958
        ],
        [
            0.06272825598716736,
            -0.8167339563369751,
            0.015643319115042686
        ],
        [
            0.0696747750043869,
            -0.824040412902832,
            0.010050131939351559
        ],
        [
            0.0612606406211853,
            -0.8311905860900879,
            0.029564041644334793
        ],
        [
            0.05268911272287369,
            -0.8090364933013916,
            0.024164700880646706
        ],
        [
            0.054688915610313416,
            -0.829511284828186,
            0.03614739328622818
        ],
        [
            0.04194628447294235,
            -0.7740837335586548,
            0.013702195137739182
        ],
        [
            0.04192269966006279,
            -0.761742353439331,
            0.01796632818877697
        ],
        [
            0.04221973195672035,
            -0.7669039368629456,
            0.03514602780342102
        ],
        [
            0.04436703026294708,
            -0.7789884805679321,
            0.031063396483659744
        ],
        [
            0.07498353719711304,
            -0.832766592502594,
            0.00369370449334383
        ],
        [
            0.08220495283603668,
            -0.8966507911682129,
            0.004574843216687441
        ],
        [
            0.08333995938301086,
            -0.897127628326416,
            -0.007836463861167431
        ],
        [
            0.08216755837202072,
            -0.8832047581672668,
            0.006629932671785355
        ],
        [
            0.0793127566576004,
            -0.9541134834289551,
            0.028723962604999542
        ],
        [
            0.08157702535390854,
            -0.9507359862327576,
            0.00967446155846119
        ],
        [
            0.08425212651491165,
            -0.9338899850845337,
            0.017609741538763046
        ],
        [
            0.0812717080116272,
            -0.9392198324203491,
            0.03451439365744591
        ],
        [
            0.059943631291389465,
            -0.9914535880088806,
            0.01156594604253769
        ],
        [
            0.06780638545751572,
            -0.9799586534500122,
            -0.01364536490291357
        ],
        [
            0.07447826862335205,
            -0.9665523171424866,
            -0.002311680931597948
        ],
        [
            0.07030373066663742,
            -0.9757862091064453,
            0.019382551312446594
        ],
        [
            0.0777428075671196,
            -0.9397735595703125,
            0.04746292904019356
        ],
        [
            0.07063335180282593,
            -0.938946545124054,
            0.0653144121170044
        ],
        [
            0.06433247029781342,
            -0.9549050331115723,
            0.0709589272737503
        ],
        [
            0.07176963984966278,
            -0.9575183391571045,
            0.049224648624658585
        ],
        [
            0.05114038288593292,
            -0.9752951860427856,
            0.0738464817404747
        ],
        [
            0.061472248286008835,
            -0.9789064526557922,
            0.0479828342795372
        ],
        [
            0.047071076929569244,
            -0.814812421798706,
            0.04433777928352356
        ],
        [
            0.04842463135719299,
            -0.8334681987762451,
            0.047869015485048294
        ],
        [
            0.04707075282931328,
            -0.7932146191596985,
            0.025704653933644295
        ],
        [
            0.0447070449590683,
            -0.7986431121826172,
            0.0433206669986248
        ],
        [
            0.033764999359846115,
            -0.9911003708839417,
            0.07173636555671692
        ],
        [
            0.0467916838824749,
            -0.9965204000473022,
            0.04196394979953766
        ],
        [
            0.038722164928913116,
            -0.9143373966217041,
            0.1031956598162651
        ],
        [
            0.04549162834882736,
            -0.9322781562805176,
            0.09800240397453308
        ],
        [
            0.057036735117435455,
            -0.9203514456748962,
            0.08505871891975403
        ],
        [
            0.049951523542404175,
            -0.9056358337402344,
            0.09117263555526733
        ],
