{
    "pred_cam": [
        1.3508350849151611,
        -0.02092139981687069,
        0.36878010630607605
    ],
    "pred_smpl_params": {
        "global_orient": [
            [
                [
                    0.8910995125770569,
                    -0.048367325216531754,
                    0.45122310519218445
                ],
                [
                    -0.07241176068782806,
                    -0.9967190027236938,
                    0.03616270050406456
                ],
                [
                    0.44799357652664185,
                    -0.06489842385053635,
                    -0.8916781544685364
                ]
            ]
        ],
        "body_pose": [
            [
                [
                    0.9987569451332092,
                    0.009717856533825397,
                    -0.0488872155547142
                ],
                [
                    -0.012670195661485195,
                    0.9980908632278442,
                    -0.06044810637831688
                ],
                [
                    0.04820646345615387,
                    0.06099238619208336,
                    0.9969733357429504
                ]
            ],
            [
                [
                    0.9940062761306763,
                    -0.029889153316617012,
                    -0.10515766590833664
                ],
                [
                    0.028976622968912125,
                    0.9995280504226685,
                    -0.010195186361670494
                ],
                [
                    0.10541276633739471,
                    0.0070869652554392815,
                    0.9944032430648804
                ]
            ],
            [
                [
                    0.9951452016830444,
                    0.029071522876620293,
                    0.0940263494849205
                ],
                [
                    -0.024348074570298195,
                    0.9984018802642822,
                    -0.05099852755665779
                ],
                [
                    -0.09535869210958481,
                    0.04846157506108284,
                    0.9942626953125
                ]
            ],
            [
                [
                    0.948365330696106,
                    -0.16442905366420746,
                    -0.2712312638759613
                ],
                [
                    -0.016234880313277245,
                    0.828847348690033,
                    -0.5592392086982727
                ],
                [
                    0.3167644739151001,
                    0.534766435623169,
                    0.7833806276321411
                ]
            ],
            [
                [
                    0.9827839136123657,
                    -0.13403648138046265,
                    0.12716126441955566
                ],
                [
                    0.18224699795246124,
                    0.8163857460021973,
                    -0.5479966998100281
                ],
                [
                    -0.030361095443367958,
                    0.5617371201515198,
                    0.8267585039138794
                ]
            ],
            [
                [
                    0.9933770895004272,
                    0.0525679886341095,
                    0.10216961801052094
                ],
                [
                    -0.06326397508382797,
                    0.9925172328948975,
                    0.10443753004074097
                ],
                [
                    -0.09591503441333771,
                    -0.11020950227975845,
                    0.9892695546150208
                ]
            ],
            [
                [
                    0.9291898012161255,
                    0.098761186003685,
                    0.35616371035575867
                ],
                [
                    -0.12669330835342407,
                    0.9903651475906372,
                    0.05590827763080597
                ],
                [
                    -0.34721052646636963,
                    -0.09707295894622803,
                    0.9327495694160461
                ]
            ],
            [
                [
                    0.9465017318725586,
                    -0.04530424252152443,
                    -0.3195027709007263
                ],
                [
                    0.06270764023065567,
                    0.9970442652702332,
                    0.0443895049393177
                ],
                [
                    0.3165473937988281,
                    -0.06205001473426819,
                    0.9465450644493103
                ]
            ],
            [
                [
                    0.9941996932029724,
                    0.03428611159324646,
                    0.10193821787834167
                ],
                [
                    -0.03040989302098751,
                    0.9987630844116211,
                    -0.03933948278427124
                ],
                [
                    -0.10316091775894165,
                    0.03601137176156044,
                    0.9940125942230225
                ]
            ],
            [
                [
                    0.9494479894638062,
                    -0.19862523674964905,
                    -0.2430979162454605
                ],
                [
                    0.23109170794487,
                    0.96634840965271,
                    0.11299297958612442
                ],
                [
                    0.2124740183353424,
                    -0.16345885396003723,
                    0.9633982181549072
                ]
            ],
            [
                [
                    0.9916284680366516,
                    0.11565575748682022,
                    0.05741690844297409
                ],
                [
                    -0.12173397094011307,
                    0.985637903213501,
                    0.11704197525978088
                ],
                [
                    -0.0430556982755661,
                    -0.12305174767971039,
                    0.9914658665657043
                ]
            ],
            [
                [
                    0.9697183966636658,
                    0.037239331752061844,
                    -0.24136982858181
                ],
                [
                    -0.0155421681702137,
                    0.9957130551338196,
                    0.0911802425980568
                ],
                [
                    0.2437306046485901,
                    -0.08466775715351105,
                    0.9661400318145752
                ]
            ],
            [
                [
                    0.9960497617721558,
                    -0.01979527622461319,
                    0.08656243979930878
                ],
                [
                    0.012492516078054905,
                    0.996378481388092,
                    0.08410606533288956
                ],
                [
                    -0.08791385591030121,
                    -0.08269244432449341,
                    0.992689847946167
                ]
            ],
            [
                [
                    0.9978621006011963,
                    0.05035461112856865,
                    0.04166131839156151
                ],
                [
                    -0.051364947110414505,
                    0.9984023571014404,
                    0.023546308279037476
                ],
                [
                    -0.04040909186005592,
                    -0.025635898113250732,
                    0.9988543391227722
                ]
            ],
            [
                [
                    0.9923273921012878,
                    -0.03751043230295181,
                    -0.11781052500009537
                ],
                [
                    0.01659807376563549,
                    0.9846579432487488,
                    -0.17370453476905823
                ],
                [
                    0.12251880019903183,
                    0.17041634023189545,
                    0.977725625038147
                ]
            ],
            [
                [
                    0.9304234385490417,
                    0.35246002674102783,
                    -0.10042040050029755
                ],
                [
                    -0.35904839634895325,
                    0.931577205657959,
                    -0.05699271708726883
                ],
                [
                    0.07346169650554657,
                    0.08908312767744064,
                    0.9933114647865295
                ]
            ],
            [
                [
                    0.9010258913040161,
                    -0.4306425154209137,
                    0.051956094801425934
                ],
                [
                    0.41780462861061096,
                    0.8938168287277222,
                    0.16288265585899353
                ],
                [
                    -0.1165834292769432,
                    -0.1250539869070053,
                    0.9852765202522278
                ]
            ],
            [
                [
                    0.49909311532974243,
                    -0.14928260445594788,
                    -0.8535928726196289
                ],
                [
                    0.11437081545591354,
                    0.9877799153327942,
                    -0.10587797313928604
                ],
                [
                    0.858967661857605,
                    -0.04478314518928528,
                    0.5100677013397217
                ]
            ],
            [
                [
                    0.9428911805152893,
                    0.06328005343675613,
                    0.32703498005867004
                ],
                [
                    -0.07310815155506134,
                    0.9971644878387451,
                    0.01783415675163269
                ],
                [
                    -0.32497915625572205,
                    -0.04072458669543266,
                    0.9448438882827759
                ]
            ],
            [
                [
                    0.9940606355667114,
                    -0.0704343244433403,
                    -0.08296048641204834
                ],
                [
                    0.07068135589361191,
                    0.9974989891052246,
                    4.0759561670711264e-05
                ],
                [
                    0.08275012671947479,
                    -0.005904276389628649,
                    0.9965528845787048
                ]
            ],
            [
                [
                    0.9971919655799866,
                    0.050155941396951675,
                    0.05561193823814392
                ],
                [
                    -0.041168082505464554,
                    0.9874628186225891,
                    -0.15238924324512482
                ],
                [
                    -0.06255794316530228,
                    0.14967188239097595,
                    0.986754834651947
                ]
            ],
            [
                [
                    0.9921649694442749,
                    0.11960002034902573,
                    -0.036118537187576294
                ],
                [
                    -0.1167060062289238,
                    0.9904254078865051,
                    0.07373746484518051
                ],
                [
                    0.04459172114729881,
                    -0.06894447654485703,
                    0.9966234564781189
                ]
            ],
            [
                [
                    0.9945475459098816,
                    -0.10388118773698807,
                    0.009156890213489532
                ],
                [
                    0.10185183584690094,
                    0.9864535331726074,
                    0.1285911351442337
                ],
                [
                    -0.022391049191355705,
                    -0.12695735692977905,
                    0.9916554093360901
                ]
            ]
        ],
        "betas": [
            -0.16996753215789795,
            0.02836829423904419,
            0.47766968607902527,
            0.2268712818622589,
            0.07715064287185669,
            0.061937037855386734,
            0.051267385482788086,
            -0.10254478454589844,
            0.02820204198360443,
            -0.09388422966003418
        ]
    },
    "pred_cam_t": [
        -0.02092139981687069,
        0.36878010630607605,
        28.91729736328125
    ],
    "focal_length": [
        5000.0,
        5000.0
    ],
    "pred_keypoints_3d": [
        [
            0.043610818684101105,
            -0.8610273003578186,
            -0.08541399240493774
        ],
        [
            -0.02484743297100067,
            -0.73935467004776,
            0.047811128199100494
        ],
        [
            -0.1510794758796692,
            -0.6872022151947021,
            -0.07119743525981903
        ],
        [
            -0.302109032869339,
            -0.5884549021720886,
            -0.24517227709293365
        ],
        [
            -0.38607701659202576,
            -0.5456324815750122,
            -0.4777701199054718
        ],
        [
            0.08814994990825653,
            -0.6710338592529297,
            0.16998809576034546
        ],
        [
            0.24000316858291626,
            -0.5636804699897766,
            0.3472384810447693
        ],
        [
            0.47548723220825195,
            -0.5552557110786438,
            0.28103476762771606
        ],
        [
            -0.0017496803775429726,
            -0.22577303647994995,
            0.027781901881098747
        ],
        [
            -0.0599193349480629,
            -0.13050521910190582,
            0.007407704368233681
        ],
        [
            -0.07070163637399673,
            0.247942253947258,
            0.03448779135942459
        ],
        [
            -0.08231404423713684,
            0.5201276540756226,
            0.3195742964744568
        ],
        [
            0.061602137982845306,
            -0.13965478539466858,
            0.07148419320583344
        ],
        [
            0.09447676688432693,
            0.22555416822433472,
            0.1316557079553604
        ],
        [
            0.05470861867070198,
            0.4947911500930786,
            0.4164460301399231
        ],
        [
            -0.0002734656445682049,
            -0.8996198177337646,
            -0.06417618691921234
        ],
        [
            0.06142686307430267,
            -0.8989673256874084,
            -0.04033880680799484
        ],
        [
            -0.07350436598062515,
            -0.8787887096405029,
            0.007498621940612793
        ],
        [
            0.06208855286240578,
            -0.8779125213623047,
            0.06046649441123009
        ],
        [
            0.11092391610145569,
            0.6473267078399658,
            0.3077603578567505
        ],
        [
            0.16047541797161102,
            0.6159608364105225,
            0.3677646517753601
        ],
        [
            0.039018042385578156,
            0.48807665705680847,
            0.48665887117385864
        ],
        [
            -0.03644002228975296,
            0.6717286109924316,
            0.2005467414855957
        ],
        [
            -0.11591002345085144,
            0.6592310667037964,
            0.2311745285987854
        ],
        [
            -0.10127469897270203,
            0.5243330597877502,
            0.39263588190078735
        ],
        [
            -0.11035119742155075,
            0.47075629234313965,
            0.3053385019302368
        ],
        [
            -0.07154399156570435,
            0.18976934254169464,
            0.018519844859838486
        ],
        [
            -0.13601313531398773,
            -0.24516907334327698,
            -0.03473352640867233
        ],
        [
            0.12005241215229034,
            -0.2514524459838867,
            0.10814113914966583
        ],
        [
            0.10626436769962311,
            0.18743105232715607,
            0.12663333117961884
        ],
        [
            0.05788106471300125,
            0.45263561606407166,
            0.4180801808834076
        ],
        [
            -0.35232609510421753,
            -0.5593921542167664,
            -0.4733406603336334
        ],
        [
            -0.3046163320541382,
            -0.6251754760742188,
            -0.2461426556110382
        ],
        [
            -0.13320626318454742,
            -0.7119171619415283,
            -0.04496811330318451
        ],
        [
            0.06693252921104431,
            -0.6979355812072754,
            0.15446409583091736
        ],
        [
            0.24567969143390656,
            -0.6111224889755249,
            0.3346078395843506
        ],
        [
            0.4604562520980835,
            -0.5716065168380737,
            0.27384230494499207
        ],
        [
            -0.02407778799533844,
            -0.7451935410499573,
            0.051185913383960724
        ],
        [
            0.002718591596931219,
            -0.9316860437393188,
            0.025597188621759415
        ],
        [
            -0.00786004588007927,
            -0.24842363595962524,
            0.03763338923454285
        ],
        [
            -0.02913227677345276,
            -0.6988664865493774,
            0.05268775671720505
        ],
        [
            -0.027853334322571754,
            -0.4991552233695984,
            0.03576568514108658
        ],
        [
            0.022451192140579224,
            -0.8282116055488586,
            -0.015111996792256832
        ],
        [
            -0.005011134780943394,
            -0.9499229788780212,
            0.033046334981918335
        ]
    ],
    "pred_vertices": [
        [
            0.07166141271591187,
            -0.9447593688964844,
            -0.03197779133915901
        ],
        [
            0.0681946873664856,
            -0.9313083291053772,
            -0.040905795991420746
        ],
        [
            0.07512681186199188,
            -0.9266784191131592,
            -0.029451420530676842
        ],
        [
            0.07765649259090424,
            -0.9362400770187378,
            -0.017717041075229645
        ],
        [
            0.07392315566539764,
            -0.9184466600418091,
            -0.036981724202632904
        ],
        [
            0.06729358434677124,
            -0.9204123020172119,
            -0.04729212075471878
        ],
        [
            0.07728280127048492,
            -0.9196125268936157,
            -0.01788990944623947
        ],
        [
            0.07804389297962189,
            -0.9259697794914246,
            -0.005253267474472523
        ],
        [
            0.07985594123601913,
            -0.8830941319465637,
            -0.008692607283592224
        ],
        [
            0.07952944934368134,
            -0.8779051303863525,
            0.0010376626159995794
        ],
        [
            0.07936710119247437,
            -0.8894897699356079,
            0.0010832843836396933
        ],
        [
            0.07836946845054626,
            -0.8918489217758179,
            -0.009198296815156937
        ],
        [
            0.07801860570907593,
            -0.8568105697631836,
            -0.008018520660698414
        ],
        [
            0.07585053890943527,
            -0.8486433029174805,
            -0.01886403001844883
        ],
        [
            0.07433603703975677,
            -0.8385405540466309,
            -0.00963788665831089
        ],
        [
            0.07502488791942596,
            -0.8462297320365906,
            0.0013591625029221177
        ],
        [
            0.05450902879238129,
            -0.8658790588378906,
            -0.051596157252788544
        ],
        [
            0.05917089432477951,
            -0.8590545654296875,
            -0.048907648772001266
        ],
        [
            0.062458351254463196,
            -0.8655424118041992,
            -0.04629167169332504
        ],
        [
            0.056873541325330734,
            -0.8715554475784302,
            -0.04891572892665863
        ],
        [
            0.04810445010662079,
            -0.8761881589889526,
            -0.05998694896697998
        ],
        [
            0.04762794077396393,
            -0.8812586069107056,
            -0.05612383037805557
        ],
        [
            0.045057982206344604,
            -0.8857261538505554,
            -0.0622074231505394
        ],
        [
            0.0468011237680912,
            -0.8800326585769653,
            -0.06680603325366974
        ],
        [
            0.04949132353067398,
            -0.8608412146568298,
            -0.053956806659698486
        ],
        [
            0.05437213554978371,
            -0.8537251949310303,
            -0.050823282450437546
        ],
        [
            0.050648532807826996,
            -0.871793270111084,
            -0.05437789857387543
        ],
        [
            0.04977493733167648,
            -0.8673936128616333,
            -0.05753236636519432
        ],
        [
            0.05108322203159332,
            -0.8626158237457275,
            -0.06859643012285233
        ],
        [
            0.05197745934128761,
            -0.867031455039978,
            -0.06634402275085449
        ],
        [
            0.051522206515073776,
            -0.8687878847122192,
            -0.07391181588172913
        ],
        [
            0.05018206685781479,
            -0.8633217215538025,
            -0.07416929304599762
        ],
        [
            0.04995523393154144,
            -0.8607349991798401,
            -0.05912470817565918
        ],
        [
            0.05159413814544678,
            -0.8639039397239685,
            -0.061329230666160583
        ],
        [
            0.05028650909662247,
            -0.8605383634567261,
            -0.06465916335582733
        ],
        [
            0.047617971897125244,
            -0.8581069707870483,
            -0.06233736872673035
        ],
        [
            0.04873016104102135,
            -0.872096061706543,
            -0.06327734142541885
        ],
        [
            0.04878241941332817,
            -0.8748208284378052,
            -0.07060260325670242
        ],
        [
            0.04810982942581177,
            -0.8770827651023865,
            -0.07845001667737961
        ],
        [
            0.05052059888839722,
            -0.8690258264541626,
            -0.08199679851531982
        ],
        [
            0.06660857796669006,
            -0.844529390335083,
            -0.03970514237880707
        ],
        [
            0.06375706195831299,
            -0.8519014120101929,
            -0.04513249173760414
        ],
        [
            0.05896397680044174,
            -0.8473200798034668,
            -0.04744478315114975
        ],
        [
            0.06215968355536461,
            -0.8414005041122437,
            -0.04336535930633545
        ],
        [
            0.047387439757585526,
            -0.854649007320404,
            -0.05901883915066719
        ],
        [
            0.051130253821611404,
            -0.8386812210083008,
            -0.05897767096757889
        ],
        [
            0.05144486948847771,
            -0.8425094485282898,
            -0.05875878781080246
        ],
        [
            0.04755540192127228,
            -0.8438920974731445,
            -0.06471967697143555
        ],
        [
            0.047856882214546204,
            -0.8402866125106812,
            -0.06456323713064194
        ],
        [
            0.06774648278951645,
            -0.8292406797409058,
            -0.030393388122320175
        ],
        [
            0.06414441764354706,
            -0.8288182616233826,
            -0.03681569918990135
        ],
        [
            0.06352028995752335,
            -0.8217258453369141,
            -0.03464388847351074
        ],
        [
            0.06613563001155853,
            -0.8207087516784668,
            -0.02722187340259552
        ],
        [
            0.061172474175691605,
            -0.8160719871520996,
            -0.03480534255504608
        ],
        [
            0.06363216787576675,
            -0.81279456615448,
            -0.025258321315050125
        ],
        [
            0.05575469136238098,
            -0.7995202541351318,
            -0.03012586385011673
        ],
        [
            0.05974873527884483,
            -0.805335521697998,
            -0.02728852815926075
        ],
        [
            0.05806897580623627,
            -0.8107595443725586,
            -0.0372944176197052
        ],
        [
            0.054844729602336884,
            -0.8062177896499634,
            -0.04272089898586273
        ],
        [
            0.04739270731806755,
            -0.811683177947998,
            -0.055691108107566833
        ],
        [
            0.0431990809738636,
            -0.8108762502670288,
            -0.060599587857723236
        ],
        [
            0.04673735052347183,
            -0.7987421154975891,
            -0.057466957718133926
        ],
        [
            0.051006756722927094,
            -0.8017293214797974,
            -0.05061168968677521
        ],
        [
            0.049176640808582306,
            -0.832774817943573,
            -0.05540447682142258
        ],
        [
            0.05147026479244232,
            -0.8324854373931885,
            -0.051243409514427185
        ],
        [
            0.05259940028190613,
            -0.8341864347457886,
            -0.05307725816965103
        ],
        [
            0.05038553103804588,
            -0.8356371521949768,
            -0.0577457994222641
        ],
        [
            0.053793665021657944,
            -0.8319753408432007,
            -0.047940414398908615
        ],
        [
            0.05489009618759155,
            -0.831632673740387,
            -0.04656211659312248
        ],
        [
            0.05522174760699272,
            -0.8330557346343994,
            -0.04773122817277908
        ],
        [
            0.053954482078552246,
            -0.8326876759529114,
            -0.04862655699253082
        ],
        [
            0.05251159518957138,
            -0.8324313163757324,
            -0.04996582865715027
        ],
        [
            0.05188863351941109,
            -0.8305529356002808,
            -0.050920698791742325
        ],
        [
            0.05325965955853462,
            -0.8312426805496216,
            -0.04878558963537216
        ],
        [
            0.0499848797917366,
            -0.8300555348396301,
            -0.05502491816878319
        ],
        [
            0.04200545698404312,
            -0.8285543322563171,
            -0.06769542396068573
        ],
        [
            0.044938161969184875,
            -0.8290457725524902,
            -0.06458479166030884
        ],
        [
            0.043240852653980255,
            -0.8334372043609619,
            -0.06408514827489853
        ],
        [
            0.04067326709628105,
            -0.8332842588424683,
            -0.0666264072060585
        ],
        [
            0.05439052730798721,
            -0.834739089012146,
            -0.05017271265387535
        ],
        [
            0.056518860161304474,
            -0.8365486860275269,
            -0.04838030785322189
        ],
        [
            0.05470233038067818,
            -0.839626669883728,
            -0.05285476893186569
        ],
        [
            0.05341695249080658,
            -0.836868405342102,
            -0.053040195256471634
        ],
        [
            0.05893229320645332,
            -0.838282585144043,
            -0.04687285050749779
        ],
        [
            0.05695440620183945,
            -0.834098219871521,
            -0.046105895191431046
        ],
        [
            0.05939776822924614,
            -0.8344801068305969,
            -0.044096820056438446
        ],
        [
            0.05445125699043274,
            -0.8298522233963013,
            -0.04689352959394455
        ],
        [
            0.056256022304296494,
            -0.8279756307601929,
            -0.04445565864443779
        ],
        [
            0.05707870051264763,
            -0.8307547569274902,
            -0.04494550824165344
        ],
        [
            0.05483723059296608,
            -0.8248401284217834,
            -0.04602479934692383
        ],
        [
            0.05293772369623184,
            -0.8281054496765137,
            -0.04911667853593826
        ],
        [
            0.051075492054224014,
            -0.8265959024429321,
            -0.053255047649145126
        ],
        [
            0.048507194966077805,
            -0.8253592848777771,
            -0.0585247278213501
        ],
        [
            0.04942331835627556,
            -0.8203277587890625,
            -0.05494994670152664
        ],
        [
            0.05265217646956444,
            -0.8221955299377441,
            -0.04989587515592575
        ],
        [
            0.05612912029027939,
            -0.8430569171905518,
            -0.05111568048596382
        ],
        [
            0.0600297786295414,
            -0.8298395872116089,
            -0.041373465210199356
        ],
        [
            0.06331241130828857,
            -0.8360117673873901,
            -0.03959747776389122
        ],
        [
            0.059522662311792374,
            -0.8249512314796448,
            -0.04071378707885742
        ],
        [
            0.057729221880435944,
            -0.8205403685569763,
            -0.04169503226876259
        ],
        [
            0.05495337024331093,
            -0.8169101476669312,
            -0.04461219534277916
        ],
        [
            0.05137331038713455,
            -0.81395423412323,
            -0.05022454261779785
        ],
        [
            0.044487304985523224,
            -0.7897904515266418,
            -0.046480998396873474
        ],
        [
            0.05028081312775612,
            -0.7940988540649414,
            -0.038873691111803055
        ],
        [
            0.06442283093929291,
            -0.9130051136016846,
            -0.046361856162548065
        ],
        [
            0.07121698558330536,
            -0.911410927772522,
            -0.04047683998942375
        ],
        [
            0.06952229142189026,
            -0.90346360206604,
            -0.036185555160045624
        ],
        [
            0.07132390886545181,
            -0.905941903591156,
            -0.035043202340602875
        ],
        [
            0.06773170828819275,
            -0.9074729084968567,
            -0.04030941426753998
        ],
        [
            0.06687253713607788,
            -0.9048107266426086,
            -0.04000973701477051
        ],
        [
            0.0754045844078064,
            -0.894506573677063,
            -0.017119277268648148
        ],
        [
            0.07302771508693695,
            -0.8967537879943848,
            -0.023316005244851112
        ],
        [
            0.07275328040122986,
            -0.8929815292358398,
            -0.0219869464635849
        ],
        [
            0.07680098712444305,
            -0.8879626989364624,
            -0.016298139467835426
        ],
        [
            0.0689992904663086,
            -0.8862606287002563,
            -0.03209913149476051
        ],
        [
            0.07152722775936127,
            -0.8871270418167114,
            -0.027250444516539574
        ],
        [
            0.06903736293315887,
            -0.8939985036849976,
            -0.030756961554288864
        ],
        [
            0.06727133691310883,
            -0.8933544158935547,
            -0.0343727171421051
        ],
        [
            0.06480273604393005,
            -0.8931909203529358,
            -0.037943363189697266
        ],
        [
            0.06142527982592583,
            -0.8935625553131104,
            -0.04071418195962906
        ],
        [
            0.061442237347364426,
            -0.888015866279602,
            -0.04057464748620987
        ],
        [
            0.06545241177082062,
            -0.8867642879486084,
            -0.03693331405520439
        ],
        [
            0.062355708330869675,
            -0.9088788032531738,
            -0.04410972446203232
        ],
        [
            0.055551912635564804,
            -0.9084019660949707,
            -0.04671870172023773
        ],
        [
            0.05641421675682068,
            -0.905275821685791,
            -0.045685067772865295
        ],
        [
            0.06234928220510483,
            -0.905691385269165,
            -0.04379535838961601
        ],
        [
            0.04497344046831131,
            -0.8988645076751709,
            -0.045658111572265625
        ],
        [
            0.046527083963155746,
            -0.9013633131980896,
            -0.04597372189164162
        ],
        [
            0.043802883476018906,
            -0.903022289276123,
            -0.048322200775146484
        ],
        [
            0.04258176311850548,
            -0.8984705805778503,
            -0.04820859804749489
        ],
        [
            0.04470333456993103,
            -0.8953377604484558,
            -0.04765468090772629
        ],
        [
            0.04632336646318436,
            -0.8971736431121826,
            -0.045711129903793335
        ],
        [
            0.06328248977661133,
            -0.9663196802139282,
            -0.03212025761604309
        ],
        [
            0.06227334588766098,
            -0.949915885925293,
            -0.04429739713668823
        ],
        [
            0.07281920313835144,
            -0.9577532410621643,
            -0.016475360840559006
        ],
        [
            0.07759860903024673,
            -0.9454898834228516,
            -0.002661039587110281
        ],
        [
            0.07867130637168884,
            -0.931518018245697,
            0.0088582718744874
        ],
        [
            0.07146351039409637,
            -0.832648515701294,
            -0.020807616412639618
        ],
        [
            0.070002481341362,
            -0.823219358921051,
            -0.015130330808460712
        ],
        [
            0.07202368229627609,
            -0.8291925191879272,
            -0.0007759518921375275
        ],
        [
            0.06790991872549057,
            -0.8187612295150757,
            0.0026604686863720417
        ],
        [
            0.06640949845314026,
            -0.8129451274871826,
            -0.012687946669757366
        ],
        [
            0.05320974439382553,
            -0.7958160638809204,
            -0.016089893877506256
        ],
        [
            0.06085829436779022,
            -0.8032114505767822,
            -0.012960831634700298
        ],
        [
            0.06049147993326187,
            -0.8091316223144531,
            0.005510131828486919
        ],
        [
            0.06065820902585983,
            -0.8196848034858704,
            0.022935770452022552
        ],
        [
            0.06744605302810669,
            -0.8272673487663269,
            0.01698480173945427
        ],
        [
            0.058885931968688965,
            -0.8342839479446411,
            0.03667560964822769
        ],
        [
            0.051111143082380295,
            -0.8116707801818848,
            0.03186409920454025
        ],
        [
            0.052609238773584366,
            -0.832380473613739,
            0.04348628968000412
        ],
        [
            0.04111366719007492,
            -0.7761718034744263,
            0.022482482716441154
        ],
        [
            0.04120749980211258,
            -0.7640506029129028,
            0.027203269302845
        ],
        [
            0.0416906364262104,
            -0.7694023847579956,
            0.04423856735229492
        ],
        [
            0.043697599321603775,
            -0.7813642621040344,
            0.03976862505078316
        ],
        [
            0.07229763269424438,
            -0.8360430002212524,
            0.010412235744297504
        ],
        [
            0.07734308391809464,
            -0.9002039432525635,
            0.010320358909666538
        ],
        [
            0.07819531112909317,
            -0.9007325172424316,
            -0.0022342801094055176
        ],
        [
            0.0779118463397026,
            -0.8868448734283447,
            0.012557984329760075
        ],
        [
            0.07291872799396515,
            -0.9576855897903442,
            0.03361145779490471
        ],
        [
            0.07535222917795181,
            -0.9542652368545532,
            0.014717628248035908
        ],
        [
            0.07848325371742249,
            -0.9377509355545044,
            0.022653203457593918
        ],
        [
            0.07581101357936859,
            -0.9430509805679321,
            0.03952406346797943
        ],
        [
            0.05173954367637634,
            -0.9939588308334351,
            0.016638219356536865
        ],
        [
            0.05961046740412712,
            -0.9827008247375488,
            -0.008571483194828033
        ],
        [
            0.06731858104467392,
            -0.969836950302124,
            0.002683425322175026
        ],
        [
            0.06288806349039078,
            -0.9788316488265991,
            0.024252798408269882
        ],
        [
            0.07244109362363815,
            -0.9436251521110535,
            0.05257861316204071
        ],
        [
            0.06569074094295502,
            -0.9428512454032898,
            0.07034554332494736
        ],
        [
            0.058999575674533844,
            -0.9585033059120178,
            0.07597523182630539
        ],
        [
            0.06583432108163834,
            -0.961121678352356,
            0.05417251214385033
        ],
        [
            0.04507472366094589,
            -0.978236198425293,
            0.07883760333061218
        ],
        [
            0.05458506941795349,
            -0.9819142818450928,
            0.0529208742082119
        ],
        [
            0.04569832980632782,
            -0.8175424337387085,
            0.0521647073328495
        ],
        [
            0.046585388481616974,
            -0.8362530469894409,
            0.05522853881120682
        ],
        [
            0.04606315493583679,
            -0.7955604791641235,
            0.033981602638959885
        ],
        [
            0.04376659169793129,
            -0.8012807369232178,
            0.05160117894411087
        ],
        [
            0.02705243229866028,
            -0.9933425188064575,
            0.07704170048236847
        ],
        [
            0.03912368789315224,
            -0.998821496963501,
            0.047142550349235535
        ],
        [
            0.03562917560338974,
            -0.9174057245254517,
            0.1091720461845398
        ],
        [
            0.04160308837890625,
            -0.9356387853622437,
            0.10366498678922653
        ],
        [
            0.053303834050893784,
            -0.9239586591720581,
            0.09071043133735657
        ],
        [
            0.04679609090089798,
            -0.9088940620422363,
