{
    "pred_cam": [
        1.433976411819458,
        -0.0031945165246725082,
        0.3465682566165924
    ],
    "pred_smpl_params": {
        "global_orient": [
            [
                [
                    0.9460858702659607,
                    -0.023327661678195,
                    0.32307499647140503
                ],
                [
                    -0.05200585722923279,
                    -0.995403528213501,
                    0.0804196298122406
                ],
                [
                    0.3197139501571655,
                    -0.09288565814495087,
                    -0.9429503679275513
                ]
            ]
        ],
        "body_pose": [
            [
                [
                    0.9953696727752686,
                    0.005910248961299658,
                    -0.09593898802995682
                ],
                [
                    -0.006199459079653025,
                    0.9999771118164062,
                    -0.002716733841225505
                ],
                [
                    0.09592073410749435,
                    0.0032989243045449257,
                    0.9953835606575012
                ]
            ],
            [
                [
                    0.995876133441925,
                    -0.04208151623606682,
                    -0.08037278801202774
                ],
                [
                    0.0440719872713089,
                    0.9987599849700928,
                    0.023153390735387802
                ],
                [
                    0.07929880172014236,
                    -0.026600100100040436,
                    0.9964958429336548
                ]
            ],
            [
                [
                    0.9968565106391907,
                    0.017903797328472137,
                    0.07717816531658173
                ],
                [
                    -0.016113609075546265,
                    0.999587893486023,
                    -0.02375609613955021
                ],
                [
                    -0.07757169008255005,
                    0.022437801584601402,
                    0.9967342019081116
                ]
            ],
            [
                [
                    0.95586097240448,
                    -0.20393900573253632,
                    -0.21151483058929443
                ],
                [
                    -0.0314372293651104,
                    0.6447615623474121,
                    -0.7637369632720947
                ],
                [
                    0.2921324372291565,
                    0.7366759181022644,
                    0.6098911166191101
                ]
            ],
            [
                [
                    0.9769883155822754,
                    -0.1548749953508377,
                    0.14665469527244568
                ],
                [
                    0.212130606174469,
                    0.6338565349578857,
                    -0.743791937828064
                ],
                [
                    0.022236736491322517,
                    0.757785975933075,
                    0.6521241664886475
                ]
            ],
            [
                [
                    0.9952340722084045,
                    0.05403921380639076,
                    0.08117315173149109
                ],
                [
                    -0.06253337860107422,
                    0.992394208908081,
                    0.1060342788696289
                ],
                [
                    -0.07482576370239258,
                    -0.11060494184494019,
                    0.9910438060760498
                ]
            ],
            [
                [
                    0.9607698321342468,
                    0.05071954056620598,
                    0.27266988158226013
                ],
                [
                    -0.07902105152606964,
                    0.9924472570419312,
                    0.09382987767457962
                ],
                [
                    -0.2658514678478241,
                    -0.11169558018445969,
                    0.9575213193893433
                ]
            ],
            [
                [
                    0.9612553715705872,
                    -0.0023773268330842257,
                    -0.27564918994903564
                ],
                [
                    0.029559509828686714,
                    0.9950860738754272,
                    0.09449901431798935
                ],
                [
                    0.27406999468803406,
                    -0.09898573160171509,
                    0.9566020965576172
                ]
            ],
            [
                [
                    0.9957138895988464,
                    0.045173849910497665,
                    0.08070400357246399
                ],
                [
                    -0.03806256502866745,
                    0.9954301714897156,
                    -0.08757924288511276
                ],
                [
                    -0.0842914804816246,
                    0.08413207530975342,
                    0.9928830862045288
                ]
            ],
            [
                [
                    0.9759759306907654,
                    -0.12982867658138275,
                    -0.17497271299362183
                ],
                [
                    0.16198338568210602,
                    0.9694496393203735,
                    0.18419748544692993
                ],
                [
                    0.14571313560009003,
                    -0.20811499655246735,
                    0.967189610004425
                ]
            ],
            [
                [
                    0.9932662844657898,
                    0.10739817470312119,
                    0.043447352945804596
                ],
                [
                    -0.11337435990571976,
                    0.9782378077507019,
                    0.17377299070358276
                ],
                [
                    -0.023838939145207405,
                    -0.17752867937088013,
                    0.9838268160820007
                ]
            ],
            [
                [
                    0.9817330241203308,
                    -0.013517284765839577,
                    -0.18978266417980194
                ],
                [
                    0.039903674274683,
                    0.9899170398712158,
                    0.13591215014457703
                ],
                [
                    0.18603190779685974,
                    -0.14100249111652374,
                    0.9723736643791199
                ]
            ],
            [
                [
                    0.9598174095153809,
                    0.19042634963989258,
                    0.20612655580043793
                ],
                [
                    -0.19496670365333557,
                    0.9808083176612854,
                    0.0017498449888080359
                ],
                [
                    -0.201837420463562,
                    -0.041867345571517944,
                    0.9785236716270447
                ]
            ],
            [
                [
                    0.9636321663856506,
                    -0.18787334859371185,
                    -0.19004374742507935
                ],
                [
                    0.17651322484016418,
                    0.9814222455024719,
                    -0.07518929988145828
                ],
                [
                    0.20063923299312592,
                    0.03890959173440933,
                    0.9788921475410461
                ]
            ],
            [
                [
                    0.9926131367683411,
                    -0.0673992931842804,
                    -0.10087865591049194
                ],
                [
                    0.05042761564254761,
                    0.9854651689529419,
                    -0.1622200906276703
                ],
                [
                    0.11034592986106873,
                    0.15593472123146057,
                    0.9815844297409058
                ]
            ],
            [
                [
                    0.7831064462661743,
                    0.6082372069358826,
                    -0.12958315014839172
                ],
                [
                    -0.621558666229248,
                    0.7722890377044678,
                    -0.13127973675727844
                ],
                [
                    0.020226430147886276,
                    0.18334954977035522,
                    0.9828396439552307
                ]
            ],
            [
                [
                    0.5904233455657959,
                    -0.8065462708473206,
                    -0.029721856117248535
                ],
                [
                    0.8007013201713562,
                    0.5899754166603088,
                    -0.10395374149084091
                ],
                [
                    0.1013786643743515,
                    0.037578389048576355,
                    0.9941379427909851
                ]
            ],
            [
                [
                    0.6199132204055786,
                    -0.19723954796791077,
                    -0.7594763040542603
                ],
                [
                    0.0957530066370964,
                    0.9796738028526306,
                    -0.17626868188381195
                ],
                [
                    0.7788061499595642,
                    0.0365491546690464,
                    0.6261990070343018
                ]
            ],
            [
                [
                    0.7575849294662476,
                    0.26018303632736206,
                    0.5986400246620178
                ],
                [
                    -0.15063366293907166,
                    0.9620558619499207,
                    -0.22750374674797058
                ],
                [
                    -0.6351178288459778,
                    0.08217806369066238,
                    0.7680313587188721
                ]
            ],
            [
                [
                    0.9981514811515808,
                    -0.045676007866859436,
                    -0.040090691298246384
                ],
                [
                    0.0434844046831131,
                    0.9975972771644592,
                    -0.053933750838041306
                ],
                [
                    0.042457837611436844,
                    0.05209073796868324,
                    0.9977393746376038
                ]
            ],
            [
                [
                    0.9995220899581909,
                    0.02820867858827114,
                    0.012647357769310474
                ],
                [
                    -0.026940112933516502,
                    0.9954671263694763,
                    -0.0912114605307579
                ],
                [
                    -0.015162982977926731,
                    0.09082713723182678,
                    0.9957513213157654
                ]
            ],
            [
                [
                    0.9799521565437317,
                    0.19053377211093903,
                    -0.0582294762134552
                ],
                [
                    -0.18321862816810608,
                    0.9766401648521423,
                    0.11227088421583176
                ],
                [
                    0.07826065272092819,
                    -0.09935136884450912,
                    0.9919700026512146
                ]
            ],
            [
                [
                    0.9826217293739319,
                    -0.1839980036020279,
                    0.024480635300278664
                ],
                [
                    0.17829714715480804,
                    0.9722923040390015,
                    0.15118807554244995
                ],
                [
                    -0.05162063241004944,
                    -0.14419585466384888,
                    0.9882018566131592
                ]
            ]
        ],
        "betas": [
            -0.20721477270126343,
            0.10526113212108612,
            0.5863648653030396,
            0.23561209440231323,
            0.06543302536010742,
            0.08852949738502502,
            0.05423763394355774,
            -0.17525607347488403,
            0.09192784875631332,
            -0.12851548194885254
        ]
    },
    "pred_cam_t": [
        -0.0031945165246725082,
        0.3465682566165924,
        27.240684509277344
    ],
    "focal_length": [
        5000.0,
        5000.0
    ],
    "pred_keypoints_3d": [
        [
            0.04332082346081734,
            -0.861628532409668,
            -0.11222545802593231
        ],
        [
            -0.0032353345304727554,
            -0.7416647672653198,
            0.032960765063762665
        ],
        [
            -0.16642321646213531,
            -0.6727622151374817,
            -0.03873301297426224
        ],
        [
            -0.29919862747192383,
            -0.4632381796836853,
            -0.007385462522506714
        ],
        [
            -0.3869413435459137,
            -0.28734034299850464,
            -0.1624608337879181
        ],
        [
            0.12300452589988708,
            -0.6543724536895752,
            0.14209839701652527
        ],
        [
            0.20361915230751038,
            -0.4528292417526245,
            0.2783915400505066
        ],
        [
            0.39562416076660156,
            -0.31955772638320923,
            0.20795166492462158
        ],
        [
            -0.0017487527802586555,
            -0.225725457072258,
            0.027347717434167862
        ],
        [
            -0.06531813740730286,
            -0.13217808306217194,
            0.018779942765831947
        ],
        [
            -0.07640709728002548,
            0.24579258263111115,
            0.04873288422822952
        ],
        [
            -0.0733308270573616,
            0.431631863117218,
            0.39570099115371704
        ],
        [
            0.0638834610581398,
            -0.1386105716228485,
            0.06536278128623962
        ],
        [
            0.10125258564949036,
            0.22782152891159058,
            0.11208470910787582
        ],
        [
            0.1055481806397438,
            0.4141053557395935,
            0.45840704441070557
        ],
        [
            0.0007371455430984497,
            -0.898819625377655,
            -0.08719167113304138
        ],
        [
            0.06481959670782089,
            -0.9023838639259338,
            -0.07139624655246735
        ],
        [
            -0.0604623481631279,
            -0.8768908381462097,
            -0.006579052656888962
        ],
        [
            0.07946473360061646,
            -0.8846722841262817,
            0.028259310871362686
        ],
        [
            0.13148197531700134,
            0.5885376930236816,
            0.37542200088500977
        ],
        [
            0.19298647344112396,
            0.5498258471488953,
            0.4171106517314911
        ],
        [
            0.10607361048460007,
            0.390473335981369,
            0.5258934497833252
        ],
        [
            -0.040310680866241455,
            0.6046764850616455,
            0.30888715386390686
        ],
        [
            -0.11704137176275253,
            0.5826182961463928,
            0.33958473801612854
        ],
        [
            -0.0870862826704979,
            0.4186836779117584,
            0.4678295850753784
        ],
        [
            -0.1012282520532608,
            0.3868939280509949,
            0.3708685040473938
        ],
        [
            -0.07710906863212585,
            0.19066846370697021,
            0.030520424246788025
        ],
        [
            -0.14294852316379547,
            -0.24929141998291016,
            -0.01687592640519142
        ],
        [
            0.13067078590393066,
            -0.24972912669181824,
            0.09007909893989563
        ],
        [
            0.11247014999389648,
            0.19195431470870972,
            0.10371917486190796
        ],
        [
            0.11102434992790222,
            0.37270113825798035,
            0.44841939210891724
        ],
        [
            -0.3581179976463318,
            -0.308646559715271,
            -0.17118752002716064
        ],
        [
            -0.3142119348049164,
            -0.49217331409454346,
            -0.03454586863517761
        ],
        [
            -0.1367732286453247,
            -0.6983770132064819,
            -0.022219784557819366
        ],
        [
            0.10145018994808197,
            -0.6850986480712891,
            0.12731987237930298
        ],
        [
            0.23451949656009674,
            -0.49321556091308594,
            0.2686944305896759
        ],
        [
            0.39079582691192627,
            -0.3409650921821594,
            0.2020346075296402
        ],
        [
            -0.004923350643366575,
            -0.7431274652481079,
            0.03722493350505829
        ],
        [
            0.013148590922355652,
            -0.9342954158782959,
            0.00045274337753653526
        ],
        [
            -0.005684764590114355,
            -0.24960669875144958,
            0.03745733201503754
        ],
        [
            -0.014290692284703255,
            -0.6890573501586914,
            0.04759526997804642
        ],
        [
            -0.018290620297193527,
            -0.49975642561912537,
            0.0355830192565918
        ],
        [
            0.033218976110219955,
            -0.830839216709137,
            -0.03889266029000282
        ],
        [
            0.005047649145126343,
            -0.9523459076881409,
            0.008580716326832771
        ]
    ],
    "pred_vertices": [
        [
            0.07274853438138962,
            -0.9486218690872192,
            -0.06578473746776581
        ],
        [
            0.06912356615066528,
            -0.9346719980239868,
            -0.07378606498241425
        ],
        [
            0.07765186578035355,
            -0.9308280944824219,
            -0.06315121054649353
        ],
        [
            0.08080035448074341,
            -0.9412167072296143,
            -0.05198369547724724
        ],
        [
            0.07591558992862701,
            -0.9223475456237793,
            -0.06996947526931763
        ],
        [
            0.06797535717487335,
            -0.9235261082649231,
            -0.07942243665456772
        ],
        [
            0.08169379085302353,
            -0.9244012832641602,
            -0.051691118627786636
        ],
        [
            0.08382093906402588,
            -0.9312381148338318,
            -0.039588812738657
        ],
        [
            0.08782343566417694,
            -0.8889175653457642,
            -0.04187789559364319
        ],
        [
            0.08919157087802887,
            -0.8838545083999634,
            -0.032037317752838135
        ],
        [
            0.08833903819322586,
            -0.8953793048858643,
            -0.03246847540140152
        ],
        [
            0.08566835522651672,
            -0.8972965478897095,
            -0.04241388663649559
        ],
        [
            0.08762115240097046,
            -0.8625566959381104,
            -0.04018741101026535
        ],
        [
            0.08448641002178192,
            -0.8538452386856079,
            -0.05043286085128784
        ],
        [
            0.0846886932849884,
            -0.8440368175506592,
            -0.040878698229789734
        ],
        [
            0.0864109992980957,
            -0.8521342873573303,
            -0.030382318422198296
        ],
        [
            0.05841585248708725,
            -0.8685365915298462,
            -0.0804484561085701
        ],
        [
            0.06378872692584991,
            -0.8621324300765991,
            -0.0782741904258728
        ],
        [
            0.0669303834438324,
            -0.8688584566116333,
            -0.07625368237495422
        ],
        [
            0.060737937688827515,
            -0.8744168281555176,
            -0.07831431925296783
        ],
        [
            0.05022546648979187,
            -0.8779089450836182,
            -0.08826802670955658
        ],
        [
            0.04994567856192589,
            -0.883102297782898,
            -0.08452662825584412
        ],
        [
            0.04638143628835678,
            -0.887184739112854,
            -0.09031480550765991
        ],
        [
            0.047843459993600845,
            -0.8813837766647339,
            -0.094931960105896
        ],
        [
            0.0534832626581192,
            -0.8631463646888733,
            -0.08204784989356995
        ],
        [
            0.05912384018301964,
            -0.8565181493759155,
            -0.07936184853315353
        ],
        [
            0.05389510840177536,
            -0.8741211891174316,
            -0.08291589468717575
        ],
        [
            0.052729975432157516,
            -0.8693341016769409,
            -0.08581006526947021
        ],
        [
            0.05299709737300873,
            -0.8641970157623291,
            -0.09666763246059418
        ],
        [
            0.05375213176012039,
            -0.8687223196029663,
            -0.09466223418712616
        ],
        [
            0.05218235403299332,
            -0.8701944351196289,
            -0.10214625298976898
        ],
        [
            0.051242895424366,
            -0.8646848201751709,
            -0.1020941287279129
        ],
        [
            0.053080666810274124,
            -0.8626564741134644,
            -0.08719182014465332
        ],
        [
            0.05419805273413658,
            -0.8657751083374023,
            -0.08966417610645294
        ],
        [
            0.052742987871170044,
            -0.862207293510437,
            -0.09268441796302795
        ],
        [
            0.05059688910841942,
            -0.859767735004425,
            -0.08993490040302277
        ],
        [
            0.05062737315893173,
            -0.8737277984619141,
            -0.09149066358804703
        ],
        [
            0.0495804026722908,
            -0.8761593103408813,
            -0.09875428676605225
        ],
        [
            0.047688912600278854,
            -0.8781131505966187,
            -0.10644619166851044
        ],
        [
            0.050077375024557114,
            -0.8700642585754395,
            -0.1099177747964859
        ],
        [
            0.07316599041223526,
            -0.8484464883804321,
            -0.06966271251440048
        ],
        [
            0.06917727738618851,
            -0.8554453253746033,
            -0.07499957829713821
        ],
        [
            0.064493328332901,
            -0.8504958152770996,
            -0.0765020027756691
        ],
        [
            0.0685354471206665,
            -0.8449474573135376,
            -0.07265658676624298
        ],
        [
            0.051003530621528625,
            -0.856471598148346,
            -0.08651815354824066
        ],
        [
            0.055659931153059006,
            -0.8408203721046448,
            -0.08636707812547684
        ],
        [
            0.055719055235385895,
            -0.8446288108825684,
            -0.08632141351699829
        ],
        [
            0.051006633788347244,
            -0.8455532789230347,
            -0.09169502556324005
        ],
        [
            0.051574744284152985,
            -0.8420330286026001,
            -0.09142589569091797
        ],
        [
            0.07622965425252914,
            -0.8336329460144043,
            -0.06019285321235657
        ],
        [
            0.07198306918144226,
            -0.8327980637550354,
            -0.06601819396018982
        ],
        [
            0.07203870266675949,
            -0.8257418870925903,
            -0.06355725973844528
        ],
        [
            0.07548633217811584,
            -0.8251153826713562,
            -0.05659828335046768
        ],
        [
            0.06996134668588638,
            -0.8199737668037415,
            -0.06305649131536484
        ],
        [
            0.07374969124794006,
            -0.8170572519302368,
            -0.053892381489276886
        ],
        [
            0.06607907265424728,
            -0.8030946254730225,
            -0.0570027232170105
        ],
        [
            0.07007838785648346,
            -0.8092318177223206,
            -0.055090565234422684
        ],
        [
            0.06684944033622742,
            -0.8144141435623169,
            -0.06478915363550186
        ],
        [
            0.06322579085826874,
            -0.8094756007194519,
            -0.06955200433731079
        ],
        [
            0.05395392328500748,
            -0.8141084909439087,
            -0.08164548873901367
        ],
        [
            0.049287911504507065,
            -0.8128871917724609,
            -0.08588237315416336
        ],
        [
            0.05384630709886551,
            -0.8010660409927368,
            -0.08289805054664612
        ],
        [
            0.058633286505937576,
            -0.8045409917831421,
            -0.07664716988801956
        ],
        [
            0.054727617651224136,
            -0.835192084312439,
            -0.08235954493284225
        ],
        [
            0.057531535625457764,
            -0.8351992964744568,
            -0.07854202389717102
        ],
        [
            0.05831518769264221,
            -0.8368664979934692,
            -0.08058996498584747
        ],
        [
            0.055439241230487823,
            -0.8380008935928345,
            -0.08495165407657623
        ],
        [
            0.06022205203771591,
            -0.8349687457084656,
            -0.07563146948814392
        ],
        [
            0.06149577349424362,
            -0.834740936756134,
            -0.07443565130233765
        ],
        [
            0.061610352247953415,
            -0.8361106514930725,
            -0.07565392553806305
        ],
        [
            0.060249656438827515,
            -0.835699200630188,
            -0.07638406753540039
        ],
        [
            0.0586727149784565,
            -0.835312008857727,
            -0.07751864194869995
        ],
        [
            0.05805496498942375,
            -0.8333829641342163,
            -0.07828615605831146
        ],
        [
            0.05964133143424988,
            -0.8341821432113647,
            -0.07637715339660645
        ],
        [
            0.05567057058215141,
            -0.8326277732849121,
            -0.08204770088195801
        ],
        [
            0.046125590801239014,
            -0.8299775123596191,
            -0.09329286217689514
        ],
        [
            0.04952195659279823,
            -0.8309664130210876,
            -0.09069520980119705
        ],
        [
            0.04765859991312027,
            -0.8352484703063965,
            -0.09012347459793091
        ],
        [
            0.044659242033958435,
            -0.8346228003501892,
            -0.09224527329206467
        ],
        [
            0.06025870144367218,
            -0.837502121925354,
            -0.07805413007736206
        ],
        [
            0.06260978430509567,
            -0.839618444442749,
            -0.07653848826885223
        ],
        [
            0.06004864722490311,
            -0.8423922657966614,
            -0.08083933591842651
        ],
        [
            0.05897585302591324,
            -0.8395603895187378,
            -0.08074554800987244
        ],
        [
            0.06502562016248703,
            -0.8415536880493164,
            -0.07552138715982437
        ],
        [
            0.06344780325889587,
            -0.8373178243637085,
            -0.07433431595563889
        ],
        [
            0.0659511536359787,
            -0.8377554416656494,
            -0.07275868952274323
        ],
        [
            0.0611349493265152,
            -0.8329463005065918,
            -0.07465000450611115
        ],
        [
            0.06328178942203522,
            -0.8312824368476868,
            -0.07244040071964264
        ],
        [
            0.06388858705759048,
            -0.8340476751327515,
            -0.07312004268169403
        ],
        [
            0.06184151768684387,
            -0.8280240297317505,
            -0.07363326847553253
        ],
        [
            0.059408657252788544,
            -0.8310613632202148,
            -0.07651787251234055
        ],
        [
            0.05714293569326401,
            -0.8293015360832214,
            -0.0802808329463005
        ],
        [
            0.05400523915886879,
            -0.8277327418327332,
            -0.08509208261966705
        ],
        [
            0.055638499557971954,
            -0.8228916525840759,
            -0.08155781030654907
        ],
        [
            0.05932333692908287,
            -0.8251330256462097,
            -0.0770350992679596
        ],
        [
            0.06133405864238739,
            -0.845801830291748,
            -0.07947208732366562
        ],
        [
            0.06730671226978302,
            -0.8334330916404724,
            -0.06998938322067261
        ],
        [
            0.07043991982936859,
            -0.8398354053497314,
            -0.0688842386007309
        ],
        [
            0.06716302037239075,
            -0.8285645246505737,
            -0.0691213607788086
        ],
        [
            0.06545176357030869,
            -0.8240548372268677,
            -0.06959427893161774
        ],
        [
            0.06252922862768173,
            -0.8201356530189514,
            -0.07183397561311722
        ],
        [
            0.058482833206653595,
            -0.8167768120765686,
            -0.07690559327602386
        ],
        [
            0.053408410400152206,
            -0.7922059297561646,
            -0.0713520348072052
        ],
        [
            0.05981745943427086,
            -0.7970731258392334,
            -0.06464961916208267
        ],
        [
            0.06578695774078369,
            -0.9162328243255615,
            -0.07793763279914856
        ],
        [
            0.07330716401338577,
            -0.9152199029922485,
            -0.07288645207881927
        ],
        [
            0.07271914184093475,
            -0.9073975682258606,
            -0.06828470528125763
        ],
        [
            0.07457238435745239,
            -0.9103459119796753,
            -0.06737666577100754
        ],
        [
            0.07012578845024109,
            -0.9110983610153198,
            -0.0722077265381813
        ],
        [
            0.06960991770029068,
            -0.9083682298660278,
            -0.07179178297519684
        ],
        [
            0.08158498257398605,
            -0.899552583694458,
            -0.05000722408294678
        ],
        [
            0.07830867171287537,
            -0.9014369249343872,
            -0.05586520954966545
        ],
        [
            0.07847511768341064,
            -0.8976616859436035,
            -0.05441967397928238
        ],
        [
            0.08348062634468079,
            -0.893134355545044,
            -0.049160201102495193
        ],
        [
            0.07383054494857788,
            -0.8902595043182373,
            -0.06373415887355804
        ],
        [
            0.07687175273895264,
            -0.8914967179298401,
            -0.05925602838397026
        ],
        [
            0.07365873456001282,
            -0.8981102705001831,
            -0.0626843124628067
        ],
        [
            0.07149504125118256,
            -0.897210955619812,
            -0.06602589040994644
        ],
        [
            0.06855031847953796,
            -0.8967163562774658,
            -0.06916020065546036
        ],
        [
            0.06486307084560394,
            -0.8967540264129639,
            -0.07148034870624542
        ],
        [
            0.06513851881027222,
            -0.8912258148193359,
            -0.07115690410137177
        ],
        [
            0.0696086585521698,
            -0.8903672099113464,
            -0.06803537905216217
        ],
        [
            0.0643373653292656,
            -0.912045419216156,
            -0.07544749230146408
        ],
        [
            0.057348307222127914,
            -0.9110445976257324,
            -0.0771334171295166
        ],
        [
            0.058538228273391724,
            -0.9079983234405518,
            -0.07624039053916931
        ],
        [
            0.064606674015522,
            -0.9088315963745117,
            -0.07512815296649933
        ],
        [
            0.047718312591314316,
            -0.900930643081665,
            -0.07454603910446167
        ],
        [
            0.04904390498995781,
            -0.9035100340843201,
            -0.07511641085147858
        ],
        [
            0.046011392027139664,
            -0.9049025774002075,
            -0.07719498127698898
        ],
        [
            0.04511948674917221,
            -0.9002888202667236,
            -0.0768156573176384
        ],
        [
            0.04739898815751076,
            -0.8972651958465576,
            -0.07639175653457642
        ],
        [
            0.04913431778550148,
            -0.8992762565612793,
            -0.07473151385784149
        ],
        [
            0.06332091987133026,
            -0.9696247577667236,
            -0.0653110146522522
        ],
        [
            0.0614437609910965,
            -0.952812910079956,
            -0.07654976844787598
        ],
        [
            0.07496971637010574,
            -0.9621747732162476,
            -0.05032845586538315
        ],
        [
            0.08179140090942383,
            -0.9510679244995117,
            -0.037133920937776566
        ],
        [
            0.08578218519687653,
            -0.9375714659690857,
            -0.025936542078852654
        ],
        [
            0.08078496903181076,
            -0.8375837802886963,
            -0.05133303627371788
        ],
        [
            0.0806943029165268,
            -0.8282565474510193,
            -0.04526938125491142
        ],
        [
            0.08407759666442871,
            -0.8348530530929565,
            -0.031523916870355606
        ],
        [
            0.08098463714122772,
            -0.8242107629776001,
            -0.027308857068419456
        ],
        [
            0.07802952080965042,
            -0.8177448511123657,
            -0.04197259992361069
        ],
        [
            0.0650871992111206,
            -0.7996498346328735,
            -0.042765114456415176
        ],
        [
            0.07286494225263596,
            -0.8075859546661377,
            -0.0410933718085289
        ],
        [
            0.0743539035320282,
            -0.8141809105873108,
            -0.023148953914642334
        ],
        [
            0.07617886364459991,
            -0.8254806995391846,
            -0.006453031674027443
        ],
        [
            0.08174411952495575,
            -0.8330861926078796,
            -0.01355777308344841
        ],
        [
            0.07547721266746521,
            -0.8402302265167236,
            0.006844751536846161
        ],
        [
            0.06785852462053299,
            -0.8173317909240723,
            0.0038053966127336025
        ],
        [
            0.07015009969472885,
            -0.8382565975189209,
            0.014274177141487598
        ],
        [
            0.05724458768963814,
            -0.7802982330322266,
            -0.002819480374455452
        ],
        [
            0.05797129124403,
            -0.7680470943450928,
            0.0023919306695461273
        ],
        [
            0.06166287511587143,
            -0.7742100358009338,
            0.018605072051286697
        ],
        [
            0.06257602572441101,
            -0.7864307761192322,
            0.013683384284377098
        ],
        [
            0.08535004407167435,
            -0.8420750498771667,
            -0.0209575854241848
        ],
        [
            0.08700044453144073,
            -0.9062912464141846,
            -0.023566104471683502
        ],
        [
            0.08613772690296173,
            -0.9062377214431763,
            -0.03586732968688011
        ],
        [
            0.088327556848526,
            -0.8930102586746216,
            -0.020859261974692345
        ],
        [
            0.08188106119632721,
            -0.964051365852356,
            -0.0016823168843984604
        ],
        [
            0.08235083520412445,
            -0.9601879119873047,
            -0.02024836465716362
        ],
        [
            0.08723996579647064,
            -0.9441690444946289,
            -0.012659136205911636
        ],
        [
            0.08633927255868912,
            -0.9498125910758972,
            0.004077548161149025
        ],
        [
            0.0567062571644783,
            -0.9981322288513184,
            -0.01637047901749611
        ],
        [
            0.06206406280398369,
            -0.9869396686553955,
            -0.041839368641376495
        ],
        [
            0.07165199518203735,
            -0.9747872352600098,
            -0.03158716484904289
        ],
        [
            0.06930883228778839,
            -0.9839707612991333,
            -0.01022915169596672
        ],
        [
            0.08462026715278625,
            -0.9507632255554199,
            0.01735721156001091
        ],
        [
            0.08013872057199478,
            -0.9504435062408447,
            0.035789381712675095
        ],
        [
            0.07351171970367432,
            -0.9656459093093872,
            0.042089927941560745
        ],
        [
            0.07730422168970108,
            -0.9677556157112122,
            0.019487928599119186
        ],
        [
            0.05866214632987976,
            -0.9845396280288696,
            0.0459710992872715
        ],
        [
            0.06460902094841003,
            -0.9876382946968079,
            0.019208170473575592
        ],
        [
            0.06541616469621658,
            -0.8236975073814392,
            0.024348558858036995
        ],
        [
            0.06593749672174454,
            -0.8420357704162598,
            0.02649190090596676
        ],
        [
            0.06366676092147827,
            -0.8009071350097656,
            0.007028812542557716
        ],
        [
            0.06418649852275848,
            -0.8073529005050659,
            0.024601571261882782
        ],
        [
            0.039427682757377625,
            -0.9983108639717102,
            0.04635407775640488
        ],
        [
            0.0473940409719944,
            -1.0033866167068481,
            0.015222489833831787
        ],
        [
            0.057016100734472275,
            -0.9247740507125854,
            0.07836570590734482
        ],
        [
            0.06089642643928528,
            -0.9431988000869751,
            0.07210111618041992
        ],
        [
            0.07176569104194641,
            -0.9317975044250488,
            0.058061569929122925
        ],
        [
            0.06696547567844391,
            -0.9163991212844849,
            0.06561344861984253
        ],
