{
    "pred_cam": [
        1.4378175735473633,
        0.02680390514433384,
        0.3552982807159424
    ],
    "pred_smpl_params": {
        "global_orient": [
            [
                [
                    0.968144416809082,
                    -0.0155161889269948,
                    0.2499113380908966
                ],
                [
                    -0.03718254342675209,
                    -0.9959211349487305,
                    0.08220983296632767
                ],
                [
                    0.24761642515659332,
                    -0.08888332545757294,
                    -0.9647724032402039
                ]
            ]
        ],
        "body_pose": [
            [
                [
                    0.9965683221817017,
                    0.036153629422187805,
                    -0.07446075230836868
                ],
                [
                    -0.03576649725437164,
                    0.9993388652801514,
                    0.006526488345116377
                ],
                [
                    0.07464747875928879,
                    -0.0038408918771892786,
                    0.9972025156021118
                ]
            ],
            [
                [
                    0.9979966878890991,
                    -0.034785110503435135,
                    -0.05284547433257103
                ],
                [
                    0.036772944033145905,
                    0.9986339211463928,
                    0.03712109103798866
                ],
                [
                    0.051482025533914566,
                    -0.03899000585079193,
                    0.9979125261306763
                ]
            ],
            [
                [
                    0.9975488185882568,
                    0.012341183610260487,
                    0.0688767284154892
                ],
                [
                    -0.010072809644043446,
                    0.9993985295295715,
                    -0.033184342086315155
                ],
                [
                    -0.06924483180046082,
                    0.032409220933914185,
                    0.9970731139183044
                ]
            ],
            [
                [
                    0.9715722799301147,
                    -0.14969520270824432,
                    -0.18340790271759033
                ],
                [
                    -0.057829517871141434,
                    0.601180374622345,
                    -0.7970179915428162
                ],
                [
                    0.22957107424736023,
                    0.7849671244621277,
                    0.5754333734512329
                ]
            ],
            [
                [
                    0.9802236557006836,
                    -0.1155351921916008,
                    0.1606651097536087
                ],
                [
                    0.1975523978471756,
                    0.6189109683036804,
                    -0.7602120637893677
                ],
                [
                    -0.01160614937543869,
                    0.776917576789856,
                    0.6294954419136047
                ]
            ],
            [
                [
                    0.9958662390708923,
                    0.04469503089785576,
                    0.07907429337501526
                ],
                [
                    -0.051509931683540344,
                    0.9949319362640381,
                    0.08635544031858444
                ],
                [
                    -0.07481387257575989,
                    -0.09007158130407333,
                    0.9931213855743408
                ]
            ],
            [
                [
                    0.968042254447937,
                    0.0045133717358112335,
                    0.2507464587688446
                ],
                [
                    -0.03326365351676941,
                    0.9933149218559265,
                    0.11053977906703949
                ],
                [
                    -0.2485712766647339,
                    -0.11534792929887772,
                    0.9617209434509277
                ]
            ],
            [
                [
                    0.9678593873977661,
                    0.020646382123231888,
                    -0.25064313411712646
                ],
                [
                    0.0023496439680457115,
                    0.9958386421203613,
                    0.0911039486527443
                ],
                [
                    0.2514810860157013,
                    -0.0887647271156311,
                    0.9637832641601562
                ]
            ],
            [
                [
                    0.9968590140342712,
                    0.03282448276877403,
                    0.07207488268613815
                ],
                [
                    -0.027800653129816055,
                    0.997185230255127,
                    -0.06963257491588593
                ],
                [
                    -0.07415766268968582,
                    0.06741011887788773,
                    0.9949656128883362
                ]
            ],
            [
                [
                    0.9857645034790039,
                    -0.08364292234182358,
                    -0.14585010707378387
                ],
                [
                    0.10797534137964249,
                    0.9798851609230042,
                    0.16782839596271515
                ],
                [
                    0.12887869775295258,
                    -0.1811874806880951,
                    0.974967360496521
                ]
            ],
            [
                [
                    0.9955315589904785,
                    0.0793018639087677,
                    0.051264502108097076
                ],
                [
                    -0.08667445182800293,
                    0.98284512758255,
                    0.16279713809490204
                ],
                [
                    -0.03747495263814926,
                    -0.16651302576065063,
                    0.9853267669677734
                ]
            ],
            [
                [
                    0.9848608374595642,
                    0.008990024216473103,
                    -0.17311392724514008
                ],
                [
                    0.01679195836186409,
                    0.9890100955963135,
                    0.1468914896249771
                ],
                [
                    0.17253197729587555,
                    -0.14757458865642548,
                    0.9738863706588745
                ]
            ],
            [
                [
                    0.9349777698516846,
                    0.3184613585472107,
                    0.1562013328075409
                ],
                [
                    -0.318123459815979,
                    0.9476404786109924,
                    -0.02783888392150402
                ],
                [
                    -0.15688830614089966,
                    -0.023662572726607323,
                    0.987332820892334
                ]
            ],
            [
                [
                    0.9522347450256348,
                    -0.280472993850708,
                    -0.12076348811388016
                ],
                [
                    0.2731156349182129,
                    0.9591287970542908,
                    -0.0740252286195755
                ],
                [
                    0.13658982515335083,
                    0.03750700503587723,
                    0.9899173378944397
                ]
            ],
            [
                [
                    0.9941685795783997,
                    -0.062443047761917114,
                    -0.08791880309581757
                ],
                [
                    0.046986885368824005,
                    0.9846625328063965,
                    -0.1680237352848053
                ],
                [
                    0.09706226736307144,
                    0.16291287541389465,
                    0.9818545579910278
                ]
            ],
            [
                [
                    0.6590848565101624,
                    0.7322100400924683,
                    -0.1716843694448471
                ],
                [
                    -0.7519077062606812,
                    0.6462661623954773,
                    -0.13028748333454132
                ],
                [
                    0.015555997379124165,
                    0.21496129035949707,
                    0.9764986634254456
                ]
            ],
            [
                [
                    0.5995620489120483,
                    -0.799685001373291,
                    0.03208239749073982
                ],
                [
                    0.7986796498298645,
                    0.5952743887901306,
                    -0.08808641880750656
                ],
                [
                    0.05134355649352074,
                    0.07843682914972305,
                    0.9955960512161255
                ]
            ],
            [
                [
                    0.7702760696411133,
                    -0.18349432945251465,
                    -0.6107410192489624
                ],
                [
                    0.08859213441610336,
                    0.9792127013206482,
                    -0.18246617913246155
                ],
                [
                    0.6315268874168396,
                    0.0864424854516983,
                    0.7705202698707581
                ]
            ],
            [
                [
                    0.8563327789306641,
                    0.20367655158042908,
                    0.47456300258636475
                ],
                [
                    -0.12223177403211594,
                    0.9727668762207031,
                    -0.1969364732503891
                ],
                [
                    -0.5017505288124084,
                    0.11063648760318756,
                    0.8579078912734985
                ]
            ],
            [
                [
                    0.9999276995658875,
                    -0.008993304334580898,
                    -0.00798744335770607
                ],
                [
                    0.008373218588531017,
                    0.9971832036972046,
                    -0.07453526556491852
                ],
                [
                    0.00863526202738285,
                    0.07446299493312836,
                    0.9971864223480225
                ]
            ],
            [
                [
                    0.9999385476112366,
                    -0.0021392740309238434,
                    -0.0108749745413661
                ],
                [
                    0.0006037486018612981,
                    0.9902521371841431,
                    -0.13928508758544922
                ],
                [
                    0.011066937819123268,
                    0.13926996290683746,
                    0.9901925921440125
                ]
            ],
            [
                [
                    0.9743399620056152,
                    0.2135019302368164,
                    -0.07126433402299881
                ],
                [
                    -0.20327363908290863,
                    0.9706249833106995,
                    0.12871305644512177
                ],
                [
                    0.09665141254663467,
                    -0.11092410236597061,
                    0.9891180396080017
                ]
            ],
            [
                [
                    0.9775097370147705,
                    -0.207266703248024,
                    0.038925547152757645
                ],
                [
                    0.1979837715625763,
                    0.9654985666275024,
                    0.1691596657037735
                ],
                [
                    -0.07264372706413269,
                    -0.15764859318733215,
                    0.9848197102546692
                ]
            ]
        ],
        "betas": [
            -0.1787988245487213,
            0.06900724768638611,
            0.40392789244651794,
            0.0757630467414856,
            0.059988200664520264,
            0.10087529569864273,
            0.04624837636947632,
            -0.14734560251235962,
            0.09076046198606491,
            -0.14485883712768555
        ]
    },
    "pred_cam_t": [
        0.02680390514433384,
        0.3552982807159424,
        27.167911529541016
    ],
    "focal_length": [
        5000.0,
        5000.0
    ],
    "pred_keypoints_3d": [
        [
            0.03738991916179657,
            -0.8548620939254761,
            -0.12164249271154404
        ],
        [
            -0.0003203633241355419,
            -0.7371871471405029,
            0.026876015588641167
        ],
        [
            -0.16959509253501892,
            -0.656366229057312,
            -0.0336012989282608
        ],
        [
            -0.2786136269569397,
            -0.4329201281070709,
            0.00347929447889328
        ],
        [
            -0.3605715334415436,
            -0.22530509531497955,
            -0.11269790679216385
        ],
        [
            0.13958103954792023,
            -0.6412194967269897,
            0.1231604814529419
        ],
        [
            0.17826834321022034,
            -0.40559619665145874,
            0.21974767744541168
        ],
        [
            0.3113325238227844,
            -0.21302126348018646,
            0.14647522568702698
        ],
        [
            -0.0016560289077460766,
            -0.22387786209583282,
            0.027704155072569847
        ],
        [
            -0.06723881512880325,
            -0.13136321306228638,
            0.02353336103260517
        ],
        [
            -0.08331845700740814,
            0.24803349375724792,
            0.04748447611927986
        ],
        [
            -0.08413007110357285,
            0.43578773736953735,
            0.3954451084136963
        ],
        [
            0.06561202555894852,
            -0.13582241535186768,
            0.06037787348031998
        ],
        [
            0.09056533128023148,
            0.233900249004364,
            0.09924054145812988
        ],
        [
            0.08038085699081421,
            0.40748053789138794,
            0.4539620578289032
        ],
        [
            -0.0027382876724004745,
            -0.89311683177948,
            -0.09447597712278366
        ],
        [
            0.062302328646183014,
            -0.8956471681594849,
            -0.08283887058496475
        ],
        [
            -0.05859691649675369,
            -0.8730447292327881,
            -0.00991155207157135
        ],
        [
            0.08320628851652145,
            -0.8786197900772095,
            0.015605950728058815
        ],
        [
            0.0966394916176796,
            0.5855190753936768,
            0.3756380081176758
        ],
        [
            0.16031751036643982,
            0.5491050481796265,
            0.41535940766334534
        ],
        [
            0.08338490128517151,
            0.3809952139854431,
            0.5194370746612549
        ],
        [
            -0.05288790166378021,
            0.6095340847969055,
            0.3099648356437683
        ],
        [
            -0.13018594682216644,
            0.5864560008049011,
            0.3380797505378723
        ],
        [
            -0.0984727144241333,
            0.4219644069671631,
            0.4666638970375061
        ],
        [
            -0.11119918525218964,
            0.3900146484375,
            0.36967170238494873
        ],
        [
            -0.08302545547485352,
            0.19185598194599152,
            0.030450928956270218
        ],
        [
            -0.14587007462978363,
            -0.24987153708934784,
            -0.005489978939294815
        ],
        [
            0.1364751011133194,
            -0.24584566056728363,
            0.0811414048075676
        ],
        [
            0.10293861478567123,
            0.1979435384273529,
            0.09033805131912231
        ],
        [
            0.0888495221734047,
            0.3667275905609131,
            0.44125813245773315
        ],
        [
            -0.3341349959373474,
            -0.245795339345932,
            -0.1263604760169983
        ],
        [
            -0.29615506529808044,
            -0.45826175808906555,
            -0.02439277432858944
        ],
        [
            -0.13894248008728027,
            -0.6856842041015625,
            -0.019322894513607025
        ],
        [
            0.1150207370519638,
            -0.6734827160835266,
            0.11025442183017731
        ],
        [
            0.21813422441482544,
            -0.437145859003067,
            0.209061861038208
        ],
        [
            0.31292954087257385,
            -0.23379889130592346,
            0.14043772220611572
        ],
        [
            0.0002658790908753872,
            -0.7342655658721924,
            0.030207693576812744
        ],
        [
            0.016034968197345734,
            -0.9292125701904297,
            -0.0083316620439291
        ],
        [
            -0.004133678041398525,
            -0.24810245633125305,
            0.038563601672649384
        ],
        [
            -0.009361619129776955,
            -0.6778668165206909,
            0.0407797135412693
        ],
        [
            -0.014173916541039944,
            -0.49476659297943115,
            0.03687513247132301
        ],
        [
            0.03169265016913414,
            -0.8248962163925171,
            -0.047683052718639374
        ],
        [
            0.008820087648928165,
            -0.9474622011184692,
            6.151199340820312e-05
        ]
    ],
    "pred_vertices": [
        [
            0.07128310203552246,
            -0.9418145418167114,
            -0.07816389203071594
        ],
        [
            0.06688740104436874,
            -0.9278959035873413,
            -0.08581532537937164
        ],
        [
            0.0760132223367691,
            -0.9239593744277954,
            -0.07568483054637909
        ],
        [
            0.07994375377893448,
            -0.9344391822814941,
            -0.06475500017404556
        ],
        [
            0.07371801137924194,
            -0.9153988361358643,
            -0.0823625698685646
        ],
        [
            0.06525151431560516,
            -0.9166463613510132,
            -0.09116744995117188
        ],
        [
            0.08078344166278839,
            -0.9175902605056763,
            -0.06447608768939972
        ],
        [
            0.0838499516248703,
            -0.9244270324707031,
            -0.05264613404870033
        ],
        [
            0.08692404627799988,
            -0.8820322751998901,
            -0.054677072912454605
        ],
        [
            0.08892292529344559,
            -0.8770350813865662,
            -0.044907040894031525
        ],
        [
            0.08827396482229233,
            -0.8886194825172424,
            -0.04545276612043381
        ],
        [
            0.08494982123374939,
            -0.8904405832290649,
            -0.055192410945892334
        ],
        [
            0.08634541928768158,
            -0.8557467460632324,
            -0.05273103713989258
        ],
        [
            0.08233925700187683,
            -0.847025990486145,
            -0.06264913082122803
        ],
        [
            0.0829828679561615,
            -0.8373125791549683,
            -0.05307990312576294
        ],
        [
            0.0855453759431839,
            -0.8454638123512268,
            -0.04278264194726944
        ],
        [
            0.054649338126182556,
            -0.861802339553833,
            -0.09103964269161224
        ],
        [
            0.0600302591919899,
            -0.8553566932678223,
            -0.08916720747947693
        ],
        [
            0.06338253617286682,
            -0.8620262742042542,
            -0.08735932409763336
        ],
        [
            0.05720410868525505,
            -0.8676644563674927,
            -0.08910148590803146
        ],
        [
            0.046193547546863556,
            -0.8712142705917358,
            -0.09841908514499664
        ],
        [
            0.04627642035484314,
            -0.8764786124229431,
            -0.09472476691007614
        ],
        [
            0.042402233928442,
            -0.8805733919143677,
            -0.10031559318304062
        ],
        [
            0.043401189148426056,
            -0.8746641874313354,
            -0.10493835806846619
        ],
        [
            0.0495619997382164,
            -0.8564668297767639,
            -0.09230421483516693
        ],
        [
            0.05525648593902588,
            -0.8498095870018005,
            -0.08996470272541046
        ],
        [
            0.05011342465877533,
            -0.8674378395080566,
            -0.09328676760196686
        ],
        [
            0.04868832975625992,
            -0.8626022338867188,
            -0.09603029489517212
        ],
        [
            0.04811669886112213,
            -0.857332706451416,
            -0.10685873031616211
        ],
        [
            0.04909742623567581,
            -0.8618913888931274,
            -0.10493774712085724
        ],
        [
            0.047063861042261124,
            -0.8633124232292175,
            -0.11230878531932831
        ],
        [
            0.04601380228996277,
            -0.8578193187713623,
            -0.11215576529502869
        ],
        [
            0.04884791001677513,
            -0.8558882474899292,
            -0.09738501161336899
        ],
        [
            0.04984483867883682,
            -0.8589608669281006,
            -0.09994720667600632
        ],
        [
            0.04812193661928177,
            -0.855380654335022,
            -0.1028396338224411
        ],
        [
            0.04615391790866852,
            -0.8530089855194092,
            -0.09995774924755096
        ],
        [
            0.046317484229803085,
            -0.8669804334640503,
            -0.10159732401371002
        ],
        [
            0.044804662466049194,
            -0.8693585991859436,
            -0.1088043749332428
        ],
        [
            0.04239930212497711,
            -0.8712625503540039,
            -0.11634883284568787
        ],
        [
            0.04440487548708916,
            -0.8631423115730286,
            -0.11987558007240295
        ],
        [
            0.06974270194768906,
            -0.8416447639465332,
            -0.0811118334531784
        ],
        [
            0.06552490592002869,
            -0.8486305475234985,
            -0.08621066808700562
        ],
        [
            0.06070946156978607,
            -0.8437334299087524,
            -0.0874204933643341
        ],
        [
            0.06489941477775574,
            -0.8381688594818115,
            -0.08379597961902618
        ],
        [
            0.04671676456928253,
            -0.849760890007019,
            -0.09650883078575134
        ],
        [
            0.051135748624801636,
            -0.8340582251548767,
            -0.09657703340053558
        ],
        [
            0.05125373601913452,
            -0.8378686904907227,
            -0.09656116366386414
        ],
        [
            0.046193551272153854,
            -0.8388257622718811,
            -0.10161709785461426
        ],
        [
            0.046719688922166824,
            -0.8352963924407959,
            -0.10135972499847412
        ],
        [
            0.07311330735683441,
            -0.826912522315979,
            -0.07172875106334686
        ],
        [
            0.06849925965070724,
            -0.8260836005210876,
            -0.07727012038230896
        ],
        [
            0.06859235465526581,
            -0.8190672993659973,
            -0.07475552707910538
        ],
        [
            0.07245732843875885,
            -0.8184572458267212,
            -0.06804576516151428
        ],
        [
            0.06645190715789795,
            -0.8133534789085388,
            -0.07408922165632248
        ],
        [
            0.07079450786113739,
            -0.8104687929153442,
            -0.06515687704086304
        ],
        [
            0.06272352486848831,
            -0.7965259552001953,
            -0.06759605556726456
        ],
        [
            0.06693059951066971,
            -0.8026588559150696,
            -0.06603605300188065
        ],
        [
            0.06312283128499985,
            -0.80782151222229,
            -0.07554600387811661
        ],
        [
            0.059068746864795685,
            -0.8028746843338013,
            -0.07996849715709686
        ],
        [
            0.049131546169519424,
            -0.8075190186500549,
            -0.09139278531074524
        ],
        [
            0.044186607003211975,
            -0.8063287734985352,
            -0.09528721868991852
        ],
        [
            0.04871269315481186,
            -0.7944626808166504,
            -0.09249483048915863
        ],
        [
            0.05390756577253342,
            -0.7979281544685364,
            -0.08665646612644196
        ],
        [
            0.05032782256603241,
            -0.8285380601882935,
            -0.09248232841491699
        ],
        [
            0.05338996648788452,
            -0.8285391926765442,
            -0.08885948359966278
        ],
        [
            0.05408009514212608,
            -0.8301557302474976,
            -0.09097796678543091
        ],
        [
            0.05092610418796539,
            -0.8312917351722717,
            -0.09513680636882782
        ],
        [
            0.05626257136464119,
            -0.8283054232597351,
            -0.08614304661750793
        ],
        [
            0.057612478733062744,
            -0.8280637860298157,
            -0.08504234254360199
        ],
        [
            0.057678136974573135,
            -0.8294011354446411,
            -0.08627332746982574
        ],
        [
            0.05628465861082077,
            -0.8290091753005981,
            -0.08690132200717926
        ],
        [
            0.05461771786212921,
            -0.8286476731300354,
            -0.08792636543512344
        ],
        [
            0.05388405919075012,
            -0.8267388343811035,
            -0.08861163258552551
        ],
        [
            0.05561225861310959,
            -0.827530026435852,
            -0.08683887124061584
        ],
        [
            0.05122044309973717,
            -0.8259906768798828,
            -0.09218281507492065
        ],
        [
            0.0409402996301651,
            -0.823336124420166,
            -0.1027119904756546
        ],
        [
            0.044464848935604095,
            -0.8243252038955688,
            -0.10036231577396393
        ],
        [
            0.04274050146341324,
            -0.8286069631576538,
            -0.09973648190498352
        ],
        [
            0.039637401700019836,
            -0.8279930949211121,
            -0.10164371132850647
        ],
        [
            0.05625517666339874,
            -0.8307510018348694,
            -0.08858055621385574
        ],
        [
            0.05867680162191391,
            -0.8328748941421509,
            -0.08724735677242279
        ],
        [
            0.055880140513181686,
            -0.8356407880783081,
            -0.09138008952140808
        ],
        [
            0.0547715425491333,
            -0.8328365683555603,
            -0.09120330959558487
        ],
        [
            0.06117397919297218,
            -0.8347861170768738,
            -0.08640516549348831
        ],
        [
            0.05961791053414345,
            -0.8305951356887817,
            -0.08508634567260742
        ],
        [
            0.06222794950008392,
            -0.8309923410415649,
            -0.08367976546287537
        ],
        [
            0.05718941241502762,
            -0.8263013362884521,
            -0.08520135283470154
        ],
        [
            0.059423692524433136,
            -0.8246349096298218,
            -0.0831194669008255
        ],
        [
            0.06005948781967163,
            -0.8273478746414185,
            -0.08388397097587585
        ],
        [
            0.05783436447381973,
            -0.8214071393013,
            -0.08416193723678589
        ],
        [
            0.05527568235993385,
            -0.82443767786026,
            -0.08690687268972397
        ],
        [
            0.05271143466234207,
            -0.8226906657218933,
            -0.09047478437423706
        ],
        [
            0.049248866736888885,
            -0.821121096611023,
            -0.09504915028810501
        ],
        [
            0.051026783883571625,
            -0.8162952661514282,
            -0.09158700704574585
        ],
        [
            0.05502590537071228,
            -0.8185297250747681,
            -0.08733806014060974
        ],
        [
            0.05732342228293419,
            -0.8390257358551025,
            -0.09009912610054016
        ],
        [
            0.06364299356937408,
            -0.8267217874526978,
            -0.0809796154499054
        ],
        [
            0.06694934517145157,
            -0.8330713510513306,
            -0.0801316648721695
        ],
        [
            0.06345094740390778,
            -0.8218929171562195,
            -0.0800364688038826
        ],
        [
            0.06162182241678238,
            -0.8174220323562622,
            -0.08033420145511627
        ],
        [
            0.058448322117328644,
            -0.813544511795044,
            -0.0823519378900528
        ],
        [
            0.05402570962905884,
            -0.8101762533187866,
            -0.08701836317777634
        ],
        [
            0.04898665100336075,
            -0.7856353521347046,
            -0.0809364765882492
        ],
        [
            0.05588648468255997,
            -0.7904548645019531,
            -0.07476085424423218
        ],
        [
            0.06305698305368423,
            -0.9094148874282837,
            -0.0894545167684555
        ],
        [
            0.07086046040058136,
            -0.9083170890808105,
            -0.08492457866668701
        ],
        [
            0.07048843801021576,
            -0.9005556106567383,
            -0.08023878931999207
        ],
        [
            0.07237838208675385,
            -0.9035398960113525,
            -0.07949793338775635
        ],
        [
            0.06769400835037231,
            -0.9042442440986633,
            -0.08402984589338303
        ],
        [
            0.06718434393405914,
            -0.9015188217163086,
            -0.08354300260543823
        ],
        [
            0.08037499338388443,
            -0.8927097320556641,
            -0.0624968521296978
        ],
        [
            0.07676047086715698,
            -0.8946000337600708,
            -0.06813889741897583
        ],
        [
            0.07694422453641891,
            -0.890826940536499,
            -0.06667155027389526
        ],
        [
            0.08218023926019669,
            -0.886239767074585,
            -0.06167319416999817
        ],
        [
            0.07156834006309509,
            -0.883408784866333,
            -0.07559250295162201
        ],
        [
            0.07492686808109283,
            -0.8846361041069031,
            -0.07134091854095459
        ],
        [
            0.07162373512983322,
            -0.891277551651001,
            -0.07463458180427551
        ],
        [
            0.06924128532409668,
            -0.8903999328613281,
            -0.07781891524791718
        ],
        [
            0.06609441339969635,
            -0.8899157643318176,
            -0.08074671030044556
        ],
        [
            0.06224057450890541,
            -0.8899849057197571,
            -0.08280494064092636
        ],
        [
            0.06246611475944519,
            -0.8844602108001709,
            -0.0824681967496872
        ],
        [
            0.06710103154182434,
            -0.8835689425468445,
            -0.07960054278373718
        ],
        [
            0.06171988695859909,
            -0.905261218547821,
            -0.08689066767692566
        ],
        [
            0.05462139844894409,
            -0.9043945670127869,
            -0.0881202295422554
        ],
        [
            0.05585233122110367,
            -0.9012855291366577,
            -0.08733431994915009
        ],
        [
            0.061995867639780045,
            -0.9020175933837891,
            -0.08657952398061752
        ],
        [
            0.04504549503326416,
            -0.8944185376167297,
            -0.08481494337320328
        ],
        [
            0.04638306796550751,
            -0.8969821333885193,
            -0.0855104923248291
        ],
        [
            0.0432596355676651,
            -0.8983909487724304,
            -0.08744575083255768
        ],
        [
            0.04231591522693634,
            -0.8937987685203552,
            -0.08692396432161331
        ],
        [
            0.04453691095113754,
            -0.8907343149185181,
            -0.08656425774097443
        ],
        [
            0.046406615525484085,
            -0.8927268385887146,
            -0.08502310514450073
        ],
        [
            0.06220350041985512,
            -0.9631237983703613,
            -0.07735060900449753
        ],
        [
            0.05927107483148575,
            -0.9462150931358337,
            -0.08817082643508911
        ],
        [
            0.07448864728212357,
            -0.9555277824401855,
            -0.06280412524938583
        ],
        [
            0.0820368304848671,
            -0.9445215463638306,
            -0.05018903315067291
        ],
        [
            0.08675326406955719,
            -0.9309083819389343,
            -0.03932913392782211
        ],
        [
            0.07829661667346954,
            -0.8308703899383545,
            -0.06321602314710617
        ],
        [
            0.07844040542840958,
            -0.8216251134872437,
            -0.057082485407590866
        ],
        [
            0.08281116187572479,
            -0.8282442092895508,
            -0.04364503175020218
        ],
        [
            0.07988908141851425,
            -0.8177573680877686,
            -0.03915715962648392
        ],
        [
            0.0758795514702797,
            -0.8112144470214844,
            -0.053510911762714386
        ],
        [
            0.06279610097408295,
            -0.7931240797042847,
            -0.053364675492048264
        ],
        [
            0.07074657827615738,
            -0.8010625839233398,
            -0.05223657935857773
        ],
        [
            0.07363758236169815,
            -0.8077592253684998,
            -0.03451227396726608
        ],
        [
            0.07675300538539886,
            -0.8192490339279175,
            -0.018116401508450508
        ],
        [
            0.08175507932901382,
            -0.8266884684562683,
            -0.025640904903411865
        ],
        [
            0.07726076990365982,
            -0.8341262340545654,
            -0.004898598417639732
        ],
        [
            0.06916852295398712,
            -0.8114778399467468,
            -0.007423855364322662
        ],
        [
            0.07241600006818771,
            -0.8324905633926392,
            0.002761063165962696
        ],
        [
            0.05740303546190262,
            -0.7746700644493103,
            -0.013177282176911831
        ],
        [
            0.05833825469017029,
            -0.7626581192016602,
            -0.007986191660165787
        ],
        [
            0.06362655013799667,
            -0.7689805030822754,
            0.0077706072479486465
        ],
        [
            0.06422169506549835,
            -0.7809938192367554,
            0.0027788477018475533
        ],
        [
            0.0848941057920456,
            -0.8355364799499512,
            -0.03325524926185608
        ],
        [
            0.0877375453710556,
            -0.8995845317840576,
            -0.036715853959321976
        ],
        [
            0.0859910249710083,
            -0.8995027542114258,
            -0.04879846051335335
        ],
        [
            0.08902251720428467,
            -0.8863546848297119,
            -0.033863406628370285
        ],
        [
            0.08500462770462036,
            -0.9575730562210083,
            -0.015304312109947205
        ],
        [
            0.08433027565479279,
            -0.9537143707275391,
            -0.03373422473669052
        ],
        [
            0.0893489196896553,
            -0.9376088380813599,
            -0.026290137320756912
        ],
        [
            0.08973146229982376,
            -0.9433447122573853,
            -0.009640319272875786
        ],
        [
            0.05944349616765976,
            -0.9918526411056519,
            -0.028572436422109604
        ],
        [
            0.06294255703687668,
            -0.9805197715759277,
            -0.054202839732170105
        ],
        [
            0.07315952330827713,
            -0.9682899713516235,
            -0.044528789818286896
        ],
        [
            0.07226678729057312,
            -0.9775354266166687,
            -0.023270711302757263
        ],
        [
            0.08882497996091843,
            -0.944491446018219,
            0.0037886425852775574
        ],
        [
            0.08547922223806381,
            -0.9444528818130493,
            0.022359855473041534
        ],
        [
            0.07955057173967361,
            -0.9598421454429626,
            0.028961345553398132
        ],
        [
            0.08193519711494446,
            -0.9615389108657837,
            0.006260931491851807
        ],
        [
            0.0653020590543747,
            -0.9791096448898315,
            0.03360237181186676
        ],
        [
            0.0695362314581871,
            -0.9816528558731079,
            0.006355363875627518
        ],
        [
            0.06824493408203125,
            -0.8182595372200012,
            0.013161984272301197
        ],
        [
            0.06909874081611633,
            -0.8365029096603394,
            0.015182956121861935
        ],
        [
            0.0649273544549942,
            -0.7952703833580017,
            -0.0039704544469714165
        ],
        [
            0.06692622601985931,
            -0.8019956350326538,
            0.013492261059582233
        ],
        [
            0.0462416335940361,
            -0.9930371642112732,
            0.03505063056945801
        ],
        [
            0.052249547094106674,
            -0.9976739883422852,
            0.0033392421901226044
        ],
        [
            0.0648791566491127,
            -0.919632613658905,
            0.06652005016803741
        ],
        [
            0.06872770190238953,
            -0.9378986358642578,
            0.05998079106211662
        ],
        [
            0.0785050168633461,
            -0.9261910915374756,
            0.04544661566615105
        ],
        [
            0.07402628660202026,
            -0.9109340906143188,
            0.05343306064605713
        ],
        [
