{
    "pred_cam": [
        1.453382968902588,
        0.05404810607433319,
        0.35779234766960144
    ],
    "pred_smpl_params": {
        "global_orient": [
            [
                [
                    0.9924398064613342,
                    -0.004160205367952585,
                    0.12266158312559128
                ],
                [
                    -0.012973417527973652,
                    -0.9973820447921753,
                    0.07113900035619736
                ],
                [
                    0.12204451113939285,
                    -0.07219251990318298,
                    -0.9898956418037415
                ]
            ]
        ],
        "body_pose": [
            [
                [
                    0.9995771646499634,
                    -0.0028016313444823027,
                    -0.028943099081516266
                ],
                [
                    0.004263120703399181,
                    0.9987120628356934,
                    0.05055759847164154
                ],
                [
                    0.02876417711377144,
                    -0.050659604370594025,
                    0.9983017444610596
                ]
            ],
            [
                [
                    0.9991690516471863,
                    0.003804062260314822,
                    -0.04057982936501503
                ],
                [
                    -0.0012211058055981994,
                    0.9979819655418396,
                    0.06348703801631927
                ],
                [
                    0.04073944315314293,
                    -0.06338473409414291,
                    0.9971573352813721
                ]
            ],
            [
                [
                    0.9992441534996033,
                    -0.006608045659959316,
                    0.03830604627728462
                ],
                [
                    0.00836952868849039,
                    0.9989060759544373,
                    -0.04600744694471359
                ],
                [
                    -0.03796011954545975,
                    0.04629328101873398,
                    0.998206377029419
                ]
            ],
            [
                [
                    0.9816421866416931,
                    -0.07615917176008224,
                    -0.1748669594526291
                ],
                [
                    -0.10315978527069092,
                    0.5591461658477783,
                    -0.822625994682312
                ],
                [
                    0.16042673587799072,
                    0.8255636096000671,
                    0.541024923324585
                ]
            ],
            [
                [
                    0.9823729395866394,
                    -0.08377661556005478,
                    0.16710789501667023
                ],
                [
                    0.18391995131969452,
                    0.5930031538009644,
                    -0.7839137315750122
                ],
                [
                    -0.03342186659574509,
                    0.8008300065994263,
                    0.5979584455490112
                ]
            ],
            [
                [
                    0.9972847700119019,
                    0.044310785830020905,
                    0.058819208294153214
                ],
                [
                    -0.04977498948574066,
                    0.9942376613616943,
                    0.09494146704673767
                ],
                [
                    -0.054273344576358795,
                    -0.09761139750480652,
                    0.9937436580657959
                ]
            ],
            [
                [
                    0.9691821336746216,
                    0.012820006348192692,
                    0.24601124227046967
                ],
                [
                    -0.0403752401471138,
                    0.9934072494506836,
                    0.10729380697011948
                ],
                [
                    -0.24301382899284363,
                    -0.11392001807689667,
                    0.963310182094574
                ]
            ],
            [
                [
                    0.9687744975090027,
                    0.0182667076587677,
                    -0.24726952612400055
                ],
                [
                    0.0068602655082941055,
                    0.9949259161949158,
                    0.10037650167942047
                ],
                [
                    0.24784837663173676,
                    -0.09893853217363358,
                    0.9637335538864136
                ]
            ],
            [
                [
                    0.9981271028518677,
                    0.0366535410284996,
                    0.04897762089967728
                ],
                [
                    -0.03242254629731178,
                    0.9958915114402771,
                    -0.08455134183168411
                ],
                [
                    -0.05187550187110901,
                    0.08280500769615173,
                    0.9952147006988525
                ]
            ],
            [
                [
                    0.9885144829750061,
                    -0.08457409590482712,
                    -0.12524525821208954
                ],
                [
                    0.10735266655683517,
                    0.9762753248214722,
                    0.1880473792552948
                ],
                [
                    0.10636992752552032,
                    -0.19933296740055084,
                    0.974141538143158
                ]
            ],
            [
                [
                    0.9933278560638428,
                    0.09664241969585419,
                    0.06292802095413208
                ],
                [
                    -0.10599393397569656,
                    0.980078399181366,
                    0.16796348989009857
                ],
                [
                    -0.04544198885560036,
                    -0.17351281642913818,
                    0.9837827086448669
                ]
            ],
            [
                [
                    0.9889156818389893,
                    -0.0008141638827510178,
                    -0.14847597479820251
                ],
                [
                    0.02422989159822464,
                    0.9874650239944458,
                    0.15596704185009003
                ],
                [
                    0.14648786187171936,
                    -0.15783581137657166,
                    0.9765393733978271
                ]
            ],
            [
                [
                    0.9213575720787048,
                    0.3374910354614258,
                    0.19287291169166565
                ],
                [
                    -0.3329490125179291,
                    0.9412502646446228,
                    -0.056505825370550156
                ],
                [
                    -0.2006118893623352,
                    -0.012154769152402878,
                    0.9795953631401062
                ]
            ],
            [
                [
                    0.9521310329437256,
                    -0.26447606086730957,
                    -0.15329352021217346
                ],
                [
                    0.2556927800178528,
                    0.9638607501983643,
                    -0.07479144632816315
                ],
                [
                    0.16753414273262024,
                    0.03201521560549736,
                    0.9853463768959045
                ]
            ],
            [
                [
                    0.9969598650932312,
                    -0.05169723182916641,
                    -0.05829675495624542
                ],
                [
                    0.04335121065378189,
                    0.9897176623344421,
                    -0.13630704581737518
                ],
                [
                    0.0647440254688263,
                    0.13336540758609772,
                    0.9889499545097351
                ]
            ],
            [
                [
                    0.6065941452980042,
                    0.7819496989250183,
                    -0.1435207724571228
                ],
                [
                    -0.794928252696991,
                    0.5939510464668274,
                    -0.12373824417591095
                ],
                [
                    -0.01151276845484972,
                    0.18914762139320374,
                    0.9818811416625977
                ]
            ],
            [
                [
                    0.5875853300094604,
                    -0.8075602054595947,
                    0.05089246854186058
                ],
                [
                    0.8083292245864868,
                    0.5829653739929199,
                    -0.08218999207019806
                ],
                [
                    0.036704812198877335,
                    0.0894315093755722,
                    0.9953163862228394
                ]
            ],
            [
                [
                    0.7840448021888733,
                    -0.21105800569057465,
                    -0.5837191939353943
                ],
                [
                    0.13287419080734253,
                    0.9756850004196167,
                    -0.1743077039718628
                ],
                [
                    0.6063151359558105,
                    0.05910381302237511,
                    0.7930248975753784
                ]
            ],
            [
                [
                    0.8530566692352295,
                    0.20935222506523132,
                    0.47798117995262146
                ],
                [
                    -0.1394577920436859,
                    0.9741394519805908,
                    -0.1777745932340622
                ],
                [
                    -0.5028378367424011,
                    0.08499361574649811,
                    0.8601919412612915
                ]
            ],
            [
                [
                    0.9999450445175171,
                    0.0013988981954753399,
                    0.010390611365437508
                ],
                [
                    -0.0007469461997970939,
                    0.9980456829071045,
                    -0.062485188245773315
                ],
                [
                    -0.010457714088261127,
                    0.06247399374842644,
                    0.9979918599128723
                ]
            ],
            [
                [
                    0.9995740056037903,
                    -0.01351146399974823,
                    -0.0258686151355505
                ],
                [
                    0.010361328721046448,
                    0.9929295778274536,
                    -0.11825205385684967
                ],
                [
                    0.02728346921503544,
                    0.11793365329504013,
                    0.9926465749740601
                ]
            ],
            [
                [
                    0.973926842212677,
                    0.21685965359210968,
                    -0.06662078946828842
                ],
                [
                    -0.2066224217414856,
                    0.9691751599311829,
                    0.1341896653175354
                ],
                [
                    0.09366752207279205,
                    -0.11692557483911514,
                    0.9887137413024902
                ]
            ],
            [
                [
                    0.9759988188743591,
                    -0.21267922222614288,
                    0.046836838126182556
                ],
                [
                    0.20236481726169586,
                    0.9651752710342407,
                    0.16578662395477295
                ],
                [
                    -0.08046513795852661,
                    -0.1523294448852539,
                    0.9850487112998962
                ]
            ]
        ],
        "betas": [
            -0.15699172019958496,
            0.1052386611700058,
            0.4122515618801117,
            0.053098708391189575,
            0.03873336315155029,
            0.09928292781114578,
            0.04183223843574524,
            -0.15973800420761108,
            0.0915098711848259,
            -0.143376886844635
        ]
    },
    "pred_cam_t": [
        0.05404810607433319,
        0.35779234766960144,
        26.876949310302734
    ],
    "focal_length": [
        5000.0,
        5000.0
    ],
    "pred_keypoints_3d": [
        [
            0.022880299016833305,
            -0.8585792779922485,
            -0.12565109133720398
        ],
        [
            0.007449953816831112,
            -0.7376432418823242,
            0.025760352611541748
        ],
        [
            -0.17172694206237793,
            -0.6617057919502258,
            0.0045090327039361
        ],
        [
            -0.2741762399673462,
            -0.4395170211791992,
            0.06410809606313705
        ],
        [
            -0.38696911931037903,
            -0.23610441386699677,
            -0.03323788940906525
        ],
        [
            0.1602996587753296,
            -0.6386630535125732,
            0.09572751820087433
        ],
        [
            0.18550646305084229,
            -0.39987608790397644,
            0.1902729570865631
        ],
        [
            0.2971365451812744,
            -0.1949385553598404,
            0.11318259686231613
        ],
        [
            -0.0016627069562673569,
            -0.22385361790657043,
            0.02758665196597576
        ],
        [
            -0.06927109509706497,
            -0.13276240229606628,
            0.030635260045528412
        ],
        [
            -0.10441355407238007,
            0.2469768226146698,
            0.039589498192071915
        ],
        [
            -0.08970985561609268,
            0.44129443168640137,
            0.38480353355407715
        ],
        [
            0.06715381890535355,
            -0.1338409185409546,
            0.050196193158626556
        ],
        [
            0.10487043857574463,
            0.2374703288078308,
            0.0662490725517273
        ],
        [
            0.09896931797266006,
            0.41229695081710815,
            0.4216212332248688
        ],
        [
            -0.012619724497199059,
            -0.8962754011154175,
            -0.09178495407104492
        ],
        [
            0.05348030477762222,
            -0.8980585932731628,
            -0.08968527615070343
        ],
        [
            -0.05576775595545769,
            -0.8737272024154663,
            -0.0006517693400382996
        ],
        [
            0.08837493509054184,
            -0.8777778148651123,
            0.003885231912136078
        ],
        [
            0.11203953623771667,
            0.5904339551925659,
            0.3419125974178314
        ],
        [
            0.17599576711654663,
            0.5550209283828735,
            0.38185909390449524
        ],
        [
            0.10339033603668213,
            0.38605618476867676,
            0.4875251352787018
        ],
        [
            -0.07722227275371552,
            0.6141183972358704,
            0.29329028725624084
        ],
        [
            -0.15061041712760925,
            0.5869703888893127,
            0.32794052362442017
        ],
        [
            -0.09720849990844727,
            0.4283819794654846,
            0.45737284421920776
        ],
        [
            -0.11537270247936249,
            0.3932609558105469,
            0.36200088262557983
        ],
        [
            -0.10248636454343796,
            0.1907050460577011,
            0.024987056851387024
        ],
        [
            -0.14828239381313324,
            -0.25354960560798645,
            0.01429976336658001
        ],
        [
            0.14226573705673218,
            -0.2428250014781952,
            0.06450742483139038
        ],
        [
            0.11626405268907547,
            0.20177623629570007,
            0.05785202234983444
        ],
        [
            0.10773167759180069,
            0.37161126732826233,
            0.4090880751609802
        ],
        [
            -0.36441749334335327,
            -0.25652366876602173,
            -0.05259983614087105
        ],
        [
            -0.2970128059387207,
            -0.4656625986099243,
            0.040937796235084534
        ],
        [
            -0.1383223831653595,
            -0.6892775297164917,
            0.010677237994968891
        ],
        [
            0.13367867469787598,
            -0.671521782875061,
            0.08670800924301147
        ],
        [
            0.22712239623069763,
            -0.4278084337711334,
            0.17449000477790833
        ],
        [
            0.2996036410331726,
            -0.215246319770813,
            0.10646262019872665
        ],
        [
            0.009086234495043755,
            -0.7351899743080139,
            0.030183924362063408
        ],
        [
            0.018874797970056534,
            -0.9293901324272156,
            -0.008211838081479073
        ],
        [
            -0.0023594885133206844,
            -0.24839337170124054,
            0.039862241595983505
        ],
        [
            -0.0005179625004529953,
            -0.6787369251251221,
            0.04336575046181679
        ],
        [
            -0.007706698961555958,
            -0.4955407977104187,
            0.040775347501039505
        ],
        [
            0.02756650000810623,
            -0.8263595104217529,
            -0.05231311544775963
        ],
        [
            0.013186229392886162,
            -0.9475465416908264,
            0.0018238229677081108
        ]
    ],
    "pred_vertices": [
        [
            0.06355918943881989,
            -0.9440033435821533,
            -0.08495798707008362
        ],
        [
            0.057960741221904755,
            -0.9303268194198608,
            -0.09236036241054535
        ],
        [
            0.06849158555269241,
            -0.9260352849960327,
            -0.08377492427825928
        ],
        [
            0.0739755779504776,
            -0.9361653923988342,
            -0.07323184609413147
        ],
        [
            0.06510660797357559,
            -0.9176801443099976,
            -0.0902571901679039
        ],
        [
            0.05550562962889671,
            -0.9192718863487244,
            -0.0976070687174797
        ],
        [
            0.07483651489019394,
            -0.9192994832992554,
            -0.07359591871500015
        ],
        [
            0.07954457402229309,
            -0.9257777333259583,
            -0.06218778342008591
        ],
        [
            0.08166045695543289,
            -0.8834792375564575,
            -0.06578110158443451
        ],
        [
            0.0851055383682251,
            -0.87808758020401,
            -0.05656959116458893
        ],
        [
            0.08460555970668793,
            -0.8897197246551514,
            -0.05670742690563202
        ],
        [
            0.07989440858364105,
            -0.8918535709381104,
            -0.06574772298336029
        ],
        [
            0.08117210865020752,
            -0.8571232557296753,
            -0.06464075297117233
        ],
        [
            0.07569915056228638,
            -0.8487295508384705,
            -0.07409803569316864
        ],
        [
            0.07760807871818542,
            -0.8387306332588196,
            -0.06506483256816864
        ],
        [
            0.08172177523374557,
            -0.8465597629547119,
            -0.055040501058101654
        ],
        [
            0.04436105489730835,
            -0.8644735813140869,
            -0.09768427163362503
        ],
        [
            0.049876511096954346,
            -0.8579525351524353,
            -0.09681420028209686
        ],
        [
            0.05350831151008606,
            -0.8645454049110413,
            -0.09526480734348297
        ],
        [
            0.04721670225262642,
            -0.8702540397644043,
            -0.09592318534851074
        ],
        [
            0.03508947044610977,
            -0.8741298913955688,
            -0.10344499349594116
        ],
        [
            0.03575960546731949,
            -0.8792723417282104,
            -0.09962467849254608
        ],
        [
            0.031169265508651733,
            -0.8835711479187012,
            -0.10447700321674347
        ],
        [
            0.031415797770023346,
            -0.8777981996536255,
            -0.10938358306884766
        ],
        [
            0.03909622132778168,
            -0.8591991662979126,
            -0.09840051084756851
        ],
        [
            0.04499245434999466,
            -0.8524556159973145,
            -0.09712156653404236
        ],
        [
            0.039603494107723236,
            -0.8702011108398438,
            -0.09908658266067505
        ],
        [
            0.03782641887664795,
            -0.8654434084892273,
            -0.1017264798283577
        ],
        [
            0.035634033381938934,
            -0.8604962229728699,
            -0.11252868175506592
        ],
        [
            0.03689578175544739,
            -0.8649965524673462,
            -0.11060711741447449
        ],
        [
            0.03386412188410759,
            -0.866682767868042,
            -0.11756619811058044
        ],
        [
            0.032793108373880386,
            -0.8611711263656616,
            -0.117437943816185
        ],
        [
            0.03773157298564911,
            -0.8587729930877686,
            -0.1033090204000473
        ],
        [
            0.03836897760629654,
            -0.8619160652160645,
            -0.10588420927524567
        ],
        [
            0.036224205046892166,
            -0.8584282398223877,
            -0.10861378908157349
        ],
        [
            0.03467487171292305,
            -0.855978786945343,
            -0.10556812584400177
        ],
        [
            0.03472057357430458,
            -0.8700162172317505,
            -0.10673511028289795
        ],
        [
            0.032201267778873444,
            -0.8726236820220947,
            -0.11357477307319641
        ],
        [
            0.028737962245941162,
            -0.874776303768158,
            -0.12062233686447144
        ],
        [
            0.03015594184398651,
            -0.8667551279067993,
            -0.12465116381645203
        ],
        [
            0.060515183955430984,
            -0.8439767360687256,
            -0.09068925678730011
        ],
        [
            0.05567412078380585,
            -0.8511597514152527,
            -0.09489941596984863
        ],
        [
            0.05072212964296341,
            -0.8462782502174377,
            -0.09559375047683716
        ],
        [
            0.05534287542104721,
            -0.8405788540840149,
            -0.09279405325651169
        ],
        [
            0.03571448102593422,
            -0.8526163101196289,
            -0.10233013331890106
        ],
        [
            0.03991123288869858,
            -0.8368797302246094,
            -0.10349244624376297
        ],
        [
            0.04006112366914749,
            -0.8406900763511658,
            -0.1033773347735405
        ],
        [
            0.03432805836200714,
            -0.8418304324150085,
            -0.10760768502950668
        ],
        [
            0.034844815731048584,
            -0.838290810585022,
            -0.10753250122070312
        ],
        [
            0.06504251807928085,
            -0.8289368152618408,
            -0.08238287270069122
        ],
        [
            0.0596945695579052,
            -0.828283429145813,
            -0.08721819519996643
        ],
        [
            0.06006181985139847,
            -0.8211921453475952,
            -0.08495588600635529
        ],
        [
            0.06479547917842865,
            -0.8203660845756531,
            -0.07893721759319305
        ],
        [
            0.05791877582669258,
            -0.8154323101043701,
            -0.08420391380786896
        ],
        [
            0.06346311420202255,
            -0.8122413158416748,
            -0.07610446214675903
        ],
        [
            0.054956793785095215,
            -0.7982953786849976,
            -0.07768470048904419
        ],
        [
            0.05941057950258255,
            -0.804410457611084,
            -0.07662837952375412
        ],
        [
            0.05433734878897667,
            -0.8099257946014404,
            -0.08529660105705261
        ],
        [
            0.049604080617427826,
            -0.8050904870033264,
            -0.0892036110162735
        ],
        [
            0.03826069086790085,
            -0.8101950883865356,
            -0.09882590174674988
        ],
        [
            0.032787952572107315,
            -0.8091275691986084,
            -0.10200659930706024
        ],
        [
            0.03751330450177193,
            -0.7971084117889404,
            -0.1002747043967247
        ],
        [
            0.04345010221004486,
            -0.8003658056259155,
            -0.09519578516483307
        ],
        [
            0.03954920917749405,
            -0.8312496542930603,
            -0.09950017929077148
        ],
        [
            0.04310835897922516,
            -0.831136167049408,
            -0.09635137021541595
        ],
        [
            0.0435163751244545,
            -0.8328103423118591,
            -0.09851991385221481
        ],
        [
            0.03980737179517746,
            -0.8340878486633301,
            -0.10214050114154816
        ],
        [
            0.04634404554963112,
            -0.8308225870132446,
            -0.09409704059362411
        ],
        [
            0.04784289747476578,
            -0.8305401802062988,
            -0.09322324395179749
        ],
        [
            0.04775293916463852,
            -0.8319051265716553,
            -0.09441350400447845
        ],
        [
            0.046267665922641754,
            -0.831578254699707,
            -0.09482728689908981
        ],
        [
            0.04445751756429672,
            -0.831251323223114,
            -0.09560313820838928
        ],
        [
            0.043595217168331146,
            -0.8293669819831848,
            -0.09621552377939224
        ],
        [
            0.045576803386211395,
            -0.8300747871398926,
            -0.09470445662736893
        ],
        [
            0.040433257818222046,
            -0.8287327289581299,
            -0.09938414394855499
        ],
        [
            0.02879153937101364,
            -0.826401948928833,
            -0.10837619006633759
        ],
        [
            0.03254380077123642,
            -0.8273249864578247,
            -0.10655346512794495
        ],
        [
            0.03098137304186821,
            -0.8315938711166382,
            -0.10556042194366455
        ],
        [
            0.027716107666492462,
            -0.8310309052467346,
            -0.10699744522571564
        ],
        [
            0.04610072076320648,
            -0.8333401679992676,
            -0.09642624855041504
        ],
        [
            0.04863844811916351,
            -0.835397481918335,
            -0.09543389827013016
        ],
        [
            0.0452863946557045,
            -0.8383042812347412,
            -0.09902775287628174
        ],
        [
            0.04418523609638214,
            -0.8354980945587158,
            -0.09876494109630585
        ],
        [
            0.0512448213994503,
            -0.8372961282730103,
            -0.09492546319961548
        ],
        [
            0.049860887229442596,
            -0.8330618739128113,
            -0.09349939227104187
        ],
        [
            0.052710264921188354,
            -0.8333826065063477,
            -0.09248955547809601
        ],
        [
            0.04736800119280815,
            -0.8287960290908813,
            -0.09335499256849289
        ],
        [
            0.04986805468797684,
            -0.8270570039749146,
            -0.0916949212551117
        ],
        [
            0.05043558031320572,
            -0.829781711101532,
            -0.09247367829084396
        ],
        [
            0.04807668924331665,
            -0.8238710761070251,
            -0.09255316108465195
        ],
        [
            0.04518274962902069,
            -0.826988697052002,
            -0.09479929506778717
        ],
        [
            0.04209664463996887,
            -0.825354814529419,
            -0.0979950949549675
        ],
        [
            0.038002051413059235,
            -0.8239318132400513,
            -0.10206924378871918
        ],
        [
            0.04020378738641739,
            -0.8189926743507385,
            -0.09904226660728455
        ],
        [
            0.044784411787986755,
            -0.8210925459861755,
            -0.09535246342420578
        ],
        [
            0.047010160982608795,
            -0.8416333794593811,
            -0.09785466641187668
        ],
        [
            0.05440033972263336,
            -0.8290523290634155,
            -0.09017124772071838
        ],
        [
            0.0578446164727211,
            -0.8353564143180847,
            -0.08963596820831299
        ],
        [
            0.054275721311569214,
            -0.8242043256759644,
            -0.08934487402439117
        ],
        [
            0.05234270542860031,
            -0.8197506666183472,
            -0.08948380500078201
        ],
        [
            0.04878128319978714,
            -0.8158879280090332,
            -0.09113488346338272
        ],
        [
            0.04375815391540527,
            -0.8126956224441528,
            -0.09515247493982315
        ],
        [
            0.039339836686849594,
            -0.7878448367118835,
            -0.08911919593811035
        ],
        [
            0.04704028740525246,
            -0.7924319505691528,
            -0.08393885940313339
        ],
        [
            0.053463295102119446,
            -0.9120039343833923,
            -0.09581276774406433
        ],
        [
            0.06186006963253021,
            -0.9107309579849243,
            -0.09252053499221802
        ],
        [
            0.06210640072822571,
            -0.9027960300445557,
            -0.08812480419874191
        ],
        [
            0.06399385631084442,
            -0.9057960510253906,
            -0.08758854866027832
        ],
        [
            0.058817535638809204,
            -0.9066264629364014,
            -0.09130866825580597
        ],
        [
            0.05835605412721634,
            -0.9038835763931274,
            -0.09086738526821136
        ],
        [
            0.07435700297355652,
            -0.8944020867347717,
            -0.07222843170166016
        ],
        [
            0.07001952081918716,
            -0.896471381187439,
            -0.07723496109247208
        ],
        [
            0.0703357607126236,
            -0.8926295042037964,
            -0.07589978724718094
        ],
        [
            0.07614610344171524,
            -0.8878774046897888,
            -0.07183396816253662
        ],
        [
            0.0636361837387085,
            -0.8855035305023193,
            -0.08414432406425476
        ],
        [
            0.06756671518087387,
            -0.886588454246521,
            -0.0803803876042366
        ],
        [
            0.06391781568527222,
            -0.8933730125427246,
            -0.08300309628248215
        ],
        [
            0.06110214442014694,
            -0.8926049470901489,
            -0.0858323872089386
        ],
        [
            0.05756941810250282,
            -0.89222252368927,
            -0.08829245716333389
        ],
        [
            0.05345414578914642,
            -0.8923425674438477,
            -0.08976614475250244
        ],
        [
            0.053686805069446564,
            -0.8868282437324524,
            -0.0896139144897461
        ],
        [
            0.05866118147969246,
            -0.8858327269554138,
            -0.08746052533388138
        ],
        [
            0.05246923118829727,
            -0.9077833890914917,
            -0.09323428571224213
        ],
        [
            0.04527152329683304,
            -0.9069712162017822,
            -0.09345924109220505
        ],
        [
            0.04659155383706093,
            -0.9038441181182861,
            -0.09298401325941086
        ],
        [
            0.05278259888291359,
            -0.9045266509056091,
            -0.09310977160930634
        ],
        [
            0.03623400628566742,
            -0.8969123363494873,
            -0.08913276344537735
        ],
        [
            0.0374777652323246,
            -0.8994925618171692,
            -0.08993321657180786
        ],
        [
            0.034124068915843964,
            -0.9009673595428467,
            -0.09137500822544098
        ],
        [
            0.03322659805417061,
            -0.8963704109191895,
            -0.09084417670965195
        ],
        [
            0.03545672819018364,
            -0.8932907581329346,
            -0.0908990204334259
        ],
        [
            0.037539489567279816,
            -0.8952298164367676,
            -0.08958031237125397
        ],
        [
            0.05467766523361206,
            -0.965301513671875,
            -0.08209618926048279
        ],
        [
            0.05027087777853012,
            -0.9487272500991821,
            -0.09282021224498749
        ],
        [
            0.06899052858352661,
            -0.9571998119354248,
            -0.06971736252307892
        ],
        [
            0.07816441357135773,
            -0.9458694458007812,
            -0.05875832960009575
        ],
        [
            0.08427777141332626,
            -0.9319080710411072,
            -0.04919776692986488
        ],
        [
            0.07143509387969971,
            -0.8326177000999451,
            -0.07460188865661621
        ],
        [
            0.07235289365053177,
            -0.8231778144836426,
            -0.06886643171310425
        ],
        [
            0.0786965936422348,
            -0.8293517827987671,
            -0.05602336674928665
        ],
        [
            0.07636076956987381,
            -0.8187148571014404,
            -0.05152890458703041
        ],
        [
            0.07021106779575348,
            -0.8126052618026733,
            -0.06531225144863129
        ],
        [
            0.05700191855430603,
            -0.7944299578666687,
            -0.06378204375505447
        ],
        [
            0.06517761945724487,
            -0.8023638725280762,
            -0.0636305958032608
        ],
        [
            0.0707462802529335,
            -0.8085567355155945,
            -0.046363722532987595
        ],
        [
            0.07639498263597488,
            -0.8195986151695251,
            -0.030318327248096466
        ],
        [
            0.08032803237438202,
            -0.8272150754928589,
            -0.038231946527957916
        ],
        [
            0.07901003211736679,
            -0.8340635299682617,
            -0.0169148538261652
        ],
        [
            0.07031475752592087,
            -0.8116417527198792,
            -0.018895454704761505
        ],
        [
            0.07531795650720596,
            -0.832276463508606,
            -0.008713213726878166
        ],
        [
            0.05717696249485016,
            -0.7750285863876343,
            -0.023687398061156273
        ],
        [
            0.05882553383708,
            -0.7629088163375854,
            -0.019000723958015442
        ],
        [
            0.0670015886425972,
            -0.7690459489822388,
            -0.004326993599534035
        ],
        [
            0.06675948947668076,
            -0.7810996174812317,
            -0.008977442979812622
        ],
        [
            0.08234190940856934,
            -0.8363444209098816,
            -0.04588250070810318
        ],
        [
            0.08545137196779251,
            -0.9003939032554626,
            -0.04778962582349777
        ],
        [
            0.08204510807991028,
            -0.9006831645965576,
            -0.05938711389899254
        ],
        [
            0.08698175102472305,
            -0.8870503902435303,
            -0.04548713192343712
        ],
        [
            0.08635234087705612,
            -0.9577543139457703,
            -0.02445945143699646
        ],
        [
            0.08294326812028885,
            -0.9544774889945984,
            -0.04271303489804268
        ],
        [
            0.08891469240188599,
            -0.9381144642829895,
            -0.03656033053994179
        ],
        [
            0.09179483354091644,
            -0.9433168172836304,
            -0.02002706564962864
        ],
        [
            0.0594099760055542,
            -0.9924709796905518,
            -0.03264594450592995
        ],
        [
            0.05896180495619774,
            -0.981947660446167,
            -0.058800771832466125
        ],
        [
            0.0704423189163208,
            -0.9693920612335205,
            -0.051223933696746826
        ],
        [
            0.07278086245059967,
            -0.9779691696166992,
            -0.029803819954395294
        ],
        [
            0.09273950755596161,
            -0.9440628886222839,
            -0.006626572459936142
        ],
        [
            0.09212467074394226,
            -0.9434750080108643,
            0.012180421501398087
        ],
        [
            0.08734852820634842,
            -0.9586129188537598,
            0.020065974444150925
        ],
        [
            0.08648630976676941,
            -0.9610023498535156,
            -0.002599775791168213
        ],
        [
            0.07412910461425781,
            -0.9777786731719971,
            0.027314677834510803
        ],
        [
            0.07429511100053787,
            -0.9811572432518005,
            -6.132572889328003e-05
        ],
        [
            0.07270985841751099,
            -0.8180111646652222,
            0.0016838740557432175
        ],
        [
            0.07404514402151108,
            -0.8359726071357727,
            0.004118755459785461
        ],
        [
            0.06638853996992111,
            -0.7954801321029663,
            -0.015351153910160065
        ],
        [
            0.07141971588134766,
            -0.8018584847450256,
            0.001694894046522677
        ],
        [
            0.055609043687582016,
            -0.9917862415313721,
            0.03205570951104164
        ],
        [
            0.05692523717880249,
            -0.9973464608192444,
            1.5694648027420044e-05
        ],
        [
            0.0778864324092865,
            -0.9173459410667419,
            0.057970330119132996
        ],
        [
            0.08094365149736404,
            -0.9357812404632568,
            0.051611173897981644
        ],
        [
            0.08838658034801483,
            -0.9245189428329468,
            0.03544168174266815
        ],
        [
            0.08500243723392487,
            -0.9090300798416138,
