{
    "pred_cam": [
        2.004042863845825,
        0.0485096275806427,
        0.5152591466903687
    ],
    "pred_smpl_params": {
        "global_orient": [
            [
                [
                    0.9927288889884949,
                    0.07255081832408905,
                    -0.09605023264884949
                ],
                [
                    0.03166162967681885,
                    -0.9272345304489136,
                    -0.3731403052806854
                ],
                [
                    -0.1161327213048935,
                    0.3673860728740692,
                    -0.9227895736694336
                ]
            ]
        ],
        "body_pose": [
            [
                [
                    0.9882004857063293,
                    -0.13901089131832123,
                    -0.0643090158700943
                ],
                [
                    0.12889327108860016,
                    0.5279317498207092,
                    0.8394489288330078
                ],
                [
                    -0.08274177461862564,
                    -0.8378329277038574,
                    0.5396199822425842
                ]
            ],
            [
                [
                    0.9939759969711304,
                    0.053090546280145645,
                    0.0958809033036232
                ],
                [
                    -0.10912097245454788,
                    0.5609438419342041,
                    0.8206306099891663
                ],
                [
                    -0.010216064751148224,
                    -0.8261497616767883,
                    0.5633580088615417
                ]
            ],
            [
                [
                    0.998358964920044,
                    0.0015075539704412222,
                    -0.05724619701504707
                ],
                [
                    -0.03502969443798065,
                    0.8068917989730835,
                    -0.5896596312522888
                ],
                [
                    0.04530254378914833,
                    0.5906972885131836,
                    0.8056204915046692
                ]
            ],
            [
                [
                    0.9566035270690918,
                    0.22966738045215607,
                    -0.1793394535779953
                ],
                [
                    -0.03775341808795929,
                    -0.5125830769538879,
                    -0.8578072190284729
                ],
                [
                    -0.2889367341995239,
                    0.8273520469665527,
                    -0.48166805505752563
                ]
            ],
            [
                [
                    0.963360071182251,
                    -0.148903489112854,
                    0.22308100759983063
                ],
                [
                    0.11565923690795898,
                    -0.5197974443435669,
                    -0.8464239239692688
                ],
                [
                    0.24199238419532776,
                    0.8412123918533325,
                    -0.48353004455566406
                ]
            ],
            [
                [
                    0.9991777539253235,
                    -0.0024459592532366514,
                    -0.04046925902366638
                ],
                [
                    0.0007343050092458725,
                    0.9991065263748169,
                    -0.042256154119968414
                ],
                [
                    0.040536459535360336,
                    0.04219169542193413,
                    0.998286783695221
                ]
            ],
            [
                [
                    0.9669289588928223,
                    -0.1647167205810547,
                    0.19472233951091766
                ],
                [
                    0.07379100471735,
                    0.9115020036697388,
                    0.40462207794189453
                ],
                [
                    -0.24413782358169556,
                    -0.3768720328807831,
                    0.8935123085975647
                ]
            ],
            [
                [
                    0.9676682949066162,
                    0.14751467108726501,
                    -0.20459112524986267
                ],
                [
                    -0.04889470338821411,
                    0.905463457107544,
                    0.4215984344482422
                ],
                [
                    0.24744175374507904,
                    -0.3979640007019043,
                    0.8834009766578674
                ]
            ],
            [
                [
                    0.997740626335144,
                    -0.004606298636645079,
                    -0.06702595204114914
                ],
                [
                    -0.0005699870525859296,
                    0.9970305562019348,
                    -0.07700490951538086
                ],
                [
                    0.06718162447214127,
                    0.07686912268400192,
                    0.9947752952575684
                ]
            ],
            [
                [
                    0.9947600364685059,
                    -0.029031924903392792,
                    0.09802848845720291
                ],
                [
                    -0.002289766678586602,
                    0.9522671699523926,
                    0.3052571415901184
                ],
                [
                    -0.10221152007579803,
                    -0.30388209223747253,
                    0.9472108483314514
                ]
            ],
            [
                [
                    0.9972175359725952,
                    0.06530045717954636,
                    -0.03595995903015137
                ],
                [
                    -0.05273659899830818,
                    0.9588940739631653,
                    0.278820663690567
                ],
                [
                    0.05268891528248787,
                    -0.27614840865135193,
                    0.9596697092056274
                ]
            ],
            [
                [
                    0.9947805404663086,
                    -0.07528679817914963,
                    0.06887414306402206
                ],
                [
                    0.06491456180810928,
                    0.9877220988273621,
                    0.14209525287151337
                ],
                [
                    -0.07872641086578369,
                    -0.13688264787197113,
                    0.9874539375305176
                ]
            ],
            [
                [
                    0.9071547985076904,
                    0.3647557199001312,
                    -0.20981745421886444
                ],
                [
                    -0.35659274458885193,
                    0.9310895204544067,
                    0.0769021064043045
                ],
                [
                    0.22340930998325348,
                    0.005057258531451225,
                    0.9747115969657898
                ]
            ],
            [
                [
                    0.9528953433036804,
                    -0.2939590513706207,
                    0.07469003647565842
                ],
                [
                    0.2918877601623535,
                    0.955716073513031,
                    0.03752709925174713
                ],
                [
                    -0.08241390436887741,
                    -0.013958287425339222,
                    0.9965004324913025
                ]
            ],
            [
                [
                    0.9868482947349548,
                    -0.02665751799941063,
                    0.15943565964698792
                ],
                [
                    0.008989446796476841,
                    0.9938324689865112,
                    0.11052658408880234
                ],
                [
                    -0.16139870882034302,
                    -0.10763974487781525,
                    0.9810014963150024
                ]
            ],
            [
                [
                    0.71009361743927,
                    0.6553964018821716,
                    -0.2573375403881073
                ],
                [
                    -0.6736276745796204,
                    0.738724946975708,
                    0.02261199988424778
                ],
                [
                    0.20492146909236908,
                    0.15729305148124695,
                    0.9660570025444031
                ]
            ],
            [
                [
                    0.7377864122390747,
                    -0.6626906394958496,
                    0.12850028276443481
                ],
                [
                    0.6719720959663391,
                    0.7391209602355957,
                    -0.0464075468480587
                ],
                [
                    -0.06422340869903564,
                    0.12058747559785843,
                    0.9906229972839355
                ]
            ],
            [
                [
                    -0.008946762420237064,
                    -0.4922175407409668,
                    -0.8704261779785156
                ],
                [
                    0.06681079417467117,
                    0.8682217597961426,
                    -0.4916576147079468
                ],
                [
                    0.9977254867553711,
                    -0.06255262345075607,
                    0.025117669254541397
                ]
            ],
            [
                [
                    -0.050239041447639465,
                    0.4659036695957184,
                    0.8834080696105957
                ],
                [
                    -0.19566239416599274,
                    0.8627932071685791,
                    -0.46615880727767944
                ],
                [
                    -0.979383647441864,
                    -0.19626909494400024,
                    0.04781392589211464
                ]
            ],
            [
                [
                    0.9736692309379578,
                    -0.22427763044834137,
                    0.040839001536369324
                ],
                [
                    0.22446860373020172,
                    0.9119658470153809,
                    -0.34341251850128174
                ],
                [
                    0.039775971323251724,
                    0.34353727102279663,
                    0.938296377658844
                ]
            ],
            [
                [
                    0.9791030287742615,
                    0.19620782136917114,
                    -0.05347632244229317
                ],
                [
                    -0.20323391258716583,
                    0.9346065521240234,
                    -0.2919013798236847
                ],
                [
                    -0.007294012233614922,
                    0.29666975140571594,
                    0.9549521803855896
                ]
            ],
            [
                [
                    0.9767269492149353,
                    0.1966172456741333,
                    -0.08570925146341324
                ],
                [
                    -0.1806204617023468,
                    0.9694939255714417,
                    0.1657039076089859
                ],
                [
                    0.11567485332489014,
                    -0.1463666409254074,
                    0.9824439287185669
                ]
            ],
            [
                [
                    0.970221221446991,
                    -0.2026687115430832,
                    0.13265027105808258
                ],
                [
                    0.18362759053707123,
                    0.9725617170333862,
                    0.14284510910511017
                ],
                [
                    -0.15796078741550446,
                    -0.1142331138253212,
                    0.980815589427948
                ]
            ]
        ],
        "betas": [
            0.0025700926780700684,
            -0.15119707584381104,
            -0.3150901794433594,
            -0.10011053085327148,
            0.08955943584442139,
            -0.01635703071951866,
            0.013638794422149658,
            -0.01922282576560974,
            0.06321363151073456,
            0.028185158967971802
        ]
    },
    "pred_cam_t": [
        0.0485096275806427,
        0.5152591466903687,
        19.49184799194336
    ],
    "focal_length": [
        5000.0,
        5000.0
    ],
    "pred_keypoints_3d": [
        [
            -0.013120194897055626,
            -0.800483763217926,
            -0.18603059649467468
        ],
        [
            0.010986626148223877,
            -0.6983431577682495,
            -0.01718427613377571
        ],
        [
            -0.1619010865688324,
            -0.6257889866828918,
            0.06270727515220642
        ],
        [
            -0.27455946803092957,
            -0.42097383737564087,
            0.16661937534809113
        ],
        [
            -0.33838480710983276,
            -0.37713903188705444,
            -0.07754331827163696
        ],
        [
            0.1790943741798401,
            -0.5877591967582703,
            -0.04975529760122299
        ],
        [
            0.2576332986354828,
            -0.3377353549003601,
            -0.04760078340768814
        ],
        [
            0.10845477879047394,
            -0.32421526312828064,
            -0.24807190895080566
        ],
        [
            -0.0017683962360024452,
            -0.22157829999923706,
            0.02894565835595131
        ],
        [
            -0.07553692907094955,
            -0.13855180144309998,
            0.007390754297375679
        ],
        [
            -0.1795898973941803,
            -0.05456055700778961,
            -0.3521740436553955
        ],
        [
            -0.10497445613145828,
            0.2034049779176712,
            -0.05496296286582947
        ],
        [
            0.061631202697753906,
            -0.1324731707572937,
            -0.006649386137723923
        ],
        [
            0.10295198857784271,
            -0.06167861074209213,
            -0.3735142946243286
        ],
        [
            0.018710553646087646,
            0.19833049178123474,
            -0.08117535710334778
        ],
        [
            -0.04649486392736435,
            -0.8363941311836243,
            -0.14897194504737854
        ],
        [
            0.020821325480937958,
            -0.8414177894592285,
            -0.15446282923221588
        ],
        [
            -0.07851521670818329,
            -0.8153764009475708,
            -0.05081702396273613
        ],
        [
            0.06863393634557724,
            -0.8267719745635986,
            -0.06509658694267273
        ],
        [
            0.04454626142978668,
            0.29805731773376465,
            -0.24643999338150024
        ],
        [
            0.10000570863485336,
            0.2981264591217041,
            -0.18522319197654724
        ],
        [
            0.017277445644140244,
            0.20212078094482422,
            -0.014299899339675903
        ],
        [
            -0.13974185287952423,
            0.30160313844680786,
            -0.2204907089471817
        ],
        [
            -0.20133265852928162,
            0.29413771629333496,
            -0.15919709205627441
        ],
        [
            -0.09416583180427551,
            0.22189122438430786,
            0.014061123132705688
        ],
        [
            -0.1335221379995346,
            0.1506199836730957,
            -0.06127980723977089
        ],
        [
            -0.1710032969713211,
            -0.07396145164966583,
            -0.3167163133621216
        ],
        [
            -0.14892134070396423,
            -0.24209576845169067,
            0.0852498933672905
        ],
        [
            0.1574854552745819,
            -0.21383589506149292,
            0.05742806941270828
        ],
        [
            0.11569447070360184,
            -0.07080286741256714,
            -0.3498922288417816
        ],
        [
            0.03783857077360153,
            0.15618963539600372,
            -0.08255607634782791
        ],
        [
            -0.3085113763809204,
            -0.3951987028121948,
            -0.06899404525756836
        ],
        [
            -0.2965874969959259,
            -0.45421916246414185,
            0.14584872126579285
        ],
        [
            -0.13320016860961914,
            -0.6530051231384277,
            0.04962964728474617
        ],
        [
            0.16099023818969727,
            -0.6245249509811401,
            -0.04179790988564491
        ],
        [
            0.26940053701400757,
            -0.3750697374343872,
            -0.08136184513568878
        ],
        [
            0.11358968913555145,
            -0.3428157567977905,
            -0.2379632592201233
        ],
        [
            0.01289830170571804,
            -0.6900643706321716,
            -0.01881188340485096
        ],
        [
            -0.005891311448067427,
            -0.8743913173675537,
            -0.07097771018743515
        ],
        [
            0.004224357660859823,
            -0.2279680371284485,
            0.07118400931358337
        ],
        [
            0.012225151062011719,
            -0.6350658535957336,
            0.0017836964689195156
        ],
        [
            0.015992144122719765,
            -0.470643013715744,
            0.07279249280691147
        ],
        [
            0.001942087896168232,
            -0.7693642377853394,
            -0.10926178097724915
        ],
        [
            -0.010383183136582375,
            -0.8934159278869629,
            -0.05965254828333855
        ]
    ],
    "pred_vertices": [
        [
            0.02884519472718239,
            -0.8882496953010559,
            -0.15378102660179138
        ],
        [
            0.023564215749502182,
            -0.874041736125946,
            -0.16056783497333527
        ],
        [
            0.03557634353637695,
            -0.8711433410644531,
            -0.15278507769107819
        ],
        [
            0.04092784598469734,
            -0.8814080357551575,
            -0.14292171597480774
        ],
        [
            0.03154712915420532,
            -0.8616665601730347,
            -0.15811195969581604
        ],
        [
            0.020689059048891068,
            -0.863011360168457,
            -0.16336123645305634
        ],
        [
            0.044006504118442535,
            -0.8648347854614258,
            -0.14348472654819489
        ],
        [
            0.04950504004955292,
            -0.8716036081314087,
            -0.13302794098854065
        ],
        [
            0.053838200867176056,
            -0.8278653621673584,
            -0.13377942144870758
        ],
        [
            0.05882544070482254,
            -0.8219425678253174,
            -0.12447404861450195
        ],
        [
            0.057411305606365204,
            -0.8354090452194214,
            -0.12659721076488495
        ],
        [
            0.051284417510032654,
            -0.8371665477752686,
            -0.13429784774780273
        ],
        [
            0.053451329469680786,
            -0.8024288415908813,
            -0.13182970881462097
        ],
        [
            0.046852946281433105,
            -0.7933946847915649,
            -0.14044293761253357
        ],
        [
            0.05001913756132126,
            -0.783962607383728,
            -0.13126711547374725
        ],
        [
            0.05520336702466011,
            -0.7924503087997437,
            -0.12196564674377441
        ],
        [
            0.012117084115743637,
            -0.8067674040794373,
            -0.16101084649562836
        ],
        [
            0.017953181639313698,
            -0.8004569411277771,
            -0.16082102060317993
        ],
        [
            0.021550912410020828,
            -0.807243824005127,
            -0.15973658859729767
        ],
        [
            0.01495407521724701,
            -0.8127332925796509,
            -0.15971291065216064
        ],
        [
            0.001536911353468895,
            -0.8163394331932068,
            -0.1659063845872879
        ],
        [
            0.002591255120933056,
            -0.821681022644043,
            -0.16225072741508484
        ],
        [
            -0.002802206203341484,
            -0.825617790222168,
            -0.1668216437101364
        ],
        [
            -0.0030876025557518005,
            -0.8196985125541687,
            -0.17157793045043945
        ],
        [
            0.007104482967406511,
            -0.8011642694473267,
            -0.16162189841270447
        ],
        [
            0.013177112676203251,
            -0.7946674823760986,
            -0.16065308451652527
        ],
        [
            0.006930364761501551,
            -0.8122230768203735,
            -0.16185668110847473
        ],
        [
            0.00479851383715868,
            -0.8078845143318176,
            -0.1643652617931366
        ],
        [
            0.0013557840138673782,
            -0.8025335073471069,
            -0.17501980066299438
        ],
        [
            0.0026778466999530792,
            -0.807165265083313,
            -0.1731714904308319
        ],
        [
            -0.0012494241818785667,
            -0.8087828159332275,
            -0.17997302114963531
        ],
        [
            -0.0022842874750494957,
            -0.8030261993408203,
            -0.17956691980361938
        ],
        [
            0.0050011975690722466,
            -0.8014267086982727,
            -0.16619208455085754
        ],
        [
            0.005154367536306381,
            -0.804566502571106,
            -0.1686411052942276
        ],
        [
            0.0025825612246990204,
            -0.800950825214386,
            -0.17114268243312836
        ],
        [
            0.0015629930421710014,
            -0.7984781265258789,
            -0.1681647002696991
        ],
        [
            0.0009365761652588844,
            -0.8125789165496826,
            -0.16905853152275085
        ],
        [
            -0.0026054587215185165,
            -0.8147546648979187,
            -0.17574487626552582
        ],
        [
            -0.007303666323423386,
            -0.8165600299835205,
            -0.18256857991218567
        ],
        [
            -0.0060849878937006,
            -0.8085232973098755,
            -0.18647252023220062
        ],
        [
            0.029720058664679527,
            -0.7870855331420898,
            -0.1553378850221634
        ],
        [
            0.024317562580108643,
            -0.7941807508468628,
            -0.15917356312274933
        ],
        [
            0.01933581382036209,
            -0.7888045310974121,
            -0.15960364043712616
        ],
        [
            0.0244358591735363,
            -0.7833510637283325,
            -0.1569826453924179
        ],
        [
            0.0032112346962094307,
            -0.7949525117874146,
            -0.1649128943681717
        ],
        [
            0.00755469873547554,
            -0.7791638374328613,
            -0.1660221666097641
        ],
        [
            0.007638150360435247,
            -0.783013105392456,
            -0.1660947948694229
        ],
        [
            0.0012409472838044167,
            -0.7838495373725891,
            -0.16971056163311005
        ],
        [
            0.0017897654324769974,
            -0.7802858352661133,
            -0.16944903135299683
        ],
        [
            0.035663969814777374,
            -0.7725052833557129,
            -0.1472187340259552
        ],
        [
            0.029913417994976044,
            -0.7712771892547607,
            -0.15163129568099976
        ],
        [
            0.030797474086284637,
            -0.7641284465789795,
            -0.14925481379032135
        ],
        [
            0.03594793379306793,
            -0.7638249397277832,
            -0.1437956541776657
        ],
        [
            0.02881367690861225,
            -0.7578439712524414,
            -0.14835776388645172
        ],
        [
            0.03519616648554802,
            -0.7553433179855347,
            -0.14071974158287048
        ],
        [
            0.026756802573800087,
            -0.7402873039245605,
            -0.14025548100471497
        ],
        [
            0.031069394201040268,
            -0.7467209100723267,
            -0.14048318564891815
        ],
        [
            0.02519788220524788,
            -0.7517988085746765,
            -0.14873917400836945
        ],
        [
            0.02004130557179451,
            -0.7463886737823486,
            -0.1519419550895691
        ],
        [
            0.00730010075494647,
            -0.751124382019043,
            -0.16011790931224823
        ],
        [
            0.0013866731896996498,
            -0.7496623396873474,
            -0.16293027997016907
        ],
        [
            0.006479508709162474,
            -0.7374067306518555,
            -0.16076144576072693
        ],
        [
            0.013156222179532051,
            -0.7409511804580688,
            -0.15704266726970673
        ],
        [
            0.008059661835432053,
            -0.7728851437568665,
            -0.1619310975074768
        ],
        [
            0.012126379646360874,
            -0.7730603218078613,
            -0.15914413332939148
        ],
        [
            0.01219821535050869,
            -0.7746328115463257,
            -0.16147339344024658
        ],
        [
            0.007817755453288555,
            -0.775749921798706,
            -0.16454827785491943
        ],
        [
            0.015667501837015152,
            -0.7729307413101196,
            -0.15739914774894714
        ],
        [
            0.017353584989905357,
            -0.7726939916610718,
            -0.15664854645729065
        ],
        [
            0.017046689987182617,
            -0.7740269899368286,
            -0.15784674882888794
        ],
        [
            0.015689795836806297,
            -0.7739376425743103,
            -0.15801039338111877
        ],
        [
            0.013691763393580914,
            -0.7734969854354858,
            -0.15866875648498535
        ],
        [
            0.01283449586480856,
            -0.7715439796447754,
            -0.15910282731056213
        ],
        [
            0.014858866110444069,
            -0.7721368074417114,
            -0.15796887874603271
        ],
        [
            0.009138359688222408,
            -0.7706930637359619,
            -0.16182243824005127
        ],
        [
            -0.0040619391947984695,
            -0.767973780632019,
            -0.16941002011299133
        ],
        [
            -2.303626388311386e-05,
            -0.7685941457748413,
            -0.16802385449409485
        ],
        [
            -0.0015258220955729485,
            -0.7727817296981812,
            -0.16710171103477478
        ],
        [
            -0.005112068727612495,
            -0.772679328918457,
            -0.16834497451782227
        ],
        [
            0.015142151154577732,
            -0.7762231826782227,
            -0.1595422774553299
        ],
        [
            0.017720812931656837,
            -0.7775822281837463,
            -0.15903018414974213
        ],
        [
            0.013598094694316387,
            -0.7803027033805847,
            -0.1623706817626953
        ],
        [
            0.012659580446779728,
            -0.7774468660354614,
            -0.16182291507720947
        ],
        [
            0.02039323002099991,
            -0.7797300815582275,
            -0.15888631343841553
        ],
        [
            0.019252337515354156,
            -0.7753889560699463,
            -0.1572536677122116
        ],
        [
            0.022028828039765358,
            -0.7762514352798462,
            -0.15649139881134033
        ],
        [
            0.016919448971748352,
            -0.7709488868713379,
            -0.15677115321159363
        ],
        [
            0.019649209454655647,
            -0.7693277597427368,
            -0.15535438060760498
        ],
        [
            0.020096205174922943,
            -0.772014856338501,
            -0.15632739663124084
        ],
        [
            0.017793895676732063,
            -0.7659558057785034,
            -0.15578611195087433
        ],
        [
            0.014474380761384964,
            -0.7689411640167236,
            -0.1578022837638855
        ],
        [
            0.010870233178138733,
            -0.7670572996139526,
            -0.16044363379478455
        ],
        [
            0.006121775601059198,
            -0.765351414680481,
            -0.16384071111679077
        ],
        [
            0.008981090039014816,
            -0.760393500328064,
            -0.16102275252342224
        ],
        [
            0.01404726691544056,
            -0.7628520727157593,
            -0.15796905755996704
        ],
        [
            0.015430280938744545,
            -0.7843297719955444,
            -0.1614387333393097
        ],
        [
            0.02432197704911232,
            -0.7716028690338135,
            -0.15425272285938263
        ],
        [
            0.027490204200148582,
            -0.7783718705177307,
            -0.1538669764995575
        ],
        [
            0.02440059557557106,
            -0.7667549848556519,
            -0.15320169925689697
        ],
        [
            0.02248629927635193,
            -0.7620344161987305,
            -0.15287694334983826
        ],
        [
            0.018906153738498688,
            -0.7574437856674194,
            -0.15443465113639832
        ],
        [
            0.013173380866646767,
            -0.7541183233261108,
            -0.15725035965442657
        ],
        [
            0.009372087195515633,
            -0.7281877994537354,
            -0.14867570996284485
        ],
        [
            0.017801649868488312,
            -0.7332336902618408,
            -0.14529846608638763
        ],
        [
            0.019196409732103348,
            -0.8552209138870239,
            -0.16096729040145874
        ],
        [
            0.02793223038315773,
            -0.8549920320510864,
            -0.15868353843688965
        ],
        [
            0.029358074069023132,
            -0.8467988967895508,
            -0.15451648831367493
        ],
        [
            0.03125131502747536,
            -0.8492896556854248,
            -0.15431468188762665
        ],
        [
            0.02543500065803528,
            -0.85039222240448,
            -0.15739525854587555
        ],
        [
            0.02509322762489319,
            -0.8476481437683105,
            -0.15658363699913025
        ],
        [
            0.04423687979578972,
            -0.8397570848464966,
            -0.13942155241966248
        ],
        [
            0.03896581754088402,
            -0.8416810631752014,
            -0.14386087656021118
        ],
        [
            0.039303068071603775,
            -0.8375915288925171,
            -0.1421472430229187
        ],
        [
            0.04607101529836655,
            -0.8328675031661987,
            -0.13855098187923431
        ],
        [
            0.03196428716182709,
            -0.8298166990280151,
            -0.14960043132305145
        ],
        [
            0.036356039345264435,
            -0.8310495018959045,
            -0.1461578756570816
        ],
        [
            0.03228725865483284,
            -0.8380005359649658,
            -0.14894883334636688
        ],
        [
            0.02895412966609001,
            -0.8370926380157471,
            -0.15132662653923035
        ],
        [
            0.025225376710295677,
            -0.8365143537521362,
            -0.15332536399364471
        ],
        [
            0.020805390551686287,
            -0.8361104726791382,
            -0.15420086681842804
        ],
        [
            0.021410951390862465,
            -0.8309028744697571,
            -0.1539686620235443
        ],
        [
            0.02669152244925499,
            -0.8301501274108887,
            -0.152356818318367
        ],
        [
            0.018907848745584488,
            -0.8516110181808472,
            -0.1582144796848297
        ],
        [
            0.011622507125139236,
            -0.8501242399215698,
            -0.15774290263652802
        ],
        [
            0.013309786096215248,
            -0.8474773168563843,
            -0.15719637274742126
        ],
        [
            0.019342554733157158,
            -0.8483754992485046,
            -0.15798665583133698
        ],
        [
            0.003746597096323967,
            -0.84003746509552,
            -0.15222619473934174
        ],
        [
            0.004793161526322365,
            -0.842619776725769,
            -0.15310069918632507
        ],
        [
            0.0011076238006353378,
            -0.8438566327095032,
            -0.15422913432121277
        ],
        [
            0.00054160226136446,
            -0.8392786979675293,
            -0.1535591334104538
        ],
        [
            0.002892051823437214,
            -0.8364882469177246,
            -0.1538316160440445
        ],
        [
            0.005058926530182362,
            -0.8385396003723145,
            -0.1527458131313324
        ],
        [
            0.01812714897096157,
            -0.909454882144928,
            -0.1508328914642334
        ],
        [
            0.01424491684883833,
            -0.8925729393959045,
            -0.1596308946609497
        ],
        [
            0.03400005027651787,
            -0.9029468297958374,
            -0.13851003348827362
        ],
        [
            0.04566632956266403,
            -0.8927982449531555,
            -0.12883420288562775
        ],
        [
            0.05454443395137787,
            -0.8786175847053528,
            -0.1203724667429924
        ],
        [
            0.04289676249027252,
            -0.7769888639450073,
            -0.140224426984787
        ],
        [
            0.044700320810079575,
            -0.7678327560424805,
            -0.1342237889766693
        ],
        [
            0.052956804633140564,
            -0.7750881910324097,
            -0.1221524178981781
        ],
        [
            0.051269762217998505,
            -0.7642991542816162,
            -0.11772488057613373
        ],
        [
            0.04341505095362663,
            -0.7568478584289551,
            -0.13052602112293243
        ],
        [
            0.03001456707715988,
            -0.7369752526283264,
            -0.12684932351112366
        ],
        [
            0.03832035884261131,
            -0.7457293272018433,
            -0.1281883716583252
        ],
        [
            0.046923279762268066,
            -0.7533795833587646,
            -0.11219437420368195
        ],
        [
            0.05458356440067291,
            -0.7664549350738525,
            -0.09761554002761841
        ],
        [
            0.05697372555732727,
            -0.7739230990409851,
            -0.10561521351337433
        ],
        [
            0.059228502213954926,
            -0.781653881072998,
            -0.08544851839542389
        ],
        [
            0.0502982996404171,
            -0.7580655813217163,
            -0.08601543307304382
        ],
        [
            0.05667110159993172,
            -0.7806175947189331,
            -0.07690781354904175
        ],
        [
            0.035940855741500854,
            -0.7207245826721191,
            -0.0859362930059433
        ],
        [
            0.039182208478450775,
            -0.7089312076568604,
            -0.08125368505716324
        ],
        [
            0.05255093425512314,
            -0.7179197669029236,
            -0.07163780927658081
        ],
        [
            0.049511492252349854,
            -0.728966474533081,
            -0.075782909989357
        ],
        [
            0.05741821601986885,
            -0.7827558517456055,
            -0.11292381584644318
        ],
        [
            0.058208342641592026,
            -0.8465582132339478,
            -0.11873835325241089
        ],
        [
            0.05441315099596977,
            -0.846393346786499,
            -0.12980279326438904
        ],
        [
            0.06093555688858032,
            -0.8334925770759583,
            -0.11557126045227051
        ],
        [
            0.05721840634942055,
            -0.9050135016441345,
            -0.09659623354673386
        ],
        [
            0.05086581036448479,
            -0.901072084903717,
            -0.11369927227497101
        ],
        [
            0.05916082113981247,
            -0.8858516812324524,
            -0.10775429010391235
        ],
        [
            0.06388478726148605,
            -0.891897976398468,
            -0.09226042032241821
        ],
        [
            0.027460191398859024,
            -0.9382338523864746,
            -0.10271428525447845
        ],
        [
            0.024350594729185104,
            -0.9269994497299194,
            -0.12748923897743225
        ],
        [
            0.036892369389534,
            -0.9160749316215515,
            -0.12138724327087402
        ],
        [
            0.041843585669994354,
            -0.9245637655258179,
            -0.10109341144561768
        ],
        [
            0.06589872390031815,
            -0.8923546075820923,
            -0.0789351761341095
        ],
        [
            0.06754438579082489,
            -0.8931773900985718,
            -0.059535007923841476
        ],
        [
            0.0631997138261795,
            -0.908279299736023,
            -0.0521751344203949
        ],
        [
            0.059438612312078476,
            -0.9092215299606323,
            -0.07509122788906097
        ],
        [
            0.04998756945133209,
            -0.9265927076339722,
            -0.044365253299474716
        ],
        [
            0.04750245809555054,
            -0.9292181730270386,
            -0.0715785101056099
        ],
        [
            0.05555348843336105,
            -0.7674584984779358,
            -0.0668611153960228
        ],
        [
            0.056838102638721466,
            -0.7858139276504517,
            -0.06390272825956345
        ],
        [
            0.046300701797008514,
            -0.7424828410148621,
            -0.08203436434268951
        ],
        [
            0.05536084622144699,
            -0.7515252828598022,
            -0.0672808587551117
        ],
        [
            0.03256920352578163,
            -0.9400675296783447,
            -0.03875869885087013
        ],
        [
            0.0291072316467762,
            -0.9443594813346863,
            -0.06987812370061874
        ],
        [
            0.059749167412519455,
            -0.8696255683898926,
            -0.010979730635881424
        ],
        [
            0.06180479750037193,
            -0.8874194622039795,
            -0.01825115457177162
        ],
        [
            0.06746203452348709,
            -0.8755925893783569,
            -0.03495468944311142
        ],
        [
