{
    "pred_cam": [
        1.4065285921096802,
        0.01467909850180149,
        0.36498942971229553
    ],
    "pred_smpl_params": {
        "global_orient": [
            [
                [
                    0.9992126822471619,
                    0.03221077471971512,
                    0.023160774260759354
                ],
                [
                    0.030181214213371277,
                    -0.9960758686065674,
                    0.08319784700870514
                ],
                [
                    0.025749757885932922,
                    -0.08243332803249359,
                    -0.9962638020515442
                ]
            ]
        ],
        "body_pose": [
            [
                [
                    0.9990808963775635,
                    -0.03174692019820213,
                    0.02880134992301464
                ],
                [
                    0.029009534046053886,
                    0.995434045791626,
                    0.09093651920557022
                ],
                [
                    -0.03155680000782013,
                    -0.0900174230337143,
                    0.9954401254653931
                ]
            ],
            [
                [
                    0.9998873472213745,
                    0.006464411038905382,
                    -0.013548431918025017
                ],
                [
                    -0.004969514906406403,
                    0.9941815137863159,
                    0.10760295391082764
                ],
                [
                    0.014165191911160946,
                    -0.10752350091934204,
                    0.9941016435623169
                ]
            ],
            [
                [
                    0.9998602867126465,
                    -0.016006847843527794,
                    0.004820604808628559
                ],
                [
                    0.01635805517435074,
                    0.9962649345397949,
                    -0.08478578180074692
                ],
                [
                    -0.0034454474225640297,
                    0.08485278487205505,
                    0.9963876008987427
                ]
            ],
            [
                [
                    0.9863511323928833,
                    0.004872424993664026,
                    -0.16458357870578766
                ],
                [
                    -0.12846815586090088,
                    0.6480004787445068,
                    -0.7507272958755493
                ],
                [
                    0.10299235582351685,
                    0.7616243958473206,
                    0.6397819519042969
                ]
            ],
            [
                [
                    0.9814900755882263,
                    -0.055084001272916794,
                    0.18342064321041107
                ],
                [
                    0.17753049731254578,
                    0.6209315061569214,
                    -0.7634966373443604
                ],
                [
                    -0.07183520495891571,
                    0.7819270491600037,
                    0.6192172169685364
                ]
            ],
            [
                [
                    0.9992672204971313,
                    0.022892681881785393,
                    0.030674869194626808
                ],
                [
                    -0.026441792026162148,
                    0.9923250079154968,
                    0.12079714983701706
                ],
                [
                    -0.02767406776547432,
                    -0.12151972949504852,
                    0.9922031760215759
                ]
            ],
            [
                [
                    0.9609954953193665,
                    0.031492285430431366,
                    0.2747652530670166
                ],
                [
                    -0.06645311415195465,
                    0.9906831979751587,
                    0.11887331306934357
                ],
                [
                    -0.2684617340564728,
                    -0.13249571621418,
                    0.9541348218917847
                ]
            ],
            [
                [
                    0.9620468020439148,
                    -0.006360277533531189,
                    -0.27281031012535095
                ],
                [
                    0.035075265914201736,
                    0.9943176507949829,
                    0.10050904005765915
                ],
                [
                    0.27062085270881653,
                    -0.10626329481601715,
                    0.9568032026290894
                ]
            ],
            [
                [
                    0.9995898604393005,
                    0.02013218030333519,
                    0.020366663113236427
                ],
                [
                    -0.01796102710068226,
                    0.9946548342704773,
                    -0.10168114304542542
                ],
                [
                    -0.02230486460030079,
                    0.10127363353967667,
                    0.994608461856842
                ]
            ],
            [
                [
                    0.98412024974823,
                    -0.1263657659292221,
                    -0.12465536594390869
                ],
                [
                    0.14836324751377106,
                    0.9711225628852844,
                    0.18684040009975433
                ],
                [
                    0.09744540601968765,
                    -0.20236772298812866,
                    0.9744493961334229
                ]
            ],
            [
                [
                    0.9862098693847656,
                    0.12786604464054108,
                    0.10507316887378693
                ],
                [
                    -0.14563840627670288,
                    0.9720746278762817,
                    0.18401175737380981
                ],
                [
                    -0.07861011475324631,
                    -0.19677689671516418,
                    0.9772918224334717
                ]
            ],
            [
                [
                    0.9900769591331482,
                    -0.04085252061486244,
                    -0.13445700705051422
                ],
                [
                    0.06058910861611366,
                    0.9874064326286316,
                    0.1461421698331833
                ],
                [
                    0.12679342925548553,
                    -0.15283863246440887,
                    0.9800835847854614
                ]
            ],
            [
                [
                    0.9265117049217224,
                    0.26645389199256897,
                    0.26566582918167114
                ],
                [
                    -0.26177892088890076,
                    0.9636414647102356,
                    -0.053543929010629654
                ],
                [
                    -0.2702735960483551,
                    -0.019936630502343178,
                    0.9625771045684814
                ]
            ],
            [
                [
                    0.9573546051979065,
                    -0.1806957721710205,
                    -0.22543570399284363
                ],
                [
                    0.17324195802211761,
                    0.9834741950035095,
                    -0.05258990824222565
                ],
                [
                    0.23121298849582672,
                    0.011292262934148312,
                    0.9728376269340515
                ]
            ],
            [
                [
                    0.996679425239563,
                    -0.07424534857273102,
                    -0.03343101590871811
                ],
                [
                    0.07043647766113281,
                    0.9921360611915588,
                    -0.10346359014511108
                ],
                [
                    0.04084980487823486,
                    0.10076528042554855,
                    0.9940711855888367
                ]
            ],
            [
                [
                    0.638559877872467,
                    0.7683125734329224,
                    -0.04401133581995964
                ],
                [
                    -0.7693198919296265,
                    0.6358418464660645,
                    -0.0620647557079792
                ],
                [
                    -0.01970088481903076,
                    0.07349086552858353,
                    0.9971012473106384
                ]
            ],
            [
                [
                    0.683484673500061,
                    -0.7298323512077332,
                    0.013910530135035515
                ],
                [
                    0.7287836074829102,
                    0.6811710596084595,
                    -0.06986074149608612
                ],
                [
                    0.0415111742913723,
                    0.0578865110874176,
                    0.9974598288536072
                ]
            ],
            [
                [
                    0.6991299390792847,
                    -0.27101147174835205,
                    -0.6616420149803162
                ],
                [
                    0.2591390609741211,
                    0.9585074782371521,
                    -0.11878730356693268
                ],
                [
                    0.6663815379142761,
                    -0.08840952068567276,
                    0.7403509020805359
                ]
            ],
            [
                [
                    0.6930907964706421,
                    0.27291256189346313,
                    0.6671910285949707
                ],
                [
                    -0.21026422083377838,
                    0.9618514776229858,
                    -0.1750161200761795
                ],
                [
                    -0.6895028352737427,
                    -0.018984341993927956,
                    0.7240341305732727
                ]
            ],
            [
                [
                    0.99866783618927,
                    -0.0471934974193573,
                    0.02086850441992283
                ],
                [
                    0.04774875193834305,
                    0.9984954595565796,
                    -0.0269616711884737
                ],
                [
                    -0.019564690068364143,
                    0.027922194451093674,
                    0.9994187355041504
                ]
            ],
            [
                [
                    0.999200701713562,
                    0.03447085618972778,
                    -0.020241012796759605
                ],
                [
                    -0.0362846776843071,
                    0.9945833683013916,
                    -0.09740310907363892
                ],
                [
                    0.016773806884884834,
                    0.09805969893932343,
                    0.995039165019989
                ]
            ],
            [
                [
                    0.9761961102485657,
                    0.20742568373680115,
                    -0.0633707270026207
                ],
                [
                    -0.1991821527481079,
                    0.973007082939148,
                    0.11654917150735855
                ],
                [
                    0.08583545684814453,
                    -0.10115251690149307,
                    0.9911612272262573
                ]
            ],
            [
                [
                    0.9786074161529541,
                    -0.20048873126506805,
                    0.04617331922054291
                ],
                [
                    0.19189827144145966,
                    0.9704177975654602,
                    0.14650718867778778
                ],
                [
                    -0.07418043911457062,
                    -0.13451240956783295,
                    0.9881315231323242
                ]
            ]
        ],
        "betas": [
            -0.1664178967475891,
            0.08561782538890839,
            0.42194828391075134,
            -0.032384008169174194,
            0.03410285711288452,
            0.07072696089744568,
            0.05058971047401428,
            -0.16696426272392273,
            0.07272396981716156,
            -0.10590100288391113
        ]
    },
    "pred_cam_t": [
        0.01467909850180149,
        0.36498942971229553,
        27.772275924682617
    ],
    "focal_length": [
        5000.0,
        5000.0
    ],
    "pred_keypoints_3d": [
        [
            0.0050260815769433975,
            -0.8504674434661865,
            -0.1508433222770691
        ],
        [
            0.01908634975552559,
            -0.7348582148551941,
            0.005890538915991783
        ],
        [
            -0.15810304880142212,
            -0.6695764064788818,
            0.027768967673182487
        ],
        [
            -0.289902925491333,
            -0.47548434138298035,
            0.11929033696651459
        ],
        [
            -0.4637593626976013,
            -0.3345178961753845,
            0.0034943073987960815
        ],
        [
            0.17954310774803162,
            -0.6450555920600891,
            0.05453217774629593
        ],
        [
            0.2399834394454956,
            -0.4194791913032532,
            0.1642274558544159
        ],
        [
            0.40233439207077026,
            -0.2541736960411072,
            0.0827731043100357
        ],
        [
            -0.0015847240574657917,
            -0.22303402423858643,
            0.027881983667612076
        ],
        [
            -0.07283864170312881,
            -0.13501325249671936,
            0.03829464316368103
        ],
        [
            -0.12421882152557373,
            0.2431710958480835,
            0.037127770483493805
        ],
        [
            -0.10711280256509781,
            0.461870938539505,
            0.3676518201828003
        ],
        [
            0.06551086902618408,
            -0.13018786907196045,
            0.04465513676404953
        ],
        [
            0.09910548478364944,
            0.2421068549156189,
            0.04890144616365433
        ],
        [
            0.07381550967693329,
            0.4648107588291168,
            0.3757849335670471
        ],
        [
            -0.027091972529888153,
            -0.8868907690048218,
            -0.11263984441757202
        ],
        [
            0.038349319249391556,
            -0.8922762870788574,
            -0.12076087296009064
        ],
        [
            -0.05475287139415741,
            -0.8646149635314941,
            -0.015518533065915108
        ],
        [
            0.08857569098472595,
            -0.8763444423675537,
            -0.033353082835674286
        ],
        [
            0.08778590708971024,
            0.6299841403961182,
            0.27061331272125244
        ],
        [
            0.14969521760940552,
            0.6020225286483765,
            0.3185994625091553
        ],
        [
            0.07504825294017792,
            0.44984734058380127,
            0.4460800290107727
        ],
        [
            -0.1075063943862915,
            0.6267268657684326,
            0.26421207189559937
        ],
        [
            -0.17872262001037598,
            0.6002155542373657,
            0.3041970431804657
        ],
        [
            -0.11003699153661728,
            0.4542824923992157,
            0.4419557750225067
        ],
        [
            -0.13063159584999084,
            0.41140609979629517,
            0.34993088245391846
        ],
        [
            -0.1206950843334198,
            0.18688125908374786,
            0.02486162632703781
        ],
        [
            -0.14844481647014618,
            -0.25884780287742615,
            0.029665304347872734
        ],
        [
            0.1461191475391388,
            -0.23601360619068146,
            0.0522131510078907
        ],
        [
            0.11153849214315414,
            0.2060491442680359,
            0.041468359529972076
        ],
        [
            0.08380555361509323,
            0.42354846000671387,
            0.3703291416168213
        ],
        [
            -0.4395701289176941,
            -0.3540008068084717,
            -0.015235783532261848
        ],
        [
            -0.3114670515060425,
            -0.5084073543548584,
            0.10228926688432693
        ],
        [
            -0.12625177204608917,
            -0.6941683292388916,
            0.02452092431485653
        ],
        [
            0.15214936435222626,
            -0.6761091351509094,
            0.047695595771074295
        ],
        [
            0.27675747871398926,
            -0.4541338086128235,
            0.14770814776420593
        ],
        [
            0.40046024322509766,
            -0.275358647108078,
            0.07706356048583984
        ],
        [
            0.022095859050750732,
            -0.7366153001785278,
            0.012189820408821106
        ],
        [
            0.01470145583152771,
            -0.923750102519989,
            -0.03517577424645424
        ],
        [
            -0.0004428147803992033,
            -0.24754804372787476,
            0.041172705590724945
        ],
        [
            0.014228792861104012,
            -0.6821593642234802,
            0.030146433040499687
        ],
        [
            0.005179079249501228,
            -0.49383074045181274,
            0.03464905917644501
        ],
        [
            0.02229437604546547,
            -0.8205307126045227,
            -0.07814253866672516
        ],
        [
            0.009707820601761341,
            -0.9420362114906311,
            -0.02455495297908783
        ]
    ],
    "pred_vertices": [
        [
            0.0466606542468071,
            -0.9389750957489014,
            -0.11865542829036713
        ],
        [
            0.0408119298517704,
            -0.9247933626174927,
            -0.12480580806732178
        ],
        [
            0.05275166034698486,
            -0.9213643074035645,
            -0.11787692457437515
        ],
        [
            0.0590536892414093,
            -0.9319823980331421,
            -0.10858477652072906
        ],
        [
            0.04894036054611206,
            -0.9126170873641968,
            -0.12355442345142365
        ],
        [
            0.038248173892498016,
            -0.9136503338813782,
            -0.1292523443698883
        ],
        [
            0.060961224138736725,
            -0.9151758551597595,
            -0.10866458714008331
        ],
        [
            0.06681478768587112,
            -0.9221331477165222,
            -0.0982210785150528
        ],
        [
            0.07055551558732986,
            -0.8798204660415649,
            -0.10116290301084518
        ],
        [
            0.07568089663982391,
            -0.8747535943984985,
            -0.09248940646648407
        ],
        [
            0.07461734116077423,
            -0.8865245580673218,
            -0.09277617931365967
        ],
        [
            0.06854036450386047,
            -0.8881857395172119,
            -0.10104817897081375
        ],
        [
            0.07182897627353668,
            -0.8534730672836304,
            -0.09938796609640121
        ],
        [
            0.06547318398952484,
            -0.8445589542388916,
            -0.10773330926895142
        ],
        [
            0.06926988065242767,
            -0.8349102735519409,
            -0.09887194633483887
        ],
        [
            0.07440073043107986,
            -0.8431859016418457,
            -0.08977105468511581
        ],
        [
            0.030074745416641235,
            -0.858009934425354,
            -0.12671831250190735
        ],
        [
            0.03600325062870979,
            -0.8517943620681763,
            -0.12657798826694489
        ],
        [
            0.03946655988693237,
            -0.858634352684021,
            -0.12571598589420319
        ],
        [
            0.03282542899250984,
            -0.8639724254608154,
            -0.1254800707101822
        ],
        [
            0.019569415599107742,
            -0.8671181201934814,
            -0.1310754120349884
        ],
        [
            0.02053486555814743,
            -0.8723769187927246,
            -0.12749134004116058
        ],
        [
            0.015017485246062279,
            -0.8762768507003784,
            -0.1316361278295517
        ],
        [
            0.014834823086857796,
            -0.8704242706298828,
            -0.13641785085201263
        ],
        [
            0.025024715811014175,
            -0.8524444699287415,
            -0.12649738788604736
        ],
        [
            0.03142721205949783,
            -0.8460192084312439,
            -0.12599557638168335
        ],
        [
            0.024814963340759277,
            -0.8634331822395325,
            -0.12742498517036438
        ],
        [
            0.023043401539325714,
            -0.858666181564331,
            -0.12968307733535767
        ],
        [
            0.019453251734375954,
            -0.8533052206039429,
            -0.13985693454742432
        ],
        [
            0.020761553198099136,
            -0.8579251170158386,
            -0.13822436332702637
        ],
        [
            0.016626641154289246,
            -0.8592932820320129,
            -0.14465802907943726
        ],
        [
            0.015873292461037636,
            -0.8537217974662781,
            -0.14426079392433167
        ],
        [
            0.023053061217069626,
            -0.8519848585128784,
            -0.13109759986400604
        ],
        [
            0.023142646998167038,
            -0.8550912141799927,
            -0.13377302885055542
        ],
        [
            0.020774325355887413,
            -0.8514319658279419,
            -0.13606305420398712
        ],
        [
            0.019821330904960632,
            -0.8489646911621094,
            -0.13279490172863007
        ],
        [
            0.018947256729006767,
            -0.8629618883132935,
            -0.13418398797512054
        ],
        [
            0.015267245471477509,
            -0.8652312159538269,
            -0.14057883620262146
        ],
        [
            0.010650159791111946,
            -0.867000937461853,
            -0.14701782166957855
        ],
        [
            0.011896327137947083,
            -0.8590131998062134,
            -0.1510895937681198
        ],
        [
            0.04822935163974762,
            -0.8385614156723022,
            -0.12177525460720062
        ],
        [
            0.04241369664669037,
            -0.845393180847168,
            -0.1253959983587265
        ],
        [
            0.03770807385444641,
            -0.8402048349380493,
            -0.12524114549160004
        ],
        [
            0.04301805421710014,
            -0.834823489189148,
            -0.12305540591478348
        ],
        [
            0.021573564037680626,
            -0.8457397222518921,
            -0.12973548471927643
        ],
        [
            0.026451285928487778,
            -0.830193042755127,
            -0.1311183124780655
        ],
        [
            0.026395834982395172,
            -0.8340021371841431,
            -0.1311240941286087
        ],
        [
            0.020022450014948845,
            -0.8347317576408386,
            -0.1344497948884964
        ],
        [
            0.020732810720801353,
            -0.8312240839004517,
            -0.1343626081943512
        ],
        [
            0.05478312075138092,
            -0.8239765167236328,
            -0.113945372402668
        ],
        [
            0.04882708191871643,
            -0.8229008913040161,
            -0.11792315542697906
        ],
        [
            0.04990558698773384,
            -0.8159000873565674,
            -0.11558587849140167
        ],
        [
            0.05549224093556404,
            -0.8154849410057068,
            -0.11034252494573593
        ],
        [
            0.04817097634077072,
            -0.8099899888038635,
            -0.11444127559661865
        ],
        [
            0.055024705827236176,
            -0.8073036074638367,
            -0.10718657076358795
        ],
        [
            0.04707946255803108,
            -0.7928627729415894,
            -0.10703407227993011
        ],
        [
            0.05133781582117081,
            -0.7992124557495117,
            -0.1068955510854721
        ],
        [
            0.04477163404226303,
            -0.8042598962783813,
            -0.11481767892837524
        ],
        [
            0.039737749844789505,
            -0.7990700006484985,
            -0.11783070117235184
        ],
        [
            0.02687756158411503,
            -0.8034327030181885,
            -0.12569397687911987
        ],
        [
            0.021040674299001694,
            -0.8019626140594482,
            -0.128004252910614
        ],
        [
            0.02658144012093544,
            -0.7902220487594604,
            -0.1267663687467575
        ],
        [
            0.0329882837831974,
            -0.7938882112503052,
            -0.12272991985082626
        ],
        [
            0.026902928948402405,
            -0.8245037198066711,
            -0.1269826889038086
        ],
        [
            0.03090319037437439,
            -0.8246713876724243,
            -0.1243952289223671
        ],
        [
            0.0308997705578804,
            -0.8263030648231506,
            -0.1266556680202484
        ],
        [
            0.026606537401676178,
            -0.8273022174835205,
            -0.1296875774860382
        ],
        [
            0.034468021243810654,
            -0.8245904445648193,
            -0.12267199903726578
        ],
        [
            0.03610559552907944,
            -0.8244115114212036,
            -0.12204425036907196
        ],
        [
            0.03576389327645302,
            -0.8257296085357666,
            -0.12322892248630524
        ],
        [
            0.03423831984400749,
            -0.8253587484359741,
            -0.12339337915182114
        ],
        [
            0.032338082790374756,
            -0.824913740158081,
            -0.12386491894721985
        ],
        [
            0.03148535639047623,
            -0.822974443435669,
            -0.12428221106529236
        ],
        [
            0.03364306315779686,
            -0.8237913846969604,
            -0.12312173843383789
        ],
        [
            0.02791507914662361,
            -0.8220932483673096,
            -0.1269199699163437
        ],
        [
            0.01529969833791256,
            -0.8189849853515625,
            -0.13406860828399658
        ],
        [
            0.019119568169116974,
            -0.8200485706329346,
            -0.13283315300941467
        ],
        [
            0.017482152208685875,
            -0.8242632746696472,
            -0.13168123364448547
        ],
        [
            0.014188917353749275,
            -0.8236038684844971,
            -0.1326359063386917
        ],
        [
            0.033842429518699646,
            -0.827178955078125,
            -0.12500306963920593
        ],
        [
            0.036280132830142975,
            -0.8292241096496582,
            -0.12445800006389618
        ],
        [
            0.03223380446434021,
            -0.8318728804588318,
            -0.12754583358764648
        ],
        [
            0.03134765475988388,
            -0.8290199041366577,
            -0.12704050540924072
        ],
        [
            0.03881945088505745,
            -0.8312891721725464,
            -0.12443653494119644
        ],
        [
            0.037918440997600555,
            -0.8270281553268433,
            -0.12268908321857452
        ],
        [
            0.04096756502985954,
            -0.8275980949401855,
            -0.12220679968595505
        ],
        [
            0.03570165857672691,
            -0.8226451873779297,
            -0.1220514327287674
        ],
        [
            0.03852474316954613,
            -0.8210762739181519,
            -0.12079384922981262
        ],
        [
            0.03883837163448334,
            -0.8238025307655334,
            -0.12171892821788788
        ],
        [
            0.036779262125492096,
            -0.8177816867828369,
            -0.12125612795352936
        ],
        [
            0.033405039459466934,
            -0.8206833600997925,
            -0.12308559566736221
        ],
        [
            0.029950059950351715,
            -0.8188053965568542,
            -0.12571825087070465
        ],
        [
            0.025365779176354408,
            -0.8170617818832397,
            -0.1291038542985916
        ],
        [
            0.028280850499868393,
            -0.8123191595077515,
            -0.12635928392410278
        ],
        [
            0.03323843330144882,
            -0.8147535920143127,
            -0.12343339622020721
        ],
        [
            0.03404482454061508,
            -0.8354275226593018,
            -0.12679219245910645
        ],
        [
            0.04313434660434723,
            -0.8233386874198914,
            -0.12004734575748444
        ],
        [
            0.046251971274614334,
            -0.8298156261444092,
            -0.1201946809887886
        ],
        [
            0.04339134693145752,
            -0.8185077905654907,
            -0.11911711096763611
        ],
        [
            0.04168262705206871,
            -0.8139611482620239,
            -0.1188393235206604
        ],
        [
            0.03808707743883133,
            -0.8097726702690125,
            -0.11984048783779144
        ],
        [
            0.03272172063589096,
            -0.8063041567802429,
            -0.12295067310333252
        ],
        [
            0.030445870012044907,
            -0.7813770174980164,
            -0.11572542786598206
        ],
        [
            0.03853215277194977,
            -0.7864534854888916,
            -0.1118989959359169
        ],
        [
            0.036785855889320374,
            -0.9061999320983887,
            -0.12692496180534363
        ],
        [
            0.04568664729595184,
            -0.9054849147796631,
            -0.1250184327363968
        ],
        [
            0.04702003300189972,
            -0.8976130485534668,
            -0.12063505500555038
        ],
        [
            0.048638034611940384,
            -0.9005753993988037,
            -0.12041118741035461
        ],
        [
            0.04308255389332771,
            -0.9012553691864014,
            -0.12327973544597626
        ],
        [
            0.042801473289728165,
            -0.8984569311141968,
            -0.12273767590522766
        ],
        [
            0.06196095794439316,
            -0.8902938365936279,
            -0.10666463524103165
        ],
        [
            0.05683516710996628,
            -0.8920226097106934,
            -0.11100033670663834
        ],
        [
            0.057546716183423996,
            -0.888215184211731,
            -0.10963279008865356
        ],
        [
            0.06413909792900085,
            -0.8838684558868408,
            -0.10640597343444824
        ],
        [
            0.050064098089933395,
            -0.8805561065673828,
            -0.11653566360473633
        ],
        [
            0.054443731904029846,
            -0.8819227814674377,
            -0.11344490945339203
        ],
        [
            0.05008448660373688,
            -0.8884745240211487,
            -0.11567257344722748
        ],
        [
            0.04690143093466759,
            -0.8874782919883728,
            -0.11799854785203934
        ],
        [
            0.04308246076107025,
            -0.8868503570556641,
            -0.11990571022033691
        ],
        [
            0.03878874331712723,
            -0.8866735696792603,
            -0.12075647711753845
        ],
        [
            0.03936915844678879,
            -0.8812335729598999,
            -0.12047809362411499
        ],
        [
            0.044640444219112396,
            -0.8805608749389648,
            -0.11907210946083069
        ],
        [
            0.03639544919133186,
            -0.9020180106163025,
            -0.1242285817861557
        ],
        [
            0.029300151392817497,
            -0.9007501602172852,
            -0.12338687479496002
        ],
        [
            0.03086763247847557,
            -0.8977564573287964,
            -0.12306417524814606
        ],
        [
            0.03690284490585327,
            -0.898781418800354,
            -0.1241592988371849
        ],
        [
            0.021646030247211456,
            -0.8903294801712036,
            -0.11755865812301636
        ],
        [
            0.022593945264816284,
            -0.892947256565094,
            -0.11859701573848724
        ],
        [
            0.018984975293278694,
            -0.8942025899887085,
            -0.11951206624507904
        ],
        [
            0.018463749438524246,
            -0.8895882964134216,
            -0.11876200139522552
        ],
        [
            0.02085113152861595,
            -0.886667013168335,
            -0.11914288997650146
        ],
        [
            0.022978734225034714,
            -0.8887402415275574,
            -0.11819002777338028
        ],
        [
            0.036818455904722214,
            -0.9598215222358704,
            -0.11459281295537949
        ],
        [
            0.03213715925812721,
            -0.9428956508636475,
            -0.12423751503229141
        ],
        [
            0.05341704189777374,
            -0.952933132648468,
            -0.10453550517559052
        ],
        [
            0.06479036062955856,
            -0.9424208998680115,
            -0.09476441890001297
        ],
        [
            0.07292725145816803,
            -0.9290056824684143,
            -0.08599016815423965
        ],
        [
            0.06206456944346428,
            -0.8282145857810974,
            -0.10724765807390213
        ],
        [
            0.06435391306877136,
            -0.818963885307312,
            -0.10155954957008362
        ],
        [
            0.07226543873548508,
            -0.8257964849472046,
            -0.08990976214408875
        ],
        [
            0.07116688787937164,
            -0.815110445022583,
            -0.08490987122058868
        ],
        [
            0.06332820653915405,
            -0.8082997798919678,
            -0.09754233062267303
        ],
        [
            0.05120375379920006,
            -0.7894439697265625,
            -0.09352391213178635
        ],
        [
            0.05902522802352905,
            -0.7977776527404785,
            -0.09487706422805786
        ],
        [
            0.0667448341846466,
            -0.8048425912857056,
            -0.07870113104581833
        ],
        [
            0.0742051973938942,
            -0.8165704607963562,
            -0.0639459490776062
        ],
        [
            0.07665414363145828,
            -0.8242206573486328,
            -0.0725729763507843
        ],
        [
            0.0781177431344986,
            -0.8315375447273254,
            -0.05149705708026886
        ],
        [
            0.07019851356744766,
            -0.8084460496902466,
            -0.05150608718395233
        ],
        [
            0.07584015280008316,
            -0.8297266960144043,
            -0.04276043549180031
        ],
        [
            0.058006756007671356,
            -0.7709944248199463,
            -0.053487759083509445
        ],
        [
            0.060696687549352646,
            -0.7589338421821594,
            -0.048997052013874054
        ],
        [
            0.07088596373796463,
            -0.7658703327178955,
            -0.036011841148138046
        ],
        [
            0.06958489865064621,
            -0.777870774269104,
            -0.04069668799638748
        ],
        [
            0.0769500881433487,
            -0.8332209587097168,
            -0.080603688955307
        ],
        [
            0.07619074732065201,
            -0.8972680568695068,
            -0.08448377251625061
        ],
        [
            0.07118208706378937,
            -0.897172749042511,
            -0.09538784623146057
        ],
        [
            0.07879586517810822,
            -0.8841949701309204,
            -0.0821266621351242
        ],
        [
            0.07721884548664093,
            -0.9555662870407104,
            -0.06199658662080765
        ],
        [
            0.07099786400794983,
            -0.951386570930481,
            -0.07958991080522537
        ],
        [
            0.07907354831695557,
            -0.9357177019119263,
            -0.07422073930501938
        ],
        [
            0.0840187817811966,
            -0.941506028175354,
            -0.05840937793254852
        ],
        [
            0.047445692121982574,
            -0.9887020587921143,
            -0.06661007553339005
        ],
        [
            0.04356299340724945,
            -0.9773459434509277,
            -0.09240319579839706
        ],
        [
            0.05661585181951523,
            -0.9656792283058167,
            -0.0863734632730484
        ],
        [
            0.06202156841754913,
            -0.9750956296920776,
            -0.0656236931681633
        ],
        [
            0.08688189089298248,
            -0.942615270614624,
            -0.045281484723091125
        ],
        [
            0.08914507180452347,
            -0.9425005912780762,
            -0.0266435444355011
        ],
        [
            0.08442706614732742,
            -0.9573416709899902,
            -0.018305249512195587
        ],
        [
            0.08026754856109619,
            -0.9593152403831482,
            -0.040571775287389755
        ],
        [
            0.07149826735258102,
            -0.9760394096374512,
            -0.009449273347854614
        ],
        [
            0.06751056015491486,
            -0.9789446592330933,
            -0.036382660269737244
        ],
        [
            0.07557670027017593,
            -0.8154365420341492,
            -0.031887732446193695
        ],
        [
            0.07659869641065598,
            -0.8335944414138794,
            -0.03005242720246315
        ],
        [
            0.0676654577255249,
            -0.7921209335327148,
            -0.04711373150348663
        ],
        [
            0.07502242177724838,
            -0.7991956472396851,
            -0.031305648386478424
        ],
        [
            0.053340811282396317,
            -0.9892573952674866,
            -0.002142038196325302
        ],
        [
            0.049591537564992905,
            -0.9941208362579346,
            -0.0339057594537735
        ],
        [
            0.08311790227890015,
            -0.9169926643371582,
            0.021194059401750565
        ],
        [
            0.08418076485395432,
            -0.9353158473968506,
            0.014297440648078918
        ],
        [
            0.08977207541465759,
            -0.9240498542785645,
            -0.002765245735645294
        ],
        [
            0.08857770264148712,
            -0.9087367057800293,
