{
    "pred_cam": [
        1.3208506107330322,
        0.030297810211777687,
        0.38479283452033997
    ],
    "pred_smpl_params": {
        "global_orient": [
            [
                [
                    0.9986213445663452,
                    0.049736253917217255,
                    -0.016781415790319443
                ],
                [
                    0.05093521624803543,
                    -0.9954267740249634,
                    0.08081533014774323
                ],
                [
                    -0.012685217894613743,
                    -0.08155868947505951,
                    -0.9965877532958984
                ]
            ]
        ],
        "body_pose": [
            [
                [
                    0.9989421963691711,
                    -0.03595718368887901,
                    0.028664030134677887
                ],
                [
                    0.03362242877483368,
                    0.996374785900116,
                    0.07814561575651169
                ],
                [
                    -0.03137001395225525,
                    -0.07709918916225433,
                    0.996529757976532
                ]
            ],
            [
                [
                    0.9999734163284302,
                    -0.007282495032995939,
                    -0.00039024552097544074
                ],
                [
                    0.007277683820575476,
                    0.9929925799369812,
                    0.11795272678136826
                ],
                [
                    -0.00047147879377007484,
                    -0.11795242875814438,
                    0.993019163608551
                ]
            ],
            [
                [
                    0.9998364448547363,
                    -0.0171026811003685,
                    -0.005876294337213039
                ],
                [
                    0.016582796350121498,
                    0.9967085123062134,
                    -0.07935493439435959
                ],
                [
                    0.007214135490357876,
                    0.07924451678991318,
                    0.996829092502594
                ]
            ],
            [
                [
                    0.986090898513794,
                    0.008393206633627415,
                    -0.16599524021148682
                ],
                [
                    -0.1243949756026268,
                    0.6996337175369263,
                    -0.7035897970199585
                ],
                [
                    0.11023048311471939,
                    0.7144523859024048,
                    0.6909465193748474
                ]
            ],
            [
                [
                    0.9822465181350708,
                    -0.041821736842393875,
                    0.18287357687950134
                ],
                [
                    0.16026832163333893,
                    0.6937273740768433,
                    -0.7021797895431519
                ],
                [
                    -0.09749802201986313,
                    0.7190225124359131,
                    0.6881139874458313
                ]
            ],
            [
                [
                    0.9997025728225708,
                    0.00659515056759119,
                    0.02348174899816513
                ],
                [
                    -0.009610825218260288,
                    0.9913716912269592,
                    0.13072790205478668
                ],
                [
                    -0.022416971623897552,
                    -0.13091468811035156,
                    0.9911401867866516
                ]
            ],
            [
                [
                    0.9566004276275635,
                    0.0687921792268753,
                    0.28316667675971985
                ],
                [
                    -0.10281582176685333,
                    0.9889191389083862,
                    0.10708790272474289
                ],
                [
                    -0.27266213297843933,
                    -0.13155432045459747,
                    0.9530733823776245
                ]
            ],
            [
                [
                    0.958442211151123,
                    -0.062257904559373856,
                    -0.27841058373451233
                ],
                [
                    0.08564412593841553,
                    0.9936749935150146,
                    0.07262950390577316
                ],
                [
                    0.2721278667449951,
                    -0.09345541894435883,
                    0.9577120542526245
                ]
            ],
            [
                [
                    0.999880313873291,
                    0.002728125313296914,
                    0.015230795368552208
                ],
                [
                    -0.0009600812918506563,
                    0.9933761358261108,
                    -0.11490463465452194
                ],
                [
                    -0.015443380922079086,
                    0.11487624794244766,
                    0.993259847164154
                ]
            ],
            [
                [
                    0.9777930378913879,
                    -0.17149950563907623,
                    -0.12045202404260635
                ],
                [
                    0.19489185512065887,
                    0.9554342031478882,
                    0.2217264324426651
                ],
                [
                    0.07705800980329514,
                    -0.24027767777442932,
                    0.96764075756073
                ]
            ],
            [
                [
                    0.9723899960517883,
                    0.19719064235687256,
                    0.12479439377784729
                ],
                [
                    -0.21834805607795715,
                    0.957521915435791,
                    0.18835021555423737
                ],
                [
                    -0.08235247433185577,
                    -0.21039845049381256,
                    0.9741409420967102
                ]
            ],
            [
                [
                    0.990693986415863,
                    -0.030844256281852722,
                    -0.13256695866584778
                ],
                [
                    0.050510626286268234,
                    0.9877483248710632,
                    0.14765529334545135
                ],
                [
                    0.12638844549655914,
                    -0.15297725796699524,
                    0.9801142811775208
                ]
            ],
            [
                [
                    0.9297866225242615,
                    0.17124038934707642,
                    0.3258430063724518
                ],
                [
                    -0.1659809947013855,
                    0.9851424694061279,
                    -0.044098712503910065
                ],
                [
                    -0.3285532593727112,
                    -0.013081363402307034,
                    0.9443949460983276
                ]
            ],
            [
                [
                    0.95208340883255,
                    -0.09566769003868103,
                    -0.29049062728881836
                ],
                [
                    0.08838365972042084,
                    0.9953566193580627,
                    -0.038124680519104004
                ],
                [
                    0.2927890717983246,
                    0.010623257607221603,
                    0.9561179876327515
                ]
            ],
            [
                [
                    0.9967275261878967,
                    -0.07766266167163849,
                    -0.022423217073082924
                ],
                [
                    0.07559037953615189,
                    0.9937717318534851,
                    -0.08187718689441681
                ],
                [
                    0.028642358258366585,
                    0.07991425693035126,
                    0.996390163898468
                ]
            ],
            [
                [
                    0.6427905559539795,
                    0.765347421169281,
                    -0.03261181712150574
                ],
                [
                    -0.7653223872184753,
                    0.6397597789764404,
                    -0.07063258439302444
                ],
                [
                    -0.03319474309682846,
                    0.07036051899194717,
                    0.9969690442085266
                ]
            ],
            [
                [
                    0.7487702965736389,
                    -0.661619246006012,
                    -0.040038205683231354
                ],
                [
                    0.6572445034980774,
                    0.7489302754402161,
                    -0.08445721864700317
                ],
                [
                    0.0858643501996994,
                    0.03692416101694107,
                    0.9956223964691162
                ]
            ],
            [
                [
                    0.126544788479805,
                    -0.35290098190307617,
                    -0.9270638823509216
                ],
                [
                    0.30101245641708374,
                    0.9041699171066284,
                    -0.3030977249145508
                ],
                [
                    0.9451867938041687,
                    -0.240702286362648,
                    0.22064557671546936
                ]
            ],
            [
                [
                    0.37532275915145874,
                    0.32401761412620544,
                    0.8684154748916626
                ],
                [
                    -0.2616460621356964,
                    0.9358423948287964,
                    -0.23609401285648346
                ],
                [
                    -0.8891986012458801,
                    -0.1386060118675232,
                    0.4360208809375763
                ]
            ],
            [
                [
                    0.9906466603279114,
                    -0.13141830265522003,
                    -0.03672034665942192
                ],
                [
                    0.13352270424365997,
                    0.9890808463096619,
                    0.0623764842748642
                ],
                [
                    0.028121978044509888,
                    -0.06669605523347855,
                    0.9973769783973694
                ]
            ],
            [
                [
                    0.994531512260437,
                    0.10229146480560303,
                    0.021061168983578682
                ],
                [
                    -0.10062254220247269,
                    0.9925248026847839,
                    -0.06906237453222275
                ],
                [
                    -0.02796822600066662,
                    0.06656547635793686,
                    0.9973900318145752
                ]
            ],
            [
                [
                    0.9808534979820251,
                    0.18877001106739044,
                    -0.04787870869040489
                ],
                [
                    -0.18472352623939514,
                    0.9796714782714844,
                    0.07823678851127625
                ],
                [
                    0.06167416647076607,
                    -0.06789449602365494,
                    0.9957844614982605
                ]
            ],
            [
                [
                    0.9821210503578186,
                    -0.18605071306228638,
                    0.028693368658423424
                ],
                [
                    0.1813463717699051,
                    0.9759477972984314,
                    0.12099336087703705
                ],
                [
                    -0.050514135509729385,
                    -0.11362669616937637,
                    0.9922385215759277
                ]
            ]
        ],
        "betas": [
            -0.1275443732738495,
            0.10311417281627655,
            0.5009785890579224,
            0.03270238637924194,
            0.045372188091278076,
            0.03718671575188637,
            0.03069603443145752,
            -0.15963596105575562,
            0.06404854357242584,
            -0.1099916398525238
        ]
    },
    "pred_cam_t": [
        0.030297810211777687,
        0.38479283452033997,
        29.573745727539062
    ],
    "focal_length": [
        5000.0,
        5000.0
    ],
    "pred_keypoints_3d": [
        [
            -0.0017259083688259125,
            -0.8587170839309692,
            -0.14739345014095306
        ],
        [
            0.02105397917330265,
            -0.7392018437385559,
            0.007420826703310013
        ],
        [
            -0.1500128209590912,
            -0.6801719665527344,
            0.04520668089389801
        ],
        [
            -0.2998601198196411,
            -0.5157515406608582,
            0.16382044553756714
        ],
        [
            -0.4837101697921753,
            -0.45379480719566345,
            0.002481505274772644
        ],
        [
            0.18281689286231995,
            -0.6602126359939575,
            0.049041636288166046
        ],
        [
            0.2707400321960449,
            -0.4470919966697693,
            0.16554152965545654
        ],
        [
            0.42003437876701355,
            -0.4040922224521637,
            -0.025130122900009155
        ],
        [
            -0.0016242116689682007,
            -0.22447022795677185,
            0.027843311429023743
        ],
        [
            -0.07423507422208786,
            -0.13770580291748047,
            0.04084666818380356
        ],
        [
            -0.12860561907291412,
            0.24067160487174988,
            0.03624153882265091
        ],
        [
            -0.11181975156068802,
            0.4944944381713867,
            0.3415326178073883
        ],
        [
            0.0640883669257164,
            -0.1299695372581482,
            0.04184994101524353
        ],
        [
            0.09186691790819168,
            0.24330803751945496,
            0.04869413003325462
        ],
        [
            0.07420507818460464,
            0.48511040210723877,
            0.36306050419807434
        ],
        [
            -0.03203674033284187,
            -0.893953263759613,
            -0.10623198002576828
        ],
        [
            0.03295723348855972,
            -0.8999651670455933,
            -0.11749263107776642
        ],
        [
            -0.05455396696925163,
            -0.8688563108444214,
            -0.008172578178346157
        ],
        [
            0.08797788619995117,
            -0.8815054893493652,
            -0.03331960737705231
        ],
        [
            0.08185164630413055,
            0.644528865814209,
            0.24829939007759094
        ],
        [
            0.14529848098754883,
            0.6206921339035034,
            0.2968190312385559
        ],
        [
            0.07629600167274475,
            0.47486189007759094,
            0.43490463495254517
        ],
        [
            -0.11384616792201996,
            0.6500622034072876,
            0.22449761629104614
        ],
        [
            -0.1849122941493988,
            0.6276758313179016,
            0.26852938532829285
        ],
        [
            -0.11199172586202621,
            0.4941597282886505,
            0.41722214221954346
        ],
        [
            -0.13424968719482422,
            0.44258707761764526,
            0.3301532566547394
        ],
        [
            -0.1249023899435997,
            0.1837557703256607,
            0.02537877857685089
        ],
        [
            -0.14734604954719543,
            -0.2633616030216217,
            0.035191040486097336
        ],
        [
            0.14668172597885132,
            -0.2338472157716751,
            0.04580743610858917
        ],
        [
            0.10452654957771301,
            0.2071523666381836,
            0.041030820459127426
        ],
        [
            0.08439969271421432,
            0.4440814256668091,
            0.36029666662216187
        ],
        [
            -0.45168620347976685,
            -0.47116151452064514,
            -0.008945941925048828
        ],
        [
            -0.3176015615463257,
            -0.554129958152771,
            0.14812426269054413
        ],
        [
            -0.12040016800165176,
            -0.7033816576004028,
            0.038986269384622574
        ],
        [
            0.15526121854782104,
            -0.6881431341171265,
            0.04259902983903885
        ],
        [
            0.300157368183136,
            -0.4900639057159424,
            0.1506730020046234
        ],
        [
            0.4096622169017792,
            -0.425595760345459,
            -0.017991192638874054
        ],
        [
            0.024912821128964424,
            -0.744452953338623,
            0.014610487036406994
        ],
        [
            0.013832271099090576,
            -0.9287080764770508,
            -0.02960914932191372
        ],
        [
            0.00039459962863475084,
            -0.2486260086297989,
            0.04071449488401413
        ],
        [
            0.018497267737984657,
            -0.6915897130966187,
            0.03397083654999733
        ],
        [
            0.011028517037630081,
            -0.49714961647987366,
            0.03575632721185684
        ],
        [
            0.019355449825525284,
            -0.8266383409500122,
            -0.07606500387191772
        ],
        [
            0.009340238757431507,
            -0.9468429088592529,
            -0.0182237196713686
        ]
    ],
    "pred_vertices": [
        [
            0.0414692759513855,
            -0.946509063243866,
            -0.11509712040424347
        ],
        [
            0.03539107367396355,
            -0.9326086640357971,
            -0.12127131223678589
        ],
        [
            0.04776763916015625,
            -0.9290348291397095,
            -0.11507079005241394
        ],
        [
            0.05441596359014511,
            -0.9391995668411255,
            -0.10584704577922821
        ],
        [
            0.04355807974934578,
            -0.9203991889953613,
            -0.12064141035079956
        ],
        [
            0.032436553388834,
            -0.9216580986976624,
            -0.12559783458709717
        ],
        [
            0.05645027011632919,
            -0.9225238561630249,
            -0.10650569200515747
        ],
        [
            0.06266457587480545,
            -0.9292417764663696,
            -0.09613682329654694
        ],
        [
            0.06624636054039001,
            -0.8869428634643555,
            -0.10018523037433624
        ],
        [
            0.07176338136196136,
            -0.8815878629684448,
            -0.0917918011546135
        ],
        [
            0.0707288607954979,
            -0.8933740854263306,
            -0.09172819554805756
        ],
        [
            0.06430578231811523,
            -0.8953055143356323,
            -0.09968803822994232
        ],
        [
            0.06772579252719879,
            -0.8605251312255859,
            -0.09910978376865387
        ],
        [
            0.060962505638599396,
            -0.8518009185791016,
            -0.10735982656478882
        ],
        [
            0.06522966921329498,
            -0.8419109582901001,
            -0.09894505143165588
        ],
        [
            0.07084325700998306,
            -0.849941074848175,
            -0.08994457125663757
        ],
        [
            0.024492114782333374,
            -0.8657304644584656,
            -0.12418557703495026
        ],
        [
            0.030461275950074196,
            -0.8594861030578613,
            -0.12453393638134003
        ],
        [
            0.033941227942705154,
            -0.8663495779037476,
            -0.12367317825555801
        ],
        [
            0.027281727641820908,
            -0.8716611862182617,
            -0.12292608618736267
        ],
        [
            0.013758854940533638,
            -0.8749659657478333,
            -0.1277521252632141
        ],
        [
            0.014863507822155952,
            -0.8801220655441284,
            -0.12406466156244278
        ],
        [
            0.009121255949139595,
            -0.8840874433517456,
            -0.1277977079153061
        ],
        [
            0.00875982828438282,
            -0.8783985376358032,
            -0.13276813924312592
        ],
        [
            0.019493861123919487,
            -0.8601231575012207,
            -0.12380453199148178
        ],
        [
            0.025981316342949867,
            -0.8536616563796997,
            -0.12377463281154633
        ],
        [
            0.019183330237865448,
            -0.871157169342041,
            -0.12447591125965118
        ],
        [
            0.01735895872116089,
            -0.8665074110031128,
            -0.12674248218536377
        ],
        [
            0.013295700773596764,
            -0.8613637685775757,
            -0.1369415521621704
        ],
        [
            0.014672977849841118,
            -0.8659355044364929,
            -0.13523359596729279
        ],
        [
            0.010196970775723457,
            -0.8674696683883667,
            -0.1414380520582199
        ],
        [
            0.009485755115747452,
            -0.8618665933609009,
            -0.1411614716053009
        ],
        [
            0.017367666587233543,
            -0.8598220348358154,
            -0.12836837768554688
        ],
        [
            0.017329707741737366,
            -0.8630110025405884,
            -0.13097822666168213
        ],
        [
            0.014832321554422379,
            -0.8594162464141846,
            -0.13324864208698273
        ],
        [
            0.01401396282017231,
            -0.856860339641571,
            -0.1299692541360855
        ],
        [
            0.013002738356590271,
            -0.8708832263946533,
            -0.1309116929769516
        ],
        [
            0.009001577273011208,
            -0.8733097314834595,
            -0.13708056509494781
        ],
        [
            0.00405527651309967,
            -0.8752433061599731,
            -0.14328314363956451
        ],
        [
            0.005145799368619919,
            -0.8673722743988037,
            -0.147703617811203
        ],
        [
            0.04301261156797409,
            -0.8461188673973083,
            -0.12061282992362976
        ],
        [
            0.03701800853013992,
            -0.8530492782592773,
            -0.12378887087106705
        ],
        [
            0.032313015311956406,
            -0.8478401899337769,
            -0.12345194071531296
        ],
        [
            0.03773583099246025,
            -0.8424161672592163,
            -0.12165273725986481
        ],
        [
            0.01593494601547718,
            -0.8535245656967163,
            -0.12707096338272095
        ],
        [
            0.02080114185810089,
            -0.8380025625228882,
            -0.12907284498214722
        ],
        [
            0.020730771124362946,
            -0.8418124914169312,
            -0.12900453805923462
        ],
        [
            0.014191560447216034,
            -0.842606782913208,
            -0.13202883303165436
        ],
        [
            0.014910031110048294,
            -0.8390986323356628,
            -0.13204170763492584
        ],
        [
            0.05000045895576477,
            -0.8312985897064209,
            -0.11349491029977798
        ],
        [
            0.043821513652801514,
            -0.8303415775299072,
            -0.11712895333766937
        ],
        [
            0.04504835978150368,
            -0.8232297897338867,
            -0.11507590115070343
        ],
        [
            0.050902776420116425,
            -0.8226721286773682,
            -0.11017332971096039
        ],
        [
            0.04339725896716118,
            -0.8172276616096497,
            -0.11406532675027847
        ],
        [
            0.05064018815755844,
            -0.8143295645713806,
            -0.10724596679210663
        ],
        [
            0.04278828203678131,
            -0.7997700572013855,
            -0.10715319961309433
        ],
        [
            0.047005824744701385,
            -0.806154727935791,
            -0.10702316462993622
        ],
        [
            0.04004271328449249,
            -0.8114347457885742,
            -0.11446736752986908
        ],
        [
            0.034870684146881104,
            -0.8062810897827148,
            -0.11742331832647324
        ],
        [
            0.021616622805595398,
            -0.8108500242233276,
            -0.12451115250587463
        ],
        [
            0.01564444601535797,
            -0.8094065189361572,
            -0.12659409642219543
        ],
        [
            0.02130196988582611,
            -0.7975629568099976,
            -0.12600067257881165
        ],
        [
            0.027887143194675446,
            -0.8011751174926758,
            -0.12220560014247894
        ],
        [
            0.02146710455417633,
            -0.8321285247802734,
            -0.125129833817482
        ],
        [
            0.02559743821620941,
            -0.8322495222091675,
            -0.12269900739192963
        ],
        [
            0.025462549179792404,
            -0.833949625492096,
            -0.12491027265787125
        ],
        [
            0.02102166786789894,
            -0.835020124912262,
            -0.1277381032705307
        ],
        [
            0.029210511595010757,
            -0.8321467041969299,
            -0.12108451128005981
        ],
        [
            0.030870625749230385,
            -0.8319729566574097,
            -0.12051054835319519
        ],
        [
            0.030463282018899918,
            -0.8333278894424438,
            -0.1216483861207962
        ],
        [
            0.028958994895219803,
            -0.832939088344574,
            -0.12176801264286041
        ],
        [
            0.02704545296728611,
            -0.8324915766716003,
            -0.12218769639730453
        ],
        [
            0.02621704526245594,
            -0.8305383920669556,
            -0.12267468869686127
        ],
        [
            0.028384681791067123,
            -0.83134526014328,
            -0.1215490847826004
        ],
        [
            0.022523697465658188,
            -0.8297075033187866,
            -0.12520579993724823
        ],
        [
            0.009525304660201073,
            -0.8267732262611389,
            -0.13183164596557617
        ],
        [
            0.013407774269580841,
            -0.8277876377105713,
            -0.13077661395072937
        ],
        [
            0.01179259829223156,
            -0.8319913744926453,
            -0.12939901649951935
        ],
        [
            0.008450493216514587,
            -0.831373929977417,
            -0.13022741675376892
        ],
        [
            0.028497423976659775,
            -0.834854245185852,
            -0.12329652905464172
        ],
        [
            0.030924804508686066,
            -0.8368421792984009,
            -0.12285380810499191
        ],
        [
            0.026730060577392578,
            -0.8395533561706543,
            -0.1257297396659851
        ],
        [
            0.025868967175483704,
            -0.8366872072219849,
            -0.1252405196428299
        ],
        [
            0.033470749855041504,
            -0.8389059901237488,
            -0.12290477752685547
        ],
        [
            0.03264034911990166,
            -0.8346220254898071,
            -0.12117275595664978
        ],
        [
            0.03573376685380936,
            -0.8352205753326416,
            -0.12081650644540787
        ],
        [
            0.030491353943943977,
            -0.8301684856414795,
            -0.1205897182226181
        ],
        [
            0.03338145464658737,
            -0.8285641670227051,
            -0.11951275914907455
        ],
        [
            0.03362748771905899,
            -0.8313555717468262,
            -0.1203376054763794
        ],
        [
            0.03166528046131134,
            -0.8252415060997009,
            -0.12003937363624573
        ],
        [
            0.028199411928653717,
            -0.8282016515731812,
            -0.12164012342691422
        ],
        [
            0.024629639461636543,
            -0.8263584971427917,
            -0.12420386075973511
        ],
        [
            0.01986430212855339,
            -0.8246702551841736,
            -0.1274215281009674
        ],
        [
            0.022940246388316154,
            -0.8198350667953491,
            -0.12494271993637085
        ],
        [
            0.028050348162651062,
            -0.8222260475158691,
            -0.12218759953975677
        ],
        [
            0.028600404039025307,
            -0.8431426286697388,
            -0.12493953853845596
        ],
        [
            0.03801405802369118,
            -0.8308459520339966,
            -0.11888663470745087
        ],
        [
            0.041105516254901886,
            -0.8373568058013916,
            -0.1190364807844162
        ],
        [
            0.038346972316503525,
            -0.8259508013725281,
            -0.11813202500343323
        ],
        [
            0.03670376166701317,
            -0.8213412761688232,
            -0.11796610057353973
        ],
        [
            0.033061981201171875,
            -0.8171048164367676,
            -0.11899510771036148
        ],
        [
            0.02757350727915764,
            -0.8136942982673645,
            -0.12193819880485535
        ],
        [
            0.025691013783216476,
            -0.7883718013763428,
            -0.11530518531799316
        ],
        [
            0.03393705561757088,
            -0.7934066653251648,
            -0.11179878562688828
        ],
        [
            0.03114878199994564,
            -0.9140035510063171,
            -0.12334062159061432
        ],
        [
            0.04013285040855408,
            -0.9133115410804749,
            -0.12197480350732803
        ],
        [
            0.041710663586854935,
            -0.9052830338478088,
            -0.11786091327667236
        ],
        [
            0.04330381006002426,
            -0.9081761837005615,
            -0.11766873300075531
        ],
        [
            0.03763751685619354,
            -0.9090191125869751,
            -0.12016834318637848
        ],
        [
            0.03734710067510605,
            -0.9062535762786865,
            -0.1196402981877327
        ],
        [
            0.057422369718551636,
            -0.8975832462310791,
            -0.10487814992666245
        ],
        [
            0.05205969512462616,
            -0.8994554281234741,
            -0.1088956966996193
        ],
        [
            0.05283015966415405,
            -0.895638108253479,
            -0.10763506591320038
        ],
        [
            0.059608686715364456,
            -0.8911963105201721,
            -0.10488486289978027
        ],
        [
            0.045001089572906494,
            -0.8881531953811646,
            -0.11433706432580948
        ],
        [
            0.049532122910022736,
            -0.8894562125205994,
            -0.11141668260097504
        ],
        [
            0.04506287723779678,
            -0.8960574865341187,
            -0.11326365917921066
        ],
        [
            0.04172992706298828,
            -0.8950943350791931,
            -0.11544063687324524
        ],
        [
            0.03782232850790024,
            -0.8945325613021851,
            -0.11722790449857712
        ],
        [
            0.033436406403779984,
            -0.8943623304367065,
            -0.11783720552921295
        ],
        [
            0.03406214714050293,
            -0.8889033794403076,
            -0.11774575710296631
        ],
        [
            0.039448682218790054,
            -0.8881921768188477,
            -0.11663665622472763
        ],
        [
            0.03088771365582943,
            -0.9098198413848877,
            -0.12057355791330338
        ],
        [
            0.023823019117116928,
            -0.9085227251052856,
            -0.11948645859956741
        ],
        [
            0.025420688092708588,
            -0.9055312275886536,
            -0.11925205588340759
        ],
        [
            0.0313706211745739,
            -0.9066355228424072,
            -0.12061616778373718
        ],
        [
            0.016467910259962082,
            -0.897862434387207,
            -0.11361957341432571
        ],
        [
            0.017386000603437424,
            -0.9005236029624939,
            -0.11458412557840347
        ],
        [
            0.013721227645874023,
            -0.9017658829689026,
            -0.11529043316841125
        ],
        [
            0.013207348063588142,
            -0.8971167206764221,
            -0.1146717518568039
        ],
        [
            0.01558443158864975,
            -0.894254744052887,
            -0.11535826325416565
        ],
        [
            0.017771681770682335,
            -0.8963314294815063,
            -0.11442398279905319
        ],
        [
            0.031569186598062515,
            -0.9672756195068359,
            -0.10953579843044281
        ],
        [
            0.026804275810718536,
            -0.9504297971725464,
            -0.11968868970870972
        ],
        [
            0.0489233024418354,
            -0.960131049156189,
            -0.10062374174594879
        ],
        [
            0.06078730896115303,
            -0.949299156665802,
            -0.09185504913330078
        ],
        [
            0.06931427121162415,
            -0.9356880187988281,
            -0.08370387554168701
        ],
        [
            0.05759240686893463,
            -0.8353736400604248,
            -0.10711094737052917
        ],
        [
            0.060187943279743195,
            -0.8259409070014954,
            -0.10177765786647797
        ],
        [
            0.0687788724899292,
            -0.832504153251648,
            -0.09042958915233612
        ],
        [
            0.0679260790348053,
            -0.8215547800064087,
            -0.08569255471229553
        ],
        [
            0.0594426728785038,
            -0.815050482749939,
            -0.09805528074502945
        ],
        [
            0.04750252142548561,
            -0.7959737181663513,
            -0.09394426643848419
        ],
        [
            0.05526375025510788,
            -0.8043925166130066,
            -0.09547723829746246
        ],
        [
            0.06380050629377365,
            -0.8110430240631104,
            -0.07955361157655716
        ],
        [
            0.0719858929514885,
            -0.8224914073944092,
            -0.06488042324781418
        ],
        [
            0.07405261695384979,
            -0.8304116725921631,
            -0.07343015819787979
        ],
        [
            0.07656045258045197,
            -0.837059736251831,
            -0.05222978815436363
        ],
        [
            0.06854311376810074,
            -0.8138817548751831,
            -0.05238022655248642
        ],
        [
            0.0748177021741867,
            -0.8348520994186401,
            -0.04335937649011612
        ],
        [
            0.056314438581466675,
            -0.776486873626709,
            -0.05448491498827934
        ],
        [
            0.05926221236586571,
            -0.7642836570739746,
            -0.05041680485010147
        ],
        [
            0.0700438991189003,
            -0.7711614370346069,
            -0.037735678255558014
        ],
        [
            0.06851764768362045,
            -0.7831822037696838,
            -0.04211628809571266
        ],
        [
            0.07388603687286377,
            -0.8396792411804199,
            -0.08119381964206696
        ],
        [
            0.07295620441436768,
            -0.9037908315658569,
            -0.08328196406364441
        ],
        [
            0.06732262670993805,
            -0.9039925336837769,
            -0.09406723082065582
        ],
        [
            0.0755169540643692,
            -0.8907356262207031,
            -0.08130845427513123
        ],
        [
            0.07490439713001251,
            -0.9617519378662109,
            -0.05899786949157715
        ],
        [
            0.06722365319728851,
            -0.9578036069869995,
            -0.0765090137720108
        ],
        [
            0.07610631734132767,
            -0.9421983361244202,
            -0.07189437747001648
        ],
        [
            0.08182765543460846,
            -0.9476331472396851,
            -0.05623883008956909
        ],
        [
            0.04453467205166817,
            -0.9949934482574463,
            -0.0610649436712265
        ],
        [
            0.03926775977015495,
            -0.9840990304946899,
            -0.08676718175411224
        ],
        [
            0.05250022932887077,
            -0.9723160266876221,
            -0.0818713903427124
        ],
        [
            0.059327609837055206,
            -0.9813204407691956,
            -0.06116752699017525
        ],
        [
            0.08511555939912796,
            -0.9482612609863281,
            -0.0433020293712616
        ],
        [
            0.08849762380123138,
            -0.9475997686386108,
            -0.024593370035290718
        ],
        [
            0.08404034376144409,
            -0.9623278379440308,
            -0.015607457607984543
        ],
        [
            0.07875359803438187,
            -0.9649808406829834,
            -0.03773831948637962
        ],
        [
            0.07170763611793518,
            -0.9805861115455627,
            -0.00552629679441452
        ],
        [
            0.06627897918224335,
            -0.984551727771759,
            -0.03205278143286705
        ],
        [
            0.07491588592529297,
            -0.820370078086853,
            -0.032864317297935486
        ],
        [
            0.07623291015625,
            -0.8385002017021179,
            -0.03060016967356205
        ],
        [
            0.06628109514713287,
            -0.7974894046783447,
            -0.048168834298849106
        ],
        [
            0.07439608126878738,
            -0.8042083978652954,
            -0.03254668414592743
        ],
        [
            0.05402036011219025,
            -0.9939177632331848,
            0.0030782148241996765
        ],
        [
            0.048635900020599365,
            -0.9995677471160889,
            -0.028318442404270172
        ],
        [
            0.08499336242675781,
            -0.9206651449203491,
            0.022761061787605286
        ],
        [
            0.08565019816160202,
            -0.9393562078475952,
            0.016354922205209732
        ],
        [
            0.09016704559326172,
            -0.928482174873352,
            -0.001466125249862671
        ],
        [
            0.08953331410884857,
            -0.9129431247711182,
