{
    "pred_cam": [
        1.225801944732666,
        0.039181001484394073,
        0.3941536247730255
    ],
    "pred_smpl_params": {
        "global_orient": [
            [
                [
                    0.9935742616653442,
                    0.06045768782496452,
                    -0.09568262845277786
                ],
                [
                    0.06686747819185257,
                    -0.9956251382827759,
                    0.06526380777359009
                ],
                [
                    -0.09131833165884018,
                    -0.07124248892068863,
                    -0.9932701587677002
                ]
            ]
        ],
        "body_pose": [
            [
                [
                    0.998539924621582,
                    -0.02730853296816349,
                    0.04660718888044357
                ],
                [
                    0.022362448275089264,
                    0.9943751692771912,
                    0.10352763533592224
                ],
                [
                    -0.04917221516370773,
                    -0.10233423113822937,
                    0.9935339689254761
                ]
            ],
            [
                [
                    0.9999930262565613,
                    -0.0031748756300657988,
                    -0.001997060142457485
                ],
                [
                    0.0033631555270403624,
                    0.9947088360786438,
                    0.10267938673496246
                ],
                [
                    0.0016604992561042309,
                    -0.10268537700176239,
                    0.9947125911712646
                ]
            ],
            [
                [
                    0.9993318319320679,
                    -0.022742662578821182,
                    -0.028612956404685974
                ],
                [
                    0.02034524828195572,
                    0.996469259262085,
                    -0.08145613968372345
                ],
                [
                    0.03036445938050747,
                    0.08081956952810287,
                    0.9962661266326904
                ]
            ],
            [
                [
                    0.9876260757446289,
                    0.033987127244472504,
                    -0.15309970080852509
                ],
                [
                    -0.12102018296718597,
                    0.7860624194145203,
                    -0.606184720993042
                ],
                [
                    0.09974345564842224,
                    0.6172120571136475,
                    0.780448853969574
                ]
            ],
            [
                [
                    0.9786900281906128,
                    -0.007944983430206776,
                    0.20518933236598969
                ],
                [
                    0.13726700842380524,
                    0.7684894800186157,
                    -0.6249653100967407
                ],
                [
                    -0.15272051095962524,
                    0.6398130655288696,
                    0.7532035708427429
                ]
            ],
            [
                [
                    0.9999295473098755,
                    -0.004511313978582621,
                    -0.01098070852458477
                ],
                [
                    0.0061272624880075455,
                    0.9883771538734436,
                    0.15189827978610992
                ],
                [
                    0.010167820379137993,
                    -0.15195484459400177,
                    0.988335132598877
                ]
            ],
            [
                [
                    0.9438774585723877,
                    0.09779085218906403,
                    0.3154876232147217
                ],
                [
                    -0.13074053823947906,
                    0.9877683520317078,
                    0.08497415482997894
                ],
                [
                    -0.30331897735595703,
                    -0.12145218253135681,
                    0.9451175332069397
                ]
            ],
            [
                [
                    0.9449170827865601,
                    -0.11286977678537369,
                    -0.30723270773887634
                ],
                [
                    0.13604103028774261,
                    0.989175021648407,
                    0.055005576461553574
                ],
                [
                    0.2976984679698944,
                    -0.09377197176218033,
                    0.9500433206558228
                ]
            ],
            [
                [
                    0.9999352097511292,
                    -0.004885838367044926,
                    -0.010275758802890778
                ],
                [
                    0.0037161950021982193,
                    0.9938232898712158,
                    -0.11091160029172897
                ],
                [
                    0.010754184797406197,
                    0.1108662411570549,
                    0.9937770366668701
                ]
            ],
            [
                [
                    0.9692069292068481,
                    -0.2113347351551056,
                    -0.12639446556568146
                ],
                [
                    0.23253905773162842,
                    0.9543566703796387,
                    0.18742701411247253
                ],
                [
                    0.08101557195186615,
                    -0.2110472172498703,
                    0.9741126894950867
                ]
            ],
            [
                [
                    0.9588223099708557,
                    0.2370348572731018,
                    0.15644243359565735
                ],
                [
                    -0.26315802335739136,
                    0.9486529231071472,
                    0.1755148321390152
                ],
                [
                    -0.1068064421415329,
                    -0.20945662260055542,
                    0.9719672203063965
                ]
            ],
            [
                [
                    0.9989343881607056,
                    -0.03429603949189186,
                    -0.030883487313985825
                ],
                [
                    0.038256168365478516,
                    0.9896346926689148,
                    0.13841858506202698
                ],
                [
                    0.025816159322857857,
                    -0.13945259153842926,
                    0.9898921847343445
                ]
            ],
            [
                [
                    0.9791998863220215,
                    0.00043281729449518025,
                    0.2028970718383789
                ],
                [
                    -0.015325373038649559,
                    0.9972988367080688,
                    0.07183422893285751
                ],
                [
                    -0.20231792330741882,
                    -0.07344955205917358,
                    0.9765615463256836
                ]
            ],
            [
                [
                    0.9644104242324829,
                    0.03326326981186867,
                    -0.2623090445995331
                ],
                [
                    -0.02633754536509514,
                    0.9992066025733948,
                    0.029875684529542923
                ],
                [
                    0.2630946636199951,
                    -0.02190384455025196,
                    0.9645213484764099
                ]
            ],
            [
                [
                    0.9976405501365662,
                    -0.06163964793086052,
                    0.030231259763240814
                ],
                [
                    0.06428072601556778,
                    0.9933037161827087,
                    -0.09599870443344116
                ],
                [
                    -0.024111494421958923,
                    0.09771548956632614,
                    0.9949222803115845
                ]
            ],
            [
                [
                    0.8134205937385559,
                    0.5781343579292297,
                    -0.06408946961164474
                ],
                [
                    -0.5694889426231384,
                    0.8139653205871582,
                    0.11464159935712814
                ],
                [
                    0.11844487488269806,
                    -0.05675360560417175,
                    0.9913372993469238
                ]
            ],
            [
                [
                    0.8867944478988647,
                    -0.4555220901966095,
                    -0.07807200402021408
                ],
                [
                    0.455783486366272,
                    0.8899561166763306,
                    -0.015477901324629784
                ],
                [
                    0.07653117924928665,
                    -0.02185821160674095,
                    0.9968276023864746
                ]
            ],
            [
                [
                    0.17337051033973694,
                    -0.28103017807006836,
                    -0.9439092874526978
                ],
                [
                    0.4198399782180786,
                    0.8880635499954224,
                    -0.1872900128364563
                ],
                [
                    0.8908855319023132,
                    -0.36382031440734863,
                    0.27195173501968384
                ]
            ],
            [
                [
                    0.4208112955093384,
                    0.23461152613162994,
                    0.8762848377227783
                ],
                [
                    -0.31710901856422424,
                    0.9430797100067139,
                    -0.10021206736564636
                ],
                [
                    -0.849917471408844,
                    -0.23570747673511505,
                    0.4712560176849365
                ]
            ],
            [
                [
                    0.9865735173225403,
                    -0.14775872230529785,
                    -0.0695706382393837
                ],
                [
                    0.153294175863266,
                    0.9847397804260254,
                    0.08239256590604782
                ],
                [
                    0.05633475258946419,
                    -0.09195110201835632,
                    0.994168758392334
                ]
            ],
            [
                [
                    0.9941431283950806,
                    0.09444534778594971,
                    0.05253151059150696
                ],
                [
                    -0.09513040632009506,
                    0.9954074621200562,
                    0.010691612027585506
                ],
                [
                    -0.05128047987818718,
                    -0.015626335516572,
                    0.9985620975494385
                ]
            ],
            [
                [
                    0.9898507595062256,
                    0.13842450082302094,
                    -0.032158512622117996
                ],
                [
                    -0.13687442243099213,
                    0.9895086288452148,
                    0.04623924568295479
                ],
                [
                    0.03822176903486252,
                    -0.0413682721555233,
                    0.9984126687049866
                ]
            ],
            [
                [
                    0.9901702404022217,
                    -0.13890424370765686,
                    0.016389312222599983
                ],
                [
                    0.13691391050815582,
                    0.9865361452102661,
                    0.08944781124591827
                ],
                [
                    -0.028593331575393677,
                    -0.08632463216781616,
                    0.9958566427230835
                ]
            ]
        ],
        "betas": [
            -0.04502129554748535,
            0.20078812539577484,
            0.5212608575820923,
            0.2985226511955261,
            0.017839372158050537,
            -0.01125350221991539,
            0.010490208864212036,
            -0.08404681086540222,
            0.03237403929233551,
            -0.10933694243431091
        ]
    },
    "pred_cam_t": [
        0.039181001484394073,
        0.3941536247730255,
        31.866893768310547
    ],
    "focal_length": [
        5000.0,
        5000.0
    ],
    "pred_keypoints_3d": [
        [
            -0.0017852596938610077,
            -0.8708856701850891,
            -0.13687774538993835
        ],
        [
            0.023422200232744217,
            -0.7466843128204346,
            0.016054624691605568
        ],
        [
            -0.13810253143310547,
            -0.694953203201294,
            0.07658253610134125
        ],
        [
            -0.3266228437423706,
            -0.5919556617736816,
            0.20958712697029114
        ],
        [
            -0.5459461808204651,
            -0.6191065907478333,
            0.08562342077493668
        ],
        [
            0.18999329209327698,
            -0.6771826148033142,
            0.018830571323633194
        ],
        [
            0.3879406750202179,
            -0.5104315876960754,
            0.03201320767402649
        ],
        [
            0.48795026540756226,
            -0.591637372970581,
            -0.17895017564296722
        ],
        [
            -0.0019025374203920364,
            -0.22743412852287292,
            0.026888957247138023
        ],
        [
            -0.0736125111579895,
            -0.14168280363082886,
            0.04452197998762131
        ],
        [
            -0.13637256622314453,
            0.23675653338432312,
            0.044250596314668655
        ],
        [
            -0.11867580562829971,
            0.5232175588607788,
            0.3207720220088959
        ],
        [
            0.061862342059612274,
            -0.13174453377723694,
            0.034657418727874756
        ],
        [
            0.08032336831092834,
            0.24320966005325317,
            0.02445026859641075
        ],
        [
            0.059844985604286194,
            0.5346827507019043,
            0.29495546221733093
        ],
        [
            -0.031593840569257736,
            -0.905698299407959,
            -0.09430435299873352
        ],
        [
            0.033508721739053726,
            -0.91109299659729,
            -0.10583152621984482
        ],
        [
            -0.05491506680846214,
            -0.8787913918495178,
            0.0042676664888858795
        ],
        [
            0.08858133852481842,
            -0.8904569149017334,
            -0.02201196923851967
        ],
        [
            0.06241167336702347,
            0.678449809551239,
            0.15792782604694366
        ],
        [
            0.12660883367061615,
            0.6625369787216187,
            0.20955021679401398
        ],
        [
            0.062448032200336456,
            0.5365003347396851,
            0.3686669170856476
        ],
        [
            -0.13263458013534546,
            0.6686097383499146,
            0.18959927558898926
        ],
        [
            -0.20051968097686768,
            0.648281455039978,
            0.24085569381713867
        ],
        [
            -0.11420595645904541,
            0.5307289958000183,
            0.3972255289554596
        ],
        [
            -0.13862422108650208,
            0.4692368507385254,
            0.31650644540786743
        ],
        [
            -0.1319797784090042,
            0.17887035012245178,
            0.03444725647568703
        ],
        [
            -0.14381147921085358,
            -0.26800408959388733,
            0.04591464623808861
        ],
        [
            0.1448660045862198,
            -0.23449468612670898,
            0.03395071625709534
        ],
        [
            0.09372391551733017,
            0.206527978181839,
            0.018197916448116302
        ],
        [
            0.07071265578269958,
            0.4943593144416809,
            0.2995535135269165
        ],
        [
            -0.5120732188224792,
            -0.6291701793670654,
            0.06899457424879074
        ],
        [
            -0.33116406202316284,
            -0.6336811780929565,
            0.20033639669418335
        ],
        [
            -0.11039964854717255,
            -0.717618465423584,
            0.06720663607120514
        ],
        [
            0.16482549905776978,
            -0.7031508088111877,
            0.02062368206679821
        ],
        [
            0.39336153864860535,
            -0.561773955821991,
            0.028264829888939857
        ],
        [
            0.4737212657928467,
            -0.6053516268730164,
            -0.16361048817634583
        ],
        [
            0.028794793412089348,
            -0.754175066947937,
            0.02389293909072876
        ],
        [
            0.014926468022167683,
            -0.9384870529174805,
            -0.0177236869931221
        ],
        [
            0.0009889098582789302,
            -0.25124529004096985,
            0.040038950741291046
        ],
        [
            0.027085967361927032,
            -0.7043970823287964,
            0.037704382091760635
        ],
        [
            0.014909125864505768,
            -0.5032517313957214,
            0.037610091269016266
        ],
        [
            0.01882098987698555,
            -0.8368124961853027,
            -0.06507401168346405
        ],
        [
            0.011054009199142456,
            -0.956500232219696,
            -0.006020495668053627
        ]
    ],
    "pred_vertices": [
        [
            0.04265483468770981,
            -0.9573570489883423,
            -0.10321103036403656
        ],
        [
            0.03645383194088936,
            -0.9437530636787415,
            -0.10952022671699524
        ],
        [
            0.04877649247646332,
            -0.9399436712265015,
            -0.1034587174654007
        ],
        [
            0.055528122931718826,
            -0.9497227668762207,
            -0.09423603117465973
        ],
        [
            0.044594913721084595,
            -0.9315622448921204,
            -0.10931030660867691
        ],
        [
            0.0334588997066021,
            -0.9330122470855713,
            -0.11411747336387634
        ],
        [
            0.057409241795539856,
            -0.9331440329551697,
            -0.09501543641090393
        ],
        [
            0.06359614431858063,
            -0.9395730495452881,
            -0.08443072438240051
        ],
        [
            0.06641979515552521,
            -0.8972407579421997,
            -0.08912791311740875
        ],
        [
            0.07187389582395554,
            -0.8918092846870422,
            -0.080916628241539
        ],
        [
            0.07092437148094177,
            -0.9036443829536438,
            -0.08055780827999115
        ],
        [
            0.06466156244277954,
            -0.9057056903839111,
            -0.08847881853580475
        ],
        [
            0.06760673224925995,
            -0.8707034587860107,
            -0.08866409212350845
        ],
        [
            0.060743410140275955,
            -0.8621560335159302,
            -0.09689822793006897
        ],
        [
            0.0650220438838005,
            -0.8520280122756958,
            -0.08883633464574814
        ],
        [
            0.07082691788673401,
            -0.8599280714988708,
            -0.07973237335681915
        ],
        [
            0.024489860981702805,
            -0.8769820332527161,
            -0.11317552626132965
        ],
        [
            0.03028087504208088,
            -0.8705893158912659,
            -0.11359252035617828
        ],
        [
            0.03387278690934181,
            -0.8774302005767822,
            -0.11257818341255188
        ],
        [
            0.027373794466257095,
            -0.8828639388084412,
            -0.11174041777849197
        ],
        [
            0.014004776254296303,
            -0.8866540193557739,
            -0.11669079214334488
        ],
        [
            0.015196992084383965,
            -0.8917053937911987,
            -0.11284326016902924
        ],
        [
            0.0095516387373209,
            -0.8958545327186584,
            -0.11664174497127533
        ],
        [
            0.009067866951227188,
            -0.8902678489685059,
            -0.12176229059696198
        ],
        [
            0.019422758370637894,
            -0.8714271783828735,
            -0.11303186416625977
        ],
        [
            0.02575174905359745,
            -0.8647705912590027,
            -0.11308766156435013
        ],
        [
            0.019304078072309494,
            -0.8825404644012451,
            -0.11337436735630035
        ],
        [
            0.01745087280869484,
            -0.8780916929244995,
            -0.11587519943714142
        ],
        [
            0.013234946876764297,
            -0.8731898665428162,
            -0.12631994485855103
        ],
        [
            0.014744113199412823,
            -0.8777401447296143,
            -0.12455003708600998
        ],
        [
            0.010323278605937958,
            -0.8794236183166504,
            -0.13079409301280975
        ],
        [
            0.009486904367804527,
            -0.873784065246582,
            -0.13059982657432556
        ],
        [
            0.01736682653427124,
            -0.8714243769645691,
            -0.11771207302808762
        ],
        [
            0.017390329390764236,
            -0.8747217655181885,
            -0.1202661320567131
        ],
        [
            0.014806129038333893,
            -0.8711844682693481,
            -0.12261924147605896
        ],
        [
            0.013940679840743542,
            -0.8685341477394104,
            -0.11940200626850128
        ],
        [
            0.013223832473158836,
            -0.8826712369918823,
            -0.12003572285175323
        ],
        [
            0.009245235472917557,
            -0.8852640986442566,
            -0.126264750957489
        ],
        [
            0.004335256293416023,
            -0.8873416781425476,
            -0.1325230449438095
        ],
        [
            0.0052224695682525635,
            -0.8794423341751099,
            -0.1371534764766693
        ],
        [
            0.04260456562042236,
            -0.8568931818008423,
            -0.11012092232704163
        ],
        [
            0.036751888692379,
            -0.8640280961990356,
            -0.1129944771528244
        ],
        [
            0.03199579194188118,
            -0.8588229417800903,
            -0.11293138563632965
        ],
        [
            0.03733658045530319,
            -0.853221595287323,
            -0.111355260014534
        ],
        [
            0.015804804861545563,
            -0.8650222420692444,
            -0.11659245193004608
        ],
        [
            0.020306069403886795,
            -0.8492414355278015,
            -0.11890584230422974
        ],
        [
            0.020342912524938583,
            -0.853125274181366,
            -0.11877739429473877
        ],
        [
            0.013840321451425552,
            -0.8540725708007812,
            -0.12180139869451523
        ],
        [
            0.014433015137910843,
            -0.8504610061645508,
            -0.12185035645961761
        ],
        [
            0.04954642057418823,
            -0.841697096824646,
            -0.10353416949510574
        ],
        [
            0.04335976019501686,
            -0.8408364057540894,
            -0.10722658783197403
        ],
        [
            0.04449082911014557,
            -0.833599865436554,
            -0.1053544282913208
        ],
        [
            0.05033810809254646,
            -0.8329422473907471,
            -0.10045061260461807
        ],
        [
            0.04267939552664757,
            -0.8275217413902283,
            -0.10451948642730713
        ],
        [
            0.049853090196847916,
            -0.8245030641555786,
            -0.0978279709815979
        ],
        [
            0.041605010628700256,
            -0.8098788261413574,
            -0.09815257787704468
        ],
        [
            0.04600419104099274,
            -0.8163186311721802,
            -0.09779664874076843
        ],
        [
            0.03919301927089691,
            -0.8216913938522339,
            -0.10509759932756424
        ],
        [
            0.03390071168541908,
            -0.8165584802627563,
            -0.10817908495664597
        ],
        [
            0.020707640796899796,
            -0.8214834928512573,
            -0.11492592841386795
        ],
        [
            0.014645756222307682,
            -0.8201639652252197,
            -0.11698669195175171
        ],
        [
            0.02006039395928383,
            -0.8081185817718506,
            -0.11667478829622269
        ],
        [
            0.02680990658700466,
            -0.8115948438644409,
            -0.11302156746387482
        ],
        [
            0.020840924233198166,
            -0.843064546585083,
            -0.11506305634975433
        ],
        [
            0.024987071752548218,
            -0.843080997467041,
            -0.112663134932518
        ],
        [
            0.024880092591047287,
            -0.8448623418807983,
            -0.11482858657836914
        ],
        [
            0.020442401990294456,
            -0.846052885055542,
            -0.11759934574365616
        ],
        [
            0.02868407964706421,
            -0.8428863286972046,
            -0.11107979714870453
        ],
        [
            0.03037639521062374,
            -0.8426822423934937,
            -0.11051376163959503
        ],
        [
            0.029952891170978546,
            -0.8441095352172852,
            -0.11162572354078293
        ],
        [
            0.028458325192332268,
            -0.8437286019325256,
            -0.1117144525051117
        ],
        [
            0.026529595255851746,
            -0.8432831168174744,
            -0.11211806535720825
        ],
        [
            0.025642389431595802,
            -0.8412982821464539,
            -0.11264529079198837
        ],
        [
            0.0278302188962698,
            -0.8420650959014893,
            -0.11155181378126144
        ],
        [
            0.021929148584604263,
            -0.8405236005783081,
            -0.11519502848386765
        ],
        [
            0.008793529123067856,
            -0.8380338549613953,
            -0.12177113443613052
        ],
        [
            0.012711509130895138,
            -0.8388352394104004,
            -0.1207486167550087
        ],
        [
            0.011159772984683514,
            -0.8431282043457031,
            -0.1192445382475853
        ],
        [
            0.007816482335329056,
            -0.8427141904830933,
            -0.12005176395177841
        ],
        [
            0.028026238083839417,
            -0.845837414264679,
            -0.1132112592458725
        ],
        [
            0.030454790219664574,
            -0.8477044105529785,
            -0.1128045991063118
        ],
        [
            0.026280313730239868,
            -0.8505649566650391,
            -0.11557641625404358
        ],
        [
            0.025328772142529488,
            -0.8476583957672119,
            -0.11512856185436249
        ],
        [
            0.03309051692485809,
            -0.8497777581214905,
            -0.11275932937860489
        ],
        [
            0.03219522163271904,
            -0.8453748226165771,
            -0.11115135252475739
        ],
        [
            0.03534647449851036,
            -0.8460357189178467,
            -0.11078150570392609
        ],
        [
            0.029951663687825203,
            -0.8408328294754028,
            -0.11062431335449219
        ],
        [
            0.03287607431411743,
            -0.8391677141189575,
            -0.10960331559181213
        ],
        [
            0.03316609188914299,
            -0.8420335054397583,
            -0.11037340015172958
        ],
        [
            0.03107330948114395,
            -0.8358097076416016,
            -0.11020690947771072
        ],
        [
            0.02760176919400692,
            -0.8388637900352478,
            -0.11169088631868362
        ],
        [
            0.023970995098352432,
            -0.8370569944381714,
            -0.11427979171276093
        ],
        [
            0.01914193481206894,
            -0.8354760408401489,
            -0.11747047305107117
        ],
        [
            0.02216670662164688,
            -0.8305036425590515,
            -0.11508303880691528
        ],
        [
            0.027357634156942368,
            -0.832822322845459,
            -0.11236022412776947
        ],
        [
            0.0282392930239439,
            -0.8542620539665222,
            -0.11468568444252014
        ],
        [
            0.03756435960531235,
            -0.8414440155029297,
            -0.1089571937918663
        ],
        [
            0.040696680545806885,
            -0.8479731678962708,
            -0.10893268138170242
        ],
        [
            0.03783266246318817,
            -0.8364595174789429,
            -0.10831347852945328
        ],
        [
            0.036111436784267426,
            -0.8317896723747253,
            -0.10825708508491516
        ],
        [
            0.03224389627575874,
            -0.8275651931762695,
            -0.10939783602952957
        ],
        [
            0.026699507609009743,
            -0.8242321014404297,
            -0.11231118440628052
        ],
        [
            0.024173857644200325,
            -0.7988097071647644,
            -0.10614480078220367
        ],
        [
            0.03251577168703079,
            -0.8036957383155823,
            -0.1028163880109787
        ],
        [
            0.03199893236160278,
            -0.9254091382026672,
            -0.11164543032646179
        ],
        [
            0.04097427800297737,
            -0.9245398044586182,
            -0.11044242233037949
        ],
        [
            0.042376093566417694,
            -0.9163861870765686,
            -0.1063641905784607
        ],
        [
            0.04401353746652603,
            -0.9190769195556641,
            -0.10615909844636917
        ],
        [
            0.038383737206459045,
            -0.9203104972839355,
            -0.1085474044084549
        ],
        [
            0.03799653425812721,
            -0.9174832701683044,
            -0.10806401073932648
        ],
        [
            0.05795387923717499,
            -0.9081748127937317,
            -0.09353221952915192
        ],
        [
            0.05262055993080139,
            -0.9102112054824829,
            -0.0974578708410263
        ],
        [
            0.053272124379873276,
            -0.9063250422477722,
            -0.09624446928501129
        ],
        [
            0.05993874371051788,
            -0.9017077684402466,
            -0.09364841878414154
        ],
        [
            0.04534169286489487,
            -0.8990455865859985,
            -0.10295286774635315
        ],
        [
            0.04986635595560074,
            -0.9002165794372559,
            -0.10007733851671219
        ],
        [
            0.045556649565696716,
            -0.9069607257843018,
            -0.10178607702255249
        ],
        [
            0.04220714420080185,
            -0.9060873985290527,
            -0.10391178727149963
        ],
        [
            0.038304731249809265,
            -0.9056519865989685,
            -0.10567829012870789
        ],
        [
            0.03391862288117409,
            -0.9055583477020264,
            -0.10625902563333511
        ],
        [
            0.03450356051325798,
            -0.9000959396362305,
            -0.10623630881309509
        ],
        [
            0.03985407575964928,
            -0.8992553949356079,
            -0.10518741607666016
        ],
        [
            0.031672947108745575,
            -0.9212561249732971,
            -0.10880539566278458
        ],
        [
            0.024580709636211395,
            -0.9200282692909241,
            -0.10772313177585602
        ],
        [
            0.02616446278989315,
            -0.9170066118240356,
            -0.10747262835502625
        ],
        [
            0.032085247337818146,
            -0.918019711971283,
            -0.10884250700473785
        ],
        [
            0.017084304243326187,
            -0.9093425273895264,
            -0.1019824966788292
        ],
        [
            0.018031049519777298,
            -0.9119921922683716,
            -0.10293340682983398
        ],
        [
            0.014359714463353157,
            -0.9133378863334656,
            -0.10355331003665924
        ],
        [
            0.013802479952573776,
            -0.9086712598800659,
            -0.10300926864147186
        ],
        [
            0.016168221831321716,
            -0.9057927131652832,
            -0.1038246750831604
        ],
        [
            0.01835770532488823,
            -0.9078222513198853,
            -0.10285934805870056
        ],
        [
            0.03300642967224121,
            -0.97797691822052,
            -0.09735873341560364
        ],
        [
            0.02796102501451969,
            -0.9616333246231079,
            -0.10763368755578995
        ],
        [
            0.0501481331884861,
            -0.9706819653511047,
            -0.08866532146930695
        ],
        [
            0.062041617929935455,
            -0.9594395160675049,
            -0.07990434020757675
        ],
        [
            0.07029429078102112,
            -0.9457765817642212,
            -0.07185742259025574
        ],
        [
            0.05724021792411804,
            -0.8456457853317261,
            -0.09710776060819626
        ],
        [
            0.05968219041824341,
            -0.836050271987915,
            -0.09200352430343628
        ],
        [
            0.06850186735391617,
            -0.8424188494682312,
            -0.0806649774312973
        ],
        [
            0.06753695756196976,
            -0.8313289880752563,
            -0.07629421353340149
        ],
        [
            0.058682411909103394,
            -0.825065016746521,
            -0.08870533108711243
        ],
        [
            0.046193744987249374,
            -0.806016206741333,
            -0.0851593017578125
        ],
        [
            0.0542563833296299,
            -0.8144034147262573,
            -0.08647746592760086
        ],
        [
            0.06327319890260696,
            -0.8206790685653687,
            -0.07060105353593826
        ],
        [
            0.07208229601383209,
            -0.8317873477935791,
            -0.05567162483930588
        ],
        [
            0.07415136694908142,
            -0.840042233467102,
            -0.06377653777599335
        ],
        [
            0.07684186100959778,
            -0.8461912870407104,
            -0.0425444021821022
        ],
        [
            0.06845051050186157,
            -0.8228309154510498,
            -0.04361237958073616
        ],
        [
            0.07504881918430328,
            -0.8438235521316528,
            -0.03370512276887894
        ],
        [
            0.05467619746923447,
            -0.7857816219329834,
            -0.0470011867582798
        ],
        [
            0.05741690844297409,
            -0.7731567025184631,
            -0.043879978358745575
        ],
        [
            0.06938694417476654,
            -0.7795289754867554,
            -0.031577661633491516
        ],
        [
            0.0677066221833229,
            -0.7919357419013977,
            -0.03503507003188133
        ],
        [
            0.07394933700561523,
            -0.8494881987571716,
            -0.07121612131595612
        ],
        [
            0.07343357056379318,
            -0.9137246608734131,
            -0.07220269739627838
        ],
        [
            0.06784488260746002,
            -0.9143155813217163,
            -0.08280324190855026
        ],
        [
            0.0758046954870224,
            -0.9006847143173218,
            -0.07042103260755539
        ],
        [
            0.07632178068161011,
            -0.9711909294128418,
            -0.046829625964164734
        ],
        [
            0.06819383800029755,
            -0.9675489664077759,
            -0.06433220207691193
        ],
        [
            0.07708762586116791,
            -0.9519088268280029,
            -0.05987538397312164
        ],
        [
            0.08290455490350723,
            -0.9570423364639282,
            -0.04421558231115341
        ],
        [
            0.04635442793369293,
            -1.005013346672058,
            -0.048625312745571136
        ],
        [
            0.04080119729042053,
            -0.9942173957824707,
            -0.07444951683282852
        ],
        [
            0.053799863904714584,
            -0.9824329614639282,
            -0.06949827075004578
        ],
        [
            0.06106496602296829,
            -0.9912176728248596,
            -0.04881421476602554
        ],
        [
            0.08636645972728729,
            -0.957370400428772,
            -0.03132575750350952
        ],
        [
            0.08979381620883942,
            -0.9563198089599609,
            -0.012793879956007004
        ],
        [
            0.08552967011928558,
            -0.9711726307868958,
            -0.00384724885225296
        ],
        [
            0.08033620566129684,
            -0.9741464853286743,
            -0.025881458073854446
        ],
        [
            0.07378669083118439,
            -0.9897881150245667,
            0.006577484309673309
        ],
        [
            0.06817709654569626,
            -0.9940904378890991,
            -0.019935984164476395
        ],
        [
            0.0751073807477951,
            -0.8289900422096252,
            -0.024000009521842003
        ],
        [
            0.07663625478744507,
            -0.8471653461456299,
            -0.020894000306725502
        ],
        [
            0.0654822587966919,
            -0.8064221739768982,
            -0.04012128710746765
        ],
        [
            0.07441386580467224,
            -0.8125520944595337,
            -0.024586431682109833
        ],
        [
            0.056616902351379395,
            -1.0037444829940796,
            0.015413712710142136
        ],
        [
            0.050775475800037384,
            -1.0094654560089111,
            -0.015980780124664307
        ],
        [
            0.08655428886413574,
            -0.929007351398468,
            0.03448079153895378
        ],
        [
            0.08731986582279205,
            -0.9476281404495239,
            0.02807004377245903
        ],
        [
            0.09142029285430908,
            -0.9368109703063965,
            0.010177116841077805
        ],
        [
            0.09067375957965851,
