{
    "pred_cam": [
        1.166378378868103,
        0.0296549741178751,
        0.3742304742336273
    ],
    "pred_smpl_params": {
        "global_orient": [
            [
                [
                    0.988497257232666,
                    0.0631931722164154,
                    -0.13740335404872894
                ],
                [
                    0.07000159472227097,
                    -0.9965181350708008,
                    0.04529177397489548
                ],
                [
                    -0.13406281173229218,
                    -0.05438925325870514,
                    -0.9894790649414062
                ]
            ]
        ],
        "body_pose": [
            [
                [
                    0.9960762858390808,
                    -0.04752911627292633,
                    0.074652761220932
                ],
                [
                    0.04160398244857788,
                    0.9960050582885742,
                    0.07901255041360855
                ],
                [
                    -0.07810992747545242,
                    -0.07559667527675629,
                    0.9940744042396545
                ]
            ],
            [
                [
                    0.9998660683631897,
                    0.010017981752753258,
                    -0.012942406348884106
                ],
                [
                    -0.009047296829521656,
                    0.997291088104248,
                    0.07299748063087463
                ],
                [
                    0.013638634234666824,
                    -0.07287061214447021,
                    0.9972481727600098
                ]
            ],
            [
                [
                    0.999250054359436,
                    -0.008336400613188744,
                    -0.03781438246369362
                ],
                [
                    0.005342552904039621,
                    0.9968924522399902,
                    -0.0785929262638092
                ],
                [
                    0.03835205361247063,
                    0.07833195477724075,
                    0.9961893558502197
                ]
            ],
            [
                [
                    0.9862048029899597,
                    0.03983015939593315,
                    -0.16066621243953705
                ],
                [
                    -0.12331023067235947,
                    0.8243041038513184,
                    -0.5525553226470947
                ],
                [
                    0.11042943596839905,
                    0.5647444725036621,
                    0.8178441524505615
                ]
            ],
            [
                [
                    0.9795690774917603,
                    0.0006401758291758597,
                    0.2011069506406784
                ],
                [
                    0.12082590907812119,
                    0.7975209951400757,
                    -0.5910680890083313
                ],
                [
                    -0.1607653945684433,
                    0.6032909154891968,
                    0.7811495661735535
                ]
            ],
            [
                [
                    0.9990646243095398,
                    -0.01257667038589716,
                    -0.0413740836083889
                ],
                [
                    0.018456202000379562,
                    0.9892665147781372,
                    0.14495199918746948
                ],
                [
                    0.039106983691453934,
                    -0.1455800086259842,
                    0.9885733127593994
                ]
            ],
            [
                [
                    0.9329257011413574,
                    0.1036861464381218,
                    0.3448169529438019
                ],
                [
                    -0.13530376553535461,
                    0.9884084463119507,
                    0.06886019557714462
                ],
                [
                    -0.33368009328842163,
                    -0.11089649796485901,
                    0.936140775680542
                ]
            ],
            [
                [
                    0.9316876530647278,
                    -0.13248910009860992,
                    -0.3382375240325928
                ],
                [
                    0.16005009412765503,
                    0.9855862855911255,
                    0.054805487394332886
                ],
                [
                    0.3261011242866516,
                    -0.10519655793905258,
                    0.9394634366035461
                ]
            ],
            [
                [
                    0.9992876648902893,
                    -0.01248501893132925,
                    -0.03561156615614891
                ],
                [
                    0.00931081548333168,
                    0.9960816502571106,
                    -0.08794648200273514
                ],
                [
                    0.03657004237174988,
                    0.0875522717833519,
                    0.9954883456230164
                ]
            ],
            [
                [
                    0.9671421051025391,
                    -0.21749064326286316,
                    -0.13165821135044098
                ],
                [
                    0.23607966303825378,
                    0.9604600071907043,
                    0.14759065210819244
                ],
                [
                    0.09435286372900009,
                    -0.17382296919822693,
                    0.9802464246749878
                ]
            ],
            [
                [
                    0.9525176882743835,
                    0.23697325587272644,
                    0.19119034707546234
                ],
                [
                    -0.26678329706192017,
                    0.9521791934967041,
                    0.14893412590026855
                ],
                [
                    -0.14675407111644745,
                    -0.19286876916885376,
                    0.9701880216598511
                ]
            ],
            [
                [
                    0.9976465106010437,
                    -0.048388414084911346,
                    0.04857931658625603
                ],
                [
                    0.04243437945842743,
                    0.9922381639480591,
                    0.11688759177923203
                ],
                [
                    -0.053858257830142975,
                    -0.11455106735229492,
                    0.9919562935829163
                ]
            ],
            [
                [
                    0.9938401579856873,
                    -0.08292138576507568,
                    0.07352370023727417
                ],
                [
                    0.07427996397018433,
                    0.9907745122909546,
                    0.11335089057683945
                ],
                [
                    -0.08224461227655411,
                    -0.10719133913516998,
                    0.9908308982849121
                ]
            ],
            [
                [
                    0.9775341153144836,
                    0.09637345373630524,
                    -0.1874542534351349
                ],
                [
                    -0.08229800313711166,
                    0.9932705163955688,
                    0.08149070292711258
                ],
                [
                    0.19404631853103638,
                    -0.06423284113407135,
                    0.978887140750885
                ]
            ],
            [
                [
                    0.9976627230644226,
                    -0.04715576395392418,
                    0.04945220798254013
                ],
                [
                    0.05307718738913536,
                    0.9905823469161987,
                    -0.1262117475271225
                ],
                [
                    -0.0430348739027977,
                    0.12854152917861938,
                    0.9907699823379517
                ]
            ],
            [
                [
                    0.9377723932266235,
                    0.33144521713256836,
                    -0.10357128828763962
                ],
                [
                    -0.30672192573547363,
                    0.9304550886154175,
                    0.20043706893920898
                ],
                [
                    0.1628023386001587,
                    -0.15619675815105438,
                    0.974216639995575
                ]
            ],
            [
                [
                    0.9498881101608276,
                    -0.3115408718585968,
                    -0.025589918717741966
                ],
                [
                    0.31233081221580505,
                    0.949248194694519,
                    0.03711146116256714
                ],
                [
                    0.012729449197649956,
                    -0.04324425384402275,
                    0.9989833831787109
                ]
            ],
            [
                [
                    0.5273863077163696,
                    -0.1845146119594574,
                    -0.8293479084968567
                ],
                [
                    0.35377299785614014,
                    0.9351784586906433,
                    0.016906000673770905
                ],
                [
                    0.7724689245223999,
                    -0.30231693387031555,
                    0.5584766268730164
                ]
            ],
            [
                [
                    0.4575131833553314,
                    0.18489737808704376,
                    0.8697670102119446
                ],
                [
                    -0.27916356921195984,
                    0.9585546255111694,
                    -0.05692701414227486
                ],
                [
                    -0.8442448973655701,
                    -0.21676239371299744,
                    0.4901680052280426
                ]
            ],
            [
                [
                    0.9899452328681946,
                    -0.11662179976701736,
                    -0.08004922419786453
                ],
                [
                    0.11797987669706345,
                    0.9929381012916565,
                    0.012434628792107105
                ],
                [
                    0.07803378254175186,
                    -0.021753797307610512,
                    0.9967133402824402
                ]
            ],
            [
                [
                    0.9936737418174744,
                    0.06694777309894562,
                    0.09016911685466766
                ],
                [
                    -0.07090295106172562,
                    0.9966238737106323,
                    0.04139614477753639
                ],
                [
                    -0.08709331601858139,
                    -0.04752752184867859,
                    0.9950657486915588
                ]
            ],
            [
                [
                    0.9959650635719299,
                    0.0886915996670723,
                    -0.013689802028238773
                ],
                [
                    -0.08773423731327057,
                    0.9943745136260986,
                    0.05934642627835274
                ],
                [
                    0.018876321613788605,
                    -0.0579059012234211,
                    0.9981435537338257
                ]
            ],
            [
                [
                    0.9949718117713928,
                    -0.09992137551307678,
                    0.0068295616656541824
                ],
                [
                    0.0992441400885582,
                    0.9928061366081238,
                    0.06698139011859894
                ],
                [
                    -0.01347330678254366,
                    -0.06596681475639343,
                    0.9977307319641113
                ]
            ]
        ],
        "betas": [
            -0.017424315214157104,
            0.24374991655349731,
            0.45421740412712097,
            0.28515860438346863,
            0.011821389198303223,
            -0.03753416985273361,
            0.04120489954948425,
            -0.039065659046173096,
            0.006287902593612671,
            -0.08913937211036682
        ]
    },
    "pred_cam_t": [
        0.0296549741178751,
        0.3742304742336273,
        33.49041748046875
    ],
    "focal_length": [
        5000.0,
        5000.0
    ],
    "pred_keypoints_3d": [
        [
            0.0030582547187805176,
            -0.8688399195671082,
            -0.12388622015714645
        ],
        [
            0.029825381934642792,
            -0.7450389862060547,
            0.02802513912320137
        ],
        [
            -0.1263471245765686,
            -0.6967195272445679,
            0.09797826409339905
        ],
        [
            -0.3390316963195801,
            -0.6365343332290649,
            0.2217065542936325
        ],
        [
            -0.5485750436782837,
            -0.706632137298584,
            0.09611919522285461
        ],
        [
            0.19290892779827118,
            -0.6811107993125916,
            0.001167059876024723
        ],
        [
            0.42942142486572266,
            -0.5946833491325378,
            -0.06324910372495651
        ],
        [
            0.5264427661895752,
            -0.6959841251373291,
            -0.2676713168621063
        ],
        [
            -0.001937928143888712,
            -0.22699521481990814,
            0.026533877477049828
        ],
        [
            -0.07303325086832047,
            -0.14138546586036682,
            0.045548923313617706
        ],
        [
            -0.14164036512374878,
            0.23719409108161926,
            0.0528939813375473
        ],
        [
            -0.11894618719816208,
            0.5346254110336304,
            0.31907737255096436
        ],
        [
            0.06125042960047722,
            -0.13100627064704895,
            0.029855582863092422
        ],
        [
            0.08624853193759918,
            0.24492418766021729,
            0.02123459428548813
        ],
        [
            0.07105933874845505,
            0.5530709028244019,
            0.2749634385108948
        ],
        [
            -0.026491492986679077,
            -0.9042049646377563,
            -0.08162271231412888
        ],
        [
            0.03859534114599228,
            -0.9090344905853271,
            -0.09342189133167267
        ],
        [
            -0.050105348229408264,
            -0.8784708976745605,
            0.017806975170969963
        ],
        [
            0.09357229620218277,
            -0.8892799019813538,
            -0.009488459676504135
        ],
        [
            0.07713933289051056,
            0.6932673454284668,
            0.1325628161430359
        ],
        [
            0.140417218208313,
            0.6770865321159363,
            0.18523553013801575
        ],
        [
            0.07392997294664383,
            0.5585523247718811,
            0.3490542769432068
        ],
        [
            -0.14681339263916016,
            0.6758672595024109,
            0.18500426411628723
        ],
        [
            -0.21069785952568054,
            0.6552064418792725,
            0.24133586883544922
        ],
        [
            -0.10939536243677139,
            0.5451430678367615,
            0.39516639709472656
        ],
        [
            -0.13668736815452576,
            0.47937634587287903,
            0.31801098585128784
        ],
        [
            -0.1371297985315323,
            0.1788523942232132,
            0.042819589376449585
        ],
        [
            -0.14245812594890594,
            -0.26756471395492554,
            0.05181051045656204
        ],
        [
            0.14390766620635986,
            -0.2336280643939972,
            0.027911333367228508
        ],
        [
            0.09924884885549545,
            0.20775072276592255,
            0.015002870932221413
        ],
        [
            0.0811542272567749,
            0.5127925276756287,
            0.28215569257736206
        ],
        [
            -0.5130855441093445,
            -0.7118425369262695,
            0.08024133741855621
        ],
        [
            -0.33466655015945435,
            -0.6762218475341797,
            0.21529065072536469
        ],
        [
            -0.0986378863453865,
            -0.7190449237823486,
            0.08760696649551392
        ],
        [
            0.17046846449375153,
            -0.7079020738601685,
            0.011127520352602005
        ],
        [
            0.42094138264656067,
            -0.6423212289810181,
            -0.05835391953587532
        ],
        [
            0.5109394192695618,
            -0.7080830931663513,
            -0.2541668713092804
        ],
        [
            0.03609555959701538,
            -0.7518922090530396,
            0.035634830594062805
        ],
        [
            0.02018275111913681,
            -0.937580943107605,
            -0.005903010722249746
        ],
        [
            0.0011210148222744465,
            -0.25054842233657837,
            0.03996087610721588
        ],
        [
            0.0353194922208786,
            -0.7063080072402954,
            0.043949246406555176
        ],
        [
            0.018679581582546234,
            -0.5019814372062683,
            0.04260993003845215
        ],
        [
            0.023399092257022858,
            -0.8352445363998413,
            -0.05151345208287239
        ],
        [
            0.016614073887467384,
            -0.9556937217712402,
            0.005495553836226463
        ]
    ],
    "pred_vertices": [
        [
            0.04784456640481949,
            -0.955146312713623,
            -0.09124284982681274
        ],
        [
            0.04168318212032318,
            -0.9416234493255615,
            -0.09754081070423126
        ],
        [
            0.05387389659881592,
            -0.9378155469894409,
            -0.0914027988910675
        ],
        [
            0.06067058444023132,
            -0.9475928544998169,
            -0.08238676190376282
        ],
        [
            0.049889951944351196,
            -0.9294701814651489,
            -0.09738728404045105
        ],
        [
            0.038749225437641144,
            -0.9308685064315796,
            -0.1021697148680687
        ],
        [
            0.06248634308576584,
            -0.9310380220413208,
            -0.0829157829284668
        ],
        [
            0.06864382326602936,
            -0.9375635981559753,
            -0.07224556058645248
        ],
        [
            0.0712241530418396,
            -0.8951944708824158,
            -0.07674874365329742
        ],
        [
            0.07665085792541504,
            -0.8899811506271362,
            -0.06861890852451324
        ],
        [
            0.07567831873893738,
            -0.9017754197120667,
            -0.06823088228702545
        ],
        [
            0.0695049911737442,
            -0.9036983251571655,
            -0.07616846263408661
        ],
        [
            0.07225333154201508,
            -0.8686610460281372,
            -0.07609140872955322
        ],
        [
            0.06531171500682831,
            -0.860047459602356,
            -0.08409962058067322
        ],
        [
            0.06959730386734009,
            -0.8499739170074463,
            -0.07602882385253906
        ],
        [
            0.07551192492246628,
            -0.8579857349395752,
            -0.06703060120344162
        ],
        [
            0.029362205415964127,
            -0.8749048709869385,
            -0.10033804923295975
        ],
        [
            0.03501448035240173,
            -0.868455171585083,
            -0.10065187513828278
        ],
        [
            0.038687240332365036,
            -0.8753029108047485,
            -0.09974712878465652
        ],
        [
            0.032300759106874466,
            -0.8808133602142334,
            -0.09896025061607361
        ],
        [
            0.019014567136764526,
            -0.8846926689147949,
            -0.10398133844137192
        ],
        [
            0.02024233527481556,
            -0.8897725939750671,
            -0.10015405714511871
        ],
        [
            0.014650624245405197,
            -0.8939390778541565,
            -0.10406146198511124
        ],
        [
            0.014087913557887077,
            -0.8882903456687927,
            -0.10910859704017639
        ],
        [
            0.02425614558160305,
            -0.8693726062774658,
            -0.10019010305404663
        ],
        [
            0.030412759631872177,
            -0.8626493215560913,
            -0.10016689449548721
        ],
        [
            0.02425675466656685,
            -0.8805031180381775,
            -0.10056181997060776
        ],
        [
            0.022381657734513283,
            -0.8760849237442017,
            -0.10312162339687347
        ],
        [
            0.01803412288427353,
            -0.8711085319519043,
            -0.11349180340766907
        ],
        [
            0.019627638161182404,
            -0.875709056854248,
            -0.11180754750967026
        ],
        [
            0.015217968262732029,
            -0.8773075342178345,
            -0.11804622411727905
        ],
        [
            0.01432762574404478,
            -0.8716596364974976,
            -0.1177748441696167
        ],
        [
            0.02220091223716736,
            -0.8693992495536804,
            -0.10490891337394714
        ],
        [
            0.02223067171871662,
            -0.8726956248283386,
            -0.10747326165437698
        ],
        [
            0.019597526639699936,
            -0.8691328763961792,
            -0.10977733135223389
        ],
        [
            0.018708083778619766,
            -0.8665118217468262,
            -0.10654421150684357
        ],
        [
            0.01820659637451172,
            -0.8806813955307007,
            -0.10734431445598602
        ],
        [
            0.014217492192983627,
            -0.88323575258255,
            -0.11359484493732452
        ],
        [
            0.009314799681305885,
            -0.8852415680885315,
            -0.11984337866306305
        ],
        [
            0.010065566748380661,
            -0.8772689700126648,
            -0.1243782714009285
        ],
        [
            0.04709118232131004,
            -0.8547152280807495,
            -0.09717170894145966
        ],
        [
            0.04134412854909897,
            -0.8618504405021667,
            -0.10002380609512329
        ],
        [
            0.03657336160540581,
            -0.8566741943359375,
            -0.09998519718647003
        ],
        [
            0.04183643311262131,
            -0.8510227203369141,
            -0.09845887124538422
        ],
        [
            0.020542548969388008,
            -0.862999677658081,
            -0.10374782979488373
        ],
        [
            0.024791564792394638,
            -0.8470960855484009,
            -0.10589165985584259
        ],
        [
            0.024899126961827278,
            -0.8510019183158875,
            -0.10579262673854828
        ],
        [
            0.018423667177557945,
            -0.8519665002822876,
            -0.10878726840019226
        ],
        [
            0.018946707248687744,
            -0.8483148217201233,
            -0.10879996418952942
        ],
        [
            0.053987134248018265,
            -0.8395100831985474,
            -0.09058254212141037
        ],
        [
            0.04781492426991463,
            -0.8385974764823914,
            -0.09429650008678436
        ],
        [
            0.048879530280828476,
            -0.8313746452331543,
            -0.09236279875040054
        ],
        [
            0.05472202226519585,
            -0.8308008313179016,
            -0.08746300637722015
        ],
        [
            0.0469738245010376,
            -0.8253320455551147,
            -0.09146685153245926
        ],
        [
            0.05407356470823288,
            -0.8224477767944336,
            -0.08481892943382263
        ],
        [
            0.04561074078083038,
            -0.8079159259796143,
            -0.0850544199347496
        ],
        [
            0.050129540264606476,
            -0.8143141269683838,
            -0.08473847806453705
        ],
        [
            0.04340795427560806,
            -0.8195183873176575,
            -0.09198535978794098
        ],
        [
            0.03807840496301651,
            -0.8143512010574341,
            -0.0949985533952713
        ],
        [
            0.02494075335562229,
            -0.8192551136016846,
            -0.10159572213888168
        ],
        [
            0.018869657069444656,
            -0.8179588317871094,
            -0.10356274247169495
        ],
        [
            0.02412934973835945,
            -0.8058961629867554,
            -0.10309727489948273
        ],
        [
            0.030973227694630623,
            -0.8093898892402649,
            -0.09968265146017075
        ],
        [
            0.02525177039206028,
            -0.8408725261688232,
            -0.10198235511779785
        ],
        [
            0.029397301375865936,
            -0.8408827781677246,
            -0.0996406227350235
        ],
        [
            0.029313838109374046,
            -0.8426545858383179,
            -0.10181157290935516
        ],
        [
            0.024883728474378586,
            -0.84385085105896,
            -0.10452654957771301
        ],
        [
            0.03314204886555672,
            -0.8406659960746765,
            -0.09812833368778229
        ],
        [
            0.034852106124162674,
            -0.8404484987258911,
            -0.09759178012609482
        ],
        [
            0.034432150423526764,
            -0.8418826460838318,
            -0.09870782494544983
        ],
        [
            0.0328974574804306,
            -0.8414984941482544,
            -0.09876329451799393
        ],
        [
            0.030961791053414345,
            -0.8410533666610718,
            -0.09912805259227753
        ],
        [
            0.03003077208995819,
            -0.839061975479126,
            -0.09961047023534775
        ],
        [
            0.0322563461959362,
            -0.8398386240005493,
            -0.09857451170682907
        ],
        [
            0.026310062035918236,
            -0.8382668495178223,
            -0.10210274904966354
        ],
        [
            0.013173457235097885,
            -0.8358621001243591,
            -0.10852547734975815
        ],
        [
            0.017096562311053276,
            -0.8365998268127441,
            -0.10755762457847595
        ],
        [
            0.015597744844853878,
            -0.8409466743469238,
            -0.10608606040477753
        ],
        [
            0.01227336935698986,
            -0.840593695640564,
            -0.10684645920991898
        ],
        [
            0.03247806802392006,
            -0.8436518311500549,
            -0.10029035806655884
        ],
        [
            0.0349520668387413,
            -0.8455032110214233,
            -0.09990452229976654
        ],
        [
            0.030795622617006302,
            -0.8483909964561462,
            -0.10261981934309006
        ],
        [
            0.029798153787851334,
            -0.8454712629318237,
            -0.10215052962303162
        ],
        [
            0.03761002793908119,
            -0.8475733995437622,
            -0.09988204389810562
        ],
        [
            0.03669048845767975,
            -0.8431410789489746,
            -0.09826628118753433
        ],
        [
            0.03985775262117386,
            -0.843834638595581,
            -0.09794306755065918
        ],
        [
            0.034383438527584076,
            -0.8386012315750122,
            -0.09765253216028214
        ],
        [
            0.037315789610147476,
            -0.8369356393814087,
            -0.09662884473800659
        ],
        [
            0.03764288127422333,
            -0.839798092842102,
            -0.09746050089597702
        ],
        [
            0.03545558452606201,
            -0.8335678577423096,
            -0.0971926897764206
        ],
        [
            0.031989432871341705,
            -0.8366230726242065,
            -0.09864135086536407
        ],
        [
            0.02834824100136757,
            -0.8347969055175781,
            -0.10117463767528534
        ],
        [
            0.023498035967350006,
            -0.8332157135009766,
            -0.10428188741207123
        ],
        [
            0.02647814340889454,
            -0.8282461166381836,
            -0.10185772180557251
        ],
        [
            0.03169229254126549,
            -0.8305734395980835,
            -0.09923138469457626
        ],
        [
            0.0327899344265461,
            -0.8521305918693542,
            -0.10181500762701035
        ],
        [
            0.04202345758676529,
            -0.8392127156257629,
            -0.09603086858987808
        ],
        [
            0.04518059641122818,
            -0.8457326889038086,
            -0.09605163335800171
        ],
        [
            0.04224297031760216,
            -0.8342198133468628,
            -0.09532271325588226
        ],
        [
            0.040463417768478394,
            -0.8295535445213318,
            -0.0952032133936882
        ],
        [
            0.036531995981931686,
            -0.8253555297851562,
            -0.09627313911914825
        ],
        [
            0.03094148263335228,
            -0.8219982385635376,
            -0.09906826168298721
        ],
        [
            0.028107475489377975,
            -0.7968060970306396,
            -0.09255050122737885
        ],
        [
            0.03651714324951172,
            -0.8017356991767883,
            -0.08951667696237564
        ],
        [
            0.037216637283563614,
            -0.9234347343444824,
            -0.0995042473077774
        ],
        [
            0.046217337250709534,
            -0.9224663972854614,
            -0.09837043285369873
        ],
        [
            0.047501739114522934,
            -0.9143809080123901,
            -0.09407593309879303
        ],
        [
            0.04920891672372818,
            -0.9169450402259827,
            -0.09395449608564377
        ],
        [
            0.04356888309121132,
            -0.9183360934257507,
            -0.09632956236600876
        ],
        [
            0.04311101511120796,
            -0.9154947400093079,
            -0.09574833512306213
        ],
        [
            0.06292632222175598,
            -0.9061157703399658,
            -0.08120948076248169
        ],
        [
            0.057614073157310486,
            -0.9081538915634155,
            -0.08509768545627594
        ],
        [
            0.05823536217212677,
            -0.9042665958404541,
            -0.08387328684329987
        ],
        [
            0.06482797116041183,
            -0.899639368057251,
            -0.0812801867723465
        ],
        [
            0.050279662013053894,
            -0.8969706296920776,
            -0.09041251987218857
        ],
        [
            0.054791077971458435,
            -0.89812171459198,
            -0.08762264996767044
        ],
        [
            0.05055344104766846,
            -0.9048922061920166,
            -0.08937704563140869
        ],
        [
            0.04720865190029144,
            -0.9040359854698181,
            -0.09142987430095673
        ],
        [
            0.04332217574119568,
            -0.9036089181900024,
            -0.0931195393204689
        ],
        [
            0.038999468088150024,
            -0.9035640954971313,
            -0.09372177720069885
        ],
        [
            0.03954054042696953,
            -0.8980908393859863,
            -0.09359987080097198
        ],
        [
            0.04482569918036461,
            -0.8972210884094238,
            -0.09256748855113983
        ],
        [
            0.0368509441614151,
            -0.9193006753921509,
            -0.0966232642531395
        ],
        [
            0.029746163636446,
            -0.9181077480316162,
            -0.09548287093639374
        ],
        [
            0.031319789588451385,
            -0.915077269077301,
            -0.09515172243118286
        ],
        [
            0.03723229840397835,
            -0.9160326719284058,
            -0.09653598070144653
        ],
        [
            0.022225042805075645,
            -0.9075531363487244,
            -0.08955833315849304
        ],
        [
            0.02316116914153099,
            -0.9101570844650269,
            -0.09056130796670914
        ],
        [
            0.019485313445329666,
            -0.911547064781189,
            -0.09114789217710495
        ],
        [
            0.018946215510368347,
            -0.9069340229034424,
            -0.09055270254611969
        ],
        [
            0.02130863070487976,
            -0.904011607170105,
            -0.09133736789226532
        ],
        [
            0.023477694019675255,
            -0.906014084815979,
            -0.090418741106987
        ],
        [
            0.038491327315568924,
            -0.975735068321228,
            -0.08585700392723083
        ],
        [
            0.03308749198913574,
            -0.9597289562225342,
            -0.09586732089519501
        ],
        [
            0.05530237406492233,
            -0.968687891960144,
            -0.07717674970626831
        ],
        [
            0.0671638697385788,
            -0.9575003385543823,
            -0.06797882914543152
        ],
        [
            0.07528097927570343,
            -0.9439582824707031,
            -0.059859469532966614
        ],
        [
            0.061729446053504944,
            -0.8435473442077637,
            -0.08418720215559006
        ],
        [
            0.06410538405179977,
            -0.8340117931365967,
            -0.07905101776123047
        ],
        [
            0.0730128064751625,
            -0.8404952883720398,
            -0.0678468644618988
        ],
        [
            0.07198060303926468,
            -0.8295403122901917,
            -0.06347160041332245
        ],
        [
            0.06293085962533951,
            -0.8231600522994995,
            -0.07576259970664978
        ],
        [
            0.050213031470775604,
            -0.8043394088745117,
            -0.07218901813030243
        ],
        [
            0.05837720260024071,
            -0.8126006126403809,
            -0.0735451877117157
        ],
        [
            0.06765712797641754,
            -0.8190411329269409,
            -0.05787556618452072
        ],
        [
            0.07684876024723053,
            -0.8301550149917603,
            -0.043068211525678635
        ],
        [
            0.07888539135456085,
            -0.8383650779724121,
            -0.05099552497267723
        ],
        [
            0.08169342577457428,
            -0.8447583317756653,
            -0.030083494260907173
        ],
        [
            0.07313747704029083,
            -0.8212775588035583,
            -0.03132965788245201
        ],
        [
            0.07969251275062561,
            -0.8425925970077515,
            -0.021282631903886795
        ],
        [
            0.05854486674070358,
            -0.7846903800964355,
            -0.03534146770834923
        ],
        [
            0.0611325204372406,
            -0.7719742059707642,
            -0.03286469727754593
        ],
        [
            0.07362496107816696,
            -0.778056263923645,
            -0.020915238186717033
        ],
        [
            0.07191716134548187,
            -0.7906086444854736,
            -0.02375590056180954
        ],
        [
            0.07868927717208862,
            -0.84767746925354,
            -0.05843343585729599
        ],
        [
            0.0781678855419159,
            -0.9118648767471313,
            -0.060159530490636826
        ],
        [
            0.07272185385227203,
            -0.912399172782898,
            -0.07058057188987732
        ],
        [
            0.08063726127147675,
            -0.8988525867462158,
            -0.05834592878818512
        ],
        [
            0.08139874041080475,
            -0.9695240259170532,
            -0.03505982831120491
        ],
        [
            0.07316886633634567,
            -0.9656413793563843,
            -0.05237310752272606
        ],
        [
            0.0819607526063919,
            -0.9500386714935303,
            -0.047945428639650345
        ],
        [
            0.08773545920848846,
            -0.9553626179695129,
            -0.03232377767562866
        ],
        [
            0.05196911841630936,
            -1.0037306547164917,
            -0.03759067505598068
        ],
        [
            0.04630991071462631,
            -0.992505669593811,
            -0.06346821784973145
        ],
        [
            0.05906342715024948,
            -0.9807355403900146,
            -0.057982489466667175
        ],
        [
            0.06654960662126541,
            -0.9898689985275269,
            -0.037458110600709915
        ],
        [
            0.09161510318517685,
            -0.9558770060539246,
            -0.019417019560933113
        ],
        [
            0.09512269496917725,
            -0.9550420045852661,
            -0.0011148601770401
        ],
        [
            0.09093870222568512,
            -0.9699641466140747,
            0.007550522685050964
        ],
        [
            0.08570210635662079,
            -0.9726676940917969,
            -0.0143500454723835
        ],
        [
            0.0795099288225174,
            -0.9891393184661865,
            0.017842240631580353
        ],
        [
            0.07376813888549805,
            -0.9929486513137817,
            -0.008753430098295212
        ],
        [
            0.07986797392368317,
            -0.8276493549346924,
            -0.011948226019740105
        ],
        [
            0.08139078319072723,
            -0.8459108471870422,
            -0.008549061603844166
        ],
        [
            0.06976247578859329,
            -0.8050327897071838,
            -0.02822401374578476
        ],
        [
            0.07904315739870071,
            -0.8110387325286865,
            -0.01296179834753275
        ],
        [
            0.06252600252628326,
            -1.0032790899276733,
            0.026445385068655014
        ],
        [
            0.05636617913842201,
            -1.0085487365722656,
            -0.004955541342496872
        ],
        [
            0.09198613464832306,
            -0.9286894798278809,
            0.04665050655603409
        ],
        [
            0.09266570210456848,
            -0.9469133615493774,
            0.03987529128789902
        ],
        [
            0.09675911068916321,
            -0.9358514547348022,
            0.022166632115840912
        ],
        [
            0.09590764343738556,
            -0.9206461906433105,
