{
    "pred_cam": [
        1.105346918106079,
        0.021868089213967323,
        0.368315190076828
    ],
    "pred_smpl_params": {
        "global_orient": [
            [
                [
                    0.9935798645019531,
                    0.05290142074227333,
                    -0.10000229626893997
                ],
                [
                    0.06061447784304619,
                    -0.9952841401100159,
                    0.07573207467794418
                ],
                [
                    -0.095524363219738,
                    -0.08130744844675064,
                    -0.9921008944511414
                ]
            ]
        ],
        "body_pose": [
            [
                [
                    0.9981257915496826,
                    -0.029566770419478416,
                    0.05357882380485535
                ],
                [
                    0.026201138272881508,
                    0.9977030754089355,
                    0.062465548515319824
                ],
                [
                    -0.05530266836285591,
                    -0.06094464659690857,
                    0.9966078400611877
                ]
            ],
            [
                [
                    0.9995293021202087,
                    -0.030375521630048752,
                    -0.004298121202737093
                ],
                [
                    0.030527424067258835,
                    0.9986788034439087,
                    0.04133692756295204
                ],
                [
                    0.003036811714991927,
                    -0.0414486825466156,
                    0.9991360306739807
                ]
            ],
            [
                [
                    0.9996117949485779,
                    0.0002683567290659994,
                    -0.027858953922986984
                ],
                [
                    -0.002310593845322728,
                    0.9973071813583374,
                    -0.07330053299665451
                ],
                [
                    0.027764268219470978,
                    0.07333645224571228,
                    0.996920645236969
                ]
            ],
            [
                [
                    0.9823112487792969,
                    0.016514258459210396,
                    -0.18652571737766266
                ],
                [
                    -0.1353609561920166,
                    0.7509163022041321,
                    -0.6463760733604431
                ],
                [
                    0.12939080595970154,
                    0.660190761089325,
                    0.7398689389228821
                ]
            ],
            [
                [
                    0.9764430522918701,
                    0.008654188364744186,
                    0.2156013548374176
                ],
                [
                    0.14172238111495972,
                    0.7277302742004395,
                    -0.6710613369941711
                ],
                [
                    -0.1627071350812912,
                    0.6858087778091431,
                    0.709360659122467
                ]
            ],
            [
                [
                    0.9991549849510193,
                    -0.01320869941264391,
                    -0.038921769708395004
                ],
                [
                    0.01948605105280876,
                    0.985998809337616,
                    0.165609672665596
                ],
                [
                    0.03618933632969856,
                    -0.16622814536094666,
                    0.9854230284690857
                ]
            ],
            [
                [
                    0.9205030798912048,
                    0.0958905816078186,
                    0.37878626585006714
                ],
                [
                    -0.1318494975566864,
                    0.9887880682945251,
                    0.07009868323802948
                ],
                [
                    -0.36781755089759827,
                    -0.11446884274482727,
                    0.9228255748748779
                ]
            ],
            [
                [
                    0.9212765097618103,
                    -0.10558444261550903,
                    -0.37430131435394287
                ],
                [
                    0.1395397186279297,
                    0.9880988597869873,
                    0.06472539901733398
                ],
                [
                    0.3630126714706421,
                    -0.11185988783836365,
                    0.9250454902648926
                ]
            ],
            [
                [
                    0.9993056058883667,
                    -0.017623363062739372,
                    -0.03282918781042099
                ],
                [
                    0.015385865233838558,
                    0.9976205825805664,
                    -0.06720402836799622
                ],
                [
                    0.033935435116291046,
                    0.06665225327014923,
                    0.9971989989280701
                ]
            ],
            [
                [
                    0.9585465788841248,
                    -0.21119967103004456,
                    -0.191267192363739
                ],
                [
                    0.240557000041008,
                    0.9595968723297119,
                    0.1459663212299347
                ],
                [
                    0.15271136164665222,
                    -0.18592619895935059,
                    0.9706238508224487
                ]
            ],
            [
                [
                    0.9521048069000244,
                    0.21101225912570953,
                    0.22129228711128235
                ],
                [
                    -0.24599723517894745,
                    0.9584420323371887,
                    0.14447923004627228
                ],
                [
                    -0.18160894513130188,
                    -0.19199666380882263,
                    0.9644457101821899
                ]
            ],
            [
                [
                    0.9981675148010254,
                    -0.046060990542173386,
                    0.03924202919006348
                ],
                [
                    0.04064706712961197,
                    0.9908027052879333,
                    0.1290651112794876
                ],
                [
                    -0.04482597857713699,
                    -0.12723353505134583,
                    0.99085932970047
                ]
            ],
            [
                [
                    0.9866296052932739,
                    -0.12790870666503906,
                    0.10100242495536804
                ],
                [
                    0.11508211493492126,
                    0.9855889678001404,
                    0.1239774078130722
                ],
                [
                    -0.11540468037128448,
                    -0.11069619655609131,
                    0.9871312379837036
                ]
            ],
            [
                [
                    0.9692972302436829,
                    0.13289198279380798,
                    -0.20688778162002563
                ],
                [
                    -0.11260847747325897,
                    0.9878659844398499,
                    0.10695841908454895
                ],
                [
                    0.2185913324356079,
                    -0.08037718385457993,
                    0.9725005030632019
                ]
            ],
            [
                [
                    0.9989622831344604,
                    -0.03783547878265381,
                    0.02535327896475792
                ],
                [
                    0.04019756615161896,
                    0.9941496849060059,
                    -0.10025240480899811
                ],
                [
                    -0.02141185663640499,
                    0.10116752237081528,
                    0.9946389198303223
                ]
            ],
            [
                [
                    0.9792557954788208,
                    0.1929699331521988,
                    -0.061811383813619614
                ],
                [
                    -0.17769227921962738,
                    0.9644238352775574,
                    0.1957346647977829
                ],
                [
                    0.0973832905292511,
                    -0.18069089949131012,
                    0.9787068963050842
                ]
            ],
            [
                [
                    0.9781087040901184,
                    -0.20090612769126892,
                    -0.054222311824560165
                ],
                [
                    0.20481514930725098,
                    0.9755159616470337,
                    0.08012131601572037
                ],
                [
                    0.036797866225242615,
                    -0.08947290480136871,
                    0.9953092932701111
                ]
            ],
            [
                [
                    0.6176033020019531,
                    -0.13968972861766815,
                    -0.7739851474761963
                ],
                [
                    0.2949256896972656,
                    0.9534237384796143,
                    0.06326165050268173
                ],
                [
                    0.7290987968444824,
                    -0.26733869314193726,
                    0.6300357580184937
                ]
            ],
            [
                [
                    0.513781726360321,
                    0.1473260521888733,
                    0.8451765775680542
                ],
                [
                    -0.2646099030971527,
                    0.9643283486366272,
                    -0.007239887956529856
                ],
                [
                    -0.8160943984985352,
                    -0.21992233395576477,
                    0.5344381928443909
                ]
            ],
            [
                [
                    0.9896335005760193,
                    -0.10192037373781204,
                    -0.10118183493614197
                ],
                [
                    0.09719224274158478,
                    0.9939775466918945,
                    -0.05062028765678406
                ],
                [
                    0.10573169589042664,
                    0.040261443704366684,
                    0.9935793280601501
                ]
            ],
            [
                [
                    0.9919751882553101,
                    0.06566876173019409,
                    0.10804083198308945
                ],
                [
                    -0.0659768283367157,
                    0.9978209137916565,
                    -0.0007246117456816137
                ],
                [
                    -0.1078529804944992,
                    -0.006409394089132547,
                    0.9941462278366089
                ]
            ],
            [
                [
                    0.9971022605895996,
                    0.07604563236236572,
                    -0.002044074237346649
                ],
                [
                    -0.07578016817569733,
                    0.9952601790428162,
                    0.060947053134441376
                ],
                [
                    0.006669140886515379,
                    -0.06061554327607155,
                    0.9981389045715332
                ]
            ],
            [
                [
                    0.995934784412384,
                    -0.08941703289747238,
                    -0.010885626077651978
                ],
                [
                    0.08992111682891846,
                    0.9940337538719177,
                    0.06173462048172951
                ],
                [
                    0.0053005521185696125,
                    -0.06246250495314598,
                    0.9980332851409912
                ]
            ]
        ],
        "betas": [
            -0.07406628131866455,
            0.2001855969429016,
            0.4083816111087799,
            0.10514625906944275,
            0.03657996654510498,
            -0.02593594416975975,
            0.05082198977470398,
            -0.062204718589782715,
            0.007151588797569275,
            -0.10263338685035706
        ]
    },
    "pred_cam_t": [
        0.021868089213967323,
        0.368315190076828,
        35.33958435058594
    ],
    "focal_length": [
        5000.0,
        5000.0
    ],
    "pred_keypoints_3d": [
        [
            0.005266079679131508,
            -0.867995023727417,
            -0.1195162832736969
        ],
        [
            0.026881862431764603,
            -0.7386481761932373,
            0.02768186293542385
        ],
        [
            -0.1291489452123642,
            -0.6917325854301453,
            0.08935815095901489
        ],
        [
            -0.34853631258010864,
            -0.66220623254776,
            0.212019681930542
        ],
        [
            -0.5538755655288696,
            -0.7607249021530151,
            0.10045155882835388
        ],
        [
            0.18885549902915955,
            -0.6800599694252014,
            0.011523296125233173
        ],
        [
            0.44357845187187195,
            -0.6387686729431152,
            -0.01592141017317772
        ],
        [
            0.57376629114151,
            -0.7505274415016174,
            -0.1938706785440445
        ],
        [
            -0.0017418689094483852,
            -0.22463205456733704,
            0.026951905339956284
        ],
        [
            -0.07304899394512177,
            -0.1387651264667511,
            0.045759283006191254
        ],
        [
            -0.12055017054080963,
            0.24150827527046204,
            0.07225094735622406
        ],
        [
            -0.09364025294780731,
            0.48898258805274963,
            0.384280800819397
        ],
        [
            0.0631217360496521,
            -0.12972816824913025,
            0.03528895229101181
        ],
        [
            0.0864577367901802,
            0.2457962930202484,
            0.0446910597383976
        ],
        [
            0.07970601320266724,
            0.5079204440116882,
            0.3452039062976837
        ],
        [
            -0.024684064090251923,
            -0.9019352197647095,
            -0.07665026932954788
        ],
        [
            0.040614400058984756,
            -0.9062383770942688,
            -0.08660919964313507
        ],
        [
            -0.05081307888031006,
            -0.8718118667602539,
            0.02078162133693695
        ],
        [
            0.09279744327068329,
            -0.8815577030181885,
            -0.002601134590804577
        ],
        [
            0.08728396147489548,
            0.6677395105361938,
            0.22847366333007812
        ],
        [
            0.1510671079158783,
            0.6426446437835693,
            0.27614814043045044
        ],
        [
            0.08381374180316925,
            0.5010197162628174,
            0.4195200204849243
        ],
        [
            -0.11036389321088791,
            0.6498690843582153,
            0.274833083152771
        ],
        [
            -0.17712803184986115,
            0.6239013671875,
            0.3240119218826294
        ],
        [
            -0.08763168752193451,
            0.48687732219696045,
            0.4615648090839386
        ],
        [
            -0.1144712045788765,
            0.43588656187057495,
            0.3737935423851013
        ],
        [
            -0.11955782026052475,
            0.1850799173116684,
            0.058102138340473175
        ],
        [
            -0.1450686752796173,
            -0.2629525661468506,
            0.04502636939287186
        ],
        [
            0.14508658647537231,
            -0.2325306534767151,
            0.03296354413032532
        ],
        [
            0.10004796087741852,
            0.21032404899597168,
            0.036122776567935944
        ],
        [
            0.08929118514060974,
            0.4667942225933075,
            0.3460409939289093
        ],
        [
            -0.5190392732620239,
            -0.7622256875038147,
            0.08290658891201019
        ],
        [
            -0.33938345313072205,
            -0.6996769905090332,
            0.20795372128486633
        ],
        [
            -0.10081484913825989,
            -0.7144746780395508,
            0.08093200623989105
        ],
        [
            0.16547179222106934,
            -0.7069298624992371,
            0.0212453193962574
        ],
        [
            0.4281019866466522,
            -0.682815670967102,
            -0.011214044876396656
        ],
        [
            0.554400622844696,
            -0.7607365846633911,
            -0.18496695160865784
        ],
        [
            0.03322282433509827,
            -0.74555504322052,
            0.03672916442155838
        ],
        [
            0.02058463729918003,
            -0.9304777979850769,
            0.002015668898820877
        ],
        [
            0.0004420531331561506,
            -0.24767929315567017,
            0.03934846073389053
        ],
        [
            0.03227158263325691,
            -0.7029441595077515,
            0.04516610503196716
        ],
        [
            0.015506723895668983,
            -0.49636685848236084,
            0.037548910826444626
        ],
        [
            0.023625142872333527,
            -0.8309637308120728,
            -0.04865787923336029
        ],
        [
            0.01692749746143818,
            -0.9481391310691833,
            0.014235632494091988
        ]
    ],
    "pred_vertices": [
        [
            0.050402186810970306,
            -0.9516253471374512,
            -0.08160450309515
        ],
        [
            0.04418041557073593,
            -0.9386709928512573,
            -0.0886194258928299
        ],
        [
            0.05606337636709213,
            -0.9342634081840515,
            -0.08240654319524765
        ],
        [
            0.06286486983299255,
            -0.9435223340988159,
            -0.07282689958810806
        ],
        [
            0.05221819877624512,
            -0.9263845086097717,
            -0.0890074297785759
        ],
        [
            0.041204385459423065,
            -0.9281617403030396,
            -0.09406076371669769
        ],
        [
            0.06432001292705536,
            -0.9269543886184692,
            -0.07410666346549988
        ],
        [
            0.07027149200439453,
            -0.9330594539642334,
            -0.06285607814788818
        ],
        [
            0.0726618766784668,
            -0.8909816741943359,
            -0.0698726624250412
        ],
        [
            0.07771378755569458,
            -0.8853504061698914,
            -0.061871323734521866
        ],
        [
            0.0768355280160904,
            -0.8968416452407837,
            -0.060773566365242004
        ],
        [
            0.07094128429889679,
            -0.8992630243301392,
            -0.06880448013544083
        ],
        [
            0.07323221117258072,
            -0.8644925355911255,
            -0.07045255601406097
        ],
        [
            0.06631091237068176,
            -0.8564847707748413,
            -0.07905229181051254
        ],
        [
            0.07022102177143097,
            -0.8459590673446655,
            -0.07134135067462921
        ],
        [
            0.07599282264709473,
            -0.853361964225769,
            -0.06181638687849045
        ],
        [
            0.031113315373659134,
            -0.8726998567581177,
            -0.09534113854169846
        ],
        [
            0.036629706621170044,
            -0.8662011623382568,
            -0.0957992821931839
        ],
        [
            0.040410540997982025,
            -0.8729011416435242,
            -0.09452252089977264
        ],
        [
            0.03411328047513962,
            -0.8784769773483276,
            -0.09364774078130722
        ],
        [
            0.020994795486330986,
            -0.882666826248169,
            -0.09870931506156921
        ],
        [
            0.022197827696800232,
            -0.8875367641448975,
            -0.09464466571807861
        ],
        [
            0.016744934022426605,
            -0.8919740915298462,
            -0.09840545058250427
        ],
        [
            0.0162119809538126,
            -0.8865758776664734,
            -0.10368421673774719
        ],
        [
            0.025934958830475807,
            -0.8672678470611572,
            -0.09554076939821243
        ],
        [
            0.031913138926029205,
            -0.8604836463928223,
            -0.0956500917673111
        ],
        [
            0.02612215094268322,
            -0.878357470035553,
            -0.09543883800506592
        ],
        [
            0.024220861494541168,
            -0.8739703893661499,
            -0.0982019305229187
        ],
        [
            0.019972041249275208,
            -0.8695985078811646,
            -0.10873889178037643
        ],
        [
            0.021613920107483864,
            -0.8740836381912231,
            -0.10684094578027725
        ],
        [
            0.017348384484648705,
            -0.8760077953338623,
            -0.11305312812328339
        ],
        [
            0.0163792222738266,
            -0.8703892230987549,
            -0.11304794996976852
        ],
        [
            0.023914309218525887,
            -0.8673897385597229,
            -0.10026942938566208
        ],
        [
            0.02404843457043171,
            -0.8707761168479919,
            -0.10266945511102676
        ],
        [
            0.021396957337856293,
            -0.8673903942108154,
            -0.10515498369932175
        ],
        [
            0.020391715690493584,
            -0.8646557331085205,
            -0.10205983370542526
        ],
        [
            0.020174477249383926,
            -0.8787950873374939,
            -0.1022733598947525
        ],
        [
            0.01634305715560913,
            -0.8817167282104492,
            -0.10839793086051941
        ],
        [
            0.011629562824964523,
            -0.8841047286987305,
            -0.114573173224926
        ],
        [
            0.01237800158560276,
            -0.8763304948806763,
            -0.11942392587661743
        ],
        [
            0.04829663410782814,
            -0.8521625995635986,
            -0.0927085280418396
        ],
        [
            0.04277357831597328,
            -0.8594719171524048,
            -0.09538545459508896
        ],
        [
            0.03791644796729088,
            -0.8544219732284546,
            -0.0956035926938057
        ],
        [
            0.04301244020462036,
            -0.8486381769180298,
            -0.09423256665468216
        ],
        [
            0.022110428661108017,
            -0.8610185980796814,
            -0.09940922260284424
        ],
        [
            0.026130221784114838,
            -0.8452261686325073,
            -0.10220599174499512
        ],
        [
            0.02630186825990677,
            -0.8490962982177734,
            -0.10189986974000931
        ],
        [
            0.01991667039692402,
            -0.850314199924469,
            -0.10496080666780472
        ],
        [
            0.02039063721895218,
            -0.846684455871582,
            -0.10517029464244843
        ],
        [
            0.05477121099829674,
            -0.8366289734840393,
            -0.08661749958992004
        ],
        [
            0.04865346848964691,
            -0.8360061645507812,
            -0.09046316891908646
        ],
        [
            0.04955575615167618,
            -0.8287323713302612,
            -0.08884301781654358
        ],
        [
            0.055319398641586304,
            -0.8278135061264038,
            -0.08388425409793854
        ],
        [
            0.04758122190833092,
            -0.8227678537368774,
            -0.08819708228111267
        ],
        [
            0.05449216067790985,
            -0.8194050192832947,
            -0.08157552778720856
        ],
        [
            0.045912764966487885,
            -0.805213212966919,
            -0.08260183036327362
        ],
        [
            0.05050251632928848,
            -0.811415433883667,
            -0.08194130659103394
        ],
        [
            0.04398851841688156,
            -0.8171011209487915,
            -0.08906377106904984
        ],
        [
            0.03873182833194733,
            -0.8122118711471558,
            -0.09243768453598022
        ],
        [
            0.025816552340984344,
            -0.817528247833252,
            -0.09926008433103561
        ],
        [
            0.01982903480529785,
            -0.8164249658584595,
            -0.10142938047647476
        ],
        [
            0.02488948404788971,
            -0.8043551445007324,
            -0.10129237174987793
        ],
        [
            0.03172193840146065,
            -0.8076231479644775,
            -0.0974833220243454
        ],
        [
            0.026436280459165573,
            -0.838980495929718,
            -0.09862691909074783
        ],
        [
            0.03049304336309433,
            -0.8388147354125977,
            -0.09619560092687607
        ],
        [
            0.03049308806657791,
            -0.8406814336776733,
            -0.09828024357557297
        ],
        [
            0.026166187599301338,
            -0.8420703411102295,
            -0.10103949159383774
        ],
        [
            0.03416667506098747,
            -0.8384723663330078,
            -0.0945999026298523
        ],
        [
            0.035856157541275024,
            -0.8381909132003784,
            -0.0940476581454277
        ],
        [
            0.035494282841682434,
            -0.839673638343811,
            -0.09510473906993866
        ],
        [
            0.0339384451508522,
            -0.8393081426620483,
            -0.09526126086711884
        ],
        [
            0.03201376646757126,
            -0.8389202356338501,
            -0.09567749500274658
        ],
        [
            0.03107418119907379,
            -0.8369901776313782,
            -0.09627368301153183
        ],
        [
            0.03327912837266922,
            -0.8376955986022949,
            -0.09509830176830292
        ],
        [
            0.02741752564907074,
            -0.8363871574401855,
            -0.09886515140533447
        ],
        [
            0.014456067234277725,
            -0.8343676328659058,
            -0.10568278282880783
        ],
        [
            0.018378300592303276,
            -0.8351307511329651,
            -0.10457924008369446
        ],
        [
            0.016933623701334,
            -0.8393831253051758,
            -0.10300245881080627
        ],
        [
            0.013599235564470291,
            -0.8389935493469238,
            -0.10382924973964691
        ],
        [
            0.033569879829883575,
            -0.8413968086242676,
            -0.09666964411735535
        ],
        [
            0.036100469529628754,
            -0.8433247804641724,
            -0.09608091413974762
        ],
        [
            0.032081250101327896,
            -0.8464018702507019,
            -0.09872536361217499
        ],
        [
            0.03103509545326233,
            -0.8434888124465942,
            -0.09844782203435898
        ],
        [
            0.03876655921339989,
            -0.8453394174575806,
            -0.09593450278043747
        ],
        [
            0.03774638846516609,
            -0.8408539891242981,
            -0.09454777836799622
        ],
        [
            0.0408773347735405,
            -0.8413900136947632,
            -0.09408194571733475
        ],
        [
            0.03535240888595581,
            -0.836384117603302,
            -0.09418962150812149
        ],
        [
            0.03821549937129021,
            -0.8346271514892578,
            -0.0931648388504982
        ],
        [
            0.03860752657055855,
            -0.8375023603439331,
            -0.09386727213859558
        ],
        [
            0.03634674474596977,
            -0.8313626050949097,
            -0.0939597636461258
        ],
        [
            0.03298383578658104,
            -0.8345199227333069,
            -0.09534265100955963
        ],
        [
            0.02940717712044716,
            -0.8329023122787476,
            -0.09803029894828796
        ],
        [
            0.024625206366181374,
            -0.8315554857254028,
            -0.10132327675819397
        ],
        [
            0.027480430901050568,
            -0.826468288898468,
            -0.09908560663461685
        ],
        [
            0.03264007717370987,
            -0.8285609483718872,
            -0.0962342768907547
        ],
        [
            0.03409096226096153,
            -0.8499180674552917,
            -0.09771696478128433
        ],
        [
            0.042913369834423065,
            -0.8367923498153687,
            -0.09230396896600723
        ],
        [
            0.04619212448596954,
            -0.8432161808013916,
            -0.09196241945028305
        ],
        [
            0.043033964931964874,
            -0.8318015336990356,
            -0.09181445837020874
        ],
        [
            0.04120269790291786,
            -0.8272075653076172,
            -0.09198615700006485
        ],
        [
            0.03735916316509247,
            -0.8232049942016602,
            -0.09329468011856079
        ],
        [
            0.0317729115486145,
            -0.8200609683990479,
            -0.09645777940750122
        ],
        [
            0.028549212962388992,
            -0.7948088645935059,
            -0.09107831120491028
        ],
        [
            0.03697505220770836,
            -0.7994785904884338,
            -0.08752689510583878
        ],
        [
            0.03952396288514137,
            -0.920782208442688,
            -0.09196402877569199
        ],
        [
            0.04846695810556412,
            -0.9195008277893066,
            -0.09068694710731506
        ],
        [
            0.04958029091358185,
            -0.9112858176231384,
            -0.08671492338180542
        ],
        [
            0.0513751320540905,
            -0.91391921043396,
            -0.08646707981824875
        ],
        [
            0.0457584410905838,
            -0.9153895974159241,
            -0.08889582008123398
        ],
        [
            0.045225825160741806,
            -0.9126195311546326,
            -0.08838209509849548
        ],
        [
            0.06451676040887833,
            -0.9020861387252808,
            -0.07395052909851074
        ],
        [
            0.05934455245733261,
            -0.9044142961502075,
            -0.07788144797086716
        ],
        [
            0.05992690846323967,
            -0.9004842042922974,
            -0.07683935761451721
        ],
        [
            0.06637367606163025,
            -0.8956494331359863,
            -0.07430695742368698
        ],
        [
            0.052067577838897705,
            -0.8937194347381592,
            -0.08398289233446121
        ],
        [
            0.056511882692575455,
            -0.8946325778961182,
            -0.08103616535663605
        ],
        [
            0.052391212433576584,
            -0.90155428647995,
            -0.0825299620628357
        ],
        [
            0.049076128751039505,
            -0.9008691310882568,
            -0.08470375835895538
        ],
        [
            0.04524482414126396,
            -0.9005945324897766,
            -0.08654052764177322
        ],
        [
            0.040961168706417084,
            -0.9006691575050354,
            -0.08720394968986511
        ],
        [
            0.04140482842922211,
            -0.8951530456542969,
            -0.08739952743053436
        ],
        [
            0.046647340059280396,
            -0.8941614627838135,
            -0.08629105985164642
        ],
        [
            0.039053644984960556,
            -0.9164913892745972,
            -0.08938272297382355
        ],
        [
            0.03188798576593399,
            -0.9153648614883423,
            -0.08840883523225784
        ],
        [
            0.03341587260365486,
            -0.9122982025146484,
            -0.08821012079715729
        ],
        [
            0.03939083591103554,
            -0.9132426381111145,
            -0.08940240740776062
        ],
        [
            0.024125199764966965,
            -0.9046640396118164,
            -0.08325730264186859
        ],
        [
            0.02510768547654152,
            -0.9072961807250977,
            -0.08408008515834808
        ],
        [
            0.021466029807925224,
            -0.9087836146354675,
            -0.08468782901763916
        ],
        [
            0.020870376378297806,
            -0.9041723608970642,
            -0.08435043692588806
        ],
        [
            0.02320258505642414,
            -0.9012280106544495,
            -0.08523081243038177
        ],
        [
            0.02537873387336731,
            -0.9031294584274292,
            -0.08416525274515152
        ],
        [
            0.04133741185069084,
            -0.9721992611885071,
            -0.07545483857393265
        ],
        [
            0.035737983882427216,
            -0.9566916823387146,
            -0.08649028092622757
        ],
        [
            0.057671189308166504,
            -0.9644896984100342,
            -0.06679873913526535
        ],
        [
            0.06923083961009979,
            -0.9526456594467163,
            -0.057848598808050156
        ],
        [
            0.07664167881011963,
            -0.9386287927627563,
            -0.05004611611366272
        ],
        [
            0.062423013150691986,
            -0.8401657938957214,
            -0.079899363219738
        ],
        [
            0.06455960124731064,
            -0.8303879499435425,
            -0.07518522441387177
        ],
        [
            0.07328145205974579,
            -0.8360449075698853,
            -0.06349453330039978
        ],
        [
            0.07194487005472183,
            -0.825069785118103,
            -0.05960322916507721
        ],
        [
            0.0631774365901947,
            -0.8194849491119385,
            -0.07235680520534515
        ],
        [
            0.05019114911556244,
            -0.8010167479515076,
            -0.06965702027082443
        ],
        [
            0.05846051126718521,
            -0.8089863061904907,
            -0.07062844187021255
        ],
        [
            0.06727169454097748,
            -0.8145644664764404,
            -0.054466500878334045
        ],
        [
            0.0761440247297287,
            -0.8247234225273132,
            -0.03902848809957504
        ],
        [
            0.07856137305498123,
            -0.833037257194519,
            -0.04650791734457016
        ],
        [
            0.08085955679416656,
            -0.838607668876648,
            -0.025481512770056725
        ],
        [
            0.07180224359035492,
            -0.8157174587249756,
            -0.027624845504760742
        ],
        [
            0.07844499498605728,
            -0.836205005645752,
            -0.016901493072509766
        ],
        [
            0.05763508006930351,
            -0.7796447277069092,
            -0.0330604612827301
        ],
        [
            0.060349807143211365,
            -0.7666749954223633,
            -0.030845914036035538
        ],
        [
            0.07214702665805817,
            -0.772231936454773,
            -0.01838456466794014
        ],
        [
            0.07048866152763367,
            -0.7849433422088623,
            -0.021013036370277405
        ],
        [
            0.07875247299671173,
            -0.8426592350006104,
            -0.05359325557947159
        ],
        [
            0.07904715090990067,
            -0.9067315459251404,
            -0.05202638730406761
        ],
        [
            0.07398060709238052,
            -0.9076926112174988,
            -0.062496110796928406
        ],
        [
            0.0814124345779419,
            -0.8935110569000244,
            -0.05098270624876022
        ],
        [
            0.08258166909217834,
            -0.9629679322242737,
            -0.023691946640610695
        ],
        [
            0.07450763136148453,
            -0.9599992036819458,
            -0.04129048064351082
        ],
        [
            0.08312354981899261,
            -0.9438937902450562,
            -0.03763774037361145
        ],
        [
            0.08849132061004639,
            -0.9483921527862549,
            -0.021513981744647026
        ],
        [
            0.05399538204073906,
            -0.9978022575378418,
            -0.025231454521417618
        ],
        [
            0.04877185449004173,
            -0.9879686236381531,
            -0.05196607857942581
        ],
        [
            0.06099463254213333,
            -0.9754481315612793,
            -0.04661046341061592
        ],
        [
            0.06836161017417908,
            -0.9837162494659424,
            -0.025393489748239517
        ],
        [
            0.0922580361366272,
            -0.9482956528663635,
            -0.00852230191230774
        ],
        [
            0.09545348584651947,
            -0.946365475654602,
            0.009831615723669529
        ],
        [
            0.09117847681045532,
            -0.9607560634613037,
            0.019282322376966476
        ],
        [
            0.086348757147789,
            -0.9647866487503052,
            -0.0025555212050676346
        ],
        [
            0.07983965426683426,
            -0.9795866012573242,
            0.030347434803843498
        ],
        [
            0.07490183413028717,
            -0.9849818348884583,
            0.0037051383405923843
        ],
        [
            0.07834421098232269,
            -0.8209880590438843,
            -0.008084828034043312
        ],
        [
            0.07992876321077347,
            -0.8388697504997253,
            -0.003995036240667105
        ],
        [
            0.06840832531452179,
            -0.7995519638061523,
            -0.025113176554441452
        ],
        [
            0.07734966278076172,
            -0.8046679496765137,
            -0.009599246084690094
        ],
        [
            0.06285056471824646,
            -0.9932302236557007,
            0.03905352205038071
        ],
        [
            0.05764171481132507,
            -1.0005149841308594,
            0.007847052998840809
        ],
        [
            0.0904785767197609,
            -0.9178638458251953,
            0.05595308169722557
        ],
        [
            0.09162909537553787,
            -0.9361916780471802,
            0.05017940327525139
        ],
        [
            0.09611350297927856,
            -0.9261252284049988,
            0.03196507692337036
        ],
        [
            0.0948038101196289,
            -0.910783052444458,
            0.03920068219304085
        ],
