{
    "pred_cam": [
        1.1171226501464844,
        0.013999814167618752,
        0.36793074011802673
    ],
    "pred_smpl_params": {
        "global_orient": [
            [
                [
                    0.9932321906089783,
                    0.060453858226537704,
                    -0.09917256236076355
                ],
                [
                    0.0682268738746643,
                    -0.9946974515914917,
                    0.07695502042770386
                ],
                [
                    -0.09399446099996567,
                    -0.08320043236017227,
                    -0.992090106010437
                ]
            ]
        ],
        "body_pose": [
            [
                [
                    0.9974094033241272,
                    -0.0419674888253212,
                    0.058423757553100586
                ],
                [
                    0.03744738548994064,
                    0.9963721036911011,
                    0.07642193138599396
                ],
                [
                    -0.061419036239385605,
                    -0.0740361288189888,
                    0.9953624606132507
                ]
            ],
            [
                [
                    0.9997929334640503,
                    -0.016921406611800194,
                    -0.011305836029350758
                ],
                [
                    0.017519358545541763,
                    0.9983288049697876,
                    0.05507052689790726
                ],
                [
                    0.010355070233345032,
                    -0.05525719001889229,
                    0.9984185099601746
                ]
            ],
            [
                [
                    0.9995540380477905,
                    0.0013356952695176005,
                    -0.029833272099494934
                ],
                [
                    -0.004190253559499979,
                    0.9953892230987549,
                    -0.09582720696926117
                ],
                [
                    0.029567718505859375,
                    0.0959094762802124,
                    0.9949508905410767
                ]
            ],
            [
                [
                    0.982030987739563,
                    0.013175170868635178,
                    -0.188259094953537
                ],
                [
                    -0.13631929457187653,
                    0.7393757104873657,
                    -0.6593485474586487
                ],
                [
                    0.1305071860551834,
                    0.6731641292572021,
                    0.727885901927948
                ]
            ],
            [
                [
                    0.9765092134475708,
                    0.001346761710010469,
                    0.21547149121761322
                ],
                [
                    0.15171878039836884,
                    0.7057787775993347,
                    -0.6919955611228943
                ],
                [
                    -0.1530071347951889,
                    0.7084311246871948,
                    0.6889951229095459
                ]
            ],
            [
                [
                    0.9988884329795837,
                    -0.020546678453683853,
                    -0.042422231286764145
                ],
                [
                    0.02789975143969059,
                    0.9831295013427734,
                    0.18077071011066437
                ],
                [
                    0.03799230605363846,
                    -0.18175335228443146,
                    0.9826099276542664
                ]
            ],
            [
                [
                    0.9172477126121521,
                    0.09020134806632996,
                    0.38796964287757874
                ],
                [
                    -0.129844069480896,
                    0.9885282516479492,
                    0.0771518126130104
                ],
                [
                    -0.3765597343444824,
                    -0.12114285677671432,
                    0.9184373617172241
                ]
            ],
            [
                [
                    0.9162681102752686,
                    -0.09810370206832886,
                    -0.3883664309978485
                ],
                [
                    0.13303956389427185,
                    0.9890394806861877,
                    0.06404124945402145
                ],
                [
                    0.37782707810401917,
                    -0.11034705489873886,
                    0.919277012348175
                ]
            ],
            [
                [
                    0.9990757703781128,
                    -0.02347756363451481,
                    -0.036004628986120224
                ],
                [
                    0.021815825253725052,
                    0.9987091422080994,
                    -0.04587167128920555
                ],
                [
                    0.037035103887319565,
                    0.04504380747675896,
                    0.9982982873916626
                ]
            ],
            [
                [
                    0.9555853605270386,
                    -0.21172866225242615,
                    -0.2050061821937561
                ],
                [
                    0.24108396470546722,
                    0.9616860151290894,
                    0.13053187727928162
                ],
                [
                    0.1695142239332199,
                    -0.17415806651115417,
                    0.9700174927711487
                ]
            ],
            [
                [
                    0.9526209831237793,
                    0.19269555807113647,
                    0.23533299565315247
                ],
                [
                    -0.2297937273979187,
                    0.9628549814224243,
                    0.14179252088069916
                ],
                [
                    -0.19926875829696655,
                    -0.1891525834798813,
                    0.9615160822868347
                ]
            ],
            [
                [
                    0.9976654052734375,
                    -0.05597449094057083,
                    0.0391218364238739
                ],
                [
                    0.04943007230758667,
                    0.9871640205383301,
                    0.15186750888824463
                ],
                [
                    -0.04712038114666939,
                    -0.14957918226718903,
                    0.9876261949539185
                ]
            ],
            [
                [
                    0.9869012236595154,
                    -0.14262992143630981,
                    0.07538384199142456
                ],
                [
                    0.13190679252147675,
                    0.9824413061141968,
                    0.1319456398487091
                ],
                [
                    -0.09287960082292557,
                    -0.12027367204427719,
                    0.9883863925933838
                ]
            ],
            [
                [
                    0.970536470413208,
                    0.1463329941034317,
                    -0.19143033027648926
                ],
                [
                    -0.12655460834503174,
                    0.9856371283531189,
                    0.1118180900812149
                ],
                [
                    0.20504353940486908,
                    -0.08429714292287827,
                    0.9751158952713013
                ]
            ],
            [
                [
                    0.9986920356750488,
                    -0.045053839683532715,
                    0.024174759164452553
                ],
                [
                    0.047101445496082306,
                    0.9946295619010925,
                    -0.09216032922267914
                ],
                [
                    -0.019892752170562744,
                    0.09317845106124878,
                    0.9954507350921631
                ]
            ],
            [
                [
                    0.9833911061286926,
                    0.15264366567134857,
                    -0.09819295257329941
                ],
                [
                    -0.12660318613052368,
                    0.9645580649375916,
                    0.23151549696922302
                ],
                [
                    0.13005216419696808,
                    -0.21523873507976532,
                    0.9678630232810974
                ]
            ],
            [
                [
                    0.9876012802124023,
                    -0.15103526413440704,
                    -0.042803313583135605
                ],
                [
                    0.15451358258724213,
                    0.9834075570106506,
                    0.0950533077120781
                ],
                [
                    0.02773670293390751,
                    -0.10048846155405045,
                    0.9945515394210815
                ]
            ],
            [
                [
                    0.6740157008171082,
                    -0.12535351514816284,
                    -0.7280036807060242
                ],
                [
                    0.3015570342540741,
                    0.9463351368904114,
                    0.11624632775783539
                ],
                [
                    0.6743635535240173,
                    -0.2978864908218384,
                    0.6756459474563599
                ]
            ],
            [
                [
                    0.502104640007019,
                    0.13767379522323608,
                    0.8537778854370117
                ],
                [
                    -0.2791881859302521,
                    0.9601907730102539,
                    0.009356756694614887
                ],
                [
                    -0.8185015320777893,
                    -0.243062824010849,
                    0.5205531120300293
                ]
            ],
            [
                [
                    0.9888681769371033,
                    -0.1100970059633255,
                    -0.10009144246578217
                ],
                [
                    0.10136765986680984,
                    0.9909061789512634,
                    -0.08848457038402557
                ],
                [
                    0.10892311483621597,
                    0.07735354453325272,
                    0.9910358786582947
                ]
            ],
            [
                [
                    0.9907427430152893,
                    0.08172030746936798,
                    0.10840056091547012
                ],
                [
                    -0.07824697345495224,
                    0.9962864518165588,
                    -0.03592438995838165
                ],
                [
                    -0.11093378067016602,
                    0.02710980735719204,
                    0.9934579133987427
                ]
            ],
            [
                [
                    0.997900664806366,
                    0.06476191431283951,
                    -0.0004463028162717819
                ],
                [
                    -0.064651720225811,
                    0.9965603351593018,
                    0.051842447370290756
                ],
                [
                    0.003802182385697961,
                    -0.05170475319027901,
                    0.9986552000045776
                ]
            ],
            [
                [
                    0.9968339800834656,
                    -0.07726375758647919,
                    -0.018772829324007034
                ],
                [
                    0.07824046164751053,
                    0.9952150583267212,
                    0.05852670595049858
                ],
                [
                    0.014161011204123497,
                    -0.059810198843479156,
                    0.9981093406677246
                ]
            ]
        ],
        "betas": [
            -0.17430567741394043,
            0.09081767499446869,
            0.4656420052051544,
            0.101124107837677,
            0.054888367652893066,
            -0.010381098836660385,
            0.04186245799064636,
            -0.08153572678565979,
            -0.004653140902519226,
            -0.10710445046424866
        ]
    },
    "pred_cam_t": [
        0.013999814167618752,
        0.36793074011802673,
        34.967063903808594
    ],
    "focal_length": [
        5000.0,
        5000.0
    ],
    "pred_keypoints_3d": [
        [
            0.005065420642495155,
            -0.8693037033081055,
            -0.11187963932752609
        ],
        [
            0.02883462980389595,
            -0.7347142100334167,
            0.029024610295891762
        ],
        [
            -0.12639088928699493,
            -0.6880273818969727,
            0.08900894224643707
        ],
        [
            -0.347124308347702,
            -0.6730177998542786,
            0.2079853117465973
        ],
        [
            -0.5395023822784424,
            -0.7878913879394531,
            0.09387912601232529
        ],
        [
            0.18948349356651306,
            -0.6779729723930359,
            0.00849216990172863
        ],
        [
            0.442198783159256,
            -0.6552013158798218,
            -0.03492636978626251
        ],
        [
            0.5704798698425293,
            -0.7823548913002014,
            -0.2004842609167099
        ],
        [
            -0.001630349550396204,
            -0.2240731567144394,
            0.02757556363940239
        ],
        [
            -0.07414218038320541,
            -0.1388533115386963,
            0.04619767516851425
        ],
        [
            -0.12914253771305084,
            0.2373647689819336,
            0.0690007209777832
        ],
        [
            -0.10267920047044754,
            0.4764578342437744,
            0.38312581181526184
        ],
        [
            0.0630364939570427,
            -0.12875545024871826,
            0.03592580556869507
        ],
        [
            0.08695502579212189,
            0.2435736358165741,
            0.04151199012994766
        ],
        [
            0.0810747891664505,
            0.5015482902526855,
            0.34093430638313293
        ],
        [
            -0.024955760687589645,
            -0.9008289575576782,
            -0.06774309277534485
        ],
        [
            0.040108513087034225,
            -0.9062972068786621,
            -0.07780344784259796
        ],
        [
            -0.050216324627399445,
            -0.8660557270050049,
            0.02832442708313465
        ],
        [
            0.09303318709135056,
            -0.8784501552581787,
            0.0046936580911278725
        ],
        [
            0.09103051573038101,
            0.6606749892234802,
            0.22532004117965698
        ],
        [
            0.15411178767681122,
            0.6345077753067017,
            0.2727046608924866
        ],
        [
            0.0848376601934433,
            0.4943716526031494,
            0.4148976802825928
        ],
        [
            -0.1247248724102974,
            0.6377182006835938,
            0.2786683738231659
        ],
        [
            -0.19008460640907288,
            0.6099573373794556,
            0.3276485204696655
        ],
        [
            -0.09529733657836914,
            0.4727849066257477,
            0.4597613513469696
        ],
        [
            -0.12269595265388489,
            0.4235924482345581,
            0.3721073567867279
        ],
        [
            -0.12739485502243042,
            0.1819053292274475,
            0.055365875363349915
        ],
        [
            -0.14569412171840668,
            -0.2633570730686188,
            0.046178996562957764
        ],
        [
            0.14643719792366028,
            -0.23078668117523193,
            0.03443479537963867
        ],
        [
            0.10078070312738419,
            0.20853650569915771,
            0.033376544713974
        ],
        [
            0.09026734530925751,
            0.46058720350265503,
            0.34182095527648926
        ],
        [
            -0.5047667026519775,
            -0.787039577960968,
            0.07724537700414658
        ],
        [
            -0.33557772636413574,
            -0.7093729376792908,
            0.2051679491996765
        ],
        [
            -0.09787015616893768,
            -0.7109106183052063,
            0.08136572688817978
        ],
        [
            0.16645872592926025,
            -0.7049389481544495,
            0.019667156040668488
        ],
        [
            0.42577531933784485,
            -0.6971017122268677,
            -0.025599922984838486
        ],
        [
            0.5514599680900574,
            -0.7918214797973633,
            -0.1912168711423874
        ],
        [
            0.03538208454847336,
            -0.7411381006240845,
            0.03778403252363205
        ],
        [
            0.020342161878943443,
            -0.9261491298675537,
            0.012193502858281136
        ],
        [
            0.0008538090623915195,
            -0.2469969391822815,
            0.040650978684425354
        ],
        [
            0.03430639207363129,
            -0.6998386383056641,
            0.04450538009405136
        ],
        [
            0.017223447561264038,
            -0.49304723739624023,
            0.03583252429962158
        ],
        [
            0.024280615150928497,
            -0.8293015360832214,
            -0.043161921203136444
        ],
        [
            0.01653481461107731,
            -0.9431835412979126,
            0.025224678218364716
        ]
    ],
    "pred_vertices": [
        [
            0.049313802272081375,
            -0.9513733386993408,
            -0.07053983956575394
        ],
        [
            0.0432291142642498,
            -0.9387330412864685,
            -0.07814320921897888
        ],
        [
            0.05515340715646744,
            -0.934135913848877,
            -0.07221046090126038
        ],
        [
            0.061881519854068756,
            -0.9430652856826782,
            -0.062229178845882416
        ],
        [
            0.051436733454465866,
            -0.9265398979187012,
            -0.07923124730587006
        ],
        [
            0.040375303477048874,
            -0.9284497499465942,
            -0.08406446129083633
        ],
        [
            0.06352994590997696,
            -0.9265362024307251,
            -0.0643501803278923
        ],
        [
            0.06944552063941956,
            -0.9322744607925415,
            -0.052785955369472504
        ],
        [
            0.07240793108940125,
            -0.8905913233757019,
            -0.06200475990772247
        ],
        [
            0.0775560662150383,
            -0.8846653699874878,
            -0.05427737906575203
        ],
        [
            0.07651326805353165,
            -0.8959993720054626,
            -0.05261272192001343
        ],
        [
            0.07056904584169388,
            -0.8987120389938354,
            -0.060502730309963226
        ],
        [
            0.07333314418792725,
            -0.8641936779022217,
            -0.06372618675231934
        ],
        [
            0.0664575845003128,
            -0.8565874695777893,
            -0.07264740020036697
        ],
        [
            0.0705435574054718,
            -0.8457620143890381,
            -0.0654539167881012
        ],
        [
            0.07623932510614395,
            -0.8527122735977173,
            -0.05560542643070221
        ],
        [
            0.031037094071507454,
            -0.8731666803359985,
            -0.08797658234834671
        ],
        [
            0.036597758531570435,
            -0.8667690753936768,
            -0.08874591439962387
        ],
        [
            0.04031982645392418,
            -0.8734136819839478,
            -0.0872088149189949
        ],
        [
            0.03397819772362709,
            -0.8788714408874512,
            -0.08605735003948212
        ],
        [
            0.020778033882379532,
            -0.8830953240394592,
            -0.09072557091712952
        ],
        [
            0.021943505853414536,
            -0.8877750635147095,
            -0.08647914975881577
        ],
        [
            0.0164160318672657,
            -0.8923113346099854,
            -0.08994760364294052
        ],
        [
            0.01590973697602749,
            -0.8871728181838989,
            -0.09542088210582733
        ],
        [
            0.02590889297425747,
            -0.8677098155021667,
            -0.08833622187376022
        ],
        [
            0.031935665756464005,
            -0.8610270023345947,
            -0.08875934034585953
        ],
        [
            0.02598622627556324,
            -0.8787376880645752,
            -0.08776010572910309
        ],
        [
            0.024111080914735794,
            -0.8744491934776306,
            -0.09064927697181702
        ],
        [
            0.019772034138441086,
            -0.8705542683601379,
            -0.10121738165616989
        ],
        [
            0.02140054479241371,
            -0.8749591112136841,
            -0.09915143996477127
        ],
        [
            0.017064465209841728,
            -0.8771184086799622,
            -0.10520344227552414
        ],
        [
            0.016155121847987175,
            -0.8714984655380249,
            -0.10543472319841385
        ],
        [
            0.023806879296898842,
            -0.8680040240287781,
            -0.09296788275241852
        ],
        [
            0.023891039192676544,
            -0.8714808225631714,
            -0.09519997984170914
        ],
        [
            0.021239593625068665,
            -0.8682030439376831,
            -0.09778102487325668
        ],
        [
            0.02028713747859001,
            -0.8653336763381958,
            -0.09481030702590942
        ],
        [
            0.019963061437010765,
            -0.87940514087677,
            -0.09442287683486938
        ],
        [
            0.016052089631557465,
            -0.8825651407241821,
            -0.10032665729522705
        ],
        [
            0.011270005255937576,
            -0.8851951360702515,
            -0.10629566758871078
        ],
        [
            0.012052975594997406,
            -0.8776780962944031,
            -0.11147432029247284
        ],
        [
            0.048408858478069305,
            -0.852763295173645,
            -0.08633702248334885
        ],
        [
            0.04279487952589989,
            -0.860116720199585,
            -0.0886673852801323
        ],
        [
            0.03800071403384209,
            -0.8550490736961365,
            -0.0890233963727951
        ],
        [
            0.04315899685025215,
            -0.8492782711982727,
            -0.08794981241226196
        ],
        [
            0.022089004516601562,
            -0.8616101741790771,
            -0.0923638790845871
        ],
        [
            0.026266464963555336,
            -0.8460662364959717,
            -0.09585297852754593
        ],
        [
            0.02639460191130638,
            -0.8498939871788025,
            -0.09537369012832642
        ],
        [
            0.019966963678598404,
            -0.8511891961097717,
            -0.09832194447517395
        ],
        [
            0.02048645168542862,
            -0.8476049900054932,
            -0.09870775789022446
        ],
        [
            0.05508396029472351,
            -0.8370991945266724,
            -0.08096173405647278
        ],
        [
            0.04893489181995392,
            -0.836603045463562,
            -0.08474759012460709
        ],
        [
            0.049928151071071625,
            -0.8293048739433289,
            -0.08346414566040039
        ],
        [
            0.0557478591799736,
            -0.8281917572021484,
            -0.07864698022603989
        ],
        [
            0.04800822585821152,
            -0.823327362537384,
            -0.08304399251937866
        ],
        [
            0.055012546479701996,
            -0.8197001218795776,
            -0.0766739770770073
        ],
        [
            0.04656387120485306,
            -0.8056119084358215,
            -0.07812245935201645
        ],
        [
            0.05110768973827362,
            -0.8117337226867676,
            -0.07732804864645004
        ],
        [
            0.044482260942459106,
            -0.8177200555801392,
            -0.0840846598148346
        ],
        [
            0.03926006332039833,
            -0.812989354133606,
            -0.08760834485292435
        ],
        [
            0.026284290477633476,
            -0.8184688091278076,
            -0.0941896066069603
        ],
        [
            0.020306885242462158,
            -0.817389965057373,
            -0.09640784561634064
        ],
        [
            0.025470063090324402,
            -0.8054488897323608,
            -0.09675048291683197
        ],
        [
            0.03226291015744209,
            -0.8086071014404297,
            -0.09279075264930725
        ],
        [
            0.02667887695133686,
            -0.8397185802459717,
            -0.09258914738893509
        ],
        [
            0.03075229376554489,
            -0.839484691619873,
            -0.09019435942173004
        ],
        [
            0.030728228390216827,
            -0.8414312601089478,
            -0.09221313893795013
        ],
        [
            0.026363156735897064,
            -0.8429080247879028,
            -0.09486907720565796
        ],
        [
            0.03443225845694542,
            -0.8391109108924866,
            -0.08866532146930695
        ],
        [
            0.03612491488456726,
            -0.8388161659240723,
            -0.08815301209688187
        ],
        [
            0.035751860588788986,
            -0.8403286933898926,
            -0.0891406387090683
        ],
        [
            0.03418701887130737,
            -0.839968740940094,
            -0.08930322527885437
        ],
        [
            0.032258421182632446,
            -0.8395882844924927,
            -0.08970560878515244
        ],
        [
            0.031328536570072174,
            -0.8376970887184143,
            -0.09035531431436539
        ],
        [
            0.033543556928634644,
            -0.8383584022521973,
            -0.08917509019374847
        ],
        [
            0.027655139565467834,
            -0.8371962308883667,
            -0.09292589873075485
        ],
        [
            0.01469639502465725,
            -0.8353117108345032,
            -0.09978232532739639
        ],
        [
            0.01860886625945568,
            -0.8361035585403442,
            -0.09866078943014145
        ],
        [
            0.01714593730866909,
            -0.8402273654937744,
            -0.09691541641950607
        ],
        [
            0.01380867138504982,
            -0.8398157358169556,
            -0.09773793816566467
        ],
        [
            0.0337875559926033,
            -0.8420687317848206,
            -0.09059785306453705
        ],
        [
            0.036307934671640396,
            -0.8440086841583252,
            -0.08993930369615555
        ],
        [
            0.03222910314798355,
            -0.8471586108207703,
            -0.09238726645708084
        ],
        [
            0.031227534636855125,
            -0.8442398309707642,
            -0.09224095940589905
        ],
        [
            0.03892993554472923,
            -0.8460344076156616,
            -0.08975131809711456
        ],
        [
            0.037982288748025894,
            -0.8414971828460693,
            -0.08855624496936798
        ],
        [
            0.04108979552984238,
            -0.8420114517211914,
            -0.08808508515357971
        ],
        [
            0.03563271090388298,
            -0.8370351791381836,
            -0.08834566175937653
        ],
        [
            0.03850444033741951,
            -0.8352677226066589,
            -0.08742749691009521
        ],
        [
            0.03887123987078667,
            -0.8381539583206177,
            -0.08803054690361023
        ],
        [
            0.03666914254426956,
            -0.8320513963699341,
            -0.08832719177007675
        ],
        [
            0.03326954320073128,
            -0.8352210521697998,
            -0.08953295648097992
        ],
        [
            0.029690716415643692,
            -0.8337210416793823,
            -0.09224534779787064
        ],
        [
            0.024907328188419342,
            -0.8324925899505615,
            -0.09557840973138809
        ],
        [
            0.02784315124154091,
            -0.8273695707321167,
            -0.09361252933740616
        ],
        [
            0.0329861082136631,
            -0.8293492794036865,
            -0.09068410098552704
        ],
        [
            0.034207116812467575,
            -0.8505915403366089,
            -0.09124962240457535
        ],
        [
            0.043178655207157135,
            -0.837424635887146,
            -0.08650506287813187
        ],
        [
            0.04639755189418793,
            -0.8438233733177185,
            -0.08592331409454346
        ],
        [
            0.04334542155265808,
            -0.8324418067932129,
            -0.0862291008234024
        ],
        [
            0.04156138747930527,
            -0.8278732299804688,
            -0.08657606691122055
        ],
        [
            0.03777555003762245,
            -0.8239260911941528,
            -0.08801055699586868
        ],
        [
            0.03222350776195526,
            -0.8209228515625,
            -0.0912899300456047
        ],
        [
            0.029277093708515167,
            -0.7955377101898193,
            -0.08696373552083969
        ],
        [
            0.037656109780073166,
            -0.8000927567481995,
            -0.08321337401866913
        ],
        [
            0.03880731761455536,
            -0.9209686517715454,
            -0.08236514776945114
        ],
        [
            0.04776157811284065,
            -0.9197044372558594,
            -0.08124987781047821
        ],
        [
            0.04901719093322754,
            -0.9113665223121643,
            -0.07768691331148148
        ],
        [
            0.050783269107341766,
            -0.9140220880508423,
            -0.07735271751880646
        ],
        [
            0.04513351246714592,
            -0.9155133962631226,
            -0.07964999228715897
        ],
        [
            0.04462394490838051,
            -0.9127464294433594,
            -0.07922182977199554
        ],
        [
            0.06408523768186569,
            -0.9017410278320312,
            -0.06546448171138763
        ],
        [
            0.05887696146965027,
            -0.9042032957077026,
            -0.0692560002207756
        ],
        [
            0.0595361664891243,
            -0.9002335071563721,
            -0.06841646134853363
        ],
        [
            0.06604982167482376,
            -0.8953657150268555,
            -0.06615454703569412
        ],
        [
            0.051742203533649445,
            -0.8937753438949585,
            -0.07582597434520721
        ],
        [
            0.05618278682231903,
            -0.8945803046226501,
            -0.07288368791341782
        ],
        [
            0.05195387452840805,
            -0.9015287160873413,
            -0.07401535660028458
        ],
        [
            0.048640280961990356,
            -0.9009195566177368,
            -0.07619602233171463
        ],
        [
            0.04481322318315506,
            -0.900688886642456,
            -0.0780194103717804
        ],
        [
            0.040547069162130356,
            -0.9007450938224792,
            -0.07865479588508606
        ],
        [
            0.04105258733034134,
            -0.8952528238296509,
            -0.07911376655101776
        ],
        [
            0.04629673436284065,
            -0.8942762017250061,
            -0.07808142900466919
        ],
        [
            0.038399118930101395,
            -0.9165565967559814,
            -0.08005908131599426
        ],
        [
            0.031271450221538544,
            -0.9153012037277222,
            -0.07907580584287643
        ],
        [
            0.03281954675912857,
            -0.9122585654258728,
            -0.0790538340806961
        ],
        [
            0.038771942257881165,
            -0.9133334159851074,
            -0.08022833615541458
        ],
        [
            0.02371567115187645,
            -0.9043220281600952,
            -0.07445184886455536
        ],
        [
            0.02464648149907589,
            -0.9069874882698059,
            -0.07515060901641846
        ],
        [
            0.02100207284092903,
            -0.9084529280662537,
            -0.07563912868499756
        ],
        [
            0.020477809011936188,
            -0.9038554430007935,
            -0.07552595436573029
        ],
        [
            0.022831400856375694,
            -0.9009851217269897,
            -0.07657881081104279
        ],
        [
            0.02497994154691696,
            -0.9028455018997192,
            -0.07545371353626251
        ],
        [
            0.040074631571769714,
            -0.9716350436210632,
            -0.06331030279397964
        ],
        [
            0.034573785960674286,
            -0.9565904140472412,
            -0.07513155043125153
        ],
        [
            0.05648330971598625,
            -0.9637515544891357,
            -0.05512206628918648
        ],
        [
            0.06825245171785355,
            -0.9516427516937256,
            -0.04680711403489113
        ],
        [
            0.0757729560136795,
            -0.9373682737350464,
            -0.03974924236536026
        ],
        [
            0.0627531185746193,
            -0.8403574228286743,
            -0.07416696846485138
        ],
        [
            0.06504073739051819,
            -0.8304255604743958,
            -0.06993371248245239
        ],
        [
            0.07372918725013733,
            -0.8355258703231812,
            -0.058048732578754425
        ],
        [
            0.0725056529045105,
            -0.8244622945785522,
            -0.05461167171597481
        ],
        [
            0.06378433108329773,
            -0.8194177150726318,
            -0.0675579085946083
        ],
        [
            0.050965212285518646,
            -0.8008259534835815,
            -0.06540624052286148
        ],
        [
            0.05916324257850647,
            -0.8088258504867554,
            -0.06619937717914581
        ],
        [
            0.06792967021465302,
            -0.8137655854225159,
            -0.04984449967741966
        ],
        [
            0.07677710801362991,
            -0.8232006430625916,
            -0.034060798585414886
        ],
        [
            0.07906485348939896,
            -0.8317816853523254,
            -0.04119905084371567
        ],
        [
            0.08145038038492203,
            -0.8364953994750977,
            -0.020023414865136147
        ],
        [
            0.07257163524627686,
            -0.8137028813362122,
            -0.022977318614721298
        ],
        [
            0.07907697558403015,
            -0.8337222337722778,
            -0.011530466377735138
        ],
        [
            0.0589631162583828,
            -0.7775810956954956,
            -0.029945634305477142
        ],
        [
            0.061786554753780365,
            -0.7643959522247314,
            -0.028296032920479774
        ],
        [
            0.07347029447555542,
            -0.769622266292572,
            -0.015744974836707115
        ],
        [
            0.07173876464366913,
            -0.7825509905815125,
            -0.017797742038965225
        ],
        [
            0.07914669811725616,
            -0.8416880965232849,
            -0.04787256568670273
        ],
        [
            0.07860232889652252,
            -0.905573844909668,
            -0.04344669356942177
        ],
        [
            0.07350893318653107,
            -0.9068720936775208,
            -0.053811345249414444
        ],
        [
            0.0812159925699234,
            -0.892301619052887,
            -0.04303338751196861
        ],
        [
            0.08167511224746704,
            -0.96059250831604,
            -0.012188290245831013
        ],
        [
            0.07340649515390396,
            -0.958238422870636,
            -0.029836561530828476
        ],
        [
            0.08227965235710144,
            -0.9420797824859619,
            -0.027092985808849335
        ],
        [
            0.08763669431209564,
            -0.9459145069122314,
            -0.01075191143900156
        ],
        [
            0.05283018946647644,
            -0.9952030777931213,
            -0.011928816325962543
        ],
        [
            0.04747319221496582,
            -0.9865111112594604,
            -0.03917396068572998
        ],
        [
            0.05978360027074814,
            -0.9738438129425049,
            -0.034423429518938065
        ],
        [
            0.06732480227947235,
            -0.9813140630722046,
            -0.01282520592212677
        ],
        [
            0.09160343557596207,
            -0.9453067779541016,
            0.002242431975901127
        ],
        [
            0.09491246938705444,
            -0.9425495266914368,
            0.020493512973189354
        ],
        [
            0.09045577049255371,
            -0.9562975168228149,
            0.03074050135910511
        ],
        [
            0.08551956713199615,
            -0.9613995552062988,
            0.009125683456659317
        ],
        [
            0.07899545878171921,
            -0.9744762182235718,
            0.042729709297418594
        ],
        [
            0.07392185181379318,
            -0.9811116456985474,
            0.016377117484807968
        ],
        [
            0.07924544811248779,
            -0.8180551528930664,
            -0.00337427482008934
        ],
        [
            0.08070677518844604,
            -0.8358222842216492,
            0.001476844772696495
        ],
        [
            0.069495290517807,
            -0.7973926067352295,
            -0.021201713010668755
        ],
        [
            0.07841117680072784,
            -0.801861047744751,
            -0.005559425801038742
        ],
        [
            0.06191129609942436,
            -0.9873160719871521,
            0.05201958119869232
        ],
        [
            0.05654219165444374,
            -0.9961886405944824,
            0.02134549617767334
        ],
        [
            0.09030818939208984,
            -0.9120482206344604,
            0.06517872214317322
        ],
        [
            0.09129772335290909,
            -0.9304739236831665,
            0.060346879065036774
        ],
        [
            0.09588031470775604,
            -0.9214065074920654,
            0.04161306843161583
        ],
        [
            0.09474283456802368,
            -0.9058621525764465,
