{
    "pred_cam": [
        1.1129570007324219,
        0.016209373250603676,
        0.3700278401374817
    ],
    "pred_smpl_params": {
        "global_orient": [
            [
                [
                    0.9929714798927307,
                    0.054978467524051666,
                    -0.10480996966362
                ],
                [
                    0.06364019215106964,
                    -0.9946662783622742,
                    0.08117228746414185
                ],
                [
                    -0.09978821128606796,
                    -0.08727188408374786,
                    -0.9911741018295288
                ]
            ]
        ],
        "body_pose": [
            [
                [
                    0.9973261952400208,
                    -0.04434742406010628,
                    0.058083757758140564
                ],
                [
                    0.040005601942539215,
                    0.9964634776115417,
                    0.07389244437217712
                ],
                [
                    -0.0611552819609642,
                    -0.07137119770050049,
                    0.9955732822418213
                ]
            ],
            [
                [
                    0.999589741230011,
                    -0.027888333424925804,
                    -0.006532464176416397
                ],
                [
                    0.02816302515566349,
                    0.9985155463218689,
                    0.046622082591056824
                ],
                [
                    0.005222555715590715,
                    -0.04678692668676376,
                    0.998891294002533
                ]
            ],
            [
                [
                    0.9995166659355164,
                    0.004776657558977604,
                    -0.030720317736268044
                ],
                [
                    -0.007277970667928457,
                    0.9966195225715637,
                    -0.08183269202709198
                ],
                [
                    0.03022558055818081,
                    0.0820167139172554,
                    0.9961726069450378
                ]
            ],
            [
                [
                    0.9827428460121155,
                    0.01602987013757229,
                    -0.18428091704845428
                ],
                [
                    -0.13802796602249146,
                    0.7267758846282959,
                    -0.6728633642196655
                ],
                [
                    0.12314499914646149,
                    0.6866876482963562,
                    0.7164463996887207
                ]
            ],
            [
                [
                    0.9760462641716003,
                    0.003243950428441167,
                    0.2175387591123581
                ],
                [
                    0.15555961430072784,
                    0.6886311173439026,
                    -0.7082290053367615
                ],
                [
                    -0.15210141241550446,
                    0.725104570388794,
                    0.6716312170028687
                ]
            ],
            [
                [
                    0.9988880157470703,
                    -0.015525237657129765,
                    -0.04451654106378555
                ],
                [
                    0.022960012778639793,
                    0.984879732131958,
                    0.17171122133731842
                ],
                [
                    0.04117758199572563,
                    -0.17254237830638885,
                    0.9841409921646118
                ]
            ],
            [
                [
                    0.9167161583900452,
                    0.09173687547445297,
                    0.38886481523513794
                ],
                [
                    -0.13322234153747559,
                    0.9877675771713257,
                    0.0810367688536644
                ],
                [
                    -0.37667402625083923,
                    -0.12609319388866425,
                    0.9177238941192627
                ]
            ],
            [
                [
                    0.9195011854171753,
                    -0.08804042637348175,
                    -0.3831011950969696
                ],
                [
                    0.12749789655208588,
                    0.9887035489082336,
                    0.07880055904388428
                ],
                [
                    0.3718358874320984,
                    -0.1213018000125885,
                    0.920339047908783
                ]
            ],
            [
                [
                    0.9990459084510803,
                    -0.02147376351058483,
                    -0.0380297526717186
                ],
                [
                    0.019259076565504074,
                    0.9981496930122375,
                    -0.05767408013343811
                ],
                [
                    0.03919786587357521,
                    0.05688662827014923,
                    0.9976109266281128
                ]
            ],
            [
                [
                    0.9551461338996887,
                    -0.21388843655586243,
                    -0.20481126010417938
                ],
                [
                    0.24450433254241943,
                    0.9597877860069275,
                    0.13793128728866577
                ],
                [
                    0.16707344353199005,
                    -0.1818217635154724,
                    0.9690342545509338
                ]
            ],
            [
                [
                    0.9564818143844604,
                    0.1912582516670227,
                    0.22036956250667572
                ],
                [
                    -0.22714416682720184,
                    0.9621022939682007,
                    0.1508796662092209
                ],
                [
                    -0.18316107988357544,
                    -0.1943693310022354,
                    0.9636765718460083
                ]
            ],
            [
                [
                    0.9975922107696533,
                    -0.04693339020013809,
                    0.05105825513601303
                ],
                [
                    0.039456598460674286,
                    0.9895493388175964,
                    0.13869105279445648
                ],
                [
                    -0.05703391134738922,
                    -0.13634254038333893,
                    0.9890185594558716
                ]
            ],
            [
                [
                    0.9879400730133057,
                    -0.13376308977603912,
                    0.07798616588115692
                ],
                [
                    0.122931569814682,
                    0.9838396310806274,
                    0.13018223643302917
                ],
                [
                    -0.0941394567489624,
                    -0.11902528256177902,
                    0.9884182810783386
                ]
            ],
            [
                [
                    0.9684095978736877,
                    0.14381985366344452,
                    -0.20371221005916595
                ],
                [
                    -0.12281648814678192,
                    0.9860547780990601,
                    0.1123034656047821
                ],
                [
                    0.2170228660106659,
                    -0.08373653888702393,
                    0.9725683331489563
                ]
            ],
            [
                [
                    0.9986231923103333,
                    -0.038405101746320724,
                    0.035733941942453384
                ],
                [
                    0.04184867814183235,
                    0.9939834475517273,
                    -0.1012207418680191
                ],
                [
                    -0.031631551682949066,
                    0.10257677733898163,
                    0.994222104549408
                ]
            ],
            [
                [
                    0.981063723564148,
                    0.1704738885164261,
                    -0.09193778038024902
                ],
                [
                    -0.1480046957731247,
                    0.9660236239433289,
                    0.21187946200370789
                ],
                [
                    0.12493398040533066,
                    -0.19426004588603973,
                    0.9729616641998291
                ]
            ],
            [
                [
                    0.984976053237915,
                    -0.16415032744407654,
                    -0.0536360964179039
                ],
                [
                    0.16835549473762512,
                    0.9819157123565674,
                    0.08659053593873978
                ],
                [
                    0.03845226392149925,
                    -0.09431953728199005,
                    0.9947990775108337
                ]
            ],
            [
                [
                    0.6431764364242554,
                    -0.12745003402233124,
                    -0.7550367116928101
                ],
                [
                    0.28317782282829285,
                    0.9557336568832397,
                    0.07989682257175446
                ],
                [
                    0.7114311456680298,
                    -0.2651974558830261,
                    0.6507964134216309
                ]
            ],
            [
                [
                    0.5013799071311951,
                    0.14357973635196686,
                    0.8532310128211975
                ],
                [
                    -0.2706093192100525,
                    0.9626846313476562,
                    -0.0029815691523253918
                ],
                [
                    -0.8218204975128174,
                    -0.22939731180667877,
                    0.5215247273445129
                ]
            ],
            [
                [
                    0.9890440106391907,
                    -0.10648377239704132,
                    -0.1022406592965126
                ],
                [
                    0.09909269213676453,
                    0.9922592639923096,
                    -0.07484767585992813
                ],
                [
                    0.1094193086028099,
                    0.06389634311199188,
                    0.9919398427009583
                ]
            ],
            [
                [
                    0.9915860891342163,
                    0.07244179397821426,
                    0.10728085041046143
                ],
                [
                    -0.07060003280639648,
                    0.997286319732666,
                    -0.02087230794131756
                ],
                [
                    -0.10850174725055695,
                    0.013122659176588058,
                    0.9940096139907837
                ]
            ],
            [
                [
                    0.9976570010185242,
                    0.06840317696332932,
                    -0.0012385445879772305
                ],
                [
                    -0.06822600960731506,
                    0.9960892796516418,
                    0.056137312203645706
                ],
                [
                    0.0050736721605062485,
                    -0.0559212788939476,
                    0.9984223246574402
                ]
            ],
            [
                [
                    0.9963555932044983,
                    -0.08275065571069717,
                    -0.02068556472659111
                ],
                [
                    0.08391384780406952,
                    0.9944338202476501,
                    0.0637165904045105
                ],
                [
                    0.015297838486731052,
                    -0.0652201846241951,
                    0.9977536201477051
                ]
            ]
        ],
        "betas": [
            -0.12878483533859253,
            0.12991277873516083,
            0.44685760140419006,
            0.12661246955394745,
            0.04792505502700806,
            -0.019473310559988022,
            0.05313006043434143,
            -0.07605177164077759,
            -0.0025876909494400024,
            -0.11175811290740967
        ]
    },
    "pred_cam_t": [
        0.016209373250603676,
        0.3700278401374817,
        35.09794235229492
    ],
    "focal_length": [
        5000.0,
        5000.0
    ],
    "pred_keypoints_3d": [
        [
            0.008512243628501892,
            -0.8678749799728394,
            -0.11946021020412445
        ],
        [
            0.02928539738059044,
            -0.7372220158576965,
            0.026126500219106674
        ],
        [
            -0.12533298134803772,
            -0.6914655566215515,
            0.08983886241912842
        ],
        [
            -0.3424522280693054,
            -0.6741319894790649,
            0.21642717719078064
        ],
        [
            -0.5413522720336914,
            -0.7833942770957947,
            0.10610933601856232
        ],
        [
            0.19030389189720154,
            -0.6787459254264832,
            0.0049572233110666275
        ],
        [
            0.44268912076950073,
            -0.6468328833580017,
            -0.03937620669603348
        ],
        [
            0.5638892650604248,
            -0.7629357576370239,
            -0.2191307544708252
        ],
        [
            -0.0016955845057964325,
            -0.22463056445121765,
            0.02732429839670658
        ],
        [
            -0.07341508567333221,
            -0.13906961679458618,
            0.046792104840278625
        ],
        [
            -0.12233708798885345,
            0.23895254731178284,
            0.07388387620449066
        ],
        [
            -0.09094280749559402,
            0.46721959114074707,
            0.397161066532135
        ],
        [
            0.06323447823524475,
            -0.12961900234222412,
            0.03572531044483185
        ],
        [
            0.09036457538604736,
            0.24366989731788635,
            0.04315876588225365
        ],
        [
            0.08728137612342834,
            0.4951907992362976,
            0.3498130738735199
        ],
        [
            -0.02149575762450695,
            -0.9014873504638672,
            -0.07662315666675568
        ],
        [
            0.04380415007472038,
            -0.9055631160736084,
            -0.08613760024309158
        ],
        [
            -0.04839114472270012,
            -0.8704392313957214,
            0.020457562059164047
        ],
        [
            0.09534301608800888,
            -0.8798482418060303,
            -0.0021070418879389763
        ],
        [
            0.09855343401432037,
            0.656564474105835,
            0.236885666847229
        ],
        [
            0.16162452101707458,
            0.6291608810424805,
            0.2839984893798828
        ],
        [
            0.09097535163164139,
            0.4864439368247986,
            0.4237569272518158
        ],
        [
            -0.11050771176815033,
            0.6315144300460815,
            0.295234739780426
        ],
        [
            -0.17618884146213531,
            0.6032686829566956,
            0.34392285346984863
        ],
        [
            -0.08407194167375565,
            0.46163639426231384,
            0.47385770082473755
        ],
        [
            -0.11212471127510071,
            0.41505545377731323,
            0.38426539301872253
        ],
        [
            -0.12143067270517349,
            0.18359988927841187,
            0.05937669053673744
        ],
        [
            -0.14550893008708954,
            -0.26332926750183105,
            0.046352267265319824
        ],
        [
            0.14583167433738708,
            -0.23236052691936493,
            0.03310518339276314
        ],
        [
            0.10380224138498306,
            0.2085978239774704,
            0.03457394242286682
        ],
        [
            0.09614741057157516,
            0.4540545642375946,
            0.3496130108833313
        ],
        [
            -0.5069102048873901,
            -0.7827712893486023,
            0.0883013978600502
        ],
        [
            -0.3315748870372772,
            -0.7108091115951538,
            0.2123497575521469
        ],
        [
            -0.09695227444171906,
            -0.714213490486145,
            0.08112239092588425
        ],
        [
            0.16741785407066345,
            -0.7058160901069641,
            0.015872858464717865
        ],
        [
            0.42688900232315063,
            -0.6898870468139648,
            -0.03232140839099884
        ],
        [
            0.5450044870376587,
            -0.7728952169418335,
            -0.20951451361179352
        ],
        [
            0.03611399978399277,
            -0.743729829788208,
            0.03501269966363907
        ],
        [
            0.023431463167071342,
            -0.9289885759353638,
            0.002715076319873333
        ],
        [
            0.0006282859249040484,
            -0.24773862957954407,
            0.040041979402303696
        ],
        [
            0.035063236951828,
            -0.7019884586334229,
            0.04261225089430809
        ],
        [
            0.017059799283742905,
            -0.4952205717563629,
            0.03570105880498886
        ],
        [
            0.02630443125963211,
            -0.8300230503082275,
            -0.04894096404314041
        ],
        [
            0.019793644547462463,
            -0.9465206861495972,
            0.015085263177752495
        ]
    ],
    "pred_vertices": [
        [
            0.05373552441596985,
            -0.9507385492324829,
            -0.08055957406759262
        ],
        [
            0.04750005155801773,
            -0.9379149079322815,
            -0.08772218972444534
        ],
        [
            0.059301793575286865,
            -0.9333640336990356,
            -0.0814996287226677
        ],
        [
            0.06609614193439484,
            -0.9425371289253235,
            -0.07179640233516693
        ],
        [
            0.05549616739153862,
            -0.9255862236022949,
            -0.08824305981397629
        ],
        [
            0.04451168328523636,
            -0.9274600744247437,
            -0.09329893440008163
        ],
        [
            0.06748096644878387,
            -0.9259275197982788,
            -0.0732569694519043
        ],
        [
            0.07338012754917145,
            -0.9319700002670288,
            -0.06186285614967346
        ],
        [
            0.07570064067840576,
            -0.8899403810501099,
            -0.06943658739328384
        ],
        [
            0.08067348599433899,
            -0.8842090368270874,
            -0.061457835137844086
        ],
        [
            0.07980510592460632,
            -0.8956279754638672,
            -0.060231491923332214
        ],
        [
            0.07398602366447449,
            -0.8981442451477051,
            -0.06826569139957428
        ],
        [
            0.0761813074350357,
            -0.8634772300720215,
            -0.07025860249996185
        ],
        [
            0.06926518678665161,
            -0.8556305170059204,
            -0.07897485792636871
        ],
        [
            0.07309330254793167,
            -0.8450123071670532,
            -0.07137144356966019
        ],
        [
            0.07882633805274963,
            -0.85224449634552,
            -0.06172601133584976
        ],
        [
            0.03426949679851532,
            -0.8722171783447266,
            -0.09524091333150864
        ],
        [
            0.03973672538995743,
            -0.8656965494155884,
            -0.09572630375623703
        ],
        [
            0.04354441165924072,
            -0.8723391890525818,
            -0.09437285363674164
        ],
        [
            0.03727734833955765,
            -0.8779383897781372,
            -0.09348240494728088
        ],
        [
            0.02419997565448284,
            -0.8822153806686401,
            -0.09851911664009094
        ],
        [
            0.025393638759851456,
            -0.887024998664856,
            -0.09441220760345459
        ],
        [
            0.01998296193778515,
            -0.8915317058563232,
            -0.09813522547483444
        ],
        [
            0.019457295536994934,
            -0.8862053155899048,
            -0.103451207280159
        ],
        [
            0.0290642362087965,
            -0.866826593875885,
            -0.09549003094434738
        ],
        [
            0.03498705476522446,
            -0.8600254058837891,
            -0.09561727941036224
        ],
        [
            0.02930546924471855,
            -0.8778817653656006,
            -0.09529521316289902
        ],
        [
            0.027390269562602043,
            -0.8735154271125793,
            -0.09808462858200073
        ],
        [
            0.023148907348513603,
            -0.8693050146102905,
            -0.10863173007965088
        ],
        [
            0.02481868490576744,
            -0.8737578392028809,
            -0.1066952645778656
        ],
        [
            0.020587041974067688,
            -0.8757656812667847,
            -0.11289750039577484
        ],
        [
            0.019589759409427643,
            -0.8701488971710205,
            -0.1129450872540474
        ],
        [
            0.027037417516112328,
            -0.8669804334640503,
            -0.10020420700311661
        ],
        [
            0.0272067878395319,
            -0.8703846335411072,
            -0.1025666892528534
        ],
        [
            0.024535974487662315,
            -0.8670507073402405,
            -0.10507900267839432
        ],
        [
            0.023501239717006683,
            -0.8642951250076294,
            -0.10201460868120193
        ],
        [
            0.023376263678073883,
            -0.8784044981002808,
            -0.10211333632469177
        ],
        [
            0.01959206908941269,
            -0.8814156651496887,
            -0.10820622742176056
        ],
        [
            0.014923903159797192,
            -0.8839054107666016,
            -0.11435778439044952
        ],
        [
            0.01565387099981308,
            -0.8761636018753052,
            -0.11926687508821487
        ],
        [
            0.051298148930072784,
            -0.8515893220901489,
            -0.09272424131631851
        ],
        [
            0.045826587826013565,
            -0.8589475750923157,
            -0.09535416215658188
        ],
        [
            0.04095156118273735,
            -0.8539418578147888,
            -0.09561053663492203
        ],
        [
            0.04600578173995018,
            -0.848125159740448,
            -0.09428563714027405
        ],
        [
            0.025194212794303894,
            -0.8606219291687012,
            -0.09940007328987122
        ],
        [
            0.029138734564185143,
            -0.8448700308799744,
            -0.1023317277431488
        ],
        [
            0.02933095023036003,
            -0.8487187623977661,
            -0.10198010504245758
        ],
        [
            0.0229639895260334,
            -0.8500052690505981,
            -0.1050536260008812
        ],
        [
            0.023420095443725586,
            -0.8463916778564453,
            -0.10530424118041992
        ],
        [
            0.05766253545880318,
            -0.8359936475753784,
            -0.08676743507385254
        ],
        [
            0.05155444145202637,
            -0.8354539275169373,
            -0.09061415493488312
        ],
        [
            0.05240906774997711,
            -0.8281736373901367,
            -0.08907926082611084
        ],
        [
            0.058143533766269684,
            -0.8271605372428894,
            -0.0841355249285698
        ],
        [
            0.05038347467780113,
            -0.8222383260726929,
            -0.0884760171175003
        ],
        [
            0.05723974108695984,
            -0.8187528848648071,
            -0.08189389109611511
        ],
        [
            0.04855544865131378,
            -0.8046858310699463,
            -0.08303212374448776
        ],
        [
            0.053193554282188416,
            -0.8108102083206177,
            -0.08234596997499466
        ],
        [
            0.046763405203819275,
            -0.8166273236274719,
            -0.08938711136579514
        ],
        [
            0.041496966034173965,
            -0.8118231296539307,
            -0.09282410889863968
        ],
        [
            0.02865336276590824,
            -0.8172652125358582,
            -0.09969521313905716
        ],
        [
            0.02268306538462639,
            -0.8162146806716919,
            -0.1019219309091568
        ],
        [
            0.027647867798805237,
            -0.8041568994522095,
            -0.10183201730251312
        ],
        [
            0.0344848558306694,
            -0.8073470592498779,
            -0.09794031828641891
        ],
        [
            0.02940896712243557,
            -0.8386355638504028,
            -0.09883331507444382
        ],
        [
            0.033450640738010406,
            -0.8384240865707397,
            -0.09638028591871262
        ],
        [
            0.03347659856081009,
            -0.8403027653694153,
            -0.09845758974552155
        ],
        [
            0.029166309162974358,
            -0.8417481184005737,
            -0.10121724754571915
        ],
        [
            0.03710594400763512,
            -0.8380482196807861,
            -0.0947815552353859
        ],
        [
            0.03879160061478615,
            -0.8377470970153809,
            -0.09423380345106125
        ],
        [
            0.03844951093196869,
            -0.8392360210418701,
            -0.09527479857206345
        ],
        [
            0.03688160702586174,
            -0.8388910293579102,
            -0.09544546157121658
        ],
        [
            0.03495500981807709,
            -0.8385207653045654,
            -0.09586912393569946
        ],
        [
            0.03400672227144241,
            -0.8366104364395142,
            -0.09648189693689346
        ],
        [
            0.03621525689959526,
            -0.8372858166694641,
            -0.09529025107622147
        ],
        [
            0.03035806491971016,
            -0.8360638618469238,
            -0.09909147769212723
        ],
        [
            0.017424995079636574,
            -0.8341376781463623,
            -0.10599607974290848
        ],
        [
            0.021351439878344536,
            -0.8349088430404663,
            -0.10486677289009094
        ],
        [
            0.019932027906179428,
            -0.8391333818435669,
            -0.10327239334583282
        ],
        [
            0.016589775681495667,
            -0.838735818862915,
            -0.10411269962787628
        ],
        [
            0.036524634808301926,
            -0.8409520387649536,
            -0.09682510048151016
        ],
        [
            0.03908481448888779,
            -0.842883825302124,
            -0.09620077162981033
        ],
        [
            0.035092175006866455,
            -0.8460052013397217,
            -0.09881972521543503
        ],
        [
            0.034032825380563736,
            -0.843104898929596,
            -0.09858386963605881
        ],
        [
            0.04174818471074104,
            -0.8448769450187683,
            -0.09603766351938248
        ],
        [
            0.040701646357774734,
            -0.8403925895690918,
            -0.09470249712467194
        ],
        [
            0.04381426423788071,
            -0.8408742547035217,
            -0.09421108663082123
        ],
        [
            0.03827399015426636,
            -0.8359560966491699,
            -0.09438678622245789
        ],
        [
            0.04111413285136223,
            -0.8341758251190186,
            -0.09337054193019867
        ],
        [
            0.041531939059495926,
            -0.8370447158813477,
            -0.09405025839805603
        ],
        [
            0.03923432528972626,
            -0.8309423327445984,
            -0.09420335292816162
        ],
        [
            0.035899095237255096,
            -0.8341249823570251,
            -0.09555742889642715
        ],
        [
            0.03232688084244728,
            -0.8325691223144531,
            -0.09827368706464767
        ],
        [
            0.027553990483283997,
            -0.8312878608703613,
            -0.10160806775093079
        ],
        [
            0.03037347085773945,
            -0.826177716255188,
            -0.09942449629306793
        ],
        [
            0.035528186708688736,
            -0.8281975984573364,
            -0.09651874005794525
        ],
        [
            0.037108153104782104,
            -0.8494551181793213,
            -0.09776858240365982
        ],
        [
            0.04581969231367111,
            -0.836299479007721,
            -0.09245868772268295
        ],
        [
            0.049141157418489456,
            -0.8426821827888489,
            -0.0920463427901268
        ],
        [
            0.04590553790330887,
            -0.8313138484954834,
            -0.09202226996421814
        ],
        [
            0.04404658079147339,
            -0.8267483115196228,
            -0.09224481880664825
        ],
        [
            0.04020453244447708,
            -0.8227992653846741,
            -0.09359579533338547
        ],
        [
            0.034610893577337265,
            -0.8197374939918518,
            -0.09682709723711014
        ],
        [
            0.03116515651345253,
            -0.7945178747177124,
            -0.09167324006557465
        ],
        [
            0.03960765153169632,
            -0.7990939617156982,
            -0.08803039789199829
        ],
        [
            0.042787063866853714,
            -0.9200971126556396,
            -0.09130838513374329
        ],
        [
            0.05170943960547447,
            -0.918735146522522,
            -0.09003958851099014
        ],
        [
            0.05277932435274124,
            -0.9105029702186584,
            -0.0861394926905632
        ],
        [
            0.05459971725940704,
            -0.9131489992141724,
            -0.0858723595738411
        ],
        [
            0.04898739233613014,
            -0.9146357774734497,
            -0.08830171078443527
        ],
        [
            0.04843112453818321,
            -0.9118921756744385,
            -0.08779170364141464
        ],
        [
            0.06758864969015121,
            -0.9010813236236572,
            -0.07339924573898315
        ],
        [
            0.06244625523686409,
            -0.9034848213195801,
            -0.07732632756233215
        ],
        [
            0.06301651895046234,
            -0.8995386362075806,
            -0.07632162421941757
        ],
        [
            0.06943927705287933,
            -0.8946525454521179,
            -0.07382133603096008
        ],
        [
            0.055185090750455856,
            -0.8929195404052734,
            -0.08358309417963028
        ],
        [
            0.05961121618747711,
            -0.8937662839889526,
            -0.08061454445123672
        ],
        [
            0.055517129600048065,
            -0.9007327556610107,
            -0.08204811066389084
        ],
        [
            0.05221325159072876,
            -0.900095522403717,
            -0.08424116671085358
        ],
        [
            0.04840018227696419,
            -0.8998591899871826,
            -0.08610033988952637
        ],
        [
            0.04413652420043945,
            -0.8999611139297485,
            -0.08678160607814789
        ],
        [
            0.04455246776342392,
            -0.8944451808929443,
            -0.08703628927469254
        ],
        [
            0.049775682389736176,
            -0.8934195041656494,
            -0.08591154217720032
        ],
        [
            0.042281635105609894,
            -0.9157794117927551,
            -0.08880539983510971
        ],
        [
            0.035117823630571365,
            -0.9146830439567566,
            -0.08787012100219727
        ],
        [
            0.036619968712329865,
            -0.9116090536117554,
            -0.08771029859781265
        ],
        [
            0.04260288178920746,
            -0.912542462348938,
            -0.08885375410318375
        ],
        [
            0.02730773203074932,
            -0.9039928913116455,
            -0.08291669934988022
        ],
        [
            0.028298834338784218,
            -0.9066207408905029,
            -0.08369918912649155
        ],
        [
            0.024671491235494614,
            -0.9081332683563232,
            -0.08429361134767532
        ],
        [
            0.024066904559731483,
            -0.9035356044769287,
            -0.0840190052986145
        ],
        [
            0.026381399482488632,
            -0.9005872011184692,
            -0.08492884039878845
        ],
        [
            0.028553279116749763,
            -0.9024621248245239,
            -0.08384576439857483
        ],
        [
            0.044760480523109436,
            -0.9713388681411743,
            -0.07423841208219528
        ],
        [
            0.03912556171417236,
            -0.9559468030929565,
            -0.0854814201593399
        ],
        [
            0.060972243547439575,
            -0.9634919166564941,
            -0.0655757337808609
        ],
        [
            0.07243046164512634,
            -0.9515058994293213,
            -0.05664258077740669
        ],
        [
            0.07969050109386444,
            -0.9374139904975891,
            -0.048952579498291016
        ],
        [
            0.06530579179525375,
            -0.8393950462341309,
            -0.07999872416257858
        ],
        [
            0.0673755332827568,
            -0.8295773267745972,
            -0.0753941759467125
        ],
        [
            0.07604458928108215,
            -0.835004985332489,
            -0.0636012852191925
        ],
        [
            0.07460082322359085,
            -0.8240572214126587,
            -0.05983785539865494
        ],
        [
            0.06589733064174652,
            -0.8186718821525574,
            -0.07267697900533676
        ],
        [
            0.052740428596735,
            -0.8002967834472656,
            -0.07015835493803024
        ],
        [
            0.06108451634645462,
            -0.8081918954849243,
            -0.07106450945138931
        ],
        [
            0.06983046978712082,
            -0.8135570287704468,
            -0.05483638867735863
        ],
        [
            0.07871776819229126,
            -0.8234444260597229,
            -0.039282411336898804
        ],
        [
            0.08120771497488022,
            -0.8317595720291138,
            -0.04662585258483887
        ],
        [
            0.08346021175384521,
            -0.8371602296829224,
            -0.02560461312532425
        ],
        [
            0.07422135770320892,
            -0.8143706321716309,
            -0.02801317721605301
        ],
        [
            0.08092266321182251,
            -0.8347242474555969,
            -0.017078055068850517
        ],
        [
            0.05984900891780853,
            -0.7783951759338379,
            -0.034029677510261536
        ],
        [
            0.062441349029541016,
            -0.7653132677078247,
            -0.032031621783971786
        ],
        [
            0.07426255941390991,
            -0.7707405686378479,
            -0.019596479833126068
        ],
        [
            0.07269103825092316,
            -0.783560037612915,
            -0.021952766925096512
        ],
        [
            0.08148990571498871,
            -0.8414516448974609,
            -0.05360250174999237
        ],
        [
            0.08196199685335159,
            -0.9054890871047974,
            -0.051358044147491455
        ],
        [
            0.07701979577541351,
            -0.9065114259719849,
            -0.06184057146310806
        ],
        [
            0.08431322872638702,
            -0.8922015428543091,
            -0.05046236515045166
        ],
        [
            0.08567522466182709,
            -0.9615008234977722,
            -0.02226797677576542
        ],
        [
            0.07759416103363037,
            -0.9586950540542603,
            -0.03993827849626541
        ],
        [
            0.08614636957645416,
            -0.9424858093261719,
            -0.03643487021327019
        ],
        [
            0.09142047166824341,
            -0.9468183517456055,
            -0.020194949582219124
        ],
        [
            0.057308606803417206,
            -0.9965276122093201,
            -0.023638417944312096
        ],
        [
            0.05215063318610191,
            -0.9869499206542969,
            -0.05055402219295502
        ],
        [
            0.06421305239200592,
            -0.9742581248283386,
            -0.045203205198049545
        ],
        [
            0.07160492241382599,
            -0.9823558330535889,
            -0.023844188079237938
        ],
        [
            0.09516926854848862,
            -0.9465857744216919,
            -0.007177811115980148
        ],
        [
            0.09825801104307175,
            -0.9444373846054077,
            0.011205275543034077
        ],
        [
            0.09398543834686279,
            -0.9587100744247437,
            0.02082505077123642
        ],
        [
            0.0893162190914154,
            -0.9630347490310669,
            -0.0010374495759606361
        ],
        [
            0.08267443627119064,
            -0.9775163531303406,
            0.03201183304190636
        ],
        [
            0.07793736457824707,
            -0.9832116365432739,
            0.0053619882091879845
        ],
        [
            0.08070418238639832,
            -0.8193799257278442,
            -0.008468575775623322
        ],
        [
            0.08238580822944641,
            -0.8372634649276733,
            -0.004118351265788078
        ],
        [
            0.07071492075920105,
            -0.7982385158538818,
            -0.02578962780535221
        ],
        [
            0.07964189350605011,
            -0.8031262159347534,
            -0.010232062079012394
        ],
        [
            0.0656939223408699,
            -0.9910464286804199,
            0.04069455713033676
        ],
        [
            0.060733646154403687,
            -0.9987900257110596,
            0.009574041701853275
        ],
        [
            0.09279106557369232,
            -0.9155870676040649,
            0.05700070410966873
        ],
        [
            0.09409473836421967,
            -0.9338758587837219,
            0.05145847424864769
        ],
        [
            0.09866813570261002,
            -0.9240157008171082,
            0.03313535079360008
        ],
        [
            0.09722310304641724,
            -0.908672571182251,
