{
    "pred_cam": [
        1.1679688692092896,
        0.013660738244652748,
        0.37086084485054016
    ],
    "pred_smpl_params": {
        "global_orient": [
            [
                [
                    0.9879143238067627,
                    0.05268816649913788,
                    -0.14577142894268036
                ],
                [
                    0.06338060647249222,
                    -0.9955523014068604,
                    0.06970357894897461
                ],
                [
                    -0.14145050942897797,
                    -0.07810024172067642,
                    -0.9868597984313965
                ]
            ]
        ],
        "body_pose": [
            [
                [
                    0.9979631304740906,
                    -0.035057201981544495,
                    0.05329650267958641
                ],
                [
                    0.03093309886753559,
                    0.9966027736663818,
                    0.07632813602685928
                ],
                [
                    -0.05579129606485367,
                    -0.07452404499053955,
                    0.9956572651863098
                ]
            ],
            [
                [
                    0.9995610117912292,
                    -0.029614316299557686,
                    0.0009127096855081618
                ],
                [
                    0.02955837920308113,
                    0.998842716217041,
                    0.03794107958674431
                ],
                [
                    -0.0020352520514279604,
                    -0.037897445261478424,
                    0.9992795586585999
                ]
            ],
            [
                [
                    0.999467670917511,
                    0.0031717249657958746,
                    -0.03247152268886566
                ],
                [
                    -0.005677836015820503,
                    0.9969855546951294,
                    -0.07737957686185837
                ],
                [
                    0.03212821111083031,
                    0.07752274721860886,
                    0.9964728355407715
                ]
            ],
            [
                [
                    0.9832950234413147,
                    0.020759426057338715,
                    -0.18083146214485168
                ],
                [
                    -0.13610464334487915,
                    0.7435057163238525,
                    -0.6547326445579529
                ],
                [
                    0.12085732817649841,
                    0.6684073209762573,
                    0.7339109182357788
                ]
            ],
            [
                [
                    0.976177453994751,
                    0.020365776494145393,
                    0.21601556241512299
                ],
                [
                    0.13917507231235504,
                    0.7050147652626038,
                    -0.6954023838043213
                ],
                [
                    -0.16645656526088715,
                    0.7089001536369324,
                    0.6853851079940796
                ]
            ],
            [
                [
                    0.9990146160125732,
                    -0.008041131310164928,
                    -0.043646879494190216
                ],
                [
                    0.01480416301637888,
                    0.987500786781311,
                    0.15691731870174408
                ],
                [
                    0.04183953255414963,
                    -0.15740886330604553,
                    0.9866467714309692
                ]
            ],
            [
                [
                    0.9251406788825989,
                    0.08618619292974472,
                    0.36971166729927063
                ],
                [
                    -0.11984758824110031,
                    0.9903901219367981,
                    0.06902113556861877
                ],
                [
                    -0.360210120677948,
                    -0.10816330462694168,
                    0.9265794157981873
                ]
            ],
            [
                [
                    0.9267706871032715,
                    -0.08116158843040466,
                    -0.36675459146499634
                ],
                [
                    0.12052000313997269,
                    0.9890061020851135,
                    0.08568424731492996
                ],
                [
                    0.3557682931423187,
                    -0.12361090630292892,
                    0.926363468170166
                ]
            ],
            [
                [
                    0.9991582632064819,
                    -0.016114739701151848,
                    -0.037722475826740265
                ],
                [
                    0.013910564593970776,
                    0.9982208013534546,
                    -0.057981591671705246
                ],
                [
                    0.0385897122323513,
                    0.05740804970264435,
                    0.9976047277450562
                ]
            ],
            [
                [
                    0.9641206860542297,
                    -0.19618341326713562,
                    -0.17883948981761932
                ],
                [
                    0.22419971227645874,
                    0.962485134601593,
                    0.15282928943634033
                ],
                [
                    0.14214777946472168,
                    -0.1874416023492813,
                    0.9719361066818237
                ]
            ],
            [
                [
                    0.958896815776825,
                    0.18670780956745148,
                    0.21367524564266205
                ],
                [
                    -0.22124315798282623,
                    0.9634581208229065,
                    0.1509964019060135
                ],
                [
                    -0.17767493426799774,
                    -0.19206413626670837,
                    0.9651647210121155
                ]
            ],
            [
                [
                    0.9968563914299011,
                    -0.03777432069182396,
                    0.06964516639709473
                ],
                [
                    0.029464611783623695,
                    0.9927298426628113,
                    0.1167016476392746
                ],
                [
                    -0.07354716211557388,
                    -0.11428271234035492,
                    0.990722119808197
                ]
            ],
            [
                [
                    0.9930050373077393,
                    -0.0921311005949974,
                    0.0738433375954628
                ],
                [
                    0.0835336297750473,
                    0.9901807904243469,
                    0.11209029704332352
                ],
                [
                    -0.083445243537426,
                    -0.10513782501220703,
                    0.9909505844116211
                ]
            ],
            [
                [
                    0.9774355888366699,
                    0.10712985694408417,
                    -0.1820516735315323
                ],
                [
                    -0.0911724790930748,
                    0.9913989305496216,
                    0.09389198571443558
                ],
                [
                    0.1905444860458374,
                    -0.07517527043819427,
                    0.9787958860397339
                ]
            ],
            [
                [
                    0.9978193640708923,
                    -0.030721861869096756,
                    0.05841971933841705
                ],
                [
                    0.0376935638487339,
                    0.991783082485199,
                    -0.12225200235843658
                ],
                [
                    -0.054183878004550934,
                    0.12418743968009949,
                    0.990778386592865
                ]
            ],
            [
                [
                    0.9560540914535522,
                    0.27548515796661377,
                    -0.10034210979938507
                ],
                [
                    -0.25332534313201904,
                    0.9484736919403076,
                    0.19032570719718933
                ],
                [
                    0.14760376513004303,
                    -0.15654246509075165,
                    0.9765795469284058
                ]
            ],
            [
                [
                    0.9684444069862366,
                    -0.24869325757026672,
                    -0.016342218965291977
                ],
                [
                    0.24922825396060944,
                    0.9661377668380737,
                    0.06680603325366974
                ],
                [
                    -0.0008253755513578653,
                    -0.0687708780169487,
                    0.9976320862770081
                ]
            ],
            [
                [
                    0.5894902944564819,
                    -0.17142115533351898,
                    -0.7893769145011902
                ],
                [
                    0.3189166784286499,
                    0.9472267627716064,
                    0.03246055170893669
                ],
                [
                    0.7421544790267944,
                    -0.27088066935539246,
                    0.6130500435829163
                ]
            ],
            [
                [
                    0.5003613233566284,
                    0.1656973510980606,
                    0.8498134613037109
                ],
                [
                    -0.2672067880630493,
                    0.9631574153900146,
                    -0.03046867996454239
                ],
                [
                    -0.8235527276992798,
                    -0.21183057129383087,
                    0.5262022018432617
                ]
            ],
            [
                [
                    0.9891002178192139,
                    -0.12074119597673416,
                    -0.0842755138874054
                ],
                [
                    0.11526355147361755,
                    0.9910658001899719,
                    -0.06710434705018997
                ],
                [
                    0.09162482619285583,
                    0.0566590242087841,
                    0.99418044090271
                ]
            ],
            [
                [
                    0.9926557540893555,
                    0.0811929702758789,
                    0.08967974781990051
                ],
                [
                    -0.0786365196108818,
                    0.9963996410369873,
                    -0.03168677166104317
                ],
                [
                    -0.0919296070933342,
                    0.024401947855949402,
                    0.9954665899276733
                ]
            ],
            [
                [
                    0.9967564940452576,
                    0.08008752018213272,
                    -0.007899121381342411
                ],
                [
                    -0.07952304929494858,
                    0.9952571392059326,
                    0.05602981522679329
                ],
                [
                    0.012348947115242481,
                    -0.055219922214746475,
                    0.9983978271484375
                ]
            ],
            [
                [
                    0.99570232629776,
                    -0.09250878542661667,
                    -0.004371605813503265
                ],
                [
                    0.09260186553001404,
                    0.9937849044799805,
                    0.06177715212106705
                ],
                [
                    -0.0013704925077036023,
                    -0.06191646680235863,
                    0.9980804324150085
                ]
            ]
        ],
        "betas": [
            -0.1601390242576599,
            0.12804530560970306,
            0.47925445437431335,
            0.08138754963874817,
            0.05177071690559387,
            -0.00407811626791954,
            0.037033677101135254,
            -0.08985066413879395,
            0.013311102986335754,
            -0.11421230435371399
        ]
    },
    "pred_cam_t": [
        0.013660738244652748,
        0.37086084485054016,
        33.4448127746582
    ],
    "focal_length": [
        5000.0,
        5000.0
    ],
    "pred_keypoints_3d": [
        [
            0.011885623447597027,
            -0.8602450489997864,
            -0.12129127234220505
        ],
        [
            0.032069362699985504,
            -0.7357199192047119,
            0.028355393558740616
        ],
        [
            -0.12254812568426132,
            -0.6890830397605896,
            0.09626810997724533
        ],
        [
            -0.33950483798980713,
            -0.6471830606460571,
            0.21651425957679749
        ],
        [
            -0.5454374551773071,
            -0.7340958118438721,
            0.1005256399512291
        ],
        [
            0.1919306516647339,
            -0.6723191738128662,
            -0.0014695823192596436
        ],
        [
            0.4319589138031006,
            -0.601279616355896,
            -0.0631994754076004
        ],
        [
            0.5385885834693909,
            -0.6987651586532593,
            -0.26151251792907715
        ],
        [
            -0.0016295048408210278,
            -0.22402867674827576,
            0.027417149394750595
        ],
        [
            -0.07279275357723236,
            -0.13832275569438934,
            0.048882558941841125
        ],
        [
            -0.11988574266433716,
            0.239381805062294,
            0.07668434083461761
        ],
        [
            -0.08468478173017502,
            0.47519731521606445,
            0.39337652921676636
        ],
        [
            0.06369667500257492,
            -0.12887346744537354,
            0.03206975758075714
        ],
        [
            0.0867936983704567,
            0.2442823052406311,
            0.03350493684411049
        ],
        [
            0.09230400621891022,
            0.5068252682685852,
            0.3299734592437744
        ],
        [
            -0.017281748354434967,
            -0.8963815569877625,
            -0.08028304576873779
        ],
        [
            0.0479893684387207,
            -0.8987789154052734,
            -0.09013617783784866
        ],
        [
            -0.04424240067601204,
            -0.870695948600769,
            0.01808461919426918
        ],
        [
            0.09923896938562393,
            -0.8765252232551575,
            -0.005258353427052498
        ],
        [
            0.09516260027885437,
            0.6647775769233704,
            0.21222180128097534
        ],
        [
            0.16037344932556152,
            0.6401644945144653,
            0.2572419345378876
        ],
        [
            0.09979405999183655,
            0.49994510412216187,
            0.4031978249549866
        ],
        [
            -0.1060161292552948,
            0.6356900334358215,
            0.28687065839767456
        ],
        [
            -0.17111915349960327,
            0.608981728553772,
            0.33684805035591125
        ],
        [
            -0.07684418559074402,
            0.4717924892902374,
            0.4696718156337738
        ],
        [
            -0.10572165995836258,
            0.42270344495773315,
            0.3819531202316284
        ],
        [
            -0.11906762421131134,
            0.18365857005119324,
            0.06253878027200699
        ],
        [
            -0.1447908580303192,
            -0.2627217769622803,
            0.0525394082069397
        ],
        [
            0.14645761251449585,
            -0.2313210368156433,
            0.02700740471482277
        ],
        [
            0.10003821551799774,
            0.20880001783370972,
            0.024938732385635376
        ],
        [
            0.10210682451725006,
            0.46581554412841797,
            0.33034250140190125
        ],
        [
            -0.5111732482910156,
            -0.7362385988235474,
            0.08354160934686661
        ],
        [
            -0.33225423097610474,
            -0.6856023073196411,
            0.21214807033538818
        ],
        [
            -0.09484468400478363,
            -0.7119585871696472,
            0.08649866282939911
        ],
        [
            0.17038288712501526,
            -0.6996415853500366,
            0.009973624721169472
        ],
        [
            0.4216707944869995,
            -0.6474533081054688,
            -0.05803549662232399
        ],
        [
            0.5219730138778687,
            -0.7102439403533936,
            -0.2501398026943207
        ],
        [
            0.0388685017824173,
            -0.7422245740890503,
            0.0355483740568161
        ],
        [
            0.028428729623556137,
            -0.9270782470703125,
            -0.0024051209911704063
        ],
        [
            0.0013464470393955708,
            -0.24696514010429382,
            0.04007890075445175
        ],
        [
            0.03728434070944786,
            -0.6983742713928223,
            0.04269292578101158
        ],
        [
            0.018115589395165443,
            -0.4940961003303528,
            0.03849608823657036
        ],
        [
            0.029163677245378494,
            -0.8256313800811768,
            -0.049373675137758255
        ],
        [
            0.025287050753831863,
            -0.945184588432312,
            0.008929994888603687
        ]
    ],
    "pred_vertices": [
        [
            0.058856070041656494,
            -0.9443772435188293,
            -0.08694279193878174
        ],
        [
            0.05225585401058197,
            -0.9312142133712769,
            -0.09335949271917343
        ],
        [
            0.06402092427015305,
            -0.9267846345901489,
            -0.08698445558547974
        ],
        [
            0.07105305790901184,
            -0.9362881183624268,
            -0.07774883508682251
        ],
        [
            0.059953052550554276,
            -0.918674111366272,
            -0.0932675451040268
        ],
        [
            0.049044251441955566,
            -0.9204870462417603,
            -0.09835360944271088
        ],
        [
            0.07209054380655289,
            -0.9195985198020935,
            -0.07843557000160217
        ],
        [
            0.07822608947753906,
            -0.9260257482528687,
            -0.06743144243955612
        ],
        [
            0.07962535321712494,
            -0.8835611343383789,
            -0.07278964668512344
        ],
        [
            0.08456653356552124,
            -0.8781079053878784,
            -0.06457638740539551
        ],
        [
            0.08391422778367996,
            -0.8897063732147217,
            -0.06398408114910126
        ],
        [
            0.07806941121816635,
            -0.8919263482093811,
            -0.07207721471786499
        ],
        [
            0.0795663446187973,
            -0.8571436405181885,
            -0.07234151661396027
        ],
        [
            0.07248418033123016,
            -0.8489620685577393,
            -0.08064788579940796
        ],
        [
            0.07607710361480713,
            -0.8387037515640259,
            -0.07254572957754135
        ],
        [
            0.08198792487382889,
            -0.8462831974029541,
            -0.06328516453504562
        ],
        [
            0.037778086960315704,
            -0.865250825881958,
            -0.09750255942344666
        ],
        [
            0.043119147419929504,
            -0.8586496114730835,
            -0.09771737456321716
        ],
        [
            0.04705221205949783,
            -0.8652769327163696,
            -0.09671806544065475
        ],
        [
            0.040895603597164154,
            -0.8709930181503296,
            -0.0960511639714241
        ],
        [
            0.02788400463759899,
            -0.8752585649490356,
            -0.10121376067399979
        ],
        [
            0.029196614399552345,
            -0.880257248878479,
            -0.09738363325595856
        ],
        [
            0.023861955851316452,
            -0.8846551179885864,
            -0.10128183662891388
        ],
        [
            0.023205764591693878,
            -0.8790788650512695,
            -0.10629226267337799
        ],
        [
            0.03246995061635971,
            -0.8599457740783691,
            -0.09741151332855225
        ],
        [
            0.03826666250824928,
            -0.8530818223953247,
            -0.09724049270153046
        ],
        [
            0.032931022346019745,
            -0.8709677457809448,
            -0.0978008285164833
        ],
        [
            0.030892856419086456,
            -0.8665488958358765,
            -0.10032615810632706
        ],
        [
            0.026570657268166542,
            -0.8618874549865723,
            -0.11060497164726257
        ],
        [
            0.02832219749689102,
            -0.8663870096206665,
            -0.10890096426010132
        ],
        [
            0.024115361273288727,
            -0.8681854605674744,
            -0.11516623198986053
        ],
        [
            0.02301442250609398,
            -0.8625918030738831,
            -0.11494066566228867
        ],
        [
            0.03043794073164463,
            -0.8599346280097961,
            -0.10209651291370392
        ],
        [
            0.030662719160318375,
            -0.8632054328918457,
            -0.10461755096912384
        ],
        [
            0.027928229421377182,
            -0.8598015904426575,
            -0.10695096105337143
        ],
        [
            0.02686290070414543,
            -0.8572136759757996,
            -0.10376229137182236
        ],
        [
            0.026968305930495262,
            -0.871295690536499,
            -0.10454922914505005
        ],
        [
            0.02324352227151394,
            -0.874065101146698,
            -0.11076965183019638
        ],
        [
            0.018591223284602165,
            -0.8763206005096436,
            -0.1169905960559845
        ],
        [
            0.01916394755244255,
            -0.8683714866638184,
            -0.12151814252138138
        ],
        [
            0.0544278658926487,
            -0.8445644378662109,
            -0.0940873995423317
        ],
        [
            0.04909268766641617,
            -0.8518553972244263,
            -0.09703794866800308
        ],
        [
            0.04410770535469055,
            -0.846940279006958,
            -0.09698038548231125
        ],
        [
            0.04904436320066452,
            -0.8411393165588379,
            -0.09538494795560837
        ],
        [
            0.028470546007156372,
            -0.8536838889122009,
            -0.10095548629760742
        ],
        [
            0.03208816051483154,
            -0.837856650352478,
            -0.10310803353786469
        ],
        [
            0.03234750032424927,
            -0.8416834473609924,
            -0.10293721407651901
        ],
        [
            0.02600298449397087,
            -0.8429259061813354,
            -0.10603606700897217
        ],
        [
            0.02639656327664852,
            -0.8393278121948242,
            -0.10611806809902191
        ],
        [
            0.06046060100197792,
            -0.8292412757873535,
            -0.08739674091339111
        ],
        [
            0.0543203204870224,
            -0.828628659248352,
            -0.09112012386322021
        ],
        [
            0.05501791834831238,
            -0.8214621543884277,
            -0.08923620730638504
        ],
        [
            0.06073123961687088,
            -0.820597767829895,
            -0.08434281498193741
        ],
        [
            0.05284254997968674,
            -0.8156498670578003,
            -0.08835028856992722
        ],
        [
            0.05963548272848129,
            -0.8123908042907715,
            -0.0816863551735878
        ],
        [
            0.05065516382455826,
            -0.7984583377838135,
            -0.08207067847251892
        ],
        [
            0.0554080456495285,
            -0.804535984992981,
            -0.08173128962516785
        ],
        [
            0.04908040165901184,
            -0.8100907802581787,
            -0.08892874419689178
        ],
        [
            0.043680399656295776,
            -0.8052324056625366,
            -0.09205925464630127
        ],
        [
            0.030998095870018005,
            -0.8105350732803345,
            -0.09907253086566925
        ],
        [
            0.025035427883267403,
            -0.8094890117645264,
            -0.10116977989673615
        ],
        [
            0.02970096655189991,
            -0.7973892688751221,
            -0.10055910050868988
        ],
        [
            0.03656526654958725,
            -0.8006372451782227,
            -0.09689623862504959
        ],
        [
            0.03226276487112045,
            -0.8317834138870239,
            -0.0993092879652977
        ],
        [
            0.036305662244558334,
            -0.8316217660903931,
            -0.09687505662441254
        ],
        [
            0.036366112530231476,
            -0.8333767652511597,
            -0.09904222190380096
        ],
        [
            0.03208146244287491,
            -0.8347582221031189,
            -0.10184497386217117
        ],
        [
            0.039939023554325104,
            -0.8312689065933228,
            -0.09528309851884842
        ],
        [
            0.04161373898386955,
            -0.830965518951416,
            -0.09472702443599701
        ],
        [
            0.04130668193101883,
            -0.8323863744735718,
            -0.0958365797996521
        ],
        [
            0.039743535220623016,
            -0.8320740461349487,
            -0.09596803039312363
        ],
        [
            0.037807248532772064,
            -0.8317283391952515,
            -0.09637196362018585
        ],
        [
            0.036813341081142426,
            -0.8298291563987732,
            -0.09687396883964539
        ],
        [
            0.03903168439865112,
            -0.8305124044418335,
            -0.09574921429157257
        ],
        [
            0.03314950317144394,
            -0.8292301893234253,
            -0.09943222999572754
        ],
        [
            0.020185187458992004,
            -0.827240526676178,
            -0.10617374628782272
        ],
        [
            0.024123935028910637,
            -0.8279476165771484,
            -0.10509639978408813
        ],
        [
            0.02280254475772381,
            -0.8322317600250244,
            -0.10369131714105606
        ],
        [
            0.019446594640612602,
            -0.8319095373153687,
            -0.10451557487249374
        ],
        [
            0.03941521793603897,
            -0.8341000080108643,
            -0.09745708853006363
        ],
        [
            0.04201670363545418,
            -0.8359442949295044,
            -0.09693190455436707
        ],
        [
            0.038082271814346313,
            -0.8389848470687866,
            -0.0996769443154335
        ],
        [
            0.03697401285171509,
            -0.8361399173736572,
            -0.09930135309696198
        ],
        [
            0.044720251113176346,
            -0.8378892540931702,
            -0.09689413756132126
        ],
        [
            0.04357699304819107,
            -0.8335345387458801,
            -0.09532667696475983
        ],
        [
            0.0466802641749382,
            -0.8340203762054443,
            -0.09490714222192764
        ],
        [
            0.041057050228118896,
            -0.8292022347450256,
            -0.09478715062141418
        ],
        [
            0.043848682194948196,
            -0.8274366855621338,
            -0.09369316697120667
        ],
        [
            0.04433324187994003,
            -0.8302246928215027,
            -0.09452413022518158
        ],
        [
            0.04189090430736542,
            -0.8242255449295044,
            -0.09434395283460617
        ],
        [
            0.0386352576315403,
            -0.8273754715919495,
            -0.09584652632474899
        ],
        [
            0.035022199153900146,
            -0.825768232345581,
            -0.09846361726522446
        ],
        [
            0.03023175150156021,
            -0.8244137763977051,
            -0.10171732306480408
        ],
        [
            0.03293055668473244,
            -0.8193918466567993,
            -0.09930208325386047
        ],
        [
            0.03812325745820999,
            -0.8214480876922607,
            -0.09651656448841095
        ],
        [
            0.04015263542532921,
            -0.8424819707870483,
            -0.09882886707782745
        ],
        [
            0.048605047166347504,
            -0.8294823169708252,
            -0.09294118732213974
        ],
        [
            0.0520649179816246,
            -0.8357859253883362,
            -0.09289947897195816
        ],
        [
            0.04857568442821503,
            -0.8245611190795898,
            -0.09225184470415115
        ],
        [
            0.04660605639219284,
            -0.8200584650039673,
            -0.0922265350818634
        ],
        [
            0.0426570326089859,
            -0.8161493539810181,
            -0.09337390959262848
        ],
        [
            0.03700830042362213,
            -0.8130314350128174,
            -0.09640071541070938
        ],
        [
            0.0330590158700943,
            -0.7881385087966919,
            -0.0900854766368866
        ],
        [
            0.04157617688179016,
            -0.7927502393722534,
            -0.08674714714288712
        ],
        [
            0.0472077876329422,
            -0.913164496421814,
            -0.09599049389362335
        ],
        [
            0.056075479835271835,
            -0.9117550849914551,
            -0.09470032155513763
        ],
        [
            0.057021163403987885,
            -0.9036555290222168,
            -0.09044181555509567
        ],
        [
            0.0588935948908329,
            -0.9062467813491821,
            -0.09028548002243042
        ],
        [
            0.05329568684101105,
            -0.9077447652816772,
            -0.09278009086847305
        ],
        [
            0.05271442234516144,
            -0.9050033092498779,
            -0.09215454757213593
        ],
        [
            0.07169362157583237,
            -0.8946574926376343,
            -0.07729468494653702
        ],
        [
            0.06658671796321869,
            -0.896936297416687,
            -0.08132478594779968
        ],
        [
            0.06706055998802185,
            -0.8930402994155884,
            -0.08011871576309204
        ],
        [
            0.0734160989522934,
            -0.8881707191467285,
            -0.0774066150188446
        ],
        [
            0.05907867103815079,
            -0.8862068057060242,
            -0.08698198199272156
        ],
        [
            0.06353709101676941,
            -0.8871334791183472,
            -0.08408290892839432
        ],
        [
            0.05957634001970291,
            -0.8940645456314087,
            -0.08582812547683716
        ],
        [
            0.05626528337597847,
            -0.8933666944503784,
            -0.08797445148229599
        ],
        [
            0.052441857755184174,
            -0.8930967450141907,
            -0.08979732543230057
        ],
        [
            0.04817365109920502,
            -0.8932179808616638,
            -0.09047189354896545
        ],
        [
            0.04847961664199829,
            -0.8877193331718445,
            -0.09044519066810608
        ],
        [
            0.05368421971797943,
            -0.8866742849349976,
            -0.08929090201854706
        ],
        [
            0.04664028435945511,
            -0.9089605808258057,
            -0.09327660501003265
        ],
        [
            0.03947272524237633,
            -0.9080206155776978,
            -0.09229151904582977
        ],
        [
            0.04090017452836037,
            -0.9049380421638489,
            -0.09199941158294678
        ],
        [
            0.04689543694257736,
            -0.9057121276855469,
            -0.0932023674249649
        ],
        [
            0.03147314861416817,
            -0.8977118134498596,
            -0.08677786588668823
        ],
        [
            0.032516755163669586,
            -0.9002817869186401,
            -0.08772168308496475
        ],
        [
            0.028935056179761887,
            -0.9018219709396362,
            -0.08837974816560745
        ],
        [
            0.028233440592885017,
            -0.8972524404525757,
            -0.087842658162117
        ],
        [
            0.030462902039289474,
            -0.8942413330078125,
            -0.08857948333024979
        ],
        [
            0.03267345577478409,
            -0.8961285352706909,
            -0.08760344237089157
        ],
        [
            0.05024197697639465,
            -0.9653943777084351,
            -0.08152808248996735
        ],
        [
            0.04431904852390289,
            -0.9495748281478882,
            -0.09205092489719391
        ],
        [
            0.06637640297412872,
            -0.9576276540756226,
            -0.07251143455505371
        ],
        [
            0.07766185700893402,
            -0.9458631277084351,
            -0.06312007457017899
        ],
        [
            0.0847560465335846,
            -0.9319591522216797,
            -0.0548788458108902
        ],
        [
            0.06818132102489471,
            -0.8328251242637634,
            -0.08086620271205902
        ],
        [
            0.07005298882722855,
            -0.8232672214508057,
            -0.0758056715130806
        ],
        [
            0.0788324847817421,
            -0.8290959000587463,
            -0.06431851536035538
        ],
        [
            0.07719248533248901,
            -0.818413257598877,
            -0.06009342893958092
        ],
        [
            0.06834390014410019,
            -0.8126009106636047,
            -0.07257707417011261
        ],
        [
            0.05493505299091339,
            -0.7944915890693665,
            -0.0692889392375946
        ],
        [
            0.0633620023727417,
            -0.8022975921630859,
            -0.07052191346883774
        ],
        [
            0.07232728600502014,
            -0.8082518577575684,
            -0.054730094969272614
        ],
        [
            0.08149624615907669,
            -0.8186980485916138,
            -0.03972070291638374
        ],
        [
            0.08400146663188934,
            -0.8265879154205322,
            -0.047354601323604584
        ],
        [
            0.08654960989952087,
            -0.832943320274353,
            -0.026675021275877953
        ],
        [
            0.0770062804222107,
            -0.810196042060852,
            -0.028282374143600464
        ],
        [
            0.08405022323131561,
            -0.8309891819953918,
            -0.018122924491763115
        ],
        [
            0.06163742393255234,
            -0.7748309373855591,
            -0.03322587162256241
        ],
        [
            0.06380797922611237,
            -0.7622594833374023,
            -0.031046126037836075
        ],
        [
            0.07600607722997665,
            -0.7678497433662415,
            -0.019079875200986862
        ],
        [
            0.07473335415124893,
            -0.7802548408508301,
            -0.021542323753237724
        ],
        [
            0.08445006608963013,
            -0.8358508944511414,
            -0.054696738719940186
        ],
        [
            0.08636382222175598,
            -0.8998851776123047,
            -0.055615704506635666
        ],
        [
            0.08133004605770111,
            -0.9005564451217651,
            -0.06610596179962158
        ],
        [
            0.08837469667196274,
            -0.8866843581199646,
            -0.05405578762292862
        ],
        [
            0.09129534661769867,
            -0.9571589231491089,
            -0.029369017109274864
        ],
        [
            0.08318309485912323,
            -0.953728437423706,
            -0.04690748453140259
        ],
        [
            0.09134555608034134,
            -0.9375824332237244,
            -0.04259961470961571
        ],
        [
            0.09677932411432266,
            -0.9425233602523804,
            -0.0266446303576231
        ],
        [
            0.06356842815876007,
            -0.9926363825798035,
            -0.03220922127366066
        ],
        [
            0.05808400362730026,
            -0.9818746447563171,
            -0.05860832333564758
        ],
        [
            0.07005981355905533,
            -0.9693152904510498,
            -0.052812010049819946
        ],
        [
            0.07754766941070557,
            -0.9781791567802429,
            -0.03182600811123848
        ],
        [
            0.10054066777229309,
            -0.9427907466888428,
            -0.01361456885933876
        ],
        [
            0.10355812311172485,
            -0.941513180732727,
            0.0048399195075035095
        ],
        [
            0.09960848838090897,
            -0.9562075734138489,
            0.013887584209442139
        ],
        [
            0.095008984208107,
            -0.9596847891807556,
            -0.008148470893502235
        ],
        [
            0.08857131004333496,
            -0.9756737351417542,
            0.02417178824543953
        ],
        [
            0.08396372199058533,
            -0.9802362322807312,
            -0.0026563070714473724
        ],
        [
            0.08355738967657089,
            -0.8161178827285767,
            -0.009090213105082512
        ],
        [
            0.08554984629154205,
            -0.8341565132141113,
            -0.005361397750675678
        ],
        [
            0.07311029732227325,
            -0.7944595217704773,
            -0.025652296841144562
        ],
        [
            0.08219000697135925,
            -0.7999671697616577,
            -0.010438222438097
        ],
        [
            0.07188265025615692,
            -0.9898049831390381,
            0.03230120986700058
        ],
        [
            0.06711110472679138,
            -0.9962955713272095,
            0.0009153895080089569
        ],
        [
            0.09774575382471085,
            -0.9148907661437988,
            0.05180944502353668
        ],
        [
            0.09932512044906616,
            -0.9329402446746826,
            0.04554671421647072
        ],
        [
            0.10370773822069168,
            -0.9221411943435669,
            0.027706328779459
        ],
        [
            0.10198865830898285,
            -0.9070992469787598,
            0.035397425293922424
