{
    "pred_cam": [
        1.2553400993347168,
        0.04375200718641281,
        0.3860861361026764
    ],
    "pred_smpl_params": {
        "global_orient": [
            [
                [
                    0.9890289902687073,
                    0.05149339139461517,
                    -0.13845597207546234
                ],
                [
                    0.06014871969819069,
                    -0.996440052986145,
                    0.05907117575407028
                ],
                [
                    -0.13492129743099213,
                    -0.06675105541944504,
                    -0.9886053800582886
                ]
            ]
        ],
        "body_pose": [
            [
                [
                    0.9986042380332947,
                    -0.024663440883159637,
                    0.04670485481619835
                ],
                [
                    0.021918311715126038,
                    0.9980524182319641,
                    0.058402590453624725
                ],
                [
                    -0.04805430769920349,
                    -0.05729737877845764,
                    0.9971999526023865
                ]
            ],
            [
                [
                    0.9988435506820679,
                    -0.04759891331195831,
                    0.0067752511240541935
                ],
                [
                    0.047337405383586884,
                    0.998279869556427,
                    0.034590307623147964
                ],
                [
                    -0.008410057052969933,
                    -0.0342295840382576,
                    0.9993786215782166
                ]
            ],
            [
                [
                    0.999272882938385,
                    -0.0028247185982763767,
                    -0.03802356496453285
                ],
                [
                    0.00045637093717232347,
                    0.9980666637420654,
                    -0.062151141464710236
                ],
                [
                    0.03812560811638832,
                    0.06208859384059906,
                    0.9973422288894653
                ]
            ],
            [
                [
                    0.986332356929779,
                    0.022583892568945885,
                    -0.16321270167827606
                ],
                [
                    -0.12703575193881989,
                    0.7350587844848633,
                    -0.6659958958625793
                ],
                [
                    0.10493015497922897,
                    0.6776271462440491,
                    0.7278812527656555
                ]
            ],
            [
                [
                    0.9778954386711121,
                    0.017195943742990494,
                    0.20838630199432373
                ],
                [
                    0.1300603151321411,
                    0.7303277254104614,
                    -0.6706010699272156
                ],
                [
                    -0.16372191905975342,
                    0.6828804612159729,
                    0.7119476199150085
                ]
            ],
            [
                [
                    0.9992132186889648,
                    -0.005146464798599482,
                    -0.03932524845004082
                ],
                [
                    0.010621135123074055,
                    0.9900514483451843,
                    0.14030463993549347
                ],
                [
                    0.038211945444345474,
                    -0.1406119167804718,
                    0.9893271327018738
                ]
            ],
            [
                [
                    0.9380002021789551,
                    0.07136113941669464,
                    0.33920982480049133
                ],
                [
                    -0.10317475348711014,
                    0.9917035102844238,
                    0.07667475938796997
                ],
                [
                    -0.33092400431632996,
                    -0.1069188192486763,
                    0.9375807642936707
                ]
            ],
            [
                [
                    0.9363870620727539,
                    -0.07250908017158508,
                    -0.3433975279331207
                ],
                [
                    0.10554816573858261,
                    0.9913113117218018,
                    0.07849467545747757
                ],
                [
                    0.33472228050231934,
                    -0.10974637418985367,
                    0.9359042644500732
                ]
            ],
            [
                [
                    0.9993536472320557,
                    -0.013938344083726406,
                    -0.03313747048377991
                ],
                [
                    0.011825366877019405,
                    0.9979355335235596,
                    -0.06312641501426697
                ],
                [
                    0.03394893556833267,
                    0.06269374489784241,
                    0.997455358505249
                ]
            ],
            [
                [
                    0.973257839679718,
                    -0.17636843025684357,
                    -0.14718474447727203
                ],
                [
                    0.2011207938194275,
                    0.9638081192970276,
                    0.1749981790781021
                ],
                [
                    0.11099369078874588,
                    -0.19992026686668396,
                    0.9735051393508911
                ]
            ],
            [
                [
                    0.9622493386268616,
                    0.1913028061389923,
                    0.19359587132930756
                ],
                [
                    -0.22274401783943176,
                    0.9622735977172852,
                    0.15625151991844177
                ],
                [
                    -0.1564008593559265,
                    -0.19347526133060455,
                    0.968558669090271
                ]
            ],
            [
                [
                    0.998418390750885,
                    -0.03809216991066933,
                    0.041348475962877274
                ],
                [
                    0.03357331454753876,
                    0.9939094185829163,
                    0.10496047884225845
                ],
                [
                    -0.045094821602106094,
                    -0.10340626537799835,
                    0.9936163425445557
                ]
            ],
            [
                [
                    0.9983261823654175,
                    -0.0271226167678833,
                    0.05107954144477844
                ],
                [
                    0.022209104150533676,
                    0.9952849745750427,
                    0.09441739320755005
                ],
                [
                    -0.05339954420924187,
                    -0.09312493354082108,
                    0.9942213892936707
                ]
            ],
            [
                [
                    0.9822012186050415,
                    0.06570925563573837,
                    -0.17596323788166046
                ],
                [
                    -0.05738884210586548,
                    0.9969983696937561,
                    0.05196896567940712
                ],
                [
                    0.17884990572929382,
                    -0.04094565287232399,
                    0.983024001121521
                ]
            ],
            [
                [
                    0.9965203404426575,
                    -0.05046609416604042,
                    0.06633562594652176
                ],
                [
                    0.05921037867665291,
                    0.9887636303901672,
                    -0.13726109266281128
                ],
                [
                    -0.05866321921348572,
                    0.1407112181186676,
                    0.9883111715316772
                ]
            ],
            [
                [
                    0.8649998903274536,
                    0.4755542278289795,
                    -0.16007299721240997
                ],
                [
                    -0.4491620659828186,
                    0.8760530352592468,
                    0.17545507848262787
                ],
                [
                    0.2236708551645279,
                    -0.07986991107463837,
                    0.9713866710662842
                ]
            ],
            [
                [
                    0.927227795124054,
                    -0.37415942549705505,
                    -0.015916254371404648
                ],
                [
                    0.3744281828403473,
                    0.9270373582839966,
                    0.020133033394813538
                ],
                [
                    0.0072219958528876305,
                    -0.024627402424812317,
                    0.9996706247329712
                ]
            ],
            [
                [
                    0.4505329728126526,
                    -0.23959243297576904,
                    -0.8600090146064758
                ],
                [
                    0.3463391959667206,
                    0.9347782731056213,
                    -0.07898586243391037
                ],
                [
                    0.8228421211242676,
                    -0.26226910948753357,
                    0.5041286945343018
                ]
            ],
            [
                [
                    0.4753952622413635,
                    0.21852220594882965,
                    0.8522014617919922
                ],
                [
                    -0.2682511508464813,
                    0.9585390090942383,
                    -0.09614713490009308
                ],
                [
                    -0.8378786444664001,
                    -0.18289613723754883,
                    0.5143037438392639
                ]
            ],
            [
                [
                    0.987572431564331,
                    -0.14377310872077942,
                    -0.06348200142383575
                ],
                [
                    0.1418323665857315,
                    0.9893028140068054,
                    -0.034110549837350845
                ],
                [
                    0.0677071064710617,
                    0.02468283660709858,
                    0.9973998665809631
                ]
            ],
            [
                [
                    0.993219256401062,
                    0.09736985713243484,
                    0.06351885199546814
                ],
                [
                    -0.09422888606786728,
                    0.9942584037780762,
                    -0.050707172602415085
                ],
                [
                    -0.0680914968252182,
                    0.04437803104519844,
                    0.9966916441917419
                ]
            ],
            [
                [
                    0.9941619634628296,
                    0.10478449612855911,
                    -0.0257320124655962
                ],
                [
                    -0.10333660989999771,
                    0.9932700991630554,
                    0.052307698875665665
                ],
                [
                    0.031039875000715256,
                    -0.04934326931834221,
                    0.9982994198799133
                ]
            ],
            [
                [
                    0.9932504296302795,
                    -0.11526035517454147,
                    0.012988845817744732
                ],
                [
                    0.11394583433866501,
                    0.9905397891998291,
                    0.07646684348583221
                ],
                [
                    -0.02167956531047821,
                    -0.07447069138288498,
                    0.996987521648407
                ]
            ]
        ],
        "betas": [
            -0.19204074144363403,
            0.15502431988716125,
            0.5223182439804077,
            0.042343735694885254,
            0.037607431411743164,
            0.017294619232416153,
            0.03428342938423157,
            -0.10053455829620361,
            0.014974847435951233,
            -0.11327660083770752
        ]
    },
    "pred_cam_t": [
        0.04375200718641281,
        0.3860861361026764,
        31.1170654296875
    ],
    "focal_length": [
        5000.0,
        5000.0
    ],
    "pred_keypoints_3d": [
        [
            0.00495494157075882,
            -0.8559297323226929,
            -0.11535437405109406
        ],
        [
            0.02987835928797722,
            -0.7346262335777283,
            0.03487694263458252
        ],
        [
            -0.12686173617839813,
            -0.6845394968986511,
            0.09910809993743896
        ],
        [
            -0.3341732919216156,
            -0.6026285886764526,
            0.2148517370223999
        ],
        [
            -0.5457518100738525,
            -0.6508402228355408,
            0.08802138268947601
        ],
        [
            0.19108405709266663,
            -0.6667699217796326,
            0.0028074271976947784
        ],
        [
            0.3966737389564514,
            -0.5342114567756653,
            -0.07733486592769623
        ],
        [
            0.46310800313949585,
            -0.6110068559646606,
            -0.30008020997047424
        ],
        [
            -0.001580534502863884,
            -0.22336764633655548,
            0.027309676632285118
        ],
        [
            -0.07277249544858932,
            -0.1373559534549713,
            0.047388095408678055
        ],
        [
            -0.11250737309455872,
            0.2412707805633545,
            0.07090719044208527
        ],
        [
            -0.07624194025993347,
            0.49061650037765503,
            0.3764212727546692
        ],
        [
            0.0639682337641716,
            -0.12833279371261597,
            0.03149951621890068
        ],
        [
            0.08465637266635895,
            0.2447722852230072,
            0.03573015704751015
        ],
        [
            0.08764880895614624,
            0.501152753829956,
            0.3370748460292816
        ],
        [
            -0.024749815464019775,
            -0.8918499946594238,
            -0.07479636371135712
        ],
        [
            0.04018393158912659,
            -0.8962545394897461,
            -0.08565382659435272
        ],
        [
            -0.04905637353658676,
            -0.8673954606056213,
            0.02389390580356121
        ],
        [
            0.09330274164676666,
            -0.8773746490478516,
            -0.0012890920042991638
        ],
        [
            0.08959616720676422,
            0.6596486568450928,
            0.22101104259490967
        ],
        [
            0.15465310215950012,
            0.6353127956390381,
            0.2654767334461212
        ],
        [
            0.09518162906169891,
            0.49294355511665344,
            0.4092523455619812
        ],
        [
            -0.09191600978374481,
            0.6469881534576416,
            0.26347577571868896
        ],
        [
            -0.15842466056346893,
            0.6234791278839111,
            0.3127250373363495
        ],
        [
            -0.06979428231716156,
            0.48991429805755615,
            0.452389657497406
        ],
        [
            -0.09822963178157806,
            0.4381948709487915,
            0.3667355179786682
        ],
        [
            -0.11219076067209244,
            0.18487632274627686,
            0.05746965482831001
        ],
        [
            -0.1448293924331665,
            -0.2615298330783844,
            0.05151424929499626
        ],
        [
            0.14662306010723114,
            -0.23059989511966705,
            0.02735169231891632
        ],
        [
            0.09780240803956985,
            0.20913942158222198,
            0.02694028802216053
        ],
        [
            0.09771141409873962,
            0.4601772725582123,
            0.3360368311405182
        ],
        [
            -0.5118873119354248,
            -0.6566075086593628,
            0.07222789525985718
        ],
        [
            -0.3333514332771301,
            -0.6431897878646851,
            0.20846223831176758
        ],
        [
            -0.09969912469387054,
            -0.707521378993988,
            0.0902310237288475
        ],
        [
            0.16934408247470856,
            -0.6933304667472839,
            0.013066604733467102
        ],
        [
            0.39614418148994446,
            -0.5838413834571838,
            -0.07587926834821701
        ],
        [
            0.45121532678604126,
            -0.6242579221725464,
            -0.28525811433792114
        ],
        [
            0.036116234958171844,
            -0.7415068745613098,
            0.03995782136917114
        ],
        [
            0.020970692858099937,
            -0.9257383346557617,
            0.0018379478715360165
        ],
        [
            0.001431874930858612,
            -0.24605777859687805,
            0.03970044106245041
        ],
        [
            0.0343250147998333,
            -0.6940996646881104,
            0.04621131718158722
        ],
        [
            0.017489934340119362,
            -0.4932006299495697,
            0.04349851235747337
        ],
        [
            0.02427535690367222,
            -0.8235903382301331,
            -0.04355796426534653
        ],
        [
            0.017409149557352066,
            -0.9438395500183105,
            0.012714285403490067
        ]
    ],
    "pred_vertices": [
        [
            0.04968995973467827,
            -0.9424505233764648,
            -0.08363483846187592
        ],
        [
            0.043338701128959656,
            -0.9288743734359741,
            -0.08959288895130157
        ],
        [
            0.05538420006632805,
            -0.9250010251998901,
            -0.08336295932531357
        ],
        [
            0.062202610075473785,
            -0.9349437952041626,
            -0.07430322468280792
        ],
        [
            0.05137154459953308,
            -0.9165704250335693,
            -0.08928786218166351
        ],
        [
            0.04035560041666031,
            -0.9179168939590454,
            -0.09421603381633759
        ],
        [
            0.06379512697458267,
            -0.9182751178741455,
            -0.0747881829738617
        ],
        [
            0.06992939859628677,
            -0.9250450134277344,
            -0.0640951618552208
        ],
        [
            0.07257191836833954,
            -0.8825568556785583,
            -0.06845150887966156
        ],
        [
            0.07779712975025177,
            -0.8774147033691406,
            -0.06019529700279236
        ],
        [
            0.07683715969324112,
            -0.8890417814254761,
            -0.059937961399555206
        ],
        [
            0.07078775763511658,
            -0.890903651714325,
            -0.06794128566980362
        ],
        [
            0.0733698382973671,
            -0.8562074899673462,
            -0.06745980679988861
        ],
        [
            0.06644559651613235,
            -0.8475996255874634,
            -0.07553108036518097
        ],
        [
            0.07043095678091049,
            -0.8376470804214478,
            -0.06727130711078644
        ],
        [
            0.07621744275093079,
            -0.8455885052680969,
            -0.058261118829250336
        ],
        [
            0.030960945412516594,
            -0.8623120188713074,
            -0.09216450899839401
        ],
        [
            0.03654992952942848,
            -0.8559263944625854,
            -0.09237704426050186
        ],
        [
            0.04024505615234375,
            -0.8626859188079834,
            -0.09155337512493134
        ],
        [
            0.033885445445775986,
            -0.8681690692901611,
            -0.09088108688592911
        ],
        [
            0.020675968378782272,
            -0.871846079826355,
            -0.09587232023477554
        ],
        [
            0.02187873050570488,
            -0.8769775629043579,
            -0.09219319373369217
        ],
        [
            0.01634330116212368,
            -0.881087064743042,
            -0.09605251252651215
        ],
        [
            0.01580853760242462,
            -0.8753854036331177,
            -0.10092088580131531
        ],
        [
            0.025845464318990707,
            -0.856840968132019,
            -0.09183903783559799
        ],
        [
            0.03192844241857529,
            -0.8502269983291626,
            -0.09165725857019424
        ],
        [
            0.025914007797837257,
            -0.867828905582428,
            -0.09247591346502304
        ],
        [
            0.023984091356396675,
            -0.8632882833480835,
            -0.09483365714550018
        ],
        [
            0.019736241549253464,
            -0.8582484722137451,
            -0.10491893440485
        ],
        [
            0.021325139328837395,
            -0.8628218173980713,
            -0.10331420600414276
        ],
        [
            0.01697694882750511,
            -0.8643671274185181,
            -0.10953250527381897
        ],
        [
            0.016079360619187355,
            -0.8587583303451538,
            -0.10920458287000656
        ],
        [
            0.02376917563378811,
            -0.8566350340843201,
            -0.0964374989271164
        ],
        [
            0.02384222485125065,
            -0.8598344326019287,
            -0.0990072563290596
        ],
        [
            0.021213755011558533,
            -0.8562942147254944,
            -0.10124481469392776
        ],
        [
            0.02031172439455986,
            -0.853750467300415,
            -0.09801026433706284
        ],
        [
            0.019847698509693146,
            -0.8677812814712524,
            -0.09904502332210541
        ],
        [
            0.01596633344888687,
            -0.8702875375747681,
            -0.10524974763393402
        ],
        [
            0.011145906522870064,
            -0.8722474575042725,
            -0.11142287403345108
        ],
        [
            0.011937454342842102,
            -0.8642662167549133,
            -0.11580479890108109
        ],
        [
            0.048432156443595886,
            -0.8423526287078857,
            -0.08860395848751068
        ],
        [
            0.04279789328575134,
            -0.8493716716766357,
            -0.0916297435760498
        ],
        [
            0.037986621260643005,
            -0.8443111181259155,
            -0.09138002246618271
        ],
        [
            0.04314187914133072,
            -0.8387472629547119,
            -0.089703269302845
        ],
        [
            0.022064708173274994,
            -0.850373387336731,
            -0.09515097737312317
        ],
        [
            0.02622826397418976,
            -0.834770679473877,
            -0.09703543037176132
        ],
        [
            0.02634035423398018,
            -0.8385714292526245,
            -0.09694533795118332
        ],
        [
            0.019920120015740395,
            -0.8395258784294128,
            -0.099957674741745
        ],
        [
            0.020452581346035004,
            -0.8359867334365845,
            -0.09997594356536865
        ],
        [
            0.05500207468867302,
            -0.8274106979370117,
            -0.08167381584644318
        ],
        [
            0.048842981457710266,
            -0.8265528678894043,
            -0.08523822575807571
        ],
        [
            0.04979674518108368,
            -0.8194667100906372,
            -0.08322304487228394
        ],
        [
            0.05557961016893387,
            -0.8188529014587402,
            -0.07844489067792892
        ],
        [
            0.04784040153026581,
            -0.8136312961578369,
            -0.08220663666725159
        ],
        [
            0.05482611432671547,
            -0.8106858134269714,
            -0.07560278475284576
        ],
        [
            0.04634714126586914,
            -0.7964434623718262,
            -0.07557978481054306
        ],
        [
            0.05085867643356323,
            -0.802709698677063,
            -0.07543034851551056
        ],
        [
            0.04426461458206177,
            -0.8079638481140137,
            -0.08259855210781097
        ],
        [
            0.038967423141002655,
            -0.8029022216796875,
            -0.0855235755443573
        ],
        [
            0.026070035994052887,
            -0.8076522350311279,
            -0.09241970628499985
        ],
        [
            0.02014336735010147,
            -0.8063830137252808,
            -0.09436387568712234
        ],
        [
            0.025188766419887543,
            -0.7944765090942383,
            -0.09364859014749527
        ],
        [
            0.03194447606801987,
            -0.7979913949966431,
            -0.0901590958237648
        ],
        [
            0.02667744643986225,
            -0.8288307785987854,
            -0.09313640743494034
        ],
        [
            0.030752774327993393,
            -0.8288507461547852,
            -0.09075944870710373
        ],
        [
            0.030716074630618095,
            -0.8305469751358032,
            -0.09295245260000229
        ],
        [
            0.02635500580072403,
            -0.8317245244979858,
            -0.095723956823349
        ],
        [
            0.034375496208667755,
            -0.828654408454895,
            -0.08919818699359894
        ],
        [
            0.03605019673705101,
            -0.8284176588058472,
            -0.08864357322454453
        ],
        [
            0.03568705543875694,
            -0.8297929763793945,
            -0.08977378904819489
        ],
        [
            0.03416520357131958,
            -0.8294253349304199,
            -0.0898711085319519
        ],
        [
            0.032242223620414734,
            -0.8290194272994995,
            -0.09026151895523071
        ],
        [
            0.03132140263915062,
            -0.827094554901123,
            -0.09071942418813705
        ],
        [
            0.03350400924682617,
            -0.8278660774230957,
            -0.0896483063697815
        ],
        [
            0.0276506245136261,
            -0.8263352513313293,
            -0.09321059286594391
        ],
        [
            0.014699339866638184,
            -0.8237825632095337,
            -0.09969614446163177
        ],
        [
            0.018606185913085938,
            -0.8246474862098694,
            -0.09868630766868591
        ],
        [
            0.017155952751636505,
            -0.8288726806640625,
            -0.09733753651380539
        ],
        [
            0.013811076991260052,
            -0.8284213542938232,
            -0.09812495112419128
        ],
        [
            0.033750541508197784,
            -0.8313945531845093,
            -0.09139327704906464
        ],
        [
            0.03626667335629463,
            -0.8333219289779663,
            -0.09094633907079697
        ],
        [
            0.03221023082733154,
            -0.8361477851867676,
            -0.09371408820152283
        ],
        [
            0.031215479597449303,
            -0.8333005905151367,
            -0.09326581656932831
        ],
        [
            0.03889996558427811,
            -0.8353372812271118,
            -0.09100082516670227
        ],
        [
            0.03791368380188942,
            -0.8310256004333496,
            -0.08930946886539459
        ],
        [
            0.04099033400416374,
            -0.8316153287887573,
            -0.08896303176879883
        ],
        [
            0.03556901216506958,
            -0.8266470432281494,
            -0.08868502080440521
        ],
        [
            0.03840809687972069,
            -0.8249989748001099,
            -0.08759261667728424
        ],
        [
            0.03878317028284073,
            -0.8277606964111328,
            -0.08846699446439743
        ],
        [
            0.03655931353569031,
            -0.8217353820800781,
            -0.08813869953155518
        ],
        [
            0.03320848196744919,
            -0.8247419595718384,
            -0.0896812155842781
        ],
        [
            0.02961757406592369,
            -0.8229809999465942,
            -0.09221073985099792
        ],
        [
            0.024846721440553665,
            -0.8214144706726074,
            -0.09536725282669067
        ],
        [
            0.027723951265215874,
            -0.8165448307991028,
            -0.09289632737636566
        ],
        [
            0.03287118300795555,
            -0.8188107013702393,
            -0.09021970629692078
        ],
        [
            0.034165382385253906,
            -0.8397132158279419,
            -0.09297744184732437
        ],
        [
            0.043091416358947754,
            -0.8271840810775757,
            -0.08696077764034271
        ],
        [
            0.04634736105799675,
            -0.8335821628570557,
            -0.08713172376155853
        ],
        [
            0.043231796473264694,
            -0.8223026990890503,
            -0.08618088066577911
        ],
        [
            0.04141905903816223,
            -0.8177611231803894,
            -0.08602743595838547
        ],
        [
            0.03759134188294411,
            -0.8137427568435669,
            -0.08704729378223419
        ],
        [
            0.032020822167396545,
            -0.8103858828544617,
            -0.0899154469370842
        ],
        [
            0.028981657698750496,
            -0.7854665517807007,
            -0.08318652212619781
        ],
        [
            0.037357181310653687,
            -0.7903679609298706,
            -0.08004067093133926
        ],
        [
            0.038826096802949905,
            -0.9105195999145508,
            -0.09166350960731506
        ],
        [
            0.04771558940410614,
            -0.9094833135604858,
            -0.09047642350196838
        ],
        [
            0.049008917063474655,
            -0.9014689922332764,
            -0.08614668250083923
        ],
        [
            0.05076582357287407,
            -0.9041755795478821,
            -0.08601934462785721
        ],
        [
            0.045105770230293274,
            -0.9053602814674377,
            -0.08848770707845688
        ],
        [
            0.04466429725289345,
            -0.9025858640670776,
            -0.08786512911319733
        ],
        [
            0.06420275568962097,
            -0.8932838439941406,
            -0.07308684289455414
        ],
        [
            0.05896110460162163,
            -0.8952950239181519,
            -0.07708241045475006
        ],
        [
            0.05956823378801346,
            -0.8914597034454346,
            -0.07581058144569397
        ],
        [
            0.06613163650035858,
            -0.886861264705658,
            -0.07309191673994064
        ],
        [
            0.05169183760881424,
            -0.8842130899429321,
            -0.08238223195075989
        ],
        [
            0.05617483705282211,
            -0.8853710889816284,
            -0.07957658171653748
        ],
        [
            0.0519615076482296,
            -0.8920867443084717,
            -0.0813761055469513
        ],
        [
            0.048654213547706604,
            -0.891219973564148,
            -0.08346709609031677
        ],
        [
            0.04481324553489685,
            -0.8907707929611206,
            -0.08522645384073257
        ],
        [
            0.04051065444946289,
            -0.8907104730606079,
            -0.08583888411521912
        ],
        [
            0.040994152426719666,
            -0.8852455019950867,
            -0.0857086330652237
        ],
        [
            0.046259522438049316,
            -0.8844181299209595,
            -0.08461377024650574
        ],
        [
            0.038438424468040466,
            -0.906316876411438,
            -0.08886410295963287
        ],
        [
            0.03133779764175415,
            -0.905158519744873,
            -0.08780966699123383
        ],
        [
            0.03285817801952362,
            -0.9021064043045044,
            -0.08752040565013885
        ],
        [
            0.038802847266197205,
            -0.9030693769454956,
            -0.08881278336048126
        ],
        [
            0.02374330535531044,
            -0.8946680426597595,
            -0.08198640495538712
        ],
        [
            0.0247010700404644,
            -0.8972562551498413,
            -0.08301045000553131
        ],
        [
            0.021083958446979523,
            -0.8986498117446899,
            -0.08366072177886963
        ],
        [
            0.02051670104265213,
            -0.8940595984458923,
            -0.08300334215164185
        ],
        [
            0.022812414914369583,
            -0.8911324143409729,
            -0.0836825966835022
        ],
        [
            0.024981915950775146,
            -0.8931212425231934,
            -0.08278058469295502
        ],
        [
            0.04037626087665558,
            -0.9633703231811523,
            -0.07838762551546097
        ],
        [
            0.034946467727422714,
            -0.9470006227493286,
            -0.0886269062757492
        ],
        [
            0.056981511414051056,
            -0.9561669230461121,
            -0.06931594014167786
        ],
        [
            0.06872189044952393,
            -0.944969892501831,
            -0.06004903465509415
        ],
        [
            0.07653859257698059,
            -0.9314322471618652,
            -0.0517774373292923
        ],
        [
            0.06265813112258911,
            -0.8313425183296204,
            -0.07535932213068008
        ],
        [
            0.06490708887577057,
            -0.8219653367996216,
            -0.0701494812965393
        ],
        [
            0.07364130765199661,
            -0.8282980918884277,
            -0.05891295522451401
        ],
        [
            0.07242420315742493,
            -0.8176074028015137,
            -0.054484158754348755
        ],
        [
            0.06363267451524734,
            -0.8113123178482056,
            -0.06667878478765488
        ],
        [
            0.05093944072723389,
            -0.7927024364471436,
            -0.0629376769065857
        ],
        [
            0.05904353782534599,
            -0.8008543848991394,
            -0.06436645239591599
        ],
        [
            0.06798803061246872,
            -0.8073337078094482,
            -0.0488932803273201
        ],
        [
            0.07692816108465195,
            -0.8183982968330383,
            -0.0342370942234993
        ],
        [
            0.07905295491218567,
            -0.8262453675270081,
            -0.04207625985145569
        ],
        [
            0.08172924816608429,
            -0.8329882621765137,
            -0.021480564028024673
        ],
        [
            0.0729689747095108,
            -0.8098283410072327,
            -0.022666068747639656
        ],
        [
            0.079526886343956,
            -0.8310428857803345,
            -0.01294325478374958
        ],
        [
            0.05848444625735283,
            -0.7739338278770447,
            -0.026894420385360718
        ],
        [
            0.060773398727178574,
            -0.7616762518882751,
            -0.024510331451892853
        ],
        [
            0.07294179499149323,
            -0.767593264579773,
            -0.01275467686355114
        ],
        [
            0.0715373158454895,
            -0.7798402309417725,
            -0.015400052070617676
        ],
        [
            0.07909736782312393,
            -0.8353724479675293,
            -0.049559757113456726
        ],
        [
            0.07920272648334503,
            -0.8994015455245972,
            -0.051765553653240204
        ],
        [
            0.07387352734804153,
            -0.8997419476509094,
            -0.06222645565867424
        ],
        [
            0.08153632283210754,
            -0.8863740563392639,
            -0.04991915449500084
        ],
        [
            0.08265621960163116,
            -0.9572898745536804,
            -0.026882262900471687
        ],
        [
            0.07455712556838989,
            -0.9533594250679016,
            -0.04435371235013008
        ],
        [
            0.0831695944070816,
            -0.9375897645950317,
            -0.03969236835837364
        ],
        [
            0.08873018622398376,
            -0.9429413676261902,
            -0.023962944746017456
        ],
        [
            0.05360791087150574,
            -0.9916534423828125,
            -0.02974633499979973
        ],
        [
            0.04807738959789276,
            -0.9803354740142822,
            -0.05571344494819641
        ],
        [
            0.06068230792880058,
            -0.9683407545089722,
            -0.05013996362686157
        ],
        [
            0.06801959872245789,
            -0.9776501655578613,
            -0.029429465532302856
        ],
        [
            0.09248697757720947,
            -0.9435363411903381,
            -0.011032383888959885
        ],
        [
            0.09564372897148132,
            -0.9427021741867065,
            0.007444512099027634
        ],
        [
            0.0913664847612381,
            -0.9574311971664429,
            0.016378246247768402
        ],
        [
            0.08646091818809509,
            -0.9603883028030396,
            -0.0056909918785095215
        ],
        [
            0.07969483733177185,
            -0.976534366607666,
            0.026380401104688644
        ],
        [
            0.07469343394041061,
            -0.9804786443710327,
            -0.0003515668213367462
        ],
        [
            0.07951633632183075,
            -0.8162784576416016,
            -0.0036663655191659927
        ],
        [
            0.08108757436275482,
            -0.8344659805297852,
            -0.00035847537219524384
        ],
        [
            0.06963203847408295,
            -0.7939187288284302,
            -0.01975610852241516
        ],
        [
            0.07858209311962128,
            -0.8000240325927734,
            -0.004717925563454628
        ],
        [
            0.06264115869998932,
            -0.9901658892631531,
            0.0345667265355587
        ],
        [
            0.05744689330458641,
            -0.996005654335022,
            0.003229428082704544
        ],
        [
            0.09133805334568024,
            -0.9166144132614136,
            0.05472143366932869
        ],
        [
            0.09230215847492218,
            -0.9347309470176697,
            0.04830342158675194
        ],
        [
            0.09678815305233002,
            -0.9237459897994995,
            0.030600152909755707
        ],
        [
            0.09562073647975922,
            -0.9086264371871948,
