{
    "pred_cam": [
        1.4032118320465088,
        0.08380009979009628,
        0.3735550343990326
    ],
    "pred_smpl_params": {
        "global_orient": [
            [
                [
                    0.9928745031356812,
                    0.05057764798402786,
                    -0.10789819061756134
                ],
                [
                    0.05837077647447586,
                    -0.9958142638206482,
                    0.07033403217792511
                ],
                [
                    -0.10388921946287155,
                    -0.07613097131252289,
                    -0.9916708469390869
                ]
            ]
        ],
        "body_pose": [
            [
                [
                    0.9986814260482788,
                    -0.03740847110748291,
                    0.03515627980232239
                ],
                [
                    0.03458409011363983,
                    0.9963710308074951,
                    0.07777365297079086
                ],
                [
                    -0.03793809190392494,
                    -0.076455257833004,
                    0.9963510036468506
                ]
            ],
            [
                [
                    0.999552845954895,
                    -0.027332942932844162,
                    0.012126855552196503
                ],
                [
                    0.02626507543027401,
                    0.9963789582252502,
                    0.08086543530225754
                ],
                [
                    -0.014293232932686806,
                    -0.08051075786352158,
                    0.9966513514518738
                ]
            ],
            [
                [
                    0.9997715353965759,
                    -0.00682798633351922,
                    -0.020257901400327682
                ],
                [
                    0.004995562136173248,
                    0.9960044622421265,
                    -0.08916372805833817
                ],
                [
                    0.02078576758503914,
                    0.08904214203357697,
                    0.9958110451698303
                ]
            ],
            [
                [
                    0.9880534410476685,
                    0.024407396093010902,
                    -0.15216660499572754
                ],
                [
                    -0.1142193153500557,
                    0.7788469195365906,
                    -0.6167263388633728
                ],
                [
                    0.10346181690692902,
                    0.6267389059066772,
                    0.7723301649093628
                ]
            ],
            [
                [
                    0.9813082814216614,
                    0.004794366657733917,
                    0.1923828274011612
                ],
                [
                    0.11823180317878723,
                    0.7737496495246887,
                    -0.6223605871200562
                ],
                [
                    -0.1518399864435196,
                    0.6334733366966248,
                    0.7587200999259949
                ]
            ],
            [
                [
                    0.9997639656066895,
                    -0.01622174307703972,
                    -0.014455053023993969
                ],
                [
                    0.017869671806693077,
                    0.9923299551010132,
                    0.12231934070587158
                ],
                [
                    0.01235994789749384,
                    -0.12254876643419266,
                    0.9923856258392334
                ]
            ],
            [
                [
                    0.9519090056419373,
                    0.08904057741165161,
                    0.2931569218635559
                ],
                [
                    -0.11210142821073532,
                    0.9917108416557312,
                    0.06279177963733673
                ],
                [
                    -0.2851358950138092,
                    -0.0926353707909584,
                    0.9540000557899475
                ]
            ],
            [
                [
                    0.9496919512748718,
                    -0.11719022691249847,
                    -0.29043322801589966
                ],
                [
                    0.1334519386291504,
                    0.9903733730316162,
                    0.036759402602910995
                ],
                [
                    0.28332945704460144,
                    -0.07366898655891418,
                    0.9561888575553894
                ]
            ],
            [
                [
                    0.9998649954795837,
                    -0.009759441018104553,
                    -0.01321993675082922
                ],
                [
                    0.008438088931143284,
                    0.9952911734580994,
                    -0.09656183421611786
                ],
                [
                    0.01410007756203413,
                    0.0964372381567955,
                    0.9952391386032104
                ]
            ],
            [
                [
                    0.9738001227378845,
                    -0.19235432147979736,
                    -0.12129777669906616
                ],
                [
                    0.21532480418682098,
                    0.9514851570129395,
                    0.2197980135679245
                ],
                [
                    0.0731339305639267,
                    -0.24015775322914124,
                    0.9679750204086304
                ]
            ],
            [
                [
                    0.9568278193473816,
                    0.2410147786140442,
                    0.16245728731155396
                ],
                [
                    -0.265747606754303,
                    0.9518045783042908,
                    0.15312163531780243
                ],
                [
                    -0.1177230253815651,
                    -0.1896836757659912,
                    0.9747622013092041
                ]
            ],
            [
                [
                    0.9993447661399841,
                    -0.028918305411934853,
                    -0.021764570847153664
                ],
                [
                    0.03209410980343819,
                    0.9860161542892456,
                    0.16352994740009308
                ],
                [
                    0.01673121005296707,
                    -0.1641213297843933,
                    0.9862982034683228
                ]
            ],
            [
                [
                    0.9458338618278503,
                    0.11921938508749008,
                    0.30196836590766907
                ],
                [
                    -0.10507600009441376,
                    0.992484450340271,
                    -0.06271830201148987
                ],
                [
                    -0.3071761727333069,
                    0.027591468766331673,
                    0.9512525200843811
                ]
            ],
            [
                [
                    0.9588097929954529,
                    -0.09253326803445816,
                    -0.26855409145355225
                ],
                [
                    0.09089241176843643,
                    0.9956876039505005,
                    -0.01856500282883644
                ],
                [
                    0.2691138982772827,
                    -0.006609221920371056,
                    0.9630855917930603
                ]
            ],
            [
                [
                    0.9983572363853455,
                    -0.05568579584360123,
                    0.013481850735843182
                ],
                [
                    0.056664206087589264,
                    0.9944576621055603,
                    -0.0885612964630127
                ],
                [
                    -0.008475524373352528,
                    0.08917976170778275,
                    0.995979368686676
                ]
            ],
            [
                [
                    0.7001729607582092,
                    0.7139297127723694,
                    -0.00788404606282711
                ],
                [
                    -0.706200122833252,
                    0.6908828616142273,
                    -0.15479737520217896
                ],
                [
                    -0.10506749153137207,
                    0.1139526516199112,
                    0.9879148006439209
                ]
            ],
            [
                [
                    0.7933923602104187,
                    -0.6078926920890808,
                    -0.03154474496841431
                ],
                [
                    0.6048678159713745,
                    0.7931382060050964,
                    -0.07118091732263565
                ],
                [
                    0.06828969717025757,
                    0.03739399462938309,
                    0.9969645142555237
                ]
            ],
            [
                [
                    0.025591321289539337,
                    -0.3645828664302826,
                    -0.9308192133903503
                ],
                [
                    0.1579785943031311,
                    0.9208988547325134,
                    -0.35635390877723694
                ],
                [
                    0.9871108531951904,
                    -0.13792994618415833,
                    0.08116330951452255
                ]
            ],
            [
                [
                    0.48046573996543884,
                    0.26132437586784363,
                    0.837175190448761
                ],
                [
                    -0.22030143439769745,
                    0.9599302411079407,
                    -0.173208549618721
                ],
                [
                    -0.848893404006958,
                    -0.1012101098895073,
                    0.5187837481498718
                ]
            ],
            [
                [
                    0.986538290977478,
                    -0.14247556030750275,
                    -0.0802680179476738
                ],
                [
                    0.14392802119255066,
                    0.9895081520080566,
                    0.012579885311424732
                ],
                [
                    0.07763353735208511,
                    -0.023963354527950287,
                    0.9966939091682434
                ]
            ],
            [
                [
                    0.9927564263343811,
                    0.10860925167798996,
                    0.05136825889348984
                ],
                [
                    -0.10390628129243851,
                    0.9907968044281006,
                    -0.0867476835846901
                ],
                [
                    -0.060317106544971466,
                    0.08078183233737946,
                    0.9949050545692444
                ]
            ],
            [
                [
                    0.9853158593177795,
                    0.16494256258010864,
                    -0.04412137717008591
                ],
                [
                    -0.16000531613826752,
                    0.9821842908859253,
                    0.09855116903781891
                ],
                [
                    0.059590600430965424,
                    -0.09004436433315277,
                    0.9941534399986267
                ]
            ],
            [
                [
                    0.9851685166358948,
                    -0.16823254525661469,
                    0.03377740457653999
                ],
                [
                    0.16341198980808258,
                    0.9799047708511353,
                    0.11438167095184326
                ],
                [
                    -0.05234135687351227,
                    -0.10716557502746582,
                    0.9928625226020813
                ]
            ]
        ],
        "betas": [
            -0.23424357175827026,
            0.18990322947502136,
            0.5620862245559692,
            -0.01894199848175049,
            0.03301382064819336,
            0.04227164760231972,
            0.02098020911216736,
            -0.12453538179397583,
            0.04558633267879486,
            -0.11707037687301636
        ]
    },
    "pred_cam_t": [
        0.08380009979009628,
        0.3735550343990326,
        27.837921142578125
    ],
    "focal_length": [
        5000.0,
        5000.0
    ],
    "pred_keypoints_3d": [
        [
            -0.0076027847826480865,
            -0.8541831970214844,
            -0.1430237889289856
        ],
        [
            0.019945355132222176,
            -0.732677698135376,
            0.007972419261932373
        ],
        [
            -0.14054441452026367,
            -0.671120822429657,
            0.07107143104076385
        ],
        [
            -0.28331881761550903,
            -0.513267993927002,
            0.20365913212299347
        ],
        [
            -0.4937998056411743,
            -0.4439432919025421,
            0.08618728816509247
        ],
        [
            0.18461555242538452,
            -0.6605818867683411,
            0.01551322266459465
        ],
        [
            0.3205689787864685,
            -0.4752923250198364,
            0.13054493069648743
        ],
        [
            0.3891700506210327,
            -0.4175091087818146,
            -0.09654565155506134
        ],
        [
            -0.0015118494629859924,
            -0.22235968708992004,
            0.027173500508069992
        ],
        [
            -0.07310241460800171,
            -0.13641086220741272,
            0.046143949031829834
        ],
        [
            -0.12193509191274643,
            0.2414642870426178,
            0.05564938485622406
        ],
        [
            -0.09991326183080673,
            0.5201327800750732,
            0.3354339599609375
        ],
        [
            0.06431590020656586,
            -0.12767350673675537,
            0.034602537751197815
        ],
        [
            0.08979947865009308,
            0.2449028193950653,
            0.03572962433099747
        ],
        [
            0.08744361996650696,
            0.5232732892036438,
            0.31621095538139343
        ],
        [
            -0.03650456666946411,
            -0.8893256187438965,
            -0.10107094794511795
        ],
        [
            0.028122667223215103,
            -0.8946387767791748,
            -0.11345218122005463
        ],
        [
            -0.05699924752116203,
            -0.8635873198509216,
            -0.003176311496645212
        ],
        [
            0.08383610844612122,
            -0.8744984865188599,
            -0.03133071959018707
        ],
        [
            0.08721896260976791,
            0.6722948551177979,
            0.18935245275497437
        ],
        [
            0.15254327654838562,
            0.6528064608573914,
            0.235846608877182
        ],
        [
            0.09311170876026154,
            0.5201215744018555,
            0.3883012533187866
        ],
        [
            -0.1069394052028656,
            0.6690552830696106,
            0.21217650175094604
        ],
        [
            -0.17574024200439453,
            0.6497986316680908,
            0.26036131381988525
        ],
        [
            -0.09567007422447205,
            0.5244243144989014,
            0.41044485569000244
        ],
        [
            -0.12096792459487915,
            0.46720707416534424,
            0.32943010330200195
        ],
        [
            -0.11937667429447174,
            0.1836792528629303,
            0.04430020600557327
        ],
        [
            -0.14530207216739655,
            -0.261597216129303,
            0.046709273010492325
        ],
        [
            0.14669525623321533,
            -0.23023229837417603,
            0.031417325139045715
        ],
        [
            0.10220000147819519,
            0.2082912027835846,
            0.028051644563674927
        ],
        [
            0.09756430983543396,
            0.48254019021987915,
            0.31804192066192627
        ],
        [
            -0.46498894691467285,
            -0.46119141578674316,
            0.06822867691516876
        ],
        [
            -0.3019990921020508,
            -0.5508714318275452,
            0.19197683036327362
        ],
        [
            -0.1132621094584465,
            -0.695472776889801,
            0.06031537801027298
        ],
        [
            0.1582491099834442,
            -0.6884801983833313,
            0.017290908843278885
        ],
        [
            0.340224027633667,
            -0.5169097781181335,
            0.10440204292535782
        ],
        [
            0.37932610511779785,
            -0.4387006163597107,
            -0.08795367181301117
        ],
        [
            0.024573786184191704,
            -0.7386003732681274,
            0.013399962335824966
        ],
        [
            0.011267322115600109,
            -0.9221660494804382,
            -0.024950429797172546
        ],
        [
            0.0013699568808078766,
            -0.24597017467021942,
            0.03930589556694031
        ],
        [
            0.02224147319793701,
            -0.6873670816421509,
            0.031941886991262436
        ],
        [
            0.0161431934684515,
            -0.4916084408760071,
            0.03585686907172203
        ],
        [
            0.014284864068031311,
            -0.8211421966552734,
            -0.07261037081480026
        ],
        [
            0.007498176768422127,
            -0.9402527213096619,
            -0.013481543399393559
        ]
    ],
    "pred_vertices": [
        [
            0.03732623904943466,
            -0.9410802125930786,
            -0.11094962060451508
        ],
        [
            0.030932104215025902,
            -0.9275110960006714,
            -0.1171279028058052
        ],
        [
            0.04328668862581253,
            -0.9236059188842773,
            -0.11120123416185379
        ],
        [
            0.050284117460250854,
            -0.9333467483520508,
            -0.10209658741950989
        ],
        [
            0.03889712691307068,
            -0.9150813817977905,
            -0.11686466634273529
        ],
        [
            0.027707697823643684,
            -0.9166020154953003,
            -0.12141267955303192
        ],
        [
            0.05203615128993988,
            -0.9167554974555969,
            -0.10305142402648926
        ],
        [
            0.05844375491142273,
            -0.9232823252677917,
            -0.09263261407613754
        ],
        [
            0.061194635927677155,
            -0.8809555768966675,
            -0.09728917479515076
        ],
        [
            0.06676799803972244,
            -0.8755882978439331,
            -0.08915217220783234
        ],
        [
            0.06585296243429184,
            -0.8873611092567444,
            -0.08882264792919159
        ],
        [
            0.059444818645715714,
            -0.88939368724823,
            -0.09663910418748856
        ],
        [
            0.06220214068889618,
            -0.8546321988105774,
            -0.09669243544340134
        ],
        [
            0.05514076352119446,
            -0.846125602722168,
            -0.10479582846164703
        ],
        [
            0.05934634059667587,
            -0.8361237049102783,
            -0.0966682881116867
        ],
        [
            0.06528010964393616,
            -0.8439479470252991,
            -0.0877402052283287
        ],
        [
            0.018961085006594658,
            -0.8606045246124268,
            -0.12042994797229767
        ],
        [
            0.024717940017580986,
            -0.8543143272399902,
            -0.12097400426864624
        ],
        [
            0.028333274647593498,
            -0.8611211776733398,
            -0.12012634426355362
        ],
        [
            0.021878212690353394,
            -0.8664921522140503,
            -0.11916790157556534
        ],
        [
            0.008466505445539951,
            -0.8700525760650635,
            -0.12366460263729095
        ],
        [
            0.009731579571962357,
            -0.8751763105392456,
            -0.11998525261878967
        ],
        [
            0.004001272842288017,
            -0.879209041595459,
            -0.12351094186306
        ],
        [
            0.0034301355481147766,
            -0.8735803365707397,
            -0.12847760319709778
        ],
        [
            0.013940287753939629,
            -0.855028510093689,
            -0.11996352672576904
        ],
        [
            0.020203107967972755,
            -0.8485454320907593,
            -0.12011606991291046
        ],
        [
            0.013848720118403435,
            -0.8660746812820435,
            -0.12057638168334961
        ],
        [
            0.011887935921549797,
            -0.8615239858627319,
            -0.12280211597681046
        ],
        [
            0.007526552304625511,
            -0.8565291166305542,
            -0.1328914761543274
        ],
        [
            0.00902264378964901,
            -0.8610501289367676,
            -0.13120774924755096
        ],
        [
            0.004483531229197979,
            -0.8626995086669922,
            -0.1372547149658203
        ],
        [
            0.003700028173625469,
            -0.8571019768714905,
            -0.1370173990726471
        ],
        [
            0.011778712272644043,
            -0.8548547029495239,
            -0.1244753748178482
        ],
        [
            0.011725304648280144,
            -0.8580685257911682,
            -0.12702687084674835
        ],
        [
            0.009136870503425598,
            -0.8545387983322144,
            -0.12926499545574188
        ],
        [
            0.008336830884218216,
            -0.8519622683525085,
            -0.12600935995578766
        ],
        [
            0.007546634413301945,
            -0.8659650087356567,
            -0.12677527964115143
        ],
        [
            0.003496713936328888,
            -0.8685144782066345,
            -0.13283053040504456
        ],
        [
            -0.0015245508402585983,
            -0.8705228567123413,
            -0.13883277773857117
        ],
        [
            -0.0006806142628192902,
            -0.8627380132675171,
            -0.14339186251163483
        ],
        [
            0.036929983645677567,
            -0.8408408164978027,
            -0.1175653412938118
        ],
        [
            0.031115077435970306,
            -0.847841203212738,
            -0.12043794989585876
        ],
        [
            0.026328194886446,
            -0.8427075147628784,
            -0.11997552216053009
        ],
        [
            0.03158530965447426,
            -0.837234616279602,
            -0.11839430779218674
        ],
        [
            0.010193650610744953,
            -0.8486236333847046,
            -0.1231779009103775
        ],
        [
            0.01459634117782116,
            -0.8331795930862427,
            -0.12543930113315582
        ],
        [
            0.014620330184698105,
            -0.8369733095169067,
            -0.12530556321144104
        ],
        [
            0.008088473230600357,
            -0.8378883600234985,
            -0.12813936173915863
        ],
        [
            0.008713346906006336,
            -0.8343802690505981,
            -0.12824541330337524
        ],
        [
            0.04374074190855026,
            -0.8259656429290771,
            -0.11081432551145554
        ],
        [
            0.03745397552847862,
            -0.825126051902771,
            -0.11416082084178925
        ],
        [
            0.03856397420167923,
            -0.8180494904518127,
            -0.11226017028093338
        ],
        [
            0.044512324035167694,
            -0.817378580570221,
            -0.10768700391054153
        ],
        [
            0.03678746521472931,
            -0.8121170997619629,
            -0.11136171966791153
        ],
        [
            0.04407324641942978,
            -0.80908203125,
            -0.10495095700025558
        ],
        [
            0.036019280552864075,
            -0.7947233319282532,
            -0.10488495975732803
        ],
        [
            0.04033244401216507,
            -0.8010048866271973,
            -0.10477224737405777
        ],
        [
            0.03335714340209961,
            -0.8063787221908569,
            -0.11177727580070496
        ],
        [
            0.02810096926987171,
            -0.8013055324554443,
            -0.11466425657272339
        ],
        [
            0.014994986355304718,
            -0.8060704469680786,
            -0.12121348083019257
        ],
        [
            0.009006096050143242,
            -0.8047493696212769,
            -0.12308745086193085
        ],
        [
            0.014331173151731491,
            -0.7928357124328613,
            -0.12276802211999893
        ],
        [
            0.021006491035223007,
            -0.7963522672653198,
            -0.1192704290151596
        ],
        [
            0.015200816094875336,
            -0.8272072076797485,
            -0.12159815430641174
        ],
        [
            0.01934690773487091,
            -0.8272438049316406,
            -0.11929883807897568
        ],
        [
            0.01920440047979355,
            -0.828965425491333,
            -0.12145306915044785
        ],
        [
            0.014779871329665184,
            -0.8301191329956055,
            -0.12415071576833725
        ],
        [
            0.022952040657401085,
            -0.8270984888076782,
            -0.11773420870304108
        ],
        [
            0.024607904255390167,
            -0.8269095420837402,
            -0.11718816310167313
        ],
        [
            0.024210430681705475,
            -0.8282645344734192,
            -0.11830718070268631
        ],
        [
            0.022728867828845978,
            -0.8278845548629761,
            -0.1183880865573883
        ],
        [
            0.02082405611872673,
            -0.8274693489074707,
            -0.1187816634774208
        ],
        [
            0.019957782700657845,
            -0.8255465030670166,
            -0.11928917467594147
        ],
        [
            0.022113759070634842,
            -0.8263251781463623,
            -0.11819837987422943
        ],
        [
            0.016239622607827187,
            -0.8247925043106079,
            -0.12173157930374146
        ],
        [
            0.0031480398029088974,
            -0.8221958875656128,
            -0.12799127399921417
        ],
        [
            0.007046832703053951,
            -0.8230623006820679,
            -0.12703384459018707
        ],
        [
            0.005556299351155758,
            -0.8272193670272827,
            -0.12556426227092743
        ],
        [
            0.0022005680948495865,
            -0.8267404437065125,
            -0.12631984055042267
        ],
        [
            0.022280219942331314,
            -0.8298711180686951,
            -0.1198938861489296
        ],
        [
            0.024705061689019203,
            -0.8317625522613525,
            -0.11947465687990189
        ],
        [
            0.0205707885324955,
            -0.8345435857772827,
            -0.12220098078250885
        ],
        [
            0.019650980830192566,
            -0.8316917419433594,
            -0.12175241112709045
        ],
        [
            0.02729806676506996,
            -0.8338058590888977,
            -0.1195618212223053
        ],
        [
            0.026397299021482468,
            -0.8295274972915649,
            -0.11785338073968887
        ],
        [
            0.029484951868653297,
            -0.8301549553871155,
            -0.11757497489452362
        ],
        [
            0.024184703826904297,
            -0.825128972530365,
            -0.1172710433602333
        ],
        [
            0.027031775563955307,
            -0.8235064744949341,
            -0.11624089628458023
        ],
        [
            0.027324652299284935,
            -0.8262882232666016,
            -0.11705666780471802
        ],
        [
            0.025287972763180733,
            -0.8202347755432129,
            -0.11684821546077728
        ],
        [
            0.02188931219279766,
            -0.8232086896896362,
            -0.11834605783224106
        ],
        [
            0.018283648416399956,
            -0.821448564529419,
            -0.12085144221782684
        ],
        [
            0.013463531620800495,
            -0.8198534250259399,
            -0.12395502626895905
        ],
        [
            0.01646815985441208,
            -0.8150079846382141,
            -0.1215936467051506
        ],
        [
            0.02162904664874077,
            -0.8172924518585205,
            -0.11897552013397217
        ],
        [
            0.022523930296301842,
            -0.8381462097167969,
            -0.12143535166978836
        ],
        [
            0.031685683876276016,
            -0.8257144093513489,
            -0.11570169031620026
        ],
        [
            0.03486950695514679,
            -0.8321248292922974,
            -0.11591903120279312
        ],
        [
            0.0319216214120388,
            -0.8208498954772949,
            -0.11498299241065979
        ],
        [
            0.030221886932849884,
            -0.8162869215011597,
            -0.11491699516773224
        ],
        [
            0.026453960686922073,
            -0.8121353387832642,
            -0.11600688844919205
        ],
        [
            0.02096584253013134,
            -0.8087932467460632,
            -0.1188104897737503
        ],
        [
            0.018716223537921906,
            -0.7835147976875305,
            -0.11242101341485977
        ],
        [
            0.027073008939623833,
            -0.7884296178817749,
            -0.10930948704481125
        ],
        [
            0.026457209140062332,
            -0.9088815450668335,
            -0.11919006705284119
        ],
        [
            0.035360757261514664,
            -0.9080254435539246,
            -0.11809016019105911
        ],
        [
            0.03695819526910782,
            -0.8998926281929016,
            -0.11418873071670532
        ],
        [
            0.03859515115618706,
            -0.9026391506195068,
            -0.11399301141500473
        ],
        [
            0.03291986510157585,
            -0.9037594795227051,
            -0.11629234254360199
        ],
        [
            0.03259451687335968,
            -0.9009575843811035,
            -0.11582137644290924
        ],
        [
            0.05264807492494583,
            -0.891780436038971,
            -0.10161741822957993
        ],
        [
            0.04728829860687256,
            -0.8937896490097046,
            -0.10551154613494873
        ],
        [
            0.04796898365020752,
            -0.8899754285812378,
            -0.10429712384939194
        ],
        [
            0.0546548068523407,
            -0.8853908777236938,
            -0.10174138098955154
        ],
        [
            0.03991319239139557,
            -0.8827323913574219,
            -0.11084288358688354
        ],
        [
            0.04449821636080742,
            -0.8839318752288818,
            -0.10805570334196091
        ],
        [
            0.04014313220977783,
            -0.8905906677246094,
            -0.10965191572904587
        ],
        [
            0.03676993399858475,
            -0.8897056579589844,
            -0.11172202229499817
        ],
        [
            0.03286824747920036,
            -0.8892316818237305,
            -0.11345526576042175
        ],
        [
            0.028498444706201553,
            -0.8891180157661438,
            -0.11396631598472595
        ],
        [
            0.029036737978458405,
            -0.8836782574653625,
            -0.11398584395647049
        ],
        [
            0.034392572939395905,
            -0.8828911185264587,
            -0.11301040649414062
        ],
        [
            0.026233075186610222,
            -0.9046666622161865,
            -0.11647623777389526
        ],
        [
            0.019162388518452644,
            -0.9034253358840942,
            -0.11531296372413635
        ],
        [
            0.020722927525639534,
            -0.9004247188568115,
            -0.11508424580097198
        ],
        [
            0.026657290756702423,
            -0.9014782905578613,
            -0.11654005199670792
        ],
        [
            0.011809312738478184,
            -0.8927351832389832,
            -0.10944181680679321
        ],
        [
            0.012755663134157658,
            -0.8953796625137329,
            -0.1104130670428276
        ],
        [
            0.009125182405114174,
            -0.8966583013534546,
            -0.1110522449016571
        ],
        [
            0.00852931383997202,
            -0.8920485377311707,
            -0.11042791604995728
        ],
        [
            0.010826249606907368,
            -0.8891956806182861,
            -0.11119969189167023
        ],
        [
            0.013055465184152126,
            -0.8912209272384644,
            -0.11026063561439514
        ],
        [
            0.02775944396853447,
            -0.9619877338409424,
            -0.10465270280838013
        ],
        [
            0.02255335822701454,
            -0.9453366994857788,
            -0.1153206154704094
        ],
        [
            0.04510951787233353,
            -0.9544035196304321,
            -0.09622369706630707
        ],
        [
            0.05705273523926735,
            -0.9432172775268555,
            -0.08792851865291595
        ],
        [
            0.06525703519582748,
            -0.9293943643569946,
            -0.08014506101608276
        ],
        [
            0.051457516849040985,
            -0.829839289188385,
            -0.10468316078186035
        ],
        [
            0.05394493043422699,
            -0.8204056024551392,
            -0.09956243634223938
        ],
        [
            0.06283434480428696,
            -0.8266223669052124,
            -0.0884692519903183
        ],
        [
            0.06188148632645607,
            -0.8157550096511841,
            -0.0839821845293045
        ],
        [
            0.0530548132956028,
            -0.8095802068710327,
            -0.09610073268413544
        ],
        [
            0.04095519334077835,
            -0.7907862663269043,
            -0.09210962057113647
        ],
        [
            0.04878542572259903,
            -0.7990508079528809,
            -0.09373302012681961
        ],
        [
            0.05778960511088371,
            -0.8053508400917053,
            -0.07820382714271545
        ],
        [
            0.06654554605484009,
            -0.8164263963699341,
            -0.0636579766869545
        ],
        [
            0.06844723969697952,
            -0.8243597149848938,
            -0.0718107670545578
        ],
        [
            0.07155688107013702,
            -0.8306738138198853,
            -0.0509297251701355
        ],
        [
            0.06296974420547485,
            -0.8079168796539307,
            -0.05163818597793579
        ],
        [
            0.06977126002311707,
            -0.8285025358200073,
            -0.0422946959733963
        ],
        [
            0.04927000775933266,
            -0.7717068195343018,
            -0.05453668534755707
        ],
        [
            0.05193261057138443,
            -0.7595592737197876,
            -0.05150245875120163
        ],
        [
            0.06388186663389206,
            -0.7660807967185974,
            -0.03982361778616905
        ],
        [
            0.062307603657245636,
            -0.7779866456985474,
            -0.04312847554683685
        ],
        [
            0.06828457117080688,
            -0.8336231708526611,
            -0.0792464166879654
        ],
        [
            0.06854331493377686,
            -0.8974629640579224,
            -0.08036379516124725
        ],
        [
            0.06270616501569748,
            -0.8979669213294983,
            -0.09100160747766495
        ],
        [
            0.07083345204591751,
            -0.8845218420028687,
            -0.07869389653205872
        ],
        [
            0.07174286246299744,
            -0.9548406600952148,
            -0.05500999093055725
        ],
        [
            0.0635506883263588,
            -0.9513372182846069,
            -0.0725482851266861
        ],
        [
            0.07234442234039307,
            -0.935539722442627,
            -0.06826650351285934
        ],
        [
            0.07844012975692749,
            -0.9406386613845825,
            -0.052748799324035645
        ],
        [
            0.042144253849983215,
            -0.9887118339538574,
            -0.0559631809592247
        ],
        [
            0.03617803007364273,
            -0.9781219959259033,
            -0.08174753934144974
        ],
        [
            0.04924384504556656,
            -0.966078519821167,
            -0.07727135717868805
        ],
        [
            0.05673433467745781,
            -0.9747539758682251,
            -0.056509532034397125
        ],
        [
            0.08206501603126526,
            -0.9409575462341309,
            -0.03989202529191971
        ],
        [
            0.08580593764781952,
            -0.939947247505188,
            -0.021440420299768448
        ],
        [
            0.08170858770608902,
            -0.9544026255607605,
            -0.012020673602819443
        ],
        [
            0.0760234072804451,
            -0.9577556848526001,
            -0.033801376819610596
        ],
        [
            0.07013776898384094,
            -0.9726293683052063,
            -0.0013205520808696747
        ],
        [
            0.06425774097442627,
            -0.9773075580596924,
            -0.0276395995169878
        ],
        [
            0.07004345953464508,
            -0.814185619354248,
            -0.03264313191175461
        ],
        [
            0.07150661945343018,
            -0.8320925235748291,
            -0.029681876301765442
        ],
        [
            0.06011388078331947,
            -0.7920057773590088,
            -0.048085086047649384
        ],
        [
            0.06926580518484116,
            -0.7982824444770813,
            -0.033188946545124054
        ],
        [
            0.05295601859688759,
            -0.9859485626220703,
            0.007667103782296181
        ],
        [
            0.04709421098232269,
            -0.9923367500305176,
            -0.02331341989338398
        ],
        [
            0.08313074707984924,
            -0.9124577045440674,
            0.025180015712976456
        ],
        [
            0.08371962606906891,
            -0.9311263561248779,
            0.019136253744363785
        ],
        [
            0.08778765797615051,
            -0.9205294251441956,
            0.0010671578347682953
        ],
        [
            0.08721080422401428,
