{
    "pred_cam": [
        1.979483962059021,
        0.0668981671333313,
        0.5314474701881409
    ],
    "pred_smpl_params": {
        "global_orient": [
            [
                [
                    0.99293452501297,
                    0.08499233424663544,
                    -0.08280960470438004
                ],
                [
                    0.039298076182603836,
                    -0.8939940929412842,
                    -0.44635209441185
                ],
                [
                    -0.11196780949831009,
                    0.4399440884590149,
                    -0.8910176157951355
                ]
            ]
        ],
        "body_pose": [
            [
                [
                    0.9808751940727234,
                    -0.1878577619791031,
                    -0.05092615261673927
                ],
                [
                    0.15742303431034088,
                    0.6118238568305969,
                    0.7751706838607788
                ],
                [
                    -0.11446399986743927,
                    -0.7683625221252441,
                    0.6296960115432739
                ]
            ],
            [
                [
                    0.9889019727706909,
                    0.0934380441904068,
                    0.1155080795288086
                ],
                [
                    -0.14849627017974854,
                    0.5972917079925537,
                    0.7881569266319275
                ],
                [
                    0.004651815164834261,
                    -0.7965625524520874,
                    0.6045381426811218
                ]
            ],
            [
                [
                    0.998715877532959,
                    0.0018178913742303848,
                    -0.0506281740963459
                ],
                [
                    -0.027580438181757927,
                    0.8577869534492493,
                    -0.5132647752761841
                ],
                [
                    0.042495135217905045,
                    0.5140020847320557,
                    0.8567355871200562
                ]
            ],
            [
                [
                    0.97053462266922,
                    0.1935454159975052,
                    -0.14353637397289276
                ],
                [
                    -0.05281165614724159,
                    -0.41034331917762756,
                    -0.9104005694389343
                ],
                [
                    -0.2351030707359314,
                    0.8911556601524353,
                    -0.3880309462547302
                ]
            ],
            [
                [
                    0.9657485485076904,
                    -0.13007566332817078,
                    0.22452211380004883
                ],
                [
                    0.14378949999809265,
                    -0.451999694108963,
                    -0.8803527355194092
                ],
                [
                    0.2159963697195053,
                    0.8824832439422607,
                    -0.4178145229816437
                ]
            ],
            [
                [
                    0.9998242259025574,
                    -0.01462382823228836,
                    -0.011732866056263447
                ],
                [
                    0.01443485077470541,
                    0.9997672438621521,
                    -0.016033008694648743
                ],
                [
                    0.01196459960192442,
                    0.01586082950234413,
                    0.9998025894165039
                ]
            ],
            [
                [
                    0.9545207023620605,
                    -0.1778220385313034,
                    0.23931053280830383
                ],
                [
                    0.06554447114467621,
                    0.9081856608390808,
                    0.41340371966362
                ],
                [
                    -0.2908507287502289,
                    -0.3789169192314148,
                    0.8785372376441956
                ]
            ],
            [
                [
                    0.9647849202156067,
                    0.1398629993200302,
                    -0.22277440130710602
                ],
                [
                    -0.038555752485990524,
                    0.9129675626754761,
                    0.4062063992023468
                ],
                [
                    0.26019906997680664,
                    -0.3833125829696655,
                    0.8862098455429077
                ]
            ],
            [
                [
                    0.9991424083709717,
                    -0.019297759979963303,
                    -0.03663541376590729
                ],
                [
                    0.017385035753250122,
                    0.998504638671875,
                    -0.05182924121618271
                ],
                [
                    0.03758081793785095,
                    0.051147881895303726,
                    0.9979838132858276
                ]
            ],
            [
                [
                    0.9962268471717834,
                    -0.042741287499666214,
                    0.07553288340568542
                ],
                [
                    0.023740394040942192,
                    0.9713355898857117,
                    0.23652377724647522
                ],
                [
                    -0.08347711712121964,
                    -0.23383817076683044,
                    0.9686852693557739
                ]
            ],
            [
                [
                    0.9958435893058777,
                    0.0808086022734642,
                    -0.04201861098408699
                ],
                [
                    -0.06993528455495834,
                    0.9739680290222168,
                    0.21562796831130981
                ],
                [
                    0.0583493746817112,
                    -0.21179313957691193,
                    0.9755712151527405
                ]
            ],
            [
                [
                    0.9988107085227966,
                    0.045835018157958984,
                    0.0166193637996912
                ],
                [
                    -0.04515654966235161,
                    0.9982133507728577,
                    -0.039127420634031296
                ],
                [
                    -0.018383076414465904,
                    0.03833041712641716,
                    0.9990959167480469
                ]
            ],
            [
                [
                    0.9319350719451904,
                    0.13855962455272675,
                    -0.3351093530654907
                ],
                [
                    -0.09295099973678589,
                    0.9845222234725952,
                    0.14858050644397736
                ],
                [
                    0.3505098521709442,
                    -0.10731863230466843,
                    0.9303900599479675
                ]
            ],
            [
                [
                    0.9724485278129578,
                    -0.10710879415273666,
                    0.2070542722940445
                ],
                [
                    0.08331125974655151,
                    0.9892183542251587,
                    0.12044216692447662
                ],
                [
                    -0.21772229671478271,
                    -0.0998738631606102,
                    0.970887303352356
                ]
            ],
            [
                [
                    0.9970661401748657,
                    -0.02056078426539898,
                    0.07373152673244476
                ],
                [
                    0.02090780809521675,
                    0.9997736811637878,
                    -0.003937706351280212
                ],
                [
                    -0.07363387197256088,
                    0.005467718001455069,
                    0.9972703456878662
                ]
            ],
            [
                [
                    0.6722565293312073,
                    0.5775083899497986,
                    -0.46320101618766785
                ],
                [
                    -0.5044676661491394,
                    0.8152758479118347,
                    0.2843194603919983
                ],
                [
                    0.5418335795402527,
                    0.04253431409597397,
                    0.839408814907074
                ]
            ],
            [
                [
                    0.8908381462097168,
                    -0.4135039150714874,
                    0.18820706009864807
                ],
                [
                    0.3928624987602234,
                    0.9091827869415283,
                    0.1380062997341156
                ],
                [
                    -0.22818076610565186,
                    -0.0490017905831337,
                    0.9723848700523376
                ]
            ],
            [
                [
                    -0.4729921817779541,
                    -0.3949899971485138,
                    -0.7875667214393616
                ],
                [
                    0.2771342992782593,
                    0.7818099856376648,
                    -0.5585425496101379
                ],
                [
                    0.8363462686538696,
                    -0.482448011636734,
                    -0.26032474637031555
                ]
            ],
            [
                [
                    -0.06745755672454834,
                    0.39216482639312744,
                    0.9174182415008545
                ],
                [
                    -0.43274080753326416,
                    0.8170206546783447,
                    -0.3810676634311676
                ],
                [
                    -0.898991048336029,
                    -0.4227101802825928,
                    0.11459150165319443
                ]
            ],
            [
                [
                    0.9639267921447754,
                    -0.2661358714103699,
                    0.0041111488826572895
                ],
                [
                    0.26230284571647644,
                    0.947194516658783,
                    -0.1844443529844284
                ],
                [
                    0.045193202793598175,
                    0.17886920273303986,
                    0.9828343987464905
                ]
            ],
            [
                [
                    0.9789650440216064,
                    0.19888681173324585,
                    -0.04551287367939949
                ],
                [
                    -0.20379121601581573,
                    0.9424477815628052,
                    -0.26506826281547546
                ],
                [
                    -0.009825079701840878,
                    0.26876771450042725,
                    0.9631547927856445
                ]
            ],
            [
                [
                    0.9889706373214722,
                    0.13017641007900238,
                    -0.07064767181873322
                ],
                [
                    -0.12867821753025055,
                    0.9913616180419922,
                    0.025378327816724777
                ],
                [
                    0.07334104925394058,
                    -0.01600760780274868,
                    0.9971783757209778
                ]
            ],
            [
                [
                    0.9853342771530151,
                    -0.15400353074073792,
                    0.07348086684942245
                ],
                [
                    0.1477554440498352,
                    0.98544842004776,
                    0.0840224027633667
                ],
                [
                    -0.08535134792327881,
                    -0.07193294167518616,
                    0.9937509894371033
                ]
            ]
        ],
        "betas": [
            -0.020002618432044983,
            -0.21773377060890198,
            -0.31633317470550537,
            -0.0986875593662262,
            0.05162051320075989,
            -0.016720201820135117,
            0.018384188413619995,
            -0.06948402523994446,
            0.03565368056297302,
            -0.011842995882034302
        ]
    },
    "pred_cam_t": [
        0.0668981671333313,
        0.5314474701881409,
        19.733678817749023
    ],
    "focal_length": [
        5000.0,
        5000.0
    ],
    "pred_keypoints_3d": [
        [
            -0.0012296477798372507,
            -0.8004734516143799,
            -0.09796401113271713
        ],
        [
            0.018406329676508904,
            -0.7059236764907837,
            0.07203152775764465
        ],
        [
            -0.1586398482322693,
            -0.6369243264198303,
            0.1073751449584961
        ],
        [
            -0.37171274423599243,
            -0.5003612637519836,
            0.07411882281303406
        ],
        [
            -0.37996500730514526,
            -0.6414538621902466,
            -0.13889947533607483
        ],
        [
            0.18397556245326996,
            -0.6285213232040405,
            0.016101237386465073
        ],
        [
            0.25134965777397156,
            -0.45549094676971436,
            -0.16782614588737488
        ],
        [
            0.10980530083179474,
            -0.6582133173942566,
            -0.20341774821281433
        ],
        [
            -0.0017392882145941257,
            -0.2216249406337738,
            0.029405366629362106
        ],
        [
            -0.07693791389465332,
            -0.1419515609741211,
            0.0006801541894674301
        ],
        [
            -0.19441746175289154,
            -0.0727546364068985,
            -0.3567149043083191
        ],
        [
            -0.1364515721797943,
            0.21780239045619965,
            -0.08874756097793579
        ],
        [
            0.06064257398247719,
            -0.13464462757110596,
            -0.012966971844434738
        ],
        [
            0.12085456401109695,
            -0.05249014496803284,
            -0.3736443519592285
        ],
        [
            0.03543279320001602,
            0.2338927984237671,
            -0.1091134250164032
        ],
        [
            -0.029936883598566055,
            -0.8417555093765259,
            -0.06294593214988708
        ],
        [
            0.03667469695210457,
            -0.8408663272857666,
            -0.07221251726150513
        ],
        [
            -0.05841745436191559,
            -0.8325961828231812,
            0.038350239396095276
        ],
        [
            0.08791913837194443,
            -0.831134557723999,
            0.016410641372203827
        ],
        [
            0.08330067992210388,
            0.320817768573761,
            -0.27848246693611145
        ],
        [
            0.1330403834581375,
            0.31981486082077026,
            -0.21204885840415955
        ],
        [
            0.029669973999261856,
            0.24375689029693604,
            -0.042230695486068726
        ],
        [
            -0.1822231411933899,
            0.30211710929870605,
            -0.2607898712158203
        ],
        [
            -0.24008972942829132,
            0.2943102717399597,
            -0.19670259952545166
        ],
        [
            -0.1263560801744461,
            0.2436942458152771,
            -0.020891427993774414
        ],
        [
            -0.16050657629966736,
            0.1635473370552063,
            -0.08897566795349121
        ],
        [
            -0.18424738943576813,
            -0.09105691313743591,
            -0.32127347588539124
        ],
        [
            -0.14846259355545044,
            -0.23997239768505096,
            0.08514419198036194
        ],
        [
            0.1563759744167328,
            -0.2106744647026062,
            0.05692427232861519
        ],
        [
            0.13270756602287292,
            -0.06376379728317261,
            -0.34964123368263245
        ],
        [
            0.05113440752029419,
            0.1916138380765915,
            -0.10550602525472641
        ],
        [
            -0.347877562046051,
            -0.6377134323120117,
            -0.12160445749759674
        ],
        [
            -0.37241002917289734,
            -0.5445472002029419,
            0.07596848905086517
        ],
        [
            -0.13013969361782074,
            -0.6642445921897888,
            0.1054900586605072
        ],
        [
            0.16496950387954712,
            -0.6544032096862793,
            0.02990712597966194
        ],
        [
            0.26935574412345886,
            -0.5008562803268433,
            -0.16437479853630066
        ],
        [
            0.12296310067176819,
            -0.6558670401573181,
            -0.18389184772968292
        ],
        [
            0.021220432594418526,
            -0.703765869140625,
            0.06761220097541809
        ],
        [
            0.017708852887153625,
            -0.8838006258010864,
            0.008807259611785412
        ],
        [
            0.0038202989380806684,
            -0.2254112809896469,
            0.07074543833732605
        ],
        [
            0.016986100003123283,
            -0.6533589363098145,
            0.0667787492275238
        ],
        [
            0.016816861927509308,
            -0.4658547639846802,
            0.10561048984527588
        ],
        [
            0.01503888238221407,
            -0.7747232913970947,
            -0.021115105599164963
        ],
        [
            0.01468207873404026,
            -0.903517484664917,
            0.017913885414600372
        ]
    ],
    "pred_vertices": [
        [
            0.04862566292285919,
            -0.8871277570724487,
            -0.07619424164295197
        ],
        [
            0.04206744208931923,
            -0.8728300333023071,
            -0.08143672347068787
        ],
        [
            0.054372675716876984,
            -0.8697218298912048,
            -0.07411250472068787
        ],
        [
            0.06069721281528473,
            -0.8802323937416077,
            -0.06532882153987885
        ],
        [
            0.049267031252384186,
            -0.8601676225662231,
            -0.07851344347000122
        ],
        [
            0.038214437663555145,
            -0.8616718053817749,
            -0.08341163396835327
        ],
        [
            0.06260283291339874,
            -0.8636780977249146,
            -0.06464707106351852
        ],
        [
            0.06890687346458435,
            -0.8708019256591797,
            -0.054898492991924286
        ],
        [
            0.06968042254447937,
            -0.8269604444503784,
            -0.052083343267440796
        ],
        [
            0.07451596856117249,
            -0.8215066194534302,
            -0.042249009013175964
        ],
        [
            0.07422405481338501,
            -0.8348280787467957,
            -0.045421309769153595
        ],
        [
            0.06797496974468231,
            -0.8364440202713013,
            -0.05319628119468689
        ],
        [
            0.06764402240514755,
            -0.8018139600753784,
            -0.047471046447753906
        ],
        [
            0.06012902036309242,
            -0.7925699949264526,
            -0.05507161468267441
        ],
        [
            0.06320598721504211,
            -0.7837128639221191,
            -0.045176662504673004
        ],
        [
            0.0694575384259224,
            -0.7925177812576294,
            -0.036790646612644196
        ],
        [
            0.025249850004911423,
            -0.8069398403167725,
            -0.07494069635868073
        ],
        [
            0.030631158500909805,
            -0.8001986742019653,
            -0.07450683414936066
        ],
        [
            0.03476715460419655,
            -0.8067039251327515,
            -0.07433167845010757
        ],
        [
            0.02858305722475052,
            -0.8126761317253113,
            -0.07446055859327316
        ],
        [
            0.015270763076841831,
            -0.8169119358062744,
            -0.08018521964550018
        ],
        [
            0.016795111820101738,
            -0.8224074840545654,
            -0.07713589817285538
        ],
        [
            0.011476142331957817,
            -0.8263343572616577,
            -0.0817577987909317
        ],
        [
            0.01063050888478756,
            -0.8200968503952026,
            -0.0858871340751648
        ],
        [
            0.019838903099298477,
            -0.8017831444740295,
            -0.07461860775947571
        ],
        [
            0.025563005357980728,
            -0.7949395179748535,
            -0.07334282249212265
        ],
        [
            0.020433634519577026,
            -0.8126471042633057,
            -0.07600494474172592
        ],
        [
            0.018040701746940613,
            -0.8084656000137329,
            -0.07793515175580978
        ],
        [
            0.013688124716281891,
            -0.8024411201477051,
            -0.08781101554632187
        ],
        [
            0.015510211698710918,
            -0.8070926666259766,
            -0.08654612302780151
        ],
        [
            0.011386661790311337,
            -0.8083057403564453,
            -0.09325983375310898
        ],
        [
            0.009945170022547245,
            -0.8027330636978149,
            -0.09221034497022629
        ],
        [
            0.017644520848989487,
            -0.8018207550048828,
            -0.07912017405033112
        ],
        [
            0.01798495277762413,
            -0.8046858310699463,
            -0.0819021537899971
        ],
        [
            0.015002436004579067,
            -0.8010635375976562,
            -0.08388860523700714
        ],
        [
            0.01395601499825716,
            -0.7989732027053833,
            -0.08062508702278137
        ],
        [
            0.014318453148007393,
            -0.8128907680511475,
            -0.08290836215019226
        ],
        [
            0.010587116703391075,
            -0.814727783203125,
            -0.0895497277379036
        ],
        [
            0.005783943459391594,
            -0.8162957429885864,
            -0.09629618376493454
        ],
        [
            0.00628150999546051,
            -0.8078722953796387,
            -0.09947830438613892
        ],
        [
            0.041853614151477814,
            -0.7864618301391602,
            -0.06844724714756012
        ],
        [
            0.03668953850865364,
            -0.7934966087341309,
            -0.07262974977493286
        ],
        [
            0.031410545110702515,
            -0.7886937260627747,
            -0.0721718817949295
        ],
        [
            0.036286864429712296,
            -0.7830896973609924,
            -0.06938383728265762
        ],
        [
            0.015526085160672665,
            -0.7956954836845398,
            -0.07708653062582016
        ],
        [
            0.018784666433930397,
            -0.7797582149505615,
            -0.07691655308008194
        ],
        [
            0.01913391426205635,
            -0.7835049629211426,
            -0.0773683562874794
        ],
        [
            0.012670180760324001,
            -0.7845108509063721,
            -0.08075716346502304
        ],
        [
            0.012988615781068802,
            -0.7810004949569702,
            -0.08019544184207916
        ],
        [
            0.0472487173974514,
            -0.7722666263580322,
            -0.059331007301807404
        ],
        [
            0.04116079956293106,
            -0.771192193031311,
            -0.06330577284097672
        ],
        [
            0.04167504608631134,
            -0.7642593383789062,
            -0.06035967916250229
        ],
        [
            0.04713305085897446,
            -0.7640780806541443,
            -0.05505707859992981
        ],
        [
            0.03930826485157013,
            -0.7586082220077515,
            -0.05870334059000015
        ],
        [
            0.04592299833893776,
            -0.7562180757522583,
            -0.05117790400981903
        ],
        [
            0.03653533756732941,
            -0.7420294284820557,
            -0.049338407814502716
        ],
        [
            0.041255392134189606,
            -0.7481821179389954,
            -0.05012725293636322
        ],
        [
            0.03526940569281578,
            -0.7529295086860657,
            -0.05843641608953476
        ],
        [
            0.02955063246190548,
            -0.7478054761886597,
            -0.06091080605983734
        ],
        [
            0.016754552721977234,
            -0.7523953914642334,
            -0.06876292824745178
        ],
        [
            0.010691910982131958,
            -0.7512006163597107,
            -0.07099563628435135
        ],
        [
            0.014997094869613647,
            -0.7389950156211853,
            -0.06816204637289047
        ],
        [
            0.02203517034649849,
            -0.7425143718719482,
            -0.06514698266983032
        ],
        [
            0.018945440649986267,
            -0.7737761735916138,
            -0.07234412431716919
        ],
        [
            0.02311721257865429,
            -0.773878276348114,
            -0.0697617307305336
        ],
        [
            0.023188725113868713,
            -0.775193989276886,
            -0.07221246510744095
        ],
        [
            0.01878432370722294,
            -0.7763378620147705,
            -0.07520643621683121
        ],
        [
            0.026699785143136978,
            -0.7736175656318665,
            -0.06816180050373077
        ],
        [
            0.02840077504515648,
            -0.7732957601547241,
            -0.06748861074447632
        ],
        [
            0.028127532452344894,
            -0.7745360136032104,
            -0.06876565515995026
        ],
        [
            0.02671617642045021,
            -0.7744060754776001,
            -0.06886935234069824
        ],
        [
            0.02467178925871849,
            -0.7740902900695801,
            -0.06937966495752335
        ],
        [
            0.023663291707634926,
            -0.7721891403198242,
            -0.06964077055454254
        ],
        [
            0.025800123810768127,
            -0.7728452682495117,
            -0.06863047182559967
        ],
        [
            0.019832579419016838,
            -0.7713961601257324,
            -0.07214345037937164
        ],
        [
            0.006360757164657116,
            -0.769242525100708,
            -0.07878950238227844
        ],
        [
            0.010383408516645432,
            -0.7695413827896118,
            -0.07772792875766754
        ],
        [
            0.009208316914737225,
            -0.7738983631134033,
            -0.0771103948354721
        ],
        [
            0.005707126576453447,
            -0.7741336822509766,
            -0.07809612154960632
        ],
        [
            0.026354020461440086,
            -0.7767125368118286,
            -0.07052494585514069
        ],
        [
            0.029031207785010338,
            -0.7778815627098083,
            -0.07035470753908157
        ],
        [
            0.024966783821582794,
            -0.7805622220039368,
            -0.07369772344827652
        ],
        [
            0.023822134360671043,
            -0.777937650680542,
            -0.07282031327486038
        ],
        [
            0.03185741975903511,
            -0.7797037363052368,
            -0.07061586529016495
        ],
        [
            0.030485564842820168,
            -0.775698184967041,
            -0.06846125423908234
        ],
        [
            0.033478595316410065,
            -0.776531457901001,
            -0.0679628998041153
        ],
        [
            0.027825772762298584,
            -0.7715835571289062,
            -0.06744278967380524
        ],
        [
            0.030546188354492188,
            -0.769852876663208,
            -0.0660940483212471
        ],
        [
            0.031131425872445107,
            -0.7723839282989502,
            -0.06730450689792633
        ],
        [
            0.028424400836229324,
            -0.7666538953781128,
            -0.06616082787513733
        ],
        [
            0.025229526683688164,
            -0.7697126865386963,
            -0.06821982562541962
        ],
        [
            0.02138468436896801,
            -0.7679084539413452,
            -0.0705621987581253
        ],
        [
            0.01641361229121685,
            -0.7662749290466309,
            -0.07357633113861084
        ],
        [
            0.019026771187782288,
            -0.761405885219574,
            -0.07051078230142593
        ],
        [
            0.024404354393482208,
            -0.763698399066925,
            -0.06795227527618408
        ],
        [
            0.027194857597351074,
            -0.7845643758773804,
            -0.07322406768798828
        ],
        [
            0.03545548394322395,
            -0.7717474699020386,
            -0.06554100662469864
        ],
        [
            0.0391375795006752,
            -0.7781921625137329,
            -0.06602856516838074
        ],
        [
            0.03523603826761246,
            -0.767042875289917,
            -0.06407231837511063
        ],
        [
            0.03303109109401703,
            -0.7625925540924072,
            -0.06326781958341599
        ],
        [
            0.029032442718744278,
            -0.7586455345153809,
            -0.06413009762763977
        ],
        [
            0.022939207032322884,
            -0.7552359700202942,
            -0.06646803766489029
        ],
        [
            0.017950568348169327,
            -0.7305668592453003,
            -0.05605209618806839
        ],
        [
            0.026812098920345306,
            -0.7355169057846069,
            -0.053469233214855194
        ],
        [
            0.036104414612054825,
            -0.8541216254234314,
            -0.08010514825582504
        ],
        [
            0.0449894517660141,
            -0.8534138202667236,
            -0.0782959833741188
        ],
        [
            0.0458231046795845,
            -0.8456342220306396,
            -0.07321608811616898
        ],
        [
            0.047863978892564774,
            -0.8477427959442139,
            -0.07344950735569
        ],
        [
            0.04213313013315201,
            -0.8492807745933533,
            -0.07628512382507324
        ],
        [
            0.041491154581308365,
            -0.8467577695846558,
            -0.07510004192590714
        ],
        [
            0.06084276735782623,
            -0.8387665748596191,
            -0.058372579514980316
        ],
        [
            0.05547229200601578,
            -0.8406250476837158,
            -0.06262795627117157
        ],
        [
            0.055635761469602585,
            -0.8368258476257324,
            -0.06061163544654846
        ],
        [
            0.062245532870292664,
            -0.8319690823554993,
            -0.057024046778678894
        ],
        [
            0.047393567860126495,
            -0.8290971517562866,
            -0.06687983870506287
        ],
        [
            0.05200916901230812,
            -0.8303220272064209,
            -0.06388493627309799
        ],
        [
            0.04825255647301674,
            -0.8371554613113403,
            -0.06695026904344559
        ],
        [
            0.04476934298872948,
            -0.8362745046615601,
            -0.06906601041555405
        ],
        [
            0.04093444347381592,
            -0.8358500003814697,
            -0.07090912759304047
        ],
        [
            0.036451246589422226,
            -0.8358340263366699,
            -0.07150426506996155
        ],
        [
            0.03669776767492294,
            -0.830572247505188,
            -0.07076636701822281
        ],
        [
            0.04199922829866409,
            -0.8295217156410217,
            -0.06937620788812637
        ],
        [
            0.03558911383152008,
            -0.8508220911026001,
            -0.07676548510789871
        ],
        [
            0.028254911303520203,
            -0.8501962423324585,
            -0.07580412179231644
        ],
        [
            0.02970992773771286,
            -0.847341775894165,
            -0.07508447021245956
        ],
        [
            0.03572656214237213,
            -0.8476979732513428,
            -0.07620257139205933
        ],
        [
            0.01978379860520363,
            -0.841289758682251,
            -0.06904786825180054
        ],
        [
            0.020998980849981308,
            -0.8436732292175293,
            -0.0702311098575592
        ],
        [
            0.017343197017908096,
            -0.8451570868492126,
            -0.07117143273353577
        ],
        [
            0.01643560454249382,
            -0.8407028317451477,
            -0.07004373520612717
        ],
        [
            0.018574122339487076,
            -0.8376799821853638,
            -0.07022076845169067
        ],
        [
            0.02094496414065361,
            -0.8396217823028564,
            -0.06949903070926666
        ],
        [
            0.03978760167956352,
            -0.9091396927833557,
            -0.07488858699798584
        ],
        [
            0.034604065120220184,
            -0.8920382261276245,
            -0.08210209757089615
        ],
        [
            0.05589035898447037,
            -0.9025152325630188,
            -0.06308130919933319
        ],
        [
            0.06700169295072556,
            -0.8919984102249146,
            -0.05273905396461487
        ],
        [
            0.07526183128356934,
            -0.8782616257667542,
            -0.04314347729086876
        ],
        [
            0.05517096817493439,
            -0.7766542434692383,
            -0.053135231137275696
        ],
        [
            0.05668003857135773,
            -0.7680379152297974,
            -0.04640030115842819
        ],
        [
            0.06599150598049164,
            -0.7755721211433411,
            -0.03526870906352997
        ],
        [
            0.06387227773666382,
            -0.7655351161956787,
            -0.029880128800868988
        ],
        [
            0.05478591099381447,
            -0.7578319311141968,
            -0.0416436642408371
        ],
        [
            0.040746308863162994,
            -0.7394424676895142,
            -0.03621456027030945
        ],
        [
            0.04926726967096329,
            -0.7475411891937256,
            -0.038222357630729675
        ],
        [
            0.059289753437042236,
            -0.7555651664733887,
            -0.023338373750448227
        ],
        [
            0.06867042928934097,
            -0.7688466310501099,
            -0.009960241615772247
        ],
        [
            0.07111401110887527,
            -0.7757429480552673,
            -0.018670517951250076
        ],
        [
            0.07475997507572174,
            -0.7847586870193481,
            0.0009792894124984741
        ],
        [
            0.06480544060468674,
            -0.7616360187530518,
            0.002416744828224182
        ],
        [
            0.07283531874418259,
            -0.7843990325927734,
            0.009942583739757538
        ],
        [
            0.04854559153318405,
            -0.726548969745636,
            0.0036760568618774414
        ],
        [
            0.050964463502168655,
            -0.7158467173576355,
            0.00820324569940567
        ],
        [
            0.0636623427271843,
            -0.7237762808799744,
            0.019185923039913177
        ],
        [
            0.061858467757701874,
            -0.7341636419296265,
            0.014392346143722534
        ],
        [
            0.07159516215324402,
            -0.7834874391555786,
            -0.02677781879901886
        ],
        [
            0.07635658979415894,
            -0.8463253974914551,
            -0.03850550949573517
        ],
        [
            0.07198774814605713,
            -0.845771074295044,
            -0.04944228380918503
        ],
        [
            0.07831268012523651,
            -0.8337048292160034,
            -0.034201718866825104
        ],
        [
            0.0819498673081398,
            -0.9067854285240173,
            -0.022251933813095093
        ],
        [
            0.07352624833583832,
            -0.9014250040054321,
            -0.03860613703727722
        ],
        [
            0.08137013018131256,
            -0.8863904476165771,
            -0.03144261986017227
        ],
        [
            0.08736452460289001,
            -0.8934890627861023,
            -0.01679481565952301
        ],
        [
            0.054068323224782944,
            -0.9420554637908936,
            -0.030457161366939545
        ],
        [
            0.04824833199381828,
            -0.9280506372451782,
            -0.05356841906905174
        ],
        [
            0.060407593846321106,
            -0.9167852401733398,
            -0.0468253530561924
        ],
        [
            0.06764315068721771,
            -0.9273475408554077,
            -0.027883946895599365
        ],
        [
            0.09006249159574509,
            -0.8950142860412598,
            -0.003800325095653534
        ],
        [
            0.0930357575416565,
            -0.8972601890563965,
            0.01555323600769043
        ],
        [
            0.09007701277732849,
            -0.9137298464775085,
            0.021608464419841766
        ],
        [
            0.08569984883069992,
            -0.9130284786224365,
            -0.0014575943350791931
        ],
        [
            0.07878024131059647,
            -0.9338291883468628,
            0.028076879680156708
        ],
        [
            0.0749683529138565,
            -0.9340792894363403,
            0.000802457332611084
        ],
        [
            0.07039357721805573,
            -0.7719401121139526,
            0.02128838747739792
        ],
        [
            0.07375001907348633,
            -0.7906171679496765,
            0.022576957941055298
        ],
        [
            0.06013541296124458,
            -0.7468889951705933,
            0.007342338562011719
        ],
        [
            0.06864966452121735,
            -0.7560765743255615,
            0.022385478019714355
        ],
        [
            0.062499724328517914,
            -0.9491629600524902,
            0.03289545327425003
        ],
        [
            0.05799486115574837,
            -0.9510453343391418,
            0.0016111209988594055
        ],
        [
            0.08540846407413483,
            -0.8788056373596191,
            0.06643561273813248
        ],
        [
            0.08895963430404663,
            -0.8956081867218018,
            0.05727631598711014
        ],
        [
            0.09256565570831299,
            -0.8819077014923096,
            0.04159419238567352
        ],
        [
            0.09037397056818008,
