{
    "pred_cam": [
        1.4791791439056396,
        0.04790429025888443,
        0.35427382588386536
    ],
    "pred_smpl_params": {
        "global_orient": [
            [
                [
                    0.9902167320251465,
                    0.05160688981413841,
                    -0.12964396178722382
                ],
                [
                    0.0627705529332161,
                    -0.994524359703064,
                    0.08355297893285751
                ],
                [
                    -0.1246221736073494,
                    -0.09087338298559189,
                    -0.9880340695381165
                ]
            ]
        ],
        "body_pose": [
            [
                [
                    0.9987010955810547,
                    -0.04027307778596878,
                    0.031212862581014633
                ],
                [
                    0.03795650973916054,
                    0.9967139959335327,
                    0.07155788689851761
                ],
                [
                    -0.03399215266108513,
                    -0.07028020173311234,
                    0.9969480037689209
                ]
            ],
            [
                [
                    0.9994843602180481,
                    -0.010235508903861046,
                    0.03043315000832081
                ],
                [
                    0.008289455436170101,
                    0.9979538917541504,
                    0.0633978322148323
                ],
                [
                    -0.0310197900980711,
                    -0.06311286985874176,
                    0.9975241422653198
                ]
            ],
            [
                [
                    0.9995291829109192,
                    -0.010770078748464584,
                    -0.02872917614877224
                ],
                [
                    0.008990122936666012,
                    0.9980738759040833,
                    -0.061381660401821136
                ],
                [
                    0.02933492697775364,
                    0.061094485223293304,
                    0.9977008104324341
                ]
            ],
            [
                [
                    0.9865538477897644,
                    0.02516065165400505,
                    -0.1614878624677658
                ],
                [
                    -0.1440972536802292,
                    0.6001423597335815,
                    -0.7868068814277649
                ],
                [
                    0.07711915671825409,
                    0.7994974255561829,
                    0.595698356628418
                ]
            ],
            [
                [
                    0.9784598350524902,
                    0.03690323606133461,
                    0.20311224460601807
                ],
                [
                    0.14282533526420593,
                    0.5893896222114563,
                    -0.7951232194900513
                ],
                [
                    -0.1490548700094223,
                    0.8070056438446045,
                    0.571423351764679
                ]
            ],
            [
                [
                    0.9993207454681396,
                    -0.02510099671781063,
                    -0.026981951668858528
                ],
                [
                    0.02753331884741783,
                    0.9951990246772766,
                    0.09391945600509644
                ],
                [
                    0.024494938552379608,
                    -0.09459855407476425,
                    0.9952141642570496
                ]
            ],
            [
                [
                    0.9618536829948425,
                    0.0428030863404274,
                    0.2701951861381531
                ],
                [
                    -0.07219096273183823,
                    0.9923872947692871,
                    0.09977936744689941
                ],
                [
                    -0.26386740803718567,
                    -0.11547879874706268,
                    0.9576213955879211
                ]
            ],
            [
                [
                    0.9600195288658142,
                    -0.051653917878866196,
                    -0.2751263380050659
                ],
                [
                    0.07887029647827148,
                    0.9929227828979492,
                    0.08879078179597855
                ],
                [
                    0.26859280467033386,
                    -0.10694016516208649,
                    0.9572992324829102
                ]
            ],
            [
                [
                    0.9995015859603882,
                    -0.016632284969091415,
                    -0.026832912117242813
                ],
                [
                    0.01421460509300232,
                    0.9960276484489441,
                    -0.08790314942598343
                ],
                [
                    0.028188351541757584,
                    0.0874779149889946,
                    0.9957676529884338
                ]
            ],
            [
                [
                    0.9841881394386292,
                    -0.14277231693267822,
                    -0.1048320084810257
                ],
                [
                    0.1632734090089798,
                    0.9607121348381042,
                    0.22444148361682892
                ],
                [
                    0.06866934895515442,
                    -0.23800893127918243,
                    0.9688324332237244
                ]
            ],
            [
                [
                    0.9774511456489563,
                    0.16041773557662964,
                    0.13731518387794495
                ],
                [
                    -0.18506208062171936,
                    0.963947057723999,
                    0.19120191037654877
                ],
                [
                    -0.10169238597154617,
                    -0.2123023420572281,
                    0.9718983769416809
                ]
            ],
            [
                [
                    0.9979962706565857,
                    -0.045016203075647354,
                    0.04446139559149742
                ],
                [
                    0.03797800466418266,
                    0.9882420301437378,
                    0.14810597896575928
                ],
                [
                    -0.050605788826942444,
                    -0.14612069725990295,
                    0.9879714846611023
                ]
            ],
            [
                [
                    0.9569916725158691,
                    0.19171617925167084,
                    0.21774263679981232
                ],
                [
                    -0.17710892856121063,
                    0.9805211424827576,
                    -0.08491667360067368
                ],
                [
                    -0.2297811359167099,
                    0.0427003838121891,
                    0.9723052382469177
                ]
            ],
            [
                [
                    0.9614097476005554,
                    -0.18147613108158112,
                    -0.20677916705608368
                ],
                [
                    0.17810183763504028,
                    0.9833900928497314,
                    -0.034979432821273804
                ],
                [
                    0.20969253778457642,
                    -0.003198174759745598,
                    0.9777620434761047
                ]
            ],
            [
                [
                    0.998770534992218,
                    -0.03282996639609337,
                    0.037143927067518234
                ],
                [
                    0.03651103749871254,
                    0.9939895868301392,
                    -0.10320650786161423
                ],
                [
                    -0.033532410860061646,
                    0.10443577915430069,
                    0.9939661622047424
                ]
            ],
            [
                [
                    0.6267544627189636,
                    0.7762194275856018,
                    -0.06828051060438156
                ],
                [
                    -0.7740503549575806,
                    0.6101300716400146,
                    -0.1690778136253357
                ],
                [
                    -0.08958148956298828,
                    0.15882283449172974,
                    0.983234703540802
                ]
            ],
            [
                [
                    0.7115728259086609,
                    -0.699967622756958,
                    0.06090440973639488
                ],
                [
                    0.7016292810440063,
                    0.7033185958862305,
                    -0.11427722871303558
                ],
                [
                    0.03715516999363899,
                    0.12404888868331909,
                    0.9915801882743835
                ]
            ],
            [
                [
                    0.3874811828136444,
                    -0.340883731842041,
                    -0.8565375208854675
                ],
                [
                    0.06438715010881424,
                    0.9368610382080078,
                    -0.34372326731681824
                ],
                [
                    0.9196263551712036,
                    0.07803630083799362,
                    0.38496455550193787
                ]
            ],
            [
                [
                    0.6370491981506348,
                    0.239391028881073,
                    0.7327073812484741
                ],
                [
                    -0.10940404236316681,
                    0.969009518623352,
                    -0.22147506475448608
                ],
                [
                    -0.7630196809768677,
                    0.060929346829652786,
                    0.643497109413147
                ]
            ],
            [
                [
                    0.9950939416885376,
                    -0.09016823023557663,
                    -0.040715791285037994
                ],
                [
                    0.0860653892159462,
                    0.991917073726654,
                    -0.09323786944150925
                ],
                [
                    0.04879378154873848,
                    0.08927621692419052,
                    0.9948110580444336
                ]
            ],
            [
                [
                    0.9975218772888184,
                    0.0670185387134552,
                    0.021415742114186287
                ],
                [
                    -0.06377030909061432,
                    0.9898238778114319,
                    -0.12720878422260284
                ],
                [
                    -0.029723158106207848,
                    0.12552785873413086,
                    0.9916447401046753
                ]
            ],
            [
                [
                    0.9810022115707397,
                    0.18631049990653992,
                    -0.05406549200415611
                ],
                [
                    -0.17741864919662476,
                    0.9743518829345703,
                    0.13842332363128662
                ],
                [
                    0.07846853882074356,
                    -0.12620136141777039,
                    0.9888963103294373
                ]
            ],
            [
                [
                    0.9818122386932373,
                    -0.18828356266021729,
                    0.024372711777687073
                ],
                [
                    0.1825990229845047,
                    0.9716283679008484,
                    0.15031947195529938
                ],
                [
                    -0.05198390409350395,
                    -0.14313507080078125,
                    0.9883370399475098
                ]
            ]
        ],
        "betas": [
            -0.23048824071884155,
            0.20797675848007202,
            0.5475183725357056,
            -0.05082538723945618,
            0.014335274696350098,
            0.07970157265663147,
            0.05429697036743164,
            -0.15166622400283813,
            0.06585374474525452,
            -0.13365429639816284
        ]
    },
    "pred_cam_t": [
        0.04790429025888443,
        0.35427382588386536,
        26.408227920532227
    ],
    "focal_length": [
        5000.0,
        5000.0
    ],
    "pred_keypoints_3d": [
        [
            -0.009102730080485344,
            -0.8486961722373962,
            -0.14745613932609558
        ],
        [
            0.017001383006572723,
            -0.7322473526000977,
            0.006715308874845505
        ],
        [
            -0.1433502584695816,
            -0.6601495742797852,
            0.07547818869352341
        ],
        [
            -0.24836620688438416,
            -0.4651440382003784,
            0.19344186782836914
        ],
        [
            -0.41901695728302,
            -0.3112812042236328,
            0.09224984794855118
        ],
        [
            0.18485614657402039,
            -0.6548815965652466,
            -0.002000204287469387
        ],
        [
            0.3006266951560974,
            -0.4482165575027466,
            0.09817594289779663
        ],
        [
            0.3468599319458008,
            -0.29956328868865967,
            -0.09023237228393555
        ],
        [
            -0.0015192893333733082,
            -0.22204849123954773,
            0.0270928293466568
        ],
        [
            -0.07285162061452866,
            -0.13656459748744965,
            0.04883803054690361
        ],
        [
            -0.1283656358718872,
            0.24026109278202057,
            0.07128696888685226
        ],
        [
            -0.11319703608751297,
            0.4279237389564514,
            0.41958585381507874
        ],
        [
            0.0641462579369545,
            -0.1272665560245514,
            0.03446536511182785
        ],
        [
            0.09005007147789001,
            0.24561598896980286,
            0.04211388900876045
        ],
        [
            0.10266740620136261,
            0.4399626553058624,
            0.38648706674575806
        ],
        [
            -0.03970232978463173,
            -0.8851736187934875,
            -0.10807307064533234
        ],
        [
            0.02524200826883316,
            -0.8907424211502075,
            -0.11841139942407608
        ],
        [
            -0.06329546868801117,
            -0.8621569871902466,
            -0.010229339823126793
        ],
        [
            0.07781627774238586,
            -0.8742579817771912,
            -0.03398216515779495
        ],
        [
            0.09873615205287933,
            0.6134250164031982,
            0.29721882939338684
        ],
        [
            0.1657382696866989,
            0.5836440920829773,
            0.33435389399528503
        ],
        [
            0.11316066980361938,
            0.41859686374664307,
            0.45380041003227234
        ],
        [
            -0.12123998999595642,
            0.600446343421936,
            0.3337041735649109
        ],
        [
            -0.1899210810661316,
            0.5692947506904602,
            0.3736101984977722
        ],
        [
            -0.11230906844139099,
            0.41330134868621826,
            0.4925956130027771
        ],
        [
            -0.13442888855934143,
            0.3785077929496765,
            0.3980864882469177
        ],
        [
            -0.12456788122653961,
            0.1857445240020752,
            0.05589023232460022
        ],
        [
            -0.14479900896549225,
            -0.2616282105445862,
            0.04916495829820633
        ],
        [
            0.1474044919013977,
            -0.22994357347488403,
            0.028036393225193024
        ],
        [
            0.10206180810928345,
            0.21095426380634308,
            0.03174469992518425
        ],
        [
            0.11282022297382355,
            0.39973530173301697,
            0.3760131001472473
        ],
        [
            -0.3970712423324585,
            -0.3328823745250702,
            0.07203284651041031
        ],
        [
            -0.2748299241065979,
            -0.4954875707626343,
            0.17977282404899597
        ],
        [
            -0.1154872477054596,
            -0.6863580346107483,
            0.0632476881146431
        ],
        [
            0.15822044014930725,
            -0.684252142906189,
            0.004078063648194075
        ],
        [
            0.32128196954727173,
            -0.48097115755081177,
            0.06286518275737762
        ],
        [
            0.34070050716400146,
            -0.3214568793773651,
            -0.08983105421066284
        ],
        [
            0.020923765376210213,
            -0.7354313135147095,
            0.010130209848284721
        ],
        [
            0.004938776604831219,
            -0.9212020039558411,
            -0.03185785561800003
        ],
        [
            0.0019930817652493715,
            -0.24589189887046814,
            0.038728781044483185
        ],
        [
            0.02047821506857872,
            -0.68199622631073,
            0.02771586924791336
        ],
        [
            0.017701735720038414,
            -0.49044835567474365,
            0.035215310752391815
        ],
        [
            0.010766265913844109,
            -0.8186258673667908,
            -0.0753769800066948
        ],
        [
            0.0006288830190896988,
            -0.9395253658294678,
            -0.021174365654587746
        ]
    ],
    "pred_vertices": [
        [
            0.03354068100452423,
            -0.9371654391288757,
            -0.11708816885948181
        ],
        [
            0.0274601262062788,
            -0.9232698678970337,
            -0.12283618748188019
        ],
        [
            0.03964879736304283,
            -0.919695258140564,
            -0.1164412647485733
        ],
        [
            0.04625565558671951,
            -0.9300685524940491,
            -0.10740841925144196
        ],
        [
            0.03552743420004845,
            -0.9109828472137451,
            -0.12194500863552094
        ],
        [
            0.02464677207171917,
            -0.9120357036590576,
            -0.12700989842414856
        ],
        [
            0.048213571310043335,
            -0.9133180379867554,
            -0.10775116086006165
        ],
        [
            0.054201092571020126,
            -0.9205394387245178,
            -0.09733155369758606
        ],
        [
            0.0578727200627327,
            -0.8781260251998901,
            -0.10057683289051056
        ],
        [
            0.0632636696100235,
            -0.8731299638748169,
            -0.0921875610947609
        ],
        [
            0.062099941074848175,
            -0.8847024440765381,
            -0.09236732125282288
        ],
        [
            0.05587724596261978,
            -0.886320173740387,
            -0.10030879080295563
        ],
        [
            0.059041768312454224,
            -0.8519432544708252,
            -0.09917721152305603
        ],
        [
            0.0523223802447319,
            -0.8430529832839966,
            -0.10719765722751617
        ],
        [
            0.0563315823674202,
            -0.8334165811538696,
            -0.09869390726089478
        ],
        [
            0.06188208609819412,
            -0.8416234254837036,
            -0.08984608948230743
        ],
        [
            0.016674328595399857,
            -0.8564691543579102,
            -0.12434957921504974
        ],
        [
            0.022479387000203133,
            -0.8502728939056396,
            -0.12450109422206879
        ],
        [
            0.02598269283771515,
            -0.8571056127548218,
            -0.12373380362987518
        ],
        [
            0.019464947283267975,
            -0.86240553855896,
            -0.12317505478858948
        ],
        [
            0.006108155474066734,
            -0.8654252290725708,
            -0.1282670944929123
        ],
        [
            0.0071913134306669235,
            -0.870693027973175,
            -0.12470540404319763
        ],
        [
            0.0015523992478847504,
            -0.8745737075805664,
            -0.12858714163303375
        ],
        [
            0.001172531396150589,
            -0.8687314987182617,
            -0.13334818184375763
        ],
        [
            0.011715716682374477,
            -0.8508496284484863,
            -0.12392786145210266
        ],
        [
            0.017975466325879097,
            -0.8445080518722534,
            -0.12365251779556274
        ],
        [
            0.011517498642206192,
            -0.8618286848068237,
            -0.12487146258354187
        ],
        [
            0.009587160311639309,
            -0.8569695949554443,
            -0.1270168274641037
        ],
        [
            0.005614524707198143,
            -0.8516061305999756,
            -0.1370077133178711
        ],
        [
            0.006979294121265411,
            -0.8562051057815552,
            -0.13542431592941284
        ],
        [
            0.0026245135813951492,
            -0.8575664758682251,
            -0.14165952801704407
        ],
        [
            0.0019219424575567245,
            -0.8519718647003174,
            -0.14128908514976501
        ],
        [
            0.009599822573363781,
            -0.8502541184425354,
            -0.1284560114145279
        ],
        [
            0.009558453224599361,
            -0.8533564805984497,
            -0.13108646869659424
        ],
        [
            0.007101826369762421,
            -0.8497198820114136,
            -0.13329288363456726
        ],
        [
            0.0062775034457445145,
            -0.8472608923912048,
            -0.13001438975334167
        ],
        [
            0.005330899730324745,
            -0.8612107038497925,
            -0.13127069175243378
        ],
        [
            0.0014545358717441559,
            -0.8635140657424927,
            -0.13751427829265594
        ],
        [
            -0.003402410075068474,
            -0.8652602434158325,
            -0.1437026858329773
        ],
        [
            -0.002313898876309395,
            -0.8572520017623901,
            -0.14789602160453796
        ],
        [
            0.03465422987937927,
            -0.8371507525444031,
            -0.12034840881824493
        ],
        [
            0.028879864141345024,
            -0.8439363837242126,
            -0.12361736595630646
        ],
        [
            0.024151083081960678,
            -0.8387757539749146,
            -0.1231711357831955
        ],
        [
            0.029403677210211754,
            -0.8334383964538574,
            -0.12127633392810822
        ],
        [
            0.008060311898589134,
            -0.8440729379653931,
            -0.12699326872825623
        ],
        [
            0.012624834664165974,
            -0.8286808729171753,
            -0.1286328285932541
        ],
        [
            0.012618797831237316,
            -0.8324489593505859,
            -0.12859110534191132
        ],
        [
            0.006176024675369263,
            -0.8331828117370605,
            -0.13161231577396393
        ],
        [
            0.006834875792264938,
            -0.8297130465507507,
            -0.13160395622253418
        ],
        [
            0.04133222997188568,
            -0.8226253390312195,
            -0.11298169195652008
        ],
        [
            0.03520897403359413,
            -0.8215919733047485,
            -0.11648115515708923
        ],
        [
            0.03629617020487785,
            -0.8146158456802368,
            -0.11432553827762604
        ],
        [
            0.04201626777648926,
            -0.8141912221908569,
            -0.10956034064292908
        ],
        [
            0.03444693610072136,
            -0.8087654709815979,
            -0.11320549249649048
        ],
        [
            0.04151076823472977,
            -0.8060210943222046,
            -0.10652601718902588
        ],
        [
            0.03355765342712402,
            -0.7915177345275879,
            -0.10619823634624481
        ],
        [
            0.037802379578351974,
            -0.797897458076477,
            -0.10619267076253891
        ],
        [
            0.03102869912981987,
            -0.8029848337173462,
            -0.1135055422782898
        ],
        [
            0.02590484544634819,
            -0.7977298498153687,
            -0.11635634303092957
        ],
        [
            0.013059177435934544,
            -0.8020658493041992,
            -0.12342407554388046
        ],
        [
            0.007202074863016605,
            -0.8006380796432495,
            -0.12539054453372955
        ],
        [
            0.012540794909000397,
            -0.7888321876525879,
            -0.12448655068874359
        ],
        [
            0.019024580717086792,
            -0.7925451993942261,
            -0.12092554569244385
        ],
        [
            0.013231881894171238,
            -0.8231045007705688,
            -0.12462610006332397
        ],
        [
            0.01729406788945198,
            -0.8232760429382324,
            -0.12221169471740723
        ],
        [
            0.017218245193362236,
            -0.8249037265777588,
            -0.12443481385707855
        ],
        [
            0.012878437526524067,
            -0.8258974552154541,
            -0.12728096544742584
        ],
        [
            0.02083490416407585,
            -0.8232381939888,
            -0.1205597072839737
        ],
        [
            0.022489013150334358,
            -0.823064386844635,
            -0.11997800320386887
        ],
        [
            0.02212231606245041,
            -0.8243676424026489,
            -0.1211479976773262
        ],
        [
            0.02064468152821064,
            -0.8239832520484924,
            -0.12126302719116211
        ],
        [
            0.018746277317404747,
            -0.8235374689102173,
            -0.12169592082500458
        ],
        [
            0.017897063866257668,
            -0.821602463722229,
            -0.12214028835296631
        ],
        [
            0.020009862259030342,
            -0.8224475979804993,
            -0.12101413309574127
        ],
        [
            0.014271095395088196,
            -0.820717453956604,
            -0.12464796006679535
        ],
        [
            0.001386726275086403,
            -0.81755530834198,
            -0.1310829520225525
        ],
        [
            0.0053055789321660995,
            -0.8187025189399719,
            -0.1300797164440155
        ],
        [
            0.003763483837246895,
            -0.8228436708450317,
            -0.12885114550590515
        ],
        [
            0.0003606919199228287,
            -0.8221040964126587,
            -0.12964214384555817
        ],
        [
            0.02015751414000988,
            -0.8256980180740356,
            -0.12282867729663849
        ],
        [
            0.022631758823990822,
            -0.8278323411941528,
            -0.12236922979354858
        ],
        [
            0.018572790548205376,
            -0.8304451704025269,
            -0.12529894709587097
        ],
        [
            0.017663098871707916,
            -0.8276129961013794,
            -0.12479712069034576
        ],
        [
            0.025200316682457924,
            -0.8298971652984619,
            -0.12246717512607574
        ],
        [
            0.024289924651384354,
            -0.8256657123565674,
            -0.12067026644945145
        ],
        [
            0.0272559504956007,
            -0.8261927366256714,
            -0.12029560655355453
        ],
        [
            0.022062156349420547,
            -0.8213142156600952,
            -0.11999444663524628
        ],
        [
            0.02487441897392273,
            -0.819772481918335,
            -0.11882531642913818
        ],
        [
            0.025189660489559174,
            -0.8224881887435913,
            -0.11974171549081802
        ],
        [
            0.02314343862235546,
            -0.8164826035499573,
            -0.11935073137283325
        ],
        [
            0.019780142232775688,
            -0.8193454742431641,
            -0.12103734165430069
        ],
        [
            0.016268370673060417,
            -0.8174688816070557,
            -0.12356902658939362
        ],
        [
            0.011576922610402107,
            -0.8157181739807129,
            -0.12674148380756378
        ],
        [
            0.014515087939798832,
            -0.8109992742538452,
            -0.12415196001529694
        ],
        [
            0.01955965720117092,
            -0.8134365081787109,
            -0.12146128714084625
        ],
        [
            0.020381825044751167,
            -0.8339101076126099,
            -0.12457700073719025
        ],
        [
            0.029498878866434097,
            -0.8220353126525879,
            -0.11823984980583191
        ],
        [
            0.03264158219099045,
            -0.8284738063812256,
            -0.11855008453130722
        ],
        [
            0.02973153069615364,
            -0.8172327280044556,
            -0.11734452098608017
        ],
        [
            0.028023255988955498,
            -0.8126834630966187,
            -0.11713455617427826
        ],
        [
            0.024256596341729164,
            -0.808509111404419,
            -0.11811751127243042
        ],
        [
            0.018910842016339302,
            -0.8049533367156982,
            -0.12099774181842804
        ],
        [
            0.016631674021482468,
            -0.7798819541931152,
            -0.11381515115499496
        ],
        [
            0.024812303483486176,
            -0.7850031852722168,
            -0.11062506586313248
        ],
        [
            0.023443013429641724,
            -0.904645562171936,
            -0.12465228140354156
        ],
        [
            0.032255418598651886,
            -0.903857946395874,
            -0.12319084256887436
        ],
        [
            0.03385784104466438,
            -0.8959585428237915,
            -0.11886641383171082
        ],
        [
            0.035561054944992065,
            -0.8989651799201965,
            -0.11876840889453888
        ],
        [
            0.02983558177947998,
            -0.8996206521987915,
            -0.12129972875118256
        ],
        [
            0.02958105318248272,
            -0.8968631029129028,
            -0.12073653936386108
        ],
        [
            0.04922739788889885,
            -0.8884514570236206,
            -0.1055804193019867
        ],
        [
            0.043977465480566025,
            -0.8902387619018555,
            -0.10969072580337524
        ],
        [
            0.04463639855384827,
            -0.8864743709564209,
            -0.10829421132802963
        ],
        [
            0.05129275843501091,
            -0.8821135759353638,
            -0.10535907745361328
        ],
        [
            0.03689895197749138,
            -0.8788974285125732,
            -0.11485114693641663
        ],
        [
            0.04135172441601753,
            -0.8802515268325806,
            -0.11196467280387878
        ],
        [
            0.036997582763433456,
            -0.8867970705032349,
            -0.11393722891807556
        ],
        [
            0.03373177349567413,
            -0.8858132362365723,
            -0.11606861650943756
        ],
        [
            0.029899442568421364,
            -0.8852005004882812,
            -0.11788102984428406
        ],
        [
            0.02557554468512535,
            -0.8850074410438538,
            -0.11851757764816284
        ],
        [
            0.026152990758419037,
            -0.8795567154884338,
            -0.11834891140460968
        ],
        [
            0.03145250678062439,
            -0.8789024949073792,
            -0.11715936660766602
        ],
        [
            0.023188840597867966,
            -0.9004340171813965,
            -0.12183249741792679
        ],
        [
            0.016100285574793816,
            -0.8991484045982361,
            -0.12084478884935379
        ],
        [
            0.0176879670470953,
            -0.896136999130249,
            -0.12052485346794128
        ],
        [
            0.023683466017246246,
            -0.8972246646881104,
            -0.12178248167037964
        ],
        [
            0.008712047711014748,
            -0.888576865196228,
            -0.1148659959435463
        ],
        [
            0.009656693786382675,
            -0.8911917209625244,
            -0.11591970920562744
        ],
        [
            0.00603688508272171,
            -0.892427921295166,
            -0.11674753576517105
        ],
        [
            0.005490586161613464,
            -0.8878357410430908,
            -0.11594359576702118
        ],
        [
            0.00782349519431591,
            -0.8849421739578247,
            -0.11644302308559418
        ],
        [
            0.010001039132475853,
            -0.8870222568511963,
            -0.11554870009422302
        ],
        [
            0.02370399236679077,
            -0.958150327205658,
            -0.11212091147899628
        ],
        [
            0.018733397126197815,
            -0.9409816265106201,
            -0.1220894604921341
        ],
        [
            0.04058992490172386,
            -0.9510582685470581,
            -0.10260683298110962
        ],
        [
            0.05232764035463333,
            -0.9405636787414551,
            -0.09337975829839706
        ],
        [
            0.0605175755918026,
            -0.9272463321685791,
            -0.08506409823894501
        ],
        [
            0.04878934845328331,
            -0.8268070816993713,
            -0.1067313626408577
        ],
        [
            0.051198720932006836,
            -0.8176124095916748,
            -0.10127530246973038
        ],
        [
            0.059611544013023376,
            -0.8242769241333008,
            -0.09009236097335815
        ],
        [
            0.058595381677150726,
            -0.8136112689971924,
            -0.08538562059402466
        ],
        [
            0.05022282525897026,
            -0.8069270849227905,
            -0.09747663140296936
        ],
        [
            0.03810563683509827,
            -0.7879987955093384,
            -0.09330547600984573
        ],
        [
            0.04594378173351288,
            -0.7963725328445435,
            -0.0949583426117897
        ],
        [
            0.05445175990462303,
            -0.8033132553100586,
            -0.07954344153404236
        ],
        [
            0.06276139616966248,
            -0.814985990524292,
            -0.06522493064403534
        ],
        [
            0.0646587610244751,
            -0.8225278854370117,
            -0.07331699132919312
        ],
        [
            0.06724470108747482,
            -0.8297028541564941,
            -0.052820634096860886
        ],
        [
            0.058689311146736145,
            -0.806944727897644,
            -0.053292132914066315
        ],
        [
            0.06493300199508667,
            -0.8280189037322998,
            -0.04436596482992172
        ],
        [
            0.04492201656103134,
            -0.7706003189086914,
            -0.05568341910839081
        ],
        [
            0.047518372535705566,
            -0.7587097883224487,
            -0.05245146527886391
        ],
        [
            0.059755802154541016,
            -0.7657454609870911,
            -0.04124594107270241
        ],
        [
            0.057947706431150436,
            -0.7775118947029114,
            -0.04451232776045799
        ],
        [
            0.06470861285924911,
            -0.8316476345062256,
            -0.08101224899291992
        ],
        [
            0.06419486552476883,
            -0.8954484462738037,
            -0.08414079248905182
        ],
        [
            0.05883682519197464,
            -0.8953059315681458,
            -0.09482261538505554
        ],
        [
            0.06663738191127777,
            -0.8823467493057251,
            -0.08198843896389008
        ],
        [
            0.06599393486976624,
            -0.9534719586372375,
            -0.061003148555755615
        ],
        [
            0.05877082794904709,
            -0.9495571851730347,
            -0.07852289080619812
        ],
        [
            0.06717275828123093,
            -0.9337289333343506,
            -0.07336616516113281
        ],
        [
            0.07267455756664276,
            -0.9393932819366455,
            -0.05784790217876434
        ],
        [
            0.03625302016735077,
            -0.9868137836456299,
            -0.06412146240472794
        ],
        [
            0.03137213736772537,
            -0.9754844307899475,
            -0.08971962332725525
        ],
        [
            0.044304847717285156,
            -0.9635827541351318,
            -0.08434070646762848
        ],
        [
            0.05078466981649399,
            -0.9729466438293457,
            -0.06373311579227448
        ],
        [
            0.0760544091463089,
            -0.9402543902397156,
            -0.04496501386165619
        ],
        [
            0.079077810049057,
            -0.9399088621139526,
            -0.026442835107445717
        ],
        [
            0.07481993734836578,
            -0.954632043838501,
            -0.017671365290880203
        ],
        [
            0.06970145553350449,
            -0.957004189491272,
            -0.03968608379364014
        ],
        [
            0.06247007101774216,
            -0.9731968641281128,
            -0.008069071918725967
        ],
        [
            0.05739566311240196,
            -0.9766421318054199,
            -0.03479611128568649
        ],
        [
            0.06519816070795059,
            -0.8141282796859741,
            -0.034507397562265396
        ],
        [
            0.06617987900972366,
            -0.8320292234420776,
            -0.03182457759976387
        ],
        [
            0.055622398853302,
            -0.7912800312042236,
            -0.04965586960315704
        ],
        [
            0.06472320109605789,
            -0.7982791662216187,
            -0.03500853478908539
        ],
        [
            0.04465464875102043,
            -0.9862961769104004,
            1.0669231414794922e-05
        ],
        [
            0.03977380320429802,
            -0.9916462898254395,
            -0.03147284686565399
        ],
        [
            0.07529809325933456,
            -0.9139932990074158,
            0.020941145718097687
        ],
        [
            0.07585576176643372,
            -0.9323830604553223,
            0.014372989535331726
        ],
        [
            0.08074824512004852,
            -0.9213086366653442,
            -0.0030732490122318268
        ],
        [
            0.07999204099178314,
