{
    "pred_cam": [
        1.4996837377548218,
        0.03733634203672409,
        0.3513987362384796
    ],
    "pred_smpl_params": {
        "global_orient": [
            [
                [
                    0.9678889513015747,
                    0.051636189222335815,
                    -0.24601750075817108
                ],
                [
                    0.06595209985971451,
                    -0.9965538382530212,
                    0.05030560493469238
                ],
                [
                    -0.2425721138715744,
                    -0.06491561233997345,
                    -0.9679589867591858
                ]
            ]
        ],
        "body_pose": [
            [
                [
                    0.9965848326683044,
                    -0.048958487808704376,
                    0.0664953961968422
                ],
                [
                    0.046251002699136734,
                    0.9980605840682983,
                    0.04166432470083237
                ],
                [
                    -0.06840625405311584,
                    -0.03844656050205231,
                    0.9969164133071899
                ]
            ],
            [
                [
                    0.9974753856658936,
                    -0.00928069930523634,
                    0.0704037994146347
                ],
                [
                    0.006376816891133785,
                    0.9991239905357361,
                    0.041359320282936096
                ],
                [
                    -0.07072596997022629,
                    -0.04080595448613167,
                    0.9966607689857483
                ]
            ],
            [
                [
                    0.997962236404419,
                    -0.01648818701505661,
                    -0.061640214174985886
                ],
                [
                    0.013222631067037582,
                    0.9985061883926392,
                    -0.05301525816321373
                ],
                [
                    0.0624222569167614,
                    0.05209217965602875,
                    0.99668949842453
                ]
            ],
            [
                [
                    0.9857680201530457,
                    0.0701601579785347,
                    -0.15277054905891418
                ],
                [
                    -0.16157622635364532,
                    0.6463189125061035,
                    -0.7457646131515503
                ],
                [
                    0.046415578573942184,
                    0.7598350644111633,
                    0.6484567523002625
                ]
            ],
            [
                [
                    0.9752609729766846,
                    0.0875185877084732,
                    0.20299339294433594
                ],
                [
                    0.08904087543487549,
                    0.6849729418754578,
                    -0.7231069803237915
                ],
                [
                    -0.20233029127120972,
                    0.723292887210846,
                    0.6602346301078796
                ]
            ],
            [
                [
                    0.9977660775184631,
                    -0.035121429711580276,
                    -0.05682603642344475
                ],
                [
                    0.0389740988612175,
                    0.9969119429588318,
                    0.06817414611577988
                ],
                [
                    0.054256174713373184,
                    -0.07023660093545914,
                    0.9960537552833557
                ]
            ],
            [
                [
                    0.971859335899353,
                    0.05573331564664841,
                    0.22887365520000458
                ],
                [
                    -0.07702530175447464,
                    0.9933847784996033,
                    0.08516987413167953
                ],
                [
                    -0.22261278331279755,
                    -0.10040220618247986,
                    0.9697231650352478
                ]
            ],
            [
                [
                    0.970661461353302,
                    -0.05118752643465996,
                    -0.234938845038414
                ],
                [
                    0.0715397372841835,
                    0.9943095445632935,
                    0.07893384248018265
                ],
                [
                    0.22956152260303497,
                    -0.09342548996210098,
                    0.968799889087677
                ]
            ],
            [
                [
                    0.9978476762771606,
                    -0.024328816682100296,
                    -0.060894329100847244
                ],
                [
                    0.017324257642030716,
                    0.9934415817260742,
                    -0.11302027851343155
                ],
                [
                    0.06324461102485657,
                    0.11172207444906235,
                    0.9917248487472534
                ]
            ],
            [
                [
                    0.9878355860710144,
                    -0.15028949081897736,
                    -0.039924513548612595
                ],
                [
                    0.15527284145355225,
                    0.9672505259513855,
                    0.2007906138896942
                ],
                [
                    0.008440285921096802,
                    -0.20454730093479156,
                    0.9788203835487366
                ]
            ],
            [
                [
                    0.9815786480903625,
                    0.16139836609363556,
                    0.10224457085132599
                ],
                [
                    -0.1786157339811325,
                    0.9651612043380737,
                    0.1912073940038681
                ],
                [
                    -0.0678219273686409,
                    -0.20594757795333862,
                    0.9762099385261536
                ]
            ],
            [
                [
                    0.992141604423523,
                    -0.07501582056283951,
                    0.10013764351606369
                ],
                [
                    0.0612780898809433,
                    0.9891069531440735,
                    0.13383713364601135
                ],
                [
                    -0.10908675193786621,
                    -0.1266491711139679,
                    0.9859309792518616
                ]
            ],
            [
                [
                    0.9386228322982788,
                    0.3232184052467346,
                    0.1204867959022522
                ],
                [
                    -0.3122391998767853,
                    0.9445679187774658,
                    -0.10147911310195923
                ],
                [
                    -0.1466078907251358,
                    0.05762990191578865,
                    0.9875144958496094
                ]
            ],
            [
                [
                    0.9530130624771118,
                    -0.2656702399253845,
                    -0.1455521583557129
                ],
                [
                    0.2621854841709137,
                    0.9640598893165588,
                    -0.04297999292612076
                ],
                [
                    0.15173950791358948,
                    0.002798829460516572,
                    0.9884165525436401
                ]
            ],
            [
                [
                    0.9964336156845093,
                    -0.0241470318287611,
                    0.08085133880376816
                ],
                [
                    0.03713470324873924,
                    0.9858919382095337,
                    -0.16321206092834473
                ],
                [
                    -0.07576959580183029,
                    0.16563238203525543,
                    0.9832725524902344
                ]
            ],
            [
                [
                    0.5403516888618469,
                    0.8311420679092407,
                    -0.13123629987239838
                ],
                [
                    -0.840511679649353,
                    0.5258293747901917,
                    -0.13055101037025452
                ],
                [
                    -0.039498526602983475,
                    0.1808491051197052,
                    0.9827173948287964
                ]
            ],
            [
                [
                    0.6472938656806946,
                    -0.7364111542701721,
                    0.19674669206142426
                ],
                [
                    0.761268138885498,
                    0.6375954747200012,
                    -0.11807959526777267
                ],
                [
                    -0.03848966583609581,
                    0.22620919346809387,
                    0.9733179807662964
                ]
            ],
            [
                [
                    0.7954328060150146,
                    -0.1838715821504593,
                    -0.577475368976593
                ],
                [
                    0.04780288413167,
                    0.9689309597015381,
                    -0.2426680624485016
                ],
                [
                    0.6041534543037415,
                    0.16542114317417145,
                    0.7795090675354004
                ]
            ],
            [
                [
                    0.7378272414207458,
                    0.17368970811367035,
                    0.652259886264801
                ],
                [
                    -0.06001175194978714,
                    0.979378879070282,
                    -0.19291353225708008
                ],
                [
                    -0.6723166108131409,
                    0.10319361090660095,
                    0.7330358624458313
                ]
            ],
            [
                [
                    0.9999513626098633,
                    0.009586461819708347,
                    0.0023125449661165476
                ],
                [
                    -0.009451912716031075,
                    0.9985768795013428,
                    -0.052486274391412735
                ],
                [
                    -0.0028124123346060514,
                    0.05246186628937721,
                    0.9986189007759094
                ]
            ],
            [
                [
                    0.9999893307685852,
                    -0.0006814552471041679,
                    -0.004577047657221556
                ],
                [
                    0.00048647078801877797,
                    0.9990978240966797,
                    -0.04246656969189644
                ],
                [
                    0.0046018571592867374,
                    0.042463887482881546,
                    0.9990875124931335
                ]
            ],
            [
                [
                    0.9787113666534424,
                    0.195856973528862,
                    -0.06135175749659538
                ],
                [
                    -0.1835174709558487,
                    0.9689520597457886,
                    0.16569021344184875
                ],
                [
                    0.09189850091934204,
                    -0.15090379118919373,
                    0.9842675924301147
                ]
            ],
            [
                [
                    0.9788199663162231,
                    -0.2008577436208725,
                    0.039595142006874084
                ],
                [
                    0.19253315031528473,
                    0.9688981771469116,
                    0.15545834600925446
                ],
                [
                    -0.06958866864442825,
                    -0.14454233646392822,
                    0.9870486259460449
                ]
            ]
        ],
        "betas": [
            -0.06728076934814453,
            0.30179983377456665,
            0.5790730714797974,
            0.8109174966812134,
            -0.01997557282447815,
            0.07308688759803772,
            0.0028575360774993896,
            -0.030153512954711914,
            0.06777958571910858,
            -0.11737143993377686
        ]
    },
    "pred_cam_t": [
        0.03733634203672409,
        0.3513987362384796,
        26.04715919494629
    ],
    "focal_length": [
        5000.0,
        5000.0
    ],
    "pred_keypoints_3d": [
        [
            -0.040285106748342514,
            -0.8675140142440796,
            -0.14681218564510345
        ],
        [
            0.01124331634491682,
            -0.7550679445266724,
            0.008047567680478096
        ],
        [
            -0.1359904408454895,
            -0.6688613891601562,
            0.11145197600126266
        ],
        [
            -0.19527298212051392,
            -0.44801995158195496,
            0.2142934501171112
        ],
        [
            -0.32940784096717834,
            -0.24988330900669098,
            0.13470086455345154
        ],
        [
            0.17971569299697876,
            -0.6633886098861694,
            -0.0411098375916481
        ],
        [
            0.2652130126953125,
            -0.43175458908081055,
            0.03259690850973129
        ],
        [
            0.28084704279899597,
            -0.2074338048696518,
            -0.06796423345804214
        ],
        [
            -0.0023820633068680763,
            -0.23152609169483185,
            0.02527269348502159
        ],
        [
            -0.06869695335626602,
            -0.1459040343761444,
            0.05243305861949921
        ],
        [
            -0.12501168251037598,
            0.2303692102432251,
            0.07474053651094437
        ],
        [
            -0.10890568792819977,
            0.46189796924591064,
            0.39437535405158997
        ],
        [
            0.059619635343551636,
            -0.13618066906929016,
            0.022774266079068184
        ],
        [
            0.08933799713850021,
            0.23535606265068054,
            0.02445831708610058
        ],
        [
            0.11025045812129974,
            0.45001450181007385,
            0.3550710380077362
        ],
        [
            -0.0681903064250946,
            -0.9043108820915222,
            -0.1045391783118248
        ],
        [
            -0.005136629566550255,
            -0.9127117991447449,
            -0.12297241389751434
        ],
        [
            -0.07992283254861832,
            -0.8848339915275574,
            -0.0027731657028198242
        ],
        [
            0.05867494270205498,
            -0.9034014940261841,
            -0.04440249875187874
        ],
        [
            0.09230506420135498,
            0.6217760443687439,
            0.2573621869087219
        ],
        [
            0.1631322205066681,
            0.5954950451850891,
            0.29281678795814514
        ],
        [
            0.12534229457378387,
            0.4329196810722351,
            0.4229376018047333
        ],
        [
            -0.12323332577943802,
            0.625338077545166,
            0.28647488355636597
        ],
        [
            -0.1912815272808075,
            0.5946656465530396,
            0.3313234746456146
        ],
        [
            -0.10679130256175995,
            0.4555157423019409,
            0.46814221143722534
        ],
        [
            -0.12896129488945007,
            0.4086756706237793,
            0.3790218234062195
        ],
        [
            -0.11979029327630997,
            0.17265310883522034,
            0.06056239455938339
        ],
        [
            -0.13660335540771484,
            -0.2730627655982971,
            0.0643354207277298
        ],
        [
            0.1395987719297409,
            -0.24031051993370056,
            0.009954264387488365
        ],
        [
            0.09932265430688858,
            0.19909504055976868,
            0.013613261282444
        ],
        [
            0.12136784940958023,
            0.40976980328559875,
            0.34616366028785706
        ],
        [
            -0.3182547092437744,
            -0.27652764320373535,
            0.1114545539021492
        ],
        [
            -0.2263297289609909,
            -0.4734128713607788,
            0.20418080687522888
        ],
        [
            -0.10966023802757263,
            -0.6976662874221802,
            0.09168209135532379
        ],
        [
            0.15298952162265778,
            -0.6968058347702026,
            -0.027569742873311043
        ],
        [
            0.2813733220100403,
            -0.4536348581314087,
            -0.011232648976147175
        ],
        [
            0.2774495482444763,
            -0.22635483741760254,
            -0.07723130285739899
        ],
        [
            0.016285791993141174,
            -0.7520118355751038,
            0.010366270318627357
        ],
        [
            -0.01779855787754059,
            -0.9471853971481323,
            -0.03776334226131439
        ],
        [
            0.001956322230398655,
            -0.25661587715148926,
            0.0367012657225132
        ],
        [
            0.019621070474386215,
            -0.695096492767334,
            0.027635904029011726
        ],
        [
            0.022154659032821655,
            -0.5093307495117188,
            0.03802613168954849
        ],
        [
            -0.010652458295226097,
            -0.841399610042572,
            -0.07477594912052155
        ],
        [
            -0.021776758134365082,
            -0.9657562971115112,
            -0.027269719168543816
        ]
    ],
    "pred_vertices": [
        [
            0.00039800070226192474,
            -0.959321141242981,
            -0.1252954602241516
        ],
        [
            -0.005306335166096687,
            -0.9448497295379639,
            -0.13003383576869965
        ],
        [
            0.007732750847935677,
            -0.9424522519111633,
            -0.12472544610500336
        ],
        [
            0.014540236443281174,
            -0.9535800218582153,
            -0.11692027747631073
        ],
        [
            0.003640664741396904,
            -0.9333380460739136,
            -0.12935033440589905
        ],
        [
            -0.007760217413306236,
            -0.9333921074867249,
            -0.1332080066204071
        ],
        [
            0.01771465875208378,
            -0.9371252655982971,
            -0.1166655644774437
        ],
        [
            0.024434974417090416,
            -0.9447394609451294,
            -0.10758048295974731
        ],
        [
            0.029965946450829506,
            -0.9028023481369019,
            -0.1086135059595108
        ],
        [
            0.0367366187274456,
            -0.8985956907272339,
            -0.10086257010698318
        ],
        [
            0.03492055833339691,
            -0.9102450609207153,
            -0.10165378451347351
        ],
        [
            0.027690650895237923,
            -0.9110736846923828,
            -0.10870586335659027
        ],
        [
            0.033007144927978516,
            -0.8766569495201111,
            -0.10624784231185913
        ],
        [
            0.02590331621468067,
            -0.866894543170929,
            -0.11278824508190155
        ],
        [
            0.031687699258327484,
            -0.8579142093658447,
            -0.10467561334371567
        ],
        [
            0.037898123264312744,
            -0.8670371770858765,
            -0.09703633189201355
        ],
        [
            -0.012430237606167793,
            -0.8776461482048035,
            -0.12622955441474915
        ],
        [
            -0.006272332742810249,
            -0.8716797828674316,
            -0.1267806887626648
        ],
        [
            -0.003158463165163994,
            -0.8787726163864136,
            -0.1266118288040161
        ],
        [
            -0.009875420480966568,
            -0.8838000297546387,
            -0.1255853921175003
        ],
        [
            -0.02387283742427826,
            -0.8860865235328674,
            -0.1296880692243576
        ],
        [
            -0.022660354152321815,
            -0.8915649056434631,
            -0.12637746334075928
        ],
        [
            -0.02887270785868168,
            -0.8950183391571045,
            -0.13006684184074402
        ],
        [
            -0.029509171843528748,
            -0.8888988494873047,
            -0.13461828231811523
        ],
        [
            -0.01699920929968357,
            -0.8717597723007202,
            -0.1252880096435547
        ],
        [
            -0.010309305042028427,
            -0.865612268447876,
            -0.12555265426635742
        ],
        [
            -0.017960378900170326,
            -0.8828048706054688,
            -0.12649178504943848
        ],
        [
            -0.019812701269984245,
            -0.8778319358825684,
            -0.1284870058298111
        ],
        [
            -0.024539129808545113,
            -0.8717353343963623,
            -0.13814839720726013
        ],
        [
            -0.02327178604900837,
            -0.8765444755554199,
            -0.136872798204422
        ],
        [
            -0.02834702841937542,
            -0.8773213624954224,
            -0.14278018474578857
        ],
        [
            -0.02874947153031826,
            -0.8716955184936523,
            -0.14208576083183289
        ],
        [
            -0.019492287188768387,
            -0.8709895610809326,
            -0.12980414927005768
        ],
        [
            -0.020023446530103683,
            -0.8740460872650146,
            -0.13260464370250702
        ],
        [
            -0.02247452363371849,
            -0.8701165914535522,
            -0.1344420462846756
        ],
        [
            -0.022764354944229126,
            -0.8677159547805786,
            -0.13097740709781647
        ],
        [
            -0.024674708023667336,
            -0.8817169666290283,
            -0.13264603912830353
        ],
        [
            -0.02937362901866436,
            -0.8834995031356812,
            -0.13869856297969818
        ],
        [
            -0.03504427894949913,
            -0.8846471309661865,
            -0.1445627361536026
        ],
        [
            -0.03403864800930023,
            -0.8763875961303711,
            -0.1485203355550766
        ],
        [
            0.007230062037706375,
            -0.8592108488082886,
            -0.12375344336032867
        ],
        [
            0.00061030313372612,
            -0.8656293153762817,
            -0.12646138668060303
        ],
        [
            -0.003660077229142189,
            -0.8601363301277161,
            -0.12560546398162842
        ],
        [
            0.002198958769440651,
            -0.855064868927002,
            -0.12423180788755417
        ],
        [
            -0.0204402357339859,
            -0.8646407127380371,
            -0.12800051271915436
        ],
        [
            -0.015146315097808838,
            -0.8489793539047241,
            -0.12963230907917023
        ],
        [
            -0.01535441167652607,
            -0.8529002666473389,
            -0.1297958791255951
        ],
        [
            -0.02214110642671585,
            -0.8531233072280884,
            -0.13211563229560852
        ],
        [
            -0.021319083869457245,
            -0.849532961845398,
            -0.13192778825759888
        ],
        [
            0.015787195414304733,
            -0.8451511859893799,
            -0.11691154539585114
        ],
        [
            0.009451527148485184,
            -0.8435329794883728,
            -0.1199188306927681
        ],
        [
            0.01127360388636589,
            -0.8365529775619507,
            -0.11762739717960358
        ],
        [
            0.01743638888001442,
            -0.8368003964424133,
            -0.11325784027576447
        ],
        [
            0.009902802295982838,
            -0.830459475517273,
            -0.11608243733644485
        ],
        [
            0.01781858503818512,
            -0.8286088109016418,
            -0.11001794040203094
        ],
        [
            0.010544651187956333,
            -0.8132580518722534,
            -0.10842159390449524
        ],
        [
            0.014512159861624241,
            -0.8200974464416504,
            -0.1089739203453064
        ],
        [
            0.0066728852689266205,
            -0.8243190050125122,
            -0.11581659317016602
        ],
        [
            0.0014568865299224854,
            -0.8184692859649658,
            -0.11788013577461243
        ],
        [
            -0.012502582743763924,
            -0.8218644857406616,
            -0.123223215341568
        ],
        [
            -0.01859254762530327,
            -0.8200423717498779,
            -0.12446735799312592
        ],
        [
            -0.01240207627415657,
            -0.8083686828613281,
            -0.12386305630207062
        ],
        [
            -0.005669670179486275,
            -0.8125940561294556,
            -0.12136387825012207
        ],
        [
            -0.01383698545396328,
            -0.8434215188026428,
            -0.1252630054950714
        ],
        [
            -0.009467244148254395,
            -0.843917965888977,
            -0.12340977787971497
        ],
        [
            -0.00990380346775055,
            -0.8454819917678833,
            -0.1256992518901825
        ],
        [
            -0.014647513628005981,
            -0.8460903167724609,
            -0.12799203395843506
        ],
        [
            -0.005607215687632561,
            -0.8441314697265625,
            -0.12226445972919464
        ],
        [
            -0.003833908587694168,
            -0.844107449054718,
            -0.12189503014087677
        ],
        [
            -0.004472710192203522,
            -0.8453894853591919,
            -0.12308147549629211
        ],
        [
            -0.00593520887196064,
            -0.84487384557724,
            -0.12293646484613419
        ],
        [
            -0.007865598425269127,
            -0.8442578315734863,
            -0.12308651208877563
        ],
        [
            -0.008686961606144905,
            -0.8421643972396851,
            -0.12329798936843872
        ],
        [
            -0.006442941725254059,
            -0.8432092070579529,
            -0.12254956364631653
        ],
        [
            -0.012567481026053429,
            -0.8408877849578857,
            -0.12529641389846802
        ],
        [
            -0.026044724509119987,
            -0.836928129196167,
            -0.1299174576997757
        ],
        [
            -0.022116124629974365,
            -0.838167667388916,
            -0.12944719195365906
        ],
        [
            -0.023783763870596886,
            -0.8424725532531738,
            -0.12816756963729858
        ],
        [
            -0.027156338095664978,
            -0.8416285514831543,
            -0.12854741513729095
        ],
        [
            -0.006697036325931549,
            -0.846653163433075,
            -0.12462630122900009
        ],
        [
            -0.004336407408118248,
            -0.8489291667938232,
            -0.12460091710090637
        ],
        [
            -0.008917413651943207,
            -0.8512088656425476,
            -0.1271568238735199
        ],
        [
            -0.009640872478485107,
            -0.8482745885848999,
            -0.12634509801864624
        ],
        [
            -0.0018653813749551773,
            -0.8511810898780823,
            -0.1249537318944931
        ],
        [
            -0.0022659320384263992,
            -0.8468731641769409,
            -0.12295779585838318
        ],
        [
            0.0007640756666660309,
            -0.847680926322937,
            -0.12299999594688416
        ],
        [
            -0.004159068688750267,
            -0.8422292470932007,
            -0.12176559865474701
        ],
        [
            -0.0010420158505439758,
            -0.8409097194671631,
            -0.1209186464548111
        ],
        [
            -0.0010158177465200424,
            -0.8436877727508545,
            -0.12199380993843079
        ],
        [
            -0.0026874151080846786,
            -0.8373415470123291,
            -0.12103459984064102
        ],
        [
            -0.006518213078379631,
            -0.839980959892273,
            -0.12235165387392044
        ],
        [
            -0.010241847485303879,
            -0.8376796245574951,
            -0.12435181438922882
        ],
        [
            -0.015221280977129936,
            -0.8354852199554443,
            -0.12678779661655426
        ],
        [
            -0.011680476367473602,
            -0.8309433460235596,
            -0.12436723709106445
        ],
        [
            -0.006434900686144829,
            -0.8338895440101624,
            -0.12246881425380707
        ],
        [
            -0.007230287417769432,
            -0.8550310730934143,
            -0.12671077251434326
        ],
        [
            0.0035197194665670395,
            -0.8435391187667847,
            -0.12110795080661774
        ],
        [
            0.006136797368526459,
            -0.8502604961395264,
            -0.12191879749298096
        ],
        [
            0.004211172461509705,
            -0.8386629819869995,
            -0.12004579603672028
        ],
        [
            0.002799760550260544,
            -0.8338765501976013,
            -0.11934719979763031
        ],
        [
            -0.0010385885834693909,
            -0.829317569732666,
            -0.11970427632331848
        ],
        [
            -0.006517495959997177,
            -0.8252061605453491,
            -0.12163393944501877
        ],
        [
            -0.00667455792427063,
            -0.8000659346580505,
            -0.11327853798866272
        ],
        [
            0.0015381332486867905,
            -0.8058586716651917,
            -0.11149422824382782
        ],
        [
            -0.008378809317946434,
            -0.9262445569038391,
            -0.12992946803569794
        ],
        [
            0.0006827041506767273,
            -0.9260799884796143,
            -0.12944404780864716
        ],
        [
            0.0030571818351745605,
            -0.9185464382171631,
            -0.12475486099720001
        ],
        [
            0.0045378077775239944,
            -0.9215445518493652,
            -0.12498007714748383
        ],
        [
            -0.0014056134968996048,
            -0.92183518409729,
            -0.1269625723361969
        ],
        [
            -0.0014321580529212952,
            -0.9190281629562378,
            -0.1262054443359375
        ],
        [
            0.020360933616757393,
            -0.9125340580940247,
            -0.11313363909721375
        ],
        [
            0.014523638412356377,
            -0.9138299226760864,
            -0.11650756001472473
        ],
        [
            0.01556196715682745,
            -0.9101241827011108,
            -0.11509473621845245
        ],
        [
            0.02276340126991272,
            -0.9062448740005493,
            -0.1128462702035904
        ],
        [
            0.007562147453427315,
            -0.9016176462173462,
            -0.12027864158153534
        ],
        [
            0.012249099090695381,
            -0.903406023979187,
            -0.11803103983402252
        ],
        [
            0.00735463947057724,
            -0.9096037149429321,
            -0.11983360350131989
        ],
        [
            0.00392279215157032,
            -0.9083508253097534,
            -0.1214938834309578
        ],
        [
            -9.127706289291382e-05,
            -0.9074607491493225,
            -0.1226545125246048
        ],
        [
            -0.004467060789465904,
            -0.9070687294006348,
            -0.12280486524105072
        ],
        [
            -0.0035134535282850266,
            -0.9016479849815369,
            -0.12239709496498108
        ],
        [
            0.0019195657223463058,
            -0.9012634754180908,
            -0.12180033326148987
        ],
        [
            -0.008117390796542168,
            -0.9222781658172607,
            -0.12677083909511566
        ],
        [
            -0.014937050640583038,
            -0.9207979440689087,
            -0.12483804672956467
        ],
        [
            -0.013110348954796791,
            -0.9178391695022583,
            -0.12455150485038757
        ],
        [
            -0.007403852418065071,
            -0.919062614440918,
            -0.1265169233083725
        ],
        [
            -0.0209876149892807,
            -0.9102864265441895,
            -0.11741161346435547
        ],
        [
            -0.020310699939727783,
            -0.9128832817077637,
            -0.11868143081665039
        ],
        [
            -0.02414262667298317,
            -0.9139000177383423,
            -0.11911947280168533
        ],
        [
            -0.024298546835780144,
            -0.9092988967895508,
            -0.11809475719928741
        ],
        [
            -0.02180989272892475,
            -0.9064538478851318,
            -0.11874769628047943
        ],
        [
            -0.019677307456731796,
            -0.9087153077125549,
            -0.118204265832901
        ],
        [
            -0.009891003370285034,
            -0.9796781539916992,
            -0.12093272805213928
        ],
        [
            -0.01506931520998478,
            -0.962192177772522,
            -0.12844359874725342
        ],
        [
            0.008258461952209473,
            -0.9742845892906189,
            -0.11266528069972992
        ],
        [
            0.02126442641019821,
            -0.96514493227005,
            -0.10417164862155914
        ],
        [
            0.03159790858626366,
            -0.95277339220047,
            -0.09666261076927185
        ],
        [
            0.02365090139210224,
            -0.8502694368362427,
            -0.11159409582614899
        ],
        [
            0.027284393087029457,
            -0.8413858413696289,
            -0.10605384409427643
        ],
        [
            0.0366039052605629,
            -0.8494380712509155,
            -0.09627677500247955
        ],
        [
            0.036954667419195175,
            -0.8386752605438232,
            -0.09112007915973663
        ],
        [
            0.027379179373383522,
            -0.8306876420974731,
            -0.10185103863477707
        ],
        [
            0.01656820811331272,
            -0.8108000755310059,
            -0.09603491425514221
        ],
        [
            0.023959610611200333,
            -0.8198303580284119,
            -0.09864787757396698
        ],
        [
            0.034367091953754425,
            -0.8279843926429749,
            -0.0846802145242691
        ],
        [
            0.04407425969839096,
            -0.8411194086074829,
            -0.0718221515417099
        ],
        [
            0.04429972171783447,
            -0.8488254547119141,
            -0.08041802048683167
        ],
        [
            0.04915710538625717,
            -0.8568180799484253,
            -0.06017889082431793
        ],
        [
            0.0420452281832695,
            -0.8331140875816345,
            -0.05937027931213379
        ],
        [
            0.047989621758461,
            -0.855408251285553,
            -0.05119621753692627
        ],
        [
            0.028578542172908783,
            -0.7950152158737183,
            -0.05910589545965195
        ],
        [
            0.03199772536754608,
            -0.7829470634460449,
            -0.05598016083240509
        ],
        [
            0.04639697074890137,
            -0.7911312580108643,
            -0.046772174537181854
        ],
        [
            0.04336554557085037,
            -0.8031556010246277,
            -0.049856361001729965
        ],
        [
            0.04256736487150192,
            -0.8576908111572266,
            -0.08830355852842331
        ],
        [
            0.037404730916023254,
            -0.9211572408676147,
            -0.09451039135456085
        ],
        [
            0.03091817907989025,
            -0.9203646183013916,
            -0.10432473570108414
        ],
        [
            0.041033267974853516,
            -0.908444881439209,
            -0.09182634949684143
        ],
        [
            0.03787543252110481,
            -0.9799457788467407,
            -0.0756741613149643
        ],
        [
            0.0294143445789814,
            -0.9750635623931885,
            -0.09174554795026779
        ],
        [
            0.03907129168510437,
            -0.960118293762207,
            -0.08666551113128662
        ],
        [
            0.0460800938308239,
            -0.9669633507728577,
            -0.0724615603685379
        ],
        [
            0.0056967586278915405,
            -1.0112240314483643,
            -0.07735265046358109
        ],
        [
            -0.0009239576756954193,
            -0.9984496235847473,
            -0.10125012695789337
        ],
        [
            0.013331487774848938,
            -0.9879566431045532,
            -0.0967913568019867
        ],
        [
            0.020927177742123604,
            -0.9983067512512207,
            -0.07792353630065918
        ],
        [
            0.05056704580783844,
            -0.9687929749488831,
            -0.0601063072681427
        ],
        [
            0.055579427629709244,
            -0.9700113534927368,
            -0.04230503737926483
        ],
        [
            0.051761429756879807,
            -0.9855777025222778,
            -0.034676190465688705
        ],
        [
            0.044070009142160416,
            -0.9852673411369324,
            -0.05586516857147217
        ],
        [
            0.03960404172539711,
            -1.0045793056488037,
            -0.02483205869793892
        ],
        [
            0.030844245105981827,
            -1.005051612854004,
            -0.05086856707930565
        ],
        [
            0.05018138140439987,
            -0.8417532444000244,
            -0.041071146726608276
        ],
        [
            0.05030962452292442,
            -0.8600047826766968,
            -0.03881630674004555
        ],
        [
            0.039676085114479065,
            -0.8169970512390137,
            -0.05498828738927841
        ],
        [
            0.05063732713460922,
            -0.8251874446868896,
            -0.041400037705898285
        ],
        [
            0.02195897325873375,
            -1.0181925296783447,
            -0.015062510967254639
        ],
        [
            0.012387905269861221,
            -1.019683599472046,
            -0.04639086499810219
        ],
        [
            0.060090672224760056,
            -0.9472141265869141,
            0.007342338562011719
        ],
        [
            0.05847950652241707,
            -0.9652023315429688,
            -0.0009197741746902466
        ],
        [
            0.06173750013113022,
