{
    "pred_cam": [
        1.508044958114624,
        0.024177389219403267,
        0.35441258549690247
    ],
    "pred_smpl_params": {
        "global_orient": [
            [
                [
                    0.9508239030838013,
                    0.02947709895670414,
                    -0.30832603573799133
                ],
                [
                    0.051512669771909714,
                    -0.9966468811035156,
                    0.06357304006814957
                ],
                [
                    -0.3054181933403015,
                    -0.07632946968078613,
                    -0.9491541385650635
                ]
            ]
        ],
        "body_pose": [
            [
                [
                    0.9959841966629028,
                    -0.016904190182685852,
                    0.08791866898536682
                ],
                [
                    0.015980597585439682,
                    0.9998096227645874,
                    0.011198416352272034
                ],
                [
                    -0.08809122443199158,
                    -0.00974845327436924,
                    0.9960647225379944
                ]
            ],
            [
                [
                    0.9964503645896912,
                    -0.007946411147713661,
                    0.08380702883005142
                ],
                [
                    0.0081204604357481,
                    0.9999655485153198,
                    -0.0017363021615892649
                ],
                [
                    -0.08379033952951431,
                    0.002410691697150469,
                    0.9964805841445923
                ]
            ],
            [
                [
                    0.9963181018829346,
                    -0.02647349052131176,
                    -0.08154422044754028
                ],
                [
                    0.023473257198929787,
                    0.9990196228027344,
                    -0.037534311413764954
                ],
                [
                    0.08245793730020523,
                    0.035482004284858704,
                    0.9959627389907837
                ]
            ],
            [
                [
                    0.9856098890304565,
                    0.1050800010561943,
                    -0.1324060708284378
                ],
                [
                    -0.16877298057079315,
                    0.6554234623908997,
                    -0.7361629605293274
                ],
                [
                    0.009426044300198555,
                    0.747916042804718,
                    0.6637265086174011
                ]
            ],
            [
                [
                    0.9715047478675842,
                    0.11996373534202576,
                    0.20441944897174835
                ],
                [
                    0.07053693383932114,
                    0.6770461797714233,
                    -0.7325524091720581
                ],
                [
                    -0.22628113627433777,
                    0.7260972261428833,
                    0.6492916941642761
                ]
            ],
            [
                [
                    0.9965184926986694,
                    -0.03373115882277489,
                    -0.0762428343296051
                ],
                [
                    0.03785465285181999,
                    0.9978607296943665,
                    0.053301628679037094
                ],
                [
                    0.07428179681301117,
                    -0.056002210825681686,
                    0.9956635236740112
                ]
            ],
            [
                [
                    0.9729329943656921,
                    0.030061952769756317,
                    0.22912368178367615
                ],
                [
                    -0.05006047338247299,
                    0.9953763484954834,
                    0.08197560161352158
                ],
                [
                    -0.22559991478919983,
                    -0.09122680872678757,
                    0.9699394106864929
                ]
            ],
            [
                [
                    0.970933735370636,
                    -0.022044241428375244,
                    -0.23833103477954865
                ],
                [
                    0.039695341140031815,
                    0.9967907071113586,
                    0.06951695680618286
                ],
                [
                    0.23603370785713196,
                    -0.07695699483156204,
                    0.9686927795410156
                ]
            ],
            [
                [
                    0.9968732595443726,
                    -0.018420491367578506,
                    -0.07683964818716049
                ],
                [
                    0.010706229135394096,
                    0.9949675798416138,
                    -0.09962351620197296
                ],
                [
                    0.07828807830810547,
                    0.09848935902118683,
                    0.9920538067817688
                ]
            ],
            [
                [
                    0.9926334619522095,
                    -0.1166134849190712,
                    -0.03286510705947876
                ],
                [
                    0.12058372050523758,
                    0.9772394895553589,
                    0.17453533411026
                ],
                [
                    0.011763902381062508,
                    -0.17721261084079742,
                    0.9841023087501526
                ]
            ],
            [
                [
                    0.9869147539138794,
                    0.11969608068466187,
                    0.1080380380153656
                ],
                [
                    -0.13888855278491974,
                    0.9714211225509644,
                    0.19248637557029724
                ],
                [
                    -0.08191056549549103,
                    -0.20497286319732666,
                    0.9753342270851135
                ]
            ],
            [
                [
                    0.9927815198898315,
                    -0.08826104551553726,
                    0.08120883256196976
                ],
                [
                    0.08141164481639862,
                    0.993125319480896,
                    0.08410812169313431
                ],
                [
                    -0.08807402104139328,
                    -0.07688964158296585,
                    0.9931419491767883
                ]
            ],
            [
                [
                    0.9386594891548157,
                    0.33336547017097473,
                    0.08823716640472412
                ],
                [
                    -0.3253779411315918,
                    0.9409410357475281,
                    -0.09359055012464523
                ],
                [
                    -0.1142258271574974,
                    0.05913923308253288,
                    0.9916930198669434
                ]
            ],
            [
                [
                    0.9592282176017761,
                    -0.24892199039459229,
                    -0.13386234641075134
                ],
                [
                    0.24443133175373077,
                    0.9684144854545593,
                    -0.04926139861345291
                ],
                [
                    0.14189647138118744,
                    0.01453277375549078,
                    0.9897748231887817
                ]
            ],
            [
                [
                    0.9964251518249512,
                    -0.03764337673783302,
                    0.0756305605173111
                ],
                [
                    0.0504804402589798,
                    0.9831417798995972,
                    -0.17573830485343933
                ],
                [
                    -0.06774017959833145,
                    0.1789279282093048,
                    0.9815274477005005
                ]
            ],
            [
                [
                    0.4915104806423187,
                    0.8593701720237732,
                    -0.14106875658035278
                ],
                [
                    -0.8707881569862366,
                    0.4827294647693634,
                    -0.09327535331249237
                ],
                [
                    -0.01206001453101635,
                    0.16868680715560913,
                    0.9855959415435791
                ]
            ],
            [
                [
                    0.603628396987915,
                    -0.7601396441459656,
                    0.240458682179451
                ],
                [
                    0.7967298030853271,
                    0.5861896872520447,
                    -0.146980419754982
                ],
                [
                    -0.029228756204247475,
                    0.28030216693878174,
                    0.9594666957855225
                ]
            ],
            [
                [
                    0.8425312042236328,
                    -0.15594255924224854,
                    -0.515580415725708
                ],
                [
                    0.04031158238649368,
                    0.9727460145950317,
                    -0.2283422201871872
                ],
                [
                    0.5371370911598206,
                    0.17160159349441528,
                    0.8258551359176636
                ]
            ],
            [
                [
                    0.630767822265625,
                    0.20798419415950775,
                    0.7475790977478027
                ],
                [
                    -0.0038699135184288025,
                    0.9642415642738342,
                    -0.2649966776371002
                ],
                [
                    -0.7759619951248169,
                    0.16425831615924835,
                    0.6090174317359924
                ]
            ],
            [
                [
                    0.9998959302902222,
                    0.010899449698626995,
                    0.0094514861702919
                ],
                [
                    -0.01020677387714386,
                    0.9974614381790161,
                    -0.07047279924154282
                ],
                [
                    -0.01019560918211937,
                    0.07036899775266647,
                    0.997468888759613
                ]
            ],
            [
                [
                    0.9999902248382568,
                    0.0033250225242227316,
                    -0.002922436688095331
                ],
                [
                    -0.003443018300458789,
                    0.999139130115509,
                    -0.04134192317724228
                ],
                [
                    0.0027824577409774065,
                    0.04135157912969589,
                    0.9991407990455627
                ]
            ],
            [
                [
                    0.9757107496261597,
                    0.21134020388126373,
                    -0.05765260383486748
                ],
                [
                    -0.19848519563674927,
                    0.9642528295516968,
                    0.17555631697177887
                ],
                [
                    0.09269380569458008,
                    -0.15984900295734406,
                    0.9827797412872314
                ]
            ],
            [
                [
                    0.9759033918380737,
                    -0.21346810460090637,
                    0.045209407806396484
                ],
                [
                    0.20364494621753693,
                    0.9654407501220703,
                    0.16264355182647705
                ],
                [
                    -0.078366219997406,
                    -0.1495177447795868,
                    0.9856486320495605
                ]
            ]
        ],
        "betas": [
            -0.09086090326309204,
            0.1998642534017563,
            0.5214835405349731,
            0.4465011954307556,
            0.02828395366668701,
            0.10257799178361893,
            0.0375199019908905,
            -0.10110056400299072,
            0.0731404572725296,
            -0.1396275758743286
        ]
    },
    "pred_cam_t": [
        0.024177389219403267,
        0.35441258549690247,
        25.902742385864258
    ],
    "focal_length": [
        5000.0,
        5000.0
    ],
    "pred_keypoints_3d": [
        [
            -0.0767451673746109,
            -0.8487768173217773,
            -0.13583344221115112
        ],
        [
            0.0022241491824388504,
            -0.7482988238334656,
            0.012327298521995544
        ],
        [
            -0.13162720203399658,
            -0.662834882736206,
            0.12971338629722595
        ],
        [
            -0.1677004098892212,
            -0.4379071593284607,
            0.2362000197172165
        ],
        [
            -0.28545746207237244,
            -0.24321043491363525,
            0.1270589530467987
        ],
        [
            0.16224852204322815,
            -0.6578933596611023,
            -0.06090916320681572
        ],
        [
            0.2403278946876526,
            -0.41952836513519287,
            -0.0003069452941417694
        ],
        [
            0.23795491456985474,
            -0.18971076607704163,
            -0.08876290917396545
        ],
        [
            -0.0020323931239545345,
            -0.2283307909965515,
            0.026472017168998718
        ],
        [
            -0.06639528274536133,
            -0.14159373939037323,
            0.05871187150478363
        ],
        [
            -0.10958747565746307,
            0.23485232889652252,
            0.10387299954891205
        ],
        [
            -0.08172290027141571,
            0.44530847668647766,
            0.4382557272911072
        ],
        [
            0.0627400204539299,
            -0.1337740421295166,
            0.019946515560150146
        ],
        [
            0.09075625240802765,
            0.2381097972393036,
            0.03869185224175453
        ],
        [
            0.11123315244913101,
            0.44144994020462036,
            0.37760841846466064
        ],
        [
            -0.1008560061454773,
            -0.8858599662780762,
            -0.09214334189891815
        ],
        [
            -0.04185785353183746,
            -0.8969951868057251,
            -0.11991740763187408
        ],
        [
            -0.09629029780626297,
            -0.8713226318359375,
            0.01071280986070633
        ],
        [
            0.03303237631917,
            -0.8959654569625854,
            -0.0514548160135746
        ],
        [
            0.09248814731836319,
            0.6177902221679688,
            0.2881588041782379
        ],
        [
            0.16333329677581787,
            0.5892976522445679,
            0.32069268822669983
        ],
        [
            0.12731051445007324,
            0.4212765693664551,
            0.4438202679157257
        ],
        [
            -0.098235122859478,
            0.6157124638557434,
            0.34450075030326843
        ],
        [
            -0.16591060161590576,
            0.5827158689498901,
            0.3872380256652832
        ],
        [
            -0.07779468595981598,
            0.43325603008270264,
            0.5111383199691772
        ],
        [
            -0.10287347435951233,
            0.39318615198135376,
            0.4198254942893982
        ],
        [
            -0.10656726360321045,
            0.17789390683174133,
            0.08681844174861908
        ],
        [
            -0.13692514598369598,
            -0.267468124628067,
            0.07428526878356934
        ],
        [
            0.14155274629592896,
            -0.23848505318164825,
            0.0010910588316619396
        ],
        [
            0.10111956298351288,
            0.20194965600967407,
            0.025796759873628616
        ],
        [
            0.12287402898073196,
            0.40134888887405396,
            0.36644232273101807
        ],
        [
            -0.27432405948638916,
            -0.27288955450057983,
            0.1078711450099945
        ],
        [
            -0.20141036808490753,
            -0.46146097779273987,
            0.22635748982429504
        ],
        [
            -0.10771147906780243,
            -0.690755307674408,
            0.10770147293806076
        ],
        [
            0.13726308941841125,
            -0.6909894943237305,
            -0.04335348680615425
        ],
        [
            0.2521234154701233,
            -0.4399479031562805,
            -0.046139419078826904
        ],
        [
            0.23408383131027222,
            -0.20795974135398865,
            -0.098675936460495
        ],
        [
            0.0065313661471009254,
            -0.7458362579345703,
            0.011897167190909386
        ],
        [
            -0.044393375515937805,
            -0.9353179931640625,
            -0.03498370945453644
        ],
        [
            0.002899837214499712,
            -0.25301533937454224,
            0.03722171485424042
        ],
        [
            0.01221865601837635,
            -0.6889321208000183,
            0.028040843084454536
        ],
        [
            0.019374676048755646,
            -0.5041627287864685,
            0.039843615144491196
        ],
        [
            -0.035833682864904404,
            -0.8284962177276611,
            -0.06873241066932678
        ],
        [
            -0.048056453466415405,
            -0.954075276851654,
            -0.024906545877456665
        ]
    ],
    "pred_vertices": [
        [
            -0.03982742503285408,
            -0.9441750049591064,
            -0.12485461682081223
        ],
        [
            -0.045205894857645035,
            -0.9290106296539307,
            -0.12806761264801025
        ],
        [
            -0.03136846795678139,
            -0.927693247795105,
            -0.12462162226438522
        ],
        [
            -0.024354811757802963,
            -0.9396952390670776,
            -0.11824741959571838
        ],
        [
            -0.03546196222305298,
            -0.9180036783218384,
            -0.12821190059185028
        ],
        [
            -0.0472504198551178,
            -0.9171241521835327,
            -0.1303759515285492
        ],
        [
            -0.0200195349752903,
            -0.9233339428901672,
            -0.11789073795080185
        ],
        [
            -0.01259583979845047,
            -0.9318255186080933,
            -0.11020451784133911
        ],
        [
            -0.004413232207298279,
            -0.8901810646057129,
            -0.11043661832809448
        ],
        [
            0.003680683672428131,
            -0.8867502212524414,
            -0.10358302295207977
        ],
        [
            0.0010500028729438782,
            -0.898207426071167,
            -0.10463476181030273
        ],
        [
            -0.0072065964341163635,
            -0.8982623815536499,
            -0.11056100577116013
        ],
        [
            0.0006723366677761078,
            -0.8644673228263855,
            -0.10738584399223328
        ],
        [
            -0.006655924022197723,
            -0.853948712348938,
            -0.1124335378408432
        ],
        [
            0.000773504376411438,
            -0.8457663059234619,
            -0.10478279739618301
        ],
        [
            0.007375812157988548,
            -0.8555808663368225,
            -0.09848499298095703
        ],
        [
            -0.0471232533454895,
            -0.8615336418151855,
            -0.12052185833454132
        ],
        [
            -0.04074644297361374,
            -0.8559741377830505,
            -0.12176406383514404
        ],
        [
            -0.03809773176908493,
            -0.8632309436798096,
            -0.12242142856121063
        ],
        [
            -0.044909942895174026,
            -0.8678610920906067,
            -0.12057191133499146
        ],
        [
            -0.05938662961125374,
            -0.8690215349197388,
            -0.1224561482667923
        ],
        [
            -0.05809251219034195,
            -0.874741792678833,
            -0.11965645104646683
        ],
        [
            -0.06499216705560684,
            -0.8776063919067383,
            -0.12241330742835999
        ],
        [
            -0.06585045158863068,
            -0.8712338209152222,
            -0.12647056579589844
        ],
        [
            -0.051092639565467834,
            -0.8554505109786987,
            -0.11851124465465546
        ],
        [
            -0.04415560141205788,
            -0.8497885465621948,
            -0.11953003704547882
        ],
        [
            -0.05293773114681244,
            -0.8662816286087036,
            -0.12010413408279419
        ],
        [
            -0.05463888496160507,
            -0.8611087203025818,
            -0.1215209811925888
        ],
        [
            -0.060291144996881485,
            -0.8542643785476685,
            -0.12988972663879395
        ],
        [
            -0.05917367339134216,
            -0.8592039346694946,
            -0.1290377527475357
        ],
        [
            -0.06507398933172226,
            -0.8593845367431641,
            -0.13405543565750122
        ],
        [
            -0.06500580906867981,
            -0.8537980914115906,
            -0.13309384882450104
        ],
        [
            -0.05406692996621132,
            -0.8542609810829163,
            -0.1224951520562172
        ],
        [
            -0.05518893897533417,
            -0.8571028709411621,
            -0.12526972591876984
        ],
        [
            -0.05762423947453499,
            -0.8529537916183472,
            -0.12651512026786804
        ],
        [
            -0.057252559810876846,
            -0.8507426977157593,
            -0.12296664714813232
        ],
        [
            -0.06028037145733833,
            -0.8644549250602722,
            -0.12497419863939285
        ],
        [
            -0.06590786576271057,
            -0.8656585216522217,
            -0.13021311163902283
        ],
        [
            -0.072429358959198,
            -0.8661749362945557,
            -0.13507768511772156
        ],
        [
            -0.0714447870850563,
            -0.8578524589538574,
            -0.1387614905834198
        ],
        [
            -0.02616095170378685,
            -0.8446119427680969,
            -0.12019608914852142
        ],
        [
            -0.03350789472460747,
            -0.8503938317298889,
            -0.1222081184387207
        ],
        [
            -0.03724053502082825,
            -0.8447753190994263,
            -0.12035956978797913
        ],
        [
            -0.03092895820736885,
            -0.8401920795440674,
            -0.11964155733585358
        ],
        [
            -0.05433089658617973,
            -0.8480414748191833,
            -0.12028232216835022
        ],
        [
            -0.048303332179784775,
            -0.8328708410263062,
            -0.12197855859994888
        ],
        [
            -0.0487898588180542,
            -0.8366940021514893,
            -0.12224304676055908
        ],
        [
            -0.0558474138379097,
            -0.8363939523696899,
            -0.12349924445152283
        ],
        [
            -0.05477065220475197,
            -0.8329378366470337,
            -0.12332510948181152
        ],
        [
            -0.01584983617067337,
            -0.8315896391868591,
            -0.11398537456989288
        ],
        [
            -0.022454235702753067,
            -0.8294651508331299,
            -0.11586463451385498
        ],
        [
            -0.019897572696208954,
            -0.8227975368499756,
            -0.11356163769960403
        ],
        [
            -0.01320020854473114,
            -0.8236285448074341,
            -0.11022762209177017
        ],
        [
            -0.020700957626104355,
            -0.8168653845787048,
            -0.11151552200317383
        ],
        [
            -0.01185062900185585,
            -0.8157695531845093,
            -0.10664662718772888
        ],
        [
            -0.017789479345083237,
            -0.8003120422363281,
            -0.1032334566116333
        ],
        [
            -0.014406654983758926,
            -0.8072293996810913,
            -0.10475257784128189
        ],
        [
            -0.02345847710967064,
            -0.8106786608695984,
            -0.11042662709951401
        ],
        [
            -0.028550487011671066,
            -0.8045320510864258,
            -0.11136696487665176
        ],
        [
            -0.04321117326617241,
            -0.8066734075546265,
            -0.11478661000728607
        ],
        [
            -0.04920763149857521,
            -0.8044337034225464,
            -0.11499303579330444
        ],
        [
            -0.04229908064007759,
            -0.7933233976364136,
            -0.11477631330490112
        ],
        [
            -0.03568737208843231,
            -0.7981145977973938,
            -0.11343669146299362
        ],
        [
            -0.04611268267035484,
            -0.8277018070220947,
            -0.11761972308158875
        ],
        [
            -0.041570354253053665,
            -0.8285582065582275,
            -0.11646396666765213
        ],
        [
            -0.04241243377327919,
            -0.8299319744110107,
            -0.11874499917030334
        ],
        [
            -0.04745965451002121,
            -0.8301304578781128,
            -0.12031887471675873
        ],
        [
            -0.03764486312866211,
            -0.8290599584579468,
            -0.11594393849372864
        ],
        [
            -0.03584500774741173,
            -0.82914137840271,
            -0.1158495545387268
        ],
        [
            -0.036701101809740067,
            -0.8302910327911377,
            -0.1169804185628891
        ],
        [
            -0.0380893312394619,
            -0.8297032117843628,
            -0.11658190935850143
        ],
        [
            -0.03999103233218193,
            -0.828991174697876,
            -0.11640873551368713
        ],
        [
            -0.04071052744984627,
            -0.8269026279449463,
            -0.1163741797208786
        ],
        [
            -0.03846662864089012,
            -0.8281055688858032,
            -0.11604452133178711
        ],
        [
            -0.0447496622800827,
            -0.8253283500671387,
            -0.1176825538277626
        ],
        [
            -0.05829547718167305,
            -0.8202944993972778,
            -0.12013337016105652
        ],
        [
            -0.05455798655748367,
            -0.8218256235122681,
            -0.1202639564871788
        ],
        [
            -0.056267887353897095,
            -0.8259928226470947,
            -0.1189570426940918
        ],
        [
            -0.05949180945754051,
            -0.8249218463897705,
            -0.11884763836860657
        ],
        [
            -0.03910849243402481,
            -0.8313055038452148,
            -0.11824117600917816
        ],
        [
            -0.0369986817240715,
            -0.8337138295173645,
            -0.11861484497785568
        ],
        [
            -0.04202760010957718,
            -0.8355720639228821,
            -0.12050709128379822
        ],
        [
            -0.042428191751241684,
            -0.832675576210022,
            -0.1195039302110672
        ],
        [
            -0.03478970378637314,
            -0.8360547423362732,
            -0.11947609484195709
        ],
        [
            -0.03461737930774689,
            -0.8318965435028076,
            -0.11724124848842621
        ],
        [
            -0.031658418476581573,
            -0.8328652381896973,
            -0.11784544587135315
        ],
        [
            -0.03604390472173691,
            -0.8273105621337891,
            -0.11557906866073608
        ],
        [
            -0.03278585523366928,
            -0.8262264132499695,
            -0.11514316499233246
        ],
        [
            -0.03307001665234566,
            -0.8288764953613281,
            -0.1163601279258728
        ],
        [
            -0.0342140719294548,
            -0.8226397037506104,
            -0.11481781303882599
        ],
        [
            -0.03833141177892685,
            -0.824959397315979,
            -0.11566752195358276
        ],
        [
            -0.04214705154299736,
            -0.8223978281021118,
            -0.1169649213552475
        ],
        [
            -0.04725553095340729,
            -0.8198055624961853,
            -0.11856122314929962
        ],
        [
            -0.043146055191755295,
            -0.8156494498252869,
            -0.11653408408164978
        ],
        [
            -0.037896186113357544,
            -0.8189655542373657,
            -0.11552254855632782
        ],
        [
            -0.04049241915345192,
            -0.8394484519958496,
            -0.12057918310165405
        ],
        [
            -0.028474930673837662,
            -0.8290517330169678,
            -0.11614172160625458
        ],
        [
            -0.02642933651804924,
            -0.8358173370361328,
            -0.11768555641174316
        ],
        [
            -0.02735549584031105,
            -0.8243504762649536,
            -0.11495447158813477
        ],
        [
            -0.028364453464746475,
            -0.8196139335632324,
            -0.11379680037498474
        ],
        [
            -0.03192327544093132,
            -0.8149793148040771,
            -0.11336686462163925
        ],
        [
            -0.03731482848525047,
            -0.8104429841041565,
            -0.11430151760578156
        ],
        [
            -0.03457198292016983,
            -0.7858684062957764,
            -0.10499294102191925
        ],
        [
            -0.026658296585083008,
            -0.792306661605835,
            -0.10463786125183105
        ],
        [
            -0.04694511741399765,
            -0.9100089073181152,
            -0.12688574194908142
        ],
        [
            -0.037893377244472504,
            -0.9104331731796265,
            -0.12773822247982025
        ],
        [
            -0.03434447944164276,
            -0.9032885432243347,
            -0.12312273681163788
        ],
        [
            -0.03322234004735947,
            -0.9063820838928223,
            -0.12365584075450897
        ],
        [
            -0.039288248866796494,
            -0.9061723947525024,
            -0.12483514845371246
        ],
        [
            -0.039014481008052826,
            -0.9034078121185303,
            -0.12389495968818665
        ],
        [
            -0.015214066952466965,
            -0.89897620677948,
            -0.11390019953250885
        ],
        [
            -0.02154884859919548,
            -0.8997201323509216,
            -0.11643300205469131
        ],
        [
            -0.020053505897521973,
            -0.896172046661377,
            -0.11508491635322571
        ],
        [
            -0.012347482144832611,
            -0.8928886651992798,
            -0.11377772688865662
        ],
        [
            -0.028112154453992844,
            -0.8869764804840088,
            -0.11864875257015228
        ],
        [
            -0.023298494517803192,
            -0.8891560435295105,
            -0.11722627282142639
        ],
        [
            -0.028809156268835068,
            -0.89491868019104,
            -0.118506520986557
        ],
        [
            -0.032334696501493454,
            -0.8933761119842529,
            -0.11959478259086609
        ],
        [
            -0.03637416288256645,
            -0.8921599388122559,
            -0.12008693814277649
        ],
        [
            -0.04068978130817413,
            -0.8914818167686462,
            -0.11961185187101364
        ],
        [
            -0.03930230438709259,
            -0.8861654996871948,
            -0.1190965548157692
        ],
        [
            -0.033860448747873306,
            -0.8861781358718872,
            -0.11928759515285492
        ],
        [
            -0.04594145342707634,
            -0.9061440229415894,
            -0.1236770749092102
        ],
        [
            -0.052325546741485596,
            -0.9043461084365845,
            -0.12069179117679596
        ],
        [
            -0.05025462806224823,
            -0.9015131592750549,
            -0.12055602669715881
        ],
        [
            -0.04497849568724632,
            -0.9029965996742249,
            -0.12341903895139694
        ],
        [
            -0.05643915757536888,
            -0.8938761949539185,
            -0.11199174076318741
        ],
        [
            -0.056151922792196274,
            -0.8964371681213379,
            -0.11347474157810211
        ],
        [
            -0.06004762649536133,
            -0.897201657295227,
            -0.11337941884994507
        ],
        [
            -0.05971676856279373,
            -0.892686128616333,
            -0.11212975531816483
        ],
        [
            -0.05714764818549156,
            -0.8899639844894409,
            -0.11297468096017838
        ],
        [
            -0.0551268495619297,
            -0.8923503160476685,
            -0.11286696046590805
        ],
        [
            -0.05079931393265724,
            -0.9642531871795654,
            -0.1198267936706543
        ],
        [
            -0.05571635439991951,
            -0.9460645914077759,
            -0.1258494108915329
        ],
        [
            -0.03129201382398605,
            -0.9603813886642456,
            -0.11398929357528687
        ],
        [
            -0.016622435301542282,
            -0.9524147510528564,
            -0.1070551723241806
        ],
        [
            -0.004569705575704575,
            -0.940865159034729,
            -0.10082676261663437
        ],
        [
            -0.0076399631798267365,
            -0.837403416633606,
            -0.11009560525417328
        ],
        [
            -0.0026712454855442047,
            -0.829096794128418,
            -0.10481279343366623
        ],
        [
            0.007396891713142395,
            -0.8381131887435913,
            -0.09677591919898987
        ],
        [
            0.009160658344626427,
            -0.8277847170829773,
            -0.09130117297172546
        ],
        [
            -0.001275431364774704,
            -0.8187813758850098,
            -0.10017146170139313
        ],
        [
            -0.009747866541147232,
            -0.7986211776733398,
            -0.09202666580677032
        ],
        [
            -0.003458542749285698,
            -0.8079146146774292,
            -0.09602762758731842
        ],
        [
            0.00822862796485424,
            -0.8173723220825195,
            -0.08413583040237427
        ],
        [
            0.018749726936221123,
            -0.831584095954895,
            -0.07341562211513519
        ],
        [
            0.01723840832710266,
            -0.8387666940689087,
            -0.08224479854106903
        ],
        [
            0.024408772587776184,
            -0.8481300473213196,
            -0.06345067918300629
        ],
        [
            0.019136812537908554,
            -0.8240566253662109,
            -0.060739435255527496
        ],
        [
            0.024597276002168655,
            -0.8471214771270752,
            -0.05444547161459923
        ],
        [
            0.008337387815117836,
            -0.785872220993042,
            -0.057738129049539566
        ],
        [
            0.012629250064492226,
            -0.7745966911315918,
            -0.0548783577978611
        ],
        [
            0.02743375301361084,
            -0.7836318016052246,
            -0.04784947633743286
        ],
        [
            0.023592738434672356,
            -0.7950949668884277,
            -0.0508141852915287
        ],
        [
            0.013833113014698029,
            -0.8469682931900024,
            -0.09010043740272522
        ],
        [
            0.00359928235411644,
            -0.9096671342849731,
            -0.09832097589969635
        ],
        [
            -0.004060365259647369,
            -0.9079486131668091,
            -0.10701186209917068
        ],
        [
            0.008610006421804428,
            -0.8973124027252197,
            -0.09576070308685303
        ],
        [
            0.0029156506061553955,
            -0.9696100950241089,
            -0.08182975649833679
        ],
        [
            -0.007454201579093933,
            -0.963308572769165,
            -0.09630251675844193
        ],
        [
            0.00376790389418602,
            -0.9491645097732544,
            -0.09220801293849945
        ],
        [
            0.01223420724272728,
            -0.9571276903152466,
            -0.07941506057977676
        ],
        [
            -0.031011130660772324,
            -0.9989478588104248,
            -0.08007104694843292
        ],
        [
            -0.04028312489390373,
            -0.9846314191818237,
            -0.10243719071149826
        ],
        [
            -0.024780061095952988,
            -0.9752214550971985,
            -0.09970514476299286
        ],
        [
            -0.015236608684062958,
            -0.9869346618652344,
            -0.08237673342227936
        ],
        [
            0.018445119261741638,
            -0.959943413734436,
            -0.06787306070327759
        ],
        [
            0.02588839828968048,
            -0.9623410701751709,
            -0.051031943410634995
        ],
        [
            0.022195834666490555,
            -0.9777628183364868,
            -0.043245580047369
        ],
        [
            0.011581700295209885,
            -0.976172924041748,
            -0.06311177462339401
        ],
        [
            0.010223668068647385,
            -0.9964616298675537,
            -0.03241153806447983
        ],
        [
            -0.00199025496840477,
            -0.9953048825263977,
            -0.0569433830678463
        ],
        [
            0.029101785272359848,
            -0.8339550495147705,
            -0.04430839419364929
        ],
        [
            0.028393961489200592,
            -0.8524213433265686,
            -0.04279789328575134
        ],
        [
            0.018592573702335358,
            -0.8082245588302612,
            -0.05576672777533531
        ],
        [
            0.030481621623039246,
            -0.8176233768463135,
            -0.04405972361564636
        ],
        [
            -0.006721042096614838,
            -1.0090032815933228,
            -0.020692266523838043
        ],
        [
            -0.020577438175678253,
            -1.0088907480239868,
            -0.050301603972911835
        ],
        [
            0.03864048793911934,
            -0.9422575831413269,
            -0.001791544258594513
        ],
        [
            0.03468720614910126,
            -0.9596567153930664,
            -0.010167710483074188
        ],
        [
            0.03656808286905289,
