{
    "pred_cam": [
        1.5018024444580078,
        0.011978419497609138,
        0.3726138174533844
    ],
    "pred_smpl_params": {
        "global_orient": [
            [
                [
                    0.8841144442558289,
                    0.03332197666168213,
                    -0.4660806953907013
                ],
                [
                    0.06721821427345276,
                    -0.9961491823196411,
                    0.056288376450538635
                ],
                [
                    -0.4624103307723999,
                    -0.08109448105096817,
                    -0.882949709892273
                ]
            ]
        ],
        "body_pose": [
            [
                [
                    0.990974485874176,
                    0.009562642313539982,
                    0.1337088793516159
                ],
                [
                    -0.002623864682391286,
                    0.998645007610321,
                    -0.05197479575872421
                ],
                [
                    -0.1340247094631195,
                    0.051154863089323044,
                    0.9896568059921265
                ]
            ],
            [
                [
                    0.9920503497123718,
                    0.007908161729574203,
                    0.1255926936864853
                ],
                [
                    0.003946684300899506,
                    0.9955773949623108,
                    -0.09386281669139862
                ],
                [
                    -0.12577950954437256,
                    0.09361232072114944,
                    0.9876316785812378
                ]
            ],
            [
                [
                    0.9968487024307251,
                    -0.001030414248816669,
                    -0.07931956648826599
                ],
                [
                    0.0005955103551968932,
                    0.999984622001648,
                    -0.005506250541657209
                ],
                [
                    0.07932402938604355,
                    0.005441662389785051,
                    0.9968339800834656
                ]
            ],
            [
                [
                    0.9815059900283813,
                    0.1499137431383133,
                    -0.11904584616422653
                ],
                [
                    -0.1882922649383545,
                    0.6438705325126648,
                    -0.741604208946228
                ],
                [
                    -0.03452659025788307,
                    0.7503043413162231,
                    0.6601904034614563
                ]
            ],
            [
                [
                    0.9536827802658081,
                    0.1981319934129715,
                    0.2263464331626892
                ],
                [
                    0.01310577243566513,
                    0.7243654131889343,
                    -0.6892915964126587
                ],
                [
                    -0.30052825808525085,
                    0.6603320837020874,
                    0.6882181763648987
                ]
            ],
            [
                [
                    0.9951170086860657,
                    -0.05171481892466545,
                    -0.08407005667686462
                ],
                [
                    0.05426454171538353,
                    0.9981245994567871,
                    0.028330281376838684
                ],
                [
                    0.08244729787111282,
                    -0.03275396674871445,
                    0.9960570335388184
                ]
            ],
            [
                [
                    0.9715996384620667,
                    0.026141587644815445,
                    0.2351822555065155
                ],
                [
                    -0.051540978252887726,
                    0.9933959245681763,
                    0.10250886529684067
                ],
                [
                    -0.23094935715198517,
                    -0.11171911656856537,
                    0.9665305018424988
                ]
            ],
            [
                [
                    0.9762951135635376,
                    -0.015800409018993378,
                    -0.2158663123846054
                ],
                [
                    0.031959742307662964,
                    0.9969232082366943,
                    0.07157372683286667
                ],
                [
                    0.21407121419906616,
                    -0.07677610963582993,
                    0.9737962484359741
                ]
            ],
            [
                [
                    0.9960967898368835,
                    -0.02134300395846367,
                    -0.08564883470535278
                ],
                [
                    0.012338315136730671,
                    0.9944673776626587,
                    -0.10431860387325287
                ],
                [
                    0.08740144222974777,
                    0.1028546541929245,
                    0.9908490777015686
                ]
            ],
            [
                [
                    0.9933081269264221,
                    -0.10728546977043152,
                    -0.04276444390416145
                ],
                [
                    0.11271060258150101,
                    0.9812726378440857,
                    0.1562061756849289
                ],
                [
                    0.02520492672920227,
                    -0.1599808782339096,
                    0.9867982864379883
                ]
            ],
            [
                [
                    0.991995096206665,
                    0.11555737257003784,
                    0.050914689898490906
                ],
                [
                    -0.12366415560245514,
                    0.9705977439880371,
                    0.20651185512542725
                ],
                [
                    -0.025553718209266663,
                    -0.21115504205226898,
                    0.9771184921264648
                ]
            ],
            [
                [
                    0.9936442375183105,
                    -0.0963476225733757,
                    -0.05820819362998009
                ],
                [
                    0.09749353677034378,
                    0.9950880408287048,
                    0.017171582207083702
                ],
                [
                    0.056267835199832916,
                    -0.02273736707866192,
                    0.9981567859649658
                ]
            ],
            [
                [
                    0.918002188205719,
                    0.39473050832748413,
                    0.038208361715078354
                ],
                [
                    -0.38928261399269104,
                    0.9153203964233398,
                    -0.10318748652935028
                ],
                [
                    -0.07570414245128632,
                    0.07985247671604156,
                    0.9939278364181519
                ]
            ],
            [
                [
                    0.9380612969398499,
                    -0.32797256112098694,
                    -0.11169131100177765
                ],
                [
                    0.3238607347011566,
                    0.9445807933807373,
                    -0.05367792397737503
                ],
                [
                    0.12310636043548584,
                    0.01418075431138277,
                    0.9922921061515808
                ]
            ],
            [
                [
                    0.9947665929794312,
                    -0.09126049280166626,
                    -0.045945558696985245
                ],
                [
                    0.07153666764497757,
                    0.9431626200675964,
                    -0.3245408833026886
                ],
                [
                    0.07295189797878265,
                    0.3195556104183197,
                    0.9447551369667053
                ]
            ],
            [
                [
                    0.5227744579315186,
                    0.8250031471252441,
                    -0.21465474367141724
                ],
                [
                    -0.8518878817558289,
                    0.514896035194397,
                    -0.09575539082288742
                ],
                [
                    0.03152638301253319,
                    0.23292024433612823,
                    0.9719846844673157
                ]
            ],
            [
                [
                    0.60943603515625,
                    -0.7553513050079346,
                    0.24089860916137695
                ],
                [
                    0.7922590970993042,
                    0.59178227186203,
                    -0.14872559905052185
                ],
                [
                    -0.030219443142414093,
                    0.28149285912513733,
                    0.9590874314308167
                ]
            ],
            [
                [
                    0.845394492149353,
                    -0.08840544521808624,
                    -0.5267756581306458
                ],
                [
                    -0.03359603136777878,
                    0.9754549860954285,
                    -0.21762095391750336
                ],
                [
                    0.5330848097801208,
                    0.20167312026023865,
                    0.8216742277145386
                ]
            ],
            [
                [
                    0.6114491820335388,
                    0.22530390322208405,
                    0.7585302591323853
                ],
                [
                    -0.017497045919299126,
                    0.9622224569320679,
                    -0.27170172333717346
                ],
                [
                    -0.7910903096199036,
                    0.15285976231098175,
                    0.592292308807373
                ]
            ],
            [
                [
                    0.9987817406654358,
                    0.04932640120387077,
                    0.0013359860749915242
                ],
                [
                    -0.049179304391145706,
                    0.9972866773605347,
                    -0.05477771908044815
                ],
                [
                    -0.004034349694848061,
                    0.05464528873562813,
                    0.9984975457191467
                ]
            ],
            [
                [
                    0.9998856782913208,
                    -0.01495504193007946,
                    0.002252530073747039
                ],
                [
                    0.014955508522689342,
                    0.9998881220817566,
                    -0.00019143579993396997
                ],
                [
                    -0.0022494152653962374,
                    0.00022510162671096623,
                    0.9999974966049194
                ]
            ],
            [
                [
                    0.9741432666778564,
                    0.21727889776229858,
                    -0.06192595511674881
                ],
                [
                    -0.20458537340164185,
                    0.9646229147911072,
                    0.16627532243728638
                ],
                [
                    0.09586331248283386,
                    -0.14930683374404907,
                    0.9841330051422119
                ]
            ],
            [
                [
                    0.9775964021682739,
                    -0.20800383388996124,
                    0.0322442427277565
                ],
                [
                    0.2004147619009018,
                    0.9666473269462585,
                    0.1594579517841339
                ],
                [
                    -0.06433667987585068,
                    -0.14942330121994019,
                    0.9866780042648315
                ]
            ]
        ],
        "betas": [
            -0.08380380272865295,
            0.15866412222385406,
            0.6330889463424683,
            1.2900185585021973,
            0.06355622410774231,
            0.07250040769577026,
            -0.05562332272529602,
            0.02722504734992981,
            0.08376048505306244,
            -0.11272326111793518
        ]
    },
    "pred_cam_t": [
        0.011978419497609138,
        0.3726138174533844,
        26.010412216186523
    ],
    "focal_length": [
        5000.0,
        5000.0
    ],
    "pred_keypoints_3d": [
        [
            -0.12317977845668793,
            -0.8421005010604858,
            -0.1029319241642952
        ],
        [
            0.013787664473056793,
            -0.7658364772796631,
            0.010675515979528427
        ],
        [
            -0.10006603598594666,
            -0.671418309211731,
            0.15364563465118408
        ],
        [
            -0.11070285737514496,
            -0.4429575502872467,
            0.25108274817466736
        ],
        [
            -0.24150694906711578,
            -0.2545454502105713,
            0.15100744366645813
        ],
        [
            0.15727809071540833,
            -0.6628558039665222,
            -0.09294147789478302
        ],
        [
            0.2302940934896469,
            -0.4209507703781128,
            -0.05426516756415367
        ],
        [
            0.17562614381313324,
            -0.1906530261039734,
            -0.11710931360721588
        ],
        [
            -0.0027028601616621017,
            -0.23654189705848694,
            0.025367384776473045
        ],
        [
            -0.06016399711370468,
            -0.15105889737606049,
            0.06739040464162827
        ],
        [
            -0.09151219576597214,
            0.2150820642709732,
            0.1491820514202118
        ],
        [
            -0.054568734019994736,
            0.41444891691207886,
            0.4823298454284668
        ],
        [
            0.05632982403039932,
            -0.14118430018424988,
            0.00908241793513298
        ],
        [
            0.08280026912689209,
            0.22360679507255554,
            0.04662911221385002
        ],
        [
            0.12537211179733276,
            0.3958788514137268,
            0.393543004989624
        ],
        [
            -0.13171729445457458,
            -0.8848813772201538,
            -0.05793144181370735
        ],
        [
            -0.09245751053094864,
            -0.8948960304260254,
            -0.11021019518375397
        ],
        [
            -0.08282184600830078,
            -0.8906930685043335,
            0.033930182456970215
        ],
        [
            0.005022719502449036,
            -0.9126994609832764,
            -0.08220075070858002
        ],
        [
            0.09415703266859055,
            0.5761640667915344,
            0.3170299232006073
        ],
        [
            0.16937482357025146,
            0.5483876466751099,
            0.3415244221687317
        ],
        [
            0.14689438045024872,
            0.3717522919178009,
            0.4559105336666107
        ],
        [
            -0.08223682641983032,
            0.5869648456573486,
            0.39134639501571655
        ],
        [
            -0.1457616090774536,
            0.5483682155609131,
            0.4376097619533539
        ],
        [
            -0.047126688063144684,
            0.40063273906707764,
            0.5538731217384338
        ],
        [
            -0.0749654695391655,
            0.3622280955314636,
            0.46342018246650696
        ],
        [
            -0.08938029408454895,
            0.15858322381973267,
            0.1275714486837387
        ],
        [
            -0.12376797944307327,
            -0.27915865182876587,
            0.09178080409765244
        ],
        [
            0.13049133121967316,
            -0.2453257441520691,
            -0.02305658906698227
        ],
        [
            0.091528981924057,
            0.188247412443161,
            0.03058154322206974
        ],
        [
            0.13728797435760498,
            0.35749512910842896,
            0.3778584897518158
        ],
        [
            -0.23481819033622742,
            -0.2864599823951721,
            0.1318579763174057
        ],
        [
            -0.14568376541137695,
            -0.4662761688232422,
            0.24801672995090485
        ],
        [
            -0.07863955944776535,
            -0.7030894756317139,
            0.1270294338464737
        ],
        [
            0.13542982935905457,
            -0.699205756187439,
            -0.07160276174545288
        ],
        [
            0.22919584810733795,
            -0.4393046200275421,
            -0.10166701674461365
        ],
        [
            0.1710493564605713,
            -0.2088930308818817,
            -0.12717795372009277
        ],
        [
            0.016880396753549576,
            -0.7576528191566467,
            0.009569888934493065
        ],
        [
            -0.06600410491228104,
            -0.9486827850341797,
            -0.03967682272195816
        ],
        [
            0.003748509334400296,
            -0.26196953654289246,
            0.033469878137111664
        ],
        [
            0.02552841044962406,
            -0.6993667483329773,
            0.02490435168147087
        ],
        [
            0.030327236279845238,
            -0.5180231928825378,
            0.03436502441763878
        ],
        [
            -0.05620246008038521,
            -0.8373183608055115,
            -0.05859965831041336
        ],
        [
            -0.06831171363592148,
            -0.9681298732757568,
            -0.03155964985489845
        ]
    ],
    "pred_vertices": [
        [
            -0.09967728704214096,
            -0.9398475885391235,
            -0.12295651435852051
        ],
        [
            -0.10354102402925491,
            -0.924010157585144,
            -0.12142326682806015
        ],
        [
            -0.08933034539222717,
            -0.924583375453949,
            -0.12412027269601822
        ],
        [
            -0.08225278556346893,
            -0.9380267262458801,
            -0.12301270663738251
        ],
        [
            -0.09309904277324677,
            -0.9142245054244995,
            -0.12404327094554901
        ],
        [
            -0.10447461903095245,
            -0.9118928909301758,
            -0.1208006963133812
        ],
        [
            -0.07560241967439651,
            -0.9225747585296631,
            -0.12220022827386856
        ],
        [
            -0.06715358048677444,
            -0.9326246976852417,
            -0.11981828510761261
        ],
        [
            -0.05363966524600983,
            -0.8928103446960449,
            -0.11758716404438019
        ],
        [
            -0.04297104477882385,
            -0.891322135925293,
            -0.11442101001739502
        ],
        [
            -0.047323405742645264,
            -0.9021092653274536,
            -0.11618305742740631
        ],
        [
            -0.05731841176748276,
            -0.9005584716796875,
            -0.11779983341693878
        ],
        [
            -0.04374086856842041,
            -0.8686084151268005,
            -0.11315181851387024
        ],
        [
            -0.05081625282764435,
            -0.8567607998847961,
            -0.11296799778938293
        ],
        [
            -0.03947358578443527,
            -0.8507461547851562,
            -0.10843925178050995
        ],
        [
            -0.03237615525722504,
            -0.8620861768722534,
            -0.10718497633934021
        ],
        [
            -0.09212330728769302,
            -0.8597739934921265,
            -0.10346667468547821
        ],
        [
            -0.08596764504909515,
            -0.8544865250587463,
            -0.10674361884593964
        ],
        [
            -0.08505912870168686,
            -0.8616527318954468,
            -0.10949515551328659
        ],
        [
            -0.09116772562265396,
            -0.8660851716995239,
            -0.10540396720170975
        ],
        [
            -0.10506181418895721,
            -0.8659224510192871,
            -0.10107061266899109
        ],
        [
            -0.10358420014381409,
            -0.8721221685409546,
            -0.09989187121391296
        ],
        [
            -0.11141792684793472,
            -0.8738938570022583,
            -0.09984135627746582
        ],
        [
            -0.11293303966522217,
            -0.866828978061676,
            -0.10231253504753113
        ],
        [
            -0.09391798824071884,
            -0.8539417386054993,
            -0.09908857196569443
        ],
        [
            -0.08713366091251373,
            -0.8485630750656128,
            -0.10248278081417084
        ],
        [
            -0.0979483351111412,
            -0.864119291305542,
            -0.10113571584224701
        ],
        [
            -0.09915719926357269,
            -0.8587220311164856,
            -0.10121309757232666
        ],
        [
            -0.10678976029157639,
            -0.8499823808670044,
            -0.10546566545963287
        ],
        [
            -0.10618748515844345,
            -0.8550593852996826,
            -0.10587283968925476
        ],
        [
            -0.11359646171331406,
            -0.8538012504577637,
            -0.10786883533000946
        ],
        [
            -0.11232344806194305,
            -0.8485580682754517,
            -0.10622984170913696
        ],
        [
            -0.09796824306249619,
            -0.8518828749656677,
            -0.1014484092593193
        ],
        [
            -0.10060753673315048,
            -0.8540735244750977,
            -0.10390491783618927
        ],
        [
            -0.10268689692020416,
            -0.8495728969573975,
            -0.10342104732990265
        ],
        [
            -0.1005072295665741,
            -0.8481259346008301,
            -0.10005725175142288
        ],
        [
            -0.10619306564331055,
            -0.8609357476234436,
            -0.10246962308883667
        ],
        [
            -0.11368057876825333,
            -0.8606656789779663,
            -0.10490825772285461
        ],
        [
            -0.12173182517290115,
            -0.8597296476364136,
            -0.10661940276622772
        ],
        [
            -0.12107199430465698,
            -0.8508657813072205,
            -0.10920125246047974
        ],
        [
            -0.07017068564891815,
            -0.8445732593536377,
            -0.1103082150220871
        ],
        [
            -0.07861534506082535,
            -0.8493694067001343,
            -0.10963203012943268
        ],
        [
            -0.08036249876022339,
            -0.8439507484436035,
            -0.10566627234220505
        ],
        [
            -0.07359294593334198,
            -0.8400065302848816,
            -0.10723750293254852
        ],
        [
            -0.09624913334846497,
            -0.8460944890975952,
            -0.09857520461082458
        ],
        [
            -0.08901509642601013,
            -0.8311978578567505,
            -0.10083765536546707
        ],
        [
            -0.09023454785346985,
            -0.8348871469497681,
            -0.10143459588289261
        ],
        [
            -0.09706216305494308,
            -0.8338072299957275,
            -0.09944004565477371
        ],
        [
            -0.09541390836238861,
            -0.8305166959762573,
            -0.09922756254673004
        ],
        [
            -0.056112371385097504,
            -0.8336328864097595,
            -0.10763908922672272
        ],
        [
            -0.06263455003499985,
            -0.8306784629821777,
            -0.10632860660552979
        ],
        [
            -0.058163732290267944,
            -0.8247079253196716,
            -0.10451380908489227
        ],
        [
            -0.050652384757995605,
            -0.8267574310302734,
            -0.10435664653778076
        ],
        [
            -0.05692834407091141,
            -0.8192838430404663,
            -0.10156089067459106
        ],
        [
            -0.046510517597198486,
            -0.8199561834335327,
            -0.10080431401729584
        ],
        [
            -0.04826463758945465,
            -0.8051801919937134,
            -0.09339283406734467
        ],
        [
            -0.04672770947217941,
            -0.8118879795074463,
            -0.09692658483982086
        ],
        [
            -0.05806444585323334,
            -0.8132553100585938,
            -0.09860612452030182
        ],
        [
            -0.06222446262836456,
            -0.806757390499115,
            -0.09649485349655151
        ],
        [
            -0.07732506096363068,
            -0.8069937229156494,
            -0.09321089833974838
        ],
        [
            -0.08259590715169907,
            -0.8043407201766968,
            -0.0904606431722641
        ],
        [
            -0.0744941234588623,
            -0.7941403388977051,
            -0.09212639927864075
        ],
        [
            -0.06864261627197266,
            -0.7995607852935791,
            -0.09440609812736511
        ],
        [
            -0.08452265709638596,
            -0.8271045684814453,
            -0.09694570302963257
        ],
        [
            -0.0800582692027092,
            -0.8284728527069092,
            -0.09805885702371597
        ],
        [
            -0.08201052248477936,
            -0.8293366432189941,
            -0.09989006817340851
        ],
        [
            -0.0872453972697258,
            -0.8288605809211731,
            -0.09909285604953766
        ],
        [
            -0.07634114474058151,
            -0.8292795419692993,
            -0.09947125613689423
        ],
        [
            -0.07469037175178528,
            -0.82952880859375,
            -0.1001865416765213
        ],
        [
            -0.0761641412973404,
            -0.8304129242897034,
            -0.10095000267028809
        ],
        [
            -0.0770844891667366,
            -0.8297885060310364,
            -0.0998830497264862
        ],
        [
            -0.07861468195915222,
            -0.8289735317230225,
            -0.098793163895607
        ],
        [
            -0.07890420407056808,
            -0.8268351554870605,
            -0.09817266464233398
        ],
        [
            -0.07695750892162323,
            -0.8282356262207031,
            -0.09907066822052002
        ],
        [
            -0.0828559398651123,
            -0.8247352838516235,
            -0.0973348394036293
        ],
        [
            -0.09523903578519821,
            -0.8184781074523926,
            -0.09300465136766434
        ],
        [
            -0.09229438006877899,
            -0.8201521635055542,
            -0.09479784965515137
        ],
        [
            -0.09399229288101196,
            -0.824443519115448,
            -0.09344849735498428
        ],
        [
            -0.09650818258523941,
            -0.8232144117355347,
            -0.09197187423706055
        ],
        [
            -0.07884516566991806,
            -0.8310604691505432,
            -0.10126429796218872
        ],
        [
            -0.0777340680360794,
            -0.8334459662437439,
            -0.10279367119073868
        ],
        [
            -0.08338960260152817,
            -0.8345277309417725,
            -0.10255475342273712
        ],
        [
            -0.08283156901597977,
            -0.8318709135055542,
            -0.10101810842752457
        ],
        [
            -0.07640285789966583,
            -0.835738480091095,
            -0.10481558740139008
        ],
        [
            -0.07464543730020523,
            -0.832077145576477,
            -0.10235901176929474
        ],
        [
            -0.07223362475633621,
            -0.8331558704376221,
            -0.1044740229845047
        ],
        [
            -0.07442905753850937,
            -0.8276804089546204,
            -0.09965133666992188
        ],
        [
            -0.07110758125782013,
            -0.8269177675247192,
            -0.10061545670032501
        ],
        [
            -0.07234537601470947,
            -0.8293249607086182,
            -0.10187296569347382
        ],
        [
            -0.07165783643722534,
            -0.8232806324958801,
            -0.09921824187040329
        ],
        [
            -0.07615402340888977,
            -0.825153112411499,
            -0.0983809232711792
        ],
        [
            -0.07975061982870102,
            -0.8220872282981873,
            -0.09751100093126297
        ],
        [
            -0.08461707085371017,
            -0.8188994526863098,
            -0.09627561271190643
        ],
        [
            -0.07938364893198013,
            -0.8154541254043579,
            -0.09577257931232452
        ],
        [
            -0.07472195476293564,
            -0.8192710876464844,
            -0.09768183529376984
        ],
        [
            -0.0824989527463913,
            -0.8385002613067627,
            -0.10392151027917862
        ],
        [
            -0.06814291328191757,
            -0.8298059701919556,
            -0.10382889211177826
        ],
        [
            -0.06803440302610397,
            -0.8363548517227173,
            -0.10697083175182343
        ],
        [
            -0.06581302732229233,
            -0.8254276514053345,
            -0.10269087553024292
        ],
        [
            -0.0653766319155693,
            -0.8208997249603271,
            -0.100560761988163
        ],
        [
            -0.06776599586009979,
            -0.816277265548706,
            -0.09801327437162399
        ],
        [
            -0.0722985565662384,
            -0.8112027049064636,
            -0.09583348780870438
        ],
        [
            -0.06230327486991882,
            -0.7894385457038879,
            -0.08601628988981247
        ],
        [
            -0.05590791255235672,
            -0.7964615821838379,
            -0.08987899124622345
        ],
        [
            -0.10177186876535416,
            -0.9057953953742981,
            -0.11644119024276733
        ],
        [
            -0.09395202249288559,
            -0.9067778587341309,
            -0.12124086916446686
        ],
        [
            -0.08782417327165604,
            -0.9011070728302002,
            -0.11733949184417725
        ],
        [
            -0.0877351388335228,
            -0.9039725065231323,
            -0.11867514997720718
        ],
        [
            -0.09346425533294678,
            -0.9031006693840027,
            -0.11733530461788177
        ],
        [
            -0.09238927811384201,
            -0.9006972312927246,
            -0.11604619026184082
        ],
        [
            -0.06607294827699661,
            -0.9000244736671448,
            -0.11717446148395538
        ],
        [
            -0.07293930649757385,
            -0.899840235710144,
            -0.1165386438369751
        ],
        [
            -0.07052662968635559,
            -0.8967044949531555,
            -0.11566108465194702
        ],
        [
            -0.06256654858589172,
            -0.8942518830299377,
            -0.11757903546094894
        ],
        [
            -0.0778336152434349,
            -0.8863193988800049,
            -0.11400478333234787
        ],
        [
            -0.07325524091720581,
            -0.8891078233718872,
            -0.11524099111557007
        ],
        [
            -0.07957053184509277,
            -0.8940911293029785,
            -0.11462987959384918
        ],
        [
            -0.08297637850046158,
            -0.8920998573303223,
            -0.11379577219486237
        ],
        [
            -0.08663507550954819,
            -0.8905266523361206,
            -0.11225596070289612
        ],
        [
            -0.09030843526124954,
            -0.8896646499633789,
            -0.10986484587192535
        ],
        [
            -0.0879478007555008,
            -0.8846816420555115,
            -0.1092357486486435
        ],
        [
            -0.08310558646917343,
            -0.8849952220916748,
            -0.11183413863182068
        ],
        [
            -0.09894577413797379,
            -0.9028470516204834,
            -0.11332512646913528
        ],
        [
            -0.10319174081087112,
            -0.901327908039093,
            -0.10757026076316833
        ],
        [
            -0.10072280466556549,
            -0.8987491726875305,
            -0.10791721940040588
        ],
        [
            -0.09741722792387009,
            -0.8999803066253662,
            -0.11293954402208328
        ],
        [
            -0.1016717255115509,
            -0.8926413059234619,
            -0.09637086093425751
        ],
        [
            -0.10238111764192581,
            -0.894894003868103,
            -0.09818136692047119
        ],
        [
            -0.10594768077135086,
            -0.8954589366912842,
            -0.09635907411575317
        ],
        [
            -0.10450894385576248,
            -0.8911991715431213,
            -0.09482655674219131
        ],
        [
            -0.10207512229681015,
            -0.8885018825531006,
            -0.09638407826423645
        ],
        [
            -0.10059239715337753,
            -0.8910200595855713,
            -0.0975489616394043
        ],
        [
            -0.11085960268974304,
            -0.9594656825065613,
            -0.11691708862781525
        ],
        [
            -0.11449218541383743,
            -0.9403928518295288,
            -0.11727537214756012
        ],
        [
            -0.09000475704669952,
            -0.9584600925445557,
            -0.11938530206680298
        ],
        [
            -0.07277370989322662,
            -0.9530439972877502,
            -0.11822398006916046
        ],
        [
            -0.05753931403160095,
            -0.9439643621444702,
            -0.1162981390953064
        ],
        [
            -0.04794089496135712,
            -0.8407835960388184,
            -0.10843239724636078
        ],
        [
            -0.03975321352481842,
            -0.8340127468109131,
            -0.1047731265425682
        ],
        [
            -0.028785571455955505,
            -0.8453696966171265,
            -0.10322517156600952
        ],
        [
            -0.022932857275009155,
            -0.8363333940505981,
            -0.0976358950138092
        ],
        [
            -0.03473788499832153,
            -0.8250283002853394,
            -0.09981951117515564
        ],
        [
            -0.03593022748827934,
            -0.8063931465148926,
            -0.08666163682937622
        ],
        [
            -0.03313427418470383,
            -0.8151851296424866,
            -0.09378401935100555
        ],
        [
            -0.018804199993610382,
            -0.8274253606796265,
            -0.08928453922271729
        ],
        [
            -0.0069454386830329895,
            -0.8440160751342773,
            -0.08596086502075195
        ],
        [
            -0.013441942632198334,
            -0.8495205640792847,
            -0.09482590854167938
        ],
        [
            8.61436128616333e-05,
            -0.8626860976219177,
            -0.081389881670475
        ],
        [
            0.0006829053163528442,
            -0.8386728167533875,
            -0.07360978424549103
        ],
        [
            0.004691474139690399,
            -0.8631641864776611,
            -0.07292982935905457
        ],
        [
            -0.001935020089149475,
            -0.8001031875610352,
            -0.0627962201833725
        ],
        [
            0.004792271181941032,
            -0.7892587780952454,
            -0.06040161848068237
        ],
        [
            0.020493624731898308,
            -0.7995576858520508,
            -0.0582132488489151
        ],
        [
            0.014071241021156311,
            -0.8108237981796265,
            -0.0618092380464077
        ],
        [
            -0.0214872807264328,
            -0.8557113409042358,
            -0.10149539262056351
        ],
        [
            -0.04406655579805374,
            -0.9146053791046143,
            -0.11295996606349945
        ],
        [
            -0.054491542279720306,
            -0.9106804728507996,
            -0.1173613965511322
        ],
        [
            -0.03643520176410675,
            -0.9035857915878296,
            -0.11148077249526978
        ],
        [
            -0.04753541946411133,
            -0.9759762287139893,
            -0.106866255402565
        ],
        [
            -0.061996959149837494,
            -0.9663508534431458,
            -0.11431721597909927
        ],
        [
            -0.04780694842338562,
            -0.9543545842170715,
            -0.11353102326393127
        ],
        [
            -0.035970620810985565,
            -0.9653777480125427,
            -0.10700038820505142
        ],
        [
            -0.08232400566339493,
            -1.002298355102539,
            -0.09505622088909149
        ],
        [
            -0.09738704562187195,
            -0.9834309816360474,
            -0.1087067723274231
        ],
        [
            -0.08078138530254364,
            -0.9760679006576538,
            -0.11171655356884003
        ],
        [
            -0.06710028648376465,
            -0.991318941116333,
            -0.10204973071813583
        ],
        [
            -0.026419535279273987,
            -0.9707854390144348,
            -0.09972526878118515
        ],
        [
            -0.012888088822364807,
            -0.9771704077720642,
            -0.08836984634399414
        ],
        [
            -0.01576659083366394,
            -0.9941024780273438,
            -0.08278265595436096
        ],
        [
            -0.03317134082317352,
            -0.98688805103302,
            -0.09540101885795593
        ],
        [
            -0.024986237287521362,
            -1.0139340162277222,
            -0.07075824588537216
        ],
        [
            -0.046120598912239075,
            -1.006252408027649,
            -0.08697574585676193
        ],
        [
            0.015347383916378021,
            -0.8515291810035706,
            -0.0629696324467659
        ],
        [
            0.012246929109096527,
            -0.8704744577407837,
            -0.06420502066612244
        ],
        [
            0.005423195660114288,
            -0.8232775330543518,
            -0.06680043041706085
        ],
        [
            0.019537702202796936,
            -0.8348883986473083,
            -0.06041770428419113
        ],
        [
            -0.03763556480407715,
            -1.0279614925384521,
            -0.054691292345523834
        ],
        [
            -0.06265401840209961,
            -1.0196573734283447,
            -0.07500647008419037
        ],
        [
            0.02306714653968811,
            -0.9685643315315247,
            -0.046642646193504333
        ],
        [
            0.01283922791481018,
            -0.983656644821167,
            -0.055552490055561066
        ],
        [
            0.009500429034233093,
            -0.9678449630737305,
