{
    "pred_cam": [
        1.5001804828643799,
        0.03228011727333069,
        0.3665846586227417
    ],
    "pred_smpl_params": {
        "global_orient": [
            [
                [
                    0.8112602829933167,
                    0.04552726075053215,
                    -0.5829100012779236
                ],
                [
                    0.10020177066326141,
                    -0.9930400848388672,
                    0.06189519539475441
                ],
                [
                    -0.5760350227355957,
                    -0.10862172394990921,
                    -0.810175895690918
                ]
            ]
        ],
        "body_pose": [
            [
                [
                    0.9854203462600708,
                    0.04841975122690201,
                    0.1631021499633789
                ],
                [
                    -0.03818151354789734,
                    0.9971326589584351,
                    -0.06533383578062057
                ],
                [
                    -0.16579796373844147,
                    0.058153800666332245,
                    0.9844435453414917
                ]
            ],
            [
                [
                    0.9903819561004639,
                    0.02341321110725403,
                    0.1363651603460312
                ],
                [
                    -0.008151394315063953,
                    0.9937401413917542,
                    -0.11141901463270187
                ],
                [
                    -0.13812018930912018,
                    0.10923581570386887,
                    0.984373152256012
                ]
            ],
            [
                [
                    0.9952342510223389,
                    -0.022619472816586494,
                    -0.09485359489917755
                ],
                [
                    0.022418798878788948,
                    0.9997435808181763,
                    -0.003180778818204999
                ],
                [
                    0.09490122646093369,
                    0.001039115246385336,
                    0.9954861402511597
                ]
            ],
            [
                [
                    0.9776330590248108,
                    0.1947612762451172,
                    -0.07938332110643387
                ],
                [
                    -0.1963588446378708,
                    0.7100151777267456,
                    -0.6762556433677673
                ],
                [
                    -0.07534506171941757,
                    0.6767174601554871,
                    0.7323774099349976
                ]
            ],
            [
                [
                    0.9428738951683044,
                    0.23328948020935059,
                    0.23783330619335175
                ],
                [
                    -0.035293467342853546,
                    0.7798223495483398,
                    -0.6250051856040955
                ],
                [
                    -0.3312748670578003,
                    0.5809071660041809,
                    0.7435077428817749
                ]
            ],
            [
                [
                    0.9934422969818115,
                    -0.06009842827916145,
                    -0.09726532548666
                ],
                [
                    0.0611954964697361,
                    0.9980910420417786,
                    0.00833286251872778
                ],
                [
                    0.09657885134220123,
                    -0.014230418018996716,
                    0.9952235817909241
                ]
            ],
            [
                [
                    0.9730375409126282,
                    0.005114482715725899,
                    0.23058998584747314
                ],
                [
                    -0.030240051448345184,
                    0.9939530491828918,
                    0.10556036233901978
                ],
                [
                    -0.22865569591522217,
                    -0.10968726128339767,
                    0.9673082828521729
                ]
            ],
            [
                [
                    0.9776250720024109,
                    -0.014768020249903202,
                    -0.20983609557151794
                ],
                [
                    0.02619302272796631,
                    0.9983153343200684,
                    0.05177292600274086
                ],
                [
                    0.20871800184249878,
                    -0.05611075088381767,
                    0.9763649106025696
                ]
            ],
            [
                [
                    0.9952482581138611,
                    -0.01988803967833519,
                    -0.0953180342912674
                ],
                [
                    0.012187016196548939,
                    0.996663510799408,
                    -0.08070448786020279
                ],
                [
                    0.09660506993532181,
                    0.07915934175252914,
                    0.992169976234436
                ]
            ],
            [
                [
                    0.9962894320487976,
                    -0.08052898943424225,
                    -0.030371583998203278
                ],
                [
                    0.08357109129428864,
                    0.9895224571228027,
                    0.1177341639995575
                ],
                [
                    0.020572347566485405,
                    -0.1198354959487915,
                    0.9925806522369385
                ]
            ],
            [
                [
                    0.9939960241317749,
                    0.09739406406879425,
                    0.04986241087317467
                ],
                [
                    -0.10514292120933533,
                    0.9763397574424744,
                    0.18895946443080902
                ],
                [
                    -0.030279124155640602,
                    -0.19306765496730804,
                    0.9807181358337402
                ]
            ],
            [
                [
                    0.9940433502197266,
                    -0.08312512934207916,
                    -0.07048340886831284
                ],
                [
                    0.08242067694664001,
                    0.9965148568153381,
                    -0.012849687598645687
                ],
                [
                    0.07130588591098785,
                    0.00696385744959116,
                    0.9974302053451538
                ]
            ],
            [
                [
                    0.9344425201416016,
                    0.3554704487323761,
                    -0.021400973200798035
                ],
                [
                    -0.3559360206127167,
                    0.930387020111084,
                    -0.08769006282091141
                ],
                [
                    -0.011260038241744041,
                    0.08955869823694229,
                    0.9959179162979126
                ]
            ],
            [
                [
                    0.9547428488731384,
                    -0.2928166389465332,
                    -0.05219670757651329
                ],
                [
                    0.29114964604377747,
                    0.9559512734413147,
                    -0.037270572036504745
                ],
                [
                    0.06081094965338707,
                    0.02038675919175148,
                    0.9979410767555237
                ]
            ],
            [
                [
                    0.9947367310523987,
                    -0.08149003982543945,
                    -0.0621156319975853
                ],
                [
                    0.056803032755851746,
                    0.94310462474823,
                    -0.3276081681251526
                ],
                [
                    0.08527834713459015,
                    0.3223554790019989,
                    0.9427697062492371
                ]
            ],
            [
                [
                    0.5099979639053345,
                    0.8282240033149719,
                    -0.23226504027843475
                ],
                [
                    -0.8582335710525513,
                    0.5080795288085938,
                    -0.0727347657084465
                ],
                [
                    0.05776841938495636,
                    0.2364322394132614,
                    0.9699291586875916
                ]
            ],
            [
                [
                    0.5998956561088562,
                    -0.7458439469337463,
                    0.28955480456352234
                ],
                [
                    0.7979996800422668,
                    0.5838483572006226,
                    -0.1493905782699585
                ],
                [
                    -0.05763404071331024,
                    0.32068341970443726,
                    0.9454313516616821
                ]
            ],
            [
                [
                    0.8024418354034424,
                    -0.09302560985088348,
                    -0.5894348621368408
                ],
                [
                    -0.06775930523872375,
                    0.9671807289123535,
                    -0.24488799273967743
                ],
                [
                    0.5928708910942078,
                    0.23644806444644928,
                    0.7698029279708862
                ]
            ],
            [
                [
                    0.45220330357551575,
                    0.2765648365020752,
                    0.8479529619216919
                ],
                [
                    0.031113149598240852,
                    0.9452406167984009,
                    -0.32488808035850525
                ],
                [
                    -0.8913720846176147,
                    0.1732979565858841,
                    0.4188361167907715
                ]
            ],
            [
                [
                    0.999553918838501,
                    0.020849917083978653,
                    -0.021383224055171013
                ],
                [
                    -0.02214447595179081,
                    0.9978175759315491,
                    -0.06220708787441254
                ],
                [
                    0.020039543509483337,
                    0.06265285611152649,
                    0.9978342056274414
                ]
            ],
            [
                [
                    0.9990543127059937,
                    0.026573477312922478,
                    0.03441515937447548
                ],
                [
                    -0.027015740051865578,
                    0.9995574355125427,
                    0.01245000772178173
                ],
                [
                    -0.03406909108161926,
                    -0.013367983512580395,
                    0.9993300437927246
                ]
            ],
            [
                [
                    0.9758822321891785,
                    0.2106512188911438,
                    -0.057271357625722885
                ],
                [
                    -0.19826766848564148,
                    0.965071976184845,
                    0.1712489128112793
                ],
                [
                    0.09134475886821747,
                    -0.15576370060443878,
                    0.9835619330406189
                ]
            ],
            [
                [
                    0.9779168367385864,
                    -0.20603947341442108,
                    0.035020917654037476
                ],
                [
                    0.19782185554504395,
                    0.9666049480438232,
                    0.1629153937101364
                ],
                [
                    -0.06741838902235031,
                    -0.152389794588089,
                    0.9860183596611023
                ]
            ]
        ],
        "betas": [
            -0.091106116771698,
            0.05949166417121887,
            0.537004828453064,
            0.8698958158493042,
            0.11706739664077759,
            0.10677466541528702,
            -0.032146453857421875,
            -0.035574138164520264,
            0.07093901932239532,
            -0.12125405669212341
        ]
    },
    "pred_cam_t": [
        0.03228011727333069,
        0.3665846586227417,
        26.03853416442871
    ],
    "focal_length": [
        5000.0,
        5000.0
    ],
    "pred_keypoints_3d": [
        [
            -0.13620901107788086,
            -0.8274111747741699,
            -0.0795246958732605
        ],
        [
            0.01894562505185604,
            -0.7569226026535034,
            0.006786055862903595
        ],
        [
            -0.07550645619630814,
            -0.6676496267318726,
            0.16339507699012756
        ],
        [
            -0.08811996877193451,
            -0.43771010637283325,
            0.2603524923324585
        ],
        [
            -0.23326902091503143,
            -0.28292298316955566,
            0.1264398992061615
        ],
        [
            0.1348716914653778,
            -0.6561056971549988,
            -0.12566576898097992
        ],
        [
            0.2067546844482422,
            -0.41015738248825073,
            -0.1138889417052269
        ],
        [
            0.1105814129114151,
            -0.19083544611930847,
            -0.16687175631523132
        ],
        [
            -0.0023179403506219387,
            -0.23284795880317688,
            0.02662731148302555
        ],
        [
            -0.05706455558538437,
            -0.14964255690574646,
            0.07862608879804611
        ],
        [
            -0.0866144523024559,
            0.21262121200561523,
            0.18121123313903809
        ],
        [
            -0.03939931094646454,
            0.4276179075241089,
            0.5055167078971863
        ],
        [
            0.052840352058410645,
            -0.13528788089752197,
            0.003615068271756172
        ],
        [
            0.06585200130939484,
            0.22941184043884277,
            0.05904661864042282
        ],
        [
            0.10687943547964096,
            0.41674304008483887,
            0.40044069290161133
        ],
        [
            -0.13651278614997864,
            -0.8721842765808105,
            -0.036254920065402985
        ],
        [
            -0.10807929188013077,
            -0.8793081045150757,
            -0.0955565869808197
        ],
        [
            -0.0708308070898056,
            -0.8825088739395142,
            0.04371257126331329
        ],
        [
            -0.007219985127449036,
            -0.8982812166213989,
            -0.08813177049160004
        ],
        [
            0.05999276041984558,
            0.5929632186889648,
            0.3208809196949005
        ],
        [
            0.1376326084136963,
            0.5705225467681885,
            0.3416208028793335
        ],
        [
            0.13241446018218994,
            0.39604640007019043,
            0.46195295453071594
        ],
        [
            -0.08575266599655151,
            0.596377432346344,
            0.4158959984779358
        ],
        [
            -0.1433805525302887,
            0.5552079081535339,
            0.46698105335235596
        ],
        [
            -0.0248496662825346,
            0.4158439636230469,
            0.5763784646987915
        ],
        [
            -0.057042576372623444,
            0.3732038140296936,
            0.4895591735839844
        ],
        [
            -0.0847693681716919,
            0.15599702298641205,
            0.1577877551317215
        ],
        [
            -0.114568330347538,
            -0.27967044711112976,
            0.10923071205615997
        ],
        [
            0.12648235261440277,
            -0.23606926202774048,
            -0.04089415818452835
        ],
        [
            0.07561032474040985,
            0.19414961338043213,
            0.04054945334792137
        ],
        [
            0.12112757563591003,
            0.3786959946155548,
            0.3846922218799591
        ],
        [
            -0.22173520922660828,
            -0.3168703317642212,
            0.11293026804924011
        ],
        [
            -0.12290947139263153,
            -0.4632073640823364,
            0.2587059736251831
        ],
        [
            -0.05718505382537842,
            -0.6979205012321472,
            0.13482144474983215
        ],
        [
            0.11954639106988907,
            -0.691258430480957,
            -0.10001705586910248
        ],
        [
            0.19383347034454346,
            -0.43060392141342163,
            -0.15885303914546967
        ],
        [
            0.10518288612365723,
            -0.21039138734340668,
            -0.1746215969324112
        ],
        [
            0.01867869310081005,
            -0.7504408359527588,
            0.002843894064426422
        ],
        [
            -0.06842309236526489,
            -0.9367419481277466,
            -0.034118592739105225
        ],
        [
            0.006327616050839424,
            -0.25778794288635254,
            0.033215560019016266
        ],
        [
            0.027971383184194565,
            -0.6926777362823486,
            0.015353931114077568
        ],
        [
            0.03687221184372902,
            -0.5106320977210999,
            0.028744064271450043
        ],
        [
            -0.0626642107963562,
            -0.8242942094802856,
            -0.049384068697690964
        ],
        [
            -0.06925853341817856,
            -0.9564710855484009,
            -0.026843098923563957
        ]
    ],
    "pred_vertices": [
        [
            -0.11781666427850723,
            -0.9241151809692383,
            -0.10900022089481354
        ],
        [
            -0.12122885137796402,
            -0.9083271026611328,
            -0.10583797097206116
        ],
        [
            -0.10777906328439713,
            -0.9086583256721497,
            -0.11132349073886871
        ],
        [
            -0.10069240629673004,
            -0.9220836162567139,
            -0.11225289106369019
        ],
        [
            -0.11142740398645401,
            -0.8981797099113464,
            -0.10993131250143051
        ],
        [
            -0.12189307063817978,
            -0.8961405754089355,
            -0.1043960452079773
        ],
        [
            -0.09394939988851547,
            -0.9065297842025757,
            -0.11201681196689606
        ],
        [
            -0.08523339033126831,
            -0.9166993498802185,
            -0.11184871196746826
        ],
        [
            -0.07144466042518616,
            -0.8767468333244324,
            -0.11020972579717636
        ],
        [
            -0.06038026511669159,
            -0.8753858804702759,
            -0.10909777879714966
        ],
        [
            -0.06498633325099945,
            -0.8861227035522461,
            -0.11054520308971405
        ],
        [
            -0.07508526742458344,
            -0.8845248222351074,
            -0.11013398319482803
        ],
        [
            -0.06084103882312775,
            -0.8528047800064087,
            -0.1066083237528801
        ],
        [
            -0.0677008256316185,
            -0.8410056829452515,
            -0.10450837016105652
        ],
        [
            -0.055655159056186676,
            -0.8352032899856567,
            -0.10184665024280548
        ],
        [
            -0.04848213493824005,
            -0.8465348482131958,
            -0.10247812420129776
        ],
        [
            -0.1063520535826683,
            -0.8445855379104614,
            -0.08727865666151047
        ],
        [
            -0.10097485035657883,
            -0.8391344547271729,
            -0.0914551392197609
        ],
        [
            -0.10065431147813797,
            -0.8461397886276245,
            -0.09475596249103546
        ],
        [
            -0.1058184802532196,
            -0.8507974147796631,
            -0.08973488211631775
        ],
        [
            -0.11837022751569748,
            -0.8509683012962341,
            -0.0826188176870346
        ],
        [
            -0.11675844341516495,
            -0.8572162389755249,
            -0.08211150765419006
        ],
        [
            -0.12437324225902557,
            -0.8590373992919922,
            -0.08052003383636475
        ],
        [
            -0.12625865638256073,
            -0.8518960475921631,
            -0.08224368095397949
        ],
        [
            -0.10714579373598099,
            -0.839022159576416,
            -0.08222991228103638
        ],
        [
            -0.10118476301431656,
            -0.8335140943527222,
            -0.08662880212068558
        ],
        [
            -0.11153699457645416,
            -0.8490595817565918,
            -0.08402490615844727
        ],
        [
            -0.11258390545845032,
            -0.8437391519546509,
            -0.0835517942905426
        ],
        [
            -0.12077882885932922,
            -0.8348886370658875,
            -0.08563395589590073
        ],
        [
            -0.12028393894433975,
            -0.8399398922920227,
            -0.08643831312656403
        ],
        [
            -0.12785294651985168,
            -0.8386802673339844,
            -0.08681721985340118
        ],
        [
            -0.12628939747810364,
            -0.8335053324699402,
            -0.08520980179309845
        ],
        [
            -0.11139296740293503,
            -0.8369318842887878,
            -0.08362613618373871
        ],
        [
            -0.11442688852548599,
            -0.839006245136261,
            -0.08558975905179977
        ],
        [
            -0.11635753512382507,
            -0.8345635533332825,
            -0.0844477117061615
        ],
        [
            -0.11359389126300812,
            -0.8332798480987549,
            -0.0815238356590271
        ],
        [
            -0.11962807178497314,
            -0.845956563949585,
            -0.08344370126724243
        ],
        [
            -0.12739762663841248,
            -0.8456459045410156,
            -0.08428588509559631
        ],
        [
            -0.13555333018302917,
            -0.8447063565254211,
            -0.0842629075050354
        ],
        [
            -0.13539671897888184,
            -0.8357846736907959,
            -0.0864681676030159
        ],
        [
            -0.08613348007202148,
            -0.8290911912918091,
            -0.09747469425201416
        ],
        [
            -0.09425576776266098,
            -0.8338945508003235,
            -0.09545007348060608
        ],
        [
            -0.09514953196048737,
            -0.8287668228149414,
            -0.09083009511232376
        ],
        [
            -0.08881720900535583,
            -0.8247661590576172,
            -0.09345988929271698
        ],
        [
            -0.10916286706924438,
            -0.8313513994216919,
            -0.08082914352416992
        ],
        [
            -0.10248608142137527,
            -0.8165326118469238,
            -0.08368213474750519
        ],
        [
            -0.10377984493970871,
            -0.8201369643211365,
            -0.08419226109981537
        ],
        [
            -0.11008921265602112,
            -0.8192088007926941,
            -0.08082954585552216
        ],
        [
            -0.1084623709321022,
            -0.8159691095352173,
            -0.08081340789794922
        ],
        [
            -0.07179398089647293,
            -0.8183718919754028,
            -0.09694108366966248
        ],
        [
            -0.07789812982082367,
            -0.8155585527420044,
            -0.09413057565689087
        ],
        [
            -0.07318923622369766,
            -0.8097297549247742,
            -0.09291139990091324
        ],
        [
            -0.06584969162940979,
            -0.8117147088050842,
            -0.09439880400896072
        ],
        [
            -0.07151024043560028,
            -0.8045462965965271,
            -0.08994513005018234
        ],
        [
            -0.06114722043275833,
            -0.8051884174346924,
            -0.09131842851638794
        ],
        [
            -0.061342619359493256,
            -0.7909889221191406,
            -0.08294820785522461
        ],
        [
            -0.0605858713388443,
            -0.7974025011062622,
            -0.08707599341869354
        ],
        [
            -0.07200906425714493,
            -0.798780083656311,
            -0.08648465573787689
        ],
        [
            -0.07565095275640488,
            -0.7925124168395996,
            -0.0832105427980423
        ],
        [
            -0.08968356996774673,
            -0.7929098606109619,
            -0.07717319577932358
        ],
        [
            -0.09426088631153107,
            -0.7904156446456909,
            -0.07331777364015579
        ],
        [
            -0.08662601560354233,
            -0.7801996469497681,
            -0.07595188915729523
        ],
        [
            -0.0814872607588768,
            -0.7854912281036377,
            -0.07952681928873062
        ],
        [
            -0.09744621068239212,
            -0.8126048445701599,
            -0.08051849901676178
        ],
        [
            -0.09328716993331909,
            -0.8138971328735352,
            -0.0825527161359787
        ],
        [
            -0.09553936123847961,
            -0.8146427869796753,
            -0.08402566611766815
        ],
        [
            -0.10050741583108902,
            -0.8142420053482056,
            -0.08219557255506516
        ],
        [
            -0.08995037525892258,
            -0.8145959377288818,
            -0.08470840752124786
        ],
        [
            -0.08847534656524658,
            -0.8147785663604736,
            -0.08574052155017853
        ],
        [
            -0.09004230052232742,
            -0.8156064748764038,
            -0.0862569808959961
        ],
        [
            -0.09069796651601791,
            -0.8150686025619507,
            -0.08499353379011154
        ],
        [
            -0.09200228005647659,
            -0.8143442869186401,
            -0.08357690274715424
        ],
        [
            -0.09216982871294022,
            -0.8122991323471069,
            -0.08278079330921173
        ],
        [
            -0.09048821032047272,
            -0.8136073350906372,
            -0.08412882685661316
        ],
        [
            -0.09587597101926804,
            -0.810301661491394,
            -0.08106035739183426
        ],
        [
            -0.10711368173360825,
            -0.8043092489242554,
            -0.0742211788892746
        ],
        [
            -0.10466279834508896,
            -0.8058679103851318,
            -0.07655486464500427
        ],
        [
            -0.10604093968868256,
            -0.8101471662521362,
            -0.07513054460287094
        ],
        [
            -0.10815750062465668,
            -0.8090368509292603,
            -0.07320691645145416
        ],
        [
            -0.09260059148073196,
            -0.8162919282913208,
            -0.08611224591732025
        ],
        [
            -0.0919119268655777,
            -0.8185291290283203,
            -0.08787813782691956
        ],
        [
            -0.09737980365753174,
            -0.8196629285812378,
            -0.0865631252527237
        ],
        [
            -0.09655141830444336,
            -0.8171042203903198,
            -0.08506189286708832
        ],
        [
            -0.09102426469326019,
            -0.8206731081008911,
            -0.09025253355503082
        ],
        [
            -0.0888369232416153,
            -0.8171816468238831,
            -0.0879945233464241
        ],
        [
            -0.08687452971935272,
            -0.8181484937667847,
            -0.09064552187919617
        ],
        [
            -0.08812839537858963,
            -0.8130131959915161,
            -0.0851631909608841
        ],
        [
            -0.08507604151964188,
            -0.8121797442436218,
            -0.08669371902942657
        ],
        [
            -0.08652527630329132,
            -0.8144631385803223,
            -0.08783625811338425
        ],
        [
            -0.08534304052591324,
            -0.8087019920349121,
            -0.08501149713993073
        ],
        [
            -0.08957178890705109,
            -0.8106294274330139,
            -0.08342578262090683
        ],
        [
            -0.0929245576262474,
            -0.8076882362365723,
            -0.08169981092214584
        ],
        [
            -0.09745894372463226,
            -0.8046004176139832,
            -0.0794139951467514
        ],
        [
            -0.092256560921669,
            -0.8011833429336548,
            -0.07977189123630524
        ],
        [
            -0.08804639428853989,
            -0.8048528432846069,
            -0.08270300179719925
        ],
        [
            -0.09673713147640228,
            -0.8235288858413696,
            -0.08836175501346588
        ],
        [
            -0.08278714865446091,
            -0.8148399591445923,
            -0.09056495130062103
        ],
        [
            -0.08331655710935593,
            -0.8211718797683716,
            -0.0940328985452652
        ],
        [
            -0.08029962331056595,
            -0.8105739951133728,
            -0.08964923769235611
        ],
        [
            -0.07947515696287155,
            -0.8062332272529602,
            -0.08739413321018219
        ],
        [
            -0.08139269798994064,
            -0.8018457293510437,
            -0.08419343829154968
        ],
        [
            -0.08532140403985977,
            -0.7969542145729065,
            -0.08093814551830292
        ],
        [
            -0.07354439795017242,
            -0.7756699323654175,
            -0.07223615050315857
        ],
        [
            -0.06814596056938171,
            -0.7825047969818115,
            -0.07757513225078583
        ],
        [
            -0.11842624098062515,
            -0.890048623085022,
            -0.10045251250267029
        ],
        [
            -0.1116974726319313,
            -0.8907582759857178,
            -0.1067306250333786
        ],
        [
            -0.10489308834075928,
            -0.8851811289787292,
            -0.10385708510875702
        ],
        [
            -0.10517892241477966,
            -0.88791823387146,
            -0.10528474301099777
        ],
        [
            -0.11044090241193771,
            -0.8872205018997192,
            -0.10287006944417953
        ],
        [
            -0.10911262780427933,
            -0.8848630785942078,
            -0.10166303813457489
        ],
        [
            -0.08349329978227615,
            -0.8840289115905762,
            -0.10778507590293884
        ],
        [
            -0.09011323750019073,
            -0.8838964104652405,
            -0.10584865510463715
        ],
        [
            -0.08759989589452744,
            -0.8808010816574097,
            -0.10530580580234528
        ],
        [
            -0.08015816658735275,
            -0.8782238960266113,
            -0.10859382897615433
        ],
        [
            -0.09439324587583542,
            -0.8706279993057251,
            -0.10173052549362183
        ],
        [
            -0.09018457680940628,
            -0.873305082321167,
            -0.10398000478744507
        ],
        [
            -0.09623996168375015,
            -0.8783457279205322,
            -0.10237163305282593
        ],
        [
            -0.09939420223236084,
            -0.8764233589172363,
            -0.10080200433731079
        ],
        [
            -0.10264672338962555,
            -0.8749359846115112,
            -0.09851638972759247
        ],
        [
            -0.1058141216635704,
            -0.874180257320404,
            -0.09543550759553909
        ],
        [
            -0.10331764817237854,
            -0.869246244430542,
            -0.09504024684429169
        ],
        [
            -0.09910034388303757,
            -0.8694336414337158,
            -0.09853221476078033
        ],
        [
            -0.11499584466218948,
            -0.887180745601654,
            -0.09781551361083984
        ],
        [
            -0.1181054636836052,
            -0.8859145641326904,
            -0.09127058833837509
        ],
        [
            -0.11567534506320953,
            -0.8833220601081848,
            -0.09195102751255035
        ],
        [
            -0.1134340912103653,
            -0.8842940330505371,
            -0.09761276841163635
        ],
        [
            -0.11430250108242035,
            -0.8777816891670227,
            -0.08014453202486038
        ],
        [
            -0.11539115756750107,
            -0.8799257278442383,
            -0.08191035687923431
        ],
        [
            -0.11851676553487778,
            -0.8806023001670837,
            -0.0794646143913269
        ],
        [
            -0.11676241457462311,
            -0.8764631748199463,
            -0.07800132036209106
        ],
        [
            -0.11464160680770874,
            -0.8737015724182129,
            -0.07985365390777588
        ],
        [
            -0.11343365907669067,
            -0.8761240243911743,
            -0.08141617476940155
        ],
        [
            -0.12777656316757202,
            -0.9442426562309265,
            -0.10170106589794159
        ],
        [
            -0.13132883608341217,
            -0.925125241279602,
            -0.10060245543718338
        ],
        [
            -0.10772281885147095,
            -0.9429579973220825,
            -0.10815460979938507
        ],
        [
            -0.09048865735530853,
            -0.9374288320541382,
            -0.1100863590836525
        ],
        [
            -0.07521046698093414,
            -0.9281013607978821,
            -0.11081410944461823
        ],
        [
            -0.0639357641339302,
            -0.8253843188285828,
            -0.09969598054885864
        ],
        [
            -0.05522294342517853,
            -0.8188183307647705,
            -0.09735354781150818
        ],
        [
            -0.044160619378089905,
            -0.8300995230674744,
            -0.09849394857883453
        ],
        [
            -0.03738865256309509,
            -0.8214573860168457,
            -0.09370993077754974
        ],
        [
            -0.04937402158975601,
            -0.8101943135261536,
            -0.09301908314228058
        ],
        [
            -0.04790224879980087,
            -0.7922554016113281,
            -0.07913648337125778
        ],
        [
            -0.046611860394477844,
            -0.8006937503814697,
            -0.08696310967206955
        ],
        [
            -0.03175641596317291,
            -0.8130767345428467,
            -0.08595745265483856
        ],
        [
            -0.019567452371120453,
            -0.8296563625335693,
            -0.08574695140123367
        ],
        [
            -0.027561768889427185,
            -0.8346584439277649,
            -0.09335232526063919
        ],
        [
            -0.011936850845813751,
            -0.8484891653060913,
            -0.08367100358009338
        ],
        [
            -0.009722337126731873,
            -0.8248341083526611,
            -0.07519711554050446
        ],
        [
            -0.0058577656745910645,
            -0.849408745765686,
            -0.07635792344808578
        ],
        [
            -0.010412003844976425,
            -0.7875558137893677,
            -0.0632590800523758
        ],
        [
            -0.0036083292216062546,
            -0.7773818969726562,
            -0.06199822947382927
        ],
        [
            0.012033089995384216,
            -0.7875393033027649,
            -0.06289354711771011
        ],
        [
            0.005324669182300568,
            -0.7981905937194824,
            -0.06557492911815643
        ],
        [
            -0.036668479442596436,
            -0.8404067754745483,
            -0.09862621128559113
        ],
        [
            -0.06126032769680023,
            -0.8987855315208435,
            -0.10863417387008667
        ],
        [
            -0.07231775671243668,
            -0.8946704268455505,
            -0.1107356995344162
        ],
        [
            -0.05338972806930542,
            -0.887790322303772,
            -0.10818760097026825
        ],
        [
            -0.06347183883190155,
            -0.9608836770057678,
            -0.10487031191587448
        ],
        [
            -0.07917232811450958,
            -0.9508028030395508,
            -0.1089056059718132
        ],
        [
            -0.0650704950094223,
            -0.9387491941452026,
            -0.11032970249652863
        ],
        [
            -0.05222839117050171,
            -0.9499937295913696,
            -0.10668082535266876
        ],
        [
            -0.095268115401268,
            -0.9881417155265808,
            -0.08796656131744385
        ],
        [
            -0.11293975263834,
            -0.9686007499694824,
            -0.09753821790218353
        ],
        [
            -0.09712398797273636,
            -0.9610312581062317,
            -0.10342087596654892
        ],
        [
            -0.08166618645191193,
            -0.9766622185707092,
            -0.09726189076900482
        ],
        [
            -0.04130810499191284,
            -0.9557565450668335,
            -0.10174623131752014
        ],
        [
            -0.025801390409469604,
            -0.9625786542892456,
            -0.09359331429004669
        ],
        [
            -0.027453407645225525,
            -0.9796104431152344,
            -0.08811113983392715
        ],
        [
            -0.04694448411464691,
            -0.9722232222557068,
            -0.09684985876083374
        ],
        [
            -0.03416477143764496,
            -1.0000122785568237,
            -0.07543967664241791
        ],
        [
            -0.05800908803939819,
            -0.9919605255126953,
            -0.08699288964271545
        ],
        [
            0.006465047597885132,
            -0.838139533996582,
            -0.0682266429066658
        ],
        [
            0.0031886547803878784,
            -0.8571501970291138,
            -0.06966210901737213
        ],
        [
            -0.0038415268063545227,
            -0.8100222945213318,
            -0.06916096061468124
        ],
        [
            0.010965615510940552,
            -0.8219088912010193,
            -0.06587055325508118
        ],
        [
            -0.04346597194671631,
            -1.014472484588623,
            -0.05787109583616257
        ],
        [
            -0.07181356847286224,
            -1.0059177875518799,
            -0.07260982692241669
        ],
        [
            0.017266035079956055,
            -0.955681562423706,
            -0.05911337584257126
        ],
        [
            0.00568021833896637,
            -0.9704437851905823,
            -0.06643900275230408
        ],
        [
            -0.00016848742961883545,
            -0.9540770649909973,
