{
    "pred_cam": [
        1.519937515258789,
        0.0514988973736763,
        0.3867688775062561
    ],
    "pred_smpl_params": {
        "global_orient": [
            [
                [
                    0.5837854743003845,
                    0.07623188197612762,
                    -0.8083212971687317
                ],
                [
                    0.15005725622177124,
                    -0.9885612726211548,
                    0.0151441665366292
                ],
                [
                    -0.7979207038879395,
                    -0.1301354169845581,
                    -0.588546872138977
                ]
            ]
        ],
        "body_pose": [
            [
                [
                    0.9818845391273499,
                    0.07967942208051682,
                    0.17191250622272491
                ],
                [
                    -0.07021169364452362,
                    0.9956971406936646,
                    -0.060477204620838165
                ],
                [
                    -0.17599157989025116,
                    0.047311361879110336,
                    0.983254075050354
                ]
            ],
            [
                [
                    0.991044819355011,
                    0.0877964049577713,
                    0.10060769319534302
                ],
                [
                    -0.08096576482057571,
                    0.9942499995231628,
                    -0.07008272409439087
                ],
                [
                    -0.10618219524621964,
                    0.06130934879183769,
                    0.9924548268318176
                ]
            ],
            [
                [
                    0.9931290745735168,
                    -0.06890906393527985,
                    -0.09458504617214203
                ],
                [
                    0.066199392080307,
                    0.9973092079162598,
                    -0.031496401876211166
                ],
                [
                    0.09650091826915741,
                    0.025018513202667236,
                    0.995018482208252
                ]
            ],
            [
                [
                    0.9761828184127808,
                    0.21691174805164337,
                    -0.004057633224874735
                ],
                [
                    -0.20144623517990112,
                    0.8993217945098877,
                    -0.38812339305877686
                ],
                [
                    -0.08053941279649734,
                    0.3796967566013336,
                    0.9215985536575317
                ]
            ],
            [
                [
                    0.9521206021308899,
                    0.17901407182216644,
                    0.24783119559288025
                ],
                [
                    -0.08480952680110931,
                    0.9334816336631775,
                    -0.34845271706581116
                ],
                [
                    -0.29372382164001465,
                    0.3107505738735199,
                    0.9039691686630249
                ]
            ],
            [
                [
                    0.9926983714103699,
                    -0.07956670224666595,
                    -0.09065892547369003
                ],
                [
                    0.08087493479251862,
                    0.9966652989387512,
                    0.010843347758054733
                ],
                [
                    0.08949382603168488,
                    -0.018096208572387695,
                    0.9958229660987854
                ]
            ],
            [
                [
                    0.9693695902824402,
                    0.061347778886556625,
                    0.23782150447368622
                ],
                [
                    -0.07573334872722626,
                    0.9957805275917053,
                    0.05182313174009323
                ],
                [
                    -0.23363877832889557,
                    -0.06824677437543869,
                    0.9699254631996155
                ]
            ],
            [
                [
                    0.9750710725784302,
                    -0.08512086421251297,
                    -0.20491643249988556
                ],
                [
                    0.08546504378318787,
                    0.9963153004646301,
                    -0.00718693109229207
                ],
                [
                    0.20477311313152313,
                    -0.01050542201846838,
                    0.9787530899047852
                ]
            ],
            [
                [
                    0.9962205290794373,
                    -0.020996998995542526,
                    -0.08428409695625305
                ],
                [
                    0.013182115741074085,
                    0.9956506490707397,
                    -0.09222827106714249
                ],
                [
                    0.08585403114557266,
                    0.09076865017414093,
                    0.9921643733978271
                ]
            ],
            [
                [
                    0.9906278252601624,
                    -0.13632702827453613,
                    -0.008455060422420502
                ],
                [
                    0.136540025472641,
                    0.9867162704467773,
                    0.08802208304405212
                ],
                [
                    -0.003657045541331172,
                    -0.08835157752037048,
                    0.9960826635360718
                ]
            ],
            [
                [
                    0.988051176071167,
                    0.14647844433784485,
                    0.04794740676879883
                ],
                [
                    -0.15261323750019073,
                    0.9732884764671326,
                    0.17151892185211182
                ],
                [
                    -0.021542832255363464,
                    -0.176786869764328,
                    0.9840133786201477
                ]
            ],
            [
                [
                    0.9983475804328918,
                    -0.045184120535850525,
                    -0.035504069179296494
                ],
                [
                    0.04287106543779373,
                    0.9970661997795105,
                    -0.06341070681810379
                ],
                [
                    0.03826506808400154,
                    0.06178382784128189,
                    0.9973556995391846
                ]
            ],
            [
                [
                    0.984534740447998,
                    0.1537468284368515,
                    -0.08398368209600449
                ],
                [
                    -0.15968067944049835,
                    0.9847414493560791,
                    -0.06918385624885559
                ],
                [
                    0.07206541299819946,
                    0.08152447640895844,
                    0.9940625429153442
                ]
            ],
            [
                [
                    0.9945931434631348,
                    -0.10229501873254776,
                    0.017894521355628967
                ],
                [
                    0.10280698537826538,
                    0.9942331910133362,
                    -0.030513307079672813
                ],
                [
                    -0.01466996781527996,
                    0.03218800574541092,
                    0.9993741512298584
                ]
            ],
            [
                [
                    0.9962317943572998,
                    -0.056045372039079666,
                    -0.06618967652320862
                ],
                [
                    0.03226129338145256,
                    0.9478678107261658,
                    -0.31702643632888794
                ],
                [
                    0.08050692826509476,
                    0.3136964738368988,
                    0.9461041688919067
                ]
            ],
            [
                [
                    0.5744757652282715,
                    0.7742161750793457,
                    -0.26564428210258484
                ],
                [
                    -0.8102471828460693,
                    0.5839170217514038,
                    -0.050403039902448654
                ],
                [
                    0.11609138548374176,
                    0.24419283866882324,
                    0.962752640247345
                ]
            ],
            [
                [
                    0.6727131009101868,
                    -0.6579225063323975,
                    0.33851882815361023
                ],
                [
                    0.7314823865890503,
                    0.6601990461349487,
                    -0.1705014407634735
                ],
                [
                    -0.11131308227777481,
                    0.36231911182403564,
                    0.9253832697868347
                ]
            ],
            [
                [
                    0.595372200012207,
                    -0.1389760673046112,
                    -0.7913391590118408
                ],
                [
                    -0.1370590627193451,
                    0.9529219269752502,
                    -0.2704712450504303
                ],
                [
                    0.7916733622550964,
                    0.2694912552833557,
                    0.5482953190803528
                ]
            ],
            [
                [
                    0.0259245578199625,
                    0.36696359515190125,
                    0.9298739433288574
                ],
                [
                    0.1279781311750412,
                    0.9213141798973083,
                    -0.3671535551548004
                ],
                [
                    -0.991438090801239,
                    0.12852181494235992,
                    -0.02307865209877491
                ]
            ],
            [
                [
                    0.9961429834365845,
                    -0.037980563938617706,
                    -0.07909873872995377
                ],
                [
                    0.0373004674911499,
                    0.999253511428833,
                    -0.010058354586362839
                ],
                [
                    0.07942170649766922,
                    0.007069139275699854,
                    0.9968160390853882
                ]
            ],
            [
                [
                    0.9905694127082825,
                    0.07722178846597672,
                    0.11317723989486694
                ],
                [
                    -0.08828384429216385,
                    0.9914364218711853,
                    0.09622758626937866
                ],
                [
                    -0.10477717220783234,
                    -0.105311818420887,
                    0.9889040589332581
                ]
            ],
            [
                [
                    0.9861519932746887,
                    0.15710507333278656,
                    -0.05312466621398926
                ],
                [
                    -0.14684435725212097,
                    0.9760405421257019,
                    0.16056674718856812
                ],
                [
                    0.07707767188549042,
                    -0.15054215490818024,
                    0.9855943322181702
                ]
            ],
            [
                [
                    0.9857203960418701,
                    -0.16670885682106018,
                    0.023736028000712395
                ],
                [
                    0.16171474754810333,
                    0.9764875173568726,
                    0.14254991710186005
                ],
                [
                    -0.04694226756691933,
                    -0.1366759091615677,
                    0.9895029664039612
                ]
            ]
        ],
        "betas": [
            -0.14249974489212036,
            -0.03317093849182129,
            0.7797297239303589,
            1.1909942626953125,
            0.17300499975681305,
            0.16341310739517212,
            -0.028255730867385864,
            -0.055873602628707886,
            0.028234049677848816,
            -0.08183896541595459
        ]
    },
    "pred_cam_t": [
        0.0514988973736763,
        0.3867688775062561,
        25.700069427490234
    ],
    "focal_length": [
        5000.0,
        5000.0
    ],
    "pred_keypoints_3d": [
        [
            -0.15036027133464813,
            -0.8295896053314209,
            -0.036641925573349
        ],
        [
            0.023677818477153778,
            -0.7642510533332825,
            0.008780037052929401
        ],
        [
            -0.028808219358325005,
            -0.6877539157867432,
            0.1804260015487671
        ],
        [
            -0.059996552765369415,
            -0.488240122795105,
            0.32293131947517395
        ],
        [
            -0.22069820761680603,
            -0.4043089747428894,
            0.15337908267974854
        ],
        [
            0.08559596538543701,
            -0.6849262118339539,
            -0.15839853882789612
        ],
        [
            0.15150846540927887,
            -0.4581575393676758,
            -0.2513655424118042
        ],
        [
            -0.014515727758407593,
            -0.28424686193466187,
            -0.2856750190258026
        ],
        [
            -0.002476666122674942,
            -0.2368503212928772,
            0.02682821825146675
        ],
        [
            -0.04394242540001869,
            -0.15685367584228516,
            0.09421814978122711
        ],
        [
            -0.09108659625053406,
            0.1943831741809845,
            0.21302580833435059
        ],
        [
            -0.03862480819225311,
            0.49912500381469727,
            0.44638264179229736
        ],
        [
            0.035911139100790024,
            -0.1356988549232483,
            -0.010874826461076736
        ],
        [
            0.031028131023049355,
            0.22421151399612427,
            0.04905369132757187
        ],
        [
            0.06341250240802765,
            0.5017906427383423,
            0.31664392352104187
        ],
        [
            -0.14009729027748108,
            -0.8760783672332764,
            0.0033227228559553623
        ],
        [
            -0.12743759155273438,
            -0.8805420398712158,
            -0.06155707687139511
        ],
        [
            -0.05651716887950897,
            -0.8904669284820557,
            0.0645451471209526
        ],
        [
            -0.02792862057685852,
            -0.9008214473724365,
            -0.08111944794654846
        ],
        [
            -0.03834407776594162,
            0.6417871117591858,
            0.2167142629623413
        ],
        [
            0.04507553577423096,
            0.6406041979789734,
            0.22495776414871216
        ],
        [
            0.09960433840751648,
            0.5031338930130005,
            0.37586918473243713
        ],
        [
            -0.15458035469055176,
            0.6242293119430542,
            0.3488914370536804
        ],
        [
            -0.18128836154937744,
            0.5874083042144775,
            0.42431753873825073
        ],
        [
            -0.000833604484796524,
            0.5117781162261963,
            0.5079724788665771
        ],
        [
            -0.0402446873486042,
            0.44081008434295654,
            0.4493103623390198
        ],
        [
            -0.08628632128238678,
            0.1364549994468689,
            0.1905817985534668
        ],
        [
            -0.07859194278717041,
            -0.29015442728996277,
            0.13999462127685547
        ],
        [
            0.09931009262800217,
            -0.231282040476799,
            -0.07703372836112976
        ],
        [
            0.040690936148166656,
            0.18801765143871307,
            0.029255876317620277
        ],
        [
            0.08467566967010498,
            0.4654616415500641,
            0.30834752321243286
        ],
        [
            -0.19671474397182465,
            -0.4360131025314331,
            0.14651474356651306
        ],
        [
            -0.09087850153446198,
            -0.5204190015792847,
            0.3189435601234436
        ],
        [
            -0.018014270812273026,
            -0.7141978740692139,
            0.15050512552261353
        ],
        [
            0.08170879632234573,
            -0.7138457298278809,
            -0.12907728552818298
        ],
        [
            0.1199154406785965,
            -0.4901214838027954,
            -0.2777870297431946
        ],
        [
            -0.018294714391231537,
            -0.30731093883514404,
            -0.285229355096817
        ],
        [
            0.01886707916855812,
            -0.7646475434303284,
            0.0033056018874049187
        ],
        [
            -0.07484579086303711,
            -0.9412199258804321,
            -0.014598745852708817
        ],
        [
            0.010265651158988476,
            -0.2608422040939331,
            0.030394194647669792
        ],
        [
            0.0284808948636055,
            -0.7104795575141907,
            0.00960853323340416
        ],
        [
            0.046002019196748734,
            -0.5183629989624023,
            0.019401246681809425
        ],
        [
            -0.07132536172866821,
            -0.827547550201416,
            -0.025783512741327286
        ],
        [
            -0.07408510893583298,
            -0.9612222909927368,
            -0.008427571505308151
        ]
    ],
    "pred_vertices": [
        [
            -0.1416652500629425,
            -0.9248391389846802,
            -0.07446753978729248
        ],
        [
            -0.1439526379108429,
            -0.9090394973754883,
            -0.07000327855348587
        ],
        [
            -0.1323186606168747,
            -0.909294068813324,
            -0.07871945947408676
        ],
        [
            -0.12593603134155273,
            -0.9224108457565308,
            -0.08206269145011902
        ],
        [
            -0.13521191477775574,
            -0.8987371921539307,
            -0.07592593878507614
        ],
        [
            -0.14376531541347504,
            -0.8970450162887573,
            -0.06763271987438202
        ],
        [
            -0.11899907141923904,
            -0.9070281982421875,
            -0.08283720165491104
        ],
        [
            -0.11057530343532562,
            -0.917137622833252,
            -0.085361048579216
        ],
        [
            -0.09587649255990982,
            -0.8772479295730591,
            -0.08504533767700195
        ],
        [
            -0.0848434567451477,
            -0.8760313987731934,
            -0.0867050364613533
        ],
        [
            -0.0899578183889389,
            -0.8868213891983032,
            -0.08739481121301651
        ],
        [
            -0.0996035784482956,
            -0.8851935863494873,
            -0.08441987633705139
        ],
        [
            -0.08446288853883743,
            -0.8536009788513184,
            -0.08329638838768005
        ],
        [
            -0.09029345959424973,
            -0.8418947458267212,
            -0.07906948029994965
        ],
        [
            -0.07784555107355118,
            -0.8363056182861328,
            -0.07939652353525162
        ],
        [
            -0.07121028006076813,
            -0.8476625680923462,
            -0.08225780725479126
        ],
        [
            -0.12355824559926987,
            -0.8461126089096069,
            -0.052543286234140396
        ],
        [
            -0.11931943893432617,
            -0.8404542207717896,
            -0.057751864194869995
        ],
        [
            -0.11998158693313599,
            -0.8473217487335205,
            -0.06140544265508652
        ],
        [
            -0.12372161448001862,
            -0.8522263765335083,
            -0.055390335619449615
        ],
        [
            -0.13401713967323303,
            -0.8529303073883057,
            -0.045177679508924484
        ],
        [
            -0.1323876827955246,
            -0.8591697216033936,
            -0.04538429528474808
        ],
        [
            -0.13940927386283875,
            -0.8610183000564575,
            -0.0420110747218132
        ],
        [
            -0.1416139006614685,
            -0.8538762331008911,
            -0.04289160296320915
        ],
        [
            -0.12284985929727554,
            -0.8408454656600952,
            -0.04708917438983917
        ],
        [
            -0.11812371760606766,
            -0.8351149559020996,
            -0.052688583731651306
        ],
        [
            -0.12769865989685059,
            -0.8507605791091919,
            -0.0482046976685524
        ],
        [
            -0.12857455015182495,
            -0.845700204372406,
            -0.047201745212078094
        ],
        [
            -0.13701412081718445,
            -0.8367418050765991,
            -0.04676257073879242
        ],
        [
            -0.13678406178951263,
            -0.8417541980743408,
            -0.04791645705699921
        ],
        [
            -0.1441609263420105,
            -0.8405007123947144,
            -0.04632081091403961
        ],
        [
            -0.1421981155872345,
            -0.8353677988052368,
            -0.044930242002010345
        ],
        [
            -0.12733906507492065,
            -0.8389255404472351,
            -0.04733908176422119
        ],
        [
            -0.13081538677215576,
            -0.8409370183944702,
            -0.0485522598028183
        ],
        [
            -0.13236120343208313,
            -0.8365635871887207,
            -0.04673755541443825
        ],
        [
            -0.12893348932266235,
            -0.8353933095932007,
            -0.04452817887067795
        ],
        [
            -0.13535474240779877,
            -0.8479400873184204,
            -0.04542158916592598
        ],
        [
            -0.143134206533432,
            -0.8475823402404785,
            -0.044297099113464355
        ],
        [
            -0.1510646939277649,
            -0.8466098308563232,
            -0.042205341160297394
        ],
        [
            -0.15146352350711823,
            -0.837608814239502,
            -0.043944284319877625
        ],
        [
            -0.10620234161615372,
            -0.8302133679389954,
            -0.06692413985729218
        ],
        [
            -0.11357356607913971,
            -0.8350987434387207,
            -0.0631384626030922
        ],
        [
            -0.11319535970687866,
            -0.8302428722381592,
            -0.05808296799659729
        ],
        [
            -0.10767247527837753,
            -0.8261379599571228,
            -0.06207159906625748
        ],
        [
            -0.12442976981401443,
            -0.8334739208221436,
            -0.04487098008394241
        ],
        [
            -0.11845043301582336,
            -0.8185843229293823,
            -0.048633404076099396
        ],
        [
            -0.11989684402942657,
            -0.822146475315094,
            -0.04899010807275772
        ],
        [
            -0.12520693242549896,
            -0.8213385343551636,
            -0.04411127418279648
        ],
        [
            -0.12357155978679657,
            -0.818095326423645,
            -0.04432874917984009
        ],
        [
            -0.09202045202255249,
            -0.8195818662643433,
            -0.06971493363380432
        ],
        [
            -0.09718918800354004,
            -0.8168720602989197,
            -0.06523384898900986
        ],
        [
            -0.09228720515966415,
            -0.8110854625701904,
            -0.06504976004362106
        ],
        [
            -0.08557280898094177,
            -0.8130574226379395,
            -0.06852632015943527
        ],
        [
            -0.08998675644397736,
            -0.8059482574462891,
            -0.06238839775323868
        ],
        [
            -0.0803210437297821,
            -0.8066447973251343,
            -0.06646186858415604
        ],
        [
            -0.07832571119070053,
            -0.7928091287612915,
            -0.057562731206417084
        ],
        [
            -0.07864342629909515,
            -0.799028754234314,
            -0.06209013611078262
        ],
        [
            -0.08954352140426636,
            -0.8003454208374023,
            -0.058602266013622284
        ],
        [
            -0.09221074730157852,
            -0.7942453622817993,
            -0.05412892624735832
        ],
        [
            -0.10412716865539551,
            -0.794950008392334,
            -0.04468413442373276
        ],
        [
            -0.10765853524208069,
            -0.7925587892532349,
            -0.03962857648730278
        ],
        [
            -0.10076741874217987,
            -0.7821829319000244,
            -0.04372089356184006
        ],
        [
            -0.09690216183662415,
            -0.7873003482818604,
            -0.04878690466284752
        ],
        [
            -0.11264779418706894,
            -0.8146002292633057,
            -0.046646974980831146
        ],
        [
            -0.10911876708269119,
            -0.8158022165298462,
            -0.04975629597902298
        ],
        [
            -0.11168614774942398,
            -0.8164780139923096,
            -0.050656870007514954
        ],
        [
            -0.11603568494319916,
            -0.8161748647689819,
            -0.047579068690538406
        ],
        [
            -0.10642604529857635,
            -0.8163777589797974,
            -0.052816689014434814
        ],
        [
            -0.10525933653116226,
            -0.8165158033370972,
            -0.05422649160027504
        ],
        [
            -0.10693326592445374,
            -0.817327618598938,
            -0.05435499548912048
        ],
        [
            -0.10714801400899887,
            -0.8168685436248779,
            -0.052923716604709625
        ],
        [
            -0.10803760588169098,
            -0.8162079453468323,
            -0.05116473510861397
        ],
        [
            -0.10797863453626633,
            -0.8141950368881226,
            -0.05024160444736481
        ],
        [
            -0.10677985101938248,
            -0.8154078722000122,
            -0.0520549900829792
        ],
        [
            -0.11114150285720825,
            -0.812271773815155,
            -0.04752376675605774
        ],
        [
            -0.12047211080789566,
            -0.8067345023155212,
            -0.03771785646677017
        ],
        [
            -0.11863363534212112,
            -0.8079943656921387,
            -0.04068588465452194
        ],
        [
            -0.11962350457906723,
            -0.812372088432312,
            -0.039115794003009796
        ],
        [
            -0.12129420787096024,
            -0.8115215301513672,
            -0.03667539358139038
        ],
        [
            -0.10936436057090759,
            -0.8182357549667358,
            -0.05356747284531593
        ],
        [
            -0.1092417761683464,
            -0.8201730251312256,
            -0.05557459220290184
        ],
        [
            -0.11422619968652725,
            -0.8213648796081543,
            -0.05291943997144699
        ],
        [
            -0.11300592869520187,
            -0.8188844323158264,
            -0.051530152559280396
        ],
        [
            -0.10894691944122314,
            -0.8222051858901978,
            -0.05824621021747589
        ],
        [
            -0.10623852163553238,
            -0.8188166618347168,
            -0.056440193206071854
        ],
        [
            -0.10507362335920334,
            -0.8197852969169617,
            -0.05959438905119896
        ],
        [
            -0.10473329573869705,
            -0.8147704601287842,
            -0.05365952476859093
        ],
        [
            -0.10216761380434036,
            -0.8138493299484253,
            -0.05595078319311142
        ],
        [
            -0.1039070188999176,
            -0.8160867691040039,
            -0.05679011717438698
        ],
        [
            -0.10193885862827301,
            -0.8104528188705444,
            -0.054059550166130066
        ],
        [
            -0.10564759373664856,
            -0.8124687671661377,
            -0.05146531015634537
        ],
        [
            -0.108455590903759,
            -0.8095858097076416,
            -0.04878990352153778
        ],
        [
            -0.11226535588502884,
            -0.8065884113311768,
            -0.04527055472135544
        ],
        [
            -0.10727149993181229,
            -0.8031437993049622,
            -0.0468311607837677
        ],
        [
            -0.10394629091024399,
            -0.8067018985748291,
            -0.05092737451195717
        ],
        [
            -0.1141393706202507,
            -0.8253147006034851,
            -0.055017732083797455
        ],
        [
            -0.10097833722829819,
            -0.8163374662399292,
            -0.060434795916080475
        ],
        [
            -0.10243955254554749,
            -0.8225332498550415,
            -0.06389851868152618
        ],
        [
            -0.09828300774097443,
            -0.8120921850204468,
            -0.0600188672542572
        ],
        [
            -0.09685727208852768,
            -0.8078547716140747,
            -0.05784037709236145
        ],
        [
            -0.09806639701128006,
            -0.8035174608230591,
            -0.054027948528528214
        ],
        [
            -0.10085876286029816,
            -0.7988797426223755,
            -0.049594487994909286
        ],
        [
            -0.08705923706293106,
            -0.777882993221283,
            -0.04317018389701843
        ],
        [
            -0.08349914103746414,
            -0.7844891548156738,
            -0.05010480061173439
        ],
        [
            -0.1391410231590271,
            -0.890960156917572,
            -0.06440617144107819
        ],
        [
            -0.13430620729923248,
            -0.8914904594421387,
            -0.072230763733387
        ],
        [
            -0.12682557106018066,
            -0.8859919309616089,
            -0.07087011635303497
        ],
        [
            -0.12748324871063232,
            -0.8883554935455322,
            -0.07238560169935226
        ],
        [
            -0.13200129568576813,
            -0.8880935311317444,
            -0.06863293796777725
        ],
        [
            -0.1303323209285736,
            -0.8857791423797607,
            -0.06759969145059586
        ],
        [
            -0.10695813596248627,
            -0.8847959041595459,
            -0.08001647889614105
        ],
        [
            -0.11288315057754517,
            -0.8847537040710449,
            -0.07642628997564316
        ],
        [
            -0.1102883517742157,
            -0.8817043304443359,
            -0.07632593810558319
        ],
        [
            -0.10389253497123718,
            -0.8789666891098022,
            -0.08130773901939392
        ],
        [
            -0.11581414937973022,
            -0.8717555999755859,
            -0.07064516842365265
        ],
        [
            -0.11235731840133667,
            -0.8743187189102173,
            -0.07402525842189789
        ],
        [
            -0.11785029619932175,
            -0.8794049620628357,
            -0.0711829662322998
        ],
        [
            -0.12046128511428833,
            -0.8775613903999329,
            -0.0687619149684906
        ],
        [
            -0.122981958091259,
            -0.8762152791023254,
            -0.06564221531152725
        ],
        [
            -0.12533724308013916,
            -0.8755898475646973,
            -0.06180872768163681
        ],
        [
            -0.12270913273096085,
            -0.8707042336463928,
            -0.061898864805698395
        ],
        [
            -0.11951639503240585,
            -0.8707098960876465,
            -0.06636665016412735
        ],
        [
            -0.1349550187587738,
            -0.8883566856384277,
            -0.06249210238456726
        ],
        [
            -0.1364021599292755,
            -0.8873413801193237,
            -0.05530405789613724
        ],
        [
            -0.13401737809181213,
            -0.8848238587379456,
            -0.056430645287036896
        ],
        [
            -0.1333579123020172,
            -0.8854594230651855,
            -0.06252157688140869
        ],
        [
            -0.12970736622810364,
            -0.8799083828926086,
            -0.0450466014444828
        ],
        [
            -0.13121449947357178,
            -0.8819482326507568,
            -0.04658911004662514
        ],
        [
            -0.1335928738117218,
            -0.8827270269393921,
            -0.04343613237142563
        ],
        [
            -0.13148638606071472,
            -0.8787109851837158,
            -0.04222114756703377
        ],
        [
            -0.12994204461574554,
            -0.8758623600006104,
            -0.04449113830924034
        ],
        [
            -0.12922170758247375,
            -0.878200352191925,
            -0.04644150286912918
        ],
        [
            -0.14974026381969452,
            -0.945246160030365,
            -0.06555534899234772
        ],
        [
            -0.15253832936286926,
            -0.9263291954994202,
            -0.06302393227815628
        ],
        [
            -0.1321111023426056,
            -0.9437599182128906,
            -0.07691821455955505
        ],
        [
            -0.11561305820941925,
            -0.938149094581604,
            -0.08297719061374664
        ],
        [
            -0.1006915494799614,
            -0.9286128878593445,
            -0.08731333911418915
        ],
        [
            -0.08519832789897919,
            -0.8265165090560913,
            -0.07480205595493317
        ],
        [
            -0.07606855779886246,
            -0.8201063275337219,
            -0.0744733065366745
        ],
        [
            -0.06586603820323944,
            -0.8314062356948853,
            -0.07898019999265671
        ],
        [
            -0.057978034019470215,
            -0.8230153322219849,
            -0.07571206986904144
        ],
        [
            -0.0693591758608818,
            -0.8116791248321533,
            -0.07141801714897156
        ],
        [
            -0.06444639712572098,
            -0.7941709160804749,
            -0.05764700099825859
        ],
        [
            -0.06516548991203308,
            -0.8024457693099976,
            -0.06582275032997131
        ],
        [
            -0.050540417432785034,
            -0.8150048851966858,
            -0.06934985518455505
        ],
        [
            -0.03871063143014908,
            -0.8317275643348694,
            -0.07297961413860321
        ],
        [
            -0.04850669205188751,
            -0.8364455699920654,
            -0.07843352109193802
        ],
        [
            -0.031025849282741547,
            -0.8508281707763672,
            -0.07366710901260376
        ],
        [
            -0.026360921561717987,
            -0.8272101283073425,
            -0.06532042473554611
        ],
        [
            -0.023037925362586975,
            -0.8521276712417603,
            -0.06806338578462601
        ],
        [
            -0.02447509765625,
            -0.7911726832389832,
            -0.05265809968113899
        ],
        [
            -0.017958708107471466,
            -0.7817699313163757,
            -0.05282860994338989
        ],
        [
            -0.002818632870912552,
            -0.7921682596206665,
            -0.057762354612350464
        ],
        [
            -0.009704813361167908,
            -0.8019887208938599,
            -0.05901601165533066
        ],
        [
            -0.058591194450855255,
            -0.841810941696167,
            -0.08140657842159271
        ],
        [
            -0.08601807802915573,
            -0.8994358777999878,
            -0.0874306708574295
        ],
        [
            -0.09740594029426575,
            -0.8951159119606018,
            -0.08646005392074585
        ],
        [
            -0.07811351865530014,
            -0.8885772228240967,
            -0.08839652687311172
        ],
        [
            -0.0882415920495987,
            -0.96213698387146,
            -0.08534082770347595
        ],
        [
            -0.10427669435739517,
            -0.9515480399131775,
            -0.08470078557729721
        ],
        [
            -0.0908762514591217,
            -0.9396953582763672,
            -0.08935379981994629
        ],
        [
            -0.0778571367263794,
            -0.9511425495147705,
            -0.08941856771707535
        ],
        [
            -0.11546947062015533,
            -0.9901843070983887,
            -0.06229754164814949
        ],
        [
            -0.1347215324640274,
            -0.9698812961578369,
            -0.06626741588115692
        ],
        [
            -0.12077426165342331,
            -0.9624303579330444,
            -0.07559501379728317
        ],
        [
            -0.10430936515331268,
            -0.978338897228241,
            -0.07419906556606293
        ],
        [
            -0.06597475707530975,
            -0.9572034478187561,
            -0.08781035244464874
        ],
        [
            -0.049082353711128235,
            -0.9646182060241699,
            -0.0842209905385971
        ],
        [
            -0.04989403486251831,
            -0.981878399848938,
            -0.07944684475660324
        ],
        [
            -0.07069563865661621,
            -0.9739679098129272,
            -0.08261732012033463
        ],
        [
            -0.053471967577934265,
            -1.0028021335601807,
            -0.0665370523929596
        ],
        [
            -0.07928304374217987,
            -0.9942609071731567,
            -0.0710730329155922
        ],
        [
            -0.00899217277765274,
            -0.841133713722229,
            -0.06266990303993225
        ],
        [
            -0.012671157717704773,
            -0.860363781452179,
            -0.0640362948179245
        ],
        [
            -0.019257403910160065,
            -0.8129826784133911,
            -0.060576703399419785
        ],
        [
            -0.003993049263954163,
            -0.8253197073936462,
            -0.06103959679603577
        ],
        [
            -0.05851307511329651,
            -1.0184491872787476,
            -0.04803907498717308
        ],
        [
            -0.08922922611236572,
            -1.0087543725967407,
            -0.054234810173511505
        ],
        [
            0.0014353394508361816,
            -0.9598170518875122,
            -0.061482127755880356
        ],
        [
            -0.01197400689125061,
            -0.9741356372833252,
            -0.06634615361690521
        ],
        [
            -0.02037160098552704,
