{
    "pred_cam": [
        1.5017902851104736,
        0.06357390433549881,
        0.3781306743621826
    ],
    "pred_smpl_params": {
        "global_orient": [
            [
                [
                    0.4893019199371338,
                    0.0864524394273758,
                    -0.8678188323974609
                ],
                [
                    0.17342445254325867,
                    -0.9848471283912659,
                    -0.0003290021850261837
                ],
                [
                    -0.8546973466873169,
                    -0.1503400355577469,
                    -0.49688056111335754
                ]
            ]
        ],
        "body_pose": [
            [
                [
                    0.9789053201675415,
                    0.08402268588542938,
                    0.18623796105384827
                ],
                [
                    -0.07264577597379684,
                    0.9950976967811584,
                    -0.06710480153560638
                ],
                [
                    -0.19096331298351288,
                    0.05215984210371971,
                    0.9802103042602539
                ]
            ],
            [
                [
                    0.9860830307006836,
                    0.13776102662086487,
                    0.09307020157575607
                ],
                [
                    -0.13720616698265076,
                    0.9904652833938599,
                    -0.01236512791365385
                ],
                [
                    -0.09388624876737595,
                    -0.0005767651600763202,
                    0.9955826997756958
                ]
            ],
            [
                [
                    0.9919779896736145,
                    -0.07915254682302475,
                    -0.09856262058019638
                ],
                [
                    0.0743381679058075,
                    0.995897114276886,
                    -0.05160141736268997
                ],
                [
                    0.1022426187992096,
                    0.043860502541065216,
                    0.9937920570373535
                ]
            ],
            [
                [
                    0.9723401069641113,
                    0.23355983197689056,
                    0.0021190911065787077
                ],
                [
                    -0.21997584402561188,
                    0.9187628626823425,
                    -0.32784968614578247
                ],
                [
                    -0.07851945608854294,
                    0.3183152675628662,
                    0.9447274804115295
                ]
            ],
            [
                [
                    0.9489203691482544,
                    0.17904981970787048,
                    0.25979098677635193
                ],
                [
                    -0.09004735946655273,
                    0.9428253173828125,
                    -0.3208923637866974
                ],
                [
                    -0.30239325761795044,
                    0.2811077833175659,
                    0.9107891321182251
                ]
            ],
            [
                [
                    0.9915685057640076,
                    -0.09027339518070221,
                    -0.09296531230211258
                ],
                [
                    0.09219765663146973,
                    0.9956022500991821,
                    0.016607288271188736
                ],
                [
                    0.09105727076530457,
                    -0.025038449093699455,
                    0.9955308437347412
                ]
            ],
            [
                [
                    0.9621148109436035,
                    0.08091045171022415,
                    0.2603622078895569
                ],
                [
                    -0.09852229803800583,
                    0.9935972690582275,
                    0.055297527462244034
                ],
                [
                    -0.2542210519313812,
                    -0.07885406911373138,
                    0.9639261364936829
                ]
            ],
            [
                [
                    0.961925208568573,
                    -0.14511145651340485,
                    -0.23160868883132935
                ],
                [
                    0.1408606916666031,
                    0.9894149303436279,
                    -0.03487767279148102
                ],
                [
                    0.23421820998191833,
                    0.000925152562558651,
                    0.9721836447715759
                ]
            ],
            [
                [
                    0.996261477470398,
                    -0.02419402450323105,
                    -0.08293182402849197
                ],
                [
                    0.01734725572168827,
                    0.9964560270309448,
                    -0.08230709284543991
                ],
                [
                    0.08462925255298615,
                    0.08056074380874634,
                    0.9931504726409912
                ]
            ],
            [
                [
                    0.9884200096130371,
                    -0.15138135850429535,
                    -0.010468760505318642
                ],
                [
                    0.15171872079372406,
                    0.9846758842468262,
                    0.08599357306957245
                ],
                [
                    -0.00270948838442564,
                    -0.08658607304096222,
                    0.9962407350540161
                ]
            ],
            [
                [
                    0.9771103858947754,
                    0.20175954699516296,
                    0.06744173169136047
                ],
                [
                    -0.2103683054447174,
                    0.963544487953186,
                    0.16530975699424744
                ],
                [
                    -0.03163028508424759,
                    -0.17571347951889038,
                    0.98393315076828
                ]
            ],
            [
                [
                    0.9994134902954102,
                    -0.033530157059431076,
                    0.006959372665733099
                ],
                [
                    0.03387754037976265,
                    0.9977462291717529,
                    -0.05792032554745674
                ],
                [
                    -0.0050016106106340885,
                    0.058122120797634125,
                    0.9982969760894775
                ]
            ],
            [
                [
                    0.9963213205337524,
                    0.03963854908943176,
                    -0.07597766071557999
                ],
                [
                    -0.04414970800280571,
                    0.9973021745681763,
                    -0.05864473804831505
                ],
                [
                    0.07344809174537659,
                    0.06178339198231697,
                    0.9953834414482117
                ]
            ],
            [
                [
                    0.9999195337295532,
                    -0.01008071843534708,
                    -0.007706703618168831
                ],
                [
                    0.010120060294866562,
                    0.9999358057975769,
                    0.00508507015183568
                ],
                [
                    0.007654948625713587,
                    -0.005162653047591448,
                    0.9999573826789856
                ]
            ],
            [
                [
                    0.9988874197006226,
                    -0.01959368772804737,
                    -0.04289728030562401
                ],
                [
                    0.006828064098954201,
                    0.9601089358329773,
                    -0.27954280376434326
                ],
                [
                    0.04666334018111229,
                    0.27893882989883423,
                    0.9591745138168335
                ]
            ],
            [
                [
                    0.718747615814209,
                    0.6500239372253418,
                    -0.24672003090381622
                ],
                [
                    -0.6822448372840881,
                    0.7277510166168213,
                    -0.07014527916908264
                ],
                [
                    0.13395467400550842,
                    0.21874022483825684,
                    0.9665448069572449
                ]
            ],
            [
                [
                    0.7867795825004578,
                    -0.5554222464561462,
                    0.2692286968231201
                ],
                [
                    0.6066693663597107,
                    0.7762278318405151,
                    -0.17153026163578033
                ],
                [
                    -0.11371108889579773,
                    0.29828929901123047,
                    0.9476778507232666
                ]
            ],
            [
                [
                    0.3275347054004669,
                    -0.21235451102256775,
                    -0.9206663966178894
                ],
                [
                    -0.1729746013879776,
                    0.9444709420204163,
                    -0.27938225865364075
                ],
                [
                    0.9288707375526428,
                    0.2507592737674713,
                    0.27261507511138916
                ]
            ],
            [
                [
                    -0.14943553507328033,
                    0.3658599257469177,
                    0.918594241142273
                ],
                [
                    0.10721643269062042,
                    0.9295437335968018,
                    -0.3527790606021881
                ],
                [
                    -0.9829412698745728,
                    0.04577066749334335,
                    -0.1781330555677414
                ]
            ],
            [
                [
                    0.9881264567375183,
                    -0.08057385683059692,
                    -0.13082072138786316
                ],
                [
                    0.08000493049621582,
                    0.996748149394989,
                    -0.009607535786926746
                ],
                [
                    0.13116943836212158,
                    -0.0009728425648063421,
                    0.991359531879425
                ]
            ],
            [
                [
                    0.9826220870018005,
                    0.1026187613606453,
                    0.1546712964773178
                ],
                [
                    -0.11949829012155533,
                    0.9873628616333008,
                    0.10408986359834671
                ],
                [
                    -0.1420351266860962,
                    -0.12076395750045776,
                    0.9824672937393188
                ]
            ],
            [
                [
                    0.9919474720954895,
                    0.12091361731290817,
                    -0.0376848466694355
                ],
                [
                    -0.11490261554718018,
                    0.9843279719352722,
                    0.133774995803833
                ],
                [
                    0.05326946824789047,
                    -0.12836767733097076,
                    0.9902949333190918
                ]
            ],
            [
                [
                    0.9904598593711853,
                    -0.13756637275218964,
                    0.008040271699428558
                ],
                [
                    0.13565799593925476,
                    0.9836451411247253,
                    0.11848714202642441
                ],
                [
                    -0.024208620190620422,
                    -0.11626604944467545,
                    0.9929230213165283
                ]
            ]
        ],
        "betas": [
            -0.14927932620048523,
            -0.12350904941558838,
            0.7111034393310547,
            1.1611428260803223,
            0.2018779218196869,
            0.16886353492736816,
            -0.05075535178184509,
            -0.05547982454299927,
            0.028401657938957214,
            -0.06181454658508301
        ]
    },
    "pred_cam_t": [
        0.06357390433549881,
        0.3781306743621826,
        26.010622024536133
    ],
    "focal_length": [
        5000.0,
        5000.0
    ],
    "pred_keypoints_3d": [
        [
            -0.144939124584198,
            -0.8356211185455322,
            -0.03160863369703293
        ],
        [
            0.0292827021330595,
            -0.7620656490325928,
            0.005017527379095554
        ],
        [
            -0.0011981986463069916,
            -0.694354772567749,
            0.17992901802062988
        ],
        [
            -0.03660279139876366,
            -0.5370883941650391,
            0.36726194620132446
        ],
        [
            -0.22626422345638275,
            -0.48410412669181824,
            0.21642474830150604
        ],
        [
            0.06878234446048737,
            -0.6941595077514648,
            -0.16729438304901123
        ],
        [
            0.11800120770931244,
            -0.5096373558044434,
            -0.3342670500278473
        ],
        [
            -0.08957527577877045,
            -0.38401055335998535,
            -0.34241393208503723
        ],
        [
            -0.002436302602291107,
            -0.2365749627351761,
            0.027397355064749718
        ],
        [
            -0.03870677947998047,
            -0.15844202041625977,
            0.10009526461362839
        ],
        [
            -0.10922148823738098,
            0.18330293893814087,
            0.23156124353408813
        ],
        [
            -0.07486274093389511,
            0.49272745847702026,
            0.4610786736011505
        ],
        [
            0.02901098132133484,
            -0.1340348869562149,
            -0.013376744464039803
        ],
        [
            0.022884352132678032,
            0.2235971838235855,
            0.05414436757564545
        ],
        [
            0.05302280932664871,
            0.5064557194709778,
            0.3154637813568115
        ],
        [
            -0.13020676374435425,
            -0.8816781044006348,
            0.007653503678739071
        ],
        [
            -0.11956217139959335,
            -0.8849309682846069,
            -0.05772065371274948
        ],
        [
            -0.043366894125938416,
            -0.8910521268844604,
            0.0661618709564209
        ],
        [
            -0.01968647539615631,
            -0.8986585140228271,
            -0.08095905184745789
        ],
        [
            -0.06274490803480148,
            0.6379499435424805,
            0.21895655989646912
        ],
        [
            0.02100248634815216,
            0.6424217224121094,
            0.2236577272415161
        ],
        [
            0.09171713143587112,
            0.5110945701599121,
            0.37318509817123413
        ],
        [
            -0.21337948739528656,
            0.6051225066184998,
            0.3789195120334625
        ],
        [
            -0.22711181640625,
            0.5665251612663269,
            0.4572414755821228
        ],
        [
            -0.030937902629375458,
            0.5108492374420166,
            0.5179868936538696
        ],
        [
            -0.06845326721668243,
            0.43566378951072693,
            0.46405988931655884
        ],
        [
            -0.10116024315357208,
            0.1274052858352661,
            0.2081632912158966
        ],
        [
            -0.0631372332572937,
            -0.29299765825271606,
            0.14852042496204376
        ],
        [
            0.08801335096359253,
            -0.22688032686710358,
            -0.08771558105945587
        ],
        [
            0.03218594565987587,
            0.18804731965065002,
            0.0329120010137558
        ],
        [
            0.07620944827795029,
            0.47170665860176086,
            0.3066422939300537
        ],
        [
            -0.19471079111099243,
            -0.5085115432739258,
            0.20493125915527344
        ],
        [
            -0.062288034707307816,
            -0.5741742849349976,
            0.36196327209472656
        ],
        [
            0.005099237896502018,
            -0.7193560600280762,
            0.15037740767002106
        ],
        [
            0.06940848380327225,
            -0.7211260795593262,
            -0.1395728886127472
        ],
        [
            0.08517046272754669,
            -0.5490846633911133,
            -0.3442302644252777
        ],
        [
            -0.08722023665904999,
            -0.40773844718933105,
            -0.33536696434020996
        ],
        [
            0.025725726038217545,
            -0.7657122611999512,
            0.0005771168507635593
        ],
        [
            -0.0610758513212204,
            -0.9423090219497681,
            -0.013106182217597961
        ],
        [
            0.012161239050328732,
            -0.2601240873336792,
            0.029344476759433746
        ],
        [
            0.03365248069167137,
            -0.7150341272354126,
            0.004469556733965874
        ],
        [
            0.04847317934036255,
            -0.5164827704429626,
            0.012175067327916622
        ],
        [
            -0.06539827585220337,
            -0.8284157514572144,
            -0.023466475307941437
        ],
        [
            -0.05872901529073715,
            -0.9624032378196716,
            -0.007262029685080051
        ]
    ],
    "pred_vertices": [
        [
            -0.1315842866897583,
            -0.9297243356704712,
            -0.07067786157131195
        ],
        [
            -0.13468891382217407,
            -0.9142786264419556,
            -0.06597871333360672
        ],
        [
            -0.12338592857122421,
            -0.9136536121368408,
            -0.07516078650951385
        ],
        [
            -0.1163434311747551,
            -0.9261329174041748,
            -0.07889354974031448
        ],
        [
            -0.1268797665834427,
            -0.9033101797103882,
            -0.07214420288801193
        ],
        [
            -0.1350831389427185,
            -0.9023377895355225,
            -0.06339436769485474
        ],
        [
            -0.11046489328145981,
            -0.910367488861084,
            -0.07981862127780914
        ],
        [
            -0.10145899653434753,
            -0.9201040267944336,
            -0.08261220157146454
        ],
        [
            -0.08929391950368881,
            -0.8792436718940735,
            -0.08237124234437943
        ],
        [
            -0.07839420437812805,
            -0.8773338794708252,
            -0.08435961604118347
        ],
        [
            -0.08278487622737885,
            -0.8884445428848267,
            -0.0848570168018341
        ],
        [
            -0.09239561855792999,
            -0.887394368648529,
            -0.08165335655212402
        ],
        [
            -0.07944569736719131,
            -0.8549293875694275,
            -0.08084847033023834
        ],
        [
            -0.08583702147006989,
            -0.8436651229858398,
            -0.07630673795938492
        ],
        [
            -0.07380890846252441,
            -0.8372753262519836,
            -0.07704342901706696
        ],
        [
            -0.06652374565601349,
            -0.8481478095054626,
            -0.0802076980471611
        ],
        [
            -0.11775774508714676,
            -0.8502479195594788,
            -0.04866005852818489
        ],
        [
            -0.11406701058149338,
            -0.8442736864089966,
            -0.05391412228345871
        ],
        [
            -0.11442887037992477,
            -0.8511524200439453,
            -0.057647522538900375
        ],
        [
            -0.11761519312858582,
            -0.856346607208252,
            -0.05155900865793228
        ],
        [
            -0.12741287052631378,
            -0.8578363656997681,
            -0.040948957204818726
        ],
        [
            -0.12539440393447876,
            -0.8639383316040039,
            -0.041265375912189484
        ],
        [
            -0.1321324110031128,
            -0.8662695288658142,
            -0.03762832283973694
        ],
        [
            -0.1348310112953186,
            -0.8593134880065918,
            -0.03837709128856659
        ],
        [
            -0.11712547391653061,
            -0.8450084924697876,
            -0.043164171278476715
        ],
        [
            -0.11297112703323364,
            -0.838948130607605,
            -0.04881985858082771
        ],
        [
            -0.12138402462005615,
            -0.855201244354248,
            -0.04421310871839523
        ],
        [
            -0.122525155544281,
            -0.8502540588378906,
            -0.0431257039308548
        ],
        [
            -0.13154155015945435,
            -0.8418796062469482,
            -0.04227359965443611
        ],
        [
            -0.13102245330810547,
            -0.8468571901321411,
            -0.04350920021533966
        ],
        [
            -0.13839763402938843,
            -0.8461077213287354,
            -0.04162495583295822
        ],
        [
            -0.13671442866325378,
            -0.8408316373825073,
            -0.04025735706090927
        ],
        [
            -0.12174474447965622,
            -0.8434111475944519,
            -0.04325725883245468
        ],
        [
            -0.12512069940567017,
            -0.8456515073776245,
            -0.04437747225165367
        ],
        [
            -0.12689059972763062,
            -0.8414204120635986,
            -0.042430419474840164
        ],
        [
            -0.12348117679357529,
            -0.8400529623031616,
            -0.04028015211224556
        ],
        [
            -0.1290522962808609,
            -0.8529617190361023,
            -0.04110638424754143
        ],
        [
            -0.13680800795555115,
            -0.8531274795532227,
            -0.039687253534793854
        ],
        [
            -0.14472635090351105,
            -0.8526910543441772,
            -0.037303630262613297
        ],
        [
            -0.14581835269927979,
            -0.8436933159828186,
            -0.03896832838654518
        ],
        [
            -0.10197599977254868,
            -0.8331617116928101,
            -0.06339901685714722
        ],
        [
            -0.10882999747991562,
            -0.8385597467422485,
            -0.05946432799100876
        ],
        [
            -0.10854896903038025,
            -0.8337528109550476,
            -0.05430116131901741
        ],
        [
            -0.10346813499927521,
            -0.8292679786682129,
            -0.05840146541595459
        ],
        [
            -0.11911354213953018,
            -0.8378111124038696,
            -0.040746964514255524
        ],
        [
            -0.11429351568222046,
            -0.822515606880188,
            -0.044517286121845245
        ],
        [
            -0.11550366133451462,
            -0.826167106628418,
            -0.04487073794007301
        ],
        [
            -0.12071414291858673,
            -0.8257380723953247,
            -0.03980648145079613
        ],
        [
            -0.11932039260864258,
            -0.8223782777786255,
            -0.04003496468067169
        ],
        [
            -0.08865105360746384,
            -0.8216276168823242,
            -0.06662505120038986
        ],
        [
            -0.09377387911081314,
            -0.8193049430847168,
            -0.061867352575063705
        ],
        [
            -0.08931580185890198,
            -0.8132041096687317,
            -0.061811868101358414
        ],
        [
            -0.08268401771783829,
            -0.8146998286247253,
            -0.06560955196619034
        ],
        [
            -0.08736579865217209,
            -0.8079069256782532,
            -0.05918184667825699
        ],
        [
            -0.07790421694517136,
            -0.8079656362533569,
            -0.06363079696893692
        ],
        [
            -0.07652279734611511,
            -0.7940813302993774,
            -0.05460779741406441
        ],
        [
            -0.07659311592578888,
            -0.8002548217773438,
            -0.05923048406839371
        ],
        [
            -0.08715309947729111,
            -0.8022816181182861,
            -0.055356912314891815
        ],
        [
            -0.0900617241859436,
            -0.7963613271713257,
            -0.05072662606835365
        ],
        [
            -0.10148708522319794,
            -0.7978885769844055,
            -0.04088808223605156
        ],
        [
            -0.10501407831907272,
            -0.7957375049591064,
            -0.03565765544772148
        ],
        [
            -0.09892688691616058,
            -0.7848712801933289,
            -0.03983638435602188
        ],
        [
            -0.09503147751092911,
            -0.7897307276725769,
            -0.045154765248298645
        ],
        [
            -0.10871154814958572,
            -0.8181427121162415,
            -0.04269249364733696
        ],
        [
            -0.10520017892122269,
            -0.8191011548042297,
            -0.04593152925372124
        ],
        [
            -0.10774779319763184,
            -0.8199427723884583,
            -0.046751413494348526
        ],
        [
            -0.11201328784227371,
            -0.819945216178894,
            -0.043529536575078964
        ],
        [
            -0.10256300121545792,
            -0.8194924592971802,
            -0.04909641295671463
        ],
        [
            -0.1014365553855896,
            -0.8195508718490601,
            -0.050556283444166183
        ],
        [
            -0.10305911302566528,
            -0.8204704523086548,
            -0.05063040554523468
        ],
        [
            -0.10325124859809875,
            -0.8200432062149048,
            -0.049208108335733414
        ],
        [
            -0.10411965847015381,
            -0.8194459080696106,
            -0.04740777611732483
        ],
        [
            -0.10417646169662476,
            -0.8174268007278442,
            -0.04647425562143326
        ],
        [
            -0.10296683758497238,
            -0.8185515403747559,
            -0.04831624776124954
        ],
        [
            -0.10738841444253922,
            -0.8157244920730591,
            -0.04363095387816429
        ],
        [
            -0.11680962145328522,
            -0.8108125925064087,
            -0.03341766819357872
        ],
        [
            -0.11498098820447922,
            -0.8119356632232666,
            -0.03648332133889198
        ],
        [
            -0.11560714244842529,
            -0.816388726234436,
            -0.03491850569844246
        ],
        [
            -0.1172671690583229,
            -0.8156645894050598,
            -0.032382942736148834
        ],
        [
            -0.10538699477910995,
            -0.821569561958313,
            -0.04977422207593918
        ],
        [
            -0.1052299290895462,
            -0.8234437704086304,
            -0.0518018901348114
        ],
        [
            -0.11002793163061142,
            -0.824981689453125,
            -0.04898139461874962
        ],
        [
            -0.10894209891557693,
            -0.8224294781684875,
            -0.047603558748960495
        ],
        [
            -0.10488377511501312,
            -0.8254426717758179,
            -0.05453185737133026
        ],
        [
            -0.10235008597373962,
            -0.821894645690918,
            -0.052765220403671265
        ],
        [
            -0.10121775418519974,
            -0.8227776288986206,
            -0.05596116557717323
        ],
        [
            -0.10100856423377991,
            -0.8177745342254639,
            -0.04998291656374931
        ],
        [
            -0.09859566390514374,
            -0.8166660666465759,
            -0.05236910283565521
        ],
        [
            -0.10020964592695236,
            -0.819022536277771,
            -0.053170282393693924
        ],
        [
            -0.09855715930461884,
            -0.813254714012146,
            -0.05047687143087387
        ],
        [
            -0.10201053321361542,
            -0.815527081489563,
            -0.04775650054216385
        ],
        [
            -0.10493174940347672,
            -0.8128359317779541,
            -0.04496249929070473
        ],
        [
            -0.10882650315761566,
            -0.8100920915603638,
            -0.04127299413084984
        ],
        [
            -0.10412275046110153,
            -0.806321918964386,
            -0.04299193248152733
        ],
        [
            -0.10071123391389847,
            -0.8096355199813843,
            -0.04725074768066406
        ],
        [
            -0.10973421484231949,
            -0.8289116621017456,
            -0.051135413348674774
        ],
        [
            -0.09736962616443634,
            -0.8190717101097107,
            -0.05690580606460571
        ],
        [
            -0.09853318333625793,
            -0.8253379464149475,
            -0.060361526906490326
        ],
        [
            -0.09496629238128662,
            -0.8146457672119141,
            -0.05655020475387573
        ],
        [
            -0.09380720555782318,
            -0.8103052973747253,
            -0.05440666154026985
        ],
        [
            -0.09525290131568909,
            -0.8060226440429688,
            -0.05051737278699875
        ],
        [
            -0.09812662750482559,
            -0.8016077280044556,
            -0.0459340438246727
        ],
        [
            -0.08548092842102051,
            -0.779749870300293,
            -0.03963874280452728
        ],
        [
            -0.08190540224313736,
            -0.7860815525054932,
            -0.04683910310268402
        ],
        [
            -0.1306910514831543,
            -0.8959671258926392,
            -0.06031116098165512
        ],
        [
            -0.12620314955711365,
            -0.8961056470870972,
            -0.06832244247198105
        ],
        [
            -0.11905011534690857,
            -0.8901057243347168,
            -0.0672159194946289
        ],
        [
            -0.11962319910526276,
            -0.8924229145050049,
            -0.06877259165048599
        ],
        [
            -0.12397287786006927,
            -0.892585277557373,
            -0.06480269134044647
        ],
        [
            -0.1224101185798645,
            -0.8902501463890076,
            -0.06374277174472809
        ],
        [
            -0.09954404830932617,
            -0.887536883354187,
            -0.07702414691448212
        ],
        [
            -0.10535300523042679,
            -0.8879332542419434,
            -0.07323640584945679
        ],
        [
            -0.10293217748403549,
            -0.8847408294677734,
            -0.07312275469303131
        ],
        [
            -0.09690677374601364,
            -0.881537914276123,
            -0.07829498499631882
        ],
        [
            -0.1089341789484024,
            -0.8752603530883789,
            -0.06719518452882767
        ],
        [
            -0.10543585568666458,
            -0.87754225730896,
            -0.07069677114486694
        ],
        [
            -0.11048240959644318,
            -0.8830304741859436,
            -0.0677245631814003
        ],
        [
            -0.11311683058738708,
            -0.8813892006874084,
            -0.06517940014600754
        ],
        [
            -0.11565876752138138,
            -0.8802280426025391,
            -0.061997100710868835
        ],
        [
            -0.11789271235466003,
            -0.8797913193702698,
            -0.05803944170475006
        ],
        [
            -0.11559245735406876,
            -0.8747285604476929,
            -0.058221399784088135
        ],
        [
            -0.11257486045360565,
            -0.8744868040084839,
            -0.0628267154097557
        ],
        [
            -0.12658089399337769,
            -0.8931878805160522,
            -0.05852034315466881
        ],
        [
            -0.12786243855953217,
            -0.8923082947731018,
            -0.05124570429325104
        ],
        [
            -0.12564432621002197,
            -0.8896651268005371,
            -0.05244322866201401
        ],
        [
            -0.1251668930053711,
            -0.8902292251586914,
            -0.05854811519384384
        ],
        [
            -0.12135065346956253,
            -0.8844780921936035,
            -0.04120420664548874
        ],
        [
            -0.12274456024169922,
            -0.886601448059082,
            -0.04271024838089943
        ],
        [
            -0.12491888552904129,
            -0.8875607848167419,
            -0.03946719318628311
        ],
        [
            -0.12307409942150116,
            -0.8834317922592163,
            -0.038272369652986526
        ],
        [
            -0.12189161032438278,
            -0.8804672956466675,
            -0.04061313718557358
        ],
        [
            -0.12108995020389557,
            -0.8827522993087769,
            -0.042612358927726746
        ],
        [
            -0.13782256841659546,
            -0.950793981552124,
            -0.06136211380362511
        ],
        [
            -0.14188246428966522,
            -0.9320098161697388,
            -0.058765776455402374
        ],
        [
            -0.12084072828292847,
            -0.9480985403060913,
            -0.07340018451213837
        ],
        [
            -0.10496851801872253,
            -0.9413002133369446,
            -0.08016049116849899
        ],
        [
            -0.09074167907238007,
            -0.930880069732666,
            -0.08475929498672485
        ],
        [
            -0.0816299244761467,
            -0.828039288520813,
            -0.07208725810050964
        ],
        [
            -0.07297097146511078,
            -0.8210850954055786,
            -0.07200272381305695
        ],
        [
            -0.062244124710559845,
            -0.8316193222999573,
            -0.07704589515924454
        ],
        [
            -0.05492079257965088,
            -0.822828471660614,
            -0.07394836843013763
        ],
        [
            -0.06685914099216461,
            -0.8122655153274536,
            -0.06911072134971619
        ],
        [
            -0.06266405433416367,
            -0.7945551872253418,
            -0.05528958886861801
        ],
        [
            -0.0631663054227829,
            -0.802804708480835,
            -0.0635591521859169
        ],
        [
            -0.04792168736457825,
            -0.8144835233688354,
            -0.06782342493534088
        ],
        [
            -0.035100579261779785,
            -0.8303699493408203,
            -0.07211820781230927
        ],
        [
            -0.044562093913555145,
            -0.8355520963668823,
            -0.07715338468551636
        ],
        [
            -0.026278004050254822,
            -0.8489861488342285,
            -0.07332609593868256
        ],
        [
            -0.022925175726413727,
            -0.8252440690994263,
            -0.06493281573057175
        ],
        [
            -0.01805344969034195,
            -0.8499018549919128,
            -0.0679546445608139
        ],
        [
            -0.022915273904800415,
            -0.789715051651001,
            -0.052198152989149094
        ],
        [
            -0.017078574746847153,
            -0.780057430267334,
            -0.052831366658210754
        ],
        [
            -0.001841861754655838,
            -0.7899172306060791,
            -0.05882680416107178
        ],
        [
            -0.008036423474550247,
            -0.7998460531234741,
            -0.05947187915444374
        ],
        [
            -0.0542629212141037,
            -0.8415378332138062,
            -0.07977479696273804
        ],
        [
            -0.07804079353809357,
            -0.9007599353790283,
            -0.0853206142783165
        ],
        [
            -0.08971849828958511,
            -0.8971309661865234,
            -0.08394692838191986
        ],
        [
            -0.07099278271198273,
            -0.889458179473877,
            -0.08637238293886185
        ],
        [
            -0.07584866136312485,
            -0.9639060497283936,
            -0.08328667283058167
        ],
        [
            -0.09263799339532852,
            -0.954174280166626,
            -0.08163132518529892
        ],
        [
            -0.08014920353889465,
            -0.9414745569229126,
            -0.08702655136585236
        ],
        [
            -0.0664297342300415,
            -0.9520900249481201,
            -0.08758863061666489
        ],
        [
            -0.10035575926303864,
            -0.9939156174659729,
            -0.05953679978847504
        ],
        [
            -0.12098680436611176,
            -0.9745750427246094,
            -0.06250015646219254
        ],
        [
            -0.10793623328208923,
            -0.9661743640899658,
            -0.07213465869426727
        ],
        [
            -0.09029455482959747,
            -0.9813054800033569,
            -0.07176443934440613
        ],
        [
            -0.05405572056770325,
            -0.9573719501495361,
            -0.08648300915956497
        ],
        [
            -0.03651295602321625,
            -0.9636790752410889,
            -0.0836711972951889
        ],
        [
            -0.0360712856054306,
            -0.9809905886650085,
            -0.07896099984645844
        ],
        [
            -0.05751228332519531,
            -0.9745029211044312,
            -0.08124620467424393
        ],
        [
            -0.03764276206493378,
            -1.0021663904190063,
            -0.06622660905122757
        ],
        [
            -0.06425002217292786,
            -0.9955548048019409,
            -0.0696539580821991
        ],
        [
            -0.004708796739578247,
            -0.8382477760314941,
            -0.0630960613489151
        ],
        [
            -0.007039353251457214,
            -0.8576966524124146,
            -0.06441014260053635
        ],
        [
            -0.016785942018032074,
            -0.8109905123710632,
            -0.06037941575050354
        ],
        [
            -0.0008360743522644043,
            -0.822483241558075,
            -0.06179770827293396
        ],
        [
            -0.04109296202659607,
            -1.0183382034301758,
            -0.04785884916782379
        ],
        [
            -0.07250998914241791,
            -1.0107395648956299,
            -0.05269134044647217
        ],
        [
            0.014234095811843872,
            -0.9558357000350952,
            -0.06276673078536987
        ],
        [
            0.0016995668411254883,
            -0.9709224700927734,
            -0.0672435611486435
        ],
        [
            -0.008280232548713684,
