{
    "pred_cam": [
        1.499828577041626,
        0.07468193024396896,
        0.3793810307979584
    ],
    "pred_smpl_params": {
        "global_orient": [
            [
                [
                    0.4126701056957245,
                    0.0800345316529274,
                    -0.9073576331138611
                ],
                [
                    0.17294259369373322,
                    -0.9848975539207458,
                    -0.008219019509851933
                ],
                [
                    -0.8943122029304504,
                    -0.15352901816368103,
                    -0.4202791452407837
                ]
            ]
        ],
        "body_pose": [
            [
                [
                    0.9796857833862305,
                    0.0970124676823616,
                    0.17551106214523315
                ],
                [
                    -0.09026532620191574,
                    0.9948527812957764,
                    -0.046045128256082535
                ],
                [
                    -0.17907461524009705,
                    0.029267197474837303,
                    0.9833999872207642
                ]
            ],
            [
                [
                    0.9905673861503601,
                    0.12471277266740799,
                    0.056771788746118546
                ],
                [
                    -0.12363766878843307,
                    0.9920816421508789,
                    -0.022085515782237053
                ],
                [
                    -0.059076592326164246,
                    0.014858060516417027,
                    0.9981428980827332
                ]
            ],
            [
                [
                    0.9946057796478271,
                    -0.06859812885522842,
                    -0.07780477404594421
                ],
                [
                    0.06460904330015182,
                    0.9965190887451172,
                    -0.05268089100718498
                ],
                [
                    0.08114776015281677,
                    0.047369830310344696,
                    0.9955757260322571
                ]
            ],
            [
                [
                    0.9725419282913208,
                    0.23268795013427734,
                    -0.004307405091822147
                ],
                [
                    -0.22029422223567963,
                    0.9144571423530579,
                    -0.3394683003425598
                ],
                [
                    -0.07505124062299728,
                    0.3310960531234741,
                    0.9406077265739441
                ]
            ],
            [
                [
                    0.9594338536262512,
                    0.14330659806728363,
                    0.24279600381851196
                ],
                [
                    -0.05941839888691902,
                    0.9446179270744324,
                    -0.32274818420410156
                ],
                [
                    -0.27560141682624817,
                    0.2952289879322052,
                    0.9148134589195251
                ]
            ],
            [
                [
                    0.9932916760444641,
                    -0.08469632267951965,
                    -0.07872886955738068
                ],
                [
                    0.08649715036153793,
                    0.9960564374923706,
                    0.019746016710996628
                ],
                [
                    0.07674597203731537,
                    -0.026423374190926552,
                    0.9967005848884583
                ]
            ],
            [
                [
                    0.954720139503479,
                    0.0780816525220871,
                    0.2870761454105377
                ],
                [
                    -0.09953725337982178,
                    0.9931686520576477,
                    0.06089666858315468
                ],
                [
                    -0.2803601026535034,
                    -0.08671404421329498,
                    0.9559701681137085
                ]
            ],
            [
                [
                    0.9570332765579224,
                    -0.135332852602005,
                    -0.25646132230758667
                ],
                [
                    0.13639774918556213,
                    0.9905591011047363,
                    -0.0137175926938653
                ],
                [
                    0.25589656829833984,
                    -0.021852552890777588,
                    0.9664571285247803
                ]
            ],
            [
                [
                    0.9979098439216614,
                    -0.020378634333610535,
                    -0.06132415309548378
                ],
                [
                    0.015941575169563293,
                    0.9972777962684631,
                    -0.0719928964972496
                ],
                [
                    0.06262432783842087,
                    0.07086481899023056,
                    0.9955182075500488
                ]
            ],
            [
                [
                    0.9880271553993225,
                    -0.15281647443771362,
                    -0.021201513707637787
                ],
                [
                    0.15402212738990784,
                    0.9849615097045898,
                    0.07828134298324585
                ],
                [
                    0.00891999714076519,
                    -0.08060958981513977,
                    0.9967058300971985
                ]
            ],
            [
                [
                    0.9777765274047852,
                    0.196807399392128,
                    0.07224918901920319
                ],
                [
                    -0.2057233452796936,
                    0.9670747518539429,
                    0.1498142033815384
                ],
                [
                    -0.04038581997156143,
                    -0.1613481491804123,
                    0.9860708713531494
                ]
            ],
            [
                [
                    0.9987033605575562,
                    -0.024136627092957497,
                    0.044821105897426605
                ],
                [
                    0.026475930586457253,
                    0.9982776045799255,
                    -0.0523536391556263
                ],
                [
                    -0.04348026216030121,
                    0.05347244068980217,
                    0.9976222515106201
                ]
            ],
            [
                [
                    0.9962812066078186,
                    -0.049529656767845154,
                    -0.07050184160470963
                ],
                [
                    0.048803914338350296,
                    0.998736560344696,
                    -0.011980487033724785
                ],
                [
                    0.07100614905357361,
                    0.008495167829096317,
                    0.9974396824836731
                ]
            ],
            [
                [
                    0.9994105100631714,
                    0.0339076854288578,
                    -0.005380706861615181
                ],
                [
                    -0.033681366592645645,
                    0.9987214207649231,
                    0.037696998566389084
                ],
                [
                    0.0066520459949970245,
                    -0.037493545562028885,
                    0.999274730682373
                ]
            ],
            [
                [
                    0.9994838237762451,
                    -0.015095507726073265,
                    -0.028359489515423775
                ],
                [
                    0.006196282804012299,
                    0.9567378163337708,
                    -0.29088541865348816
                ],
                [
                    0.03152365982532501,
                    0.2905595302581787,
                    0.9563375115394592
                ]
            ],
            [
                [
                    0.8316924571990967,
                    0.5038464069366455,
                    -0.23329466581344604
                ],
                [
                    -0.5185882449150085,
                    0.8550213575363159,
                    -0.0021707420237362385
                ],
                [
                    0.19837822020053864,
                    0.12278925627470016,
                    0.9724036455154419
                ]
            ],
            [
                [
                    0.8490369319915771,
                    -0.47937896847724915,
                    0.22210848331451416
                ],
                [
                    0.5120241641998291,
                    0.8502331376075745,
                    -0.12220863997936249
                ],
                [
                    -0.13025973737239838,
                    0.21748454868793488,
                    0.9673329591751099
                ]
            ],
            [
                [
                    0.01255065482109785,
                    -0.26554080843925476,
                    -0.964017927646637
                ],
                [
                    -0.026459312066435814,
                    0.9636680483818054,
                    -0.2657889425754547
                ],
                [
                    0.9995711445808411,
                    0.02884308248758316,
                    0.0050686378963291645
                ]
            ],
            [
                [
                    -0.2822020947933197,
                    0.3521738052368164,
                    0.8923763632774353
                ],
                [
                    -0.0006444843602366745,
                    0.9301139116287231,
                    -0.3672706186771393
                ],
                [
                    -0.9593547582626343,
                    -0.10421967506408691,
                    -0.26225313544273376
                ]
            ],
            [
                [
                    0.9773536324501038,
                    -0.12795522809028625,
                    -0.16854475438594818
                ],
                [
                    0.13054028153419495,
                    0.9914336800575256,
                    0.0043009682558476925
                ],
                [
                    0.1665506213903427,
                    -0.02620544843375683,
                    0.9856846332550049
                ]
            ],
            [
                [
                    0.9761428236961365,
                    0.11981841176748276,
                    0.1810765415430069
                ],
                [
                    -0.14235258102416992,
                    0.9828740954399109,
                    0.11702260375022888
                ],
                [
                    -0.1639539748430252,
                    -0.14000749588012695,
                    0.9764819741249084
                ]
            ],
            [
                [
                    0.9944279193878174,
                    0.10187842696905136,
                    -0.027090737596154213
                ],
                [
                    -0.09941565990447998,
                    0.9917868375778198,
                    0.08046948909759521
                ],
                [
                    0.03506634384393692,
                    -0.07732786238193512,
                    0.996388852596283
                ]
            ],
            [
                [
                    0.992624819278717,
                    -0.12111952155828476,
                    0.0050891367718577385
                ],
                [
                    0.12022408843040466,
                    0.9889373183250427,
                    0.08688601106405258
                ],
                [
                    -0.015556428581476212,
                    -0.08563338965177536,
                    0.99620521068573
                ]
            ]
        ],
        "betas": [
            -0.15891361236572266,
            -0.1654922068119049,
            0.5931159257888794,
            0.9913415908813477,
            0.18460430204868317,
            0.16154912114143372,
            -0.03259092569351196,
            -0.05205458402633667,
            0.008071959018707275,
            -0.043842434883117676
        ]
    },
    "pred_cam_t": [
        0.07468193024396896,
        0.3793810307979584,
        26.04464340209961
    ],
    "focal_length": [
        5000.0,
        5000.0
    ],
    "pred_keypoints_3d": [
        [
            -0.1370968073606491,
            -0.8316869735717773,
            -0.04114968329668045
        ],
        [
            0.03448973596096039,
            -0.7563412189483643,
            -6.002653390169144e-05
        ],
        [
            0.008503925986588001,
            -0.6957687735557556,
            0.17490042746067047
        ],
        [
            -0.03960027918219566,
            -0.5711668729782104,
            0.3834676146507263
        ],
        [
            -0.23793946206569672,
            -0.5710540413856506,
            0.23386982083320618
        ],
        [
            0.06791424751281738,
            -0.6948216557502747,
            -0.16984322667121887
        ],
        [
            0.08591192960739136,
            -0.5608752965927124,
            -0.3850255608558655
        ],
        [
            -0.15520913898944855,
            -0.5386964082717896,
            -0.3638739287853241
        ],
        [
            -0.002315480262041092,
            -0.2344282865524292,
            0.027819408103823662
        ],
        [
            -0.03307842090725899,
            -0.15640422701835632,
            0.10331342369318008
        ],
        [
            -0.08585907518863678,
            0.1877693235874176,
            0.23801451921463013
        ],
        [
            -0.011465191841125488,
            0.504974365234375,
            0.4479069709777832
        ],
        [
            0.024802610278129578,
            -0.13195988535881042,
            -0.016359837725758553
        ],
        [
            0.012393083423376083,
            0.22614321112632751,
            0.05118042975664139
        ],
        [
            0.06106691062450409,
            0.5096746683120728,
            0.3101199269294739
        ],
        [
            -0.12278115004301071,
            -0.8781081438064575,
            -0.0021536555141210556
        ],
        [
            -0.11029665917158127,
            -0.8802834749221802,
            -0.06722864508628845
        ],
        [
            -0.037085846066474915,
            -0.8873007297515869,
            0.058721188455820084
        ],
        [
            -0.009835734963417053,
            -0.8924766778945923,
            -0.08771505206823349
        ],
        [
            -0.06386221200227737,
            0.6392120718955994,
            0.22327175736427307
        ],
        [
            0.01995648443698883,
            0.6451069712638855,
            0.22149667143821716
        ],
        [
            0.10466810315847397,
            0.5150673389434814,
            0.3645157217979431
        ],
        [
            -0.16307958960533142,
            0.6127964854240417,
            0.38537073135375977
        ],
        [
            -0.16320644319057465,
            0.5779341459274292,
            0.46649670600891113
        ],
        [
            0.041136451065540314,
            0.5257596969604492,
            0.49648141860961914
        ],
        [
            -0.004975088872015476,
            0.44800466299057007,
            0.45202744007110596
        ],
        [
            -0.08137147128582001,
            0.13136808574199677,
            0.2151722013950348
        ],
        [
            -0.05260804668068886,
            -0.2903982698917389,
            0.15440332889556885
        ],
        [
            0.07832946628332138,
            -0.22408318519592285,
            -0.09536803513765335
        ],
        [
            0.020969366654753685,
            0.19104419648647308,
            0.029168615117669106
        ],
        [
            0.08419303596019745,
            0.4755537807941437,
            0.2992161810398102
        ],
        [
            -0.19996771216392517,
            -0.5851526260375977,
            0.22161391377449036
        ],
        [
            -0.05741012096405029,
            -0.6129916906356812,
            0.37591204047203064
        ],
        [
            0.013883639127016068,
            -0.7196308374404907,
            0.14536747336387634
        ],
        [
            0.06957750022411346,
            -0.7206088304519653,
            -0.1440693885087967
        ],
        [
            0.06532455235719681,
            -0.6087425947189331,
            -0.38238024711608887
        ],
        [
            -0.14097364246845245,
            -0.5577250123023987,
            -0.3529338240623474
        ],
        [
            0.03295007348060608,
            -0.7611985802650452,
            -0.0031911744736135006
        ],
        [
            -0.051842331886291504,
            -0.9374479055404663,
            -0.02187519147992134
        ],
        [
            0.012686172500252724,
            -0.2574306130409241,
            0.02865196019411087
        ],
        [
            0.03811957314610481,
            -0.7136234641075134,
            -0.00013352558016777039
        ],
        [
            0.04771196097135544,
            -0.5119024515151978,
            0.009433865547180176
        ],
        [
            -0.057811010628938675,
            -0.8235554695129395,
            -0.030543826520442963
        ],
        [
            -0.049504201859235764,
            -0.957518994808197,
            -0.01633295603096485
        ]
    ],
    "pred_vertices": [
        [
            -0.12146053463220596,
            -0.9249171614646912,
            -0.08129708468914032
        ],
        [
            -0.1248336061835289,
            -0.9096969366073608,
            -0.07632559537887573
        ],
        [
            -0.11331409960985184,
            -0.9087440371513367,
            -0.08523955941200256
        ],
        [
            -0.10599171370267868,
            -0.9209256172180176,
            -0.08900725096464157
        ],
        [
            -0.11705706268548965,
            -0.8984899520874023,
            -0.08215178549289703
        ],
        [
            -0.1255425214767456,
            -0.8978337049484253,
            -0.07356217503547668
        ],
        [
            -0.10038132220506668,
            -0.9051797389984131,
            -0.08947201073169708
        ],
        [
            -0.09110548347234726,
            -0.914831280708313,
            -0.09215254336595535
        ],
        [
            -0.07950824499130249,
            -0.8736884593963623,
            -0.0910087525844574
        ],
        [
            -0.06849229335784912,
            -0.871554970741272,
            -0.09261495620012283
        ],
        [
            -0.07273983955383301,
            -0.8827501535415649,
            -0.0933794230222702
        ],
        [
            -0.08254796266555786,
            -0.8819085955619812,
            -0.09045387804508209
        ],
        [
            -0.0700603649020195,
            -0.8492653965950012,
            -0.08875876665115356
        ],
        [
            -0.07678262889385223,
            -0.838180422782898,
            -0.08422330021858215
        ],
        [
            -0.06484144181013107,
            -0.8316162824630737,
            -0.08448583632707596
        ],
        [
            -0.05724218487739563,
            -0.8423193693161011,
            -0.08761332184076309
        ],
        [
            -0.1092335432767868,
            -0.8456645011901855,
            -0.05767650529742241
        ],
        [
            -0.10546699911355972,
            -0.8395662903785706,
            -0.06265570223331451
        ],
        [
            -0.10566624999046326,
            -0.84637451171875,
            -0.06654156744480133
        ],
        [
            -0.1089400127530098,
            -0.8517088890075684,
            -0.060660842806100845
        ],
        [
            -0.11903528869152069,
            -0.8535144329071045,
            -0.05038122087717056
        ],
        [
            -0.1169470027089119,
            -0.8595713376998901,
            -0.050723135471343994
        ],
        [
            -0.12372361123561859,
            -0.8620480298995972,
            -0.04729349911212921
        ],
        [
            -0.12647020816802979,
            -0.8551275730133057,
            -0.04801643639802933
        ],
        [
            -0.10880240052938461,
            -0.8405172824859619,
            -0.05211599916219711
        ],
        [
            -0.10454197227954865,
            -0.8343409895896912,
            -0.05744454264640808
        ],
        [
            -0.11289872974157333,
            -0.850734293460846,
            -0.05344214290380478
        ],
        [
            -0.11416486650705338,
            -0.8458516597747803,
            -0.052323535084724426
        ],
        [
            -0.1232888475060463,
            -0.83761066198349,
            -0.051550865173339844
        ],
        [
            -0.12268185615539551,
            -0.8425449132919312,
            -0.05288046598434448
        ],
        [
            -0.13013336062431335,
            -0.8419280052185059,
            -0.05118183046579361
        ],
        [
            -0.1285310685634613,
            -0.8366402387619019,
            -0.04966393858194351
        ],
        [
            -0.11349009722471237,
            -0.8389977216720581,
            -0.05231192335486412
        ],
        [
            -0.11679625511169434,
            -0.8412661552429199,
            -0.053576789796352386
        ],
        [
            -0.11866722255945206,
            -0.8371122479438782,
            -0.05156392976641655
        ],
        [
            -0.11534222215414047,
            -0.8357458114624023,
            -0.0492536723613739
        ],
        [
            -0.12071917206048965,
            -0.8486757278442383,
            -0.050505124032497406
        ],
        [
            -0.12850025296211243,
            -0.8489547371864319,
            -0.049295634031295776
        ],
        [
            -0.1364760398864746,
            -0.8486548662185669,
            -0.047115981578826904
        ],
        [
            -0.13766713440418243,
            -0.839658260345459,
            -0.04866944998502731
        ],
        [
            -0.09335213899612427,
            -0.8281580209732056,
            -0.07153964042663574
        ],
        [
            -0.1001896783709526,
            -0.8337241411209106,
            -0.0679294615983963
        ],
        [
            -0.10008537769317627,
            -0.8290235996246338,
            -0.06265054643154144
        ],
        [
            -0.09498714655637741,
            -0.8244033455848694,
            -0.06648748368024826
        ],
        [
            -0.11101226508617401,
            -0.8334237337112427,
            -0.049556881189346313
        ],
        [
            -0.10636226087808609,
            -0.81803297996521,
            -0.05285210162401199
        ],
        [
            -0.10748273134231567,
            -0.8216845989227295,
            -0.053310081362724304
        ],
        [
            -0.11283866316080093,
            -0.8214073181152344,
            -0.048407137393951416
        ],
        [
            -0.1115095466375351,
            -0.8180288076400757,
            -0.04853010177612305
        ],
        [
            -0.08014123886823654,
            -0.8164088129997253,
            -0.0741795152425766
        ],
        [
            -0.08536776155233383,
            -0.8142590522766113,
            -0.06947702169418335
        ],
        [
            -0.08104447275400162,
            -0.8081080913543701,
            -0.06917387247085571
        ],
        [
            -0.07434947043657303,
            -0.8094199299812317,
            -0.07286323606967926
        ],
        [
            -0.07925146073102951,
            -0.8028233051300049,
            -0.06636694818735123
        ],
        [
            -0.0697503313422203,
            -0.8026865720748901,
            -0.07054418325424194
        ],
        [
            -0.0688977912068367,
            -0.7889611124992371,
            -0.06122789904475212
        ],
        [
            -0.06873419880867004,
            -0.7950422763824463,
            -0.06597486138343811
        ],
        [
            -0.07923322170972824,
            -0.7972517013549805,
            -0.06245526671409607
        ],
        [
            -0.08234551548957825,
            -0.7914348244667053,
            -0.057829320430755615
        ],
        [
            -0.09404963254928589,
            -0.7932784557342529,
            -0.04840214550495148
        ],
        [
            -0.09768319875001907,
            -0.7912664413452148,
            -0.043245941400527954
        ],
        [
            -0.09165523946285248,
            -0.780280351638794,
            -0.04698343575000763
        ],
        [
            -0.08755767345428467,
            -0.7849737405776978,
            -0.052308302372694016
        ],
        [
            -0.10089430212974548,
            -0.8135762810707092,
            -0.050826285034418106
        ],
        [
            -0.0972917377948761,
            -0.8144418001174927,
            -0.05396377295255661
        ],
        [
            -0.09978857636451721,
            -0.8153087496757507,
            -0.0548679493367672
        ],
        [
            -0.10413754731416702,
            -0.8154267072677612,
            -0.0517764575779438
        ],
        [
            -0.09455534815788269,
            -0.8147611021995544,
            -0.05702769756317139
        ],
        [
            -0.09337593615055084,
            -0.8147909641265869,
            -0.058444950729608536
        ],
        [
            -0.0949716717004776,
            -0.8157282471656799,
            -0.058582428842782974
        ],
        [
            -0.09524565190076828,
            -0.8153287768363953,
            -0.05717629939317703
        ],
        [
            -0.09617611765861511,
            -0.8147668838500977,
            -0.055401671677827835
        ],
        [
            -0.09631131589412689,
            -0.8127537965774536,
            -0.054458703845739365
        ],
        [
            -0.09501168131828308,
            -0.8138357400894165,
            -0.05625569075345993
        ],
        [
            -0.09963385760784149,
            -0.8111350536346436,
            -0.051703400909900665
        ],
        [
            -0.10939759016036987,
            -0.8064969778060913,
            -0.04166495427489281
        ],
        [
            -0.1074526309967041,
            -0.8075398206710815,
            -0.044725436717271805
        ],
        [
            -0.10802870988845825,
            -0.8120375871658325,
            -0.04324686899781227
        ],
        [
            -0.10978724807500839,
            -0.8113908171653748,
            -0.040717415511608124
        ],
        [
            -0.09735319763422012,
            -0.8168997764587402,
            -0.057807646691799164
        ],
        [
            -0.09703461080789566,
            -0.8187006115913391,
            -0.05986778438091278
        ],
        [
            -0.10186445713043213,
            -0.8203516006469727,
            -0.05722200125455856
        ],
        [
            -0.10088515281677246,
            -0.8178064823150635,
            -0.05577392131090164
        ],
        [
            -0.09658002853393555,
            -0.8206537961959839,
            -0.06262239068746567
        ],
        [
            -0.09416848421096802,
            -0.8171101212501526,
            -0.060708578675985336
        ],
        [
            -0.09293720126152039,
            -0.817947506904602,
            -0.06385838985443115
        ],
        [
            -0.09301364421844482,
            -0.813010573387146,
            -0.05783285200595856
        ],
        [
            -0.0905352458357811,
            -0.8118345737457275,
            -0.06010723114013672
        ],
        [
            -0.09207280725240707,
            -0.814208984375,
            -0.060997046530246735
        ],
        [
            -0.09064654260873795,
            -0.808445930480957,
            -0.05819014459848404
        ],
        [
            -0.0941358134150505,
            -0.8107957243919373,
            -0.055645402520895004
        ],
        [
            -0.09718254208564758,
            -0.8081798553466797,
            -0.05291198194026947
        ],
        [
            -0.10121120512485504,
            -0.8055395483970642,
            -0.049287158995866776
        ],
        [
            -0.09651865810155869,
            -0.8016959428787231,
            -0.050781894475221634
        ],
        [
            -0.09295909106731415,
            -0.8048876523971558,
            -0.055010586977005005
        ],
        [
            -0.10147622972726822,
            -0.8242508172988892,
            -0.05943258851766586
        ],
        [
            -0.08909019827842712,
            -0.8141787052154541,
            -0.06460998952388763
        ],
        [
            -0.090047188103199,
            -0.8203879594802856,
            -0.06821093708276749
        ],
        [
            -0.08678479492664337,
            -0.8097271919250488,
            -0.06409936398267746
        ],
        [
            -0.08580426126718521,
            -0.8053895235061646,
            -0.06187358498573303
        ],
        [
            -0.087383933365345,
            -0.8011472225189209,
            -0.05797630921006203
        ],
        [
            -0.0905158668756485,
            -0.7968646287918091,
            -0.0534229576587677
        ],
        [
            -0.07838911563158035,
            -0.7750205993652344,
            -0.04625815525650978
        ],
        [
            -0.07455037534236908,
            -0.7811480760574341,
            -0.053498487919569016
        ],
        [
            -0.12128196656703949,
            -0.8913843631744385,
            -0.07031109929084778
        ],
        [
            -0.1166326105594635,
            -0.8913255929946899,
            -0.07820578664541245
        ],
        [
            -0.10960709303617477,
            -0.8851990699768066,
            -0.07683134824037552
        ],
        [
            -0.11004044860601425,
            -0.8874812126159668,
            -0.07845935225486755
        ],
        [
            -0.11454223841428757,
            -0.8878341913223267,
            -0.07459552586078644
        ],
        [
            -0.11302091926336288,
            -0.8855434656143188,
            -0.07341821491718292
        ],
        [
            -0.08983476459980011,
            -0.8822636604309082,
            -0.08600067347288132
        ],
        [
            -0.09576278924942017,
            -0.8827928304672241,
            -0.0823889672756195
        ],
        [
            -0.09336511790752411,
            -0.8795782923698425,
            -0.08214680850505829
        ],
        [
            -0.08724374324083328,
            -0.8761951923370361,
            -0.08713316917419434
        ],
        [
            -0.09966063499450684,
            -0.8703058958053589,
            -0.07629484683275223
        ],
        [
            -0.09603589028120041,
            -0.872467577457428,
            -0.0797133594751358
        ],
        [
            -0.10108402371406555,
            -0.8780977725982666,
            -0.076959028840065
        ],
        [
            -0.10380221903324127,
            -0.8765325546264648,
            -0.07445616275072098
        ],
        [
            -0.10648059099912643,
            -0.8754475116729736,
            -0.07136008143424988
        ],
        [
            -0.1087915226817131,
            -0.8750985264778137,
            -0.06745205074548721
        ],
        [
            -0.10658147931098938,
            -0.8699989318847656,
            -0.067496657371521
        ],
        [
            -0.10344705730676651,
            -0.8696419596672058,
            -0.07202620804309845
        ],
        [
            -0.11723116040229797,
            -0.8886255621910095,
            -0.06837844848632812
        ],
        [
            -0.11872785538434982,
            -0.8878639936447144,
            -0.0611138679087162
        ],
        [
            -0.1164974793791771,
            -0.8851945996284485,
            -0.062199536710977554
        ],
        [
            -0.11584005504846573,
            -0.8856920599937439,
            -0.06829054653644562
        ],
        [
            -0.11263955384492874,
            -0.8800462484359741,
            -0.05082503706216812
        ],
        [
            -0.11395259946584702,
            -0.8821709156036377,
            -0.05239618569612503
        ],
        [
            -0.1161755919456482,
            -0.8832340240478516,
            -0.049221768975257874
        ],
        [
            -0.11444607377052307,
            -0.8790830373764038,
            -0.047922030091285706
        ],
        [
            -0.11330210417509079,
            -0.8760742545127869,
            -0.05019668489694595
        ],
        [
            -0.11239676922559738,
            -0.8783214688301086,
            -0.05219094455242157
        ],
        [
            -0.12743130326271057,
            -0.9462252855300903,
            -0.0722283273935318
        ],
        [
            -0.13201013207435608,
            -0.9275611639022827,
            -0.06968919187784195
        ],
        [
            -0.11032328009605408,
            -0.9430967569351196,
            -0.0839071273803711
        ],
        [
            -0.09438721090555191,
            -0.9358350038528442,
            -0.09025204181671143
        ],
        [
            -0.08003894984722137,
            -0.9253029227256775,
            -0.09409669041633606
        ],
        [
            -0.07293692976236343,
            -0.8225948810577393,
            -0.07958278805017471
        ],
        [
            -0.0644185021519661,
            -0.8155490159988403,
            -0.07909011840820312
        ],
        [
            -0.05336228013038635,
            -0.8257843852043152,
            -0.08403206616640091
        ],
        [
            -0.046417154371738434,
            -0.8169608116149902,
            -0.08058276027441025
        ],
        [
            -0.05859324336051941,
            -0.8067049980163574,
            -0.07585521042346954
        ],
        [
            -0.05517720431089401,
            -0.7891900539398193,
            -0.06162232533097267
        ],
        [
            -0.05529187619686127,
            -0.7972955703735352,
            -0.07004977762699127
        ],
        [
            -0.039859332144260406,
            -0.8085832595825195,
            -0.07419762760400772
        ],
        [
            -0.026624619960784912,
            -0.8241379857063293,
            -0.07854244112968445
        ],
        [
            -0.03565871715545654,
            -0.8294174671173096,
            -0.08377771824598312
        ],
        [
            -0.01756034791469574,
            -0.8426086902618408,
            -0.07982650399208069
        ],
        [
            -0.015047840774059296,
            -0.8188152313232422,
            -0.0710468739271164
        ],
        [
            -0.009524725377559662,
            -0.8434287905693054,
            -0.07429389655590057
        ],
        [
            -0.016761694103479385,
            -0.7838053107261658,
            -0.05752155929803848
        ],
        [
            -0.011522725224494934,
            -0.7739630937576294,
            -0.057880569249391556
        ],
        [
            0.003932487219572067,
            -0.7833232283592224,
            -0.06383046507835388
        ],
        [
            -0.0016810297966003418,
            -0.7933930158615112,
            -0.06465137004852295
        ],
        [
            -0.045065537095069885,
            -0.8355494737625122,
            -0.08672071993350983
        ],
        [
            -0.06785346567630768,
            -0.8950998783111572,
            -0.09383052587509155
        ],
        [
            -0.0795932486653328,
            -0.8916641473770142,
            -0.09274769574403763
        ],
        [
            -0.06096061319112778,
            -0.8836580514907837,
            -0.09446491301059723
        ],
        [
            -0.06448257714509964,
            -0.9584046602249146,
            -0.09257695078849792
        ],
        [
            -0.0815034806728363,
            -0.9487670660018921,
            -0.09090090543031693
        ],
        [
            -0.06909719109535217,
            -0.9358940124511719,
            -0.09603894501924515
        ],
        [
            -0.05520586669445038,
            -0.9462779760360718,
            -0.09634093195199966
        ],
        [
            -0.08931268751621246,
            -0.9891809821128845,
            -0.06999307125806808
        ],
        [
            -0.1100822240114212,
            -0.9697742462158203,
            -0.07304520905017853
        ],
        [
            -0.0968819260597229,
            -0.9611142873764038,
            -0.08215257525444031
        ],
        [
            -0.07894355058670044,
            -0.9762881994247437,
            -0.08175018429756165
        ],
        [
            -0.04268869757652283,
            -0.9513412117958069,
            -0.09496790915727615
        ],
        [
            -0.025016695261001587,
            -0.9574182033538818,
            -0.09182485938072205
        ],
        [
            -0.024333402514457703,
            -0.9747039079666138,
            -0.08723767101764679
        ],
        [
            -0.04597806930541992,
            -0.9686843156814575,
            -0.0900847539305687
        ],
        [
            -0.025901958346366882,
            -0.9960576295852661,
            -0.07488924264907837
        ],
        [
            -0.05264417827129364,
            -0.9900321960449219,
            -0.07900124788284302
        ],
        [
            0.0031508654356002808,
            -0.8315615653991699,
            -0.06882835179567337
        ],
        [
            0.0014388114213943481,
            -0.851253867149353,
            -0.07046671211719513
        ],
        [
            -0.009706199169158936,
            -0.8046282529830933,
            -0.06595499813556671
        ],
        [
            0.006386160850524902,
            -0.8156920671463013,
            -0.06720832735300064
        ],
        [
            -0.02973504364490509,
            -1.0124597549438477,
            -0.05698448047041893
        ],
        [
            -0.061113834381103516,
            -1.0055949687957764,
            -0.06268446892499924
        ],
        [
            0.024824216961860657,
            -0.9490687847137451,
            -0.06938384473323822
        ],
        [
            0.012700319290161133,
            -0.9642460346221924,
            -0.0743432492017746
        ],
        [
