{
    "pred_cam": [
        1.537214994430542,
        0.07356670498847961,
        0.3423263132572174
    ],
    "pred_smpl_params": {
        "global_orient": [
            [
                [
                    0.3716945946216583,
                    0.10406727343797684,
                    -0.9225037097930908
                ],
                [
                    0.1698131561279297,
                    -0.9845530986785889,
                    -0.04264603555202484
                ],
                [
                    -0.9126919507980347,
                    -0.14080195128917694,
                    -0.3836250603199005
                ]
            ]
        ],
        "body_pose": [
            [
                [
                    0.9833518266677856,
                    0.07577865570783615,
                    0.16515663266181946
                ],
                [
                    -0.07120013236999512,
                    0.9969001412391663,
                    -0.033477041870355606
                ],
                [
                    -0.16718149185180664,
                    0.021160535514354706,
                    0.9856989979743958
                ]
            ],
            [
                [
                    0.9962218999862671,
                    0.08125712722539902,
                    0.030648907646536827
                ],
                [
                    -0.07970619946718216,
                    0.9956220984458923,
                    -0.04882268235087395
                ],
                [
                    -0.034481920301914215,
                    0.04619530960917473,
                    0.9983372092247009
                ]
            ],
            [
                [
                    0.9965688586235046,
                    -0.05449226126074791,
                    -0.06229892000555992
                ],
                [
                    0.04936303570866585,
                    0.9954828023910522,
                    -0.08110008388757706
                ],
                [
                    0.06643683463335037,
                    0.07774654775857925,
                    0.9947570562362671
                ]
            ],
            [
                [
                    0.977512001991272,
                    0.21074260771274567,
                    -0.007607125211507082
                ],
                [
                    -0.20241779088974,
                    0.9275597929954529,
                    -0.31410160660743713
                ],
                [
                    -0.05913854017853737,
                    0.30857789516448975,
                    0.9493588805198669
                ]
            ],
            [
                [
                    0.9702677726745605,
                    0.1103028953075409,
                    0.2154383659362793
                ],
                [
                    -0.056380100548267365,
                    0.9686331152915955,
                    -0.24201467633247375
                ],
                [
                    -0.23537567257881165,
                    0.22267261147499084,
                    0.9460523724555969
                ]
            ],
            [
                [
                    0.9940100908279419,
                    -0.08710624277591705,
                    -0.06600386649370193
                ],
                [
                    0.09036626666784286,
                    0.994745135307312,
                    0.04812539741396904
                ],
                [
                    0.061465002596378326,
                    -0.053801652044057846,
                    0.9966581463813782
                ]
            ],
            [
                [
                    0.9516344666481018,
                    0.048821114003658295,
                    0.30332887172698975
                ],
                [
                    -0.06785641610622406,
                    0.9963113069534302,
                    0.05252863094210625
                ],
                [
                    -0.29964548349380493,
                    -0.07057085633277893,
                    0.9514369964599609
                ]
            ],
            [
                [
                    0.956802248954773,
                    -0.10670032352209091,
                    -0.2704523205757141
                ],
                [
                    0.10425811260938644,
                    0.994274377822876,
                    -0.023423761129379272
                ],
                [
                    0.27140313386917114,
                    -0.005784936714917421,
                    0.9624483585357666
                ]
            ],
            [
                [
                    0.9981375336647034,
                    -0.03451589122414589,
                    -0.05029913783073425
                ],
                [
                    0.03281024098396301,
                    0.9988711476325989,
                    -0.03435027226805687
                ],
                [
                    0.05142798647284508,
                    0.032635971903800964,
                    0.9981432557106018
                ]
            ],
            [
                [
                    0.9924865365028381,
                    -0.11836180835962296,
                    -0.030998682603240013
                ],
                [
                    0.11938212066888809,
                    0.9922851920127869,
                    0.033436909317970276
                ],
                [
                    0.026801882311701775,
                    -0.03688637167215347,
                    0.9989599585533142
                ]
            ],
            [
                [
                    0.9857705235481262,
                    0.14719900488853455,
                    0.08117251098155975
                ],
                [
                    -0.1551649570465088,
                    0.9825479388237,
                    0.10258347541093826
                ],
                [
                    -0.06465569883584976,
                    -0.11371888965368271,
                    0.9914069175720215
                ]
            ],
            [
                [
                    0.9994475841522217,
                    -0.017202669754624367,
                    0.0284345131367445
                ],
                [
                    0.019362781196832657,
                    0.9968022704124451,
                    -0.07752645760774612
                ],
                [
                    -0.02700992487370968,
                    0.07803420722484589,
                    0.9965847134590149
                ]
            ],
            [
                [
                    0.9904183149337769,
                    -0.09160584211349487,
                    -0.1033439189195633
                ],
                [
                    0.0952177569270134,
                    0.9949870705604553,
                    0.030565714463591576
                ],
                [
                    0.10002586990594864,
                    -0.040113016963005066,
                    0.994175910949707
                ]
            ],
            [
                [
                    0.9985606670379639,
                    0.053608909249305725,
                    0.0015982456970959902
                ],
                [
                    -0.05358816683292389,
                    0.9960741996765137,
                    0.07045968621969223
                ],
                [
                    0.0021852944046258926,
                    -0.07044392824172974,
                    0.9975132942199707
                ]
            ],
            [
                [
                    0.9974504113197327,
                    -0.02932695671916008,
                    -0.06505794823169708
                ],
                [
                    0.009530464187264442,
                    0.9582314491271973,
                    -0.285834938287735
                ],
                [
                    0.07072324305772781,
                    0.28448617458343506,
                    0.9560678601264954
                ]
            ],
            [
                [
                    0.8621277213096619,
                    0.4136987328529358,
                    -0.2925562560558319
                ],
                [
                    -0.3857911229133606,
                    0.9102603793144226,
                    0.1503039002418518
                ],
                [
                    0.32848289608955383,
                    -0.01671554706990719,
                    0.9443619847297668
                ]
            ],
            [
                [
                    0.9014335870742798,
                    -0.3803144693374634,
                    0.2068292200565338
                ],
                [
                    0.39474210143089294,
                    0.9182350039482117,
                    -0.03198662027716637
                ],
                [
                    -0.17775285243988037,
                    0.11047802865505219,
                    0.9778540134429932
                ]
            ],
            [
                [
                    0.047176606953144073,
                    -0.18983785808086395,
                    -0.9806814789772034
                ],
                [
                    0.20921538770198822,
                    0.9618763327598572,
                    -0.1761331409215927
                ],
                [
                    0.97673100233078,
                    -0.19686424732208252,
                    0.08509506285190582
                ]
            ],
            [
                [
                    -0.38583436608314514,
                    0.29590070247650146,
                    0.8738275170326233
                ],
                [
                    -0.19121207296848297,
                    0.9009528756141663,
                    -0.3895148038864136
                ],
                [
                    -0.9025351405143738,
                    -0.317374587059021,
                    -0.29103878140449524
                ]
            ],
            [
                [
                    0.9767654538154602,
                    -0.13278499245643616,
                    -0.16821834444999695
                ],
                [
                    0.13874347507953644,
                    0.9900344610214233,
                    0.02412395551800728
                ],
                [
                    0.16333866119384766,
                    -0.04690264165401459,
                    0.9854544997215271
                ]
            ],
            [
                [
                    0.9753947854042053,
                    0.12603694200515747,
                    0.18088598549365997
                ],
                [
                    -0.1528630256652832,
                    0.9778552651405334,
                    0.14294028282165527
                ],
                [
                    -0.1588645726442337,
                    -0.16707397997379303,
                    0.9730613231658936
                ]
            ],
            [
                [
                    0.9949036836624146,
                    0.0968470573425293,
                    -0.028060177341103554
                ],
                [
                    -0.09598417580127716,
                    0.9949117302894592,
                    0.030622100457549095
                ],
                [
                    0.0308830589056015,
                    -0.027772706001996994,
                    0.9991371035575867
                ]
            ],
            [
                [
                    0.9926703572273254,
                    -0.12065163999795914,
                    0.006993428338319063
                ],
                [
                    0.1202116534113884,
                    0.9916974306106567,
                    0.04566687345504761
                ],
                [
                    -0.012445146217942238,
                    -0.04449145495891571,
                    0.9989323616027832
                ]
            ]
        ],
        "betas": [
            -0.10777610540390015,
            -0.17561927437782288,
            0.28622445464134216,
            0.3399670124053955,
            0.16093569993972778,
            0.17332467436790466,
            -0.00015884637832641602,
            -0.13440623879432678,
            -0.00878693163394928,
            -0.028368771076202393
        ]
    },
    "pred_cam_t": [
        0.07356670498847961,
        0.3423263132572174,
        25.41121482849121
    ],
    "focal_length": [
        5000.0,
        5000.0
    ],
    "pred_keypoints_3d": [
        [
            -0.11315213888883591,
            -0.8204329013824463,
            -0.024101497605443
        ],
        [
            0.05503886938095093,
            -0.739482581615448,
            0.007543289102613926
        ],
        [
            0.025717126205563545,
            -0.6796005964279175,
            0.1790907084941864
        ],
        [
            -0.049967505037784576,
            -0.5830864906311035,
            0.39828333258628845
        ],
        [
            -0.2268415093421936,
            -0.673546552658081,
            0.24407900869846344
        ],
        [
            0.081680066883564,
            -0.6861748695373535,
            -0.16165407001972198
        ],
        [
            0.0455770343542099,
            -0.5972318053245544,
            -0.40038251876831055
        ],
        [
            -0.18299219012260437,
            -0.6850951910018921,
            -0.3800085186958313
        ],
        [
            -0.0018799309618771076,
            -0.2278326153755188,
            0.028807351365685463
        ],
        [
            -0.03283872827887535,
            -0.14969974756240845,
            0.1053670272231102
        ],
        [
            -0.07342243194580078,
            0.20537367463111877,
            0.2289770543575287
        ],
        [
            -0.0018730461597442627,
            0.552390456199646,
            0.40040773153305054
        ],
        [
            0.020721960812807083,
            -0.1252351552248001,
            -0.01952466554939747
        ],
        [
            0.0002863295376300812,
            0.2399338334798813,
            0.03600131720304489
        ],
        [
            0.049979668110609055,
            0.5487130880355835,
            0.2741986811161041
        ],
        [
            -0.09520141780376434,
            -0.8656116724014282,
            0.014331091195344925
        ],
        [
            -0.08627432584762573,
            -0.8680686950683594,
            -0.051321323961019516
        ],
        [
            -0.006071180105209351,
            -0.8708539009094238,
            0.07005348801612854
        ],
        [
            0.013213545083999634,
            -0.8766376972198486,
            -0.07694916427135468
        ],
        [
            -0.08146291971206665,
            0.6715857982635498,
            0.18512386083602905
        ],
        [
            0.0017288029193878174,
            0.6781513690948486,
            0.17796948552131653
        ],
        [
            0.09707289934158325,
            0.5589413642883301,
            0.3255033493041992
        ],
        [
            -0.16499477624893188,
            0.6475746631622314,
            0.3455870449542999
        ],
        [
            -0.15648511052131653,
            0.6202539205551147,
            0.42879921197891235
        ],
        [
            0.054044418036937714,
            0.5799049139022827,
            0.4422317445278168
        ],
        [
            0.008788282051682472,
            0.49530845880508423,
            0.40911993384361267
        ],
        [
            -0.07031990587711334,
            0.1460820436477661,
            0.20913325250148773
        ],
        [
            -0.04715627059340477,
            -0.28277677297592163,
            0.1604820340871811
        ],
        [
            0.07476383447647095,
            -0.21645274758338928,
            -0.09955751150846481
        ],
        [
            0.009344014339148998,
            0.2035159170627594,
            0.014874197542667389
        ],
        [
            0.07396641373634338,
            0.5140820741653442,
            0.26432865858078003
        ],
        [
            -0.18587835133075714,
            -0.672260582447052,
            0.23309218883514404
        ],
        [
            -0.052821263670921326,
            -0.6283347010612488,
            0.39044189453125
        ],
        [
            0.0323450043797493,
            -0.7035708427429199,
            0.15051813423633575
        ],
        [
            0.08484219014644623,
            -0.7099405527114868,
            -0.13607865571975708
        ],
        [
            0.04410628229379654,
            -0.6475393772125244,
            -0.3894089162349701
        ],
        [
            -0.16252946853637695,
            -0.6956171989440918,
            -0.367434024810791
        ],
        [
            0.05505412071943283,
            -0.7447174787521362,
            0.0048985774628818035
        ],
        [
            -0.02262290008366108,
            -0.9221482872962952,
            -0.008646725676953793
        ],
        [
            0.013886542990803719,
            -0.24978309869766235,
            0.029766283929347992
        ],
        [
            0.05470666661858559,
            -0.6997954249382019,
            0.006059685721993446
        ],
        [
            0.052592452615499496,
            -0.49656611680984497,
            0.012028245255351067
        ],
        [
            -0.03457091376185417,
            -0.8090240955352783,
            -0.018202241510152817
        ],
        [
            -0.019284162670373917,
            -0.942036509513855,
            -0.0029986975714564323
        ]
    ],
    "pred_vertices": [
        [
            -0.09576361626386642,
            -0.9136912822723389,
            -0.06412897258996964
        ],
        [
            -0.09965165704488754,
            -0.8985334038734436,
            -0.05907876789569855
        ],
        [
            -0.08863043785095215,
            -0.8972023725509644,
            -0.0684891790151596
        ],
        [
            -0.08097746968269348,
            -0.9090797901153564,
            -0.07258737832307816
        ],
        [
            -0.09277622401714325,
            -0.8869719505310059,
            -0.06553720682859421
        ],
        [
            -0.10086817294359207,
            -0.8866010904312134,
            -0.05652109533548355
        ],
        [
            -0.07615692168474197,
            -0.8931909799575806,
            -0.07342708855867386
        ],
        [
            -0.06661693751811981,
            -0.9024057388305664,
            -0.07668470591306686
        ],
        [
            -0.05694124102592468,
            -0.8606322407722473,
            -0.07670794427394867
        ],
        [
            -0.04611297696828842,
            -0.8581362962722778,
            -0.0788693055510521
        ],
        [
            -0.049868181347846985,
            -0.8696019649505615,
            -0.07918321341276169
        ],
        [
            -0.059615105390548706,
            -0.8690528869628906,
            -0.075812928378582
        ],
        [
            -0.04832468181848526,
            -0.8357934951782227,
            -0.0751831904053688
        ],
        [
            -0.055364832282066345,
            -0.8249408006668091,
            -0.07041368633508682
        ],
        [
            -0.04364906996488571,
            -0.8179104328155518,
            -0.07122495025396347
        ],
        [
            -0.03568422794342041,
            -0.8283412456512451,
            -0.07459915429353714
        ],
        [
            -0.08608072251081467,
            -0.8332539796829224,
            -0.04222553223371506
        ],
        [
            -0.08283895254135132,
            -0.8271176815032959,
            -0.04740075021982193
        ],
        [
            -0.08297433704137802,
            -0.8339730501174927,
            -0.05124827101826668
        ],
        [
            -0.08570780605077744,
            -0.8393484354019165,
            -0.045176852494478226
        ],
        [
            -0.09501805156469345,
            -0.8414350748062134,
            -0.03428323194384575
        ],
        [
            -0.09275848418474197,
            -0.8474377393722534,
            -0.03469494730234146
        ],
        [
            -0.09914691001176834,
            -0.8501354455947876,
            -0.03081507235765457
        ],
        [
            -0.1021176427602768,
            -0.8433138132095337,
            -0.03141063451766968
        ],
        [
            -0.08555778115987778,
            -0.8280085325241089,
            -0.036736369132995605
        ],
        [
            -0.08183257281780243,
            -0.8217884302139282,
            -0.04227612912654877
        ],
        [
            -0.08923058211803436,
            -0.8383980989456177,
            -0.037756577134132385
        ],
        [
            -0.09059564769268036,
            -0.8336043357849121,
            -0.03656374663114548
        ],
        [
            -0.09981603175401688,
            -0.8257056474685669,
            -0.035215113312006
        ],
        [
            -0.09910992532968521,
            -0.830660343170166,
            -0.03659113496541977
        ],
        [
            -0.10639996826648712,
            -0.8303461074829102,
            -0.034431636333465576
        ],
        [
            -0.10493036359548569,
            -0.824968695640564,
            -0.03305201604962349
        ],
        [
            -0.09018821269273758,
            -0.8267680406570435,
            -0.03655657917261124
        ],
        [
            -0.09339220821857452,
            -0.8291717171669006,
            -0.037599828094244
        ],
        [
            -0.0952964797616005,
            -0.8250555396080017,
            -0.035471104085445404
        ],
        [
            -0.09196159243583679,
            -0.8235400915145874,
            -0.03338368982076645
        ],
        [
            -0.0968303307890892,
            -0.8367029428482056,
            -0.034295517951250076
        ],
        [
            -0.10441148281097412,
            -0.8372596502304077,
            -0.03257562220096588
        ],
        [
            -0.11214666068553925,
            -0.8372530937194824,
            -0.029922138899564743
        ],
        [
            -0.11376416683197021,
            -0.8284003734588623,
            -0.03144238516688347
        ],
        [
            -0.07169944792985916,
            -0.8154244422912598,
            -0.05694207549095154
        ],
        [
            -0.0780889242887497,
            -0.8211963176727295,
            -0.05292849242687225
        ],
        [
            -0.07794278115034103,
            -0.8163940906524658,
            -0.04774714261293411
        ],
        [
            -0.07324004173278809,
            -0.8116436004638672,
            -0.051862094551324844
        ],
        [
            -0.08783194422721863,
            -0.821082353591919,
            -0.033996909856796265
        ],
        [
            -0.08399350196123123,
            -0.805715799331665,
            -0.037664782255887985
        ],
        [
            -0.08495777100324631,
            -0.809373140335083,
            -0.03801193833351135
        ],
        [
            -0.09003477543592453,
            -0.8092613220214844,
            -0.03282135725021362
        ],
        [
            -0.0888943150639534,
            -0.8058682680130005,
            -0.033081769943237305
        ],
        [
            -0.059074342250823975,
            -0.8032786846160889,
            -0.060271985828876495
        ],
        [
            -0.06414757668972015,
            -0.8012509346008301,
            -0.05532994866371155
        ],
        [
            -0.0600404292345047,
            -0.7950130701065063,
            -0.05526461452245712
        ],
        [
            -0.0535106435418129,
            -0.7960729002952576,
            -0.05931077152490616
        ],
        [
            -0.05832020193338394,
            -0.7896466255187988,
            -0.052638519555330276
        ],
        [
            -0.04903784394264221,
            -0.789179801940918,
            -0.05728350207209587
        ],
        [
            -0.04817720502614975,
            -0.7754204273223877,
            -0.04823710396885872
        ],
        [
            -0.04808206111192703,
            -0.7815074920654297,
            -0.052894458174705505
        ],
        [
            -0.058289289474487305,
            -0.7840757369995117,
            -0.04882065951824188
        ],
        [
            -0.06132000684738159,
            -0.7783966660499573,
            -0.04408293962478638
        ],
        [
            -0.07250107824802399,
            -0.7806152105331421,
            -0.03406766802072525
        ],
        [
            -0.07583939284086227,
            -0.7786725759506226,
            -0.028787050396203995
        ],
        [
            -0.07042433321475983,
            -0.7676078677177429,
            -0.03286737948656082
        ],
        [
            -0.06642833352088928,
            -0.7721288204193115,
            -0.03836001083254814
        ],
        [
            -0.07865671068429947,
            -0.8009604215621948,
            -0.03604684770107269
        ],
        [
            -0.07522165775299072,
            -0.8017220497131348,
            -0.0393507294356823
        ],
        [
            -0.077717624604702,
            -0.8026769161224365,
            -0.040128614753484726
        ],
        [
            -0.08186875283718109,
            -0.802954375743866,
            -0.036793164908885956
        ],
        [
            -0.07269711792469025,
            -0.8019527792930603,
            -0.04254081845283508
        ],
        [
            -0.0716095119714737,
            -0.8019299507141113,
            -0.04401414841413498
        ],
        [
            -0.07314012944698334,
            -0.8029103875160217,
            -0.04407165199518204
        ],
        [
            -0.07336200028657913,
            -0.8025530576705933,
            -0.04262545332312584
        ],
        [
            -0.07420556992292404,
            -0.8020342588424683,
            -0.04079695791006088
        ],
        [
            -0.07435432821512222,
            -0.8000679016113281,
            -0.03984548896551132
        ],
        [
            -0.07313696295022964,
            -0.8010708689689636,
            -0.041733842343091965
        ],
        [
            -0.07755604386329651,
            -0.7985796928405762,
            -0.036927007138729095
        ],
        [
            -0.0869707465171814,
            -0.794158935546875,
            -0.026540368795394897
        ],
        [
            -0.08514179289340973,
            -0.79514080286026,
            -0.029686054214835167
        ],
        [
            -0.08543813228607178,
            -0.7995948791503906,
            -0.028140338137745857
        ],
        [
            -0.08708397299051285,
            -0.7990399599075317,
            -0.025516269728541374
        ],
        [
            -0.0753975361585617,
            -0.804256796836853,
            -0.04309917241334915
        ],
        [
            -0.07509241253137589,
            -0.8059553503990173,
            -0.04521040990948677
        ],
        [
            -0.07963600754737854,
            -0.8078049421310425,
            -0.04226761311292648
        ],
        [
            -0.07870849221944809,
            -0.8052219152450562,
            -0.04091062396764755
        ],
        [
            -0.07473853975534439,
            -0.8079225420951843,
            -0.04793380945920944
        ],
        [
            -0.07239743322134018,
            -0.804276704788208,
            -0.046201784163713455
        ],
        [
            -0.07132919877767563,
            -0.8051402568817139,
            -0.04937749728560448
        ],
        [
            -0.07129193842411041,
            -0.8001856803894043,
            -0.0434228740632534
        ],
        [
            -0.06900282204151154,
            -0.798928439617157,
            -0.04580515995621681
        ],
        [
            -0.07049345970153809,
            -0.8013100624084473,
            -0.046623632311820984
        ],
        [
            -0.06912445276975632,
            -0.7956042885780334,
            -0.04390178620815277
        ],
        [
            -0.07235325127840042,
            -0.7980497479438782,
            -0.04118679463863373
        ],
        [
            -0.07531854510307312,
            -0.7955747842788696,
            -0.038310158997774124
        ],
        [
            -0.079254150390625,
            -0.7930632829666138,
            -0.034542862325906754
        ],
        [
            -0.07481927424669266,
            -0.7890881299972534,
            -0.036297935992479324
        ],
        [
            -0.0713665708899498,
            -0.7921621799468994,
            -0.04064653441309929
        ],
        [
            -0.07925543189048767,
            -0.8117176294326782,
            -0.044455721974372864
        ],
        [
            -0.06767687201499939,
            -0.801232099533081,
            -0.05033461004495621
        ],
        [
            -0.06855412572622299,
            -0.8074721097946167,
            -0.053840745240449905
        ],
        [
            -0.06552398204803467,
            -0.7967538237571716,
            -0.04994228482246399
        ],
        [
            -0.06460549682378769,
            -0.792411208152771,
            -0.047810956835746765
        ],
        [
            -0.06605280190706253,
            -0.7882081866264343,
            -0.043946847319602966
        ],
        [
            -0.06913390755653381,
            -0.7840949296951294,
            -0.03924115002155304
        ],
        [
            -0.057487472891807556,
            -0.7617601156234741,
            -0.033039648085832596
        ],
        [
            -0.053724437952041626,
            -0.7677401304244995,
            -0.04040956497192383
        ],
        [
            -0.09684102237224579,
            -0.8797655701637268,
            -0.05365149304270744
        ],
        [
            -0.09261312335729599,
            -0.8796572685241699,
            -0.06179774925112724
        ],
        [
            -0.08583539724349976,
            -0.8731769323348999,
            -0.06084560975432396
        ],
        [
            -0.08621165156364441,
            -0.875461220741272,
            -0.062455788254737854
        ],
        [
            -0.09051918983459473,
            -0.8760319948196411,
            -0.05831776559352875
        ],
        [
            -0.08902852982282639,
            -0.8736637830734253,
            -0.0572330616414547
        ],
        [
            -0.06669154018163681,
            -0.8696485757827759,
            -0.07098761200904846
        ],
        [
            -0.07242665439844131,
            -0.8703353404998779,
            -0.06710414588451385
        ],
        [
            -0.07018136233091354,
            -0.8669908046722412,
            -0.06708886474370956
        ],
        [
            -0.06443378329277039,
            -0.8634178638458252,
            -0.07240542769432068
        ],
        [
            -0.07653899490833282,
            -0.857941746711731,
            -0.06104349344968796
        ],
        [
            -0.07301568984985352,
            -0.8599770069122314,
            -0.06462966650724411
        ],
        [
            -0.07767162472009659,
            -0.8658105731010437,
            -0.06150484085083008
        ],
        [
            -0.08031431585550308,
            -0.8643093109130859,
            -0.058891184628009796
        ],
        [
            -0.08287131786346436,
            -0.8632774353027344,
            -0.05567719042301178
        ],
        [
            -0.08497276157140732,
            -0.8629187345504761,
            -0.05169444903731346
        ],
        [
            -0.08299193531274796,
            -0.8577753305435181,
            -0.051877815276384354
        ],
        [
            -0.0801137238740921,
            -0.8573827743530273,
            -0.05655711144208908
        ],
        [
            -0.09283286333084106,
            -0.8768186569213867,
            -0.0519452728331089
        ],
        [
            -0.09398097544908524,
            -0.8759474754333496,
            -0.0446341373026371
        ],
        [
            -0.09193754196166992,
            -0.8732243776321411,
            -0.04582846909761429
        ],
        [
            -0.09159225970506668,
            -0.8738056421279907,
            -0.05196038633584976
        ],
        [
            -0.08765163272619247,
            -0.8676881194114685,
            -0.03478226065635681
        ],
        [
            -0.08898639678955078,
            -0.8698849678039551,
            -0.03623431175947189
        ],
        [
            -0.09097428619861603,
            -0.8709959983825684,
            -0.03294382616877556
        ],
        [
            -0.08934461325407028,
            -0.8667787909507751,
            -0.031832851469516754
        ],
        [
            -0.08843157440423965,
            -0.8637852668762207,
            -0.03417633846402168
        ],
        [
            -0.08752140402793884,
            -0.8660056591033936,
            -0.03616498410701752
        ],
        [
            -0.10020337253808975,
            -0.9351410865783691,
            -0.054518792778253555
        ],
        [
            -0.10587738454341888,
            -0.9167877435684204,
            -0.051932089030742645
        ],
        [
            -0.08412222564220428,
            -0.9314723014831543,
            -0.06707657128572464
        ],
        [
            -0.06900575757026672,
            -0.9234399199485779,
            -0.07456079125404358
        ],
        [
            -0.05527028441429138,
            -0.9122365117073059,
            -0.07922236621379852
        ],
        [
            -0.05187436193227768,
            -0.809219479560852,
            -0.06596962362527847
        ],
        [
            -0.04365887492895126,
            -0.8018407225608826,
            -0.06597434729337692
        ],
        [
            -0.03235092759132385,
            -0.8116090893745422,
            -0.07137374579906464
        ],
        [
            -0.025665439665317535,
            -0.8025959730148315,
            -0.06836375594139099
        ],
        [
            -0.03802919387817383,
            -0.7927964329719543,
            -0.06315754354000092
        ],
        [
            -0.03449186682701111,
            -0.7750510573387146,
            -0.04951471462845802
        ],
        [
            -0.034746959805488586,
            -0.7832139730453491,
            -0.05769723281264305
        ],
        [
            -0.01914329081773758,
            -0.7939563989639282,
            -0.06242659315466881
        ],
        [
            -0.005539938807487488,
            -0.8089816570281982,
            -0.06717879325151443
        ],
        [
            -0.01455078274011612,
            -0.8146294355392456,
            -0.07188522815704346
        ],
        [
            0.003928288817405701,
            -0.8271005153656006,
            -0.06882207840681076
        ],
        [
            0.006020680069923401,
            -0.8030616641044617,
            -0.06060485541820526
        ],
        [
            0.012177720665931702,
            -0.8275665044784546,
            -0.06382928043603897
        ],
        [
            0.0033751651644706726,
            -0.7685133218765259,
            -0.048112887889146805
        ],
        [
            0.008051620796322823,
            -0.7588518857955933,
            -0.04895002767443657
        ],
        [
            0.023582184687256813,
            -0.7672907114028931,
            -0.05472314730286598
        ],
        [
            0.01838531345129013,
            -0.7773021459579468,
            -0.0553513839840889
        ],
        [
            -0.023732051253318787,
            -0.8210716247558594,
            -0.07433469593524933
        ],
        [
            -0.0445665568113327,
            -0.8816754221916199,
            -0.07973165065050125
        ],
        [
            -0.05623336881399155,
            -0.8789088129997253,
            -0.07792127877473831
        ],
        [
            -0.038199879229068756,
            -0.8699870109558105,
            -0.08091537654399872
        ],
        [
            -0.03800468146800995,
            -0.9448978900909424,
            -0.07820391654968262
        ],
        [
            -0.05519780516624451,
            -0.9357896447181702,
            -0.07547610998153687
        ],
        [
            -0.043925702571868896,
            -0.9225300550460815,
            -0.08155826479196548
        ],
        [
            -0.029564008116722107,
            -0.9322431087493896,
            -0.08241219073534012
        ],
        [
            -0.06003282964229584,
            -0.9765059947967529,
            -0.054091718047857285
        ],
        [
            -0.0820641815662384,
            -0.9579613208770752,
            -0.05607812479138374
        ],
        [
            -0.06968551874160767,
            -0.9489666819572449,
            -0.06601419299840927
        ],
        [
            -0.051048606634140015,
            -0.9634340405464172,
            -0.06664490699768066
        ],
        [
            -0.016602948307991028,
            -0.9367570877075195,
            -0.08194249868392944
        ],
        [
            0.001503780484199524,
            -0.9419607520103455,
            -0.07967154681682587
        ],
        [
            0.003411337733268738,
            -0.9589049220085144,
            -0.07449568063020706
        ],
        [
            -0.018624544143676758,
            -0.9542768597602844,
            -0.07655539363622665
        ],
        [
            0.003493756055831909,
            -0.9800946712493896,
            -0.061800502240657806
        ],
        [
            -0.023731470108032227,
            -0.9755384922027588,
            -0.0648551881313324
        ],
        [
            0.024533502757549286,
            -0.8150273561477661,
            -0.0591336153447628
        ],
        [
            0.023545943200588226,
            -0.8347610831260681,
            -0.06068023294210434
        ],
        [
            0.010943695902824402,
            -0.7886737585067749,
            -0.056199632585048676
        ],
        [
            0.02719375491142273,
            -0.7990186214447021,
            -0.0576665960252285
        ],
        [
            0.0013063549995422363,
            -0.9958701133728027,
            -0.04364508390426636
        ],
        [
            -0.030499175190925598,
            -0.9911614656448364,
            -0.04796333611011505
        ],
        [
            0.05126015841960907,
            -0.9311394691467285,
            -0.05931207537651062
        ],
        [
            0.04003746807575226,
            -0.9467164278030396,
            -0.06367555260658264
        ],
        [
