{
    "pred_cam": [
        1.4983949661254883,
        0.08737434446811676,
        0.34563061594963074
    ],
    "pred_smpl_params": {
        "global_orient": [
            [
                [
                    0.4066469967365265,
                    0.11721010506153107,
                    -0.9060352444648743
                ],
                [
                    0.16655930876731873,
                    -0.984626293182373,
                    -0.05262190103530884
                ],
                [
                    -0.8982739448547363,
                    -0.1295100748538971,
                    -0.4199177622795105
                ]
            ]
        ],
        "body_pose": [
            [
                [
                    0.9841060638427734,
                    0.06939499080181122,
                    0.16346126794815063
                ],
                [
                    -0.06345704942941666,
                    0.9971305727958679,
                    -0.04127824306488037
                ],
                [
                    -0.1658567190170288,
                    0.030249398201704025,
                    0.9856858253479004
                ]
            ],
            [
                [
                    0.9965977072715759,
                    0.07456395775079727,
                    0.03511687368154526
                ],
                [
                    -0.07267726212739944,
                    0.9959861636161804,
                    -0.05224476754665375
                ],
                [
                    -0.03887149691581726,
                    0.04951481893658638,
                    0.9980166554450989
                ]
            ],
            [
                [
                    0.9967291951179504,
                    -0.048162754625082016,
                    -0.06489360332489014
                ],
                [
                    0.043060507625341415,
                    0.996034562587738,
                    -0.07785237580537796
                ],
                [
                    0.06838585436344147,
                    0.07480339705944061,
                    0.9948506355285645
                ]
            ],
            [
                [
                    0.97946697473526,
                    0.20031937956809998,
                    -0.022725574672222137
                ],
                [
                    -0.19721928238868713,
                    0.9286739230155945,
                    -0.3141166567802429
                ],
                [
                    -0.04181898012757301,
                    0.3121488392353058,
                    0.9491122961044312
                ]
            ],
            [
                [
                    0.9664736390113831,
                    0.11538437753915787,
                    0.22937998175621033
                ],
                [
                    -0.051999446004629135,
                    0.9627867341041565,
                    -0.2652125656604767
                ],
                [
                    -0.2514454126358032,
                    0.24439331889152527,
                    0.9365079402923584
                ]
            ],
            [
                [
                    0.9938710927963257,
                    -0.08432374149560928,
                    -0.07148194313049316
                ],
                [
                    0.08803016692399979,
                    0.9948425889015198,
                    0.05038732290267944
                ],
                [
                    0.06686443835496902,
                    -0.05637107789516449,
                    0.996168315410614
                ]
            ],
            [
                [
                    0.9515390396118164,
                    0.04070330038666725,
                    0.3048223555088043
                ],
                [
                    -0.059849586337804794,
                    0.9967603087425232,
                    0.053728990256786346
                ],
                [
                    -0.3016479015350342,
                    -0.06936872750520706,
                    0.950892448425293
                ]
            ],
            [
                [
                    0.9548941850662231,
                    -0.11607912182807922,
                    -0.27331799268722534
                ],
                [
                    0.1126728281378746,
                    0.9932323694229126,
                    -0.0281829871237278
                ],
                [
                    0.27473974227905273,
                    -0.0038837408646941185,
                    0.9615107774734497
                ]
            ],
            [
                [
                    0.9978694915771484,
                    -0.03311198577284813,
                    -0.056214384734630585
                ],
                [
                    0.03123253770172596,
                    0.9989340305328369,
                    -0.03398934379220009
                ],
                [
                    0.05727991834282875,
                    0.03216120973229408,
                    0.9978399872779846
                ]
            ],
            [
                [
                    0.99406898021698,
                    -0.10398706048727036,
                    -0.03183802217245102
                ],
                [
                    0.10497892647981644,
                    0.9939835071563721,
                    0.031247297301888466
                ],
                [
                    0.028397148475050926,
                    -0.03440428525209427,
                    0.999004602432251
                ]
            ],
            [
                [
                    0.983312726020813,
                    0.15395161509513855,
                    0.09692754596471786
                ],
                [
                    -0.16298620402812958,
                    0.9821946024894714,
                    0.09343021363019943
                ],
                [
                    -0.08081799000501633,
                    -0.10766897350549698,
                    0.990896463394165
                ]
            ],
            [
                [
                    0.9993206262588501,
                    -0.021120795980095863,
                    0.030204979702830315
                ],
                [
                    0.02355748601257801,
                    0.9962932467460632,
                    -0.08273407071828842
                ],
                [
                    -0.028345605358481407,
                    0.08338940888643265,
                    0.9961139559745789
                ]
            ],
            [
                [
                    0.9855908155441284,
                    -0.09827744215726852,
                    -0.1376672089099884
                ],
                [
                    0.10698797553777695,
                    0.9926047325134277,
                    0.05735363811254501
                ],
                [
                    0.13101255893707275,
                    -0.07125595957040787,
                    0.9888166189193726
                ]
            ],
            [
                [
                    0.9979333877563477,
                    0.06039036437869072,
                    0.02195051871240139
                ],
                [
                    -0.06215110421180725,
                    0.9938949346542358,
                    0.09116008877754211
                ],
                [
                    -0.016311317682266235,
                    -0.09233596175909042,
                    0.9955942630767822
                ]
            ],
            [
                [
                    0.9973922371864319,
                    -0.037796858698129654,
                    -0.06148247420787811
                ],
                [
                    0.01842408999800682,
                    0.9570156335830688,
                    -0.28945058584213257
                ],
                [
                    0.06978000700473785,
                    0.2875629961490631,
                    0.9552163481712341
                ]
            ],
            [
                [
                    0.8701748847961426,
                    0.3598444163799286,
                    -0.3366119861602783
                ],
                [
                    -0.30731651186943054,
                    0.9303317666053772,
                    0.20009839534759521
                ],
                [
                    0.38516509532928467,
                    -0.07067417353391647,
                    0.9201374650001526
                ]
            ],
            [
                [
                    0.9139207005500793,
                    -0.33629003167152405,
                    0.22728362679481506
                ],
                [
                    0.34625110030174255,
                    0.9381322860717773,
                    -0.004230602644383907
                ],
                [
                    -0.21179941296577454,
                    0.08256365358829498,
                    0.9738193154335022
                ]
            ],
            [
                [
                    0.17298074066638947,
                    -0.15979494154453278,
                    -0.9718760848045349
                ],
                [
                    0.2614487111568451,
                    0.958800733089447,
                    -0.11111080646514893
                ],
                [
                    0.9495906233787537,
                    -0.23487569391727448,
                    0.20763224363327026
                ]
            ],
            [
                [
                    -0.2904726564884186,
                    0.27467164397239685,
                    0.9166139960289001
                ],
                [
                    -0.23898133635520935,
                    0.9067361354827881,
                    -0.3474442660808563
                ],
                [
                    -0.92656010389328,
                    -0.31997665762901306,
                    -0.19774065911769867
                ]
            ],
            [
                [
                    0.9769312739372253,
                    -0.14213690161705017,
                    -0.15938128530979156
                ],
                [
                    0.14470387995243073,
                    0.9894645810127258,
                    0.004557203501462936
                ],
                [
                    0.1570543795824051,
                    -0.027515165507793427,
                    0.9872066378593445
                ]
            ],
            [
                [
                    0.9751872420310974,
                    0.13279949128627777,
                    0.17712755501270294
                ],
                [
                    -0.15882839262485504,
                    0.9770552515983582,
                    0.1419033259153366
                ],
                [
                    -0.15421871840953827,
                    -0.16651520133018494,
                    0.9739041328430176
                ]
            ],
            [
                [
                    0.9954908490180969,
                    0.09243293851613998,
                    -0.021312203258275986
                ],
                [
                    -0.09173409640789032,
                    0.9952782392501831,
                    0.0317201092839241
                ],
                [
                    0.024143552407622337,
                    -0.029622020199894905,
                    0.9992696046829224
                ]
            ],
            [
                [
                    0.9932870864868164,
                    -0.11541137099266052,
                    0.007811157964169979
                ],
                [
                    0.11500585079193115,
                    0.9925385117530823,
                    0.04050784558057785
                ],
                [
                    -0.012427941896021366,
                    -0.03933759033679962,
                    0.9991486668586731
                ]
            ]
        ],
        "betas": [
            -0.07906746864318848,
            -0.15210509300231934,
            0.27204689383506775,
            0.3482893407344818,
            0.1538870632648468,
            0.13146820664405823,
            3.585219383239746e-05,
            -0.10758796334266663,
            -0.02249366044998169,
            -0.04227858781814575
        ]
    },
    "pred_cam_t": [
        0.08737434446811676,
        0.34563061594963074,
        26.069561004638672
    ],
    "focal_length": [
        5000.0,
        5000.0
    ],
    "pred_keypoints_3d": [
        [
            -0.10375998169183731,
            -0.82252037525177,
            -0.02586030587553978
        ],
        [
            0.06286337971687317,
            -0.7396653890609741,
            0.01033293642103672
        ],
        [
            0.02702593430876732,
            -0.6808730959892273,
            0.1809689700603485
        ],
        [
            -0.07108645141124725,
            -0.6006897687911987,
            0.39843451976776123
        ],
        [
            -0.24637176096439362,
            -0.7046338319778442,
            0.25005045533180237
        ],
        [
            0.0915302187204361,
            -0.6864261031150818,
            -0.15829938650131226
        ],
        [
            0.03556235134601593,
            -0.6222204566001892,
            -0.40167200565338135
        ],
        [
            -0.18261480331420898,
            -0.7363744974136353,
            -0.3965148627758026
        ],
        [
            -0.0018960395827889442,
            -0.22802391648292542,
            0.0286690816283226
        ],
        [
            -0.03641751408576965,
            -0.14959385991096497,
            0.10326908528804779
        ],
        [
            -0.08293852210044861,
            0.20756855607032776,
            0.22124190628528595
        ],
        [
            -0.012550435960292816,
            0.5535942316055298,
            0.39726752042770386
        ],
        [
            0.021768204867839813,
            -0.1255868673324585,
            -0.019330468028783798
        ],
        [
            0.0002214089035987854,
            0.2410438358783722,
            0.03185129538178444
        ],
        [
            0.04574684798717499,
            0.5543344616889954,
            0.26652809977531433
        ],
        [
            -0.08654376119375229,
            -0.8671411871910095,
            0.013590360060334206
        ],
        [
            -0.0757424533367157,
            -0.870185136795044,
            -0.051790378987789154
        ],
        [
            0.0010567307472229004,
            -0.8711099624633789,
            0.0721270963549614
        ],
        [
            0.02465386688709259,
            -0.8782594799995422,
            -0.0744343027472496
        ],
        [
            -0.08338990807533264,
            0.6761700510978699,
            0.17210915684700012
        ],
        [
            7.599592208862305e-06,
            0.6826534271240234,
            0.16684073209762573
        ],
        [
            0.0923081785440445,
            0.5656161904335022,
            0.31854572892189026
        ],
        [
            -0.16981932520866394,
            0.6542720198631287,
            0.33439943194389343
        ],
        [
            -0.16654297709465027,
            0.6262437105178833,
            0.4178091287612915
        ],
        [
            0.042102739214897156,
            0.5797584056854248,
            0.4422406256198883
        ],
        [
            -0.0034370673820376396,
            0.4962061643600464,
            0.40644341707229614
        ],
        [
            -0.07916439324617386,
            0.14824779331684113,
            0.20214392244815826
        ],
        [
            -0.051978133618831635,
            -0.2823409140110016,
            0.15876924991607666
        ],
        [
            0.0794977992773056,
            -0.21695742011070251,
            -0.09624061733484268
        ],
        [
            0.009885717183351517,
            0.20429059863090515,
            0.011439447291195393
        ],
        [
            0.06996408104896545,
            0.5193647742271423,
            0.2578197419643402
        ],
        [
            -0.20626166462898254,
            -0.7012245655059814,
            0.237686425447464
        ],
        [
            -0.06958648562431335,
            -0.6448674201965332,
            0.38971132040023804
        ],
        [
            0.035191502422094345,
            -0.7048917412757874,
            0.15246513485908508
        ],
        [
            0.09511993825435638,
            -0.7104651927947998,
            -0.1326313018798828
        ],
        [
            0.04005478695034981,
            -0.670377254486084,
            -0.3875869810581207
        ],
        [
            -0.16272839903831482,
            -0.7448188662528992,
            -0.38265377283096313
        ],
        [
            0.06410294771194458,
            -0.7443608045578003,
            0.007749178912490606
        ],
        [
            -0.013049833476543427,
            -0.9234006404876709,
            -0.006703339517116547
        ],
        [
            0.013873851858079433,
            -0.24978354573249817,
            0.030587829649448395
        ],
        [
            0.061601947993040085,
            -0.700439989566803,
            0.008673090487718582
        ],
        [
            0.056031983345746994,
            -0.49681729078292847,
            0.015223036520183086
        ],
        [
            -0.025318197906017303,
            -0.8104085326194763,
            -0.01768876612186432
        ],
        [
            -0.009742431342601776,
            -0.9431800246238708,
            -0.0007852157577872276
        ]
    ],
    "pred_vertices": [
        [
            -0.08436280488967896,
            -0.9159564971923828,
            -0.06429588794708252
        ],
        [
            -0.0885281190276146,
            -0.900788426399231,
            -0.059570737183094025
        ],
        [
            -0.07727441936731339,
            -0.8994609117507935,
            -0.06865060329437256
        ],
        [
            -0.06942909210920334,
            -0.9113661050796509,
            -0.07235928624868393
        ],
        [
            -0.08164644241333008,
            -0.8892578482627869,
            -0.0660250335931778
        ],
        [
            -0.09001578390598297,
            -0.8888669013977051,
            -0.05728191137313843
        ],
        [
            -0.06468028575181961,
            -0.8954383134841919,
            -0.07323520630598068
        ],
        [
            -0.05496465414762497,
            -0.9046350717544556,
            -0.07604764401912689
        ],
        [
            -0.04569409787654877,
            -0.8628009557723999,
            -0.0762949287891388
        ],
        [
            -0.03488950431346893,
            -0.8602880835533142,
            -0.07816916704177856
        ],
        [
            -0.038506440818309784,
            -0.8717678785324097,
            -0.07844534516334534
        ],
        [
            -0.048332579433918,
            -0.87123703956604,
            -0.07538735866546631
        ],
        [
            -0.03728378564119339,
            -0.8378303050994873,
            -0.07481790333986282
        ],
        [
            -0.044515460729599,
            -0.8269765973091125,
            -0.07037093490362167
        ],
        [
            -0.032835595309734344,
            -0.8198391199111938,
            -0.07093305885791779
        ],
        [
            -0.024725012481212616,
            -0.8302664756774902,
            -0.07397927343845367
        ],
        [
            -0.07600018382072449,
            -0.8352920413017273,
            -0.043023038655519485
        ],
        [
            -0.07264713197946548,
            -0.8291649222373962,
            -0.04815760999917984
        ],
        [
            -0.07261611521244049,
            -0.8360710740089417,
            -0.0519285723567009
        ],
        [
            -0.07550006359815598,
            -0.8414187431335449,
            -0.04589717835187912
        ],
        [
            -0.08515644073486328,
            -0.8434771299362183,
            -0.035284556448459625
        ],
        [
            -0.08282655477523804,
            -0.849474310874939,
            -0.035565439611673355
        ],
        [
            -0.08932939171791077,
            -0.8521827459335327,
            -0.03186975419521332
        ],
        [
            -0.0923420861363411,
            -0.8453757762908936,
            -0.03261757642030716
        ],
        [
            -0.07574184983968735,
            -0.829971432685852,
            -0.03759037330746651
        ],
        [
            -0.07187498360872269,
            -0.8237512111663818,
            -0.04307781159877777
        ],
        [
            -0.0792556181550026,
            -0.840425968170166,
            -0.03859666362404823
        ],
        [
            -0.08074307441711426,
            -0.8356227874755859,
            -0.03751248121261597
        ],
        [
            -0.09006835520267487,
            -0.8277827501296997,
            -0.03650471195578575
        ],
        [
            -0.08929112553596497,
            -0.8327510356903076,
            -0.03782451152801514
        ],
        [
            -0.09664911031723022,
            -0.8324621915817261,
            -0.03589138388633728
        ],
        [
            -0.09525513648986816,
            -0.8270639181137085,
            -0.034515660256147385
        ],
        [
            -0.08040662109851837,
            -0.8287872076034546,
            -0.03755028545856476
        ],
        [
            -0.08355710655450821,
            -0.8312324285507202,
            -0.038661256432533264
        ],
        [
            -0.0855574831366539,
            -0.8271022439002991,
            -0.036633022129535675
        ],
        [
            -0.08229811489582062,
            -0.8255271911621094,
            -0.03447764739394188
        ],
        [
            -0.08703742176294327,
            -0.8387681245803833,
            -0.03541257232427597
        ],
        [
            -0.09466691315174103,
            -0.8393538594245911,
            -0.03390898182988167
        ],
        [
            -0.10248176753520966,
            -0.839372992515564,
            -0.031498346477746964
        ],
        [
            -0.10411661863327026,
            -0.8305323123931885,
            -0.03313403204083443
        ],
        [
            -0.061314381659030914,
            -0.8174470663070679,
            -0.05748194456100464
        ],
        [
            -0.06778760254383087,
            -0.8232502341270447,
            -0.05359175056219101
        ],
        [
            -0.06787431240081787,
            -0.8183618187904358,
            -0.04850388318300247
        ],
        [
            -0.0630878135561943,
            -0.8135915994644165,
            -0.05253778398036957
        ],
        [
            -0.07818282395601273,
            -0.8230223059654236,
            -0.035016126930713654
        ],
        [
            -0.07429835200309753,
            -0.8076250553131104,
            -0.03870885446667671
        ],
        [
            -0.07523933798074722,
            -0.8113021850585938,
            -0.03905574232339859
        ],
        [
            -0.08046834170818329,
            -0.8111804723739624,
            -0.03402097523212433
        ],
        [
            -0.07932442426681519,
            -0.8077725172042847,
            -0.03427285701036453
        ],
        [
            -0.04868978261947632,
            -0.8051795959472656,
            -0.06058879569172859
        ],
        [
            -0.05395276099443436,
            -0.8031229376792908,
            -0.05585531145334244
        ],
        [
            -0.049872130155563354,
            -0.7968343496322632,
            -0.05573279410600662
        ],
        [
            -0.043196164071559906,
            -0.7978906631469727,
            -0.05954621732234955
        ],
        [
            -0.04825323075056076,
            -0.7914013266563416,
            -0.0531192310154438
        ],
        [
            -0.03883715718984604,
            -0.7909134030342102,
            -0.05747119337320328
        ],
        [
            -0.03834107518196106,
            -0.7770352363586426,
            -0.04852871596813202
        ],
        [
            -0.03806234896183014,
            -0.783187747001648,
            -0.053128138184547424
        ],
        [
            -0.04838407784700394,
            -0.7857774496078491,
            -0.04936524108052254
        ],
        [
            -0.051602691411972046,
            -0.7800626754760742,
            -0.044785767793655396
        ],
        [
            -0.0630667507648468,
            -0.7823206782341003,
            -0.035047464072704315
        ],
        [
            -0.06656959652900696,
            -0.7803524732589722,
            -0.02988297864794731
        ],
        [
            -0.06111079454421997,
            -0.7692623138427734,
            -0.03391428664326668
        ],
        [
            -0.056917719542980194,
            -0.7737827301025391,
            -0.039274055510759354
        ],
        [
            -0.069026418030262,
            -0.8027794361114502,
            -0.036993857473134995
        ],
        [
            -0.06549596786499023,
            -0.8035482168197632,
            -0.040190085768699646
        ],
        [
            -0.06796126812696457,
            -0.8045358657836914,
            -0.0410291850566864
        ],
        [
            -0.0722058117389679,
            -0.8048189878463745,
            -0.03780948370695114
        ],
        [
            -0.06288234889507294,
            -0.8037803173065186,
            -0.04330955445766449
        ],
        [
            -0.06175480782985687,
            -0.8037595748901367,
            -0.044751353561878204
        ],
        [
            -0.06327704340219498,
            -0.8047598004341125,
            -0.04484151303768158
        ],
        [
            -0.06354811042547226,
            -0.8044031858444214,
            -0.043396126478910446
        ],
        [
            -0.06444588303565979,
            -0.803870677947998,
            -0.04159620404243469
        ],
        [
            -0.0646308958530426,
            -0.8018888831138611,
            -0.040665749460458755
        ],
        [
            -0.06335056573152542,
            -0.8028901815414429,
            -0.04251833260059357
        ],
        [
            -0.06792176514863968,
            -0.8003896474838257,
            -0.03785620257258415
        ],
        [
            -0.0776771530508995,
            -0.7959586381912231,
            -0.02779519371688366
        ],
        [
            -0.07573716342449188,
            -0.7969425916671753,
            -0.030887862667441368
        ],
        [
            -0.0760621428489685,
            -0.8013995885848999,
            -0.029305651783943176
        ],
        [
            -0.07779029756784439,
            -0.8008456230163574,
            -0.02673286944627762
        ],
        [
            -0.06556729972362518,
            -0.8061420917510986,
            -0.04390568286180496
        ],
        [
            -0.0651761069893837,
            -0.8078426122665405,
            -0.04600818455219269
        ],
        [
            -0.06979483366012573,
            -0.8097134828567505,
            -0.04317765682935715
        ],
        [
            -0.06891507655382156,
            -0.8071022033691406,
            -0.04181477427482605
        ],
        [
            -0.06473269313573837,
            -0.8098428845405579,
            -0.04869887977838516
        ],
        [
            -0.06246139854192734,
            -0.8061456680297852,
            -0.04693678766489029
        ],
        [
            -0.06130155175924301,
            -0.8070387840270996,
            -0.050072140991687775
        ],
        [
            -0.06146509200334549,
            -0.8020010590553284,
            -0.04417027533054352
        ],
        [
            -0.0591140016913414,
            -0.8007448315620422,
            -0.04650360345840454
        ],
        [
            -0.06056651473045349,
            -0.8031545877456665,
            -0.047339245676994324
        ],
        [
            -0.05930742621421814,
            -0.7973932027816772,
            -0.04462806135416031
        ],
        [
            -0.06259550899267197,
            -0.7998499870300293,
            -0.04197604954242706
        ],
        [
            -0.06565246731042862,
            -0.7973641157150269,
            -0.03920644521713257
        ],
        [
            -0.06970882415771484,
            -0.7948541641235352,
            -0.03557855263352394
        ],
        [
            -0.06524476408958435,
            -0.7908490896224976,
            -0.037239596247673035
        ],
        [
            -0.06165088713169098,
            -0.7939369082450867,
            -0.04145678132772446
        ],
        [
            -0.06934425234794617,
            -0.8136588931083679,
            -0.045308470726013184
        ],
        [
            -0.05764389783143997,
            -0.8030877113342285,
            -0.0509738028049469
        ],
        [
            -0.058373287320137024,
            -0.8093770742416382,
            -0.05443508177995682
        ],
        [
            -0.055535025894641876,
            -0.7985708117485046,
            -0.0505671352148056
        ],
        [
            -0.05469929426908493,
            -0.7941890954971313,
            -0.04845096915960312
        ],
        [
            -0.05625133216381073,
            -0.789940595626831,
            -0.044667210429906845
        ],
        [
            -0.05951336771249771,
            -0.7858191132545471,
            -0.0400799959897995
        ],
        [
            -0.048215270042419434,
            -0.7633452415466309,
            -0.03374654799699783
        ],
        [
            -0.044173210859298706,
            -0.7693421840667725,
            -0.04094279557466507
        ],
        [
            -0.08610662817955017,
            -0.8820496797561646,
            -0.05429694801568985
        ],
        [
            -0.08162796497344971,
            -0.8819552659988403,
            -0.062320128083229065
        ],
        [
            -0.0749194398522377,
            -0.8754494190216064,
            -0.06119716912508011
        ],
        [
            -0.07521386444568634,
            -0.8777288198471069,
            -0.06280338764190674
        ],
        [
            -0.07966386526823044,
            -0.8783190250396729,
            -0.05878601223230362
        ],
        [
            -0.0782228410243988,
            -0.8759146928787231,
            -0.05768343061208725
        ],
        [
            -0.055546410381793976,
            -0.8718434572219849,
            -0.07079830765724182
        ],
        [
            -0.06137283891439438,
            -0.8725427389144897,
            -0.06708095967769623
        ],
        [
            -0.05916830152273178,
            -0.8691654801368713,
            -0.06704576313495636
        ],
        [
            -0.05330891162157059,
            -0.8655951023101807,
            -0.07221802324056625
        ],
        [
            -0.06574886292219162,
            -0.8601027727127075,
            -0.06128174439072609
        ],
        [
            -0.06211487948894501,
            -0.8621340990066528,
            -0.06474019587039948
        ],
        [
            -0.06682413071393967,
            -0.8679850697517395,
            -0.06170664355158806
        ],
        [
            -0.06954625993967056,
            -0.8664813041687012,
            -0.059187814593315125
        ],
        [
            -0.07219694554805756,
            -0.8654458522796631,
            -0.056054890155792236
        ],
        [
            -0.07441791892051697,
            -0.8650567531585693,
            -0.05215660482645035
        ],
        [
            -0.07244683057069778,
            -0.8599233627319336,
            -0.05231151729822159
        ],
        [
            -0.06944146007299423,
            -0.8595521450042725,
            -0.05689375847578049
        ],
        [
            -0.08220123499631882,
            -0.8790474534034729,
            -0.05250617861747742
        ],
        [
            -0.08355002850294113,
            -0.8780949115753174,
            -0.04524783045053482
        ],
        [
            -0.08151079714298248,
            -0.8753795623779297,
            -0.046398378908634186
        ],
        [
            -0.0809686928987503,
            -0.8760278820991516,
            -0.052501238882541656
        ],
        [
            -0.0775848925113678,
            -0.8697019815444946,
            -0.03528118506073952
        ],
        [
            -0.07887518405914307,
            -0.871910810470581,
            -0.03674494847655296
        ],
        [
            -0.08094049990177155,
            -0.8730246424674988,
            -0.03349527716636658
        ],
        [
            -0.07937519252300262,
            -0.8687793016433716,
            -0.03240637481212616
        ],
        [
            -0.07840337604284286,
            -0.8658051490783691,
            -0.03475199267268181
        ],
        [
            -0.07742748409509659,
            -0.8680310845375061,
            -0.03667783737182617
        ],
        [
            -0.08897587656974792,
            -0.9372642636299133,
            -0.05472130328416824
        ],
        [
            -0.09493646770715714,
            -0.9190375804901123,
            -0.052376262843608856
        ],
        [
            -0.07263870537281036,
            -0.9336532354354858,
            -0.06676483154296875
        ],
        [
            -0.05725743621587753,
            -0.9256232976913452,
            -0.07382529973983765
        ],
        [
            -0.04353027790784836,
            -0.9144480228424072,
            -0.07821446657180786
        ],
        [
            -0.041258811950683594,
            -0.8111416697502136,
            -0.06599435210227966
        ],
        [
            -0.03310061991214752,
            -0.8036799430847168,
            -0.06584756821393967
        ],
        [
            -0.021577924489974976,
            -0.813452959060669,
            -0.07081862539052963
        ],
        [
            -0.015031419694423676,
            -0.8043345212936401,
            -0.06770865619182587
        ],
        [
            -0.027632631361484528,
            -0.7945325970649719,
            -0.06294933706521988
        ],
        [
            -0.02460680902004242,
            -0.7766331434249878,
            -0.049324940890073776
        ],
        [
            -0.02456887811422348,
            -0.7848660945892334,
            -0.057466182857751846
        ],
        [
            -0.00874599814414978,
            -0.7955841422080994,
            -0.06162893772125244
        ],
        [
            0.005110114812850952,
            -0.8105716705322266,
            -0.06586837023496628
        ],
        [
            -0.003737136721611023,
            -0.8163582682609558,
            -0.0708012506365776
        ],
        [
            0.014764919877052307,
            -0.8286721706390381,
            -0.06702470034360886
        ],
        [
            0.016465432941913605,
            -0.8044281005859375,
            -0.059010110795497894
        ],
        [
            0.022882208228111267,
            -0.8290174007415771,
            -0.06180456280708313
        ],
        [
            0.013233434408903122,
            -0.7695648670196533,
            -0.046897999942302704
        ],
        [
            0.017879197373986244,
            -0.7597347497940063,
            -0.047701962292194366
        ],
        [
            0.03368912637233734,
            -0.7680134773254395,
            -0.05292736738920212
        ],
        [
            0.028544463217258453,
            -0.7782421708106995,
            -0.053630731999874115
        ],
        [
            -0.012841865420341492,
            -0.8228955268859863,
            -0.07346604764461517
        ],
        [
            -0.033123619854450226,
            -0.8837350606918335,
            -0.07874200493097305
        ],
        [
            -0.04481607675552368,
            -0.8810895681381226,
            -0.07726550102233887
        ],
        [
            -0.02680700272321701,
            -0.8720234632492065,
            -0.0798787996172905
        ],
        [
            -0.02612854540348053,
            -0.9468704462051392,
            -0.07654597610235214
        ],
        [
            -0.04343900829553604,
            -0.9378281831741333,
            -0.07438720762729645
        ],
        [
            -0.03210511803627014,
            -0.9245740175247192,
            -0.08024724572896957
        ],
        [
            -0.01763257384300232,
            -0.9342343807220459,
            -0.08060170710086823
        ],
        [
            -0.048736780881881714,
            -0.9783883094787598,
            -0.052829138934612274
        ],
        [
            -0.07080318033695221,
            -0.9600005149841309,
            -0.05559537559747696
        ],
        [
            -0.058127813041210175,
            -0.9510439038276672,
            -0.06516563892364502
        ],
        [
            -0.0394839346408844,
            -0.9654057025909424,
            -0.06522762030363083
        ],
        [
            -0.004676491022109985,
            -0.9386414885520935,
            -0.07977738231420517
        ],
        [
            0.013348251581192017,
            -0.9436711072921753,
            -0.07688969373703003
        ],
        [
            0.015172049403190613,
            -0.9605614542961121,
            -0.07141042500734329
        ],
        [
            -0.006803542375564575,
            -0.9561227560043335,
            -0.07426165789365768
        ],
        [
            0.0149708092212677,
            -0.9817773699760437,
            -0.058559563010931015
        ],
        [
            -0.012160435318946838,
            -0.9773306846618652,
            -0.06250365078449249
        ],
        [
            0.035035908222198486,
            -0.8162091970443726,
            -0.05690379440784454
        ],
        [
            0.03424917906522751,
            -0.8359975814819336,
            -0.05832284316420555
        ],
        [
            0.02118321880698204,
            -0.7898226380348206,
            -0.05459599569439888
        ],
        [
            0.03754391148686409,
            -0.799998939037323,
            -0.055479854345321655
        ],
        [
            0.01238703727722168,
            -0.9974106550216675,
            -0.04035155475139618
        ],
        [
            -0.019360840320587158,
            -0.9928885698318481,
            -0.04565827548503876
        ],
        [
            0.06254488229751587,
            -0.9324541091918945,
            -0.05517328158020973
        ],
        [
            0.051498591899871826,
            -0.9480352401733398,
            -0.05973847955465317
        ],
