{
    "pred_cam": [
        1.9971725940704346,
        0.0455799326300621,
        0.538974940776825
    ],
    "pred_smpl_params": {
        "global_orient": [
            [
                [
                    0.988763689994812,
                    0.1217833012342453,
                    -0.08669047057628632
                ],
                [
                    0.07013729214668274,
                    -0.8900649547576904,
                    -0.45040538907051086
                ],
                [
                    -0.1320120245218277,
                    0.4392642378807068,
                    -0.8886054754257202
                ]
            ]
        ],
        "body_pose": [
            [
                [
                    0.9812573194503784,
                    -0.18369334936141968,
                    -0.05823138728737831
                ],
                [
                    0.16680936515331268,
                    0.6584016680717468,
                    0.7339495420455933
                ],
                [
                    -0.09648200124502182,
                    -0.7299068570137024,
                    0.6767032146453857
                ]
            ],
            [
                [
                    0.9887059330940247,
                    0.12217646837234497,
                    0.08679551631212234
                ],
                [
                    -0.14647607505321503,
                    0.6652474403381348,
                    0.732113778591156
                ],
                [
                    0.031706564128398895,
                    -0.7365586757659912,
                    0.6756300330162048
                ]
            ],
            [
                [
                    0.999078094959259,
                    0.0038353183772414923,
                    -0.042758338153362274
                ],
                [
                    -0.02399340085685253,
                    0.8758070468902588,
                    -0.4820645749568939
                ],
                [
                    0.03559918701648712,
                    0.48264604806900024,
                    0.8750916719436646
                ]
            ],
            [
                [
                    0.9790611863136292,
                    0.1449427604675293,
                    -0.1429363340139389
                ],
                [
                    -0.08827780187129974,
                    -0.33039653301239014,
                    -0.9397047758102417
                ],
                [
                    -0.18342909216880798,
                    0.9326465725898743,
                    -0.3106831908226013
                ]
            ],
            [
                [
                    0.9727382659912109,
                    -0.1244494840502739,
                    0.19568504393100739
                ],
                [
                    0.14184026420116425,
                    -0.34830281138420105,
                    -0.9265886545181274
                ],
                [
                    0.18347108364105225,
                    0.9290842413902283,
                    -0.32115551829338074
                ]
            ],
            [
                [
                    0.9996430277824402,
                    -0.01580589823424816,
                    -0.021539779379963875
                ],
                [
                    0.016416821628808975,
                    0.9994593858718872,
                    0.028487280011177063
                ],
                [
                    0.021077865734696388,
                    -0.028830725699663162,
                    0.9993621110916138
                ]
            ],
            [
                [
                    0.9530365467071533,
                    -0.16006886959075928,
                    0.2570977807044983
                ],
                [
                    0.05320629104971886,
                    0.9242028594017029,
                    0.3781774342060089
                ],
                [
                    -0.2981449365615845,
                    -0.34673771262168884,
                    0.8893157839775085
                ]
            ],
            [
                [
                    0.9591829180717468,
                    0.103243887424469,
                    -0.26326581835746765
                ],
                [
                    -0.004665561951696873,
                    0.9366213083267212,
                    0.3503124415874481
                ],
                [
                    0.2827479839324951,
                    -0.3347854018211365,
                    0.8988728523254395
                ]
            ],
            [
                [
                    0.9992846250534058,
                    -0.0044370354153215885,
                    -0.03755743056535721
                ],
                [
                    0.0025978314224630594,
                    0.9988013505935669,
                    -0.048878323286771774
                ],
                [
                    0.03772928938269615,
                    0.048745788633823395,
                    0.9980983734130859
                ]
            ],
            [
                [
                    0.9968463778495789,
                    -0.05588743835687637,
                    0.05633695423603058
                ],
                [
                    0.043753743171691895,
                    0.9793567061424255,
                    0.19734761118888855
                ],
                [
                    -0.06620322167873383,
                    -0.19426029920578003,
                    0.9787134528160095
                ]
            ],
            [
                [
                    0.9954150319099426,
                    0.09356463700532913,
                    0.019864939153194427
                ],
                [
                    -0.0956498235464096,
                    0.9742851853370667,
                    0.20400871336460114
                ],
                [
                    -0.0002661116304807365,
                    -0.20497341454029083,
                    0.9787675738334656
                ]
            ],
            [
                [
                    0.9990648627281189,
                    -0.012657688930630684,
                    0.0413425974547863
                ],
                [
                    0.015794452279806137,
                    0.9969483017921448,
                    -0.07644948363304138
                ],
                [
                    -0.04024876281619072,
                    0.0770309716463089,
                    0.9962159395217896
                ]
            ],
            [
                [
                    0.9201064705848694,
                    0.013901414349675179,
                    -0.39142143726348877
                ],
                [
                    0.061213500797748566,
                    0.9819850325584412,
                    0.17876872420310974
                ],
                [
                    0.3868551552295685,
                    -0.1884465515613556,
                    0.9026798009872437
                ]
            ],
            [
                [
                    0.9693403840065002,
                    0.023954065516591072,
                    0.2445516288280487
                ],
                [
                    -0.06001278758049011,
                    0.9881772398948669,
                    0.1410824954509735
                ],
                [
                    -0.23828084766864777,
                    -0.15143318474292755,
                    0.959317684173584
                ]
            ],
            [
                [
                    0.9955540299415588,
                    -0.052595678716897964,
                    0.07813949137926102
                ],
                [
                    0.05391475558280945,
                    0.998434841632843,
                    -0.014867144636809826
                ],
                [
                    -0.07723524421453476,
                    0.019013920798897743,
                    0.9968315362930298
                ]
            ],
            [
                [
                    0.7390451431274414,
                    0.4408641755580902,
                    -0.5093633532524109
                ],
                [
                    -0.2493918240070343,
                    0.8814484477043152,
                    0.4010639190673828
                ],
                [
                    0.6257923245429993,
                    -0.1693732887506485,
                    0.7613781094551086
                ]
            ],
            [
                [
                    0.9015042781829834,
                    -0.37330859899520874,
                    0.21893082559108734
                ],
                [
                    0.3124569356441498,
                    0.9114707112312317,
                    0.26756659150123596
                ],
                [
                    -0.29943394660949707,
                    -0.17280597984790802,
                    0.9383376240730286
                ]
            ],
            [
                [
                    -0.26352033019065857,
                    -0.3081401586532593,
                    -0.914115309715271
                ],
                [
                    0.5060312747955322,
                    0.7626054883003235,
                    -0.40294578671455383
                ],
                [
                    0.8212730288505554,
                    -0.5687553286552429,
                    -0.04503349959850311
                ]
            ],
            [
                [
                    -0.117057204246521,
                    0.32128167152404785,
                    0.9397210478782654
                ],
                [
                    -0.5955368876457214,
                    0.7345142364501953,
                    -0.3253070116043091
                ],
                [
                    -0.7947536706924438,
                    -0.5977181196212769,
                    0.10535489767789841
                ]
            ],
            [
                [
                    0.9644563794136047,
                    -0.2640322744846344,
                    0.010532818734645844
                ],
                [
                    0.2619449198246002,
                    0.9500665664672852,
                    -0.169583261013031
                ],
                [
                    0.03476857766509056,
                    0.16631466150283813,
                    0.9854596853256226
                ]
            ],
            [
                [
                    0.9807608723640442,
                    0.19331905245780945,
                    -0.02712627872824669
                ],
                [
                    -0.1951623260974884,
                    0.967830240726471,
                    -0.1587962508201599
                ],
                [
                    -0.004444706253707409,
                    0.1610351800918579,
                    0.9869386553764343
                ]
            ],
            [
                [
                    0.9903824925422668,
                    0.1261342316865921,
                    -0.056856535375118256
                ],
                [
                    -0.12663856148719788,
                    0.9919345378875732,
                    -0.005341824144124985
                ],
                [
                    0.05572417378425598,
                    0.012490679509937763,
                    0.9983680844306946
                ]
            ],
            [
                [
                    0.9871721863746643,
                    -0.14341551065444946,
                    0.07016456127166748
                ],
                [
                    0.14128144085407257,
                    0.9893677234649658,
                    0.03451281413435936
                ],
                [
                    -0.07436821609735489,
                    -0.024157142266631126,
                    0.9969382286071777
                ]
            ]
        ],
        "betas": [
            0.04060982167720795,
            -0.03287023305892944,
            -0.22887298464775085,
            -0.09592771530151367,
            0.03850102424621582,
            -0.03218208998441696,
            -0.04157784581184387,
            -0.05231732130050659,
            0.06300437450408936,
            -0.04256308078765869
        ]
    },
    "pred_cam_t": [
        0.0455799326300621,
        0.538974940776825,
        19.558900833129883
    ],
    "focal_length": [
        5000.0,
        5000.0
    ],
    "pred_keypoints_3d": [
        [
            0.01940864697098732,
            -0.810973048210144,
            -0.06928567588329315
        ],
        [
            0.04202120751142502,
            -0.7082439661026001,
            0.09572665393352509
        ],
        [
            -0.13262969255447388,
            -0.6598530411720276,
            0.12677130103111267
        ],
        [
            -0.3701503276824951,
            -0.5912663340568542,
            0.05820021033287048
        ],
        [
            -0.33781808614730835,
            -0.808821976184845,
            -0.07487636804580688
        ],
        [
            0.19716575741767883,
            -0.6396363973617554,
            0.030524257570505142
        ],
        [
            0.26585066318511963,
            -0.573554277420044,
            -0.21442347764968872
        ],
        [
            0.16137972474098206,
            -0.8015512228012085,
            -0.20291663706302643
        ],
        [
            -0.0017705205827951431,
            -0.2221008688211441,
            0.028429964557290077
        ],
        [
            -0.07944741100072861,
            -0.14449962973594666,
            0.0015025828033685684
        ],
        [
            -0.2191249132156372,
            -0.0466032400727272,
            -0.34421539306640625
        ],
        [
            -0.15802592039108276,
            0.25554367899894714,
            -0.08560702204704285
        ],
        [
            0.05656055361032486,
            -0.1329512894153595,
            -0.014833765104413033
        ],
        [
            0.10539500415325165,
            -0.028214529156684875,
            -0.37448784708976746
        ],
        [
            0.043403223156929016,
            0.2699694037437439,
            -0.11201426386833191
        ],
        [
            -0.010794833302497864,
            -0.8494167327880859,
            -0.03211125358939171
        ],
        [
            0.0557013601064682,
            -0.8517887592315674,
            -0.041669249534606934
        ],
        [
            -0.03849618136882782,
            -0.8338141441345215,
            0.06881944090127945
        ],
        [
            0.10756532847881317,
            -0.8398364782333374,
            0.04621780663728714
        ],
        [
            0.08429612219333649,
            0.36147427558898926,
            -0.2831164002418518
        ],
        [
            0.13682368397712708,
            0.35695183277130127,
            -0.2192087471485138
        ],
        [
            0.042025111615657806,
            0.281097948551178,
            -0.04367351531982422
        ],
        [
            -0.21990476548671722,
            0.3454475402832031,
            -0.2499566674232483
        ],
        [
            -0.2725234031677246,
            0.33394092321395874,
            -0.18217509984970093
        ],
        [
            -0.14368633925914764,
            0.28153789043426514,
            -0.016751080751419067
        ],
        [
            -0.1783776432275772,
            0.2001049518585205,
            -0.08268600702285767
        ],
        [
            -0.2073403000831604,
            -0.0690493956208229,
            -0.3109610974788666
        ],
        [
            -0.14490166306495667,
            -0.2451309859752655,
            0.08462817966938019
        ],
        [
            0.15415292978286743,
            -0.20705673098564148,
            0.05129031836986542
        ],
        [
            0.11776107549667358,
            -0.041683685034513474,
            -0.3515761196613312
        ],
        [
            0.05735376104712486,
            0.22748540341854095,
            -0.10758565366268158
        ],
        [
            -0.30783212184906006,
            -0.7943286299705505,
            -0.05821949243545532
        ],
        [
            -0.36251184344291687,
            -0.6300238370895386,
            0.07482312619686127
        ],
        [
            -0.10313788056373596,
            -0.68105149269104,
            0.12672555446624756
        ],
        [
            0.18173560500144958,
            -0.6639944314956665,
            0.04749784618616104
        ],
        [
            0.2829410135746002,
            -0.6114764213562012,
            -0.19093547761440277
        ],
        [
            0.17191168665885925,
            -0.793607234954834,
            -0.18377165496349335
        ],
        [
            0.045625247061252594,
            -0.7097198963165283,
            0.093878373503685
        ],
        [
            0.03515481948852539,
            -0.8895459175109863,
            0.0413065105676651
        ],
        [
            0.004411936737596989,
            -0.22617074847221375,
            0.06781405955553055
        ],
        [
            0.03874287009239197,
            -0.6653729677200317,
            0.08605899661779404
        ],
        [
            0.026344027370214462,
            -0.46850770711898804,
            0.10942897945642471
        ],
        [
            0.03687503561377525,
            -0.7824116349220276,
            0.00622129812836647
        ],
        [
            0.03126151114702225,
            -0.9085747599601746,
            0.05132484436035156
        ]
    ],
    "pred_vertices": [
        [
            0.06572754681110382,
            -0.8983842134475708,
            -0.043644979596138
        ],
        [
            0.05961831659078598,
            -0.8841909766197205,
            -0.04919174313545227
        ],
        [
            0.07211634516716003,
            -0.8812994360923767,
            -0.04225709289312363
        ],
        [
            0.07801967114210129,
            -0.8915296196937561,
            -0.033121563494205475
        ],
        [
            0.06749742478132248,
            -0.8718332052230835,
            -0.04717940837144852
        ],
        [
            0.056360285729169846,
            -0.8730970621109009,
            -0.05200266093015671
        ],
        [
            0.08057306706905365,
            -0.8751544952392578,
            -0.03311866521835327
        ],
        [
            0.08653809130191803,
            -0.8821952939033508,
            -0.022886835038661957
        ],
        [
            0.0890374556183815,
            -0.8383049964904785,
            -0.02239309251308441
        ],
        [
            0.09412375092506409,
            -0.8327324986457825,
            -0.012939319014549255
        ],
        [
            0.09331250190734863,
            -0.8459414839744568,
            -0.015358850359916687
        ],
        [
            0.08701366186141968,
            -0.8476401567459106,
            -0.02311176061630249
        ],
        [
            0.08819808065891266,
            -0.8127262592315674,
            -0.01913275569677353
        ],
        [
            0.08106453716754913,
            -0.8035668134689331,
            -0.027013607323169708
        ],
        [
            0.08455165475606918,
            -0.7943214774131775,
            -0.017624221742153168
        ],
        [
            0.09052073955535889,
            -0.8029953241348267,
            -0.008899368345737457
        ],
        [
            0.0457146093249321,
            -0.8174949884414673,
            -0.04605938121676445
        ],
        [
            0.051304422318935394,
            -0.810931921005249,
            -0.04589223861694336
        ],
        [
            0.055170800536870956,
            -0.8176278471946716,
            -0.04541019722819328
        ],
        [
            0.04879908263683319,
            -0.8233606815338135,
            -0.04524045065045357
        ],
        [
            0.03532690554857254,
            -0.8272716403007507,
            -0.05084064230322838
        ],
        [
            0.03660757094621658,
            -0.8326746225357056,
            -0.04746902734041214
        ],
        [
            0.031174790114164352,
            -0.8366144895553589,
            -0.05195693299174309
        ],
        [
            0.03054303117096424,
            -0.8305105566978455,
            -0.056377310305833817
        ],
        [
            0.04052092134952545,
            -0.8120831251144409,
            -0.046049270778894424
        ],
        [
            0.04645692557096481,
            -0.8053892254829407,
            -0.04503317549824715
        ],
        [
            0.04067332670092583,
            -0.823052704334259,
            -0.046815913170576096
        ],
        [
            0.03844921663403511,
            -0.8188329935073853,
            -0.049063969403505325
        ],
        [
            0.034216977655887604,
            -0.8130494952201843,
            -0.059112031012773514
        ],
        [
            0.03586042672395706,
            -0.8177509307861328,
            -0.05765629932284355
        ],
        [
            0.03164447471499443,
            -0.8190888166427612,
            -0.06424383074045181
        ],
        [
            0.03049044869840145,
            -0.8133789300918579,
            -0.06347399950027466
        ],
        [
            0.03821174055337906,
            -0.8122714161872864,
            -0.050500862300395966
        ],
        [
            0.038404591381549835,
            -0.8152739405632019,
            -0.05312926322221756
        ],
        [
            0.03556186705827713,
            -0.8116061687469482,
            -0.05525393411517143
        ],
        [
            0.034650713205337524,
            -0.8093136548995972,
            -0.05210770666599274
        ],
        [
            0.03448120504617691,
            -0.823372483253479,
            -0.05375094711780548
        ],
        [
            0.030638236552476883,
            -0.8253273963928223,
            -0.06026650220155716
        ],
        [
            0.02579503506422043,
            -0.8269781470298767,
            -0.06689870357513428
        ],
        [
            0.026575345546007156,
            -0.8187035322189331,
            -0.07048720121383667
        ],
        [
            0.06301427632570267,
            -0.7973329424858093,
            -0.04054699093103409
        ],
        [
            0.057544443756341934,
            -0.8044326305389404,
            -0.04432106018066406
        ],
        [
            0.05254939943552017,
            -0.7993322610855103,
            -0.04420562461018562
        ],
        [
            0.05766017735004425,
            -0.793735146522522,
            -0.041755419224500656
        ],
        [
            0.03642907366156578,
            -0.8059172630310059,
            -0.04883008077740669
        ],
        [
            0.040285635739564896,
            -0.790083646774292,
            -0.04924188554286957
        ],
        [
            0.040495533496141434,
            -0.7938560247421265,
            -0.049555856734514236
        ],
        [
            0.034021370112895966,
            -0.7947570085525513,
            -0.05284292995929718
        ],
        [
            0.03448134660720825,
            -0.7912406921386719,
            -0.0524100624024868
        ],
        [
            0.06904751807451248,
            -0.7828003168106079,
            -0.032258328050374985
        ],
        [
            0.06305906176567078,
            -0.7816364169120789,
            -0.036314018070697784
        ],
        [
            0.06384731829166412,
            -0.7745718955993652,
            -0.03366148844361305
        ],
        [
            0.06927856802940369,
            -0.7743179202079773,
            -0.028412960469722748
        ],
        [
            0.061688899993896484,
            -0.7686136960983276,
            -0.03233572840690613
        ],
        [
            0.06833630055189133,
            -0.7661201357841492,
            -0.024983901530504227
        ],
        [
            0.059510841965675354,
            -0.7514100074768066,
            -0.023859065026044846
        ],
        [
            0.06399034708738327,
            -0.7578270435333252,
            -0.024300944060087204
        ],
        [
            0.05789441615343094,
            -0.7627220153808594,
            -0.03234562650322914
        ],
        [
            0.05239250510931015,
            -0.7574676871299744,
            -0.035040050745010376
        ],
        [
            0.03943534195423126,
            -0.7621957063674927,
            -0.04239567369222641
        ],
        [
            0.03343755379319191,
            -0.7608506679534912,
            -0.04461474344134331
        ],
        [
            0.0382034070789814,
            -0.7486680746078491,
            -0.04241720587015152
        ],
        [
            0.04512302577495575,
            -0.7521291375160217,
            -0.03944412246346474
        ],
        [
            0.040768250823020935,
            -0.78385990858078,
            -0.04498607665300369
        ],
        [
            0.044911835342645645,
            -0.7840069532394409,
            -0.04244508966803551
        ],
        [
            0.04492701217532158,
            -0.7854738235473633,
            -0.044810179620981216
        ],
        [
            0.04048233851790428,
            -0.7866054177284241,
            -0.04768315330147743
        ],
        [
            0.048515819013118744,
            -0.7837931513786316,
            -0.04091900214552879
        ],
        [
            0.05022849887609482,
            -0.783486545085907,
            -0.040303830057382584
        ],
        [
            0.049905434250831604,
            -0.7848049402236938,
            -0.041493404656648636
        ],
        [
            0.04841650649905205,
            -0.7846892476081848,
            -0.04154461994767189
        ],
        [
            0.04639493674039841,
            -0.7842955589294434,
            -0.042043209075927734
        ],
        [
            0.04546148329973221,
            -0.7823415994644165,
            -0.042395979166030884
        ],
        [
            0.047618962824344635,
            -0.7829881906509399,
            -0.04141777381300926
        ],
        [
            0.04169871658086777,
            -0.7814985513687134,
            -0.044910505414009094
        ],
        [
            0.028354745358228683,
            -0.7791036367416382,
            -0.05158841982483864
        ],
        [
            0.03240544721484184,
            -0.7795251607894897,
            -0.05054673179984093
        ],
        [
            0.031049981713294983,
            -0.7838545441627502,
            -0.049678899347782135
        ],
        [
            0.02752598002552986,
            -0.7839598655700684,
            -0.05061085894703865
        ],
        [
            0.04791394993662834,
            -0.7870548963546753,
            -0.04308607429265976
        ],
        [
            0.05066593736410141,
            -0.788275420665741,
            -0.04293224588036537
        ],
        [
            0.04648938775062561,
            -0.7909923195838928,
            -0.04608301818370819
        ],
        [
            0.04543761909008026,
            -0.7882674932479858,
            -0.04529062286019325
        ],
        [
            0.05337449163198471,
            -0.7902541160583496,
            -0.0431128554046154
        ],
        [
            0.05221163108944893,
            -0.7860434055328369,
            -0.04116935282945633
        ],
        [
            0.05514978989958763,
            -0.7869347333908081,
            -0.04069047421216965
        ],
        [
            0.04971534013748169,
            -0.7817420959472656,
            -0.04033192619681358
        ],
        [
            0.052526019513607025,
            -0.7800319194793701,
            -0.03911292180418968
        ],
        [
            0.053009700030088425,
            -0.7826604843139648,
            -0.040203358978033066
        ],
        [
            0.05049920827150345,
            -0.7767494916915894,
            -0.03928952291607857
        ],
        [
            0.04718931391835213,
            -0.7798023223876953,
            -0.04114492982625961
        ],
        [
            0.04343542456626892,
            -0.7779368162155151,
            -0.0435250885784626
        ],
        [
            0.03853754699230194,
            -0.7762720584869385,
            -0.0465409979224205
        ],
        [
            0.041314706206321716,
            -0.7713445425033569,
            -0.04369824007153511
        ],
        [
            0.0465986430644989,
            -0.7737218141555786,
            -0.041132692247629166
        ],
        [
            0.04848996549844742,
            -0.7950432300567627,
            -0.045492660254240036
        ],
        [
            0.057349793612957,
            -0.7821158170700073,
            -0.03849612548947334
        ],
        [
            0.06073673814535141,
            -0.7887057065963745,
            -0.03870633244514465
        ],
        [
            0.05731687694787979,
            -0.7773051261901855,
            -0.03727689012885094
        ],
        [
            0.055278804153203964,
            -0.7727140188217163,
            -0.03665126487612724
        ],
        [
            0.0514427125453949,
            -0.7685022354125977,
            -0.037651121616363525
        ],
        [
            0.04549301043152809,
            -0.7651187181472778,
            -0.04002257063984871
        ],
        [
            0.04145747423171997,
            -0.7398148775100708,
            -0.03081197664141655
        ],
        [
            0.05010781064629555,
            -0.7447641491889954,
            -0.02818700298666954
        ],
        [
            0.054582055658102036,
            -0.8654659390449524,
            -0.049010127782821655
        ],
        [
            0.06353931874036789,
            -0.8649848699569702,
            -0.04729161411523819
        ],
        [
            0.06462883949279785,
            -0.8569687604904175,
            -0.042506761848926544
        ],
        [
            0.06666036695241928,
            -0.85920250415802,
            -0.04261770099401474
        ],
        [
            0.06077789515256882,
            -0.8606698513031006,
            -0.045322127640247345
        ],
        [
            0.06024441123008728,
            -0.8580299615859985,
            -0.04430417716503143
        ],
        [
            0.07987680286169052,
            -0.8500061631202698,
            -0.028123490512371063
        ],
        [
            0.07446540892124176,
            -0.8518540859222412,
            -0.032243527472019196
        ],
        [
            0.07481686770915985,
            -0.8479127883911133,
            -0.030460670590400696
        ],
        [
            0.0815524160861969,
            -0.8431961536407471,
            -0.027140125632286072
        ],
        [
            0.06685584038496017,
            -0.8401893377304077,
            -0.03694983571767807
        ],
        [
            0.07139819860458374,
            -0.841422438621521,
            -0.03395770490169525
        ],
        [
            0.06735464930534363,
            -0.8482974767684937,
            -0.036653004586696625
        ],
        [
            0.06393320858478546,
            -0.84737628698349,
            -0.03875499963760376
        ],
        [
            0.06009231507778168,
            -0.8468986749649048,
            -0.040559105575084686
        ],
        [
            0.05568771809339523,
            -0.8466886281967163,
            -0.04116825759410858
        ],
        [
            0.0560949333012104,
            -0.8414448499679565,
            -0.04063069820404053
        ],
        [
            0.06140442192554474,
            -0.8405506610870361,
            -0.03932046890258789
        ],
        [
            0.05413556471467018,
            -0.8619704246520996,
            -0.045715928077697754
        ],
        [
            0.04687953367829323,
            -0.8609189987182617,
            -0.04479638487100601
        ],
        [
            0.048401545733213425,
            -0.8581061363220215,
            -0.04419209808111191
        ],
        [
            0.054395414888858795,
            -0.8587725758552551,
            -0.045355334877967834
        ],
        [
            0.038807906210422516,
            -0.8512981534004211,
            -0.03848465532064438
        ],
        [
            0.039898090064525604,
            -0.853766918182373,
            -0.03958061337471008
        ],
        [
            0.036165501922369,
            -0.8551965951919556,
            -0.040403999388217926
        ],
        [
            0.03550279513001442,
            -0.8506481647491455,
            -0.03950623422861099
        ],
        [
            0.03777974843978882,
            -0.8477376699447632,
            -0.03983528912067413
        ],
        [
            0.04003535956144333,
            -0.8497329354286194,
            -0.03903497755527496
        ],
        [
            0.05598672479391098,
            -0.9196601510047913,
            -0.041114285588264465
        ],
        [
            0.05136415362358093,
            -0.9030736684799194,
            -0.049147829413414
        ],
        [
            0.07228302210569382,
            -0.9133582711219788,
            -0.029971905052661896
        ],
        [
            0.08392643928527832,
            -0.9028341770172119,
            -0.019986554980278015
        ],
        [
            0.09255529195070267,
            -0.8891607522964478,
            -0.010711908340454102
        ],
        [
            0.07677812874317169,
            -0.7872527837753296,
            -0.02584657445549965
        ],
        [
            0.07865302264690399,
            -0.7782654166221619,
            -0.019619066268205643
        ],
        [
            0.08773254603147507,
            -0.7856926321983337,
            -0.008269727230072021
        ],
        [
            0.08602745831012726,
            -0.7751643657684326,
            -0.003405444324016571
        ],
        [
            0.07709899544715881,
            -0.7676330208778381,
            -0.015455260872840881
        ],
        [
            0.06362595409154892,
            -0.7484182715415955,
            -0.010830048471689224
        ],
        [
            0.07193022221326828,
            -0.7569127082824707,
            -0.012481197714805603
        ],
        [
            0.08157481253147125,
            -0.7646784782409668,
            0.002707846462726593
        ],
        [
            0.09063397347927094,
            -0.7776459455490112,
            0.016647081822156906
        ],
        [
            0.0929218977689743,
            -0.7851791381835938,
            0.008287258446216583
        ],
        [
            0.09604512155056,
            -0.7933329343795776,
            0.028313003480434418
        ],
        [
            0.08683620393276215,
            -0.7693861722946167,
            0.02874789759516716
        ],
        [
            0.09410953521728516,
            -0.7922888994216919,
            0.037249766290187836
        ],
        [
            0.07142730057239532,
            -0.7331841588020325,
            0.028275642544031143
        ],
        [
            0.07388937473297119,
            -0.7218796014785767,
            0.03226490691304207
        ],
        [
            0.08638603985309601,
            -0.729070246219635,
            0.04382657632231712
        ],
        [
            0.0844896137714386,
            -0.7402365207672119,
            0.039451584219932556
        ],
        [
            0.09316125512123108,
            -0.7935072779655457,
            0.0006018839776515961
        ],
        [
            0.09508638828992844,
            -0.8571368455886841,
            -0.008005373179912567
        ],
        [
            0.0905851423740387,
            -0.8570038080215454,
            -0.018737345933914185
        ],
        [
            0.09758178889751434,
            -0.8442912101745605,
            -0.004382967948913574
        ],
        [
            0.09806441515684128,
            -0.9169425964355469,
            0.011594787240028381
        ],
        [
            0.08971346914768219,
            -0.9118303060531616,
            -0.00480739027261734
        ],
        [
            0.09825052320957184,
            -0.8969373106956482,
            0.0012701228260993958
        ],
        [
            0.10378123819828033,
            -0.9036055207252502,
            0.01634541153907776
        ],
        [
            0.06901569664478302,
            -0.9514496326446533,
            0.004920408129692078
        ],
        [
            0.06357648968696594,
            -0.938207745552063,
            -0.018961217254400253
        ],
        [
            0.07598507404327393,
            -0.927169144153595,
            -0.012545138597488403
        ],
        [
            0.0831051915884018,
            -0.9373050928115845,
            0.006753258407115936
        ],
        [
            0.10678468644618988,
            -0.9044981598854065,
            0.029312103986740112
        ],
        [
            0.10970969498157501,
            -0.9058253169059753,
            0.048604950308799744
        ],
        [
            0.10607654601335526,
            -0.9216804504394531,
            0.05545257776975632
        ],
        [
            0.10179328918457031,
            -0.9221575260162354,
            0.03248916566371918
        ],
        [
            0.09407728910446167,
            -0.9412548542022705,
            0.06296436488628387
        ],
        [
            0.09002653509378433,
            -0.9426864385604858,
            0.035652853548526764
        ],
        [
            0.09225095063447952,
            -0.7786858677864075,
            0.04792887717485428
        ],
        [
            0.09508034586906433,
            -0.7975277304649353,
            0.05002551153302193
        ],
        [
            0.0825137048959732,
            -0.7537946105003357,
            0.032999251037836075
        ],
        [
            0.09086631238460541,
            -0.7621459364891052,
            0.04832544922828674
        ],
        [
            0.07718522846698761,
            -0.9556776285171509,
            0.06855756789445877
        ],
        [
            0.0723990947008133,
            -0.9589122533798218,
            0.037345513701438904
        ],
        [
            0.10274621844291687,
            -0.8846062421798706,
            0.09823382645845413
        ],
        [
            0.10572440922260284,
            -0.901886522769928,
            0.09007096290588379
        ],
        [
            0.10977543890476227,
            -0.8891652822494507,
            0.0737341120839119
        ],
        [
            0.10797812789678574,
