{
    "pred_cam": [
        1.486571192741394,
        0.08925320953130722,
        0.34088918566703796
    ],
    "pred_smpl_params": {
        "global_orient": [
            [
                [
                    0.41423091292381287,
                    0.11860709637403488,
                    -0.9024108052253723
                ],
                [
                    0.17347994446754456,
                    -0.9835854172706604,
                    -0.04964418709278107
                ],
                [
                    -0.8934861421585083,
                    -0.13598601520061493,
                    -0.42800742387771606
                ]
            ]
        ],
        "body_pose": [
            [
                [
                    0.9824655652046204,
                    0.06901801377534866,
                    0.17319905757904053
                ],
                [
                    -0.06048796698451042,
                    0.9967039823532104,
                    -0.05406016856431961
                ],
                [
                    -0.17635929584503174,
                    0.04263579472899437,
                    0.9834020733833313
                ]
            ],
            [
                [
                    0.9966050982475281,
                    0.07160879671573639,
                    0.04062526300549507
                ],
                [
                    -0.06939788907766342,
                    0.9961563348770142,
                    -0.053445905447006226
                ],
                [
                    -0.04429630935192108,
                    0.050445154309272766,
                    0.9977439641952515
                ]
            ],
            [
                [
                    0.9963940382003784,
                    -0.049853451550006866,
                    -0.0686553344130516
                ],
                [
                    0.04461424797773361,
                    0.9961215257644653,
                    -0.07583856582641602
                ],
                [
                    0.07216987013816833,
                    0.07250209152698517,
                    0.9947537183761597
                ]
            ],
            [
                [
                    0.9766342043876648,
                    0.21416150033473969,
                    -0.017901930958032608
                ],
                [
                    -0.2076854407787323,
                    0.9191150665283203,
                    -0.3348047137260437
                ],
                [
                    -0.05524834245443344,
                    0.33069971203804016,
                    0.94211745262146
                ]
            ],
            [
                [
                    0.9642469882965088,
                    0.12706740200519562,
                    0.2325545847415924
                ],
                [
                    -0.05830296501517296,
                    0.9577653408050537,
                    -0.2815781831741333
                ],
                [
                    -0.25851213932037354,
                    0.2579522728919983,
                    0.9309307336807251
                ]
            ],
            [
                [
                    0.9931265711784363,
                    -0.08935415744781494,
                    -0.07560013979673386
                ],
                [
                    0.09319797158241272,
                    0.9944441914558411,
                    0.04893723502755165
                ],
                [
                    0.07080737501382828,
                    -0.05564665049314499,
                    0.9959365725517273
                ]
            ],
            [
                [
                    0.9510163068771362,
                    0.03315246105194092,
                    0.30735811591148376
                ],
                [
                    -0.05409617722034454,
                    0.9967392086982727,
                    0.05987140163779259
                ],
                [
                    -0.3043709695339203,
                    -0.07356555759906769,
                    0.9497086405754089
                ]
            ],
            [
                [
                    0.9538763165473938,
                    -0.11850413680076599,
                    -0.2758200168609619
                ],
                [
                    0.11463364213705063,
                    0.9929494857788086,
                    -0.030172960832715034
                ],
                [
                    0.2774509787559509,
                    -0.0028369806241244078,
                    0.960735559463501
                ]
            ],
            [
                [
                    0.9976128339767456,
                    -0.03522525355219841,
                    -0.059395160526037216
                ],
                [
                    0.03326909616589546,
                    0.9988812208175659,
                    -0.03360821306705475
                ],
                [
                    0.060512565076351166,
                    0.03155196085572243,
                    0.9976686239242554
                ]
            ],
            [
                [
                    0.9947323799133301,
                    -0.09912109375,
                    -0.026124417781829834
                ],
                [
                    0.09993570297956467,
                    0.9944800138473511,
                    0.03197406977415085
                ],
                [
                    0.022810906171798706,
                    -0.034416403621435165,
                    0.9991472363471985
                ]
            ],
            [
                [
                    0.9817947745323181,
                    0.15854567289352417,
                    0.10460548847913742
                ],
                [
                    -0.16860747337341309,
                    0.9810378551483154,
                    0.09558387100696564
                ],
                [
                    -0.08746752887964249,
                    -0.11148101091384888,
                    0.989909827709198
                ]
            ],
            [
                [
                    0.9983283281326294,
                    -0.025096014142036438,
                    0.052064649760723114
                ],
                [
                    0.029199203476309776,
                    0.9963985085487366,
                    -0.0796080231666565
                ],
                [
                    -0.0498792938888073,
                    0.08099519461393356,
                    0.9954656362533569
                ]
            ],
            [
                [
                    0.9864516258239746,
                    -0.09636029601097107,
                    -0.13276956975460052
                ],
                [
                    0.10498813539743423,
                    0.9926872253417969,
                    0.05957752466201782
                ],
                [
                    0.12605775892734528,
                    -0.0727095827460289,
                    0.9893546104431152
                ]
            ],
            [
                [
                    0.9984226226806641,
                    0.05579538270831108,
                    0.006258777342736721
                ],
                [
                    -0.056133877485990524,
                    0.9942479133605957,
                    0.09121420979499817
                ],
                [
                    -0.0011334448354318738,
                    -0.09142165631055832,
                    0.9958116412162781
                ]
            ],
            [
                [
                    0.9985811114311218,
                    -0.02915913052856922,
                    -0.04456016793847084
                ],
                [
                    0.01545795053243637,
                    0.9594551920890808,
                    -0.2814369201660156
                ],
                [
                    0.05095994472503662,
                    0.2803487479686737,
                    0.9585445523262024
                ]
            ],
            [
                [
                    0.8723320960998535,
                    0.35617831349372864,
                    -0.3349233567714691
                ],
                [
                    -0.2981904149055481,
                    0.9304692149162292,
                    0.2128600776195526
                ],
                [
                    0.38745203614234924,
                    -0.08581371605396271,
                    0.9178870916366577
                ]
            ],
            [
                [
                    0.9109113812446594,
                    -0.3500611484050751,
                    0.2183980792760849
                ],
                [
                    0.3627062737941742,
                    0.9317012429237366,
                    -0.01941820979118347
                ],
                [
                    -0.19668416678905487,
                    0.09690261632204056,
                    0.9756666421890259
                ]
            ],
            [
                [
                    0.18308143317699432,
                    -0.15464556217193604,
                    -0.9708583950996399
                ],
                [
                    0.27313607931137085,
                    0.956671416759491,
                    -0.10087861120700836
                ],
                [
                    0.9443928599357605,
                    -0.24670745432376862,
                    0.2173880636692047
                ]
            ],
            [
                [
                    -0.30377236008644104,
                    0.28215500712394714,
                    0.910006046295166
                ],
                [
                    -0.22862908244132996,
                    0.9056447744369507,
                    -0.3571222722530365
                ],
                [
                    -0.9249060153961182,
                    -0.3165377080440521,
                    -0.21060101687908173
                ]
            ],
            [
                [
                    0.9765915274620056,
                    -0.14843256771564484,
                    -0.1556812822818756
                ],
                [
                    0.1489063948392868,
                    0.9888131618499756,
                    -0.008680322207510471
                ],
                [
                    0.1552281528711319,
                    -0.014704807661473751,
                    0.9877691268920898
                ]
            ],
            [
                [
                    0.9764071106910706,
                    0.1269223988056183,
                    0.1746995896100998
                ],
                [
                    -0.15330363810062408,
                    0.9772041440010071,
                    0.14686733484268188
                ],
                [
                    -0.15207640826702118,
                    -0.17018438875675201,
                    0.9736067652702332
                ]
            ],
            [
                [
                    0.9955517053604126,
                    0.09257058054208755,
                    -0.01753378100693226
                ],
                [
                    -0.09194517880678177,
                    0.9951960444450378,
                    0.033631909638643265
                ],
                [
                    0.020562872290611267,
                    -0.03187016397714615,
                    0.9992805123329163
                ]
            ],
            [
                [
                    0.9930600523948669,
                    -0.11713022738695145,
                    0.010595529340207577
                ],
                [
                    0.11662999540567398,
                    0.9923903942108154,
                    0.03948119655251503
                ],
                [
                    -0.015139343217015266,
                    -0.03797144070267677,
                    0.9991641640663147
                ]
            ]
        ],
        "betas": [
            -0.09000086784362793,
            -0.15802347660064697,
            0.27023711800575256,
            0.3628355860710144,
            0.15335100889205933,
            0.12502244114875793,
            0.004105180501937866,
            -0.11640626192092896,
            -0.01572367548942566,
            -0.044312745332717896
        ]
    },
    "pred_cam_t": [
        0.08925320953130722,
        0.34088918566703796,
        26.27691078186035
    ],
    "focal_length": [
        5000.0,
        5000.0
    ],
    "pred_keypoints_3d": [
        [
            -0.10202930867671967,
            -0.8236573934555054,
            -0.03149258345365524
        ],
        [
            0.06322578340768814,
            -0.7393043637275696,
            0.009446549229323864
        ],
        [
            0.029167458415031433,
            -0.6796063780784607,
            0.18037304282188416
        ],
        [
            -0.06125444173812866,
            -0.5934566855430603,
            0.39862608909606934
        ],
        [
            -0.24057637155056,
            -0.6943102478981018,
            0.2533227503299713
        ],
        [
            0.09205318987369537,
            -0.6862314343452454,
            -0.1592775583267212
        ],
        [
            0.03604138642549515,
            -0.6243270039558411,
            -0.4029923677444458
        ],
        [
            -0.1789853870868683,
            -0.7440252900123596,
            -0.4014902710914612
        ],
        [
            -0.0019057318568229675,
            -0.2280205637216568,
            0.02866005338728428
        ],
        [
            -0.0370711088180542,
            -0.15020717680454254,
            0.1035318672657013
        ],
        [
            -0.08410170674324036,
            0.20605449378490448,
            0.22280177474021912
        ],
        [
            -0.012402467429637909,
            0.5467308163642883,
            0.4074992537498474
        ],
        [
            0.022129738703370094,
            -0.12526017427444458,
            -0.01833791844546795
        ],
        [
            0.0045219771564006805,
            0.24052536487579346,
            0.037416718900203705
        ],
        [
            0.05324791744351387,
            0.5434472560882568,
            0.2840087413787842
        ],
        [
            -0.08591832965612411,
            -0.8678052425384521,
            0.008951246738433838
        ],
        [
            -0.07256641983985901,
            -0.8712528944015503,
            -0.05592910945415497
        ],
        [
            -0.0005070120096206665,
            -0.8703550100326538,
            0.07086336612701416
        ],
        [
            0.02859760820865631,
            -0.8784629106521606,
            -0.07462918758392334
        ],
        [
            -0.07002408802509308,
            0.6715543866157532,
            0.1900852918624878
        ],
        [
            0.013534501194953918,
            0.6755890250205994,
            0.18722206354141235
        ],
        [
            0.09890785068273544,
            0.5518971085548401,
            0.33736613392829895
        ],
        [
            -0.16693878173828125,
            0.6508985161781311,
            0.3445931673049927
        ],
        [
            -0.16568972170352936,
            0.6208893060684204,
            0.4273337125778198
        ],
        [
            0.04194808006286621,
            0.5711708068847656,
            0.45384860038757324
        ],
        [
            -0.004110204987227917,
            0.48916542530059814,
            0.4155655801296234
        ],
        [
            -0.08032377809286118,
            0.1471574455499649,
            0.20333699882030487
        ],
        [
            -0.05307499319314957,
            -0.28326573967933655,
            0.15785479545593262
        ],
        [
            0.08049307763576508,
            -0.21598520874977112,
            -0.09542778134346008
        ],
        [
            0.01394234225153923,
            0.2041834145784378,
            0.01649422198534012
        ],
        [
            0.0767454206943512,
            0.5082265138626099,
            0.2745952904224396
        ],
        [
            -0.2005728930234909,
            -0.6917504668235779,
            0.2404910773038864
        ],
        [
            -0.06096936762332916,
            -0.6379513740539551,
            0.3903898596763611
        ],
        [
            0.03671589493751526,
            -0.7035625576972961,
            0.15182897448539734
        ],
        [
            0.09578285366296768,
            -0.7104023694992065,
            -0.1335875689983368
        ],
        [
            0.04145612567663193,
            -0.672242283821106,
            -0.38885819911956787
        ],
        [
            -0.1592545211315155,
            -0.7520526051521301,
            -0.38738298416137695
        ],
        [
            0.06485412269830704,
            -0.7439560890197754,
            0.007064295466989279
        ],
        [
            -0.011049189604818821,
            -0.9234364628791809,
            -0.007992756552994251
        ],
        [
            0.013812648132443428,
            -0.2497316598892212,
            0.03052147477865219
        ],
        [
            0.0625445544719696,
            -0.6998560428619385,
            0.007881896570324898
        ],
        [
            0.05665223300457001,
            -0.49633872509002686,
            0.014079212211072445
        ],
        [
            -0.02390461415052414,
            -0.8107123970985413,
            -0.020347129553556442
        ],
        [
            -0.007710708305239677,
            -0.9431766271591187,
            -0.0018539698794484138
        ]
    ],
    "pred_vertices": [
        [
            -0.08027057349681854,
            -0.9171565771102905,
            -0.0683850646018982
        ],
        [
            -0.08474362641572952,
            -0.9020378589630127,
            -0.06391237676143646
        ],
        [
            -0.07317298650741577,
            -0.9006489515304565,
            -0.07256478816270828
        ],
        [
            -0.06508222222328186,
            -0.9124963879585266,
            -0.0758599191904068
        ],
        [
            -0.07773826271295547,
            -0.8904858827590942,
            -0.07019783556461334
        ],
        [
            -0.0864250659942627,
            -0.8900995254516602,
            -0.06178129464387894
        ],
        [
            -0.06046576797962189,
            -0.8965263366699219,
            -0.07671160995960236
        ],
        [
            -0.05055806785821915,
            -0.9056801795959473,
            -0.07905802130699158
        ],
        [
            -0.041703708469867706,
            -0.8637624979019165,
            -0.07929269224405289
        ],
        [
            -0.030879952013492584,
            -0.8611597418785095,
            -0.08078894764184952
        ],
        [
            -0.03435242176055908,
            -0.872643232345581,
            -0.0810970664024353
        ],
        [
            -0.04427430033683777,
            -0.8721761703491211,
            -0.07842967659235
        ],
        [
            -0.03364033252000809,
            -0.8386980891227722,
            -0.07773544639348984
        ],
        [
            -0.04113604873418808,
            -0.8278831839561462,
            -0.07363863289356232
        ],
        [
            -0.029550857841968536,
            -0.8206332921981812,
            -0.07381061464548111
        ],
        [
            -0.02122514694929123,
            -0.8309920430183411,
            -0.0764646977186203
        ],
        [
            -0.07350378483533859,
            -0.8362953662872314,
            -0.047475896775722504
        ],
        [
            -0.0700182393193245,
            -0.8301819562911987,
            -0.05250956490635872
        ],
        [
            -0.06976722180843353,
            -0.8371156454086304,
            -0.0562187135219574
        ],
        [
            -0.07282208651304245,
            -0.8424358367919922,
            -0.050270259380340576
        ],
        [
            -0.08286269754171371,
            -0.8444869518280029,
            -0.04003625363111496
        ],
        [
            -0.08045944571495056,
            -0.8504600524902344,
            -0.04017818346619606
        ],
        [
            -0.08706874400377274,
            -0.8532108068466187,
            -0.036715228110551834
        ],
        [
            -0.0901205912232399,
            -0.8464416265487671,
            -0.03762810677289963
        ],
        [
            -0.07351049035787582,
            -0.8309253454208374,
            -0.04208824038505554
        ],
        [
            -0.06949971616268158,
            -0.8247209191322327,
            -0.04744705557823181
        ],
        [
            -0.07686913013458252,
            -0.841420590877533,
            -0.04314076155424118
        ],
        [
            -0.07845215499401093,
            -0.836603581905365,
            -0.042161669582128525
        ],
        [
            -0.0878877267241478,
            -0.8288567066192627,
            -0.04157908260822296
        ],
        [
            -0.08700632303953171,
            -0.8338296413421631,
            -0.04282146319746971
        ],
        [
            -0.09443570673465729,
            -0.8336030840873718,
            -0.04117291420698166
        ],
        [
            -0.0931554064154625,
            -0.8281739950180054,
            -0.03979109227657318
        ],
        [
            -0.07819010317325592,
            -0.8297621011734009,
            -0.04224902018904686
        ],
        [
            -0.08126763999462128,
            -0.8322499990463257,
            -0.043458715081214905
        ],
        [
            -0.08338700234889984,
            -0.8281253576278687,
            -0.04154047742486
        ],
        [
            -0.0802309587597847,
            -0.8265030384063721,
            -0.039270155131816864
        ],
        [
            -0.08478665351867676,
            -0.8397966623306274,
            -0.040277883410453796
        ],
        [
            -0.09245896339416504,
            -0.8404551148414612,
            -0.0390637181699276
        ],
        [
            -0.10035467892885208,
            -0.8405414819717407,
            -0.03694646805524826
        ],
        [
            -0.10202067345380783,
            -0.83172607421875,
            -0.03871180862188339
        ],
        [
            -0.05848849564790726,
            -0.8184328675270081,
            -0.06147393584251404
        ],
        [
            -0.06503181904554367,
            -0.8242698311805725,
            -0.0577956922352314
        ],
        [
            -0.0653640553355217,
            -0.8193368911743164,
            -0.05275453254580498
        ],
        [
            -0.06048908084630966,
            -0.8145508766174316,
            -0.05663711577653885
        ],
        [
            -0.07612942904233932,
            -0.8239601254463196,
            -0.03966843709349632
        ],
        [
            -0.07227219641208649,
            -0.8085548877716064,
            -0.04330985248088837
        ],
        [
            -0.0731537863612175,
            -0.81224524974823,
            -0.04366234689950943
        ],
        [
            -0.07856939733028412,
            -0.8121386170387268,
            -0.0388350673019886
        ],
        [
            -0.07745502889156342,
            -0.8087208271026611,
            -0.03906635940074921
        ],
        [
            -0.04591252654790878,
            -0.8060667514801025,
            -0.06419001519680023
        ],
        [
            -0.051352567970752716,
            -0.8040279150009155,
            -0.059678614139556885
        ],
        [
            -0.04735874384641647,
            -0.7976995706558228,
            -0.05943966656923294
        ],
        [
            -0.04056636989116669,
            -0.7987180948257446,
            -0.06298036873340607
        ],
        [
            -0.045904964208602905,
            -0.7922351360321045,
            -0.056786082684993744
        ],
        [
            -0.036374859511852264,
            -0.791681170463562,
            -0.060774222016334534
        ],
        [
            -0.03634192794561386,
            -0.7777069807052612,
            -0.05188767611980438
        ],
        [
            -0.035844311118125916,
            -0.7838988304138184,
            -0.05644428730010986
        ],
        [
            -0.04622240364551544,
            -0.7865827083587646,
            -0.053062159568071365
        ],
        [
            -0.049656979739665985,
            -0.7808512449264526,
            -0.04864242300391197
        ],
        [
            -0.06144008785486221,
            -0.7831412553787231,
            -0.03936374559998512
        ],
        [
            -0.06514982134103775,
            -0.7811650037765503,
            -0.034356243908405304
        ],
        [
            -0.05966085195541382,
            -0.7700444459915161,
            -0.03822893649339676
        ],
        [
            -0.055228084325790405,
            -0.7745842933654785,
            -0.04338487610220909
        ],
        [
            -0.06711763143539429,
            -0.8036659955978394,
            -0.04142061248421669
        ],
        [
            -0.06346424669027328,
            -0.8044247627258301,
            -0.044474899768829346
        ],
        [
            -0.06588827818632126,
            -0.8054413199424744,
            -0.04540535807609558
        ],
        [
            -0.0702444463968277,
            -0.8057411909103394,
            -0.042346879839897156
        ],
        [
            -0.060737401247024536,
            -0.8046611547470093,
            -0.04748963192105293
        ],
        [
            -0.05955864489078522,
            -0.8046401143074036,
            -0.048889316618442535
        ],
        [
            -0.06106407940387726,
            -0.8056545257568359,
            -0.049032941460609436
        ],
        [
            -0.06139948219060898,
            -0.8052887320518494,
            -0.04760304465889931
        ],
        [
            -0.06236793100833893,
            -0.8047499656677246,
            -0.045839544385671616
        ],
        [
            -0.0626048743724823,
            -0.8027656078338623,
            -0.04492536932229996
        ],
        [
            -0.06124594807624817,
            -0.8037697076797485,
            -0.04671989753842354
        ],
        [
            -0.06601110845804214,
            -0.801276683807373,
            -0.04225297272205353
        ],
        [
            -0.07617853581905365,
            -0.7968381643295288,
            -0.03261153772473335
        ],
        [
            -0.07411357015371323,
            -0.7978514432907104,
            -0.03561367839574814
        ],
        [
            -0.07445044070482254,
            -0.8022969365119934,
            -0.034016720950603485
        ],
        [
            -0.07627810537815094,
            -0.8017187118530273,
            -0.03152177482843399
        ],
        [
            -0.06338498741388321,
            -0.8070261478424072,
            -0.048186928033828735
        ],
        [
            -0.06288100779056549,
            -0.8087652921676636,
            -0.050250064581632614
        ],
        [
            -0.06757650524377823,
            -0.8106601238250732,
            -0.04758200794458389
        ],
        [
            -0.066782146692276,
            -0.8080263137817383,
            -0.04620826989412308
        ],
        [
            -0.062318384647369385,
            -0.8107854723930359,
            -0.05290341377258301
        ],
        [
            -0.0601566806435585,
            -0.8070513606071472,
            -0.05108606815338135
        ],
        [
            -0.05887459218502045,
            -0.8079428672790527,
            -0.0541677251458168
        ],
        [
            -0.059309251606464386,
            -0.8028784990310669,
            -0.048303794115781784
        ],
        [
            -0.05688531696796417,
            -0.8016232252120972,
            -0.05055136978626251
        ],
        [
            -0.058279797434806824,
            -0.8040492534637451,
            -0.05143284052610397
        ],
        [
            -0.05718359351158142,
            -0.7982596158981323,
            -0.04870083928108215
        ],
        [
            -0.060536548495292664,
            -0.800722599029541,
            -0.0461624413728714
        ],
        [
            -0.06371641904115677,
            -0.7982458472251892,
            -0.0435282327234745
        ],
        [
            -0.06793119013309479,
            -0.7957450151443481,
            -0.04007773846387863
        ],
        [
            -0.06345169246196747,
            -0.7917112112045288,
            -0.04159146547317505
        ],
        [
            -0.05967181921005249,
            -0.7948005199432373,
            -0.04564204812049866
        ],
        [
            -0.06700827926397324,
            -0.8145986795425415,
            -0.04966655746102333
        ],
        [
            -0.05522174388170242,
            -0.8039881587028503,
            -0.05494578182697296
        ],
        [
            -0.055754609405994415,
            -0.8103074431419373,
            -0.05838429182767868
        ],
        [
            -0.053179994225502014,
            -0.7994511723518372,
            -0.0544854961335659
        ],
        [
            -0.05247247964143753,
            -0.7950454354286194,
            -0.05235942453145981
        ],
        [
            -0.05419661104679108,
            -0.7907891273498535,
            -0.048655349761247635
        ],
        [
            -0.0576697438955307,
            -0.7866497039794922,
            -0.04423234611749649
        ],
        [
            -0.04684251546859741,
            -0.7639878988265991,
            -0.03757493942975998
        ],
        [
            -0.042496174573898315,
            -0.7700137495994568,
            -0.04456581175327301
        ],
        [
            -0.08269985765218735,
            -0.8832391500473022,
            -0.05871979892253876
        ],
        [
            -0.07793255895376205,
            -0.8831555247306824,
            -0.06656332314014435
        ],
        [
            -0.07134562730789185,
            -0.8765665888786316,
            -0.06525425612926483
        ],
        [
            -0.07154645025730133,
            -0.8788940906524658,
            -0.06683633476495743
        ],
        [
            -0.07614394277334213,
            -0.87946617603302,
            -0.06299857795238495
        ],
        [
            -0.07476800680160522,
            -0.8770458102226257,
            -0.06186129152774811
        ],
        [
            -0.0516485720872879,
            -0.8728264570236206,
            -0.07411930710077286
        ],
        [
            -0.05760475993156433,
            -0.8735605478286743,
            -0.07062971591949463
        ],
        [
            -0.055432431399822235,
            -0.8701554536819458,
            -0.07052764296531677
        ],
        [
            -0.04941728711128235,
            -0.8665691614151001,
            -0.07548993825912476
        ],
        [
            -0.062315307557582855,
            -0.8611140251159668,
            -0.06510663777589798
        ],
        [
            -0.058532483875751495,
            -0.8631351590156555,
            -0.06839345395565033
        ],
        [
            -0.06330351531505585,
            -0.8690136671066284,
            -0.06551174074411392
        ],
        [
            -0.06613340973854065,
            -0.8675188422203064,
            -0.06311506778001785
        ],
        [
            -0.06891293823719025,
            -0.8664838671684265,
            -0.06010063737630844
        ],
        [
            -0.07127846777439117,
            -0.8660867214202881,
            -0.056292109191417694
        ],
        [
            -0.06935431063175201,
            -0.8609284162521362,
            -0.056415900588035583
        ],
        [
            -0.06617666780948639,
            -0.8605668544769287,
            -0.06087638437747955
        ],
        [
            -0.07890478521585464,
            -0.8801757097244263,
            -0.05681636929512024
        ],
        [
            -0.08053796738386154,
            -0.8791773319244385,
            -0.04962441697716713
        ],
        [
            -0.07849143445491791,
            -0.876442551612854,
            -0.05072823166847229
        ],
        [
            -0.07770626991987228,
            -0.8771412372589111,
            -0.05679265782237053
        ],
        [
            -0.07505487650632858,
            -0.8706229329109192,
            -0.03954428434371948
        ],
        [
            -0.076262466609478,
            -0.8728569746017456,
            -0.0410335548222065
        ],
        [
            -0.07843906432390213,
            -0.8739668130874634,
            -0.03785914182662964
        ],
        [
            -0.07696319371461868,
            -0.8696969747543335,
            -0.036752671003341675
        ],
        [
            -0.07594069093465805,
            -0.8667284250259399,
            -0.039083629846572876
        ],
        [
            -0.0748688206076622,
            -0.8689621090888977,
            -0.04094896838068962
        ],
        [
            -0.08500825613737106,
            -0.9384527802467346,
            -0.05877181887626648
        ],
        [
            -0.09123645722866058,
            -0.920272946357727,
            -0.056800976395606995
        ],
        [
            -0.0682305097579956,
            -0.9347851276397705,
            -0.07019144296646118
        ],
        [
            -0.052697911858558655,
            -0.9266760349273682,
            -0.07671266794204712
        ],
        [
            -0.038945965468883514,
            -0.9153987169265747,
            -0.08067715167999268
        ],
        [
            -0.03823722153902054,
            -0.8119960427284241,
            -0.06926263868808746
        ],
        [
            -0.030197344720363617,
            -0.8044585585594177,
            -0.06885862350463867
        ],
        [
            -0.018399082124233246,
            -0.8141405582427979,
            -0.07331922650337219
        ],
        [
            -0.012117728590965271,
            -0.8049323558807373,
            -0.07004132866859436
        ],
        [
            -0.02496698498725891,
            -0.7952297329902649,
            -0.06581565737724304
        ],
        [
            -0.022653117775917053,
            -0.7771563529968262,
            -0.0521516278386116
        ],
        [
            -0.02223922312259674,
            -0.7854639291763306,
            -0.060273297131061554
        ],
        [
            -0.006204478442668915,
            -0.796064019203186,
            -0.06380455195903778
        ],
        [
            0.007951758801937103,
            -0.8109391927719116,
            -0.0674717128276825
        ],
        [
            -0.0005808472633361816,
            -0.8168309926986694,
            -0.07262048125267029
        ],
        [
            0.01782185584306717,
            -0.8289511799812317,
            -0.06812985241413116
        ],
        [
            0.018876224756240845,
            -0.8046507835388184,
            -0.06023750081658363
        ],
        [
            0.02568725496530533,
            -0.8292043209075928,
            -0.06258410215377808
        ],
        [
            0.014743577688932419,
            -0.7697986364364624,
            -0.04832455515861511
        ],
        [
            0.019263658672571182,
            -0.7599308490753174,
            -0.04903934523463249
        ],
        [
            0.03518959507346153,
            -0.7681851387023926,
            -0.05399971455335617
        ],
        [
            0.03026461973786354,
            -0.7784444093704224,
            -0.0546882301568985
        ],
        [
            -0.009474016726016998,
            -0.8234971165657043,
            -0.07556194067001343
        ],
        [
            -0.028874985873699188,
            -0.8845541477203369,
            -0.08111207187175751
        ],
        [
            -0.04059377312660217,
            -0.8820130825042725,
            -0.08010323345661163
        ],
        [
            -0.02264595776796341,
            -0.8727923631668091,
            -0.08207812905311584
        ],
        [
            -0.021283477544784546,
            -0.9476189613342285,
            -0.07804740220308304
        ],
        [
            -0.038748860359191895,
            -0.9387555718421936,
            -0.07661271840333939
        ],
        [
            -0.02734561264514923,
            -0.9254116415977478,
            -0.08218494802713394
        ],
        [
            -0.0127783864736557,
            -0.9349189400672913,
            -0.08188961446285248
        ],
        [
            -0.0444154292345047,
            -0.9791637659072876,
            -0.05495632439851761
        ],
        [
            -0.06655214726924896,
            -0.9610275626182556,
            -0.05873389542102814
        ],
        [
            -0.05364532768726349,
            -0.9520033597946167,
            -0.0678522139787674
        ],
        [
            -0.03484979271888733,
            -0.966194748878479,
            -0.0670989528298378
        ],
        [
            0.0001958310604095459,
            -0.9391974806785583,
            -0.08053041994571686
        ],
        [
            0.018137499690055847,
            -0.9440104365348816,
            -0.07691881060600281
        ],
        [
            0.01995798945426941,
            -0.9607973694801331,
            -0.07122419029474258
        ],
        [
            -0.0019419938325881958,
            -0.9566129446029663,
            -0.07492974400520325
        ],
        [
            0.0194990336894989,
            -0.9819290637969971,
            -0.05820644646883011
        ],
        [
            -0.00751243531703949,
            -0.9778067469596863,
            -0.0632132813334465
        ],
        [
            0.03742855787277222,
            -0.8163005113601685,
            -0.057447947561740875
        ],
        [
            0.036979131400585175,
            -0.8360641002655029,
            -0.058658767491579056
        ],
        [
            0.023149430751800537,
            -0.7900389432907104,
            -0.05573391169309616
        ],
        [
            0.039611246436834335,
            -0.8001066446304321,
            -0.05616769567131996
        ],
        [
            0.016420334577560425,
            -0.9974364042282104,
            -0.039982885122299194
        ],
        [
            -0.01516716182231903,
            -0.9933042526245117,
            -0.04653742164373398
        ],
        [
            0.06633651256561279,
            -0.9321112632751465,
            -0.053467798978090286
        ],
        [
            0.0556601881980896,
            -0.9478524923324585,
            -0.058277975767850876
        ],
        [
