{
    "pred_cam": [
        1.501645803451538,
        0.08922745287418365,
        0.34808528423309326
    ],
    "pred_smpl_params": {
        "global_orient": [
            [
                [
                    0.44567546248435974,
                    0.11678893864154816,
                    -0.8875436186790466
                ],
                [
                    0.17934031784534454,
                    -0.9830020070075989,
                    -0.039295170456171036
                ],
                [
                    -0.8770464062690735,
                    -0.1416594684123993,
                    -0.45904484391212463
                ]
            ]
        ],
        "body_pose": [
            [
                [
                    0.9820569753646851,
                    0.07214003801345825,
                    0.17424100637435913
                ],
                [
                    -0.06462894380092621,
                    0.9967344403266907,
                    -0.04841088131070137
                ],
                [
                    -0.17716436088085175,
                    0.03628123179078102,
                    0.9835123419761658
                ]
            ],
            [
                [
                    0.9958075881004333,
                    0.07741021364927292,
                    0.04873257502913475
                ],
                [
                    -0.07388171553611755,
                    0.9947746992111206,
                    -0.0704609751701355
                ],
                [
                    -0.05393233522772789,
                    0.0665651336312294,
                    0.9963234066963196
                ]
            ],
            [
                [
                    0.996439516544342,
                    -0.0501459501683712,
                    -0.06777754426002502
                ],
                [
                    0.04554474726319313,
                    0.9966583847999573,
                    -0.06780676543712616
                ],
                [
                    0.07095129042863846,
                    0.06447841972112656,
                    0.995393693447113
                ]
            ],
            [
                [
                    0.9738004207611084,
                    0.22708971798419952,
                    -0.011957705020904541
                ],
                [
                    -0.21598966419696808,
                    0.9071901440620422,
                    -0.36104637384414673
                ],
                [
                    -0.07114200294017792,
                    0.3541698455810547,
                    0.9324711561203003
                ]
            ],
            [
                [
                    0.9569476842880249,
                    0.14751532673835754,
                    0.24998068809509277
                ],
                [
                    -0.06596693396568298,
                    0.9492214918136597,
                    -0.3076150119304657
                ],
                [
                    -0.282664954662323,
                    0.27788102626800537,
                    0.9180864691734314
                ]
            ],
            [
                [
                    0.9926973581314087,
                    -0.0899035632610321,
                    -0.0804312452673912
                ],
                [
                    0.09348460286855698,
                    0.994737982749939,
                    0.04191708564758301
                ],
                [
                    0.07623951882123947,
                    -0.049130067229270935,
                    0.9958783388137817
                ]
            ],
            [
                [
                    0.9540960192680359,
                    0.029967492446303368,
                    0.29799792170524597
                ],
                [
                    -0.051489487290382385,
                    0.9965797662734985,
                    0.064634308218956
                ],
                [
                    -0.2950417697429657,
                    -0.07701108604669571,
                    0.9523757696151733
                ]
            ],
            [
                [
                    0.9565472602844238,
                    -0.11151394248008728,
                    -0.2694105803966522
                ],
                [
                    0.1101817712187767,
                    0.9937079548835754,
                    -0.020111383870244026
                ],
                [
                    0.26995813846588135,
                    -0.010446647182106972,
                    0.9628154039382935
                ]
            ],
            [
                [
                    0.9973232746124268,
                    -0.03708415850996971,
                    -0.06301559507846832
                ],
                [
                    0.03509729355573654,
                    0.998860239982605,
                    -0.03234971687197685
                ],
                [
                    0.06414342671632767,
                    0.030051451176404953,
                    0.9974881410598755
                ]
            ],
            [
                [
                    0.9953755140304565,
                    -0.09483519196510315,
                    -0.015295365825295448
                ],
                [
                    0.09532751142978668,
                    0.9948115944862366,
                    0.03553294390439987
                ],
                [
                    0.01184623222798109,
                    -0.036826688796281815,
                    0.9992514848709106
                ]
            ],
            [
                [
                    0.9837781190872192,
                    0.14661726355552673,
                    0.10336333513259888
                ],
                [
                    -0.15771088004112244,
                    0.9814661145210266,
                    0.10886497050523758
                ],
                [
                    -0.08548612147569656,
                    -0.1234004944562912,
                    0.9886680245399475
                ]
            ],
            [
                [
                    0.9961421489715576,
                    -0.0343843549489975,
                    0.08073725551366806
                ],
                [
                    0.039836931973695755,
                    0.9969623684883118,
                    -0.06692487746477127
                ],
                [
                    -0.07819084823131561,
                    0.06988301873207092,
                    0.9944859743118286
                ]
            ],
            [
                [
                    0.9839379191398621,
                    -0.08780833333730698,
                    -0.15542155504226685
                ],
                [
                    0.09663502871990204,
                    0.994054913520813,
                    0.050163980573415756
                ],
                [
                    0.15009275078773499,
                    -0.06437741219997406,
                    0.9865736961364746
                ]
            ],
            [
                [
                    0.9988945126533508,
                    0.04646492376923561,
                    0.007133356295526028
                ],
                [
                    -0.04687657579779625,
                    0.9959344267845154,
                    0.07692407816648483
                ],
                [
                    -0.0035300825256854296,
                    -0.07717341929674149,
                    0.9970115423202515
                ]
            ],
            [
                [
                    0.9994467496871948,
                    -0.02510804496705532,
                    -0.02181134559214115
                ],
                [
                    0.018076451495289803,
                    0.9605696797370911,
                    -0.27745094895362854
                ],
                [
                    0.027917571365833282,
                    0.2769031822681427,
                    0.9604921340942383
                ]
            ],
            [
                [
                    0.8537226915359497,
                    0.38733142614364624,
                    -0.3480401933193207
                ],
                [
                    -0.3316695988178253,
                    0.9197275638580322,
                    0.2099916934967041
                ],
                [
                    0.40143853425979614,
                    -0.06384032219648361,
                    0.9136583209037781
                ]
            ],
            [
                [
                    0.896635115146637,
                    -0.38920655846595764,
                    0.21110105514526367
                ],
                [
                    0.40790265798568726,
                    0.9115482568740845,
                    -0.05191498622298241
                ],
                [
                    -0.17222315073013306,
                    0.1326574981212616,
                    0.9760845899581909
                ]
            ],
            [
                [
                    0.17264464497566223,
                    -0.16277354955673218,
                    -0.9714415669441223
                ],
                [
                    0.24423837661743164,
                    0.9625245928764343,
                    -0.11787336319684982
                ],
                [
                    0.9542229175567627,
                    -0.2169131189584732,
                    0.20593026280403137
                ]
            ],
            [
                [
                    -0.3726338744163513,
                    0.3025582432746887,
                    0.8772699236869812
                ],
                [
                    -0.1939050257205963,
                    0.8991010189056396,
                    -0.39245161414146423
                ],
                [
                    -0.9074937105178833,
                    -0.31634780764579773,
                    -0.2763679325580597
                ]
            ],
            [
                [
                    0.9766796231269836,
                    -0.1558445543050766,
                    -0.14767985045909882
                ],
                [
                    0.15374717116355896,
                    0.9877789616584778,
                    -0.02558392845094204
                ],
                [
                    0.1498621702194214,
                    0.0022819419391453266,
                    0.988704264163971
                ]
            ],
            [
                [
                    0.9770215153694153,
                    0.12226264923810959,
                    0.17458726465702057
                ],
                [
                    -0.14999212324619293,
                    0.9763594269752502,
                    0.15564268827438354
                ],
                [
                    -0.1514306217432022,
                    -0.17825298011302948,
                    0.9722626209259033
                ]
            ],
            [
                [
                    0.9953756928443909,
                    0.09490851312875748,
                    -0.01482271309942007
                ],
                [
                    -0.0943240225315094,
                    0.9948862791061401,
                    0.03611522167921066
                ],
                [
                    0.018174555152654648,
                    -0.03455007076263428,
                    0.9992377758026123
                ]
            ],
            [
                [
                    0.992643415927887,
                    -0.12054683268070221,
                    0.011292743496596813
                ],
                [
                    0.11994543671607971,
                    0.9918075203895569,
                    0.04394150897860527
                ],
                [
                    -0.016497239470481873,
                    -0.042263735085725784,
                    0.9989702701568604
                ]
            ]
        ],
        "betas": [
            -0.08843398094177246,
            -0.17571130394935608,
            0.27975890040397644,
            0.37240880727767944,
            0.161235511302948,
            0.1289536952972412,
            0.006429165601730347,
            -0.13235855102539062,
            -0.009742766618728638,
            -0.04197579622268677
        ]
    },
    "pred_cam_t": [
        0.08922745287418365,
        0.34808528423309326,
        26.013124465942383
    ],
    "focal_length": [
        5000.0,
        5000.0
    ],
    "pred_keypoints_3d": [
        [
            -0.0996551364660263,
            -0.8259888887405396,
            -0.043684959411621094
        ],
        [
            0.06211880221962929,
            -0.7401068210601807,
            0.008069605566561222
        ],
        [
            0.022889789193868637,
            -0.6804307699203491,
            0.17867107689380646
        ],
        [
            -0.06545504927635193,
            -0.5813478827476501,
            0.39214420318603516
        ],
        [
            -0.23600497841835022,
            -0.6714611053466797,
            0.23031270503997803
        ],
        [
            0.0934484526515007,
            -0.6856071949005127,
            -0.16054707765579224
        ],
        [
            0.03500797599554062,
            -0.6108420491218567,
            -0.399942547082901
        ],
        [
            -0.18589827418327332,
            -0.7190886735916138,
            -0.3947961628437042
        ],
        [
            -0.0019114688038825989,
            -0.22830000519752502,
            0.028780827298760414
        ],
        [
            -0.03919650986790657,
            -0.15094345808029175,
            0.10324583947658539
        ],
        [
            -0.0837012529373169,
            0.20326939225196838,
            0.22875039279460907
        ],
        [
            -0.009787842631340027,
            0.5312198400497437,
            0.43405023217201233
        ],
        [
            0.024379432201385498,
            -0.1251826137304306,
            -0.01642567105591297
        ],
        [
            0.004679033532738686,
            0.23976747691631317,
            0.042357638478279114
        ],
        [
            0.04878241568803787,
            0.5326147675514221,
            0.30135655403137207
        ],
        [
            -0.08645324409008026,
            -0.8695433139801025,
            -0.0015247110277414322
        ],
        [
            -0.0680086761713028,
            -0.8737294673919678,
            -0.06511568278074265
        ],
        [
            -0.0060004740953445435,
            -0.8705083131790161,
            0.06693285703659058
        ],
        [
            0.03427615016698837,
            -0.8803813457489014,
            -0.07577647268772125
        ],
        [
            -0.06952457129955292,
            0.6651566028594971,
            0.20707851648330688
        ],
        [
            0.014105930924415588,
            0.6680008172988892,
            0.20750001072883606
        ],
        [
            0.09247706830501556,
            0.5385372638702393,
            0.35645535588264465
        ],
        [
            -0.15638303756713867,
            0.6424951553344727,
            0.365800678730011
        ],
        [
            -0.1618635505437851,
            0.6094903945922852,
            0.44716137647628784
        ],
        [
            0.04219613969326019,
            0.5516535639762878,
            0.4847020208835602
        ],
        [
            -0.004314504098147154,
            0.4730808138847351,
            0.4397972822189331
        ],
        [
            -0.08010619133710861,
            0.14500339329242706,
            0.20777904987335205
        ],
        [
            -0.05816982313990593,
            -0.2845134735107422,
            0.15557262301445007
        ],
        [
            0.08511229604482651,
            -0.21564607322216034,
            -0.09250963479280472
        ],
        [
            0.014695990830659866,
            0.20378616452217102,
            0.021248191595077515
        ],
        [
            0.07210026681423187,
            0.49735862016677856,
            0.291368693113327
        ],
        [
            -0.19476723670959473,
            -0.670739471912384,
            0.22132223844528198
        ],
        [
            -0.06784041225910187,
            -0.6265079975128174,
            0.3843241035938263
        ],
        [
            0.031136538833379745,
            -0.7039403915405273,
            0.15032528340816498
        ],
        [
            0.09715764969587326,
            -0.710098385810852,
            -0.13495516777038574
        ],
        [
            0.038775987923145294,
            -0.6598680019378662,
            -0.387675017118454
        ],
        [
            -0.16637343168258667,
            -0.7283291220664978,
            -0.38140255212783813
        ],
        [
            0.0628906711935997,
            -0.744998037815094,
            0.005667750723659992
        ],
        [
            -0.010013354942202568,
            -0.9248037338256836,
            -0.011769551783800125
        ],
        [
            0.01360488124191761,
            -0.25020116567611694,
            0.030806701630353928
        ],
        [
            0.0604129359126091,
            -0.7001110911369324,
            0.006497222930192947
        ],
        [
            0.056815437972545624,
            -0.4968084990978241,
            0.01408999040722847
        ],
        [
            -0.022520963102579117,
            -0.8123382329940796,
            -0.026532208546996117
        ],
        [
            -0.00696896854788065,
            -0.9444619417190552,
            -0.0051690973341465
        ]
    ],
    "pred_vertices": [
        [
            -0.0745721161365509,
            -0.9198213815689087,
            -0.07756108045578003
        ],
        [
            -0.07942052185535431,
            -0.9047238230705261,
            -0.07357363402843475
        ],
        [
            -0.06722786277532578,
            -0.9033585786819458,
            -0.08134498447179794
        ],
        [
            -0.0587870329618454,
            -0.9151850938796997,
            -0.08383676409721375
        ],
        [
            -0.07199269533157349,
            -0.8931841254234314,
            -0.07943218946456909
        ],
        [
            -0.08129148930311203,
            -0.892706573009491,
            -0.07171445339918137
        ],
        [
            -0.05425431579351425,
            -0.8991764783859253,
            -0.08456525206565857
        ],
        [
            -0.044109173119068146,
            -0.908337414264679,
            -0.0860060602426529
        ],
        [
            -0.03551346808671951,
            -0.8662943840026855,
            -0.08611003309488297
        ],
        [
            -0.024599924683570862,
            -0.8636170625686646,
            -0.08681981265544891
        ],
        [
            -0.027999743819236755,
            -0.8751034736633301,
            -0.0872422307729721
        ],
        [
            -0.03808525204658508,
            -0.87467360496521,
            -0.08534453809261322
        ],
        [
            -0.027795150876045227,
            -0.8411416411399841,
            -0.08431693911552429
        ],
        [
            -0.03566001355648041,
            -0.8303183317184448,
            -0.08094076812267303
        ],
        [
            -0.024184003472328186,
            -0.8229766488075256,
            -0.08031940460205078
        ],
        [
            -0.015587836503982544,
            -0.8332982063293457,
            -0.08218643814325333
        ],
        [
            -0.06986091285943985,
            -0.8386470079421997,
            -0.05727396905422211
        ],
        [
            -0.06603453308343887,
            -0.8325753211975098,
            -0.06207966059446335
        ],
        [
            -0.0654296949505806,
            -0.839555561542511,
            -0.06566134095191956
        ],
        [
            -0.06890343129634857,
            -0.8448145389556885,
            -0.05991248041391373
        ],
        [
            -0.079720139503479,
            -0.8467810153961182,
            -0.05046628415584564
        ],
        [
            -0.07726486772298813,
            -0.8527339100837708,
            -0.05033864825963974
        ],
        [
            -0.08410590142011642,
            -0.855500340461731,
            -0.0473673939704895
        ],
        [
            -0.08712615817785263,
            -0.8487701416015625,
            -0.04859445244073868
        ],
        [
            -0.07031907886266708,
            -0.8332028388977051,
            -0.05197147652506828
        ],
        [
            -0.06595375388860703,
            -0.8270550966262817,
            -0.05706234276294708
        ],
        [
            -0.07351584732532501,
            -0.8437385559082031,
            -0.0531524233520031
        ],
        [
            -0.07521534711122513,
            -0.8388848304748535,
            -0.05235413461923599
        ],
        [
            -0.08472178131341934,
            -0.8312141299247742,
            -0.052602704614400864
        ],
        [
            -0.08370407670736313,
            -0.836203932762146,
            -0.053698793053627014
        ],
        [
            -0.09125058352947235,
            -0.8360111713409424,
            -0.052622318267822266
        ],
        [
            -0.09012532234191895,
            -0.8305381536483765,
            -0.05123218521475792
        ],
        [
            -0.07500282675027847,
            -0.8320366740226746,
            -0.05251024663448334
        ],
        [
            -0.07795759290456772,
            -0.8345702886581421,
            -0.05391579121351242
        ],
        [
            -0.08025194704532623,
            -0.8304388523101807,
            -0.05221821367740631
        ],
        [
            -0.0772942453622818,
            -0.8287622928619385,
            -0.04973399639129639
        ],
        [
            -0.08165605366230011,
            -0.8421030044555664,
            -0.050913482904434204
        ],
        [
            -0.08939225971698761,
            -0.8428203463554382,
            -0.0502900555729866
        ],
        [
            -0.09742824733257294,
            -0.8429495096206665,
            -0.04876874387264252
        ],
        [
            -0.09901726245880127,
            -0.8341536521911621,
            -0.05078018456697464
        ],
        [
            -0.05396135151386261,
            -0.820859432220459,
            -0.07026956975460052
        ],
        [
            -0.06071329861879349,
            -0.826698899269104,
            -0.0670323520898819
        ],
        [
            -0.061467915773391724,
            -0.8217020034790039,
            -0.0620940737426281
        ],
        [
            -0.05635487288236618,
            -0.816927433013916,
            -0.06564565002918243
        ],
        [
            -0.07318625599145889,
            -0.8261857628822327,
            -0.04984389245510101
        ],
        [
            -0.06919923424720764,
            -0.8107939958572388,
            -0.05335887148976326
        ],
        [
            -0.07001245021820068,
            -0.8144974708557129,
            -0.05372852087020874
        ],
        [
            -0.07578902691602707,
            -0.814374566078186,
            -0.04933500289916992
        ],
        [
            -0.0746900737285614,
            -0.8109515905380249,
            -0.04951882362365723
        ],
        [
            -0.041333310306072235,
            -0.8084290027618408,
            -0.07217063009738922
        ],
        [
            -0.04709537327289581,
            -0.8063862323760986,
            -0.06810411810874939
        ],
        [
            -0.04320412874221802,
            -0.800012469291687,
            -0.067640520632267
        ],
        [
            -0.03618503361940384,
            -0.801017165184021,
            -0.07063627988100052
        ],
        [
            -0.04200850427150726,
            -0.7945188879966736,
            -0.06491871178150177
        ],
        [
            -0.032248951494693756,
            -0.7939192056655884,
            -0.06816790252923965
        ],
        [
            -0.03301551192998886,
            -0.7797863483428955,
            -0.05941937863826752
        ],
        [
            -0.03212694078683853,
            -0.7860435843467712,
            -0.06387543678283691
        ],
        [
            -0.04264526069164276,
            -0.7888134717941284,
            -0.061276331543922424
        ],
        [
            -0.04644770920276642,
            -0.7830339670181274,
            -0.05718239024281502
        ],
        [
            -0.058895982801914215,
            -0.7852612733840942,
            -0.04885595291852951
        ],
        [
            -0.06299594044685364,
            -0.7832584381103516,
            -0.044171713292598724
        ],
        [
            -0.05730663985013962,
            -0.7721240520477295,
            -0.0477091446518898
        ],
        [
            -0.05244988203048706,
            -0.7767409086227417,
            -0.052440281957387924
        ],
        [
            -0.06424126774072647,
            -0.805881142616272,
            -0.05114264786243439
        ],
        [
            -0.06035596877336502,
            -0.8066462278366089,
            -0.053898997604846954
        ],
        [
            -0.06269537657499313,
            -0.8076900243759155,
            -0.05500546470284462
        ],
        [
            -0.06726990640163422,
            -0.8079855442047119,
            -0.05228250473737717
        ],
        [
            -0.057408079504966736,
            -0.8069014549255371,
            -0.05669199302792549
        ],
        [
            -0.056125521659851074,
            -0.8068889379501343,
            -0.0579986646771431
        ],
        [
            -0.05760309100151062,
            -0.8079178333282471,
            -0.058246005326509476
        ],
        [
            -0.05806510150432587,
            -0.8075288534164429,
            -0.05684845149517059
        ],
        [
            -0.05917177349328995,
            -0.8069747686386108,
            -0.05517078563570976
        ],
        [
            -0.05949309468269348,
            -0.8049845695495605,
            -0.05429956316947937
        ],
        [
            -0.057987041771411896,
            -0.8060040473937988,
            -0.05597612261772156
        ],
        [
            -0.06310782581567764,
            -0.8034909963607788,
            -0.05191439390182495
        ],
        [
            -0.07401707768440247,
            -0.7989811897277832,
            -0.043122269213199615
        ],
        [
            -0.07171668112277985,
            -0.8000521063804626,
            -0.045951806008815765
        ],
        [
            -0.07213211059570312,
            -0.8044769167900085,
            -0.04433001950383186
        ],
        [
            -0.07415930181741714,
            -0.8038480281829834,
            -0.0419817678630352
        ],
        [
            -0.05999350547790527,
            -0.8092547059059143,
            -0.057562269270420074
        ],
        [
            -0.059283651411533356,
            -0.8110664486885071,
            -0.059557609260082245
        ],
        [
            -0.06415307521820068,
            -0.8129600286483765,
            -0.05723217874765396
        ],
        [
            -0.06349802762269974,
            -0.8102996349334717,
            -0.055841024965047836
        ],
        [
            -0.058502599596977234,
            -0.8131197690963745,
            -0.062119387090206146
        ],
        [
            -0.05652724951505661,
            -0.8093389272689819,
            -0.06020300090312958
        ],
        [
            -0.0550043061375618,
            -0.8102414608001709,
            -0.06314744800329208
        ],
        [
            -0.05594058334827423,
            -0.8051189184188843,
            -0.0574163943529129
        ],
        [
            -0.05335981398820877,
            -0.8038773536682129,
            -0.059479665011167526
        ],
        [
            -0.054655954241752625,
            -0.8063249588012695,
            -0.060439225286245346
        ],
        [
            -0.05382706969976425,
            -0.8004929423332214,
            -0.057693250477313995
        ],
        [
            -0.057337574660778046,
            -0.8029500246047974,
            -0.055391110479831696
        ],
        [
            -0.0607285276055336,
            -0.8004662990570068,
            -0.05303599685430527
        ],
        [
            -0.06521832942962646,
            -0.797951340675354,
            -0.04994731396436691
        ],
        [
            -0.060669876635074615,
            -0.7938947677612305,
            -0.051156092435121536
        ],
        [
            -0.05656298249959946,
            -0.7970143556594849,
            -0.054868899285793304
        ],
        [
            -0.0633927658200264,
            -0.8168965578079224,
            -0.059205666184425354
        ],
        [
            -0.05132807791233063,
            -0.8062998056411743,
            -0.06369149684906006
        ],
        [
            -0.05152854323387146,
            -0.8126835823059082,
            -0.06706816703081131
        ],
        [
            -0.04936990886926651,
            -0.8017387390136719,
            -0.06313075125217438
        ],
        [
            -0.048865906894207,
            -0.797297477722168,
            -0.061001136898994446
        ],
        [
            -0.05089219659566879,
            -0.7930305004119873,
            -0.05746566504240036
        ],
        [
            -0.05473465472459793,
            -0.7888175249099731,
            -0.053381599485874176
        ],
        [
            -0.04462265968322754,
            -0.7659378051757812,
            -0.04607299342751503
        ],
        [
            -0.03973040729761124,
            -0.77204829454422,
            -0.05264708399772644
        ],
        [
            -0.0778437927365303,
            -0.8857909440994263,
            -0.06850734353065491
        ],
        [
            -0.07251758873462677,
            -0.8857696056365967,
            -0.07595201581716537
        ],
        [
            -0.06608493626117706,
            -0.8791006803512573,
            -0.0742577537894249
        ],
        [
            -0.06613253802061081,
            -0.8815090656280518,
            -0.07581015676259995
        ],
        [
            -0.07101889699697495,
            -0.8820042610168457,
            -0.07232876121997833
        ],
        [
            -0.06974880397319794,
            -0.8795621395111084,
            -0.07113023102283478
        ],
        [
            -0.04577118903398514,
            -0.8753198981285095,
            -0.08160267770290375
        ],
        [
            -0.05198083072900772,
            -0.8760605454444885,
            -0.07857948541641235
        ],
        [
            -0.04983002692461014,
            -0.8726321458816528,
            -0.0783429816365242
        ],
        [
            -0.04346901923418045,
            -0.8690683841705322,
            -0.08286786079406738
        ],
        [
            -0.0571698322892189,
            -0.8635656833648682,
            -0.07360891997814178
        ],
        [
            -0.05312987416982651,
            -0.8656052947044373,
            -0.07655321806669235
        ],
        [
            -0.05808539688587189,
            -0.8714854717254639,
            -0.07397706806659698
        ],
        [
            -0.06109922379255295,
            -0.8699840903282166,
            -0.07183415442705154
        ],
        [
            -0.06410284340381622,
            -0.8689321279525757,
            -0.06906001269817352
        ],
        [
            -0.06673862040042877,
            -0.8685107231140137,
            -0.06545159965753555
        ],
        [
            -0.06486830115318298,
            -0.863315999507904,
            -0.06550275534391403
        ],
        [
            -0.06135693937540054,
            -0.8629913330078125,
            -0.06970646977424622
        ],
        [
            -0.07421436160802841,
            -0.8826764822006226,
            -0.06634638458490372
        ],
        [
            -0.07641134411096573,
            -0.8816049695014954,
            -0.05933220684528351
        ],
        [
            -0.07431624829769135,
            -0.8788443803787231,
            -0.060316286981105804
        ],
        [
            -0.0730598047375679,
            -0.8796107769012451,
            -0.06628797948360443
        ],
        [
            -0.07181362807750702,
            -0.8728399276733398,
            -0.04903145134449005
        ],
        [
            -0.07287803292274475,
            -0.8751063942909241,
            -0.0505763404071331
        ],
        [
            -0.07529546320438385,
            -0.8761823177337646,
            -0.047572553157806396
        ],
        [
            -0.07394277304410934,
            -0.8718912601470947,
            -0.04641571268439293
        ],
        [
            -0.07277733087539673,
            -0.8689369559288025,
            -0.048696666955947876
        ],
        [
            -0.0715489462018013,
            -0.8711916208267212,
            -0.05043935030698776
        ],
        [
            -0.07983555644750595,
            -0.9410514831542969,
            -0.06795695424079895
        ],
        [
            -0.08627291023731232,
            -0.9228529334068298,
            -0.06675097346305847
        ],
        [
            -0.062168002128601074,
            -0.937434196472168,
            -0.07809112221002579
        ],
        [
            -0.046260759234428406,
            -0.9293303489685059,
            -0.0835394486784935
        ],
        [
            -0.03233581781387329,
            -0.9179713726043701,
            -0.08656923472881317
        ],
        [
            -0.03326442837715149,
            -0.814359188079834,
            -0.0765724927186966
        ],
        [
            -0.025359906256198883,
            -0.8067480325698853,
            -0.07564237713813782
        ],
        [
            -0.013178177177906036,
            -0.8163866400718689,
            -0.0790565237402916
        ],
        [
            -0.007304571568965912,
            -0.8070611953735352,
            -0.07543338090181351
        ],
        [
            -0.020489491522312164,
            -0.7974250316619873,
            -0.07230357825756073
        ],
        [
            -0.019426070153713226,
            -0.7790758609771729,
            -0.0586264431476593
        ],
        [
            -0.018324919044971466,
            -0.7875173091888428,
            -0.06665492057800293
        ],
        [
            -0.0020242109894752502,
            -0.798014760017395,
            -0.06889334321022034
        ],
        [
            0.01249367743730545,
            -0.812839150428772,
            -0.07135708630084991
        ],
        [
            0.004517011344432831,
            -0.8188701868057251,
            -0.07699508965015411
        ],
        [
            0.02253246307373047,
            -0.8307733535766602,
            -0.07104603946208954
        ],
        [
            0.022646725177764893,
            -0.8063578009605408,
            -0.0633576512336731
        ],
        [
            0.029857516288757324,
            -0.8309240341186523,
            -0.0648687407374382
        ],
        [
            0.01710653491318226,
            -0.7712692022323608,
            -0.051801897585392
        ],
        [
            0.021478861570358276,
            -0.7612494230270386,
            -0.052188605070114136
        ],
        [
            0.037657734006643295,
            -0.7695355415344238,
            -0.05644132196903229
        ],
        [
            0.033031441271305084,
            -0.7799428701400757,
            -0.05727129429578781
        ],
        [
            -0.004018835723400116,
            -0.8256871700286865,
            -0.08048935234546661
        ],
        [
            -0.022478893399238586,
            -0.8870139122009277,
            -0.0866868793964386
        ],
        [
            -0.03421691805124283,
            -0.8845254182815552,
            -0.08662170171737671
        ],
        [
            -0.01626511663198471,
            -0.8751733899116516,
            -0.08733073621988297
        ],
        [
            -0.014733195304870605,
            -0.9500018954277039,
            -0.08207834511995316
        ],
        [
            -0.032289713621139526,
            -0.9413156509399414,
            -0.08215348422527313
        ],
        [
            -0.020576633512973785,
            -0.9279314279556274,
            -0.08700141310691833
        ],
        [
            -0.006041795015335083,
            -0.9372879862785339,
            -0.08539580553770065
        ],
        [
            -0.03932523727416992,
            -0.9814179539680481,
            -0.060444366186857224
        ],
        [
            -0.06123485416173935,
            -0.9635026454925537,
            -0.0661814957857132
        ],
        [
            -0.047771915793418884,
            -0.9544868469238281,
            -0.07441595196723938
        ],
        [
            -0.028948843479156494,
            -0.9685123562812805,
            -0.07196833193302155
        ],
        [
            0.006850793957710266,
            -0.9414392709732056,
            -0.08296684175729752
        ],
        [
            0.024493753910064697,
            -0.9460701942443848,
            -0.0778728574514389
        ],
        [
            0.026032090187072754,
            -0.9627666473388672,
            -0.07194501161575317
        ],
        [
            0.004423245787620544,
            -0.9587510824203491,
            -0.0773211419582367
        ],
        [
            0.024704650044441223,
            -0.9837245941162109,
            -0.05866580083966255
        ],
        [
            -0.0018975138664245605,
            -0.9798732995986938,
            -0.06577422469854355
        ],
        [
            0.04099096357822418,
            -0.8178803324699402,
            -0.059164050966501236
        ],
        [
            0.04086943715810776,
            -0.8376790881156921,
            -0.06004738062620163
        ],
        [
            0.026244577020406723,
            -0.7916578054428101,
            -0.05863402783870697
        ],
        [
            0.042802173644304276,
            -0.801652193069458,
            -0.058046843856573105
        ],
        [
            0.020350143313407898,
            -0.9990248084068298,
            -0.040475692600011826
        ],
        [
            -0.01068955659866333,
            -0.9952211380004883,
            -0.0495176836848259
        ],
        [
            0.07064808905124664,
            -0.9334814548492432,
            -0.051045630127191544
        ],
        [
            0.060522451996803284,
            -0.9494055509567261,
            -0.056381236761808395
        ],
        [
