{
    "pred_cam": [
        1.501909613609314,
        0.07634828239679337,
        0.36198410391807556
    ],
    "pred_smpl_params": {
        "global_orient": [
            [
                [
                    0.4383080005645752,
                    0.11320959031581879,
                    -0.8916667103767395
                ],
                [
                    0.18273194134235382,
                    -0.9825422763824463,
                    -0.0349237360060215
                ],
                [
                    -0.8800539970397949,
                    -0.14762865006923676,
                    -0.4513431489467621
                ]
            ]
        ],
        "body_pose": [
            [
                [
                    0.9814708828926086,
                    0.07569114863872528,
                    0.1760280281305313
                ],
                [
                    -0.0672130361199379,
                    0.9962954521179199,
                    -0.053645577281713486
                ],
                [
                    -0.17943640053272247,
                    0.04082018882036209,
                    0.9829224348068237
                ]
            ],
            [
                [
                    0.9954370260238647,
                    0.08396408706903458,
                    0.045333366841077805
                ],
                [
                    -0.08044616132974625,
                    0.9939689040184021,
                    -0.07452747225761414
                ],
                [
                    -0.05131758004426956,
                    0.07054051011800766,
                    0.9961880445480347
                ]
            ],
            [
                [
                    0.9966200590133667,
                    -0.053742941468954086,
                    -0.062130674719810486
                ],
                [
                    0.05062567815184593,
                    0.9974297881126404,
                    -0.050703614950180054
                ],
                [
                    0.06469594687223434,
                    0.04738682880997658,
                    0.9967793226242065
                ]
            ],
            [
                [
                    0.9711437225341797,
                    0.2383061647415161,
                    -0.009487182833254337
                ],
                [
                    -0.22451435029506683,
                    0.9000722169876099,
                    -0.3734479248523712
                ],
                [
                    -0.08045578002929688,
                    0.3648016154766083,
                    0.9276026487350464
                ]
            ],
            [
                [
                    0.9612432718276978,
                    0.13762785494327545,
                    0.23889313638210297
                ],
                [
                    -0.05842205509543419,
                    0.9484949111938477,
                    -0.31135889887809753
                ],
                [
                    -0.26944056153297424,
                    0.2853350341320038,
                    0.9197748303413391
                ]
            ],
            [
                [
                    0.99250328540802,
                    -0.09209179133176804,
                    -0.08035139739513397
                ],
                [
                    0.09463000297546387,
                    0.9951082468032837,
                    0.028366465121507645
                ],
                [
                    0.07734602689743042,
                    -0.03575746342539787,
                    0.9963628649711609
                ]
            ],
            [
                [
                    0.9591615796089172,
                    0.03509564325213432,
                    0.28067293763160706
                ],
                [
                    -0.054006870836019516,
                    0.9967406392097473,
                    0.05992765724658966
                ],
                [
                    -0.2776549458503723,
                    -0.07263858616352081,
                    0.9579307436943054
                ]
            ],
            [
                [
                    0.9612883925437927,
                    -0.111476369202137,
                    -0.2519872784614563
                ],
                [
                    0.11481331288814545,
                    0.9933859705924988,
                    -0.001469763577915728
                ],
                [
                    0.25048449635505676,
                    -0.027518628165125847,
                    0.967729389667511
                ]
            ],
            [
                [
                    0.9974340200424194,
                    -0.03866400569677353,
                    -0.06025325879454613
                ],
                [
                    0.03597966209053993,
                    0.9983381032943726,
                    -0.045016754418611526
                ],
                [
                    0.06189364939928055,
                    0.04273335263133049,
                    0.9971675276756287
                ]
            ],
            [
                [
                    0.9946765899658203,
                    -0.1030348539352417,
                    -0.0015321767423301935
                ],
                [
                    0.10294057428836823,
                    0.9928730130195618,
                    0.06005247309803963
                ],
                [
                    -0.004666242748498917,
                    -0.0598905086517334,
                    0.9981940388679504
                ]
            ],
            [
                [
                    0.9825922250747681,
                    0.15941685438156128,
                    0.0953875407576561
                ],
                [
                    -0.169987753033638,
                    0.978658139705658,
                    0.11546619236469269
                ],
                [
                    -0.07494452595710754,
                    -0.1296709030866623,
                    0.9887207746505737
                ]
            ],
            [
                [
                    0.9828885197639465,
                    -0.0488799512386322,
                    0.17759747803211212
                ],
                [
                    0.0567697212100029,
                    0.9976010322570801,
                    -0.03961549326777458
                ],
                [
                    -0.17523501813411713,
                    0.04901977255940437,
                    0.9833055138587952
                ]
            ],
            [
                [
                    0.9865993857383728,
                    -0.0582408681511879,
                    -0.15241287648677826
                ],
                [
                    0.0642736628651619,
                    0.9973198771476746,
                    0.034954849630594254
                ],
                [
                    0.14996860921382904,
                    -0.04428256303071976,
                    0.9876985549926758
                ]
            ],
            [
                [
                    0.9994106888771057,
                    0.018569225445389748,
                    -0.02886969968676567
                ],
                [
                    -0.017225168645381927,
                    0.9987870454788208,
                    0.04612746462225914
                ],
                [
                    0.02969123236835003,
                    -0.04560299590229988,
                    0.9985182881355286
                ]
            ],
            [
                [
                    0.9979739785194397,
                    -0.006905451882630587,
                    0.06324752420186996
                ],
                [
                    0.024213064461946487,
                    0.9605115652084351,
                    -0.2771846055984497
                ],
                [
                    -0.058835890144109726,
                    0.2781544327735901,
                    0.9587327241897583
                ]
            ],
            [
                [
                    0.8266517519950867,
                    0.4497978389263153,
                    -0.33812540769577026
                ],
                [
                    -0.41405659914016724,
                    0.8931145668029785,
                    0.17579402029514313
                ],
                [
                    0.3810565173625946,
                    -0.005317373666912317,
                    0.9245364665985107
                ]
            ],
            [
                [
                    0.8588351607322693,
                    -0.48871809244155884,
                    0.15348218381404877
                ],
                [
                    0.5044535398483276,
                    0.858987033367157,
                    -0.08756674826145172
                ],
                [
                    -0.0890437513589859,
                    0.1526300311088562,
                    0.9842638373374939
                ]
            ],
            [
                [
                    0.11565735936164856,
                    -0.21270476281642914,
                    -0.9702474474906921
                ],
                [
                    0.17621999979019165,
                    0.9657014608383179,
                    -0.19070202112197876
                ],
                [
                    0.9775325059890747,
                    -0.148920938372612,
                    0.1491733193397522
                ]
            ],
            [
                [
                    -0.3751181662082672,
                    0.31042176485061646,
                    0.8734555840492249
                ],
                [
                    -0.20123906433582306,
                    0.892520010471344,
                    -0.40362221002578735
                ],
                [
                    -0.9048697352409363,
                    -0.3271794021129608,
                    -0.27233147621154785
                ]
            ],
            [
                [
                    0.9776343703269958,
                    -0.15281414985656738,
                    -0.1444953829050064
                ],
                [
                    0.14988519251346588,
                    0.9882170557975769,
                    -0.031008822843432426
                ],
                [
                    0.14753137528896332,
                    0.008657573722302914,
                    0.989019513130188
                ]
            ],
            [
                [
                    0.981255829334259,
                    0.09505798667669296,
                    0.1676337867975235
                ],
                [
                    -0.1256118267774582,
                    0.9751882553100586,
                    0.18228961527347565
                ],
                [
                    -0.14614643156528473,
                    -0.19992950558662415,
                    0.9688495397567749
                ]
            ],
            [
                [
                    0.9949320554733276,
                    0.09805122017860413,
                    -0.022276295349001884
                ],
                [
                    -0.09692547470331192,
                    0.994182288646698,
                    0.04697949439287186
                ],
                [
                    0.026753094047307968,
                    -0.04458225890994072,
                    0.9986475110054016
                ]
            ],
            [
                [
                    0.9908256530761719,
                    -0.1335962414741516,
                    0.02041041851043701
                ],
                [
                    0.13229089975357056,
                    0.9896473288536072,
                    0.05565454810857773
                ],
                [
                    -0.027634350582957268,
                    -0.052443839609622955,
                    0.9982415437698364
                ]
            ]
        ],
        "betas": [
            -0.09433043003082275,
            -0.1964949667453766,
            0.3372398316860199,
            0.537582516670227,
            0.16094672679901123,
            0.15644457936286926,
            0.0011568963527679443,
            -0.10683029890060425,
            -0.007895976305007935,
            -0.03659564256668091
        ]
    },
    "pred_cam_t": [
        0.07634828239679337,
        0.36198410391807556,
        26.008556365966797
    ],
    "focal_length": [
        5000.0,
        5000.0
    ],
    "pred_keypoints_3d": [
        [
            -0.09258641302585602,
            -0.833820641040802,
            -0.06644631177186966
        ],
        [
            0.05968550592660904,
            -0.7446576356887817,
            0.0077329762279987335
        ],
        [
            0.02324249967932701,
            -0.6814643740653992,
            0.1801074892282486
        ],
        [
            -0.029887910932302475,
            -0.5505353212356567,
            0.3870316743850708
        ],
        [
            -0.22494719922542572,
            -0.6347097158432007,
            0.2532040476799011
        ],
        [
            0.09197670221328735,
            -0.6874282956123352,
            -0.1626548171043396
        ],
        [
            0.041216522455215454,
            -0.5830524563789368,
            -0.3917039632797241
        ],
        [
            -0.19033466279506683,
            -0.6632331609725952,
            -0.37683403491973877
        ],
        [
            -0.0020356285385787487,
            -0.23009714484214783,
            0.02867986634373665
        ],
        [
            -0.03833240270614624,
            -0.15294598042964935,
            0.10356752574443817
        ],
        [
            -0.08040475845336914,
            0.19860617816448212,
            0.23343990743160248
        ],
        [
            0.0011997222900390625,
            0.5231437683105469,
            0.438434898853302
        ],
        [
            0.023899570107460022,
            -0.1268317848443985,
            -0.015909358859062195
        ],
        [
            0.006488172337412834,
            0.23618511855602264,
            0.04637230187654495
        ],
        [
            0.054698728024959564,
            0.5202667117118835,
            0.31205278635025024
        ],
        [
            -0.08708639442920685,
            -0.8757181167602539,
            -0.020856602117419243
        ],
        [
            -0.05719806253910065,
            -0.8822269439697266,
            -0.07978236675262451
        ],
        [
            -0.020177289843559265,
            -0.8731738328933716,
            0.061451204121112823
        ],
        [
            0.04495450109243393,
            -0.8883837461471558,
            -0.07140740007162094
        ],
        [
            -0.0648798793554306,
            0.6552881002426147,
            0.22334158420562744
        ],
        [
            0.018909916281700134,
            0.6578200459480286,
            0.22268807888031006
        ],
        [
            0.09882932901382446,
            0.5245203971862793,
            0.36703571677207947
        ],
        [
            -0.14580827951431274,
            0.6338509917259216,
            0.37052375078201294
        ],
        [
            -0.15095697343349457,
            0.6009081602096558,
            0.4521961212158203
        ],
        [
            0.05361040681600571,
            0.5436594486236572,
            0.4880572557449341
        ],
        [
            0.00601153913885355,
            0.4651521146297455,
            0.44384557008743286
        ],
        [
            -0.07719364017248154,
            0.14065399765968323,
            0.21154335141181946
        ],
        [
            -0.057088516652584076,
            -0.2869068384170532,
            0.15515263378620148
        ],
        [
            0.0837530642747879,
            -0.21746224164962769,
            -0.09300296753644943
        ],
        [
            0.01598837599158287,
            0.20066851377487183,
            0.024873975664377213
        ],
        [
            0.07766426354646683,
            0.4853556156158447,
            0.30105140805244446
        ],
        [
            -0.18470679223537445,
            -0.6398296356201172,
            0.24084405601024628
        ],
        [
            -0.038438789546489716,
            -0.5962599515914917,
            0.38431698083877563
        ],
        [
            0.0302191860973835,
            -0.7046401500701904,
            0.15119993686676025
        ],
        [
            0.09592238813638687,
            -0.7127051949501038,
            -0.1369474232196808
        ],
        [
            0.03982311114668846,
            -0.6340700387954712,
            -0.3834626078605652
        ],
        [
            -0.17125098407268524,
            -0.6748038530349731,
            -0.3647061586380005
        ],
        [
            0.05995430052280426,
            -0.7497301697731018,
            0.005659878253936768
        ],
        [
            -0.009878532961010933,
            -0.9307433366775513,
            -0.014744448475539684
        ],
        [
            0.013395271264016628,
            -0.2523292899131775,
            0.030263613909482956
        ],
        [
            0.05888587608933449,
            -0.7024208903312683,
            0.0061933062970638275
        ],
        [
            0.05814320221543312,
            -0.500376284122467,
            0.01317626517266035
        ],
        [
            -0.019279763102531433,
            -0.818963885307312,
            -0.03539043664932251
        ],
        [
            -0.00784365925937891,
            -0.9501684904098511,
            -0.0071240682154893875
        ]
    ],
    "pred_vertices": [
        [
            -0.061731524765491486,
            -0.928720235824585,
            -0.09161292016506195
        ],
        [
            -0.06715375930070877,
            -0.913562536239624,
            -0.08902938663959503
        ],
        [
            -0.05377814173698425,
            -0.9124083518981934,
            -0.09453260153532028
        ],
        [
            -0.045004986226558685,
            -0.9242121577262878,
            -0.09504412859678268
        ],
        [
            -0.058749400079250336,
            -0.9022208452224731,
            -0.0938253104686737
        ],
        [
            -0.06928753852844238,
            -0.9014727473258972,
            -0.08789107203483582
        ],
        [
            -0.04043830931186676,
            -0.9082150459289551,
            -0.09559325873851776
        ],
        [
            -0.030144289135932922,
            -0.9173616170883179,
            -0.09484808146953583
        ],
        [
            -0.021608248353004456,
            -0.8752641677856445,
            -0.09484653919935226
        ],
        [
            -0.010761290788650513,
            -0.8725417852401733,
            -0.09378301352262497
        ],
        [
            -0.014105342328548431,
            -0.8840560913085938,
            -0.09432035684585571
        ],
        [
            -0.024307772517204285,
            -0.8835965991020203,
            -0.09424421191215515
        ],
        [
            -0.014516741037368774,
            -0.8500150442123413,
            -0.09275045990943909
        ],
        [
            -0.022856950759887695,
            -0.8391042947769165,
            -0.09120208770036697
        ],
        [
            -0.011833347380161285,
            -0.8316344022750854,
            -0.08885131776332855
        ],
        [
            -0.0030057579278945923,
            -0.8419544696807861,
            -0.0887666866183281
        ],
        [
            -0.06051965802907944,
            -0.8468641638755798,
            -0.07379835844039917
        ],
        [
            -0.05592314898967743,
            -0.8409396409988403,
            -0.07801861315965652
        ],
        [
            -0.05464085936546326,
            -0.8480533361434937,
            -0.08112834393978119
        ],
        [
            -0.05907421559095383,
            -0.8531131744384766,
            -0.07595069706439972
        ],
        [
            -0.07154373824596405,
            -0.8547860383987427,
            -0.06865069270133972
        ],
        [
            -0.06912964582443237,
            -0.8607031106948853,
            -0.06784455478191376
        ],
        [
            -0.07640829682350159,
            -0.8634177446365356,
            -0.06610817462205887
        ],
        [
            -0.07919026166200638,
            -0.8567730188369751,
            -0.06812537461519241
        ],
        [
            -0.0619569793343544,
            -0.8412075042724609,
            -0.06893511116504669
        ],
        [
            -0.05677485466003418,
            -0.8352370262145996,
            -0.07329035550355911
        ],
        [
            -0.06486410647630692,
            -0.8518307209014893,
            -0.0702822208404541
        ],
        [
            -0.06678646802902222,
            -0.8469175100326538,
            -0.06997841596603394
        ],
        [
            -0.07614285498857498,
            -0.8393429517745972,
            -0.07235705852508545
        ],
        [
            -0.07492136210203171,
            -0.8443620204925537,
            -0.07301869988441467
        ],
        [
            -0.08259492367506027,
            -0.844188928604126,
            -0.07337495684623718
        ],
        [
            -0.08174948394298553,
            -0.8386225700378418,
            -0.07202322781085968
        ],
        [
            -0.06658798456192017,
            -0.8400371074676514,
            -0.07042649388313293
        ],
        [
            -0.06923892349004745,
            -0.8426699042320251,
            -0.07226741313934326
        ],
        [
            -0.07182562351226807,
            -0.8384883999824524,
            -0.07118231803178787
        ],
        [
            -0.06936626881361008,
            -0.8366888761520386,
            -0.06823725998401642
        ],
        [
            -0.07341531664133072,
            -0.8501229286193848,
            -0.06964363902807236
        ],
        [
            -0.08115676045417786,
            -0.850898802280426,
            -0.0704716220498085
        ],
        [
            -0.08936861902475357,
            -0.8510357141494751,
            -0.07042591273784637
        ],
        [
            -0.09061522036790848,
            -0.8423078060150146,
            -0.07303319871425629
        ],
        [
            -0.042745113372802734,
            -0.8294023871421814,
            -0.08434303849935532
        ],
        [
            -0.04989207535982132,
            -0.8351978063583374,
            -0.08215011656284332
        ],
        [
            -0.05153612047433853,
            -0.8300139307975769,
            -0.07759560644626617
        ],
        [
            -0.0459294468164444,
            -0.8253196477890015,
            -0.08034557104110718
        ],
        [
            -0.06532759219408035,
            -0.8340685367584229,
            -0.06763862073421478
        ],
        [
            -0.06093670427799225,
            -0.8187096118927002,
            -0.070890873670578
        ],
        [
            -0.06162261962890625,
            -0.8224623203277588,
            -0.07125996053218842
        ],
        [
            -0.06809727102518082,
            -0.8222219944000244,
            -0.06801603734493256
        ],
        [
            -0.06701093167066574,
            -0.8187775611877441,
            -0.06809814274311066
        ],
        [
            -0.0301390141248703,
            -0.8169085383415222,
            -0.08446826040744781
        ],
        [
            -0.036479778587818146,
            -0.8147763013839722,
            -0.0815405547618866
        ],
        [
            -0.03283870965242386,
            -0.8083214163780212,
            -0.08064457774162292
        ],
        [
            -0.025491192936897278,
            -0.8093816041946411,
            -0.0823058933019638
        ],
        [
            -0.032217465341091156,
            -0.8027094602584839,
            -0.07790665328502655
        ],
        [
            -0.022218115627765656,
            -0.8021296262741089,
            -0.07939522713422775
        ],
        [
            -0.02474062889814377,
            -0.7875077724456787,
            -0.07131368666887283
        ],
        [
            -0.02299102395772934,
            -0.7939941883087158,
            -0.075371652841568
        ],
        [
            -0.03354499489068985,
            -0.7968180179595947,
            -0.07458646595478058
        ],
        [
            -0.03806286305189133,
            -0.7908341884613037,
            -0.07142264395952225
        ],
        [
            -0.0517435222864151,
            -0.7928394079208374,
            -0.06543053686618805
        ],
        [
            -0.0566224530339241,
            -0.7907183170318604,
            -0.06162422150373459
        ],
        [
            -0.05053406208753586,
            -0.7795777320861816,
            -0.06441741436719894
        ],
        [
            -0.04485754668712616,
            -0.7843778133392334,
            -0.06806895136833191
        ],
        [
            -0.05642172694206238,
            -0.8136980533599854,
            -0.06800413131713867
        ],
        [
            -0.05210765451192856,
            -0.8145231008529663,
            -0.06999132037162781
        ],
        [
            -0.054196640849113464,
            -0.8156400918960571,
            -0.07146398723125458
        ],
        [
            -0.05917920917272568,
            -0.8158743381500244,
            -0.0696021169424057
        ],
        [
            -0.04869898408651352,
            -0.8148830533027649,
            -0.07217395305633545
        ],
        [
            -0.047197505831718445,
            -0.8149228096008301,
            -0.07322294265031815
        ],
        [
            -0.04859219491481781,
            -0.8159819841384888,
            -0.07369939982891083
        ],
        [
            -0.049335114657878876,
            -0.8155121803283691,
            -0.072449691593647
        ],
        [
            -0.050733424723148346,
            -0.8148902654647827,
            -0.0710323303937912
        ],
        [
            -0.05122405290603638,
            -0.8128492832183838,
            -0.07031530141830444
        ],
        [
            -0.0494203194975853,
            -0.8139451742172241,
            -0.07163125276565552
        ],
        [
            -0.055225081741809845,
            -0.8112859725952148,
            -0.06868971884250641
        ],
        [
            -0.06757136434316635,
            -0.8065409660339355,
            -0.062056489288806915
        ],
        [
            -0.06474559754133224,
            -0.8077194690704346,
            -0.06444340944290161
        ],
        [
            -0.06539497524499893,
            -0.8121081590652466,
            -0.0627475455403328
        ],
        [
            -0.0678725317120552,
            -0.8113744258880615,
            -0.060778528451919556
        ],
        [
            -0.0511702299118042,
            -0.8172431588172913,
            -0.0734277218580246
        ],
        [
            -0.04996909201145172,
            -0.8192143440246582,
            -0.0751802921295166
        ],
        [
            -0.05516202002763748,
            -0.8210500478744507,
            -0.07372231781482697
        ],
        [
            -0.054808132350444794,
            -0.8183085918426514,
            -0.07234550267457962
        ],
        [
            -0.0487038716673851,
            -0.8213732242584229,
            -0.07746070623397827
        ],
        [
            -0.047166235744953156,
            -0.8174899816513062,
            -0.07536790519952774
        ],
        [
            -0.045162804424762726,
            -0.8184806108474731,
            -0.07789772748947144
        ],
        [
            -0.04714609682559967,
            -0.8131102919578552,
            -0.07268664240837097
        ],
        [
            -0.04422200471162796,
            -0.8119556903839111,
            -0.07426175475120544
        ],
        [
            -0.045289456844329834,
            -0.8144729137420654,
            -0.0753534734249115
        ],
        [
            -0.04505569487810135,
            -0.80846107006073,
            -0.07273977994918823
        ],
        [
            -0.0488932728767395,
            -0.8108505010604858,
            -0.07103389501571655
        ],
        [
            -0.05267498642206192,
            -0.8082789778709412,
            -0.06943735480308533
        ],
        [
            -0.057657256722450256,
            -0.805667519569397,
            -0.06729023903608322
        ],
        [
            -0.05299706757068634,
            -0.8016117811203003,
            -0.0677662342786789
        ],
        [
            -0.04828020930290222,
            -0.8048590421676636,
            -0.07058332115411758
        ],
        [
            -0.0540757030248642,
            -0.82505202293396,
            -0.07531791925430298
        ],
        [
            -0.04141741245985031,
            -0.8145570755004883,
            -0.07794012874364853
        ],
        [
            -0.0409587025642395,
            -0.8210819959640503,
            -0.08105594664812088
        ],
        [
            -0.039643049240112305,
            -0.8099356889724731,
            -0.07721198350191116
        ],
        [
            -0.03959260880947113,
            -0.8053730726242065,
            -0.075189970433712
        ],
        [
            -0.04224462807178497,
            -0.8009682893753052,
            -0.07218120992183685
        ],
        [
            -0.04681389033794403,
            -0.7965515851974487,
            -0.0690198540687561
        ],
        [
            -0.03843225538730621,
            -0.7731534242630005,
            -0.06055551767349243
        ],
        [
            -0.03247322142124176,
            -0.7795089483261108,
            -0.06600985676050186
        ],
        [
            -0.06636557728052139,
            -0.8944718837738037,
            -0.08437883853912354
        ],
        [
            -0.0598461776971817,
            -0.8946881890296936,
            -0.09073425829410553
        ],
        [
            -0.05386710911989212,
            -0.8878540992736816,
            -0.08825129270553589
        ],
        [
            -0.05350650101900101,
            -0.8904209136962891,
            -0.0896826907992363
        ],
        [
            -0.05902216583490372,
            -0.8907417058944702,
            -0.08707281947135925
        ],
        [
            -0.05802730470895767,
            -0.8882007598876953,
            -0.08583509922027588
        ],
        [
            -0.032506443560123444,
            -0.8841719627380371,
            -0.09190574288368225
        ],
        [
            -0.039169348776340485,
            -0.8848667740821838,
            -0.09002824127674103
        ],
        [
            -0.03707297146320343,
            -0.8814162015914917,
            -0.08946302533149719
        ],
        [
            -0.02999814599752426,
            -0.8779627084732056,
            -0.09290832281112671
        ],
        [
            -0.04515548050403595,
            -0.8722166419029236,
            -0.08646747469902039
        ],
        [
            -0.04063127189874649,
            -0.8743501901626587,
            -0.08853965997695923
        ],
        [
            -0.04598322510719299,
            -0.8801557421684265,
            -0.0867423266172409
        ],
        [
            -0.049328066408634186,
            -0.8785976767539978,
            -0.08524037897586823
        ],
        [
            -0.05276796966791153,
            -0.8774710893630981,
            -0.08308874070644379
        ],
        [
            -0.05596592277288437,
            -0.8769606947898865,
            -0.08000440895557404
        ],
        [
            -0.05417662858963013,
            -0.8717234134674072,
            -0.07993876934051514
        ],
        [
            -0.0499623641371727,
            -0.871519923210144,
            -0.0834435224533081
        ],
        [
            -0.06318941712379456,
            -0.8912383317947388,
            -0.08173870295286179
        ],
        [
            -0.06661711633205414,
            -0.8899332284927368,
            -0.07531168311834335
        ],
        [
            -0.06441372632980347,
            -0.8871524333953857,
            -0.07602126896381378
        ],
        [
            -0.06209314614534378,
            -0.8881257772445679,
            -0.08161929249763489
        ],
        [
            -0.06401324272155762,
            -0.8806887269020081,
            -0.06477610021829605
        ],
        [
            -0.06477034837007523,
            -0.8830147981643677,
            -0.06639771163463593
        ],
        [
            -0.06771405786275864,
            -0.8839722871780396,
            -0.06387799233198166
        ],
        [
            -0.06658680737018585,
            -0.8796420097351074,
            -0.0626462772488594
        ],
        [
            -0.06507403403520584,
            -0.8767718076705933,
            -0.06478353589773178
        ],
        [
            -0.06354323774576187,
            -0.8790978193283081,
            -0.06617354601621628
        ],
        [
            -0.06850907951593399,
            -0.9495997428894043,
            -0.08212915062904358
        ],
        [
            -0.07505877315998077,
            -0.9313820600509644,
            -0.08279971778392792
        ],
        [
            -0.04915665090084076,
            -0.9462722539901733,
            -0.08899025619029999
        ],
        [
            -0.032643914222717285,
            -0.9383205771446228,
            -0.09184275567531586
        ],
        [
            -0.018392160534858704,
            -0.9270024299621582,
            -0.09280847012996674
        ],
        [
            -0.0214630588889122,
            -0.822942316532135,
            -0.08713924884796143
        ],
        [
            -0.013966977596282959,
            -0.8152421712875366,
            -0.085079126060009
        ],
        [
            -0.0013873204588890076,
            -0.8248997926712036,
            -0.08589935302734375
        ],
        [
            0.0035174041986465454,
            -0.8153013586997986,
            -0.08170975744724274
        ],
        [
            -0.009997338056564331,
            -0.80567467212677,
            -0.08127345889806747
        ],
        [
            -0.011806219816207886,
            -0.7865359783172607,
            -0.06816764175891876
        ],
        [
            -0.00915440171957016,
            -0.7954081296920776,
            -0.07571948319673538
        ],
        [
            0.00726260244846344,
            -0.8057702779769897,
            -0.07491347193717957
        ],
        [
            0.02219259738922119,
            -0.8206164240837097,
            -0.07445372641086578
        ],
        [
            0.015544980764389038,
            -0.8269996643066406,
            -0.08080486208200455
        ],
        [
            0.03221551328897476,
            -0.8383868932723999,
            -0.07171697914600372
        ],
        [
            0.030268684029579163,
            -0.8136272430419922,
            -0.06513804197311401
        ],
        [
            0.03809651732444763,
            -0.8382436037063599,
            -0.06433918327093124
        ],
        [
            0.020944325253367424,
            -0.778197169303894,
            -0.05467720329761505
        ],
        [
            0.024576205760240555,
            -0.7679900527000427,
            -0.05443756282329559
        ],
        [
            0.04126304015517235,
            -0.7764757871627808,
            -0.057421959936618805
        ],
        [
            0.037632524967193604,
            -0.7870650291442871,
            -0.05817633867263794
        ],
        [
            0.00793522596359253,
            -0.8341503143310547,
            -0.08537305891513824
        ],
        [
            -0.00872042030096054,
            -0.8958836793899536,
            -0.09251192957162857
        ],
        [
            -0.020242229104042053,
            -0.8934632539749146,
            -0.09461371600627899
        ],
        [
            -0.0025725364685058594,
            -0.8840348124504089,
            -0.09228608012199402
        ],
        [
            -0.0019836723804473877,
            -0.9585642218589783,
            -0.08386527001857758
        ],
        [
            -0.01919059455394745,
            -0.9501725435256958,
            -0.08764919638633728
        ],
        [
            -0.006781376898288727,
            -0.9368906021118164,
            -0.09072406589984894
        ],
        [
            0.007173493504524231,
            -0.9460374116897583,
            -0.08616826683282852
        ],
        [
            -0.030040957033634186,
            -0.9892479181289673,
            -0.06572017818689346
        ],
        [
            -0.05038785934448242,
            -0.9717758893966675,
            -0.07607614248991013
        ],
        [
            -0.03582337498664856,
            -0.9630112051963806,
            -0.08217739313840866
        ],
        [
            -0.017779521644115448,
            -0.9767118096351624,
            -0.07568639516830444
        ],
        [
            0.019427858293056488,
            -0.9499408006668091,
            -0.08117660880088806
        ],
        [
            0.0357242152094841,
            -0.9542763233184814,
            -0.07274982333183289
        ],
        [
            0.0362718403339386,
            -0.9707211256027222,
            -0.0661383867263794
        ],
        [
            0.015916794538497925,
            -0.9669917821884155,
            -0.07539883255958557
        ],
        [
            0.03261338174343109,
            -0.9911407828330994,
            -0.05250301957130432
        ],
        [
            0.007740244269371033,
            -0.9877150058746338,
            -0.06433764100074768
        ],
        [
            0.047555722296237946,
            -0.8250447511672974,
            -0.05748948082327843
        ],
        [
            0.048005491495132446,
            -0.8448604345321655,
            -0.05736464262008667
        ],
        [
            0.031931906938552856,
            -0.7988451719284058,
            -0.06002594530582428
        ],
        [
            0.048440515995025635,
            -0.8087765574455261,
            -0.057133570313453674
        ],
        [
            0.025143057107925415,
            -1.0059549808502197,
            -0.03478366881608963
        ],
        [
            -0.0037873387336730957,
            -1.0025326013565063,
            -0.04936612397432327
        ],
        [
            0.07643492519855499,
            -0.9402097463607788,
            -0.03889951854944229
        ],
        [
            0.06737674027681351,
            -0.9565249681472778,
            -0.045139212161302567
        ],
        [
            0.05923277884721756,
