{
    "pred_cam": [
        1.5236642360687256,
        0.08135572820901871,
        0.3544790744781494
    ],
    "pred_smpl_params": {
        "global_orient": [
            [
                [
                    0.4757847785949707,
                    0.11560819298028946,
                    -0.8719309568405151
                ],
                [
                    0.1857229769229889,
                    -0.9821775555610657,
                    -0.028882576152682304
                ],
                [
                    -0.8597301244735718,
                    -0.14819572865962982,
                    -0.48877623677253723
                ]
            ]
        ],
        "body_pose": [
            [
                [
                    0.985525369644165,
                    0.059272296726703644,
                    0.1588287502527237
                ],
                [
                    -0.04911239817738533,
                    0.9965335130691528,
                    -0.06714971363544464
                ],
                [
                    -0.16225825250148773,
                    0.058377280831336975,
                    0.9850200414657593
                ]
            ],
            [
                [
                    0.9963053464889526,
                    0.08244224637746811,
                    0.02406095154583454
                ],
                [
                    -0.08033081144094467,
                    0.993678092956543,
                    -0.07842716574668884
                ],
                [
                    -0.030374551191926003,
                    0.0762045681476593,
                    0.9966294765472412
                ]
            ],
            [
                [
                    0.9970070719718933,
                    -0.047026485204696655,
                    -0.06136295199394226
                ],
                [
                    0.04482788220047951,
                    0.9983193278312683,
                    -0.03672781214118004
                ],
                [
                    0.06298699975013733,
                    0.03386711701750755,
                    0.9974395036697388
                ]
            ],
            [
                [
                    0.9716339111328125,
                    0.2357165515422821,
                    -0.01911209151148796
                ],
                [
                    -0.22563664615154266,
                    0.8998077511787415,
                    -0.3734090030193329
                ],
                [
                    -0.07082147896289825,
                    0.36712923645973206,
                    0.9274700284004211
                ]
            ],
            [
                [
                    0.9657744765281677,
                    0.15800970792770386,
                    0.20570023357868195
                ],
                [
                    -0.08573482185602188,
                    0.9429241418838501,
                    -0.32178211212158203
                ],
                [
                    -0.24480438232421875,
                    0.29313328862190247,
                    0.9241989850997925
                ]
            ],
            [
                [
                    0.9919865727424622,
                    -0.10494818538427353,
                    -0.07034532725811005
                ],
                [
                    0.10431461036205292,
                    0.994464099407196,
                    -0.012630729004740715
                ],
                [
                    0.07128147780895233,
                    0.005191468633711338,
                    0.9974426627159119
                ]
            ],
            [
                [
                    0.9718856811523438,
                    -0.0005318198236636817,
                    0.23545295000076294
                ],
                [
                    -0.008537329733371735,
                    0.9992603659629822,
                    0.03749668598175049
                ],
                [
                    -0.23529869318008423,
                    -0.038452617824077606,
                    0.9711623191833496
                ]
            ],
            [
                [
                    0.9707335233688354,
                    -0.11488097161054611,
                    -0.2108999639749527
                ],
                [
                    0.11591621488332748,
                    0.9932307600975037,
                    -0.007489662151783705
                ],
                [
                    0.2103327512741089,
                    -0.017176257446408272,
                    0.9774789810180664
                ]
            ],
            [
                [
                    0.996951162815094,
                    -0.04706042259931564,
                    -0.06223862245678902
                ],
                [
                    0.04336012527346611,
                    0.9972846508026123,
                    -0.05952421948313713
                ],
                [
                    0.06487086415290833,
                    0.05664406716823578,
                    0.9962846636772156
                ]
            ],
            [
                [
                    0.9961916208267212,
                    -0.06185873597860336,
                    0.06144716218113899
                ],
                [
                    0.056326571851968765,
                    0.9945257306098938,
                    0.08801101893186569
                ],
                [
                    -0.06655503064393997,
                    -0.08421473205089569,
                    0.9942224621772766
                ]
            ],
            [
                [
                    0.9799105525016785,
                    0.16259191930294037,
                    0.11549502611160278
                ],
                [
                    -0.1725562959909439,
                    0.9815623164176941,
                    0.08221688866615295
                ],
                [
                    -0.09999778121709824,
                    -0.10049460083246231,
                    0.9898995161056519
                ]
            ],
            [
                [
                    0.9503926634788513,
                    -0.05989881604909897,
                    0.3052307367324829
                ],
                [
                    0.07118538022041321,
                    0.9971249103546143,
                    -0.02597200870513916
                ],
                [
                    -0.30279746651649475,
                    0.04641157388687134,
                    0.9519241452217102
                ]
            ],
            [
                [
                    0.98552006483078,
                    0.022199062630534172,
                    -0.16809920966625214
                ],
                [
                    -0.01974468305706978,
                    0.9996728301048279,
                    0.016258379444479942
                ],
                [
                    0.16840514540672302,
                    -0.012703893706202507,
                    0.9856359362602234
                ]
            ],
            [
                [
                    0.9745080471038818,
                    -0.21100011467933655,
                    0.07624363899230957
                ],
                [
                    0.2168578952550888,
                    0.9729971289634705,
                    -0.07905272394418716
                ],
                [
                    -0.057504698634147644,
                    0.09357154369354248,
                    0.9939505457878113
                ]
            ],
            [
                [
                    0.9852924346923828,
                    0.040454961359500885,
                    0.16601842641830444
                ],
                [
                    0.005740317981690168,
                    0.9631859660148621,
                    -0.26877468824386597
                ],
                [
                    -0.17077989876270294,
                    0.2657746970653534,
                    0.9487876296043396
                ]
            ],
            [
                [
                    0.7365660667419434,
                    0.5834212303161621,
                    -0.34218427538871765
                ],
                [
                    -0.5834776759147644,
                    0.8039733171463013,
                    0.11480728536844254
                ],
                [
                    0.3420880436897278,
                    0.11509374529123306,
                    0.9325927495956421
                ]
            ],
            [
                [
                    0.5110251307487488,
                    -0.804212749004364,
                    0.30347180366516113
                ],
                [
                    0.8575673699378967,
                    0.45294541120529175,
                    -0.24375925958156586
                ],
                [
                    0.05857814475893974,
                    0.38481467962265015,
                    0.9211331009864807
                ]
            ],
            [
                [
                    0.20765630900859833,
                    -0.2606026828289032,
                    -0.9428494572639465
                ],
                [
                    0.042642753571271896,
                    0.9653552174568176,
                    -0.2574314475059509
                ],
                [
                    0.9772719144821167,
                    0.013251565396785736,
                    0.21157491207122803
                ]
            ],
            [
                [
                    0.6194644570350647,
                    0.1463402658700943,
                    0.7712640762329102
                ],
                [
                    0.21222978830337524,
                    0.9146674871444702,
                    -0.3440086245536804
                ],
                [
                    -0.7557924389839172,
                    0.37678635120391846,
                    0.5355462431907654
                ]
            ],
            [
                [
                    0.9811781048774719,
                    -0.168604776263237,
                    -0.09413816779851913
                ],
                [
                    0.1658002883195877,
                    0.9854682087898254,
                    -0.03691435232758522
                ],
                [
                    0.09899410605430603,
                    0.020611418411135674,
                    0.9948745369911194
                ]
            ],
            [
                [
                    0.9957077503204346,
                    -0.015452603809535503,
                    0.09125422686338425
                ],
                [
                    -0.0014243822079151869,
                    0.9832887053489685,
                    0.18204787373542786
                ],
                [
                    -0.09254235029220581,
                    -0.1813964545726776,
                    0.9790461659431458
                ]
            ],
            [
                [
                    0.9898821711540222,
                    0.138907790184021,
                    -0.0289456844329834
                ],
                [
                    -0.13449372351169586,
                    0.9835516214370728,
                    0.12057200074195862
                ],
                [
                    0.04521796479821205,
                    -0.11545906215906143,
                    0.9922824501991272
                ]
            ],
            [
                [
                    0.9843761920928955,
                    -0.1637832373380661,
                    0.06464115530252457
                ],
                [
                    0.1514178067445755,
                    0.974774181842804,
                    0.16397562623023987
                ],
                [
                    -0.08986698091030121,
                    -0.1516258865594864,
                    0.9843441843986511
                ]
            ]
        ],
        "betas": [
            -0.13199889659881592,
            -0.07171234488487244,
            0.2552689015865326,
            0.2962208092212677,
            0.15707671642303467,
            0.13830164074897766,
            0.014481961727142334,
            -0.12733668088912964,
            0.07633675634860992,
            -0.08851906657218933
        ]
    },
    "pred_cam_t": [
        0.08135572820901871,
        0.3544790744781494,
        25.637210845947266
    ],
    "focal_length": [
        5000.0,
        5000.0
    ],
    "pred_keypoints_3d": [
        [
            -0.08193820714950562,
            -0.8217614889144897,
            -0.10162957012653351
        ],
        [
            0.04896777868270874,
            -0.7371730804443359,
            0.006180699914693832
        ],
        [
            -0.004843875765800476,
            -0.6514841318130493,
            0.17674878239631653
        ],
        [
            0.03363490849733353,
            -0.4209580421447754,
            0.2693757712841034
        ],
        [
            -0.056412406265735626,
            -0.20822322368621826,
            0.16923189163208008
        ],
        [
            0.08966922760009766,
            -0.6738805770874023,
            -0.16292504966259003
        ],
        [
            0.06210733950138092,
            -0.5056185722351074,
            -0.35606515407562256
        ],
        [
            -0.18369323015213013,
            -0.5103253126144409,
            -0.35595202445983887
        ],
        [
            -0.0018648672848939896,
            -0.22644561529159546,
            0.028075603768229485
        ],
        [
            -0.04062895476818085,
            -0.14981283247470856,
            0.10197444260120392
        ],
        [
            -0.08428516983985901,
            0.20275087654590607,
            0.23337113857269287
        ],
        [
            -0.00613345205783844,
            0.5232541561126709,
            0.448685884475708
        ],
        [
            0.02685774676501751,
            -0.12331240624189377,
            -0.014701934531331062
        ],
        [
            0.016371505334973335,
            0.24207928776741028,
            0.04669835418462753
        ],
        [
            0.06725692749023438,
            0.5273915529251099,
            0.3129692077636719
        ],
        [
            -0.09127262234687805,
            -0.8631986379623413,
            -0.056437913328409195
        ],
        [
            -0.04580368846654892,
            -0.8715198636054993,
            -0.10399182140827179
        ],
        [
            -0.05091667175292969,
            -0.8610721826553345,
            0.04079877585172653
        ],
        [
            0.047823987901210785,
            -0.8800355195999146,
            -0.06647133827209473
        ],
        [
            -0.05024143308401108,
            0.666429877281189,
            0.22585350275039673
        ],
        [
            0.032584384083747864,
            0.6647139191627502,
            0.22563430666923523
        ],
        [
            0.1124899834394455,
            0.5304592847824097,
            0.36637136340141296
        ],
        [
            -0.14855121076107025,
            0.6398266553878784,
            0.379865825176239
        ],
        [
            -0.1569901406764984,
            0.6036592721939087,
            0.4594375491142273
        ],
        [
            0.044701360166072845,
            0.5406466722488403,
            0.499595046043396
        ],
        [
            -0.001660207286477089,
            0.46418315172195435,
            0.4521637558937073
        ],
        [
            -0.08096309006214142,
            0.14438796043395996,
            0.2103983759880066
        ],
        [
            -0.0629625916481018,
            -0.28364649415016174,
            0.15145336091518402
        ],
        [
            0.08857381343841553,
            -0.21318167448043823,
            -0.08956222236156464
        ],
        [
            0.024851590394973755,
            0.20649364590644836,
            0.025600802153348923
        ],
        [
            0.08925358206033707,
            0.49165454506874084,
            0.30144158005714417
        ],
        [
            -0.06163812428712845,
            -0.24405354261398315,
            0.15275058150291443
        ],
        [
            -0.005240387748926878,
            -0.4367010295391083,
            0.27337217330932617
        ],
        [
            0.008260774426162243,
            -0.679546594619751,
            0.14485010504722595
        ],
        [
            0.09379217028617859,
            -0.7002094388008118,
            -0.1375809907913208
        ],
        [
            0.04930555447936058,
            -0.5531579256057739,
            -0.35899895429611206
        ],
        [
            -0.1714680939912796,
            -0.5280956625938416,
            -0.3472156822681427
        ],
        [
            0.04256954789161682,
            -0.7382152080535889,
            0.006008945405483246
        ],
        [
            -0.020525701344013214,
            -0.920135498046875,
            -0.02766898274421692
        ],
        [
            0.012952499091625214,
            -0.2487136572599411,
            0.03025064244866371
        ],
        [
            0.04604383185505867,
            -0.6862703561782837,
            0.004641799256205559
        ],
        [
            0.06142021343111992,
            -0.4953426122665405,
            0.013421066105365753
        ],
        [
            -0.02019805833697319,
            -0.808831512928009,
            -0.05100823938846588
        ],
        [
            -0.02114792913198471,
            -0.9395866394042969,
            -0.020247628912329674
        ]
    ],
    "pred_vertices": [
        [
            -0.048253513872623444,
            -0.919045090675354,
            -0.11548654735088348
        ],
        [
            -0.05400551110506058,
            -0.9032562971115112,
            -0.11485473811626434
        ],
        [
            -0.03960394859313965,
            -0.9024120569229126,
            -0.11634848266839981
        ],
        [
            -0.03132368624210358,
            -0.9147980809211731,
            -0.11396374553442001
        ],
        [
            -0.044396623969078064,
            -0.8920644521713257,
            -0.11707792431116104
        ],
        [
            -0.05614924430847168,
            -0.8909468650817871,
            -0.1147247850894928
        ],
        [
            -0.026454977691173553,
            -0.8984588384628296,
            -0.11362235248088837
        ],
        [
            -0.017251446843147278,
            -0.9081391096115112,
            -0.10972681641578674
        ],
        [
            -0.007525838911533356,
            -0.8662358522415161,
            -0.10786522924900055
        ],
        [
            0.0024157091975212097,
            -0.864008903503418,
            -0.10403411835432053
        ],
        [
            -0.0010613948106765747,
            -0.8752362728118896,
            -0.1054038256406784
        ],
        [
            -0.010779857635498047,
            -0.874435544013977,
            -0.108051598072052
        ],
        [
            -0.0010895952582359314,
            -0.8410952091217041,
            -0.10432255268096924
        ],
        [
            -0.009058646857738495,
            -0.8298063278198242,
            -0.10537927597761154
        ],
        [
            0.0007193759083747864,
            -0.8226069808006287,
            -0.10001558810472488
        ],
        [
            0.00878184288740158,
            -0.8332399725914001,
            -0.09731592237949371
        ],
        [
            -0.04960106313228607,
            -0.8360248804092407,
            -0.09920698404312134
        ],
        [
            -0.0439174622297287,
            -0.8303869962692261,
            -0.10206612944602966
        ],
        [
            -0.04203386604785919,
            -0.8376128077507019,
            -0.1045382022857666
        ],
        [
            -0.04775909334421158,
            -0.842368483543396,
            -0.100755974650383
        ],
        [
            -0.061865344643592834,
            -0.8434195518493652,
            -0.09742417931556702
        ],
        [
            -0.059984609484672546,
            -0.8494563698768616,
            -0.09596166759729385
        ],
        [
            -0.06748637557029724,
            -0.851890504360199,
            -0.09627465903759003
        ],
        [
            -0.06933727860450745,
            -0.8451498746871948,
            -0.09908437728881836
        ],
        [
            -0.052148789167404175,
            -0.8301717638969421,
            -0.09511886537075043
        ],
        [
            -0.04594346880912781,
            -0.8245629668235779,
            -0.09785503149032593
        ],
        [
            -0.05481664091348648,
            -0.8407347202301025,
            -0.0971323698759079
        ],
        [
            -0.05675406754016876,
            -0.8356763124465942,
            -0.09736619889736176
        ],
        [
            -0.06461219489574432,
            -0.8278553485870361,
            -0.1025598794221878
        ],
        [
            -0.06347735226154327,
            -0.83284592628479,
            -0.10267943143844604
        ],
        [
            -0.07065325975418091,
            -0.8325717449188232,
            -0.10525921732187271
        ],
        [
            -0.07007085531949997,
            -0.826968789100647,
            -0.10386185348033905
        ],
        [
            -0.05616530030965805,
            -0.8288166522979736,
            -0.09788478910923004
        ],
        [
            -0.05825140327215195,
            -0.8313751220703125,
            -0.10030567646026611
        ],
        [
            -0.06082816421985626,
            -0.8270601034164429,
            -0.10019542276859283
        ],
        [
            -0.059276044368743896,
            -0.8252995014190674,
            -0.09673520922660828
        ],
        [
            -0.06321381777524948,
            -0.8386642932891846,
            -0.09887455403804779
        ],
        [
            -0.0703316256403923,
            -0.8392431735992432,
            -0.10199929773807526
        ],
        [
            -0.07813795655965805,
            -0.8391249775886536,
            -0.10427754372358322
        ],
        [
            -0.07838980853557587,
            -0.8304294347763062,
            -0.10723044723272324
        ],
        [
            -0.029532410204410553,
            -0.8194772005081177,
            -0.10453778505325317
        ],
        [
            -0.03698417544364929,
            -0.8250279426574707,
            -0.10438775271177292
        ],
        [
            -0.039711833000183105,
            -0.8196491003036499,
            -0.10050307959318161
        ],
        [
            -0.03353993594646454,
            -0.8152520656585693,
            -0.10156416893005371
        ],
        [
            -0.05567284673452377,
            -0.822902500629425,
            -0.0949939712882042
        ],
        [
            -0.05035318434238434,
            -0.8079270720481873,
            -0.09681239724159241
        ],
        [
            -0.05093885213136673,
            -0.8116557598114014,
            -0.0972789078950882
        ],
        [
            -0.05796452611684799,
            -0.811177670955658,
            -0.09602288901805878
        ],
        [
            -0.056867219507694244,
            -0.8077808022499084,
            -0.09588174521923065
        ],
        [
            -0.017394796013832092,
            -0.807427167892456,
            -0.10115896165370941
        ],
        [
            -0.024083122611045837,
            -0.8051115274429321,
            -0.1000206470489502
        ],
        [
            -0.020860210061073303,
            -0.7988107800483704,
            -0.09813923388719559
        ],
        [
            -0.013630852103233337,
            -0.8000471591949463,
            -0.09780746698379517
        ],
        [
            -0.021092824637889862,
            -0.7931950092315674,
            -0.09534335136413574
        ],
        [
            -0.011397644877433777,
            -0.7928502559661865,
            -0.09415401518344879
        ],
        [
            -0.015689149498939514,
            -0.7777870893478394,
            -0.08719190955162048
        ],
        [
            -0.013150647282600403,
            -0.7846113443374634,
            -0.09056541323661804
        ],
        [
            -0.02319221943616867,
            -0.7871888875961304,
            -0.09252031147480011
        ],
        [
            -0.02815297245979309,
            -0.7809650897979736,
            -0.09075047820806503
        ],
        [
            -0.04260041564702988,
            -0.7826122045516968,
            -0.08888787031173706
        ],
        [
            -0.0480848029255867,
            -0.7803618907928467,
            -0.08657224476337433
        ],
        [
            -0.04146386682987213,
            -0.7692574262619019,
            -0.08755441755056381
        ],
        [
            -0.0352926179766655,
            -0.7742418050765991,
            -0.08944021165370941
        ],
        [
            -0.046653978526592255,
            -0.8030507564544678,
            -0.09281069040298462
        ],
        [
            -0.04204639047384262,
            -0.8040546774864197,
            -0.09349102526903152
        ],
        [
            -0.043604299426078796,
            -0.8051250576972961,
            -0.0954701155424118
        ],
        [
            -0.04884221404790878,
            -0.8051303029060364,
            -0.09517993032932281
        ],
        [
            -0.038224704563617706,
            -0.8046432733535767,
            -0.09450733661651611
        ],
        [
            -0.03649778664112091,
            -0.8047691583633423,
            -0.09502649307250977
        ],
        [
            -0.037689752876758575,
            -0.8057538270950317,
            -0.09590733796358109
        ],
        [
            -0.03868892043828964,
            -0.8052845001220703,
            -0.09496449679136276
        ],
        [
            -0.04043474793434143,
            -0.8045855760574341,
            -0.09407050907611847
        ],
        [
            -0.041086070239543915,
            -0.8025344610214233,
            -0.09354980289936066
        ],
        [
            -0.03906538337469101,
            -0.8036813139915466,
            -0.09424233436584473
        ],
        [
            -0.045289911329746246,
            -0.8008027076721191,
            -0.09317895770072937
        ],
        [
            -0.058786287903785706,
            -0.7956081628799438,
            -0.09025213867425919
        ],
        [
            -0.05532903969287872,
            -0.7969189882278442,
            -0.09175629913806915
        ],
        [
            -0.05649024248123169,
            -0.801154375076294,
            -0.09029527008533478
        ],
        [
            -0.059497445821762085,
            -0.8003348112106323,
            -0.08907963335514069
        ],
        [
            -0.04033700376749039,
            -0.8068838119506836,
            -0.09645279496908188
        ],
        [
            -0.0385977104306221,
            -0.808925986289978,
            -0.09766188263893127
        ],
        [
            -0.04393921047449112,
            -0.8105301260948181,
            -0.09779711067676544
        ],
        [
            -0.04395882785320282,
            -0.8077588677406311,
            -0.09643535315990448
        ],
        [
            -0.03677204251289368,
            -0.811206042766571,
            -0.09952924400568008
        ],
        [
            -0.03588660806417465,
            -0.8073492050170898,
            -0.0970553308725357
        ],
        [
            -0.03343193233013153,
            -0.8084542155265808,
            -0.09888966381549835
        ],
        [
            -0.03660024702548981,
            -0.8029842376708984,
            -0.09451945126056671
        ],
        [
            -0.033342376351356506,
            -0.8020221590995789,
            -0.0951051265001297
        ],
        [
            -0.03405892848968506,
            -0.8044921159744263,
            -0.09643876552581787
        ],
        [
            -0.034569479525089264,
            -0.7984922528266907,
            -0.09394444525241852
        ],
        [
            -0.03871670365333557,
            -0.8006458282470703,
            -0.09355351328849792
        ],
        [
            -0.04269722104072571,
            -0.7979456782341003,
            -0.09312804788351059
        ],
        [
            -0.0479273721575737,
            -0.7951623201370239,
            -0.09252259135246277
        ],
        [
            -0.04334000498056412,
            -0.7913135886192322,
            -0.09159891307353973
        ],
        [
            -0.03818780183792114,
            -0.794736385345459,
            -0.09291159361600876
        ],
        [
            -0.04272624850273132,
            -0.8145501613616943,
            -0.0990132987499237
        ],
        [
            -0.029693663120269775,
            -0.8047035336494446,
            -0.09791086614131927
        ],
        [
            -0.028555847704410553,
            -0.8111910223960876,
            -0.1008525937795639
        ],
        [
            -0.02818596363067627,
            -0.8002007603645325,
            -0.09669402241706848
        ],
        [
            -0.02871900051832199,
            -0.795626163482666,
            -0.09477075934410095
        ],
        [
            -0.032021425664424896,
            -0.7911006212234497,
            -0.09250953048467636
        ],
        [
            -0.037089020013809204,
            -0.78645920753479,
            -0.09095152467489243
        ],
        [
            -0.03100494295358658,
            -0.7627726793289185,
            -0.08062832057476044
        ],
        [
            -0.02410324662923813,
            -0.7693808078765869,
            -0.0841377004981041
        ],
        [
            -0.05395771563053131,
            -0.8838759064674377,
            -0.11076006293296814
        ],
        [
            -0.04596324265003204,
            -0.8843493461608887,
            -0.11465732008218765
        ],
        [
            -0.040681011974811554,
            -0.8775063753128052,
            -0.11095291376113892
        ],
        [
            -0.03983134776353836,
            -0.8802438974380493,
            -0.11204063892364502
        ],
        [
            -0.04603438079357147,
            -0.8802655935287476,
            -0.11120961606502533
        ],
        [
            -0.045292600989341736,
            -0.8774979114532471,
            -0.11005610227584839
        ],
        [
            -0.019132360816001892,
            -0.8746582269668579,
            -0.10817784816026688
        ],
        [
            -0.026019111275672913,
            -0.8750029802322388,
            -0.10839661210775375
        ],
        [
            -0.024166055023670197,
            -0.8716068267822266,
            -0.10719616711139679
        ],
        [
            -0.016346625983715057,
            -0.8685009479522705,
            -0.10844731330871582
        ],
        [
            -0.03242401033639908,
            -0.8621134757995605,
            -0.1066036969423294
        ],
        [
            -0.02761796861886978,
            -0.8644675016403198,
            -0.1072545200586319
        ],
        [
            -0.03327696770429611,
            -0.8700733184814453,
            -0.1069897711277008
        ],
        [
            -0.0367797389626503,
            -0.8683481216430664,
            -0.1066000908613205
        ],
        [
            -0.04063453525304794,
            -0.8670521378517151,
            -0.10559198260307312
        ],
        [
            -0.0445592924952507,
            -0.8662943840026855,
            -0.10365134477615356
        ],
        [
            -0.04270137846469879,
            -0.8611875772476196,
            -0.10303047299385071
        ],
        [
            -0.037748172879219055,
            -0.8612231016159058,
            -0.10511057078838348
        ],
        [
            -0.05145249515771866,
            -0.8804888725280762,
            -0.10755401104688644
        ],
        [
            -0.05647443234920502,
            -0.8788303136825562,
            -0.10241253674030304
        ],
        [
            -0.05416809767484665,
            -0.8762027025222778,
            -0.10251197963953018
        ],
        [
            -0.05030764639377594,
            -0.877456545829773,
            -0.10718634724617004
        ],
        [
            -0.05666662007570267,
            -0.8693928122520447,
            -0.0915779173374176
        ],
        [
            -0.057078681886196136,
            -0.8717044591903687,
            -0.09344449639320374
        ],
        [
            -0.06057959794998169,
            -0.8725218772888184,
            -0.09196803718805313
        ],
        [
            -0.059695132076740265,
            -0.8681947588920593,
            -0.09030333161354065
        ],
        [
            -0.05751894414424896,
            -0.8654687404632568,
            -0.09180580079555511
        ],
        [
            -0.05572733283042908,
            -0.867857813835144,
            -0.09271131455898285
        ],
        [
            -0.05790885537862778,
            -0.9397038221359253,
            -0.1082964837551117
        ],
        [
            -0.0640447586774826,
            -0.920810341835022,
            -0.11134360730648041
        ],
        [
            -0.037274107336997986,
            -0.9365859627723694,
            -0.10911004990339279
        ],
        [
            -0.02076045423746109,
            -0.9290105104446411,
            -0.10689230263233185
        ],
        [
            -0.006855078041553497,
            -0.9182747602462769,
            -0.10439962893724442
        ],
        [
            -0.008628174662590027,
            -0.8136642575263977,
            -0.10123749077320099
        ],
        [
            -0.002147167921066284,
            -0.8062617778778076,
            -0.09715218842029572
        ],
        [
            0.009724803268909454,
            -0.816129207611084,
            -0.09423139691352844
        ],
        [
            0.013234496116638184,
            -0.8065895438194275,
            -0.08920542895793915
        ],
        [
            0.0005329996347427368,
            -0.7967194318771362,
            -0.09257689118385315
        ],
        [
            -0.004546523094177246,
            -0.7769520878791809,
            -0.08090351521968842
        ],
        [
            -0.00018131360411643982,
            -0.786349892616272,
            -0.08737830817699432
        ],
        [
            0.014841590076684952,
            -0.7969381809234619,
            -0.08238149434328079
        ],
        [
            0.02882242575287819,
            -0.8120887279510498,
            -0.07790735363960266
        ],
        [
            0.02406720072031021,
            -0.8184521198272705,
            -0.08475151658058167
        ],
        [
            0.03710317239165306,
            -0.8299525380134583,
            -0.0718938559293747
        ],
        [
            0.033434025943279266,
            -0.8052693605422974,
            -0.06766931712627411
        ],
        [
            0.0404680110514164,
            -0.8298695087432861,
            -0.0639059841632843
        ],
        [
            0.02005801536142826,
            -0.7707741856575012,
            -0.05948583036661148
        ],
        [
            0.023002346977591515,
            -0.761418342590332,
            -0.05860259383916855
        ],
        [
            0.039583414793014526,
            -0.7705631256103516,
            -0.05980632081627846
        ],
        [
            0.03677494078874588,
            -0.7803494334220886,
            -0.06022501364350319
        ],
        [
            0.01820669323205948,
            -0.8255822658538818,
            -0.0911058858036995
        ],
        [
            0.0034474804997444153,
            -0.8872817754745483,
            -0.10191142559051514
        ],
        [
            -0.0071086585521698,
            -0.8844489455223083,
            -0.107261061668396
        ],
        [
            0.009272165596485138,
            -0.8754326105117798,
            -0.09972333163022995
        ],
        [
            0.005828194320201874,
            -0.9495135545730591,
            -0.09192272275686264
        ],
        [
            -0.008948765695095062,
            -0.9413890838623047,
            -0.10114914178848267
        ],
        [
            0.0037658438086509705,
            -0.9280891418457031,
            -0.09957393258810043
        ],
        [
            0.015801087021827698,
            -0.9374552965164185,
            -0.09179193526506424
        ],
        [
            -0.02676893025636673,
            -0.9788733720779419,
            -0.08162155747413635
        ],
        [
            -0.04244649410247803,
            -0.9614684581756592,
            -0.0975177139043808
        ],
        [
            -0.0266815647482872,
            -0.9531294107437134,
            -0.09978004544973373
        ],
        [
            -0.01205667108297348,
            -0.96668940782547,
            -0.08776040375232697
        ],
        [
            0.025906845927238464,
            -0.9414327144622803,
            -0.08358119428157806
        ],
        [
            0.03825433552265167,
            -0.9459008574485779,
            -0.07070581614971161
        ],
        [
            0.03710729628801346,
            -0.9618567228317261,
            -0.06364057213068008
        ],
        [
            0.02032269537448883,
            -0.958493709564209,
            -0.07860472798347473
        ],
        [
            0.02917257696390152,
            -0.9813840985298157,
            -0.05134155601263046
        ],
        [
            0.008916504681110382,
            -0.9779314994812012,
            -0.06968573480844498
        ],
        [
            0.04725020378828049,
            -0.8175852298736572,
            -0.05577714368700981
        ],
        [
            0.047174062579870224,
            -0.8372495174407959,
            -0.05421794578433037
        ],
        [
            0.03251826390624046,
            -0.7911889553070068,
            -0.06247200816869736
        ],
        [
            0.04748792201280594,
            -0.801796019077301,
            -0.056623443961143494
        ],
        [
            0.01673249900341034,
            -0.9953175783157349,
            -0.03607644885778427
        ],
        [
            -0.006494686007499695,
            -0.9920719265937805,
            -0.05866853520274162
        ],
        [
            0.06890253722667694,
            -0.9312914609909058,
            -0.027373850345611572
        ],
        [
            0.060766540467739105,
            -0.9477123022079468,
            -0.03533616662025452
        ],
        [
            0.05768632888793945,
