{
    "pred_cam": [
        1.4662425518035889,
        0.09099487215280533,
        0.3568704128265381
    ],
    "pred_smpl_params": {
        "global_orient": [
            [
                [
                    0.5893443822860718,
                    0.10617683827877045,
                    -0.8008742928504944
                ],
                [
                    0.1782715767621994,
                    -0.9839810132980347,
                    0.0007333984249271452
                ],
                [
                    -0.7879672646522522,
                    -0.14320535957813263,
                    -0.5988320112228394
                ]
            ]
        ],
        "body_pose": [
            [
                [
                    0.9831790924072266,
                    0.082084059715271,
                    0.16315945982933044
                ],
                [
                    -0.07254675775766373,
                    0.9953359365463257,
                    -0.06358657777309418
                ],
                [
                    -0.16761793196201324,
                    0.05068030580878258,
                    0.9845483899116516
                ]
            ],
            [
                [
                    0.9938161373138428,
                    0.08228705078363419,
                    0.07455433160066605
                ],
                [
                    -0.07386499643325806,
                    0.9912462830543518,
                    -0.10943017899990082
                ],
                [
                    -0.08290637284517288,
                    0.10324651747941971,
                    0.9911946654319763
                ]
            ],
            [
                [
                    0.9947140216827393,
                    -0.07133845239877701,
                    -0.0738569125533104
                ],
                [
                    0.06947720795869827,
                    0.9972051382064819,
                    -0.02747359871864319
                ],
                [
                    0.07561042159795761,
                    0.022197002544999123,
                    0.9968903064727783
                ]
            ],
            [
                [
                    0.9673345685005188,
                    0.2534233033657074,
                    -0.006363694090396166
                ],
                [
                    -0.22955787181854248,
                    0.8650360107421875,
                    -0.4461120069026947
                ],
                [
                    -0.10755038261413574,
                    0.433000385761261,
                    0.8949545621871948
                ]
            ],
            [
                [
                    0.9494805335998535,
                    0.2051488310098648,
                    0.23748812079429626
                ],
                [
                    -0.09609705954790115,
                    0.910458505153656,
                    -0.4022819399833679
                ],
                [
                    -0.29875072836875916,
                    0.35913699865341187,
                    0.8841768503189087
                ]
            ],
            [
                [
                    0.9932220578193665,
                    -0.08500652760267258,
                    -0.0792706310749054
                ],
                [
                    0.08488040417432785,
                    0.9963787794113159,
                    -0.004965419881045818
                ],
                [
                    0.07940567284822464,
                    -0.001796758733689785,
                    0.99684077501297
                ]
            ],
            [
                [
                    0.9756556153297424,
                    0.03576323762536049,
                    0.2163727730512619
                ],
                [
                    -0.047027792781591415,
                    0.9977807998657227,
                    0.04713645577430725
                ],
                [
                    -0.21420684456825256,
                    -0.05616447702050209,
                    0.9751722812652588
                ]
            ],
            [
                [
                    0.9666589498519897,
                    -0.09157734364271164,
                    -0.23913200199604034
                ],
                [
                    0.09923437982797623,
                    0.9948599338531494,
                    0.020152734592556953
                ],
                [
                    0.2360573410987854,
                    -0.04321093484759331,
                    0.9707778692245483
                ]
            ],
            [
                [
                    0.9969103336334229,
                    -0.042848438024520874,
                    -0.0658315122127533
                ],
                [
                    0.039952024817466736,
                    0.9982011318206787,
                    -0.04470163956284523
                ],
                [
                    0.06762848794460297,
                    0.04193342477083206,
                    0.9968289136886597
                ]
            ],
            [
                [
                    0.9938473105430603,
                    -0.10256379097700119,
                    0.04181170463562012
                ],
                [
                    0.09869533032178879,
                    0.9913991689682007,
                    0.085947185754776
                ],
                [
                    -0.050267159938812256,
                    -0.08129175752401352,
                    0.9954219460487366
                ]
            ],
            [
                [
                    0.9834703207015991,
                    0.15030430257320404,
                    0.10096904635429382
                ],
                [
                    -0.16308830678462982,
                    0.9775630831718445,
                    0.13331374526023865
                ],
                [
                    -0.07866598665714264,
                    -0.1475769728422165,
                    0.9859171509742737
                ]
            ],
            [
                [
                    0.9607192277908325,
                    -0.07441481947898865,
                    0.2673593759536743
                ],
                [
                    0.07651089876890182,
                    0.9970654249191284,
                    0.0025843146722763777
                ],
                [
                    -0.26676708459854126,
                    0.01797310821712017,
                    0.9635934829711914
                ]
            ],
            [
                [
                    0.9681704044342041,
                    0.1662808656692505,
                    -0.1870737224817276
                ],
                [
                    -0.1677989363670349,
                    0.9857903718948364,
                    0.007805010303854942
                ],
                [
                    0.1857132911682129,
                    0.023834189400076866,
                    0.9823148250579834
                ]
            ],
            [
                [
                    0.9953067302703857,
                    -0.09556974470615387,
                    0.015195508487522602
                ],
                [
                    0.09575674682855606,
                    0.9953312873840332,
                    -0.01209313701838255
                ],
                [
                    -0.013968827202916145,
                    0.013491452671587467,
                    0.9998113512992859
                ]
            ],
            [
                [
                    0.9756820201873779,
                    0.04693964868783951,
                    0.2141055166721344
                ],
                [
                    0.0044906665571033955,
                    0.9723150730133057,
                    -0.23363058269023895
                ],
                [
                    -0.2191445678472519,
                    0.2289106547832489,
                    0.9484595656394958
                ]
            ],
            [
                [
                    0.6049047708511353,
                    0.7047706842422485,
                    -0.37065941095352173
                ],
                [
                    -0.7463545799255371,
                    0.6640524864196777,
                    0.04459952563047409
                ],
                [
                    0.2775697410106659,
                    0.24966490268707275,
                    0.9276973605155945
                ]
            ],
            [
                [
                    0.7443162798881531,
                    -0.6066704988479614,
                    0.2791849374771118
                ],
                [
                    0.6585363745689392,
                    0.7362384796142578,
                    -0.15582908689975739
                ],
                [
                    -0.11100980639457703,
                    0.2998395562171936,
                    0.9475088715553284
                ]
            ],
            [
                [
                    0.39405298233032227,
                    -0.239323690533638,
                    -0.8873817920684814
                ],
                [
                    -0.08213365077972412,
                    0.9524703025817871,
                    -0.29335030913352966
                ],
                [
                    0.9154104590415955,
                    0.1884794682264328,
                    0.35566723346710205
                ]
            ],
            [
                [
                    0.014360559172928333,
                    0.3370780944824219,
                    0.9413672089576721
                ],
                [
                    -0.001018510083667934,
                    0.9414687156677246,
                    -0.3370988965034485
                ],
                [
                    -0.9998963475227356,
                    0.0038821303751319647,
                    0.0138633344322443
                ]
            ],
            [
                [
                    0.9865869283676147,
                    -0.1373700052499771,
                    -0.08818013221025467
                ],
                [
                    0.13159796595573425,
                    0.9889501929283142,
                    -0.06826096773147583
                ],
                [
                    0.09658276289701462,
                    0.055741049349308014,
                    0.9937629699707031
                ]
            ],
            [
                [
                    0.9880733489990234,
                    0.10749752074480057,
                    0.11025138944387436
                ],
                [
                    -0.11441060155630112,
                    0.9917152523994446,
                    0.05840405821800232
                ],
                [
                    -0.10305969417095184,
                    -0.07032141834497452,
                    0.9921862483024597
                ]
            ],
            [
                [
                    0.9887518286705017,
                    0.1434432417154312,
                    -0.04235348850488663
                ],
                [
                    -0.1370530128479004,
                    0.9823318719863892,
                    0.12743854522705078
                ],
                [
                    0.059885382652282715,
                    -0.12020043283700943,
                    0.9909417629241943
                ]
            ],
            [
                [
                    0.9831393957138062,
                    -0.17639261484146118,
                    0.04819290339946747
                ],
                [
                    0.16956348717212677,
                    0.9780855774879456,
                    0.12081724405288696
                ],
                [
                    -0.06844805926084518,
                    -0.11060843616724014,
                    0.9915041923522949
                ]
            ]
        ],
        "betas": [
            -0.1290777623653412,
            -0.14244282245635986,
            0.4793560206890106,
            0.6217389702796936,
            0.1895788162946701,
            0.09386912733316422,
            0.03664344549179077,
            -0.12853822112083435,
            0.018622279167175293,
            -0.094757080078125
        ]
    },
    "pred_cam_t": [
        0.09099487215280533,
        0.3568704128265381,
        26.641225814819336
    ],
    "focal_length": [
        5000.0,
        5000.0
    ],
    "pred_keypoints_3d": [
        [
            -0.07512372732162476,
            -0.8452571630477905,
            -0.10333310812711716
        ],
        [
            0.04311569780111313,
            -0.7483301162719727,
            0.014691347256302834
        ],
        [
            -0.022850075736641884,
            -0.672386646270752,
            0.17997193336486816
        ],
        [
            -0.08387574553489685,
            -0.4842661917209625,
            0.33225274085998535
        ],
        [
            -0.2729555368423462,
            -0.4385347366333008,
            0.1749243140220642
        ],
        [
            0.1025485247373581,
            -0.6707417964935303,
            -0.15391936898231506
        ],
        [
            0.09893904626369476,
            -0.44763505458831787,
            -0.27904975414276123
        ],
        [
            -0.13413122296333313,
            -0.37416839599609375,
            -0.2873571813106537
        ],
        [
            -0.0020424844697117805,
            -0.2308758795261383,
            0.028221409767866135
        ],
        [
            -0.04805585741996765,
            -0.1533709466457367,
            0.09714341163635254
        ],
        [
            -0.09165407717227936,
            0.19612440466880798,
            0.2297578752040863
        ],
        [
            -0.025491051375865936,
            0.48018866777420044,
            0.49027347564697266
        ],
        [
            0.034566622227430344,
            -0.12795805931091309,
            -0.009183187037706375
        ],
        [
            0.019274340942502022,
            0.23329061269760132,
            0.05899761989712715
        ],
        [
            0.04882291704416275,
            0.4887697398662567,
            0.35297125577926636
        ],
        [
            -0.08727724850177765,
            -0.8842904567718506,
            -0.05669243633747101
        ],
        [
            -0.036452118307352066,
            -0.8928807973861694,
            -0.09848915040493011
        ],
        [
            -0.05793444812297821,
            -0.8739829063415527,
            0.0447423942387104
        ],
        [
            0.053499918431043625,
            -0.8939229249954224,
            -0.05067545548081398
        ],
        [
            -0.05299834907054901,
            0.6379770636558533,
            0.26588788628578186
        ],
        [
            0.029675647616386414,
            0.6350202560424805,
            0.27486541867256165
        ],
        [
            0.0859651118516922,
            0.4844796359539032,
            0.41154828667640686
        ],
        [
            -0.14348122477531433,
            0.6118175983428955,
            0.40783917903900146
        ],
        [
            -0.17019771039485931,
            0.5707257390022278,
            0.48056870698928833
        ],
        [
            0.01579873636364937,
            0.4887308180332184,
            0.550739049911499
        ],
        [
            -0.02813229337334633,
            0.4217163324356079,
            0.48806267976760864
        ],
        [
            -0.08763483166694641,
            0.1394396871328354,
            0.20539262890815735
        ],
        [
            -0.0803128257393837,
            -0.2876133620738983,
            0.14177922904491425
        ],
        [
            0.10370253026485443,
            -0.22005511820316315,
            -0.07673778384923935
        ],
        [
            0.030159052461385727,
            0.19796043634414673,
            0.03780470788478851
        ],
        [
            0.07045447081327438,
            0.4531548321247101,
            0.3408825993537903
        ],
        [
            -0.2432502657175064,
            -0.463828444480896,
            0.1664409637451172
        ],
        [
            -0.10951440036296844,
            -0.5215397477149963,
            0.32917898893356323
        ],
        [
            -0.011735983192920685,
            -0.698094367980957,
            0.15184450149536133
        ],
        [
            0.10290388017892838,
            -0.6999539136886597,
            -0.1255808174610138
        ],
        [
            0.07710910588502884,
            -0.4913758635520935,
            -0.29730919003486633
        ],
        [
            -0.12707477807998657,
            -0.3961418867111206,
            -0.2836243510246277
        ],
        [
            0.040596894919872284,
            -0.7499181032180786,
            0.00903281569480896
        ],
        [
            -0.01789962872862816,
            -0.9356751441955566,
            -0.016944166272878647
        ],
        [
            0.011887019500136375,
            -0.25406402349472046,
            0.031593769788742065
        ],
        [
            0.04217664524912834,
            -0.6950777173042297,
            0.01200081966817379
        ],
        [
            0.05399194732308388,
            -0.5030263662338257,
            0.02129865065217018
        ],
        [
            -0.019153742119669914,
            -0.8258717656135559,
            -0.0463845357298851
        ],
        [
            -0.018155580386519432,
            -0.9547938108444214,
            -0.007936522364616394
        ]
    ],
    "pred_vertices": [
        [
            -0.03537943586707115,
            -0.9402163028717041,
            -0.10746721178293228
        ],
        [
            -0.041635919362306595,
            -0.9251258969306946,
            -0.1083051860332489
        ],
        [
            -0.02729307860136032,
            -0.9236606955528259,
            -0.1082364022731781
        ],
        [
            -0.01882367953658104,
            -0.9353303909301758,
            -0.1043882817029953
        ],
        [
            -0.032294612377882004,
            -0.9136886596679688,
            -0.11021231859922409
        ],
        [
            -0.044232629239559174,
            -0.9129998683929443,
            -0.10899070650339127
        ],
        [
            -0.01463809609413147,
            -0.9189358949661255,
            -0.10447116941213608
        ],
        [
            -0.005324151366949081,
            -0.9276779890060425,
            -0.09904079139232635
        ],
        [
            0.0018667355179786682,
            -0.8854602575302124,
            -0.09862875938415527
        ],
        [
            0.011324837803840637,
            -0.8824220895767212,
            -0.09385902434587479
        ],
        [
            0.008543141186237335,
            -0.8939015865325928,
            -0.09474726021289825
        ],
        [
            -0.0007104799151420593,
            -0.8937140703201294,
            -0.09857751429080963
        ],
        [
            0.007102388888597488,
            -0.8599803447723389,
            -0.09595207870006561
        ],
        [
            -0.00132770836353302,
            -0.8492956757545471,
            -0.0984506905078888
        ],
        [
            0.007571309804916382,
            -0.8412847518920898,
            -0.09260911494493484
        ],
        [
            0.01579461619257927,
            -0.8511970043182373,
            -0.08846709132194519
        ],
        [
            -0.0423797070980072,
            -0.8575325012207031,
            -0.09650375694036484
        ],
        [
            -0.03663996607065201,
            -0.851723313331604,
            -0.09903624653816223
        ],
        [
            -0.034100279211997986,
            -0.8589137196540833,
            -0.10077571868896484
        ],
        [
            -0.04010288789868355,
            -0.8637949228286743,
            -0.09745422005653381
        ],
        [
            -0.05449981242418289,
            -0.8654148578643799,
            -0.09561067819595337
        ],
        [
            -0.052468255162239075,
            -0.8711886405944824,
            -0.09353508800268173
        ],
        [
            -0.05978235602378845,
            -0.8741037845611572,
            -0.09460902214050293
        ],
        [
            -0.06171243637800217,
            -0.8676928877830505,
            -0.09798164665699005
        ],
        [
            -0.04573648422956467,
            -0.8516468405723572,
            -0.09309987723827362
        ],
        [
            -0.03941722214221954,
            -0.8457920551300049,
            -0.09550099074840546
        ],
        [
            -0.0476808175444603,
            -0.8624184131622314,
            -0.09474600851535797
        ],
        [
            -0.04979100078344345,
            -0.8574365973472595,
            -0.09548758715391159
        ],
        [
            -0.057511717081069946,
            -0.850456953048706,
            -0.10195212066173553
        ],
        [
            -0.05604630708694458,
            -0.8554462194442749,
            -0.10168609023094177
        ],
        [
            -0.06300421059131622,
            -0.8555940389633179,
            -0.10507841408252716
        ],
        [
            -0.06285830587148666,
            -0.8499427437782288,
            -0.10390029847621918
        ],
        [
            -0.04952532798051834,
            -0.8505544662475586,
            -0.09641829133033752
        ],
        [
            -0.05120512843132019,
            -0.8533978462219238,
            -0.09892351925373077
        ],
        [
            -0.0540524423122406,
            -0.849272608757019,
            -0.09930098801851273
        ],
        [
            -0.05294828861951828,
            -0.8471747040748596,
            -0.09580488502979279
        ],
        [
            -0.05597104877233505,
            -0.8608496189117432,
            -0.0975995883345604
        ],
        [
            -0.062713123857975,
            -0.8620396852493286,
            -0.10139206051826477
        ],
        [
            -0.07029494643211365,
            -0.8625162243843079,
            -0.10449063777923584
        ],
        [
            -0.0705658569931984,
            -0.8540109395980835,
            -0.10797853767871857
        ],
        [
            -0.022401180118322372,
            -0.8400931358337402,
            -0.10060000419616699
        ],
        [
            -0.029708683490753174,
            -0.8459845781326294,
            -0.10097579658031464
        ],
        [
            -0.03306879848241806,
            -0.840614914894104,
            -0.09780003875494003
        ],
        [
            -0.026958152651786804,
            -0.8358955979347229,
            -0.09848068654537201
        ],
        [
            -0.04955695569515228,
            -0.8444270491600037,
            -0.09379251301288605
        ],
        [
            -0.044642992317676544,
            -0.8291525840759277,
            -0.09610357135534286
        ],
        [
            -0.045033104717731476,
            -0.8329495787620544,
            -0.0964154303073883
        ],
        [
            -0.05224350094795227,
            -0.8327906131744385,
            -0.0959538072347641
        ],
        [
            -0.05129183083772659,
            -0.8293203711509705,
            -0.09584560990333557
        ],
        [
            -0.01115022599697113,
            -0.8271642923355103,
            -0.09666666388511658
        ],
        [
            -0.018070019781589508,
            -0.8251492977142334,
            -0.09654413163661957
        ],
        [
            -0.015274371951818466,
            -0.8185120820999146,
            -0.09474422037601471
        ],
        [
            -0.008040353655815125,
            -0.8193545341491699,
            -0.0933518186211586
        ],
        [
            -0.015983838587999344,
            -0.8127639293670654,
            -0.09223219752311707
        ],
        [
            -0.006451882421970367,
            -0.8117721080780029,
            -0.08986523747444153
        ],
        [
            -0.012204889208078384,
            -0.7965735793113708,
            -0.08415955305099487
        ],
        [
            -0.008947305381298065,
            -0.8033118844032288,
            -0.08692049235105515
        ],
        [
            -0.01863637939095497,
            -0.8066996335983276,
            -0.0900147408246994
        ],
        [
            -0.02410222589969635,
            -0.8006210923194885,
            -0.08920284360647202
        ],
        [
            -0.03882019221782684,
            -0.8028265237808228,
            -0.08903421461582184
        ],
        [
            -0.04478424787521362,
            -0.8007326126098633,
            -0.08757861703634262
        ],
        [
            -0.03842049092054367,
            -0.7893684506416321,
            -0.08837989717721939
        ],
        [
            -0.03171417862176895,
            -0.7942214012145996,
            -0.08914659917354584
        ],
        [
            -0.04162220656871796,
            -0.8239613175392151,
            -0.09202595800161362
        ],
        [
            -0.03687088191509247,
            -0.8247302770614624,
            -0.09212793409824371
        ],
        [
            -0.038187362253665924,
            -0.8260009288787842,
            -0.09423306584358215
        ],
        [
            -0.04348035901784897,
            -0.8263050317764282,
            -0.09447027742862701
        ],
        [
            -0.03290235251188278,
            -0.8251198530197144,
            -0.09273660182952881
        ],
        [
            -0.03111404925584793,
            -0.8251591920852661,
            -0.09311023354530334
        ],
        [
            -0.032172031700611115,
            -0.8262856006622314,
            -0.09403504431247711
        ],
        [
            -0.033385299146175385,
            -0.8257395029067993,
            -0.09327343106269836
        ],
        [
            -0.035239964723587036,
            -0.8250961303710938,
            -0.09257349371910095
        ],
        [
            -0.036009982228279114,
            -0.8230463266372681,
            -0.09222114086151123
        ],
        [
            -0.03379330784082413,
            -0.8241816759109497,
            -0.0925997793674469
        ],
        [
            -0.04034571349620819,
            -0.821541428565979,
            -0.0923781543970108
        ],
        [
            -0.05440954118967056,
            -0.8168784976005554,
            -0.0912913903594017
        ],
        [
            -0.05074986070394516,
            -0.8181817531585693,
            -0.09232427179813385
        ],
        [
            -0.0519193634390831,
            -0.8224220275878906,
            -0.09076514840126038
        ],
        [
            -0.05510035157203674,
            -0.8215705156326294,
            -0.08995185792446136
        ],
        [
            -0.03475718945264816,
            -0.8274410963058472,
            -0.09480038285255432
        ],
        [
            -0.03275444358587265,
            -0.8296617269515991,
            -0.09569382667541504
        ],
        [
            -0.03804456442594528,
            -0.8315832018852234,
            -0.0962982326745987
        ],
        [
            -0.038322895765304565,
            -0.8287422060966492,
            -0.09510524570941925
        ],
        [
            -0.03068498522043228,
            -0.8318823575973511,
            -0.09719342738389969
        ],
        [
            -0.030172284692525864,
            -0.8278511762619019,
            -0.09489300101995468
        ],
        [
            -0.027440253645181656,
            -0.8288149833679199,
            -0.09634234011173248
        ],
        [
            -0.03132064640522003,
            -0.8233457803726196,
            -0.09270580857992172
        ],
        [
            -0.028056535869836807,
            -0.822212815284729,
            -0.09303588420152664
        ],
        [
            -0.028534960001707077,
            -0.8248064517974854,
            -0.09430836141109467
        ],
        [
            -0.029506277292966843,
            -0.8186590671539307,
            -0.09220367670059204
        ],
        [
            -0.0336281880736351,
            -0.8210654258728027,
            -0.09200339764356613
        ],
        [
            -0.03776990622282028,
            -0.818554162979126,
            -0.0921797901391983
        ],
        [
            -0.043224602937698364,
            -0.8160147666931152,
            -0.092336505651474
        ],
        [
            -0.038873083889484406,
            -0.811815083026886,
            -0.09120681881904602
        ],
        [
            -0.033393122255802155,
            -0.8150439262390137,
            -0.0917198434472084
        ],
        [
            -0.03645829111337662,
            -0.8355263471603394,
            -0.09703321754932404
        ],
        [
            -0.023989800363779068,
            -0.824893593788147,
            -0.09520532190799713
        ],
        [
            -0.02221698686480522,
            -0.8315417170524597,
            -0.0974782332777977
        ],
        [
            -0.022765416651964188,
            -0.8201992511749268,
            -0.09411938488483429
        ],
        [
            -0.023647621273994446,
            -0.8155238628387451,
            -0.09250044822692871
        ],
        [
            -0.027358874678611755,
            -0.811088502407074,
            -0.09094463288784027
        ],
        [
            -0.0328526496887207,
            -0.8065536022186279,
            -0.09017723798751831
        ],
        [
            -0.028991911560297012,
            -0.7820355296134949,
            -0.08029213547706604
        ],
        [
            -0.021364744752645493,
            -0.7885253429412842,
            -0.08258405327796936
        ],
        [
            -0.042979516088962555,
            -0.9057922959327698,
            -0.10513892769813538
        ],
        [
            -0.034570325165987015,
            -0.9060338735580444,
            -0.1083558052778244
        ],
        [
            -0.03008285164833069,
            -0.898876428604126,
            -0.10435470938682556
        ],
        [
            -0.02901964634656906,
            -0.9016945958137512,
            -0.1052766889333725
        ],
        [
            -0.03525862097740173,
            -0.9018443822860718,
            -0.10501572489738464
        ],
        [
            -0.034815989434719086,
            -0.8991165161132812,
            -0.10383948683738708
        ],
        [
            -0.009113159030675888,
            -0.8944120407104492,
            -0.09967446327209473
        ],
        [
            -0.01594172790646553,
            -0.8952736854553223,
            -0.10054893791675568
        ],
        [
            -0.014309246093034744,
            -0.8917486667633057,
            -0.09934336692094803
        ],
        [
            -0.0065256766974925995,
            -0.8882489204406738,
            -0.09992891550064087
        ],
        [
            -0.023117490112781525,
            -0.8827077150344849,
            -0.10037733614444733
        ],
        [
            -0.01808704063296318,
            -0.884807825088501,
            -0.10031892359256744
        ],
        [
            -0.02360992133617401,
            -0.8906452059745789,
            -0.10044611990451813
        ],
        [
            -0.027290016412734985,
            -0.8891525268554688,
            -0.10050936043262482
        ],
        [
            -0.03128596022725105,
            -0.888042151927948,
            -0.09991723299026489
        ],
        [
            -0.03540072217583656,
            -0.887498140335083,
            -0.09835624694824219
        ],
        [
            -0.03392865136265755,
            -0.882172167301178,
            -0.09799733012914658
        ],
        [
            -0.028712913393974304,
            -0.8820337057113647,
            -0.09955250471830368
        ],
        [
            -0.0411897748708725,
            -0.9021350145339966,
            -0.1019001454114914
        ],
        [
            -0.0468045137822628,
            -0.9006080627441406,
            -0.09744726121425629
        ],
        [
            -0.04468398541212082,
            -0.8977069854736328,
            -0.09756096452474594
        ],
        [
            -0.04029387608170509,
            -0.8989509344100952,
            -0.10166193544864655
        ],
        [
            -0.04873606935143471,
            -0.890615701675415,
            -0.08749128878116608
        ],
        [
            -0.048766735941171646,
            -0.8930454850196838,
            -0.0891471728682518
        ],
        [
            -0.05245957896113396,
            -0.893932044506073,
            -0.08801861107349396
        ],
        [
            -0.05193684995174408,
            -0.8895354270935059,
            -0.08667540550231934
        ],
        [
            -0.0497860461473465,
            -0.8867393732070923,
            -0.08816732466220856
        ],
        [
            -0.04780188947916031,
            -0.8890724182128906,
            -0.08869731426239014
        ],
        [
            -0.0449657216668129,
            -0.9608832597732544,
            -0.10021501034498215
        ],
        [
            -0.0512058287858963,
            -0.9427595734596252,
            -0.10436306148767471
        ],
        [
            -0.02441750466823578,
            -0.9570858478546143,
            -0.09873063117265701
        ],
        [
            -0.008394554257392883,
            -0.9488340020179749,
            -0.09519228339195251
        ],
        [
            0.004795342683792114,
            -0.937031626701355,
            -0.09199142456054688
        ],
        [
            -0.002094380557537079,
            -0.8329566717147827,
            -0.09533993154764175
        ],
        [
            0.003723498433828354,
            -0.8248984813690186,
            -0.09107472002506256
        ],
        [
            0.015701651573181152,
            -0.834000825881958,
            -0.08633944392204285
        ],
        [
            0.01818288490176201,
            -0.8239775896072388,
            -0.08133432269096375
        ],
        [
            0.005502011626958847,
            -0.8148879408836365,
            -0.08669253438711166
        ],
        [
            -0.0018788725137710571,
            -0.7947731018066406,
            -0.07629238814115524
        ],
        [
            0.003678753972053528,
            -0.8041313886642456,
            -0.081964872777462
        ],
        [
            0.018564831465482712,
            -0.8137829303741455,
            -0.07459431141614914
        ],
        [
            0.03243555128574371,
            -0.8281594514846802,
            -0.06768270581960678
        ],
        [
            0.02901434525847435,
            -0.8350005149841309,
            -0.0751430094242096
        ],
        [
            0.04100165143609047,
            -0.8451789021492004,
            -0.060099173337221146
        ],
        [
            0.03552435711026192,
            -0.8206503391265869,
            -0.05660949647426605
        ],
        [
            0.04310288652777672,
            -0.8446522951126099,
            -0.051399797201156616
        ],
        [
            0.021185463294386864,
            -0.784809947013855,
            -0.0514339879155159
        ],
        [
            0.024124756455421448,
            -0.7744505405426025,
            -0.05050808563828468
        ],
        [
            0.04103837534785271,
            -0.7833751440048218,
            -0.04963673651218414
        ],
        [
            0.03827399015426636,
            -0.7940092086791992,
            -0.04999774321913719
        ],
        [
            0.024114981293678284,
            -0.8427661657333374,
            -0.08171140402555466
        ],
        [
            0.013176914304494858,
            -0.905268669128418,
            -0.09038050472736359
        ],
        [
            0.0034196674823760986,
            -0.9034054279327393,
            -0.0968804731965065
        ],
        [
            0.01834539696574211,
            -0.8932020664215088,
            -0.08839452266693115
        ],
        [
            0.016934849321842194,
            -0.9668862819671631,
            -0.07587777823209763
        ],
        [
            0.0027694106101989746,
            -0.9599095582962036,
            -0.08697563409805298
        ],
        [
            0.014948081225156784,
            -0.9459920525550842,
            -0.08535642921924591
        ],
        [
            0.026234053075313568,
            -0.9542958736419678,
            -0.07536114007234573
        ],
        [
            -0.015393324196338654,
            -0.9973599910736084,
            -0.067655548453331
        ],
        [
            -0.030084460973739624,
            -0.9818759560585022,
            -0.08635476231575012
        ],
        [
            -0.014555513858795166,
            -0.9726719856262207,
            -0.08707094937562943
        ],
        [
            -0.0005976110696792603,
            -0.9848112463951111,
            -0.07297888398170471
        ],
        [
            0.03542524576187134,
            -0.9573570489883423,
            -0.06561295688152313
        ],
        [
            0.04668663442134857,
            -0.9605069756507874,
            -0.05112353339791298
        ],
        [
            0.0451345220208168,
            -0.9763942956924438,
            -0.043552085757255554
        ],
        [
            0.030089177191257477,
            -0.974118709564209,
            -0.06034884601831436
        ],
        [
            0.03674060106277466,
            -0.996138334274292,
            -0.031049109995365143
        ],
        [
            0.018657349050045013,
            -0.9943045377731323,
            -0.051817018538713455
        ],
        [
            0.04893256723880768,
            -0.8314613699913025,
            -0.0431024543941021
        ],
        [
            0.04970186948776245,
            -0.850651741027832,
            -0.04101283475756645
        ],
        [
            0.03400947153568268,
            -0.8058372139930725,
            -0.05226772278547287
        ],
        [
            0.04899203032255173,
            -0.8155307173728943,
            -0.044447969645261765
        ],
        [
            0.023381851613521576,
            -1.0100820064544678,
            -0.016388364136219025
        ],
        [
            0.0024425387382507324,
            -1.0086430311203003,
            -0.041453611105680466
        ],
        [
            0.07133227586746216,
            -0.9428112506866455,
            -0.00554598867893219
        ],
        [
            0.06545333564281464,
            -0.9598489999771118,
            -0.013290077447891235
        ],
        [
            0.06300340592861176,
