{
    "pred_cam": [
        1.4597505331039429,
        0.0726136788725853,
        0.37161871790885925
    ],
    "pred_smpl_params": {
        "global_orient": [
            [
                [
                    0.7311436533927917,
                    0.09138571470975876,
                    -0.6760751605033875
                ],
                [
                    0.1678004413843155,
                    -0.9846333861351013,
                    0.04837451130151749
                ],
                [
                    -0.6612654328346252,
                    -0.14881442487239838,
                    -0.735243022441864
                ]
            ]
        ],
        "body_pose": [
            [
                [
                    0.98386150598526,
                    0.08812824636697769,
                    0.15572388470172882
                ],
                [
                    -0.08285193890333176,
                    0.9957560896873474,
                    -0.040067095309495926
                ],
                [
                    -0.1585940420627594,
                    0.0265184473246336,
                    0.9869877099990845
                ]
            ],
            [
                [
                    0.9888542294502258,
                    0.048068463802337646,
                    0.14091408252716064
                ],
                [
                    -0.029561273753643036,
                    0.9909939765930176,
                    -0.13060270249843597
                ],
                [
                    -0.14592286944389343,
                    0.12498143315315247,
                    0.9813695549964905
                ]
            ],
            [
                [
                    0.9956324696540833,
                    -0.055371012538671494,
                    -0.07516652345657349
                ],
                [
                    0.05480894446372986,
                    0.9984514713287354,
                    -0.009521682746708393
                ],
                [
                    0.07557734847068787,
                    0.005360299721360207,
                    0.997125506401062
                ]
            ],
            [
                [
                    0.962134063243866,
                    0.26781442761421204,
                    -0.05072928965091705
                ],
                [
                    -0.2407633364200592,
                    0.7477378249168396,
                    -0.6188061833381653
                ],
                [
                    -0.12779304385185242,
                    0.6075882911682129,
                    0.783903956413269
                ]
            ],
            [
                [
                    0.9349254965782166,
                    0.2663068175315857,
                    0.23450995981693268
                ],
                [
                    -0.08554522693157196,
                    0.8105428218841553,
                    -0.5793982148170471
                ],
                [
                    -0.3443780839443207,
                    0.5216330289840698,
                    0.7805784344673157
                ]
            ],
            [
                [
                    0.9938033223152161,
                    -0.06408616155385971,
                    -0.09081859886646271
                ],
                [
                    0.06440176069736481,
                    0.9979239106178284,
                    0.0005457974039018154
                ],
                [
                    0.0905950739979744,
                    -0.006391292903572321,
                    0.9958673715591431
                ]
            ],
            [
                [
                    0.9800633788108826,
                    0.011597597040235996,
                    0.19834613800048828
                ],
                [
                    -0.0292105320841074,
                    0.9958577156066895,
                    0.08610518276691437
                ],
                [
                    -0.1965259313583374,
                    -0.0901823416352272,
                    0.9763424396514893
                ]
            ],
            [
                [
                    0.9770721793174744,
                    -0.052772510796785355,
                    -0.20626433193683624
                ],
                [
                    0.07094607502222061,
                    0.9941266179084778,
                    0.0817246362566948
                ],
                [
                    0.2007400542497635,
                    -0.09448451548814774,
                    0.9750774502754211
                ]
            ],
            [
                [
                    0.9963856339454651,
                    -0.033224768936634064,
                    -0.0781785100698471
                ],
                [
                    0.02852366864681244,
                    0.9977604746818542,
                    -0.06049998477101326
                ],
                [
                    0.08001354336738586,
                    0.058051373809576035,
                    0.9951018691062927
                ]
            ],
            [
                [
                    0.9952831864356995,
                    -0.09361905604600906,
                    0.02543243020772934
                ],
                [
                    0.08995901793241501,
                    0.9887766242027283,
                    0.11928176134824753
                ],
                [
                    -0.03631403669714928,
                    -0.11643125861883163,
                    0.9925346374511719
                ]
            ],
            [
                [
                    0.9872426986694336,
                    0.13413117825984955,
                    0.08579470962285995
                ],
                [
                    -0.14716191589832306,
                    0.9743859171867371,
                    0.17004525661468506
                ],
                [
                    -0.06078878790140152,
                    -0.18050165474414825,
                    0.9816944003105164
                ]
            ],
            [
                [
                    0.949821949005127,
                    -0.09358479827642441,
                    0.2984628677368164
                ],
                [
                    0.07690782845020294,
                    0.9947732090950012,
                    0.06716717779636383
                ],
                [
                    -0.3031887114048004,
                    -0.040842730551958084,
                    0.9520548582077026
                ]
            ],
            [
                [
                    0.9289693832397461,
                    0.336293488740921,
                    -0.1546688824892044
                ],
                [
                    -0.3405267000198364,
                    0.940234363079071,
                    -0.0009323018020950258
                ],
                [
                    0.14511148631572723,
                    0.05353497341275215,
                    0.9879658222198486
                ]
            ],
            [
                [
                    0.9713000059127808,
                    -0.23713108897209167,
                    0.018576741218566895
                ],
                [
                    0.23733828961849213,
                    0.9713770747184753,
                    -0.009847900830209255
                ],
                [
                    -0.015709780156612396,
                    0.013974239118397236,
                    0.9997788667678833
                ]
            ],
            [
                [
                    0.9630562663078308,
                    0.04699331894516945,
                    0.26516836881637573
                ],
                [
                    0.011112271808087826,
                    0.9768837094306946,
                    -0.21348224580287933
                ],
                [
                    -0.26907092332839966,
                    0.20854203402996063,
                    0.94027179479599
                ]
            ],
            [
                [
                    0.49618569016456604,
                    0.8077290058135986,
                    -0.3183920979499817
                ],
                [
                    -0.8500915765762329,
                    0.5265212059020996,
                    0.010939577594399452
                ],
                [
                    0.176476389169693,
                    0.26523441076278687,
                    0.947895884513855
                ]
            ],
            [
                [
                    0.6362138390541077,
                    -0.6989942193031311,
                    0.3265562653541565
                ],
                [
                    0.7570304274559021,
                    0.6472189426422119,
                    -0.08951294422149658
                ],
                [
                    -0.1487843543291092,
                    0.3041624426841736,
                    0.9409295320510864
                ]
            ],
            [
                [
                    0.7461999654769897,
                    -0.13380134105682373,
                    -0.6521372199058533
                ],
                [
                    -0.08353231102228165,
                    0.9530333280563354,
                    -0.29111820459365845
                ],
                [
                    0.6604605317115784,
                    0.2717069387435913,
                    0.6999766826629639
                ]
            ],
            [
                [
                    0.48068588972091675,
                    0.24448493123054504,
                    0.8421212434768677
                ],
                [
                    -0.034110382199287415,
                    0.9648331999778748,
                    -0.26064038276672363
                ],
                [
                    -0.8762291669845581,
                    0.09656107425689697,
                    0.4721211791038513
                ]
            ],
            [
                [
                    0.9986489415168762,
                    -0.04400306195020676,
                    -0.02763880230486393
                ],
                [
                    0.04168787598609924,
                    0.9959715604782104,
                    -0.07938961684703827
                ],
                [
                    0.03102084808051586,
                    0.07813016325235367,
                    0.9964603185653687
                ]
            ],
            [
                [
                    0.9983711838722229,
                    0.041312091052532196,
                    0.03934864699840546
                ],
                [
                    -0.04173165559768677,
                    0.9990797638893127,
                    0.009901351295411587
                ],
                [
                    -0.03890339285135269,
                    -0.011527307331562042,
                    0.9991764426231384
                ]
            ],
            [
                [
                    0.983719527721405,
                    0.1721135973930359,
                    -0.0517001636326313
                ],
                [
                    -0.16236011683940887,
                    0.9744992256164551,
                    0.15488852560520172
                ],
                [
                    0.0770401880145073,
                    -0.14397279918193817,
                    0.9865782856941223
                ]
            ],
            [
                [
                    0.9793844223022461,
                    -0.1951984316110611,
                    0.0519973486661911
                ],
                [
                    0.1862923502922058,
                    0.972301185131073,
                    0.14115798473358154
                ],
                [
                    -0.07811090350151062,
                    -0.12856122851371765,
                    0.9886205792427063
                ]
            ]
        ],
        "betas": [
            -0.10983362793922424,
            0.06322824954986572,
            0.5902950763702393,
            1.1676188707351685,
            0.13988280296325684,
            0.08143621683120728,
            -0.02598986029624939,
            -0.03246927261352539,
            0.09801696985960007,
            -0.13756152987480164
        ]
    },
    "pred_cam_t": [
        0.0726136788725853,
        0.37161871790885925,
        26.759708404541016
    ],
    "focal_length": [
        5000.0,
        5000.0
    ],
    "pred_keypoints_3d": [
        [
            -0.050517737865448,
            -0.8649325370788574,
            -0.14599362015724182
        ],
        [
            0.03445378690958023,
            -0.7600033283233643,
            -0.0032658278942108154
        ],
        [
            -0.05674035847187042,
            -0.6763532161712646,
            0.15659433603286743
        ],
        [
            -0.11308648437261581,
            -0.45483705401420593,
            0.25413236021995544
        ],
        [
            -0.28974196314811707,
            -0.32805243134498596,
            0.13098996877670288
        ],
        [
            0.12663359940052032,
            -0.6559134721755981,
            -0.1522412896156311
        ],
        [
            0.14349108934402466,
            -0.40253010392189026,
            -0.1785612255334854
        ],
        [
            -0.02435740828514099,
            -0.22885845601558685,
            -0.2165372520685196
        ],
        [
            -0.0025525959208607674,
            -0.23549553751945496,
            0.026054974645376205
        ],
        [
            -0.055000994354486465,
            -0.1574920415878296,
            0.0865766853094101
        ],
        [
            -0.09659014642238617,
            0.19341155886650085,
            0.21371522545814514
        ],
        [
            -0.051234737038612366,
            0.40706902742385864,
            0.5358801484107971
        ],
        [
            0.04313577339053154,
            -0.13425125181674957,
            0.00101509690284729
        ],
        [
            0.022061645984649658,
            0.22582297027111053,
            0.06767508387565613
        ],
        [
            0.040452565997838974,
            0.41804033517837524,
            0.40521666407585144
        ],
        [
            -0.07184198498725891,
            -0.9040143489837646,
            -0.1021810844540596
        ],
        [
            -0.012144278734922409,
            -0.9110721945762634,
            -0.1303476095199585
        ],
        [
            -0.06820598989725113,
            -0.890218198299408,
            0.0029322728514671326
        ],
        [
            0.06330638378858566,
            -0.9066904783248901,
            -0.06227492541074753
        ],
        [
            -0.04008689522743225,
            0.5846748352050781,
            0.3305661678314209
        ],
        [
            0.04067873954772949,
            0.5747261047363281,
            0.3482980728149414
        ],
        [
            0.0714862272143364,
            0.40189796686172485,
            0.4655243158340454
        ],
        [
            -0.1205102875828743,
            0.5678024291992188,
            0.4481431841850281
        ],
        [
            -0.171162411570549,
            0.5224313735961914,
            0.5032927989959717
        ],
        [
            -0.02945583313703537,
            0.39870479702949524,
            0.6051523089408875
        ],
        [
            -0.06334139406681061,
            0.3514840602874756,
            0.5207929015159607
        ],
        [
            -0.09262341260910034,
            0.13855159282684326,
            0.18742550909519196
        ],
        [
            -0.10035668313503265,
            -0.2906138002872467,
            0.11796926707029343
        ],
        [
            0.11705751717090607,
            -0.22868555784225464,
            -0.05476808920502663
        ],
        [
            0.033979833126068115,
            0.19223055243492126,
            0.047059111297130585
        ],
        [
            0.06021294370293617,
            0.3832484483718872,
            0.3891836702823639
        ],
        [
            -0.2734485864639282,
            -0.35910338163375854,
            0.1165192723274231
        ],
        [
            -0.1424105316400528,
            -0.48566871881484985,
            0.2532952129840851
        ],
        [
            -0.040999218821525574,
            -0.704264760017395,
            0.12656840682029724
        ],
        [
            0.12098659574985504,
            -0.6916406750679016,
            -0.12385086715221405
        ],
        [
            0.12486433237791061,
            -0.4313812851905823,
            -0.2160969227552414
        ],
        [
            -0.026308437809348106,
            -0.24958625435829163,
            -0.22038237750530243
        ],
        [
            0.034339822828769684,
            -0.7548631429672241,
            -0.00817203987389803
        ],
        [
            -0.012423370033502579,
            -0.9513002038002014,
            -0.04630662500858307
        ],
        [
            0.00852837972342968,
            -0.2597607970237732,
            0.03068847581744194
        ],
        [
            0.037146326154470444,
            -0.6957119107246399,
            0.00023719295859336853
        ],
        [
            0.04696214571595192,
            -0.5129284858703613,
            0.017699990421533585
        ],
        [
            -0.010100712068378925,
            -0.8423196077346802,
            -0.07672754675149918
        ],
        [
            -0.014017835259437561,
            -0.9703601598739624,
            -0.03684297576546669
        ]
    ],
    "pred_vertices": [
        [
            -0.007284894585609436,
            -0.9578545093536377,
            -0.1371760219335556
        ],
        [
            -0.013697803020477295,
            -0.9431800842285156,
            -0.1397789567708969
        ],
        [
            8.653849363327026e-05,
            -0.9410281181335449,
            -0.13631901144981384
        ],
        [
            0.007813822478055954,
            -0.9524317979812622,
            -0.130340114235878
        ],
        [
            -0.004649125039577484,
            -0.9315338134765625,
            -0.13973471522331238
        ],
        [
            -0.01646803319454193,
            -0.9312682151794434,
            -0.1416308879852295
        ],
        [
            0.011280585080385208,
            -0.9358762502670288,
            -0.12975570559501648
        ],
        [
            0.019347280263900757,
            -0.9440542459487915,
            -0.1222345232963562
        ],
        [
            0.024670248851180077,
            -0.9019767642021179,
            -0.12127973139286041
        ],
        [
            0.032673124223947525,
            -0.8984142541885376,
            -0.11462520062923431
        ],
        [
            0.03054160252213478,
            -0.9098831415176392,
            -0.11584943532943726
        ],
        [
            0.02242671325802803,
            -0.9101853370666504,
            -0.12160991132259369
        ],
        [
            0.02812417969107628,
            -0.8761595487594604,
            -0.11820045113563538
        ],
        [
            0.020111849531531334,
            -0.8658862709999084,
            -0.12283294647932053
        ],
        [
            0.027034517377614975,
            -0.8573911190032959,
            -0.11543942987918854
        ],
        [
            0.03442796319723129,
            -0.866937518119812,
            -0.10931655764579773
        ],
        [
            -0.019769679754972458,
            -0.875991940498352,
            -0.1304938644170761
        ],
        [
            -0.013803679496049881,
            -0.8699691295623779,
            -0.1316991150379181
        ],
        [
            -0.010687649250030518,
            -0.87705397605896,
            -0.13242408633232117
        ],
        [
            -0.017112337052822113,
            -0.8821419477462769,
            -0.13062673807144165
        ],
        [
            -0.031544096767902374,
            -0.8842523097991943,
            -0.1326826810836792
        ],
        [
            -0.02981187403202057,
            -0.8898956775665283,
            -0.12994413077831268
        ],
        [
            -0.03650738298892975,
            -0.8931888937950134,
            -0.1328628957271576
        ],
        [
            -0.037876784801483154,
            -0.8868676424026489,
            -0.13684658706188202
        ],
        [
            -0.024122510105371475,
            -0.8701578378677368,
            -0.12853319942951202
        ],
        [
            -0.01761757582426071,
            -0.8640161156654358,
            -0.1294398009777069
        ],
        [
            -0.025199487805366516,
            -0.8811116218566895,
            -0.13016821444034576
        ],
        [
            -0.02736574038863182,
            -0.8760365843772888,
            -0.13163255155086517
        ],
        [
            -0.033530618995428085,
            -0.8695064783096313,
            -0.14018021523952484
        ],
        [
            -0.0320165753364563,
            -0.8744216561317444,
            -0.13939319550991058
        ],
        [
            -0.03794323280453682,
            -0.8748840093612671,
            -0.144514262676239
        ],
        [
            -0.03831029310822487,
            -0.8692392110824585,
            -0.14344988763332367
        ],
        [
            -0.02714383229613304,
            -0.8691025972366333,
            -0.1327757090330124
        ],
        [
            -0.02808564156293869,
            -0.8720760345458984,
            -0.13557538390159607
        ],
        [
            -0.030860334634780884,
            -0.8680622577667236,
            -0.13679787516593933
        ],
        [
            -0.030650295317173004,
            -0.8658263087272644,
            -0.1332162469625473
        ],
        [
            -0.03272610902786255,
            -0.8797412514686584,
            -0.1352633833885193
        ],
        [
            -0.038294486701488495,
            -0.8812827467918396,
            -0.1406664252281189
        ],
        [
            -0.044887229800224304,
            -0.8821337819099426,
            -0.14559721946716309
        ],
        [
            -0.04461698234081268,
            -0.8736038208007812,
            -0.14920853078365326
        ],
        [
            -0.00011180154979228973,
            -0.8576276898384094,
            -0.13031236827373505
        ],
        [
            -0.006930742412805557,
            -0.8639012575149536,
            -0.13221842050552368
        ],
        [
            -0.011115256696939468,
            -0.8585304617881775,
            -0.13030974566936493
        ],
        [
            -0.005177315324544907,
            -0.8535045385360718,
            -0.12968260049819946
        ],
        [
            -0.02794937789440155,
            -0.8628636598587036,
            -0.1304570585489273
        ],
        [
            -0.023237183690071106,
            -0.8471512794494629,
            -0.13197386264801025
        ],
        [
            -0.023391008377075195,
            -0.851058840751648,
            -0.13228633999824524
        ],
        [
            -0.03046460449695587,
            -0.8512018322944641,
            -0.1335585117340088
        ],
        [
            -0.029709935188293457,
            -0.8476147651672363,
            -0.13326182961463928
        ],
        [
            0.009350702166557312,
            -0.8440018892288208,
            -0.12429900467395782
        ],
        [
            0.002610769122838974,
            -0.8422536849975586,
            -0.1260351836681366
        ],
        [
            0.004660198464989662,
            -0.8353886604309082,
            -0.12377218157052994
        ],
        [
            0.01129007339477539,
            -0.835923433303833,
            -0.1205281913280487
        ],
        [
            0.0032027922570705414,
            -0.8295184969902039,
            -0.12159520387649536
        ],
        [
            0.011742951348423958,
            -0.8280434608459473,
            -0.1169818639755249
        ],
        [
            0.0041796546429395676,
            -0.8126835227012634,
            -0.11320404708385468
        ],
        [
            0.008271021768450737,
            -0.8194921612739563,
            -0.11489802598953247
        ],
        [
            -0.00018434971570968628,
            -0.8233985900878906,
            -0.12030713260173798
        ],
        [
            -0.005857136100530624,
            -0.817388653755188,
            -0.12105810642242432
        ],
        [
            -0.020161796361207962,
            -0.8203277587890625,
            -0.12432324886322021
        ],
        [
            -0.026390917599201202,
            -0.8184951543807983,
            -0.12445506453514099
        ],
        [
            -0.020475566387176514,
            -0.8067416548728943,
            -0.12402482330799103
        ],
        [
            -0.013476386666297913,
            -0.8112938404083252,
            -0.12297598272562027
        ],
        [
            -0.021400708705186844,
            -0.8418821096420288,
            -0.127417653799057
        ],
        [
            -0.01675170660018921,
            -0.8424448370933533,
            -0.12638062238693237
        ],
        [
            -0.017490245401859283,
            -0.8438470363616943,
            -0.12870565056800842
        ],
        [
            -0.022549230605363846,
            -0.8443623185157776,
            -0.1301817148923874
        ],
        [
            -0.012713950127363205,
            -0.8426986932754517,
            -0.12596842646598816
        ],
        [
            -0.010874159634113312,
            -0.8426849842071533,
            -0.12589538097381592
        ],
        [
            -0.01167123019695282,
            -0.8438980579376221,
            -0.12703560292720795
        ],
        [
            -0.013064824044704437,
            -0.8433624505996704,
            -0.1266551911830902
        ],
        [
            -0.01503642275929451,
            -0.842753529548645,
            -0.12643958628177643
        ],
        [
            -0.015939082950353622,
            -0.8406728506088257,
            -0.1263282597064972
        ],
        [
            -0.013619519770145416,
            -0.8417574763298035,
            -0.1260695457458496
        ],
        [
            -0.020141832530498505,
            -0.8393093347549438,
            -0.1275574266910553
        ],
        [
            -0.0342693068087101,
            -0.8351883888244629,
            -0.12974651157855988
        ],
        [
            -0.030342034995555878,
            -0.8364506959915161,
            -0.12992240488529205
        ],
        [
            -0.031706299632787704,
            -0.840796172618866,
            -0.12861181795597076
        ],
        [
            -0.03508058562874794,
            -0.8399296402931213,
            -0.12851139903068542
        ],
        [
            -0.014044862240552902,
            -0.8450128436088562,
            -0.12841017544269562
        ],
        [
            -0.011712398380041122,
            -0.8473800420761108,
            -0.1287389099597931
        ],
        [
            -0.016625437885522842,
            -0.8495345115661621,
            -0.13061079382896423
        ],
        [
            -0.017286408692598343,
            -0.8466413021087646,
            -0.12955093383789062
        ],
        [
            -0.009252253919839859,
            -0.8495891094207764,
            -0.1295837163925171
        ],
        [
            -0.009434733539819717,
            -0.8454209566116333,
            -0.12733672559261322
        ],
        [
            -0.006441675126552582,
            -0.8461987972259521,
            -0.12795951962471008
        ],
        [
            -0.011225935071706772,
            -0.8408253788948059,
            -0.1255997270345688
        ],
        [
            -0.008006129413843155,
            -0.8395891189575195,
            -0.12514011561870575
        ],
        [
            -0.00808020681142807,
            -0.8422733545303345,
            -0.126420259475708
        ],
        [
            -0.009749092161655426,
            -0.8359934687614441,
            -0.12478932738304138
        ],
        [
            -0.01373250037431717,
            -0.8385683298110962,
            -0.1255507618188858
        ],
        [
            -0.01779194548726082,
            -0.8361770510673523,
            -0.12676747143268585
        ],
        [
            -0.023135606199502945,
            -0.833856999874115,
            -0.12824155390262604
        ],
        [
            -0.019339773803949356,
            -0.8294157981872559,
            -0.12618175148963928
        ],
        [
            -0.01378823071718216,
            -0.832465410232544,
            -0.1253328025341034
        ],
        [
            -0.014837894588708878,
            -0.8533613681793213,
            -0.13067251443862915
        ],
        [
            -0.0034562982618808746,
            -0.8421900868415833,
            -0.12624037265777588
        ],
        [
            -0.0009521041065454483,
            -0.848844051361084,
            -0.12780806422233582
        ],
        [
            -0.0026784390211105347,
            -0.8373743295669556,
            -0.12501804530620575
        ],
        [
            -0.004093702882528305,
            -0.8326220512390137,
            -0.12376359105110168
        ],
        [
            -0.008228696882724762,
            -0.828226625919342,
            -0.12318149209022522
        ],
        [
            -0.013959318399429321,
            -0.8238076567649841,
            -0.12391431629657745
        ],
        [
            -0.0135871060192585,
            -0.7988500595092773,
            -0.11388571560382843
        ],
        [
            -0.0053270962089300156,
            -0.8049858212471008,
            -0.1140560433268547
        ],
        [
            -0.016512788832187653,
            -0.9242294430732727,
            -0.13778024911880493
        ],
        [
            -0.007551506161689758,
            -0.9240860939025879,
            -0.1387334018945694
        ],
        [
            -0.0044387951493263245,
            -0.9167736768722534,
            -0.13400709629058838
        ],
        [
            -0.0030185915529727936,
            -0.9197996258735657,
            -0.13456851243972778
        ],
        [
            -0.009203694760799408,
            -0.9199330806732178,
            -0.13576772809028625
        ],
        [
            -0.009089536964893341,
            -0.9171456098556519,
            -0.13473904132843018
        ],
        [
            0.014557650312781334,
            -0.9112914800643921,
            -0.12476152181625366
        ],
        [
            0.008206255733966827,
            -0.9124478101730347,
            -0.1271856427192688
        ],
        [
            0.00937788188457489,
            -0.9088141322135925,
            -0.12570081651210785
        ],
        [
            0.016895996406674385,
            -0.9050204753875732,
            -0.12447495758533478
        ],
        [
            0.0007466375827789307,
            -0.9000581502914429,
            -0.12908630073070526
        ],
        [
            0.0057025570422410965,
            -0.9019732475280762,
            -0.12772667407989502
        ],
        [
            0.0006161406636238098,
            -0.9080512523651123,
            -0.1291119009256363
        ],
        [
            -0.0030005760490894318,
            -0.9067334532737732,
            -0.13011135160923004
        ],
        [
            -0.007087629288434982,
            -0.905799150466919,
            -0.13049110770225525
        ],
        [
            -0.011450983583927155,
            -0.9054408073425293,
            -0.12991760671138763
        ],
        [
            -0.010367117822170258,
            -0.9000111222267151,
            -0.1293795108795166
        ],
        [
            -0.004931740462779999,
            -0.8996432423591614,
            -0.12962713837623596
        ],
        [
            -0.01569342613220215,
            -0.9204378128051758,
            -0.13443580269813538
        ],
        [
            -0.022190410643815994,
            -0.9191452264785767,
            -0.13144762814044952
        ],
        [
            -0.02026287093758583,
            -0.9161149263381958,
            -0.131238654255867
        ],
        [
            -0.01495545357465744,
            -0.9172020554542542,
            -0.13406126201152802
        ],
        [
            -0.02689647302031517,
            -0.9090759754180908,
            -0.1225927323102951
        ],
        [
            -0.02643047273159027,
            -0.9115383625030518,
            -0.12414385378360748
        ],
        [
            -0.030294012278318405,
            -0.9125864505767822,
            -0.12397043406963348
        ],
        [
            -0.030241183936595917,
            -0.9080930948257446,
            -0.12267012149095535
        ],
        [
            -0.027909617871046066,
            -0.9051953554153442,
            -0.12360620498657227
        ],
        [
            -0.025768764317035675,
            -0.9074653387069702,
            -0.12355327606201172
        ],
        [
            -0.01734834536910057,
            -0.9786823987960815,
            -0.1324201077222824
        ],
        [
            -0.023314353078603745,
            -0.960861325263977,
            -0.13761717081069946
        ],
        [
            0.002041049301624298,
            -0.9739153981208801,
            -0.12582966685295105
        ],
        [
            0.016239197924733162,
            -0.9651710987091064,
            -0.11871972680091858
        ],
        [
            0.027857335284352303,
            -0.9530348777770996,
            -0.11290144920349121
        ],
        [
            0.017973538488149643,
            -0.8494367599487305,
            -0.12061592936515808
        ],
        [
            0.022286327555775642,
            -0.8409906625747681,
            -0.11528962850570679
        ],
        [
            0.03305651992559433,
            -0.8496150374412537,
            -0.1076190322637558
        ],
        [
            0.03389735147356987,
            -0.839194655418396,
            -0.10242012143135071
        ],
        [
            0.02255038172006607,
            -0.8306364417076111,
            -0.11081337928771973
        ],
        [
            0.011913145892322063,
            -0.8105345964431763,
            -0.10270228981971741
        ],
        [
            0.019171101972460747,
            -0.819760262966156,
            -0.10687318444252014
        ],
        [
            0.03220408409833908,
            -0.8286264538764954,
            -0.09598521888256073
        ],
        [
            0.044586412608623505,
            -0.8425318002700806,
            -0.0857691615819931
        ],
        [
            0.043375853449106216,
            -0.8497190475463867,
            -0.0936572253704071
        ],
        [
            0.051744941622018814,
            -0.8589910268783569,
            -0.07572977244853973
        ],
        [
            0.044275544583797455,
            -0.8348692655563354,
            -0.0741332620382309
        ],
        [
            0.05158974975347519,
            -0.8582935333251953,
            -0.0668727308511734
        ],
        [
            0.027408331632614136,
            -0.7982386350631714,
            -0.07144331187009811
        ],
        [
            0.029987882822752,
            -0.7869328856468201,
            -0.06965085864067078
        ],
        [
            0.04706960171461105,
            -0.795547604560852,
            -0.06616388261318207
        ],
        [
            0.04440641775727272,
            -0.8069502115249634,
            -0.06692492216825485
        ],
        [
            0.040455691516399384,
            -0.8580784201622009,
            -0.10110022127628326
        ],
        [
            0.03432472422719002,
            -0.9210106134414673,
            -0.11023295670747757
        ],
        [
            0.026426823809742928,
            -0.9196994304656982,
            -0.1186615377664566
        ],
        [
            0.03844732418656349,
            -0.9085400700569153,
            -0.10720506310462952
        ],
        [
            0.03683764860033989,
            -0.9813552498817444,
            -0.09455914795398712
        ],
        [
            0.025996625423431396,
            -0.9757249355316162,
            -0.10889236629009247
        ],
        [
            0.03657425940036774,
            -0.9610742330551147,
            -0.10442230105400085
        ],
        [
            0.04556628689169884,
            -0.9686629772186279,
            -0.0919535830616951
        ],
        [
            0.004500210285186768,
            -1.0126490592956543,
            -0.0934257060289383
        ],
        [
            -0.0054607391357421875,
            -0.9984908103942871,
            -0.11531268805265427
        ],
        [
            0.009389959275722504,
            -0.9885924458503723,
            -0.11255897581577301
        ],
        [
            0.019586462527513504,
            -0.9996286630630493,
            -0.09545761346817017
        ],
        [
            0.05191970616579056,
            -0.9711599349975586,
            -0.08027009665966034
        ],
        [
            0.05928078293800354,
            -0.9735845327377319,
            -0.06350509822368622
        ],
        [
            0.05671357363462448,
            -0.9895608425140381,
            -0.05640479177236557
        ],
        [
            0.04603032395243645,
            -0.9877431392669678,
            -0.07624161243438721
        ],
        [
            0.046272702515125275,
            -1.0096286535263062,
            -0.045923151075839996
        ],
        [
            0.03358227759599686,
            -1.0084195137023926,
            -0.07049088925123215
        ],
        [
            0.05491916090250015,
            -0.8450477123260498,
            -0.05789001286029816
        ],
        [
            0.05572408065199852,
            -0.8638085126876831,
            -0.055079106241464615
        ],
        [
            0.040886085480451584,
            -0.819645881652832,
            -0.07006093114614487
        ],
        [
            0.05471183359622955,
            -0.8287047147750854,
            -0.05962230637669563
        ],
        [
            0.030332110822200775,
            -1.0241591930389404,
            -0.03430171310901642
        ],
        [
            0.015745624899864197,
            -1.0234267711639404,
            -0.06401906162500381
        ],
        [
            0.07237701863050461,
            -0.9541502594947815,
            -0.013597466051578522
        ],
        [
            0.06898713111877441,
            -0.9715876579284668,
            -0.022371694445610046
        ],
        [
            0.06992701441049576,
