{
    "pred_cam": [
        1.5071724653244019,
        0.03898053616285324,
        0.35545140504837036
    ],
    "pred_smpl_params": {
        "global_orient": [
            [
                [
                    0.8359202742576599,
                    0.058445125818252563,
                    -0.5457301139831543
                ],
                [
                    0.13479845225811005,
                    -0.985721230506897,
                    0.1009109616279602
                ],
                [
                    -0.532039999961853,
                    -0.1579171121120453,
                    -0.8318626880645752
                ]
            ]
        ],
        "body_pose": [
            [
                [
                    0.9885197877883911,
                    0.07368359714746475,
                    0.13190698623657227
                ],
                [
                    -0.07255607098340988,
                    0.9972750544548035,
                    -0.013340632431209087
                ],
                [
                    -0.1325305551290512,
                    0.003616826143115759,
                    0.9911723136901855
                ]
            ],
            [
                [
                    0.9863631725311279,
                    0.004691665526479483,
                    0.16451655328273773
                ],
                [
                    0.015315607190132141,
                    0.9926396012306213,
                    -0.12013321369886398
                ],
                [
                    -0.16386929154396057,
                    0.12101465463638306,
                    0.9790312647819519
                ]
            ],
            [
                [
                    0.9945294260978699,
                    -0.04965011030435562,
                    -0.09190195053815842
                ],
                [
                    0.04896654188632965,
                    0.9987534880638123,
                    -0.009679483249783516
                ],
                [
                    0.09226799011230469,
                    0.005126412026584148,
                    0.9957209229469299
                ]
            ],
            [
                [
                    0.9684041738510132,
                    0.2365577220916748,
                    -0.07895391434431076
                ],
                [
                    -0.22390639781951904,
                    0.6853313446044922,
                    -0.6929550766944885
                ],
                [
                    -0.10981424152851105,
                    0.6887389421463013,
                    0.7166445255279541
                ]
            ],
            [
                [
                    0.9350165724754333,
                    0.2778400182723999,
                    0.22033853828907013
                ],
                [
                    -0.05651865899562836,
                    0.7301878929138184,
                    -0.6809048056602478
                ],
                [
                    -0.35007113218307495,
                    0.6242039799690247,
                    0.6984409093856812
                ]
            ],
            [
                [
                    0.9934547543525696,
                    -0.041438184678554535,
                    -0.10644447058439255
                ],
                [
                    0.043232839554548264,
                    0.998958170413971,
                    0.01460720133036375
                ],
                [
                    0.10572829097509384,
                    -0.019113492220640182,
                    0.9942112565040588
                ]
            ],
            [
                [
                    0.9778450727462769,
                    0.0018335070926696062,
                    0.20932191610336304
                ],
                [
                    -0.020776018500328064,
                    0.9958743453025818,
                    0.08833172917366028
                ],
                [
                    -0.20829640328884125,
                    -0.09072361141443253,
                    0.9738489389419556
                ]
            ],
            [
                [
                    0.976064145565033,
                    -0.02678149938583374,
                    -0.21582722663879395
                ],
                [
                    0.048479631543159485,
                    0.9942119717597961,
                    0.09587632864713669
                ],
                [
                    0.21201030910015106,
                    -0.10404468327760696,
                    0.9717130064964294
                ]
            ],
            [
                [
                    0.9954084753990173,
                    -0.019741011783480644,
                    -0.0936601310968399
                ],
                [
                    0.014887823723256588,
                    0.9985238313674927,
                    -0.05223570391535759
                ],
                [
                    0.09455305337905884,
                    0.050601471215486526,
                    0.9942330121994019
                ]
            ],
            [
                [
                    0.9957093000411987,
                    -0.09184928238391876,
                    0.011259880848228931
                ],
                [
                    0.08961500227451324,
                    0.987439751625061,
                    0.13012225925922394
                ],
                [
                    -0.023070093244314194,
                    -0.12855488061904907,
                    0.9914340376853943
                ]
            ],
            [
                [
                    0.9876351952552795,
                    0.11437790095806122,
                    0.10721222311258316
                ],
                [
                    -0.1334056258201599,
                    0.9723707437515259,
                    0.1915672868490219
                ],
                [
                    -0.08233897387981415,
                    -0.20350129902362823,
                    0.9756062030792236
                ]
            ],
            [
                [
                    0.9418691396713257,
                    -0.10129893571138382,
                    0.3203452229499817
                ],
                [
                    0.07254280894994736,
                    0.9922897815704346,
                    0.10049179941415787
                ],
                [
                    -0.3280549943447113,
                    -0.0714113786816597,
                    0.9419556260108948
                ]
            ],
            [
                [
                    0.9244394302368164,
                    0.3670870065689087,
                    -0.10324175655841827
                ],
                [
                    -0.37159937620162964,
                    0.9279759526252747,
                    -0.027829693630337715
                ],
                [
                    0.0855899527668953,
                    0.06409143656492233,
                    0.9942668676376343
                ]
            ],
            [
                [
                    0.9621583819389343,
                    -0.2711848020553589,
                    -0.02664599008858204
                ],
                [
                    0.27045291662216187,
                    0.962323009967804,
                    -0.028102222830057144
                ],
                [
                    0.0332629419863224,
                    0.019832303747534752,
                    0.9992498755455017
                ]
            ],
            [
                [
                    0.9586914777755737,
                    0.04918916895985603,
                    0.2801627218723297
                ],
                [
                    0.0026797703467309475,
                    0.9833288788795471,
                    -0.1818164885044098
                ],
                [
                    -0.2844354510307312,
                    0.17505666613578796,
                    0.9425771832466125
                ]
            ],
            [
                [
                    0.4935096502304077,
                    0.8338541984558105,
                    -0.24725574254989624
                ],
                [
                    -0.8641431927680969,
                    0.5023024082183838,
                    -0.030802497640252113
                ],
                [
                    0.09851235896348953,
                    0.22886571288108826,
                    0.9684605002403259
                ]
            ],
            [
                [
                    0.594172477722168,
                    -0.7400668263435364,
                    0.3150557279586792
                ],
                [
                    0.7983750700950623,
                    0.5902476906776428,
                    -0.1191842257976532
                ],
                [
                    -0.09775664657354355,
                    0.32234862446784973,
                    0.9415598511695862
                ]
            ],
            [
                [
                    0.8125075697898865,
                    -0.12923747301101685,
                    -0.5684444308280945
                ],
                [
                    -0.0421886146068573,
                    0.9595229029655457,
                    -0.27845266461372375
                ],
                [
                    0.5814220309257507,
                    0.250226765871048,
                    0.7741672992706299
                ]
            ],
            [
                [
                    0.5620110034942627,
                    0.22489531338214874,
                    0.7959684133529663
                ],
                [
                    -0.005520585458725691,
                    0.9633243680000305,
                    -0.2682826817035675
                ],
                [
                    -0.8271113634109497,
                    0.1463836133480072,
                    0.5426404476165771
                ]
            ],
            [
                [
                    0.9993705153465271,
                    -0.029688842594623566,
                    -0.019420187920331955
                ],
                [
                    0.02729850448668003,
                    0.993161141872406,
                    -0.11351539939641953
                ],
                [
                    0.022657517343759537,
                    0.11291380226612091,
                    0.9933464527130127
                ]
            ],
            [
                [
                    0.9993824362754822,
                    0.024698155000805855,
                    0.024992685765028
                ],
                [
                    -0.024323144927620888,
                    0.9995886087417603,
                    -0.015199036337435246
                ],
                [
                    -0.025357792153954506,
                    0.014581751078367233,
                    0.9995720386505127
                ]
            ],
            [
                [
                    0.9790059328079224,
                    0.19731661677360535,
                    -0.05112367123365402
                ],
                [
                    -0.18630404770374298,
                    0.967970609664917,
                    0.16829630732536316
                ],
                [
                    0.08269387483596802,
                    -0.15523852407932281,
                    0.9844098687171936
                ]
            ],
            [
                [
                    0.9749577641487122,
                    -0.21614019572734833,
                    0.05235186964273453
                ],
                [
                    0.20574793219566345,
                    0.9660009145736694,
                    0.15655702352523804
                ],
                [
                    -0.08441020548343658,
                    -0.14186519384384155,
                    0.9862805008888245
                ]
            ]
        ],
        "betas": [
            -0.10201820731163025,
            0.14785170555114746,
            0.46093836426734924,
            0.7236839532852173,
            0.105133056640625,
            0.0732114315032959,
            -0.0012244880199432373,
            -0.05176079273223877,
            0.10924122482538223,
            -0.15668043494224548
        ]
    },
    "pred_cam_t": [
        0.03898053616285324,
        0.35545140504837036,
        25.91773796081543
    ],
    "focal_length": [
        5000.0,
        5000.0
    ],
    "pred_keypoints_3d": [
        [
            -0.03817324712872505,
            -0.8564292788505554,
            -0.1659022569656372
        ],
        [
            0.022440539672970772,
            -0.7499812841415405,
            -0.01308724470436573
        ],
        [
            -0.08174817264080048,
            -0.6697503328323364,
            0.1391960084438324
        ],
        [
            -0.11711438000202179,
            -0.4416138231754303,
            0.23664768040180206
        ],
        [
            -0.26475924253463745,
            -0.27518612146377563,
            0.11902730166912079
        ],
        [
            0.13480982184410095,
            -0.6410323977470398,
            -0.1419983208179474
        ],
        [
            0.17447231709957123,
            -0.3870834410190582,
            -0.13097941875457764
        ],
        [
            0.053730688989162445,
            -0.1800319254398346,
            -0.1855284571647644
        ],
        [
            -0.002234598621726036,
            -0.2305522859096527,
            0.02614959515631199
        ],
        [
            -0.05974295735359192,
            -0.15071794390678406,
            0.07997246086597443
        ],
        [
            -0.08953109383583069,
            0.20784252882003784,
            0.19942034780979156
        ],
        [
            -0.06992978602647781,
            0.3798820376396179,
            0.5525488257408142
        ],
        [
            0.05327090620994568,
            -0.1318700909614563,
            0.011040449142456055
        ],
        [
            0.04157090559601784,
            0.23339498043060303,
            0.07357732206583023
        ],
        [
            0.050790220499038696,
            0.4031049311161041,
            0.427925705909729
        ],
        [
            -0.065058134496212,
            -0.8958063125610352,
            -0.12586140632629395
        ],
        [
            -0.0015554334968328476,
            -0.9014679193496704,
            -0.14413511753082275
        ],
        [
            -0.07762442529201508,
            -0.8806545734405518,
            -0.02221759781241417
        ],
        [
            0.061375755816698074,
            -0.8939564228057861,
            -0.06559787690639496
        ],
        [
            -0.005953438580036163,
            0.5814086198806763,
            0.3590684235095978
        ],
        [
            0.07109169661998749,
            0.5620127320289612,
            0.3823023736476898
        ],
        [
            0.07570070028305054,
            0.3801255524158478,
            0.48924773931503296
        ],
        [
            -0.10427148640155792,
            0.5550054311752319,
            0.4744112491607666
        ],
        [
            -0.16838985681533813,
            0.512814462184906,
            0.5150260925292969
        ],
        [
            -0.06178617849946022,
            0.36185121536254883,
            0.6231871247291565
        ],
        [
            -0.08637449145317078,
            0.32809779047966003,
            0.5288480520248413
        ],
        [
            -0.08705303817987442,
            0.15369057655334473,
            0.1730797439813614
        ],
        [
            -0.11801119893789291,
            -0.2807571291923523,
            0.10050735622644424
        ],
        [
            0.129844531416893,
            -0.22909417748451233,
            -0.035029929131269455
        ],
        [
            0.05392880737781525,
            0.19987152516841888,
            0.054185651242733
        ],
        [
            0.06852246820926666,
            0.367313027381897,
            0.4109126925468445
        ],
        [
            -0.2526818811893463,
            -0.3066207766532898,
            0.10272160172462463
        ],
        [
            -0.14986926317214966,
            -0.4681689143180847,
            0.23318864405155182
        ],
        [
            -0.06342245638370514,
            -0.69682377576828,
            0.10960665345191956
        ],
        [
            0.12506434321403503,
            -0.6782889366149902,
            -0.11599588394165039
        ],
        [
            0.163133904337883,
            -0.4093841314315796,
            -0.1750921607017517
        ],
        [
            0.04969261959195137,
            -0.19935691356658936,
            -0.19192104041576385
        ],
        [
            0.023790724575519562,
            -0.744543194770813,
            -0.01681150682270527
        ],
        [
            -0.013654951006174088,
            -0.9402282238006592,
            -0.06020820513367653
        ],
        [
            0.006321313790977001,
            -0.255072683095932,
            0.03202993795275688
        ],
        [
            0.027499178424477577,
            -0.6857509016990662,
            -0.004987239837646484
        ],
        [
            0.03539532795548439,
            -0.5056229829788208,
            0.018097229301929474
        ],
        [
            -0.009426392614841461,
            -0.8323761224746704,
            -0.09181571751832962
        ],
        [
            -0.01617615297436714,
            -0.959338366985321,
            -0.05074387416243553
        ]
    ],
    "pred_vertices": [
        [
            0.005386805161833763,
            -0.9481896758079529,
            -0.14890559017658234
        ],
        [
            -0.0010024309158325195,
            -0.9337799549102783,
            -0.15264305472373962
        ],
        [
            0.01197208184748888,
            -0.9311113357543945,
            -0.1471022516489029
        ],
        [
            0.019031008705496788,
            -0.9422776699066162,
            -0.13986393809318542
        ],
        [
            0.0076101431623101234,
            -0.9218242168426514,
            -0.1514095515012741
        ],
        [
            -0.0037254896014928818,
            -0.921916663646698,
            -0.15520384907722473
        ],
        [
            0.021841254085302353,
            -0.9255868196487427,
            -0.13900579512119293
        ],
        [
            0.028873836621642113,
            -0.9335118532180786,
            -0.1302860677242279
        ],
        [
            0.032982610166072845,
            -0.891243577003479,
            -0.1294180303812027
        ],
        [
            0.03977053612470627,
            -0.8873131275177002,
            -0.12170039117336273
        ],
        [
            0.038104891777038574,
            -0.8988330364227295,
            -0.12296232581138611
        ],
        [
            0.030981723219156265,
            -0.8994479775428772,
            -0.12989398837089539
        ],
        [
            0.035155653953552246,
            -0.8653091788291931,
            -0.12633013725280762
        ],
        [
            0.027664579451084137,
            -0.8553601503372192,
            -0.13232095539569855
        ],
        [
            0.032981015741825104,
            -0.8465995788574219,
            -0.12402951717376709
        ],
        [
            0.03956155478954315,
            -0.8558298349380493,
            -0.1167098730802536
        ],
        [
            -0.009955931454896927,
            -0.8665670156478882,
            -0.14591729640960693
        ],
        [
            -0.004119923338294029,
            -0.8604384064674377,
            -0.14622601866722107
        ],
        [
            -0.0007227947935461998,
            -0.8674290776252747,
            -0.14632639288902283
        ],
        [
            -0.007158894091844559,
            -0.8726505041122437,
            -0.14551061391830444
        ],
        [
            -0.021021006628870964,
            -0.8750753998756409,
            -0.14975067973136902
        ],
        [
            -0.01959081180393696,
            -0.8806674480438232,
            -0.14670932292938232
        ],
        [
            -0.025663966313004494,
            -0.8841675519943237,
            -0.15052424371242523
        ],
        [
            -0.026575779542326927,
            -0.8778879642486572,
            -0.1547107696533203
        ],
        [
            -0.01470687985420227,
            -0.8608176112174988,
            -0.14478354156017303
        ],
        [
            -0.008410044014453888,
            -0.854577898979187,
            -0.14471645653247833
        ],
        [
            -0.015201058238744736,
            -0.871808648109436,
            -0.14641720056533813
        ],
        [
            -0.01728885993361473,
            -0.8667173385620117,
            -0.148186594247818
        ],
        [
            -0.022226599976420403,
            -0.8604341745376587,
            -0.1575492024421692
        ],
        [
            -0.020733673125505447,
            -0.8652935028076172,
            -0.1564732789993286
        ],
        [
            -0.025787681341171265,
            -0.8659805059432983,
            -0.16239702701568604
        ],
        [
            -0.02644822560250759,
            -0.8603429198265076,
            -0.16149771213531494
        ],
        [
            -0.017133433371782303,
            -0.859789252281189,
            -0.1493421494960785
        ],
        [
            -0.017553601413965225,
            -0.8627846240997314,
            -0.15217702090740204
        ],
        [
            -0.020202219486236572,
            -0.8588624000549316,
            -0.15385711193084717
        ],
        [
            -0.02059832215309143,
            -0.8565958738327026,
            -0.15035639703273773
        ],
        [
            -0.021953636780381203,
            -0.8705798387527466,
            -0.15248560905456543
        ],
        [
            -0.026559852063655853,
            -0.8723340034484863,
            -0.15859967470169067
        ],
        [
            -0.0322737917304039,
            -0.8734139204025269,
            -0.16437417268753052
        ],
        [
            -0.031638190150260925,
            -0.8649419546127319,
            -0.167983740568161
        ],
        [
            0.008688248693943024,
            -0.8478042483329773,
            -0.142939954996109
        ],
        [
            0.0024622343480587006,
            -0.8542375564575195,
            -0.14579062163829803
        ],
        [
            -0.002091558650135994,
            -0.8489595651626587,
            -0.14462199807167053
        ],
        [
            0.0034796250984072685,
            -0.843801736831665,
            -0.1431368589401245
        ],
        [
            -0.018463129177689552,
            -0.8536003828048706,
            -0.1472625434398651
        ],
        [
            -0.014085628092288971,
            -0.8378690481185913,
            -0.14824745059013367
        ],
        [
            -0.014077940955758095,
            -0.8417600393295288,
            -0.148484468460083
        ],
        [
            -0.02083948627114296,
            -0.8421191573143005,
            -0.15079793334007263
        ],
        [
            -0.020240064710378647,
            -0.8385323286056519,
            -0.15048667788505554
        ],
        [
            0.016586702316999435,
            -0.8339310884475708,
            -0.13567176461219788
        ],
        [
            0.010181190446019173,
            -0.832391619682312,
            -0.13839426636695862
        ],
        [
            0.011607497930526733,
            -0.8255035877227783,
            -0.13592299818992615
        ],
        [
            0.017629891633987427,
            -0.8258002400398254,
            -0.13176751136779785
        ],
        [
            0.009660903364419937,
            -0.8196998238563538,
            -0.13406071066856384
        ],
        [
            0.017278922721743584,
            -0.8178826570510864,
            -0.1282341480255127
        ],
        [
            0.008962512016296387,
            -0.8027330040931702,
            -0.12581095099449158
        ],
        [
            0.01336449384689331,
            -0.8094288110733032,
            -0.1268291026353836
        ],
        [
            0.006001261528581381,
            -0.8136892318725586,
            -0.13339662551879883
        ],
        [
            0.00044493284076452255,
            -0.8078349828720093,
            -0.13507065176963806
        ],
        [
            -0.013002773746848106,
            -0.8111797571182251,
            -0.14053168892860413
        ],
        [
            -0.01908630132675171,
            -0.8095226287841797,
            -0.14161361753940582
        ],
        [
            -0.013707282021641731,
            -0.7976435422897339,
            -0.14033891260623932
        ],
        [
            -0.006876371800899506,
            -0.8020064830780029,
            -0.13816134631633759
        ],
        [
            -0.013076609000563622,
            -0.832595944404602,
            -0.14365842938423157
        ],
        [
            -0.008675625547766685,
            -0.8330264687538147,
            -0.14189836382865906
        ],
        [
            -0.008996106684207916,
            -0.834461510181427,
            -0.1442805677652359
        ],
        [
            -0.013718275353312492,
            -0.8351184129714966,
            -0.14651654660701752
        ],
        [
            -0.00480472669005394,
            -0.8331957459449768,
            -0.14081886410713196
        ],
        [
            -0.003011723980307579,
            -0.8331254720687866,
            -0.14045515656471252
        ],
        [
            -0.0035687722265720367,
            -0.8343478441238403,
            -0.14169195294380188
        ],
        [
            -0.0050361305475234985,
            -0.8338658809661865,
            -0.14157116413116455
        ],
        [
            -0.007014458999037743,
            -0.833316445350647,
            -0.1416863054037094
        ],
        [
            -0.007973944768309593,
            -0.8312903046607971,
            -0.1417485475540161
        ],
        [
            -0.005699010565876961,
            -0.8323043584823608,
            -0.1410747617483139
        ],
        [
            -0.01193261705338955,
            -0.8300620317459106,
            -0.14362764358520508
        ],
        [
            -0.025562789291143417,
            -0.8262479305267334,
            -0.14793774485588074
        ],
        [
            -0.0216123815625906,
            -0.8274897336959839,
            -0.14754977822303772
        ],
        [
            -0.0230216383934021,
            -0.8317993879318237,
            -0.14642801880836487
        ],
        [
            -0.026426229625940323,
            -0.8309574127197266,
            -0.14678855240345
        ],
        [
            -0.005705526098608971,
            -0.8354713320732117,
            -0.14337342977523804
        ],
        [
            -0.0032324660569429398,
            -0.8378247022628784,
            -0.14328759908676147
        ],
        [
            -0.007699709385633469,
            -0.8401256799697876,
            -0.14585478603839874
        ],
        [
            -0.0085810087621212,
            -0.8372435569763184,
            -0.14499253034591675
        ],
        [
            -0.0006513334810733795,
            -0.8399888277053833,
            -0.14372913539409637
        ],
        [
            -0.0012910524383187294,
            -0.8358080387115479,
            -0.14159443974494934
        ],
        [
            0.0017184587195515633,
            -0.8364747166633606,
            -0.14168018102645874
        ],
        [
            -0.003464994952082634,
            -0.8313170671463013,
            -0.1402425467967987
        ],
        [
            -0.0004387684166431427,
            -0.8300007581710815,
            -0.13926775753498077
        ],
        [
            -0.00021724682301282883,
            -0.8326602578163147,
            -0.14052033424377441
        ],
        [
            -0.002299422398209572,
            -0.8265017867088318,
            -0.13926644623279572
        ],
        [
            -0.005987050011754036,
            -0.8291565179824829,
            -0.14065243303775787
        ],
        [
            -0.009832656010985374,
            -0.8269118070602417,
            -0.14250725507736206
        ],
        [
            -0.014904314652085304,
            -0.8247537612915039,
            -0.144834965467453
        ],
        [
            -0.011627132073044777,
            -0.8202282786369324,
            -0.14226096868515015
        ],
        [
            -0.006247285753488541,
            -0.8231127262115479,
            -0.14050772786140442
        ],
        [
            -0.005862539634108543,
            -0.8438287973403931,
            -0.14555323123931885
        ],
        [
            0.004268130287528038,
            -0.832474946975708,
            -0.13957363367080688
        ],
        [
            0.0071869357489049435,
            -0.8390385508537292,
            -0.1406627744436264
        ],
        [
            0.004675320349633694,
            -0.8276833295822144,
            -0.13828882575035095
        ],
        [
            0.0029456904157996178,
            -0.8230051398277283,
            -0.13736002147197723
        ],
        [
            -0.0012634610757231712,
            -0.8187203407287598,
            -0.13746392726898193
        ],
        [
            -0.006899261847138405,
            -0.8144741058349609,
            -0.13918164372444153
        ],
        [
            -0.008662531152367592,
            -0.7894319295883179,
            -0.12940055131912231
        ],
        [
            -0.00033560488373041153,
            -0.7953189611434937,
            -0.12820032238960266
        ],
        [
            -0.004487527534365654,
            -0.9148578643798828,
            -0.1517472267150879
        ],
        [
            0.004472280852496624,
            -0.914426326751709,
            -0.15124784409999847
        ],
        [
            0.006702548824250698,
            -0.9069497585296631,
            -0.1463015377521515
        ],
        [
            0.008297798223793507,
            -0.9100550413131714,
            -0.14660529792308807
        ],
        [
            0.0023427680134773254,
            -0.9102926850318909,
            -0.14866557717323303
        ],
        [
            0.0022579552605748177,
            -0.9074845314025879,
            -0.1477210521697998
        ],
        [
            0.02375071868300438,
            -0.9008418321609497,
            -0.13431043922901154
        ],
        [
            0.017945624887943268,
            -0.9021907448768616,
            -0.13773587346076965
        ],
        [
            0.018792441114783287,
            -0.898500919342041,
            -0.13612768054008484
        ],
        [
            0.0258796289563179,
            -0.8945038318634033,
            -0.13375017046928406
        ],
        [
            0.01059567928314209,
            -0.8900430202484131,
            -0.1409611701965332
        ],
        [
            0.01530675683170557,
            -0.8917967081069946,
            -0.13880059123039246
        ],
        [
            0.01067094225436449,
            -0.898051381111145,
            -0.1408892571926117
        ],
        [
            0.007233651354908943,
            -0.8968513011932373,
            -0.14246851205825806
        ],
        [
            0.003251456655561924,
            -0.8960185050964355,
            -0.14351098239421844
        ],
        [
            -0.001109996810555458,
            -0.8957500457763672,
            -0.14360816776752472
        ],
        [
            -0.0003138575702905655,
            -0.8902825713157654,
            -0.14301839470863342
        ],
        [
            0.005055750720202923,
            -0.8897991180419922,
            -0.1424163579940796
        ],
        [
            -0.004256969317793846,
            -0.9109610915184021,
            -0.14845187962055206
        ],
        [
            -0.011151405051350594,
            -0.9097570180892944,
            -0.14652737975120544
        ],
        [
            -0.009383302181959152,
            -0.9066802859306335,
            -0.14611579477787018
        ],
        [
            -0.0036523863673210144,
            -0.9076820611953735,
            -0.1480603665113449
        ],
        [
            -0.01739180088043213,
            -0.8996157646179199,
            -0.1387535035610199
        ],
        [
            -0.01664326712489128,
            -0.902101457118988,
            -0.1401790976524353
        ],
        [
            -0.020436760038137436,
            -0.903239369392395,
            -0.14065752923488617
        ],
        [
            -0.020681634545326233,
            -0.8987348079681396,
            -0.13940876722335815
        ],
        [
            -0.018343809992074966,
            -0.8957828283309937,
            -0.13994285464286804
        ],
        [
            -0.016182785853743553,
            -0.8979839086532593,
            -0.13949383795261383
        ],
        [
            -0.004629846662282944,
            -0.9692873954772949,
            -0.1453658491373062
        ],
        [
            -0.010338012129068375,
            -0.9516117572784424,
            -0.1517753154039383
        ],
        [
            0.013302321545779705,
            -0.9637912511825562,
            -0.13599559664726257
        ],
        [
            0.02601378969848156,
            -0.9545741677284241,
            -0.1270296573638916
        ],
        [
            0.03606390953063965,
            -0.9419887065887451,
            -0.11964128911495209
        ],
        [
            0.02462746575474739,
            -0.8390365839004517,
            -0.13062739372253418
        ],
        [
            0.027764149010181427,
            -0.8304225206375122,
            -0.12484616041183472
        ],
        [
            0.037393078207969666,
            -0.8385231494903564,
            -0.11545540392398834
        ],
        [
            0.03705471754074097,
            -0.8281010985374451,
            -0.11037734150886536
        ],
        [
            0.027033139020204544,
            -0.8200236558914185,
            -0.1204816922545433
        ],
        [
            0.014857087284326553,
            -0.8002604246139526,
            -0.11422480642795563
        ],
        [
            0.022827614098787308,
            -0.8092212677001953,
            -0.11723284423351288
        ],
        [
            0.03403296694159508,
            -0.8175807595252991,
            -0.10443499684333801
        ],
        [
            0.0448891706764698,
            -0.831009030342102,
            -0.09238932281732559
        ],
        [
            0.04519826918840408,
            -0.8381814956665039,
            -0.10012196749448776
        ],
        [
            0.05072932690382004,
            -0.8470548391342163,
            -0.0813656747341156
        ],
        [
            0.04227568581700325,
            -0.8234971165657043,
            -0.08114700019359589
        ],
        [
            0.04905112087726593,
            -0.8463947772979736,
            -0.07288188487291336
        ],
        [
            0.02444111369550228,
            -0.7874908447265625,
            -0.08083473145961761
        ],
        [
            0.026556052267551422,
            -0.7760804891586304,
            -0.07870462536811829
        ],
        [
            0.04296455532312393,
            -0.7843202352523804,
            -0.07341086864471436
        ],
        [
            0.040653079748153687,
            -0.7957603931427002,
            -0.07438860833644867
        ],
        [
            0.04382619261741638,
            -0.8467285633087158,
            -0.10778729617595673
        ],
        [
            0.04102245718240738,
            -0.909927248954773,
            -0.11663523316383362
        ],
        [
            0.03463882580399513,
            -0.9089255332946777,
            -0.1260351836681366
        ],
        [
            0.04428374394774437,
            -0.897171139717102,
            -0.11322569847106934
        ],
        [
            0.042945217341184616,
            -0.9697502851486206,
            -0.09958824515342712
        ],
        [
            0.034352682530879974,
            -0.964694082736969,
            -0.11545135080814362
        ],
        [
            0.04359040781855583,
            -0.9495632648468018,
            -0.1097627580165863
        ],
        [
            0.050695233047008514,
            -0.9566344618797302,
            -0.0959162563085556
        ],
        [
            0.011939266696572304,
            -1.0019633769989014,
            -0.10265938192605972
        ],
        [
            0.005047233775258064,
            -0.988507091999054,
            -0.1262616217136383
        ],
        [
            0.01897606998682022,
            -0.9779856204986572,
            -0.12141986191272736
        ],
        [
            0.02672906592488289,
            -0.98854660987854,
            -0.10266739875078201
        ],
        [
            0.05530685931444168,
            -0.9587934017181396,
            -0.08338136225938797
        ],
        [
            0.060073122382164,
            -0.9606631994247437,
            -0.06567101180553436
        ],
        [
            0.05688931792974472,
            -0.9762683510780334,
            -0.05843598023056984
        ],
        [
            0.04927922785282135,
            -0.9754226207733154,
            -0.07966988533735275
        ],
        [
            0.04538004472851753,
            -0.9963221549987793,
            -0.049223802983760834
        ],
        [
            0.036814648658037186,
            -0.996138870716095,
            -0.0755237340927124
        ],
        [
            0.0507914274930954,
            -0.83329838514328,
            -0.06399237364530563
        ],
        [
            0.05148845911026001,
            -0.8516918420791626,
            -0.06075034663081169
        ],
        [
            0.0378677174448967,
            -0.808516800403595,
            -0.07776648551225662
        ],
        [
            0.050370194017887115,
            -0.8171819448471069,
            -0.06596265733242035
        ],
        [
            0.028272971510887146,
            -1.0106556415557861,
            -0.03997398167848587
        ],
        [
            0.01870172657072544,
            -1.0114009380340576,
            -0.07150233536958694
        ],
        [
            0.06439495831727982,
            -0.9399392604827881,
            -0.015230357646942139
        ],
        [
            0.06292825937271118,
            -0.9575607776641846,
            -0.023754186928272247
        ],
        [
            0.06623345613479614,
            -0.9445589780807495,
