{
    "pred_cam": [
        1.4658982753753662,
        0.014213087037205696,
        0.3657391369342804
    ],
    "pred_smpl_params": {
        "global_orient": [
            [
                [
                    0.9139723777770996,
                    0.03771497681736946,
                    -0.40401986241340637
                ],
                [
                    0.09257405251264572,
                    -0.9887939691543579,
                    0.11711747199296951
                ],
                [
                    -0.39507532119750977,
                    -0.14444389939308167,
                    -0.907221794128418
                ]
            ]
        ],
        "body_pose": [
            [
                [
                    0.991084098815918,
                    0.06817499548196793,
                    0.11447500437498093
                ],
                [
                    -0.07032657414674759,
                    0.9974133372306824,
                    0.014858188107609749
                ],
                [
                    -0.11316593736410141,
                    -0.022776346653699875,
                    0.9933150410652161
                ]
            ],
            [
                [
                    0.9848558902740479,
                    -0.0421285405755043,
                    0.16817834973335266
                ],
                [
                    0.05306491255760193,
                    0.9967218637466431,
                    -0.06107109785079956
                ],
                [
                    -0.16505420207977295,
                    0.06907059997320175,
                    0.9838629364967346
                ]
            ],
            [
                [
                    0.9949042201042175,
                    -0.034945935010910034,
                    -0.0945742204785347
                ],
                [
                    0.032919324934482574,
                    0.9991955161094666,
                    -0.022905383259058
                ],
                [
                    0.09529858827590942,
                    0.019675346091389656,
                    0.9952542185783386
                ]
            ],
            [
                [
                    0.9747582077980042,
                    0.1954306960105896,
                    -0.10795031487941742
                ],
                [
                    -0.20646816492080688,
                    0.6050744652748108,
                    -0.7689316272735596
                ],
                [
                    -0.0849548801779747,
                    0.7718107104301453,
                    0.6301515102386475
                ]
            ],
            [
                [
                    0.9535938501358032,
                    0.2264871597290039,
                    0.19839942455291748
                ],
                [
                    0.0086233951151371,
                    0.6381103992462158,
                    -0.7698965072631836
                ],
                [
                    -0.30097243189811707,
                    0.7358794808387756,
                    0.606545090675354
                ]
            ],
            [
                [
                    0.9939903616905212,
                    -0.03629400581121445,
                    -0.10327594727277756
                ],
                [
                    0.03935965895652771,
                    0.9988382458686829,
                    0.027802007272839546
                ],
                [
                    0.1021469235420227,
                    -0.031699832528829575,
                    0.9942641258239746
                ]
            ],
            [
                [
                    0.9756490588188171,
                    -0.0040628560818731785,
                    0.21929995715618134
                ],
                [
                    -0.019472524523735046,
                    0.9942759871482849,
                    0.10505212843418121
                ],
                [
                    -0.21847152709960938,
                    -0.10676432400941849,
                    0.96998530626297
                ]
            ],
            [
                [
                    0.9750339388847351,
                    -0.0053567904978990555,
                    -0.2219911366701126
                ],
                [
                    0.02915741316974163,
                    0.9941417574882507,
                    0.10407640039920807
                ],
                [
                    0.22013317048549652,
                    -0.10795071721076965,
                    0.9694781303405762
                ]
            ],
            [
                [
                    0.9953461289405823,
                    -0.016566522419452667,
                    -0.09492886066436768
                ],
                [
                    0.010478697717189789,
                    0.9978772401809692,
                    -0.06427359580993652
                ],
                [
                    0.09579214453697205,
                    0.06297975033521652,
                    0.9934068322181702
                ]
            ],
            [
                [
                    0.9950470328330994,
                    -0.094478078186512,
                    -0.030908888205885887
                ],
                [
                    0.09800206124782562,
                    0.9844362139701843,
                    0.1458800733089447
                ],
                [
                    0.01664535515010357,
                    -0.14818665385246277,
                    0.9888193607330322
                ]
            ],
            [
                [
                    0.9900274872779846,
                    0.10078401118516922,
                    0.09842851012945175
                ],
                [
                    -0.12002496421337128,
                    0.9692543148994446,
                    0.21480251848697662
                ],
                [
                    -0.07375360280275345,
                    -0.22447428107261658,
                    0.971684992313385
                ]
            ],
            [
                [
                    0.9475288391113281,
                    -0.10038316249847412,
                    0.30350014567375183
                ],
                [
                    0.059535469859838486,
                    0.9882199168205261,
                    0.14098529517650604
                ],
                [
                    -0.3140774667263031,
                    -0.11551859974861145,
                    0.9423432350158691
                ]
            ],
            [
                [
                    0.9130276441574097,
                    0.40425586700439453,
                    -0.05438581109046936
                ],
                [
                    -0.4069852828979492,
                    0.9117648601531982,
                    -0.0552070178091526
                ],
                [
                    0.027269311249256134,
                    0.07253974676132202,
                    0.9969927072525024
                ]
            ],
            [
                [
                    0.9383414387702942,
                    -0.337622731924057,
                    -0.0743393525481224
                ],
                [
                    0.33524712920188904,
                    0.9411584734916687,
                    -0.042779915034770966
                ],
                [
                    0.08440858125686646,
                    0.01522010937333107,
                    0.996315062046051
                ]
            ],
            [
                [
                    0.9662736058235168,
                    0.05645054951310158,
                    0.2512541115283966
                ],
                [
                    -0.006340418942272663,
                    0.9805970191955566,
                    -0.19593173265457153
                ],
                [
                    -0.257439523935318,
                    0.187730610370636,
                    0.9478829503059387
                ]
            ],
            [
                [
                    0.532568097114563,
                    0.8216201066970825,
                    -0.20325280725955963
                ],
                [
                    -0.8458406329154968,
                    0.5252793431282043,
                    -0.09292669594287872
                ],
                [
                    0.030414056032896042,
                    0.22140923142433167,
                    0.9747067093849182
                ]
            ],
            [
                [
                    0.5658325552940369,
                    -0.7734248042106628,
                    0.28574028611183167
                ],
                [
                    0.822430431842804,
                    0.5540807247161865,
                    -0.12885154783725739
                ],
                [
                    -0.058666206896305084,
                    0.30790990591049194,
                    0.9496049880981445
                ]
            ],
            [
                [
                    0.8661726117134094,
                    -0.08911765366792679,
                    -0.49173468351364136
                ],
                [
                    -0.04866691678762436,
                    0.9642525315284729,
                    -0.2604774832725525
                ],
                [
                    0.49736958742141724,
                    0.24954967200756073,
                    0.8308720588684082
                ]
            ],
            [
                [
                    0.6470437049865723,
                    0.20506103336811066,
                    0.734359860420227
                ],
                [
                    -0.015791945159435272,
                    0.9665521383285522,
                    -0.2559836208820343
                ],
                [
                    -0.7622893452644348,
                    0.15403561294078827,
                    0.628639817237854
                ]
            ],
            [
                [
                    0.9998500347137451,
                    0.010584990493953228,
                    -0.01370729599148035
                ],
                [
                    -0.012298960238695145,
                    0.9912147521972656,
                    -0.13168953359127045
                ],
                [
                    0.012192939408123493,
                    0.1318383663892746,
                    0.9911962747573853
                ]
            ],
            [
                [
                    0.9999518990516663,
                    -0.0026769284158945084,
                    0.009435049258172512
                ],
                [
                    0.002938715973868966,
                    0.999608039855957,
                    -0.027841810137033463
                ],
                [
                    -0.009356820024549961,
                    0.027868198230862617,
                    0.9995678067207336
                ]
            ],
            [
                [
                    0.9756978154182434,
                    0.21090951561927795,
                    -0.05942156910896301
                ],
                [
                    -0.19820059835910797,
                    0.965111255645752,
                    0.1711043268442154
                ],
                [
                    0.09343596547842026,
                    -0.15516872704029083,
                    0.9834593534469604
                ]
            ],
            [
                [
                    0.9749290347099304,
                    -0.2181616574525833,
                    0.04380524903535843
                ],
                [
                    0.20897360146045685,
                    0.9653065800666809,
                    0.1565670222043991
                ],
                [
                    -0.0764424204826355,
                    -0.1434876024723053,
                    0.9866954684257507
                ]
            ]
        ],
        "betas": [
            -0.05684882402420044,
            0.24247047305107117,
            0.4219018518924713,
            0.7931223511695862,
            0.05932706594467163,
            0.07645896077156067,
            -0.031381040811538696,
            -0.02262932062149048,
            0.1459093689918518,
            -0.17990314960479736
        ]
    },
    "pred_cam_t": [
        0.014213087037205696,
        0.3657391369342804,
        26.647483825683594
    ],
    "focal_length": [
        5000.0,
        5000.0
    ],
    "pred_keypoints_3d": [
        [
            -0.032238416373729706,
            -0.8596210479736328,
            -0.17700281739234924
        ],
        [
            0.008966431953012943,
            -0.7520810961723328,
            -0.017510363832116127
        ],
        [
            -0.11077678203582764,
            -0.6644636392593384,
            0.12284206598997116
        ],
        [
            -0.12274213880300522,
            -0.4301533102989197,
            0.21324875950813293
        ],
        [
            -0.2385101020336151,
            -0.23327228426933289,
            0.1049303412437439
        ],
        [
            0.14726640284061432,
            -0.642320990562439,
            -0.1199522614479065
        ],
        [
            0.2104434370994568,
            -0.39513498544692993,
            -0.07965309172868729
        ],
        [
            0.14622235298156738,
            -0.16165691614151,
            -0.12815991044044495
        ],
        [
            -0.002362301107496023,
            -0.2311060130596161,
            0.025478772819042206
        ],
        [
            -0.06311491131782532,
            -0.14837796986103058,
            0.06942269951105118
        ],
        [
            -0.08730076998472214,
            0.2210703343153,
            0.15754881501197815
        ],
        [
            -0.08154426515102386,
            0.3730055093765259,
            0.5219010710716248
        ],
        [
            0.05865496024489403,
            -0.1352955400943756,
            0.019512737169861794
        ],
        [
            0.051880329847335815,
            0.23369190096855164,
            0.06772135943174362
        ],
        [
            0.045605678111314774,
            0.382214218378067,
            0.43321481347084045
        ],
        [
            -0.06336139887571335,
            -0.899459958076477,
            -0.14029540121555328
        ],
        [
            0.0018661906942725182,
            -0.9047979116439819,
            -0.15119297802448273
        ],
        [
            -0.08762489259243011,
            -0.8846999406814575,
            -0.03882291167974472
        ],
        [
            0.05515214800834656,
            -0.8970640897750854,
            -0.06594255566596985
        ],
        [
            0.0059465765953063965,
            0.5658320784568787,
            0.36802470684051514
        ],
        [
            0.08030667901039124,
            0.5414680242538452,
            0.39618080854415894
        ],
        [
            0.06452309340238571,
            0.3546227514743805,
            0.49513742327690125
        ],
        [
            -0.09183208644390106,
            0.554146409034729,
            0.44898149371147156
        ],
        [
            -0.16261763870716095,
            0.5161410570144653,
            0.481962114572525
        ],
        [
            -0.08267981559038162,
            0.3509541153907776,
            0.591890811920166
        ],
        [
            -0.10146735608577728,
            0.32428795099258423,
            0.49359723925590515
        ],
        [
            -0.0854162648320198,
            0.16632525622844696,
            0.134050190448761
        ],
        [
            -0.12930190563201904,
            -0.2756803333759308,
            0.08128076046705246
        ],
        [
            0.1362016648054123,
            -0.2363603413105011,
            -0.013940950855612755
        ],
        [
            0.06478488445281982,
            0.1999904066324234,
            0.050690095871686935
        ],
        [
            0.06218324601650238,
            0.3459584414958954,
            0.4154072701931
        ],
        [
            -0.23103350400924683,
            -0.26492759585380554,
            0.08670070767402649
        ],
        [
            -0.15798357129096985,
            -0.4521951675415039,
            0.20828351378440857
        ],
        [
            -0.08924758434295654,
            -0.6937273740768433,
            0.09445352852344513
        ],
        [
            0.1316107213497162,
            -0.680840015411377,
            -0.09737754613161087
        ],
        [
            0.20696160197257996,
            -0.4123651683330536,
            -0.12681090831756592
        ],
        [
            0.14040572941303253,
            -0.1789713203907013,
            -0.13761799037456512
        ],
        [
            0.012361451052129269,
            -0.7444123029708862,
            -0.018320228904485703
        ],
        [
            -0.01951764151453972,
            -0.9436593055725098,
            -0.06966307759284973
        ],
        [
            0.0038707153871655464,
            -0.25610482692718506,
            0.03306630626320839
        ],
        [
            0.017791476100683212,
            -0.6856932044029236,
            -0.003872067667543888
        ],
        [
            0.025079678744077682,
            -0.507651150226593,
            0.019602719694375992
        ],
        [
            -0.012139275670051575,
            -0.8356702327728271,
            -0.09992041438817978
        ],
        [
            -0.023210596293210983,
            -0.962800920009613,
            -0.06049065664410591
        ]
    ],
    "pred_vertices": [
        [
            0.009399435482919216,
            -0.9510507583618164,
            -0.1552083045244217
        ],
        [
            0.00345584936439991,
            -0.9367532134056091,
            -0.15964479744434357
        ],
        [
            0.015661101788282394,
            -0.9340416193008423,
            -0.15258483588695526
        ],
        [
            0.021925244480371475,
            -0.9452300071716309,
            -0.1446683406829834
        ],
        [
            0.011817880906164646,
            -0.9248572587966919,
            -0.15736109018325806
        ],
        [
            0.0009794686920940876,
            -0.9250105023384094,
            -0.16251257061958313
        ],
        [
            0.024498552083969116,
            -0.9285907745361328,
            -0.14335398375988007
        ],
        [
            0.030530434101819992,
            -0.9364781975746155,
            -0.1339966058731079
        ],
        [
            0.03447610139846802,
            -0.8943344354629517,
            -0.13253700733184814
        ],
        [
            0.04030928760766983,
            -0.8903322219848633,
            -0.1240694522857666
        ],
        [
            0.038824643939733505,
            -0.9018645286560059,
            -0.12556330859661102
        ],
        [
            0.032514650374650955,
            -0.9025075435638428,
            -0.1332564651966095
        ],
        [
            0.036067258566617966,
            -0.8683595657348633,
            -0.1290600299835205
        ],
        [
            0.02921338379383087,
            -0.8584801554679871,
            -0.13581353425979614
        ],
        [
            0.033541902899742126,
            -0.8497212529182434,
            -0.12694641947746277
        ],
        [
            0.03931885212659836,
            -0.8589597344398499,
            -0.11900989711284637
        ],
        [
            -0.006471669301390648,
            -0.8698452115058899,
            -0.15371668338775635
        ],
        [
            -0.0006818710826337337,
            -0.8636746406555176,
            -0.15329232811927795
        ],
        [
            0.0027134704869240522,
            -0.8706455230712891,
            -0.1530015468597412
        ],
        [
            -0.0037375325337052345,
            -0.8759219646453857,
            -0.15300238132476807
        ],
        [
            -0.017002156004309654,
            -0.8783736824989319,
            -0.1589738428592682
        ],
        [
            -0.015916120260953903,
            -0.8839797973632812,
            -0.15577679872512817
        ],
        [
            -0.02148284949362278,
            -0.8874996900558472,
            -0.16034913063049316
        ],
        [
            -0.021924439817667007,
            -0.8811726570129395,
            -0.164625883102417
        ],
        [
            -0.011322349309921265,
            -0.8641109466552734,
            -0.15322670340538025
        ],
        [
            -0.005114289931952953,
            -0.8578118085861206,
            -0.1523914337158203
        ],
        [
            -0.011605313047766685,
            -0.8751379251480103,
            -0.1549266129732132
        ],
        [
            -0.01350554171949625,
            -0.869989275932312,
            -0.15693727135658264
        ],
        [
            -0.017326464876532555,
            -0.8636584877967834,
            -0.16687370836734772
        ],
        [
            -0.01596837304532528,
            -0.8685115575790405,
            -0.1656498908996582
        ],
        [
            -0.020298372954130173,
            -0.869179904460907,
            -0.17216351628303528
        ],
        [
            -0.021074824035167694,
            -0.8635584712028503,
            -0.17130665481090546
        ],
        [
            -0.013251449912786484,
            -0.8630410432815552,
            -0.15805584192276
        ],
        [
            -0.013319608755409718,
            -0.8660192489624023,
            -0.16097402572631836
        ],
        [
            -0.015761448070406914,
            -0.8620971441268921,
            -0.16293582320213318
        ],
        [
            -0.01656516082584858,
            -0.8598488569259644,
            -0.15946950018405914
        ],
        [
            -0.01762346178293228,
            -0.8738565444946289,
            -0.16183426976203918
        ],
        [
            -0.021486619487404823,
            -0.875580906867981,
            -0.1684924066066742
        ],
        [
            -0.02647753246128559,
            -0.876652181148529,
            -0.17494407296180725
        ],
        [
            -0.025450849905610085,
            -0.8681228756904602,
            -0.17839209735393524
        ],
        [
            0.011600964702665806,
            -0.8509535789489746,
            -0.14854136109352112
        ],
        [
            0.005755946971476078,
            -0.8574333190917969,
            -0.15210475027561188
        ],
        [
            0.0011121132411062717,
            -0.8521441221237183,
            -0.1515239179134369
        ],
        [
            0.00645953044295311,
            -0.8469502925872803,
            -0.14938008785247803
        ],
        [
            -0.014825101010501385,
            -0.8568424582481384,
            -0.1561061143875122
        ],
        [
            -0.010402128100395203,
            -0.8409653306007385,
            -0.15656878054141998
        ],
        [
            -0.010353319346904755,
            -0.844887375831604,
            -0.1568262279033661
        ],
        [
            -0.01678955741226673,
            -0.8452558517456055,
            -0.1598966121673584
        ],
        [
            -0.016239024698734283,
            -0.8416393995285034,
            -0.15949618816375732
        ],
        [
            0.018556436523795128,
            -0.8370132446289062,
            -0.14037573337554932
        ],
        [
            0.012548942118883133,
            -0.835469126701355,
            -0.14387428760528564
        ],
        [
            0.01367294229567051,
            -0.8285566568374634,
            -0.14121021330356598
        ],
        [
            0.0191652812063694,
            -0.8288582563400269,
            -0.1363251954317093
        ],
        [
            0.011583296582102776,
            -0.8227026462554932,
            -0.13954022526741028
        ],
        [
            0.018474657088518143,
            -0.8209142684936523,
            -0.13279451429843903
        ],
        [
            0.010017977096140385,
            -0.805783212184906,
            -0.13137081265449524
        ],
        [
            0.014468117617070675,
            -0.8124808073043823,
            -0.13184627890586853
        ],
        [
            0.007897200994193554,
            -0.8166823387145996,
            -0.13934443891048431
        ],
        [
            0.00262017035856843,
            -0.8108005523681641,
            -0.1416659951210022
        ],
        [
            -0.010194683447480202,
            -0.8142437934875488,
            -0.1486349105834961
        ],
        [
            -0.016103027388453484,
            -0.8125990629196167,
            -0.15042267739772797
        ],
        [
            -0.010900082997977734,
            -0.8007110953330994,
            -0.14849594235420227
        ],
        [
            -0.004298301413655281,
            -0.8049815893173218,
            -0.1455487608909607
        ],
        [
            -0.009895771741867065,
            -0.8357263803482056,
            -0.15189263224601746
        ],
        [
            -0.005740519613027573,
            -0.836153507232666,
            -0.1496361941099167
        ],
        [
            -0.005794004537165165,
            -0.8375965356826782,
            -0.15204130113124847
        ],
        [
            -0.010220232419669628,
            -0.8382577896118164,
            -0.1548050493001938
        ],
        [
            -0.0020287130028009415,
            -0.8363144397735596,
            -0.14808666706085205
        ],
        [
            -0.0002883109264075756,
            -0.8362430334091187,
            -0.1475098729133606
        ],
        [
            -0.0007092556916177273,
            -0.8374737501144409,
            -0.14881744980812073
        ],
        [
            -0.002165527082979679,
            -0.8370077610015869,
            -0.1488831639289856
        ],
        [
            -0.004109417088329792,
            -0.8364511728286743,
            -0.14922714233398438
        ],
        [
            -0.005045047029852867,
            -0.83440101146698,
            -0.14940467476844788
        ],
        [
            -0.0028733285143971443,
            -0.8354114294052124,
            -0.14843913912773132
        ],
        [
            -0.008748411200940609,
            -0.8331630229949951,
            -0.151725172996521
        ],
        [
            -0.02183092013001442,
            -0.8293407559394836,
            -0.15746305882930756
        ],
        [
            -0.01791522465646267,
            -0.8306015729904175,
            -0.1566743552684784
        ],
        [
            -0.01943414844572544,
            -0.8349641561508179,
            -0.15575328469276428
        ],
        [
            -0.022814130410552025,
            -0.8340848684310913,
            -0.1564437747001648
        ],
        [
            -0.0026551606133580208,
            -0.8385822772979736,
            -0.15073248744010925
        ],
        [
            -0.00018142489716410637,
            -0.8409515023231506,
            -0.15039125084877014
        ],
        [
            -0.004306810908019543,
            -0.8432636857032776,
            -0.1534958928823471
        ],
        [
            -0.005284550599753857,
            -0.8403714895248413,
            -0.15271764993667603
        ],
        [
            0.0024343295954167843,
            -0.8431234359741211,
            -0.15050680935382843
        ],
        [
            0.0015522288158535957,
            -0.8389217853546143,
            -0.14845862984657288
        ],
        [
            0.004513720981776714,
            -0.839555025100708,
            -0.14813637733459473
        ],
        [
            -0.0007579070515930653,
            -0.8344159722328186,
            -0.14734897017478943
        ],
        [
            0.002128367777913809,
            -0.833087682723999,
            -0.14601418375968933
        ],
        [
            0.0024823627900332212,
            -0.8357661962509155,
            -0.14723625779151917
        ],
        [
            0.00029821228235960007,
            -0.82956862449646,
            -0.1462416797876358
        ],
        [
            -0.0032019494101405144,
            -0.8322372436523438,
            -0.1480771005153656
        ],
        [
            -0.006794970482587814,
            -0.8299745321273804,
            -0.1503591388463974
        ],
        [
            -0.011575627140700817,
            -0.8278191089630127,
            -0.1532193124294281
        ],
        [
            -0.008619935251772404,
            -0.8232789039611816,
            -0.15025104582309723
        ],
        [
            -0.0034711305052042007,
            -0.8261666297912598,
            -0.1479286253452301
        ],
        [
            -0.002541966736316681,
            -0.8469576835632324,
            -0.1529369056224823
        ],
        [
            0.006818797439336777,
            -0.835573673248291,
            -0.14575493335723877
        ],
        [
            0.009854109957814217,
            -0.8421524167060852,
            -0.14649245142936707
        ],
        [
            0.007083335891366005,
            -0.8307585716247559,
            -0.14442157745361328
        ],
        [
            0.0052771116606891155,
            -0.8260654211044312,
            -0.14370349049568176
        ],
        [
            0.001150661613792181,
            -0.8216898441314697,
            -0.1442662477493286
        ],
        [
            -0.004284797236323357,
            -0.8175091743469238,
            -0.14662475883960724
        ],
        [
            -0.007115181535482407,
            -0.7925773859024048,
            -0.13700734078884125
        ],
        [
            0.0010903456714004278,
            -0.7983649969100952,
            -0.1348392218351364
        ],
        [
            -0.00019803177565336227,
            -0.9181087017059326,
            -0.15912891924381256
        ],
        [
            0.00865340605378151,
            -0.9176061153411865,
            -0.15755899250507355
        ],
        [
            0.010263584554195404,
            -0.9101777076721191,
            -0.15232816338539124
        ],
        [
            0.011934496462345123,
            -0.913311243057251,
            -0.1525118350982666
        ],
        [
            0.006218282505869865,
            -0.913517415523529,
            -0.15520191192626953
        ],
        [
            0.006025912240147591,
            -0.9107465147972107,
            -0.15425531566143036
        ],
        [
            0.025827521458268166,
            -0.9040168523788452,
            -0.13851486146450043
        ],
        [
            0.020452383905649185,
            -0.9053956866264343,
            -0.14257210493087769
        ],
        [
            0.02110956236720085,
            -0.9016910791397095,
            -0.1408570408821106
        ],
        [
            0.027858775109052658,
            -0.8976597785949707,
            -0.1376698762178421
        ],
        [
            0.013492517173290253,
            -0.8932167291641235,
            -0.14657804369926453
        ],
        [
            0.017929770052433014,
            -0.8949518203735352,
            -0.1438896507024765
        ],
        [
            0.013614006340503693,
            -0.9012516736984253,
            -0.1465444266796112
        ],
        [
            0.010362695902585983,
            -0.9000697731971741,
            -0.1485079824924469
        ],
        [
            0.006512075662612915,
            -0.8992475271224976,
            -0.15000233054161072
        ],
        [
            0.0021804776042699814,
            -0.8990044593811035,
            -0.15058112144470215
        ],
        [
            0.0028686700388789177,
            -0.8935268521308899,
            -0.14988712966442108
        ],
        [
            0.008140972815454006,
            -0.8930068016052246,
            -0.14866477251052856
        ],
        [
            -0.0003377026878297329,
            -0.9142435789108276,
            -0.15583491325378418
        ],
        [
            -0.007427186705172062,
            -0.9130890369415283,
            -0.15465933084487915
        ],
        [
            -0.005707066506147385,
            -0.9100189805030823,
            -0.15404435992240906
        ],
        [
            0.000218851026147604,
            -0.9109817147254944,
            -0.15531408786773682
        ],
        [
            -0.014566539786756039,
            -0.9030241370201111,
            -0.14761370420455933
        ],
        [
            -0.013646180741488934,
            -0.9055231213569641,
            -0.14892977476119995
        ],
        [
            -0.017374830320477486,
            -0.9066827297210693,
            -0.1498717963695526
        ],
        [
            -0.017774922773241997,
            -0.9021402597427368,
            -0.14867180585861206
        ],
        [
            -0.01539930421859026,
            -0.8991556167602539,
            -0.1488925814628601
        ],
        [
            -0.013283315114676952,
            -0.9013605117797852,
            -0.14818927645683289
        ],
        [
            -0.0007010810077190399,
            -0.9721360206604004,
            -0.15310759842395782
        ],
        [
            -0.0058781299740076065,
            -0.9545034170150757,
            -0.15986692905426025
        ],
        [
            0.01594717800617218,
            -0.9666093587875366,
            -0.14171090722084045
        ],
        [
            0.027424953877925873,
            -0.95744788646698,
            -0.13131308555603027
        ],
        [
            0.03647627681493759,
            -0.9449144601821899,
            -0.12266896665096283
        ],
        [
            0.02595086395740509,
            -0.842130184173584,
            -0.13442480564117432
        ],
        [
            0.028400596231222153,
            -0.8334911465644836,
            -0.12825946509838104
        ],
        [
            0.03694068640470505,
            -0.8415824770927429,
            -0.11786732077598572
        ],
        [
            0.03601468354463577,
            -0.8311700224876404,
            -0.11275327205657959
        ],
        [
            0.027217276394367218,
            -0.8230660557746887,
            -0.12390361726284027
        ],
        [
            0.014438021928071976,
            -0.8035263419151306,
            -0.11896909028291702
        ],
        [
            0.022714147344231606,
            -0.8123536109924316,
            -0.12108688801527023
        ],
        [
            0.032336071133613586,
            -0.8206937313079834,
            -0.10703696310520172
        ],
        [
            0.04171282425522804,
            -0.8341561555862427,
            -0.09391797333955765
        ],
        [
            0.04295366257429123,
            -0.8412854671478271,
            -0.10171583294868469
        ],
        [
            0.04627995938062668,
            -0.8502012491226196,
            -0.08235901594161987
        ],
        [
            0.037663839757442474,
            -0.8268535137176514,
            -0.08279536664485931
        ],
        [
            0.04362785071134567,
            -0.8495988845825195,
            -0.074054054915905
        ],
        [
            0.020177384838461876,
            -0.7904422879219055,
            -0.0839531198143959
        ],
        [
            0.022384218871593475,
            -0.7786670327186584,
            -0.08142721652984619
        ],
        [
            0.0379272997379303,
            -0.7870184183120728,
            -0.07403526455163956
        ],
        [
            0.035447146743535995,
            -0.798731803894043,
            -0.07556983828544617
        ],
        [
            0.04247932881116867,
            -0.849899172782898,
            -0.10962081700563431
        ],
        [
            0.040857989341020584,
            -0.9130731821060181,
            -0.11892101913690567
        ],
        [
            0.035674840211868286,
            -0.91202312707901,
            -0.12896832823753357
        ],
        [
            0.04369400441646576,
            -0.9002480506896973,
            -0.11509714275598526
        ],
        [
            0.041135624051094055,
            -0.9726026058197021,
            -0.10229488462209702
        ],
        [
            0.034430038183927536,
            -0.9676002264022827,
            -0.11883898079395294
        ],
        [
            0.04289074242115021,
            -0.9524414539337158,
            -0.11215166747570038
        ],
        [
            0.048409368842840195,
            -0.9595175981521606,
            -0.09761892259120941
        ],
        [
            0.010863740928471088,
            -1.004848837852478,
            -0.10908332467079163
        ],
        [
            0.006779063493013382,
            -0.9914168119430542,
            -0.13319596648216248
        ],
        [
            0.019884701818227768,
            -0.980774998664856,
            -0.12665414810180664
        ],
        [
            0.025438018143177032,
            -0.9913930892944336,
            -0.10729743540287018
        ],
        [
            0.05152410641312599,
            -0.9617133140563965,
            -0.08474142849445343
        ],
        [
            0.054362110793590546,
            -0.9636538028717041,
            -0.06661428511142731
        ],
        [
            0.05053794011473656,
            -0.9793713092803955,
            -0.059970736503601074
        ],
        [
            0.045239340513944626,
            -0.9783183932304382,
            -0.08190275728702545
        ],
        [
            0.03814419358968735,
            -0.9995312690734863,
            -0.052257925271987915
        ],
        [
            0.032531268894672394,
            -0.9991190433502197,
            -0.07940536737442017
        ],
        [
            0.04425743967294693,
            -0.8366637229919434,
            -0.06479278951883316
        ],
        [
            0.04458759352564812,
            -0.8549010753631592,
            -0.06171569600701332
        ],
        [
            0.032877057790756226,
            -0.8117609620094299,
            -0.07957610487937927
        ],
        [
            0.04402749240398407,
            -0.8204153776168823,
            -0.06647796928882599
        ],
        [
            0.020122582092881203,
            -1.014033317565918,
            -0.04511408507823944
        ],
        [
            0.014134647324681282,
            -1.0145273208618164,
            -0.0775715708732605
        ],
        [
            0.0528445765376091,
            -0.9431079030036926,
            -0.015874184668064117
        ],
        [
            0.05249086022377014,
            -0.9607106447219849,
            -0.02472633868455887
        ],
        [
            0.05749502032995224,
