{
    "pred_cam": [
        1.483168363571167,
        -0.010005144402384758,
        0.3570837676525116
    ],
    "pred_smpl_params": {
        "global_orient": [
            [
                [
                    0.9576525092124939,
                    -0.010875134728848934,
                    -0.287721186876297
                ],
                [
                    0.023157281801104546,
                    -0.9931400418281555,
                    0.11461501568555832
                ],
                [
                    -0.2869938910007477,
                    -0.11642418801784515,
                    -0.9508312344551086
                ]
            ]
        ],
        "body_pose": [
            [
                [
                    0.9944359660148621,
                    0.09596017003059387,
                    0.043459948152303696
                ],
                [
                    -0.09976229816675186,
                    0.9903720617294312,
                    0.09597238153219223
                ],
                [
                    -0.033831991255283356,
                    -0.09977404773235321,
                    0.9944348335266113
                ]
            ],
            [
                [
                    0.9883291125297546,
                    -0.060269903391599655,
                    0.13990335166454315
                ],
                [
                    0.058134522289037704,
                    0.9981220960617065,
                    0.019304100424051285
                ],
                [
                    -0.14080409705638885,
                    -0.010945596732199192,
                    0.9899768829345703
                ]
            ],
            [
                [
                    0.9952996373176575,
                    -0.05845212936401367,
                    -0.07721469551324844
                ],
                [
                    0.053307000547647476,
                    0.9963216185569763,
                    -0.06709426641464233
                ],
                [
                    0.0808524638414383,
                    0.06266280263662338,
                    0.994754433631897
                ]
            ],
            [
                [
                    0.982759416103363,
                    0.13502362370491028,
                    -0.126303568482399
                ],
                [
                    -0.18083511292934418,
                    0.5596990585327148,
                    -0.8087247610092163
                ],
                [
                    -0.038504961878061295,
                    0.8176219463348389,
                    0.5744665265083313
                ]
            ],
            [
                [
                    0.9683364629745483,
                    0.16824360191822052,
                    0.1844412237405777
                ],
                [
                    0.056490689516067505,
                    0.5719732046127319,
                    -0.8183247447013855
                ],
                [
                    -0.24317334592342377,
                    0.8028329610824585,
                    0.5443583130836487
                ]
            ],
            [
                [
                    0.9967873096466064,
                    -0.022385744377970695,
                    -0.07690298557281494
                ],
                [
                    0.025568559765815735,
                    0.9988460540771484,
                    0.04065515473484993
                ],
                [
                    0.07590414583683014,
                    -0.04249083623290062,
                    0.996209442615509
                ]
            ],
            [
                [
                    0.9767472743988037,
                    -0.008783139288425446,
                    0.21421390771865845
                ],
                [
                    -0.011254649609327316,
                    0.9956822991371155,
                    0.09214244037866592
                ],
                [
                    -0.214098259806633,
                    -0.09241078794002533,
                    0.9724311232566833
                ]
            ],
            [
                [
                    0.9729654788970947,
                    0.012953410856425762,
                    -0.23058703541755676
                ],
                [
                    0.010139917023479939,
                    0.9950671195983887,
                    0.09868420660495758
                ],
                [
                    0.230727881193161,
                    -0.09835445880889893,
                    0.9680346250534058
                ]
            ],
            [
                [
                    0.9977399706840515,
                    0.0005922024138271809,
                    -0.06719094514846802
                ],
                [
                    -0.0049326070584356785,
                    0.9979086518287659,
                    -0.06445063650608063
                ],
                [
                    0.06701226532459259,
                    0.06463640183210373,
                    0.9956562519073486
                ]
            ],
            [
                [
                    0.9942870736122131,
                    -0.09329494088888168,
                    -0.05185769125819206
                ],
                [
                    0.10002204030752182,
                    0.9839908480644226,
                    0.1475048065185547
                ],
                [
                    0.03726603835821152,
                    -0.15184904634952545,
                    0.9877009391784668
                ]
            ],
            [
                [
                    0.9908177256584167,
                    0.07747605443000793,
                    0.11080444604158401
                ],
                [
                    -0.10028094798326492,
                    0.9708014130592346,
                    0.21791812777519226
                ],
                [
                    -0.09068568050861359,
                    -0.2270287424325943,
                    0.9696566462516785
                ]
            ],
            [
                [
                    0.9512491822242737,
                    -0.08004102110862732,
                    0.2978562116622925
                ],
                [
                    0.03829539567232132,
                    0.988917350769043,
                    0.143443301320076
                ],
                [
                    -0.30603650212287903,
                    -0.1250438243150711,
                    0.94377201795578
                ]
            ],
            [
                [
                    0.9234076142311096,
                    0.3832160234451294,
                    -0.021538274362683296
                ],
                [
                    -0.3838208019733429,
                    0.9219293594360352,
                    -0.052228666841983795
                ],
                [
                    -0.00015809443721082062,
                    0.05649518221616745,
                    0.9984028935432434
                ]
            ],
            [
                [
                    0.9346061944961548,
                    -0.35003334283828735,
                    -0.06315060704946518
                ],
                [
                    0.3472052812576294,
                    0.9363676309585571,
                    -0.051616571843624115
                ],
                [
                    0.07719969004392624,
                    0.02631494030356407,
                    0.9966683983802795
                ]
            ],
            [
                [
                    0.9708102941513062,
                    0.06853196024894714,
                    0.22984901070594788
                ],
                [
                    -0.02747686766088009,
                    0.9837785363197327,
                    -0.1772705614566803
                ],
                [
                    -0.23826922476291656,
                    0.16578060388565063,
                    0.9569453597068787
                ]
            ],
            [
                [
                    0.5503255128860474,
                    0.8188022375106812,
                    -0.16341577470302582
                ],
                [
                    -0.8349475264549255,
                    0.5391870141029358,
                    -0.11018192768096924
                ],
                [
                    -0.00210555805824697,
                    0.19707952439785004,
                    0.9803853034973145
                ]
            ],
            [
                [
                    0.5380880832672119,
                    -0.7929313778877258,
                    0.28586897253990173
                ],
                [
                    0.8413379192352295,
                    0.5258281230926514,
                    -0.12512119114398956
                ],
                [
                    -0.05110542103648186,
                    0.3078386187553406,
                    0.9500650763511658
                ]
            ],
            [
                [
                    0.902310311794281,
                    -0.08284763246774673,
                    -0.42305120825767517
                ],
                [
                    -0.021819785237312317,
                    0.9713239669799805,
                    -0.23675639927387238
                ],
                [
                    0.4305345118045807,
                    0.22285862267017365,
                    0.8746278882026672
                ]
            ],
            [
                [
                    0.7220702767372131,
                    0.1655188798904419,
                    0.6717276573181152
                ],
                [
                    0.015455636195838451,
                    0.9668558239936829,
                    -0.2548547387123108
                ],
                [
                    -0.6916470527648926,
                    0.19440500438213348,
                    0.6955796480178833
                ]
            ],
            [
                [
                    0.9997703433036804,
                    0.020774075761437416,
                    -0.005264961160719395
                ],
                [
                    -0.021281424909830093,
                    0.9913343191146851,
                    -0.12962721288204193
                ],
                [
                    0.002526452299207449,
                    0.12970948219299316,
                    0.9915487766265869
                ]
            ],
            [
                [
                    0.9999205470085144,
                    -0.012015513144433498,
                    -0.0038234826643019915
                ],
                [
                    0.011852173134684563,
                    0.9991212487220764,
                    -0.04020344465970993
                ],
                [
                    0.004303187597543001,
                    0.04015493020415306,
                    0.999184250831604
                ]
            ],
            [
                [
                    0.972906768321991,
                    0.22101990878582,
                    -0.06784319132566452
                ],
                [
                    -0.20690307021141052,
                    0.9632847309112549,
                    0.1710958331823349
                ],
                [
                    0.10316787660121918,
                    -0.15242330729961395,
                    0.9829159379005432
                ]
            ],
            [
                [
                    0.973299503326416,
                    -0.22465501725673676,
                    0.04709780216217041
                ],
                [
                    0.21414223313331604,
                    0.9625762701034546,
                    0.16610248386859894
                ],
                [
                    -0.08265098184347153,
                    -0.15158182382583618,
                    0.9849831461906433
                ]
            ]
        ],
        "betas": [
            -0.04130737483501434,
            0.24548062682151794,
            0.3342139422893524,
            0.47050005197525024,
            0.03461304306983948,
            0.09683538228273392,
            -0.016780227422714233,
            -0.07066929340362549,
            0.14956443011760712,
            -0.1862448751926422
        ]
    },
    "pred_cam_t": [
        -0.010005144402384758,
        0.3570837676525116,
        26.33719825744629
    ],
    "focal_length": [
        5000.0,
        5000.0
    ],
    "pred_keypoints_3d": [
        [
            -0.047009024769067764,
            -0.8492147922515869,
            -0.18089836835861206
        ],
        [
            -0.027518590912222862,
            -0.7445511221885681,
            -0.016329443082213402
        ],
        [
            -0.16421349346637726,
            -0.6471688747406006,
            0.09912790358066559
        ],
        [
            -0.16236959397792816,
            -0.4098948836326599,
            0.18663686513900757
        ],
        [
            -0.22037044167518616,
            -0.1873628944158554,
            0.078804612159729
        ],
        [
            0.13582612574100494,
            -0.650054931640625,
            -0.08816999197006226
        ],
        [
            0.22229796648025513,
            -0.4120056629180908,
            -0.031186919659376144
        ],
        [
            0.22276899218559265,
            -0.1696528047323227,
            -0.08353272080421448
        ],
        [
            -0.0021290313452482224,
            -0.22804734110832214,
            0.026002628728747368
        ],
        [
            -0.0627593919634819,
            -0.14026951789855957,
            0.06069372594356537
        ],
        [
            -0.07447122037410736,
            0.23944026231765747,
            0.10785342752933502
        ],
        [
            -0.06776668131351471,
            0.39878779649734497,
            0.47204625606536865
        ],
        [
            0.06611111015081406,
            -0.13640056550502777,
            0.02477324567735195
        ],
        [
            0.059275634586811066,
            0.23794029653072357,
            0.03713877499103546
        ],
        [
            0.06496363878250122,
            0.40621668100357056,
            0.397058367729187
        ],
        [
            -0.08482812345027924,
            -0.8877828121185303,
            -0.15007299184799194
        ],
        [
            -0.01888684183359146,
            -0.8953974843025208,
            -0.15023435652256012
        ],
        [
            -0.12447284907102585,
            -0.8719604015350342,
            -0.05410300940275192
        ],
        [
            0.019736221060156822,
            -0.8894702196121216,
            -0.0576631985604763
        ],
        [
            0.029230892658233643,
            0.5883338451385498,
            0.3262133002281189
        ],
        [
            0.1036682054400444,
            0.5629186630249023,
            0.35301411151885986
        ],
        [
            0.08482254296541214,
            0.3802638649940491,
            0.4596084952354431
        ],
        [
            -0.06247671693563461,
            0.579026997089386,
            0.39714667201042175
        ],
        [
            -0.1368197649717331,
            0.5471411943435669,
            0.42775803804397583
        ],
        [
            -0.07338256388902664,
            0.3777601718902588,
            0.542361855506897
        ],
        [
            -0.0908624529838562,
            0.3509960472583771,
            0.44369471073150635
        ],
        [
            -0.07452898472547531,
            0.18352152407169342,
            0.0893000066280365
        ],
        [
            -0.13847272098064423,
            -0.2624642252922058,
            0.0694604143500328
        ],
        [
            0.14175240695476532,
            -0.24250862002372742,
            0.003424345050007105
        ],
        [
            0.0723038911819458,
            0.20315900444984436,
            0.023691482841968536
        ],
        [
            0.08001992851495743,
            0.3683013319969177,
            0.38063088059425354
        ],
        [
            -0.2151397168636322,
            -0.21826396882534027,
            0.05931951478123665
        ],
        [
            -0.19844067096710205,
            -0.42645907402038574,
            0.17510080337524414
        ],
        [
            -0.13947348296642303,
            -0.6784160137176514,
            0.07531958073377609
        ],
        [
            0.11353959143161774,
            -0.6857143640518188,
            -0.06951923668384552
        ],
        [
            0.2283918857574463,
            -0.42948055267333984,
            -0.07798150926828384
        ],
        [
            0.2163708209991455,
            -0.18526591360569,
            -0.09507402777671814
        ],
        [
            -0.023720018565654755,
            -0.7378349304199219,
            -0.01615007594227791
        ],
        [
            -0.054453544318675995,
            -0.933136522769928,
            -0.07321317493915558
        ],
        [
            0.0020932815968990326,
            -0.2528414726257324,
            0.03617271035909653
        ],
        [
            -0.01604255847632885,
            -0.6803562641143799,
            -0.00019815564155578613
        ],
        [
            0.0007643867284059525,
            -0.503353476524353,
            0.025623951107263565
        ],
        [
            -0.03836444392800331,
            -0.8257614970207214,
            -0.10187993943691254
        ],
        [
            -0.060338154435157776,
            -0.9521276950836182,
            -0.06476062536239624
        ]
    ],
    "pred_vertices": [
        [
            -0.012890751473605633,
            -0.9420985579490662,
            -0.1529066115617752
        ],
        [
            -0.017494387924671173,
            -0.9275083541870117,
            -0.15822570025920868
        ],
        [
            -0.006519746035337448,
            -0.925230085849762,
            -0.1493602991104126
        ],
        [
            -0.0019174804911017418,
            -0.9366328716278076,
            -0.14052613079547882
        ],
        [
            -0.009167341515421867,
            -0.9158505797386169,
            -0.154699444770813
        ],
        [
            -0.018987223505973816,
            -0.9157328605651855,
            -0.16153843700885773
        ],
        [
            0.0009216470643877983,
            -0.9200648069381714,
            -0.13882721960544586
        ],
        [
            0.005186700262129307,
            -0.9281108379364014,
            -0.1285879909992218
        ],
        [
            0.010616661049425602,
            -0.8859995603561401,
            -0.12650540471076965
        ],
        [
            0.015149349346756935,
            -0.8821272850036621,
            -0.1172025203704834
        ],
        [
            0.013345628045499325,
            -0.8936896324157715,
            -0.11896242201328278
        ],
        [
            0.008288627490401268,
            -0.8941636085510254,
            -0.12758804857730865
        ],
        [
            0.012435905635356903,
            -0.8600974082946777,
            -0.12279148399829865
        ],
        [
            0.0071552107110619545,
            -0.8500773906707764,
            -0.1305757611989975
        ],
        [
            0.010241481475532055,
            -0.8414637446403503,
            -0.12104754149913788
        ],
        [
            0.014298132620751858,
            -0.8508491516113281,
            -0.11228157579898834
        ],
        [
            -0.025512930005788803,
            -0.8601535558700562,
            -0.153961643576622
        ],
        [
            -0.01968177780508995,
            -0.8542195558547974,
            -0.15261022746562958
        ],
        [
            -0.016595762223005295,
            -0.8612962961196899,
            -0.15179428458213806
        ],
        [
            -0.023127349093556404,
            -0.8663371801376343,
            -0.15283621847629547
        ],
        [
            -0.03547881916165352,
            -0.8683571815490723,
            -0.16084158420562744
        ],
        [
            -0.03511083498597145,
            -0.8740033507347107,
            -0.15754374861717224
        ],
        [
            -0.040026381611824036,
            -0.8773257732391357,
            -0.16293185949325562
        ],
        [
            -0.03956373780965805,
            -0.8709856867790222,
            -0.16717283427715302
        ],
        [
            -0.030187105759978294,
            -0.8542553186416626,
            -0.15422292053699493
        ],
        [
            -0.02401794120669365,
            -0.8482171297073364,
            -0.152398481965065
        ],
        [
            -0.030557693913578987,
            -0.8652549982070923,
            -0.1559898853302002
        ],
        [
            -0.03206155449151993,
            -0.8600986003875732,
            -0.1582474708557129
        ],
        [
            -0.034049827605485916,
            -0.8536605834960938,
            -0.168572798371315
        ],
        [
            -0.033080313354730606,
            -0.8585382699966431,
            -0.16717113554477692
        ],
        [
            -0.03634840250015259,
            -0.8591063022613525,
            -0.17427529394626617
        ],
        [
            -0.03703911975026131,
            -0.8534544706344604,
            -0.17352521419525146
        ],
        [
            -0.03143172711133957,
            -0.8532103300094604,
            -0.15927192568778992
        ],
        [
            -0.031139178201556206,
            -0.8561646938323975,
            -0.16216552257537842
        ],
        [
            -0.03310012072324753,
            -0.8521785736083984,
            -0.16445887088775635
        ],
        [
            -0.03435777872800827,
            -0.8498878479003906,
            -0.1611732393503189
        ],
        [
            -0.03550528734922409,
            -0.8638479709625244,
            -0.16373030841350555
        ],
        [
            -0.03833252936601639,
            -0.8654351234436035,
            -0.17088830471038818
        ],
        [
            -0.04226376488804817,
            -0.8663497567176819,
            -0.17801618576049805
        ],
        [
            -0.040417373180389404,
            -0.8579145669937134,
            -0.18119406700134277
        ],
        [
            -0.007930235005915165,
            -0.8419912457466125,
            -0.14592254161834717
        ],
        [
            -0.013316471129655838,
            -0.8482625484466553,
            -0.15040723979473114
        ],
        [
            -0.017843671143054962,
            -0.8428013324737549,
            -0.1505201756954193
        ],
        [
            -0.012750797905027866,
            -0.8378240466117859,
            -0.1475122720003128
        ],
        [
            -0.033098671585321426,
            -0.8469796776771545,
            -0.1575528234243393
        ],
        [
            -0.028131995350122452,
            -0.8313419222831726,
            -0.15724651515483856
        ],
        [
            -0.028185969218611717,
            -0.8352397680282593,
            -0.15749771893024445
        ],
        [
            -0.034062281250953674,
            -0.835389256477356,
            -0.16155801713466644
        ],
        [
            -0.03343083709478378,
            -0.8318082094192505,
            -0.16108348965644836
        ],
        [
            -0.0019586272537708282,
            -0.8283426761627197,
            -0.13666504621505737
        ],
        [
            -0.007286418695002794,
            -0.8265798687934875,
            -0.14105981588363647
        ],
        [
            -0.0063883233815431595,
            -0.8197468519210815,
            -0.13823199272155762
        ],
        [
            -0.001734469085931778,
            -0.8202221393585205,
            -0.13256210088729858
        ],
        [
            -0.008524710312485695,
            -0.813794732093811,
            -0.136915385723114
        ],
        [
            -0.0027190735563635826,
            -0.8122474551200867,
            -0.12914732098579407
        ],
        [
            -0.010620564222335815,
            -0.7968497276306152,
            -0.128989577293396
        ],
        [
            -0.006455597467720509,
            -0.8037090301513672,
            -0.12881958484649658
        ],
        [
            -0.011945735663175583,
            -0.807666540145874,
            -0.13728052377700806
        ],
        [
            -0.016542701050639153,
            -0.8016217947006226,
            -0.14035004377365112
        ],
        [
            -0.028140373528003693,
            -0.8047040700912476,
            -0.14927279949188232
        ],
        [
            -0.033586688339710236,
            -0.8028259873390198,
            -0.1519567221403122
        ],
        [
            -0.028351427987217903,
            -0.7911496162414551,
            -0.14914391934871674
        ],
        [
            -0.022525092586874962,
            -0.7955634593963623,
            -0.14522592723369598
        ],
        [
            -0.028047125786542892,
            -0.8260497450828552,
            -0.1525718867778778
        ],
        [
            -0.02434564009308815,
            -0.826633632183075,
            -0.14967212080955505
        ],
        [
            -0.024056460708379745,
            -0.8280787467956543,
            -0.15204575657844543
        ],
        [
            -0.027988145127892494,
            -0.8285847902297974,
            -0.15548449754714966
        ],
        [
            -0.02095166966319084,
            -0.8269321918487549,
            -0.14755043387413025
        ],
        [
            -0.01933128386735916,
            -0.8269070386886597,
            -0.1467103213071823
        ],
        [
            -0.019566774368286133,
            -0.8281154036521912,
            -0.14806339144706726
        ],
        [
            -0.02095172367990017,
            -0.8276429176330566,
            -0.14837458729743958
        ],
        [
            -0.022800330072641373,
            -0.8270217180252075,
            -0.149025559425354
        ],
        [
            -0.023630231618881226,
            -0.8249555826187134,
            -0.1493496298789978
        ],
        [
            -0.021707361564040184,
            -0.8260096311569214,
            -0.14803281426429749
        ],
        [
            -0.026857499033212662,
            -0.8235990405082703,
            -0.1522279679775238
        ],
        [
            -0.03879326581954956,
            -0.8193239569664001,
            -0.15997564792633057
        ],
        [
            -0.03499199077486992,
            -0.8206735849380493,
            -0.15856638550758362
        ],
        [
            -0.03678043186664581,
            -0.8249436616897583,
            -0.15791460871696472
        ],
        [
            -0.04010272026062012,
            -0.8240175843238831,
            -0.15914233028888702
        ],
        [
            -0.021308787167072296,
            -0.8292502164840698,
            -0.1502738893032074
        ],
        [
            -0.01892651617527008,
            -0.8315876722335815,
            -0.14951543509960175
        ],
        [
            -0.022582564502954483,
            -0.8337615132331848,
            -0.15322235226631165
        ],
        [
            -0.02355421707034111,
            -0.8308447599411011,
            -0.15262040495872498
        ],
        [
            -0.016389884054660797,
            -0.8338605165481567,
            -0.1492568850517273
        ],
        [
            -0.01745009981095791,
            -0.8296228647232056,
            -0.14736050367355347
        ],
        [
            -0.01471978984773159,
            -0.8304017782211304,
            -0.14658203721046448
        ],
        [
            -0.019768275320529938,
            -0.8250962495803833,
            -0.14661835134029388
        ],
        [
            -0.017102088779211044,
            -0.8238570690155029,
            -0.14484447240829468
        ],
        [
            -0.016638534143567085,
            -0.8265241384506226,
            -0.1460041105747223
        ],
        [
            -0.018757376819849014,
            -0.8203226327896118,
            -0.1453447788953781
        ],
        [
            -0.021977778524160385,
            -0.8228563070297241,
            -0.1477333903312683
        ],
        [
            -0.025069236755371094,
            -0.8204902410507202,
            -0.15054833889007568
        ],
        [
            -0.02922963723540306,
            -0.8181777000427246,
            -0.15413257479667664
        ],
        [
            -0.026637502014636993,
            -0.8137596845626831,
            -0.15072113275527954
        ],
        [
            -0.022054344415664673,
            -0.8168119788169861,
            -0.1476164311170578
        ],
        [
            -0.021167036145925522,
            -0.8375505805015564,
            -0.15242835879325867
        ],
        [
            -0.012611692771315575,
            -0.8264856934547424,
            -0.14383631944656372
        ],
        [
            -0.009723663330078125,
            -0.8331508636474609,
            -0.1440904438495636
        ],
        [
            -0.012419271282851696,
            -0.8217149972915649,
            -0.14246444404125214
        ],
        [
            -0.014160851016640663,
            -0.8169977068901062,
            -0.1420402079820633
        ],
        [
            -0.017968766391277313,
            -0.8124162554740906,
            -0.143240287899971
        ],
        [
            -0.022763950750231743,
            -0.8081676959991455,
            -0.14639738202095032
        ],
        [
            -0.026043489575386047,
            -0.7830852270126343,
            -0.1372099369764328
        ],
        [
            -0.01853463239967823,
            -0.7890923023223877,
            -0.1337818205356598
        ],
        [
            -0.0203169547021389,
            -0.9087190628051758,
            -0.15842750668525696
        ],
        [
            -0.011854839511215687,
            -0.9085231423377991,
            -0.15545940399169922
        ],
        [
            -0.010763518512248993,
            -0.9011030197143555,
            -0.15001069009304047
        ],
        [
            -0.0090623265132308,
            -0.9042215347290039,
            -0.14992214739322662
        ],
        [
            -0.014450239948928356,
            -0.9043311476707458,
            -0.1534845530986786
        ],
        [
            -0.014643395319581032,
            -0.9015308618545532,
            -0.1525789350271225
        ],
        [
            0.002548402175307274,
            -0.8955110311508179,
            -0.13386975228786469
        ],
        [
            -0.0021137380972504616,
            -0.8966978788375854,
            -0.13876843452453613
        ],
        [
            -0.0016325609758496284,
            -0.8929941654205322,
            -0.13692505657672882
        ],
        [
            0.0046507613733410835,
            -0.8891986608505249,
            -0.13266107439994812
        ],
        [
            -0.007928689941763878,
            -0.8843230605125427,
            -0.1437729001045227
        ],
        [
            -0.004062236286699772,
            -0.8861746788024902,
            -0.14041434228420258
        ],
        [
            -0.008081386797130108,
            -0.8923574686050415,
            -0.14375342428684235
        ],
        [
            -0.010914244689047337,
            -0.8910729885101318,
            -0.14621974527835846
        ],
        [
            -0.014445200562477112,
            -0.8901209831237793,
            -0.14831963181495667
        ],
        [
            -0.018629489466547966,
            -0.8896889686584473,
            -0.14955905079841614
        ],
        [
            -0.017857586964964867,
            -0.8842780590057373,
            -0.1487845927476883
        ],
        [
            -0.012847757898271084,
            -0.8839573264122009,
            -0.14672839641571045
        ],
        [
            -0.02078353986144066,
            -0.9048311710357666,
            -0.1552252471446991
        ],
        [
            -0.027958057820796967,
            -0.9033583402633667,
            -0.15515372157096863
        ],
        [
            -0.02624141238629818,
            -0.9004001617431641,
            -0.15430644154548645
        ],
        [
            -0.02018776163458824,
            -0.9015812873840332,
            -0.15462519228458405
        ],
        [
            -0.03577897697687149,
            -0.8930302262306213,
            -0.1493203043937683
        ],
        [
            -0.03475535288453102,
            -0.8955791592597961,
            -0.1504947692155838
        ],
        [
            -0.038295745849609375,
            -0.8966028094291687,
            -0.1520528942346573
        ],
        [
            -0.03874276950955391,
            -0.892039954662323,
            -0.15088239312171936
        ],
        [
            -0.03626951947808266,
            -0.8891628384590149,
            -0.15066802501678467
        ],
        [
            -0.034359436482191086,
            -0.8914233446121216,
            -0.1496318280696869
        ],
        [
            -0.02374493144452572,
            -0.9627455472946167,
            -0.15248307585716248
        ],
        [
            -0.02732827514410019,
            -0.945022463798523,
            -0.1600857377052307
        ],
        [
            -0.009071552194654942,
            -0.9577425718307495,
            -0.138714998960495
        ],
        [
            0.0010014316067099571,
            -0.9489281177520752,
            -0.12657566368579865
        ],
        [
            0.008985985070466995,
            -0.9365826845169067,
            -0.11651863157749176
        ],
        [
            0.004219084978103638,
            -0.8336705565452576,
            -0.12962675094604492
        ],
        [
            0.005917569622397423,
            -0.8251186609268188,
            -0.123123399913311
        ],
        [
            0.012370972894132137,
            -0.8333707451820374,
            -0.11149698495864868
        ],
        [
            0.010996934026479721,
            -0.8230229616165161,
            -0.10656485706567764
        ],
        [
            0.00444377213716507,
            -0.8146730661392212,
            -0.11896869540214539
        ],
        [
            -0.0080557307228446,
            -0.7947103381156921,
            -0.11599496006965637
        ],
        [
            3.171619027853012e-05,
            -0.8038532733917236,
            -0.11685161292552948
        ],
        [
            0.00688185915350914,
            -0.8124852180480957,
            -0.10146474838256836
        ],
        [
            0.013428717851638794,
            -0.8262152075767517,
            -0.08707305788993835
        ],
        [
            0.015514888800680637,
            -0.8333383798599243,
            -0.09457828849554062
        ],
        [
            0.015460595488548279,
            -0.842368483543396,
            -0.07512640953063965
        ],
        [
            0.007877147756516933,
            -0.8189491033554077,
            -0.07673614472150803
        ],
        [
            0.011573008261620998,
            -0.8417342901229858,
            -0.06740866601467133
        ],
        [
            -0.007334076799452305,
            -0.7823121547698975,
            -0.08030884712934494
        ],
        [
            -0.004864825867116451,
            -0.7709664106369019,
            -0.07727846503257751
        ],
        [
            0.008646084927022457,
            -0.7800642251968384,
            -0.0675591379404068
        ],
        [
            0.005812778603285551,
            -0.7913106679916382,
            -0.06967678666114807
        ],
        [
            0.01616339385509491,
            -0.8419026136398315,
            -0.10243138670921326
        ],
        [
            0.013788601383566856,
            -0.905089259147644,
            -0.11204132437705994
        ],
        [
            0.01029348373413086,
            -0.9038711786270142,
            -0.12279246747493744
        ],
        [
            0.01634332165122032,
            -0.8922839164733887,
            -0.10781809687614441
        ],
        [
            0.009307652711868286,
            -0.9644726514816284,
            -0.09561839699745178
        ],
        [
            0.005576153285801411,
            -0.9592849612236023,
            -0.11285974830389023
        ],
        [
            0.013233871199190617,
            -0.9443843364715576,
            -0.10504105687141418
        ],
        [
            0.016091477125883102,
            -0.9515440464019775,
            -0.08987654745578766
        ],
        [
            -0.020473450422286987,
            -0.995720624923706,
            -0.10713612288236618
        ],
        [
            -0.02013137936592102,
            -0.9822705388069153,
            -0.13174492120742798
        ],
        [
            -0.007943229749798775,
            -0.9720092415809631,
            -0.12304706871509552
        ],
        [
            -0.005995676852762699,
            -0.9827872514724731,
            -0.10303566604852676
        ],
        [
            0.017230968922376633,
            -0.9537799954414368,
            -0.07659554481506348
        ],
        [
            0.01705358363687992,
            -0.9557554721832275,
            -0.05829435586929321
        ],
        [
            0.011650333181023598,
            -0.9710944890975952,
            -0.05220925435423851
        ],
        [
            0.0099561158567667,
            -0.9702534079551697,
            -0.07471823692321777
        ],
        [
            -0.002606539987027645,
            -0.9905829429626465,
            -0.04662657529115677
        ],
        [
            -0.0036776280030608177,
            -0.9902952313423157,
            -0.07428037375211716
        ],
        [
            0.011119456961750984,
            -0.8290818333625793,
            -0.05809784680604935
        ],
        [
            0.010286769829690456,
            -0.8471654653549194,
            -0.05517283082008362
        ],
        [
            0.0032876702025532722,
            -0.8039422035217285,
            -0.07419854402542114
        ],
        [
            0.011755521409213543,
            -0.8131353855133057,
            -0.059605538845062256
        ],
        [
            -0.022022200748324394,
            -1.0041013956069946,
            -0.0425582155585289
        ],
        [
            -0.02265680953860283,
            -1.0049113035202026,
            -0.07534950226545334
        ],
        [
            0.008001711219549179,
            -0.9348334074020386,
            -0.008845053613185883
        ],
        [
            0.008483827114105225,
            -0.9523842334747314,
            -0.017493069171905518
