{
    "pred_cam": [
        1.4770166873931885,
        -0.0089204590767622,
        0.356709361076355
    ],
    "pred_smpl_params": {
        "global_orient": [
            [
                [
                    0.9728761911392212,
                    -0.025096945464611053,
                    -0.22996078431606293
                ],
                [
                    0.0011824166867882013,
                    -0.99354487657547,
                    0.1134336069226265
                ],
                [
                    -0.23132319748401642,
                    -0.11062877625226974,
                    -0.9665665030479431
                ]
            ]
        ],
        "body_pose": [
            [
                [
                    0.993786096572876,
                    0.11013376712799072,
                    0.016115769743919373
                ],
                [
                    -0.11123131215572357,
                    0.9879742860794067,
                    0.1073981299996376
                ],
                [
                    -0.004093807190656662,
                    -0.10852334648370743,
                    0.994085431098938
                ]
            ],
            [
                [
                    0.9854731559753418,
                    -0.10609421879053116,
                    0.13261502981185913
                ],
                [
                    0.1032676175236702,
                    0.994258463382721,
                    0.028033137321472168
                ],
                [
                    -0.13482777774333954,
                    -0.013931063935160637,
                    0.9907711148262024
                ]
            ],
            [
                [
                    0.9963189959526062,
                    -0.05719665437936783,
                    -0.06385201960802078
                ],
                [
                    0.05268501862883568,
                    0.9961381554603577,
                    -0.07023537158966064
                ],
                [
                    0.06762266904115677,
                    0.06661278009414673,
                    0.9954847693443298
                ]
            ],
            [
                [
                    0.9856383800506592,
                    0.10737564414739609,
                    -0.13033591210842133
                ],
                [
                    -0.1683918833732605,
                    0.5669233202934265,
                    -0.8063759207725525
                ],
                [
                    -0.012694659642875195,
                    0.8167425394058228,
                    0.5768625736236572
                ]
            ],
            [
                [
                    0.974492073059082,
                    0.13331849873065948,
                    0.18053114414215088
                ],
                [
                    0.07691758871078491,
                    0.5572940707206726,
                    -0.8267448544502258
                ],
                [
                    -0.21082933247089386,
                    0.8195422291755676,
                    0.5328240990638733
                ]
            ],
            [
                [
                    0.9977246522903442,
                    -0.015225239098072052,
                    -0.06567785888910294
                ],
                [
                    0.018711835145950317,
                    0.9984296560287476,
                    0.052802085876464844
                ],
                [
                    0.06477080285549164,
                    -0.05391090363264084,
                    0.9964427947998047
                ]
            ],
            [
                [
                    0.9756836891174316,
                    -0.009775320999324322,
                    0.21896521747112274
                ],
                [
                    -0.006433472502976656,
                    0.9972973465919495,
                    0.07318934053182602
                ],
                [
                    -0.2190888673067093,
                    -0.07281835377216339,
                    0.9729838371276855
                ]
            ],
            [
                [
                    0.970594048500061,
                    0.025247780606150627,
                    -0.2393946349620819
                ],
                [
                    -0.000175983426743187,
                    0.9945587515830994,
                    0.10417776554822922
                ],
                [
                    0.24072225391864777,
                    -0.10107219219207764,
                    0.9653172492980957
                ]
            ],
            [
                [
                    0.9984396696090698,
                    0.005180428735911846,
                    -0.055600546300411224
                ],
                [
                    -0.00925934687256813,
                    0.9972628355026245,
                    -0.0733562707901001
                ],
                [
                    0.05506834015250206,
                    0.0737566277384758,
                    0.9957547187805176
                ]
            ],
            [
                [
                    0.9944191575050354,
                    -0.08560655266046524,
                    -0.06166110932826996
                ],
                [
                    0.09466562420129776,
                    0.9820229411125183,
                    0.16330716013908386
                ],
                [
                    0.04657246917486191,
                    -0.16823294758796692,
                    0.9846464395523071
                ]
            ],
            [
                [
                    0.9892143607139587,
                    0.07040800899267197,
                    0.12844334542751312
                ],
                [
                    -0.0959874838590622,
                    0.9739681482315063,
                    0.2053593248128891
                ],
                [
                    -0.11064078658819199,
                    -0.21547333896160126,
                    0.9702215790748596
                ]
            ],
            [
                [
                    0.9580052495002747,
                    -0.07380424439907074,
                    0.27709007263183594
                ],
                [
                    0.03383801877498627,
                    0.9886550903320312,
                    0.14634209871292114
                ],
                [
                    -0.2847471833229065,
                    -0.13082030415534973,
                    0.9496341347694397
                ]
            ],
            [
                [
                    0.9240968227386475,
                    0.38210180401802063,
                    0.006573448423296213
                ],
                [
                    -0.3812638819217682,
                    0.9229736328125,
                    -0.05251115933060646
                ],
                [
                    -0.026131732389330864,
                    0.04601918160915375,
                    0.9985986351966858
                ]
            ],
            [
                [
                    0.9323948621749878,
                    -0.3532419502735138,
                    -0.07655071467161179
                ],
                [
                    0.34959545731544495,
                    0.9351558089256287,
                    -0.05715513601899147
                ],
                [
                    0.09177643060684204,
                    0.026529371738433838,
                    0.9954262375831604
                ]
            ],
            [
                [
                    0.9756435751914978,
                    0.06618694216012955,
                    0.20913837850093842
                ],
                [
                    -0.029133202508091927,
                    0.9840452671051025,
                    -0.17551696300506592
                ],
                [
                    -0.21741855144500732,
                    0.16514913737773895,
                    0.9620056748390198
                ]
            ],
            [
                [
                    0.5558953285217285,
                    0.8165580034255981,
                    -0.1556064635515213
                ],
                [
                    -0.8312229514122009,
                    0.5444742441177368,
                    -0.112322136759758
                ],
                [
                    -0.006993827875703573,
                    0.19178299605846405,
                    0.9814124703407288
                ]
            ],
            [
                [
                    0.5367121696472168,
                    -0.8022112846374512,
                    0.2615284323692322
                ],
                [
                    0.8429722189903259,
                    0.5232367515563965,
                    -0.1249847263097763
                ],
                [
                    -0.03657711669802666,
                    0.2875420153141022,
                    0.9570693373680115
                ]
            ],
            [
                [
                    0.9015872478485107,
                    -0.10175760090351105,
                    -0.42045894265174866
                ],
                [
                    0.0023663837928324938,
                    0.9730865955352783,
                    -0.23042771220207214
                ],
                [
                    0.43259069323539734,
                    0.20675572752952576,
                    0.8775632381439209
                ]
            ],
            [
                [
                    0.7672740817070007,
                    0.14941436052322388,
                    0.623671293258667
                ],
                [
                    0.008011126890778542,
                    0.9701727032661438,
                    -0.24228227138519287
                ],
                [
                    -0.641269326210022,
                    0.1908932328224182,
                    0.7431914210319519
                ]
            ],
            [
                [
                    0.9997814297676086,
                    0.020728839561343193,
                    -0.002737813862040639
                ],
                [
                    -0.020908817648887634,
                    0.9914064407348633,
                    -0.12913598120212555
                ],
                [
                    3.744836067198776e-05,
                    0.12916499376296997,
                    0.9916231632232666
                ]
            ],
            [
                [
                    0.9997567534446716,
                    -0.021123100072145462,
                    -0.0063342321664094925
                ],
                [
                    0.020777998492121696,
                    0.998516321182251,
                    -0.05033379793167114
                ],
                [
                    0.0073880404233932495,
                    0.050189945846796036,
                    0.9987123608589172
                ]
            ],
            [
                [
                    0.9720656871795654,
                    0.22437718510627747,
                    -0.06887023895978928
                ],
                [
                    -0.20996752381324768,
                    0.9624499678611755,
                    0.17205692827701569
                ],
                [
                    0.10488981753587723,
                    -0.1527901291847229,
                    0.9826765060424805
                ]
            ],
            [
                [
                    0.97227942943573,
                    -0.22650408744812012,
                    0.05803929269313812
                ],
                [
                    0.21488532423973083,
                    0.9634281396865845,
                    0.16009534895420074
                ],
                [
                    -0.09217894077301025,
                    -0.14318563044071198,
                    0.985393762588501
                ]
            ]
        ],
        "betas": [
            -0.032182320952415466,
            0.2552008032798767,
            0.2923501431941986,
            0.34893539547920227,
            0.019877612590789795,
            0.09242111444473267,
            -0.0014421641826629639,
            -0.0727919340133667,
            0.14139994978904724,
            -0.17917045950889587
        ]
    },
    "pred_cam_t": [
        -0.0089204590767622,
        0.356709361076355,
        26.44689178466797
    ],
    "focal_length": [
        5000.0,
        5000.0
    ],
    "pred_keypoints_3d": [
        [
            -0.043698396533727646,
            -0.8466477990150452,
            -0.1803143471479416
        ],
        [
            -0.03326791524887085,
            -0.7419101595878601,
            -0.015299778431653976
        ],
        [
            -0.1779368668794632,
            -0.6423739194869995,
            0.08712427318096161
        ],
        [
            -0.17627792060375214,
            -0.40549466013908386,
            0.17744599282741547
        ],
        [
            -0.22381307184696198,
            -0.17332039773464203,
            0.08457931131124496
        ],
        [
            0.1381743848323822,
            -0.6513997912406921,
            -0.06928875297307968
        ],
        [
            0.22443115711212158,
            -0.4149589538574219,
            -0.00332062691450119
        ],
        [
            0.2436457723379135,
            -0.17416080832481384,
            -0.061153531074523926
        ],
        [
            -0.002049779985100031,
            -0.22679303586483002,
            0.02612500637769699
        ],
        [
            -0.06293471157550812,
            -0.13750958442687988,
            0.05671221390366554
        ],
        [
            -0.05240681767463684,
            0.24417299032211304,
            0.09605705738067627
        ],
        [
            -0.03851914405822754,
            0.4029635190963745,
            0.46164947748184204
        ],
        [
            0.06829412281513214,
            -0.13660785555839539,
            0.028185423463582993
        ],
        [
            0.06254113465547562,
            0.23904013633728027,
            0.03501183167099953
        ],
        [
            0.06839573383331299,
            0.41758930683135986,
            0.3913431465625763
        ],
        [
            -0.08318395167589188,
            -0.8849972486495972,
            -0.1515112668275833
        ],
        [
            -0.01736706867814064,
            -0.8929183483123779,
            -0.14815959334373474
        ],
        [
            -0.12753400206565857,
            -0.8688951730728149,
            -0.05796310305595398
        ],
        [
            0.016227267682552338,
            -0.8869962096214294,
            -0.053733162581920624
        ],
        [
            0.036393001675605774,
            0.5991289019584656,
            0.31828248500823975
        ],
        [
            0.11031927913427353,
            0.5732163190841675,
            0.3458762764930725
        ],
        [
            0.08755993098020554,
            0.39208728075027466,
            0.4545871615409851
        ],
        [
            -0.019030727446079254,
            0.5821675658226013,
            0.3871088922023773
        ],
        [
            -0.09629025310277939,
            0.555988073348999,
            0.4158012270927429
        ],
        [
            -0.047126926481723785,
            0.3825845420360565,
            0.5319650173187256
        ],
        [
            -0.06493961811065674,
            0.3569498062133789,
            0.4327748417854309
        ],
        [
            -0.055685803294181824,
            0.18803852796554565,
            0.07821114361286163
        ],
        [
            -0.14200791716575623,
            -0.25750377774238586,
            0.06196080520749092
        ],
        [
            0.1429608017206192,
            -0.24398499727249146,
            0.011740859597921371
        ],
        [
            0.07564437389373779,
            0.20385800302028656,
            0.02247649058699608
        ],
        [
            0.08300590515136719,
            0.37887027859687805,
            0.37601643800735474
        ],
        [
            -0.2185635268688202,
            -0.20277172327041626,
            0.06314540654420853
        ],
        [
            -0.21202749013900757,
            -0.42088258266448975,
            0.16407448053359985
        ],
        [
            -0.15157067775726318,
            -0.6741597056388855,
            0.0658489242196083
        ],
        [
            0.11323584616184235,
            -0.6860901117324829,
            -0.05347887799143791
        ],
        [
            0.23617342114448547,
            -0.43368738889694214,
            -0.048770032823085785
        ],
        [
            0.23813296854496002,
            -0.18988780677318573,
            -0.07304198294878006
        ],
        [
            -0.02912842109799385,
            -0.7356783151626587,
            -0.014126760885119438
        ],
        [
            -0.05707303434610367,
            -0.930289626121521,
            -0.07298499345779419
        ],
        [
            0.0009715785272419453,
            -0.2511342465877533,
            0.03675233572721481
        ],
        [
            -0.02194187045097351,
            -0.6784737706184387,
            0.0025998628698289394
        ],
        [
            -0.005447882227599621,
            -0.5013520121574402,
            0.027399372309446335
        ],
        [
            -0.0389883890748024,
            -0.8231362104415894,
            -0.10125905275344849
        ],
        [
            -0.06353333592414856,
            -0.9492231011390686,
            -0.06485789269208908
        ]
    ],
    "pred_vertices": [
        [
            -0.011461429297924042,
            -0.9397192597389221,
            -0.1502729058265686
        ],
        [
            -0.015741726383566856,
            -0.9251089096069336,
            -0.1558983325958252
        ],
        [
            -0.005261453799903393,
            -0.9228471517562866,
            -0.1464703381061554
        ],
        [
            -0.001142655499279499,
            -0.9342502355575562,
            -0.13734900951385498
        ],
        [
            -0.007566216867417097,
            -0.9134655594825745,
            -0.15199269354343414
        ],
        [
            -0.017034653574228287,
            -0.9133206605911255,
            -0.1593724489212036
        ],
        [
            0.0016222866252064705,
            -0.9177073240280151,
            -0.13556672632694244
        ],
        [
            0.0053480323404073715,
            -0.9257115721702576,
            -0.12510137259960175
        ],
        [
            0.010947447270154953,
            -0.8835927248001099,
            -0.12287656962871552
        ],
        [
            0.014964254572987556,
            -0.8797203898429871,
            -0.11335655301809311
        ],
        [
            0.013192905113101006,
            -0.8913050293922424,
            -0.11515837162733078
        ],
        [
            0.008576016873121262,
            -0.8917936086654663,
            -0.12406410276889801
        ],
        [
            0.012621632777154446,
            -0.8576875329017639,
            -0.11913305521011353
        ],
        [
            0.007783952169120312,
            -0.8476771116256714,
            -0.12722377479076385
        ],
        [
            0.01036996953189373,
            -0.8390542268753052,
            -0.1175307184457779
        ],
        [
            0.013908526860177517,
            -0.8484348058700562,
            -0.10853986442089081
        ],
        [
            -0.02364911139011383,
            -0.8576295375823975,
            -0.15229980647563934
        ],
        [
            -0.017870260402560234,
            -0.851729154586792,
            -0.15065032243728638
        ],
        [
            -0.014859472401440144,
            -0.8588166832923889,
            -0.1496616005897522
        ],
        [
            -0.021351821720600128,
            -0.8638273477554321,
            -0.15104520320892334
        ],
        [
            -0.03330320119857788,
            -0.8658205270767212,
            -0.15967634320259094
        ],
        [
            -0.03312380611896515,
            -0.871474027633667,
            -0.15636911988258362
        ],
        [
            -0.037778981029987335,
            -0.8747752904891968,
            -0.16198433935642242
        ],
        [
            -0.03706953674554825,
            -0.8684345483779907,
            -0.16619324684143066
        ],
        [
            -0.02827872335910797,
            -0.8517153859138489,
            -0.15280243754386902
        ],
        [
            -0.02218189835548401,
            -0.8457101583480835,
            -0.15067362785339355
        ],
        [
            -0.028600631281733513,
            -0.8627111911773682,
            -0.15458378195762634
        ],
        [
            -0.029994282871484756,
            -0.8575671315193176,
            -0.15691383183002472
        ],
        [
            -0.03139978647232056,
            -0.8511359691619873,
            -0.16731810569763184
        ],
        [
            -0.030530288815498352,
            -0.8560080528259277,
            -0.16586709022521973
        ],
        [
            -0.03343826159834862,
            -0.8565730452537537,
            -0.1731186807155609
        ],
        [
            -0.03413562476634979,
            -0.85092693567276,
            -0.17241372168064117
        ],
        [
            -0.029290569946169853,
            -0.8506940603256226,
            -0.1578982174396515
        ],
        [
            -0.028856756165623665,
            -0.8536465167999268,
            -0.1607697606086731
        ],
        [
            -0.03067837283015251,
            -0.8496588468551636,
            -0.16316336393356323
        ],
        [
            -0.03209196403622627,
            -0.8473548889160156,
            -0.15995164215564728
        ],
        [
            -0.033174462616443634,
            -0.8613088726997375,
            -0.16255468130111694
        ],
        [
            -0.03563217446208,
            -0.862887442111969,
            -0.1698378026485443
        ],
        [
            -0.03918642923235893,
            -0.8637909889221191,
            -0.1771477460861206
        ],
        [
            -0.03713884949684143,
            -0.8553824424743652,
            -0.18023058772087097
        ],
        [
            -0.006446085404604673,
            -0.8395584225654602,
            -0.1433636099100113
        ],
        [
            -0.01161579042673111,
            -0.8458013534545898,
            -0.14811885356903076
        ],
        [
            -0.0161119494587183,
            -0.8403240442276001,
            -0.14847800135612488
        ],
        [
            -0.011172560043632984,
            -0.8353755474090576,
            -0.14519813656806946
        ],
        [
            -0.03102520853281021,
            -0.8444567918777466,
            -0.15627974271774292
        ],
        [
            -0.025993645191192627,
            -0.8288652896881104,
            -0.15575270354747772
        ],
        [
            -0.026057256385684013,
            -0.8327599167823792,
            -0.15599550306797028
        ],
        [
            -0.03170919045805931,
            -0.8328869342803955,
            -0.16035732626914978
        ],
        [
            -0.031072024255990982,
            -0.8293102979660034,
            -0.1598668098449707
        ],
        [
            -0.0009349407628178596,
            -0.8259397149085999,
            -0.1337922215461731
        ],
        [
            -0.006015083286911249,
            -0.8241597414016724,
            -0.13847440481185913
        ],
        [
            -0.005239304155111313,
            -0.8173413872718811,
            -0.1356101632118225
        ],
        [
            -0.0008603790774941444,
            -0.8178199529647827,
            -0.12969693541526794
        ],
        [
            -0.007340605836361647,
            -0.8113881349563599,
            -0.13443268835544586
        ],
        [
            -0.001934659667313099,
            -0.8098536133766174,
            -0.12634792923927307
        ],
        [
            -0.009685644879937172,
            -0.7944482564926147,
            -0.12664836645126343
        ],
        [
            -0.005597061011940241,
            -0.8013288378715515,
            -0.12623727321624756
        ],
        [
            -0.010676288045942783,
            -0.8052588701248169,
            -0.13500255346298218
        ],
        [
            -0.015050181187689304,
            -0.799213707447052,
            -0.1383173167705536
        ],
        [
            -0.02624548226594925,
            -0.8022425174713135,
            -0.14783638715744019
        ],
        [
            -0.03151050582528114,
            -0.8003461360931396,
            -0.15079036355018616
        ],
        [
            -0.026351088657975197,
            -0.7887036204338074,
            -0.14774340391159058
        ],
        [
            -0.020721187815070152,
            -0.7931318879127502,
            -0.14351525902748108
        ],
        [
            -0.02608226239681244,
            -0.8235456943511963,
            -0.15110278129577637
        ],
        [
            -0.022555621340870857,
            -0.8241431713104248,
            -0.14801335334777832
        ],
        [
            -0.02215650863945484,
            -0.8255940675735474,
            -0.15035521984100342
        ],
        [
            -0.02589881792664528,
            -0.8260834217071533,
            -0.15399810671806335
        ],
        [
            -0.019297024235129356,
            -0.8244543075561523,
            -0.1457068920135498
        ],
        [
            -0.01773122325539589,
            -0.8244332671165466,
            -0.14477968215942383
        ],
        [
            -0.0178994070738554,
            -0.8256417512893677,
            -0.14613759517669678
        ],
        [
            -0.019259078428149223,
            -0.825162410736084,
            -0.14652734994888306
        ],
        [
            -0.021061711013317108,
            -0.8245368003845215,
            -0.14728058874607086
        ],
        [
            -0.021852215752005577,
            -0.8224717378616333,
            -0.147660493850708
        ],
        [
            -0.020016349852085114,
            -0.8235322833061218,
            -0.14623337984085083
        ],
        [
            -0.024908581748604774,
            -0.8211076259613037,
            -0.1507052481174469
        ],
        [
            -0.036401040852069855,
            -0.8168054819107056,
            -0.15906599164009094
        ],
        [
            -0.03266311064362526,
            -0.818148672580719,
            -0.1574530005455017
        ],
        [
            -0.03450736403465271,
            -0.8223979473114014,
            -0.15689292550086975
        ],
        [
            -0.03778153285384178,
            -0.821488618850708,
            -0.15829163789749146
        ],
        [
            -0.01955406740307808,
            -0.82679283618927,
            -0.14843174815177917
        ],
        [
            -0.017200015485286713,
            -0.8291144371032715,
            -0.14753848314285278
        ],
        [
            -0.020658012479543686,
            -0.8312759399414062,
            -0.15142500400543213
        ],
        [
            -0.02163746953010559,
            -0.8283547163009644,
            -0.1508914828300476
        ],
        [
            -0.014693034812808037,
            -0.8313981294631958,
            -0.14714005589485168
        ],
        [
            -0.01583726517856121,
            -0.8271534442901611,
            -0.1453145444393158
        ],
        [
            -0.013179401867091656,
            -0.827970027923584,
            -0.1443798691034317
        ],
        [
            -0.01815785840153694,
            -0.822625994682312,
            -0.14472034573554993
        ],
        [
            -0.015589872375130653,
            -0.8213940858840942,
            -0.14280584454536438
        ],
        [
            -0.01508856751024723,
            -0.8240622282028198,
            -0.14392486214637756
        ],
        [
            -0.017184952273964882,
            -0.8178677558898926,
            -0.14340779185295105
        ],
        [
            -0.02026984468102455,
            -0.8203859329223633,
            -0.14596951007843018
        ],
        [
            -0.023187000304460526,
            -0.8180163502693176,
            -0.1489461064338684
        ],
        [
            -0.027131466194987297,
            -0.8156921863555908,
            -0.1527480185031891
        ],
        [
            -0.024703364819288254,
            -0.8112890124320984,
            -0.1492110788822174
        ],
        [
            -0.02031300961971283,
            -0.8143534660339355,
            -0.14586684107780457
        ],
        [
            -0.019330790266394615,
            -0.8350867629051208,
            -0.1505551040172577
        ],
        [
            -0.011188936419785023,
            -0.8240408897399902,
            -0.1415330171585083
        ],
        [
            -0.008312089368700981,
            -0.8307165503501892,
            -0.1416187882423401
        ],
        [
            -0.011042695492506027,
            -0.8192774057388306,
            -0.1401681900024414
        ],
        [
            -0.012760362587869167,
            -0.8145642280578613,
            -0.13986361026763916
        ],
        [
            -0.016390161588788033,
            -0.8099753856658936,
            -0.1412794589996338
        ],
        [
            -0.02103719674050808,
            -0.8057246208190918,
            -0.14468903839588165
        ],
        [
            -0.024561677128076553,
            -0.7806357145309448,
            -0.13575924932956696
        ],
        [
            -0.017230616882443428,
            -0.7866675853729248,
            -0.1318986713886261
        ],
        [
            -0.018481139093637466,
            -0.9062896370887756,
            -0.15635445713996887
        ],
        [
            -0.010200397111475468,
            -0.9061200022697449,
            -0.15294256806373596
        ],
        [
            -0.009340759366750717,
            -0.8986879587173462,
            -0.14747245609760284
        ],
        [
            -0.007630407810211182,
            -0.901791512966156,
            -0.14727194607257843
        ],
        [
            -0.012858131900429726,
            -0.901909589767456,
            -0.15113577246665955
        ],
        [
            -0.013076047413051128,
            -0.8991001844406128,
            -0.1502518504858017
        ],
        [
            0.0031377803534269333,
            -0.893134593963623,
            -0.1306488811969757
        ],
        [
            -0.0012695984914898872,
            -0.8943114280700684,
            -0.13579827547073364
        ],
        [
            -0.0008570505306124687,
            -0.890606164932251,
            -0.1339419037103653
        ],
        [
            0.005220618098974228,
            -0.8868224620819092,
            -0.1293526291847229
        ],
        [
            -0.00674704322591424,
            -0.8819250464439392,
            -0.14115557074546814
        ],
        [
            -0.003059818409383297,
            -0.8837860822677612,
            -0.13758784532546997
        ],
        [
            -0.006930103525519371,
            -0.8899552822113037,
            -0.14111661911010742
        ],
        [
            -0.009623747318983078,
            -0.8886556625366211,
            -0.1437440663576126
        ],
        [
            -0.013035648502409458,
            -0.8876921534538269,
            -0.1460447758436203
        ],
        [
            -0.01715170592069626,
            -0.8872385025024414,
            -0.1475030481815338
        ],
        [
            -0.016405263915657997,
            -0.881832480430603,
            -0.1467069387435913
        ],
        [
            -0.011503762565553188,
            -0.8815374374389648,
            -0.144384503364563
        ],
        [
            -0.019074413925409317,
            -0.9023720026016235,
            -0.1532217264175415
        ],
        [
            -0.026242472231388092,
            -0.9008548855781555,
            -0.15353047847747803
        ],
        [
            -0.024560246616601944,
            -0.8979206085205078,
            -0.1526045948266983
        ],
        [
            -0.018494736403226852,
            -0.8991294503211975,
            -0.15260355174541473
        ],
        [
            -0.03433765098452568,
            -0.8904824256896973,
            -0.14812767505645752
        ],
        [
            -0.03326592594385147,
            -0.8930500745773315,
            -0.14923977851867676
        ],
        [
            -0.03672078624367714,
            -0.8940563201904297,
            -0.15098968148231506
        ],
        [
            -0.03720785304903984,
            -0.8894748687744141,
            -0.14985479414463043
        ],
        [
            -0.034749872982501984,
            -0.8866139650344849,
            -0.1495002955198288
        ],
        [
            -0.032901912927627563,
            -0.8888816833496094,
            -0.14835229516029358
        ],
        [
            -0.022370439022779465,
            -0.960299015045166,
            -0.15037791430950165
        ],
        [
            -0.025515716522932053,
            -0.9425889253616333,
            -0.15831252932548523
        ],
        [
            -0.008433668874204159,
            -0.9553123712539673,
            -0.13594496250152588
        ],
        [
            0.001077914610505104,
            -0.9464526772499084,
            -0.1233404278755188
        ],
        [
            0.008541066199541092,
            -0.9340775012969971,
            -0.11285875737667084
        ],
        [
            0.004844842478632927,
            -0.8312638998031616,
            -0.12643074989318848
        ],
        [
            0.006246496923267841,
            -0.8227095007896423,
            -0.11986101418733597
        ],
        [
            0.012049201875925064,
            -0.8309406042098999,
            -0.10788498818874359
        ],
        [
            0.010480388067662716,
            -0.8206143379211426,
            -0.10302162170410156
        ],
        [
            0.004667393863201141,
            -0.8122773170471191,
            -0.11579084396362305
        ],
        [
            -0.007734584156423807,
            -0.7923172116279602,
            -0.11349059641361237
        ],
        [
            0.0002729305997490883,
            -0.8014776110649109,
            -0.11390267312526703
        ],
        [
            0.006191303953528404,
            -0.8100866079330444,
            -0.09811809659004211
        ],
        [
            0.011812860146164894,
            -0.8237978219985962,
            -0.08337507396936417
        ],
        [
            0.014241797849535942,
            -0.8309420347213745,
            -0.09080210328102112
        ],
        [
            0.013098698109388351,
            -0.8399269580841064,
            -0.07135871052742004
        ],
        [
            0.005788376554846764,
            -0.8165755271911621,
            -0.07331649959087372
        ],
        [
            0.008872204460203648,
            -0.8392552137374878,
            -0.06385265290737152
        ],
        [
            -0.008691792376339436,
            -0.7800132036209106,
            -0.07765062153339386
        ],
        [
            -0.006216657347977161,
            -0.7687754034996033,
            -0.07443012297153473
        ],
        [
            0.006402244325727224,
            -0.7778828740119934,
            -0.0637165755033493
        ],
        [
            0.003617510199546814,
            -0.7890229225158691,
            -0.06615471839904785
        ],
        [
            0.01526496559381485,
            -0.8394794464111328,
            -0.09860594570636749
        ],
        [
            0.013171566650271416,
            -0.9027042984962463,
            -0.10816396772861481
        ],
        [
            0.010215607471764088,
            -0.9015215635299683,
            -0.11910293996334076
        ],
        [
            0.015544548630714417,
            -0.8899215459823608,
            -0.10387759655714035
        ],
        [
            0.007596006616950035,
            -0.9619505405426025,
            -0.09185625612735748
        ],
        [
            0.004813900217413902,
            -0.9568021297454834,
            -0.10925751179456711
        ],
        [
            0.012157689779996872,
            -0.941900908946991,
            -0.10112714022397995
        ],
        [
            0.014166999608278275,
            -0.9490317702293396,
            -0.08580620586872101
        ],
        [
            -0.021647974848747253,
            -0.9931100606918335,
            -0.1048186793923378
        ],
        [
            -0.01995157264173031,
            -0.9797489643096924,
            -0.1294410526752472
        ],
        [
            -0.008178628981113434,
            -0.9695005416870117,
            -0.1201251745223999
        ],
        [
            -0.007345470599830151,
            -0.9802446365356445,
            -0.10001058876514435
        ],
        [
            0.014639019966125488,
            -0.9512317180633545,
            -0.07248634099960327
        ],
        [
            0.01347414217889309,
            -0.9531407356262207,
            -0.05420053005218506
        ],
        [
            0.0076485127210617065,
            -0.9683862328529358,
            -0.04832308739423752
        ],
        [
            0.007130319252610207,
            -0.9677025675773621,
            -0.07091031968593597
        ],
        [
            -0.00700557604432106,
            -0.9877315759658813,
            -0.04345381632447243
        ],
        [
            -0.006564292125403881,
            -0.987573504447937,
            -0.071144238114357
        ],
        [
            0.007932832464575768,
            -0.8266458511352539,
            -0.054474830627441406
        ],
        [
            0.006885357201099396,
            -0.8446232080459595,
            -0.051717665046453476
        ],
        [
            0.00125906802713871,
            -0.8015862107276917,
            -0.07092879712581635
        ],
        [
            0.00870665442198515,
            -0.8107693195343018,
            -0.05583406239748001
        ],
        [
            -0.026643292978405952,
            -1.0010652542114258,
            -0.040413886308670044
        ],
        [
            -0.02549540437757969,
            -1.0020794868469238,
            -0.07315654307603836
        ],
        [
            0.0018347743898630142,
            -0.9319794178009033,
            -0.005493782460689545
        ],
        [
            0.0027482248842716217,
            -0.9495660066604614,
            -0.014031171798706055
