{
    "pred_cam": [
        1.8322806358337402,
        0.014299580827355385,
        0.5822725296020508
    ],
    "pred_smpl_params": {
        "global_orient": [
            [
                [
                    0.971882164478302,
                    0.20040038228034973,
                    -0.12363088876008987
                ],
                [
                    0.11763091385364532,
                    -0.8680452704429626,
                    -0.482348769903183
                ],
                [
                    -0.20398008823394775,
                    0.45424342155456543,
                    -0.8672109842300415
                ]
            ]
        ],
        "body_pose": [
            [
                [
                    0.9989215135574341,
                    -0.02983798272907734,
                    -0.03557303175330162
                ],
                [
                    0.04549306631088257,
                    0.7821385264396667,
                    0.6214414834976196
                ],
                [
                    0.009280475787818432,
                    -0.6223896741867065,
                    0.7826524376869202
                ]
            ],
            [
                [
                    0.9898139238357544,
                    0.12544940412044525,
                    0.06731109321117401
                ],
                [
                    -0.14098164439201355,
                    0.7979125380516052,
                    0.5860543847084045
                ],
                [
                    0.01981179602444172,
                    -0.5895744562149048,
                    0.807470977306366
                ]
            ],
            [
                [
                    0.9999638199806213,
                    0.0006714498158544302,
                    -0.008483056910336018
                ],
                [
                    -0.004322865046560764,
                    0.898754358291626,
                    -0.43843114376068115
                ],
                [
                    0.007329799234867096,
                    0.4384519159793854,
                    0.8987247347831726
                ]
            ],
            [
                [
                    0.9821500778198242,
                    0.09586728364229202,
                    -0.1618354320526123
                ],
                [
                    -0.13675421476364136,
                    -0.22680631279945374,
                    -0.964290976524353
                ],
                [
                    -0.12914927303791046,
                    0.9692100882530212,
                    -0.20964758098125458
                ]
            ],
            [
                [
                    0.9777320027351379,
                    -0.08651984483003616,
                    0.1911921203136444
                ],
                [
                    0.17394721508026123,
                    -0.17554378509521484,
                    -0.9689822793006897
                ],
                [
                    0.11739881336688995,
                    0.9806623458862305,
                    -0.15658488869667053
                ]
            ],
            [
                [
                    0.9991256594657898,
                    -0.04179221764206886,
                    -0.0011883671395480633
                ],
                [
                    0.04180910810828209,
                    0.9987285733222961,
                    0.028163334354758263
                ],
                [
                    9.848083209362812e-06,
                    -0.028188392519950867,
                    0.9996026158332825
                ]
            ],
            [
                [
                    0.9450024962425232,
                    -0.15157721936702728,
                    0.2898181080818176
                ],
                [
                    0.04545443132519722,
                    0.9383906722068787,
                    0.342573881149292
                ],
                [
                    -0.32388901710510254,
                    -0.3105596899986267,
                    0.8936713933944702
                ]
            ],
            [
                [
                    0.949812650680542,
                    0.07573017477989197,
                    -0.3035139739513397
                ],
                [
                    0.009749100543558598,
                    0.9626165628433228,
                    0.27069246768951416
                ],
                [
                    0.3126671314239502,
                    -0.2600661516189575,
                    0.913567066192627
                ]
            ],
            [
                [
                    0.999713122844696,
                    -0.018108000978827477,
                    -0.015675324946641922
                ],
                [
                    0.017997439950704575,
                    0.9998123645782471,
                    -0.007165276445448399
                ],
                [
                    0.015802131965756416,
                    0.006881105247884989,
                    0.9998514652252197
                ]
            ],
            [
                [
                    0.997633695602417,
                    -0.05732887610793114,
                    -0.03795452415943146
                ],
                [
                    0.061617109924554825,
                    0.9904148578643799,
                    0.12361917644739151
                ],
                [
                    0.0305037759244442,
                    -0.12566529214382172,
                    0.991603672504425
                ]
            ],
            [
                [
                    0.995216965675354,
                    0.0729154646396637,
                    0.06501226127147675
                ],
                [
                    -0.08427125215530396,
                    0.9774144291877747,
                    0.19380229711532593
                ],
                [
                    -0.04941273480653763,
                    -0.19835397601127625,
                    0.9788841009140015
                ]
            ],
            [
                [
                    0.9963885545730591,
                    -0.0618191696703434,
                    0.05820817872881889
                ],
                [
                    0.06982076913118362,
                    0.9866175651550293,
                    -0.1473456472158432
                ],
                [
                    -0.048320427536964417,
                    0.1508776694536209,
                    0.9873707294464111
                ]
            ],
            [
                [
                    0.9055797457695007,
                    -0.023476311936974525,
                    -0.423525869846344
                ],
                [
                    0.12228238582611084,
                    0.9705264568328857,
                    0.2076663225889206
                ],
                [
                    0.4061678647994995,
                    -0.23984818160533905,
                    0.8817598223686218
                ]
            ],
            [
                [
                    0.9471842050552368,
                    0.034477025270462036,
                    0.31883105635643005
                ],
                [
                    -0.09412001073360443,
                    0.9803072810173035,
                    0.1736057698726654
                ],
                [
                    -0.3065670430660248,
                    -0.19444505870342255,
                    0.9317765235900879
                ]
            ],
            [
                [
                    0.9956631064414978,
                    -0.06017370894551277,
                    0.0709511786699295
                ],
                [
                    0.07064491510391235,
                    0.9852652549743652,
                    -0.15576165914535522
                ],
                [
                    -0.06053297221660614,
                    0.16009849309921265,
                    0.9852432012557983
                ]
            ],
            [
                [
                    0.8003396987915039,
                    0.22537419199943542,
                    -0.555574357509613
                ],
                [
                    -0.0025840792804956436,
                    0.9279452562332153,
                    0.3727076053619385
                ],
                [
                    0.5995412468910217,
                    -0.2968570291996002,
                    0.7432538270950317
                ]
            ],
            [
                [
                    0.9296380281448364,
                    -0.18820203840732574,
                    0.31678536534309387
                ],
                [
                    0.08814781904220581,
                    0.9483492970466614,
                    0.30473509430885315
                ],
                [
                    -0.357774943113327,
                    -0.2553694248199463,
                    0.8982111811637878
                ]
            ],
            [
                [
                    0.04309358820319176,
                    -0.2171272486448288,
                    -0.9751915335655212
                ],
                [
                    0.560603141784668,
                    0.8132025003433228,
                    -0.1562872678041458
                ],
                [
                    0.8269625306129456,
                    -0.539960503578186,
                    0.15676604211330414
                ]
            ],
            [
                [
                    0.09538094699382782,
                    0.26516246795654297,
                    0.9594745635986328
                ],
                [
                    -0.5994824171066284,
                    0.7847808003425598,
                    -0.15728943049907684
                ],
                [
                    -0.7946844100952148,
                    -0.5601857304573059,
                    0.23381337523460388
                ]
            ],
            [
                [
                    0.9766910076141357,
                    -0.21187950670719147,
                    -0.034377437084913254
                ],
                [
                    0.20346598327159882,
                    0.9648729562759399,
                    -0.16619773209095
                ],
                [
                    0.06838376075029373,
                    0.15532918274402618,
                    0.985493004322052
                ]
            ],
            [
                [
                    0.9841644763946533,
                    0.17627735435962677,
                    0.018616579473018646
                ],
                [
                    -0.17269651591777802,
                    0.977209210395813,
                    -0.12344271689653397
                ],
                [
                    -0.03995244577527046,
                    0.11827291548252106,
                    0.9921770691871643
                ]
            ],
            [
                [
                    0.9934314489364624,
                    0.10263402760028839,
                    -0.050598423928022385
                ],
                [
                    -0.10406229645013809,
                    0.994219183921814,
                    -0.02644452638924122
                ],
                [
                    0.047591812908649445,
                    0.03153621405363083,
                    0.9983689188957214
                ]
            ],
            [
                [
                    0.9930947422981262,
                    -0.10922908037900925,
                    0.04279959201812744
                ],
                [
                    0.10878483951091766,
                    0.9939857125282288,
                    0.012581621296703815
                ],
                [
                    -0.04391646012663841,
                    -0.007838795892894268,
                    0.9990044236183167
                ]
            ]
        ],
        "betas": [
            0.00494520366191864,
            -0.09234347939491272,
            -0.19882620871067047,
            -0.05187949538230896,
            0.08438420295715332,
            -0.06784208863973618,
            -0.05272236466407776,
            -0.01734393835067749,
            0.050206974148750305,
            -0.04064297676086426
        ]
    },
    "pred_cam_t": [
        0.014299580827355385,
        0.5822725296020508,
        21.319059371948242
    ],
    "focal_length": [
        5000.0,
        5000.0
    ],
    "pred_keypoints_3d": [
        [
            0.04112420976161957,
            -0.7968264818191528,
            -0.027351029217243195
        ],
        [
            0.06639984995126724,
            -0.7004538774490356,
            0.1374751776456833
        ],
        [
            -0.10945580899715424,
            -0.6567035913467407,
            0.15457844734191895
        ],
        [
            -0.343387246131897,
            -0.6747866868972778,
            0.05283835530281067
        ],
        [
            -0.2884739935398102,
            -0.9080080986022949,
            -0.037562333047389984
        ],
        [
            0.21883231401443481,
            -0.6406501531600952,
            0.06661099195480347
        ],
        [
            0.3107483983039856,
            -0.6826210021972656,
            -0.17506055533885956
        ],
        [
            0.20922565460205078,
            -0.9101544618606567,
            -0.1537405550479889
        ],
        [
            -0.0017339875921607018,
            -0.22237452864646912,
            0.028675708919763565
        ],
        [
            -0.08543060719966888,
            -0.1499483287334442,
            0.005113065242767334
        ],
        [
            -0.2570982873439789,
            -0.00032232701778411865,
            -0.3039344549179077
        ],
        [
            -0.20964153110980988,
            0.30444496870040894,
            -0.048246830701828
        ],
        [
            0.04869883880019188,
            -0.13177047669887543,
            -0.02125418558716774
        ],
        [
            0.005353126674890518,
            0.018324047327041626,
            -0.363436222076416
        ],
        [
            -0.00801228079944849,
            0.30866149067878723,
            -0.08820664882659912
        ],
        [
            0.008182257413864136,
            -0.8355779647827148,
            0.006362728774547577
        ],
        [
            0.0742499977350235,
            -0.8417050838470459,
            -0.002904064953327179
        ],
        [
            -0.020402565598487854,
            -0.8259738683700562,
            0.1082952469587326
        ],
        [
            0.1253402829170227,
            -0.8403321504592896,
            0.08607246726751328
        ],
        [
            -0.020830780267715454,
            0.4138399362564087,
            -0.2554434537887573
        ],
        [
            0.048341304063797,
            0.4085906147956848,
            -0.21039056777954102
        ],
        [
            0.008073195815086365,
            0.3169158101081848,
            -0.021011024713516235
        ],
        [
            -0.2890368700027466,
            0.4034784436225891,
            -0.19856393337249756
        ],
        [
            -0.3353360593318939,
            0.38289928436279297,
            -0.12901487946510315
        ],
        [
            -0.19207890331745148,
            0.3273611068725586,
            0.021515220403671265
        ],
        [
            -0.2243785858154297,
            0.2472217082977295,
            -0.04456983506679535
        ],
        [
            -0.24102579057216644,
            -0.0296059288084507,
            -0.27529001235961914
        ],
        [
            -0.1385280191898346,
            -0.25318458676338196,
            0.0914040356874466
        ],
        [
            0.154106006026268,
            -0.19967778027057648,
            0.03548227250576019
        ],
        [
            0.023539580404758453,
            0.002286770846694708,
            -0.34489619731903076
        ],
        [
            0.009295517578721046,
            0.2670717239379883,
            -0.08867348730564117
        ],
        [
            -0.26015907526016235,
            -0.889121949672699,
            -0.021783344447612762
        ],
        [
            -0.33198922872543335,
            -0.7040702700614929,
            0.07784523814916611
        ],
        [
            -0.0781439021229744,
            -0.6776742339134216,
            0.1601562798023224
        ],
        [
            0.20570354163646698,
            -0.66387540102005,
            0.08889232575893402
        ],
        [
            0.3214309811592102,
            -0.7099751234054565,
            -0.1396419256925583
        ],
        [
            0.21662291884422302,
            -0.9007824659347534,
            -0.13416221737861633
        ],
        [
            0.07066363096237183,
            -0.7003173828125,
            0.13740020990371704
        ],
        [
            0.04956139624118805,
            -0.8844496011734009,
            0.07660062611103058
        ],
        [
            0.00782262533903122,
            -0.226469025015831,
            0.06367384642362595
        ],
        [
            0.06310474872589111,
            -0.6624589562416077,
            0.12318293750286102
        ],
        [
            0.04268363118171692,
            -0.4621348977088928,
            0.12060549855232239
        ],
        [
            0.059087567031383514,
            -0.7749260663986206,
            0.04930318146944046
        ],
        [
            0.04416222870349884,
            -0.9034951329231262,
            0.08464864641427994
        ]
    ],
    "pred_vertices": [
        [
            0.08101914823055267,
            -0.8886420726776123,
            -0.0087275430560112
        ],
        [
            0.0758596882224083,
            -0.87373948097229,
            -0.01288643479347229
        ],
        [
            0.08825697749853134,
            -0.8722752332687378,
            -0.005665235221385956
        ],
        [
            0.0934884324669838,
            -0.883389949798584,
            0.002540387213230133
        ],
        [
            0.08455634117126465,
            -0.8622138500213623,
            -0.010101892054080963
        ],
        [
            0.07358900457620621,
            -0.8623327612876892,
            -0.015218913555145264
        ],
        [
            0.09690311551094055,
            -0.8672678470611572,
            0.0041237473487854
        ],
        [
            0.10213842242956161,
            -0.8755788803100586,
            0.014053575694561005
        ],
        [
            0.10810843110084534,
            -0.8319201469421387,
            0.017432183027267456
        ],
        [
            0.11326032876968384,
            -0.8276528120040894,
            0.027155116200447083
        ],
        [
            0.11145240068435669,
            -0.84034663438797,
            0.024069778621196747
        ],
        [
            0.10519476234912872,
            -0.8410689830780029,
            0.01602531224489212
        ],
        [
            0.10878518223762512,
            -0.8066973686218262,
            0.022818192839622498
        ],
        [
            0.1023837998509407,
            -0.7965499758720398,
            0.01566513627767563
        ],
        [
            0.1064361184835434,
            -0.7882294654846191,
            0.02570251375436783
        ],
        [
            0.11178092658519745,
            -0.7978255748748779,
            0.033767104148864746
        ],
        [
            0.0666535422205925,
            -0.8067935705184937,
            -0.00460408627986908
        ],
        [
            0.07264421880245209,
            -0.8006116151809692,
            -0.00389871746301651
        ],
        [
            0.07605099678039551,
            -0.8075615763664246,
            -0.004012629389762878
        ],
        [
            0.06933650374412537,
            -0.8128790259361267,
            -0.004277676343917847
        ],
        [
            0.05560969561338425,
            -0.8155373334884644,
            -0.01022317260503769
        ],
        [
            0.0564412996172905,
            -0.8212553858757019,
            -0.007285088300704956
        ],
        [
            0.05082840844988823,
            -0.8244776725769043,
            -0.012095317244529724
        ],
        [
            0.05067656189203262,
            -0.8180325031280518,
            -0.015990957617759705
        ],
        [
            0.061857812106609344,
            -0.8011160492897034,
            -0.004103675484657288
        ],
        [
            0.06816302984952927,
            -0.7948823571205139,
            -0.0025506317615509033
        ],
        [
            0.061303213238716125,
            -0.8119180202484131,
            -0.005789823830127716
        ],
        [
            0.05932777747511864,
            -0.8074678182601929,
            -0.007781960070133209
        ],
        [
            0.05553263798356056,
            -0.8007373809814453,
            -0.017234109342098236
        ],
        [
            0.05690639093518257,
            -0.8056439161300659,
            -0.01622902601957321
        ],
        [
            0.0526910163462162,
            -0.8061056137084961,
            -0.022865451872348785
        ],
        [
            0.05190366879105568,
            -0.8004244565963745,
            -0.021636605262756348
        ],
        [
            0.05947057902812958,
            -0.8008182644844055,
            -0.008616305887699127
        ],
        [
            0.05950367450714111,
            -0.8036211729049683,
            -0.011497199535369873
        ],
        [
            0.05691483989357948,
            -0.799654483795166,
            -0.013290829956531525
        ],
        [
            0.0560823492705822,
            -0.7975550889968872,
            -0.009927637875080109
        ],
        [
            0.05512530356645584,
            -0.8113338947296143,
            -0.01283690333366394
        ],
        [
            0.05121167376637459,
            -0.8125385046005249,
            -0.01946427673101425
        ],
        [
            0.04640241712331772,
            -0.8133467435836792,
            -0.026177778840065002
        ],
        [
            0.0476895309984684,
            -0.8049536347389221,
            -0.029082007706165314
        ],
        [
            0.08508428931236267,
            -0.7881990671157837,
            0.0025011077523231506
        ],
        [
            0.07931181788444519,
            -0.7945562601089478,
            -0.001866064965724945
        ],
        [
            0.07463835179805756,
            -0.7892976999282837,
            -0.00125991553068161
        ],
        [
            0.08005291223526001,
            -0.7842130661010742,
            0.0015657246112823486
        ],
        [
            0.05804203450679779,
            -0.7945481538772583,
            -0.006475038826465607
        ],
        [
            0.0628919005393982,
            -0.7790537476539612,
            -0.005576342344284058
        ],
        [
            0.06287994980812073,
            -0.7827824950218201,
            -0.006192266941070557
        ],
        [
            0.056426383554935455,
            -0.7830049991607666,
            -0.009545356035232544
        ],
        [
            0.057121485471725464,
            -0.7795730829238892,
            -0.008841238915920258
        ],
        [
            0.09198187291622162,
            -0.7747480869293213,
            0.011859893798828125
        ],
        [
            0.08613931387662888,
            -0.7729294300079346,
            0.00788317620754242
        ],
        [
            0.08735200762748718,
            -0.7661786079406738,
            0.01106322556734085
        ],
        [
            0.09271938353776932,
            -0.7666698098182678,
            0.01635248214006424
        ],
        [
            0.08545959740877151,
            -0.760375440120697,
            0.012869581580162048
        ],
        [
            0.0921945720911026,
            -0.7588815093040466,
            0.020358256995677948
        ],
        [
            0.08426208049058914,
            -0.7440165281295776,
            0.022248223423957825
        ],
        [
            0.08839086443185806,
            -0.7505612373352051,
            0.021505795419216156
        ],
        [
            0.0820227786898613,
            -0.7543867826461792,
            0.013221301138401031
        ],
        [
            0.0769239068031311,
            -0.7486820816993713,
            0.01086452603340149
        ],
        [
            0.06391822546720505,
            -0.7518396377563477,
            0.0032562538981437683
        ],
        [
            0.05808677151799202,
            -0.7500063180923462,
            0.0012400224804878235
        ],
        [
            0.06359337270259857,
            -0.7385185956954956,
            0.004213154315948486
        ],
        [
            0.07012704014778137,
            -0.7426546812057495,
            0.006903916597366333
        ],
        [
            0.06384125351905823,
            -0.7732000350952148,
            -0.0008274614810943604
        ],
        [
            0.06791213154792786,
            -0.7738004326820374,
            0.0016757696866989136
        ],
        [
            0.0678953230381012,
            -0.7750823497772217,
            -0.0007716044783592224
        ],
        [
            0.0634651780128479,
            -0.7756928205490112,
            -0.003726176917552948
        ],
        [
            0.07152852416038513,
            -0.7738921642303467,
            0.003200143575668335
        ],
        [
            0.07325468957424164,
            -0.7737383842468262,
            0.003821350634098053
        ],
        [
            0.07286693155765533,
            -0.7749416828155518,
            0.0025527775287628174
        ],
        [
            0.07142560929059982,
            -0.7746700048446655,
            0.00248611718416214
        ],
        [
            0.06942309439182281,
            -0.774124264717102,
            0.002032943069934845
        ],
        [
            0.06860536336898804,
            -0.7720953226089478,
            0.001818433403968811
        ],
        [
            0.0706607922911644,
            -0.7730025053024292,
            0.00277101993560791
        ],
        [
            0.06496144086122513,
            -0.7708232402801514,
            -0.000626586377620697
        ],
        [
            0.05179683491587639,
            -0.7671900987625122,
            -0.007121562957763672
        ],
        [
            0.055952705442905426,
            -0.7679128050804138,
            -0.006076306104660034
        ],
        [
            0.05431114137172699,
            -0.772182822227478,
            -0.005562297999858856
        ],
        [
            0.050651781260967255,
            -0.7720228433609009,
            -0.0065185800194740295
        ],
        [
            0.07063234597444534,
            -0.7769123315811157,
            0.0007507205009460449
        ],
        [
            0.07340659946203232,
            -0.778343915939331,
            0.0008777454495429993
        ],
        [
            0.06915328651666641,
            -0.7805594801902771,
            -0.0024521276354789734
        ],
        [
            0.06823436915874481,
            -0.7778388261795044,
            -0.0014565065503120422
        ],
        [
            0.07604533433914185,
            -0.7803968191146851,
            0.0005008652806282043
        ],
        [
            0.0750955268740654,
            -0.7763190865516663,
            0.0027828961610794067
        ],
        [
            0.07783056050539017,
            -0.7774536609649658,
            0.0031270459294319153
        ],
        [
            0.07283465564250946,
            -0.771968424320221,
            0.00394139438867569
        ],
        [
            0.07575416564941406,
            -0.770533561706543,
            0.005295693874359131
        ],
        [
            0.07608499377965927,
            -0.7730941772460938,
            0.003999106585979462
        ],
        [
            0.07394492626190186,
            -0.7671322822570801,
            0.005283363163471222
        ],
        [
            0.07045254111289978,
            -0.769831120967865,
            0.003245927393436432
        ],
        [
            0.06689485162496567,
            -0.7675573825836182,
            0.000977538526058197
        ],
        [
            0.062168221920728683,
            -0.7653757333755493,
            -0.0018875226378440857
        ],
        [
            0.06519140303134918,
            -0.7608880996704102,
            0.0012948140501976013
        ],
        [
            0.07028533518314362,
            -0.7637569904327393,
            0.0036437734961509705
        ],
        [
            0.07072269916534424,
            -0.7847645878791809,
            -0.0022830069065093994
        ],
        [
            0.0804312452673912,
            -0.7729408740997314,
            0.00572977215051651
        ],
        [
            0.08338744938373566,
            -0.7796260118484497,
            0.004972577095031738
        ],
        [
            0.08069673180580139,
            -0.7682384848594666,
            0.007284268736839294
        ],
        [
            0.07894664257764816,
            -0.7636485695838928,
            0.008219271898269653
        ],
        [
            0.07530047744512558,
            -0.7592438459396362,
            0.007576167583465576
        ],
        [
            0.06973423808813095,
            -0.7552711963653564,
            0.005388081073760986
        ],
        [
            0.06725966185331345,
            -0.7308745384216309,
            0.016058191657066345
        ],
        [
            0.07542597502470016,
            -0.7365883588790894,
            0.01834069937467575
        ],
        [
            0.07224926352500916,
            -0.8549351692199707,
            -0.011577792465686798
        ],
        [
            0.08115879446268082,
            -0.855000376701355,
            -0.009783819317817688
        ],
        [
            0.08260120451450348,
            -0.8475655317306519,
            -0.004042506217956543
        ],
        [
            0.08474110066890717,
            -0.8497720956802368,
            -0.004396915435791016
        ],
        [
            0.07858152687549591,
            -0.8508133888244629,
            -0.007327832281589508
        ],
        [
            0.07819076627492905,
            -0.8482362031936646,
            -0.005932211875915527
        ],
        [
            0.09813839942216873,
            -0.842524528503418,
            0.010781995952129364
        ],
        [
            0.09262663125991821,
            -0.8437281847000122,
            0.006555609405040741
        ],
        [
            0.09324891120195389,
            -0.8400278091430664,
            0.008569814264774323
        ],
        [
            0.10031051933765411,
            -0.8360103964805603,
            0.012172341346740723
        ],
        [
            0.08587099611759186,
            -0.8314201831817627,
            0.0027424097061157227
        ],
        [
            0.09027910977602005,
            -0.8331458568572998,
            0.005555205047130585
        ],
        [
            0.08584387600421906,
            -0.8394467830657959,
            0.0024390369653701782
        ],
        [
            0.0825301930308342,
            -0.8381339907646179,
            0.00044795870780944824
        ],
        [
            0.07873415946960449,
            -0.8372825384140015,
            -0.001317240297794342
        ],
        [
            0.07434578984975815,
            -0.8368298411369324,
            -0.0019719675183296204
        ],
        [
            0.07510305941104889,
            -0.8316346406936646,
            -0.0009719058871269226
        ],
        [
            0.08042525500059128,
            -0.8311898708343506,
            0.00042891502380371094
        ],
        [
            0.07193191349506378,
            -0.851540744304657,
            -0.0079788938164711
        ],
        [
            0.06466429680585861,
            -0.8501300811767578,
            -0.00693097710609436
        ],
        [
            0.06637264788150787,
            -0.8474348187446594,
            -0.006057530641555786
        ],
        [
            0.07237353175878525,
            -0.8484370708465576,
            -0.007201939821243286
        ],
        [
            0.05711497366428375,
            -0.8405414819717407,
            0.0001656860113143921
        ],
        [
            0.05804800987243652,
            -0.8429689407348633,
            -0.0011633038520812988
        ],
        [
            0.054223526269197464,
            -0.8441513180732727,
            -0.0020279735326766968
        ],
        [
            0.0538705550134182,
            -0.8396410942077637,
            -0.0007812380790710449
        ],
        [
            0.05639555677771568,
            -0.8368275165557861,
            -0.0008699297904968262
        ],
        [
            0.058504946529865265,
            -0.8389768600463867,
            -0.0002467706799507141
        ],
        [
            0.07012929767370224,
            -0.909202516078949,
            -0.008028142154216766
        ],
        [
            0.06619570404291153,
            -0.8921328186988831,
            -0.01492665708065033
        ],
        [
            0.08608701080083847,
            -0.905071496963501,
            0.003759510815143585
        ],
        [
            0.09818492084741592,
            -0.8960515856742859,
            0.015195854008197784
        ],
        [
            0.10725656151771545,
            -0.883895993232727,
            0.025842607021331787
        ],
        [
            0.09925390779972076,
            -0.7801488637924194,
            0.018046200275421143
        ],
        [
            0.10170365124940872,
            -0.7717994451522827,
            0.024869374930858612
        ],
        [
            0.11012301594018936,
            -0.7805066704750061,
            0.03569771349430084
        ],
        [
            0.10909242928028107,
            -0.7703452110290527,
            0.04123809188604355
        ],
        [
            0.10075927525758743,
            -0.7615469694137573,
            0.029734410345554352
        ],
        [
            0.08850801736116409,
            -0.742149293422699,
            0.035153210163116455
        ],
        [
            0.09635689854621887,
            -0.7508780360221863,
            0.03322894871234894
        ],
        [
            0.10526270419359207,
            -0.7601350545883179,
            0.047837793827056885
        ],
        [
            0.11356870085000992,
            -0.7742486596107483,
            0.061025068163871765
        ],
        [
            0.1151355430483818,
            -0.781550407409668,
            0.05230524390935898
        ],
        [
            0.1178344339132309,
            -0.791096568107605,
            0.07168039679527283
        ],
        [
            0.11006532609462738,
            -0.7663260698318481,
            0.07330910861492157
        ],
        [
            0.1156633198261261,
            -0.7904545068740845,
            0.08058919757604599
        ],
        [
            0.09675510972738266,
            -0.7295140027999878,
            0.07249069213867188
        ],
        [
            0.09949220716953278,
            -0.7184416055679321,
            0.07599471509456635
        ],
        [
            0.11078482121229172,
            -0.7257582545280457,
            0.08854840695858002
        ],
        [
            0.10867763310670853,
            -0.7371612787246704,
            0.08432883024215698
        ],
        [
            0.11510366201400757,
            -0.7891796231269836,
            0.04399079084396362
        ],
        [
            0.11245234310626984,
            -0.852009117603302,
            0.030653096735477448
        ],
        [
            0.10796446353197098,
            -0.8508812189102173,
            0.019868165254592896
        ],
        [
            0.11566824465990067,
            -0.839882493019104,
            0.03504904359579086
        ],
        [
            0.11076121032238007,
            -0.9137358665466309,
            0.04618505388498306
        ],
        [
            0.10267536342144012,
            -0.9066334962844849,
            0.030320055782794952
        ],
        [
            0.11214252561330795,
            -0.8929035663604736,
            0.03733988106250763
        ],
        [
            0.11693321168422699,
            -0.9011067748069763,
            0.05196060985326767
        ],
        [
            0.07995997369289398,
            -0.9460167288780212,
            0.03578522801399231
        ],
        [
            0.07591649144887924,
            -0.9303572773933411,
            0.012675002217292786
        ],
        [
            0.08845147490501404,
            -0.9205681085586548,
            0.020739354193210602
        ],
        [
            0.09471354633569717,
            -0.9330340623855591,
            0.039209894835948944
        ],
        [
            0.1201084703207016,
            -0.9031859636306763,
            0.06485813856124878
        ],
        [
            0.12267882376909256,
            -0.9061622619628906,
            0.08390110731124878
        ],
        [
            0.11778919398784637,
            -0.9221763610839844,
            0.08959352970123291
        ],
        [
            0.11390990018844604,
            -0.9207627773284912,
            0.06657417863607407
        ],
        [
            0.10465831309556961,
            -0.9420344233512878,
            0.09554743021726608
        ],
        [
            0.10087211430072784,
            -0.9410450458526611,
            0.06774045526981354
        ],
        [
            0.11417079716920853,
            -0.7766191959381104,
            0.09206527471542358
        ],
        [
            0.11585710942745209,
            -0.796332597732544,
            0.09319959580898285
        ],
        [
            0.10649144649505615,
            -0.7505250573158264,
            0.07784686237573624
        ],
        [
            0.1134922206401825,
            -0.7595252990722656,
            0.09309351444244385
        ],
        [
            0.08657918125391006,
            -0.9558084607124329,
            0.09978782385587692
        ],
        [
            0.08212850987911224,
            -0.9561668038368225,
            0.06790362298488617
        ],
        [
            0.11651203036308289,
            -0.8883053064346313,
            0.13493293523788452
        ],
        [
            0.11818724125623703,
            -0.9049176573753357,
            0.1255131959915161
        ],
        [
            0.12355189025402069,
            -0.8913511037826538,
            0.11020487546920776
        ],
        [
            0.12251586467027664,
            -0.877861499786377,
            0.12044934183359146
