{
    "pred_cam": [
        1.5152943134307861,
        -0.007964877411723137,
        0.3675200641155243
    ],
    "pred_smpl_params": {
        "global_orient": [
            [
                [
                    0.9827495813369751,
                    -0.021202750504016876,
                    -0.1837216168642044
                ],
                [
                    -0.0033357131760567427,
                    -0.9952769875526428,
                    0.09701872617006302
                ],
                [
                    -0.18491095304489136,
                    -0.09473227709531784,
                    -0.9781787395477295
                ]
            ]
        ],
        "body_pose": [
            [
                [
                    0.9913415908813477,
                    0.13117657601833344,
                    -0.005876198410987854
                ],
                [
                    -0.12959417700767517,
                    0.984628438949585,
                    0.11709903180599213
                ],
                [
                    0.02114652469754219,
                    -0.11532362550497055,
                    0.9931028485298157
                ]
            ],
            [
                [
                    0.9853330254554749,
                    -0.13049466907978058,
                    0.10995455086231232
                ],
                [
                    0.1253989040851593,
                    0.9907385110855103,
                    0.05207979679107666
                ],
                [
                    -0.1157323494553566,
                    -0.03752776235342026,
                    0.992571234703064
                ]
            ],
            [
                [
                    0.9960958957672119,
                    -0.06839637458324432,
                    -0.05581042543053627
                ],
                [
                    0.06487084925174713,
                    0.9959213137626648,
                    -0.06270938366651535
                ],
                [
                    0.059871893376111984,
                    0.058844100683927536,
                    0.9964700937271118
                ]
            ],
            [
                [
                    0.9867701530456543,
                    0.09337074309587479,
                    -0.13253967463970184
                ],
                [
                    -0.16197626292705536,
                    0.5326265692710876,
                    -0.8307061791419983
                ],
                [
                    -0.006969578098505735,
                    0.841184139251709,
                    0.5407038331031799
                ]
            ],
            [
                [
                    0.9809873104095459,
                    0.08069310337305069,
                    0.17650103569030762
                ],
                [
                    0.11461876332759857,
                    0.49300771951675415,
                    -0.862441897392273
                ],
                [
                    -0.15660950541496277,
                    0.8662747740745544,
                    0.4743853807449341
                ]
            ],
            [
                [
                    0.9987434148788452,
                    0.0008154449751600623,
                    -0.05010882765054703
                ],
                [
                    0.0023560384288430214,
                    0.9979981184005737,
                    0.06320023536682129
                ],
                [
                    0.05006004869937897,
                    -0.06323888152837753,
                    0.9967421293258667
                ]
            ],
            [
                [
                    0.9718272686004639,
                    -0.033150020986795425,
                    0.23335134983062744
                ],
                [
                    0.012575393542647362,
                    0.995942234992981,
                    0.0891118124127388
                ],
                [
                    -0.23535852134227753,
                    -0.08366680145263672,
                    0.9683007001876831
                ]
            ],
            [
                [
                    0.9674626588821411,
                    0.05738210305571556,
                    -0.2464209496974945
                ],
                [
                    -0.02713790163397789,
                    0.9918583035469055,
                    0.12442128360271454
                ],
                [
                    0.2515542209148407,
                    -0.11368560045957565,
                    0.9611430764198303
                ]
            ],
            [
                [
                    0.9989793300628662,
                    0.016883816570043564,
                    -0.04189564287662506
                ],
                [
                    -0.02003238908946514,
                    0.9969135522842407,
                    -0.07590856403112411
                ],
                [
                    0.0404847078025341,
                    0.07667035609483719,
                    0.9962342381477356
                ]
            ],
            [
                [
                    0.9945630431175232,
                    -0.06610391288995743,
                    -0.08046506345272064
                ],
                [
                    0.07885420322418213,
                    0.9827470779418945,
                    0.16730298101902008
                ],
                [
                    0.06801741570234299,
                    -0.17273837327957153,
                    0.9826164841651917
                ]
            ],
            [
                [
                    0.9897298216819763,
                    0.03928611800074577,
                    0.13744628429412842
                ],
                [
                    -0.06739888340234756,
                    0.9761618375778198,
                    0.20631395280361176
                ],
                [
                    -0.12606455385684967,
                    -0.21345879137516022,
                    0.9687843322753906
                ]
            ],
            [
                [
                    0.9672455787658691,
                    -0.06714078783988953,
                    0.2448023110628128
                ],
                [
                    0.030764596536755562,
                    0.9882834553718567,
                    0.14949700236320496
                ],
                [
                    -0.25197142362594604,
                    -0.13706906139850616,
                    0.957978367805481
                ]
            ],
            [
                [
                    0.929160475730896,
                    0.36852550506591797,
                    0.029150059446692467
                ],
                [
                    -0.36701488494873047,
                    0.9290435314178467,
                    -0.04667188227176666
                ],
                [
                    -0.04428144916892052,
                    0.032667163759469986,
                    0.9984849095344543
                ]
            ],
            [
                [
                    0.9408831596374512,
                    -0.33044856786727905,
                    -0.07444892823696136
                ],
                [
                    0.3270692825317383,
                    0.9434503316879272,
                    -0.05410242825746536
                ],
                [
                    0.08811694383621216,
                    0.026554105803370476,
                    0.9957560896873474
                ]
            ],
            [
                [
                    0.9803611636161804,
                    0.06189019978046417,
                    0.18724751472473145
                ],
                [
                    -0.030821779742836952,
                    0.985896646976471,
                    -0.16449274122714996
                ],
                [
                    -0.1947871744632721,
                    0.15549099445343018,
                    0.9684423208236694
                ]
            ],
            [
                [
                    0.5331866145133972,
                    0.8344013094902039,
                    -0.13959407806396484
                ],
                [
                    -0.8459651470184326,
                    0.5244119167327881,
                    -0.0966183990240097
                ],
                [
                    -0.007413722109049559,
                    0.16960737109184265,
                    0.9854838848114014
                ]
            ],
            [
                [
                    0.5150341391563416,
                    -0.8243674039840698,
                    0.2348577082157135
                ],
                [
                    0.8567434549331665,
                    0.503717303276062,
                    -0.11072240769863129
                ],
                [
                    -0.027025939896702766,
                    0.25823864340782166,
                    0.9657029509544373
                ]
            ],
            [
                [
                    0.906502366065979,
                    -0.12079589068889618,
                    -0.40455132722854614
                ],
                [
                    0.030095860362052917,
                    0.9742472171783447,
                    -0.22346501052379608
                ],
                [
                    0.42112666368484497,
                    0.1903962343931198,
                    0.8867928385734558
                ]
            ],
            [
                [
                    0.80681312084198,
                    0.14412596821784973,
                    0.572957456111908
                ],
                [
                    -0.0007341325981542468,
                    0.9700321555137634,
                    -0.24297532439231873
                ],
                [
                    -0.590806245803833,
                    0.19561506807804108,
                    0.7827404737472534
                ]
            ],
            [
                [
                    0.9999045729637146,
                    0.013711211271584034,
                    -0.0016981103690341115
                ],
                [
                    -0.013811234384775162,
                    0.988766610622406,
                    -0.14882823824882507
                ],
                [
                    -0.0003615806926973164,
                    0.14883747696876526,
                    0.988861620426178
                ]
            ],
            [
                [
                    0.999610185623169,
                    -0.025495748966932297,
                    -0.011375769041478634
                ],
                [
                    0.024514848366379738,
                    0.9965471029281616,
                    -0.07932856678962708
                ],
                [
                    0.013359029777348042,
                    0.07901877164840698,
                    0.9967836737632751
                ]
            ],
            [
                [
                    0.9701986312866211,
                    0.23273460566997528,
                    -0.06744732707738876
                ],
                [
                    -0.21857725083827972,
                    0.9607266783714294,
                    0.17096272110939026
                ],
                [
                    0.10458739101886749,
                    -0.15112535655498505,
                    0.9829661846160889
                ]
            ],
            [
                [
                    0.9707048535346985,
                    -0.23114830255508423,
                    0.06559374928474426
                ],
                [
                    0.21806569397449493,
                    0.9621486067771912,
                    0.1634545773267746
                ],
                [
                    -0.10089319199323654,
                    -0.1443624049425125,
                    0.984367847442627
                ]
            ]
        ],
        "betas": [
            -0.0731956958770752,
            0.22118374705314636,
            0.2732573449611664,
            -0.002710103988647461,
            0.022542446851730347,
            0.10982096940279007,
            0.02644062042236328,
            -0.13419991731643677,
            0.13953626155853271,
            -0.204292893409729
        ]
    },
    "pred_cam_t": [
        -0.007964877411723137,
        0.3675200641155243,
        25.778820037841797
    ],
    "focal_length": [
        5000.0,
        5000.0
    ],
    "pred_keypoints_3d": [
        [
            -0.031028935685753822,
            -0.8438237905502319,
            -0.16203470528125763
        ],
        [
            -0.02847716212272644,
            -0.7354580760002136,
            -0.0009556431323289871
        ],
        [
            -0.18214835226535797,
            -0.6386236548423767,
            0.08358533680438995
        ],
        [
            -0.18913352489471436,
            -0.39907610416412354,
            0.16776713728904724
        ],
        [
            -0.23681406676769257,
            -0.1645628809928894,
            0.08096422255039215
        ],
        [
            0.1446373164653778,
            -0.6469023823738098,
            -0.04191272705793381
        ],
        [
            0.2178485095500946,
            -0.406361848115921,
            0.02573884278535843
        ],
        [
            0.24820604920387268,
            -0.16897304356098175,
            -0.03965546190738678
        ],
        [
            -0.0017160181887447834,
            -0.22327250242233276,
            0.02689242735505104
        ],
        [
            -0.06501388549804688,
            -0.1332653909921646,
            0.05301256477832794
        ],
        [
            -0.04777073860168457,
            0.2502027153968811,
            0.07709962129592896
        ],
        [
            -0.021436383947730064,
            0.3934270739555359,
            0.44956350326538086
        ],
        [
            0.06978283822536469,
            -0.1330491602420807,
            0.030432458966970444
        ],
        [
            0.05537058785557747,
            0.2434379756450653,
            0.029734114184975624
        ],
        [
            0.05780276656150818,
            0.41659098863601685,
            0.3899517059326172
        ],
        [
            -0.07026646286249161,
            -0.8822245597839355,
            -0.13370564579963684
        ],
        [
            -0.0044841342605650425,
            -0.8884487152099609,
            -0.12812015414237976
        ],
        [
            -0.11719277501106262,
            -0.8644285202026367,
            -0.042295340448617935
        ],
        [
            0.02581028640270233,
            -0.8790023922920227,
            -0.033164605498313904
        ],
        [
            0.028181567788124084,
            0.5976046919822693,
            0.31708014011383057
        ],
        [
            0.10151666402816772,
            0.571467399597168,
            0.34492841362953186
        ],
        [
            0.07665586471557617,
            0.39040499925613403,
            0.4528783857822418
        ],
        [
            0.0030318722128868103,
            0.5724464654922485,
            0.3792799413204193
        ],
        [
            -0.07445589452981949,
            0.5490862727165222,
            0.40758728981018066
        ],
        [
            -0.0304265096783638,
            0.3717387020587921,
            0.5194154977798462
        ],
        [
            -0.05041118711233139,
            0.34967032074928284,
            0.4194585084915161
        ],
        [
            -0.05263474956154823,
            0.1948755830526352,
            0.06075787544250488
        ],
        [
            -0.14536885917186737,
            -0.25219017267227173,
            0.0573495551943779
        ],
        [
            0.14645424485206604,
            -0.24005678296089172,
            0.01923571154475212
        ],
        [
            0.06980828940868378,
            0.2088433802127838,
            0.018011344596743584
        ],
        [
            0.0727396309375763,
            0.37793368101119995,
            0.37408602237701416
        ],
        [
            -0.22957894206047058,
            -0.19274072349071503,
            0.059205591678619385
        ],
        [
            -0.2240644097328186,
            -0.4151134490966797,
            0.15311041474342346
        ],
        [
            -0.153609037399292,
            -0.6696276068687439,
            0.06645738333463669
        ],
        [
            0.11852682381868362,
            -0.6801984310150146,
            -0.027772128582000732
        ],
        [
            0.2363899052143097,
            -0.4270552396774292,
            -0.016863979399204254
        ],
        [
            0.24421833455562592,
            -0.18519404530525208,
            -0.05124850571155548
        ],
        [
            -0.024741878733038902,
            -0.7308516502380371,
            -8.361833170056343e-05
        ],
        [
            -0.0455072857439518,
            -0.924331784248352,
            -0.05249009281396866
        ],
        [
            0.0011033052578568459,
            -0.2466667890548706,
            0.03839126229286194
        ],
        [
            -0.019911300390958786,
            -0.673528790473938,
            0.015263525769114494
        ],
        [
            -0.007172088138759136,
            -0.4949835538864136,
            0.0352388359606266
        ],
        [
            -0.028885439038276672,
            -0.8181707262992859,
            -0.08436385542154312
        ],
        [
            -0.05183735489845276,
            -0.9430976510047913,
            -0.04407474771142006
        ]
    ],
    "pred_vertices": [
        [
            0.0023786649107933044,
            -0.9353522062301636,
            -0.12822000682353973
        ],
        [
            -0.0021671680733561516,
            -0.9209474921226501,
            -0.1343873143196106
        ],
        [
            0.0080150431022048,
            -0.9181010723114014,
            -0.12480473518371582
        ],
        [
            0.012175654992461205,
            -0.9292185306549072,
            -0.11518193781375885
        ],
        [
            0.005649467930197716,
            -0.9089025259017944,
            -0.13072839379310608
        ],
        [
            -0.0036074360832571983,
            -0.909205436706543,
            -0.1383790820837021
        ],
        [
            0.014437269419431686,
            -0.9124685525894165,
            -0.11391893774271011
        ],
        [
            0.018090538680553436,
            -0.9201520085334778,
            -0.10306806862354279
        ],
        [
            0.022913547232747078,
            -0.8777258992195129,
            -0.10224112868309021
        ],
        [
            0.026516743004322052,
            -0.8734292984008789,
            -0.09272074699401855
        ],
        [
            0.02500808984041214,
            -0.8850772976875305,
            -0.09416332840919495
        ],
        [
            0.020640205591917038,
            -0.8859708309173584,
            -0.10321049392223358
        ],
        [
            0.023796431720256805,
            -0.8517469167709351,
            -0.09929221868515015
        ],
        [
            0.018992703408002853,
            -0.842162549495697,
            -0.10789499431848526
        ],
        [
            0.020979762077331543,
            -0.8331930041313171,
            -0.09834042191505432
        ],
        [
            0.024375006556510925,
            -0.842157244682312,
            -0.08893533796072006
        ],
        [
            -0.011430976912379265,
            -0.8535218834877014,
            -0.13350020349025726
        ],
        [
            -0.005849860608577728,
            -0.8474912643432617,
            -0.13187327980995178
        ],
        [
            -0.002680031582713127,
            -0.8544408679008484,
            -0.13060405850410461
        ],
        [
            -0.009017271921038628,
            -0.8596194982528687,
            -0.1320124864578247
        ],
        [
            -0.020742032676935196,
            -0.8620625734329224,
            -0.14076955616474152
        ],
        [
            -0.02051778882741928,
            -0.8676183223724365,
            -0.1373351812362671
        ],
        [
            -0.024985644966363907,
            -0.8711827993392944,
            -0.14289140701293945
        ],
        [
            -0.024313263595104218,
            -0.8649516105651855,
            -0.1472110003232956
        ],
        [
            -0.016202561557292938,
            -0.847753643989563,
            -0.134232759475708
        ],
        [
            -0.010344704613089561,
            -0.8416229486465454,
            -0.13210734724998474
        ],
        [
            -0.016196157783269882,
            -0.8587484955787659,
            -0.13573330640792847
        ],
        [
            -0.017699632793664932,
            -0.8536651134490967,
            -0.13816581666469574
        ],
        [
            -0.01901973783969879,
            -0.8476073741912842,
            -0.14864876866340637
        ],
        [
            -0.018083035945892334,
            -0.8523894548416138,
            -0.14704592525959015
        ],
        [
            -0.020792875438928604,
            -0.853254497051239,
            -0.15429729223251343
        ],
        [
            -0.02162127010524273,
            -0.8476231098175049,
            -0.15378202497959137
        ],
        [
            -0.017182456329464912,
            -0.8468406200408936,
            -0.13928008079528809
        ],
        [
            -0.016604354605078697,
            -0.8498282432556152,
            -0.14203017950057983
        ],
        [
            -0.01846426911652088,
            -0.8459785580635071,
            -0.14456135034561157
        ],
        [
            -0.020006712526082993,
            -0.8436349034309387,
            -0.14146943390369415
        ],
        [
            -0.02068372443318367,
            -0.8576210737228394,
            -0.14370793104171753
        ],
        [
            -0.022924885153770447,
            -0.8594788312911987,
            -0.15092945098876953
        ],
        [
            -0.02626129984855652,
            -0.8606975078582764,
            -0.15821975469589233
        ],
        [
            -0.02430909499526024,
            -0.8523821830749512,
            -0.1614653617143631
        ],
        [
            0.005005836486816406,
            -0.8349348902702332,
            -0.12461432069540024
        ],
        [
            0.00015551503747701645,
            -0.8413776159286499,
            -0.12934660911560059
        ],
        [
            -0.004511344246566296,
            -0.8360678553581238,
            -0.12991470098495483
        ],
        [
            0.00017916783690452576,
            -0.8309566974639893,
            -0.12662097811698914
        ],
        [
            -0.019124269485473633,
            -0.8406662940979004,
            -0.13787810504436493
        ],
        [
            -0.014469891786575317,
            -0.8251166343688965,
            -0.13768017292022705
        ],
        [
            -0.014454148709774017,
            -0.8289639949798584,
            -0.1377805471420288
        ],
        [
            -0.019981123507022858,
            -0.8293596506118774,
            -0.14227190613746643
        ],
        [
            -0.019405880942940712,
            -0.8258097171783447,
            -0.1419125348329544
        ],
        [
            0.00981812085956335,
            -0.821021318435669,
            -0.11523598432540894
        ],
        [
            0.0047834450379014015,
            -0.8195257186889648,
            -0.12004737555980682
        ],
        [
            0.0052908314391970634,
            -0.812680721282959,
            -0.11737918853759766
        ],
        [
            0.009579397737979889,
            -0.8128368854522705,
            -0.11139959841966629
        ],
        [
            0.0030471934005618095,
            -0.8068301677703857,
            -0.11644168943166733
        ],
        [
            0.00821525789797306,
            -0.8048719167709351,
            -0.108279287815094
        ],
        [
            0.00020483043044805527,
            -0.7898238897323608,
            -0.10917426645755768
        ],
        [
            0.004408484324812889,
            -0.7965226173400879,
            -0.10850635170936584
        ],
        [
            -0.0003789244219660759,
            -0.8008743524551392,
            -0.11725616455078125
        ],
        [
            -0.004765084479004145,
            -0.795112669467926,
            -0.1208360344171524
        ],
        [
            -0.01557045429944992,
            -0.7986340522766113,
            -0.13063448667526245
        ],
        [
            -0.020736612379550934,
            -0.7969470024108887,
            -0.13375647366046906
        ],
        [
            -0.015970168635249138,
            -0.7852057218551636,
            -0.13090021908283234
        ],
        [
            -0.010397572070360184,
            -0.7893602848052979,
            -0.1263604760169983
        ],
        [
            -0.014741155318915844,
            -0.819756031036377,
            -0.13327908515930176
        ],
        [
            -0.011321937665343285,
            -0.820183277130127,
            -0.1300714761018753
        ],
        [
            -0.010823567397892475,
            -0.8216729164123535,
            -0.13234202563762665
        ],
        [
            -0.014433354139328003,
            -0.822356104850769,
            -0.13607271015644073
        ],
        [
            -0.008182482793927193,
            -0.8203596472740173,
            -0.12766598165035248
        ],
        [
            -0.006665659602731466,
            -0.8202580213546753,
            -0.12669765949249268
        ],
        [
            -0.006745087448507547,
            -0.8214894533157349,
            -0.12800900638103485
        ],
        [
            -0.00809478759765625,
            -0.8210626840591431,
            -0.12846536934375763
        ],
        [
            -0.009878254495561123,
            -0.8205199241638184,
            -0.12929557263851166
        ],
        [
            -0.010691523551940918,
            -0.8185227513313293,
            -0.129768505692482
        ],
        [
            -0.008903209120035172,
            -0.8194935321807861,
            -0.1282486468553543
        ],
        [
            -0.013675207272171974,
            -0.8173500299453735,
            -0.13293148577213287
        ],
        [
            -0.02497047744691372,
            -0.8134943842887878,
            -0.14171716570854187
        ],
        [
            -0.02125084400177002,
            -0.8147631883621216,
            -0.13996681571006775
        ],
        [
            -0.02298997901380062,
            -0.8189594149589539,
            -0.13934698700904846
        ],
        [
            -0.026258382946252823,
            -0.8181316256523132,
            -0.14084571599960327
        ],
        [
            -0.008323024027049541,
            -0.822685956954956,
            -0.13028287887573242
        ],
        [
            -0.005934178829193115,
            -0.8249484896659851,
            -0.1292400062084198
        ],
        [
            -0.009217260405421257,
            -0.8272890448570251,
            -0.1331239491701126
        ],
        [
            -0.010246514342725277,
            -0.8244061470031738,
            -0.13274239003658295
        ],
        [
            -0.003397716674953699,
            -0.8271352648735046,
            -0.1287405788898468
        ],
        [
            -0.004706535954028368,
            -0.8229087591171265,
            -0.1270732432603836
        ],
        [
            -0.002100212499499321,
            -0.8235961198806763,
            -0.12602567672729492
        ],
        [
            -0.007134413346648216,
            -0.8185054063796997,
            -0.12671208381652832
        ],
        [
            -0.00469385227188468,
            -0.8171544075012207,
            -0.12475835531949997
        ],
        [
            -0.004092990420758724,
            -0.8198001384735107,
            -0.1257738322019577
        ],
        [
            -0.006336212623864412,
            -0.8137533664703369,
            -0.12551581859588623
        ],
        [
            -0.009226469323039055,
            -0.8163967132568359,
            -0.12809929251670837
        ],
        [
            -0.012092150747776031,
            -0.8142313957214355,
            -0.13121932744979858
        ],
        [
            -0.01594218984246254,
            -0.8121304512023926,
            -0.1352156400680542
        ],
        [
            -0.013738502748310566,
            -0.8076121211051941,
            -0.13175782561302185
        ],
        [
            -0.009415248408913612,
            -0.8104355931282043,
            -0.12818294763565063
        ],
        [
            -0.00784510187804699,
            -0.8309528827667236,
            -0.13211804628372192
        ],
        [
            -0.0003018137067556381,
            -0.819621741771698,
            -0.12323809415102005
        ],
        [
            0.0027802828699350357,
            -0.826175332069397,
            -0.12306537479162216
        ],
        [
            -0.00033030472695827484,
            -0.8148749470710754,
            -0.12202554941177368
        ],
        [
            -0.002157120034098625,
            -0.8102636337280273,
            -0.1219339445233345
        ],
        [
            -0.005734912119805813,
            -0.8058774471282959,
            -0.12358184158802032
        ],
        [
            -0.010379629209637642,
            -0.8018877506256104,
            -0.12726259231567383
        ],
        [
            -0.014606553129851818,
            -0.776764988899231,
            -0.11921065300703049
        ],
        [
            -0.007263454142957926,
            -0.7824704647064209,
            -0.11488457769155502
        ],
        [
            -0.005196420941501856,
            -0.9020782709121704,
            -0.13580016791820526
        ],
        [
            0.002953454852104187,
            -0.901596188545227,
            -0.1321590095758438
        ],
        [
            0.003581649623811245,
            -0.8939625024795532,
            -0.12696191668510437
        ],
        [
            0.005377647466957569,
            -0.8970862627029419,
            -0.12660786509513855
        ],
        [
            0.00022310391068458557,
            -0.8973667025566101,
            -0.1306079924106598
        ],
        [
            -5.658436566591263e-05,
            -0.8945436477661133,
            -0.12984052300453186
        ],
        [
            0.015398955903947353,
            -0.8876451253890991,
            -0.10992017388343811
        ],
        [
            0.011195988394320011,
            -0.8890683650970459,
            -0.11519207060337067
        ],
        [
            0.011477405205368996,
            -0.8853104710578918,
            -0.11342907696962357
        ],
        [
            0.017334282398223877,
            -0.8812636137008667,
            -0.10876461118459702
        ],
        [
            0.005623679608106613,
            -0.8770495653152466,
            -0.12111486494541168
        ],
        [
            0.009244137443602085,
            -0.8786982297897339,
            -0.11738435924053192
        ],
        [
            0.005599058233201504,
            -0.8850531578063965,
            -0.12081214040517807
        ],
        [
            0.0029753409326076508,
            -0.8838984966278076,
            -0.12357471883296967
        ],
        [
            -0.00036828499287366867,
            -0.8830691576004028,
            -0.126029372215271
        ],
        [
            -0.004450453445315361,
            -0.8827399611473083,
            -0.12760499119758606
        ],
        [
            -0.0038511520251631737,
            -0.8772969245910645,
            -0.12698329985141754
        ],
        [
            0.0009677931666374207,
            -0.8768485188484192,
            -0.1245310828089714
        ],
        [
            -0.005901714786887169,
            -0.8979998826980591,
            -0.13288827240467072
        ],
        [
            -0.013101715594530106,
            -0.8966367244720459,
            -0.13344714045524597
        ],
        [
            -0.011504449881613255,
            -0.8936426043510437,
            -0.1325950175523758
        ],
        [
            -0.005386736243963242,
            -0.8947240114212036,
            -0.13240042328834534
        ],
        [
            -0.02155500091612339,
            -0.8862772583961487,
            -0.12861362099647522
        ],
        [
            -0.020404037088155746,
            -0.8888599276542664,
            -0.12962540984153748
        ],
        [
            -0.02375430427491665,
            -0.8899974822998047,
            -0.13145627081394196
        ],
        [
            -0.024381566792726517,
            -0.8853996396064758,
            -0.13044866919517517
        ],
        [
            -0.022034544497728348,
            -0.8824834823608398,
            -0.13007037341594696
        ],
        [
            -0.02016470953822136,
            -0.8846578598022461,
            -0.12880536913871765
        ],
        [
            -0.008063233457505703,
            -0.9562894105911255,
            -0.12789574265480042
        ],
        [
            -0.011351056396961212,
            -0.9387915134429932,
            -0.1366988867521286
        ],
        [
            0.00536406971514225,
            -0.9504212141036987,
            -0.11336452513933182
        ],
        [
            0.014431525021791458,
            -0.9408918023109436,
            -0.10083433985710144
        ],
        [
            0.021198472008109093,
            -0.927942156791687,
            -0.09050257503986359
        ],
        [
            0.015537467785179615,
            -0.8259065747261047,
            -0.10759341716766357
        ],
        [
            0.016550011932849884,
            -0.8171588778495789,
            -0.10127842426300049
        ],
        [
            0.022143177688121796,
            -0.8247438669204712,
            -0.08887561410665512
        ],
        [
            0.02016860619187355,
            -0.8144463300704956,
            -0.08436122536659241
        ],
        [
            0.014633877202868462,
            -0.8067328929901123,
            -0.09752336144447327
        ],
        [
            0.0018674861639738083,
            -0.7871736288070679,
            -0.09601330757141113
        ],
        [
            0.00999089889228344,
            -0.7960618138313293,
            -0.09600214660167694
        ],
        [
            0.015463044866919518,
            -0.8040167093276978,
            -0.07982110977172852
        ],
        [
            0.020779911428689957,
            -0.817031741142273,
            -0.06459452211856842
        ],
        [
            0.023601483553647995,
            -0.8242039680480957,
            -0.07173071801662445
        ],
        [
            0.022096117958426476,
            -0.8327065110206604,
            -0.052218493074178696
        ],
        [
            0.014329066500067711,
            -0.809806227684021,
            -0.054925017058849335
        ],
        [
            0.017695067450404167,
            -0.8319272398948669,
            -0.04495196044445038
        ],
        [
            -0.00023102294653654099,
            -0.7740318775177002,
            -0.060590341687202454
        ],
        [
            0.001960587687790394,
            -0.7628606557846069,
            -0.0575408935546875
        ],
        [
            0.013944593258202076,
            -0.7712653279304504,
            -0.046076320111751556
        ],
        [
            0.011565815657377243,
            -0.7823590040206909,
            -0.0484294667840004
        ],
        [
            0.025136146694421768,
            -0.8328826427459717,
            -0.07922875881195068
        ],
        [
            0.024830929934978485,
            -0.8964734077453613,
            -0.08673899620771408
        ],
        [
            0.022189006209373474,
            -0.8956143856048584,
            -0.09778580069541931
        ],
        [
            0.026869414374232292,
            -0.8833845257759094,
            -0.08285023272037506
        ],
        [
            0.020240433514118195,
            -0.9553390145301819,
            -0.06835825741291046
        ],
        [
            0.017915628850460052,
            -0.9507604837417603,
            -0.08605222404003143
        ],
        [
            0.024623824283480644,
            -0.935332179069519,
            -0.07829174399375916
        ],
        [
            0.026299847289919853,
            -0.9418905973434448,
            -0.06262116134166718
        ],
        [
            -0.007822053506970406,
            -0.9875971078872681,
            -0.08097036182880402
        ],
        [
            -0.005758891813457012,
            -0.9750367403030396,
            -0.1061791256070137
        ],
        [
            0.00557875819504261,
            -0.9641153216362,
            -0.09686459600925446
        ],
        [
            0.006076915189623833,
            -0.9742438793182373,
            -0.07624174654483795
        ],
        [
            0.026560373604297638,
            -0.9436875581741333,
            -0.04917024075984955
        ],
        [
            0.024896007031202316,
            -0.944916844367981,
            -0.030834011733531952
        ],
        [
            0.01907738856971264,
            -0.9598514437675476,
            -0.024385973811149597
        ],
        [
            0.019201599061489105,
            -0.960294783115387,
            -0.04701334238052368
        ],
        [
            0.004602290689945221,
            -0.9791970252990723,
            -0.01931404322385788
        ],
        [
            0.006024666130542755,
            -0.980208158493042,
            -0.04694223031401634
        ],
        [
            0.016164448112249374,
            -0.8191572427749634,
            -0.035899631679058075
        ],
        [
            0.015480386093258858,
            -0.8369653224945068,
            -0.03279987350106239
        ],
        [
            0.00965377502143383,
            -0.7949879169464111,
            -0.05300197750329971
        ],
        [
            0.01657979190349579,
            -0.803526759147644,
            -0.037524595856666565
        ],
        [
            -0.014807184226810932,
            -0.9923945069313049,
            -0.016514793038368225
        ],
        [
            -0.012467952445149422,
            -0.9950757026672363,
            -0.04891122132539749
        ],
        [
            0.011044798418879509,
            -0.9222471714019775,
            0.016328580677509308
        ],
        [
            0.012646844610571861,
            -0.9400646090507507,
