{
    "pred_cam": [
        1.5757265090942383,
        -0.00914209894835949,
        0.3798515796661377
    ],
    "pred_smpl_params": {
        "global_orient": [
            [
                [
                    0.9871213436126709,
                    0.01222154125571251,
                    -0.1595052182674408
                ],
                [
                    0.023491334170103073,
                    -0.9973427057266235,
                    0.06896156072616577
                ],
                [
                    -0.15823854506015778,
                    -0.07182043045759201,
                    -0.9847853779792786
                ]
            ]
        ],
        "body_pose": [
            [
                [
                    0.9959046244621277,
                    0.08910705894231796,
                    -0.015291995368897915
                ],
                [
                    -0.08596210926771164,
                    0.9856667518615723,
                    0.14516042172908783
                ],
                [
                    0.0280076302587986,
                    -0.1432514190673828,
                    0.9892898797988892
                ]
            ],
            [
                [
                    0.9887859225273132,
                    -0.13201087713241577,
                    0.06982618570327759
                ],
                [
                    0.12785716354846954,
                    0.9899174571037292,
                    0.06095869839191437
                ],
                [
                    -0.07716937363147736,
                    -0.051347315311431885,
                    0.9956949949264526
                ]
            ],
            [
                [
                    0.9989733695983887,
                    -0.03010806068778038,
                    -0.03384731709957123
                ],
                [
                    0.02761259861290455,
                    0.9970280528068542,
                    -0.07192101329565048
                ],
                [
                    0.035912126302719116,
                    0.07091256976127625,
                    0.9968358278274536
                ]
            ],
            [
                [
                    0.988978922367096,
                    0.05915042757987976,
                    -0.13572736084461212
                ],
                [
                    -0.14589019119739532,
                    0.5455695986747742,
                    -0.8252696394920349
                ],
                [
                    0.025233684107661247,
                    0.8359755277633667,
                    0.5481863021850586
                ]
            ],
            [
                [
                    0.9837947487831116,
                    0.036557573825120926,
                    0.17553181946277618
                ],
                [
                    0.13333462178707123,
                    0.5053611397743225,
                    -0.8525444865226746
                ],
                [
                    -0.11987389624118805,
                    0.862133264541626,
                    0.4922972321510315
                ]
            ],
            [
                [
                    0.9992706775665283,
                    0.012983337976038456,
                    -0.03590906411409378
                ],
                [
                    -0.010602048598229885,
                    0.9977812767028809,
                    0.06572747230529785
                ],
                [
                    0.03668275475502014,
                    -0.06529883295297623,
                    0.9971912503242493
                ]
            ],
            [
                [
                    0.969657301902771,
                    -0.015946974977850914,
                    0.24394744634628296
                ],
                [
                    -0.0039689186960458755,
                    0.996711790561676,
                    0.08093143254518509
                ],
                [
                    -0.2444358915090561,
                    -0.07944396883249283,
                    0.9664055705070496
                ]
            ],
            [
                [
                    0.9675617218017578,
                    0.08070225268602371,
                    -0.23939786851406097
                ],
                [
                    -0.045988887548446655,
                    0.9880368709564209,
                    0.1472012847661972
                ],
                [
                    0.24841336905956268,
                    -0.1314167082309723,
                    0.9596980810165405
                ]
            ],
            [
                [
                    0.9992669224739075,
                    0.014248650521039963,
                    -0.03553358092904091
                ],
                [
                    -0.01670309156179428,
                    0.9974237680435181,
                    -0.06976239383220673
                ],
                [
                    0.03444802016019821,
                    0.0703047662973404,
                    0.9969305992126465
                ]
            ],
            [
                [
                    0.9918923377990723,
                    -0.07551094144582748,
                    -0.10221413522958755
                ],
                [
                    0.09125205874443054,
                    0.9830003976821899,
                    0.15932174026966095
                ],
                [
                    0.0884459912776947,
                    -0.16735725104808807,
                    0.9819210767745972
                ]
            ],
            [
                [
                    0.9938082695007324,
                    0.02256632223725319,
                    0.1087932288646698
                ],
                [
                    -0.04318808391690254,
                    0.9806176424026489,
                    0.19111235439777374
                ],
                [
                    -0.10237184166908264,
                    -0.19462759792804718,
                    0.9755204916000366
                ]
            ],
            [
                [
                    0.9810600280761719,
                    -0.05459843575954437,
                    0.18584983050823212
                ],
                [
                    0.021109215915203094,
                    0.9838747382164001,
                    0.17760904133319855
                ],
                [
                    -0.19255012273788452,
                    -0.1703220009803772,
                    0.9663926959037781
                ]
            ],
            [
                [
                    0.9193692207336426,
                    0.39207419753074646,
                    0.03221839666366577
                ],
                [
                    -0.3907185196876526,
                    0.9195835590362549,
                    -0.04129311814904213
                ],
                [
                    -0.04581747576594353,
                    0.025375299155712128,
                    0.9986274838447571
                ]
            ],
            [
                [
                    0.9305964708328247,
                    -0.36131757497787476,
                    -0.058649640530347824
                ],
                [
                    0.35909733176231384,
                    0.9322072267532349,
                    -0.045152705162763596
                ],
                [
                    0.07098808884620667,
                    0.02095802128314972,
                    0.9972569346427917
                ]
            ],
            [
                [
                    0.9878209829330444,
                    0.0506400540471077,
                    0.14712339639663696
                ],
                [
                    -0.02437279187142849,
                    0.9842429757118225,
                    -0.17513306438922882
                ],
                [
                    -0.1536739319562912,
                    0.16941431164741516,
                    0.9734901189804077
                ]
            ],
            [
                [
                    0.586524486541748,
                    0.800361156463623,
                    -0.12414088100194931
                ],
                [
                    -0.8099103569984436,
                    0.5784739255905151,
                    -0.09702067077159882
                ],
                [
                    -0.0058393110521137714,
                    0.15744800865650177,
                    0.9875099062919617
                ]
            ],
            [
                [
                    0.5422905087471008,
                    -0.8136640787124634,
                    0.20945602655410767
                ],
                [
                    0.8395545482635498,
                    0.5344732403755188,
                    -0.09739868342876434
                ],
                [
                    -0.032698843628168106,
                    0.22866813838481903,
                    0.9729551076889038
                ]
            ],
            [
                [
                    0.930763840675354,
                    -0.11331957578659058,
                    -0.34761667251586914
                ],
                [
                    0.05244744196534157,
                    0.9823057651519775,
                    -0.17979079484939575
                ],
                [
                    0.36183962225914,
                    0.14911116659641266,
                    0.9202380180358887
                ]
            ],
            [
                [
                    0.858791708946228,
                    0.1301335245370865,
                    0.49552199244499207
                ],
                [
                    -0.020410101860761642,
                    0.9751250743865967,
                    -0.22071360051631927
                ],
                [
                    -0.5119181871414185,
                    0.17943336069583893,
                    0.8400853872299194
                ]
            ],
            [
                [
                    0.9993832111358643,
                    0.03380666300654411,
                    0.009510076604783535
                ],
                [
                    -0.03213263675570488,
                    0.9895123839378357,
                    -0.14082872867584229
                ],
                [
                    -0.014171287417411804,
                    0.14043626189231873,
                    0.989988386631012
                ]
            ],
            [
                [
                    0.9986702799797058,
                    -0.047663766890764236,
                    -0.019642695784568787
                ],
                [
                    0.04582410678267479,
                    0.9952970147132874,
                    -0.0853465273976326
                ],
                [
                    0.02361825294792652,
                    0.08433292806148529,
                    0.996157705783844
                ]
            ],
            [
                [
                    0.9704736471176147,
                    0.22982843220233917,
                    -0.07321116328239441
                ],
                [
                    -0.21519692242145538,
                    0.9620805382728577,
                    0.16760461032390594
                ],
                [
                    0.10895533859729767,
                    -0.14690102636814117,
                    0.9831321835517883
                ]
            ],
            [
                [
                    0.972223699092865,
                    -0.2236935943365097,
                    0.0688641369342804
                ],
                [
                    0.2103518843650818,
                    0.9641097784042358,
                    0.1620015650987625
                ],
                [
                    -0.10263129323720932,
                    -0.143016055226326,
                    0.9843847155570984
                ]
            ]
        ],
        "betas": [
            -0.06645539402961731,
            0.1847478300333023,
            0.14230772852897644,
            -0.05142548680305481,
            0.016358375549316406,
            0.0982528105378151,
            -0.011705994606018066,
            -0.10986000299453735,
            0.14737266302108765,
            -0.16953086853027344
        ]
    },
    "pred_cam_t": [
        -0.00914209894835949,
        0.3798515796661377,
        24.790151596069336
    ],
    "focal_length": [
        5000.0,
        5000.0
    ],
    "pred_keypoints_3d": [
        [
            0.010659214109182358,
            -0.8464546203613281,
            -0.15212738513946533
        ],
        [
            0.005233217030763626,
            -0.7337576150894165,
            0.005595782771706581
        ],
        [
            -0.1618524044752121,
            -0.6441864967346191,
            0.07610982656478882
        ],
        [
            -0.19336628913879395,
            -0.4031001031398773,
            0.15142957866191864
        ],
        [
            -0.259439080953598,
            -0.16841715574264526,
            0.07659135013818741
        ],
        [
            0.17446796596050262,
            -0.6310191750526428,
            -0.02306491509079933
        ],
        [
            0.23356780409812927,
            -0.38538384437561035,
            0.04208598658442497
        ],
        [
            0.2732051610946655,
            -0.14713916182518005,
            -0.01690659299492836
        ],
        [
            -0.001709486823529005,
            -0.22232851386070251,
            0.027111949399113655
        ],
        [
            -0.06849855929613113,
            -0.13397172093391418,
            0.0492672324180603
        ],
        [
            -0.06363176554441452,
            0.25053608417510986,
            0.060972411185503006
        ],
        [
            -0.01952812820672989,
            0.40978074073791504,
            0.42561104893684387
        ],
        [
            0.06683000177145004,
            -0.13003109395503998,
            0.030318934470415115
        ],
        [
            0.054874274879693985,
            0.24598903954029083,
            0.007271654903888702
        ],
        [
            0.06369820237159729,
            0.4472648799419403,
            0.3529454469680786
        ],
        [
            -0.02438175678253174,
            -0.8873565196990967,
            -0.12178574502468109
        ],
        [
            0.04180976748466492,
            -0.8876564502716064,
            -0.11792190372943878
        ],
        [
            -0.07027582824230194,
            -0.87153160572052,
            -0.029611151665449142
        ],
        [
            0.07361067086458206,
            -0.8731411099433899,
            -0.02379734069108963
        ],
        [
            0.036970384418964386,
            0.6231374144554138,
            0.2677198648452759
        ],
        [
            0.1103731095790863,
            0.5984638333320618,
            0.29758313298225403
        ],
        [
            0.08209064602851868,
            0.42521899938583374,
            0.41769927740097046
        ],
        [
            -0.0031218864023685455,
            0.5855653285980225,
            0.3426835238933563
        ],
        [
            -0.07807181775569916,
            0.5614699721336365,
            0.37688273191452026
        ],
        [
            -0.025094106793403625,
            0.39192450046539307,
            0.4965817332267761
        ],
        [
            -0.049526333808898926,
            0.36426490545272827,
            0.3985334634780884
        ],
        [
            -0.06736521422863007,
            0.19386595487594604,
            0.046393051743507385
        ],
        [
            -0.1454911082983017,
            -0.2557612955570221,
            0.05462329089641571
        ],
        [
            0.1468566507101059,
            -0.23545774817466736,
            0.024350162595510483
        ],
        [
            0.06906132400035858,
            0.21049067378044128,
            -0.0020692655816674232
        ],
        [
            0.07769951224327087,
            0.40726330876350403,
            0.3401118516921997
        ],
        [
            -0.24929854273796082,
            -0.1942865550518036,
            0.053470052778720856
        ],
        [
            -0.22594764828681946,
            -0.4223747253417969,
            0.13610675930976868
        ],
        [
            -0.12995584309101105,
            -0.6745916604995728,
            0.06249070167541504
        ],
        [
            0.15002115070819855,
            -0.6665195226669312,
            -0.01109098270535469
        ],
        [
            0.2574184536933899,
            -0.40682706236839294,
            0.0028125648386776447
        ],
        [
            0.2709999978542328,
            -0.16305775940418243,
            -0.029152782633900642
        ],
        [
            0.008303189650177956,
            -0.7272815108299255,
            0.007031293585896492
        ],
        [
            0.006191628519445658,
            -0.9249941110610962,
            -0.04035129025578499
        ],
        [
            0.0012697805650532246,
            -0.24599912762641907,
            0.03969665616750717
        ],
        [
            0.007954400032758713,
            -0.6693904995918274,
            0.021563304588198662
        ],
        [
            0.006119763478636742,
            -0.4918298125267029,
            0.03919823840260506
        ],
        [
            0.012563166208565235,
            -0.8186526298522949,
            -0.07537207752466202
        ],
        [
            0.0015519168227910995,
            -0.9439731240272522,
            -0.03138970956206322
        ]
    ],
    "pred_vertices": [
        [
            0.05279332771897316,
            -0.9337724447250366,
            -0.11683207750320435
        ],
        [
            0.04688136652112007,
            -0.9199697971343994,
            -0.1233186274766922
        ],
        [
            0.056995220482349396,
            -0.9159902930259705,
            -0.11406884342432022
        ],
        [
            0.06240598112344742,
            -0.9264731407165527,
            -0.10424625873565674
        ],
        [
            0.05370930954813957,
            -0.9072125554084778,
            -0.12018929421901703
        ],
        [
            0.0442914217710495,
            -0.9085197448730469,
            -0.12761810421943665
        ],
        [
            0.06314495205879211,
            -0.9095999002456665,
            -0.10347814857959747
        ],
        [
            0.06779260188341141,
            -0.9165992140769958,
            -0.09254787862300873
        ],
        [
            0.06886500120162964,
            -0.873920202255249,
            -0.09294211864471436
        ],
        [
            0.07228151708841324,
            -0.8690550327301025,
            -0.08355744928121567
        ],
        [
            0.07180904597043991,
            -0.8808817863464355,
            -0.08466436713933945
        ],
        [
            0.06728707253932953,
            -0.8824111223220825,
            -0.09365464746952057
        ],
        [
            0.0675230398774147,
            -0.8478183746337891,
            -0.090548574924469
        ],
        [
            0.061695344746112823,
            -0.8389301300048828,
            -0.0993080735206604
        ],
        [
            0.0631335899233818,
            -0.829576313495636,
            -0.08996178954839706
        ],
        [
            0.0675162672996521,
            -0.8379631042480469,
            -0.08040188997983932
        ],
        [
            0.0317399725317955,
            -0.8536065816879272,
            -0.1239149421453476
        ],
        [
            0.036811377853155136,
            -0.8470675945281982,
            -0.12253783643245697
        ],
        [
            0.0406012237071991,
            -0.8536645174026489,
            -0.12119778245687485
        ],
        [
            0.034700457006692886,
            -0.859429657459259,
            -0.12234917283058167
        ],
        [
            0.023044168949127197,
            -0.8631754517555237,
            -0.13074271380901337
        ],
        [
            0.023836135864257812,
            -0.8685966730117798,
            -0.1271921843290329
        ],
        [
            0.019553467631340027,
            -0.872683048248291,
            -0.13254378736019135
        ],
        [
            0.01958504319190979,
            -0.8665256500244141,
            -0.13703373074531555
        ],
        [
            0.026456542313098907,
            -0.8483149409294128,
            -0.12466362118721008
        ],
        [
            0.03183160722255707,
            -0.8416203856468201,
            -0.12284290045499802
        ],
        [
            0.027374986559152603,
            -0.8593137264251709,
            -0.12590061128139496
        ],
        [
            0.02540997974574566,
            -0.8544804453849792,
            -0.1284090280532837
        ],
        [
            0.02330186404287815,
            -0.8488321900367737,
            -0.1390177458524704
        ],
        [
            0.02470679208636284,
            -0.8534713983535767,
            -0.13733942806720734
        ],
        [
            0.021888382732868195,
            -0.8547576069831848,
            -0.14449509978294373
        ],
        [
            0.02058008313179016,
            -0.8492147922515869,
            -0.1440696269273758
        ],
        [
            0.025263551622629166,
            -0.8476815223693848,
            -0.12968778610229492
        ],
        [
            0.026050962507724762,
            -0.8506793975830078,
            -0.13239529728889465
        ],
        [
            0.02379458397626877,
            -0.8470643758773804,
            -0.13496176898479462
        ],
        [
            0.02212269976735115,
            -0.8447908163070679,
            -0.13187643885612488
        ],
        [
            0.022639166563749313,
            -0.8588379621505737,
            -0.1337917447090149
        ],
        [
            0.020381705835461617,
            -0.8610551953315735,
            -0.14091980457305908
        ],
        [
            0.01700270175933838,
            -0.8627532124519348,
            -0.1481143832206726
        ],
        [
            0.018149133771657944,
            -0.854382336139679,
            -0.15159383416175842
        ],
        [
            0.04671166464686394,
            -0.8333983421325684,
            -0.11583538353443146
        ],
        [
            0.04228981211781502,
            -0.8403903841972351,
            -0.12028186023235321
        ],
        [
            0.037203870713710785,
            -0.8354998826980591,
            -0.12091121077537537
        ],
        [
            0.04151477664709091,
            -0.8298994302749634,
            -0.11784473806619644
        ],
        [
            0.02284884825348854,
            -0.8416391611099243,
            -0.12838710844516754
        ],
        [
            0.026193320751190186,
            -0.8256975412368774,
            -0.12870723009109497
        ],
        [
            0.02653466910123825,
            -0.8295449018478394,
            -0.12872251868247986
        ],
        [
            0.0209503211081028,
            -0.83054119348526,
            -0.1330641508102417
        ],
        [
            0.021237768232822418,
            -0.8269338607788086,
            -0.1328098177909851
        ],
        [
            0.0505354106426239,
            -0.8188658952713013,
            -0.10687879472970963
        ],
        [
            0.04529084265232086,
            -0.8179318904876709,
            -0.11164122819900513
        ],
        [
            0.0452822707593441,
            -0.8110055923461914,
            -0.1091201975941658
        ],
        [
            0.049744196236133575,
            -0.8106322288513184,
            -0.1031985804438591
        ],
        [
            0.04266592115163803,
            -0.8053580522537231,
            -0.10824654996395111
        ],
        [
            0.04782819375395775,
            -0.8027667999267578,
            -0.10018180310726166
        ],
        [
            0.03857696056365967,
            -0.7885596752166748,
            -0.10122506320476532
        ],
        [
            0.043344102799892426,
            -0.7948279976844788,
            -0.10049635171890259
        ],
        [
            0.03875968977808952,
            -0.7997552156448364,
            -0.1091216653585434
        ],
        [
            0.03383404761552811,
            -0.794511079788208,
            -0.11272655427455902
        ],
        [
            0.023027244955301285,
            -0.7991837859153748,
            -0.12225441634654999
        ],
        [
            0.017655376344919205,
            -0.7980350255966187,
            -0.1253000795841217
        ],
        [
            0.02150879241526127,
            -0.7858977317810059,
            -0.12281586229801178
        ],
        [
            0.02759264037013054,
            -0.789426326751709,
            -0.1182684600353241
        ],
        [
            0.025562796741724014,
            -0.8202237486839294,
            -0.12442517280578613
        ],
        [
            0.029074978083372116,
            -0.8202606439590454,
            -0.1212892085313797
        ],
        [
            0.029632646590471268,
            -0.8217645883560181,
            -0.12353728711605072
        ],
        [
            0.02599913440644741,
            -0.822863757610321,
            -0.1271674782037735
        ],
        [
            0.032278385013341904,
            -0.8200823068618774,
            -0.11896537244319916
        ],
        [
            0.033796586096286774,
            -0.8198257684707642,
            -0.11803743243217468
        ],
        [
            0.033785149455070496,
            -0.8210970163345337,
            -0.11931759119033813
        ],
        [
            0.0323684997856617,
            -0.8208118081092834,
            -0.11973321437835693
        ],
        [
            0.030532803386449814,
            -0.820449709892273,
            -0.12052744626998901
        ],
        [
            0.02954549714922905,
            -0.818543553352356,
            -0.12102457880973816
        ],
        [
            0.03147727623581886,
            -0.8192988634109497,
            -0.1195429340004921
        ],
        [
            0.02640014886856079,
            -0.8177227973937988,
            -0.12414197623729706
        ],
        [
            0.014656282030045986,
            -0.8151160478591919,
            -0.1327822506427765
        ],
        [
            0.018487639725208282,
            -0.8159756064414978,
            -0.13108602166175842
        ],
        [
            0.01711563766002655,
            -0.8203189373016357,
            -0.13031749427318573
        ],
        [
            0.013779852539300919,
            -0.8198527097702026,
            -0.1317385733127594
        ],
        [
            0.032253555953502655,
            -0.8225365877151489,
            -0.1214938685297966
        ],
        [
            0.03485605865716934,
            -0.8245128393173218,
            -0.12048889696598053
        ],
        [
            0.03168485686182976,
            -0.8272444605827332,
            -0.1242324560880661
        ],
        [
            0.03043230064213276,
            -0.8244496583938599,
            -0.12389110028743744
        ],
        [
            0.03755994886159897,
            -0.8264689445495605,
            -0.11997991800308228
        ],
        [
            0.03595370799303055,
            -0.8223040103912354,
            -0.11839881539344788
        ],
        [
            0.03866751119494438,
            -0.8227628469467163,
            -0.11738427728414536
        ],
        [
            0.03318854421377182,
            -0.8181147575378418,
            -0.11807943880558014
        ],
        [
            0.03555218130350113,
            -0.8164998292922974,
            -0.11622689664363861
        ],
        [
            0.036336660385131836,
            -0.8191157579421997,
            -0.1171887218952179
        ],
        [
            0.03361722081899643,
            -0.8132764101028442,
            -0.1170063316822052
        ],
        [
            0.030902620404958725,
            -0.816236138343811,
            -0.11945972591638565
        ],
        [
            0.027789827436208725,
            -0.8144147396087646,
            -0.12255628407001495
        ],
        [
            0.02367975190281868,
            -0.8127654790878296,
            -0.1265077292919159
        ],
        [
            0.025578953325748444,
            -0.8079812526702881,
            -0.12319645285606384
        ],
        [
            0.030210426077246666,
            -0.8103179335594177,
            -0.11966155469417572
        ],
        [
            0.03341621160507202,
            -0.8307772278785706,
            -0.12316533923149109
        ],
        [
            0.04015368968248367,
            -0.8185420036315918,
            -0.11474098265171051
        ],
        [
            0.043786801397800446,
            -0.8248121738433838,
            -0.11446613073348999
        ],
        [
            0.03976072743535042,
            -0.8137830495834351,
            -0.11363714188337326
        ],
        [
            0.037572186440229416,
            -0.809350848197937,
            -0.1136040985584259
        ],
        [
            0.0336923785507679,
            -0.8053467273712158,
            -0.11523354053497314
        ],
        [
            0.028574474155902863,
            -0.801879346370697,
            -0.11891143023967743
        ],
        [
            0.022479020059108734,
            -0.777171790599823,
            -0.1113429069519043
        ],
        [
            0.0304451622068882,
            -0.7820839881896973,
            -0.10698418319225311
        ],
        [
            0.04211660474538803,
            -0.9014796018600464,
            -0.1251625120639801
        ],
        [
            0.05031614005565643,
            -0.900200366973877,
            -0.12174902856349945
        ],
        [
            0.05038079991936684,
            -0.8924134969711304,
            -0.11680790781974792
        ],
        [
            0.05241372436285019,
            -0.895327091217041,
            -0.11640968918800354
        ],
        [
            0.047249019145965576,
            -0.8961936235427856,
            -0.12026682496070862
        ],
        [
            0.046736862510442734,
            -0.8933868408203125,
            -0.11958852410316467
        ],
        [
            0.06199903413653374,
            -0.8847138285636902,
            -0.10021422803401947
        ],
        [
            0.05780591443181038,
            -0.8866108655929565,
            -0.10535301268100739
        ],
        [
            0.057842690497636795,
            -0.8827802538871765,
            -0.10371245443820953
        ],
        [
            0.06344087421894073,
            -0.8781160116195679,
            -0.0992947518825531
        ],
        [
            0.05112550035119057,
            -0.875240683555603,
            -0.1114572137594223
        ],
        [
            0.05498012155294418,
            -0.8764752149581909,
            -0.10777973383665085
        ],
        [
            0.05177436023950577,
            -0.8832285404205322,
            -0.11094322800636292
        ],
        [
            0.048994507640600204,
            -0.8823766708374023,
            -0.11368285119533539
        ],
        [
            0.04553169757127762,
            -0.8819090127944946,
            -0.11608041822910309
        ],
        [
            0.04142920672893524,
            -0.8819769620895386,
            -0.11758354306221008
        ],
        [
            0.04154296591877937,
            -0.8764969110488892,
            -0.11708502471446991
        ],
        [
            0.04636714607477188,
            -0.8755548596382141,
            -0.11476704478263855
        ],
        [
            0.04112469032406807,
            -0.8974347114562988,
            -0.12236684560775757
        ],
        [
            0.03384467586874962,
            -0.8967226147651672,
            -0.12274382263422012
        ],
        [
            0.03517521172761917,
            -0.8936035633087158,
            -0.12201160192489624
        ],
        [
            0.041365720331668854,
            -0.8941237330436707,
            -0.12196733802556992
        ],
        [
            0.024622105062007904,
            -0.887041449546814,
            -0.11796171218156815
        ],
        [
            0.02596128359436989,
            -0.8895462155342102,
            -0.11893327534198761
        ],
        [
            0.02267153561115265,
            -0.8910149335861206,
            -0.12062464654445648
        ],
        [
            0.02168325148522854,
            -0.8864640593528748,
            -0.11974112689495087
        ],
        [
            0.02377169393002987,
            -0.8833358287811279,
            -0.11949221789836884
        ],
        [
            0.02584814839065075,
            -0.8853012919425964,
            -0.11822384595870972
        ],
        [
            0.04431451857089996,
            -0.9554144144058228,
            -0.11572740226984024
        ],
        [
            0.039343930780887604,
            -0.9386086463928223,
            -0.12494060397148132
        ],
        [
            0.05765644460916519,
            -0.948041558265686,
            -0.1019129827618599
        ],
        [
            0.0661911591887474,
            -0.9373877644538879,
            -0.08990819752216339
        ],
        [
            0.0720147043466568,
            -0.9236698150634766,
            -0.07996807992458344
        ],
        [
            0.056854017078876495,
            -0.8230276107788086,
            -0.09925868362188339
        ],
        [
            0.057258471846580505,
            -0.8140658140182495,
            -0.09314313530921936
        ],
        [
            0.06376901268959045,
            -0.8208199143409729,
            -0.0806579440832138
        ],
        [
            0.06103837117552757,
            -0.8106486797332764,
            -0.07624471932649612
        ],
        [
            0.05458873137831688,
            -0.8037960529327393,
            -0.08949801325798035
        ],
        [
            0.04035470634698868,
            -0.7855478525161743,
            -0.08802381157875061
        ],
        [
            0.049128785729408264,
            -0.7936100959777832,
            -0.08801977336406708
        ],
        [
            0.05554848909378052,
            -0.800619900226593,
            -0.07167696207761765
        ],
        [
            0.062199875712394714,
            -0.8126695156097412,
            -0.05624496191740036
        ],
        [
            0.06561282277107239,
            -0.8197777271270752,
            -0.06344715505838394
        ],
        [
            0.06512120366096497,
            -0.8278756141662598,
            -0.04355171322822571
        ],
        [
            0.055509403347969055,
            -0.8057924509048462,
            -0.04635406285524368
        ],
        [
            0.06097179651260376,
            -0.8272480964660645,
            -0.03609127923846245
        ],
        [
            0.03835268318653107,
            -0.7710810899734497,
            -0.05222897231578827
        ],
        [
            0.03988717868924141,
            -0.7594331502914429,
            -0.04928091913461685
        ],
        [
            0.05226751044392586,
            -0.7664175033569336,
            -0.03742586821317673
        ],
        [
            0.050758130848407745,
            -0.7779653072357178,
            -0.0398617647588253
        ],
        [
            0.06768731027841568,
            -0.8284277319908142,
            -0.0708753913640976
        ],
        [
            0.07270359247922897,
            -0.8920350074768066,
            -0.07692383974790573
        ],
        [
            0.06973490118980408,
            -0.8917478322982788,
            -0.08797043561935425
        ],
        [
            0.07377687096595764,
            -0.878738284111023,
            -0.07342514395713806
        ],
        [
            0.07406806945800781,
            -0.9504835605621338,
            -0.057170502841472626
        ],
        [
            0.07093825936317444,
            -0.9465451240539551,
            -0.07488484680652618
        ],
        [
            0.07642033696174622,
            -0.9304520487785339,
            -0.06768366694450378
        ],
        [
            0.07906544208526611,
            -0.9364302754402161,
            -0.05185764282941818
        ],
        [
            0.0485907718539238,
            -0.9853804111480713,
            -0.06830963492393494
        ],
        [
            0.048803191632032394,
            -0.973264217376709,
            -0.09382442384958267
        ],
        [
            0.05951029434800148,
            -0.9611942768096924,
            -0.08503717929124832
        ],
        [
            0.06141555681824684,
            -0.970763087272644,
            -0.06422698497772217
        ],
        [
            0.07984834909439087,
            -0.9378732442855835,
            -0.03835463523864746
        ],
        [
            0.07877099514007568,
            -0.9387524127960205,
            -0.01992913708090782
        ],
        [
            0.07443760335445404,
            -0.9540181159973145,
            -0.013019762933254242
        ],
        [
            0.07406152784824371,
            -0.9550169110298157,
            -0.03565841168165207
        ],
        [
            0.061786454170942307,
            -0.974366307258606,
            -0.0071744248270988464
        ],
        [
            0.06255926191806793,
            -0.9758679866790771,
            -0.03484859690070152
        ],
        [
            0.05857517570257187,
            -0.8143174648284912,
            -0.02703111432492733
        ],
        [
            0.05954478308558464,
            -0.8321075439453125,
            -0.02373683638870716
        ],
        [
            0.049803365021944046,
            -0.7911472320556641,
            -0.044360868632793427
        ],
        [
            0.05754546448588371,
            -0.7985646724700928,
            -0.028700891882181168
        ],
        [
            0.04363712668418884,
            -0.9890447854995728,
            -0.003656543791294098
        ],
        [
            0.04545298218727112,
            -0.9924088716506958,
            -0.0360194630920887
        ],
        [
            0.06397014856338501,
            -0.9162410497665405,
            0.027112748473882675
        ],
        [
            0.0670398473739624,
            -0.9339803457260132,
            0.01974799484014511
        ],
        [
            0.07473485916852951,
            -0.921493649482727,
            0.004605256021022797
        ],
        [
            0.07122549414634705,
            -0.9067353010177612,
