{
    "pred_cam": [
        1.606720209121704,
        -0.012999383732676506,
        0.3981485962867737
    ],
    "pred_smpl_params": {
        "global_orient": [
            [
                [
                    0.9859532117843628,
                    0.06472431123256683,
                    -0.15397091209888458
                ],
                [
                    0.07027604430913925,
                    -0.9970492720603943,
                    0.030886119231581688
                ],
                [
                    -0.15151751041412354,
                    -0.041272733360528946,
                    -0.9875925183296204
                ]
            ]
        ],
        "body_pose": [
            [
                [
                    0.9988865852355957,
                    -0.03239794075489044,
                    0.034293416887521744
                ],
                [
                    0.02740699052810669,
                    0.9901722073554993,
                    0.13714176416397095
                ],
                [
                    -0.03839949890971184,
                    -0.13604918122291565,
                    0.9899576902389526
                ]
            ],
            [
                [
                    0.9995915293693542,
                    -0.028386352583765984,
                    -0.0033005205914378166
                ],
                [
                    0.028532247990369797,
                    0.9978306889533997,
                    0.059327878057956696
                ],
                [
                    0.001609258120879531,
                    -0.05939782038331032,
                    0.9982330203056335
                ]
            ],
            [
                [
                    0.9995063543319702,
                    -0.018915383145213127,
                    -0.025085436180233955
                ],
                [
                    0.017208753153681755,
                    0.9976322650909424,
                    -0.06658602505922318
                ],
                [
                    0.02628554031252861,
                    0.06612146645784378,
                    0.9974653124809265
                ]
            ],
            [
                [
                    0.9899982810020447,
                    0.0631343200802803,
                    -0.12616422772407532
                ],
                [
                    -0.1294664889574051,
                    0.7618681788444519,
                    -0.6346614956855774
                ],
                [
                    0.056051596999168396,
                    0.6446478962898254,
                    0.7624219655990601
                ]
            ],
            [
                [
                    0.9864882230758667,
                    -0.010940457694232464,
                    0.16346652805805206
                ],
                [
                    0.12077008932828903,
                    0.7227741479873657,
                    -0.6804499626159668
                ],
                [
                    -0.1107049509882927,
                    0.6909977197647095,
                    0.7143294811248779
                ]
            ],
            [
                [
                    0.9996522665023804,
                    0.0016189325833693147,
                    -0.026318861171603203
                ],
                [
                    0.00033139745937660336,
                    0.9972632527351379,
                    0.07393111288547516
                ],
                [
                    0.026366524398326874,
                    -0.07391413301229477,
                    0.9969159364700317
                ]
            ],
            [
                [
                    0.9720423221588135,
                    0.03341123089194298,
                    0.23241658508777618
                ],
                [
                    -0.04598104953765869,
                    0.997745931148529,
                    0.04887605458498001
                ],
                [
                    -0.23025967180728912,
                    -0.05819635093212128,
                    0.9713875651359558
                ]
            ],
            [
                [
                    0.9716736674308777,
                    0.01990722492337227,
                    -0.23548679053783417
                ],
                [
                    0.0019537978805601597,
                    0.9957350492477417,
                    0.09223779290914536
                ],
                [
                    0.2363186627626419,
                    -0.09008512645959854,
                    0.9674906134605408
                ]
            ],
            [
                [
                    0.9994582533836365,
                    0.004791079089045525,
                    -0.03256107494235039
                ],
                [
                    -0.008146568201482296,
                    0.994573712348938,
                    -0.10371492058038712
                ],
                [
                    0.0318874828517437,
                    0.10392399877309799,
                    0.9940739274024963
                ]
            ],
            [
                [
                    0.9903160929679871,
                    -0.12617743015289307,
                    -0.05790731683373451
                ],
                [
                    0.1329129934310913,
                    0.9821723103523254,
                    0.13293512165546417
                ],
                [
                    0.0401015467941761,
                    -0.13934443891048431,
                    0.9894316792488098
                ]
            ],
            [
                [
                    0.9938603639602661,
                    0.07551006227731705,
                    0.08086927980184555
                ],
                [
                    -0.08797315508127213,
                    0.9825796484947205,
                    0.16370101273059845
                ],
                [
                    -0.0670994371175766,
                    -0.16981026530265808,
                    0.9831898212432861
                ]
            ],
            [
                [
                    0.982153594493866,
                    -0.051501598209142685,
                    0.18089208006858826
                ],
                [
                    0.026048675179481506,
                    0.9897575974464417,
                    0.14036151766777039
                ],
                [
                    -0.1862681657075882,
                    -0.1331445574760437,
                    0.9734355211257935
                ]
            ],
            [
                [
                    0.93684983253479,
                    0.34161704778671265,
                    0.07490207254886627
                ],
                [
                    -0.337002694606781,
                    0.9390596747398376,
                    -0.06779402494430542
                ],
                [
                    -0.09349711239337921,
                    0.03827061131596565,
                    0.9948837757110596
                ]
            ],
            [
                [
                    0.9408158659934998,
                    -0.3255425691604614,
                    -0.09427334368228912
                ],
                [
                    0.3204367756843567,
                    0.9450075626373291,
                    -0.06542888283729553
                ],
                [
                    0.11038891226053238,
                    0.03134789317846298,
                    0.9933938980102539
                ]
            ],
            [
                [
                    0.9904261827468872,
                    0.02384776994585991,
                    0.13596847653388977
                ],
                [
                    -0.0021858501713722944,
                    0.987550675868988,
                    -0.15728595852851868
                ],
                [
                    -0.13802668452262878,
                    0.15548290312290192,
                    0.9781481623649597
                ]
            ],
            [
                [
                    0.5428609848022461,
                    0.8281492590904236,
                    -0.1395380049943924
                ],
                [
                    -0.8398037552833557,
                    0.536417543888092,
                    -0.08358194679021835
                ],
                [
                    0.0056323097087442875,
                    0.16255789995193481,
                    0.9866830110549927
                ]
            ],
            [
                [
                    0.5054053068161011,
                    -0.8370753526687622,
                    0.2094525694847107
                ],
                [
                    0.8620036244392395,
                    0.5007410049438477,
                    -0.07879236340522766
                ],
                [
                    -0.038926344364881516,
                    0.22037094831466675,
                    0.9746391177177429
                ]
            ],
            [
                [
                    0.9142894744873047,
                    -0.12038536369800568,
                    -0.3867585062980652
                ],
                [
                    0.05698982998728752,
                    0.9835477471351624,
                    -0.17142358422279358
                ],
                [
                    0.40103229880332947,
                    0.13468948006629944,
                    0.9061080813407898
                ]
            ],
            [
                [
                    0.8676701188087463,
                    0.12229800969362259,
                    0.4818628132343292
                ],
                [
                    -0.035855021327733994,
                    0.9821394085884094,
                    -0.18470679223537445
                ],
                [
                    -0.4958457052707672,
                    0.14298735558986664,
                    0.8565580248832703
                ]
            ],
            [
                [
                    0.9987499713897705,
                    0.0419466532766819,
                    0.02718430571258068
                ],
                [
                    -0.03998810797929764,
                    0.9968167543411255,
                    -0.06897368282079697
                ],
                [
                    -0.02999098412692547,
                    0.06780041009187698,
                    0.9972480535507202
                ]
            ],
            [
                [
                    0.9976993799209595,
                    -0.054829299449920654,
                    -0.03987319767475128
                ],
                [
                    0.05389299616217613,
                    0.9982536435127258,
                    -0.02418999932706356
                ],
                [
                    0.041129887104034424,
                    0.021985456347465515,
                    0.99891197681427
                ]
            ],
            [
                [
                    0.9721614122390747,
                    0.22024719417095184,
                    -0.0799587145447731
                ],
                [
                    -0.20411618053913116,
                    0.9636141061782837,
                    0.1725817620754242
                ],
                [
                    0.1150599867105484,
                    -0.15145644545555115,
                    0.9817444682121277
                ]
            ],
            [
                [
                    0.9723014831542969,
                    -0.2229529321193695,
                    0.07015502452850342
                ],
                [
                    0.2087554782629013,
                    0.9633654952049255,
                    0.16836875677108765
                ],
                [
                    -0.10512324422597885,
                    -0.1490599662065506,
                    0.9832243323326111
                ]
            ]
        ],
        "betas": [
            -0.03917349874973297,
            0.1604645997285843,
            0.22325828671455383,
            0.0642625093460083,
            0.024004638195037842,
            0.09781084209680557,
            -0.03590741753578186,
            -0.11162224411964417,
            0.13155204057693481,
            -0.16830188035964966
        ]
    },
    "pred_cam_t": [
        -0.012999383732676506,
        0.3981485962867737,
        24.311948776245117
    ],
    "focal_length": [
        5000.0,
        5000.0
    ],
    "pred_keypoints_3d": [
        [
            0.04035857692360878,
            -0.8500150442123413,
            -0.14115533232688904
        ],
        [
            0.0306071937084198,
            -0.7388250827789307,
            0.018812067806720734
        ],
        [
            -0.1407833695411682,
            -0.6583563089370728,
            0.08637717366218567
        ],
        [
            -0.17987287044525146,
            -0.4185989797115326,
            0.16172397136688232
        ],
        [
            -0.2589151859283447,
            -0.1863042116165161,
            0.09267660975456238
        ],
        [
            0.19827204942703247,
            -0.6357005834579468,
            -0.0032446933910250664
        ],
        [
            0.2473909705877304,
            -0.38917791843414307,
            0.0659153088927269
        ],
        [
            0.28187209367752075,
            -0.15189361572265625,
            0.00023511797189712524
        ],
        [
            -0.0017830883152782917,
            -0.2243097871541977,
            0.02725382335484028
        ],
        [
            -0.07327373325824738,
            -0.13872408866882324,
            0.04613305628299713
        ],
        [
            -0.1272813081741333,
            0.24181023240089417,
            0.05200390890240669
        ],
        [
            -0.07919597625732422,
            0.5074536800384521,
            0.3472244441509247
        ],
        [
            0.061748430132865906,
            -0.1282610297203064,
            0.028061460703611374
        ],
        [
            0.07625963538885117,
            0.24608972668647766,
            -0.008686326444149017
        ],
        [
            0.060809917747974396,
            0.5462246537208557,
            0.2549249231815338
        ],
        [
            0.005045410245656967,
            -0.8910510540008545,
            -0.11085203289985657
        ],
        [
            0.07126832008361816,
            -0.8910057544708252,
            -0.10669805109500885
        ],
        [
            -0.04197760671377182,
            -0.8762003183364868,
            -0.01881491020321846
        ],
        [
            0.10301581025123596,
            -0.8769896626472473,
            -0.011936143040657043
        ],
        [
            0.047200530767440796,
            0.6935820579528809,
            0.12024387717247009
        ],
        [
            0.11622785031795502,
            0.6768187284469604,
            0.16434824466705322
        ],
        [
            0.07104906439781189,
            0.545616626739502,
            0.3256959319114685
        ],
        [
            -0.10016437619924545,
            0.6594473123550415,
            0.22387415170669556
        ],
        [
            -0.16588157415390015,
            0.6349794864654541,
            0.2748069763183594
        ],
        [
            -0.07316776365041733,
            0.5082100629806519,
            0.42070242762565613
        ],
        [
            -0.10258658230304718,
            0.4525274932384491,
            0.3379567563533783
        ],
        [
            -0.12317214906215668,
            0.18125088512897491,
            0.04085404425859451
        ],
        [
            -0.14339588582515717,
            -0.26603424549102783,
            0.05547306686639786
        ],
        [
            0.14603209495544434,
            -0.23158641159534454,
            0.02707534283399582
        ],
        [
            0.08888097107410431,
            0.20747727155685425,
            -0.013797447085380554
        ],
        [
            0.07373839616775513,
            0.504928469657898,
            0.257191002368927
        ],
        [
            -0.25077566504478455,
            -0.21170975267887115,
            0.06819591671228409
        ],
        [
            -0.21240076422691345,
            -0.4394213557243347,
            0.14722323417663574
        ],
        [
            -0.10687343776226044,
            -0.6860085129737854,
            0.07253682613372803
        ],
        [
            0.17295968532562256,
            -0.6702884435653687,
            0.0069154710508883
        ],
        [
            0.27469566464424133,
            -0.4104119539260864,
            0.02777516096830368
        ],
        [
            0.2818131446838379,
            -0.1683254837989807,
            -0.011848123744130135
        ],
        [
            0.0332564152777195,
            -0.7341796159744263,
            0.020468609407544136
        ],
        [
            0.035486772656440735,
            -0.9292492270469666,
            -0.029592623934149742
        ],
        [
            0.0019515797030180693,
            -0.24907341599464417,
            0.041227325797080994
        ],
        [
            0.0307623241096735,
            -0.6768245697021484,
            0.03523452952504158
        ],
        [
            0.021875174716114998,
            -0.4964027404785156,
            0.0485730916261673
        ],
        [
            0.04115665704011917,
            -0.822481095790863,
            -0.06400428712368011
        ],
        [
            0.030792664736509323,
            -0.9484219551086426,
            -0.020683500915765762
        ]
    ],
    "pred_vertices": [
        [
            0.08260779082775116,
            -0.9377346038818359,
            -0.1056690663099289
        ],
        [
            0.07681872695684433,
            -0.9236602187156677,
            -0.11247293651103973
        ],
        [
            0.08691146969795227,
            -0.9198136329650879,
            -0.10316158831119537
        ],
        [
            0.09229825437068939,
            -0.9302799701690674,
            -0.09330766648054123
        ],
        [
            0.08360117673873901,
            -0.9108798503875732,
            -0.10921385884284973
        ],
        [
            0.07419367134571075,
            -0.9122496843338013,
            -0.11669345945119858
        ],
        [
            0.09302729368209839,
            -0.9133995771408081,
            -0.09250447899103165
        ],
        [
            0.09762881696224213,
            -0.9202152490615845,
            -0.08155234158039093
        ],
        [
            0.09787300229072571,
            -0.877480149269104,
            -0.08143867552280426
        ],
        [
            0.10126382857561111,
            -0.8727633953094482,
            -0.07201063632965088
        ],
        [
            0.101004458963871,
            -0.8848298788070679,
            -0.07318785786628723
        ],
        [
            0.09661948680877686,
            -0.8862329721450806,
            -0.08228860795497894
        ],
        [
            0.09666985273361206,
            -0.8512578010559082,
            -0.07892388105392456
        ],
        [
            0.09102828055620193,
            -0.8422476053237915,
            -0.08766432106494904
        ],
        [
            0.0924057886004448,
            -0.8329024314880371,
            -0.07824765890836716
        ],
        [
            0.09670445322990417,
            -0.841392993927002,
            -0.06868923455476761
        ],
        [
            0.06116423383355141,
            -0.8569506406784058,
            -0.1127035990357399
        ],
        [
            0.06625315546989441,
            -0.8503518104553223,
            -0.11125215142965317
        ],
        [
            0.0700472891330719,
            -0.8569965958595276,
            -0.10992678999900818
        ],
        [
            0.0641346424818039,
            -0.8627902269363403,
            -0.11111773550510406
        ],
        [
            0.05262010172009468,
            -0.8667289018630981,
            -0.11957331001758575
        ],
        [
            0.05338209122419357,
            -0.8721615076065063,
            -0.11603027582168579
        ],
        [
            0.04916241765022278,
            -0.8762189149856567,
            -0.12144425511360168
        ],
        [
            0.04926576837897301,
            -0.8700689077377319,
            -0.12593995034694672
        ],
        [
            0.05581437051296234,
            -0.8516542911529541,
            -0.11337630450725555
        ],
        [
            0.06123945116996765,
            -0.8448982238769531,
            -0.11152459681034088
        ],
        [
            0.056803151965141296,
            -0.8626911640167236,
            -0.11468222737312317
        ],
        [
            0.05493802949786186,
            -0.8580503463745117,
            -0.11719727516174316
        ],
        [
            0.052944034337997437,
            -0.8522968292236328,
            -0.12787172198295593
        ],
        [
            0.054338738322257996,
            -0.856958270072937,
            -0.12618780136108398
        ],
        [
            0.051618024706840515,
            -0.8582590818405151,
            -0.13335654139518738
        ],
        [
            0.050300028175115585,
            -0.8526873588562012,
            -0.1329311728477478
        ],
        [
            0.05479016900062561,
            -0.851220965385437,
            -0.11841975152492523
        ],
        [
            0.05561661720275879,
            -0.8542354106903076,
            -0.12114973366260529
        ],
        [
            0.05340544506907463,
            -0.8505700826644897,
            -0.12373308092355728
        ],
        [
            0.05166824907064438,
            -0.848313570022583,
            -0.12063197046518326
        ],
        [
            0.05223347991704941,
            -0.8624140024185181,
            -0.12258505821228027
        ],
        [
            0.05007660761475563,
            -0.8645942211151123,
            -0.12978214025497437
        ],
        [
            0.04679524153470993,
            -0.866266131401062,
            -0.13705316185951233
        ],
        [
            0.04793280363082886,
            -0.8579461574554443,
            -0.14058303833007812
        ],
        [
            0.07615014165639877,
            -0.8366070985794067,
            -0.10431159287691116
        ],
        [
            0.07171480357646942,
            -0.8436585664749146,
            -0.10880658775568008
        ],
        [
            0.06665050983428955,
            -0.8387384414672852,
            -0.1095002293586731
        ],
        [
            0.07096920907497406,
            -0.8331015706062317,
            -0.10636986792087555
        ],
        [
            0.05238460749387741,
            -0.8451670408248901,
            -0.11715379357337952
        ],
        [
            0.055733297020196915,
            -0.8291596174240112,
            -0.11732986569404602
        ],
        [
            0.05608009546995163,
            -0.8330206871032715,
            -0.11737741529941559
        ],
        [
            0.05053342133760452,
            -0.8340213894844055,
            -0.1218118965625763
        ],
        [
            0.0508057177066803,
            -0.830398678779602,
            -0.12153274565935135
        ],
        [
            0.07994542270898819,
            -0.822019100189209,
            -0.09527042508125305
        ],
        [
            0.07472590357065201,
            -0.8210673332214355,
            -0.10011950135231018
        ],
        [
            0.0746966302394867,
            -0.8141295909881592,
            -0.09755490720272064
        ],
        [
            0.07910798490047455,
            -0.8137669563293457,
            -0.0915641188621521
        ],
        [
            0.07203126698732376,
            -0.8084172606468201,
            -0.09678202867507935
        ],
        [
            0.07715281844139099,
            -0.8058569431304932,
            -0.08862229436635971
        ],
        [
            0.06779803335666656,
            -0.791583776473999,
            -0.08970963954925537
        ],
        [
            0.07259760797023773,
            -0.7978800535202026,
            -0.08892852067947388
        ],
        [
            0.06810082495212555,
            -0.8027787208557129,
            -0.0976637601852417
        ],
        [
            0.06309933960437775,
            -0.7975482940673828,
            -0.10130278021097183
        ],
        [
            0.05237869918346405,
            -0.8023770451545715,
            -0.11086077988147736
        ],
        [
            0.04692912846803665,
            -0.8012403249740601,
            -0.11397689580917358
        ],
        [
            0.05079370737075806,
            -0.7889896035194397,
            -0.11152457445859909
        ],
        [
            0.056815002113580704,
            -0.7924671173095703,
            -0.10695724189281464
        ],
        [
            0.05490608513355255,
            -0.8234776258468628,
            -0.11294955015182495
        ],
        [
            0.05843031033873558,
            -0.8235023021697998,
            -0.10977014899253845
        ],
        [
            0.05901067331433296,
            -0.8249995708465576,
            -0.11202698200941086
        ],
        [
            0.055402688682079315,
            -0.8261178731918335,
            -0.11571621894836426
        ],
        [
            0.06166153773665428,
            -0.823306143283844,
            -0.10743577778339386
        ],
        [
            0.06317756325006485,
            -0.8230607509613037,
            -0.10649912059307098
        ],
        [
            0.06317665427923203,
            -0.8243280649185181,
            -0.10778279602527618
        ],
        [
            0.06171064451336861,
            -0.8240470886230469,
            -0.10812195390462875
        ],
        [
            0.05987350642681122,
            -0.8236898183822632,
            -0.10892787575721741
        ],
        [
            0.0588679201900959,
            -0.8217750191688538,
            -0.1094251498579979
        ],
        [
            0.06085262447595596,
            -0.8225209712982178,
            -0.10800811648368835
        ],
        [
            0.05573428422212601,
            -0.8209567666053772,
            -0.11259502172470093
        ],
        [
            0.04413064569234848,
            -0.8185782432556152,
            -0.12149488925933838
        ],
        [
            0.04786713793873787,
            -0.8192142248153687,
            -0.11972928047180176
        ],
        [
            0.04645603895187378,
            -0.8236211538314819,
            -0.11892794072628021
        ],
        [
            0.04323912784457207,
            -0.8233610391616821,
            -0.12042495608329773
        ],
        [
            0.06172553077340126,
            -0.8259564638137817,
            -0.10994599014520645
        ],
        [
            0.06425619125366211,
            -0.8277388215065002,
            -0.10900150239467621
        ],
        [
            0.06109239533543587,
            -0.8304848670959473,
            -0.11278970539569855
        ],
        [
            0.05980589613318443,
            -0.8276954293251038,
            -0.1124134510755539
        ],
        [
            0.06695891916751862,
            -0.8296824097633362,
            -0.10844439268112183
        ],
        [
            0.0653478354215622,
            -0.8255460262298584,
            -0.10687179863452911
        ],
        [
            0.06819935142993927,
            -0.8261182308197021,
            -0.10592004656791687
        ],
        [
            0.06256194412708282,
            -0.8213306665420532,
            -0.10652817785739899
        ],
        [
            0.06494217365980148,
            -0.8197040557861328,
            -0.10468335449695587
        ],
        [
            0.06574039161205292,
            -0.8223377466201782,
            -0.10564114153385162
        ],
        [
            0.06297162175178528,
            -0.8164564371109009,
            -0.10542742162942886
        ],
        [
            0.060253605246543884,
            -0.8194389939308167,
            -0.10790151357650757
        ],
        [
            0.05713089182972908,
            -0.8176079988479614,
            -0.11103853583335876
        ],
        [
            0.053049515932798386,
            -0.8159561157226562,
            -0.11504857242107391
        ],
        [
            0.05490392446517944,
            -0.8111648559570312,
            -0.11167989671230316
        ],
        [
            0.05952193960547447,
            -0.8134938478469849,
            -0.10809168964624405
        ],
        [
            0.06294439733028412,
            -0.8342012166976929,
            -0.1117662638425827
        ],
        [
            0.06960906088352203,
            -0.8217095136642456,
            -0.10324405878782272
        ],
        [
            0.07323703914880753,
            -0.8279692530632019,
            -0.10299795866012573
        ],
        [
            0.06919656693935394,
            -0.8169313073158264,
            -0.10212305188179016
        ],
        [
            0.06698133796453476,
            -0.8124784231185913,
            -0.10207438468933105
        ],
        [
            0.06293699145317078,
            -0.8084485530853271,
            -0.10375792533159256
        ],
        [
            0.05791286379098892,
            -0.8050202131271362,
            -0.10742318630218506
        ],
        [
            0.05161447077989578,
            -0.7802226543426514,
            -0.09991589188575745
        ],
        [
            0.05953388288617134,
            -0.7850947976112366,
            -0.09555986523628235
        ],
        [
            0.07192522287368774,
            -0.9049346446990967,
            -0.11411148309707642
        ],
        [
            0.080170176923275,
            -0.9037739038467407,
            -0.11060763895511627
        ],
        [
            0.08009816706180573,
            -0.895914614200592,
            -0.10573459416627884
        ],
        [
            0.08197849988937378,
            -0.8986206650733948,
            -0.10524573177099228
        ],
        [
            0.07700330018997192,
            -0.8997478485107422,
            -0.10915245115756989
        ],
        [
            0.0764855220913887,
            -0.8968187570571899,
            -0.10860463976860046
        ],
        [
            0.09149927645921707,
            -0.8883592486381531,
            -0.0888645350933075
        ],
        [
            0.08739051967859268,
            -0.8902003169059753,
            -0.09406468272209167
        ],
        [
            0.08737852424383163,
            -0.88639235496521,
            -0.09243858605623245
        ],
        [
            0.0928802639245987,
            -0.8817402124404907,
            -0.08794712275266647
        ],
        [
            0.08061020821332932,
            -0.8788385391235352,
            -0.10012365132570267
        ],
        [
            0.0844481885433197,
            -0.8800966739654541,
            -0.09641960263252258
        ],
        [
            0.08126750588417053,
            -0.8868009448051453,
            -0.09962610900402069
        ],
        [
            0.0785336047410965,
            -0.8859252333641052,
            -0.10237857699394226
        ],
        [
            0.07506455481052399,
            -0.8854738473892212,
            -0.10477462410926819
        ],
        [
            0.07101806998252869,
            -0.8855545520782471,
            -0.1064101904630661
        ],
        [
            0.07110133767127991,
            -0.8801223039627075,
            -0.10580205917358398
        ],
        [
            0.07588398456573486,
            -0.8791500329971313,
            -0.10342764854431152
        ],
        [
            0.07079782336950302,
            -0.9009371995925903,
            -0.11121101677417755
        ],
        [
            0.06359100341796875,
            -0.9002739191055298,
            -0.11170709133148193
        ],
        [
            0.06483503431081772,
            -0.8971588611602783,
            -0.11089557409286499
        ],
        [
            0.07103617489337921,
            -0.8976104259490967,
            -0.11087694764137268
        ],
        [
            0.054229095578193665,
            -0.8907145857810974,
            -0.10682915896177292
        ],
        [
            0.05558644235134125,
            -0.8931847810745239,
            -0.10783711075782776
        ],
        [
            0.05233341455459595,
            -0.894608736038208,
            -0.10953716933727264
        ],
        [
            0.051288098096847534,
            -0.8901214003562927,
            -0.10860785096883774
        ],
        [
            0.0533958300948143,
            -0.8870234489440918,
            -0.10834932327270508
        ],
        [
            0.055461157113313675,
            -0.8889999389648438,
            -0.10708502680063248
        ],
        [
            0.07412847876548767,
            -0.9591764211654663,
            -0.10460460186004639
        ],
        [
            0.06946828961372375,
            -0.9425424337387085,
            -0.11394213140010834
        ],
        [
            0.08772839605808258,
            -0.9518758654594421,
            -0.09106126427650452
        ],
        [
            0.0959751158952713,
            -0.9412258267402649,
            -0.0789104476571083
        ],
        [
            0.10183355212211609,
            -0.9275106191635132,
            -0.06884508579969406
        ],
        [
            0.08622957020998001,
            -0.8262372612953186,
            -0.08759396523237228
        ],
        [
            0.0865311399102211,
            -0.8172723054885864,
            -0.08141188323497772
        ],
        [
            0.09286998212337494,
            -0.824210524559021,
            -0.0688958466053009
        ],
        [
            0.09009183943271637,
            -0.8139357566833496,
            -0.06436829268932343
        ],
        [
            0.08374747633934021,
            -0.806962251663208,
            -0.07778000086545944
        ],
        [
            0.06941846013069153,
            -0.7885986566543579,
            -0.07646236568689346
        ],
        [
            0.07822146266698837,
            -0.7967551946640015,
            -0.0763300284743309
        ],
        [
            0.08452088385820389,
            -0.8038942813873291,
            -0.05977850407361984
        ],
        [
            0.0911182388663292,
            -0.8159677982330322,
            -0.04419843852519989
        ],
        [
            0.09468679130077362,
            -0.8232784271240234,
            -0.05162663012742996
        ],
        [
            0.0939585417509079,
            -0.8312760591506958,
            -0.031455084681510925
        ],
        [
            0.08460886031389236,
            -0.808874249458313,
            -0.03411240130662918
        ],
        [
            0.08991140872240067,
            -0.8304778337478638,
            -0.023766571655869484
        ],
        [
            0.06679560989141464,
            -0.7743703126907349,
            -0.04038875550031662
        ],
        [
            0.06776056438684464,
            -0.7630119919776917,
            -0.037379004061222076
        ],
        [
            0.08004327118396759,
            -0.7698317170143127,
            -0.02495371550321579
        ],
        [
            0.07912194728851318,
            -0.7811658382415771,
            -0.02748669683933258
        ],
        [
            0.09681294113397598,
            -0.8318321704864502,
            -0.05909475311636925
        ],
        [
            0.10225439071655273,
            -0.8955759406089783,
            -0.06551030278205872
        ],
        [
            0.09926468133926392,
            -0.8954377770423889,
            -0.07676869630813599
        ],
        [
            0.10309633612632751,
            -0.8825262784957886,
            -0.06190618500113487
        ],
        [
            0.10404397547245026,
            -0.954452633857727,
            -0.04620981588959694
        ],
        [
            0.10124186426401138,
            -0.9502679109573364,
            -0.064149409532547
        ],
        [
            0.10638885200023651,
            -0.9343702793121338,
            -0.05669591203331947
        ],
        [
            0.10908277332782745,
            -0.9405222535133362,
            -0.04088391363620758
        ],
        [
            0.07851283252239227,
            -0.9893842339515686,
            -0.05769537761807442
        ],
        [
            0.07876643538475037,
            -0.976991593837738,
            -0.08306825160980225
        ],
        [
            0.08966127038002014,
            -0.9651345014572144,
            -0.07426270842552185
        ],
        [
            0.09139673411846161,
            -0.9747570753097534,
            -0.05351260304450989
        ],
        [
            0.10968692600727081,
            -0.941993236541748,
            -0.027384266257286072
        ],
        [
            0.10843998193740845,
            -0.9430981278419495,
            -0.009096786379814148
        ],
        [
            0.10406200587749481,
            -0.9585037231445312,
            -0.0024478211998939514
        ],
        [
            0.10417970269918442,
            -0.9593892097473145,
            -0.02496390789747238
        ],
        [
            0.09159259498119354,
            -0.9788430333137512,
            0.0031737983226776123
        ],
        [
            0.09223257005214691,
            -0.9800623655319214,
            -0.024257205426692963
        ],
        [
            0.08717352151870728,
            -0.817507266998291,
            -0.014506306499242783
        ],
        [
            0.08852197974920273,
            -0.835492730140686,
            -0.011445626616477966
        ],
        [
            0.07869170606136322,
            -0.7942033410072327,
            -0.03208301588892937
        ],
        [
            0.08597993105649948,
            -0.8016598224639893,
            -0.015967927873134613
        ],
        [
            0.07340918481349945,
            -0.9938865900039673,
            0.006590858101844788
        ],
        [
            0.07530703395605087,
            -0.9967960715293884,
            -0.025686949491500854
        ],
        [
            0.09313636273145676,
            -0.9208762049674988,
            0.03825540468096733
        ],
        [
            0.09636475145816803,
            -0.9386398196220398,
            0.030605360865592957
        ],
        [
            0.1040441244840622,
            -0.9259114861488342,
            0.015659168362617493
        ],
        [
            0.10031619668006897,
            -0.9110891222953796,
            0.024668678641319275
        ],
        [
