{
    "pred_cam": [
        1.6251804828643799,
        -0.007445408031344414,
        0.4268820285797119
    ],
    "pred_smpl_params": {
        "global_orient": [
            [
                [
                    0.9928366541862488,
                    0.07088089734315872,
                    -0.09618372470140457
                ],
                [
                    0.06726449728012085,
                    -0.9969194531440735,
                    -0.040338270366191864
                ],
                [
                    -0.09874662756919861,
                    0.03357956185936928,
                    -0.9945459365844727
                ]
            ]
        ],
        "body_pose": [
            [
                [
                    0.9955079555511475,
                    -0.08213719725608826,
                    0.04708890616893768
                ],
                [
                    0.0715390220284462,
                    0.9783605933189392,
                    0.19414624571800232
                ],
                [
                    -0.0620165579020977,
                    -0.18990543484687805,
                    0.9798417687416077
                ]
            ],
            [
                [
                    0.9998526573181152,
                    0.013690512627363205,
                    -0.010348297655582428
                ],
                [
                    -0.011554396711289883,
                    0.9828724265098572,
                    0.18392473459243774
                ],
                [
                    0.012689076364040375,
                    -0.1837780922651291,
                    0.9828857779502869
                ]
            ],
            [
                [
                    0.9994341731071472,
                    -0.015521840192377567,
                    -0.029839346185326576
                ],
                [
                    0.01230654213577509,
                    0.9943888783454895,
                    -0.10506817698478699
                ],
                [
                    0.031302765011787415,
                    0.10464151203632355,
                    0.9940172433853149
                ]
            ],
            [
                [
                    0.9896339774131775,
                    0.051743995398283005,
                    -0.13396713137626648
                ],
                [
                    -0.11802937090396881,
                    0.8244767785072327,
                    -0.5534502863883972
                ],
                [
                    0.08181504905223846,
                    0.5635251998901367,
                    0.8220375180244446
                ]
            ],
            [
                [
                    0.9852893948554993,
                    -0.027870913967490196,
                    0.1686059683561325
                ],
                [
                    0.11691103875637054,
                    0.8295395970344543,
                    -0.5460731387138367
                ],
                [
                    -0.12464576214551926,
                    0.5577520132064819,
                    0.8205949664115906
                ]
            ],
            [
                [
                    0.9997710585594177,
                    0.01133260503411293,
                    -0.018149003386497498
                ],
                [
                    -0.010456611402332783,
                    0.9988090991973877,
                    0.04765506088733673
                ],
                [
                    0.018667446449398994,
                    -0.04745437204837799,
                    0.9986989498138428
                ]
            ],
            [
                [
                    0.9716714024543762,
                    0.061073388904333115,
                    0.22830815613269806
                ],
                [
                    -0.06792766600847244,
                    0.9974414706230164,
                    0.02227807231247425
                ],
                [
                    -0.2263634353876114,
                    -0.03715541586279869,
                    0.9733339548110962
                ]
            ],
            [
                [
                    0.9729779362678528,
                    -0.026153836399316788,
                    -0.2294120490550995
                ],
                [
                    0.03541778773069382,
                    0.9987110495567322,
                    0.03635639697313309
                ],
                [
                    0.22816549241542816,
                    -0.04349924251437187,
                    0.9726501107215881
                ]
            ],
            [
                [
                    0.9993241429328918,
                    0.010222193785011768,
                    -0.03531060740351677
                ],
                [
                    -0.014076086692512035,
                    0.9937562942504883,
                    -0.11068069189786911
                ],
                [
                    0.033958740532398224,
                    0.11110290884971619,
                    0.993228554725647
                ]
            ],
            [
                [
                    0.988305926322937,
                    -0.14608293771743774,
                    -0.043717700988054276
                ],
                [
                    0.14998139441013336,
                    0.9830082058906555,
                    0.1058325469493866
                ],
                [
                    0.02751452662050724,
                    -0.11115176230669022,
                    0.9934225678443909
                ]
            ],
            [
                [
                    0.9913008809089661,
                    0.12029372155666351,
                    0.05340447276830673
                ],
                [
                    -0.1265319138765335,
                    0.982714831829071,
                    0.13513395190238953
                ],
                [
                    -0.03622560203075409,
                    -0.14071576297283173,
                    0.9893870949745178
                ]
            ],
            [
                [
                    0.9877464771270752,
                    -0.04125324636697769,
                    0.1505165994167328
                ],
                [
                    0.017864089459180832,
                    0.9879791140556335,
                    0.15355218946933746
                ],
                [
                    -0.15504175424575806,
                    -0.14898176491260529,
                    0.9766098260879517
                ]
            ],
            [
                [
                    0.9326402544975281,
                    0.3588482439517975,
                    0.03755065053701401
                ],
                [
                    -0.3559635281562805,
                    0.9321188926696777,
                    -0.06666567921638489
                ],
                [
                    -0.058924537152051926,
                    0.04880844056606293,
                    0.997068464756012
                ]
            ],
            [
                [
                    0.933982789516449,
                    -0.3488573431968689,
                    -0.0772957131266594
                ],
                [
                    0.34436550736427307,
                    0.9365291595458984,
                    -0.06576836109161377
                ],
                [
                    0.09533346444368362,
                    0.03480854630470276,
                    0.9948365688323975
                ]
            ],
            [
                [
                    0.9920516014099121,
                    0.033292245119810104,
                    0.12134778499603271
                ],
                [
                    -0.014723229221999645,
                    0.9884517192840576,
                    -0.15081912279129028
                ],
                [
                    -0.1249675378203392,
                    0.1478337198495865,
                    0.9810853004455566
                ]
            ],
            [
                [
                    0.5692089200019836,
                    0.808883786201477,
                    -0.1473369598388672
                ],
                [
                    -0.8219553828239441,
                    0.5641403198242188,
                    -0.07832643389701843
                ],
                [
                    0.01976173184812069,
                    0.16568851470947266,
                    0.9859800934791565
                ]
            ],
            [
                [
                    0.5022224187850952,
                    -0.8422731757164001,
                    0.19582770764827728
                ],
                [
                    0.864107608795166,
                    0.497467041015625,
                    -0.07645005732774734
                ],
                [
                    -0.03302599862217903,
                    0.20761114358901978,
                    0.9776538014411926
                ]
            ],
            [
                [
                    0.9221168160438538,
                    -0.0923486202955246,
                    -0.3757290244102478
                ],
                [
                    0.036562830209732056,
                    0.987550675868988,
                    -0.1529926061630249
                ],
                [
                    0.38518014550209045,
                    0.12733934819698334,
                    0.9140136241912842
                ]
            ],
            [
                [
                    0.8682712316513062,
                    0.1222689226269722,
                    0.4807862639427185
                ],
                [
                    -0.04006373882293701,
                    0.9832683205604553,
                    -0.1777026504278183
                ],
                [
                    -0.49446946382522583,
                    0.13503199815750122,
                    0.8586421608924866
                ]
            ],
            [
                [
                    0.9988377690315247,
                    0.03736850246787071,
                    0.030443355441093445
                ],
                [
                    -0.03537081554532051,
                    0.9973415732383728,
                    -0.06370710581541061
                ],
                [
                    -0.03274306654930115,
                    0.06255625188350677,
                    0.9975041747093201
                ]
            ],
            [
                [
                    0.9978063106536865,
                    -0.04695449396967888,
                    -0.04666773974895477
                ],
                [
                    0.04716361314058304,
                    0.9988813996315002,
                    0.003389521036297083
                ],
                [
                    0.046456389129161835,
                    -0.005583105143159628,
                    0.9989047050476074
                ]
            ],
            [
                [
                    0.9715124368667603,
                    0.22063399851322174,
                    -0.08651140332221985
                ],
                [
                    -0.20274123549461365,
                    0.9627906680107117,
                    0.17868992686271667
                ],
                [
                    0.12271744757890701,
                    -0.15606005489826202,
                    0.9800947308540344
                ]
            ],
            [
                [
                    0.9713873267173767,
                    -0.22451554238796234,
                    0.07745614647865295
                ],
                [
                    0.2081661820411682,
                    0.9618644118309021,
                    0.17743636667728424
                ],
                [
                    -0.11433953791856766,
                    -0.1562356799840927,
                    0.9810794591903687
                ]
            ]
        ],
        "betas": [
            -0.04207126796245575,
            -0.004427224397659302,
            0.005897223949432373,
            0.012105286121368408,
            0.048781633377075195,
            0.029132533818483353,
            -0.060373455286026,
            -0.069557785987854,
            0.10913898795843124,
            -0.11822474002838135
        ]
    },
    "pred_cam_t": [
        -0.007445408031344414,
        0.4268820285797119,
        24.035791397094727
    ],
    "focal_length": [
        5000.0,
        5000.0
    ],
    "pred_keypoints_3d": [
        [
            0.05182364955544472,
            -0.8472169637680054,
            -0.12318341434001923
        ],
        [
            0.035742491483688354,
            -0.7341338396072388,
            0.034633636474609375
        ],
        [
            -0.14225511252880096,
            -0.6541173458099365,
            0.09203382581472397
        ],
        [
            -0.1820647418498993,
            -0.41352519392967224,
            0.16524481773376465
        ],
        [
            -0.2551722228527069,
            -0.18044240772724152,
            0.0920456126332283
        ],
        [
            0.20384684205055237,
            -0.626266598701477,
            0.018932845443487167
        ],
        [
            0.2495029717683792,
            -0.37816983461380005,
            0.0852983295917511
        ],
        [
            0.2789347767829895,
            -0.13923734426498413,
            0.022184647619724274
        ],
        [
            -0.0017428179271519184,
            -0.22323369979858398,
            0.02818736620247364
        ],
        [
            -0.07500917464494705,
            -0.13737788796424866,
            0.03628559410572052
        ],
        [
            -0.15027588605880737,
            0.23192042112350464,
            -0.03266245126724243
        ],
        [
            -0.13808296620845795,
            0.5866858959197998,
            0.15031912922859192
        ],
        [
            0.06161096692085266,
            -0.1271299123764038,
            0.0252602007240057
        ],
        [
            0.09334611892700195,
            0.2375558614730835,
            -0.05734150856733322
        ],
        [
            0.0722816213965416,
            0.5904451608657837,
            0.1277412474155426
        ],
        [
            0.017490284517407417,
            -0.8887149095535278,
            -0.09256802499294281
        ],
        [
            0.08370653539896011,
            -0.8858872652053833,
            -0.08745454251766205
        ],
        [
            -0.03184906020760536,
            -0.8742519021034241,
            -0.0014137886464595795
        ],
        [
            0.11401719599962234,
            -0.8688976764678955,
            0.00788285955786705
        ],
        [
            0.07215644419193268,
            0.708711564540863,
            -0.03501632809638977
        ],
        [
            0.13766887784004211,
            0.6995118856430054,
            0.016553133726119995
        ],
        [
            0.07682235538959503,
            0.6050541400909424,
            0.1978173851966858
        ],
        [
            -0.15719443559646606,
            0.6949362754821777,
            -0.014782935380935669
        ],
        [
            -0.22487495839595795,
            0.6826200485229492,
            0.03903195261955261
        ],
        [
            -0.13541841506958008,
            0.6105167269706726,
            0.2200280874967575
        ],
        [
            -0.15773820877075195,
            0.5304441452026367,
            0.15937858819961548
        ],
        [
            -0.14170238375663757,
            0.16931992769241333,
            -0.02972540259361267
        ],
        [
            -0.14551284909248352,
            -0.2650691866874695,
            0.05419228971004486
        ],
        [
            0.14693275094032288,
            -0.2301141321659088,
            0.03903566300868988
        ],
        [
            0.10468152910470963,
            0.19775982201099396,
            -0.05533928796648979
        ],
        [
            0.08320556581020355,
            0.5508570075035095,
            0.14024195075035095
        ],
        [
            -0.24702505767345428,
            -0.20592403411865234,
            0.06758526712656021
        ],
        [
            -0.21418815851211548,
            -0.4340716302394867,
            0.14921224117279053
        ],
        [
            -0.10659994184970856,
            -0.682071328163147,
            0.08078794181346893
        ],
        [
            0.17915618419647217,
            -0.6619665026664734,
            0.028163980692625046
        ],
        [
            0.2781473398208618,
            -0.3989318311214447,
            0.04811156168580055
        ],
        [
            0.2801239490509033,
            -0.1551801860332489,
            0.00942898914217949
        ],
        [
            0.03777506947517395,
            -0.7279155850410461,
            0.03568923845887184
        ],
        [
            0.04852781444787979,
            -0.924325704574585,
            -0.010110215283930302
        ],
        [
            0.0013844432542100549,
            -0.24792592227458954,
            0.0464467853307724
        ],
        [
            0.03390290588140488,
            -0.6706375479698181,
            0.04996822774410248
        ],
        [
            0.022022005170583725,
            -0.49331948161125183,
            0.06534969061613083
        ],
        [
            0.0503200925886631,
            -0.8176050186157227,
            -0.046708859503269196
        ],
        [
            0.044372912496328354,
            -0.943479597568512,
            -0.0007947031408548355
        ]
    ],
    "pred_vertices": [
        [
            0.09675595164299011,
            -0.932343602180481,
            -0.08507071435451508
        ],
        [
            0.09067679941654205,
            -0.9185492992401123,
            -0.09251348674297333
        ],
        [
            0.10056686401367188,
            -0.9142271876335144,
            -0.08314311504364014
        ],
        [
            0.10611874610185623,
            -0.9242007732391357,
            -0.07293911278247833
        ],
        [
            0.09695476293563843,
            -0.9054164886474609,
            -0.08945190906524658
        ],
        [
            0.08771118521690369,
            -0.9074693918228149,
            -0.09691807627677917
        ],
        [
            0.10636453330516815,
            -0.9072983264923096,
            -0.07256968319416046
        ],
        [
            0.11106746643781662,
            -0.9135407209396362,
            -0.061455342918634415
        ],
        [
            0.10931488126516342,
            -0.8707767724990845,
            -0.06213437393307686
        ],
        [
            0.11241169273853302,
            -0.8658163547515869,
            -0.052799779921770096
        ],
        [
            0.1126667857170105,
            -0.8780995607376099,
            -0.053702253848314285
        ],
        [
            0.10852548480033875,
            -0.8797634840011597,
            -0.06281545758247375
        ],
        [
            0.1072077602148056,
            -0.8445336818695068,
            -0.06015367805957794
        ],
        [
            0.1014399603009224,
            -0.83594810962677,
            -0.06914737820625305
        ],
        [
            0.10232096165418625,
            -0.8263747096061707,
            -0.05984218046069145
        ],
        [
            0.10677072405815125,
            -0.8344892859458923,
            -0.050026144832372665
        ],
        [
            0.07246654480695724,
            -0.8523560762405396,
            -0.09440261125564575
        ],
        [
            0.07729622721672058,
            -0.8455156087875366,
            -0.09302789717912674
        ],
        [
            0.08132860064506531,
            -0.8519819378852844,
            -0.09150635451078415
        ],
        [
            0.07564416527748108,
            -0.8580541610717773,
            -0.09264589846134186
        ],
        [
            0.06440945714712143,
            -0.8627948760986328,
            -0.10107510536909103
        ],
        [
            0.06533388793468475,
            -0.8681208491325378,
            -0.09741411358118057
        ],
        [
            0.06132239103317261,
            -0.8724381923675537,
            -0.10279518365859985
        ],
        [
            0.06129291281104088,
            -0.8664038181304932,
            -0.10743412375450134
        ],
        [
            0.0668889731168747,
            -0.8473037481307983,
            -0.09524264931678772
        ],
        [
            0.07207947969436646,
            -0.8402807712554932,
            -0.0935029536485672
        ],
        [
            0.06832632422447205,
            -0.8583365082740784,
            -0.09626280516386032
        ],
        [
            0.0663866475224495,
            -0.8539976477622986,
            -0.09887461364269257
        ],
        [
            0.06433868408203125,
            -0.8485552072525024,
            -0.10977136343717575
        ],
        [
            0.06589965522289276,
            -0.8531197309494019,
            -0.10795224457979202
        ],
        [
            0.063335120677948,
            -0.8547337055206299,
            -0.11511452496051788
        ],
        [
            0.06177458167076111,
            -0.8491886854171753,
            -0.11482249200344086
        ],
        [
            0.06597983837127686,
            -0.8472504615783691,
            -0.1002577394247055
        ],
        [
            0.06700004637241364,
            -0.8502871990203857,
            -0.10290976613759995
        ],
        [
            0.06467670202255249,
            -0.8467653393745422,
            -0.10561437904834747
        ],
        [
            0.06276494264602661,
            -0.844527542591095,
            -0.10259488224983215
        ],
        [
            0.06393688917160034,
            -0.8586372137069702,
            -0.10417301207780838
        ],
        [
            0.061960142105817795,
            -0.8610336780548096,
            -0.11137862503528595
        ],
        [
            0.05885886028409004,
            -0.8629964590072632,
            -0.11869774758815765
        ],
        [
            0.05974496901035309,
            -0.8547948598861694,
            -0.1224219799041748
        ],
        [
            0.08659464120864868,
            -0.8312212228775024,
            -0.08616508543491364
        ],
        [
            0.0824776440858841,
            -0.8385885953903198,
            -0.09055927395820618
        ],
        [
            0.07724373787641525,
            -0.8338503241539001,
            -0.09148675203323364
        ],
        [
            0.08130167424678802,
            -0.8279768228530884,
            -0.08837799727916718
        ],
        [
            0.06334131956100464,
            -0.841251015663147,
            -0.09918300062417984
        ],
        [
            0.06610123813152313,
            -0.8250763416290283,
            -0.0996515303850174
        ],
        [
            0.06659302860498428,
            -0.8289405703544617,
            -0.09963017702102661
        ],
        [
            0.06114017963409424,
            -0.830260694026947,
            -0.10418415069580078
        ],
        [
            0.0612713024020195,
            -0.8266016244888306,
            -0.10397464036941528
        ],
        [
            0.0897112488746643,
            -0.8163132667541504,
            -0.07735227048397064
        ],
        [
            0.08452588319778442,
            -0.8156459331512451,
            -0.08234036713838577
        ],
        [
            0.0842042788863182,
            -0.8086644411087036,
            -0.07991666346788406
        ],
        [
            0.08849529176950455,
            -0.8080252408981323,
            -0.07384313642978668
        ],
        [
            0.08130846917629242,
            -0.8029763698577881,
            -0.07942059636116028
        ],
        [
            0.08619025349617004,
            -0.8001613616943359,
            -0.07115349918603897
        ],
        [
            0.07634427398443222,
            -0.7862850427627563,
            -0.07266299426555634
        ],
        [
            0.08134521543979645,
            -0.792380690574646,
            -0.07168945670127869
        ],
        [
            0.07719151675701141,
            -0.7975033521652222,
            -0.08046849071979523
        ],
        [
            0.07199756801128387,
            -0.7925608158111572,
            -0.08428479731082916
        ],
        [
            0.06162039190530777,
            -0.7980746030807495,
            -0.0938575267791748
        ],
        [
            0.05609886348247528,
            -0.7971784472465515,
            -0.09714458882808685
        ],
        [
            0.059488747268915176,
            -0.7847151756286621,
            -0.09484944492578506
        ],
        [
            0.06554186344146729,
            -0.7878220081329346,
            -0.09018558263778687
        ],
        [
            0.06492576748132706,
            -0.819137454032898,
            -0.09542255848646164
        ],
        [
            0.06843668967485428,
            -0.8189594745635986,
            -0.09216025471687317
        ],
        [
            0.06910267472267151,
            -0.8204811811447144,
            -0.0943773090839386
        ],
        [
            0.06558038294315338,
            -0.8218364715576172,
            -0.09811662882566452
        ],
        [
            0.07165831327438354,
            -0.8185687065124512,
            -0.0897916778922081
        ],
        [
            0.07314179837703705,
            -0.8182530403137207,
            -0.08882856369018555
        ],
        [
            0.07320861518383026,
            -0.8195434808731079,
            -0.0900907814502716
        ],
        [
            0.07173284888267517,
            -0.8193643093109131,
            -0.09040956199169159
        ],
        [
            0.06988658010959625,
            -0.8190985918045044,
            -0.09126406908035278
        ],
        [
            0.06879865378141403,
            -0.8172351717948914,
            -0.09181348979473114
        ],
        [
            0.07082265615463257,
            -0.8178306818008423,
            -0.09039809554815292
        ],
        [
            0.0656517744064331,
            -0.8166152238845825,
            -0.09506487846374512
        ],
        [
            0.054117411375045776,
            -0.8149916529655457,
            -0.104339599609375
        ],
        [
            0.057799067348241806,
            -0.8152832388877869,
            -0.102480947971344
        ],
        [
            0.056527212262153625,
            -0.8197532892227173,
            -0.10158272832632065
        ],
        [
            0.05336863547563553,
            -0.819814920425415,
            -0.10314325243234634
        ],
        [
            0.07190047204494476,
            -0.8214682936668396,
            -0.09217343479394913
        ],
        [
            0.07442247867584229,
            -0.8229244351387024,
            -0.09124229103326797
        ],
        [
            0.07138252258300781,
            -0.8259022235870361,
            -0.09502775967121124
        ],
        [
            0.06999583542346954,
            -0.8231519460678101,
            -0.09471955895423889
        ],
        [
            0.07718275487422943,
            -0.8247610330581665,
            -0.09057930111885071
        ],
        [
            0.07540978491306305,
            -0.8206652998924255,
            -0.08913350105285645
        ],
        [
            0.07832695543766022,
            -0.821208119392395,
            -0.08812706917524338
        ],
        [
            0.07247065007686615,
            -0.8165422677993774,
            -0.08891061693429947
        ],
        [
            0.07476186752319336,
            -0.8147757053375244,
            -0.08708128333091736
        ],
        [
            0.07567533850669861,
            -0.8174002170562744,
            -0.08796994388103485
        ],
        [
            0.07266931980848312,
            -0.8116165399551392,
            -0.08789969980716705
        ],
        [
            0.0700828805565834,
            -0.8147705793380737,
            -0.09034900367259979
        ],
        [
            0.0669092983007431,
            -0.8131310939788818,
            -0.09358693659305573
        ],
        [
            0.06281577050685883,
            -0.8117226362228394,
            -0.09772415459156036
        ],
        [
            0.06445465981960297,
            -0.8067851066589355,
            -0.09440934658050537
        ],
        [
            0.06910587102174759,
            -0.8088523149490356,
            -0.0906713455915451
        ],
        [
            0.07342985272407532,
            -0.8296688795089722,
            -0.093866266310215
        ],
        [
            0.07949768006801605,
            -0.8165596723556519,
            -0.08553460240364075
        ],
        [
            0.0833364725112915,
            -0.8226736187934875,
            -0.08509566634893417
        ],
        [
            0.078889861702919,
            -0.8117674589157104,
            -0.08453485369682312
        ],
        [
            0.07650420069694519,
            -0.8073989152908325,
            -0.08461277186870575
        ],
        [
            0.07226572185754776,
            -0.8034814596176147,
            -0.08652971684932709
        ],
        [
            0.0672004371881485,
            -0.8004285097122192,
            -0.09023747593164444
        ],
        [
            0.059839680790901184,
            -0.7756717205047607,
            -0.08332346379756927
        ],
        [
            0.06786041706800461,
            -0.7801299095153809,
            -0.0788111537694931
        ],
        [
            0.08507377654314041,
            -0.9000560641288757,
            -0.0943986177444458
        ],
        [
            0.09328564256429672,
            -0.8985509872436523,
            -0.09083259105682373
        ],
        [
            0.09283173084259033,
            -0.8905406594276428,
            -0.08625724911689758
        ],
        [
            0.09471497684717178,
            -0.8929710388183594,
            -0.08570229262113571
        ],
        [
            0.08990920335054398,
            -0.8945889472961426,
            -0.08958018571138382
        ],
        [
            0.08928193151950836,
            -0.8916229009628296,
            -0.08916397392749786
        ],
        [
            0.10361684113740921,
            -0.8822375535964966,
            -0.0693279504776001
        ],
        [
            0.09967512637376785,
            -0.8843528032302856,
            -0.07453114539384842
        ],
        [
            0.09949828684329987,
            -0.8804785013198853,
            -0.07303103804588318
        ],
        [
            0.10473170876502991,
            -0.8754837512969971,
            -0.06857936084270477
        ],
        [
            0.09254356473684311,
            -0.8733804225921631,
            -0.08094771206378937
        ],
        [
            0.09637980163097382,
            -0.8743901252746582,
            -0.07718142122030258
        ],
        [
            0.0935019999742508,
            -0.8813058137893677,
            -0.08029402047395706
        ],
        [
            0.09079398214817047,
            -0.8806017637252808,
            -0.08311179280281067
        ],
        [
            0.08733586221933365,
            -0.880352258682251,
            -0.08554989099502563
        ],
        [
            0.08333468437194824,
            -0.8806087970733643,
            -0.08727338165044785
        ],
        [
            0.08321301639080048,
            -0.8752216696739197,
            -0.08671614527702332
        ],
        [
            0.08790139853954315,
            -0.8739877939224243,
            -0.08429542183876038
        ],
        [
            0.08375035226345062,
            -0.8961137533187866,
            -0.09164538979530334
        ],
        [
            0.07656274735927582,
            -0.895720362663269,
            -0.09226074814796448
        ],
        [
            0.07764488458633423,
            -0.8925729990005493,
            -0.0915081799030304
        ],
        [
            0.08385848999023438,
            -0.8927485346794128,
            -0.09142310917377472
        ],
        [
            0.06677393615245819,
            -0.8864772319793701,
            -0.087734654545784
        ],
        [
            0.06822754442691803,
            -0.8889068365097046,
            -0.08867190778255463
        ],
        [
            0.0650729164481163,
            -0.8904565572738647,
            -0.09036855399608612
        ],
        [
            0.06382869929075241,
            -0.8860293626785278,
            -0.0895552784204483
        ],
        [
            0.06584055721759796,
            -0.8828758001327515,
            -0.08933886885643005
        ],
        [
            0.06794890016317368,
            -0.8847414255142212,
            -0.08800730109214783
        ],
        [
            0.08912700414657593,
            -0.9539995789527893,
            -0.08376575261354446
        ],
        [
            0.08405548334121704,
            -0.937955379486084,
            -0.09363731741905212
        ],
        [
            0.10236404091119766,
            -0.9460024833679199,
            -0.07031640410423279
        ],
        [
            0.10995230078697205,
            -0.9347869157791138,
            -0.0583324134349823
        ],
        [
            0.11535478383302689,
            -0.9204578399658203,
            -0.04853573441505432
        ],
        [
            0.09604434669017792,
            -0.8201348781585693,
            -0.06945367902517319
        ],
        [
            0.09585339576005936,
            -0.8110915422439575,
            -0.063418447971344
        ],
        [
            0.1022430807352066,
            -0.8175355792045593,
            -0.05065542832016945
        ],
        [
            0.09903062880039215,
            -0.8073400259017944,
            -0.04632168263196945
        ],
        [
            0.09262353181838989,
            -0.8008800745010376,
            -0.06008150801062584
        ],
        [
            0.07775790989398956,
            -0.7829978466033936,
            -0.0594303235411644
        ],
        [
            0.08677224069833755,
            -0.7909084558486938,
            -0.058959342539310455
        ],
        [
            0.0931616723537445,
            -0.7974835634231567,
            -0.04201290383934975
        ],
        [
            0.09991643577814102,
            -0.8089349865913391,
            -0.025961391627788544
        ],
        [
            0.10383252054452896,
            -0.8162568807601929,
            -0.033288806676864624
        ],
        [
            0.10321321338415146,
            -0.82392817735672,
            -0.01280428096652031
        ],
        [
            0.09340329468250275,
            -0.8017903566360474,
            -0.016008198261260986
        ],
        [
            0.09916788339614868,
            -0.8231585025787354,
            -0.00501108355820179
        ],
        [
            0.07496197521686554,
            -0.7682362794876099,
            -0.02356625907123089
        ],
        [
            0.07579518854618073,
            -0.7569581270217896,
            -0.02077719196677208
        ],
        [
            0.0878138467669487,
            -0.7633304595947266,
            -0.0077414438128471375
        ],
        [
            0.08712787926197052,
            -0.7745121121406555,
            -0.010086801834404469
        ],
        [
            0.10636969655752182,
            -0.8247545957565308,
            -0.04057638719677925
        ],
        [
            0.11439554393291473,
            -0.8884098529815674,
            -0.04578161984682083
        ],
        [
            0.11155045032501221,
            -0.8886673450469971,
            -0.057214878499507904
        ],
        [
            0.11466285586357117,
            -0.8754626512527466,
            -0.042380690574645996
        ],
        [
            0.11834892630577087,
            -0.9470332860946655,
            -0.025301434099674225
        ],
        [
            0.11573465168476105,
            -0.9431616067886353,
            -0.04343106597661972
        ],
        [
            0.12005088478326797,
            -0.9271191358566284,
            -0.036177217960357666
        ],
        [
            0.12290410697460175,
            -0.9329181909561157,
            -0.02019904926419258
        ],
        [
            0.0942341536283493,
            -0.983147144317627,
            -0.03641849383711815
        ],
        [
            0.09431245177984238,
            -0.9712313413619995,
            -0.062014199793338776
        ],
        [
            0.10476535558700562,
            -0.9589212536811829,
            -0.05329762026667595
        ],
        [
            0.10656456649303436,
            -0.9679743051528931,
            -0.03241044282913208
        ],
        [
            0.123369961977005,
            -0.9340925216674805,
            -0.006622549146413803
        ],
        [
            0.12198209017515182,
            -0.9350393414497375,
            0.011618480086326599
        ],
        [
            0.11797656118869781,
            -0.9504776000976562,
            0.018379803746938705
        ],
        [
            0.11862939596176147,
            -0.9517732858657837,
            -0.004014838486909866
        ],
        [
            0.10631636530160904,
            -0.9710891246795654,
            0.02425556257367134
        ],
        [
            0.10725419223308563,
            -0.972690224647522,
            -0.0031201615929603577
        ],
        [
            0.09573736786842346,
            -0.8101558685302734,
            0.0040174126625061035
        ],
        [
            0.09783345460891724,
            -0.8281748294830322,
            0.007446739822626114
        ],
        [
            0.08702915906906128,
            -0.7874479293823242,
            -0.014392664656043053
        ],
        [
            0.09406524151563644,
            -0.7945147752761841,
            0.0022474247962236404
        ],
        [
            0.08866232633590698,
            -0.9867967963218689,
            0.027586475014686584
        ],
        [
            0.09098023921251297,
            -0.9900983572006226,
            -0.004438135772943497
        ],
        [
            0.10501237213611603,
            -0.9128001928329468,
            0.05842386186122894
        ],
        [
            0.10911642760038376,
            -0.9304581880569458,
            0.051106952130794525
        ],
        [
            0.11654412746429443,
            -0.9176334738731384,
            0.036084726452827454
        ],
        [
            0.111994169652462,
            -0.9028751850128174,
            0.04486800357699394
        ],
        [
