{
    "pred_cam": [
        1.7122502326965332,
        -0.004118515178561211,
        0.4481232762336731
    ],
    "pred_smpl_params": {
        "global_orient": [
            [
                [
                    0.9971363544464111,
                    0.054420191794633865,
                    -0.052512526512145996
                ],
                [
                    0.05164326727390289,
                    -0.9972654581069946,
                    -0.05286354199051857
                ],
                [
                    -0.0552457757294178,
                    0.05000023916363716,
                    -0.9972200989723206
                ]
            ]
        ],
        "body_pose": [
            [
                [
                    0.9982995986938477,
                    -0.04899678751826286,
                    0.031579382717609406
                ],
                [
                    0.041682735085487366,
                    0.9787334203720093,
                    0.20085683465003967
                ],
                [
                    -0.04074913635849953,
                    -0.19919897615909576,
                    0.9791114926338196
                ]
            ],
            [
                [
                    0.9999250173568726,
                    0.0060487957671284676,
                    -0.010646053589880466
                ],
                [
                    -0.003845892148092389,
                    0.9806099534034729,
                    0.19593168795108795
                ],
                [
                    0.011624776758253574,
                    -0.19587606191635132,
                    0.9805597066879272
                ]
            ],
            [
                [
                    0.9997169971466064,
                    -0.017331600189208984,
                    -0.016298942267894745
                ],
                [
                    0.015490851365029812,
                    0.9941410422325134,
                    -0.10697489976882935
                ],
                [
                    0.01805749163031578,
                    0.10669213533401489,
                    0.9941281676292419
                ]
            ],
            [
                [
                    0.9898351430892944,
                    0.040630023926496506,
                    -0.13629214465618134
                ],
                [
                    -0.1063464805483818,
                    0.8477470278739929,
                    -0.519629955291748
                ],
                [
                    0.09442868828773499,
                    0.5288422107696533,
                    0.843450665473938
                ]
            ],
            [
                [
                    0.9860241413116455,
                    -0.03797629475593567,
                    0.16221663355827332
                ],
                [
                    0.11748416721820831,
                    0.8488613367080688,
                    -0.5153948664665222
                ],
                [
                    -0.11812665313482285,
                    0.5272496342658997,
                    0.8414593935012817
                ]
            ],
            [
                [
                    0.9999364614486694,
                    0.010317651554942131,
                    -0.0045460122637450695
                ],
                [
                    -0.010124473832547665,
                    0.9991224408149719,
                    0.040643636137247086
                ],
                [
                    0.004961369559168816,
                    -0.040595024824142456,
                    0.9991633892059326
                ]
            ],
            [
                [
                    0.9703231453895569,
                    0.058147724717855453,
                    0.23471644520759583
                ],
                [
                    -0.06305771321058273,
                    0.9979190230369568,
                    0.013461558148264885
                ],
                [
                    -0.23344527184963226,
                    -0.027862748131155968,
                    0.9719705581665039
                ]
            ],
            [
                [
                    0.9724229574203491,
                    -0.0300898514688015,
                    -0.23127514123916626
                ],
                [
                    0.03590872883796692,
                    0.9991346001625061,
                    0.020990854129195213
                ],
                [
                    0.23044337332248688,
                    -0.028716785833239555,
                    0.9726619124412537
                ]
            ],
            [
                [
                    0.9996821284294128,
                    0.012964420020580292,
                    -0.02162393182516098
                ],
                [
                    -0.015362013131380081,
                    0.9932839274406433,
                    -0.11467792838811874
                ],
                [
                    0.01999197155237198,
                    0.11497365683317184,
                    0.9931673407554626
                ]
            ],
            [
                [
                    0.988262951374054,
                    -0.14321158826351166,
                    -0.05316704511642456
                ],
                [
                    0.1476113200187683,
                    0.9848532676696777,
                    0.09096655994653702
                ],
                [
                    0.03933427482843399,
                    -0.09774694591760635,
                    0.9944336414337158
                ]
            ],
            [
                [
                    0.9913672208786011,
                    0.12151527404785156,
                    0.04924577847123146
                ],
                [
                    -0.1268458068370819,
                    0.9839310646057129,
                    0.1256576031446457
                ],
                [
                    -0.03318513184785843,
                    -0.1308194398880005,
                    0.9908506870269775
                ]
            ],
            [
                [
                    0.9919034838676453,
                    -0.02855224348604679,
                    0.12374307960271835
                ],
                [
                    0.008321189321577549,
                    0.9869163632392883,
                    0.16101793944835663
                ],
                [
                    -0.12672150135040283,
                    -0.15868455171585083,
                    0.9791633486747742
                ]
            ],
            [
                [
                    0.929059624671936,
                    0.3694601356983185,
                    0.018636595457792282
                ],
                [
                    -0.36778393387794495,
                    0.9279158711433411,
                    -0.06088626757264137
                ],
                [
                    -0.03978824242949486,
                    0.049712736159563065,
                    0.9979706406593323
                ]
            ],
            [
                [
                    0.9313348531723022,
                    -0.36041098833084106,
                    -0.052147336304187775
                ],
                [
                    0.3572617173194885,
                    0.9320141077041626,
                    -0.06094025447964668
                ],
                [
                    0.0705655962228775,
                    0.03812553361058235,
                    0.9967782497406006
                ]
            ],
            [
                [
                    0.9948586821556091,
                    0.028561273589730263,
                    0.09716207534074783
                ],
                [
                    -0.01287507452070713,
                    0.9872927665710449,
                    -0.15838947892189026
                ],
                [
                    -0.10045121610164642,
                    0.15632417798042297,
                    0.982584536075592
                ]
            ],
            [
                [
                    0.5713409185409546,
                    0.8050276041030884,
                    -0.159687802195549
                ],
                [
                    -0.8204867243766785,
                    0.5648350715637207,
                    -0.08810778707265854
                ],
                [
                    0.019268063828349113,
                    0.18136127293109894,
                    0.9832278490066528
                ]
            ],
            [
                [
                    0.5129866003990173,
                    -0.8376542925834656,
                    0.18756358325481415
                ],
                [
                    0.8576241731643677,
                    0.5094081163406372,
                    -0.07059904932975769
                ],
                [
                    -0.03640880808234215,
                    0.19707541167736053,
                    0.9797120690345764
                ]
            ],
            [
                [
                    0.9201660752296448,
                    -0.08214031159877777,
                    -0.3828151822090149
                ],
                [
                    0.018940115347504616,
                    0.9859394431114197,
                    -0.16602620482444763
                ],
                [
                    0.39107000827789307,
                    0.1455211192369461,
                    0.9087837934494019
                ]
            ],
            [
                [
                    0.888884961605072,
                    0.11048758774995804,
                    0.444607675075531
                ],
                [
                    -0.03896147385239601,
                    0.9851980805397034,
                    -0.16693337261676788
                ],
                [
                    -0.45647066831588745,
                    0.13106198608875275,
                    0.8800325393676758
                ]
            ],
            [
                [
                    0.9988120198249817,
                    0.0413370206952095,
                    0.02580370008945465
                ],
                [
                    -0.03961335867643356,
                    0.9971588253974915,
                    -0.06407122313976288
                ],
                [
                    -0.02837890014052391,
                    0.06297293305397034,
                    0.9976117014884949
                ]
            ],
            [
                [
                    0.9978476762771606,
                    -0.04702764004468918,
                    -0.04569787532091141
                ],
                [
                    0.046537648886442184,
                    0.9988476634025574,
                    -0.011728866025805473
                ],
                [
                    0.04619679972529411,
                    0.009576952084898949,
                    0.9988863468170166
                ]
            ],
            [
                [
                    0.9712125062942505,
                    0.21970200538635254,
                    -0.09207257628440857
                ],
                [
                    -0.2010856717824936,
                    0.9633413553237915,
                    0.1775892674922943
                ],
                [
                    0.12771403789520264,
                    -0.1539624184370041,
                    0.9797881245613098
                ]
            ],
            [
                [
                    0.9717766642570496,
                    -0.22218242287635803,
                    0.07927829027175903
                ],
                [
                    0.20523269474506378,
                    0.9619671702384949,
                    0.18027421832084656
                ],
                [
                    -0.11631686240434647,
                    -0.15891578793525696,
                    0.9804163575172424
                ]
            ]
        ],
        "betas": [
            -0.001299634575843811,
            -0.05048680305480957,
            -0.06165730953216553,
            0.03095152974128723,
            0.0646151602268219,
            0.004586208611726761,
            -0.07723924517631531,
            -0.05260193347930908,
            0.10716349631547928,
            -0.10621750354766846
        ]
    },
    "pred_cam_t": [
        -0.004118515178561211,
        0.4481232762336731,
        22.813547134399414
    ],
    "focal_length": [
        5000.0,
        5000.0
    ],
    "pred_keypoints_3d": [
        [
            0.04840196669101715,
            -0.8501186966896057,
            -0.11641526222229004
        ],
        [
            0.026582997292280197,
            -0.7360308766365051,
            0.040260203182697296
        ],
        [
            -0.15574508905410767,
            -0.6507319211959839,
            0.08069776743650436
        ],
        [
            -0.19796663522720337,
            -0.4081844687461853,
            0.14810262620449066
        ],
        [
            -0.2599838972091675,
            -0.17064052820205688,
            0.0767211988568306
        ],
        [
            0.1982884556055069,
            -0.6295681595802307,
            0.03774199262261391
        ],
        [
            0.24143096804618835,
            -0.3809867799282074,
            0.1063992828130722
        ],
        [
            0.2705216109752655,
            -0.14096783101558685,
            0.0442352220416069
        ],
        [
            -0.0017785080708563328,
            -0.22378438711166382,
            0.02846895530819893
        ],
        [
            -0.07411658018827438,
            -0.1367400884628296,
            0.03199474513530731
        ],
        [
            -0.13807791471481323,
            0.23238325119018555,
            -0.04995366930961609
        ],
        [
            -0.12353292107582092,
            0.5983307361602783,
            0.11100517213344574
        ],
        [
            0.06308974325656891,
            -0.12859730422496796,
            0.026891756802797318
        ],
        [
            0.09151282906532288,
            0.23501084744930267,
            -0.06269454956054688
        ],
        [
            0.06544899195432663,
            0.5993025302886963,
            0.09969180822372437
        ],
        [
            0.012700747698545456,
            -0.8912782073020935,
            -0.08669385313987732
        ],
        [
            0.07885003089904785,
            -0.8889148235321045,
            -0.07937762886285782
        ],
        [
            -0.03966297209262848,
            -0.8763055801391602,
            0.0028487928211688995
        ],
        [
            0.10636474937200546,
            -0.8718656897544861,
            0.017207428812980652
        ],
        [
            0.06783898919820786,
            0.7095074653625488,
            -0.06918816268444061
        ],
        [
            0.13324232399463654,
            0.7028726935386658,
            -0.016412094235420227
        ],
        [
            0.06851828098297119,
            0.6175751686096191,
            0.1689809262752533
        ],
        [
            -0.13385772705078125,
            0.6998038291931152,
            -0.06012144684791565
        ],
        [
            -0.20401206612586975,
            0.6912931799888611,
            -0.008150413632392883
        ],
        [
            -0.12257586419582367,
            0.6256277561187744,
            0.17960484325885773
        ],
        [
            -0.1451539695262909,
            0.5430178046226501,
            0.12262745201587677
        ],
        [
            -0.1309366375207901,
            0.1691797971725464,
            -0.044450826942920685
        ],
        [
            -0.14731016755104065,
            -0.26326513290405273,
            0.04886087030172348
        ],
        [
            0.14668211340904236,
            -0.23242022097110748,
            0.045940570533275604
        ],
        [
            0.10313884168863297,
            0.19485601782798767,
            -0.05898362025618553
        ],
        [
            0.07640760391950607,
            0.5603442192077637,
            0.11462722718715668
        ],
        [
            -0.2501051425933838,
            -0.19537869095802307,
            0.05207976698875427
        ],
        [
            -0.2288271188735962,
            -0.42809998989105225,
            0.12940043210983276
        ],
        [
            -0.11950096487998962,
            -0.6803615689277649,
            0.073444664478302
        ],
        [
            0.17236028611660004,
            -0.6652204990386963,
            0.04509015008807182
        ],
        [
            0.2717849910259247,
            -0.401728093624115,
            0.07048584520816803
        ],
        [
            0.27236196398735046,
            -0.1569756120443344,
            0.03143502399325371
        ],
        [
            0.02862226590514183,
            -0.7290069460868835,
            0.04088829457759857
        ],
        [
            0.040859658271074295,
            -0.9270519018173218,
            -0.0032188636250793934
        ],
        [
            0.0003859037533402443,
            -0.24826011061668396,
            0.04732631891965866
        ],
        [
            0.024484118446707726,
            -0.6714452505111694,
            0.05469176918268204
        ],
        [
            0.014832675457000732,
            -0.49449288845062256,
            0.06985247135162354
        ],
        [
            0.0446222648024559,
            -0.8200932145118713,
            -0.0400833822786808
        ],
        [
            0.03617188706994057,
            -0.9461194276809692,
            0.006005985662341118
        ]
    ],
    "pred_vertices": [
        [
            0.09151902794837952,
            -0.935467541217804,
            -0.0764554888010025
        ],
        [
            0.08580262959003448,
            -0.9216417074203491,
            -0.0841561034321785
        ],
        [
            0.09543204307556152,
            -0.9173750281333923,
            -0.0744573250412941
        ],
        [
            0.10057350248098373,
            -0.9273485541343689,
            -0.06402121484279633
        ],
        [
            0.09207811951637268,
            -0.9085400104522705,
            -0.08093609660863876
        ],
        [
            0.08303892612457275,
            -0.9105687141418457,
            -0.08870096504688263
        ],
        [
            0.1009322926402092,
            -0.9104526042938232,
            -0.0636863261461258
        ],
        [
            0.10525202006101608,
            -0.9166401624679565,
            -0.052405793219804764
        ],
        [
            0.10384094715118408,
            -0.8738375306129456,
            -0.05323140323162079
        ],
        [
            0.10664735734462738,
            -0.8688927292823792,
            -0.04379108548164368
        ],
        [
            0.10685575008392334,
            -0.8812134861946106,
            -0.044651322066783905
        ],
        [
            0.10299265384674072,
            -0.8828810453414917,
            -0.053917694836854935
        ],
        [
            0.10185229778289795,
            -0.8475463390350342,
            -0.05134221538901329
        ],
        [
            0.096445232629776,
            -0.8389456272125244,
            -0.06055925041437149
        ],
        [
            0.09712471812963486,
            -0.829329788684845,
            -0.05120677873492241
        ],
        [
            0.10118229687213898,
            -0.8374645113945007,
            -0.04120678827166557
        ],
        [
            0.0680830329656601,
            -0.8552775382995605,
            -0.0868481993675232
        ],
        [
            0.07295059412717819,
            -0.8484439849853516,
            -0.08532227575778961
        ],
        [
            0.07688029110431671,
            -0.8549461960792542,
            -0.08364631235599518
        ],
        [
            0.07117228955030441,
            -0.8610045313835144,
            -0.0849733054637909
        ],
        [
            0.060162682086229324,
            -0.8657417893409729,
            -0.09377682209014893
        ],
        [
            0.06093677878379822,
            -0.8710693717002869,
            -0.09006819128990173
        ],
        [
            0.05705832690000534,
            -0.8753767013549805,
            -0.09558789432048798
        ],
        [
            0.05723624676465988,
            -0.8693534135818481,
            -0.1002577617764473
        ],
        [
            0.06256560981273651,
            -0.8501864671707153,
            -0.08789369463920593
        ],
        [
            0.06780028343200684,
            -0.8431611657142639,
            -0.08600609004497528
        ],
        [
            0.06394601613283157,
            -0.8612581491470337,
            -0.0888315886259079
        ],
        [
            0.062140755355358124,
            -0.8569375276565552,
            -0.09153185784816742
        ],
        [
            0.060505352914333344,
            -0.8515222072601318,
            -0.10256271064281464
        ],
        [
            0.061984311789274216,
            -0.8560918569564819,
            -0.10067622363567352
        ],
        [
            0.05963601917028427,
            -0.8577092885971069,
            -0.10793164372444153
        ],
        [
            0.05809523165225983,
            -0.8521541357040405,
            -0.1077040284872055
        ],
        [
            0.06184351444244385,
            -0.8501895666122437,
            -0.09295647591352463
        ],
        [
            0.06294053792953491,
            -0.8532530069351196,
            -0.09557732939720154
        ],
        [
            0.060723721981048584,
            -0.8497263193130493,
            -0.0983758270740509
        ],
        [
            0.05872027575969696,
            -0.8474575281143188,
            -0.09542159736156464
        ],
        [
            0.059844255447387695,
            -0.8615953922271729,
            -0.09691677242517471
        ],
        [
            0.05807894095778465,
            -0.8639981150627136,
            -0.10420513153076172
        ],
        [
            0.05521076172590256,
            -0.8659639358520508,
            -0.11166074872016907
        ],
        [
            0.05627939850091934,
            -0.8577737212181091,
            -0.11538457870483398
        ],
        [
            0.08217271417379379,
            -0.8341394662857056,
            -0.07814310491085052
        ],
        [
            0.07813125848770142,
            -0.8415119647979736,
            -0.08266793191432953
        ],
        [
            0.07295611500740051,
            -0.8367341160774231,
            -0.08380864560604095
        ],
        [
            0.07696820795536041,
            -0.8308664560317993,
            -0.08055387437343597
        ],
        [
            0.05921369791030884,
            -0.844140887260437,
            -0.09199102967977524
        ],
        [
            0.06216078996658325,
            -0.8279157280921936,
            -0.0924353301525116
        ],
        [
            0.0626244992017746,
            -0.831805944442749,
            -0.09239953756332397
        ],
        [
            0.057304300367832184,
            -0.8331019282341003,
            -0.097160205245018
        ],
        [
            0.05745849758386612,
            -0.8294195532798767,
            -0.09694758802652359
        ],
        [
            0.08514736592769623,
            -0.8191955089569092,
            -0.06922440975904465
        ],
        [
            0.08012787997722626,
            -0.8185012340545654,
            -0.07443675398826599
        ],
        [
            0.07980857789516449,
            -0.8114843368530273,
            -0.0720347911119461
        ],
        [
            0.08392438292503357,
            -0.8108622431755066,
            -0.06575427949428558
        ],
        [
            0.07699688524007797,
            -0.8057460784912109,
            -0.07166135311126709
        ],
        [
            0.08164964616298676,
            -0.8029705286026001,
            -0.0631648451089859
        ],
        [
            0.0720125287771225,
            -0.7890082597732544,
            -0.06509549915790558
        ],
        [
            0.07691196352243423,
            -0.795150101184845,
            -0.0638933926820755
        ],
        [
            0.07298050820827484,
            -0.8002292513847351,
            -0.07289143651723862
        ],
        [
            0.06795518845319748,
            -0.7952613830566406,
            -0.07692204415798187
        ],
        [
            0.05776248499751091,
            -0.8007222414016724,
            -0.0868753045797348
        ],
        [
            0.052329130470752716,
            -0.7997957468032837,
            -0.09039007127285004
        ],
        [
            0.055814020335674286,
            -0.7873274087905884,
            -0.08800500631332397
        ],
        [
            0.061721302568912506,
            -0.7904651165008545,
            -0.0830986276268959
        ],
        [
            0.06088513880968094,
            -0.8219088315963745,
            -0.08824986219406128
        ],
        [
            0.06430241465568542,
            -0.8217432498931885,
            -0.084861159324646
        ],
        [
            0.06501904129981995,
            -0.8232843279838562,
            -0.08704853057861328
        ],
        [
            0.06159724295139313,
            -0.8246294856071472,
            -0.09091290831565857
        ],
        [
            0.0674666091799736,
            -0.82135409116745,
            -0.08238039165735245
        ],
        [
            0.06891559064388275,
            -0.821049690246582,
            -0.08135918527841568
        ],
        [
            0.06900741904973984,
            -0.8223550319671631,
            -0.08261823654174805
        ],
        [
            0.06755546480417252,
            -0.8221560716629028,
            -0.08298441767692566
        ],
        [
            0.065738745033741,
            -0.8218785524368286,
            -0.08390834927558899
        ],
        [
            0.06468920409679413,
            -0.81999671459198,
            -0.08450718224048615
        ],
        [
            0.0666625052690506,
            -0.8206045627593994,
            -0.08302441239356995
        ],
        [
            0.06164035201072693,
            -0.8193634152412415,
            -0.08787518739700317
        ],
        [
            0.050389714539051056,
            -0.8177163600921631,
            -0.09758953005075455
        ],
        [
            0.054006703197956085,
            -0.8179931044578552,
            -0.0955861359834671
        ],
        [
            0.05265846475958824,
            -0.8224736452102661,
            -0.09472119808197021
        ],
        [
            0.049554530531167984,
            -0.8225517272949219,
            -0.09640058875083923
        ],
        [
            0.06776478886604309,
            -0.8243093490600586,
            -0.08473491668701172
        ],
        [
            0.07022843509912491,
            -0.8257609605789185,
            -0.08372728526592255
        ],
        [
            0.06728164851665497,
            -0.8287369012832642,
            -0.08762256056070328
        ],
        [
            0.0659077912569046,
            -0.8259681463241577,
            -0.08736778795719147
        ],
        [
            0.07295356690883636,
            -0.8276152014732361,
            -0.08293625712394714
        ],
        [
            0.07116831839084625,
            -0.8234933018684387,
            -0.08157604187726974
        ],
        [
            0.07405737787485123,
            -0.8240789175033569,
            -0.0804421529173851
        ],
        [
            0.0682775005698204,
            -0.8193159103393555,
            -0.08147940039634705
        ],
        [
            0.07052933424711227,
            -0.8175517320632935,
            -0.07956907898187637
        ],
        [
            0.07143054902553558,
            -0.8202052116394043,
            -0.08041037619113922
        ],
        [
            0.06850472092628479,
            -0.8143612146377563,
            -0.0804753303527832
        ],
        [
            0.06595461815595627,
            -0.8175213932991028,
            -0.0830080658197403
        ],
        [
            0.0628909170627594,
            -0.8158621788024902,
            -0.08636802434921265
        ],
        [
            0.058929890394210815,
            -0.8144341707229614,
            -0.09065446257591248
        ],
        [
            0.06051836907863617,
            -0.8094770908355713,
            -0.08728790283203125
        ],
        [
            0.06504883617162704,
            -0.8115713596343994,
            -0.08337973803281784
        ],
        [
            0.06926414370536804,
            -0.8325544595718384,
            -0.08635718375444412
        ],
        [
            0.0751865953207016,
            -0.8193827867507935,
            -0.07782434672117233
        ],
        [
            0.07895208895206451,
            -0.8255541920661926,
            -0.0772063359618187
        ],
        [
            0.07460922747850418,
            -0.8145568370819092,
            -0.07686924934387207
        ],
        [
            0.07228730618953705,
            -0.8101493120193481,
            -0.07704879343509674
        ],
        [
            0.06817425042390823,
            -0.8061923980712891,
            -0.07915495336055756
        ],
        [
            0.06321875751018524,
            -0.8031165599822998,
            -0.08302628993988037
        ],
        [
            0.055913444608449936,
            -0.7782694697380066,
            -0.0764479711651802
        ],
        [
            0.06378567963838577,
            -0.782776951789856,
            -0.0716070681810379
        ],
        [
            0.08035789430141449,
            -0.9031157493591309,
            -0.08626115322113037
        ],
        [
            0.08847011625766754,
            -0.9016646146774292,
            -0.0824190303683281
        ],
        [
            0.08791884779930115,
            -0.8936458826065063,
            -0.07787317037582397
        ],
        [
            0.08975829184055328,
            -0.8960439562797546,
            -0.0772588700056076
        ],
        [
            0.0850776806473732,
            -0.8976758718490601,
            -0.08130891621112823
        ],
        [
            0.08445750921964645,
            -0.8946993947029114,
            -0.08091388642787933
        ],
        [
            0.09824272990226746,
            -0.8853528499603271,
            -0.060567352920770645
        ],
        [
            0.09442997723817825,
            -0.8874715566635132,
            -0.06589572131633759
        ],
        [
            0.09424888342618942,
            -0.8835821151733398,
            -0.06442052125930786
        ],
        [
            0.09939761459827423,
            -0.8785838484764099,
            -0.05981297045946121
        ],
        [
            0.08760638535022736,
            -0.8764517307281494,
            -0.07261908054351807
        ],
        [
            0.09132596850395203,
            -0.8774721622467041,
            -0.06871448457241058
        ],
        [
            0.088484987616539,
            -0.8843860626220703,
            -0.07190665602684021
        ],
        [
            0.08586978167295456,
            -0.8836724758148193,
            -0.07482904195785522
        ],
        [
            0.08248498290777206,
            -0.883414626121521,
            -0.07738767564296722
        ],
        [
            0.07852324098348618,
            -0.8836590051651001,
            -0.07924674451351166
        ],
        [
            0.0784377008676529,
            -0.878262996673584,
            -0.07871104776859283
        ],
        [
            0.08306936174631119,
            -0.8770409822463989,
            -0.07613171637058258
        ],
        [
            0.07897843420505524,
            -0.8991721272468567,
            -0.08356113731861115
        ],
        [
            0.07180212438106537,
            -0.8987449407577515,
            -0.08441945910453796
        ],
        [
            0.07288797199726105,
            -0.8956000804901123,
            -0.08362077176570892
        ],
        [
            0.0790996253490448,
            -0.8958026170730591,
            -0.08333036303520203
        ],
        [
            0.06189878284931183,
            -0.8894472718238831,
            -0.08020734786987305
        ],
        [
            0.06336996704339981,
            -0.8918953537940979,
            -0.08108694851398468
        ],
        [
            0.06024656817317009,
            -0.8934277296066284,
            -0.08288401365280151
        ],
        [
            0.05900304764509201,
            -0.8889768123626709,
            -0.08213117718696594
        ],
        [
            0.06104426085948944,
            -0.885833740234375,
            -0.08185786753892899
        ],
        [
            0.06310197710990906,
            -0.8877142667770386,
            -0.08044805377721786
        ],
        [
            0.08370693773031235,
            -0.9570971131324768,
            -0.0754397064447403
        ],
        [
            0.07906005531549454,
            -0.941043496131897,
            -0.08548630774021149
        ],
        [
            0.09654970467090607,
            -0.9491567015647888,
            -0.061530012637376785
        ],
        [
            0.10384759306907654,
            -0.9379227161407471,
            -0.04932219162583351
        ],
        [
            0.10910840332508087,
            -0.9235357046127319,
            -0.039344727993011475
        ],
        [
            0.09120795875787735,
            -0.8230512142181396,
            -0.06107277795672417
        ],
        [
            0.09090277552604675,
            -0.8139762282371521,
            -0.055025435984134674
        ],
        [
            0.09684155881404877,
            -0.8204638361930847,
            -0.042019765824079514
        ],
        [
            0.09359711408615112,
            -0.8102171421051025,
            -0.03775056079030037
        ],
        [
            0.08770082890987396,
            -0.8037331104278564,
            -0.0518043078482151
        ],
        [
            0.07306145131587982,
            -0.7857279777526855,
            -0.051715292036533356
        ],
        [
            0.08195394277572632,
            -0.7937244772911072,
            -0.050878942012786865
        ],
        [
            0.08772320300340652,
            -0.8002753257751465,
            -0.03358122706413269
        ],
        [
            0.09377947449684143,
            -0.8117712140083313,
            -0.017220810055732727
        ],
        [
            0.09789396822452545,
            -0.8191825151443481,
            -0.024508658796548843
        ],
        [
            0.09654994308948517,
            -0.8267930746078491,
            -0.003859102725982666
        ],
        [
            0.08710478991270065,
            -0.8045151233673096,
            -0.007347805425524712
        ],
        [
            0.09229317307472229,
            -0.8259472250938416,
            0.0039057284593582153
        ],
        [
            0.06947758793830872,
            -0.7706516981124878,
            -0.015528989024460316
        ],
        [
            0.0703909769654274,
            -0.7593264579772949,
            -0.01258753426373005
        ],
        [
            0.08157218247652054,
            -0.7658023834228516,
            0.0012596896849572659
        ],
        [
            0.08088341355323792,
            -0.7770022749900818,
            -0.0013176375068724155
        ],
        [
            0.10056887567043304,
            -0.8276941776275635,
            -0.031749214977025986
        ],
        [
            0.10825236141681671,
            -0.891498327255249,
            -0.036602042615413666
        ],
        [
            0.10574318468570709,
            -0.8917925357818604,
            -0.04821197688579559
        ],
        [
            0.10855493694543839,
            -0.8785713911056519,
            -0.033208612352609634
        ],
        [
            0.1110835149884224,
            -0.9501444697380066,
            -0.015990257263183594
        ],
        [
            0.10915759950876236,
            -0.9463196992874146,
            -0.034211136400699615
        ],
        [
            0.1133388951420784,
            -0.9302957057952881,
            -0.026794783771038055
        ],
        [
            0.11566625535488129,
            -0.9360987544059753,
            -0.010695680975914001
        ],
        [
            0.08702948689460754,
            -0.9861234426498413,
            -0.02795454114675522
        ],
        [
            0.088081955909729,
            -0.9742834568023682,
            -0.05353979393839836
        ],
        [
            0.09837743639945984,
            -0.9620596170425415,
            -0.044458191841840744
        ],
        [
            0.09936497360467911,
            -0.9710161685943604,
            -0.02354137971997261
        ],
        [
            0.11566200107336044,
            -0.9372419118881226,
            0.0029084235429763794
        ],
        [
            0.11366774886846542,
            -0.9381787776947021,
            0.021122697740793228
        ],
        [
            0.1093732938170433,
            -0.9536850452423096,
            0.027679502964019775
        ],
        [
            0.11073938012123108,
            -0.9549155235290527,
            0.005301821976900101
        ],
        [
            0.09740171581506729,
            -0.974230170249939,
            0.0332014299929142
        ],
        [
            0.09918410331010818,
            -0.975794792175293,
            0.005760408937931061
        ],
        [
            0.08850687742233276,
            -0.8128237724304199,
            0.013002857565879822
        ],
        [
            0.09040642529726028,
            -0.8309550285339355,
            0.016418440267443657
        ],
        [
            0.08085468411445618,
            -0.7900148630142212,
            -0.005810389295220375
        ],
        [
            0.08699119836091995,
            -0.797106146812439,
            0.011307722888886929
        ],
        [
            0.0795208066701889,
            -0.9899170398712158,
            0.035913363099098206
        ],
        [
            0.0827789455652237,
            -0.9931325912475586,
            0.0038814544677734375
        ],
        [
            0.09536449611186981,
            -0.9157615900039673,
            0.06751598417758942
        ],
        [
            0.09965955466032028,
            -0.9335030913352966,
            0.06025494262576103
        ],
        [
            0.10760079324245453,
            -0.920677661895752,
            0.045487068593502045
        ],
        [
            0.1028503030538559,
            -0.905839204788208,
            0.054222654551267624
