{
    "pred_cam": [
        1.8358283042907715,
        0.009017663076519966,
        0.4914880096912384
    ],
    "pred_smpl_params": {
        "global_orient": [
            [
                [
                    0.999878466129303,
                    0.014870008453726768,
                    -0.004702236037701368
                ],
                [
                    0.014844046905636787,
                    -0.9998747110366821,
                    -0.005506455898284912
                ],
                [
                    -0.004783527459949255,
                    0.005435985513031483,
                    -0.9999739527702332
                ]
            ]
        ],
        "body_pose": [
            [
                [
                    0.998863160610199,
                    -0.039538100361824036,
                    0.02662796340882778
                ],
                [
                    0.03420661389827728,
                    0.9835657477378845,
                    0.1772802621126175
                ],
                [
                    -0.03319968283176422,
                    -0.17616787552833557,
                    0.9838000535964966
                ]
            ],
            [
                [
                    0.9994863271713257,
                    0.02271653339266777,
                    -0.0226046834141016
                ],
                [
                    -0.019187016412615776,
                    0.9891471266746521,
                    0.14567020535469055
                ],
                [
                    0.02566847950220108,
                    -0.1451616734266281,
                    0.9890748858451843
                ]
            ],
            [
                [
                    0.9999753832817078,
                    -0.006440518889576197,
                    0.0027684574015438557
                ],
                [
                    0.006616788916289806,
                    0.9975777268409729,
                    -0.06924481689929962
                ],
                [
                    -0.0023157785180956125,
                    0.06926143914461136,
                    0.9975957870483398
                ]
            ],
            [
                [
                    0.9910737872123718,
                    0.03002801537513733,
                    -0.12988905608654022
                ],
                [
                    -0.09706724435091019,
                    0.8303865194320679,
                    -0.5486677289009094
                ],
                [
                    0.0913827046751976,
                    0.5563781261444092,
                    0.8258890509605408
                ]
            ],
            [
                [
                    0.9875994920730591,
                    -0.04272332414984703,
                    0.15106931328773499
                ],
                [
                    0.1183992251753807,
                    0.8345917463302612,
                    -0.5379947423934937
                ],
                [
                    -0.10309626907110214,
                    0.5492098331451416,
                    0.8293008208274841
                ]
            ],
            [
                [
                    0.9999592900276184,
                    -0.0028712060302495956,
                    0.00855705514550209
                ],
                [
                    0.002500787377357483,
                    0.9990724325180054,
                    0.042988505214452744
                ],
                [
                    -0.008672547526657581,
                    -0.0429653562605381,
                    0.9990389347076416
                ]
            ],
            [
                [
                    0.9710094928741455,
                    0.04837393760681152,
                    0.23409506678581238
                ],
                [
                    -0.05805887281894684,
                    0.9977115392684937,
                    0.0346546433866024
                ],
                [
                    -0.2318829447031021,
                    -0.04724128171801567,
                    0.9715958833694458
                ]
            ],
            [
                [
                    0.9729262590408325,
                    -0.026771267876029015,
                    -0.2295597642660141
                ],
                [
                    0.034351982176303864,
                    0.9989863038063049,
                    0.029089603573083878
                ],
                [
                    0.2285483181476593,
                    -0.03618787229061127,
                    0.9728596806526184
                ]
            ],
            [
                [
                    0.9999717473983765,
                    0.005250162910670042,
                    -0.0053864470683038235
                ],
                [
                    -0.005838650744408369,
                    0.9932557344436646,
                    -0.11579738557338715
                ],
                [
                    0.004742164630442858,
                    0.11582555621862411,
                    0.9932582974433899
                ]
            ],
            [
                [
                    0.9880611896514893,
                    -0.1415064036846161,
                    -0.060918815433979034
                ],
                [
                    0.14737965166568756,
                    0.983365535736084,
                    0.10616707056760788
                ],
                [
                    0.044882141053676605,
                    -0.11387775093317032,
                    0.992480456829071
                ]
            ],
            [
                [
                    0.9917231202125549,
                    0.1234789490699768,
                    0.03518887981772423
                ],
                [
                    -0.1272197812795639,
                    0.9820182919502258,
                    0.13948175311088562
                ],
                [
                    -0.01733306609094143,
                    -0.14280399680137634,
                    0.9895992279052734
                ]
            ],
            [
                [
                    0.9962316751480103,
                    -0.00473462650552392,
                    0.08660268038511276
                ],
                [
                    -0.007081880234181881,
                    0.9907342791557312,
                    0.1356302946805954
                ],
                [
                    -0.08644238859415054,
                    -0.135732501745224,
                    0.9869673252105713
                ]
            ],
            [
                [
                    0.9406546950340271,
                    0.33869534730911255,
                    0.021310729905962944
                ],
                [
                    -0.33650946617126465,
                    0.9390277862548828,
                    -0.07062740623950958
                ],
                [
                    -0.043932538479566574,
                    0.05926474183797836,
                    0.9972751140594482
                ]
            ],
            [
                [
                    0.9364583492279053,
                    -0.3479517698287964,
                    -0.04444471746683121
                ],
                [
                    0.3453870117664337,
                    0.9367626905441284,
                    -0.056422390043735504
                ],
                [
                    0.061266422271728516,
                    0.03748658671975136,
                    0.9974172711372375
                ]
            ],
            [
                [
                    0.9985630512237549,
                    0.015688631683588028,
                    0.05124133452773094
                ],
                [
                    -0.007600769400596619,
                    0.9879834055900574,
                    -0.15437285602092743
                ],
                [
                    -0.05304748937487602,
                    0.15376156568527222,
                    0.9866829514503479
                ]
            ],
            [
                [
                    0.5253453850746155,
                    0.8278698921203613,
                    -0.19657984375953674
                ],
                [
                    -0.8506584763526917,
                    0.5163722038269043,
                    -0.09869053214788437
                ],
                [
                    0.01980544812977314,
                    0.2190689593553543,
                    0.9755082726478577
                ]
            ],
            [
                [
                    0.5111426115036011,
                    -0.8426385521888733,
                    0.16939128935337067
                ],
                [
                    0.8581761121749878,
                    0.5112656354904175,
                    -0.04627256467938423
                ],
                [
                    -0.047612909227609634,
                    0.1690194308757782,
                    0.9844619035720825
                ]
            ],
            [
                [
                    0.8766635060310364,
                    -0.09840338677167892,
                    -0.4709329307079315
                ],
                [
                    -0.01237036194652319,
                    0.9739248156547546,
                    -0.22653360664844513
                ],
                [
                    0.4809449315071106,
                    0.2044193595647812,
                    0.8525870442390442
                ]
            ],
            [
                [
                    0.9022231101989746,
                    0.11576217412948608,
                    0.4154425859451294
                ],
                [
                    -0.058919865638017654,
                    0.9873551726341248,
                    -0.14716719090938568
                ],
                [
                    -0.427225798368454,
                    0.10829982906579971,
                    0.8976353406906128
                ]
            ],
            [
                [
                    0.9989385008811951,
                    0.03911622241139412,
                    0.024327456951141357
                ],
                [
                    -0.03764189034700394,
                    0.9975854754447937,
                    -0.05836372449994087
                ],
                [
                    -0.026551686227321625,
                    0.05738603696227074,
                    0.9979989528656006
                ]
            ],
            [
                [
                    0.9978711009025574,
                    -0.03932218998670578,
                    -0.05202994495630264
                ],
                [
                    0.03680586442351341,
                    0.9981463551521301,
                    -0.04846771061420441
                ],
                [
                    0.05383935943245888,
                    0.04644951596856117,
                    0.9974687099456787
                ]
            ],
            [
                [
                    0.9694540500640869,
                    0.22531406581401825,
                    -0.09691459685564041
                ],
                [
                    -0.20564666390419006,
                    0.9620285034179688,
                    0.17947304248809814
                ],
                [
                    0.13367240130901337,
                    -0.1540607064962387,
                    0.9789775013923645
                ]
            ],
            [
                [
                    0.9718397855758667,
                    -0.22548651695251465,
                    0.06843504309654236
                ],
                [
                    0.20895250141620636,
                    0.958875834941864,
                    0.19208325445652008
                ],
                [
                    -0.10893288999795914,
                    -0.17237445712089539,
                    0.9789896607398987
                ]
            ]
        ],
        "betas": [
            0.02086232602596283,
            -0.03536868095397949,
            0.02769792079925537,
            0.02533075213432312,
            0.0767897367477417,
            0.014902908354997635,
            -0.05606892704963684,
            -0.06881856918334961,
            0.10489126294851303,
            -0.1232151985168457
        ]
    },
    "pred_cam_t": [
        0.009017663076519966,
        0.4914880096912384,
        21.277860641479492
    ],
    "focal_length": [
        5000.0,
        5000.0
    ],
    "pred_keypoints_3d": [
        [
            0.02812252566218376,
            -0.8504979610443115,
            -0.12627318501472473
        ],
        [
            0.00563817098736763,
            -0.7401427030563354,
            0.03328360989689827
        ],
        [
            -0.17546924948692322,
            -0.6467701196670532,
            0.055597782135009766
        ],
        [
            -0.2144685685634613,
            -0.40188661217689514,
            0.11682121455669403
        ],
        [
            -0.2684555649757385,
            -0.1622898280620575,
            0.04524444043636322
        ],
        [
            0.18198691308498383,
            -0.6455351114273071,
            0.048259660601615906
        ],
        [
            0.22600579261779785,
            -0.39970624446868896,
            0.12617188692092896
        ],
        [
            0.2503514587879181,
            -0.16305263340473175,
            0.05018994212150574
        ],
        [
            -0.0017593195661902428,
            -0.2245211899280548,
            0.02851853519678116
        ],
        [
            -0.07108792662620544,
            -0.134677916765213,
            0.032681696116924286
        ],
        [
            -0.12341178953647614,
            0.24287721514701843,
            -0.014762889593839645
        ],
        [
            -0.1025451198220253,
            0.5862243175506592,
            0.1907520443201065
        ],
        [
            0.06677771359682083,
            -0.1317034512758255,
            0.03457306697964668
        ],
        [
            0.10962817072868347,
            0.23671327531337738,
            -0.02792556956410408
        ],
        [
            0.09083480387926102,
            0.5838858485221863,
            0.17050562798976898
        ],
        [
            -0.009363403543829918,
            -0.8912668228149414,
            -0.09797137975692749
        ],
        [
            0.05676492676138878,
            -0.8914722800254822,
            -0.08994082361459732
        ],
        [
            -0.06206426024436951,
            -0.8768799304962158,
            -0.008610762655735016
        ],
        [
            0.08380546420812607,
            -0.8779945373535156,
            0.007612116634845734
        ],
        [
            0.10542065650224686,
            0.7063443660736084,
            0.011354953050613403
        ],
        [
            0.16848230361938477,
            0.6927899718284607,
            0.06590962409973145
        ],
        [
            0.09166109561920166,
            0.5959485769271851,
            0.2411956936120987
        ],
        [
            -0.10767529904842377,
            0.7064579129219055,
            0.03159075975418091
        ],
        [
            -0.1783907264471054,
            0.6940082311630249,
            0.08178403973579407
        ],
        [
            -0.10234272480010986,
            0.6057028770446777,
            0.26219338178634644
        ],
        [
            -0.1258302628993988,
            0.5306942462921143,
            0.1952652931213379
        ],
        [
            -0.11832787841558456,
            0.17957353591918945,
            -0.015644922852516174
        ],
        [
            -0.14949694275856018,
            -0.2590549886226654,
            0.038880642503499985
        ],
        [
            0.14573341608047485,
            -0.23972243070602417,
            0.052012860774993896
        ],
        [
            0.11997563391923904,
            0.1962786316871643,
            -0.026776673272252083
        ],
        [
            0.09956512600183487,
            0.5431206226348877,
            0.18189996480941772
        ],
        [
            -0.2572164237499237,
            -0.18652090430259705,
            0.02103539928793907
        ],
        [
            -0.2447570264339447,
            -0.42103326320648193,
            0.0962534174323082
        ],
        [
            -0.13999664783477783,
            -0.6782856583595276,
            0.05191041901707649
        ],
        [
            0.1529580056667328,
            -0.678613543510437,
            0.05218667536973953
        ],
        [
            0.2572096586227417,
            -0.42085450887680054,
            0.09057176113128662
        ],
        [
            0.25225722789764404,
            -0.18016338348388672,
            0.038605641573667526
        ],
        [
            0.007822046056389809,
            -0.7342983484268188,
            0.03325941413640976
        ],
        [
            0.01665286347270012,
            -0.9303622245788574,
            -0.015167361125349998
        ],
        [
            -0.0011412024032324553,
            -0.24984046816825867,
            0.045432232320308685
        ],
        [
            0.005170747637748718,
            -0.6769673228263855,
            0.04742507264018059
        ],
        [
            0.0031985417008399963,
            -0.49758756160736084,
            0.0628584772348404
        ],
        [
            0.024647720158100128,
            -0.8226125836372375,
            -0.04934036359190941
        ],
        [
            0.011016054078936577,
            -0.9494855403900146,
            -0.006617540493607521
        ]
    ],
    "pred_vertices": [
        [
            0.06791727244853973,
            -0.9384682178497314,
            -0.08823800832033157
        ],
        [
            0.06269720941781998,
            -0.924233078956604,
            -0.09548788517713547
        ],
        [
            0.07242898643016815,
            -0.920536458492279,
            -0.08565638959407806
        ],
        [
            0.0771600678563118,
            -0.9310234785079956,
            -0.07541967928409576
        ],
        [
            0.06935442984104156,
            -0.9114387035369873,
            -0.09187723696231842
        ],
        [
            0.0603315569460392,
            -0.9128689765930176,
            -0.09985670447349548
        ],
        [
            0.07801926136016846,
            -0.9141404628753662,
            -0.07461099326610565
        ],
        [
            0.08199646323919296,
            -0.920864462852478,
            -0.06337986886501312
        ],
        [
            0.0820838212966919,
            -0.8780221939086914,
            -0.06302507221698761
        ],
        [
            0.08489112555980682,
            -0.8734610080718994,
            -0.05336640775203705
        ],
        [
            0.08472879976034164,
            -0.8856508731842041,
            -0.05458508059382439
        ],
        [
            0.08091792464256287,
            -0.8869463205337524,
            -0.06397984176874161
        ],
        [
            0.08099523186683655,
            -0.8517516851425171,
            -0.060365237295627594
        ],
        [
            0.07602953165769577,
            -0.8426958322525024,
            -0.06944277882575989
        ],
        [
            0.07693277299404144,
            -0.8333572149276733,
            -0.05976489931344986
        ],
        [
            0.08054187893867493,
            -0.841916561126709,
            -0.04994644969701767
        ],
        [
            0.04727834463119507,
            -0.8573178052902222,
            -0.09659890830516815
        ],
        [
            0.05242942273616791,
            -0.8506910800933838,
            -0.09482835233211517
        ],
        [
            0.05609603598713875,
            -0.8573734760284424,
            -0.09330479800701141
        ],
        [
            0.05014938861131668,
            -0.8631944060325623,
            -0.09487146139144897
        ],
        [
            0.03903421014547348,
            -0.867225170135498,
            -0.10391786694526672
        ],
        [
            0.03956561163067818,
            -0.8726798295974731,
            -0.10035979002714157
        ],
        [
            0.035584017634391785,
            -0.8766952753067017,
            -0.10602785646915436
        ],
        [
            0.03604903072118759,
            -0.8705565929412842,
            -0.11052706092596054
        ],
        [
            0.041947633028030396,
            -0.8520077466964722,
            -0.09751223027706146
        ],
        [
            0.04747053608298302,
            -0.8452186584472656,
            -0.09535250067710876
        ],
        [
            0.04293668270111084,
            -0.8630831837654114,
            -0.09879909455776215
        ],
        [
            0.04130026698112488,
            -0.8585650324821472,
            -0.10138943791389465
        ],
        [
            0.0399869903922081,
            -0.852784276008606,
            -0.11226074397563934
        ],
        [
            0.041270703077316284,
            -0.8574501872062683,
            -0.11049515008926392
        ],
        [
            0.038940537720918655,
            -0.8587683439254761,
            -0.11782494932413101
        ],
        [
            0.03762134537100792,
            -0.8531776070594788,
            -0.11745236068964005
        ],
        [
            0.041261281818151474,
            -0.8517557382583618,
            -0.10260243713855743
        ],
        [
            0.04226464778184891,
            -0.8547786474227905,
            -0.10531195253133774
        ],
        [
            0.04021730273962021,
            -0.8510940074920654,
            -0.10803164541721344
        ],
        [
            0.03828226774930954,
            -0.8488472104072571,
            -0.10501521080732346
        ],
        [
            0.03888046368956566,
            -0.8629658222198486,
            -0.10693928599357605
        ],
        [
            0.03710754215717316,
            -0.865106463432312,
            -0.11430221050977707
        ],
        [
            0.03427376598119736,
            -0.8667693138122559,
            -0.12185148149728775
        ],
        [
            0.03571178391575813,
            -0.8584890365600586,
            -0.12533023953437805
        ],
        [
            0.06212987005710602,
            -0.8369042873382568,
            -0.08706073462963104
        ],
        [
            0.05785695090889931,
            -0.8439910411834717,
            -0.0918925404548645
        ],
        [
            0.05285286903381348,
            -0.8390303254127502,
            -0.09291067719459534
        ],
        [
            0.05705566331744194,
            -0.8334000110626221,
            -0.08941823244094849
        ],
        [
            0.03885809704661369,
            -0.8456500172615051,
            -0.10146728903055191
        ],
        [
            0.04246360436081886,
            -0.8295656442642212,
            -0.10139723122119904
        ],
        [
            0.04277569800615311,
            -0.8334523439407349,
            -0.1014760434627533
        ],
        [
            0.03745950385928154,
            -0.8344249129295349,
            -0.10633841156959534
        ],
        [
            0.03776520490646362,
            -0.8307783603668213,
            -0.10601678490638733
        ],
        [
            0.06554441899061203,
            -0.8223216533660889,
            -0.07761142402887344
        ],
        [
            0.0605960413813591,
            -0.8213269710540771,
            -0.08287812769412994
        ],
        [
            0.06053001806139946,
            -0.8143678307533264,
            -0.08025475591421127
        ],
        [
            0.06462115794420242,
            -0.8140400648117065,
            -0.07385635375976562
        ],
        [
            0.05798560753464699,
            -0.8085774183273315,
            -0.07969190180301666
        ],
        [
            0.06267909705638885,
            -0.8061460256576538,
            -0.07101473957300186
        ],
        [
            0.053666237741708755,
            -0.7918279767036438,
            -0.07266459614038467
        ],
        [
            0.05828072875738144,
            -0.7981612682342529,
            -0.07154402136802673
        ],
        [
            0.05422276258468628,
            -0.8028941750526428,
            -0.08081483840942383
        ],
        [
            0.0494467169046402,
            -0.7976827621459961,
            -0.08478972315788269
        ],
        [
            0.03909875452518463,
            -0.8024764060974121,
            -0.09513963013887405
        ],
        [
            0.03373764455318451,
            -0.8012795448303223,
            -0.09870155155658722
        ],
        [
            0.03773665428161621,
            -0.789021372795105,
            -0.09593547880649567
        ],
        [
            0.04347580671310425,
            -0.792506217956543,
            -0.09095439314842224
        ],
        [
            0.04139259457588196,
            -0.8237200975418091,
            -0.09703929722309113
        ],
        [
            0.044767752289772034,
            -0.8237643837928772,
            -0.09359666705131531
        ],
        [
            0.04543711990118027,
            -0.8252682685852051,
            -0.09581562131643295
        ],
        [
            0.04201792925596237,
            -0.8263843059539795,
            -0.09977837651968002
        ],
        [
            0.04789578914642334,
            -0.823550820350647,
            -0.09106036275625229
        ],
        [
            0.04933561012148857,
            -0.8233187198638916,
            -0.09001412987709045
        ],
        [
            0.049391280859708786,
            -0.8245963454246521,
            -0.09130369126796722
        ],
        [
            0.047947511076927185,
            -0.8243178725242615,
            -0.09169482439756393
        ],
        [
            0.046163201332092285,
            -0.8239564895629883,
            -0.0926351547241211
        ],
        [
            0.045216772705316544,
            -0.8220192193984985,
            -0.09320570528507233
        ],
        [
            0.047141242772340775,
            -0.8227545619010925,
            -0.09170004725456238
        ],
        [
            0.04223722964525223,
            -0.8211936354637146,
            -0.09660109877586365
        ],
        [
            0.03116474859416485,
            -0.8188402652740479,
            -0.10644032061100006
        ],
        [
            0.03475745767354965,
            -0.8193566799163818,
            -0.10436628758907318
        ],
        [
            0.03323093801736832,
            -0.8237935900688171,
            -0.10367259383201599
        ],
        [
            0.030136657878756523,
            -0.8236573934555054,
            -0.10542235523462296
        ],
        [
            0.04808325693011284,
            -0.8263707160949707,
            -0.09351037442684174
        ],
        [
            0.05049828439950943,
            -0.8280103206634521,
            -0.09249256551265717
        ],
        [
            0.04749976843595505,
            -0.8307576179504395,
            -0.09652179479598999
        ],
        [
            0.04622572660446167,
            -0.8279668092727661,
            -0.09619937837123871
        ],
        [
            0.05314137041568756,
            -0.8299563527107239,
            -0.09173186123371124
        ],
        [
            0.05149029195308685,
            -0.8258296847343445,
            -0.09026557207107544
        ],
        [
            0.05434460937976837,
            -0.8264962434768677,
            -0.08911217749118805
        ],
        [
            0.04878119379281998,
            -0.8215566873550415,
            -0.09009736776351929
        ],
        [
            0.05107704550027847,
            -0.8199149370193481,
            -0.08810727298259735
        ],
        [
            0.05186609923839569,
            -0.8225811719894409,
            -0.08900313079357147
        ],
        [
            0.04920594021677971,
            -0.816634476184845,
            -0.08894963562488556
        ],
        [
            0.04657122865319252,
            -0.8196432590484619,
            -0.09160776436328888
        ],
        [
            0.043614014983177185,
            -0.8177950978279114,
            -0.09496590495109558
        ],
        [
            0.03976418823003769,
            -0.8161153197288513,
            -0.0992698222398758
        ],
        [
            0.041504472494125366,
            -0.8113094568252563,
            -0.0957413986325264
        ],
        [
            0.04591008648276329,
            -0.8136552572250366,
            -0.09182626754045486
        ],
        [
            0.04931911826133728,
            -0.8346066474914551,
            -0.09536223858594894
        ],
        [
            0.055640362203121185,
            -0.8219462633132935,
            -0.0863504558801651
        ],
        [
            0.05918978154659271,
            -0.8282631635665894,
            -0.08586722612380981
        ],
        [
            0.055247463285923004,
            -0.8171285390853882,
            -0.08526141941547394
        ],
        [
            0.05312245339155197,
            -0.8126375675201416,
            -0.08534063398838043
        ],
        [
            0.04923102259635925,
            -0.8085455894470215,
            -0.08735398948192596
        ],
        [
            0.0444205179810524,
            -0.8051644563674927,
            -0.09125293791294098
        ],
        [
            0.038124293088912964,
            -0.7802956700325012,
            -0.08410206437110901
        ],
        [
            0.04577071964740753,
            -0.785200834274292,
            -0.07915908098220825
        ],
        [
            0.05789116770029068,
            -0.9054111242294312,
            -0.09729083627462387
        ],
        [
            0.06598523259162903,
            -0.904352068901062,
            -0.09330467879772186
        ],
        [
            0.06565477699041367,
            -0.8964909315109253,
            -0.0884895846247673
        ],
        [
            0.06743007153272629,
            -0.8990243673324585,
            -0.08790705353021622
        ],
        [
            0.06272295862436295,
            -0.9002876281738281,
            -0.09210710972547531
        ],
        [
            0.06220589950680733,
            -0.8973257541656494,
            -0.0916421115398407
        ],
        [
            0.07612781971693039,
            -0.8890364170074463,
            -0.07079295814037323
        ],
        [
            0.07228552550077438,
            -0.890865683555603,
            -0.07624956220388412
        ],
        [
            0.07222839444875717,
            -0.8870449066162109,
            -0.07464073598384857
        ],
        [
            0.077512726187706,
            -0.8823723793029785,
            -0.06980618834495544
        ],
        [
            0.0659191757440567,
            -0.8794792890548706,
            -0.08275628089904785
        ],
        [
            0.06956680119037628,
            -0.8807388544082642,
            -0.07881022244691849
        ],
        [
            0.06647946685552597,
            -0.8874335289001465,
            -0.08222891390323639
        ],
        [
            0.06391506642103195,
            -0.8865427374839783,
            -0.08516661822795868
        ],
        [
            0.060569945722818375,
            -0.8860979080200195,
            -0.08778613805770874
        ],
        [
            0.05661540478467941,
            -0.886161208152771,
            -0.089689239859581
        ],
        [
            0.05671072378754616,
            -0.8807681798934937,
            -0.08904895186424255
        ],
        [
            0.06138034164905548,
            -0.8797839283943176,
            -0.08637011051177979
        ],
        [
            0.05657278001308441,
            -0.9014805555343628,
            -0.09445951133966446
        ],
        [
            0.04942990094423294,
            -0.9008084535598755,
            -0.09540383517742157
        ],
        [
            0.050601277500391006,
            -0.8977028131484985,
            -0.09449885040521622
        ],
        [
            0.05681425333023071,
            -0.8981307744979858,
            -0.0941532552242279
        ],
        [
            0.03974943235516548,
            -0.8913098573684692,
            -0.09099770337343216
        ],
        [
            0.04115629568696022,
            -0.8937775492668152,
            -0.09193453937768936
        ],
        [
            0.037995513528585434,
            -0.8951507806777954,
            -0.09381574392318726
        ],
        [
            0.03688367083668709,
            -0.8906797170639038,
            -0.09293573349714279
        ],
        [
            0.0390191413462162,
            -0.8876199722290039,
            -0.09254246950149536
        ],
        [
            0.04101283475756645,
            -0.8896155953407288,
            -0.09117226302623749
        ],
        [
            0.0593315064907074,
            -0.9598891735076904,
            -0.08790510147809982
        ],
        [
            0.05539027601480484,
            -0.9432306289672852,
            -0.09759905189275742
        ],
        [
            0.07236552238464355,
            -0.9526916146278381,
            -0.07365968078374863
        ],
        [
            0.07995127141475677,
            -0.9420440196990967,
            -0.06100577861070633
        ],
        [
            0.08553508669137955,
            -0.9282117486000061,
            -0.050418488681316376
        ],
        [
            0.07137732207775116,
            -0.8265928626060486,
            -0.06950870156288147
        ],
        [
            0.0713714212179184,
            -0.8176605105400085,
            -0.06315876543521881
        ],
        [
            0.07688085734844208,
            -0.8247510194778442,
            -0.05027585104107857
        ],
        [
            0.07395487278699875,
            -0.8144949078559875,
            -0.04563121497631073
        ],
        [
            0.06854285299777985,
            -0.8074038028717041,
            -0.0595795102417469
        ],
        [
            0.054700762033462524,
            -0.7889382243156433,
            -0.0589953176677227
        ],
        [
            0.06319251656532288,
            -0.7972381114959717,
            -0.05831080675125122
        ],
        [
            0.06833312660455704,
            -0.8045016527175903,
            -0.04104655608534813
        ],
        [
            0.07359693944454193,
            -0.8166903853416443,
            -0.024986669421195984
        ],
        [
            0.07766025513410568,
            -0.8239933252334595,
            -0.03262200951576233
        ],
        [
            0.07566653192043304,
            -0.8321455121040344,
            -0.012013286352157593
        ],
        [
            0.06704011559486389,
            -0.8094748258590698,
            -0.014609750360250473
        ],
        [
            0.07132668793201447,
            -0.8312723636627197,
            -0.004147332161664963
        ],
        [
            0.051193300634622574,
            -0.774652361869812,
            -0.021490903571248055
        ],
        [
            0.05236034095287323,
            -0.7635822892189026,
            -0.01783275604248047
        ],
        [
            0.06241343170404434,
            -0.7708084583282471,
            -0.0035251835361123085
        ],
        [
            0.061667222529649734,
            -0.7817991971969604,
            -0.006924279034137726
        ],
        [
            0.08016519248485565,
            -0.8323799967765808,
            -0.040188319981098175
        ],
        [
            0.0856957659125328,
            -0.8962723016738892,
            -0.04667108133435249
        ],
        [
            0.08324715495109558,
            -0.8961306810379028,
            -0.05844498425722122
        ],
        [
            0.08644065260887146,
            -0.8834184408187866,
            -0.04298799857497215
        ],
        [
            0.08642949908971786,
            -0.9555744528770447,
            -0.027782544493675232
        ],
        [
            0.08487441390752792,
            -0.9511977434158325,
            -0.04604247957468033
        ],
        [
            0.08947443217039108,
            -0.9354631304740906,
            -0.038008321076631546
        ],
        [
            0.09136540442705154,
            -0.9418145418167114,
            -0.021950677037239075
        ],
        [
            0.0611594095826149,
            -0.9903402924537659,
            -0.04108857363462448
        ],
        [
            0.06287501007318497,
            -0.9778549075126648,
            -0.06630370020866394
        ],
        [
            0.07352399826049805,
            -0.9661280512809753,
            -0.05678245797753334
        ],
        [
            0.07400409132242203,
            -0.9757080078125,
            -0.036108821630477905
        ],
        [
            0.09117761254310608,
            -0.9433099627494812,
            -0.008423812687397003
        ],
        [
            0.08891291171312332,
            -0.9445844888687134,
            0.009826868772506714
        ],
        [
            0.08404922485351562,
            -0.9602890014648438,
            0.01586097478866577
        ],
        [
            0.08563187718391418,
            -0.9609109163284302,
            -0.006573282182216644
        ],
        [
            0.07127222418785095,
            -0.9805048704147339,
            0.020628876984119415
        ],
        [
            0.0733085498213768,
            -0.9813596606254578,
            -0.0068777576088905334
        ],
        [
            0.06768208742141724,
            -0.8182580471038818,
            0.0057060979306697845
        ],
        [
            0.06906729936599731,
            -0.8364933729171753,
            0.00827515497803688
        ],
        [
            0.061479631811380386,
            -0.7946849465370178,
            -0.012301558628678322
        ],
        [
            0.06663559377193451,
            -0.8024592399597168,
            0.004886925220489502
        ],
        [
            0.05272611975669861,
            -0.9956187009811401,
            0.022697925567626953
        ],
        [
            0.056329961866140366,
            -0.9980891942977905,
            -0.009495988488197327
        ],
        [
            0.0707307755947113,
            -0.9227044582366943,
            0.05674838274717331
        ],
        [
            0.07464411109685898,
            -0.9404852390289307,
            0.04899810999631882
        ],
        [
            0.08309201896190643,
            -0.9275119304656982,
            0.034648068249225616
        ],
        [
            0.07867927849292755,
            -0.9126565456390381,
