{
    "pred_cam": [
        1.8981328010559082,
        0.004869574680924416,
        0.5213645696640015
    ],
    "pred_smpl_params": {
        "global_orient": [
            [
                [
                    0.9995579719543457,
                    0.005501515232026577,
                    0.02921832911670208
                ],
                [
                    0.005051408428698778,
                    -0.9998677372932434,
                    0.015456173568964005
                ],
                [
                    0.029299499467015266,
                    -0.015301746316254139,
                    -0.9994535446166992
                ]
            ]
        ],
        "body_pose": [
            [
                [
                    0.9989845752716064,
                    -0.03764227032661438,
                    0.024756301194429398
                ],
                [
                    0.03292311355471611,
                    0.9850295782089233,
                    0.16921229660511017
                ],
                [
                    -0.03075522370636463,
                    -0.16822542250156403,
                    0.9852686524391174
                ]
            ],
            [
                [
                    0.9987430572509766,
                    0.04056011885404587,
                    -0.029449764639139175
                ],
                [
                    -0.0366257019340992,
                    0.9916485548019409,
                    0.12365926057100296
                ],
                [
                    0.03421945497393608,
                    -0.12242519855499268,
                    0.991887629032135
                ]
            ],
            [
                [
                    0.9998466372489929,
                    -0.010036878287792206,
                    0.014357542619109154
                ],
                [
                    0.010807384736835957,
                    0.998447835445404,
                    -0.05463618040084839
                ],
                [
                    -0.013786882162094116,
                    0.05478295683860779,
                    0.9984031915664673
                ]
            ],
            [
                [
                    0.991833508014679,
                    0.025306642055511475,
                    -0.12500333786010742
                ],
                [
                    -0.08820431679487228,
                    0.844038188457489,
                    -0.5289797186851501
                ],
                [
                    0.09212089329957962,
                    0.535685658454895,
                    0.8393775224685669
                ]
            ],
            [
                [
                    0.9880210161209106,
                    -0.0465148389339447,
                    0.1471419483423233
                ],
                [
                    0.11612904071807861,
                    0.8520434498786926,
                    -0.5104272961616516
                ],
                [
                    -0.101628877222538,
                    0.5214003920555115,
                    0.8472385406494141
                ]
            ],
            [
                [
                    0.9996674656867981,
                    -0.014770422130823135,
                    0.0211383868008852
                ],
                [
                    0.013744569383561611,
                    0.9987585544586182,
                    0.0478791743516922
                ],
                [
                    -0.0218193419277668,
                    -0.04757271334528923,
                    0.9986294507980347
                ]
            ],
            [
                [
                    0.9699552059173584,
                    0.049828194081783295,
                    0.23812629282474518
                ],
                [
                    -0.06044115126132965,
                    0.997468113899231,
                    0.037472255527973175
                ],
                [
                    -0.2356562316417694,
                    -0.050739023834466934,
                    0.9705110788345337
                ]
            ],
            [
                [
                    0.9739662408828735,
                    -0.03456605225801468,
                    -0.2240418791770935
                ],
                [
                    0.03954624384641647,
                    0.9990595579147339,
                    0.017778610810637474
                ],
                [
                    0.22321665287017822,
                    -0.026175783947110176,
                    0.9744172692298889
                ]
            ],
            [
                [
                    0.999914288520813,
                    0.003703157417476177,
                    0.012553623877465725
                ],
                [
                    -0.002163029508665204,
                    0.992705225944519,
                    -0.12054756283760071
                ],
                [
                    -0.012908454984426498,
                    0.12051008641719818,
                    0.9926281571388245
                ]
            ],
            [
                [
                    0.9873234629631042,
                    -0.14641158282756805,
                    -0.061286356300115585
                ],
                [
                    0.15234379470348358,
                    0.9825114607810974,
                    0.10706382244825363
                ],
                [
                    0.044539161026477814,
                    -0.11504321545362473,
                    0.9923614859580994
                ]
            ],
            [
                [
                    0.9919528961181641,
                    0.12419566512107849,
                    0.024591175839304924
                ],
                [
                    -0.12646356225013733,
                    0.9811976552009583,
                    0.14580155909061432
                ],
                [
                    -0.006020885426551104,
                    -0.14773818850517273,
                    0.9890080690383911
                ]
            ],
            [
                [
                    0.9986807107925415,
                    0.00803705956786871,
                    0.05071675404906273
                ],
                [
                    -0.01305536087602377,
                    0.9949613213539124,
                    0.09940651059150696
                ],
                [
                    -0.0496622659265995,
                    -0.09993749111890793,
                    0.9937536120414734
                ]
            ],
            [
                [
                    0.9490107297897339,
                    0.31312939524650574,
                    0.03645199537277222
                ],
                [
                    -0.3097390830516815,
                    0.9476989507675171,
                    -0.07699692994356155
                ],
                [
                    -0.0586555153131485,
                    0.06178029626607895,
                    0.9963648915290833
                ]
            ],
            [
                [
                    0.9423998594284058,
                    -0.3323098421096802,
                    -0.038112789392471313
                ],
                [
                    0.3297264277935028,
                    0.9420914649963379,
                    -0.06118956580758095
                ],
                [
                    0.05623962730169296,
                    0.04509825259447098,
                    0.9973981976509094
                ]
            ],
            [
                [
                    0.9997701644897461,
                    0.00987586472183466,
                    0.019027628004550934
                ],
                [
                    -0.00673990324139595,
                    0.987362802028656,
                    -0.1583331972360611
                ],
                [
                    -0.020350845530629158,
                    0.15816856920719147,
                    0.9872024059295654
                ]
            ],
            [
                [
                    0.49128457903862,
                    0.8429630994796753,
                    -0.21920916438102722
                ],
                [
                    -0.8705011606216431,
                    0.4837081730365753,
                    -0.09085219353437424
                ],
                [
                    0.029448220506310463,
                    0.23545610904693604,
                    0.9714387059211731
                ]
            ],
            [
                [
                    0.49316030740737915,
                    -0.8542183041572571,
                    0.16463273763656616
                ],
                [
                    0.8683338761329651,
                    0.4948444068431854,
                    -0.033544860780239105
                ],
                [
                    -0.05281296372413635,
                    0.1594991832971573,
                    0.9857842922210693
                ]
            ],
            [
                [
                    0.8473162055015564,
                    -0.12003396451473236,
                    -0.5173461437225342
                ],
                [
                    -0.011025720275938511,
                    0.9699380993843079,
                    -0.24310176074504852
                ],
                [
                    0.530974268913269,
                    0.21168816089630127,
                    0.82052081823349
                ]
            ],
            [
                [
                    0.9194179773330688,
                    0.11080119758844376,
                    0.3773508667945862
                ],
                [
                    -0.06271550059318542,
                    0.9885209798812866,
                    -0.13745184242725372
                ],
                [
                    -0.38824909925460815,
                    0.10270994901657104,
                    0.9158129096031189
                ]
            ],
            [
                [
                    0.9990489482879639,
                    0.03564523905515671,
                    0.02511204034090042
                ],
                [
                    -0.03467441350221634,
                    0.9986725449562073,
                    -0.03808864206075668
                ],
                [
                    -0.02643638476729393,
                    0.03718167170882225,
                    0.9989587068557739
                ]
            ],
            [
                [
                    0.9975199103355408,
                    -0.03681153059005737,
                    -0.059991709887981415
                ],
                [
                    0.033820830285549164,
                    0.9981700778007507,
                    -0.05012720078229904
                ],
                [
                    0.06172718107700348,
                    0.047973908483982086,
                    0.9969395399093628
                ]
            ],
            [
                [
                    0.9672389030456543,
                    0.23247824609279633,
                    -0.1019940972328186
                ],
                [
                    -0.2124621719121933,
                    0.961185097694397,
                    0.17601966857910156
                ],
                [
                    0.1389559656381607,
                    -0.14858317375183105,
                    0.9790884256362915
                ]
            ],
            [
                [
                    0.9711994528770447,
                    -0.23019249737262726,
                    0.06150628626346588
                ],
                [
                    0.21368899941444397,
                    0.9556806087493896,
                    0.20251339673995972
                ],
                [
                    -0.10539741814136505,
                    -0.18353767693042755,
                    0.9773460626602173
                ]
            ]
        ],
        "betas": [
            0.028819352388381958,
            -0.021680891513824463,
            0.10240668058395386,
            0.06523680686950684,
            0.08366084098815918,
            0.04629034176468849,
            -0.049799948930740356,
            -0.0921410322189331,
            0.11503582447767258,
            -0.13256007432937622
        ]
    },
    "pred_cam_t": [
        0.004869574680924416,
        0.5213645696640015,
        20.579435348510742
    ],
    "focal_length": [
        5000.0,
        5000.0
    ],
    "pred_keypoints_3d": [
        [
            0.018501747399568558,
            -0.8463722467422485,
            -0.13552001118659973
        ],
        [
            -0.0051654549315571785,
            -0.7429513931274414,
            0.02825799211859703
        ],
        [
            -0.18464979529380798,
            -0.645561695098877,
            0.036674365401268005
        ],
        [
            -0.21974146366119385,
            -0.39988428354263306,
            0.09638120979070663
        ],
        [
            -0.26394426822662354,
            -0.1562114804983139,
            0.03277083486318588
        ],
        [
            0.17203938961029053,
            -0.6565036177635193,
            0.05801980197429657
        ],
        [
            0.21446147561073303,
            -0.4121152460575104,
            0.14069321751594543
        ],
        [
            0.24579720199108124,
            -0.1798515021800995,
            0.05474881827831268
        ],
        [
            -0.0017860792577266693,
            -0.22542551159858704,
            0.028463954105973244
        ],
        [
            -0.07038544118404388,
            -0.1348419040441513,
            0.03225305303931236
        ],
        [
            -0.12456955760717392,
            0.244056835770607,
            -0.00010414794087409973
        ],
        [
            -0.11011479049921036,
            0.5852347612380981,
            0.20939575135707855
        ],
        [
            0.06734679639339447,
            -0.13325630128383636,
            0.03887041658163071
        ],
        [
            0.11488533020019531,
            0.23636369407176971,
            -0.011471819132566452
        ],
        [
            0.09463628381490707,
            0.5827838182449341,
            0.18796445429325104
        ],
        [
            -0.01978657767176628,
            -0.8878539800643921,
            -0.10927942395210266
        ],
        [
            0.04628977179527283,
            -0.889419436454773,
            -0.10093945264816284
        ],
        [
            -0.07284435629844666,
            -0.8769334554672241,
            -0.019769422709941864
        ],
        [
            0.07298953086137772,
            -0.8809764981269836,
            -0.00251036137342453
        ],
        [
            0.11712511628866196,
            0.7053694128990173,
            0.029656589031219482
        ],
        [
            0.17794719338417053,
            0.6904689073562622,
            0.0865468680858612
        ],
        [
            0.09293434023857117,
            0.5947576761245728,
            0.25862932205200195
        ],
        [
            -0.11199180781841278,
            0.7084751129150391,
            0.05221503973007202
        ],
        [
            -0.18347027897834778,
            0.6951946020126343,
            0.10109743475914001
        ],
        [
            -0.11151707172393799,
            0.6035380959510803,
            0.2812589108943939
        ],
        [
            -0.13313598930835724,
            0.5296128988265991,
            0.21285244822502136
        ],
        [
            -0.11907438933849335,
            0.1806405782699585,
            -0.003195555880665779
        ],
        [
            -0.14972731471061707,
            -0.2586897611618042,
            0.032622724771499634
        ],
        [
            0.14466705918312073,
            -0.2425413429737091,
            0.056301191449165344
        ],
        [
            0.12485237419605255,
            0.1957802176475525,
            -0.010901667177677155
        ],
        [
            0.10230167210102081,
            0.5418807864189148,
            0.1994735151529312
        ],
        [
            -0.25207024812698364,
            -0.1794397383928299,
            0.00803698506206274
        ],
        [
            -0.24918504059314728,
            -0.417817085981369,
            0.07367348670959473
        ],
        [
            -0.1495443880558014,
            -0.6778961420059204,
            0.03580402955412865
        ],
        [
            0.14118874073028564,
            -0.6874409914016724,
            0.05856247991323471
        ],
        [
            0.24766838550567627,
            -0.43436601758003235,
            0.10701151192188263
        ],
        [
            0.24821646511554718,
            -0.19773533940315247,
            0.04420749470591545
        ],
        [
            -0.002987174317240715,
            -0.7380108833312988,
            0.0276896171271801
        ],
        [
            0.005143774673342705,
            -0.9312692880630493,
            -0.02832232043147087
        ],
        [
            -0.001788817928172648,
            -0.2511005997657776,
            0.044458888471126556
        ],
        [
            -0.005042368546128273,
            -0.6811047792434692,
            0.04251044988632202
        ],
        [
            -0.0023904703557491302,
            -0.5002914667129517,
            0.058621540665626526
        ],
        [
            0.015012568794190884,
            -0.8220971822738647,
            -0.057660460472106934
        ],
        [
            -0.0009039454162120819,
            -0.9506544470787048,
            -0.020788630470633507
        ]
    ],
    "pred_vertices": [
        [
            0.05687122792005539,
            -0.9367459416389465,
            -0.10139860957860947
        ],
        [
            0.05187719687819481,
            -0.9220302104949951,
            -0.10800981521606445
        ],
        [
            0.06164451315999031,
            -0.9189645648002625,
            -0.09797874093055725
        ],
        [
            0.06616745889186859,
            -0.9299981594085693,
            -0.08818654716014862
        ],
        [
            0.0586589090526104,
            -0.9095224142074585,
            -0.10374709963798523
        ],
        [
            0.04969293251633644,
            -0.9104021787643433,
            -0.11187959462404251
        ],
        [
            0.06722985953092575,
            -0.913186252117157,
            -0.08656785637140274
        ],
        [
            0.07104986906051636,
            -0.9204555153846741,
            -0.07563493400812149
        ],
        [
            0.07170204073190689,
            -0.8776800632476807,
            -0.07321066409349442
        ],
        [
            0.07447551190853119,
            -0.8736234307289124,
            -0.06330094486474991
        ],
        [
            0.0742182731628418,
            -0.8857272863388062,
            -0.06511393189430237
        ],
        [
            0.07043787837028503,
            -0.8865563273429871,
            -0.07461263984441757
        ],
        [
            0.07096988707780838,
            -0.8515686988830566,
            -0.06930872052907944
        ],
        [
            0.0662461519241333,
            -0.8419919610023499,
            -0.07800283282995224
        ],
        [
            0.0672229453921318,
            -0.833126425743103,
            -0.06784847378730774
        ],
        [
            0.07060687988996506,
            -0.84220951795578,
            -0.05841440707445145
        ],
        [
            0.03733648359775543,
            -0.8548856377601624,
            -0.1060756966471672
        ],
        [
            0.04263768345117569,
            -0.8484199047088623,
            -0.10397674143314362
        ],
        [
            0.04619117081165314,
            -0.855228841304779,
            -0.1027643010020256
        ],
        [
            0.040122222155332565,
            -0.8608787655830383,
            -0.10462053120136261
        ],
        [
            0.028970178216695786,
            -0.8643089532852173,
            -0.11387455463409424
        ],
        [
            0.02939252182841301,
            -0.8699333667755127,
            -0.11057834327220917
        ],
        [
            0.025376036763191223,
            -0.8736151456832886,
            -0.11644481122493744
        ],
        [
            0.025981072336435318,
            -0.8672847747802734,
            -0.1206483542919159
        ],
        [
            0.03206951916217804,
            -0.8494632244110107,
            -0.10672029852867126
        ],
        [
            0.037746675312519073,
            -0.8428569436073303,
            -0.1042175441980362
        ],
        [
            0.032897572964429855,
            -0.8604680299758911,
            -0.10855084657669067
        ],
        [
            0.03134983777999878,
            -0.8558187484741211,
            -0.11092156171798706
        ],
        [
            0.030204296112060547,
            -0.8495039939880371,
            -0.12150891870260239
        ],
        [
            0.03139100968837738,
            -0.8542624711990356,
            -0.11995650082826614
        ],
        [
            0.029096852988004684,
            -0.8552051782608032,
            -0.12734749913215637
        ],
        [
            0.027873795479536057,
            -0.8496220111846924,
            -0.12672701478004456
        ],
        [
            0.031425148248672485,
            -0.8489573001861572,
            -0.11178994178771973
        ],
        [
            0.0323895663022995,
            -0.8518620729446411,
            -0.1146385669708252
        ],
        [
            0.030433934181928635,
            -0.8480157852172852,
            -0.11719657480716705
        ],
        [
            0.02852463908493519,
            -0.8458876013755798,
            -0.11408162862062454
        ],
        [
            0.028893213719129562,
            -0.8599071502685547,
            -0.11667882651090622
        ],
        [
            0.02713629975914955,
            -0.8616734743118286,
            -0.1241392120718956
        ],
        [
            0.02434540167450905,
            -0.8629413843154907,
            -0.1317840814590454
        ],
        [
            0.025955643504858017,
            -0.8545324802398682,
            -0.13487109541893005
        ],
        [
            0.05255820229649544,
            -0.8351485729217529,
            -0.09544095396995544
        ],
        [
            0.04818810522556305,
            -0.8419332504272461,
            -0.10065954178571701
        ],
        [
            0.04324799031019211,
            -0.8368724584579468,
            -0.10144777595996857
        ],
        [
            0.04753809794783592,
            -0.831478476524353,
            -0.09764616191387177
        ],
        [
            0.029132800176739693,
            -0.842876672744751,
            -0.11037544161081314
        ],
        [
            0.033040959388017654,
            -0.8269084692001343,
            -0.10949516296386719
        ],
        [
            0.03328514099121094,
            -0.8307781219482422,
            -0.10976674407720566
        ],
        [
            0.027984309941530228,
            -0.8314366340637207,
            -0.11471107602119446
        ],
        [
            0.028360240161418915,
            -0.8278293609619141,
            -0.11421170830726624
        ],
        [
            0.056148380041122437,
            -0.8210806250572205,
            -0.08524490147829056
        ],
        [
            0.05123969912528992,
            -0.8197730779647827,
            -0.09051251411437988
        ],
        [
            0.051278192549943924,
            -0.8129494190216064,
            -0.08754196763038635
        ],
        [
            0.05534308776259422,
            -0.81297767162323,
            -0.08106281608343124
        ],
        [
            0.04884147644042969,
            -0.807176411151886,
            -0.08670485764741898
        ],
        [
            0.053548362106084824,
            -0.805213212966919,
            -0.07784874737262726
        ],
        [
            0.04482702538371086,
            -0.790730357170105,
            -0.07890482991933823
        ],
        [
            0.049297962337732315,
            -0.7971752882003784,
            -0.07801678776741028
        ],
        [
            0.04518076777458191,
            -0.8014069199562073,
            -0.0875837504863739
        ],
        [
            0.04050690308213234,
            -0.7959877252578735,
            -0.09135600924491882
        ],
        [
            0.030123598873615265,
            -0.8001224994659424,
            -0.10201874375343323
        ],
        [
            0.024795282632112503,
            -0.7986868619918823,
            -0.10556493699550629
        ],
        [
            0.029040422290563583,
            -0.7866449356079102,
            -0.10222677141427994
        ],
        [
            0.034660130739212036,
            -0.7904419898986816,
            -0.09734178334474564
        ],
        [
            0.03202204406261444,
            -0.8212680816650391,
            -0.10485582798719406
        ],
        [
            0.035376884043216705,
            -0.8215212821960449,
            -0.10139238834381104
        ],
        [
            0.03603248670697212,
            -0.8229265213012695,
            -0.10367550700902939
        ],
        [
            0.03262567147612572,
            -0.8238023519515991,
            -0.10772065818309784
        ],
        [
            0.038499798625707626,
            -0.8214664459228516,
            -0.09883217513561249
        ],
        [
            0.03993487358093262,
            -0.8213001489639282,
            -0.09776878356933594
        ],
        [
            0.03997599706053734,
            -0.8225188255310059,
            -0.09911506623029709
        ],
        [
            0.038533084094524384,
            -0.8221938610076904,
            -0.09948781132698059
        ],
        [
            0.03676091134548187,
            -0.8217662572860718,
            -0.10042200237512589
        ],
        [
            0.03585484251379967,
            -0.8197921514511108,
            -0.10091052204370499
        ],
        [
            0.037762101739645004,
            -0.8206297159194946,
            -0.09943775832653046
        ],
        [
            0.032910604029893875,
            -0.818770170211792,
            -0.10428968816995621
        ],
        [
            0.02195863425731659,
            -0.8158091902732849,
            -0.1141168624162674
        ],
        [
            0.02551516890525818,
            -0.8164665699005127,
            -0.11202749609947205
        ],
        [
            0.02390742488205433,
            -0.820898175239563,
            -0.11156199127435684
        ],
        [
            0.020846515893936157,
            -0.8206452131271362,
            -0.11334438621997833
        ],
        [
            0.03865505009889603,
            -0.8241689801216125,
            -0.10140200704336166
        ],
        [
            0.041033871471881866,
            -0.8258841037750244,
            -0.10046733170747757
        ],
        [
            0.038016241043806076,
            -0.8283877372741699,
            -0.10464771836996078
        ],
        [
            0.036778148263692856,
            -0.8256094455718994,
            -0.10418964177370071
        ],
        [
            0.04365076869726181,
            -0.8278854489326477,
            -0.09978653490543365
        ],
        [
            0.04205331951379776,
            -0.8238235712051392,
            -0.09813110530376434
        ],
        [
            0.04491530358791351,
            -0.8245816230773926,
            -0.09700234979391098
        ],
        [
            0.039416201412677765,
            -0.8195264339447021,
            -0.09777042269706726
        ],
        [
            0.04174181818962097,
            -0.8180038928985596,
            -0.09569805860519409
        ],
        [
            0.04248138144612312,
            -0.8206367492675781,
            -0.09671227633953094
        ],
        [
            0.03992493823170662,
            -0.8146681785583496,
            -0.09638658910989761
        ],
        [
            0.037250272929668427,
            -0.8175176978111267,
            -0.09920279681682587
        ],
        [
            0.03433883190155029,
            -0.8154795169830322,
            -0.10249568521976471
        ],
        [
            0.030551372095942497,
            -0.8135479688644409,
            -0.10674884915351868
        ],
        [
            0.032355450093746185,
            -0.8089389801025391,
            -0.1029905304312706
        ],
        [
            0.036697082221508026,
            -0.8115205764770508,
            -0.09915033727884293
        ],
        [
            0.03978150710463524,
            -0.8323079347610474,
            -0.10367567092180252
        ],
        [
            0.04627951607108116,
            -0.8201608657836914,
            -0.0940324142575264
        ],
        [
            0.04973362758755684,
            -0.8265442848205566,
            -0.09383649379014969
        ],
        [
            0.045964207500219345,
            -0.8153983354568481,
            -0.09271200001239777
        ],
        [
            0.043914228677749634,
            -0.8108857870101929,
            -0.09257787466049194
        ],
        [
            0.04010112211108208,
            -0.8066969513893127,
            -0.09442916512489319
        ],
        [
            0.035376060754060745,
            -0.8030623197555542,
            -0.09820489585399628
        ],
        [
            0.02957480400800705,
            -0.7784635424613953,
            -0.09001347422599792
        ],
        [
            0.03707576543092728,
            -0.7837169170379639,
            -0.08519190549850464
        ],
        [
            0.0473300963640213,
            -0.9029816389083862,
            -0.10901763290166855
        ],
        [
            0.05540406331419945,
            -0.902266263961792,
            -0.10489903390407562
        ],
        [
            0.05513549596071243,
            -0.8946396112442017,
            -0.09969224780797958
        ],
        [
            0.05686567723751068,
            -0.8972135782241821,
            -0.09921952337026596
        ],
        [
            0.05218597501516342,
            -0.8982056379318237,
            -0.10353267192840576
        ],
        [
            0.051705844700336456,
            -0.8952546119689941,
            -0.10293299704790115
        ],
        [
            0.06563945859670639,
            -0.8882142901420593,
            -0.08154633641242981
        ],
        [
            0.06179140508174896,
            -0.8897116184234619,
            -0.08711884915828705
        ],
        [
            0.061783287674188614,
            -0.8859866857528687,
            -0.08533261716365814
        ],
        [
            0.06711968779563904,
            -0.8816322088241577,
            -0.0802379623055458
        ],
        [
            0.05561400204896927,
            -0.8779619932174683,
            -0.09314359724521637
        ],
        [
            0.0592278391122818,
            -0.8794653415679932,
            -0.08922486752271652
        ],
        [
            0.05603751167654991,
            -0.8859236240386963,
            -0.0929594412446022
        ],
        [
            0.05350496992468834,
            -0.8848464488983154,
            -0.09587506949901581
        ],
        [
            0.050175607204437256,
            -0.884229302406311,
            -0.0985068827867508
        ],
        [
            0.04622388258576393,
            -0.8841464519500732,
            -0.10045184940099716
        ],
        [
            0.04639660567045212,
            -0.8787936568260193,
            -0.09956053644418716
        ],
        [
            0.05107935890555382,
            -0.8780056238174438,
            -0.09680414199829102
        ],
        [
            0.0460096076130867,
            -0.8991717100143433,
            -0.10595396906137466
        ],
        [
            0.03888070210814476,
            -0.898364245891571,
            -0.10692428797483444
        ],
        [
            0.040080539882183075,
            -0.8953206539154053,
            -0.10584287345409393
        ],
        [
            0.046299174427986145,
            -0.8958471417427063,
            -0.1054975837469101
        ],
        [
            0.02924681082367897,
            -0.8889758586883545,
            -0.1020706370472908
        ],
        [
            0.03063630498945713,
            -0.8914152383804321,
            -0.1031234860420227
        ],
        [
            0.02746312879025936,
            -0.8926524519920349,
            -0.10508053749799728
        ],
        [
            0.02638493850827217,
            -0.8882089853286743,
            -0.10398418456315994
        ],
        [
            0.028568336740136147,
            -0.8852055668830872,
            -0.10342403501272202
        ],
        [
            0.03054295852780342,
            -0.8872958421707153,
            -0.10214844346046448
        ],
        [
            0.04795990511775017,
            -0.9580488204956055,
            -0.10216277092695236
        ],
        [
            0.044382493942976,
            -0.9408154487609863,
            -0.11108540743589401
        ],
        [
            0.06106363236904144,
            -0.9516657590866089,
            -0.0875440388917923
        ],
        [
            0.06873279064893723,
            -0.9416837096214294,
            -0.07433775067329407
        ],
        [
            0.07442636787891388,
            -0.9284447431564331,
            -0.06297437846660614
        ],
        [
            0.06187089532613754,
            -0.8258107900619507,
            -0.07730551064014435
        ],
        [
            0.061977263540029526,
            -0.8171792030334473,
            -0.07050588726997375
        ],
        [
            0.06726285815238953,
            -0.8249971866607666,
            -0.057940393686294556
        ],
        [
            0.06447845697402954,
            -0.8149150609970093,
            -0.0527571365237236
        ],
        [
            0.05930652096867561,
            -0.8070881366729736,
            -0.06642072647809982
        ],
        [
            0.045876629650592804,
            -0.7884628176689148,
            -0.06503183394670486
        ],
        [
            0.05414555221796036,
            -0.7969369888305664,
            -0.06464718282222748
        ],
        [
            0.058962248265743256,
            -0.8050893545150757,
            -0.04763602092862129
        ],
        [
            0.06381446123123169,
            -0.8180899024009705,
            -0.032116811722517014
        ],
        [
            0.06787784397602081,
            -0.8250995874404907,
            -0.040200456976890564
        ],
        [
            0.06551750004291534,
            -0.8341778516769409,
            -0.0198318250477314
        ],
        [
            0.05735420435667038,
            -0.811240553855896,
            -0.021223541349172592
        ],
        [
            0.0611618235707283,
            -0.8335322141647339,
            -0.011826392263174057
        ],
        [
            0.04258493334054947,
            -0.7760760188102722,
            -0.026472218334674835
        ],
        [
            0.04386064037680626,
            -0.7654818892478943,
            -0.022126657888293266
        ],
        [
            0.05300786346197128,
            -0.7733993530273438,
            -0.00760217010974884
        ],
        [
            0.052346330136060715,
            -0.7839893102645874,
            -0.011792367324233055
        ],
        [
            0.070329450070858,
            -0.833120584487915,
            -0.04819020628929138
        ],
        [
            0.07498631626367569,
            -0.896729588508606,
            -0.05760113522410393
        ],
        [
            0.07258351147174835,
            -0.8960145711898804,
            -0.0694868341088295
        ],
        [
            0.07591420412063599,
            -0.8840795755386353,
            -0.05335653945803642
        ],
        [
            0.07479442656040192,
            -0.9569066762924194,
            -0.04164884611964226
        ],
        [
            0.0734718069434166,
            -0.9516648054122925,
            -0.059747111052274704
        ],
        [
            0.07818467915058136,
            -0.9363730549812317,
            -0.0508856326341629
        ],
        [
            0.0798867717385292,
            -0.9435171484947205,
            -0.03509698063135147
        ],
        [
            0.04904548078775406,
            -0.9906242489814758,
            -0.05676162242889404
        ],
        [
            0.05109624192118645,
            -0.9770215153694153,
            -0.08133189380168915
        ],
        [
            0.06194477528333664,
            -0.9658980369567871,
            -0.07123212516307831
        ],
        [
            0.062087614089250565,
            -0.9764094948768616,
            -0.05102564021945
        ],
        [
            0.07957778126001358,
            -0.9456324577331543,
            -0.021697260439395905
        ],
        [
            0.07715077698230743,
            -0.9477061629295349,
            -0.0034972429275512695
        ],
        [
            0.07205945253372192,
            -0.9636987447738647,
            0.001716524362564087
        ],
        [
            0.07381375133991241,
            -0.9632601737976074,
            -0.020713426172733307
        ],
        [
            0.058925822377204895,
            -0.9838560223579407,
            0.005429171025753021
        ],
        [
            0.06113915890455246,
            -0.9834449291229248,
            -0.022070109844207764
        ],
        [
            0.057422660291194916,
            -0.8208987712860107,
            -0.0011627525091171265
        ],
        [
            0.05863908305764198,
            -0.8392753005027771,
            0.0003658868372440338
        ],
        [
            0.052182361483573914,
            -0.796473503112793,
            -0.018037021160125732
        ],
        [
            0.05653258040547371,
            -0.805111289024353,
            -0.0009839944541454315
        ],
        [
            0.040111176669597626,
            -0.9988211989402771,
            0.00665939599275589
        ],
        [
            0.04394053667783737,
            -0.9997936487197876,
            -0.025636523962020874
        ],
        [
            0.05883901193737984,
            -0.9276673793792725,
            0.0443403422832489
        ],
        [
            0.06266674399375916,
            -0.9452072381973267,
            0.03573165088891983
        ],
        [
            0.07135313749313354,
            -0.9316831827163696,
            0.022086866199970245
        ],
        [
            0.06702780723571777,
