{
    "pred_cam": [
        1.98379647731781,
        -0.00027755461633205414,
        0.5329122543334961
    ],
    "pred_smpl_params": {
        "global_orient": [
            [
                [
                    0.9969534277915955,
                    0.006666816305369139,
                    0.07771410048007965
                ],
                [
                    0.004415672738105059,
                    -0.9995666742324829,
                    0.02910286746919155
                ],
                [
                    0.07787444442510605,
                    -0.028671041131019592,
                    -0.9965508580207825
                ]
            ]
        ],
        "body_pose": [
            [
                [
                    0.9994736909866333,
                    -0.02503497526049614,
                    0.020631611347198486
                ],
                [
                    0.021386094391345978,
                    0.9866827130317688,
                    0.1612447053194046
                ],
                [
                    -0.024393610656261444,
                    -0.16071860492229462,
                    0.9866988062858582
                ]
            ],
            [
                [
                    0.9968690872192383,
                    0.060795195400714874,
                    -0.050555817782878876
                ],
                [
                    -0.05597708374261856,
                    0.9942030310630798,
                    0.09179828315973282
                ],
                [
                    0.05584364011883736,
                    -0.08868090808391571,
                    0.9944934248924255
                ]
            ],
            [
                [
                    0.9992185831069946,
                    -0.012613472528755665,
                    0.03745761513710022
                ],
                [
                    0.014285153709352016,
                    0.9988981485366821,
                    -0.044701360166072845
                ],
                [
                    -0.036852508783340454,
                    0.04520151764154434,
                    0.9982977509498596
                ]
            ],
            [
                [
                    0.9923369884490967,
                    0.021892258897423744,
                    -0.12160538136959076
                ],
                [
                    -0.08171915262937546,
                    0.8544747829437256,
                    -0.5130249857902527
                ],
                [
                    0.09267749637365341,
                    0.519031286239624,
                    0.8497159481048584
                ]
            ],
            [
                [
                    0.9890522360801697,
                    -0.054480571299791336,
                    0.13714110851287842
                ],
                [
                    0.116367869079113,
                    0.85944002866745,
                    -0.49781662225723267
                ],
                [
                    -0.09074322879314423,
                    0.5083253979682922,
                    0.8563708662986755
                ]
            ],
            [
                [
                    0.9988818168640137,
                    -0.022696824744343758,
                    0.04147235304117203
                ],
                [
                    0.02094409242272377,
                    0.9988888502120972,
                    0.04221916198730469
                ],
                [
                    -0.04238450899720192,
                    -0.0413033552467823,
                    0.9982472658157349
                ]
            ],
            [
                [
                    0.9679431915283203,
                    0.04458724334836006,
                    0.24718020856380463
                ],
                [
                    -0.05716482922434807,
                    0.9973973631858826,
                    0.04393995925784111
                ],
                [
                    -0.24457772076129913,
                    -0.05666138976812363,
                    0.9679728150367737
                ]
            ],
            [
                [
                    0.9742318391799927,
                    -0.03342289477586746,
                    -0.22305864095687866
                ],
                [
                    0.0380832813680172,
                    0.9991362690925598,
                    0.01662304438650608
                ],
                [
                    0.2223103940486908,
                    -0.024689504876732826,
                    0.9746631979942322
                ]
            ],
            [
                [
                    0.999290943145752,
                    0.00560034578666091,
                    0.03723185509443283
                ],
                [
                    -0.0011404573451727629,
                    0.9929242134094238,
                    -0.11874435096979141
                ],
                [
                    -0.03763342276215553,
                    0.1186176985502243,
                    0.9922265410423279
                ]
            ],
            [
                [
                    0.9872654676437378,
                    -0.1449165642261505,
                    -0.06562067568302155
                ],
                [
                    0.15143361687660217,
                    0.9824820756912231,
                    0.10861323773860931
                ],
                [
                    0.048731282353401184,
                    -0.11716727912425995,
                    0.9919158816337585
                ]
            ],
            [
                [
                    0.9929493069648743,
                    0.11812903732061386,
                    0.009861333295702934
                ],
                [
                    -0.11828549951314926,
                    0.9819359183311462,
                    0.14768309891223907
                ],
                [
                    0.007762465160340071,
                    -0.1478082835674286,
                    0.988985538482666
                ]
            ],
            [
                [
                    0.9994735717773438,
                    0.03230356425046921,
                    -0.0029851431027054787
                ],
                [
                    -0.03202313184738159,
                    0.9971327185630798,
                    0.06856156885623932
                ],
                [
                    0.00519136805087328,
                    -0.06842989474534988,
                    0.9976422786712646
                ]
            ],
            [
                [
                    0.9566180109977722,
                    0.2870599627494812,
                    0.04978460446000099
                ],
                [
                    -0.28234800696372986,
                    0.9555789232254028,
                    -0.08454906195402145
                ],
                [
                    -0.07184376567602158,
                    0.06682457774877548,
                    0.9951748251914978
                ]
            ],
            [
                [
                    0.9453016519546509,
                    -0.3261793255805969,
                    -0.0034459761809557676
                ],
                [
                    0.32556381821632385,
                    0.9440706968307495,
                    -0.052331943064928055
                ],
                [
                    0.02032284252345562,
                    0.048347584903240204,
                    0.998623788356781
                ]
            ],
            [
                [
                    0.999357283115387,
                    0.0043930006213486195,
                    -0.03557601571083069
                ],
                [
                    -0.010507997125387192,
                    0.9847642779350281,
                    -0.17357678711414337
                ],
                [
                    0.034271467477083206,
                    0.17383907735347748,
                    0.9841775298118591
                ]
            ],
            [
                [
                    0.4875820279121399,
                    0.8407845497131348,
                    -0.23525549471378326
                ],
                [
                    -0.8728736042976379,
                    0.4752574861049652,
                    -0.11055339127779007
                ],
                [
                    0.01885535940527916,
                    0.25925213098526,
                    0.9656256437301636
                ]
            ],
            [
                [
                    0.4949704706668854,
                    -0.8527599573135376,
                    0.16674764454364777
                ],
                [
                    0.8658953905105591,
                    0.5000567436218262,
                    -0.012979360297322273
                ],
                [
                    -0.07231499999761581,
                    0.15081040561199188,
                    0.9859142303466797
                ]
            ],
            [
                [
                    0.7956933975219727,
                    -0.14147846400737762,
                    -0.588944673538208
                ],
                [
                    -0.027279919013381004,
                    0.9629805088043213,
                    -0.2681872248649597
                ],
                [
                    0.6050849556922913,
                    0.2294611632823944,
                    0.7623777389526367
                ]
            ],
            [
                [
                    0.9409307241439819,
                    0.08934307843446732,
                    0.32659950852394104
                ],
                [
                    -0.047772571444511414,
                    0.9899410605430603,
                    -0.13317136466503143
                ],
                [
                    -0.3352121412754059,
                    0.10970252752304077,
                    0.9357340931892395
                ]
            ],
            [
                [
                    0.9990760087966919,
                    0.03697832673788071,
                    0.021902184933423996
                ],
                [
                    -0.036419618874788284,
                    0.9990141987800598,
                    -0.025381265208125114
                ],
                [
                    -0.02281915210187435,
                    0.024560144171118736,
                    0.9994378685951233
                ]
            ],
            [
                [
                    0.9976252913475037,
                    -0.03551840782165527,
                    -0.059010785073041916
                ],
                [
                    0.03145948052406311,
                    0.9971657395362854,
                    -0.06834270805120468
                ],
                [
                    0.06127095967531204,
                    0.06632395833730698,
                    0.9959151744842529
                ]
            ],
            [
                [
                    0.9662032127380371,
                    0.23509164154529572,
                    -0.10575081408023834
                ],
                [
                    -0.21501728892326355,
                    0.9612663984298706,
                    0.1724366396665573
                ],
                [
                    0.14219312369823456,
                    -0.14387059211730957,
                    0.9793274402618408
                ]
            ],
            [
                [
                    0.9722707867622375,
                    -0.22807860374450684,
                    0.05166981741786003
                ],
                [
                    0.21276724338531494,
                    0.9544196128845215,
                    0.20931625366210938
                ],
                [
                    -0.09705524146556854,
                    -0.192518413066864,
                    0.9764819741249084
                ]
            ]
        ],
        "betas": [
            0.030625522136688232,
            0.022442549467086792,
            0.09826883673667908,
            0.04692986607551575,
            0.08931311964988708,
            0.04528274014592171,
            -0.057674258947372437,
            -0.09453490376472473,
            0.13255903124809265,
            -0.14196178317070007
        ]
    },
    "pred_cam_t": [
        -0.00027755461633205414,
        0.5329122543334961,
        19.690780639648438
    ],
    "focal_length": [
        5000.0,
        5000.0
    ],
    "pred_keypoints_3d": [
        [
            0.021502960473299026,
            -0.8372927308082581,
            -0.14432984590530396
        ],
        [
            -0.008810293860733509,
            -0.7422806620597839,
            0.022483225911855698
        ],
        [
            -0.18598736822605133,
            -0.642221987247467,
            0.007416770793497562
        ],
        [
            -0.22510778903961182,
            -0.394489049911499,
            0.056176915764808655
        ],
        [
            -0.257577508687973,
            -0.14781378209590912,
            -0.0038600564002990723
        ],
        [
            0.1641862988471985,
            -0.6617444157600403,
            0.07382169365882874
        ],
        [
            0.20492520928382874,
            -0.42149779200553894,
            0.1693778932094574
        ],
        [
            0.24499250948429108,
            -0.19388610124588013,
            0.07449565827846527
        ],
        [
            -0.001779911108314991,
            -0.22508001327514648,
            0.028191061690449715
        ],
        [
            -0.07041968405246735,
            -0.13459068536758423,
            0.03004877083003521
        ],
        [
            -0.13181498646736145,
            0.24474772810935974,
            0.013247376307845116
        ],
        [
            -0.12619638442993164,
            0.580053448677063,
            0.2332436591386795
        ],
        [
            0.06661548465490341,
            -0.1331237107515335,
            0.043357186019420624
        ],
        [
            0.11164923012256622,
            0.23854316771030426,
            0.002534523606300354
        ],
        [
            0.08043521642684937,
            0.5849432349205017,
            0.20154999196529388
        ],
        [
            -0.015936221927404404,
            -0.8811080455780029,
            -0.12059934437274933
        ],
        [
            0.05008767917752266,
            -0.8813793659210205,
            -0.1117163896560669
        ],
        [
            -0.06986909359693527,
            -0.8763286471366882,
            -0.0313936322927475
        ],
        [
            0.0755971223115921,
            -0.8774081468582153,
            -0.012550495564937592
        ],
        [
            0.11094686388969421,
            0.7066105604171753,
            0.044091224670410156
        ],
        [
            0.1688462197780609,
            0.6921970844268799,
            0.10408791899681091
        ],
        [
            0.07526648789644241,
            0.5968408584594727,
            0.2717980742454529
        ],
        [
            -0.12892231345176697,
            0.7078801393508911,
            0.07929956912994385
        ],
        [
            -0.20003247261047363,
            0.6920618414878845,
            0.12780806422233582
        ],
        [
            -0.12899790704250336,
            0.5961017608642578,
            0.30561161041259766
        ],
        [
            -0.1481856107711792,
            0.5238595008850098,
            0.23467350006103516
        ],
        [
            -0.12512049078941345,
            0.18138839304447174,
            0.007560021709650755
        ],
        [
            -0.1488294154405594,
            -0.2582166790962219,
            0.023826144635677338
        ],
        [
            0.1430092602968216,
            -0.24243789911270142,
            0.062306687235832214
        ],
        [
            0.1219533309340477,
            0.19789519906044006,
            0.0028923600912094116
        ],
        [
            0.0878128856420517,
            0.5439026951789856,
            0.21315737068653107
        ],
        [
            -0.24238090217113495,
            -0.170130655169487,
            -0.027467060834169388
        ],
        [
            -0.25121575593948364,
            -0.41187864542007446,
            0.03007647767663002
        ],
        [
            -0.15162484347820282,
            -0.6755250096321106,
            0.011663340963423252
        ],
        [
            0.13292473554611206,
            -0.6908801794052124,
            0.06990224123001099
        ],
        [
            0.2401602566242218,
            -0.4444945454597473,
            0.13812078535556793
        ],
        [
            0.24771466851234436,
            -0.21260583400726318,
            0.06514088064432144
        ],
        [
            -0.006609677337110043,
            -0.737814724445343,
            0.02090521529316902
        ],
        [
            0.009456497617065907,
            -0.9279893040657043,
            -0.04180937260389328
        ],
        [
            -0.002197192283347249,
            -0.2508557438850403,
            0.04319850355386734
        ],
        [
            -0.009579632431268692,
            -0.6815556287765503,
            0.036270998418331146
        ],
        [
            -0.005951115861535072,
            -0.4999885559082031,
            0.0542246550321579
        ],
        [
            0.016861142590641975,
            -0.8172678351402283,
            -0.06579665839672089
        ],
        [
            0.0037551214918494225,
            -0.9477972388267517,
            -0.03551960363984108
        ]
    ],
    "pred_vertices": [
        [
            0.06207315996289253,
            -0.9284274578094482,
            -0.11449414491653442
        ],
        [
            0.056700751185417175,
            -0.9134767055511475,
            -0.1203613132238388
        ],
        [
            0.06632663309574127,
            -0.9106729030609131,
            -0.11010713875293732
        ],
        [
            0.07109934091567993,
            -0.9220607280731201,
            -0.1008211150765419
        ],
        [
            0.06304881721735,
            -0.901029109954834,
            -0.11539118736982346
        ],
        [
            0.0542173832654953,
            -0.9016867876052856,
            -0.1237058937549591
        ],
        [
            0.07159371674060822,
            -0.9053699970245361,
            -0.098317451775074
        ],
        [
            0.07551802694797516,
            -0.9130856990814209,
            -0.08770770579576492
        ],
        [
            0.07497064024209976,
            -0.8704940676689148,
            -0.0830630362033844
        ],
        [
            0.0774785652756691,
            -0.8668938279151917,
            -0.07287224382162094
        ],
        [
            0.07764069736003876,
            -0.8788676857948303,
            -0.07531669735908508
        ],
        [
            0.07397135347127914,
            -0.879345178604126,
            -0.08495816588401794
        ],
        [
            0.07341957092285156,
            -0.8446897268295288,
            -0.07777771353721619
        ],
        [
            0.06857113540172577,
            -0.8347800970077515,
            -0.08605507761240005
        ],
        [
            0.06918514519929886,
            -0.8264467120170593,
            -0.0753771960735321
        ],
        [
            0.07269082218408585,
            -0.835929274559021,
            -0.0663827508687973
        ],
        [
            0.040215637534856796,
            -0.8469057083129883,
            -0.11517436057329178
        ],
        [
            0.0453813374042511,
            -0.8404210805892944,
            -0.11268080770969391
        ],
        [
            0.04910394921898842,
            -0.8471908569335938,
            -0.1118185967206955
        ],
        [
            0.043163321912288666,
            -0.8528927564620972,
            -0.11402152478694916
        ],
        [
            0.03217407315969467,
            -0.8561073541641235,
            -0.12353366613388062
        ],
        [
            0.03270482271909714,
            -0.8618882894515991,
            -0.1205393373966217
        ],
        [
            0.028827369213104248,
            -0.8653556108474731,
            -0.12662407755851746
        ],
        [
            0.029324745759367943,
            -0.8587946891784668,
            -0.1304834485054016
        ],
        [
            0.03479887545108795,
            -0.8416018486022949,
            -0.1155388206243515
        ],
        [
            0.04033545032143593,
            -0.8349847197532654,
            -0.11263936758041382
        ],
        [
            0.03592566400766373,
            -0.8524556159973145,
            -0.11797193437814713
        ],
        [
            0.03429506719112396,
            -0.8477315902709961,
            -0.1200944185256958
        ],
        [
            0.0330934002995491,
            -0.8408800363540649,
            -0.1303446739912033
        ],
        [
            0.03438476473093033,
            -0.8456730246543884,
            -0.12904013693332672
        ],
        [
            0.03219153732061386,
            -0.8462792038917542,
            -0.13648760318756104
        ],
        [
            0.030831895768642426,
            -0.8407846689224243,
            -0.1355847716331482
        ],
        [
            0.03420605510473251,
            -0.8408317565917969,
            -0.12057430297136307
        ],
        [
            0.03526054322719574,
            -0.8435490131378174,
            -0.12357401847839355
        ],
        [
            0.033246565610170364,
            -0.8396189212799072,
            -0.12594753503799438
        ],
        [
            0.03126194700598717,
            -0.8377170562744141,
            -0.12273339927196503
        ],
        [
            0.031999073922634125,
            -0.8515548706054688,
            -0.12608548998832703
        ],
        [
            0.030355019494891167,
            -0.8529618978500366,
            -0.13364657759666443
        ],
        [
            0.027699947357177734,
            -0.8538916110992432,
            -0.14138668775558472
        ],
        [
            0.02914506383240223,
            -0.8452951908111572,
            -0.14400890469551086
        ],
        [
            0.05489039421081543,
            -0.8273745775222778,
            -0.10327620059251785
        ],
        [
            0.050753287971019745,
            -0.8339675664901733,
            -0.10892487317323685
        ],
        [
            0.04567308723926544,
            -0.8290276527404785,
            -0.10948201268911362
        ],
        [
            0.04979052394628525,
            -0.823743462562561,
            -0.1053314059972763
        ],
        [
            0.0317562073469162,
            -0.8349058032035828,
            -0.11885574460029602
        ],
        [
            0.03530719876289368,
            -0.8189647793769836,
            -0.11707699298858643
        ],
        [
            0.035643838346004486,
            -0.822789192199707,
            -0.11756053566932678
        ],
        [
            0.030411498621106148,
            -0.8233184218406677,
            -0.12258995324373245
        ],
        [
            0.03071441687643528,
            -0.8197513222694397,
            -0.12189985811710358
        ],
        [
            0.05799805745482445,
            -0.8137968182563782,
            -0.09225503355264664
        ],
        [
            0.053108908236026764,
            -0.8123475909233093,
            -0.09752892702817917
        ],
        [
            0.05295218527317047,
            -0.8057110905647278,
            -0.09416899085044861
        ],
        [
            0.056967344135046005,
            -0.8059723377227783,
            -0.0875980481505394
        ],
        [
            0.050403669476509094,
            -0.800092339515686,
            -0.09302322566509247
        ],
        [
            0.05499078333377838,
            -0.7984800338745117,
            -0.08395319432020187
        ],
        [
            0.04605971276760101,
            -0.7842570543289185,
            -0.0843801200389862
        ],
        [
            0.05060025304555893,
            -0.7906148433685303,
            -0.0837327092885971
        ],
        [
            0.04664340615272522,
            -0.7944003343582153,
            -0.0936509519815445
        ],
        [
            0.0419064462184906,
            -0.7889629006385803,
            -0.09720005095005035
        ],
        [
            0.031714070588350296,
            -0.7927683591842651,
            -0.1082274541258812
        ],
        [
            0.026390768587589264,
            -0.7912983298301697,
            -0.11174662411212921
        ],
        [
            0.03038547746837139,
            -0.7793886661529541,
            -0.10774662345647812
        ],
        [
            0.03601432591676712,
            -0.7832697629928589,
            -0.10297361016273499
        ],
        [
            0.03409043699502945,
            -0.8136264085769653,
            -0.11215102672576904
        ],
        [
            0.037405867129564285,
            -0.8139738440513611,
            -0.10866373777389526
        ],
        [
            0.03810885548591614,
            -0.8152384757995605,
            -0.1110038235783577
        ],
        [
            0.03478124737739563,
            -0.8159816265106201,
            -0.11514035612344742
        ],
        [
            0.04049728438258171,
            -0.8139650225639343,
            -0.10606764256954193
        ],
        [
            0.04190651327371597,
            -0.8138128519058228,
            -0.10497917234897614
        ],
        [
            0.04198892414569855,
            -0.8149585723876953,
            -0.10638436675071716
        ],
        [
            0.0405440591275692,
            -0.8146424889564514,
            -0.10674634575843811
        ],
        [
            0.038780681788921356,
            -0.8142188787460327,
            -0.10767970234155655
        ],
        [
            0.03784593939781189,
            -0.812247633934021,
            -0.10808223485946655
        ],
        [
            0.03975169360637665,
            -0.813119649887085,
            -0.10663852095603943
        ],
        [
            0.03492509573698044,
            -0.8111284971237183,
            -0.11144377291202545
        ],
        [
            0.024043576791882515,
            -0.8079495429992676,
            -0.12126074731349945
        ],
        [
            0.027571195736527443,
            -0.8086225390434265,
            -0.11914753168821335
        ],
        [
            0.026061730459332466,
            -0.8130998015403748,
            -0.11894496530294418
        ],
        [
            0.02304038219153881,
            -0.8128349184989929,
            -0.12076275795698166
        ],
        [
            0.04074202477931976,
            -0.8165132999420166,
            -0.10875554382801056
        ],
        [
            0.043134793639183044,
            -0.8182126879692078,
            -0.1079038754105568
        ],
        [
            0.04023534804582596,
            -0.8205580115318298,
            -0.11225330084562302
        ],
        [
            0.03892391175031662,
            -0.817858099937439,
            -0.1116555705666542
        ],
        [
            0.04580306261777878,
            -0.8201585412025452,
            -0.10730492323637009
        ],
        [
            0.04408319294452667,
            -0.8162480592727661,
            -0.10544939339160919
        ],
        [
            0.046974897384643555,
            -0.8169845342636108,
            -0.1043335422873497
        ],
        [
            0.04135844111442566,
            -0.8120561838150024,
            -0.10489451140165329
        ],
        [
            0.04362969100475311,
            -0.8105754256248474,
            -0.102719247341156
        ],
        [
            0.044423893094062805,
            -0.8131289482116699,
            -0.10385894775390625
        ],
        [
            0.04175238311290741,
            -0.8072694540023804,
            -0.10325216501951218
        ],
        [
            0.039180465042591095,
            -0.81003737449646,
            -0.10625383257865906
        ],
        [
            0.03626399487257004,
            -0.807913064956665,
            -0.10947484523057938
        ],
        [
            0.032487884163856506,
            -0.8058669567108154,
            -0.11366467922925949
        ],
        [
            0.03414086252450943,
            -0.8014261722564697,
            -0.10964176803827286
        ],
        [
            0.03849822282791138,
            -0.8040788769721985,
            -0.10589347034692764
        ],
        [
            0.04210770130157471,
            -0.8244585990905762,
            -0.11148664355278015
        ],
        [
            0.04819319397211075,
            -0.8126779794692993,
            -0.10112431645393372
        ],
        [
            0.0518081858754158,
            -0.8189684748649597,
            -0.10122617334127426
        ],
        [
            0.04775373637676239,
            -0.808015763759613,
            -0.09954603761434555
        ],
        [
            0.045610472559928894,
            -0.8035846948623657,
            -0.09919098764657974
        ],
        [
            0.041757456958293915,
            -0.7994553446769714,
            -0.10086425393819809
        ],
        [
            0.03699104115366936,
            -0.7957544326782227,
            -0.1045047789812088
        ],
        [
            0.03072979673743248,
            -0.7718671560287476,
            -0.09516196697950363
        ],
        [
            0.03827010467648506,
            -0.7771615982055664,
            -0.09045378863811493
        ],
        [
            0.05164355784654617,
            -0.8944332599639893,
            -0.12056530267000198
        ],
        [
            0.05964117869734764,
            -0.8937492370605469,
            -0.11628448963165283
        ],
        [
            0.05909413844347,
            -0.8864285945892334,
            -0.11065030843019485
        ],
        [
            0.06088625267148018,
            -0.8889596462249756,
            -0.11030378192663193
        ],
        [
            0.05630506947636604,
            -0.8898494243621826,
            -0.11474470049142838
        ],
        [
            0.05573310703039169,
            -0.8869506120681763,
            -0.1139894425868988
        ],
        [
            0.06927495449781418,
            -0.8807188272476196,
            -0.09204290062189102
        ],
        [
            0.06551304459571838,
            -0.8819985389709473,
            -0.09774740040302277
        ],
        [
            0.06539101898670197,
            -0.8783994317054749,
            -0.09576930850744247
        ],
        [
            0.07056280225515366,
            -0.8741915225982666,
            -0.09037431329488754
        ],
        [
            0.059071701020002365,
            -0.8701472282409668,
            -0.10323648899793625
        ],
        [
            0.06269321590662003,
            -0.8717639446258545,
            -0.09934943914413452
        ],
        [
            0.05968163162469864,
            -0.8780804872512817,
            -0.10342596471309662
        ],
        [
            0.05714726075530052,
            -0.8769094944000244,
            -0.10631650686264038
        ],
        [
            0.05382949858903885,
            -0.8762381076812744,
            -0.10897908359766006
        ],
        [
            0.04988870769739151,
            -0.8761587142944336,
            -0.11098464578390121
        ],
        [
            0.04990953207015991,
            -0.8708571195602417,
            -0.10982156544923782
        ],
        [
            0.05455990508198738,
            -0.8700929880142212,
            -0.10696334391832352
        ],
        [
            0.050164759159088135,
            -0.8908281922340393,
            -0.11726383864879608
        ],
        [
            0.043009210377931595,
            -0.8901658058166504,
            -0.11828870326280594
        ],
        [
            0.044112447649240494,
            -0.8871546983718872,
            -0.11700282990932465
        ],
        [
            0.05035902559757233,
            -0.8875354528427124,
            -0.11662628501653671
        ],
        [
            0.032996032387018204,
            -0.8813374042510986,
            -0.1129855215549469
        ],
        [
            0.03448022902011871,
            -0.883680522441864,
            -0.1141609326004982
        ],
        [
            0.03134765848517418,
            -0.8849086165428162,
            -0.11620629578828812
        ],
        [
            0.03011208027601242,
            -0.8805479407310486,
            -0.11488170921802521
        ],
        [
            0.03220929205417633,
            -0.8775239586830139,
            -0.11411940306425095
        ],
        [
            0.034250855445861816,
            -0.8796249628067017,
            -0.11293691396713257
        ],
        [
            0.05374034494161606,
            -0.949883222579956,
            -0.11649112403392792
        ],
        [
            0.049868833273649216,
            -0.9322381019592285,
            -0.12457577139139175
        ],
        [
            0.06658276170492172,
            -0.943832278251648,
            -0.10146727412939072
        ],
        [
            0.07389320433139801,
            -0.9342828989028931,
            -0.0876397117972374
        ],
        [
            0.0790366381406784,
            -0.9215431213378906,
            -0.07542289793491364
        ],
        [
            0.06376336514949799,
            -0.8187775611877441,
            -0.08449901640415192
        ],
        [
            0.06358498334884644,
            -0.8105192184448242,
            -0.07720746099948883
        ],
        [
            0.06893233954906464,
            -0.8188681602478027,
            -0.06500746309757233
        ],
        [
            0.06584776937961578,
            -0.8091621398925781,
            -0.05923239886760712
        ],
        [
            0.0606522262096405,
            -0.8007916212081909,
            -0.0725436881184578
        ],
        [
            0.04697922617197037,
            -0.7827153205871582,
            -0.07027304917573929
        ],
        [
            0.055292800068855286,
            -0.7909603714942932,
            -0.07020140439271927
        ],
        [
            0.05999521166086197,
            -0.799842357635498,
            -0.05352145433425903
        ],
        [
            0.06483083218336105,
            -0.8134741187095642,
            -0.03867041692137718
        ],
        [
            0.06927759200334549,
            -0.8199331760406494,
            -0.04721337929368019
        ],
        [
            0.06675458699464798,
            -0.8301419019699097,
            -0.027211084961891174
        ],
        [
            0.0581134557723999,
            -0.8073821067810059,
            -0.027247652411460876
        ],
        [
            0.06233011931180954,
            -0.8299412727355957,
            -0.019111424684524536
        ],
        [
            0.04331403970718384,
            -0.7725557088851929,
            -0.0305151529610157
        ],
        [
            0.04432406648993492,
            -0.7624379396438599,
            -0.025367211550474167
        ],
        [
            0.052405793219804764,
            -0.7706921696662903,
            -0.010589949786663055
        ],
        [
            0.052334774285554886,
            -0.7808371782302856,
            -0.015739820897579193
        ],
        [
            0.07207168638706207,
            -0.8273967504501343,
            -0.055654048919677734
        ],
        [
            0.07855968177318573,
            -0.8902726173400879,
            -0.06824468076229095
        ],
        [
            0.0762314647436142,
            -0.8890212178230286,
            -0.08024782687425613
        ],
        [
            0.07916969060897827,
            -0.8778237700462341,
            -0.06342223286628723
        ],
        [
            0.07997457683086395,
            -0.9510929584503174,
            -0.05554915964603424
        ],
        [
            0.07872270047664642,
            -0.9449785947799683,
            -0.0734311044216156
        ],
        [
            0.08286437392234802,
            -0.9300346374511719,
            -0.06367550790309906
        ],
        [
            0.08460860699415207,
            -0.9379294514656067,
            -0.048215221613645554
        ],
        [
            0.055293355137109756,
            -0.9846524596214294,
            -0.07274821400642395
        ],
        [
            0.05717826634645462,
            -0.9697579145431519,
            -0.09655076265335083
        ],
        [
            0.0677010715007782,
            -0.9588565230369568,
            -0.08574864268302917
        ],
        [
            0.06787221133708954,
            -0.9703660011291504,
            -0.06608366221189499
        ],
        [
            0.08423711359500885,
            -0.9407052993774414,
            -0.03497373312711716
        ],
        [
            0.08169189095497131,
            -0.9437326192855835,
            -0.0168725848197937
        ],
        [
            0.07703790813684464,
            -0.9601966142654419,
            -0.012587957084178925
        ],
        [
            0.07898789644241333,
            -0.9585511684417725,
            -0.034944966435432434
        ],
        [
            0.06437791138887405,
            -0.9807670712471008,
            -0.01008056104183197
        ],
        [
            0.06686721742153168,
            -0.9789066314697266,
            -0.03751251846551895
        ],
        [
            0.05790366604924202,
            -0.8179411292076111,
            -0.007576558738946915
        ],
        [
            0.059685610234737396,
            -0.8363369107246399,
            -0.007232077419757843
        ],
        [
            0.0527605265378952,
            -0.7928888201713562,
            -0.02297987788915634
        ],
        [
            0.056447550654411316,
            -0.8022315502166748,
            -0.006220262497663498
        ],
        [
            0.04594112187623978,
            -0.9962348937988281,
            -0.009889818727970123
        ],
        [
            0.0501888208091259,
            -0.9954925179481506,
            -0.04218001663684845
        ],
        [
            0.062237948179244995,
            -0.9265239238739014,
            0.03177804499864578
        ],
        [
            0.06672711670398712,
            -0.9435726404190063,
            0.02223540097475052
        ],
        [
            0.07513337582349777,
            -0.929148256778717,
            0.009428128600120544
        ],
        [
            0.07024405896663666,
            -0.9151983261108398,
