{
    "pred_cam": [
        2.065774917602539,
        -0.0021078716963529587,
        0.5541114807128906
    ],
    "pred_smpl_params": {
        "global_orient": [
            [
                [
                    0.9960849285125732,
                    0.00044925010297447443,
                    0.08839984238147736
                ],
                [
                    -0.002012501237913966,
                    -0.9996126890182495,
                    0.027756832540035248
                ],
                [
                    0.08837807178497314,
                    -0.02782606892287731,
                    -0.9956982135772705
                ]
            ]
        ],
        "body_pose": [
            [
                [
                    0.9997707009315491,
                    -0.01566195674240589,
                    0.014601939357817173
                ],
                [
                    0.012805371545255184,
                    0.9838540554046631,
                    0.17851369082927704
                ],
                [
                    -0.017162052914500237,
                    -0.17828577756881714,
                    0.9838290214538574
                ]
            ],
            [
                [
                    0.9969701766967773,
                    0.059523213654756546,
                    -0.050073880702257156
                ],
                [
                    -0.05376226827502251,
                    0.9925391674041748,
                    0.10943301767110825
                ],
                [
                    0.056214094161987305,
                    -0.10640937834978104,
                    0.992732048034668
                ]
            ],
            [
                [
                    0.9988954663276672,
                    -0.01481829397380352,
                    0.044589217752218246
                ],
                [
                    0.017051074653863907,
                    0.9985977411270142,
                    -0.050117675215005875
                ],
                [
                    -0.04378403350710869,
                    0.05082261562347412,
                    0.9977474212646484
                ]
            ],
            [
                [
                    0.9930794835090637,
                    0.020873835310339928,
                    -0.11557389795780182
                ],
                [
                    -0.08150886744260788,
                    0.8309870362281799,
                    -0.5502880215644836
                ],
                [
                    0.0845538005232811,
                    0.5559000968933105,
                    0.8269375562667847
                ]
            ],
            [
                [
                    0.9908758997917175,
                    -0.05332779139280319,
                    0.12377846986055374
                ],
                [
                    0.11274851858615875,
                    0.8311548233032227,
                    -0.5444900393486023
                ],
                [
                    -0.07384262979030609,
                    0.5534778833389282,
                    0.8295838832855225
                ]
            ],
            [
                [
                    0.9987606406211853,
                    -0.0010115505428984761,
                    0.049761995673179626
                ],
                [
                    -0.0009537380537949502,
                    0.9992209076881409,
                    0.039454136043787
                ],
                [
                    -0.049763135612010956,
                    -0.0394526943564415,
                    0.9979815483093262
                ]
            ],
            [
                [
                    0.9649620056152344,
                    0.04489301145076752,
                    0.25852060317993164
                ],
                [
                    -0.0579531230032444,
                    0.997387707233429,
                    0.04311776161193848
                ],
                [
                    -0.25590959191322327,
                    -0.05658908188343048,
                    0.9650429487228394
                ]
            ],
            [
                [
                    0.9745888113975525,
                    -0.026805315166711807,
                    -0.22239185869693756
                ],
                [
                    0.03335151448845863,
                    0.9991124272346497,
                    0.02573157660663128
                ],
                [
                    0.22150471806526184,
                    -0.032494813203811646,
                    0.9746177792549133
                ]
            ],
            [
                [
                    0.9988027215003967,
                    0.02066762186586857,
                    0.044339992105960846
                ],
                [
                    -0.015282978303730488,
                    0.9928348660469055,
                    -0.11851285398006439
                ],
                [
                    -0.046471670269966125,
                    0.11769330501556396,
                    0.9919620156288147
                ]
            ],
            [
                [
                    0.9864603877067566,
                    -0.14687997102737427,
                    -0.07295338809490204
                ],
                [
                    0.15487359464168549,
                    0.9806438088417053,
                    0.11979912221431732
                ],
                [
                    0.053945206105709076,
                    -0.1294756382703781,
                    0.9901140928268433
                ]
            ],
            [
                [
                    0.9931135773658752,
                    0.11697690188884735,
                    0.0064691705629229546
                ],
                [
                    -0.1165064126253128,
                    0.9802980422973633,
                    0.15950532257556915
                ],
                [
                    0.012316721491515636,
                    -0.1591605842113495,
                    0.9871758818626404
                ]
            ],
            [
                [
                    0.9992157816886902,
                    0.03671686723828316,
                    -0.014819052070379257
                ],
                [
                    -0.035944193601608276,
                    0.9981314539909363,
                    0.04941267892718315
                ],
                [
                    0.016605639830231667,
                    -0.04884127527475357,
                    0.9986684322357178
                ]
            ],
            [
                [
                    0.9595474004745483,
                    0.2760812044143677,
                    0.05520935356616974
                ],
                [
                    -0.27141040563583374,
                    0.9591854810714722,
                    -0.07937006652355194
                ],
                [
                    -0.0748685970902443,
                    0.061174940317869186,
                    0.9953152537345886
                ]
            ],
            [
                [
                    0.9504743218421936,
                    -0.3104987144470215,
                    0.013749969191849232
                ],
                [
                    0.31077060103416443,
                    0.9488059282302856,
                    -0.056470584124326706
                ],
                [
                    0.0044879913330078125,
                    0.05794692784547806,
                    0.9983095526695251
                ]
            ],
            [
                [
                    0.9992623329162598,
                    0.006670504342764616,
                    -0.03781992197036743
                ],
                [
                    -0.01342571061104536,
                    0.9833376407623291,
                    -0.1812920868396759
                ],
                [
                    0.03598044440150261,
                    0.18166610598564148,
                    0.98270183801651
                ]
            ],
            [
                [
                    0.5162513852119446,
                    0.8256882429122925,
                    -0.22742749750614166
                ],
                [
                    -0.8561757206916809,
                    0.5041245222091675,
                    -0.11323242634534836
                ],
                [
                    0.021157093346118927,
                    0.2531743049621582,
                    0.9671891927719116
                ]
            ],
            [
                [
                    0.457656592130661,
                    -0.8682507276535034,
                    0.19154898822307587
                ],
                [
                    0.8866994976997375,
                    0.46160390973091125,
                    -0.026186348870396614
                ],
                [
                    -0.06568344682455063,
                    0.1818307638168335,
                    0.9811335802078247
                ]
            ],
            [
                [
                    0.7379804849624634,
                    -0.17522911727428436,
                    -0.6516743898391724
                ],
                [
                    -0.006625398062169552,
                    0.9637702107429504,
                    -0.26665160059928894
                ],
                [
                    0.6747894883155823,
                    0.20110128819942474,
                    0.7100826501846313
                ]
            ],
            [
                [
                    0.9036264419555664,
                    0.08768853545188904,
                    0.41924935579299927
                ],
                [
                    -0.0029039133805781603,
                    0.9800511002540588,
                    -0.1987246721982956
                ],
                [
                    -0.42831164598464966,
                    0.1783553957939148,
                    0.8858547210693359
                ]
            ],
            [
                [
                    0.9995065927505493,
                    0.020350975915789604,
                    0.023921718820929527
                ],
                [
                    -0.01949102059006691,
                    0.9991742372512817,
                    -0.035648953169584274
                ],
                [
                    -0.024627458304166794,
                    0.03516511246562004,
                    0.9990779161453247
                ]
            ],
            [
                [
                    0.9981209635734558,
                    -0.033970292657613754,
                    -0.05099504068493843
                ],
                [
                    0.031306326389312744,
                    0.9981479644775391,
                    -0.05215967819094658
                ],
                [
                    0.05267247185111046,
                    0.05046520754694939,
                    0.9973359107971191
                ]
            ],
            [
                [
                    0.9669498205184937,
                    0.23540396988391876,
                    -0.09794404357671738
                ],
                [
                    -0.21626374125480652,
                    0.9607109427452087,
                    0.17396673560142517
                ],
                [
                    0.13504838943481445,
                    -0.1470353603363037,
                    0.9798685908317566
                ]
            ],
            [
                [
                    0.9730962514877319,
                    -0.22382713854312897,
                    0.05463665723800659
                ],
                [
                    0.20804288983345032,
                    0.9555113911628723,
                    0.20908395946025848
                ],
                [
                    -0.09900461137294769,
                    -0.19209203124046326,
                    0.9763702154159546
                ]
            ]
        ],
        "betas": [
            -0.01203186810016632,
            -0.019059717655181885,
            0.14306747913360596,
            0.03493094444274902,
            0.0837545096874237,
            0.04798980429768562,
            -0.036753326654434204,
            -0.09781265258789062,
            0.1102922335267067,
            -0.13504153490066528
        ]
    },
    "pred_cam_t": [
        -0.0021078716963529587,
        0.5541114807128906,
        18.90936851501465
    ],
    "focal_length": [
        5000.0,
        5000.0
    ],
    "pred_keypoints_3d": [
        [
            0.03343311697244644,
            -0.8307002186775208,
            -0.14526697993278503
        ],
        [
            -0.004062672611325979,
            -0.7411733269691467,
            0.02229079231619835
        ],
        [
            -0.182491272687912,
            -0.6472060680389404,
            -0.00133504718542099
        ],
        [
            -0.2246723771095276,
            -0.4013354778289795,
            0.049683794379234314
        ],
        [
            -0.22992576658725739,
            -0.15758530795574188,
            -0.024922512471675873
        ],
        [
            0.16442397236824036,
            -0.6574236154556274,
            0.07963017374277115
        ],
        [
            0.2065204381942749,
            -0.4193081259727478,
            0.17732146382331848
        ],
        [
            0.25668108463287354,
            -0.20325210690498352,
            0.06454302370548248
        ],
        [
            -0.00172777334228158,
            -0.22479113936424255,
            0.028455860912799835
        ],
        [
            -0.07001519948244095,
            -0.1338496208190918,
            0.029349299147725105
        ],
        [
            -0.12735432386398315,
            0.24450814723968506,
            0.0051531679928302765
        ],
        [
            -0.12098059803247452,
            0.5707781314849854,
            0.23601000010967255
        ],
        [
            0.06736134737730026,
            -0.13328945636749268,
            0.0441768504679203
        ],
        [
            0.11199604719877243,
            0.23645633459091187,
            -0.0032093003392219543
        ],
        [
            0.07860119640827179,
            0.5765098333358765,
            0.2034989893436432
        ],
        [
            -0.002691664732992649,
            -0.8764441013336182,
            -0.12375439703464508
        ],
        [
            0.063022680580616,
            -0.8743265867233276,
            -0.11329921334981918
        ],
        [
            -0.05886385589838028,
            -0.8762218952178955,
            -0.03579265624284744
        ],
        [
            0.08612726628780365,
            -0.8721686005592346,
            -0.013527318835258484
        ],
        [
            0.11220204830169678,
            0.7012894153594971,
            0.050106704235076904
        ],
        [
            0.1687714010477066,
            0.6854269504547119,
            0.110714852809906
        ],
        [
            0.07221802324056625,
            0.5865641832351685,
            0.2737734317779541
        ],
        [
            -0.1245298758149147,
            0.701736569404602,
            0.0855206549167633
        ],
        [
            -0.1952095478773117,
            0.6845542192459106,
            0.13380777835845947
        ],
        [
            -0.12365551292896271,
            0.5849864482879639,
            0.30866777896881104
        ],
        [
            -0.1429976522922516,
            0.5148717761039734,
            0.2357802391052246
        ],
        [
            -0.12140447646379471,
            0.18202321231365204,
            -2.8730370104312897e-05
        ],
        [
            -0.14957624673843384,
            -0.25683367252349854,
            0.02277171052992344
        ],
        [
            0.14324790239334106,
            -0.2426947057247162,
            0.06466291844844818
        ],
        [
            0.12251769751310349,
            0.19642148911952972,
            -0.002486920915544033
        ],
        [
            0.08589772880077362,
            0.5352976322174072,
            0.21418294310569763
        ],
        [
            -0.2129335105419159,
            -0.18229150772094727,
            -0.04489479213953018
        ],
        [
            -0.24757438898086548,
            -0.417395681142807,
            0.019976647570729256
        ],
        [
            -0.14743125438690186,
            -0.6791431903839111,
            0.0050465818494558334
        ],
        [
            0.1345263421535492,
            -0.6869608163833618,
            0.07458118349313736
        ],
        [
            0.24221104383468628,
            -0.443879097700119,
            0.14763371646404266
        ],
        [
            0.25913944840431213,
            -0.22281241416931152,
            0.05673675239086151
        ],
        [
            -0.0019511738792061806,
            -0.7370277643203735,
            0.01992224156856537
        ],
        [
            0.02280084416270256,
            -0.9244773387908936,
            -0.04553107172250748
        ],
        [
            -0.002415301278233528,
            -0.2502916753292084,
            0.04393754154443741
        ],
        [
            -0.00665939599275589,
            -0.68131422996521,
            0.035355422645807266
        ],
        [
            -0.008225485682487488,
            -0.5001251101493835,
            0.053690847009420395
        ],
        [
            0.026309968903660774,
            -0.8129165172576904,
            -0.06666842848062515
        ],
        [
            0.017766868695616722,
            -0.944601833820343,
            -0.03994724899530411
        ]
    ],
    "pred_vertices": [
        [
            0.0770222544670105,
            -0.9208561778068542,
            -0.11705201864242554
        ],
        [
            0.07112039625644684,
            -0.9059171676635742,
            -0.12259846925735474
        ],
        [
            0.08042845875024796,
            -0.9030391573905945,
            -0.11209303885698318
        ],
        [
            0.08544131368398666,
            -0.9144881963729858,
            -0.10300324857234955
        ],
        [
            0.07681095600128174,
            -0.893390417098999,
            -0.1171514093875885
        ],
        [
            0.06821093708276749,
            -0.8941874504089355,
            -0.12570485472679138
        ],
        [
            0.08516852557659149,
            -0.8978264927864075,
            -0.10002690553665161
        ],
        [
            0.0891534835100174,
            -0.9057142734527588,
            -0.08952458202838898
        ],
        [
            0.08684030175209045,
            -0.863296627998352,
            -0.08380196988582611
        ],
        [
            0.08895877003669739,
            -0.8598232269287109,
            -0.07346311211585999
        ],
        [
            0.08968018740415573,
            -0.8716806173324585,
            -0.07622984051704407
        ],
        [
            0.08620131015777588,
            -0.8721079230308533,
            -0.08596225827932358
        ],
        [
            0.0841149240732193,
            -0.8377407789230347,
            -0.07789149880409241
        ],
        [
            0.0790986716747284,
            -0.8278066515922546,
            -0.08601775765419006
        ],
        [
            0.07913213968276978,
            -0.8197646141052246,
            -0.07510586827993393
        ],
        [
            0.08279256522655487,
            -0.829312801361084,
            -0.06628744304180145
        ],
        [
            0.05187850445508957,
            -0.8402687907218933,
            -0.11603470891714096
        ],
        [
            0.0567425861954689,
            -0.8336619138717651,
            -0.11326839029788971
        ],
        [
            0.060726724565029144,
            -0.8402788639068604,
            -0.11254094541072845
        ],
        [
            0.055037401616573334,
            -0.8461464047431946,
            -0.11499257385730743
        ],
        [
            0.04434838145971298,
            -0.8495500087738037,
            -0.1247832328081131
        ],
        [
            0.04502971097826958,
            -0.8553707003593445,
            -0.12194031476974487
        ],
        [
            0.041420724242925644,
            -0.8588294982910156,
            -0.1281784623861313
        ],
        [
            0.04176836833357811,
            -0.8521677255630493,
            -0.13184738159179688
        ],
        [
            0.04624209553003311,
            -0.8352090716362,
            -0.11633951961994171
        ],
        [
            0.05144713819026947,
            -0.8284722566604614,
            -0.1131434515118599
        ],
        [
            0.0478404238820076,
            -0.8458915948867798,
            -0.11904550343751907
        ],
        [
            0.04608209431171417,
            -0.8412137031555176,
            -0.12107454240322113
        ],
        [
            0.04484869912266731,
            -0.8341741561889648,
            -0.13113245368003845
        ],
        [
            0.04629526287317276,
            -0.8389208316802979,
            -0.12992675602436066
        ],
        [
            0.04428877681493759,
            -0.839434027671814,
            -0.13743171095848083
        ],
        [
            0.04268950968980789,
            -0.8340295553207397,
            -0.136415034532547
        ],
        [
            0.04572669416666031,
            -0.8343480825424194,
            -0.12136807292699814
        ],
        [
            0.04696264490485191,
            -0.8369219303131104,
            -0.12441164255142212
        ],
        [
            0.04483962804079056,
            -0.8330329656600952,
            -0.12672166526317596
        ],
        [
            0.04269879311323166,
            -0.8313097953796387,
            -0.1234988421201706
        ],
        [
            0.04405662789940834,
            -0.8449656367301941,
            -0.12720951437950134
        ],
        [
            0.04264919459819794,
            -0.846236526966095,
            -0.13482415676116943
        ],
        [
            0.0402202233672142,
            -0.8470805883407593,
            -0.1426369845867157
        ],
        [
            0.04138170927762985,
            -0.8383820652961731,
            -0.1449846625328064
        ],
        [
            0.06549929827451706,
            -0.8205368518829346,
            -0.10329663008451462
        ],
        [
            0.06176925450563431,
            -0.8271158337593079,
            -0.10923627763986588
        ],
        [
            0.056462325155735016,
            -0.8224128484725952,
            -0.10971417278051376
        ],
        [
            0.06027112156152725,
            -0.8170992136001587,
            -0.10533543676137924
        ],
        [
            0.04299769550561905,
            -0.8285961151123047,
            -0.11955127865076065
        ],
        [
            0.04584241658449173,
            -0.8126599788665771,
            -0.11724117398262024
        ],
        [
            0.04634276404976845,
            -0.8164234161376953,
            -0.1178148090839386
        ],
        [
            0.041252803057432175,
            -0.8170273303985596,
            -0.12297405302524567
        ],
        [
            0.0414024293422699,
            -0.8134973049163818,
            -0.12218378484249115
        ],
        [
            0.06780115514993668,
            -0.8071838617324829,
            -0.09186834841966629
        ],
        [
            0.0629546046257019,
            -0.8058186769485474,
            -0.09717385470867157
        ],
        [
            0.062446340918540955,
            -0.7993021011352539,
            -0.09365928173065186
        ],
        [
            0.06633253395557404,
            -0.7995606064796448,
            -0.08703664690256119
        ],
        [
            0.059624217450618744,
            -0.7938542366027832,
            -0.09242400527000427
        ],
        [
            0.06394082307815552,
            -0.7922933101654053,
            -0.08323151618242264
        ],
        [
            0.054450757801532745,
            -0.7785079479217529,
            -0.0834934413433075
        ],
        [
            0.05923378840088844,
            -0.7846623659133911,
            -0.08292451500892639
        ],
        [
            0.05564152076840401,
            -0.7883453369140625,
            -0.09298377484083176
        ],
        [
            0.0507722869515419,
            -0.783045768737793,
            -0.09649957716464996
        ],
        [
            0.04099585488438606,
            -0.7869548797607422,
            -0.10785087943077087
        ],
        [
            0.035721879452466965,
            -0.7855994701385498,
            -0.11143360286951065
        ],
        [
            0.03913768380880356,
            -0.7736860513687134,
            -0.1070500984787941
        ],
        [
            0.044796884059906006,
            -0.777454674243927,
            -0.1022486761212349
        ],
        [
            0.04432304576039314,
            -0.8075025081634521,
            -0.11222031712532043
        ],
        [
            0.04756106436252594,
            -0.8078206181526184,
            -0.10866093635559082
        ],
        [
            0.04836810380220413,
            -0.8089829683303833,
            -0.11101298034191132
        ],
        [
            0.04517321288585663,
            -0.8097432255744934,
            -0.11524569988250732
        ],
        [
            0.050574589520692825,
            -0.8077630996704102,
            -0.10599485784769058
        ],
        [
            0.05194660276174545,
            -0.8075793385505676,
            -0.1048654243350029
        ],
        [
            0.05211254954338074,
            -0.8086751699447632,
            -0.10629511624574661
        ],
        [
            0.05066593736410141,
            -0.8084241151809692,
            -0.106690414249897
        ],
        [
            0.04891033098101616,
            -0.8080493211746216,
            -0.107660211622715
        ],
        [
            0.04791451245546341,
            -0.806114912033081,
            -0.10804082453250885
        ],
        [
            0.04980903118848801,
            -0.806939423084259,
            -0.10656476020812988
        ],
        [
            0.04503723606467247,
            -0.8050259351730347,
            -0.1114460751414299
        ],
        [
            0.03427417576313019,
            -0.8020265102386475,
            -0.12142472714185715
        ],
        [
            0.03777825087308884,
            -0.8026132583618164,
            -0.11924402415752411
        ],
        [
            0.03645240515470505,
            -0.8071292042732239,
            -0.11919184029102325
        ],
        [
            0.03346319869160652,
            -0.8069450855255127,
            -0.1210785061120987
        ],
        [
            0.05097833648324013,
            -0.8102339506149292,
            -0.10874257981777191
        ],
        [
            0.05342719703912735,
            -0.811821460723877,
            -0.10785703361034393
        ],
        [
            0.05072266608476639,
            -0.8141525387763977,
            -0.11233747005462646
        ],
        [
            0.04930037260055542,
            -0.8115381598472595,
            -0.11169907450675964
        ],
        [
            0.056172654032707214,
            -0.8136537075042725,
            -0.1072809100151062
        ],
        [
            0.0542333722114563,
            -0.8098937273025513,
            -0.10534834116697311
        ],
        [
            0.05712898075580597,
            -0.8105395436286926,
            -0.10420917719602585
        ],
        [
            0.05132746696472168,
            -0.805858850479126,
            -0.10475556552410126
        ],
        [
            0.05348646640777588,
            -0.8043441772460938,
            -0.10249399393796921
        ],
        [
            0.05440940707921982,
            -0.8068181872367859,
            -0.10367451608181
        ],
        [
            0.051482029259204865,
            -0.8011206984519958,
            -0.10299119353294373
        ],
        [
            0.049106381833553314,
            -0.8039021492004395,
            -0.10612744837999344
        ],
        [
            0.0461888387799263,
            -0.801820695400238,
            -0.10936903953552246
        ],
        [
            0.04243208467960358,
            -0.7998261451721191,
            -0.11359517276287079
        ],
        [
            0.04381248354911804,
            -0.7954384088516235,
            -0.109441377222538
        ],
        [
            0.04817745089530945,
            -0.7980022430419922,
            -0.10564636439085007
        ],
        [
            0.05273929983377457,
            -0.8179795742034912,
            -0.11166134476661682
        ],
        [
            0.058101046830415726,
            -0.8062816858291626,
            -0.10084984451532364
        ],
        [
            0.06199590861797333,
            -0.8123862743377686,
            -0.101052425801754
        ],
        [
            0.05743389576673508,
            -0.8016982078552246,
            -0.09917659312486649
        ],
        [
            0.05509254336357117,
            -0.7973928451538086,
            -0.09876033663749695
        ],
        [
            0.051136910915374756,
            -0.7933951020240784,
            -0.1004137396812439
        ],
        [
            0.04630795121192932,
            -0.7898187637329102,
            -0.10410048812627792
        ],
        [
            0.03890784829854965,
            -0.766473650932312,
            -0.09431558102369308
        ],
        [
            0.046532969921827316,
            -0.7716062068939209,
            -0.08955591171979904
        ],
        [
            0.06528577953577042,
            -0.8870967626571655,
            -0.12246956676244736
        ],
        [
            0.07314735651016235,
            -0.8862006664276123,
            -0.1179901733994484
        ],
        [
            0.072170689702034,
            -0.8790753483772278,
            -0.11213836073875427
        ],
        [
            0.07407303154468536,
            -0.8815090656280518,
            -0.11182548850774765
        ],
        [
            0.06962739676237106,
            -0.8824758529663086,
            -0.11641497910022736
        ],
        [
            0.06890575587749481,
            -0.8796517252922058,
            -0.11555265635251999
        ],
        [
            0.08170321583747864,
            -0.8734755516052246,
            -0.09317715466022491
        ],
        [
            0.07811670005321503,
            -0.8747416734695435,
            -0.09899891167879105
        ],
        [
            0.07780522108078003,
            -0.8712024092674255,
            -0.0969296470284462
        ],
        [
            0.08271387964487076,
            -0.8669561147689819,
            -0.09133138507604599
        ],
        [
            0.07133042067289352,
            -0.8630341291427612,
            -0.10430304706096649
        ],
        [
            0.07492226362228394,
            -0.8646019101142883,
            -0.1003853902220726
        ],
        [
            0.07226504385471344,
            -0.8709218502044678,
            -0.10469094663858414
        ],
        [
            0.06975073367357254,
            -0.8697715997695923,
            -0.10760459303855896
        ],
        [
            0.06646759808063507,
            -0.8691614866256714,
            -0.11032174527645111
        ],
        [
            0.06258051842451096,
            -0.8691717386245728,
            -0.11242915689945221
        ],
        [
            0.062348879873752594,
            -0.8639254570007324,
            -0.11109922081232071
        ],
        [
            0.06689280271530151,
            -0.863060712814331,
            -0.1081266701221466
        ],
        [
            0.06360676884651184,
            -0.8836269378662109,
            -0.11911381036043167
        ],
        [
            0.05643508583307266,
            -0.8831981420516968,
            -0.12026455998420715
        ],
        [
            0.05738893896341324,
            -0.8802180290222168,
            -0.11886918544769287
        ],
        [
            0.06363777816295624,
            -0.8803797960281372,
            -0.1183667704463005
        ],
        [
            0.045944176614284515,
            -0.8749569654464722,
            -0.11496312916278839
        ],
        [
            0.04755138233304024,
            -0.877206027507782,
            -0.11617057770490646
        ],
        [
            0.044512078166007996,
            -0.8785228729248047,
            -0.1182958334684372
        ],
        [
            0.043063633143901825,
            -0.8742426633834839,
            -0.11688383668661118
        ],
        [
            0.04501381143927574,
            -0.8711602687835693,
            -0.11599726229906082
        ],
        [
            0.04712050408124924,
            -0.8731977343559265,
            -0.11484573036432266
        ],
        [
            0.06965678930282593,
            -0.9425375461578369,
            -0.11982778459787369
        ],
        [
            0.06525856256484985,
            -0.924863338470459,
            -0.12752610445022583
        ],
        [
            0.08188122510910034,
            -0.9363945722579956,
            -0.10436973720788956
        ],
        [
            0.08837109804153442,
            -0.9269254207611084,
            -0.09000519663095474
        ],
        [
            0.09273222088813782,
            -0.9143499135971069,
            -0.0773724615573883
        ],
        [
            0.07360702753067017,
            -0.8121097087860107,
            -0.08411748707294464
        ],
        [
            0.07293384522199631,
            -0.8040812015533447,
            -0.07663845270872116
        ],
        [
            0.078315369784832,
            -0.8125089406967163,
            -0.06453761458396912
        ],
        [
            0.07470173388719559,
            -0.8031151294708252,
            -0.05861331522464752
        ],
        [
            0.06946823000907898,
            -0.7946457862854004,
            -0.07179730385541916
        ],
        [
            0.055073704570531845,
            -0.7772045731544495,
            -0.06938061863183975
        ],
        [
            0.06366022676229477,
            -0.7851310968399048,
            -0.06933268904685974
        ],
        [
            0.0683402270078659,
            -0.7942262887954712,
            -0.05281951278448105
        ],
        [
            0.073400117456913,
            -0.8079703450202942,
            -0.038207415491342545
        ],
        [
            0.07828404754400253,
            -0.8140099048614502,
            -0.046779245138168335
        ],
        [
            0.07571851462125778,
            -0.8248485326766968,
            -0.027149569243192673
        ],
        [
            0.06630899012088776,
            -0.8023488521575928,
            -0.02679286152124405
        ],
        [
            0.07113413512706757,
            -0.8250014185905457,
            -0.019147630780935287
        ],
        [
            0.050527699291706085,
            -0.7682592868804932,
            -0.02978009358048439
        ],
        [
            0.051102932542562485,
            -0.7584598660469055,
            -0.024473417550325394
        ],
        [
            0.05887441337108612,
            -0.7667069435119629,
            -0.009606320410966873
        ],
        [
            0.059297289699316025,
            -0.7765613794326782,
            -0.014912329614162445
        ],
        [
            0.08159789443016052,
            -0.8210890293121338,
            -0.05534541979432106
        ],
        [
            0.09081204980611801,
            -0.8833130598068237,
            -0.06940224766731262
        ],
        [
            0.08876275271177292,
            -0.8817591667175293,
            -0.08145947009325027
        ],
        [
            0.0907970666885376,
            -0.8709622621536255,
            -0.06425756216049194
        ],
        [
            0.0944729745388031,
            -0.9444302916526794,
            -0.058169685304164886
        ],
        [
            0.09326724708080292,
            -0.9378403425216675,
            -0.07588183879852295
        ],
        [
            0.09660007059574127,
            -0.9230228066444397,
            -0.06570449471473694
        ],
        [
            0.09835153073072433,
            -0.931262731552124,
            -0.05041268467903137
        ],
        [
            0.07163117080926895,
            -0.978518009185791,
            -0.07685890793800354
        ],
        [
            0.07343403995037079,
            -0.9628945589065552,
            -0.10025295615196228
        ],
        [
            0.08314602077007294,
            -0.9518544673919678,
            -0.08886148035526276
        ],
        [
            0.08336997032165527,
            -0.96390700340271,
            -0.06945663690567017
        ],
        [
            0.0978424921631813,
            -0.9343631267547607,
            -0.03727000951766968
        ],
        [
            0.09503054618835449,
            -0.938005805015564,
            -0.019261792302131653
        ],
        [
            0.0909242182970047,
            -0.9546569585800171,
            -0.015436142683029175
        ],
        [
            0.09331165254116058,
            -0.9524518847465515,
            -0.037787944078445435
        ],
        [
            0.07899194955825806,
            -0.9757537245750427,
            -0.013788551092147827
        ],
        [
            0.08205380290746689,
            -0.9731582403182983,
            -0.041056543588638306
        ],
        [
            0.06591285765171051,
            -0.8134426474571228,
            -0.0074410587549209595
        ],
        [
            0.06836976855993271,
            -0.8318612575531006,
            -0.0074993520975112915
        ],
        [
            0.06038676202297211,
            -0.7882648706436157,
            -0.022354166954755783
        ],
        [
            0.06381522119045258,
            -0.7979297637939453,
            -0.005776852369308472
        ],
        [
            0.061174456030130386,
            -0.9918652772903442,
            -0.014425791800022125
        ],
        [
            0.06619860231876373,
            -0.9902380108833313,
            -0.04654880613088608
        ],
        [
            0.07367932796478271,
            -0.9228305816650391,
            0.02934819459915161
        ],
        [
            0.07900530844926834,
            -0.9394529461860657,
            0.019490212202072144
        ],
        [
            0.08719757199287415,
            -0.924406886100769,
            0.007222890853881836
        ],
        [
            0.08143635094165802,
            -0.9109706282615662,
