{
    "pred_cam": [
        2.1286797523498535,
        -0.00855221413075924,
        0.5757118463516235
    ],
    "pred_smpl_params": {
        "global_orient": [
            [
                [
                    0.996941328048706,
                    0.01861933059990406,
                    0.0759032666683197
                ],
                [
                    0.015598450787365437,
                    -0.9990699291229248,
                    0.040199484676122665
                ],
                [
                    0.07658115774393082,
                    -0.038892555981874466,
                    -0.9963045120239258
                ]
            ]
        ],
        "body_pose": [
            [
                [
                    0.9990164637565613,
                    -0.03392573818564415,
                    0.02855120599269867
                ],
                [
                    0.028588419780135155,
                    0.9850101470947266,
                    0.170111283659935
                ],
                [
                    -0.0338943712413311,
                    -0.16912773251533508,
                    0.9850112199783325
                ]
            ],
            [
                [
                    0.9971551895141602,
                    0.05295418202877045,
                    -0.053640689700841904
                ],
                [
                    -0.04590388014912605,
                    0.9910854697227478,
                    0.12506955862045288
                ],
                [
                    0.05978546291589737,
                    -0.12225145101547241,
                    0.9906968474388123
                ]
            ],
            [
                [
                    0.9994499087333679,
                    -0.009000550955533981,
                    0.0319221131503582
                ],
                [
                    0.011225788854062557,
                    0.9974676966667175,
                    -0.07022915780544281
                ],
                [
                    -0.031209178268909454,
                    0.07054886966943741,
                    0.9970200657844543
                ]
            ],
            [
                [
                    0.9926841855049133,
                    0.02992338314652443,
                    -0.11697249859571457
                ],
                [
                    -0.08897989243268967,
                    0.8361573815345764,
                    -0.5412238836288452
                ],
                [
                    0.08161219954490662,
                    0.547672688961029,
                    0.8327028155326843
                ]
            ],
            [
                [
                    0.9923068284988403,
                    -0.049627885222435,
                    0.11342082917690277
                ],
                [
                    0.10294052958488464,
                    0.8397035002708435,
                    -0.5331992506980896
                ],
                [
                    -0.06877830624580383,
                    0.5407728552818298,
                    0.8383522629737854
                ]
            ],
            [
                [
                    0.9993734359741211,
                    0.004649245645850897,
                    0.03508898615837097
                ],
                [
                    -0.0058000348508358,
                    0.9994462132453918,
                    0.03276590257883072
                ],
                [
                    -0.03491722047328949,
                    -0.03294888511300087,
                    0.9988469481468201
                ]
            ],
            [
                [
                    0.9646696448326111,
                    0.05364009365439415,
                    0.25794416666030884
                ],
                [
                    -0.0626477524638176,
                    0.9976751804351807,
                    0.026823662221431732
                ],
                [
                    -0.2559056878089905,
                    -0.04203559830784798,
                    0.965787410736084
                ]
            ],
            [
                [
                    0.9722092151641846,
                    -0.04690191149711609,
                    -0.22936759889125824
                ],
                [
                    0.05141063779592514,
                    0.9985834360122681,
                    0.013717832043766975
                ],
                [
                    0.22839927673339844,
                    -0.02512853592634201,
                    0.9732432961463928
                ]
            ],
            [
                [
                    0.9992436170578003,
                    0.022860685363411903,
                    0.0314563550055027
                ],
                [
                    -0.019743958488106728,
                    0.9951803684234619,
                    -0.09605341404676437
                ],
                [
                    -0.03350059315562248,
                    0.0953596979379654,
                    0.9948790073394775
                ]
            ],
            [
                [
                    0.9871699810028076,
                    -0.14657855033874512,
                    -0.06332570314407349
                ],
                [
                    0.15341025590896606,
                    0.9806548953056335,
                    0.12157809734344482
                ],
                [
                    0.044279925525188446,
                    -0.12973305583000183,
                    0.9905597567558289
                ]
            ],
            [
                [
                    0.9910536408424377,
                    0.13254539668560028,
                    0.01563200168311596
                ],
                [
                    -0.1334158331155777,
                    0.9807302951812744,
                    0.14271725714206696
                ],
                [
                    0.003585736732929945,
                    -0.14352601766586304,
                    0.9896399974822998
                ]
            ],
            [
                [
                    0.9997572898864746,
                    0.014679442159831524,
                    0.016429869458079338
                ],
                [
                    -0.015459966845810413,
                    0.9987066984176636,
                    0.04843328893184662
                ],
                [
                    -0.015697648748755455,
                    -0.0486755333840847,
                    0.9986912608146667
                ]
            ],
            [
                [
                    0.9592997431755066,
                    0.2806672751903534,
                    0.031142301857471466
                ],
                [
                    -0.27787452936172485,
                    0.9578455686569214,
                    -0.07292192429304123
                ],
                [
                    -0.05029631406068802,
                    0.061300333589315414,
                    0.9968512654304504
                ]
            ],
            [
                [
                    0.9416601061820984,
                    -0.33600661158561707,
                    0.01938825659453869
                ],
                [
                    0.33656349778175354,
                    0.9402899146080017,
                    -0.050792209804058075
                ],
                [
                    -0.001164067187346518,
                    0.05435436964035034,
                    0.9985210299491882
                ]
            ],
            [
                [
                    0.9998040199279785,
                    0.00354217691347003,
                    -0.019477948546409607
                ],
                [
                    -0.007276834920048714,
                    0.9807430505752563,
                    -0.19516657292842865
                ],
                [
                    0.018411550670862198,
                    0.19527006149291992,
                    0.9805766344070435
                ]
            ],
            [
                [
                    0.5706593990325928,
                    0.792427122592926,
                    -0.21542328596115112
                ],
                [
                    -0.820709228515625,
                    0.559299647808075,
                    -0.11670626699924469
                ],
                [
                    0.028004951775074005,
                    0.24339938163757324,
                    0.9695218205451965
                ]
            ],
            [
                [
                    0.46636372804641724,
                    -0.8611900210380554,
                    0.20212997496128082
                ],
                [
                    0.8823570013046265,
                    0.4691145122051239,
                    -0.037117183208465576
                ],
                [
                    -0.06285716593265533,
                    0.19566090404987335,
                    0.9786550402641296
                ]
            ],
            [
                [
                    0.7141972780227661,
                    -0.18581543862819672,
                    -0.6748294830322266
                ],
                [
                    -0.006004523951560259,
                    0.9624566435813904,
                    -0.27136892080307007
                ],
                [
                    0.6999186873435974,
                    0.19786298274993896,
                    0.6862682104110718
                ]
            ],
            [
                [
                    0.8887027502059937,
                    0.0887632668018341,
                    0.4498094618320465
                ],
                [
                    0.007365287747234106,
                    0.9781896471977234,
                    -0.2075832039117813
                ],
                [
                    -0.45842471718788147,
                    0.18779274821281433,
                    0.8686660528182983
                ]
            ],
            [
                [
                    0.999796986579895,
                    -0.0006014134269207716,
                    0.020142003893852234
                ],
                [
                    0.0016346367774531245,
                    0.9986808896064758,
                    -0.051319681107997894
                ],
                [
                    -0.020084572955965996,
                    0.051342181861400604,
                    0.9984791278839111
                ]
            ],
            [
                [
                    0.9989968538284302,
                    -0.02383837290108204,
                    -0.037907376885414124
                ],
                [
                    0.022434024140238762,
                    0.9990614652633667,
                    -0.03705080226063728
                ],
                [
                    0.038755036890506744,
                    0.036163222044706345,
                    0.9985940456390381
                ]
            ],
            [
                [
                    0.9675313830375671,
                    0.2355346530675888,
                    -0.09168674051761627
                ],
                [
                    -0.21580424904823303,
                    0.958666980266571,
                    0.1854347288608551
                ],
                [
                    0.1315733641386032,
                    -0.1596275120973587,
                    0.9783697724342346
                ]
            ],
            [
                [
                    0.9729328155517578,
                    -0.221843883395195,
                    0.06470731645822525
                ],
                [
                    0.20455804467201233,
                    0.9570499062538147,
                    0.20545455813407898
                ],
                [
                    -0.10750696063041687,
                    -0.18665708601474762,
                    0.9765251874923706
                ]
            ]
        ],
        "betas": [
            -0.0471189022064209,
            -0.011171519756317139,
            0.13821610808372498,
            -0.06608140468597412,
            0.06541508436203003,
            0.007772911339998245,
            -0.03456556797027588,
            -0.07228145003318787,
            0.09383294731378555,
            -0.12441444396972656
        ]
    },
    "pred_cam_t": [
        -0.00855221413075924,
        0.5757118463516235,
        18.350576400756836
    ],
    "focal_length": [
        5000.0,
        5000.0
    ],
    "pred_keypoints_3d": [
        [
            0.04631667584180832,
            -0.819869875907898,
            -0.15714618563652039
        ],
        [
            0.010271504521369934,
            -0.7360832095146179,
            0.012667112052440643
        ],
        [
            -0.1715419888496399,
            -0.6458404660224915,
            -0.0006110221147537231
        ],
        [
            -0.21538543701171875,
            -0.4016679525375366,
            0.05599328130483627
        ],
        [
            -0.22099992632865906,
            -0.15897810459136963,
            -0.02088288962841034
        ],
        [
            0.17846152186393738,
            -0.6464523673057556,
            0.06004703789949417
        ],
        [
            0.2334890067577362,
            -0.41062647104263306,
            0.15628808736801147
        ],
        [
            0.2773478925228119,
            -0.19867971539497375,
            0.034493595361709595
        ],
        [
            -0.0016195690259337425,
            -0.22320425510406494,
            0.028516924008727074
        ],
        [
            -0.07175879925489426,
            -0.1336899846792221,
            0.031159672886133194
        ],
        [
            -0.1334092915058136,
            0.24393673241138458,
            0.006245214492082596
        ],
        [
            -0.12832844257354736,
            0.5748172998428345,
            0.23039178550243378
        ],
        [
            0.06619349122047424,
            -0.13076230883598328,
            0.044442467391490936
        ],
        [
            0.10965907573699951,
            0.24024447798728943,
            0.0053415484726428986
        ],
        [
            0.0713147521018982,
            0.5776586532592773,
            0.2153981328010559
        ],
        [
            0.01063215360045433,
            -0.8664394021034241,
            -0.13734105229377747
        ],
        [
            0.07631723582744598,
            -0.8643990755081177,
            -0.12718047201633453
        ],
        [
            -0.04486018791794777,
            -0.8698229789733887,
            -0.049173057079315186
        ],
        [
            0.09987351298332214,
            -0.8657684326171875,
            -0.027770228683948517
        ],
        [
            0.10458629578351974,
            0.7068356871604919,
            0.06589290499687195
        ],
        [
            0.1601676344871521,
            0.690380871295929,
            0.12666556239128113
        ],
        [
            0.06400953978300095,
            0.5859873294830322,
            0.2856207489967346
        ],
        [
            -0.13744381070137024,
            0.7050787210464478,
            0.07994598150253296
        ],
        [
            -0.20654089748859406,
            0.6874167919158936,
            0.1300220787525177
        ],
        [
            -0.12870894372463226,
            0.5895516872406006,
            0.30278801918029785
        ],
        [
            -0.14920200407505035,
            0.5185418128967285,
            0.23158055543899536
        ],
        [
            -0.1269330382347107,
            0.18139731884002686,
            0.0013639060780405998
        ],
        [
            -0.14952564239501953,
            -0.2579457759857178,
            0.024584412574768066
        ],
        [
            0.14430131018161774,
            -0.2388726770877838,
            0.0631026029586792
        ],
        [
            0.12039206922054291,
            0.2001979649066925,
            0.0053232405334711075
        ],
        [
            0.07897599041461945,
            0.5363510251045227,
            0.22553569078445435
        ],
        [
            -0.2047688364982605,
            -0.18425586819648743,
            -0.04100780189037323
        ],
        [
            -0.23898279666900635,
            -0.4174500107765198,
            0.02676885761320591
        ],
        [
            -0.13546821475028992,
            -0.6771588325500488,
            0.003315795212984085
        ],
        [
            0.1505420058965683,
            -0.6777479648590088,
            0.057321541011333466
        ],
        [
            0.26570773124694824,
            -0.43559300899505615,
            0.12405745685100555
        ],
        [
            0.27874433994293213,
            -0.21831642091274261,
            0.026723556220531464
        ],
        [
            0.011747902259230614,
            -0.7309801578521729,
            0.010040199384093285
        ],
        [
            0.036702971905469894,
            -0.9171536564826965,
            -0.06098075583577156
        ],
        [
            -0.0018512187525629997,
            -0.24888408184051514,
            0.04404100403189659
        ],
        [
            0.006735740229487419,
            -0.675565242767334,
            0.02599146217107773
        ],
        [
            -0.000934874638915062,
            -0.496635377407074,
            0.04889225214719772
        ],
        [
            0.03946695849299431,
            -0.8050054311752319,
            -0.07817592471837997
        ],
        [
            0.03191659599542618,
            -0.9374310374259949,
            -0.05616774410009384
        ]
    ],
    "pred_vertices": [
        [
            0.09058137983083725,
            -0.9106957912445068,
            -0.13273939490318298
        ],
        [
            0.08456361293792725,
            -0.8956352472305298,
            -0.1377381682395935
        ],
        [
            0.09386598318815231,
            -0.8930851221084595,
            -0.12715217471122742
        ],
        [
            0.09894886612892151,
            -0.9047932028770447,
            -0.11850007623434067
        ],
        [
            0.09021125733852386,
            -0.8832604885101318,
            -0.1318475604057312
        ],
        [
            0.08155441284179688,
            -0.8838335275650024,
            -0.14034949243068695
        ],
        [
            0.09864448010921478,
            -0.8882410526275635,
            -0.11496847122907639
        ],
        [
            0.10269612073898315,
            -0.8965297937393188,
            -0.10477952659130096
        ],
        [
            0.10016211122274399,
            -0.8543254137039185,
            -0.09754788875579834
        ],
        [
            0.10232040286064148,
            -0.8512489795684814,
            -0.08715058118104935
        ],
        [
            0.10305986553430557,
            -0.8630163669586182,
            -0.09032253921031952
        ],
        [
            0.09956978261470795,
            -0.8630627989768982,
            -0.10001730918884277
        ],
        [
            0.09728851169347763,
            -0.8290455341339111,
            -0.09072106331586838
        ],
        [
            0.09214837849140167,
            -0.8188650608062744,
            -0.09842654317617416
        ],
        [
            0.0921623557806015,
            -0.8112322688102722,
            -0.08726153522729874
        ],
        [
            0.0959492102265358,
            -0.8210549354553223,
            -0.07882355153560638
        ],
        [
            0.06499111652374268,
            -0.8303277492523193,
            -0.12859037518501282
        ],
        [
            0.06979138404130936,
            -0.8238166570663452,
            -0.1256357878446579
        ],
        [
            0.07382958382368088,
            -0.830429196357727,
            -0.12518858909606934
        ],
        [
            0.06818100810050964,
            -0.8362302184104919,
            -0.12778788805007935
        ],
        [
            0.05748911201953888,
            -0.8393369913101196,
            -0.13756874203681946
        ],
        [
            0.05822676420211792,
            -0.8452578783035278,
            -0.13496847450733185
        ],
        [
            0.054592546075582504,
            -0.8484958410263062,
            -0.14127303659915924
        ],
        [
            0.05486716330051422,
            -0.8417065739631653,
            -0.14466337859630585
        ],
        [
            0.05932936072349548,
            -0.8252941370010376,
            -0.12864884734153748
        ],
        [
            0.06446109712123871,
            -0.8186811208724976,
            -0.12525802850723267
        ],
        [
            0.06098313257098198,
            -0.8358508348464966,
            -0.13174423575401306
        ],
        [
            0.05919063463807106,
            -0.8311362266540527,
            -0.1335722804069519
        ],
        [
            0.05782414227724075,
            -0.8237500190734863,
            -0.1432923525571823
        ],
        [
            0.05931168794631958,
            -0.8285242319107056,
            -0.1422806680202484
        ],
        [
            0.05725902318954468,
            -0.8287861347198486,
            -0.1497529298067093
        ],
        [
            0.05563538894057274,
            -0.8234272003173828,
            -0.14853180944919586
        ],
        [
            0.058778565376996994,
            -0.8242855072021484,
            -0.13359509408473969
        ],
        [
            0.06000051647424698,
            -0.8267353773117065,
            -0.13671186566352844
        ],
        [
            0.05783398449420929,
            -0.8227806091308594,
            -0.1388588398694992
        ],
        [
            0.05570274218916893,
            -0.8211979866027832,
            -0.13558098673820496
        ],
        [
            0.05713418498635292,
            -0.8346799612045288,
            -0.13978096842765808
        ],
        [
            0.05568782240152359,
            -0.835676908493042,
            -0.14740046858787537
        ],
        [
            0.053201671689748764,
            -0.8362402319908142,
            -0.15517841279506683
        ],
        [
            0.054280608892440796,
            -0.8274828195571899,
            -0.157213494181633
        ],
        [
            0.07845915108919144,
            -0.8110578060150146,
            -0.1152891293168068
        ],
        [
            0.07476428151130676,
            -0.8174271583557129,
            -0.12140785157680511
        ],
        [
            0.06942476332187653,
            -0.8127520680427551,
            -0.12165942788124084
        ],
        [
            0.0731903612613678,
            -0.8075941801071167,
            -0.1171337217092514
        ],
        [
            0.056007713079452515,
            -0.8186472058296204,
            -0.1315673142671585
        ],
        [
            0.05870388448238373,
            -0.8028759956359863,
            -0.12868180871009827
        ],
        [
            0.059231095016002655,
            -0.8065934777259827,
            -0.12938785552978516
        ],
        [
            0.054122522473335266,
            -0.8070434331893921,
            -0.1345060020685196
        ],
        [
            0.05425136536359787,
            -0.8035626411437988,
            -0.1335994005203247
        ],
        [
            0.0807073563337326,
            -0.7981432676315308,
            -0.10343385487794876
        ],
        [
            0.07581321895122528,
            -0.7966316938400269,
            -0.10860221087932587
        ],
        [
            0.07526080310344696,
            -0.7902765274047852,
            -0.10486619174480438
        ],
        [
            0.07919707894325256,
            -0.7907215356826782,
            -0.09836461395025253
        ],
        [
            0.07239610701799393,
            -0.7849003076553345,
            -0.10345130413770676
        ],
        [
            0.07673761248588562,
            -0.783632755279541,
            -0.0943169891834259
        ],
        [
            0.06713522970676422,
            -0.7699685096740723,
            -0.09400851279497147
        ],
        [
            0.07197850197553635,
            -0.7760692834854126,
            -0.09371979534626007
        ],
        [
            0.06837061792612076,
            -0.7794257402420044,
            -0.10376464575529099
        ],
        [
            0.06345411390066147,
            -0.7740446329116821,
            -0.10702762752771378
        ],
        [
            0.0536855012178421,
            -0.7776368856430054,
            -0.11834519356489182
        ],
        [
            0.048396363854408264,
            -0.7762022018432617,
            -0.12177834659814835
        ],
        [
            0.0516853891313076,
            -0.764460027217865,
            -0.11700605601072311
        ],
        [
            0.05741617828607559,
            -0.7683213353157043,
            -0.11247730255126953
        ],
        [
            0.057173050940036774,
            -0.7979011535644531,
            -0.12349225580692291
        ],
        [
            0.06042540818452835,
            -0.7983231544494629,
            -0.11998755484819412
        ],
        [
            0.061227671802043915,
            -0.7993893623352051,
            -0.12237241119146347
        ],
        [
            0.05802416428923607,
            -0.8000215888023376,
            -0.1265895515680313
        ],
        [
            0.06343607604503632,
            -0.7983430027961731,
            -0.11735402047634125
        ],
        [
            0.06481024622917175,
            -0.7981903553009033,
            -0.1162295788526535
        ],
        [
            0.06498043239116669,
            -0.7992233633995056,
            -0.1176912859082222
        ],
        [
            0.06353040039539337,
            -0.7989832162857056,
            -0.11806034296751022
        ],
        [
            0.061772290617227554,
            -0.7985889911651611,
            -0.11900699138641357
        ],
        [
            0.06076228618621826,
            -0.7966623306274414,
            -0.11930939555168152
        ],
        [
            0.06266406923532486,
            -0.7975137829780579,
            -0.11789018660783768
        ],
        [
            0.057867661118507385,
            -0.7954771518707275,
            -0.12263687700033188
        ],
        [
            0.04707629606127739,
            -0.7922055125236511,
            -0.13236881792545319
        ],
        [
            0.05057708919048309,
            -0.7928345203399658,
            -0.13025662302970886
        ],
        [
            0.04928510636091232,
            -0.7973322868347168,
            -0.13034355640411377
        ],
        [
            0.046299830079078674,
            -0.7971144914627075,
            -0.13219037652015686
        ],
        [
            0.06385324150323868,
            -0.8007280826568604,
            -0.12017106264829636
        ],
        [
            0.06630520522594452,
            -0.8022905588150024,
            -0.11935931444168091
        ],
        [
            0.0636001005768776,
            -0.8044787645339966,
            -0.12388114631175995
        ],
        [
            0.062166813760995865,
            -0.8019044995307922,
            -0.12314487248659134
        ],
        [
            0.06907311826944351,
            -0.8041192293167114,
            -0.1188918724656105
        ],
        [
            0.06710727512836456,
            -0.8004590272903442,
            -0.1168094128370285
        ],
        [
            0.0700177252292633,
            -0.8011388778686523,
            -0.11574031412601471
        ],
        [
            0.06417330354452133,
            -0.796495795249939,
            -0.11605501174926758
        ],
        [
            0.0663151890039444,
            -0.7950583696365356,
            -0.11375544220209122
        ],
        [
            0.06726426631212234,
            -0.797461211681366,
            -0.11503605544567108
        ],
        [
            0.06429485976696014,
            -0.7918447852134705,
            -0.11413218080997467
        ],
        [
            0.061939891427755356,
            -0.7945148348808289,
            -0.11734265089035034
        ],
        [
            0.05900391936302185,
            -0.7923482656478882,
            -0.1204734668135643
        ],
        [
            0.05521199479699135,
            -0.7902407050132751,
            -0.12457530945539474
        ],
        [
            0.05657224357128143,
            -0.7860136032104492,
            -0.12028951197862625
        ],
        [
            0.06096568703651428,
            -0.7886655330657959,
            -0.11664225161075592
        ],
        [
            0.06566853821277618,
            -0.8083099126815796,
            -0.12339190393686295
        ],
        [
            0.07094752788543701,
            -0.7970091104507446,
            -0.11222277581691742
        ],
        [
            0.074889175593853,
            -0.8030439615249634,
            -0.11269989609718323
        ],
        [
            0.07023758441209793,
            -0.7925180792808533,
            -0.1103779599070549
        ],
        [
            0.06786897778511047,
            -0.7882594466209412,
            -0.10980474948883057
        ],
        [
            0.06388503313064575,
            -0.7842265367507935,
            -0.11129213124513626
        ],
        [
            0.05902530625462532,
            -0.7805769443511963,
            -0.1147850900888443
        ],
        [
            0.0514407679438591,
            -0.7576920986175537,
            -0.10412794351577759
        ],
        [
            0.05914927273988724,
            -0.7629027366638184,
            -0.0997064858675003
        ],
        [
            0.07862094044685364,
            -0.8768792152404785,
            -0.13680434226989746
        ],
        [
            0.08649836480617523,
            -0.8760976791381836,
            -0.1323634684085846
        ],
        [
            0.08551377803087234,
            -0.8691717982292175,
            -0.12628144025802612
        ],
        [
            0.08742205798625946,
            -0.871573805809021,
            -0.12606734037399292
        ],
        [
            0.08297315984964371,
            -0.8724376559257507,
            -0.13064926862716675
        ],
        [
            0.08222838491201401,
            -0.8696590065956116,
            -0.12966692447662354
        ],
        [
            0.09505732357501984,
            -0.8642045259475708,
            -0.10722310841083527
        ],
        [
            0.09146413952112198,
            -0.8652780055999756,
            -0.11305863410234451
        ],
        [
            0.09113902598619461,
            -0.8618161082267761,
            -0.11087794601917267
        ],
        [
            0.0960402712225914,
            -0.8577415943145752,
            -0.10517247021198273
        ],
        [
            0.08457238227128983,
            -0.8534529209136963,
            -0.11785869300365448
        ],
        [
            0.08819999545812607,
            -0.8551285266876221,
            -0.11405561119318008
        ],
        [
            0.08555764704942703,
            -0.8613121509552002,
            -0.11854064464569092
        ],
        [
            0.08302021026611328,
            -0.8600770235061646,
            -0.12137103825807571
        ],
        [
            0.0797344297170639,
            -0.8593794703483582,
            -0.12402977794408798
        ],
        [
            0.07586200535297394,
            -0.8593159914016724,
            -0.1261126697063446
        ],
        [
            0.0755913183093071,
            -0.8541473746299744,
            -0.1245763972401619
        ],
        [
            0.08012514561414719,
            -0.8533786535263062,
            -0.12162002176046371
        ],
        [
            0.07695629447698593,
            -0.8735408782958984,
            -0.1333349347114563
        ],
        [
            0.06977789103984833,
            -0.8730776309967041,
            -0.13442595303058624
        ],
        [
            0.07071194797754288,
            -0.8701644539833069,
            -0.13292177021503448
        ],
        [
            0.07695770263671875,
            -0.8703392744064331,
            -0.13244926929473877
        ],
        [
            0.059291839599609375,
            -0.8650500774383545,
            -0.12877964973449707
        ],
        [
            0.06090185418725014,
            -0.8672363758087158,
            -0.13008639216423035
        ],
        [
            0.05786930024623871,
            -0.8684898614883423,
            -0.13222578167915344
        ],
        [
            0.05640718713402748,
            -0.8642909526824951,
            -0.13064885139465332
        ],
        [
            0.058337125927209854,
            -0.8612439632415771,
            -0.12966284155845642
        ],
        [
            0.06044954061508179,
            -0.8633046746253967,
            -0.12859788537025452
        ],
        [
            0.08325833082199097,
            -0.9323574304580688,
            -0.13621662557125092
        ],
        [
            0.07877952605485916,
            -0.9144762754440308,
            -0.14338922500610352
        ],
        [
            0.0954478532075882,
            -0.9267421960830688,
            -0.12056177854537964
        ],
        [
            0.10194632411003113,
            -0.9177408814430237,
            -0.10592007637023926
        ],
        [
            0.10627087950706482,
            -0.9055821895599365,
            -0.09296399354934692
        ],
        [
            0.08655880391597748,
            -0.803303599357605,
            -0.09593421220779419
        ],
        [
            0.08586045354604721,
            -0.7955757975578308,
            -0.08821205049753189
        ],
        [
            0.09134962409734726,
            -0.8043622970581055,
            -0.07646860182285309
        ],
        [
            0.0877186730504036,
            -0.7952176332473755,
            -0.07027091830968857
        ],
        [
            0.08234868198633194,
            -0.7863485217094421,
            -0.08307258039712906
        ],
        [
            0.06785708665847778,
            -0.7690896987915039,
            -0.08002659678459167
        ],
        [
            0.07650082558393478,
            -0.7769452333450317,
            -0.08030574023723602
        ],
        [
            0.08137641847133636,
            -0.7865697741508484,
            -0.06426386535167694
        ],
        [
            0.08668752759695053,
            -0.8007321357727051,
            -0.05018588900566101
        ],
        [
            0.09148137271404266,
            -0.8064714670181274,
            -0.058865103870630264
        ],
        [
            0.08918775618076324,
            -0.817961573600769,
            -0.0397622287273407
        ],
        [
            0.07967302948236465,
            -0.7954087257385254,
            -0.0387803390622139
        ],
        [
            0.08464930951595306,
            -0.8184086680412292,
            -0.03186024725437164
        ],
        [
            0.063385970890522,
            -0.7614145874977112,
            -0.04109460115432739
        ],
        [
            0.06386357545852661,
            -0.7516822218894958,
            -0.0358315072953701
        ],
        [
            0.07212892919778824,
            -0.7601178288459778,
            -0.0214430782943964
        ],
        [
            0.0725269466638565,
            -0.7699615955352783,
            -0.026711199432611465
        ],
        [
            0.09477084875106812,
            -0.8132288455963135,
            -0.06762713193893433
        ],
        [
            0.10434047877788544,
            -0.8747917413711548,
            -0.08396053314208984
        ],
        [
            0.10222971439361572,
            -0.8728303909301758,
            -0.09590265154838562
        ],
        [
            0.1042400598526001,
            -0.8627125024795532,
            -0.07838624715805054
        ],
        [
            0.10822805762290955,
            -0.936341404914856,
            -0.0747162327170372
        ],
        [
            0.10682398825883865,
            -0.9291081428527832,
            -0.09218335896730423
        ],
        [
            0.11015571653842926,
            -0.914664626121521,
            -0.08155018091201782
        ],
        [
            0.1120641753077507,
            -0.9234231114387512,
            -0.06658297777175903
        ],
        [
            0.08560161292552948,
            -0.9699515104293823,
            -0.09444224834442139
        ],
        [
            0.0871766209602356,
            -0.9534226059913635,
            -0.11732102185487747
        ],
        [
            0.09680870920419693,
            -0.9427620768547058,
            -0.1055661216378212
        ],
        [
            0.09724962711334229,
            -0.9555453062057495,
            -0.08657579123973846
        ],
        [
            0.11169763654470444,
            -0.926986575126648,
            -0.05352003872394562
        ],
        [
            0.10901196300983429,
            -0.9312859773635864,
            -0.0356806218624115
        ],
        [
            0.10492059588432312,
            -0.9479843974113464,
            -0.03230100870132446
        ],
        [
            0.10719563066959381,
            -0.945105254650116,
            -0.05459146201610565
        ],
        [
            0.09310653805732727,
            -0.969202995300293,
            -0.031301841139793396
        ],
        [
            0.09607535600662231,
            -0.965709924697876,
            -0.05847172439098358
        ],
        [
            0.07956845313310623,
            -0.8071236610412598,
            -0.019994687288999557
        ],
        [
            0.08201344311237335,
            -0.8256719708442688,
            -0.020505979657173157
        ],
        [
            0.07359825819730759,
            -0.7814991474151611,
            -0.034157175570726395
        ],
        [
            0.0774170309305191,
            -0.7915753126144409,
            -0.018086764961481094
        ],
        [
            0.07540537416934967,
            -0.9852309226989746,
            -0.03243835270404816
        ],
        [
            0.08030997961759567,
            -0.982621431350708,
            -0.06441302597522736
        ],
        [
            0.0878598541021347,
            -0.9179463982582092,
            0.01339980959892273
        ],
        [
            0.09309219568967819,
            -0.9341505765914917,
            0.003013297915458679
        ],
        [
            0.10127583891153336,
            -0.9186789989471436,
            -0.008783496916294098
        ],
        [
            0.09553414583206177,
            -0.9057263135910034,
            0.0024707019329071045
        ],
