{
    "pred_cam": [
        1.8126392364501953,
        -0.001276521012187004,
        0.5975410342216492
    ],
    "pred_smpl_params": {
        "global_orient": [
            [
                [
                    0.9720258116722107,
                    0.21213842928409576,
                    -0.10081151872873306
                ],
                [
                    0.13564027845859528,
                    -0.8574173450469971,
                    -0.4964244067668915
                ],
                [
                    -0.1917482316493988,
                    0.468863308429718,
                    -0.8622062802314758
                ]
            ]
        ],
        "body_pose": [
            [
                [
                    0.9991086721420288,
                    -0.01974613592028618,
                    -0.037307318300008774
                ],
                [
                    0.03944983333349228,
                    0.7512099742889404,
                    0.658883273601532
                ],
                [
                    0.015015224926173687,
                    -0.6597678065299988,
                    0.751319408416748
                ]
            ],
            [
                [
                    0.9927709102630615,
                    0.0937332808971405,
                    0.07496687024831772
                ],
                [
                    -0.12000831216573715,
                    0.7648381590843201,
                    0.6329460740089417
                ],
                [
                    0.001990583958104253,
                    -0.6373670697212219,
                    0.7705578207969666
                ]
            ],
            [
                [
                    0.9999603629112244,
                    -0.0013397404691204429,
                    -0.008799172937870026
                ],
                [
                    -0.002861554967239499,
                    0.8877285122871399,
                    -0.4603584408760071
                ],
                [
                    0.008428040891885757,
                    0.4603653848171234,
                    0.887689471244812
                ]
            ],
            [
                [
                    0.9792091846466064,
                    0.11621594429016113,
                    -0.16626286506652832
                ],
                [
                    -0.13813012838363647,
                    -0.21824213862419128,
                    -0.9660696387290955
                ],
                [
                    -0.14855825901031494,
                    0.9689500331878662,
                    -0.19765178859233856
                ]
            ],
            [
                [
                    0.9758027791976929,
                    -0.09140877425670624,
                    0.19862867891788483
                ],
                [
                    0.17834888398647308,
                    -0.19278940558433533,
                    -0.9648958444595337
                ],
                [
                    0.1264934092760086,
                    0.976973295211792,
                    -0.17182178795337677
                ]
            ],
            [
                [
                    0.9993197917938232,
                    -0.03666647896170616,
                    -0.0039480081759393215
                ],
                [
                    0.03682459890842438,
                    0.9979082942008972,
                    0.05313162878155708
                ],
                [
                    0.001991600263863802,
                    -0.05324086546897888,
                    0.998579740524292
                ]
            ],
            [
                [
                    0.9372954964637756,
                    -0.14874613285064697,
                    0.3152009844779968
                ],
                [
                    0.03585432842373848,
                    0.9407101273536682,
                    0.3373115062713623
                ],
                [
                    -0.3466865122318268,
                    -0.3048592805862427,
                    0.8870565295219421
                ]
            ],
            [
                [
                    0.9464902877807617,
                    0.07219477742910385,
                    -0.3145536184310913
                ],
                [
                    0.013533389195799828,
                    0.9649224281311035,
                    0.26218605041503906
                ],
                [
                    0.3224483132362366,
                    -0.2524135410785675,
                    0.9123126864433289
                ]
            ],
            [
                [
                    0.9998227953910828,
                    -0.011098900809884071,
                    -0.015201211906969547
                ],
                [
                    0.011008682660758495,
                    0.999921441078186,
                    -0.006005451083183289
                ],
                [
                    0.015266669914126396,
                    0.005837041884660721,
                    0.9998664259910583
                ]
            ],
            [
                [
                    0.9953160285949707,
                    -0.07323789596557617,
                    -0.06310485303401947
                ],
                [
                    0.07995246350765228,
                    0.99055016040802,
                    0.11143595725297928
                ],
                [
                    0.054347191005945206,
                    -0.11595937609672546,
                    0.9917659759521484
                ]
            ],
            [
                [
                    0.9944334626197815,
                    0.07277253270149231,
                    0.07619894295930862
                ],
                [
                    -0.08594351261854172,
                    0.9785895347595215,
                    0.18701918423175812
                ],
                [
                    -0.060957636684179306,
                    -0.1925269365310669,
                    0.9793965220451355
                ]
            ],
            [
                [
                    0.994935154914856,
                    -0.04962652921676636,
                    0.08741400390863419
                ],
                [
                    0.06135502830147743,
                    0.9886616468429565,
                    -0.13705392181873322
                ],
                [
                    -0.07962135225534439,
                    0.14172305166721344,
                    0.9866990447044373
                ]
            ],
            [
                [
                    0.8916544914245605,
                    -0.06744985282421112,
                    -0.44766348600387573
                ],
                [
                    0.1778513342142105,
                    0.9615265130996704,
                    0.20936957001686096
                ],
                [
                    0.4163183867931366,
                    -0.2663029134273529,
                    0.869345486164093
                ]
            ],
            [
                [
                    0.9434342980384827,
                    0.04718450829386711,
                    0.32818466424942017
                ],
                [
                    -0.11143171787261963,
                    0.9773690700531006,
                    0.17981289327144623
                ],
                [
                    -0.31227314472198486,
                    -0.2062118798494339,
                    0.9273413419723511
                ]
            ],
            [
                [
                    0.9964190721511841,
                    -0.05715802311897278,
                    0.062303896993398666
                ],
                [
                    0.06523572653532028,
                    0.9884960055351257,
                    -0.13645492494106293
                ],
                [
                    -0.05378766357898712,
                    0.14003075659275055,
                    0.9886850118637085
                ]
            ],
            [
                [
                    0.8061649799346924,
                    0.13413585722446442,
                    -0.5762861371040344
                ],
                [
                    0.09978558868169785,
                    0.9291936159133911,
                    0.3558681607246399
                ],
                [
                    0.5832160711288452,
                    -0.34439346194267273,
                    0.7356985211372375
                ]
            ],
            [
                [
                    0.9349088072776794,
                    -0.1512509137392044,
                    0.3210430145263672
                ],
                [
                    0.05080266296863556,
                    0.9523540139198303,
                    0.3007339835166931
                ],
                [
                    -0.3512328863143921,
                    -0.2648490071296692,
                    0.8980481028556824
                ]
            ],
            [
                [
                    0.14312393963336945,
                    -0.18463511765003204,
                    -0.97232985496521
                ],
                [
                    0.5456895232200623,
                    0.8343392610549927,
                    -0.07810837775468826
                ],
                [
                    0.8256745934486389,
                    -0.519411027431488,
                    0.2201673686504364
                ]
            ],
            [
                [
                    0.15919317305088043,
                    0.2557426393032074,
                    0.9535477161407471
                ],
                [
                    -0.5912196636199951,
                    0.798214852809906,
                    -0.11537907272577286
                ],
                [
                    -0.7906433343887329,
                    -0.5453885793685913,
                    0.278270423412323
                ]
            ],
            [
                [
                    0.9760937094688416,
                    -0.21252305805683136,
                    -0.04555274918675423
                ],
                [
                    0.19840523600578308,
                    0.9568032622337341,
                    -0.21251554787158966
                ],
                [
                    0.0887494757771492,
                    0.1983971744775772,
                    0.9760953187942505
                ]
            ],
            [
                [
                    0.9843676686286926,
                    0.17373384535312653,
                    0.02892668917775154
                ],
                [
                    -0.1686505824327469,
                    0.9771301746368408,
                    -0.1295126974582672
                ],
                [
                    -0.050765879452228546,
                    0.12260962277650833,
                    0.9911556839942932
                ]
            ],
            [
                [
                    0.9947021007537842,
                    0.09102346748113632,
                    -0.04777408391237259
                ],
                [
                    -0.09225514531135559,
                    0.9954403638839722,
                    -0.024237917736172676
                ],
                [
                    0.045350030064582825,
                    0.028516914695501328,
                    0.9985640048980713
                ]
            ],
            [
                [
                    0.994743287563324,
                    -0.0973673090338707,
                    0.031706228852272034
                ],
                [
                    0.09694471955299377,
                    0.9951825737953186,
                    0.014607301913201809
                ],
                [
                    -0.032975759357213974,
                    -0.011456766165792942,
                    0.9993904232978821
                ]
            ]
        ],
        "betas": [
            -0.008184418082237244,
            -0.07863733172416687,
            -0.18875329196453094,
            -0.06236913800239563,
            0.08911240100860596,
            -0.06280302256345749,
            -0.05900797247886658,
            -0.017374098300933838,
            0.05810116231441498,
            -0.032874464988708496
        ]
    },
    "pred_cam_t": [
        -0.001276521012187004,
        0.5975410342216492,
        21.550067901611328
    ],
    "focal_length": [
        5000.0,
        5000.0
    ],
    "pred_keypoints_3d": [
        [
            0.061758700758218765,
            -0.7991548776626587,
            -0.0212785005569458
        ],
        [
            0.07641583681106567,
            -0.6966994404792786,
            0.1414652019739151
        ],
        [
            -0.09980489313602448,
            -0.6597688794136047,
            0.15577924251556396
        ],
        [
            -0.33083081245422363,
            -0.7003876566886902,
            0.05425214767456055
        ],
        [
            -0.27145636081695557,
            -0.9327653646469116,
            -0.03496893495321274
        ],
        [
            0.2254873812198639,
            -0.6380829811096191,
            0.07212139666080475
        ],
        [
            0.3241635859012604,
            -0.7180448174476624,
            -0.15683098137378693
        ],
        [
            0.21739807724952698,
            -0.9425506591796875,
            -0.13181637227535248
        ],
        [
            -0.0017205853946506977,
            -0.22209632396697998,
            0.028586436063051224
        ],
        [
            -0.08656112849712372,
            -0.15179748833179474,
            0.0029195304960012436
        ],
        [
            -0.24474701285362244,
            -0.02779790759086609,
            -0.3240147531032562
        ],
        [
            -0.2149970531463623,
            0.2902819514274597,
            -0.08257840573787689
        ],
        [
            0.04752195626497269,
            -0.13110674917697906,
            -0.02176911011338234
        ],
        [
            0.0032149814069271088,
            -0.003813028335571289,
            -0.37285301089286804
        ],
        [
            -0.031113993376493454,
            0.3025687038898468,
            -0.11785179376602173
        ],
        [
            0.029614191502332687,
            -0.838281512260437,
            0.012736387550830841
        ],
        [
            0.09625643491744995,
            -0.8412752151489258,
            0.006028853356838226
        ],
        [
            -0.003238670527935028,
            -0.8264500498771667,
            0.1132403165102005
        ],
        [
            0.14391165971755981,
            -0.8339473009109497,
            0.09657026082277298
        ],
        [
            -0.04279696196317673,
            0.3980845808982849,
            -0.2906845808029175
        ],
        [
            0.025193393230438232,
            0.3979300260543823,
            -0.24371780455112457
        ],
        [
            -0.017643753439188004,
            0.31585562229156494,
            -0.05052939057350159
        ],
        [
            -0.28871428966522217,
            0.38205599784851074,
            -0.24017906188964844
        ],
        [
            -0.33773550391197205,
            0.3634909391403198,
            -0.17208515107631683
        ],
        [
            -0.20115241408348083,
            0.3166239857673645,
            -0.013117194175720215
        ],
        [
            -0.22893714904785156,
            0.23296138644218445,
            -0.07657148689031601
        ],
        [
            -0.22972241044044495,
            -0.05448527634143829,
            -0.29290148615837097
        ],
        [
            -0.13930276036262512,
            -0.25400310754776,
            0.09028689563274384
        ],
        [
            0.15357893705368042,
            -0.19511778652668,
            0.03800501674413681
        ],
        [
            0.021922145038843155,
            -0.018061824142932892,
            -0.35352224111557007
        ],
        [
            -0.012004734948277473,
            0.2621268928050995,
            -0.1148964911699295
        ],
        [
            -0.24334409832954407,
            -0.9131596088409424,
            -0.020081758499145508
        ],
        [
            -0.3180805444717407,
            -0.7272688150405884,
            0.07958847284317017
        ],
        [
            -0.06778611242771149,
            -0.6792373657226562,
            0.16267916560173035
        ],
        [
            0.21407228708267212,
            -0.6605738401412964,
            0.09590624272823334
        ],
        [
            0.3321307897567749,
            -0.7409612536430359,
            -0.11889782547950745
        ],
        [
            0.22325845062732697,
            -0.9329726696014404,
            -0.11220140755176544
        ],
        [
            0.0806298553943634,
            -0.6962267160415649,
            0.14258083701133728
        ],
        [
            0.07092899829149246,
            -0.8821378946304321,
            0.08621326088905334
        ],
        [
            0.007117833010852337,
            -0.22459425032138824,
            0.06444458663463593
        ],
        [
            0.07209965586662292,
            -0.6612562537193298,
            0.1277008056640625
        ],
        [
            0.045338816940784454,
            -0.46012386679649353,
            0.12165337800979614
        ],
        [
            0.0758911743760109,
            -0.773456335067749,
            0.05529066175222397
        ],
        [
            0.06624666601419449,
            -0.9011970162391663,
            0.09492103010416031
        ]
    ],
    "pred_vertices": [
        [
            0.10553950816392899,
            -0.8878639936447144,
            0.0024208202958106995
        ],
        [
            0.09981664270162582,
            -0.8734594583511353,
            -0.002577081322669983
        ],
        [
            0.11181744188070297,
            -0.8710923790931702,
            0.005006052553653717
        ],
        [
            0.11730563640594482,
            -0.8815388679504395,
            0.01374226063489914
        ],
        [
            0.10784006118774414,
            -0.8614270687103271,
            8.717179298400879e-06
        ],
        [
            0.0970735251903534,
            -0.86235511302948,
            -0.0054626911878585815
        ],
        [
            0.11984658241271973,
            -0.8652320504188538,
            0.014890730381011963
        ],
        [
            0.12505245208740234,
            -0.8728625178337097,
            0.02533552050590515
        ],
        [
            0.12874776124954224,
            -0.8288908004760742,
            0.02710043638944626
        ],
        [
            0.1332947313785553,
            -0.8240581750869751,
            0.03677264600992203
        ],
        [
            0.13221313059329987,
            -0.8368860483169556,
            0.03419746458530426
        ],
        [
            0.12633146345615387,
            -0.8382311463356018,
            0.025978371500968933
        ],
        [
            0.1279420554637909,
            -0.8034778833389282,
            0.03144862502813339
        ],
        [
            0.12131913006305695,
            -0.7939708232879639,
            0.023722641170024872
        ],
        [
            0.12460200488567352,
            -0.7850697040557861,
            0.0335574597120285
        ],
        [
            0.13010954856872559,
            -0.794076681137085,
            0.04215718060731888
        ],
        [
            0.0869382694363594,
            -0.8068456649780273,
            0.0026631206274032593
        ],
        [
            0.09256215393543243,
            -0.8003255724906921,
            0.0033469870686531067
        ],
        [
            0.0963301807641983,
            -0.8070915937423706,
            0.0036067217588424683
        ],
        [
            0.08992323279380798,
            -0.8127723932266235,
            0.003318093717098236
        ],
        [
            0.07656706869602203,
            -0.816393256187439,
            -0.002958163619041443
        ],
        [
            0.07759056985378265,
            -0.8219534158706665,
            0.00023555755615234375
        ],
        [
            0.07232536375522614,
            -0.8256363868713379,
            -0.004638746380805969
        ],
        [
            0.07198293507099152,
            -0.8193554282188416,
            -0.008791200816631317
        ],
        [
            0.08182962983846664,
            -0.8014034628868103,
            0.002747468650341034
        ],
        [
            0.08773297071456909,
            -0.7947806715965271,
            0.004298202693462372
        ],
        [
            0.081900455057621,
            -0.8122783303260803,
            0.0015075653791427612
        ],
        [
            0.07976678758859634,
            -0.8080482482910156,
            -0.0007366687059402466
        ],
        [
            0.07594133913516998,
            -0.8018999695777893,
            -0.010553546249866486
        ],
        [
            0.07754360884428024,
            -0.8066834807395935,
            -0.009319782257080078
        ],
        [
            0.07360947877168655,
            -0.8076210021972656,
            -0.016075126826763153
        ],
        [
            0.07247214019298553,
            -0.8019415140151978,
            -0.015080183744430542
        ],
        [
            0.07958412915468216,
            -0.8014729022979736,
            -0.0018405020236968994
        ],
        [
            0.07986331731081009,
            -0.8043720126152039,
            -0.004596702754497528
        ],
        [
            0.07712779939174652,
            -0.8006289601325989,
            -0.006624631583690643
        ],
        [
            0.07607157528400421,
            -0.7984494566917419,
            -0.0033873096108436584
        ],
        [
            0.07595209032297134,
            -0.8123450875282288,
            -0.005770467221736908
        ],
        [
            0.07234896719455719,
            -0.8139915466308594,
            -0.012476317584514618
        ],
        [
            0.06785095483064651,
            -0.8152972459793091,
            -0.019308336079120636
        ],
        [
            0.06878859549760818,
            -0.8069647550582886,
            -0.022493861615657806
        ],
        [
            0.10406975448131561,
            -0.7870350480079651,
            0.00968991219997406
        ],
        [
            0.09882282465696335,
            -0.7938723564147949,
            0.005376584827899933
        ],
        [
            0.09384171664714813,
            -0.7888281345367432,
            0.005599811673164368
        ],
        [
            0.09887420386075974,
            -0.783359944820404,
            0.008409589529037476
        ],
        [
            0.07775227725505829,
            -0.795197606086731,
            -1.2218952178955078e-05
        ],
        [
            0.0817313864827156,
            -0.7794204950332642,
            0.0005013719201087952
        ],
        [
            0.08194451034069061,
            -0.7831661105155945,
            1.634657382965088e-05
        ],
        [
            0.07563697546720505,
            -0.7838605642318726,
            -0.0035461634397506714
        ],
        [
            0.07612118870019913,
            -0.7803640365600586,
            -0.0029417425394058228
        ],
        [
            0.10994303971529007,
            -0.7729010581970215,
            0.01874067634344101
        ],
        [
            0.1041598692536354,
            -0.7715264558792114,
            0.014487363398075104
        ],
        [
            0.10491110384464264,
            -0.7646136283874512,
            0.017443180084228516
        ],
        [
            0.11011527478694916,
            -0.7646262645721436,
            0.02292453497648239
        ],
        [
            0.10267160087823868,
            -0.7588142156600952,
            0.018955782055854797
        ],
        [
            0.10904401540756226,
            -0.7567211985588074,
            0.026570700109004974
        ],
        [
            0.10032104700803757,
            -0.7422765493392944,
            0.02764039859175682
        ],
        [
            0.10479706525802612,
            -0.7485800981521606,
            0.02727483958005905
        ],
        [
            0.09894642978906631,
            -0.7529956698417664,
            0.01894671469926834
        ],
        [
            0.09367844462394714,
            -0.7476489543914795,
            0.016191519796848297
        ],
        [
            0.08110842108726501,
            -0.751823902130127,
            0.008249111473560333
        ],
        [
            0.07525515556335449,
            -0.7503613829612732,
            0.005927667021751404
        ],
        [
            0.08005654811859131,
            -0.7384747266769409,
            0.008709263056516647
        ],
        [
            0.08673527836799622,
            -0.7421406507492065,
            0.01176665723323822
        ],
        [
            0.08221706748008728,
            -0.7732987403869629,
            0.005040578544139862
        ],
        [
            0.08622424304485321,
            -0.7735936045646667,
            0.00769379734992981
        ],
        [
            0.08635694533586502,
            -0.7749671339988708,
            0.005304202437400818
        ],
        [
            0.08206595480442047,
            -0.775928258895874,
            0.002237938344478607
        ],
        [
            0.08979532867670059,
            -0.7734353542327881,
            0.009328313171863556
        ],
        [
            0.09148608148097992,
            -0.7731647491455078,
            0.009992100298404694
        ],
        [
            0.09120777994394302,
            -0.7744340300559998,
            0.00876464694738388
        ],
        [
            0.08976583927869797,
            -0.7742704153060913,
            0.008632168173789978
        ],
        [
            0.08775423467159271,
            -0.7738444805145264,
            0.008093908429145813
        ],
        [
            0.08684580028057098,
            -0.7718660831451416,
            0.007767058908939362
        ],
        [
            0.08889491111040115,
            -0.7726094126701355,
            0.0088309645652771
        ],
        [
            0.08322525024414062,
            -0.7708789110183716,
            0.005162462592124939
        ],
        [
            0.07009495049715042,
            -0.7682121992111206,
            -0.0019021034240722656
        ],
        [
            0.07426056265830994,
            -0.768634021282196,
            -0.0006879419088363647
        ],
        [
            0.07282356917858124,
            -0.7729654312133789,
            -7.325410842895508e-05
        ],
        [
            0.06918895244598389,
            -0.7730767726898193,
            -0.001152336597442627
        ],
        [
            0.08914267271757126,
            -0.7766494154930115,
            0.006967715919017792
        ],
        [
            0.09197236597537994,
            -0.7778677940368652,
            0.007254689931869507
        ],
        [
            0.0879526361823082,
            -0.7804372310638428,
            0.0038756877183914185
        ],
        [
            0.08686169981956482,
            -0.7777278423309326,
            0.004737772047519684
        ],
        [
            0.09473810344934464,
            -0.7798014283180237,
            0.007031045854091644
        ],
        [
            0.09348886460065842,
            -0.7756856083869934,
            0.009109273552894592
        ],
        [
            0.0962623804807663,
            -0.7766819000244141,
            0.009609021246433258
        ],
        [
            0.09097636491060257,
            -0.7714158296585083,
            0.010029099881649017
        ],
        [
            0.09377139806747437,
            -0.7697756290435791,
            0.011420629918575287
        ],
        [
            0.09427283704280853,
            -0.7723658680915833,
            0.01023903489112854
        ],
        [
            0.09180287271738052,
            -0.7664746642112732,
            0.011205404996871948
        ],
        [
            0.08852259814739227,
            -0.7694268226623535,
            0.009173199534416199
        ],
        [
            0.08493522554636002,
            -0.7674332857131958,
            0.006711937487125397
        ],
        [
            0.08020075410604477,
            -0.7656164169311523,
            0.003614075481891632
        ],
        [
            0.08288749307394028,
            -0.7608598470687866,
            0.006715953350067139
        ],
        [
            0.08803807199001312,
            -0.7633610963821411,
            0.009336568415164948
        ],
        [
            0.08973313868045807,
            -0.7845765352249146,
            0.004249222576618195
        ],
        [
            0.09853775054216385,
            -0.7719250321388245,
            0.01213594526052475
        ],
        [
            0.10185645520687103,
            -0.7784638404846191,
            0.011753186583518982
        ],
        [
            0.09851229935884476,
            -0.7671536207199097,
            0.013502702116966248
        ],
        [
            0.09650697559118271,
            -0.7626259326934814,
            0.014187969267368317
        ],
        [
            0.09269388020038605,
            -0.7583960294723511,
            0.013253025710582733
        ],
        [
            0.08700546622276306,
            -0.7548590898513794,
            0.010740414261817932
        ],
        [
            0.0828973725438118,
            -0.7302724719047546,
            0.0204918272793293
        ],
        [
            0.0912972167134285,
            -0.7354317903518677,
            0.02322985976934433
        ],
        [
            0.09522060304880142,
            -0.8549293279647827,
            -0.0021861791610717773
        ],
        [
            0.10404117405414581,
            -0.8544317483901978,
            -9.075552225112915e-05
        ],
        [
            0.10491930693387985,
            -0.846726655960083,
            0.0054000914096832275
        ],
        [
            0.10719474405050278,
            -0.8487461805343628,
            0.005191348493099213
        ],
        [
            0.10118979215621948,
            -0.850322961807251,
            0.0021054819226264954
        ],
        [
            0.10061164200305939,
            -0.8477159738540649,
            0.0033986642956733704
        ],
        [
            0.1196109727025032,
            -0.8402909636497498,
            0.020566515624523163
        ],
        [
            0.11433978378772736,
            -0.8419597148895264,
            0.016193099319934845
        ],
        [
            0.11468584090471268,
            -0.838137149810791,
            0.018074095249176025
        ],
        [
            0.12137053906917572,
            -0.8336076736450195,
            0.021762549877166748
        ],
        [
            0.10710465908050537,
            -0.8301913142204285,
            0.011650703847408295
        ],
        [
            0.1114814430475235,
            -0.8315423727035522,
            0.014684692025184631
        ],
        [
            0.10751594603061676,
            -0.838223934173584,
            0.011655338108539581
        ],
        [
            0.10420877486467361,
            -0.8371742963790894,
            0.00951191782951355
        ],
        [
            0.10044896602630615,
            -0.8366028070449829,
            0.007579013705253601
        ],
        [
            0.09606784582138062,
            -0.8363895416259766,
            0.006770141422748566
        ],
        [
            0.09652789682149887,
            -0.8311471939086914,
            0.00758235901594162
        ],
        [
            0.10175963491201401,
            -0.8303682804107666,
            0.00913943350315094
        ],
        [
            0.0946413055062294,
            -0.851436972618103,
            0.0012275204062461853
        ],
        [
            0.08725381642580032,
            -0.8503192663192749,
            0.0019809454679489136
        ],
        [
            0.08880947530269623,
            -0.8475595712661743,
            0.0028252005577087402
        ],
        [
            0.0948900356888771,
            -0.8482863903045654,
            0.0019206702709197998
        ],
        [
            0.07898693531751633,
            -0.8409278392791748,
            0.008434489369392395
        ],
        [
            0.08008171617984772,
            -0.843345046043396,
            0.00724232941865921
        ],
        [
            0.07635229080915451,
            -0.8447586297988892,
            0.006296895444393158
        ],
        [
            0.07573222368955612,
            -0.8402355909347534,
            0.0073425546288490295
        ],
        [
            0.07811794430017471,
            -0.837309718132019,
            0.007214821875095367
        ],
        [
            0.0803053230047226,
            -0.8393203616142273,
            0.007988087832927704
        ],
        [
            0.0957435891032219,
            -0.9088901281356812,
            0.003460131585597992
        ],
        [
            0.09109198302030563,
            -0.8924330472946167,
            -0.004274636507034302
        ],
        [
            0.11092539131641388,
            -0.9035322666168213,
            0.015529364347457886
        ],
        [
            0.12210402637720108,
            -0.8934749364852905,
            0.027148060500621796
        ],
        [
            0.1301133632659912,
            -0.8804755210876465,
            0.03764687478542328
        ],
        [
            0.11727580428123474,
            -0.7776814699172974,
            0.025368787348270416
        ],
        [
            0.11905095726251602,
            -0.7689714431762695,
            0.03194247931241989
        ],
        [
            0.12751001119613647,
            -0.7768239378929138,
            0.04332398623228073
        ],
        [
            0.12574365735054016,
            -0.7665815949440002,
            0.04844609647989273
        ],
        [
            0.11738614737987518,
            -0.75862717628479,
            0.03633098304271698
        ],
        [
            0.10392259061336517,
            -0.7398234605789185,
            0.040720634162425995
        ],
        [
            0.11229655891656876,
            -0.7481272220611572,
            0.03929243981838226
        ],
        [
            0.12111657112836838,
            -0.7564164996147156,
            0.05456072837114334
        ],
        [
            0.1296747922897339,
            -0.7695859670639038,
            0.06852632015943527
        ],
        [
            0.13194863498210907,
            -0.7770441770553589,
            0.06018397957086563
        ],
        [
            0.13438493013381958,
            -0.7858403325080872,
            0.0799013003706932
        ],
        [
            0.12520210444927216,
            -0.7615401744842529,
            0.080474354326725
        ],
        [
            0.131781205534935,
            -0.7850662469863892,
            0.0887262374162674
        ],
        [
            0.11006127297878265,
            -0.725657045841217,
            0.07811670005321503
        ],
        [
            0.11217103898525238,
            -0.7143056392669678,
            0.0814020037651062
        ],
        [
            0.12339316308498383,
            -0.720750093460083,
            0.0944209098815918
        ],
        [
            0.12194070219993591,
            -0.7323061227798462,
            0.09049415588378906
        ],
        [
            0.1326216757297516,
            -0.7849323749542236,
            0.05215190351009369
        ],
        [
            0.1335107833147049,
            -0.8482292890548706,
            0.04127439111471176
        ],
        [
            0.12943734228610992,
            -0.8477358818054199,
            0.03029322624206543
        ],
        [
            0.13599708676338196,
            -0.8357972502708435,
            0.04522822052240372
        ],
        [
            0.1343606561422348,
            -0.9093053936958313,
            0.059271857142448425
        ],
        [
            0.1264519840478897,
            -0.9032115340232849,
            0.042906105518341064
        ],
        [
            0.13499659299850464,
            -0.888728141784668,
            0.04966673254966736
        ],
        [
            0.13966591656208038,
            -0.8961502909660339,
            0.06473646312952042
        ],
        [
            0.10586195439100266,
            -0.9435753226280212,
            0.04898209124803543
        ],
        [
            0.10188935697078705,
            -0.9290238618850708,
            0.025083109736442566
        ],
        [
            0.11340998113155365,
            -0.9182688593864441,
            0.03333081305027008
        ],
        [
            0.1197623610496521,
            -0.9297024011611938,
            0.052440345287323
        ],
        [
            0.14256492257118225,
            -0.8975425958633423,
            0.07777117192745209
        ],
        [
            0.14467597007751465,
            -0.8996894955635071,
            0.09694577008485794
        ],
        [
            0.14036712050437927,
            -0.9156181812286377,
            0.10306703299283981
        ],
        [
            0.137263685464859,
            -0.9153760671615601,
            0.07995197921991348
        ],
        [
            0.12819285690784454,
            -0.9359431266784668,
            0.10935629159212112
        ],
        [
            0.12538987398147583,
            -0.9362304210662842,
            0.08142716437578201
        ],
        [
            0.1291840523481369,
            -0.7709754109382629,
            0.09969363361597061
        ],
        [
            0.13177576661109924,
            -0.7905298471450806,
            0.10157895088195801
        ],
        [
            0.12059962004423141,
            -0.7458863258361816,
            0.08438795804977417
        ],
        [
            0.1275843381881714,
            -0.7539691925048828,
            0.10009291768074036
        ],
        [
            0.1107773706316948,
            -0.9504215717315674,
            0.11343270540237427
        ],
        [
            0.10741760581731796,
            -0.952247142791748,
            0.08153087645769119
        ],
        [
            0.13573189079761505,
            -0.8805201053619385,
            0.14697468280792236
        ],
        [
            0.13866066932678223,
            -0.8972153663635254,
            0.13823184370994568
        ],
        [
            0.14389175176620483,
            -0.8839927315711975,
            0.12265084683895111
        ],
        [
            0.14174506068229675,
            -0.8703123331069946,
            0.13225391507148743
        ],
        [
