{
    "pred_cam": [
        2.261103391647339,
        -0.02625092677772045,
        0.611308217048645
    ],
    "pred_smpl_params": {
        "global_orient": [
            [
                [
                    0.9990144371986389,
                    0.044380441308021545,
                    -0.0006341912085190415
                ],
                [
                    0.04433416947722435,
                    -0.997085690498352,
                    0.062085602432489395
                ],
                [
                    0.0021230438724160194,
                    -0.062052540481090546,
                    -0.9980705976486206
                ]
            ]
        ],
        "body_pose": [
            [
                [
                    0.9969590902328491,
                    -0.05661817640066147,
                    0.053544871509075165
                ],
                [
                    0.0478503443300724,
                    0.9870951175689697,
                    0.15281909704208374
                ],
                [
                    -0.06150621175765991,
                    -0.14979222416877747,
                    0.9868026375770569
                ]
            ],
            [
                [
                    0.998046338558197,
                    0.040083274245262146,
                    -0.047924838960170746
                ],
                [
                    -0.03363246098160744,
                    0.9911317229270935,
                    0.12855640053749084
                ],
                [
                    0.052652791142463684,
                    -0.12669342756271362,
                    0.9905434846878052
                ]
            ],
            [
                [
                    0.9999567270278931,
                    -0.0034840635489672422,
                    -0.00862950924783945
                ],
                [
                    0.0026912193279713392,
                    0.995916485786438,
                    -0.09023977071046829
                ],
                [
                    0.008908669464290142,
                    0.0902126356959343,
                    0.9958827495574951
                ]
            ],
            [
                [
                    0.9927602410316467,
                    0.03436889499425888,
                    -0.11509058624505997
                ],
                [
                    -0.08785966038703918,
                    0.8611447811126709,
                    -0.5007099509239197
                ],
                [
                    0.08190080523490906,
                    0.5071967840194702,
                    0.8579299449920654
                ]
            ],
            [
                [
                    0.9923534989356995,
                    -0.038874898105859756,
                    0.11714614182710648
                ],
                [
                    0.09485108405351639,
                    0.847503125667572,
                    -0.522246778011322
                ],
                [
                    -0.07897942513227463,
                    0.5293648838996887,
                    0.8447099924087524
                ]
            ],
            [
                [
                    0.999538242816925,
                    0.030070835724473,
                    -0.00435841828584671
                ],
                [
                    -0.02984989807009697,
                    0.9985822439193726,
                    0.04407280683517456
                ],
                [
                    0.005677545443177223,
                    -0.04392235726118088,
                    0.9990187287330627
                ]
            ],
            [
                [
                    0.9654589891433716,
                    0.0721156969666481,
                    0.2503763437271118
                ],
                [
                    -0.07781410217285156,
                    0.9968841671943665,
                    0.012921818532049656
                ],
                [
                    -0.24866433441638947,
                    -0.03195829316973686,
                    0.9680624008178711
                ]
            ],
            [
                [
                    0.9710804224014282,
                    -0.038104746490716934,
                    -0.23569214344024658
                ],
                [
                    0.04528325796127319,
                    0.9986583590507507,
                    0.025117775425314903
                ],
                [
                    0.2344188243150711,
                    -0.03506428748369217,
                    0.9715030789375305
                ]
            ],
            [
                [
                    0.999354362487793,
                    0.03453178331255913,
                    -0.009918153285980225
                ],
                [
                    -0.03521411120891571,
                    0.9961917400360107,
                    -0.0797620639204979
                ],
                [
                    0.007126055657863617,
                    0.08005983382463455,
                    0.9967645406723022
                ]
            ],
            [
                [
                    0.9867947101593018,
                    -0.15387295186519623,
                    -0.050589654594659805
                ],
                [
                    0.1582728773355484,
                    0.9824007153511047,
                    0.09918932616710663
                ],
                [
                    0.03443676233291626,
                    -0.10588646680116653,
                    0.9937817454338074
                ]
            ],
            [
                [
                    0.9923989176750183,
                    0.1225452646613121,
                    0.011274058371782303
                ],
                [
                    -0.12289607524871826,
                    0.9821200966835022,
                    0.14260686933994293
                ],
                [
                    0.006403319071978331,
                    -0.14290843904018402,
                    0.9897152781486511
                ]
            ],
            [
                [
                    0.9912258386611938,
                    -0.00828732829540968,
                    0.13191914558410645
                ],
                [
                    0.0017084091668948531,
                    0.9987524151802063,
                    0.04990608990192413
                ],
                [
                    -0.13216817378997803,
                    -0.04924283176660538,
                    0.9900033473968506
                ]
            ],
            [
                [
                    0.9439957141876221,
                    0.3298507034778595,
                    -0.008409800939261913
                ],
                [
                    -0.32991334795951843,
                    0.9431428909301758,
                    -0.04048023000359535
                ],
                [
                    -0.005420788191258907,
                    0.04098766669631004,
                    0.999144971370697
                ]
            ],
            [
                [
                    0.9263851642608643,
                    -0.3748474717140198,
                    -0.03605492040514946
                ],
                [
                    0.37270721793174744,
                    0.9263436198234558,
                    -0.054560136049985886
                ],
                [
                    0.05385097861289978,
                    0.03710576891899109,
                    0.9978593587875366
                ]
            ],
            [
                [
                    0.9961491823196411,
                    0.018407439813017845,
                    0.0857205018401146
                ],
                [
                    0.001042029238305986,
                    0.9751569628715515,
                    -0.22151248157024384
                ],
                [
                    -0.08766841888427734,
                    0.22074879705905914,
                    0.9713826179504395
                ]
            ],
            [
                [
                    0.6306371688842773,
                    0.7499455809593201,
                    -0.19969578087329865
                ],
                [
                    -0.7706061601638794,
                    0.6356070637702942,
                    -0.046581823378801346
                ],
                [
                    0.09199421107769012,
                    0.18326301872730255,
                    0.9787501096725464
                ]
            ],
            [
                [
                    0.45434045791625977,
                    -0.863848090171814,
                    0.21758054196834564
                ],
                [
                    0.8880805373191833,
                    0.45838966965675354,
                    -0.034524351358413696
                ],
                [
                    -0.0699128806591034,
                    0.2089148312807083,
                    0.9754316210746765
                ]
            ],
            [
                [
                    0.8742015361785889,
                    -0.13009588420391083,
                    -0.46781060099601746
                ],
                [
                    0.05866590142250061,
                    0.9846801161766052,
                    -0.164205402135849
                ],
                [
                    0.4820062220096588,
                    0.11610408872365952,
                    0.8684410452842712
                ]
            ],
            [
                [
                    0.8772799372673035,
                    0.12270529568195343,
                    0.46402937173843384
                ],
                [
                    -0.03548191115260124,
                    0.9807041883468628,
                    -0.1922507882118225
                ],
                [
                    -0.47866570949554443,
                    0.1521931141614914,
                    0.8647059202194214
                ]
            ],
            [
                [
                    0.9991461038589478,
                    0.022772561758756638,
                    0.0344727486371994
                ],
                [
                    -0.02068961039185524,
                    0.9980068206787109,
                    -0.05961918458342552
                ],
                [
                    -0.035761717706918716,
                    0.05885505676269531,
                    0.9976257681846619
                ]
            ],
            [
                [
                    0.9974275231361389,
                    -0.048382751643657684,
                    -0.052891455590724945
                ],
                [
                    0.049625057727098465,
                    0.9985159635543823,
                    0.022431891411542892
                ],
                [
                    0.051727648824453354,
                    -0.024998927488923073,
                    0.9983482956886292
                ]
            ],
            [
                [
                    0.9697444438934326,
                    0.2275143563747406,
                    -0.0885041281580925
                ],
                [
                    -0.2092844545841217,
                    0.9614425897598267,
                    0.17840471863746643
                ],
                [
                    0.12568126618862152,
                    -0.15448445081710815,
                    0.9799688458442688
                ]
            ],
            [
                [
                    0.9725991487503052,
                    -0.21828721463680267,
                    0.0800103098154068
                ],
                [
                    0.20018316805362701,
                    0.9613052606582642,
                    0.1892588585615158
                ],
                [
                    -0.11822711676359177,
                    -0.16805627942085266,
                    0.9786621332168579
                ]
            ]
        ],
        "betas": [
            -0.012839898467063904,
            0.07287120819091797,
            0.14949414134025574,
            0.0642232596874237,
            0.04874527454376221,
            0.005710843950510025,
            -0.06472852826118469,
            -0.037850767374038696,
            0.11706381291151047,
            -0.14685451984405518
        ]
    },
    "pred_cam_t": [
        -0.02625092677772045,
        0.611308217048645,
        17.27585792541504
    ],
    "focal_length": [
        5000.0,
        5000.0
    ],
    "pred_keypoints_3d": [
        [
            0.07580526173114777,
            -0.8129415512084961,
            -0.17695727944374084
        ],
        [
            0.03734304755926132,
            -0.736522376537323,
            -0.0036105290055274963
        ],
        [
            -0.15043902397155762,
            -0.6592573523521423,
            0.025766633450984955
        ],
        [
            -0.18985424935817719,
            -0.4167757034301758,
            0.09339207410812378
        ],
        [
            -0.23335419595241547,
            -0.1777079999446869,
            0.015279799699783325
        ],
        [
            0.20297035574913025,
            -0.6260824799537659,
            0.010910190641880035
        ],
        [
            0.25956517457962036,
            -0.3783164918422699,
            0.07081225514411926
        ],
        [
            0.3043370246887207,
            -0.15284495055675507,
            -0.024889566004276276
        ],
        [
            -0.0017620325088500977,
            -0.22447580099105835,
            0.02781318686902523
        ],
        [
            -0.0733315721154213,
            -0.13726383447647095,
            0.037962619215250015
        ],
        [
            -0.14311978220939636,
            0.24027135968208313,
            0.023602407425642014
        ],
        [
            -0.13281837105751038,
            0.5711365938186646,
            0.24870054423809052
        ],
        [
            0.06362905353307724,
            -0.1304192841053009,
            0.0408923476934433
        ],
        [
            0.10214903205633163,
            0.24291753768920898,
            0.014299638569355011
        ],
        [
            0.06977183371782303,
            0.5822001695632935,
            0.22361484169960022
        ],
        [
            0.04121525585651398,
            -0.8615423440933228,
            -0.16035246849060059
        ],
        [
            0.1064884290099144,
            -0.8578802943229675,
            -0.14838393032550812
        ],
        [
            -0.016677524894475937,
            -0.8710405826568604,
            -0.07355552166700363
        ],
        [
            0.12735894322395325,
            -0.8634092211723328,
            -0.04898931086063385
        ],
        [
            0.09299780428409576,
            0.7142425775527954,
            0.07315674424171448
        ],
        [
            0.15152525901794434,
            0.6982676982879639,
            0.13144835829734802
        ],
        [
            0.06570315361022949,
            0.590578556060791,
            0.2942337095737457
        ],
        [
            -0.15587127208709717,
            0.7003498077392578,
            0.0979313850402832
        ],
        [
            -0.22111137211322784,
            0.6805185079574585,
            0.15250098705291748
        ],
        [
            -0.12930628657341003,
            0.585986316204071,
            0.3209443688392639
        ],
        [
            -0.15208011865615845,
            0.5138916969299316,
            0.2508665919303894
        ],
        [
            -0.13536030054092407,
            0.1772850602865219,
            0.017437977716326714
        ],
        [
            -0.14751802384853363,
            -0.2642160654067993,
            0.034785181283950806
        ],
        [
            0.14473190903663635,
            -0.23698267340660095,
            0.05108095332980156
        ],
        [
            0.11306405067443848,
            0.20229056477546692,
            0.012448647990822792
        ],
        [
            0.0783131867647171,
            0.5410070419311523,
            0.23365218937397003
        ],
        [
            -0.22198328375816345,
            -0.20289216935634613,
            -0.008104794658720493
        ],
        [
            -0.21893051266670227,
            -0.435261070728302,
            0.0707830935716629
        ],
        [
            -0.11134576052427292,
            -0.6873302459716797,
            0.019085770472884178
        ],
        [
            0.17916657030582428,
            -0.6616913080215454,
            0.014057397842407227
        ],
        [
            0.28858786821365356,
            -0.40347757935523987,
            0.037135448306798935
        ],
        [
            0.3054899573326111,
            -0.17031505703926086,
            -0.03527913987636566
        ],
        [
            0.03774593025445938,
            -0.7289856672286987,
            -0.003366607241332531
        ],
        [
            0.06697461009025574,
            -0.9150252342224121,
            -0.0862802267074585
        ],
        [
            -0.0007167092990130186,
            -0.25090867280960083,
            0.0428423136472702
        ],
        [
            0.03161031752824783,
            -0.6728058457374573,
            0.01281815953552723
        ],
        [
            0.01288389228284359,
            -0.49869537353515625,
            0.04011525213718414
        ],
        [
            0.06589581072330475,
            -0.8022626638412476,
            -0.09689062833786011
        ],
        [
            0.06306663900613785,
            -0.9356637001037598,
            -0.08236509561538696
        ]
    ],
    "pred_vertices": [
        [
            0.12234543263912201,
            -0.9033194184303284,
            -0.15602105855941772
        ],
        [
            0.1160043478012085,
            -0.888245701789856,
            -0.16049334406852722
        ],
        [
            0.12478859722614288,
            -0.8859962821006775,
            -0.149438738822937
        ],
        [
            0.13005398213863373,
            -0.8979090452194214,
            -0.14136984944343567
        ],
        [
            0.12116904556751251,
            -0.8760777711868286,
            -0.15378355979919434
        ],
        [
            0.11276251077651978,
            -0.8764625787734985,
            -0.16250674426555634
        ],
        [
            0.12915641069412231,
            -0.8816236257553101,
            -0.1369522511959076
        ],
        [
            0.13329853117465973,
            -0.8900971412658691,
            -0.12715719640254974
        ],
        [
            0.12900841236114502,
            -0.8485543727874756,
            -0.11786746978759766
        ],
        [
            0.13095428049564362,
            -0.8458894491195679,
            -0.10737758874893188
        ],
        [
            0.1320413500070572,
            -0.8576202392578125,
            -0.11112818866968155
        ],
        [
            0.12879197299480438,
            -0.857215166091919,
            -0.12079959362745285
        ],
        [
            0.12513123452663422,
            -0.8236665725708008,
            -0.11000169813632965
        ],
        [
            0.11974485218524933,
            -0.813289999961853,
            -0.11723406612873077
        ],
        [
            0.1192823126912117,
            -0.8061774373054504,
            -0.10587436705827713
        ],
        [
            0.12331391125917435,
            -0.8162916898727417,
            -0.09784659743309021
        ],
        [
            0.09400138258934021,
            -0.8241353034973145,
            -0.1483180820941925
        ],
        [
            0.09836830943822861,
            -0.8176376819610596,
            -0.14493846893310547
        ],
        [
            0.10261791944503784,
            -0.8241530656814575,
            -0.14467135071754456
        ],
        [
            0.09733600169420242,
            -0.829991340637207,
            -0.147688627243042
        ],
        [
            0.08717560768127441,
            -0.832969605922699,
            -0.15803050994873047
        ],
        [
            0.0880485475063324,
            -0.8389915227890015,
            -0.15566936135292053
        ],
        [
            0.08478428423404694,
            -0.8420177102088928,
            -0.16229286789894104
        ],
        [
            0.08486108481884003,
            -0.8350491523742676,
            -0.16533920168876648
        ],
        [
            0.08823109418153763,
            -0.8192368745803833,
            -0.14840367436408997
        ],
        [
            0.09290005266666412,
            -0.8126348257064819,
            -0.14458078145980835
        ],
        [
            0.09034723788499832,
            -0.8296349048614502,
            -0.15187683701515198
        ],
        [
            0.08843956142663956,
            -0.8249046802520752,
            -0.15359459817409515
        ],
        [
            0.08711352944374084,
            -0.8170559406280518,
            -0.1630423665046692
        ],
        [
            0.0887545645236969,
            -0.8218554258346558,
            -0.16221758723258972
        ],
        [
            0.08694180101156235,
            -0.8217955827713013,
            -0.16976508498191833
        ],
        [
            0.0850646048784256,
            -0.8165398836135864,
            -0.16834130883216858
        ],
        [
            0.08781207352876663,
            -0.8180277347564697,
            -0.15334415435791016
        ],
        [
            0.08921279013156891,
            -0.8203164935112,
            -0.15652818977832794
        ],
        [
            0.08696258813142776,
            -0.8163033723831177,
            -0.1585506796836853
        ],
        [
            0.08468125015497208,
            -0.8149179220199585,
            -0.15527817606925964
        ],
        [
            0.08674461394548416,
            -0.8282099366188049,
            -0.16004961729049683
        ],
        [
            0.0855722576379776,
            -0.8288658857345581,
            -0.16778284311294556
        ],
        [
            0.08328007906675339,
            -0.8291054964065552,
            -0.17564404010772705
        ],
        [
            0.08403173089027405,
            -0.8202145099639893,
            -0.17723119258880615
        ],
        [
            0.1062769666314125,
            -0.8050650358200073,
            -0.134009450674057
        ],
        [
            0.10295136272907257,
            -0.8112974166870117,
            -0.1403874158859253
        ],
        [
            0.09752292931079865,
            -0.8067202568054199,
            -0.14063608646392822
        ],
        [
            0.10098482668399811,
            -0.8016170263290405,
            -0.13585931062698364
        ],
        [
            0.08474791049957275,
            -0.8125584721565247,
            -0.15115800499916077
        ],
        [
            0.08665838837623596,
            -0.7967878580093384,
            -0.14751210808753967
        ],
        [
            0.0873594731092453,
            -0.8004847168922424,
            -0.14835268259048462
        ],
        [
            0.08242840319871902,
            -0.800849437713623,
            -0.15358445048332214
        ],
        [
            0.08235356211662292,
            -0.7973875999450684,
            -0.152506023645401
        ],
        [
            0.10781414806842804,
            -0.7925622463226318,
            -0.12167858332395554
        ],
        [
            0.10304778814315796,
            -0.7909153699874878,
            -0.12685683369636536
        ],
        [
            0.10213872045278549,
            -0.7847392559051514,
            -0.12288395315408707
        ],
        [
            0.10586152970790863,
            -0.7854219675064087,
            -0.11641097068786621
        ],
        [
            0.09893763065338135,
            -0.7795102000236511,
            -0.12133156508207321
        ],
        [
            0.1029263287782669,
            -0.7785872220993042,
            -0.11220301687717438
        ],
        [
            0.09258614480495453,
            -0.7651830911636353,
            -0.11154501140117645
        ],
        [
            0.0977606400847435,
            -0.7711553573608398,
            -0.11144017428159714
        ],
        [
            0.09463522583246231,
            -0.7741469144821167,
            -0.1214907243847847
        ],
        [
            0.08955401182174683,
            -0.76868736743927,
            -0.12457282096147537
        ],
        [
            0.08025360107421875,
            -0.7721351385116577,
            -0.13606446981430054
        ],
        [
            0.07500912249088287,
            -0.770733118057251,
            -0.1394922137260437
        ],
        [
            0.07757562398910522,
            -0.7590917348861694,
            -0.13414117693901062
        ],
        [
            0.08341310918331146,
            -0.7629364728927612,
            -0.12979952991008759
        ],
        [
            0.08478502929210663,
            -0.7920640707015991,
            -0.1421249806880951
        ],
        [
            0.08797314763069153,
            -0.7925310134887695,
            -0.1386054903268814
        ],
        [
            0.08889970183372498,
            -0.7934564352035522,
            -0.14101912081241608
        ],
        [
            0.0858089029788971,
            -0.7940068244934082,
            -0.14528587460517883
        ],
        [
            0.09094750881195068,
            -0.7925745248794556,
            -0.1359235644340515
        ],
        [
            0.09231242537498474,
            -0.7924324870109558,
            -0.1347658932209015
        ],
        [
            0.09255718439817429,
            -0.7933923006057739,
            -0.13627365231513977
        ],
        [
            0.09109531342983246,
            -0.7931870818138123,
            -0.13665267825126648
        ],
        [
            0.0893326848745346,
            -0.7927958965301514,
            -0.137607604265213
        ],
        [
            0.08821571618318558,
            -0.7908920645713806,
            -0.137821763753891
        ],
        [
            0.09013824164867401,
            -0.7917383909225464,
            -0.13642562925815582
        ],
        [
            0.08535640686750412,
            -0.7896288633346558,
            -0.1411268413066864
        ],
        [
            0.0746554285287857,
            -0.7863306999206543,
            -0.15081150829792023
        ],
        [
            0.07815178483724594,
            -0.7868866324424744,
            -0.14872539043426514
        ],
        [
            0.07704181224107742,
            -0.7914711236953735,
            -0.14901071786880493
        ],
        [
            0.07407775521278381,
            -0.7912983298301697,
            -0.1508609652519226
        ],
        [
            0.09153478592634201,
            -0.7948545217514038,
            -0.13885590434074402
        ],
        [
            0.09405805170536041,
            -0.7963534593582153,
            -0.13805291056632996
        ],
        [
            0.09153886139392853,
            -0.7984375953674316,
            -0.14270088076591492
        ],
        [
            0.08996915072202682,
            -0.7959228754043579,
            -0.1418851912021637
        ],
        [
            0.09687712043523788,
            -0.7981477975845337,
            -0.13757434487342834
        ],
        [
            0.09472813457250595,
            -0.7946130037307739,
            -0.135399729013443
        ],
        [
            0.09761855006217957,
            -0.7952843904495239,
            -0.13431979715824127
        ],
        [
            0.09157149493694305,
            -0.7907706499099731,
            -0.13451868295669556
        ],
        [
            0.09360549598932266,
            -0.7894006967544556,
            -0.13209936022758484
        ],
        [
            0.09472322463989258,
            -0.7916971445083618,
            -0.1334858536720276
        ],
        [
            0.09143337607383728,
            -0.7862082123756409,
            -0.13237985968589783
        ],
        [
            0.08924570679664612,
            -0.7887972593307495,
            -0.13574177026748657
        ],
        [
            0.08630060404539108,
            -0.7865526676177979,
            -0.1388118714094162
        ],
        [
            0.08251651376485825,
            -0.7843741774559021,
            -0.14285552501678467
        ],
        [
            0.08357781171798706,
            -0.7803071737289429,
            -0.13835564255714417
        ],
        [
            0.08800224214792252,
            -0.783004879951477,
            -0.13478627800941467
        ],
        [
            0.09370274096727371,
            -0.8022975325584412,
            -0.1423306167125702
        ],
        [
            0.09830839186906815,
            -0.7912734746932983,
            -0.1305927336215973
        ],
        [
            0.10245265066623688,
            -0.7971618175506592,
            -0.1312554031610489
        ],
        [
            0.09735439717769623,
            -0.7868931293487549,
            -0.12854981422424316
        ],
        [
            0.09475800395011902,
            -0.7827336192131042,
            -0.12782548367977142
        ],
        [
            0.09054986387491226,
            -0.7787249088287354,
            -0.12921571731567383
        ],
        [
            0.08563081920146942,
            -0.775050163269043,
            -0.1325971782207489
        ],
        [
            0.07654223591089249,
            -0.7529460191726685,
            -0.12106336653232574
        ],
        [
            0.08441039174795151,
            -0.7580795288085938,
            -0.11695835739374161
        ],
        [
            0.10944690555334091,
            -0.869891345500946,
            -0.15859557688236237
        ],
        [
            0.1172010749578476,
            -0.8690972328186035,
            -0.15391287207603455
        ],
        [
            0.11575739085674286,
            -0.8624811768531799,
            -0.1475512981414795
        ],
        [
            0.1177695021033287,
            -0.8648287653923035,
            -0.14740276336669922
        ],
        [
            0.11345350742340088,
            -0.8656559586524963,
            -0.15209190547466278
        ],
        [
            0.11256621778011322,
            -0.8629238605499268,
            -0.15098176896572113
        ],
        [
            0.12458159029483795,
            -0.8581422567367554,
            -0.12812764942646027
        ],
        [
            0.12118171900510788,
            -0.8590537309646606,
            -0.13404202461242676
        ],
        [
            0.12065354734659195,
            -0.8556841015815735,
            -0.1317233294248581
        ],
        [
            0.12525516748428345,
            -0.8517197370529175,
            -0.12575367093086243
        ],
        [
            0.11398309469223022,
            -0.8471639156341553,
            -0.138348788022995
        ],
        [
            0.11756879836320877,
            -0.8489121198654175,
            -0.13459140062332153
        ],
        [
            0.11531763523817062,
            -0.8549515604972839,
            -0.1394246220588684
        ],
        [
            0.11281497776508331,
            -0.8536797761917114,
            -0.14222291111946106
        ],
        [
            0.10955828428268433,
            -0.8529691696166992,
            -0.14483819901943207
        ],
        [
            0.10577423870563507,
            -0.8529320955276489,
            -0.14700601994991302
        ],
        [
            0.10526768863201141,
            -0.8478684425354004,
            -0.14518748223781586
        ],
        [
            0.10966110974550247,
            -0.847092866897583,
            -0.14212118089199066
        ],
        [
            0.10759808123111725,
            -0.8668128848075867,
            -0.154994934797287
        ],
        [
            0.10045435279607773,
            -0.8665463328361511,
            -0.15620535612106323
        ],
        [
            0.10124115645885468,
            -0.8636658787727356,
            -0.15453395247459412
        ],
        [
            0.1074325293302536,
            -0.8636571168899536,
            -0.15389657020568848
        ],
        [
            0.08961562812328339,
            -0.8590831756591797,
            -0.15046988427639008
        ],
        [
            0.09131288528442383,
            -0.8611396551132202,
            -0.15184694528579712
        ],
        [
            0.0883869007229805,
            -0.8623949289321899,
            -0.15412312746047974
        ],
        [
            0.0867936760187149,
            -0.858330488204956,
            -0.1523943841457367
        ],
        [
            0.08857516944408417,
            -0.8552590012550354,
            -0.15120454132556915
        ],
        [
            0.09068422764539719,
            -0.8573064804077148,
            -0.15017859637737274
        ],
        [
            0.11593230068683624,
            -0.9248044490814209,
            -0.16080397367477417
        ],
        [
            0.11082415282726288,
            -0.9071585536003113,
            -0.16697874665260315
        ],
        [
            0.12736603617668152,
            -0.9198272824287415,
            -0.14450418949127197
        ],
        [
            0.13308730721473694,
            -0.911406397819519,
            -0.1292945146560669
        ],
        [
            0.13681872189044952,
            -0.8997313976287842,
            -0.11582672595977783
        ],
        [
            0.11361310631036758,
            -0.7979738712310791,
            -0.11430786550045013
        ],
        [
            0.1124279797077179,
            -0.7906402349472046,
            -0.10634395480155945
        ],
        [
            0.11793877184391022,
            -0.7998404502868652,
            -0.0949002057313919
        ],
        [
            0.11386310309171677,
            -0.7910388708114624,
            -0.0886179581284523
        ],
        [
            0.10834036767482758,
            -0.7817153930664062,
            -0.1010541170835495
        ],
        [
            0.09288887679576874,
            -0.7648957967758179,
            -0.09796006977558136
        ],
        [
            0.102012500166893,
            -0.7725212574005127,
            -0.09826431423425674
        ],
        [
            0.10720661282539368,
            -0.7826480865478516,
            -0.0827539786696434
        ],
        [
            0.1131223738193512,
            -0.7972685694694519,
            -0.0691257119178772
        ],
        [
            0.11807733029127121,
            -0.8026586771011353,
            -0.07763531059026718
        ],
        [
            0.11594945937395096,
            -0.8149328231811523,
            -0.05938677862286568
        ],
        [
            0.10567095130681992,
            -0.7924573421478271,
            -0.05839121714234352
        ],
        [
            0.1111673042178154,
            -0.8159691691398621,
            -0.051901210099458694
        ],
        [
            0.08667366206645966,
            -0.7591034770011902,
            -0.06122000142931938
        ],
        [
            0.08652126044034958,
            -0.7492513060569763,
            -0.05646592006087303
        ],
        [
            0.09663861244916916,
            -0.7574753761291504,
            -0.042936429381370544
        ],
        [
            0.09710289537906647,
            -0.7675797939300537,
            -0.04753092676401138
        ],
        [
            0.12166039645671844,
            -0.8090375661849976,
            -0.08642958104610443
        ],
        [
            0.133676216006279,
            -0.8693687319755554,
            -0.10558100044727325
        ],
        [
            0.13183237612247467,
            -0.8670601844787598,
            -0.11713292449712753
        ],
        [
            0.13290543854236603,
            -0.8576990365982056,
            -0.0992882251739502
        ],
        [
            0.1391531229019165,
            -0.9309961795806885,
            -0.09917186945676804
        ],
        [
            0.13789205253124237,
            -0.9230836629867554,
            -0.11608722060918808
        ],
        [
            0.1405358612537384,
            -0.9091272354125977,
            -0.10487589985132217
        ],
        [
            0.14235855638980865,
            -0.9184664487838745,
            -0.09040416777133942
        ],
        [
            0.11830934137105942,
            -0.9643362760543823,
            -0.12109196186065674
        ],
        [
            0.11998217552900314,
            -0.9465759992599487,
            -0.14305266737937927
        ],
        [
            0.12890541553497314,
            -0.9364370107650757,
            -0.13052646815776825
        ],
        [
            0.12921053171157837,
            -0.9501204490661621,
            -0.1122671514749527
        ],
        [
            0.14177565276622772,
            -0.9227322936058044,
            -0.07751543074846268
        ],
        [
            0.13883641362190247,
            -0.928056001663208,
            -0.06014742702245712
        ],
        [
            0.13529381155967712,
            -0.9449095726013184,
            -0.05765824019908905
        ],
        [
            0.13798031210899353,
            -0.9407467842102051,
            -0.07966548204421997
        ],
        [
            0.12422944605350494,
            -0.9667501449584961,
            -0.058032602071762085
        ],
        [
            0.12771551311016083,
            -0.9616752862930298,
            -0.08483652770519257
        ],
        [
            0.10593932867050171,
            -0.8051370978355408,
            -0.04047841578722
        ],
        [
            0.10862600803375244,
            -0.8237507939338684,
            -0.041063450276851654
        ],
        [
            0.0984923392534256,
            -0.7789672613143921,
            -0.05438973009586334
        ],
        [
            0.10341505706310272,
            -0.7893873453140259,
            -0.03883780166506767
        ],
        [
            0.10724222660064697,
            -0.983410120010376,
            -0.060296908020973206
        ],
        [
            0.11262642592191696,
            -0.9788967370986938,
            -0.09194471687078476
        ],
        [
            0.1164102703332901,
            -0.9180080890655518,
            -0.010990336537361145
        ],
        [
            0.12217998504638672,
            -0.9333966970443726,
            -0.022022172808647156
        ],
        [
            0.1301507204771042,
            -0.9170985221862793,
            -0.03278413414955139
        ],
        [
            0.12388703227043152,
            -0.9049396514892578,
            -0.021163612604141235
        ],
        [
            0.10403428971767426,
