{
    "pred_cam": [
        2.3126304149627686,
        -0.049727022647857666,
        0.6192488074302673
    ],
    "pred_smpl_params": {
        "global_orient": [
            [
                [
                    0.9973294734954834,
                    0.06007099151611328,
                    -0.0415380597114563
                ],
                [
                    0.06327458471059799,
                    -0.99472975730896,
                    0.08067773282527924
                ],
                [
                    -0.036472760140895844,
                    -0.08309058099985123,
                    -0.995874285697937
                ]
            ]
        ],
        "body_pose": [
            [
                [
                    0.9939088225364685,
                    -0.08325865119695663,
                    0.07220325618982315
                ],
                [
                    0.07046876847743988,
                    0.9838612675666809,
                    0.1644723266363144
                ],
                [
                    -0.08473173528909683,
                    -0.15838240087032318,
                    0.9837355017662048
                ]
            ],
            [
                [
                    0.9981206655502319,
                    0.04886966571211815,
                    -0.036970943212509155
                ],
                [
                    -0.0422523096203804,
                    0.985821008682251,
                    0.16239330172538757
                ],
                [
                    0.044382840394973755,
                    -0.16052602231502533,
                    0.9860332012176514
                ]
            ],
            [
                [
                    0.9995721578598022,
                    -0.00018863681179936975,
                    -0.029247337952256203
                ],
                [
                    -0.0034201268572360277,
                    0.9923650026321411,
                    -0.12328845262527466
                ],
                [
                    0.029047289863228798,
                    0.12333574146032333,
                    0.9919397830963135
                ]
            ],
            [
                [
                    0.9940961599349976,
                    0.04902695119380951,
                    -0.09679406136274338
                ],
                [
                    -0.09386608004570007,
                    0.8360543847084045,
                    -0.5405572652816772
                ],
                [
                    0.05442323908209801,
                    0.5464516282081604,
                    0.835720419883728
                ]
            ],
            [
                [
                    0.9933053255081177,
                    -0.03879028931260109,
                    0.10881111025810242
                ],
                [
                    0.09439611434936523,
                    0.815510630607605,
                    -0.5709918737411499
                ],
                [
                    -0.06658767908811569,
                    0.577440619468689,
                    0.8137127161026001
                ]
            ],
            [
                [
                    0.9981096386909485,
                    0.05595706030726433,
                    -0.02541450597345829
                ],
                [
                    -0.05498267710208893,
                    0.9977812767028809,
                    0.03754390776157379
                ],
                [
                    0.02745896205306053,
                    -0.03607558086514473,
                    0.9989717602729797
                ]
            ],
            [
                [
                    0.964980959892273,
                    0.07090764492750168,
                    0.2525548040866852
                ],
                [
                    -0.07887996733188629,
                    0.9966506958007812,
                    0.021569494158029556
                ],
                [
                    -0.2501794993877411,
                    -0.04073565825819969,
                    0.9673421382904053
                ]
            ],
            [
                [
                    0.9722000956535339,
                    -0.024607405066490173,
                    -0.23285505175590515
                ],
                [
                    0.039831142872571945,
                    0.9973486065864563,
                    0.06090347468852997
                ],
                [
                    0.23073898255825043,
                    -0.06848524510860443,
                    0.9706025719642639
                ]
            ],
            [
                [
                    0.9985037446022034,
                    0.04494380205869675,
                    -0.031148891896009445
                ],
                [
                    -0.046437423676252365,
                    0.9977180361747742,
                    -0.049012769013643265
                ],
                [
                    0.028874991461634636,
                    0.050385911017656326,
                    0.9983122944831848
                ]
            ],
            [
                [
                    0.9880647659301758,
                    -0.14942364394664764,
                    -0.037424132227897644
                ],
                [
                    0.1525295525789261,
                    0.9829965233802795,
                    0.10223837941884995
                ],
                [
                    0.021510958671569824,
                    -0.10672643035650253,
                    0.9940557479858398
                ]
            ],
            [
                [
                    0.9923689365386963,
                    0.12306854873895645,
                    -0.007613469380885363
                ],
                [
                    -0.12044955044984818,
                    0.9807562232017517,
                    0.15365266799926758
                ],
                [
                    0.026376767084002495,
                    -0.1515631079673767,
                    0.9880955815315247
                ]
            ],
            [
                [
                    0.9830992817878723,
                    -0.013280180282890797,
                    0.1825908124446869
                ],
                [
                    0.003433380974456668,
                    0.9985275268554688,
                    0.05413895472884178
                ],
                [
                    -0.18304091691970825,
                    -0.05259706825017929,
                    0.9816972613334656
                ]
            ],
            [
                [
                    0.9277138113975525,
                    0.37155476212501526,
                    -0.035975199192762375
                ],
                [
                    -0.3719002604484558,
                    0.928267240524292,
                    -0.0031938832253217697
                ],
                [
                    0.03220789507031441,
                    0.016342194750905037,
                    0.9993476271629333
                ]
            ],
            [
                [
                    0.9147603511810303,
                    -0.4007619023323059,
                    -0.05102302506566048
                ],
                [
                    0.3980272710323334,
                    0.9156579375267029,
                    -0.056078288704156876
                ],
                [
                    0.06919368356466293,
                    0.030989641323685646,
                    0.9971217513084412
                ]
            ],
            [
                [
                    0.9885392785072327,
                    0.05103973299264908,
                    0.1420736461877823
                ],
                [
                    -0.01649457775056362,
                    0.9719955921173096,
                    -0.23441970348358154
                ],
                [
                    -0.15005967020988464,
                    0.22938966751098633,
                    0.9616976976394653
                ]
            ],
            [
                [
                    0.6988030076026917,
                    0.6890344023704529,
                    -0.1921091228723526
                ],
                [
                    -0.7007111310958862,
                    0.7133777737617493,
                    0.009801004081964493
                ],
                [
                    0.14379961788654327,
                    0.1277640163898468,
                    0.9813246130943298
                ]
            ],
            [
                [
                    0.43697389960289,
                    -0.8644127249717712,
                    0.24868573248386383
                ],
                [
                    0.897344172000885,
                    0.43796223402023315,
                    -0.05442969128489494
                ],
                [
                    -0.061865225434303284,
                    0.24694103002548218,
                    0.9670537710189819
                ]
            ],
            [
                [
                    0.8688713908195496,
                    -0.1681426614522934,
                    -0.4656078517436981
                ],
                [
                    0.14063434302806854,
                    0.9856367111206055,
                    -0.09350025653839111
                ],
                [
                    0.4746415317058563,
                    0.01575925573706627,
                    0.8800382018089294
                ]
            ],
            [
                [
                    0.749358057975769,
                    0.19870729744434357,
                    0.6316471099853516
                ],
                [
                    -0.03887031972408295,
                    0.9654672741889954,
                    -0.25760847330093384
                ],
                [
                    -0.6610231995582581,
                    0.16848865151405334,
                    0.7312045097351074
                ]
            ],
            [
                [
                    0.9992454648017883,
                    -0.000799408124294132,
                    0.038832396268844604
                ],
                [
                    0.004512085113674402,
                    0.9954082369804382,
                    -0.09561452269554138
                ],
                [
                    -0.03857765346765518,
                    0.09571758657693863,
                    0.9946607947349548
                ]
            ],
            [
                [
                    0.9980407953262329,
                    -0.04557889699935913,
                    -0.04286276921629906
                ],
                [
                    0.04829506576061249,
                    0.9967400431632996,
                    0.06462836265563965
                ],
                [
                    0.039777353405952454,
                    -0.06657180190086365,
                    0.9969884753227234
                ]
            ],
            [
                [
                    0.9707921743392944,
                    0.2269858717918396,
                    -0.07771676778793335
                ],
                [
                    -0.21099953353405,
                    0.9619166254997253,
                    0.17376892268657684
                ],
                [
                    0.11420013755559921,
                    -0.15229532122612,
                    0.9817150235176086
                ]
            ],
            [
                [
                    0.9727199673652649,
                    -0.21401840448379517,
                    0.08950916677713394
                ],
                [
                    0.19645291566848755,
                    0.965162992477417,
                    0.17281971871852875
                ],
                [
                    -0.12337753176689148,
                    -0.15052086114883423,
                    0.9808778762817383
                ]
            ]
        ],
        "betas": [
            -0.017445966601371765,
            0.02298271656036377,
            0.03699016571044922,
            -0.031223803758621216,
            0.05640554428100586,
            -0.03442256897687912,
            -0.051326364278793335,
            0.00989067554473877,
            0.09097608178853989,
            -0.10631886124610901
        ]
    },
    "pred_cam_t": [
        -0.049727022647857666,
        0.6192488074302673,
        16.890939712524414
    ],
    "focal_length": [
        5000.0,
        5000.0
    ],
    "pred_keypoints_3d": [
        [
            0.09884762763977051,
            -0.794302225112915,
            -0.19989728927612305
        ],
        [
            0.056630779057741165,
            -0.7275161743164062,
            -0.02404143661260605
        ],
        [
            -0.1323140263557434,
            -0.6624504327774048,
            0.027143491432070732
        ],
        [
            -0.1698329746723175,
            -0.4229511618614197,
            0.10674728453159332
        ],
        [
            -0.21587517857551575,
            -0.20167376101016998,
            -0.0123019739985466
        ],
        [
            0.21434375643730164,
            -0.6014215350151062,
            -0.02338222786784172
        ],
        [
            0.2674406170845032,
            -0.3477981388568878,
            0.011307701468467712
        ],
        [
            0.31585919857025146,
            -0.13577742874622345,
            -0.11032046377658844
        ],
        [
            -0.0016934950836002827,
            -0.2230266034603119,
            0.028135938569903374
        ],
        [
            -0.07462162524461746,
            -0.13754047453403473,
            0.04259110987186432
        ],
        [
            -0.15566256642341614,
            0.23771123588085175,
            0.025292210280895233
        ],
        [
            -0.14566458761692047,
            0.5590967535972595,
            0.2643488049507141
        ],
        [
            0.06267933547496796,
            -0.12816229462623596,
            0.04021437093615532
        ],
        [
            0.10297052562236786,
            0.2454410195350647,
            0.016715995967388153
        ],
        [
            0.06920167803764343,
            0.5726706981658936,
            0.24481740593910217
        ],
        [
            0.06726648658514023,
            -0.8455864191055298,
            -0.18652459979057312
        ],
        [
            0.13190995156764984,
            -0.8381855487823486,
            -0.1728914976119995
        ],
        [
            0.008146191947162151,
            -0.8629380464553833,
            -0.10119809955358505
        ],
        [
            0.1512099653482437,
            -0.8470566272735596,
            -0.07365597039461136
        ],
        [
            0.09463991224765778,
            0.7115118503570557,
            0.10100162029266357
        ],
        [
            0.15202249586582184,
            0.692892849445343,
            0.1593739092350006
        ],
        [
            0.06455813348293304,
            0.5774058699607849,
            0.3156459927558899
        ],
        [
            -0.17973259091377258,
            0.6882835030555725,
            0.1155792772769928
        ],
        [
            -0.24180370569229126,
            0.6653730869293213,
            0.17263439297676086
        ],
        [
            -0.13978926837444305,
            0.572839081287384,
            0.33650389313697815
        ],
        [
            -0.1632135808467865,
            0.5012412071228027,
            0.2647990882396698
        ],
        [
            -0.1462470144033432,
            0.17544110119342804,
            0.01907486468553543
        ],
        [
            -0.1471620798110962,
            -0.266287624835968,
            0.0412135124206543
        ],
        [
            0.14632898569107056,
            -0.23346182703971863,
            0.04649047926068306
        ],
        [
            0.11381244659423828,
            0.20497192442417145,
            0.01379157230257988
        ],
        [
            0.0778198093175888,
            0.530890166759491,
            0.2524608075618744
        ],
        [
            -0.20434443652629852,
            -0.2311066836118698,
            -0.030791625380516052
        ],
        [
            -0.20003491640090942,
            -0.4426308274269104,
            0.08458812534809113
        ],
        [
            -0.0921882912516594,
            -0.687578558921814,
            0.014984304085373878
        ],
        [
            0.19501233100891113,
            -0.6400412321090698,
            -0.018634242936968803
        ],
        [
            0.2956603765487671,
            -0.375616192817688,
            -0.02062143385410309
        ],
        [
            0.31696686148643494,
            -0.1539267897605896,
            -0.11906835436820984
        ],
        [
            0.05633832886815071,
            -0.7180691957473755,
            -0.022305933758616447
        ],
        [
            0.09514212608337402,
            -0.900702953338623,
            -0.11427292227745056
        ],
        [
            0.0002816228661686182,
            -0.25003981590270996,
            0.0436573401093483
        ],
        [
            0.04825793579220772,
            -0.6620556116104126,
            -0.005006428807973862
        ],
        [
            0.02065795287489891,
            -0.4943227469921112,
            0.030683226883411407
        ],
        [
            0.08656023442745209,
            -0.7878134846687317,
            -0.11937113851308823
        ],
        [
            0.0927436575293541,
            -0.9216828942298889,
            -0.11129143089056015
        ]
    ],
    "pred_vertices": [
        [
            0.15091386437416077,
            -0.8820551633834839,
            -0.18229234218597412
        ],
        [
            0.14360368251800537,
            -0.867280125617981,
            -0.1861708164215088
        ],
        [
            0.15196672081947327,
            -0.8649898171424866,
            -0.17481154203414917
        ],
        [
            0.15785294771194458,
            -0.8768686652183533,
            -0.16728487610816956
        ],
        [
            0.14782117307186127,
            -0.8551679849624634,
            -0.1787564605474472
        ],
        [
            0.13964946568012238,
            -0.8557337522506714,
            -0.1876511126756668
        ],
        [
            0.15582087635993958,
            -0.8608843684196472,
            -0.1620737463235855
        ],
        [
            0.1603769063949585,
            -0.869525671005249,
            -0.15263567864894867
        ],
        [
            0.15301845967769623,
            -0.8288918733596802,
            -0.1415054202079773
        ],
        [
            0.15465614199638367,
            -0.8265125155448914,
            -0.13090865314006805
        ],
        [
            0.1565432846546173,
            -0.838032603263855,
            -0.13518904149532318
        ],
        [
            0.15343043208122253,
            -0.8373862504959106,
            -0.14483606815338135
        ],
        [
            0.14736130833625793,
            -0.8047046065330505,
            -0.13265186548233032
        ],
        [
            0.1414070725440979,
            -0.7943774461746216,
            -0.13949185609817505
        ],
        [
            0.14022918045520782,
            -0.7878695726394653,
            -0.12791478633880615
        ],
        [
            0.14481370151042938,
            -0.7980234622955322,
            -0.12026815116405487
        ],
        [
            0.11720851063728333,
            -0.8054219484329224,
            -0.17142638564109802
        ],
        [
            0.12099581211805344,
            -0.7988355159759521,
            -0.16767559945583344
        ],
        [
            0.12567763030529022,
            -0.8050468564033508,
            -0.16760948300361633
        ],
        [
            0.120888851583004,
            -0.8110664486885071,
            -0.17098307609558105
        ],
        [
            0.11118685454130173,
            -0.8142450451850891,
            -0.18170049786567688
        ],
        [
            0.11240167915821075,
            -0.8202952742576599,
            -0.1795881688594818
        ],
        [
            0.1095060259103775,
            -0.8232243061065674,
            -0.18642431497573853
        ],
        [
            0.10916610807180405,
            -0.8161343336105347,
            -0.18914645910263062
        ],
        [
            0.11114586889743805,
            -0.8009144067764282,
            -0.17147062718868256
        ],
        [
            0.1151939406991005,
            -0.7942336797714233,
            -0.1672632247209549
        ],
        [
            0.11400195211172104,
            -0.8109808564186096,
            -0.17529916763305664
        ],
        [
            0.11183410882949829,
            -0.8063349723815918,
            -0.17687192559242249
        ],
        [
            0.11019206047058105,
            -0.798163890838623,
            -0.1860094666481018
        ],
        [
            0.11214833706617355,
            -0.8028863072395325,
            -0.18535113334655762
        ],
        [
            0.11047498881816864,
            -0.802611768245697,
            -0.1929410994052887
        ],
        [
            0.10819795727729797,
            -0.7975513935089111,
            -0.19132684171199799
        ],
        [
            0.11076163500547409,
            -0.7995254993438721,
            -0.17637352645397186
        ],
        [
            0.11238805204629898,
            -0.8015748858451843,
            -0.17960438132286072
        ],
        [
            0.1098887249827385,
            -0.7976316213607788,
            -0.18150852620601654
        ],
        [
            0.10742960125207901,
            -0.796553909778595,
            -0.1782444566488266
        ],
        [
            0.11051072180271149,
            -0.8094589710235596,
            -0.1835206151008606
        ],
        [
            0.10954657196998596,
            -0.8098303079605103,
            -0.19130641222000122
        ],
        [
            0.10740069299936295,
            -0.8098771572113037,
            -0.19921819865703583
        ],
        [
            0.1075420081615448,
            -0.8009082078933716,
            -0.20036965608596802
        ],
        [
            0.12776309251785278,
            -0.786325216293335,
            -0.15612326562404633
        ],
        [
            0.12501612305641174,
            -0.792449951171875,
            -0.1628100574016571
        ],
        [
            0.11930461972951889,
            -0.7882241606712341,
            -0.16298705339431763
        ],
        [
            0.12230360507965088,
            -0.7831213474273682,
            -0.15795359015464783
        ],
        [
            0.10725907236337662,
            -0.7943889498710632,
            -0.17404286563396454
        ],
        [
            0.10791510343551636,
            -0.7787647247314453,
            -0.16965612769126892
        ],
        [
            0.10888031125068665,
            -0.7823531627655029,
            -0.1706208884716034
        ],
        [
            0.1040932908654213,
            -0.782807469367981,
            -0.17596697807312012
        ],
        [
            0.10374638438224792,
            -0.7794281244277954,
            -0.17473886907100677
        ],
        [
            0.1281733363866806,
            -0.7743357419967651,
            -0.1433248519897461
        ],
        [
            0.1234361082315445,
            -0.7727570533752441,
            -0.14848001301288605
        ],
        [
            0.12199347466230392,
            -0.766857385635376,
            -0.14429280161857605
        ],
        [
            0.1255578100681305,
            -0.7676252126693726,
            -0.1378677636384964
        ],
        [
            0.1182933896780014,
            -0.7619872689247131,
            -0.1426069736480713
        ],
        [
            0.12195951491594315,
            -0.7612738609313965,
            -0.13344314694404602
        ],
        [
            0.11059113591909409,
            -0.7486764192581177,
            -0.13235485553741455
        ],
        [
            0.11621841788291931,
            -0.7542474269866943,
            -0.13249167799949646
        ],
        [
            0.11358318477869034,
            -0.7569704055786133,
            -0.14258486032485962
        ],
        [
            0.1081646978855133,
            -0.7517053484916687,
            -0.14548134803771973
        ],
        [
            0.0994744822382927,
            -0.755194902420044,
            -0.15724998712539673
        ],
        [
            0.0942365899682045,
            -0.7539649605751038,
            -0.16067856550216675
        ],
        [
            0.09576902538537979,
            -0.7424861788749695,
            -0.1547466218471527
        ],
        [
            0.10174424946308136,
            -0.7461634874343872,
            -0.15052253007888794
        ],
        [
            0.10563269257545471,
            -0.7743916511535645,
            -0.1641281247138977
        ],
        [
            0.1087770015001297,
            -0.7748186588287354,
            -0.16056782007217407
        ],
        [
            0.10983221977949142,
            -0.7755441665649414,
            -0.16300635039806366
        ],
        [
            0.10686460137367249,
            -0.7761101722717285,
            -0.16734443604946136
        ],
        [
            0.11168916523456573,
            -0.7747875452041626,
            -0.15784583985805511
        ],
        [
            0.11302462220191956,
            -0.7746008038520813,
            -0.15665270388126373
        ],
        [
            0.1133742406964302,
            -0.7754572629928589,
            -0.15818925201892853
        ],
        [
            0.11190897971391678,
            -0.7753629684448242,
            -0.15860703587532043
        ],
        [
            0.11013033241033554,
            -0.7750533223152161,
            -0.15958315134048462
        ],
        [
            0.10886697471141815,
            -0.7732443809509277,
            -0.15972362458705902
        ],
        [
            0.11081899702548981,
            -0.7739988565444946,
            -0.15832534432411194
        ],
        [
            0.10598935931921005,
            -0.772018313407898,
            -0.16302210092544556
        ],
        [
            0.0952838808298111,
            -0.7689765095710754,
            -0.17275261878967285
        ],
        [
            0.09878413379192352,
            -0.7693969011306763,
            -0.17064905166625977
        ],
        [
            0.09801146388053894,
            -0.7740280628204346,
            -0.1711423695087433
        ],
        [
            0.09505753964185715,
            -0.7739675045013428,
            -0.17302706837654114
        ],
        [
            0.11250144243240356,
            -0.7768996953964233,
            -0.16086892783641815
        ],
        [
            0.11511120200157166,
            -0.7782334089279175,
            -0.16003277897834778
        ],
        [
            0.1128162294626236,
            -0.7802772521972656,
            -0.16481444239616394
        ],
        [
            0.11107644438743591,
            -0.7779037952423096,
            -0.16393119096755981
        ],
        [
            0.11803482472896576,
            -0.7798521518707275,
            -0.15959954261779785
        ],
        [
            0.11560342460870743,
            -0.7765744924545288,
            -0.15731993317604065
        ],
        [
            0.11849033087491989,
            -0.777108907699585,
            -0.1562437117099762
        ],
        [
            0.11214485764503479,
            -0.773032546043396,
            -0.15635305643081665
        ],
        [
            0.11401601880788803,
            -0.7716566324234009,
            -0.1538366675376892
        ],
        [
            0.11535239964723587,
            -0.7737680673599243,
            -0.1553025245666504
        ],
        [
            0.11160118877887726,
            -0.7686260342597961,
            -0.154018372297287
        ],
        [
            0.10967618227005005,
            -0.7711887359619141,
            -0.1575286090373993
        ],
        [
            0.10664281994104385,
            -0.7690043449401855,
            -0.16055236756801605
        ],
        [
            0.10279949754476547,
            -0.76689612865448,
            -0.1645725518465042
        ],
        [
            0.10347064584493637,
            -0.7629854679107666,
            -0.1598881185054779
        ],
        [
            0.10798319429159164,
            -0.7655597925186157,
            -0.15634483098983765
        ],
        [
            0.11523216217756271,
            -0.7840070128440857,
            -0.1645849049091339
        ],
        [
            0.11882102489471436,
            -0.773261547088623,
            -0.1523214876651764
        ],
        [
            0.12336736172437668,
            -0.7788162231445312,
            -0.15314818918704987
        ],
        [
            0.117495097219944,
            -0.7690768241882324,
            -0.1501205563545227
        ],
        [
            0.11455156654119492,
            -0.765177845954895,
            -0.14926403760910034
        ],
        [
            0.11003713309764862,
            -0.7613986134529114,
            -0.15051986277103424
        ],
        [
            0.10497947037220001,
            -0.7579047679901123,
            -0.15385189652442932
        ],
        [
            0.09393726289272308,
            -0.7370452284812927,
            -0.14146669209003448
        ],
        [
            0.10202973335981369,
            -0.7418889999389648,
            -0.13753828406333923
        ],
        [
            0.13582007586956024,
            -0.8496145009994507,
            -0.1835026741027832
        ],
        [
            0.14342500269412994,
            -0.8485121726989746,
            -0.17863483726978302
        ],
        [
            0.14139610528945923,
            -0.8422871232032776,
            -0.1720300018787384
        ],
        [
            0.14357657730579376,
            -0.8444925546646118,
            -0.1719529926776886
        ],
        [
            0.1394084095954895,
            -0.8454144597053528,
            -0.17675024271011353
        ],
        [
            0.13828794658184052,
            -0.8428362011909485,
            -0.17549051344394684
        ],
        [
            0.1494700312614441,
            -0.838263750076294,
            -0.15228691697120667
        ],
        [
            0.14627836644649506,
            -0.8391226530075073,
            -0.1582995057106018
        ],
        [
            0.14544759690761566,
            -0.8358876705169678,
            -0.15583395957946777
        ],
        [
            0.14965477585792542,
            -0.8319084048271179,
            -0.14961431920528412
        ],
        [
            0.13837146759033203,
            -0.8275309205055237,
            -0.16214099526405334
        ],
        [
            0.14196652173995972,
            -0.8292111158370972,
            -0.1584063470363617
        ],
        [
            0.14028878509998322,
            -0.8351569175720215,
            -0.1635952591896057
        ],
        [
            0.13775809109210968,
            -0.8339360952377319,
            -0.16637122631072998
        ],
        [
            0.13451044261455536,
            -0.8333241939544678,
            -0.1689782440662384
        ],
        [
            0.13080435991287231,
            -0.8334140777587891,
            -0.17123445868492126
        ],
        [
            0.129898339509964,
            -0.8285188674926758,
            -0.1691417098045349
        ],
        [
            0.13413839042186737,
            -0.827607274055481,
            -0.16596719622612
        ],
        [
            0.13373447954654694,
            -0.8468286991119385,
            -0.17985495924949646
        ],
        [
            0.12660455703735352,
            -0.8469438552856445,
            -0.1811646819114685
        ],
        [
            0.12716296315193176,
            -0.8441201448440552,
            -0.17936350405216217
        ],
        [
            0.13330574333667755,
            -0.8437752723693848,
            -0.1785864531993866
        ],
        [
            0.11523637175559998,
            -0.8404320478439331,
            -0.1753787398338318
        ],
        [
            0.11707955598831177,
            -0.842300534248352,
            -0.1768185794353485
        ],
        [
            0.11429455876350403,
            -0.8436615467071533,
            -0.17918696999549866
        ],
        [
            0.11243659257888794,
            -0.8397927284240723,
            -0.17732523381710052
        ],
        [
            0.11396767944097519,
            -0.836663007736206,
            -0.17596516013145447
        ],
        [
            0.11616318672895432,
            -0.8386009335517883,
            -0.17499703168869019
        ],
        [
            0.14601323008537292,
            -0.9035463333129883,
            -0.1882023960351944
        ],
        [
            0.1398206502199173,
            -0.8863058090209961,
            -0.19361355900764465
        ],
        [
            0.15672151744365692,
            -0.8987975716590881,
            -0.17140187323093414
        ],
        [
            0.1613990068435669,
            -0.8908049464225769,
            -0.1556282639503479
        ],
        [
            0.16425658762454987,
            -0.8794893622398376,
            -0.14174968004226685
        ],
        [
            0.1341577172279358,
            -0.7797139883041382,
            -0.13607724010944366
        ],
        [
            0.13229097425937653,
            -0.7728928327560425,
            -0.12790459394454956
        ],
        [
            0.138172909617424,
            -0.7821991443634033,
            -0.11671866476535797
        ],
        [
            0.13337071239948273,
            -0.7740185260772705,
            -0.11033615469932556
        ],
        [
            0.12739208340644836,
            -0.7645488977432251,
            -0.12240325659513474
        ],
        [
            0.11067001521587372,
            -0.7488740682601929,
            -0.11903636902570724
        ],
        [
            0.12033599615097046,
            -0.7559092044830322,
            -0.11948798596858978
        ],
        [
            0.1261252462863922,
            -0.7663123607635498,
            -0.10448092967271805
        ],
        [
            0.1330098658800125,
            -0.7810149192810059,
            -0.09135997295379639
        ],
        [
            0.13828259706497192,
            -0.7857097387313843,
            -0.09976164996623993
        ],
        [
            0.13688495755195618,
            -0.7988702654838562,
            -0.08239881694316864
        ],
        [
            0.12524497509002686,
            -0.7769825458526611,
            -0.08101476728916168
        ],
        [
            0.1320645958185196,
            -0.8006367087364197,
            -0.0752510279417038
        ],
        [
            0.10392146557569504,
            -0.7450424432754517,
            -0.08377397060394287
        ],
        [
            0.10331733524799347,
            -0.7354166507720947,
            -0.07920343428850174
        ],
        [
            0.11442672461271286,
            -0.7433929443359375,
            -0.06641349196434021
        ],
        [
            0.11518755555152893,
            -0.7533586025238037,
            -0.07069673389196396
        ],
        [
            0.14243686199188232,
            -0.7914265990257263,
            -0.10864152759313583
        ],
        [
            0.15890097618103027,
            -0.8497565984725952,
            -0.13033321499824524
        ],
        [
            0.15719041228294373,
            -0.8470659255981445,
            -0.14160513877868652
        ],
        [
            0.15707530081272125,
            -0.8385806083679199,
            -0.12344501912593842
        ],
        [
            0.16837453842163086,
            -0.91127610206604,
            -0.12637904286384583
        ],
        [
            0.16661931574344635,
            -0.9026681184768677,
            -0.14283689856529236
        ],
        [
            0.1683359295129776,
            -0.889132022857666,
            -0.13115113973617554
        ],
        [
            0.17047837376594543,
            -0.8989501595497131,
            -0.11710019409656525
        ],
        [
            0.15031777322292328,
            -0.9448933601379395,
            -0.1502528041601181
        ],
        [
            0.15113945305347443,
            -0.9259833097457886,
            -0.17138661444187164
        ],
        [
            0.15899603068828583,
            -0.9159915447235107,
            -0.15817978978157043
        ],
        [
            0.159971222281456,
            -0.9304869174957275,
            -0.14053858816623688
        ],
        [
            0.16997817158699036,
            -0.9038331508636475,
            -0.10436010360717773
        ],
        [
            0.1671217828989029,
            -0.9102113246917725,
            -0.08732505887746811
        ],
        [
            0.16452696919441223,
            -0.9271977543830872,
            -0.08553879708051682
        ],
        [
            0.16743236780166626,
            -0.9219117164611816,
            -0.10736425966024399
        ],
        [
            0.154902845621109,
            -0.9498045444488525,
            -0.08717871457338333
        ],
        [
            0.15861384570598602,
            -0.9433010816574097,
            -0.11359038949012756
        ],
        [
            0.12625432014465332,
            -0.7905993461608887,
            -0.0639895647764206
        ],
        [
            0.12992353737354279,
            -0.8090702891349792,
            -0.06485895067453384
        ],
        [
            0.11706601083278656,
            -0.7643006443977356,
            -0.0772680938243866
        ],
        [
            0.12291134148836136,
            -0.7750687003135681,
            -0.06234944611787796
        ],
        [
            0.13914164900779724,
            -0.9673445224761963,
            -0.09046640247106552
        ],
        [
            0.14487548172473907,
            -0.9611788392066956,
            -0.12172003835439682
        ],
        [
            0.14308620989322662,
            -0.9041094779968262,
            -0.03831392526626587
        ],
        [
            0.14987477660179138,
            -0.9185134768486023,
            -0.0497625470161438
        ],
        [
            0.15711887180805206,
            -0.901235044002533,
            -0.05969487130641937
        ],
        [
            0.14986111223697662,
            -0.8901437520980835,
            -0.04788406193256378
        ],
        [
            0.1313476860523224,
            -0.9184191226959229,
