{
    "pred_cam": [
        1.7366199493408203,
        -0.004547527059912682,
        0.6060954332351685
    ],
    "pred_smpl_params": {
        "global_orient": [
            [
                [
                    0.9702755808830261,
                    0.2181360274553299,
                    -0.10479386895895004
                ],
                [
                    0.1432071477174759,
                    -0.8666159510612488,
                    -0.47798359394073486
                ],
                [
                    -0.19508151710033417,
                    0.448768675327301,
                    -0.8720949292182922
                ]
            ]
        ],
        "body_pose": [
            [
                [
                    0.9979910254478455,
                    -0.049493394792079926,
                    -0.039551761001348495
                ],
                [
                    0.06334792077541351,
                    0.7892794609069824,
                    0.6107577681541443
                ],
                [
                    0.0009889198699966073,
                    -0.6120362877845764,
                    0.7908291220664978
                ]
            ],
            [
                [
                    0.9909164905548096,
                    0.1112147644162178,
                    0.07560316473245621
                ],
                [
                    -0.13420917093753815,
                    0.782263457775116,
                    0.6083188056945801
                ],
                [
                    0.008512448519468307,
                    -0.6129397749900818,
                    0.7900838255882263
                ]
            ],
            [
                [
                    0.9999415874481201,
                    0.0024318888317793608,
                    -0.010532285086810589
                ],
                [
                    -0.0067144399508833885,
                    0.9033292531967163,
                    -0.4288952350616455
                ],
                [
                    0.008471094071865082,
                    0.42894089221954346,
                    0.9032928347587585
                ]
            ],
            [
                [
                    0.9793168902397156,
                    0.08357436954975128,
                    -0.18426571786403656
                ],
                [
                    -0.16074497997760773,
                    -0.2317214459180832,
                    -0.9594094157218933
                ],
                [
                    -0.12288032472133636,
                    0.9691855311393738,
                    -0.21349456906318665
                ]
            ],
            [
                [
                    0.976108193397522,
                    -0.09226973354816437,
                    0.19672109186649323
                ],
                [
                    0.1809576004743576,
                    -0.15596573054790497,
                    -0.9710453748703003
                ],
                [
                    0.12027977406978607,
                    0.9834434390068054,
                    -0.13554251194000244
                ]
            ],
            [
                [
                    0.9993113875389099,
                    -0.03695666790008545,
                    -0.003307698993012309
                ],
                [
                    0.03708694130182266,
                    0.9975986480712891,
                    0.05849378928542137
                ],
                [
                    0.0011380200739949942,
                    -0.05857618525624275,
                    0.9982823133468628
                ]
            ],
            [
                [
                    0.9360405802726746,
                    -0.14687325060367584,
                    0.319775253534317
                ],
                [
                    0.03291283920407295,
                    0.9412891268730164,
                    0.33599352836608887
                ],
                [
                    -0.35034939646720886,
                    -0.30397889018058777,
                    0.8859188556671143
                ]
            ],
            [
                [
                    0.9442425966262817,
                    0.059504780918359756,
                    -0.32382890582084656
                ],
                [
                    0.026106899604201317,
                    0.9669051766395569,
                    0.2537967562675476
                ],
                [
                    0.32821395993232727,
                    -0.24809986352920532,
                    0.9114395976066589
                ]
            ],
            [
                [
                    0.9997860789299011,
                    -0.01461842656135559,
                    -0.014631865546107292
                ],
                [
                    0.014729619957506657,
                    0.9998632073402405,
                    0.00752057833597064
                ],
                [
                    0.01451992616057396,
                    -0.007734491489827633,
                    0.9998646378517151
                ]
            ],
            [
                [
                    0.9952274560928345,
                    -0.07262410968542099,
                    -0.06517767161130905
                ],
                [
                    0.07998973876237869,
                    0.9897134304046631,
                    0.11861269921064377
                ],
                [
                    0.05589306727051735,
                    -0.12326014786958694,
                    0.9907991886138916
                ]
            ],
            [
                [
                    0.9922571778297424,
                    0.08799298852682114,
                    0.08765331655740738
                ],
                [
                    -0.10290772467851639,
                    0.9776106476783752,
                    0.18354135751724243
                ],
                [
                    -0.06954045593738556,
                    -0.19114039838314056,
                    0.9790963530540466
                ]
            ],
            [
                [
                    0.9943290948867798,
                    -0.04629313200712204,
                    0.09574273973703384
                ],
                [
                    0.058295197784900665,
                    0.9902361631393433,
                    -0.12662558257579803
                ],
                [
                    -0.08894602954387665,
                    0.1314888298511505,
                    0.98731929063797
                ]
            ],
            [
                [
                    0.8901018500328064,
                    -0.07667738944292068,
                    -0.44926536083221436
                ],
                [
                    0.18904206156730652,
                    0.9590646028518677,
                    0.21085114777088165
                ],
                [
                    0.4147070050239563,
                    -0.27260902523994446,
                    0.8681604266166687
                ]
            ],
            [
                [
                    0.9424346685409546,
                    0.05182025209069252,
                    0.3303508460521698
                ],
                [
                    -0.11648204922676086,
                    0.9769183397293091,
                    0.17905978858470917
                ],
                [
                    -0.31344690918922424,
                    -0.2072320580482483,
                    0.9267178177833557
                ]
            ],
            [
                [
                    0.9962251782417297,
                    -0.05865948647260666,
                    0.06398845463991165
                ],
                [
                    0.06684187054634094,
                    0.98868328332901,
                    -0.13430368900299072
                ],
                [
                    -0.05538612976670265,
                    0.13807380199432373,
                    0.9888721108436584
                ]
            ],
            [
                [
                    0.8022336363792419,
                    0.1176389828324318,
                    -0.5853053331375122
                ],
                [
                    0.12199798971414566,
                    0.9274031519889832,
                    0.35360974073410034
                ],
                [
                    0.5844122767448425,
                    -0.3550836741924286,
                    0.7296422719955444
                ]
            ],
            [
                [
                    0.9326136708259583,
                    -0.14479640126228333,
                    0.33055365085601807
                ],
                [
                    0.03901036083698273,
                    0.9510578513145447,
                    0.30654069781303406
                ],
                [
                    -0.35876163840293884,
                    -0.27298903465270996,
                    0.8926181197166443
                ]
            ],
            [
                [
                    0.18094205856323242,
                    -0.17224928736686707,
                    -0.9682924151420593
                ],
                [
                    0.5309318900108337,
                    0.8458629250526428,
                    -0.05125660076737404
                ],
                [
                    0.827871561050415,
                    -0.504822850227356,
                    0.24450482428073883
                ]
            ],
            [
                [
                    0.19025830924510956,
                    0.24292030930519104,
                    0.951205313205719
                ],
                [
                    -0.5794644355773926,
                    0.8099088072776794,
                    -0.09093240648508072
                ],
                [
                    -0.7924789190292358,
                    -0.5338889956474304,
                    0.2948555648326874
                ]
            ],
            [
                [
                    0.9785510301589966,
                    -0.20091596245765686,
                    -0.045505110174417496
                ],
                [
                    0.1865585446357727,
                    0.9579751491546631,
                    -0.21789786219596863
                ],
                [
                    0.08737193048000336,
                    0.20473480224609375,
                    0.9749101400375366
                ]
            ],
            [
                [
                    0.9853050708770752,
                    0.16762840747833252,
                    0.032780103385448456
                ],
                [
                    -0.16189135611057281,
                    0.9777172207832336,
                    -0.13364198803901672
                ],
                [
                    -0.05445186793804169,
                    0.1263713240623474,
                    0.9904873371124268
                ]
            ],
            [
                [
                    0.9954173564910889,
                    0.08690976351499557,
                    -0.039885908365249634
                ],
                [
                    -0.08794139325618744,
                    0.995814859867096,
                    -0.024879630655050278
                ],
                [
                    0.03755670040845871,
                    0.028273239731788635,
                    0.9988943338394165
                ]
            ],
            [
                [
                    0.9949204921722412,
                    -0.0966251865029335,
                    0.028226669877767563
                ],
                [
                    0.09639155119657516,
                    0.9952979683876038,
                    0.009526434354484081
                ],
                [
                    -0.02901443839073181,
                    -0.0067572323605418205,
                    0.9995561838150024
                ]
            ]
        ],
        "betas": [
            -0.00838400423526764,
            -0.0377507209777832,
            -0.16599375009536743,
            -0.09043562412261963,
            0.080036461353302,
            -0.06665562838315964,
            -0.06640496850013733,
            -0.019356340169906616,
            0.06125140190124512,
            -0.03829839825630188
        ]
    },
    "pred_cam_t": [
        -0.004547527059912682,
        0.6060954332351685,
        22.493408203125
    ],
    "focal_length": [
        5000.0,
        5000.0
    ],
    "pred_keypoints_3d": [
        [
            0.07166160643100739,
            -0.8046643733978271,
            -0.010679047554731369
        ],
        [
            0.08262062072753906,
            -0.6953905820846558,
            0.14793075621128082
        ],
        [
            -0.09335673600435257,
            -0.6609246730804443,
            0.1609930694103241
        ],
        [
            -0.322309672832489,
            -0.7122820019721985,
            0.05925537645816803
        ],
        [
            -0.26209133863449097,
            -0.9462370276451111,
            -0.025577612221240997
        ],
        [
            0.2302117794752121,
            -0.637769877910614,
            0.0774921327829361
        ],
        [
            0.32968151569366455,
            -0.7315592765808105,
            -0.1459999531507492
        ],
        [
            0.22339269518852234,
            -0.9560098648071289,
            -0.11792200803756714
        ],
        [
            -0.001697964034974575,
            -0.2217693328857422,
            0.028401905670762062
        ],
        [
            -0.08689267188310623,
            -0.15117746591567993,
            0.004906678572297096
        ],
        [
            -0.25462228059768677,
            -0.011760935187339783,
            -0.3115347623825073
        ],
        [
            -0.22487682104110718,
            0.3035850524902344,
            -0.06574682891368866
        ],
        [
            0.04689729958772659,
            -0.1294836848974228,
            -0.02017739601433277
        ],
        [
            0.00967453047633171,
            0.027327731251716614,
            -0.3606012463569641
        ],
        [
            -0.0068348124623298645,
            0.31168150901794434,
            -0.07891881465911865
        ],
        [
            0.039848219603300095,
            -0.8430745601654053,
            0.024546556174755096
        ],
        [
            0.10655787587165833,
            -0.845170259475708,
            0.01872832328081131
        ],
        [
            0.005761764943599701,
            -0.8275201320648193,
            0.1240730956196785
        ],
        [
            0.15277209877967834,
            -0.8330016732215881,
            0.10923347622156143
        ],
        [
            -0.017259672284126282,
            0.4224233031272888,
            -0.242512047290802
        ],
        [
            0.05110390484333038,
            0.415543794631958,
            -0.19692635536193848
        ],
        [
            0.00847829133272171,
            0.31860029697418213,
            -0.010852068662643433
        ],
        [
            -0.30373984575271606,
            0.39817488193511963,
            -0.2190743386745453
        ],
        [
            -0.3505590856075287,
            0.37756770849227905,
            -0.15023735165596008
        ],
        [
            -0.20945020020008087,
            0.3288598656654358,
            0.004006415605545044
        ],
        [
            -0.2375374585390091,
            0.24604114890098572,
            -0.060326606035232544
        ],
        [
            -0.23867477476596832,
            -0.040433865040540695,
            -0.28216028213500977
        ],
        [
            -0.13839587569236755,
            -0.25605636835098267,
            0.08949790149927139
        ],
        [
            0.15289360284805298,
            -0.19552434980869293,
            0.03656276315450668
        ],
        [
            0.027543960139155388,
            0.011286248452961445,
            -0.34219515323638916
        ],
        [
            0.010524354875087738,
            0.2703463137149811,
            -0.07975634187459946
        ],
        [
            -0.2341182976961136,
            -0.9261842966079712,
            -0.011240355670452118
        ],
        [
            -0.3094213306903839,
            -0.7377209067344666,
            0.08535583317279816
        ],
        [
            -0.06110759824514389,
            -0.6797200441360474,
            0.16847148537635803
        ],
        [
            0.21925202012062073,
            -0.6596150398254395,
            0.10212048888206482
        ],
        [
            0.33723998069763184,
            -0.752327561378479,
            -0.1071949154138565
        ],
        [
            0.22869814932346344,
            -0.9460649490356445,
            -0.09859991073608398
        ],
        [
            0.08692480623722076,
            -0.6949343681335449,
            0.14940422773361206
        ],
        [
            0.08102431893348694,
            -0.8828842639923096,
            0.10030427575111389
        ],
        [
            0.007252885028719902,
            -0.22583192586898804,
            0.06325484812259674
        ],
        [
            0.07788833975791931,
            -0.6610097885131836,
            0.13344116508960724
        ],
        [
            0.04815543442964554,
            -0.46010822057724,
            0.12088652700185776
        ],
        [
            0.08449819684028625,
            -0.7757034301757812,
            0.06491370499134064
        ],
        [
            0.07655955851078033,
            -0.9016647338867188,
            0.10968083143234253
        ]
    ],
    "pred_vertices": [
        [
            0.11653512716293335,
            -0.8913650512695312,
            0.017213843762874603
        ],
        [
            0.11063706874847412,
            -0.8773393630981445,
            0.011549726128578186
        ],
        [
            0.12247341871261597,
            -0.8743773698806763,
            0.019112050533294678
        ],
        [
            0.12808111310005188,
            -0.8844090700149536,
            0.028336234390735626
        ],
        [
            0.11843238025903702,
            -0.8650740385055542,
            0.013637050986289978
        ],
        [
            0.10778098553419113,
            -0.8664478063583374,
            0.008115045726299286
        ],
        [
            0.130272775888443,
            -0.8680038452148438,
            0.028812013566493988
        ],
        [
            0.13548904657363892,
            -0.8752143383026123,
            0.03968190401792526
        ],
        [
            0.13845084607601166,
            -0.8313416242599487,
            0.03957480192184448
        ],
        [
            0.14278283715248108,
            -0.8260693550109863,
            0.04906671494245529
        ],
        [
            0.14187002182006836,
            -0.8388041257858276,
            0.04704032093286514
        ],
        [
            0.13615037500858307,
            -0.8405524492263794,
            0.038795046508312225
        ],
        [
            0.13716544210910797,
            -0.8057205677032471,
            0.04279185086488724
        ],
        [
            0.13049434125423431,
            -0.796690046787262,
            0.034667741507291794
        ],
        [
            0.13349899649620056,
            -0.7873181104660034,
            0.044130101799964905
        ],
        [
            0.13904821872711182,
            -0.7958532571792603,
            0.05313006043434143
        ],
        [
            0.09668871760368347,
            -0.8110474348068237,
            0.0138416588306427
        ],
        [
            0.10216288268566132,
            -0.8044062256813049,
            0.01433592289686203
        ],
        [
            0.10604043304920197,
            -0.8110871911048889,
            0.014919579029083252
        ],
        [
            0.0997624397277832,
            -0.8168931603431702,
            0.01477840170264244
        ],
        [
            0.08653789758682251,
            -0.8208953142166138,
            0.008468292653560638
        ],
        [
            0.08760058879852295,
            -0.8263000845909119,
            0.01190866157412529
        ],
        [
            0.08246821910142899,
            -0.8302779197692871,
            0.007136210799217224
        ],
        [
            0.08206811547279358,
            -0.8241692781448364,
            0.002722412347793579
        ],
        [
            0.09149699658155441,
            -0.8056946396827698,
            0.013642389327287674
        ],
        [
            0.09723922610282898,
            -0.7989194393157959,
            0.01499488577246666
        ],
        [
            0.09177722781896591,
            -0.8166136145591736,
            0.012837707996368408
        ],
        [
            0.08957353979349136,
            -0.8124110102653503,
            0.010378725826740265
        ],
        [
            0.08574917167425156,
            -0.8067226409912109,
            0.0002864152193069458
        ],
        [
            0.08740878105163574,
            -0.8114252090454102,
            0.0017299316823482513
        ],
        [
            0.08357136696577072,
            -0.8127118349075317,
            -0.005002520978450775
        ],
        [
            0.08234649896621704,
            -0.807012140750885,
            -0.004264529794454575
        ],
        [
            0.0892772525548935,
            -0.8058867454528809,
            0.009023264050483704
        ],
        [
            0.08962196856737137,
            -0.8088794946670532,
            0.006387874484062195
        ],
        [
            0.08686630427837372,
            -0.8052672743797302,
            0.0041781142354011536
        ],
        [
            0.08573446422815323,
            -0.8029962778091431,
            0.007324058562517166
        ],
        [
            0.08588512986898422,
            -0.8169772624969482,
            0.005499605089426041
        ],
        [
            0.08238299936056137,
            -0.8189550638198853,
            -0.001163385808467865
        ],
        [
            0.07799609005451202,
            -0.8206146955490112,
            -0.007972482591867447
        ],
        [
            0.07881270349025726,
            -0.812371015548706,
            -0.011500746011734009
        ],
        [
            0.1133112758398056,
            -0.7906830906867981,
            0.020238026976585388
        ],
        [
            0.10826168209314346,
            -0.7978060245513916,
            0.01617918163537979
        ],
        [
            0.10320816934108734,
            -0.792830228805542,
            0.01612132415175438
        ],
        [
            0.10809127241373062,
            -0.7871628999710083,
            0.018742870539426804
        ],
        [
            0.08731510490179062,
            -0.7995854616165161,
            0.01056450605392456
        ],
        [
            0.09099415689706802,
            -0.7837481498718262,
            0.01047607883810997
        ],
        [
            0.09127427637577057,
            -0.7874950766563416,
            0.01015365868806839
        ],
        [
            0.08503223210573196,
            -0.7884435653686523,
            0.006563309580087662
        ],
        [
            0.08545343577861786,
            -0.7849323153495789,
            0.007023639976978302
        ],
        [
            0.11880847066640854,
            -0.7760748267173767,
            0.02873515710234642
        ],
        [
            0.11305911839008331,
            -0.7749871015548706,
            0.024392686784267426
        ],
        [
            0.1136518269777298,
            -0.7679405212402344,
            0.027064617723226547
        ],
        [
            0.11878281831741333,
            -0.767609715461731,
            0.032558854669332504
        ],
        [
            0.11127445101737976,
            -0.7620815634727478,
            0.028293240815401077
        ],
        [
            0.11751306802034378,
            -0.7595502734184265,
            0.03584699705243111
        ],
        [
            0.10857173800468445,
            -0.745243489742279,
            0.036226142197847366
        ],
        [
            0.11314169317483902,
            -0.7514635324478149,
            0.03617119416594505
        ],
        [
            0.10746926069259644,
            -0.756331741809845,
            0.02800179272890091
        ],
        [
            0.10216975212097168,
            -0.7511911392211914,
            0.024964861571788788
        ],
        [
            0.08985155820846558,
            -0.756008505821228,
            0.017101924866437912
        ],
        [
            0.08400493860244751,
            -0.7547385692596436,
            0.014669112861156464
        ],
        [
            0.08855248987674713,
            -0.7426621317863464,
            0.017024345695972443
        ],
        [
            0.09520871937274933,
            -0.7460083961486816,
            0.02025255560874939
        ],
        [
            0.09136004000902176,
            -0.7775427103042603,
            0.01477152481675148
        ],
        [
            0.09532970190048218,
            -0.777664303779602,
            0.017483651638031006
        ],
        [
            0.09551507979631424,
            -0.7791370153427124,
            0.015157908201217651
        ],
        [
            0.09129689633846283,
            -0.7803041934967041,
            0.012084431946277618
        ],
        [
            0.09885348379611969,
            -0.7773891687393188,
            0.01916806399822235
        ],
        [
            0.10052239894866943,
            -0.7770594954490662,
            0.01983756572008133
        ],
        [
            0.10028918087482452,
            -0.778382420539856,
            0.018658354878425598
        ],
        [
            0.09884823858737946,
            -0.7782835364341736,
            0.018521517515182495
        ],
        [
            0.0968451201915741,
            -0.7779053449630737,
            0.0179392509162426
        ],
        [
            0.09591344743967056,
            -0.7759518623352051,
            0.01751161739230156
        ],
        [
            0.09794612228870392,
            -0.7765942811965942,
            0.018620707094669342
        ],
        [
            0.09232044219970703,
            -0.7751306295394897,
            0.014825068414211273
        ],
        [
            0.07921642065048218,
            -0.7728569507598877,
            0.007482890039682388
        ],
        [
            0.08341313153505325,
            -0.7732623815536499,
            0.008773796260356903
        ],
        [
            0.08204768598079681,
            -0.7775906324386597,
            0.009548787027597427
        ],
        [
            0.07838541269302368,
            -0.7776907682418823,
            0.008420102298259735
        ],
        [
            0.098253034055233,
            -0.7806313633918762,
            0.016927342861890793
        ],
        [
            0.10113009810447693,
            -0.7818470001220703,
            0.01729508489370346
        ],
        [
            0.09721577912569046,
            -0.7846221923828125,
            0.013978306204080582
        ],
        [
            0.09607116132974625,
            -0.7818998098373413,
            0.01471114531159401
        ],
        [
            0.10391957312822342,
            -0.7837543487548828,
            0.01719110831618309
        ],
        [
            0.10257285088300705,
            -0.7795735597610474,
            0.01908126100897789
        ],
        [
            0.10530926287174225,
            -0.7804058790206909,
            0.019631002098321915
        ],
        [
            0.0999806821346283,
            -0.7753214836120605,
            0.019800808280706406
        ],
        [
            0.10271300375461578,
            -0.7735773921012878,
            0.021163560450077057
        ],
        [
            0.10327599942684174,
            -0.7762054204940796,
            0.02009209617972374
        ],
        [
            0.10070540755987167,
            -0.7703185081481934,
            0.020772568881511688
        ],
        [
            0.09751953184604645,
            -0.7734058499336243,
            0.018824230879545212
        ],
        [
            0.09394816309213638,
            -0.7715743780136108,
            0.016232218593358994
        ],
        [
            0.08923685550689697,
            -0.7699724435806274,
            0.013009265065193176
        ],
        [
            0.09179053455591202,
            -0.765052318572998,
            0.015952151268720627
        ],
        [
            0.09693203121423721,
            -0.7673466205596924,
            0.01872631534934044
        ],
        [
            0.09901870787143707,
            -0.7886085510253906,
            0.014521941542625427
        ],
        [
            0.10749338567256927,
            -0.7756084203720093,
            0.02202218770980835
        ],
        [
            0.11092762649059296,
            -0.7820736169815063,
            0.02191700041294098
        ],
        [
            0.10736284404993057,
            -0.7707836627960205,
            0.023191556334495544
        ],
        [
            0.10528138279914856,
            -0.7662574052810669,
            0.02365151047706604
        ],
        [
            0.10139042884111404,
            -0.7620877027511597,
            0.022473551332950592
        ],
        [
            0.09574426710605621,
            -0.7588174343109131,
            0.01977836713194847
        ],
        [
            0.0911143496632576,
            -0.7339435815811157,
            0.028473030775785446
        ],
        [
            0.09951935708522797,
            -0.7387491464614868,
            0.03146873787045479
        ],
        [
            0.10581336915493011,
            -0.8590402603149414,
            0.011043466627597809
        ],
        [
            0.11458905041217804,
            -0.8582532405853271,
            0.013204962015151978
        ],
        [
            0.11526598781347275,
            -0.850360631942749,
            0.01840195059776306
        ],
        [
            0.11762867867946625,
            -0.8524470329284668,
            0.01831921935081482
        ],
        [
            0.11163380742073059,
            -0.854135274887085,
            0.015223383903503418
        ],
        [
            0.11100709438323975,
            -0.8515273332595825,
            0.01640133559703827
        ],
        [
            0.12962689995765686,
            -0.8430163860321045,
            0.03343208134174347
        ],
        [
            0.12446746975183487,
            -0.8449565172195435,
            0.029074326157569885
        ],
        [
            0.1247192770242691,
            -0.8410454988479614,
            0.030774317681789398
        ],
        [
            0.13124851882457733,
            -0.8362663984298706,
            0.034353360533714294
        ],
        [
            0.11708340793848038,
            -0.8335235118865967,
            0.02395499497652054
        ],
        [
            0.12143269181251526,
            -0.834658145904541,
            0.027084752917289734
        ],
        [
            0.11763126403093338,
            -0.8415652513504028,
            0.024329178035259247
        ],
        [
            0.11434303224086761,
            -0.8406714797019958,
            0.022111885249614716
        ],
        [
            0.11059710383415222,
            -0.840242862701416,
            0.020107313990592957
        ],
        [
            0.10623014718294144,
            -0.840116024017334,
            0.019218482077121735
        ],
        [
            0.10658406466245651,
            -0.8348461985588074,
            0.019826672971248627
        ],
        [
            0.11177551746368408,
            -0.8339170813560486,
            0.02141023427248001
        ],
        [
            0.10512753576040268,
            -0.8554266095161438,
            0.014322347939014435
        ],
        [
            0.09772446751594543,
            -0.8543926477432251,
            0.014938592910766602
        ],
        [
            0.09920735657215118,
            -0.8515797853469849,
            0.015682630240917206
        ],
        [
            0.10531531274318695,
            -0.8522578477859497,
            0.014892682433128357
        ],
        [
            0.08922280371189117,
            -0.8448677062988281,
            0.020852290093898773
        ],
        [
            0.09036938846111298,
            -0.8473060727119446,
            0.019778460264205933
        ],
        [
            0.0866907611489296,
            -0.8488295078277588,
            0.018849514424800873
        ],
        [
            0.08597744256258011,
            -0.844291090965271,
            0.0196961909532547
        ],
        [
            0.08830759674310684,
            -0.8413318395614624,
            0.019467532634735107
        ],
        [
            0.09051476418972015,
            -0.8432719707489014,
            0.020348377525806427
        ],
        [
            0.1071891263127327,
            -0.912579357624054,
            0.019107423722743988
        ],
        [
            0.10224322229623795,
            -0.8964368104934692,
            0.010488547384738922
        ],
        [
            0.12210064381361008,
            -0.9063689112663269,
            0.031013906002044678
        ],
        [
            0.13295094668865204,
            -0.895708441734314,
            0.04229944944381714
        ],
        [
            0.1405564397573471,
            -0.8822207450866699,
            0.052357181906700134
        ],
        [
            0.12613286077976227,
            -0.7804305553436279,
            0.035608332604169846
        ],
        [
            0.12768271565437317,
            -0.7714070081710815,
            0.04180386662483215
        ],
        [
            0.13610869646072388,
            -0.7785967588424683,
            0.0535145103931427
        ],
        [
            0.13410308957099915,
            -0.7681882381439209,
            0.058187853544950485
        ],
        [
            0.1257655918598175,
            -0.7608984708786011,
            0.045715492218732834
        ],
        [
            0.111937515437603,
            -0.7421901226043701,
            0.049262791872024536
        ],
        [
            0.1204604059457779,
            -0.7503746747970581,
            0.04821688309311867
        ],
        [
            0.12919126451015472,
            -0.7578867673873901,
            0.06384924054145813
        ],
        [
            0.1377863585948944,
            -0.7703144550323486,
            0.07838369905948639
        ],
        [
            0.14027228951454163,
            -0.7779461145401001,
            0.07039099186658859
        ],
        [
            0.14261898398399353,
            -0.7859708070755005,
            0.09043795615434647
        ],
        [
            0.1329745650291443,
            -0.7618643045425415,
            0.08994905650615692
        ],
        [
            0.1398647129535675,
            -0.7848811149597168,
            0.0991596207022667
        ],
        [
            0.1172206848859787,
            -0.7263096570968628,
            0.08617331832647324
        ],
        [
            0.11906976252794266,
            -0.7146981954574585,
            0.08906243741512299
        ],
        [
            0.13032317161560059,
            -0.7204384207725525,
            0.10228300839662552
        ],
        [
            0.12912526726722717,
            -0.7322509288787842,
            0.09880135953426361
        ],
        [
            0.14125505089759827,
            -0.7862532734870911,
            0.06273677200078964
        ],
        [
            0.14337918162345886,
            -0.8498876094818115,
            0.05462464690208435
        ],
        [
            0.13935114443302155,
            -0.8498310446739197,
            0.04359528422355652
        ],
        [
            0.1455245316028595,
            -0.8371503949165344,
            0.058011166751384735
        ],
        [
            0.1451970487833023,
            -0.9100738763809204,
            0.0752234011888504
        ],
        [
            0.13734586536884308,
            -0.9048017263412476,
            0.058523572981357574
        ],
        [
            0.14551469683647156,
            -0.8897970914840698,
            0.06471710652112961
        ],
        [
            0.1501292884349823,
            -0.896515429019928,
            0.08018004149198532
        ],
        [
            0.1174251139163971,
            -0.9451898336410522,
            0.06611541658639908
        ],
        [
            0.11347398161888123,
            -0.931750476360321,
            0.04159862548112869
        ],
        [
            0.12463483214378357,
            -0.9203615188598633,
            0.0494999960064888
        ],
        [
            0.131025493144989,
            -0.9309277534484863,
            0.06911134719848633
        ],
        [
            0.153001070022583,
            -0.8973637819290161,
            0.09326314181089401
        ],
        [
            0.15490557253360748,
            -0.8985991477966309,
            0.11249513179063797
        ],
        [
            0.15079140663146973,
            -0.9143298864364624,
            0.11929156631231308
        ],
        [
            0.14792343974113464,
            -0.9151538610458374,
            0.09618360549211502
        ],
        [
            0.1389172375202179,
            -0.9346153736114502,
            0.12632527947425842
        ],
        [
            0.13639381527900696,
            -0.9361283779144287,
            0.09842739254236221
        ],
        [
            0.13700662553310394,
            -0.7704027891159058,
            0.1094609797000885
        ],
        [
            0.13987106084823608,
            -0.7897669672966003,
            0.11215817928314209
        ],
        [
            0.12806999683380127,
            -0.7461493015289307,
            0.09321576356887817
        ],
        [
            0.13513267040252686,
            -0.7534250020980835,
            0.1091647669672966
        ],
        [
            0.1216963604092598,
            -0.949164628982544,
            0.13084377348423004
        ],
        [
            0.11872628331184387,
            -0.952429473400116,
            0.09901592880487442
        ],
        [
            0.1450849175453186,
            -0.8774676322937012,
            0.16149058938026428
        ],
        [
            0.14834129810333252,
            -0.8944358825683594,
            0.15353424847126007
        ],
        [
            0.15353672206401825,
            -0.881827712059021,
            0.1374426782131195
        ],
        [
            0.15103864669799805,
            -0.867800772190094,
            0.14636652171611786
        ],
        [
            0.1357155740261078,
            -0.8862144947052002,
            0.1782422959804535
