{
    "pred_cam": [
        1.7765226364135742,
        -0.013727566227316856,
        0.6032992601394653
    ],
    "pred_smpl_params": {
        "global_orient": [
            [
                [
                    0.9683530926704407,
                    0.22946935892105103,
                    -0.09816394001245499
                ],
                [
                    0.14665059745311737,
                    -0.8413805365562439,
                    -0.5201656818389893
                ],
                [
                    -0.20195531845092773,
                    0.4893082082271576,
                    -0.8484052419662476
                ]
            ]
        ],
        "body_pose": [
            [
                [
                    0.9994195699691772,
                    -0.006665271241217852,
                    -0.03341064602136612
                ],
                [
                    0.025761589407920837,
                    0.7895912528038025,
                    0.6130921840667725
                ],
                [
                    0.022294340655207634,
                    -0.6135969161987305,
                    0.7893046736717224
                ]
            ],
            [
                [
                    0.9954130053520203,
                    0.05482667312026024,
                    0.07840251177549362
                ],
                [
                    -0.09271585941314697,
                    0.7549320459365845,
                    0.6492158770561218
                ],
                [
                    -0.02359422668814659,
                    -0.6535071134567261,
                    0.7565524578094482
                ]
            ],
            [
                [
                    0.999923586845398,
                    0.0009257961646653712,
                    -0.012323200702667236
                ],
                [
                    -0.0063599939458072186,
                    0.8935431241989136,
                    -0.448932409286499
                ],
                [
                    0.010595697909593582,
                    0.4489765167236328,
                    0.8934807181358337
                ]
            ],
            [
                [
                    0.9819965362548828,
                    0.09882939606904984,
                    -0.16098295152187347
                ],
                [
                    -0.1489952802658081,
                    -0.11862452328205109,
                    -0.9816968441009521
                ],
                [
                    -0.11611703038215637,
                    0.9880086183547974,
                    -0.1017637550830841
                ]
            ],
            [
                [
                    0.9768008589744568,
                    -0.10382211953401566,
                    0.1872992068529129
                ],
                [
                    0.17916850745677948,
                    -0.08285188674926758,
                    -0.9803234934806824
                ],
                [
                    0.11729735881090164,
                    0.9911389946937561,
                    -0.062328141182661057
                ]
            ],
            [
                [
                    0.9991992712020874,
                    -0.039993900805711746,
                    -0.0011844520922750235
                ],
                [
                    0.0399874746799469,
                    0.9971387982368469,
                    0.0641503781080246
                ],
                [
                    -0.0013845607172697783,
                    -0.06414636969566345,
                    0.9979395866394043
                ]
            ],
            [
                [
                    0.9339063167572021,
                    -0.13980600237846375,
                    0.32904917001724243
                ],
                [
                    0.030358806252479553,
                    0.9480580687522888,
                    0.3166453540325165
                ],
                [
                    -0.3562266230583191,
                    -0.28572750091552734,
                    0.8896417617797852
                ]
            ],
            [
                [
                    0.9451506733894348,
                    0.047617144882678986,
                    -0.3231453001499176
                ],
                [
                    0.02528524398803711,
                    0.9756820797920227,
                    0.21772733330726624
                ],
                [
                    0.32565462589263916,
                    -0.21395592391490936,
                    0.9209625720977783
                ]
            ],
            [
                [
                    0.9997984766960144,
                    -0.01444288995116949,
                    -0.013942456804215908
                ],
                [
                    0.014406145550310612,
                    0.99989253282547,
                    -0.002732533263042569
                ],
                [
                    0.013980423100292683,
                    0.0025311256758868694,
                    0.9998990893363953
                ]
            ],
            [
                [
                    0.9942072629928589,
                    -0.07807990908622742,
                    -0.0738614872097969
                ],
                [
                    0.08555106073617935,
                    0.9908826947212219,
                    0.1040789783000946
                ],
                [
                    0.06506159156560898,
                    -0.1097949892282486,
                    0.9918226003646851
                ]
            ],
            [
                [
                    0.992734968662262,
                    0.08107117563486099,
                    0.08890877664089203
                ],
                [
                    -0.09591324627399445,
                    0.9793596267700195,
                    0.1779194325208664
                ],
                [
                    -0.0726495310664177,
                    -0.18515437841415405,
                    0.9800203442573547
                ]
            ],
            [
                [
                    0.9937753081321716,
                    -0.05529375374317169,
                    0.09671185165643692
                ],
                [
                    0.06737972795963287,
                    0.9896707534790039,
                    -0.12653769552707672
                ],
                [
                    -0.08871614187955856,
                    0.13226646184921265,
                    0.9872360229492188
                ]
            ],
            [
                [
                    0.8796064257621765,
                    -0.0829276591539383,
                    -0.4684182107448578
                ],
                [
                    0.2002333402633667,
                    0.9577511548995972,
                    0.20644478499889374
                ],
                [
                    0.43150803446769714,
                    -0.2753830850124359,
                    0.8590489625930786
                ]
            ],
            [
                [
                    0.9322446584701538,
                    0.052377283573150635,
                    0.35801735520362854
                ],
                [
                    -0.12266431003808975,
                    0.9766222834587097,
                    0.176528662443161
                ],
                [
                    -0.34040164947509766,
                    -0.20848387479782104,
                    0.9168757200241089
                ]
            ],
            [
                [
                    0.9962354302406311,
                    -0.0589059516787529,
                    0.06360160559415817
                ],
                [
                    0.06776901334524155,
                    0.9867159724235535,
                    -0.14764463901519775
                ],
                [
                    -0.05405956879258156,
                    0.15139903128147125,
                    0.9869934320449829
                ]
            ],
            [
                [
                    0.8037532567977905,
                    0.092872254550457,
                    -0.5876694917678833
                ],
                [
                    0.14427566528320312,
                    0.9278356432914734,
                    0.3439555764198303
                ],
                [
                    0.5772046446800232,
                    -0.36124181747436523,
                    0.7323517203330994
                ]
            ],
            [
                [
                    0.931322455406189,
                    -0.12979422509670258,
                    0.34028205275535583
                ],
                [
                    0.024699857458472252,
                    0.954697847366333,
                    0.29655012488365173
                ],
                [
                    -0.3633570075035095,
                    -0.2677788734436035,
                    0.892337441444397
                ]
            ],
            [
                [
                    0.21909616887569427,
                    -0.15354014933109283,
                    -0.9635467529296875
                ],
                [
                    0.5234621167182922,
                    0.8518849015235901,
                    -0.01671948842704296
                ],
                [
                    0.8233980536460876,
                    -0.5007169842720032,
                    0.2670171856880188
                ]
            ],
            [
                [
                    0.24954083561897278,
                    0.23868466913700104,
                    0.9384876489639282
                ],
                [
                    -0.5579899549484253,
                    0.8275212645530701,
                    -0.06209499016404152
                ],
                [
                    -0.7914395928382874,
                    -0.5081713795661926,
                    0.33968397974967957
                ]
            ],
            [
                [
                    0.9756118059158325,
                    -0.2115703523159027,
                    -0.058477163314819336
                ],
                [
                    0.1948051005601883,
                    0.9573189616203308,
                    -0.2135215848684311
                ],
                [
                    0.10115612298250198,
                    0.19692252576351166,
                    0.9751866459846497
                ]
            ],
            [
                [
                    0.9849427938461304,
                    0.1673394739627838,
                    0.0434197299182415
                ],
                [
                    -0.16111600399017334,
                    0.9795602560043335,
                    -0.12043033540248871
                ],
                [
                    -0.06268498301506042,
                    0.11162137240171432,
                    0.9917718768119812
                ]
            ],
            [
                [
                    0.9955167174339294,
                    0.08377162367105484,
                    -0.043917398899793625
                ],
                [
                    -0.08479329943656921,
                    0.9961570501327515,
                    -0.021937845274806023
                ],
                [
                    0.04191085696220398,
                    0.025563394650816917,
                    0.9987942576408386
                ]
            ],
            [
                [
                    0.9956322312355042,
                    -0.08813656866550446,
                    0.030794082209467888
                ],
                [
                    0.08779436349868774,
                    0.996062695980072,
                    0.012296582572162151
                ],
                [
                    -0.03175661712884903,
                    -0.009539328515529633,
                    0.9994500279426575
                ]
            ]
        ],
        "betas": [
            -0.006402850151062012,
            -0.06347835063934326,
            -0.15633097290992737,
            -0.04229488968849182,
            0.0891503393650055,
            -0.061152271926403046,
            -0.0691225528717041,
            -0.0054207444190979,
            0.06633329391479492,
            -0.02946549654006958
        ]
    },
    "pred_cam_t": [
        -0.013727566227316856,
        0.6032992601394653,
        21.98818016052246
    ],
    "focal_length": [
        5000.0,
        5000.0
    ],
    "pred_keypoints_3d": [
        [
            0.07410933822393417,
            -0.8030254244804382,
            0.005073536187410355
        ],
        [
            0.08599328994750977,
            -0.6914775371551514,
            0.16161052882671356
        ],
        [
            -0.09026066213846207,
            -0.6582452654838562,
            0.17162513732910156
        ],
        [
            -0.3147567808628082,
            -0.7183510065078735,
            0.06535547226667404
        ],
        [
            -0.2581164240837097,
            -0.9512374997138977,
            -0.02413799613714218
        ],
        [
            0.23243781924247742,
            -0.6360185146331787,
            0.08830897510051727
        ],
        [
            0.3289579451084137,
            -0.7419417500495911,
            -0.13079097867012024
        ],
        [
            0.2215297669172287,
            -0.9654720425605774,
            -0.10102373361587524
        ],
        [
            -0.0017328737303614616,
            -0.22239501774311066,
            0.028500983491539955
        ],
        [
            -0.08784607797861099,
            -0.15412676334381104,
            0.001635933294892311
        ],
        [
            -0.23610582947731018,
            -0.04508843272924423,
            -0.33519986271858215
        ],
        [
            -0.2263440191745758,
            0.30611681938171387,
            -0.14303216338157654
        ],
        [
            0.04559805616736412,
            -0.13188202679157257,
            -0.024485228583216667
        ],
        [
            -0.009523950517177582,
            0.006044536828994751,
            -0.37000736594200134
        ],
        [
            -0.044020719826221466,
            0.3291116952896118,
            -0.13649900257587433
        ],
        [
            0.04207446426153183,
            -0.8407285809516907,
            0.040771763771772385
        ],
        [
            0.10874785482883453,
            -0.8432852029800415,
            0.034851688891649246
        ],
        [
            0.008036158978939056,
            -0.8240638971328735,
            0.14022201299667358
        ],
        [
            0.1554829627275467,
            -0.8306348323822021,
            0.1253138780593872
        ],
        [
            -0.059359289705753326,
            0.41659700870513916,
            -0.313454270362854
        ],
        [
            0.00929117202758789,
            0.4193921685218811,
            -0.26767513155937195
        ],
        [
            -0.029853586107492447,
            0.3467201590538025,
            -0.0698343962430954
        ],
        [
            -0.2954941689968109,
            0.37990063428878784,
            -0.3120344877243042
        ],
        [
            -0.3465540409088135,
            0.36814576387405396,
            -0.24401143193244934
        ],
        [
            -0.2153029590845108,
            0.3407096266746521,
            -0.07650497555732727
        ],
        [
            -0.23879922926425934,
            0.24973490834236145,
            -0.1294085532426834
        ],
        [
            -0.22149160504341125,
            -0.07168658822774887,
            -0.3017851710319519
        ],
        [
            -0.1384442001581192,
            -0.2548721432685852,
            0.09183072298765182
        ],
        [
            0.15243040025234222,
            -0.19327646493911743,
            0.035154033452272415
        ],
        [
            0.009939081035554409,
            -0.009848949499428272,
            -0.35102707147598267
        ],
        [
            -0.0246946532279253,
            0.2894059121608734,
            -0.13088376820087433
        ],
        [
            -0.229681596159935,
            -0.9319438934326172,
            -0.009355342946946621
        ],
        [
            -0.30190137028694153,
            -0.7430391311645508,
            0.09155751764774323
        ],
        [
            -0.057909056544303894,
            -0.6764198541641235,
            0.18059110641479492
        ],
        [
            0.2221757173538208,
            -0.6571367979049683,
            0.11415714025497437
        ],
        [
            0.33635765314102173,
            -0.7613126635551453,
            -0.09171149134635925
        ],
        [
            0.2270422875881195,
            -0.9556455612182617,
            -0.08149270713329315
        ],
        [
            0.09009766578674316,
            -0.6908819675445557,
            0.16259267926216125
        ],
        [
            0.0831378698348999,
            -0.880195140838623,
            0.11673992872238159
        ],
        [
            0.006994565483182669,
            -0.22412773966789246,
            0.06377048045396805
        ],
        [
            0.0808882787823677,
            -0.6579639911651611,
            0.14550265669822693
        ],
        [
            0.05039449781179428,
            -0.45701006054878235,
            0.12953805923461914
        ],
        [
            0.08719126880168915,
            -0.7731308937072754,
            0.08026253432035446
        ],
        [
            0.07857313007116318,
            -0.8988023400306702,
            0.12634332478046417
        ]
    ],
    "pred_vertices": [
        [
            0.1185847669839859,
            -0.8897826671600342,
            0.033873580396175385
        ],
        [
            0.11272633075714111,
            -0.8757913112640381,
            0.028068922460079193
        ],
        [
            0.12463249266147614,
            -0.8728809356689453,
            0.03560350835323334
        ],
        [
            0.13015305995941162,
            -0.8827643394470215,
            0.04485580325126648
        ],
        [
            0.1206296980381012,
            -0.8635624647140503,
            0.029962502419948578
        ],
        [
            0.1099051982164383,
            -0.8649331331253052,
            0.024451643228530884
        ],
        [
            0.13248588144779205,
            -0.8663911819458008,
            0.04520455747842789
        ],
        [
            0.13758321106433868,
            -0.873444676399231,
            0.056119151413440704
        ],
        [
            0.14073848724365234,
            -0.8294496536254883,
            0.055476926267147064
        ],
        [
            0.1451057642698288,
            -0.8242278695106506,
            0.06482492387294769
        ],
        [
            0.14419426023960114,
            -0.8370029926300049,
            0.06306001543998718
        ],
        [
            0.1384907364845276,
            -0.8387908935546875,
            0.054835736751556396
        ],
        [
            0.13972720503807068,
            -0.8037585616111755,
            0.05841885507106781
        ],
        [
            0.13308259844779968,
            -0.7947415113449097,
            0.050209611654281616
        ],
        [
            0.13621041178703308,
            -0.7852775454521179,
            0.05955404043197632
        ],
        [
            0.14175507426261902,
            -0.7937494516372681,
            0.06863698363304138
        ],
        [
            0.09908748418092728,
            -0.8091598749160767,
            0.029597781598567963
        ],
        [
            0.10462208092212677,
            -0.802534818649292,
            0.03001052886247635
        ],
        [
            0.1084555983543396,
            -0.8092375993728638,
            0.030651722103357315
        ],
        [
            0.10212457925081253,
            -0.8150078058242798,
            0.030594568699598312
        ],
        [
            0.08889836072921753,
            -0.8191372752189636,
            0.024393219500780106
        ],
        [
            0.08994746953248978,
            -0.8245151042938232,
            0.027889393270015717
        ],
        [
            0.08478156477212906,
            -0.8285079598426819,
            0.023157700896263123
        ],
        [
            0.08442215621471405,
            -0.8224552273750305,
            0.018671322613954544
        ],
        [
            0.09390988945960999,
            -0.8037769794464111,
            0.02936019003391266
        ],
        [
            0.0997302383184433,
            -0.7969993352890015,
            0.03061048313975334
        ],
        [
            0.09412416815757751,
            -0.8147075176239014,
            0.028683483600616455
        ],
        [
            0.09198850393295288,
            -0.8106387853622437,
            0.02619088813662529
        ],
        [
            0.08819050341844559,
            -0.8050527572631836,
            0.016036640852689743
        ],
        [
            0.08984661847352982,
            -0.8097571134567261,
            0.01751720905303955
        ],
        [
            0.08598095923662186,
            -0.8110847473144531,
            0.010804705321788788
        ],
        [
            0.0847715437412262,
            -0.8053566217422485,
            0.011496108025312424
        ],
        [
            0.09172584116458893,
            -0.8041437864303589,
            0.02476639300584793
        ],
        [
            0.09207316488027573,
            -0.8071792125701904,
            0.022152584046125412
        ],
        [
            0.08931747823953629,
            -0.8035809993743896,
            0.01992126554250717
        ],
        [
            0.08819451183080673,
            -0.8012503385543823,
            0.02304639294743538
        ],
        [
            0.0882667675614357,
            -0.8152481317520142,
            0.021366480737924576
        ],
        [
            0.08475831896066666,
            -0.8172837495803833,
            0.014711502939462662
        ],
        [
            0.0803680419921875,
            -0.8189888596534729,
            0.007923118770122528
        ],
        [
            0.08123016357421875,
            -0.8108282089233398,
            0.004305504262447357
        ],
        [
            0.11589886248111725,
            -0.78878253698349,
            0.03573179617524147
        ],
        [
            0.11078107357025146,
            -0.7959233522415161,
            0.03176172450184822
        ],
        [
            0.10574464499950409,
            -0.7909069061279297,
            0.03166099265217781
        ],
        [
            0.11068342626094818,
            -0.7852328419685364,
            0.034204110503196716
        ],
        [
            0.08980080485343933,
            -0.7977945804595947,
            0.026239842176437378
        ],
        [
            0.09358258545398712,
            -0.7819422483444214,
            0.025990035384893417
        ],
        [
            0.0938553735613823,
            -0.7857078313827515,
            0.02568923309445381
        ],
        [
            0.08759815245866776,
            -0.7866644859313965,
            0.02211669459939003
        ],
        [
            0.08802908658981323,
            -0.7831288576126099,
            0.022551290690898895
        ],
        [
            0.12154385447502136,
            -0.7740968465805054,
            0.044037725776433945
        ],
        [
            0.11579428613185883,
            -0.7730170488357544,
            0.0396740660071373
        ],
        [
            0.11643662303686142,
            -0.7659473419189453,
            0.04225447401404381
        ],
        [
            0.12159848213195801,
            -0.7656048536300659,
            0.04775095731019974
        ],
        [
            0.11413654685020447,
            -0.7600846290588379,
            0.04340142384171486
        ],
        [
            0.12039744853973389,
            -0.757542610168457,
            0.05091403052210808
        ],
        [
            0.1115066185593605,
            -0.743166446685791,
            0.05108635500073433
        ],
        [
            0.1160656064748764,
            -0.7494332790374756,
            0.05113046243786812
        ],
        [
            0.1103595718741417,
            -0.7543145418167114,
            0.043029576539993286
        ],
        [
            0.10506792366504669,
            -0.7491669654846191,
            0.03995811566710472
        ],
        [
            0.09259282797574997,
            -0.7539353370666504,
            0.03221577778458595
        ],
        [
            0.08674860000610352,
            -0.7526683807373047,
            0.029778584837913513
        ],
        [
            0.09138590097427368,
            -0.7405727505683899,
            0.031955137848854065
        ],
        [
            0.09811938554048538,
            -0.7439878582954407,
            0.03520338237285614
        ],
        [
            0.09395571798086166,
            -0.7755595445632935,
            0.03018505498766899
        ],
        [
            0.09793947637081146,
            -0.7756654024124146,
            0.03286918252706528
        ],
        [
            0.0981091782450676,
            -0.7771674394607544,
            0.030570533126592636
        ],
        [
            0.09385978430509567,
            -0.7783395051956177,
            0.027536049485206604
        ],
        [
            0.10149781405925751,
            -0.7753715515136719,
            0.03452305868268013
        ],
        [
            0.10317733138799667,
            -0.7750460505485535,
            0.03517789766192436
        ],
        [
            0.10292530059814453,
            -0.7763859033584595,
            0.03402336686849594
        ],
        [
            0.10147802531719208,
            -0.776267945766449,
            0.033883314579725266
        ],
        [
            0.09946967661380768,
            -0.7758890986442566,
            0.033308714628219604
        ],
        [
            0.09854479879140854,
            -0.7739340662956238,
            0.03285903483629227
        ],
        [
            0.10059100389480591,
            -0.7745802402496338,
            0.033971626311540604
        ],
        [
            0.09494269639253616,
            -0.7731204032897949,
            0.030181434005498886
        ],
        [
            0.08186078816652298,
            -0.7709999084472656,
            0.02289823815226555
        ],
        [
            0.08602730929851532,
            -0.771283745765686,
            0.024156618863344193
        ],
        [
            0.08461929857730865,
            -0.7756080627441406,
            0.025005154311656952
        ],
        [
            0.08100175857543945,
            -0.7758383750915527,
            0.02392280101776123
        ],
        [
            0.10089916735887527,
            -0.7787519693374634,
            0.032341983169317245
        ],
        [
            0.10374030470848083,
            -0.779892086982727,
            0.03270748257637024
        ],
        [
            0.0997932180762291,
            -0.7826948165893555,
            0.029441174119710922
        ],
        [
            0.09865575283765793,
            -0.7799468040466309,
            0.03015066310763359
        ],
        [
            0.10653646290302277,
            -0.7818131446838379,
            0.032607562839984894
        ],
        [
            0.10521607100963593,
            -0.7775918245315552,
            0.034446150064468384
        ],
        [
            0.1080058366060257,
            -0.7785365581512451,
            0.035019490867853165
        ],
        [
            0.10264653712511063,
            -0.773297905921936,
            0.03511924669146538
        ],
        [
            0.10541574656963348,
            -0.7715511322021484,
            0.036436088383197784
        ],
        [
            0.10595332831144333,
            -0.7742035984992981,
            0.03540691360831261
        ],
        [
            0.1034180223941803,
            -0.7682861685752869,
            0.03601553663611412
        ],
        [
            0.10019092261791229,
            -0.7713833451271057,
            0.03412991389632225
        ],
        [
            0.09661449491977692,
            -0.7695611715316772,
            0.031537190079689026
        ],
        [
            0.09188666939735413,
            -0.7679674625396729,
            0.02832488715648651
        ],
        [
            0.09448298066854477,
            -0.7630212306976318,
            0.03119625151157379
        ],
        [
            0.09964144229888916,
            -0.7653179168701172,
            0.03396627679467201
        ],
        [
            0.10161198675632477,
            -0.7868009805679321,
            0.03004363551735878
        ],
        [
            0.11019179224967957,
            -0.773614227771759,
            0.03731466084718704
        ],
        [
            0.11358429491519928,
            -0.7801138162612915,
            0.037294652312994
        ],
        [
            0.11010931432247162,
            -0.7687651515007019,
            0.03840620815753937
        ],
        [
            0.1080574169754982,
            -0.7642259001731873,
            0.03880486264824867
        ],
        [
            0.10421444475650787,
            -0.7600815296173096,
            0.03762366622686386
        ],
        [
            0.09849635511636734,
            -0.7567569613456726,
            0.034918613731861115
        ],
        [
            0.0940149575471878,
            -0.7317384481430054,
            0.043296754360198975
        ],
        [
            0.10248172283172607,
            -0.7366371750831604,
            0.04630661383271217
        ],
        [
            0.10793378949165344,
            -0.8574005961418152,
            0.02735269069671631
        ],
        [
            0.11674119532108307,
            -0.8566327095031738,
            0.029458515346050262
        ],
        [
            0.11747805029153824,
            -0.848655104637146,
            0.034565649926662445
        ],
        [
            0.1197865903377533,
            -0.8506098985671997,
            0.03446975350379944
        ],
        [
            0.11381442844867706,
            -0.8524816036224365,
            0.03143994137644768
        ],
        [
            0.11319678276777267,
            -0.8498128652572632,
            0.03258632495999336
        ],
        [
            0.13190622627735138,
            -0.8412179350852966,
            0.04948382452130318
        ],
        [
            0.1267244666814804,
            -0.8431746959686279,
            0.04515454173088074
        ],
        [
            0.127008855342865,
            -0.8392461538314819,
            0.04679993540048599
        ],
        [
            0.13356545567512512,
            -0.8344597220420837,
            0.05029058828949928
        ],
        [
            0.1193922609090805,
            -0.831771969795227,
            0.03996279835700989
        ],
        [
            0.12374529242515564,
            -0.8328961133956909,
            0.04306638240814209
        ],
        [
            0.11990365386009216,
            -0.8397949934005737,
            0.04038558155298233
        ],
        [
            0.11661398410797119,
            -0.8389008045196533,
            0.03817819058895111
        ],
        [
            0.11287093162536621,
            -0.8384900093078613,
            0.03618524968624115
        ],
        [
            0.10850346833467484,
            -0.8383631706237793,
            0.03531016409397125
        ],
        [
            0.10889086127281189,
            -0.8330874443054199,
            0.03588438406586647
        ],
        [
            0.11408638954162598,
            -0.832167387008667,
            0.03744429349899292
        ],
        [
            0.10729609429836273,
            -0.8537387847900391,
            0.030546408146619797
        ],
        [
            0.09988673776388168,
            -0.8526413440704346,
            0.03117949888110161
        ],
        [
            0.10140806436538696,
            -0.8498522043228149,
            0.031904589384794235
        ],
        [
            0.10750238597393036,
            -0.8505585789680481,
            0.031101495027542114
        ],
        [
            0.09146183729171753,
            -0.8430368900299072,
            0.03705815598368645
        ],
        [
            0.09259279817342758,
            -0.8454958200454712,
            0.03599875420331955
        ],
        [
            0.0888887345790863,
            -0.8470011949539185,
            0.03509848564863205
        ],
        [
            0.08820842951536179,
            -0.8424385786056519,
            0.03589923679828644
        ],
        [
            0.090570829808712,
            -0.8395010232925415,
            0.0356241837143898
        ],
        [
            0.09276612102985382,
            -0.841443657875061,
            0.036520663648843765
        ],
        [
            0.1091213971376419,
            -0.9108011722564697,
            0.035884782671928406
        ],
        [
            0.10420499742031097,
            -0.8948976397514343,
            0.027099348604679108
        ],
        [
            0.12406942993402481,
            -0.9046826362609863,
            0.04765526205301285
        ],
        [
            0.13488903641700745,
            -0.893932044506073,
            0.05897734314203262
        ],
        [
            0.14258292317390442,
            -0.8803788423538208,
            0.06887345761060715
        ],
        [
            0.1288679838180542,
            -0.7784269452095032,
            0.05095884948968887
        ],
        [
            0.13047799468040466,
            -0.7693578004837036,
            0.057056210935115814
        ],
        [
            0.13892945647239685,
            -0.7764986753463745,
            0.06884296983480453
        ],
        [
            0.13701122999191284,
            -0.7660322189331055,
            0.07339581847190857
        ],
        [
            0.1286517083644867,
            -0.7588454484939575,
            0.06082482635974884
        ],
        [
            0.11493933200836182,
            -0.740010142326355,
            0.06405629217624664
        ],
        [
            0.12343547493219376,
            -0.7482874393463135,
            0.0631309375166893
        ],
        [
            0.13221584260463715,
            -0.7556313276290894,
            0.07888050377368927
        ],
        [
            0.14088213443756104,
            -0.7678788900375366,
            0.09361498057842255
        ],
        [
            0.14326322078704834,
            -0.7757700681686401,
            0.08578306436538696
        ],
        [
            0.14563313126564026,
            -0.7834789752960205,
            0.10590530931949615
        ],
        [
            0.13618691265583038,
            -0.7592437863349915,
            0.10502592474222183
        ],
        [
            0.14291921257972717,
            -0.7822564840316772,
            0.11464183777570724
        ],
        [
            0.12046551704406738,
            -0.7236953377723694,
            0.10037405788898468
        ],
        [
            0.12237989902496338,
            -0.7120643258094788,
            0.10297926515340805
        ],
        [
            0.13357049226760864,
            -0.717607855796814,
            0.11642656475305557
        ],
        [
            0.13231265544891357,
            -0.7294795513153076,
            0.11321757733821869
        ],
        [
            0.14407335221767426,
            -0.7840613722801208,
            0.07816588878631592
        ],
        [
            0.1456216722726822,
            -0.8478901386260986,
            0.07074746489524841
        ],
        [
            0.1416095793247223,
            -0.8480243682861328,
            0.059719838201999664
        ],
        [
            0.14793306589126587,
            -0.8352862000465393,
            0.07403864711523056
        ],
        [
            0.14705312252044678,
            -0.9080199599266052,
            0.09197567403316498
        ],
        [
            0.139238178730011,
            -0.9028321504592896,
            0.07521123439073563
        ],
        [
            0.14758852124214172,
            -0.8878973722457886,
            0.08129595220088959
        ],
        [
            0.15218155086040497,
            -0.8944982290267944,
            0.09678076952695847
        ],
        [
            0.11914446949958801,
            -0.9431226849555969,
            0.08310449123382568
        ],
        [
            0.1152927428483963,
            -0.9298128485679626,
            0.05838153511285782
        ],
        [
            0.12644614279270172,
            -0.9184410572052002,
            0.06630419939756393
        ],
        [
            0.1328447014093399,
            -0.9289071559906006,
            0.08601175993680954
        ],
        [
            0.15503616631031036,
            -0.8951711654663086,
            0.10986389964818954
        ],
        [
            0.15701234340667725,
            -0.8962796926498413,
            0.12905627489089966
        ],
        [
            0.15273112058639526,
            -0.9118762016296387,
            0.13597115874290466
        ],
        [
            0.14989957213401794,
            -0.9129739999771118,
            0.1128913164138794
        ],
        [
            0.14089247584342957,
            -0.9321163892745972,
            0.14321796596050262
        ],
        [
            0.13825857639312744,
            -0.9338776469230652,
            0.11529384553432465
        ],
        [
            0.14004601538181305,
            -0.7675323486328125,
            0.12475322186946869
        ],
        [
            0.1427835077047348,
            -0.7870413064956665,
            0.12776781618595123
        ],
        [
            0.1312551200389862,
            -0.7434133291244507,
            0.10797631740570068
        ],
        [
            0.13820922374725342,
            -0.75046706199646,
            0.12411859631538391
        ],
        [
            0.12352520227432251,
            -0.9465827941894531,
            0.14791356027126312
        ],
        [
            0.12049173563718796,
            -0.9500737190246582,
            0.11605429649353027
        ],
        [
            0.14753156900405884,
            -0.8746866583824158,
            0.1779778003692627
        ],
        [
            0.15061885118484497,
            -0.8917316794395447,
            0.17008736729621887
        ],
        [
            0.15587733685970306,
            -0.8792695999145508,
            0.15388470888137817
        ],
        [
            0.1534692794084549,
            -0.8651953935623169,
            0.1627562940120697
        ],
        [
            0.1381276249885559,
            -0.8832558393478394,
            0.19482479989528656
        ],
        [
