{
    "pred_cam": [
        1.8079414367675781,
        -0.028263648971915245,
        0.597261905670166
    ],
    "pred_smpl_params": {
        "global_orient": [
            [
                [
                    0.9601175785064697,
                    0.25607630610466003,
                    -0.11224616318941116
                ],
                [
                    0.16522860527038574,
                    -0.8435131311416626,
                    -0.511062741279602
                ],
                [
                    -0.22555215656757355,
                    0.4721340239048004,
                    -0.852182924747467
                ]
            ]
        ],
        "body_pose": [
            [
                [
                    0.9995287656784058,
                    -0.019773824140429497,
                    -0.02348358742892742
                ],
                [
                    0.029811210930347443,
                    0.8078778982162476,
                    0.588595449924469
                ],
                [
                    0.007333095651119947,
                    -0.5890180468559265,
                    0.8080866932868958
                ]
            ],
            [
                [
                    0.9932656288146973,
                    0.10094918310642242,
                    0.05685647204518318
                ],
                [
                    -0.11541540920734406,
                    0.8192033171653748,
                    0.5617697834968567
                ],
                [
                    0.010133197531104088,
                    -0.5645487308502197,
                    0.8253375887870789
                ]
            ],
            [
                [
                    0.9999821186065674,
                    0.0047701685689389706,
                    -0.0036196019500494003
                ],
                [
                    -0.00583802442997694,
                    0.911094605922699,
                    -0.4121558368206024
                ],
                [
                    0.0013317454140633345,
                    0.41216954588890076,
                    0.9111061692237854
                ]
            ],
            [
                [
                    0.9820562601089478,
                    0.10560034215450287,
                    -0.15625019371509552
                ],
                [
                    -0.1459861695766449,
                    -0.09882861375808716,
                    -0.9843378663063049
                ],
                [
                    -0.1193883940577507,
                    0.989485502243042,
                    -0.08163906633853912
                ]
            ],
            [
                [
                    0.9774108529090881,
                    -0.09983865171670914,
                    0.18627989292144775
                ],
                [
                    0.1810615211725235,
                    -0.05908163636922836,
                    -0.9816955327987671
                ],
                [
                    0.10901689529418945,
                    0.9932480454444885,
                    -0.03967009484767914
                ]
            ],
            [
                [
                    0.9987438321113586,
                    -0.05010535195469856,
                    -0.0004811170801986009
                ],
                [
                    0.05007020756602287,
                    0.9975799918174744,
                    0.04823974519968033
                ],
                [
                    -0.0019371168455109,
                    -0.0482032373547554,
                    0.9988356232643127
                ]
            ],
            [
                [
                    0.9358195066452026,
                    -0.13660897314548492,
                    0.3249305486679077
                ],
                [
                    0.028240270912647247,
                    0.9479371905326843,
                    0.3172028660774231
                ],
                [
                    -0.351346492767334,
                    -0.28766849637031555,
                    0.8909559845924377
                ]
            ],
            [
                [
                    0.9430330395698547,
                    0.05751253291964531,
                    -0.327690452337265
                ],
                [
                    0.02158321626484394,
                    0.9722949266433716,
                    0.2327588051557541
                ],
                [
                    0.331998348236084,
                    -0.22657184302806854,
                    0.9156649112701416
                ]
            ],
            [
                [
                    0.9995459914207458,
                    -0.02667505480349064,
                    -0.014007610268890858
                ],
                [
                    0.0267141405493021,
                    0.9996396899223328,
                    0.002610523719340563
                ],
                [
                    0.013932927511632442,
                    -0.002983539830893278,
                    0.9998984336853027
                ]
            ],
            [
                [
                    0.9942867159843445,
                    -0.0803506150841713,
                    -0.07026910036802292
                ],
                [
                    0.08698287606239319,
                    0.9914697408676147,
                    0.09706558287143707
                ],
                [
                    0.061870407313108444,
                    -0.10262322425842285,
                    0.9927943348884583
                ]
            ],
            [
                [
                    0.9935882687568665,
                    0.07511921226978302,
                    0.08449473232030869
                ],
                [
                    -0.0891917496919632,
                    0.9800708293914795,
                    0.17749910056591034
                ],
                [
                    -0.06947723776102066,
                    -0.18389727175235748,
                    0.9804868698120117
                ]
            ],
            [
                [
                    0.9942044019699097,
                    -0.053930673748254776,
                    0.09300099313259125
                ],
                [
                    0.06615155935287476,
                    0.9888010025024414,
                    -0.13377778232097626
                ],
                [
                    -0.08474475145339966,
                    0.1391545981168747,
                    0.9866378903388977
                ]
            ],
            [
                [
                    0.8870083093643188,
                    -0.07619024813175201,
                    -0.45542430877685547
                ],
                [
                    0.18711236119270325,
                    0.960995078086853,
                    0.20366013050079346
                ],
                [
                    0.4221435785293579,
                    -0.2658637464046478,
                    0.8666667342185974
                ]
            ],
            [
                [
                    0.9322461485862732,
                    0.04675363004207611,
                    0.3587912321090698
                ],
                [
                    -0.1181688979268074,
                    0.9765833616256714,
                    0.17978054285049438
                ],
                [
                    -0.3419841527938843,
                    -0.20999769866466522,
                    0.9159408807754517
                ]
            ],
            [
                [
                    0.9969365000724792,
                    -0.04727201536297798,
                    0.06231328472495079
                ],
                [
                    0.05656399205327034,
                    0.9859821796417236,
                    -0.15697047114372253
                ],
                [
                    -0.05401947349309921,
                    0.1600142866373062,
                    0.98563551902771
                ]
            ],
            [
                [
                    0.8091458082199097,
                    0.11199423670768738,
                    -0.5768365263938904
                ],
                [
                    0.11437971889972687,
                    0.9328728914260864,
                    0.3415633738040924
                ],
                [
                    0.5763682126998901,
                    -0.342352956533432,
                    0.742020308971405
                ]
            ],
            [
                [
                    0.9253490567207336,
                    -0.12981322407722473,
                    0.35619881749153137
                ],
                [
                    0.016954271122813225,
                    0.9527802467346191,
                    0.3031870126724243
                ],
                [
                    -0.3787368834018707,
                    -0.27451473474502563,
                    0.8838551640510559
                ]
            ],
            [
                [
                    0.19306975603103638,
                    -0.1628561168909073,
                    -0.9675753116607666
                ],
                [
                    0.5091702342033386,
                    0.8595868945121765,
                    -0.043080516159534454
                ],
                [
                    0.8387311100959778,
                    -0.4843429625034332,
                    0.2488817274570465
                ]
            ],
            [
                [
                    0.23893201351165771,
                    0.2337571233510971,
                    0.9424803256988525
                ],
                [
                    -0.5606008768081665,
                    0.8257109522819519,
                    -0.06267539411783218
                ],
                [
                    -0.7928670644760132,
                    -0.5133800506591797,
                    0.3283332288265228
                ]
            ],
            [
                [
                    0.9788060784339905,
                    -0.1968098282814026,
                    -0.05660891905426979
                ],
                [
                    0.1809963434934616,
                    0.9606986045837402,
                    -0.2104722559452057
                ],
                [
                    0.09580711275339127,
                    0.19576551020145416,
                    0.9759594798088074
                ]
            ],
            [
                [
                    0.9851701855659485,
                    0.1680401861667633,
                    0.03467213362455368
                ],
                [
                    -0.16190952062606812,
                    0.9773487448692322,
                    -0.13628898561000824
                ],
                [
                    -0.05678879842162132,
                    0.1286541074514389,
                    0.9900621771812439
                ]
            ],
            [
                [
                    0.9954310655593872,
                    0.08412733674049377,
                    -0.04516170918941498
                ],
                [
                    -0.08524426072835922,
                    0.9960852265357971,
                    -0.02339988201856613
                ],
                [
                    0.04301634430885315,
                    0.02714274637401104,
                    0.9987055659294128
                ]
            ],
            [
                [
                    0.9954192042350769,
                    -0.09254182130098343,
                    0.02401570975780487
                ],
                [
                    0.09221401810646057,
                    0.9956348538398743,
                    0.01441708393394947
                ],
                [
                    -0.0252450592815876,
                    -0.012136454693973064,
                    0.9996076822280884
                ]
            ]
        ],
        "betas": [
            -0.0003914386034011841,
            -0.08883416652679443,
            -0.17000062763690948,
            -0.048108816146850586,
            0.08517193794250488,
            -0.06558182090520859,
            -0.06428351998329163,
            -0.00303572416305542,
            0.051074981689453125,
            -0.020941555500030518
        ]
    },
    "pred_cam_t": [
        -0.028263648971915245,
        0.597261905670166,
        21.60606575012207
    ],
    "focal_length": [
        5000.0,
        5000.0
    ],
    "pred_keypoints_3d": [
        [
            0.0828811526298523,
            -0.8022302389144897,
            0.011521674692630768
        ],
        [
            0.0957990288734436,
            -0.6896103024482727,
            0.16717395186424255
        ],
        [
            -0.08110827952623367,
            -0.6568126678466797,
            0.1781965047121048
        ],
        [
            -0.3040788769721985,
            -0.7219987511634827,
            0.0715918019413948
        ],
        [
            -0.24189957976341248,
            -0.9565122127532959,
            -0.009730115532875061
        ],
        [
            0.2422240972518921,
            -0.6334868669509888,
            0.09159934520721436
        ],
        [
            0.3407413363456726,
            -0.7321039438247681,
            -0.13003592193126678
        ],
        [
            0.23108917474746704,
            -0.9548859000205994,
            -0.10223263502120972
        ],
        [
            -0.0017295796424150467,
            -0.22244735062122345,
            0.028680671006441116
        ],
        [
            -0.08973026275634766,
            -0.1553364396095276,
            0.0049062129110097885
        ],
        [
            -0.26710355281829834,
            -0.009731069207191467,
            -0.3027236759662628
        ],
        [
            -0.23985645174980164,
            0.3234051465988159,
            -0.08204770088195801
        ],
        [
            0.042754217982292175,
            -0.13053485751152039,
            -0.024484921246767044
        ],
        [
            -0.019720133394002914,
            0.022193655371665955,
            -0.36240270733833313
        ],
        [
            -0.059622619301080704,
            0.3377215266227722,
            -0.11955444514751434
        ],
        [
            0.05195523053407669,
            -0.8404120802879333,
            0.047798287123441696
        ],
        [
            0.11852432787418365,
            -0.8419475555419922,
            0.04091060534119606
        ],
        [
            0.019063279032707214,
            -0.8238576650619507,
            0.1477876454591751
        ],
        [
            0.16634240746498108,
            -0.8283249139785767,
            0.13060185313224792
        ],
        [
            -0.07869279384613037,
            0.4299315810203552,
            -0.29406648874282837
        ],
        [
            -0.009703218936920166,
            0.43303197622299194,
            -0.24851681292057037
        ],
        [
            -0.045282017439603806,
            0.35371243953704834,
            -0.05264866352081299
        ],
        [
            -0.32483619451522827,
            0.40817689895629883,
            -0.23818323016166687
        ],
        [
            -0.3694227635860443,
            0.39071202278137207,
            -0.16686299443244934
        ],
        [
            -0.22312530875205994,
            0.3529244065284729,
            -0.014378726482391357
        ],
        [
            -0.251108318567276,
            0.26598066091537476,
            -0.07239562273025513
        ],
        [
            -0.24953609704971313,
            -0.040098853409290314,
            -0.273410826921463
        ],
        [
            -0.13575273752212524,
            -0.2593633234500885,
            0.09376191347837448
        ],
        [
            0.15194369852542877,
            -0.19153639674186707,
            0.03134313225746155
        ],
        [
            0.0003836792893707752,
            0.005611773580312729,
            -0.3443091809749603
        ],
        [
            -0.039367999881505966,
            0.2982527017593384,
            -0.11534640192985535
        ],
        [
            -0.21411482989788055,
            -0.9363048076629639,
            0.0046093277633190155
        ],
        [
            -0.29127639532089233,
            -0.7460405826568604,
            0.09873060882091522
        ],
        [
            -0.04835270717740059,
            -0.6750264167785645,
            0.1869288682937622
        ],
        [
            0.23175930976867676,
            -0.6544891595840454,
            0.11754397302865982
        ],
        [
            0.3481552004814148,
            -0.7524070143699646,
            -0.09095683693885803
        ],
        [
            0.2365507334470749,
            -0.9448972940444946,
            -0.08287126570940018
        ],
        [
            0.09989145398139954,
            -0.6890741586685181,
            0.1679331362247467
        ],
        [
            0.09466242790222168,
            -0.8790313005447388,
            0.12323477864265442
        ],
        [
            0.008192237466573715,
            -0.22549402713775635,
            0.06281180679798126
        ],
        [
            0.09040598571300507,
            -0.6559814214706421,
            0.1503181904554367
        ],
        [
            0.058264005929231644,
            -0.4556426405906677,
            0.1304337978363037
        ],
        [
            0.09657333791255951,
            -0.7719765305519104,
            0.08641078323125839
        ],
        [
            0.09048923850059509,
            -0.8976660966873169,
            0.1328841894865036
        ]
    ],
    "pred_vertices": [
        [
            0.1290481835603714,
            -0.8882017731666565,
            0.03978468477725983
        ],
        [
            0.12285978347063065,
            -0.8743057250976562,
            0.03413774073123932
        ],
        [
            0.13481666147708893,
            -0.871136486530304,
            0.04143929481506348
        ],
        [
            0.14067798852920532,
            -0.8809804320335388,
            0.050624482333660126
        ],
        [
            0.13058249652385712,
            -0.8619436621665955,
            0.035856567323207855
        ],
        [
            0.11985008418560028,
            -0.8634894490242004,
            0.030490994453430176
        ],
        [
            0.14268971979618073,
            -0.8645216226577759,
            0.05088941752910614
        ],
        [
            0.14811000227928162,
            -0.8715712428092957,
            0.06178540736436844
        ],
        [
            0.15055151283740997,
            -0.8275867104530334,
            0.06103312969207764
        ],
        [
            0.15498949587345123,
            -0.8222749829292297,
            0.07032308727502823
        ],
        [
            0.15424270927906036,
            -0.834996223449707,
            0.06859079003334045
        ],
        [
            0.14844083786010742,
            -0.8368779420852661,
            0.06042623519897461
        ],
        [
            0.14921212196350098,
            -0.8019102811813354,
            0.06394587457180023
        ],
        [
            0.14234748482704163,
            -0.7930447459220886,
            0.055829599499702454
        ],
        [
            0.14545485377311707,
            -0.78351891040802,
            0.06509502232074738
        ],
        [
            0.15123695135116577,
            -0.7918616533279419,
            0.07412422448396683
        ],
        [
            0.10828795284032822,
            -0.8080308437347412,
            0.0357540138065815
        ],
        [
            0.1137256920337677,
            -0.8013194799423218,
            0.036075156182050705
        ],
        [
            0.11766330152750015,
            -0.8079544305801392,
            0.03668441250920296
        ],
        [
            0.11142344027757645,
            -0.8138210773468018,
            0.036728017032146454
        ],
        [
            0.09818744659423828,
            -0.8181021213531494,
            0.030687231570482254
        ],
        [
            0.09935429692268372,
            -0.823444128036499,
            0.034180812537670135
        ],
        [
            0.09418392181396484,
            -0.8275376558303833,
            0.029531825333833694
        ],
        [
            0.09367210417985916,
            -0.8215059041976929,
            0.025036770850419998
        ],
        [
            0.10304117947816849,
            -0.8027318716049194,
            0.03561008349061012
        ],
        [
            0.10876815021038055,
            -0.7958673238754272,
            0.036747485399246216
        ],
        [
            0.10340729355812073,
            -0.8136568069458008,
            0.03491111844778061
        ],
        [
            0.101189523935318,
            -0.8095607757568359,
            0.03244193643331528
        ],
        [
            0.09716929495334625,
            -0.8040533661842346,
            0.022312797605991364
        ],
        [
            0.09891527146100998,
            -0.8087266683578491,
            0.023775789886713028
        ],
        [
            0.09497730433940887,
            -0.8101205825805664,
            0.01712712273001671
        ],
        [
            0.09370552003383636,
            -0.8044250011444092,
            0.017820443958044052
        ],
        [
            0.10082831233739853,
            -0.8030447363853455,
            0.03101356327533722
        ],
        [
            0.10117869824171066,
            -0.8060848712921143,
            0.02838756889104843
        ],
        [
            0.09834829717874527,
            -0.8025314807891846,
            0.026186365634202957
        ],
        [
            0.0972248837351799,
            -0.8002102375030518,
            0.029339410364627838
        ],
        [
            0.09748076647520065,
            -0.8142209053039551,
            0.027669254690408707
        ],
        [
            0.09390269964933395,
            -0.8163325786590576,
            0.021063584834337234
        ],
        [
            0.08942984789609909,
            -0.8181251287460327,
            0.014337681233882904
        ],
        [
            0.09010405093431473,
            -0.8099280595779419,
            0.010682202875614166
        ],
        [
            0.1248871237039566,
            -0.7873997092247009,
            0.0415852852165699
        ],
        [
            0.11982283741235733,
            -0.7946110963821411,
            0.03771437704563141
        ],
        [
            0.11472748965024948,
            -0.7896933555603027,
            0.03768806532025337
        ],
        [
            0.11962080001831055,
            -0.7839360237121582,
            0.04012669622898102
        ],
        [
            0.09882720559835434,
            -0.7967458963394165,
            0.03251327946782112
        ],
        [
            0.1023779883980751,
            -0.7808517217636108,
            0.03212733939290047
        ],
        [
            0.10269293934106827,
            -0.7846046090126038,
            0.031850915402173996
        ],
        [
            0.09639864414930344,
            -0.7856592535972595,
            0.028369415551424026
        ],
        [
            0.09678956121206284,
            -0.78212571144104,
            0.02877034991979599
        ],
        [
            0.13041675090789795,
            -0.7726097106933594,
            0.049770042300224304
        ],
        [
            0.12458495795726776,
            -0.771632194519043,
            0.045494791120290756
        ],
        [
            0.12515823543071747,
            -0.7645490765571594,
            0.04804406315088272
        ],
        [
            0.1303700953722,
            -0.7641090750694275,
            0.05346919968724251
        ],
        [
            0.12270602583885193,
            -0.7587161660194397,
            0.04921245947480202
        ],
        [
            0.12905827164649963,
            -0.7560536861419678,
            0.05664319172501564
        ],
        [
            0.11995361745357513,
            -0.741826057434082,
            0.05691327527165413
        ],
        [
            0.12460511922836304,
            -0.7480207681655884,
            0.05690678209066391
        ],
        [
            0.11882642656564713,
            -0.7530121803283691,
            0.0488954596221447
        ],
        [
            0.11339832842350006,
            -0.7479622960090637,
            0.045893486589193344
        ],
        [
            0.10101106017827988,
            -0.7529720067977905,
            0.03833835572004318
        ],
        [
            0.09510964900255203,
            -0.7517905235290527,
            0.03599005565047264
        ],
        [
            0.09959133714437485,
            -0.7396405935287476,
            0.03804710879921913
        ],
        [
            0.10630704462528229,
            -0.7429028153419495,
            0.04122062027454376
        ],
        [
            0.10268877446651459,
            -0.7745367288589478,
            0.0363212414085865
        ],
        [
            0.1067110225558281,
            -0.7745850086212158,
            0.03896334394812584
        ],
        [
            0.10688190907239914,
            -0.7760874629020691,
            0.03665444999933243
        ],
        [
            0.10262145847082138,
            -0.7773304581642151,
            0.03367049619555473
        ],
        [
            0.11028307676315308,
            -0.7742427587509155,
            0.04057275503873825
        ],
        [
            0.11196873337030411,
            -0.7738895416259766,
            0.04120275378227234
        ],
        [
            0.11172450333833694,
            -0.775230884552002,
            0.04004979506134987
        ],
        [
            0.11027762293815613,
            -0.7751260995864868,
            0.03993665426969528
        ],
        [
            0.10825149714946747,
            -0.7747805118560791,
            0.03939330205321312
        ],
        [
            0.10728026926517487,
            -0.7728396058082581,
            0.03895892947912216
        ],
        [
            0.10935113579034805,
            -0.773464560508728,
            0.04003635421395302
        ],
        [
            0.10363337397575378,
            -0.7720857858657837,
            0.03631982579827309
        ],
        [
            0.09043820947408676,
            -0.7700991630554199,
            0.029164191335439682
        ],
        [
            0.09461429715156555,
            -0.7703961133956909,
            0.030389316380023956
        ],
        [
            0.09329081326723099,
            -0.7747390866279602,
            0.031263940036296844
        ],
        [
            0.08966362476348877,
            -0.7749342918395996,
            0.030215617269277573
        ],
        [
            0.10972975194454193,
            -0.7775447368621826,
            0.03838686645030975
        ],
        [
            0.11256895214319229,
            -0.7787118554115295,
            0.03872411325573921
        ],
        [
            0.10862765461206436,
            -0.7815722227096558,
            0.03552182763814926
        ],
        [
            0.10745636373758316,
            -0.77884840965271,
            0.036233089864254
        ],
        [
            0.11538500338792801,
            -0.7805784344673157,
            0.0386006161570549
        ],
        [
            0.11403763294219971,
            -0.7763948440551758,
            0.040451712906360626
        ],
        [
            0.11684385687112808,
            -0.7772288918495178,
            0.040960829704999924
        ],
        [
            0.111399345099926,
            -0.7721542119979858,
            0.04115797579288483
        ],
        [
            0.11415298283100128,
            -0.7703628540039062,
            0.042433712631464005
        ],
        [
            0.11472617089748383,
            -0.7730066180229187,
            0.04139666631817818
        ],
        [
            0.11209381371736526,
            -0.7671311497688293,
            0.04203591123223305
        ],
        [
            0.10889171808958054,
            -0.7702775597572327,
            0.04020167142152786
        ],
        [
            0.105253204703331,
            -0.7685124278068542,
            0.037641741335392
        ],
        [
            0.10047297924757004,
            -0.7669919729232788,
            0.03447098284959793
        ],
        [
            0.10302460193634033,
            -0.7620106339454651,
            0.03729945793747902
        ],
        [
            0.10824370384216309,
            -0.7642230987548828,
            0.04001826420426369
        ],
        [
            0.11052206158638,
            -0.7855807542800903,
            0.036100082099437714
        ],
        [
            0.11898091435432434,
            -0.7723406553268433,
            0.043225809931755066
        ],
        [
            0.12246643006801605,
            -0.7787704467773438,
            0.043160442262887955
        ],
        [
            0.1188286691904068,
            -0.7674939632415771,
            0.04431452974677086
        ],
        [
            0.11670242995023727,
            -0.7629894018173218,
            0.044738490134477615
        ],
        [
            0.11268541216850281,
            -0.7588826417922974,
            0.04359835386276245
        ],
        [
            0.10698435455560684,
            -0.7556856870651245,
            0.04095759242773056
        ],
        [
            0.10224990546703339,
            -0.7307348251342773,
            0.049288779497146606
        ],
        [
            0.11073096096515656,
            -0.7354689836502075,
            0.05221185088157654
        ],
        [
            0.11784859746694565,
            -0.8560235500335693,
            0.033408161252737045
        ],
        [
            0.12666435539722443,
            -0.8550949692726135,
            0.03538375347852707
        ],
        [
            0.12734267115592957,
            -0.8471267223358154,
            0.040482841432094574
        ],
        [
            0.1296587586402893,
            -0.8491306304931641,
            0.040371980518102646
        ],
        [
            0.12370224297046661,
            -0.8509982824325562,
            0.037407953292131424
        ],
        [
            0.1230640560388565,
            -0.8483560085296631,
            0.03855240345001221
        ],
        [
            0.1418645679950714,
            -0.8394168615341187,
            0.05518389120697975
        ],
        [
            0.13665664196014404,
            -0.8414597511291504,
            0.0509306862950325
        ],
        [
            0.13690178096294403,
            -0.8375437259674072,
            0.052574578672647476
        ],
        [
            0.14344343543052673,
            -0.8326705694198608,
            0.055958379060029984
        ],
        [
            0.12908989191055298,
            -0.8302056789398193,
            0.04583270102739334
        ],
        [
            0.1334841549396515,
            -0.8312606811523438,
            0.0488811619579792
        ],
        [
            0.12970374524593353,
            -0.838201642036438,
            0.04627559706568718
        ],
        [
            0.12638406455516815,
            -0.8373653888702393,
            0.04411385580897331
        ],
        [
            0.12260259687900543,
            -0.8370048403739929,
            0.0421777106821537
        ],
        [
            0.11822278052568436,
            -0.8369608521461487,
            0.04134352505207062
        ],
        [
            0.11855046451091766,
            -0.8316668272018433,
            0.04190456494688988
        ],
        [
            0.12375158071517944,
            -0.8306647539138794,
            0.043398238718509674
        ],
        [
            0.11717456579208374,
            -0.8523260354995728,
            0.036620527505874634
        ],
        [
            0.10976105183362961,
            -0.8513844013214111,
            0.03734954074025154
        ],
        [
            0.11124330759048462,
            -0.8485220670700073,
            0.03804270923137665
        ],
        [
            0.11734964698553085,
            -0.8491530418395996,
            0.03715953603386879
        ],
        [
            0.1012883111834526,
            -0.8418868184089661,
            0.043347764760255814
        ],
        [
            0.10244297981262207,
            -0.8443276882171631,
            0.042268380522727966
        ],
        [
            0.09875570982694626,
            -0.8459030389785767,
            0.0414297878742218
        ],
        [
            0.09801649302244186,
            -0.8413504362106323,
            0.04223889112472534
        ],
        [
            0.10033421963453293,
            -0.8383704423904419,
            0.04193524271249771
        ],
        [
            0.10257197171449661,
            -0.840275764465332,
            0.0427950881421566
        ],
        [
            0.11987359076738358,
            -0.9093822836875916,
            0.04204510152339935
        ],
        [
            0.11466893553733826,
            -0.893487811088562,
            0.033337466418743134
        ],
        [
            0.1349877566099167,
            -0.9029869437217712,
            0.05358032137155533
        ],
        [
            0.1457868367433548,
            -0.8920581340789795,
            0.06473469734191895
        ],
        [
            0.1534149944782257,
            -0.8784397840499878,
            0.07445719093084335
        ],
        [
            0.13789395987987518,
            -0.7768110036849976,
            0.0565963052213192
        ],
        [
            0.13945265114307404,
            -0.7677011489868164,
            0.06263843178749084
        ],
        [
            0.1481245458126068,
            -0.774647057056427,
            0.07433053851127625
        ],
        [
            0.14611798524856567,
            -0.7642127275466919,
            0.07888650894165039
        ],
        [
            0.1374950110912323,
            -0.7571917176246643,
            0.06642574071884155
        ],
        [
            0.12357115745544434,
            -0.7385514378547668,
            0.06977535039186478
        ],
        [
            0.1321650594472885,
            -0.7467171549797058,
            0.06877973675727844
        ],
        [
            0.14126837253570557,
            -0.7538849115371704,
            0.0844087302684784
        ],
        [
            0.15031304955482483,
            -0.7659350633621216,
            0.09904786944389343
        ],
        [
            0.15266633033752441,
            -0.7737411260604858,
            0.09117615222930908
        ],
        [
            0.15547820925712585,
            -0.7814064025878906,
            0.11130861937999725
        ],
        [
            0.14573204517364502,
            -0.7573535442352295,
            0.11047923564910889
        ],
        [
            0.1528896689414978,
            -0.7801842093467712,
            0.12006114423274994
        ],
        [
            0.1296139359474182,
            -0.7221079468727112,
            0.10580868273973465
        ],
        [
            0.13145454227924347,
            -0.710540771484375,
            0.10828786343336105
        ],
        [
            0.14290271699428558,
            -0.7158893942832947,
            0.12163467705249786
        ],
        [
            0.14171376824378967,
            -0.7277368307113647,
            0.11853509396314621
        ],
        [
            0.15353479981422424,
            -0.7820931673049927,
            0.08359125256538391
        ],
        [
            0.1559959352016449,
            -0.8459001779556274,
            0.0762844830751419
        ],
        [
            0.15177851915359497,
            -0.8460574150085449,
            0.06530772149562836
        ],
        [
            0.15809985995292664,
            -0.8331655263900757,
            0.07949549704790115
        ],
        [
            0.1588018238544464,
            -0.905983030796051,
            0.09754117578268051
        ],
        [
            0.15062913298606873,
            -0.9009568095207214,
            0.0808243528008461
        ],
        [
            0.15880021452903748,
            -0.8858251571655273,
            0.08676691353321075
        ],
        [
            0.16372601687908173,
            -0.8923096656799316,
            0.10223253071308136
        ],
        [
            0.1311720609664917,
            -0.9414733648300171,
            0.08913279324769974
        ],
        [
            0.12673044204711914,
            -0.928266167640686,
            0.06446841359138489
        ],
        [
            0.13791914284229279,
            -0.916693925857544,
            0.07217828929424286
        ],
        [
            0.14471998810768127,
            -0.9270311594009399,
            0.09182225912809372
        ],
        [
            0.16678333282470703,
            -0.8929342031478882,
            0.11528568714857101
        ],
        [
            0.16900891065597534,
            -0.893936038017273,
            0.13445506989955902
        ],
        [
            0.1650702953338623,
            -0.9096256494522095,
            0.14148886501789093
        ],
        [
            0.16198256611824036,
            -0.9107910394668579,
            0.11844363808631897
        ],
        [
            0.15362301468849182,
            -0.930084228515625,
            0.14894911646842957
        ],
        [
            0.15051329135894775,
            -0.9318784475326538,
            0.12106297165155411
        ],
        [
            0.15000224113464355,
            -0.7655322551727295,
            0.13019180297851562
        ],
        [
            0.15308910608291626,
            -0.7849180698394775,
            0.13321179151535034
        ],
        [
            0.14072659611701965,
            -0.741645097732544,
            0.11340377479791641
        ],
        [
            0.1480121910572052,
            -0.74855637550354,
            0.129489928483963
        ],
        [
            0.13644461333751678,
            -0.9448163509368896,
            0.1540023237466812
        ],
        [
            0.133045956492424,
            -0.948400616645813,
            0.12208914011716843
        ],
        [
            0.1599321812391281,
            -0.8722697496414185,
            0.18357330560684204
        ],
        [
            0.16307637095451355,
            -0.88933265209198,
            0.17567995190620422
        ],
        [
            0.16794118285179138,
            -0.8768307566642761,
            0.1593199521303177
        ],
        [
            0.16546732187271118,
            -0.8627228736877441,
            0.16820847988128662
        ],
        [
            0.15088777244091034,
            -0.8809722661972046,
            0.20052774250507355
        ],
        [
            0.15292125940322876,
            -0.9021097421646118,
