{
    "pred_cam": [
        1.817679762840271,
        -0.032855622470378876,
        0.5989377498626709
    ],
    "pred_smpl_params": {
        "global_orient": [
            [
                [
                    0.9603664875030518,
                    0.2576257288455963,
                    -0.10641997307538986
                ],
                [
                    0.17265360057353973,
                    -0.8495275974273682,
                    -0.4984912872314453
                ],
                [
                    -0.2188308835029602,
                    0.4603605270385742,
                    -0.8603378534317017
                ]
            ]
        ],
        "body_pose": [
            [
                [
                    0.9964107275009155,
                    -0.07946637272834778,
                    -0.029167987406253815
                ],
                [
                    0.08079059422016144,
                    0.7898805141448975,
                    0.6079158782958984
                ],
                [
                    -0.025269640609622,
                    -0.6080904006958008,
                    0.7934655547142029
                ]
            ],
            [
                [
                    0.9884910583496094,
                    0.1411820948123932,
                    0.054341625422239304
                ],
                [
                    -0.14698262512683868,
                    0.8113107681274414,
                    0.565836489200592
                ],
                [
                    0.03579802066087723,
                    -0.5673115849494934,
                    0.8227247595787048
                ]
            ],
            [
                [
                    0.9999256730079651,
                    0.011670641601085663,
                    -0.0035078157670795918
                ],
                [
                    -0.01208390761166811,
                    0.9122965931892395,
                    -0.4093516767024994
                ],
                [
                    -0.0015772252809256315,
                    0.40936368703842163,
                    0.9123697876930237
                ]
            ],
            [
                [
                    0.9803673624992371,
                    0.10459292680025101,
                    -0.16715316474437714
                ],
                [
                    -0.15275375545024872,
                    -0.13318125903606415,
                    -0.9792491793632507
                ],
                [
                    -0.12468421459197998,
                    0.9855571985244751,
                    -0.11458959430456161
                ]
            ],
            [
                [
                    0.9762089252471924,
                    -0.10069695860147476,
                    0.1920318305492401
                ],
                [
                    0.1845744252204895,
                    -0.07885776460170746,
                    -0.9796497821807861
                ],
                [
                    0.11379099637269974,
                    0.9917870759963989,
                    -0.05839557200670242
                ]
            ],
            [
                [
                    0.9988205432891846,
                    -0.048354316502809525,
                    -0.0044066994450986385
                ],
                [
                    0.04851239174604416,
                    0.99761962890625,
                    0.04900653287768364
                ],
                [
                    0.002026532543823123,
                    -0.04916250705718994,
                    0.9987887740135193
                ]
            ],
            [
                [
                    0.9357903599739075,
                    -0.13302627205848694,
                    0.32649704813957214
                ],
                [
                    0.022946679964661598,
                    0.947101354598999,
                    0.3201133608818054
                ],
                [
                    -0.3518092632293701,
                    -0.2920670211315155,
                    0.8893408179283142
                ]
            ],
            [
                [
                    0.9433082342147827,
                    0.056462448090314865,
                    -0.3270803689956665
                ],
                [
                    0.025431890040636063,
                    0.9702332615852356,
                    0.2408333569765091
                ],
                [
                    0.3309422731399536,
                    -0.2354983538389206,
                    0.9137930870056152
                ]
            ],
            [
                [
                    0.9994983077049255,
                    -0.026750978082418442,
                    -0.016954032704234123
                ],
                [
                    0.026836613193154335,
                    0.9996281266212463,
                    0.004844142589718103
                ],
                [
                    0.01681814156472683,
                    -0.005296702031046152,
                    0.9998445510864258
                ]
            ],
            [
                [
                    0.9945576190948486,
                    -0.08632244169712067,
                    -0.05833837389945984
                ],
                [
                    0.09191814810037613,
                    0.9906062483787537,
                    0.1012432649731636
                ],
                [
                    0.049050796777009964,
                    -0.1060546413064003,
                    0.9931495785713196
                ]
            ],
            [
                [
                    0.9933885335922241,
                    0.0823071300983429,
                    0.08002927154302597
                ],
                [
                    -0.09536867588758469,
                    0.9797269701957703,
                    0.1761811375617981
                ],
                [
                    -0.06390587985515594,
                    -0.18264862895011902,
                    0.9810990691184998
                ]
            ],
            [
                [
                    0.9940736889839172,
                    -0.048003245145082474,
                    0.09753567725419998
                ],
                [
                    0.06088628992438316,
                    0.9891459345817566,
                    -0.13372795283794403
                ],
                [
                    -0.09005764871835709,
                    0.13887402415275574,
                    0.9862067103385925
                ]
            ],
            [
                [
                    0.8846877813339233,
                    -0.08564095199108124,
                    -0.45825016498565674
                ],
                [
                    0.19544140994548798,
                    0.9605615139007568,
                    0.19779857993125916
                ],
                [
                    0.42323780059814453,
                    -0.264551043510437,
                    0.8665348291397095
                ]
            ],
            [
                [
                    0.9349722266197205,
                    0.048657339066267014,
                    0.35136786103248596
                ],
                [
                    -0.11656803637742996,
                    0.9776806831359863,
                    0.17479275166988373
                ],
                [
                    -0.3350205719470978,
                    -0.20438463985919952,
                    0.919776201248169
                ]
            ],
            [
                [
                    0.9970632791519165,
                    -0.05313260480761528,
                    0.05515351518988609
                ],
                [
                    0.060884278267621994,
                    0.9868074655532837,
                    -0.1500140279531479
                ],
                [
                    -0.0464552566409111,
                    0.15293143689632416,
                    0.987144410610199
                ]
            ],
            [
                [
                    0.8033590912818909,
                    0.10316350311040878,
                    -0.5864906907081604
                ],
                [
                    0.1310509294271469,
                    0.9301061034202576,
                    0.34311527013778687
                ],
                [
                    0.5808956623077393,
                    -0.3525049388408661,
                    0.733689546585083
                ]
            ],
            [
                [
                    0.9299317002296448,
                    -0.1296827644109726,
                    0.34410661458969116
                ],
                [
                    0.024238532409071922,
                    0.9553343653678894,
                    0.2945314049720764
                ],
                [
                    -0.3669325113296509,
                    -0.26555344462394714,
                    0.8915390372276306
                ]
            ],
            [
                [
                    0.2034372240304947,
                    -0.16072618961334229,
                    -0.9658056497573853
                ],
                [
                    0.5035486817359924,
                    0.8631494045257568,
                    -0.03757501766085625
                ],
                [
                    0.8396737575531006,
                    -0.47868597507476807,
                    0.25653016567230225
                ]
            ],
            [
                [
                    0.2469939887523651,
                    0.23491837084293365,
                    0.9401103258132935
                ],
                [
                    -0.5520350933074951,
                    0.8314577341079712,
                    -0.06273239850997925
                ],
                [
                    -0.7963989973068237,
                    -0.5034793019294739,
                    0.33504825830459595
                ]
            ],
            [
                [
                    0.9785034656524658,
                    -0.20024387538433075,
                    -0.04932799190282822
                ],
                [
                    0.18438933789730072,
                    0.9566075205802917,
                    -0.22561606764793396
                ],
                [
                    0.09236577153205872,
                    0.21167057752609253,
                    0.9729666113853455
                ]
            ],
            [
                [
                    0.9859372973442078,
                    0.16318263113498688,
                    0.03604404628276825
                ],
                [
                    -0.15675076842308044,
                    0.9777965545654297,
                    -0.13907954096794128
                ],
                [
                    -0.057939108461141586,
                    0.13147376477718353,
                    0.989625096321106
                ]
            ],
            [
                [
                    0.9958783984184265,
                    0.08115576207637787,
                    -0.04049531742930412
                ],
                [
                    -0.08203469216823578,
                    0.9964179396629333,
                    -0.02053346484899521
                ],
                [
                    0.038683854043483734,
                    0.023770855739712715,
                    0.9989686608314514
                ]
            ],
            [
                [
                    0.9956247210502625,
                    -0.09123039245605469,
                    0.02021028846502304
                ],
                [
                    0.09085732698440552,
                    0.9956889152526855,
                    0.018668564036488533
                ],
                [
                    -0.021826300770044327,
                    -0.016750631853938103,
                    0.9996214509010315
                ]
            ]
        ],
        "betas": [
            -0.028929755091667175,
            -0.06775319576263428,
            -0.13431508839130402,
            -0.06877267360687256,
            0.08196741342544556,
            -0.06067463010549545,
            -0.06713509559631348,
            -0.007398068904876709,
            0.0543401837348938,
            -0.02070564031600952
        ]
    },
    "pred_cam_t": [
        -0.032855622470378876,
        0.5989377498626709,
        21.49030876159668
    ],
    "focal_length": [
        5000.0,
        5000.0
    ],
    "pred_keypoints_3d": [
        [
            0.08927222341299057,
            -0.8007124662399292,
            0.005072452127933502
        ],
        [
            0.100701242685318,
            -0.6891427040100098,
            0.1613830029964447
        ],
        [
            -0.07599139213562012,
            -0.6585933566093445,
            0.17350658774375916
        ],
        [
            -0.3008413314819336,
            -0.722368597984314,
            0.07100823521614075
        ],
        [
            -0.24100181460380554,
            -0.9535763263702393,
            -0.01957535743713379
        ],
        [
            0.2452031970024109,
            -0.6313474774360657,
            0.08618918806314468
        ],
        [
            0.3421371877193451,
            -0.7318716049194336,
            -0.13482436537742615
        ],
        [
            0.23246470093727112,
            -0.9541133642196655,
            -0.10746821761131287
        ],
        [
            -0.0016928440891206264,
            -0.22196435928344727,
            0.028565652668476105
        ],
        [
            -0.0898747593164444,
            -0.15487562119960785,
            0.005521424114704132
        ],
        [
            -0.2798737585544586,
            -0.011685237288475037,
            -0.29524728655815125
        ],
        [
            -0.2494523823261261,
            0.3161509037017822,
            -0.06803683936595917
        ],
        [
            0.04269874840974808,
            -0.12905582785606384,
            -0.022894710302352905
        ],
        [
            0.003876917064189911,
            0.022158682346343994,
            -0.36472010612487793
        ],
        [
            -0.040793776512145996,
            0.3320161700248718,
            -0.11625590920448303
        ],
        [
            0.059074219316244125,
            -0.8395143151283264,
            0.04122868925333023
        ],
        [
            0.12555646896362305,
            -0.8400204181671143,
            0.03398676589131355
        ],
        [
            0.026553615927696228,
            -0.8239115476608276,
            0.14134317636489868
        ],
        [
            0.17349888384342194,
            -0.8260796070098877,
            0.12341280281543732
        ],
        [
            -0.048603035509586334,
            0.4283098578453064,
            -0.28943461179733276
        ],
        [
            0.01722075790166855,
            0.4289339780807495,
            -0.23969760537147522
        ],
        [
            -0.02945856750011444,
            0.34621304273605347,
            -0.04848116636276245
        ],
        [
            -0.3404165208339691,
            0.40189993381500244,
            -0.21985399723052979
        ],
        [
            -0.3821217119693756,
            0.3828633427619934,
            -0.14747408032417297
        ],
        [
            -0.2310018241405487,
            0.34463006258010864,
            -0.0005782544612884521
        ],
        [
            -0.25963807106018066,
            0.2585020363330841,
            -0.059386223554611206
        ],
        [
            -0.2610243260860443,
            -0.041583605110645294,
            -0.2669581174850464
        ],
        [
            -0.13573764264583588,
            -0.26052677631378174,
            0.09272372722625732
        ],
        [
            0.15177474915981293,
            -0.19059978425502777,
            0.03346159681677818
        ],
        [
            0.0224045068025589,
            0.005875564180314541,
            -0.3457994759082794
        ],
        [
            -0.02161581814289093,
            0.2921348810195923,
            -0.11201337724924088
        ],
        [
            -0.21293622255325317,
            -0.9337297081947327,
            -0.005609103012830019
        ],
        [
            -0.28724831342697144,
            -0.7469313144683838,
            0.09701554477214813
        ],
        [
            -0.043110232800245285,
            -0.6764925718307495,
            0.18187078833580017
        ],
        [
            0.23528580367565155,
            -0.6526353359222412,
            0.11200098693370819
        ],
        [
            0.3496969938278198,
            -0.7518576383590698,
            -0.09596794098615646
        ],
        [
            0.2377680391073227,
            -0.9444087743759155,
            -0.08816942572593689
        ],
        [
            0.10466408729553223,
            -0.6885827779769897,
            0.162069171667099
        ],
        [
            0.10276974737644196,
            -0.8777243494987488,
            0.11635498702526093
        ],
        [
            0.008098796010017395,
            -0.2255975604057312,
            0.06328383833169937
        ],
        [
            0.09465279430150986,
            -0.655772864818573,
            0.14499616622924805
        ],
        [
            0.05996488779783249,
            -0.45558860898017883,
            0.1273089498281479
        ],
        [
            0.10285232961177826,
            -0.7707158327102661,
            0.0799454003572464
        ],
        [
            0.09889455884695053,
            -0.8964753150939941,
            0.12590190768241882
        ]
    ],
    "pred_vertices": [
        [
            0.1367071568965912,
            -0.886093258857727,
            0.03275696933269501
        ],
        [
            0.13033874332904816,
            -0.8722372651100159,
            0.027108393609523773
        ],
        [
            0.1422671675682068,
            -0.8689179420471191,
            0.03435033559799194
        ],
        [
            0.14831587672233582,
            -0.8787581920623779,
            0.0434952974319458
        ],
        [
            0.1378878653049469,
            -0.8597664833068848,
            0.028840020298957825
        ],
        [
            0.1271674782037735,
            -0.861441969871521,
            0.023523956537246704
        ],
        [
            0.15008655190467834,
            -0.8622502088546753,
            0.043784044682979584
        ],
        [
            0.15563878417015076,
            -0.8693065643310547,
            0.0546359047293663
        ],
        [
            0.15737944841384888,
            -0.8253260850906372,
            0.054036159068346024
        ],
        [
            0.1617901474237442,
            -0.8199691772460938,
            0.06333823502063751
        ],
        [
            0.1612505316734314,
            -0.8326865434646606,
            0.06154072284698486
        ],
        [
            0.15544533729553223,
            -0.8346068859100342,
            0.0533968061208725
        ],
        [
            0.15568391978740692,
            -0.7996826171875,
            0.057058755308389664
        ],
        [
            0.14868558943271637,
            -0.790886640548706,
            0.049008242785930634
        ],
        [
            0.1516696959733963,
            -0.781362771987915,
            0.058302830904722214
        ],
        [
            0.1575918346643448,
            -0.7896633148193359,
            0.06726129353046417
        ],
        [
            0.11482824385166168,
            -0.8062564730644226,
            0.029074210673570633
        ],
        [
            0.1201523020863533,
            -0.7994747757911682,
            0.02939772978425026
        ],
        [
            0.12418877333402634,
            -0.8060483932495117,
            0.029948599636554718
        ],
        [
            0.1180485412478447,
            -0.812002420425415,
            0.030000589787960052
        ],
        [
            0.1048855409026146,
            -0.8164128065109253,
            0.024027835577726364
        ],
        [
            0.10613707453012466,
            -0.8217494487762451,
            0.027487076818943024
        ],
        [
            0.10101122409105301,
            -0.8258933424949646,
            0.022858895361423492
        ],
        [
            0.10039429366588593,
            -0.8198504447937012,
            0.018401693552732468
        ],
        [
            0.10950404405593872,
            -0.8010367155075073,
            0.02899083122611046
        ],
        [
            0.11511754244565964,
            -0.7941104173660278,
            0.03013656660914421
        ],
        [
            0.11003315448760986,
            -0.8119432926177979,
            0.028237830847501755
        ],
        [
            0.10776127874851227,
            -0.8078498840332031,
            0.025806766003370285
        ],
        [
            0.10359925031661987,
            -0.8023459911346436,
            0.01575295999646187
        ],
        [
            0.105409637093544,
            -0.8069946765899658,
            0.017184026539325714
        ],
        [
            0.101474829018116,
            -0.8084282875061035,
            0.010554421693086624
        ],
        [
            0.1001378670334816,
            -0.8027543425559998,
            0.01128390058875084
        ],
        [
            0.10727503895759583,
            -0.8013416528701782,
            0.02441829815506935
        ],
        [
            0.10764437168836594,
            -0.8043551445007324,
            0.021786943078041077
        ],
        [
            0.10476662218570709,
            -0.8008257746696472,
            0.019614558666944504
        ],
        [
            0.10363410413265228,
            -0.7985516786575317,
            0.022780325263738632
        ],
        [
            0.10408758372068405,
            -0.8125388026237488,
            0.021044466644525528
        ],
        [
            0.10051589459180832,
            -0.8146660327911377,
            0.014461647719144821
        ],
        [
            0.0960497111082077,
            -0.8164927959442139,
            0.007768426090478897
        ],
        [
            0.09659071266651154,
            -0.8082684874534607,
            0.0041512176394462585
        ],
        [
            0.13110241293907166,
            -0.7854431867599487,
            0.03492288663983345
        ],
        [
            0.12612196803092957,
            -0.7927178144454956,
            0.031046073883771896
        ],
        [
            0.12098106741905212,
            -0.7878687381744385,
            0.031065411865711212
        ],
        [
            0.12578968703746796,
            -0.7820560932159424,
            0.03350316733121872
        ],
        [
            0.1052108183503151,
            -0.7950894832611084,
            0.025959357619285583
        ],
        [
            0.10851588845252991,
            -0.7791897058486938,
            0.025658760219812393
        ],
        [
            0.10888046771287918,
            -0.7829204797744751,
            0.02536461129784584
        ],
        [
            0.10259371250867844,
            -0.7840541005134583,
            0.021922044456005096
        ],
        [
            0.10293740034103394,
            -0.7805363535881042,
            0.022332005202770233
        ],
        [
            0.13643567264080048,
            -0.7706301808357239,
            0.043146222829818726
        ],
        [
            0.13057252764701843,
            -0.7697232365608215,
            0.0389266163110733
        ],
        [
            0.13105113804340363,
            -0.7626590728759766,
            0.04151779040694237
        ],
        [
            0.13627684116363525,
            -0.7621536254882812,
            0.0468912273645401
        ],
        [
            0.12851420044898987,
            -0.7568772435188293,
            0.042749177664518356
        ],
        [
            0.13485071063041687,
            -0.7541361451148987,
            0.050133105367422104
        ],
        [
            0.12556889653205872,
            -0.7400879859924316,
            0.050573159009218216
        ],
        [
            0.13029132783412933,
            -0.7461873292922974,
            0.050485096871852875
        ],
        [
            0.12456487864255905,
            -0.7512417435646057,
            0.042503707110881805
        ],
        [
            0.11906109005212784,
            -0.7462795972824097,
            0.03956161066889763
        ],
        [
            0.10676009207963943,
            -0.7514660358428955,
            0.03201402351260185
        ],
        [
            0.10083727538585663,
            -0.7503658533096313,
            0.029708657413721085
        ],
        [
            0.10513482987880707,
            -0.7381795644760132,
            0.03182311728596687
        ],
        [
            0.11188225448131561,
            -0.7413313388824463,
            0.034953340888023376
        ],
        [
            0.10873766243457794,
            -0.7729223966598511,
            0.02988162636756897
        ],
        [
            0.11276567727327347,
            -0.7729219794273376,
            0.03250511363148689
        ],
        [
            0.11294552683830261,
            -0.7744044065475464,
            0.03018452227115631
        ],
        [
            0.10869983583688736,
            -0.775702714920044,
            0.027212366461753845
        ],
        [
            0.1163228452205658,
            -0.7725367546081543,
            0.03409283235669136
        ],
        [
            0.11800053715705872,
            -0.7721589803695679,
            0.034712646156549454
        ],
        [
            0.1177765503525734,
            -0.7734912037849426,
            0.033553656190633774
        ],
        [
            0.11630639433860779,
            -0.7734276056289673,
            0.03345810994505882
        ],
        [
            0.11428163945674896,
            -0.7731113433837891,
            0.03292727470397949
        ],
        [
            0.1132841408252716,
            -0.7711929678916931,
            0.03251178190112114
        ],
        [
            0.11537882685661316,
            -0.7717763185501099,
            0.0335693433880806
        ],
        [
            0.10962358862161636,
            -0.7704892158508301,
            0.02989714965224266
        ],
        [
            0.09642864018678665,
            -0.7686398029327393,
            0.022810839116573334
        ],
        [
            0.10058628767728806,
            -0.768902063369751,
            0.024016305804252625
        ],
        [
            0.09933570772409439,
            -0.7732530832290649,
            0.02486768364906311
        ],
        [
            0.09573394805192947,
            -0.7734774351119995,
            0.023831356316804886
        ],
        [
            0.11581040918827057,
            -0.7758177518844604,
            0.031896233558654785
        ],
        [
            0.11866240948438644,
            -0.7769429683685303,
            0.03221021220088005
        ],
        [
            0.11475038528442383,
            -0.7798448801040649,
            0.02901899442076683
        ],
        [
            0.1135508120059967,
            -0.7771503329277039,
            0.0297534316778183
        ],
        [
            0.12148325145244598,
            -0.7787703275680542,
            0.03204488009214401
        ],
        [
            0.12009648233652115,
            -0.7746188044548035,
            0.03392959013581276
        ],
        [
            0.12292763590812683,
            -0.7753880023956299,
            0.03440117463469505
        ],
        [
            0.11740477383136749,
            -0.7704432606697083,
            0.034687433391809464
        ],
        [
            0.12012588232755661,
            -0.7686189413070679,
            0.0359528511762619
        ],
        [
            0.1207362562417984,
            -0.7712373733520508,
            0.03489163517951965
        ],
        [
            0.11802206933498383,
            -0.7654279470443726,
            0.035596225410699844
        ],
        [
            0.11487086862325668,
            -0.7686077356338501,
            0.033760134130716324
        ],
        [
            0.11120292544364929,
            -0.7668964862823486,
            0.031231988221406937
        ],
        [
            0.10640066862106323,
            -0.7654412984848022,
            0.028090596199035645
        ],
        [
            0.10888610780239105,
            -0.7604485750198364,
            0.030931994318962097
        ],
        [
            0.11412935703992844,
            -0.7625808715820312,
            0.033617909997701645
        ],
        [
            0.11672931164503098,
            -0.7837939262390137,
            0.02954258769750595
        ],
        [
            0.12498273700475693,
            -0.7705113887786865,
            0.03668991103768349
        ],
        [
            0.12856116890907288,
            -0.7768709063529968,
            0.03655611351132393
        ],
        [
            0.12475598603487015,
            -0.7656894326210022,
            0.037819378077983856
        ],
        [
            0.12256768345832825,
            -0.7612307071685791,
            0.03829016163945198
        ],
        [
            0.1184862032532692,
            -0.7571868300437927,
            0.03721575811505318
        ],
        [
            0.11276218295097351,
            -0.7540860176086426,
            0.03459470719099045
        ],
        [
            0.10771295428276062,
            -0.7293044924736023,
            0.043100982904434204
        ],
        [
            0.11624293774366379,
            -0.7338879108428955,
            0.04596846550703049
        ],
        [
            0.12508174777030945,
            -0.8540250062942505,
            0.026444830000400543
        ],
        [
            0.1338949352502823,
            -0.8529809713363647,
            0.02838674932718277
        ],
        [
            0.1344815492630005,
            -0.845031201839447,
            0.03348831087350845
        ],
        [
            0.13679443299770355,
            -0.8470208644866943,
            0.03337521851062775
        ],
        [
            0.13088873028755188,
            -0.8489400148391724,
            0.030437342822551727
        ],
        [
            0.13021504878997803,
            -0.8463143706321716,
            0.03157292306423187
        ],
        [
            0.14890295267105103,
            -0.8372142314910889,
            0.04815983772277832
        ],
        [
            0.1437305212020874,
            -0.8392977714538574,
            0.043913692235946655
        ],
        [
            0.14392809569835663,
            -0.8353843092918396,
            0.04557573050260544
        ],
        [
            0.15038812160491943,
            -0.8304459452629089,
            0.04896201193332672
        ],
        [
            0.13598543405532837,
            -0.8281333446502686,
            0.03891732543706894
        ],
        [
            0.1403992623090744,
            -0.8291364908218384,
            0.041943155229091644
        ],
        [
            0.13669858872890472,
            -0.8361294269561768,
            0.03932780399918556
        ],
        [
            0.1333668828010559,
            -0.8353328704833984,
            0.03718893229961395
        ],
        [
            0.12958142161369324,
            -0.8350144624710083,
            0.03526895120739937
        ],
        [
            0.12522895634174347,
            -0.8350139856338501,
            0.03444978594779968
        ],
        [
            0.12546254694461823,
            -0.8297364711761475,
            0.03503744304180145
        ],
        [
            0.13063958287239075,
            -0.8286685943603516,
            0.03650853782892227
        ],
        [
            0.1243559718132019,
            -0.8503680229187012,
            0.029685594141483307
        ],
        [
            0.11696647107601166,
            -0.8495196104049683,
            0.030448228120803833
        ],
        [
            0.11838366836309433,
            -0.8466509580612183,
            0.031141698360443115
        ],
        [
            0.12448925524950027,
            -0.8471953272819519,
            0.030218206346035004
        ],
        [
            0.10840009897947311,
            -0.8401691913604736,
            0.03650493547320366
        ],
        [
            0.10957756638526917,
            -0.8425825834274292,
            0.03540844842791557
        ],
        [
            0.10592595487833023,
            -0.8441966772079468,
            0.034577567130327225
        ],
        [
            0.10512436181306839,
            -0.8396819829940796,
            0.03541926294565201
        ],
        [
            0.10738816112279892,
            -0.8366720080375671,
            0.035127103328704834
        ],
        [
            0.10964906960725784,
            -0.8385473489761353,
            0.03596102446317673
        ],
        [
            0.12787051498889923,
            -0.9074008464813232,
            0.03502824157476425
        ],
        [
            0.12247265130281448,
            -0.8915332555770874,
            0.026300497353076935
        ],
        [
            0.14299681782722473,
            -0.9008031487464905,
            0.046391382813453674
        ],
        [
            0.15370401740074158,
            -0.889801561832428,
            0.057502612471580505
        ],
        [
            0.1611330807209015,
            -0.8761591911315918,
            0.06724204868078232
        ],
        [
            0.14399407804012299,
            -0.7747378349304199,
            0.04989304393529892
        ],
        [
            0.14543822407722473,
            -0.7656418085098267,
            0.055966541171073914
        ],
        [
            0.1542132943868637,
            -0.7725055813789368,
            0.067570760846138
        ],
        [
            0.15206846594810486,
            -0.7621345520019531,
            0.07220014929771423
        ],
        [
            0.1433228850364685,
            -0.7551860809326172,
            0.05983523651957512
        ],
        [
            0.12916786968708038,
            -0.7368254661560059,
            0.06344947218894958
        ],
        [
            0.13783876597881317,
            -0.7448197603225708,
            0.062320526689291
        ],
        [
            0.14706051349639893,
            -0.7519451975822449,
            0.07783772051334381
        ],
        [
            0.15630167722702026,
            -0.7639102935791016,
            0.09232976287603378
        ],
        [
            0.15879033505916595,
            -0.7715983390808105,
            0.08438611030578613
        ],
        [
            0.16172543168067932,
            -0.7793459892272949,
            0.10445898771286011
        ],
        [
            0.15161746740341187,
            -0.7554588317871094,
            0.10389436781406403
        ],
        [
            0.15915557742118835,
            -0.7781972289085388,
            0.1132260262966156
        ],
        [
            0.13495218753814697,
            -0.7204126119613647,
            0.09967627376317978
        ],
        [
            0.13657495379447937,
            -0.7088192701339722,
            0.10226669162511826
        ],
        [
            0.14811690151691437,
            -0.7140610814094543,
            0.11543862521648407
        ],
        [
            0.14716845750808716,
            -0.7259138226509094,
            0.11222842335700989
        ],
        [
            0.15977102518081665,
            -0.779914379119873,
            0.07674802839756012
        ],
        [
            0.16316911578178406,
            -0.8436154723167419,
            0.06918337196111679
        ],
        [
            0.15894387662410736,
            -0.8437602519989014,
            0.0582297220826149
        ],
        [
            0.16511055827140808,
            -0.8308274745941162,
            0.07240201532840729
        ],
        [
            0.16715587675571442,
            -0.9036975502967834,
            0.09018468856811523
        ],
        [
            0.15881770849227905,
            -0.8986927270889282,
            0.07349544018507004
        ],
        [
            0.16672343015670776,
            -0.8834629654884338,
            0.079472616314888
        ],
        [
            0.1718401461839676,
            -0.8899487853050232,
            0.0949016809463501
        ],
        [
            0.1400238275527954,
            -0.939544677734375,
            0.08184801787137985
        ],
        [
            0.13516971468925476,
            -0.9262832403182983,
            0.05730241537094116
        ],
        [
            0.1462734490633011,
            -0.9145694971084595,
            0.06494130194187164
        ],
        [
            0.15337401628494263,
            -0.9249000549316406,
            0.08450043201446533
        ],
        [
            0.17500561475753784,
            -0.8905963897705078,
            0.10791615396738052
        ],
        [
            0.17733502388000488,
            -0.891605019569397,
            0.12706615030765533
        ],
        [
            0.1736735999584198,
            -0.907357394695282,
            0.1341048777103424
        ],
        [
            0.17051464319229126,
            -0.9085429906845093,
            0.11107835173606873
        ],
        [
            0.1625276654958725,
            -0.9279388189315796,
            0.1415320485830307
        ],
        [
            0.15931245684623718,
            -0.9296795129776001,
            0.11373555660247803
        ],
        [
            0.15614053606987,
            -0.7636711597442627,
            0.12345592677593231
        ],
        [
            0.15955868363380432,
            -0.782996654510498,
            0.1262950301170349
        ],
        [
            0.14640015363693237,
            -0.7398431897163391,
            0.10698772966861725
        ],
        [
            0.15386860072612762,
            -0.746727466583252,
            0.12292374670505524
        ],
        [
            0.1456087827682495,
            -0.9428247809410095,
            0.14658385515213013
        ],
        [
            0.142141655087471,
            -0.9464576244354248,
            0.11477380245923996
        ],
        [
            0.1680569350719452,
            -0.8702834844589233,
            0.17623591423034668
        ],
        [
            0.17144855856895447,
            -0.8872241973876953,
            0.16829833388328552
        ],
        [
            0.17607343196868896,
            -0.8746336698532104,
            0.15197154879570007
        ],
        [
            0.17338086664676666,
            -0.8606115579605103,
            0.16087378561496735
        ],
        [
            0.1592181921005249,
            -0.8791804909706116,
            0.19315052032470703
        ],
        [
            0.16150543093681335,
