{
    "pred_cam": [
        1.810941457748413,
        -0.026197059080004692,
        0.603972852230072
    ],
    "pred_smpl_params": {
        "global_orient": [
            [
                [
                    0.9619989395141602,
                    0.25348401069641113,
                    -0.10150791704654694
                ],
                [
                    0.17268699407577515,
                    -0.8527598977088928,
                    -0.49292972683906555
                ],
                [
                    -0.21151168644428253,
                    0.45666879415512085,
                    -0.864127516746521
                ]
            ]
        ],
        "body_pose": [
            [
                [
                    0.9914802312850952,
                    -0.12636210024356842,
                    -0.031615231186151505
                ],
                [
                    0.11845782399177551,
                    0.7737639546394348,
                    0.62229984998703
                ],
                [
                    -0.054172392934560776,
                    -0.6207430958747864,
                    0.7821402549743652
                ]
            ],
            [
                [
                    0.9838300943374634,
                    0.17200806736946106,
                    0.04991476237773895
                ],
                [
                    -0.16940425336360931,
                    0.8032104969024658,
                    0.5710997581481934
                ],
                [
                    0.058141712099313736,
                    -0.5703209638595581,
                    0.8193615674972534
                ]
            ],
            [
                [
                    0.9998355507850647,
                    0.017711706459522247,
                    -0.0038756937719881535
                ],
                [
                    -0.017746813595294952,
                    0.9122806191444397,
                    -0.4091808497905731
                ],
                [
                    -0.0037115663290023804,
                    0.4091823995113373,
                    0.9124449491500854
                ]
            ],
            [
                [
                    0.9793341755867004,
                    0.10928609222173691,
                    -0.1701793670654297
                ],
                [
                    -0.15139193832874298,
                    -0.16182321310043335,
                    -0.9751377701759338
                ],
                [
                    -0.13410796225070953,
                    0.9807496666908264,
                    -0.14193396270275116
                ]
            ],
            [
                [
                    0.975515604019165,
                    -0.1041141077876091,
                    0.1937257945537567
                ],
                [
                    0.1825559288263321,
                    -0.10789839923381805,
                    -0.9772570729255676
                ],
                [
                    0.12264888733625412,
                    0.9886952042579651,
                    -0.0862499251961708
                ]
            ],
            [
                [
                    0.9988096952438354,
                    -0.04833460599184036,
                    -0.006553890649229288
                ],
                [
                    0.04860250651836395,
                    0.9975659251213074,
                    0.050000716000795364
                ],
                [
                    0.004121172707527876,
                    -0.05025973543524742,
                    0.9987276792526245
                ]
            ],
            [
                [
                    0.9360411763191223,
                    -0.135473370552063,
                    0.324767529964447
                ],
                [
                    0.022265061736106873,
                    0.943873941898346,
                    0.32955482602119446
                ],
                [
                    -0.3511854410171509,
                    -0.30124586820602417,
                    0.8865212202072144
                ]
            ],
            [
                [
                    0.9428494572639465,
                    0.05885178595781326,
                    -0.32798096537590027
                ],
                [
                    0.02794238179922104,
                    0.9668493270874023,
                    0.25381436944007874
                ],
                [
                    0.3320455849170685,
                    -0.24847325682640076,
                    0.9099488854408264
                ]
            ],
            [
                [
                    0.9994694590568542,
                    -0.026879431679844856,
                    -0.018392356112599373
                ],
                [
                    0.026998238638043404,
                    0.9996159672737122,
                    0.006242266856133938
                ],
                [
                    0.018217505887150764,
                    -0.006735516712069511,
                    0.9998113512992859
                ]
            ],
            [
                [
                    0.9951877593994141,
                    -0.08596015721559525,
                    -0.04703262820839882
                ],
                [
                    0.09048055112361908,
                    0.9904135465621948,
                    0.10437527298927307
                ],
                [
                    0.03760964423418045,
                    -0.10812854766845703,
                    0.993425190448761
                ]
            ],
            [
                [
                    0.993859052658081,
                    0.08298616856336594,
                    0.07319524884223938
                ],
                [
                    -0.09459793567657471,
                    0.9803768396377563,
                    0.17295242846012115
                ],
                [
                    -0.05740625783801079,
                    -0.17881445586681366,
                    0.9822067022323608
                ]
            ],
            [
                [
                    0.9946069121360779,
                    -0.04710616171360016,
                    0.09240154176950455
                ],
                [
                    0.059762269258499146,
                    0.9884344935417175,
                    -0.13937655091285706
                ],
                [
                    -0.08476736396551132,
                    0.14414700865745544,
                    0.9859189391136169
                ]
            ],
            [
                [
                    0.8781080842018127,
                    -0.09230754524469376,
                    -0.46947380900382996
                ],
                [
                    0.20502963662147522,
                    0.9591540098190308,
                    0.1949012577533722
                ],
                [
                    0.43230679631233215,
                    -0.2674003839492798,
                    0.8611666560173035
                ]
            ],
            [
                [
                    0.9345122575759888,
                    0.04836135357618332,
                    0.352630078792572
                ],
                [
                    -0.11623799800872803,
                    0.9778729677200317,
                    0.17393460869789124
                ],
                [
                    -0.33641567826271057,
                    -0.20353305339813232,
                    0.9194557070732117
                ]
            ],
            [
                [
                    0.9969207048416138,
                    -0.062429290264844894,
                    0.04745250940322876
                ],
                [
                    0.06846051663160324,
                    0.9880013465881348,
                    -0.13844303786754608
                ],
                [
                    -0.03824024274945259,
                    0.14126534759998322,
                    0.9892329573631287
                ]
            ],
            [
                [
                    0.7917868494987488,
                    0.1084667444229126,
                    -0.6010892987251282
                ],
                [
                    0.13711144030094147,
                    0.9274269342422485,
                    0.3479648232460022
                ],
                [
                    0.5952091217041016,
                    -0.3579302132129669,
                    0.719452440738678
                ]
            ],
            [
                [
                    0.9271461963653564,
                    -0.14152111113071442,
                    0.3469463884830475
                ],
                [
                    0.030873188748955727,
                    0.951635479927063,
                    0.30567434430122375
                ],
                [
                    -0.3734258711338043,
                    -0.2726934552192688,
                    0.8866744041442871
                ]
            ],
            [
                [
                    0.21784548461437225,
                    -0.1630932092666626,
                    -0.962259829044342
                ],
                [
                    0.5035703778266907,
                    0.8633492588996887,
                    -0.0323258638381958
                ],
                [
                    0.8360384702682495,
                    -0.47752347588539124,
                    0.27020564675331116
                ]
            ],
            [
                [
                    0.2579989731311798,
                    0.23863279819488525,
                    0.9362109303474426
                ],
                [
                    -0.5618915557861328,
                    0.825344979763031,
                    -0.05552910640835762
                ],
                [
                    -0.7859481573104858,
                    -0.5117225646972656,
                    0.3470239043235779
                ]
            ],
            [
                [
                    0.9800925254821777,
                    -0.19389848411083221,
                    -0.04268389567732811
                ],
                [
                    0.1789555549621582,
                    0.9558604955673218,
                    -0.23303566873073578
                ],
                [
                    0.08598510921001434,
                    0.22075802087783813,
                    0.9715309143066406
                ]
            ],
            [
                [
                    0.9874823093414307,
                    0.15501947700977325,
                    0.02911420166492462
                ],
                [
                    -0.14957471191883087,
                    0.9789196252822876,
                    -0.13908152282238007
                ],
                [
                    -0.05006081238389015,
                    0.13298578560352325,
                    0.989852786064148
                ]
            ],
            [
                [
                    0.995846152305603,
                    0.08147155493497849,
                    -0.04065413028001785
                ],
                [
                    -0.08232901245355606,
                    0.9964069128036499,
                    -0.019880004227161407
                ],
                [
                    0.03888839855790138,
                    0.023144440725445747,
                    0.9989754557609558
                ]
            ],
            [
                [
                    0.9956108927726746,
                    -0.0911828875541687,
                    0.021088823676109314
                ],
                [
                    0.09081339836120605,
                    0.9957076907157898,
                    0.017862020060420036
                ],
                [
                    -0.02262701466679573,
                    -0.015868471935391426,
                    0.9996180534362793
                ]
            ]
        ],
        "betas": [
            -0.04407285153865814,
            -0.05746728181838989,
            -0.13911952078342438,
            -0.07859906554222107,
            0.0748903751373291,
            -0.05918671935796738,
            -0.06654563546180725,
            -0.015313506126403809,
            0.051771074533462524,
            -0.018576323986053467
        ]
    },
    "pred_cam_t": [
        -0.026197059080004692,
        0.603972852230072,
        21.57027244567871
    ],
    "focal_length": [
        5000.0,
        5000.0
    ],
    "pred_keypoints_3d": [
        [
            0.08897610753774643,
            -0.7997634410858154,
            0.0024987608194351196
        ],
        [
            0.10159756243228912,
            -0.688590943813324,
            0.15895360708236694
        ],
        [
            -0.07497870922088623,
            -0.6589603424072266,
            0.1705784648656845
        ],
        [
            -0.29834073781967163,
            -0.7217143177986145,
            0.06469117850065231
        ],
        [
            -0.24186000227928162,
            -0.9546921253204346,
            -0.022974498569965363
        ],
        [
            0.24504166841506958,
            -0.6309977769851685,
            0.0839550793170929
        ],
        [
            0.3354277014732361,
            -0.7347912788391113,
            -0.13811440765857697
        ],
        [
            0.22608834505081177,
            -0.9567115306854248,
            -0.10862873494625092
        ],
        [
            -0.0016842265613377094,
            -0.2215890884399414,
            0.02847961336374283
        ],
        [
            -0.089560367166996,
            -0.154277503490448,
            0.0053494833409786224
        ],
        [
            -0.28748422861099243,
            -0.014512091875076294,
            -0.2916918992996216
        ],
        [
            -0.2493128627538681,
            0.3082734942436218,
            -0.058955296874046326
        ],
        [
            0.04315847158432007,
            -0.12847623229026794,
            -0.0220223106443882
        ],
        [
            0.024947794154286385,
            0.019818902015686035,
            -0.36669349670410156
        ],
        [
            -0.026859307661652565,
            0.32543519139289856,
            -0.11478900909423828
        ],
        [
            0.05905519798398018,
            -0.8383814096450806,
            0.03908350691199303
        ],
        [
            0.1254177689552307,
            -0.8390849232673645,
            0.03105992078781128
        ],
        [
            0.027796976268291473,
            -0.8224440813064575,
            0.13944530487060547
        ],
        [
            0.1743955910205841,
            -0.8249678611755371,
            0.11987622082233429
        ],
        [
            -0.02378469705581665,
            0.4232712984085083,
            -0.2872857451438904
        ],
        [
            0.03889438509941101,
            0.42241746187210083,
            -0.23380745947360992
        ],
        [
            -0.01866929791867733,
            0.3386368751525879,
            -0.046483784914016724
        ],
        [
            -0.3452123701572418,
            0.39488810300827026,
            -0.20714443922042847
        ],
        [
            -0.38426876068115234,
            0.3752704858779907,
            -0.1335926055908203
        ],
        [
            -0.22888317704200745,
            0.3359777331352234,
            0.008106380701065063
        ],
        [
            -0.25936415791511536,
            0.2505747377872467,
            -0.051152974367141724
        ],
        [
            -0.26806288957595825,
            -0.04377344623208046,
            -0.2639942765235901
        ],
        [
            -0.13601532578468323,
            -0.26027441024780273,
            0.09181267023086548
        ],
        [
            0.1516234427690506,
            -0.19053149223327637,
            0.03552286699414253
        ],
        [
            0.04218115657567978,
            0.00383164593949914,
            -0.34704074263572693
        ],
        [
            -0.008530553430318832,
            0.2852270007133484,
            -0.11035064607858658
        ],
        [
            -0.2136888951063156,
            -0.935432493686676,
            -0.008985892869532108
        ],
        [
            -0.2853645384311676,
            -0.7460417151451111,
            0.09101322293281555
        ],
        [
            -0.04213830083608627,
            -0.6765922904014587,
            0.17889206111431122
        ],
        [
            0.23538336157798767,
            -0.6521477699279785,
            0.10955103486776352
        ],
        [
            0.34374290704727173,
            -0.7543593049049377,
            -0.09937602281570435
        ],
        [
            0.23159754276275635,
            -0.9472030997276306,
            -0.089609794318676
        ],
        [
            0.1053251177072525,
            -0.6880958080291748,
            0.15951593220233917
        ],
        [
            0.10354962199926376,
            -0.8764307498931885,
            0.1137944757938385
        ],
        [
            0.007859766483306885,
            -0.2254355251789093,
            0.06377821415662766
        ],
        [
            0.09512913972139359,
            -0.6555711627006531,
            0.14236454665660858
        ],
        [
            0.06000274047255516,
            -0.4554111957550049,
            0.12589818239212036
        ],
        [
            0.10342192649841309,
            -0.7697124481201172,
            0.07709282636642456
        ],
        [
            0.09967911243438721,
            -0.8951715230941772,
            0.12345977872610092
        ]
    ],
    "pred_vertices": [
        [
            0.13648846745491028,
            -0.8851527571678162,
            0.029950737953186035
        ],
        [
            0.13011452555656433,
            -0.8712770938873291,
            0.0242784321308136
        ],
        [
            0.14214302599430084,
            -0.8679654598236084,
            0.03135748207569122
        ],
        [
            0.14824391901493073,
            -0.877829909324646,
            0.04048648476600647
        ],
        [
            0.13771843910217285,
            -0.8588255643844604,
            0.025888852775096893
        ],
        [
            0.12692536413669586,
            -0.8604831695556641,
            0.020695872604846954
        ],
        [
            0.15008246898651123,
            -0.861315131187439,
            0.0406745970249176
        ],
        [
            0.15571334958076477,
            -0.8683720827102661,
            0.051495276391506195
        ],
        [
            0.15747970342636108,
            -0.8244448304176331,
            0.050757087767124176
        ],
        [
            0.16201278567314148,
            -0.8190532922744751,
            0.06001400575041771
        ],
        [
            0.16148535907268524,
            -0.831774115562439,
            0.05822410434484482
        ],
        [
            0.15558290481567383,
            -0.8336944580078125,
            0.05015241354703903
        ],
        [
            0.15589836239814758,
            -0.7987850308418274,
            0.053715504705905914
        ],
        [
            0.14884847402572632,
            -0.789993166923523,
            0.04570110887289047
        ],
        [
            0.1519467681646347,
            -0.7804515957832336,
            0.05494385585188866
        ],
        [
            0.1579282581806183,
            -0.7887495756149292,
            0.06386516988277435
        ],
        [
            0.11475056409835815,
            -0.8053160905838013,
            0.026177354156970978
        ],
        [
            0.1200975701212883,
            -0.7985503673553467,
            0.02641921490430832
        ],
        [
            0.124117411673069,
            -0.8051299452781677,
            0.02694367989897728
        ],
        [
            0.11796125769615173,
            -0.8110659122467041,
            0.027083560824394226
        ],
        [
            0.10475149750709534,
            -0.8154225945472717,
            0.021286964416503906
        ],
        [
            0.1060224249958992,
            -0.8207504153251648,
            0.02474779263138771
        ],
        [
            0.10083498060703278,
            -0.824890673160553,
            0.020199839025735855
        ],
        [
            0.10018770396709442,
            -0.8188567757606506,
            0.015734225511550903
        ],
        [
            0.10944218933582306,
            -0.8000808954238892,
            0.026129383593797684
        ],
        [
            0.11508806049823761,
            -0.7931762933731079,
            0.027195237576961517
        ],
        [
            0.10992839932441711,
            -0.8109884858131409,
            0.025420580059289932
        ],
        [
            0.10766564309597015,
            -0.8068746328353882,
            0.023002691566944122
        ],
        [
            0.10340477526187897,
            -0.8013797402381897,
            0.012994736433029175
        ],
        [
            0.10520961135625839,
            -0.8060286045074463,
            0.014423619955778122
        ],
        [
            0.10119964927434921,
            -0.8074781894683838,
            0.007849842309951782
        ],
        [
            0.09989676624536514,
            -0.8017997145652771,
            0.008576009422540665
        ],
        [
            0.10716937482357025,
            -0.8003787994384766,
            0.021600492298603058
        ],
        [
            0.10749412328004837,
            -0.8033946752548218,
            0.01898687705397606
        ],
        [
            0.10461162030696869,
            -0.7998558282852173,
            0.016829844564199448
        ],
        [
            0.10353061556816101,
            -0.7975795269012451,
            0.01999204233288765
        ],
        [
            0.1039174497127533,
            -0.8115701079368591,
            0.018309514969587326
        ],
        [
            0.1002688780426979,
            -0.8136963844299316,
            0.011786188930273056
        ],
        [
            0.09572607278823853,
            -0.8155292272567749,
            0.005157433450222015
        ],
        [
            0.09625713527202606,
            -0.80731201171875,
            0.001513563096523285
        ],
        [
            0.13114096224308014,
            -0.7845414876937866,
            0.0317959189414978
        ],
        [
            0.12608015537261963,
            -0.7918273210525513,
            0.02799232304096222
        ],
        [
            0.1209804117679596,
            -0.7869548797607422,
            0.028034977614879608
        ],
        [
            0.12583155930042267,
            -0.7811468839645386,
            0.030407950282096863
        ],
        [
            0.10516966879367828,
            -0.7941145896911621,
            0.023134499788284302
        ],
        [
            0.10852335393428802,
            -0.7782498598098755,
            0.022767100483179092
        ],
        [
            0.1088700219988823,
            -0.7819727063179016,
            0.022480685263872147
        ],
        [
            0.1025451272726059,
            -0.7830997109413147,
            0.019118640571832657
        ],
        [
            0.10290585458278656,
            -0.7795954942703247,
            0.019511844962835312
        ],
        [
            0.1365956813097,
            -0.7697238922119141,
            0.03992215916514397
        ],
        [
            0.13069938123226166,
            -0.7688132524490356,
            0.03575605899095535
        ],
        [
            0.1312285214662552,
            -0.761745810508728,
            0.03833717852830887
        ],
        [
            0.1365038901567459,
            -0.7612268924713135,
            0.04365139082074165
        ],
        [
            0.12873470783233643,
            -0.755944013595581,
            0.03958629071712494
        ],
        [
            0.13514739274978638,
            -0.7531770467758179,
            0.04689416661858559
        ],
        [
            0.12592457234859467,
            -0.739111065864563,
            0.04744117707014084
        ],
        [
            0.13061517477035522,
            -0.7452113628387451,
            0.04729528725147247
        ],
        [
            0.12481088936328888,
            -0.7502963542938232,
            0.039377059787511826
        ],
        [
            0.11929181963205338,
            -0.7453413009643555,
            0.03648126497864723
        ],
        [
            0.10689061880111694,
            -0.7505546808242798,
            0.029061809182167053
        ],
        [
            0.10094554722309113,
            -0.7494469285011292,
            0.026816558092832565
        ],
        [
            0.10529667139053345,
            -0.737268328666687,
            0.028866484761238098
        ],
        [
            0.11207284033298492,
            -0.7404006719589233,
            0.03193550556898117
        ],
        [
            0.10878423601388931,
            -0.7719961404800415,
            0.026973683387041092
        ],
        [
            0.1128382459282875,
            -0.7719987630844116,
            0.0295553058385849
        ],
        [
            0.11298371106386185,
            -0.7734847068786621,
            0.027234412729740143
        ],
        [
            0.10870282351970673,
            -0.7747867107391357,
            0.024311330169439316
        ],
        [
            0.11640262603759766,
            -0.7716180086135864,
            0.031095582991838455
        ],
        [
            0.1180858239531517,
            -0.7712392210960388,
            0.03169406205415726
        ],
        [
            0.11784656345844269,
            -0.7725719213485718,
            0.030542951077222824
        ],
        [
            0.11635413765907288,
            -0.772523045539856,
            0.030471447855234146
        ],
        [
            0.11433050781488419,
            -0.7722035050392151,
            0.029960792511701584
        ],
        [
            0.11333943903446198,
            -0.7702869176864624,
            0.029553670436143875
        ],
        [
            0.11545833945274353,
            -0.7708585262298584,
            0.030581850558519363
        ],
        [
            0.10965688526630402,
            -0.7695854902267456,
            0.0269789919257164
        ],
        [
            0.09644527733325958,
            -0.7676957845687866,
            0.02001216635107994
        ],
        [
            0.10058116167783737,
            -0.7679867744445801,
            0.021182239055633545
        ],
        [
            0.0993271917104721,
            -0.7723273038864136,
            0.02205563709139824
        ],
        [
            0.09574896842241287,
            -0.77252197265625,
            0.02105013281106949
        ],
        [
            0.11586500704288483,
            -0.7748935222625732,
            0.028920594602823257
        ],
        [
            0.1187085434794426,
            -0.7760258913040161,
            0.02920154482126236
        ],
        [
            0.11475051939487457,
            -0.778925895690918,
            0.026060257107019424
        ],
        [
            0.11357036232948303,
            -0.7762325406074524,
            0.026809118688106537
        ],
        [
            0.12150269746780396,
            -0.7778648138046265,
            0.029004234820604324
        ],
        [
            0.12016170471906662,
            -0.773704469203949,
            0.030892301350831985
        ],
        [
            0.12302008271217346,
            -0.7744563221931458,
            0.03132418543100357
        ],
        [
            0.11749789863824844,
            -0.7695273160934448,
            0.03167217969894409
        ],
        [
            0.12023229151964188,
            -0.7677050828933716,
            0.032897334545850754
        ],
        [
            0.12082269787788391,
            -0.7703225612640381,
            0.0318346731364727
        ],
        [
            0.11813587695360184,
            -0.7645130157470703,
            0.03256889432668686
        ],
        [
            0.11496096104383469,
            -0.7676913738250732,
            0.0307745523750782
        ],
        [
            0.11127103865146637,
            -0.7659835815429688,
            0.02828799933195114
        ],
        [
            0.10644526779651642,
            -0.7645311951637268,
            0.025193478912115097
        ],
        [
            0.10897251963615417,
            -0.7595396041870117,
            0.027995601296424866
        ],
        [
            0.11423050612211227,
            -0.761668860912323,
            0.030633047223091125
        ],
        [
            0.11675570160150528,
            -0.7828524708747864,
            0.02655768021941185
        ],
        [
            0.12509146332740784,
            -0.7695977687835693,
            0.03357577696442604
        ],
        [
            0.12864887714385986,
            -0.7759612798690796,
            0.03341662511229515
        ],
        [
            0.1248871237039566,
            -0.7647789120674133,
            0.0347033254802227
        ],
        [
            0.12272017449140549,
            -0.7603139877319336,
            0.03519755229353905
        ],
        [
            0.11864928156137466,
            -0.7562589049339294,
            0.034170348197221756
        ],
        [
            0.11290593445301056,
            -0.7531713247299194,
            0.03159072622656822
        ],
        [
            0.10801427066326141,
            -0.7283709049224854,
            0.04011508449912071
        ],
        [
            0.11656151711940765,
            -0.7329285144805908,
            0.042917367070913315
        ],
        [
            0.12487366050481796,
            -0.8530611991882324,
            0.023586973547935486
        ],
        [
            0.1337204873561859,
            -0.8520506620407104,
            0.02545284479856491
        ],
        [
            0.13436874747276306,
            -0.8440872430801392,
            0.030491001904010773
        ],
        [
            0.13663887977600098,
            -0.8461121320724487,
            0.030379433184862137
        ],
        [
            0.1307394653558731,
            -0.8479875922203064,
            0.02750367298722267
        ],
        [
            0.1300775557756424,
            -0.8453572392463684,
            0.028614569455385208
        ],
        [
            0.14896202087402344,
            -0.8363043069839478,
            0.04498516023159027
        ],
        [
            0.14374426007270813,
            -0.838375449180603,
            0.040800366550683975
        ],
        [
            0.14397688210010529,
            -0.834452211856842,
            0.04244644567370415
        ],
        [
            0.15047436952590942,
            -0.8295316696166992,
            0.04576100409030914
        ],
        [
            0.13597935438156128,
            -0.8271924257278442,
            0.03584633767604828
        ],
        [
            0.14042511582374573,
            -0.8282005786895752,
            0.03883591294288635
        ],
        [
            0.1366526037454605,
            -0.8352006673812866,
            0.036284588277339935
        ],
        [
            0.13330277800559998,
            -0.8344018459320068,
            0.03417868912220001
        ],
        [
            0.12950201332569122,
            -0.8340739011764526,
            0.032297033816576004
        ],
        [
            0.12516632676124573,
            -0.8340469598770142,
            0.031516071408987045
        ],
        [
            0.12540553510189056,
            -0.8287836313247681,
            0.03208788111805916
        ],
        [
            0.13059374690055847,
            -0.8277283906936646,
            0.03349931165575981
        ],
        [
            0.1241740733385086,
            -0.8494033217430115,
            0.0268266424536705
        ],
        [
            0.11682397127151489,
            -0.8485220670700073,
            0.027659930288791656
        ],
        [
            0.11823409795761108,
            -0.8456631302833557,
            0.028322063386440277
        ],
        [
            0.1243210881948471,
            -0.8462303876876831,
            0.027328308671712875
        ],
        [
            0.10835063457489014,
            -0.8391330242156982,
            0.03376508876681328
        ],
        [
            0.10950610041618347,
            -0.841546356678009,
            0.03266344964504242
        ],
        [
            0.10584346204996109,
            -0.8431500792503357,
            0.031883131712675095
        ],
        [
            0.1050666868686676,
            -0.8386425971984863,
            0.032718926668167114
        ],
        [
            0.1073315367102623,
            -0.8356434106826782,
            0.03239648416638374
        ],
        [
            0.10959170758724213,
            -0.8375235795974731,
            0.03320445492863655
        ],
        [
            0.12757757306098938,
            -0.906417727470398,
            0.032406285405159
        ],
        [
            0.1222279965877533,
            -0.8905547857284546,
            0.02365635335445404
        ],
        [
            0.142903134226799,
            -0.899803876876831,
            0.0435226634144783
        ],
        [
            0.153758704662323,
            -0.8888266086578369,
            0.054451338946819305
        ],
        [
            0.1613328605890274,
            -0.875206708908081,
            0.06406215578317642
        ],
        [
            0.14421050250530243,
            -0.773826003074646,
            0.04659644886851311
        ],
        [
            0.14574629068374634,
            -0.7647125720977783,
            0.052631717175245285
        ],
        [
            0.15460370481014252,
            -0.7715760469436646,
            0.06417113542556763
        ],
        [
            0.15252605080604553,
            -0.761176586151123,
            0.06881216168403625
        ],
        [
            0.14369094371795654,
            -0.7542232275009155,
            0.05651445686817169
        ],
        [
            0.1296183466911316,
            -0.7358360886573792,
            0.060327641665935516
        ],
        [
            0.1382373422384262,
            -0.7438327074050903,
            0.05908651277422905
        ],
        [
            0.14756198227405548,
            -0.7509775161743164,
            0.07453927397727966
        ],
        [
            0.15687891840934753,
            -0.7629420161247253,
            0.08893866091966629
        ],
        [
            0.15934862196445465,
            -0.7706224918365479,
            0.08093181252479553
        ],
        [
            0.16237768530845642,
            -0.77836012840271,
            0.10102468729019165
        ],
        [
            0.15233972668647766,
            -0.754440188407898,
            0.1006409153342247
        ],
        [
            0.1599225103855133,
            -0.7771686315536499,
            0.10983666777610779
        ],
        [
            0.13572070002555847,
            -0.7192741632461548,
            0.0968131348490715
        ],
        [
            0.13734450936317444,
            -0.7076647281646729,
            0.09951411187648773
        ],
        [
            0.14894819259643555,
            -0.7129132747650146,
            0.11256563663482666
        ],
        [
            0.14802293479442596,
            -0.7247730493545532,
            0.10923317819833755
        ],
        [
            0.16022352874279022,
            -0.7789793014526367,
            0.07329295575618744
        ],
        [
            0.16342860460281372,
            -0.8426870107650757,
            0.06587313860654831
        ],
        [
            0.15912234783172607,
            -0.842841625213623,
            0.0549684539437294
        ],
        [
            0.16545897722244263,
            -0.8298653960227966,
            0.06902370601892471
        ],
        [
            0.16757170855998993,
            -0.9026650786399841,
            0.08699271827936172
        ],
        [
            0.1590769737958908,
            -0.8976843953132629,
            0.07037147879600525
        ],
        [
            0.1670607328414917,
            -0.8824559450149536,
            0.07621626555919647
        ],
        [
            0.17233681678771973,
            -0.888922929763794,
            0.09162051975727081
        ],
        [
            0.14025560021400452,
            -0.9384195804595947,
            0.07912719994783401
        ],
        [
            0.13509705662727356,
            -0.9252327084541321,
            0.054658181965351105
        ],
        [
            0.14636613428592682,
            -0.9135345220565796,
            0.06207374483346939
        ],
        [
            0.15368065237998962,
            -0.9238107204437256,
            0.08154619485139847
        ],
        [
            0.1756386160850525,
            -0.8895446062088013,
            0.10456740111112595
        ],
        [
            0.17817068099975586,
            -0.8904855251312256,
            0.12369392812252045
        ],
        [
            0.17455749213695526,
            -0.9062057137489319,
            0.13082444667816162
        ],
        [
            0.17117421329021454,
            -0.907458484172821,
            0.10784854739904404
        ],
        [
            0.16341134905815125,
            -0.9266862869262695,
            0.13841941952705383
        ],
        [
            0.15988418459892273,
            -0.9284823536872864,
            0.11072950810194016
        ],
        [
            0.1570708453655243,
            -0.7626248598098755,
            0.12015436589717865
        ],
        [
            0.16052193939685822,
            -0.7819249629974365,
            0.12287713587284088
        ],
        [
            0.1472105234861374,
            -0.7387648820877075,
            0.10387538373470306
        ],
        [
            0.1548054814338684,
            -0.7456538677215576,
            0.11973139643669128
        ],
        [
            0.14651703834533691,
            -0.9414515495300293,
            0.14369256794452667
        ],
        [
            0.1426972597837448,
            -0.945215106010437,
            0.1120050922036171
        ],
        [
            0.16938354074954987,
            -0.8690080046653748,
            0.17287975549697876
        ],
        [
            0.1727098822593689,
            -0.8859539031982422,
            0.16496744751930237
        ],
        [
            0.17716872692108154,
            -0.873454749584198,
            0.14856189489364624
        ],
        [
            0.17457754909992218,
            -0.8593882918357849,
            0.157426118850708
        ],
        [
            0.16073009371757507,
            -0.8778363466262817,
            0.18987306952476501
        ],
        [
            0.1628788709640503,
