{
    "pred_cam": [
        1.8243882656097412,
        -0.022938033565878868,
        0.6027607917785645
    ],
    "pred_smpl_params": {
        "global_orient": [
            [
                [
                    0.962438702583313,
                    0.25041770935058594,
                    -0.10489388555288315
                ],
                [
                    0.16762296855449677,
                    -0.8519918918609619,
                    -0.49599647521972656
                ],
                [
                    -0.21357500553131104,
                    0.4597835838794708,
                    -0.8619657158851624
                ]
            ]
        ],
        "body_pose": [
            [
                [
                    0.9926538467407227,
                    -0.11749731004238129,
                    -0.02885896898806095
                ],
                [
                    0.11098161339759827,
                    0.7892740368843079,
                    0.6039285659790039
                ],
                [
                    -0.04818233847618103,
                    -0.6026947498321533,
                    0.796515941619873
                ]
            ],
            [
                [
                    0.9866035580635071,
                    0.15406933426856995,
                    0.05362912639975548
                ],
                [
                    -0.15681087970733643,
                    0.8049878478050232,
                    0.5721930265426636
                ],
                [
                    0.04498661309480667,
                    -0.5729373097419739,
                    0.818363606929779
                ]
            ],
            [
                [
                    0.999800980091095,
                    0.018881622701883316,
                    -0.006441980600357056
                ],
                [
                    -0.019869277253746986,
                    0.9133257269859314,
                    -0.4067446291446686
                ],
                [
                    -0.0017963757272809744,
                    0.40679168701171875,
                    0.9135191440582275
                ]
            ],
            [
                [
                    0.9802795052528381,
                    0.1025238037109375,
                    -0.168940469622612
                ],
                [
                    -0.1537778228521347,
                    -0.14117014408111572,
                    -0.9779689311981201
                ],
                [
                    -0.12411445379257202,
                    0.9846622347831726,
                    -0.12262031435966492
                ]
            ],
            [
                [
                    0.9764166474342346,
                    -0.10163110494613647,
                    0.1904778629541397
                ],
                [
                    0.18208792805671692,
                    -0.08635323494672775,
                    -0.9794831275939941
                ],
                [
                    0.11599424481391907,
                    0.9910672307014465,
                    -0.06581094115972519
                ]
            ],
            [
                [
                    0.9988622665405273,
                    -0.0471387654542923,
                    -0.007222323212772608
                ],
                [
                    0.04743383824825287,
                    0.9977020025253296,
                    0.04838056117296219
                ],
                [
                    0.00492512620985508,
                    -0.04866809770464897,
                    0.9988028407096863
                ]
            ],
            [
                [
                    0.9362786412239075,
                    -0.130518838763237,
                    0.3261086940765381
                ],
                [
                    0.02063111402094364,
                    0.9472336173057556,
                    0.3198791742324829
                ],
                [
                    -0.35065144300460815,
                    -0.2927681505680084,
                    0.8895673751831055
                ]
            ],
            [
                [
                    0.943581759929657,
                    0.05413350835442543,
                    -0.3266846835613251
                ],
                [
                    0.028336742892861366,
                    0.9697284698486328,
                    0.24253608286380768
                ],
                [
                    0.3299247622489929,
                    -0.23810984194278717,
                    0.9134841561317444
                ]
            ],
            [
                [
                    0.9994547367095947,
                    -0.02609006129205227,
                    -0.020238121971488
                ],
                [
                    0.02617284655570984,
                    0.9996500611305237,
                    0.00383628043346107
                ],
                [
                    0.020130950957536697,
                    -0.004363877698779106,
                    0.9997878670692444
                ]
            ],
            [
                [
                    0.9950529932975769,
                    -0.08648467063903809,
                    -0.04888814315199852
                ],
                [
                    0.09121109545230865,
                    0.9903270602226257,
                    0.10455983132123947
                ],
                [
                    0.039372432976961136,
                    -0.10850170254707336,
                    0.9933162927627563
                ]
            ],
            [
                [
                    0.9935522675514221,
                    0.08655772358179092,
                    0.07322458922863007
                ],
                [
                    -0.09806706011295319,
                    0.980215847492218,
                    0.17192944884300232
                ],
                [
                    -0.056894075125455856,
                    -0.1780017763376236,
                    0.9823841452598572
                ]
            ],
            [
                [
                    0.9945673942565918,
                    -0.039595168083906174,
                    0.09626959264278412
                ],
                [
                    0.053775958716869354,
                    0.9872995018959045,
                    -0.14949184656143188
                ],
                [
                    -0.08912776410579681,
                    0.15385670959949493,
                    0.9840651750564575
                ]
            ],
            [
                [
                    0.8787790536880493,
                    -0.09636256098747253,
                    -0.46739867329597473
                ],
                [
                    0.20619894564151764,
                    0.9599303603172302,
                    0.18977795541286469
                ],
                [
                    0.43038269877433777,
                    -0.26315003633499146,
                    0.8634365797042847
                ]
            ],
            [
                [
                    0.9352239370346069,
                    0.04965716972947121,
                    0.3505570888519287
                ],
                [
                    -0.11618758738040924,
                    0.9783289432525635,
                    0.17138545215129852
                ],
                [
                    -0.3344495892524719,
                    -0.2010141760110855,
                    0.9207261800765991
                ]
            ],
            [
                [
                    0.9969789981842041,
                    -0.06083878502249718,
                    0.04828659072518349
                ],
                [
                    0.06755228340625763,
                    0.9860003590583801,
                    -0.152446910738945
                ],
                [
                    -0.038335904479026794,
                    0.15524822473526,
                    0.9871314764022827
                ]
            ],
            [
                [
                    0.7963888049125671,
                    0.1134830042719841,
                    -0.5940425395965576
                ],
                [
                    0.12770876288414001,
                    0.9285331964492798,
                    0.34859222173690796
                ],
                [
                    0.5911475419998169,
                    -0.3534793555736542,
                    0.7249806523323059
                ]
            ],
            [
                [
                    0.9280468225479126,
                    -0.14549873769283295,
                    0.3428691029548645
                ],
                [
                    0.03608904033899307,
                    0.9513393044471741,
                    0.30602461099624634
                ],
                [
                    -0.3707110583782196,
                    -0.2716313600540161,
                    0.8881383538246155
                ]
            ],
            [
                [
                    0.20662790536880493,
                    -0.16411086916923523,
                    -0.9645581841468811
                ],
                [
                    0.49947285652160645,
                    0.8653943538665771,
                    -0.04024184122681618
                ],
                [
                    0.8413273692131042,
                    -0.473455548286438,
                    0.2607835531234741
                ]
            ],
            [
                [
                    0.2439996749162674,
                    0.23981241881847382,
                    0.9396563768386841
                ],
                [
                    -0.5647680163383484,
                    0.8228153586387634,
                    -0.06334030628204346
                ],
                [
                    -0.7883535027503967,
                    -0.5152328610420227,
                    0.33620506525039673
                ]
            ],
            [
                [
                    0.9790423512458801,
                    -0.1981099247932434,
                    -0.047206226736307144
                ],
                [
                    0.1828429251909256,
                    0.95712810754776,
                    -0.22466477751731873
                ],
                [
                    0.08969072252511978,
                    0.2113250344991684,
                    0.9732919335365295
                ]
            ],
            [
                [
                    0.9863590002059937,
                    0.16109967231750488,
                    0.03380335867404938
                ],
                [
                    -0.15527741611003876,
                    0.978775143623352,
                    -0.1337461769580841
                ],
                [
                    -0.05463235825300217,
                    0.1266728639602661,
                    0.9904388189315796
                ]
            ],
            [
                [
                    0.995813250541687,
                    0.08155421167612076,
                    -0.04128856211900711
                ],
                [
                    -0.08238153904676437,
                    0.9964245557785034,
                    -0.018746010959148407
                ],
                [
                    0.039612121880054474,
                    0.022068941965699196,
                    0.9989713430404663
                ]
            ],
            [
                [
                    0.9953050017356873,
                    -0.09445654600858688,
                    0.021117914468050003
                ],
                [
                    0.0940651074051857,
                    0.9953880906105042,
                    0.018820244818925858
                ],
                [
                    -0.022798217833042145,
                    -0.016745423898100853,
                    0.999599814414978
                ]
            ]
        ],
        "betas": [
            -0.026922479271888733,
            -0.048534512519836426,
            -0.13673268258571625,
            -0.09064587950706482,
            0.07689952850341797,
            -0.05178316682577133,
            -0.06830772757530212,
            -0.020664840936660767,
            0.05289448797702789,
            -0.022166550159454346
        ]
    },
    "pred_cam_t": [
        -0.022938033565878868,
        0.6027607917785645,
        21.411287307739258
    ],
    "focal_length": [
        5000.0,
        5000.0
    ],
    "pred_keypoints_3d": [
        [
            0.08795326203107834,
            -0.7974299192428589,
            0.0027326084673404694
        ],
        [
            0.10094991326332092,
            -0.6889835000038147,
            0.16068391501903534
        ],
        [
            -0.0755428820848465,
            -0.6589357256889343,
            0.17359159886837006
        ],
        [
            -0.30086013674736023,
            -0.719925045967102,
            0.07007285952568054
        ],
        [
            -0.24375618994235992,
            -0.9533313512802124,
            -0.01700739562511444
        ],
        [
            0.2440243363380432,
            -0.6320406794548035,
            0.08460801839828491
        ],
        [
            0.3342820703983307,
            -0.7337543964385986,
            -0.1388482004404068
        ],
        [
            0.22215554118156433,
            -0.9547023773193359,
            -0.1098056435585022
        ],
        [
            -0.00168317137286067,
            -0.2217208743095398,
            0.028480980545282364
        ],
        [
            -0.08933629095554352,
            -0.15405793488025665,
            0.0051873307675123215
        ],
        [
            -0.2813549041748047,
            -0.01309862732887268,
            -0.29579609632492065
        ],
        [
            -0.24845300614833832,
            0.3150736689567566,
            -0.06884045898914337
        ],
        [
            0.043500274419784546,
            -0.12893885374069214,
            -0.022491861134767532
        ],
        [
            0.02148132026195526,
            0.026033058762550354,
            -0.3645322024822235
        ],
        [
            -0.024889126420021057,
            0.33323395252227783,
            -0.11255794763565063
        ],
        [
            0.05828068405389786,
            -0.8369229435920715,
            0.03856588900089264
        ],
        [
            0.12459951639175415,
            -0.8372782468795776,
            0.030258551239967346
        ],
        [
            0.02739667147397995,
            -0.8233392238616943,
            0.13940297067165375
        ],
        [
            0.1739250123500824,
            -0.8251195549964905,
            0.11916007846593857
        ],
        [
            -0.023740820586681366,
            0.4324367642402649,
            -0.2845309376716614
        ],
        [
            0.03977847844362259,
            0.43080854415893555,
            -0.23199991881847382
        ],
        [
            -0.01579476147890091,
            0.34620845317840576,
            -0.04415154457092285
        ],
        [
            -0.3410835862159729,
            0.4007262587547302,
            -0.220026433467865
        ],
        [
            -0.38170120120048523,
            0.38196784257888794,
            -0.14701205492019653
        ],
        [
            -0.22927825152873993,
            0.3436352610588074,
            -0.0016114413738250732
        ],
        [
            -0.25860345363616943,
            0.25746700167655945,
            -0.060136578977108
        ],
        [
            -0.2624553442001343,
            -0.042717233300209045,
            -0.26750755310058594
        ],
        [
            -0.13620813190937042,
            -0.25961798429489136,
            0.09211952239274979
        ],
        [
            0.15168583393096924,
            -0.19151881337165833,
            0.03473469242453575
        ],
        [
            0.03888595104217529,
            0.009306243620812893,
            -0.34518295526504517
        ],
        [
            -0.006840841379016638,
            0.29286107420921326,
            -0.10824114084243774
        ],
        [
            -0.21552276611328125,
            -0.933782696723938,
            -0.0030506947077810764
        ],
        [
            -0.28763091564178467,
            -0.7444583177566528,
            0.09634871780872345
        ],
        [
            -0.04267256334424019,
            -0.6766265034675598,
            0.18159131705760956
        ],
        [
            0.23445409536361694,
            -0.65297532081604,
            0.11026632785797119
        ],
        [
            0.34247446060180664,
            -0.7538365721702576,
            -0.10012518614530563
        ],
        [
            0.22791656851768494,
            -0.945173442363739,
            -0.09066329896450043
        ],
        [
            0.10464012622833252,
            -0.6886295080184937,
            0.16114996373653412
        ],
        [
            0.10318153351545334,
            -0.876615047454834,
            0.11217620968818665
        ],
        [
            0.007794875651597977,
            -0.22560077905654907,
            0.06352810561656952
        ],
        [
            0.09439710527658463,
            -0.6560303568840027,
            0.14407265186309814
        ],
        [
            0.05959366634488106,
            -0.45568597316741943,
            0.1272149533033371
        ],
        [
            0.10259488970041275,
            -0.7689797878265381,
            0.07781337946653366
        ],
        [
            0.09940536320209503,
            -0.8955357074737549,
            0.12137415260076523
        ]
    ],
    "pred_vertices": [
        [
            0.13581092655658722,
            -0.8833781480789185,
            0.02797141671180725
        ],
        [
            0.12936504185199738,
            -0.8693920373916626,
            0.02268034964799881
        ],
        [
            0.1414204239845276,
            -0.8662283420562744,
            0.02978668361902237
        ],
        [
            0.1475944221019745,
            -0.8762519359588623,
            0.0386456623673439
        ],
        [
            0.1369396448135376,
            -0.8569583892822266,
            0.02454517036676407
        ],
        [
            0.1261264532804489,
            -0.858507513999939,
            0.019342057406902313
        ],
        [
            0.14938180148601532,
            -0.8597652912139893,
            0.03922322392463684
        ],
        [
            0.15509186685085297,
            -0.8670167922973633,
            0.0498465821146965
        ],
        [
            0.1567045897245407,
            -0.8230363726615906,
            0.05011279135942459
        ],
        [
            0.1612643152475357,
            -0.817863941192627,
            0.05944784730672836
        ],
        [
            0.16075915098190308,
            -0.8305689096450806,
            0.057402580976486206
        ],
        [
            0.15483419597148895,
            -0.832312822341919,
            0.04931213706731796
        ],
        [
            0.1550777405500412,
            -0.7974506616592407,
            0.05365891754627228
        ],
        [
            0.1479642391204834,
            -0.7884804010391235,
            0.04587603360414505
        ],
        [
            0.15107975900173187,
            -0.7791438698768616,
            0.05531242489814758
        ],
        [
            0.1571395993232727,
            -0.7876260876655579,
            0.06401265412569046
        ],
        [
            0.11382018029689789,
            -0.8034392595291138,
            0.026190705597400665
        ],
        [
            0.11914913356304169,
            -0.7966675162315369,
            0.026556335389614105
        ],
        [
            0.1231905072927475,
            -0.8032510280609131,
            0.02690914273262024
        ],
        [
            0.11704877763986588,
            -0.8092014789581299,
            0.02695014327764511
        ],
        [
            0.10382948070764542,
            -0.8134875297546387,
            0.021108023822307587
        ],
        [
            0.10512784123420715,
            -0.8188931941986084,
            0.024440772831439972
        ],
        [
            0.09993354976177216,
            -0.8229414224624634,
            0.019814908504486084
        ],
        [
            0.09925626963376999,
            -0.8168087005615234,
            0.015491507947444916
        ],
        [
            0.10849509388208389,
            -0.7982156276702881,
            0.02630280703306198
        ],
        [
            0.11412899196147919,
            -0.7913236618041992,
            0.027487672865390778
        ],
        [
            0.10901036113500595,
            -0.8091042041778564,
            0.025329016149044037
        ],
        [
            0.10672874003648758,
            -0.8049687147140503,
            0.023013480007648468
        ],
        [
            0.10242658853530884,
            -0.7992512583732605,
            0.013141177594661713
        ],
        [
            0.10425036400556564,
            -0.8039300441741943,
            0.014454536139965057
        ],
        [
            0.10021384060382843,
            -0.8052365183830261,
            0.00786510854959488
        ],
        [
            0.09889933466911316,
            -0.7995738387107849,
            0.008724205195903778
        ],
        [
            0.10621456801891327,
            -0.7984342575073242,
            0.02176225185394287
        ],
        [
            0.10654419660568237,
            -0.8013917207717896,
            0.01907145231962204
        ],
        [
            0.1036415845155716,
            -0.7978092432022095,
            0.017008371651172638
        ],
        [
            0.10256167501211166,
            -0.7956050038337708,
            0.020232558250427246
        ],
        [
            0.10297506302595139,
            -0.8095604181289673,
            0.018223494291305542
        ],
        [
            0.09930922836065292,
            -0.8115502595901489,
            0.011663220822811127
        ],
        [
            0.0947490930557251,
            -0.8132425546646118,
            0.005011454224586487
        ],
        [
            0.09525091201066971,
            -0.8049510717391968,
            0.0015509650111198425
        ],
        [
            0.13018587231636047,
            -0.7827569246292114,
            0.032181814312934875
        ],
        [
            0.1251254826784134,
            -0.7899569272994995,
            0.02824477106332779
        ],
        [
            0.1200060248374939,
            -0.7851051092147827,
            0.02843666821718216
        ],
        [
            0.12485400587320328,
            -0.779341995716095,
            0.030908849090337753
        ],
        [
            0.10419148951768875,
            -0.7922136783599854,
            0.02345677837729454
        ],
        [
            0.10750103741884232,
            -0.7763383388519287,
            0.023419495671987534
        ],
        [
            0.10785860568284988,
            -0.780055046081543,
            0.023049436509609222
        ],
        [
            0.10152581334114075,
            -0.7811187505722046,
            0.019689064472913742
        ],
        [
            0.1018771082162857,
            -0.7776198387145996,
            0.020159371197223663
        ],
        [
            0.13564082980155945,
            -0.7681100368499756,
            0.04060114175081253
        ],
        [
            0.129721999168396,
            -0.7671211957931519,
            0.03649154677987099
        ],
        [
            0.13024169206619263,
            -0.7601149082183838,
            0.03921964764595032
        ],
        [
            0.13554184138774872,
            -0.7597146034240723,
            0.04451756924390793
        ],
        [
            0.1277431845664978,
            -0.7543710470199585,
            0.04060567170381546
        ],
        [
            0.13417641818523407,
            -0.7517686486244202,
            0.04794074222445488
        ],
        [
            0.12492073327302933,
            -0.7377265691757202,
            0.04879402741789818
        ],
        [
            0.1296277493238449,
            -0.7438312768936157,
            0.048518989235162735
        ],
        [
            0.12379662692546844,
            -0.7487330436706543,
            0.04053708538413048
        ],
        [
            0.11824490875005722,
            -0.7437204122543335,
            0.037781719118356705
        ],
        [
            0.1058085486292839,
            -0.7487553358078003,
            0.030335955321788788
        ],
        [
            0.09986063838005066,
            -0.7476198673248291,
            0.02816210314631462
        ],
        [
            0.1041894182562828,
            -0.7354813814163208,
            0.030432749539613724
        ],
        [
            0.11099644005298615,
            -0.7386901378631592,
            0.03338666260242462
        ],
        [
            0.10776296257972717,
            -0.770154595375061,
            0.027759425342082977
        ],
        [
            0.11182598769664764,
            -0.7702030539512634,
            0.03031795471906662
        ],
        [
            0.1119665801525116,
            -0.7716355323791504,
            0.027968578040599823
        ],
        [
            0.10767732560634613,
            -0.7728778123855591,
            0.025039993226528168
        ],
        [
            0.11539651453495026,
            -0.7698480486869812,
            0.03185218572616577
        ],
        [
            0.11708308011293411,
            -0.7694816589355469,
            0.03245130181312561
        ],
        [
            0.1168421059846878,
            -0.7707868814468384,
            0.03127332031726837
        ],
        [
            0.11534786224365234,
            -0.7707313299179077,
            0.031207874417304993
        ],
        [
            0.11332129687070847,
            -0.7704063653945923,
            0.030712760984897614
        ],
        [
            0.11232288926839828,
            -0.7684836387634277,
            0.030349861830472946
        ],
        [
            0.11444821953773499,
            -0.7690819501876831,
            0.031357940286397934
        ],
        [
            0.10863017290830612,
            -0.7677311301231384,
            0.027807310223579407
        ],
        [
            0.09539172798395157,
            -0.7657508850097656,
            0.020966045558452606
        ],
        [
            0.09953393042087555,
            -0.766028881072998,
            0.022100355476140976
        ],
        [
            0.09829273819923401,
            -0.770392894744873,
            0.022890131920576096
        ],
        [
            0.0947115495800972,
            -0.7706027626991272,
            0.02190474420785904
        ],
        [
            0.11485718190670013,
            -0.7730951309204102,
            0.029606632888317108
        ],
        [
            0.11771063506603241,
            -0.7742106318473816,
            0.029853444546461105
        ],
        [
            0.11374987661838531,
            -0.7770473957061768,
            0.026669371873140335
        ],
        [
            0.11256332695484161,
            -0.7743730545043945,
            0.027479413896799088
        ],
        [
            0.12051383405923843,
            -0.7760359048843384,
            0.029603034257888794
        ],
        [
            0.119164377450943,
            -0.7719241380691528,
            0.03158802539110184
        ],
        [
            0.1220303326845169,
            -0.7727071046829224,
            0.03198704868555069
        ],
        [
            0.11648853868246078,
            -0.7677700519561768,
            0.03246790170669556
        ],
        [
            0.11922724545001984,
            -0.7659703493118286,
            0.033720239996910095
        ],
        [
            0.11982095241546631,
            -0.7685617804527283,
            0.03259975463151932
        ],
        [
            0.11711911112070084,
            -0.7627772092819214,
            0.03346501663327217
        ],
        [
            0.11394374072551727,
            -0.7659199237823486,
            0.031618133187294006
        ],
        [
            0.11024141311645508,
            -0.7641618251800537,
            0.029182586818933487
        ],
        [
            0.10539939999580383,
            -0.7626470923423767,
            0.0261467844247818
        ],
        [
            0.10791956633329391,
            -0.7577142715454102,
            0.029048074036836624
        ],
        [
            0.11319850385189056,
            -0.7598958611488342,
            0.03160683065652847
        ],
        [
            0.11576298624277115,
            -0.7810100317001343,
            0.027072861790657043
        ],
        [
            0.12409727275371552,
            -0.7678667306900024,
            0.03433386608958244
        ],
        [
            0.12767460942268372,
            -0.7742184400558472,
            0.03401096165180206
        ],
        [
            0.12388715893030167,
            -0.7630742192268372,
            0.035562556236982346
        ],
        [
            0.12171033769845963,
            -0.7586313486099243,
            0.03615928068757057
        ],
        [
            0.11762399971485138,
            -0.7545813918113708,
            0.035243742167949677
        ],
        [
            0.11184467375278473,
            -0.751419186592102,
            0.03276495262980461
        ],
        [
            0.10694476962089539,
            -0.7268074750900269,
            0.04180627688765526
        ],
        [
            0.11552909016609192,
            -0.7314445972442627,
            0.044449228793382645
        ],
        [
            0.12406283617019653,
            -0.8511389493942261,
            0.02243848890066147
        ],
        [
            0.1329217553138733,
            -0.8501495122909546,
            0.024273008108139038
        ],
        [
            0.1335621476173401,
            -0.8422880172729492,
            0.029511764645576477
        ],
        [
            0.13584572076797485,
            -0.8442730903625488,
            0.02933467924594879
        ],
        [
            0.1299312710762024,
            -0.8461393117904663,
            0.026451915502548218
        ],
        [
            0.12926539778709412,
            -0.8435271978378296,
            0.027630172669887543
        ],
        [
            0.14819416403770447,
            -0.8347947597503662,
            0.04410777986049652
        ],
        [
            0.1429610550403595,
            -0.8367792367935181,
            0.03990352153778076
        ],
        [
            0.14318856596946716,
            -0.8329005837440491,
            0.04163961857557297
        ],
        [
            0.14969083666801453,
            -0.8280382752418518,
            0.04502832144498825
        ],
        [
            0.13513699173927307,
            -0.825512707233429,
            0.03526673465967178
        ],
        [
            0.13960173726081848,
            -0.8265827894210815,
            0.03819955885410309
        ],
        [
            0.13584131002426147,
            -0.8335181474685669,
            0.03551044315099716
        ],
        [
            0.13247987627983093,
            -0.8326765298843384,
            0.033443860709667206
        ],
        [
            0.12867020070552826,
            -0.8323173522949219,
            0.031591109931468964
        ],
        [
            0.12432883679866791,
            -0.8322917819023132,
            0.03083781898021698
        ],
        [
            0.12455525249242783,
            -0.8270379900932312,
            0.031528569757938385
        ],
        [
            0.12974733114242554,
            -0.8260020613670349,
            0.03293823450803757
        ],
        [
            0.12336641550064087,
            -0.8475529551506042,
            0.025780007243156433
        ],
        [
            0.11601242423057556,
            -0.8467124700546265,
            0.02666684240102768
        ],
        [
            0.11741875112056732,
            -0.8438595533370972,
            0.02739015966653824
        ],
        [
            0.12350460886955261,
            -0.844386100769043,
            0.02635430544614792
        ],
        [
            0.10753108561038971,
            -0.8374788761138916,
            0.033040814101696014
        ],
        [
            0.10869066417217255,
            -0.8398662805557251,
            0.03187444806098938
        ],
        [
            0.10502727329730988,
            -0.8414589166641235,
            0.031066887080669403
        ],
        [
            0.10423919558525085,
            -0.8369706869125366,
            0.03201746940612793
        ],
        [
            0.10649289190769196,
            -0.8339570164680481,
            0.03175971657037735
        ],
        [
            0.1087631806731224,
            -0.8358502388000488,
            0.03251756727695465
        ],
        [
            0.12699034810066223,
            -0.9046841859817505,
            0.029956169426441193
        ],
        [
            0.12153055518865585,
            -0.8886737823486328,
            0.02160487323999405
        ],
        [
            0.14234864711761475,
            -0.8982999920845032,
            0.041160114109516144
        ],
        [
            0.15321360528469086,
            -0.887536346912384,
            0.052310846745967865
        ],
        [
            0.16079336404800415,
            -0.8740979433059692,
            0.06223106384277344
        ],
        [
            0.14329250156879425,
            -0.7723464965820312,
            0.047146961092948914
        ],
        [
            0.14483031630516052,
            -0.7633733749389648,
            0.05337318778038025
        ],
        [
            0.15376193821430206,
            -0.770478367805481,
            0.0647224485874176
        ],
        [
            0.15169142186641693,
            -0.7601866126060486,
            0.06957952678203583
        ],
        [
            0.142767071723938,
            -0.753000795841217,
            0.057488881051540375
        ],
        [
            0.12872746586799622,
            -0.7346915602684021,
            0.06164328008890152
        ],
        [
            0.137333944439888,
            -0.7426798343658447,
            0.060256388038396835
        ],
        [
            0.14677616953849792,
            -0.7501051425933838,
            0.07548395544290543
        ],
        [
            0.1562209129333496,
            -0.7623386383056641,
            0.08960015326738358
        ],
        [
            0.15862873196601868,
            -0.769898533821106,
            0.08145955204963684
        ],
        [
            0.16180577874183655,
            -0.7780078053474426,
            0.10135200619697571
        ],
        [
            0.15173768997192383,
            -0.7540637254714966,
            0.10139967501163483
        ],
        [
            0.15936395525932312,
            -0.777008593082428,
            0.11018602550029755
        ],
        [
            0.13491827249526978,
            -0.7190558910369873,
            0.09801008552312851
        ],
        [
            0.13647626340389252,
            -0.7076201438903809,
            0.10078409314155579
        ],
        [
            0.14812958240509033,
            -0.7129810452461243,
            0.11376762390136719
        ],
        [
            0.14725922048091888,
            -0.7247110605239868,
            0.11034882813692093
        ],
        [
            0.1594647467136383,
            -0.778056263923645,
            0.07364529371261597
        ],
        [
            0.16279327869415283,
            -0.841606616973877,
            0.06479379534721375
        ],
        [
            0.15842439234256744,
            -0.8415628671646118,
            0.053914450109004974
        ],
        [
            0.16479408740997314,
            -0.8289055228233337,
            0.06822420656681061
        ],
        [
            0.16717477142810822,
            -0.9020597338676453,
            0.08451014012098312
        ],
        [
            0.15859881043434143,
            -0.896721601486206,
            0.06803381443023682
        ],
        [
            0.16658687591552734,
            -0.8816410899162292,
            0.07419510185718536
        ],
        [
            0.17192935943603516,
            -0.8884334564208984,
            0.0894336923956871
        ],
        [
            0.13990753889083862,
            -0.9377444982528687,
            0.07593275606632233
        ],
        [
            0.1346365362405777,
            -0.92399001121521,
            0.05174877494573593
        ],
        [
            0.14589513838291168,
            -0.912431001663208,
            0.05941680818796158
        ],
        [
            0.1533116102218628,
            -0.923153281211853,
            0.07863722741603851
        ],
        [
            0.17529019713401794,
            -0.8893198370933533,
            0.10235035419464111
        ],
        [
            0.17793512344360352,
            -0.8906927108764648,
            0.12143035978078842
        ],
        [
            0.17438706755638123,
            -0.9065961837768555,
            0.1282084584236145
        ],
        [
            0.17088937759399414,
            -0.9073390960693359,
            0.10523150861263275
        ],
        [
            0.16332516074180603,
            -0.9272961616516113,
            0.13539457321166992
        ],
        [
            0.15966925024986267,
            -0.9284710884094238,
            0.1076611801981926
        ],
        [
            0.15647433698177338,
            -0.7626517415046692,
            0.12073519825935364
        ],
        [
            0.15996664762496948,
            -0.7820329666137695,
            0.12312183529138565
        ],
        [
            0.14652150869369507,
            -0.7385154962539673,
            0.10484793782234192
        ],
        [
            0.1541365385055542,
            -0.7456857562065125,
            0.12057563662528992
        ],
        [
            0.14646638929843903,
            -0.9422452449798584,
            0.14040815830230713
        ],
        [
            0.14251609146595,
            -0.9452754855155945,
            0.10863791406154633
        ],
        [
            0.1693362295627594,
            -0.8703123331069946,
            0.17111477255821228
        ],
        [
            0.1726437509059906,
            -0.887100100517273,
            0.16280701756477356
        ],
        [
            0.17699295282363892,
            -0.8742035627365112,
            0.14667066931724548
        ],
        [
            0.1744099259376526,
            -0.8603292107582092,
            0.1558699607849121
        ],
        [
            0.1607728749513626,
            -0.8795435428619385,
            0.18793818354606628
        ],
        [
            0.1629173904657364,
