{
    "pred_cam": [
        1.8090193271636963,
        -0.01377139426767826,
        0.6033247709274292
    ],
    "pred_smpl_params": {
        "global_orient": [
            [
                [
                    0.9642573595046997,
                    0.24401593208312988,
                    -0.10326620936393738
                ],
                [
                    0.1593109667301178,
                    -0.8453352451324463,
                    -0.5099295973777771
                ],
                [
                    -0.21172553300857544,
                    0.4752519428730011,
                    -0.853995144367218
                ]
            ]
        ],
        "body_pose": [
            [
                [
                    0.9952995777130127,
                    -0.09289628267288208,
                    -0.027367746457457542
                ],
                [
                    0.08993114531040192,
                    0.7817302346229553,
                    0.6170981526374817
                ],
                [
                    -0.035931941121816635,
                    -0.6166588068008423,
                    0.7864100337028503
                ]
            ],
            [
                [
                    0.9904486536979675,
                    0.1229708269238472,
                    0.06236696615815163
                ],
                [
                    -0.13590693473815918,
                    0.7943977117538452,
                    0.5919981002807617
                ],
                [
                    0.023254316300153732,
                    -0.5948198437690735,
                    0.8035227060317993
                ]
            ],
            [
                [
                    0.9998331069946289,
                    0.014160926453769207,
                    -0.01153660286217928
                ],
                [
                    -0.017720116302371025,
                    0.9051937460899353,
                    -0.42462944984436035
                ],
                [
                    0.00442971708253026,
                    0.4247630834579468,
                    0.9052935838699341
                ]
            ],
            [
                [
                    0.9804043173789978,
                    0.11604545265436172,
                    -0.15918780863285065
                ],
                [
                    -0.14244823157787323,
                    -0.14055569469928741,
                    -0.9797716736793518
                ],
                [
                    -0.1360727995634079,
                    0.9832484722137451,
                    -0.12127093970775604
                ]
            ],
            [
                [
                    0.9766351580619812,
                    -0.10178737342357635,
                    0.18926995992660522
                ],
                [
                    0.1805737465620041,
                    -0.08884192258119583,
                    -0.9795408248901367
                ],
                [
                    0.1165199726819992,
                    0.990831196308136,
                    -0.0683860182762146
                ]
            ],
            [
                [
                    0.9989805221557617,
                    -0.044161684811115265,
                    -0.009364871308207512
                ],
                [
                    0.044611308723688126,
                    0.9974896311759949,
                    0.05499296262860298
                ],
                [
                    0.006912780925631523,
                    -0.05535467714071274,
                    0.9984428286552429
                ]
            ],
            [
                [
                    0.9350445866584778,
                    -0.1320144385099411,
                    0.32903486490249634
                ],
                [
                    0.022849543020129204,
                    0.948597252368927,
                    0.3156600594520569
                ],
                [
                    -0.353793203830719,
                    -0.2876378893852234,
                    0.8899971842765808
                ]
            ],
            [
                [
                    0.9445188641548157,
                    0.05286651849746704,
                    -0.3241747319698334
                ],
                [
                    0.02682042308151722,
                    0.9712523818016052,
                    0.2365364134311676
                ],
                [
                    0.3273603320121765,
                    -0.23210760951042175,
                    0.9159482717514038
                ]
            ],
            [
                [
                    0.9995590448379517,
                    -0.021366124972701073,
                    -0.020621104165911674
                ],
                [
                    0.021405253559350967,
                    0.9997695088386536,
                    0.001678499742411077
                ],
                [
                    0.020580487325787544,
                    -0.0021191593259572983,
                    0.9997860193252563
                ]
            ],
            [
                [
                    0.9950979948043823,
                    -0.08338497579097748,
                    -0.05316847190260887
                ],
                [
                    0.08863421529531479,
                    0.9904593229293823,
                    0.10551954060792923
                ],
                [
                    0.04386246204376221,
                    -0.10971482843160629,
                    0.9929948449134827
                ]
            ],
            [
                [
                    0.9934328198432922,
                    0.08443226665258408,
                    0.07721680402755737
                ],
                [
                    -0.09684673696756363,
                    0.9798752665519714,
                    0.1745428442955017
                ],
                [
                    -0.060925789177417755,
                    -0.1808747798204422,
                    0.9816172122955322
                ]
            ],
            [
                [
                    0.9948946237564087,
                    -0.04135413467884064,
                    0.09205682575702667
                ],
                [
                    0.05470985546708107,
                    0.9875251054763794,
                    -0.14765098690986633
                ],
                [
                    -0.08480246365070343,
                    0.15193359553813934,
                    0.9847459197044373
                ]
            ],
            [
                [
                    0.8787901401519775,
                    -0.09355740249156952,
                    -0.4679475724697113
                ],
                [
                    0.20393122732639313,
                    0.9601708650588989,
                    0.19100786745548248
                ],
                [
                    0.43143942952156067,
                    -0.26328495144844055,
                    0.8628679513931274
                ]
            ],
            [
                [
                    0.9364170432090759,
                    0.05613166466355324,
                    0.3463701903820038
                ],
                [
                    -0.12094113230705261,
                    0.9782658219337463,
                    0.16843150556087494
                ],
                [
                    -0.3293877840042114,
                    -0.1996125429868698,
                    0.922853410243988
                ]
            ],
            [
                [
                    0.9967448115348816,
                    -0.0611414834856987,
                    0.05254990980029106
                ],
                [
                    0.06767052412033081,
                    0.9887903332710266,
                    -0.133094921708107
                ],
                [
                    -0.043823227286338806,
                    0.13621775805950165,
                    0.9897091388702393
                ]
            ],
            [
                [
                    0.797961413860321,
                    0.11898290365934372,
                    -0.590847373008728
                ],
                [
                    0.12099389731884003,
                    0.9287394285202026,
                    0.35043326020240784
                ],
                [
                    0.5904389023780823,
                    -0.3511211574077606,
                    0.7267020344734192
                ]
            ],
            [
                [
                    0.9318733215332031,
                    -0.15239429473876953,
                    0.32922330498695374
                ],
                [
                    0.04887272045016289,
                    0.9519543647766113,
                    0.3023151159286499
                ],
                [
                    -0.35947662591934204,
                    -0.265629380941391,
                    0.894548773765564
                ]
            ],
            [
                [
                    0.20619416236877441,
                    -0.163729727268219,
                    -0.9647157788276672
                ],
                [
                    0.5017700791358948,
                    0.8641029000282288,
                    -0.03940773755311966
                ],
                [
                    0.8400658965110779,
                    -0.47593986988067627,
                    0.26032763719558716
                ]
            ],
            [
                [
                    0.24624913930892944,
                    0.24310550093650818,
                    0.938222348690033
                ],
                [
                    -0.5634120106697083,
                    0.823573648929596,
                    -0.06552346795797348
                ],
                [
                    -0.7886243462562561,
                    -0.5124706029891968,
                    0.3397728502750397
                ]
            ],
            [
                [
                    0.9782723784446716,
                    -0.20209136605262756,
                    -0.046284712851047516
                ],
                [
                    0.18661591410636902,
                    0.9555937647819519,
                    -0.228068009018898
                ],
                [
                    0.09031996130943298,
                    0.21447516977787018,
                    0.9725444316864014
                ]
            ],
            [
                [
                    0.9862298369407654,
                    0.16214226186275482,
                    0.03256830945611
                ],
                [
                    -0.15642493963241577,
                    0.9784814715385437,
                    -0.134555846452713
                ],
                [
                    -0.053684674203395844,
                    0.12760847806930542,
                    0.9903706908226013
                ]
            ],
            [
                [
                    0.9954172372817993,
                    0.0845494419336319,
                    -0.04467637091875076
                ],
                [
                    -0.0854124128818512,
                    0.9961872100830078,
                    -0.017770448699593544
                ],
                [
                    0.04300354793667793,
                    0.021504927426576614,
                    0.9988434910774231
                ]
            ],
            [
                [
                    0.9949529767036438,
                    -0.09650004655122757,
                    0.027502205222845078
                ],
                [
                    0.09592948853969574,
                    0.995158851146698,
                    0.02136353589594364
                ],
                [
                    -0.02943064458668232,
                    -0.01861744001507759,
                    0.9993934631347656
                ]
            ]
        ],
        "betas": [
            -0.030349358916282654,
            -0.03431969881057739,
            -0.15974180400371552,
            -0.09778806567192078,
            0.06714874505996704,
            -0.043020687997341156,
            -0.06656089425086975,
            -0.026429563760757446,
            0.060710757970809937,
            -0.026074737310409546
        ]
    },
    "pred_cam_t": [
        -0.01377139426767826,
        0.6033247709274292,
        21.593191146850586
    ],
    "focal_length": [
        5000.0,
        5000.0
    ],
    "pred_keypoints_3d": [
        [
            0.08217251300811768,
            -0.798943042755127,
            0.0060020312666893005
        ],
        [
            0.09686199575662613,
            -0.6878457069396973,
            0.16233742237091064
        ],
        [
            -0.07888529449701309,
            -0.65718013048172,
            0.1766604632139206
        ],
        [
            -0.3073464035987854,
            -0.7143075466156006,
            0.07780222594738007
        ],
        [
            -0.2560787796974182,
            -0.9480467438697815,
            -0.012237362563610077
        ],
        [
            0.23975157737731934,
            -0.6318924427032471,
            0.08524024486541748
        ],
        [
            0.3281567096710205,
            -0.7328096032142639,
            -0.13940131664276123
        ],
        [
            0.21667900681495667,
            -0.9541230201721191,
            -0.10988189280033112
        ],
        [
            -0.001692398451268673,
            -0.22143155336380005,
            0.028365667909383774
        ],
        [
            -0.08877395838499069,
            -0.15376098453998566,
            0.0035736635327339172
        ],
        [
            -0.26771605014801025,
            -0.02248881757259369,
            -0.30972352623939514
        ],
        [
            -0.24140021204948425,
            0.31283044815063477,
            -0.09244762361049652
        ],
        [
            0.04411055147647858,
            -0.1297905296087265,
            -0.02383941039443016
        ],
        [
            0.01562632992863655,
            0.013385772705078125,
            -0.37063565850257874
        ],
        [
            -0.035839855670928955,
            0.32743626832962036,
            -0.12813664972782135
        ],
        [
            0.05247025936841965,
            -0.8374075889587402,
            0.04291566461324692
        ],
        [
            0.1187753677368164,
            -0.8382999300956726,
            0.03433530777692795
        ],
        [
            0.02217082679271698,
            -0.8212850689888,
            0.14344051480293274
        ],
        [
            0.16857054829597473,
            -0.824251651763916,
            0.12268351018428802
        ],
        [
            -0.03595675528049469,
            0.42205488681793213,
            -0.302430659532547
        ],
        [
            0.0276317298412323,
            0.42281007766723633,
            -0.2500761151313782
        ],
        [
            -0.027067195624113083,
            0.34235042333602905,
            -0.06008675694465637
        ],
        [
            -0.3267834782600403,
            0.39507222175598145,
            -0.24954380095005035
        ],
        [
            -0.37067198753356934,
            0.37881582975387573,
            -0.17782531678676605
        ],
        [
            -0.22471541166305542,
            0.3431379199028015,
            -0.025290250778198242
        ],
        [
            -0.25228768587112427,
            0.2555529475212097,
            -0.08229020237922668
        ],
        [
            -0.25012674927711487,
            -0.0511905737221241,
            -0.27970415353775024
        ],
        [
            -0.13670949637889862,
            -0.2571450471878052,
            0.0921788364648819
        ],
        [
            0.15170201659202576,
            -0.19143107533454895,
            0.0347832627594471
        ],
        [
            0.03357774019241333,
            -0.0025571940932422876,
            -0.351002037525177
        ],
        [
            -0.01717502623796463,
            0.28748172521591187,
            -0.1226349025964737
        ],
        [
            -0.2272505760192871,
            -0.928990364074707,
            0.0010502580553293228
        ],
        [
            -0.2938022017478943,
            -0.7391860485076904,
            0.1035865992307663
        ],
        [
            -0.04628223180770874,
            -0.6747496128082275,
            0.1845039427280426
        ],
        [
            0.2302471250295639,
            -0.6526197791099548,
            0.11096815019845963
        ],
        [
            0.3367117643356323,
            -0.7530390620231628,
            -0.10081250965595245
        ],
        [
            0.22259341180324554,
            -0.9446630477905273,
            -0.09076923131942749
        ],
        [
            0.10072436928749084,
            -0.6877135038375854,
            0.16281473636627197
        ],
        [
            0.09750882536172867,
            -0.8754928112030029,
            0.11723564565181732
        ],
        [
            0.007508536800742149,
            -0.2243243157863617,
            0.06363260746002197
        ],
        [
            0.09057024121284485,
            -0.6550256609916687,
            0.14579235017299652
        ],
        [
            0.056887008249759674,
            -0.4546982944011688,
            0.12888076901435852
        ],
        [
            0.09735851734876633,
            -0.7688138484954834,
            0.08041135221719742
        ],
        [
            0.0937393307685852,
            -0.8942145109176636,
            0.12700793147087097
        ]
    ],
    "pred_vertices": [
        [
            0.12980890274047852,
            -0.8844821453094482,
            0.03310970216989517
        ],
        [
            0.12338367104530334,
            -0.8706139326095581,
            0.027535542845726013
        ],
        [
            0.13549494743347168,
            -0.8673555850982666,
            0.03451990336179733
        ],
        [
            0.14163364470005035,
            -0.8771703243255615,
            0.04357355833053589
        ],
        [
            0.13102495670318604,
            -0.8581845760345459,
            0.029082603752613068
        ],
        [
            0.12016573548316956,
            -0.8598230481147766,
            0.0239807590842247
        ],
        [
            0.14353394508361816,
            -0.8607026934623718,
            0.04375709593296051
        ],
        [
            0.14924262464046478,
            -0.8676831722259521,
            0.05449441075325012
        ],
        [
            0.15106050670146942,
            -0.8237353563308716,
            0.05372156575322151
        ],
        [
            0.15568280220031738,
            -0.8183667063713074,
            0.06290388107299805
        ],
        [
            0.15512710809707642,
            -0.8311168551445007,
            0.06115599349141121
        ],
        [
            0.14916470646858215,
            -0.8330312967300415,
            0.05314841866493225
        ],
        [
            0.14957433938980103,
            -0.798073410987854,
            0.05663271248340607
        ],
        [
            0.14245043694972992,
            -0.7892626523971558,
            0.04867033660411835
        ],
        [
            0.1456516683101654,
            -0.779725193977356,
            0.05787445604801178
        ],
        [
            0.15171556174755096,
            -0.7880297899246216,
            0.06674879044294357
        ],
        [
            0.10811613500118256,
            -0.8044969439506531,
            0.029476288706064224
        ],
        [
            0.11348731815814972,
            -0.7977511882781982,
            0.029652759432792664
        ],
        [
            0.11749984323978424,
            -0.8043458461761475,
            0.030160173773765564
        ],
        [
            0.11132517457008362,
            -0.8102577924728394,
            0.030368730425834656
        ],
        [
            0.09806077182292938,
            -0.8146247863769531,
            0.024695370346307755
        ],
        [
            0.09936397522687912,
            -0.8199586272239685,
            0.028150714933872223
        ],
        [
            0.09412528574466705,
            -0.8240852355957031,
            0.023648250848054886
        ],
        [
            0.0934462919831276,
            -0.8180528283119202,
            0.019180282950401306
        ],
        [
            0.10281206667423248,
            -0.7992424964904785,
            0.02946345880627632
        ],
        [
            0.10849518328905106,
            -0.7923505306243896,
            0.03045659139752388
        ],
        [
            0.10326901078224182,
            -0.8101513385772705,
            0.02877628058195114
        ],
        [
            0.1009998470544815,
            -0.8060766458511353,
            0.0263720341026783
        ],
        [
            0.09668517112731934,
            -0.8005748987197876,
            0.016379710286855698
        ],
        [
            0.09849086403846741,
            -0.805229902267456,
            0.01780446618795395
        ],
        [
            0.09441196918487549,
            -0.806678295135498,
            0.01126796007156372
        ],
        [
            0.09312305599451065,
            -0.8009921312332153,
            0.011992871761322021
        ],
        [
            0.10051831603050232,
            -0.7995846271514893,
            0.024955827742815018
        ],
        [
            0.10082297027111053,
            -0.8026041984558105,
            0.022344961762428284
        ],
        [
            0.09792410582304001,
            -0.7990622520446777,
            0.02020614966750145
        ],
        [
            0.09687468409538269,
            -0.7967702150344849,
            0.023366544395685196
        ],
        [
            0.09720255434513092,
            -0.8107683658599854,
            0.021718420088291168
        ],
        [
            0.09349729865789413,
            -0.8128923773765564,
            0.015223212540149689
        ],
        [
            0.08889766037464142,
            -0.8147170543670654,
            0.008633166551589966
        ],
        [
            0.08943013846874237,
            -0.8065218925476074,
            0.004973139613866806
        ],
        [
            0.12462011724710464,
            -0.7837705612182617,
            0.03490416333079338
        ],
        [
            0.11950615048408508,
            -0.7910397052764893,
            0.03116053342819214
        ],
        [
            0.11440180242061615,
            -0.786144495010376,
            0.031236637383699417
        ],
        [
            0.11929105222225189,
            -0.7803535461425781,
            0.03356202691793442
        ],
        [
            0.09853609651327133,
            -0.7933077216148376,
            0.026495754718780518
        ],
        [
            0.10192335397005081,
            -0.7774482369422913,
            0.026071671396493912
        ],
        [
            0.10226401686668396,
            -0.7811784744262695,
            0.025783032178878784
        ],
        [
            0.0959094762802124,
            -0.7822902202606201,
            0.022476840764284134
        ],
        [
            0.09627662599086761,
            -0.7787772417068481,
            0.022866833955049515
        ],
        [
            0.1301841288805008,
            -0.7689590454101562,
            0.04295642673969269
        ],
        [
            0.12425710260868073,
            -0.7680273056030273,
            0.03883226960897446
        ],
        [
            0.12482066452503204,
            -0.7609618306159973,
            0.04139278456568718
        ],
        [
            0.13014940917491913,
            -0.7604662775993347,
            0.046667322516441345
        ],
        [
            0.12238432466983795,
            -0.7551487684249878,
            0.04263649880886078
        ],
        [
            0.12885230779647827,
            -0.7524107694625854,
            0.0498894527554512
        ],
        [
            0.11966411024332047,
            -0.7382775545120239,
            0.05046816170215607
        ],
        [
            0.1243433877825737,
            -0.744422435760498,
            0.050306688994169235
        ],
        [
            0.11846417188644409,
            -0.7494838833808899,
            0.042448241263628006
        ],
        [
            0.11292695254087448,
            -0.744499921798706,
            0.039607029408216476
        ],
        [
            0.10039382427930832,
            -0.7496663331985474,
            0.03234795108437538
        ],
        [
            0.09444519132375717,
            -0.7485435009002686,
            0.030155666172504425
        ],
        [
            0.09884278476238251,
            -0.7363581657409668,
            0.0321437269449234
        ],
        [
            0.10568622499704361,
            -0.739526629447937,
            0.035131413489580154
        ],
        [
            0.10222578793764114,
            -0.7711378931999207,
            0.030260223895311356
        ],
        [
            0.10630053281784058,
            -0.7711470127105713,
            0.032797232270240784
        ],
        [
            0.10642330348491669,
            -0.772639274597168,
            0.030481435358524323
        ],
        [
            0.1021079421043396,
            -0.7739281058311462,
            0.027607623487710953
        ],
        [
            0.10988882184028625,
            -0.7707741260528564,
            0.03430134057998657
        ],
        [
            0.11158192157745361,
            -0.7704001665115356,
            0.034881625324487686
        ],
        [
            0.11132591217756271,
            -0.771735668182373,
            0.033738117665052414
        ],
        [
            0.10983346402645111,
            -0.7716792225837708,
            0.03367781266570091
        ],
        [
            0.10780476778745651,
            -0.7713536024093628,
            0.03318600356578827
        ],
        [
            0.10681343078613281,
            -0.7694340944290161,
            0.03278516232967377
        ],
        [
            0.10894208401441574,
            -0.770012378692627,
            0.03379443287849426
        ],
        [
            0.1031079813838005,
            -0.768721342086792,
            0.03024854138493538
        ],
        [
            0.08985399454832077,
            -0.7668506503105164,
            0.023413557559251785
        ],
        [
            0.0939883217215538,
            -0.7671027183532715,
            0.024541236460208893
        ],
        [
            0.09272675961256027,
            -0.7714401483535767,
            0.025441069155931473
        ],
        [
            0.08915476500988007,
            -0.771678626537323,
            0.024473484605550766
        ],
        [
            0.10933303833007812,
            -0.7740983963012695,
            0.03213853761553764
        ],
        [
            0.11217167228460312,
            -0.7752001881599426,
            0.03239507973194122
        ],
        [
            0.10817745327949524,
            -0.7780952453613281,
            0.0292983241379261
        ],
        [
            0.107008196413517,
            -0.7753914594650269,
            0.030050840228796005
        ],
        [
            0.11496996879577637,
            -0.777055025100708,
            0.03217792883515358
        ],
        [
            0.11364742368459702,
            -0.772878885269165,
            0.03406616300344467
        ],
        [
            0.11652708053588867,
            -0.7736840844154358,
            0.03448261693120003
        ],
        [
            0.11099805682897568,
            -0.7686854600906372,
            0.0348593108355999
        ],
        [
            0.11375799030065536,
            -0.7668701410293579,
            0.036052145063877106
        ],
        [
            0.11433111131191254,
            -0.7694910764694214,
            0.034992385655641556
        ],
        [
            0.1116611585021019,
            -0.7636758089065552,
            0.03573835268616676
        ],
        [
            0.1084575429558754,
            -0.7668434381484985,
            0.03398249298334122
        ],
        [
            0.1047474592924118,
            -0.7651250958442688,
            0.03153428062796593
        ],
        [
            0.09989423304796219,
            -0.7636585235595703,
            0.028488561511039734
        ],
        [
            0.10245944559574127,
            -0.7586685419082642,
            0.03125843405723572
        ],
        [
            0.10774284601211548,
            -0.7608187794685364,
            0.03384127840399742
        ],
        [
            0.1101841926574707,
            -0.7820768356323242,
            0.02979302778840065
        ],
        [
            0.1186174675822258,
            -0.768783450126648,
            0.036701083183288574
        ],
        [
            0.12215849757194519,
            -0.775168776512146,
            0.0365326888859272
        ],
        [
            0.11844000220298767,
            -0.7639623880386353,
            0.037815697491168976
        ],
        [
            0.11628811061382294,
            -0.7594915628433228,
            0.038316164165735245
        ],
        [
            0.11225248873233795,
            -0.7554275989532471,
            0.03730837628245354
        ],
        [
            0.1064336895942688,
            -0.7523088455200195,
            0.03481337055563927
        ],
        [
            0.10169436782598495,
            -0.7274178266525269,
            0.04333711788058281
        ],
        [
            0.11029868572950363,
            -0.7320287227630615,
            0.04603424668312073
        ],
        [
            0.11813002079725266,
            -0.8523602485656738,
            0.026895377784967422
        ],
        [
            0.12700042128562927,
            -0.851380467414856,
            0.02867225557565689
        ],
        [
            0.12771937251091003,
            -0.8433834314346313,
            0.033686790615320206
        ],
        [
            0.12997621297836304,
            -0.8453683853149414,
            0.033553604036569595
        ],
        [
            0.1240500956773758,
            -0.8472947478294373,
            0.030744455754756927
        ],
        [
            0.12340353429317474,
            -0.8446445465087891,
            0.031856875866651535
        ],
        [
            0.14246538281440735,
            -0.835620641708374,
            0.04804294556379318
        ],
        [
            0.13720238208770752,
            -0.837684154510498,
            0.0439034104347229
        ],
        [
            0.137454554438591,
            -0.8337545990943909,
            0.0455448292195797
        ],
        [
            0.1439870446920395,
            -0.8288408517837524,
            0.04879846051335335
        ],
        [
            0.12940417230129242,
            -0.8264845609664917,
            0.03902120515704155
        ],
        [
            0.13388341665267944,
            -0.8275007009506226,
            0.0419640839099884
        ],
        [
            0.13008299469947815,
            -0.8344897031784058,
            0.03944648802280426
        ],
        [
            0.12670883536338806,
            -0.8336830139160156,
            0.03737147897481918
        ],
        [
            0.12289304286241531,
            -0.8333524465560913,
            0.035523947328329086
        ],
        [
            0.11854138225317001,
            -0.8333131074905396,
            0.03479506075382233
        ],
        [
            0.11879810690879822,
            -0.8280526399612427,
            0.03535669669508934
        ],
        [
            0.12400545179843903,
            -0.8270103335380554,
            0.03671867027878761
        ],
        [
            0.11748340725898743,
            -0.8486950993537903,
            0.030122555792331696
        ],
        [
            0.11012686789035797,
            -0.8477776050567627,
            0.031017888337373734
        ],
        [
            0.11156734079122543,
            -0.844931423664093,
            0.03166556730866432
        ],
        [
            0.11764076352119446,
            -0.8455113172531128,
            0.03061656653881073
        ],
        [
            0.10172257572412491,
            -0.8383579254150391,
            0.03720897436141968
        ],
        [
            0.10286618024110794,
            -0.8407807946205139,
            0.036099765449762344
        ],
        [
            0.09918386489152908,
            -0.842375636100769,
            0.035343751311302185
        ],
        [
            0.09842567145824432,
            -0.8378533720970154,
            0.03618145361542702
        ],
        [
            0.10069355368614197,
            -0.8348652124404907,
            0.03583594411611557
        ],
        [
            0.10295916348695755,
            -0.8367506265640259,
            0.036636438220739365
        ],
        [
            0.12085707485675812,
            -0.9057168960571289,
            0.03561536222696304
        ],
        [
            0.11543208360671997,
            -0.8898683786392212,
            0.026951037347316742
        ],
        [
            0.1362752914428711,
            -0.8991446495056152,
            0.04664306342601776
        ],
        [
            0.14725372195243835,
            -0.8881538510322571,
            0.05746402591466904
        ],
        [
            0.15494322776794434,
            -0.8744891881942749,
            0.0670212060213089
        ],
        [
            0.13785237073898315,
            -0.7730803489685059,
            0.049572668969631195
        ],
        [
            0.139460027217865,
            -0.7639672160148621,
            0.05558021366596222
        ],
        [
            0.14843812584877014,
            -0.7708503007888794,
            0.06704477965831757
        ],
        [
            0.14643296599388123,
            -0.7604348659515381,
            0.07166841626167297
        ],
        [
            0.13747769594192505,
            -0.7534770369529724,
            0.0594441294670105
        ],
        [
            0.12352237105369568,
            -0.7349824905395508,
            0.0632803738117218
        ],
        [
            0.13209718465805054,
            -0.7430515289306641,
            0.06200539320707321
        ],
        [
            0.14157386124134064,
            -0.7501859664916992,
            0.07737573981285095
        ],
        [
            0.15100716054439545,
            -0.762180507183075,
            0.09172679483890533
        ],
        [
            0.15338458120822906,
            -0.769931435585022,
            0.08375287801027298
        ],
        [
            0.1565624177455902,
            -0.7776201367378235,
            0.10378770530223846
        ],
        [
            0.14659564197063446,
            -0.7536745071411133,
            0.10338747501373291
        ],
        [
            0.15417417883872986,
            -0.7764323353767395,
            0.11260292679071426
        ],
        [
            0.1300281584262848,
            -0.7186498641967773,
            0.0996234118938446
        ],
        [
            0.13174207508563995,
            -0.707165539264679,
            0.10230729728937149
        ],
        [
            0.1434575319290161,
            -0.7124305367469788,
            0.11524993181228638
        ],
        [
            0.14242960512638092,
            -0.7241694331169128,
            0.11194334924221039
        ],
        [
            0.1541215181350708,
            -0.7782641649246216,
            0.0761428251862526
        ],
        [
            0.15711186826229095,
            -0.8419836759567261,
            0.06880262494087219
        ],
        [
            0.15271064639091492,
            -0.8421943783760071,
            0.0579550638794899
        ],
        [
            0.15921972692012787,
            -0.8292340040206909,
            0.07190939784049988
        ],
        [
            0.1611737161874771,
            -0.9019216299057007,
            0.08994900435209274
        ],
        [
            0.15257716178894043,
            -0.8969622254371643,
            0.07340536266565323
        ],
        [
            0.16071836650371552,
            -0.8817805051803589,
            0.07915936410427094
        ],
        [
            0.16607822477817535,
            -0.8882178068161011,
            0.09451675415039062
        ],
        [
            0.13374601304531097,
            -0.9376130104064941,
            0.08238843083381653
        ],
        [
            0.12846802175045013,
            -0.9244717359542847,
            0.0578860342502594
        ],
        [
            0.13979606330394745,
            -0.9128096103668213,
            0.06520340591669083
        ],
        [
            0.14723679423332214,
            -0.9230659008026123,
            0.0846531093120575
        ],
        [
            0.169454425573349,
            -0.8887934684753418,
            0.10743366181850433
        ],
        [
            0.1721646785736084,
            -0.8897242546081543,
            0.12652011215686798
        ],
        [
            0.16855090856552124,
            -0.9053964614868164,
            0.13368439674377441
        ],
        [
            0.16493771970272064,
            -0.9066901803016663,
            0.11077133566141129
        ],
        [
            0.1574368178844452,
            -0.9258180856704712,
            0.14141713082790375
        ],
        [
            0.15370693802833557,
            -0.9276919960975647,
            0.11375228315591812
        ],
        [
            0.15145008265972137,
            -0.7618935108184814,
            0.12287090718746185
        ],
        [
            0.15481095016002655,
            -0.7811794281005859,
            0.12564200162887573
        ],
        [
            0.14150471985340118,
            -0.7380415797233582,
            0.1066197082400322
        ],
        [
            0.14921872317790985,
            -0.74496990442276,
            0.1224205270409584
        ],
        [
            0.14058157801628113,
            -0.9405454397201538,
            0.14686137437820435
        ],
        [
            0.1364733725786209,
            -0.9443289041519165,
            0.11523514240980148
        ],
        [
            0.16386833786964417,
            -0.8681554794311523,
            0.17567431926727295
        ],
        [
            0.16710159182548523,
            -0.8851398825645447,
            0.16778144240379333
        ],
        [
            0.17143486440181732,
            -0.8726662397384644,
            0.15132910013198853
        ],
        [
            0.16896674036979675,
            -0.8585851192474365,
            0.1601978838443756
        ],
        [
            0.15531878173351288,
            -0.8769098520278931,
            0.1927778273820877
        ],
        [
            0.15738555788993835,
            -0.897969663143158,
