{
    "pred_cam": [
        1.751194715499878,
        -0.012023409828543663,
        0.6183419227600098
    ],
    "pred_smpl_params": {
        "global_orient": [
            [
                [
                    0.9679743647575378,
                    0.2301788181066513,
                    -0.10021673142910004
                ],
                [
                    0.15541784465312958,
                    -0.8629286289215088,
                    -0.4808320701122284
                ],
                [
                    -0.19715724885463715,
                    0.449857622385025,
                    -0.871066689491272
                ]
            ]
        ],
        "body_pose": [
            [
                [
                    0.9834214448928833,
                    -0.17514768242835999,
                    -0.04696343466639519
                ],
                [
                    0.16628482937812805,
                    0.7677295804023743,
                    0.6188219785690308
                ],
                [
                    -0.07233002036809921,
                    -0.6163721084594727,
                    0.7841261625289917
                ]
            ],
            [
                [
                    0.9850530028343201,
                    0.16568268835544586,
                    0.04711485654115677
                ],
                [
                    -0.16198737919330597,
                    0.7980214953422546,
                    0.580449640750885
                ],
                [
                    0.058571793138980865,
                    -0.579405665397644,
                    0.8129319548606873
                ]
            ],
            [
                [
                    0.999471127986908,
                    0.03129088878631592,
                    -0.00885045062750578
                ],
                [
                    -0.032182563096284866,
                    0.912789523601532,
                    -0.4071604013442993
                ],
                [
                    -0.004661809653043747,
                    0.4072299003601074,
                    0.9133138060569763
                ]
            ],
            [
                [
                    0.9805880784988403,
                    0.08661043643951416,
                    -0.17591404914855957
                ],
                [
                    -0.1594851315021515,
                    -0.16961759328842163,
                    -0.9725196361541748
                ],
                [
                    -0.11406847089529037,
                    0.9816967248916626,
                    -0.15251190960407257
                ]
            ],
            [
                [
                    0.9757106304168701,
                    -0.10375088453292847,
                    0.19293639063835144
                ],
                [
                    0.18341417610645294,
                    -0.09467439353466034,
                    -0.9784661531448364
                ],
                [
                    0.11978287249803543,
                    0.9900871515274048,
                    -0.07334543019533157
                ]
            ],
            [
                [
                    0.9991084337234497,
                    -0.03994261845946312,
                    -0.01367004495114088
                ],
                [
                    0.040610168129205704,
                    0.9977868795394897,
                    0.05265128239989281
                ],
                [
                    0.011536761187016964,
                    -0.05315948650240898,
                    0.9985193610191345
                ]
            ],
            [
                [
                    0.9360846281051636,
                    -0.124472975730896,
                    0.32901716232299805
                ],
                [
                    0.014811349101364613,
                    0.948421835899353,
                    0.31666484475135803
                ],
                [
                    -0.351463258266449,
                    -0.2915518283843994,
                    0.8896467089653015
                ]
            ],
            [
                [
                    0.9425622224807739,
                    0.05313124507665634,
                    -0.3297782242298126
                ],
                [
                    0.03418087586760521,
                    0.9667447209358215,
                    0.2534489929676056
                ],
                [
                    0.3322773873806,
                    -0.2501635253429413,
                    0.909400999546051
                ]
            ],
            [
                [
                    0.9994271993637085,
                    -0.022431710734963417,
                    -0.025340354070067406
                ],
                [
                    0.022614119574427605,
                    0.9997202157974243,
                    0.006934777833521366
                ],
                [
                    0.02517770603299141,
                    -0.007503855042159557,
                    0.9996548295021057
                ]
            ],
            [
                [
                    0.9946990013122559,
                    -0.09401664137840271,
                    -0.04165051504969597
                ],
                [
                    0.09817811101675034,
                    0.9887552857398987,
                    0.11280079185962677
                ],
                [
                    0.03057701513171196,
                    -0.11629199981689453,
                    0.9927442669868469
                ]
            ],
            [
                [
                    0.9924914240837097,
                    0.09689725935459137,
                    0.07464348524808884
                ],
                [
                    -0.10813033580780029,
                    0.9803217053413391,
                    0.165157750248909
                ],
                [
                    -0.057171303778886795,
                    -0.17198888957500458,
                    0.9834384322166443
                ]
            ],
            [
                [
                    0.9942538738250732,
                    -0.04547681659460068,
                    0.09690838307142258
                ],
                [
                    0.060192473232746124,
                    0.9861104488372803,
                    -0.15480029582977295
                ],
                [
                    -0.0885225385427475,
                    0.15974393486976624,
                    0.9831814765930176
                ]
            ],
            [
                [
                    0.8778359889984131,
                    -0.09406308829784393,
                    -0.4696340262889862
                ],
                [
                    0.20501820743083954,
                    0.9599509239196777,
                    0.19094949960708618
                ],
                [
                    0.43286433815956116,
                    -0.2639058530330658,
                    0.8619641065597534
                ]
            ],
            [
                [
                    0.9396992921829224,
                    0.05127115175127983,
                    0.3381367623806
                ],
                [
                    -0.11497937142848969,
                    0.9785104393959045,
                    0.17116346955299377
                ],
                [
                    -0.3220946490764618,
                    -0.19972094893455505,
                    0.9254006743431091
                ]
            ],
            [
                [
                    0.9961954951286316,
                    -0.07058495283126831,
                    0.05111147090792656
                ],
                [
                    0.07734893262386322,
                    0.9863377213478088,
                    -0.14544785022735596
                ],
                [
                    -0.04014674201607704,
                    0.14884789288043976,
                    0.9880448579788208
                ]
            ],
            [
                [
                    0.7893529534339905,
                    0.11432220786809921,
                    -0.6032018065452576
                ],
                [
                    0.13239777088165283,
                    0.9276934862136841,
                    0.34907814860343933
                ],
                [
                    0.5994938015937805,
                    -0.3554084300994873,
                    0.7171415686607361
                ]
            ],
            [
                [
                    0.929105281829834,
                    -0.1646423190832138,
                    0.33114397525787354
                ],
                [
                    0.05504956096410751,
                    0.9470272660255432,
                    0.3163999617099762
                ],
                [
                    -0.36569517850875854,
                    -0.27573952078819275,
                    0.8889515399932861
                ]
            ],
            [
                [
                    0.21308976411819458,
                    -0.16317890584468842,
                    -0.9633095860481262
                ],
                [
                    0.49558025598526,
                    0.8677579760551453,
                    -0.037367746233940125
                ],
                [
                    0.8420171737670898,
                    -0.469434529542923,
                    0.2657786011695862
                ]
            ],
            [
                [
                    0.23292721807956696,
                    0.24144916236400604,
                    0.9420440793037415
                ],
                [
                    -0.5862361192703247,
                    0.8077581524848938,
                    -0.06208008527755737
                ],
                [
                    -0.775933027267456,
                    -0.5378001928329468,
                    0.32969507575035095
                ]
            ],
            [
                [
                    0.9801079034805298,
                    -0.19424286484718323,
                    -0.04072041064500809
                ],
                [
                    0.17956775426864624,
                    0.9552972912788391,
                    -0.23486708104610443
                ],
                [
                    0.0845213457942009,
                    0.22288303077220917,
                    0.9711741805076599
                ]
            ],
            [
                [
                    0.9873550534248352,
                    0.15610195696353912,
                    0.027608949691057205
                ],
                [
                    -0.15131498873233795,
                    0.9799724817276001,
                    -0.12945154309272766
                ],
                [
                    -0.047263652086257935,
                    0.12363697588443756,
                    0.9912013411521912
                ]
            ],
            [
                [
                    0.9958966374397278,
                    0.08186838775873184,
                    -0.03856656327843666
                ],
                [
                    -0.082639679312706,
                    0.9964012503623962,
                    -0.018845252692699432
                ],
                [
                    0.03688494488596916,
                    0.021955052390694618,
                    0.9990782141685486
                ]
            ],
            [
                [
                    0.9948952198028564,
                    -0.09781602025032043,
                    0.024809829890727997
                ],
                [
                    0.09741232544183731,
                    0.9950991272926331,
                    0.01699228771030903
                ],
                [
                    -0.02635035291314125,
                    -0.01448876317590475,
                    0.9995478391647339
                ]
            ]
        ],
        "betas": [
            -0.02335698902606964,
            -0.010556131601333618,
            -0.13589636981487274,
            -0.12371167540550232,
            0.06027621030807495,
            -0.04581987112760544,
            -0.07559695839881897,
            -0.023624926805496216,
            0.05588911473751068,
            -0.028746962547302246
        ]
    },
    "pred_cam_t": [
        -0.012023409828543663,
        0.6183419227600098,
        22.30620002746582
    ],
    "focal_length": [
        5000.0,
        5000.0
    ],
    "pred_keypoints_3d": [
        [
            0.08619192242622375,
            -0.7969589233398438,
            -0.0048735663294792175
        ],
        [
            0.09958584606647491,
            -0.6903696060180664,
            0.15433639287948608
        ],
        [
            -0.07667466253042221,
            -0.6613799333572388,
            0.16890813410282135
        ],
        [
            -0.3045230209827423,
            -0.7172732949256897,
            0.0674326941370964
        ],
        [
            -0.2520333230495453,
            -0.9534546732902527,
            -0.0157892107963562
        ],
        [
            0.24178963899612427,
            -0.6316289901733398,
            0.07872714102268219
        ],
        [
            0.3293761610984802,
            -0.7321075201034546,
            -0.1466718167066574
        ],
        [
            0.2181568443775177,
            -0.9539295434951782,
            -0.11897634714841843
        ],
        [
            -0.0016676983796060085,
            -0.22130605578422546,
            0.028310468420386314
        ],
        [
            -0.0878012403845787,
            -0.15185388922691345,
            0.004914741963148117
        ],
        [
            -0.27728965878486633,
            -0.007082149386405945,
            -0.29667025804519653
        ],
        [
            -0.23828944563865662,
            0.3186826705932617,
            -0.06614327430725098
        ],
        [
            0.04567427188158035,
            -0.12846404314041138,
            -0.020432977005839348
        ],
        [
            0.05368460714817047,
            0.02502240240573883,
            -0.3644840717315674
        ],
        [
            0.014552764594554901,
            0.33040565252304077,
            -0.10809224843978882
        ],
        [
            0.05606912821531296,
            -0.8364613652229309,
            0.030579663813114166
        ],
        [
            0.12236176431179047,
            -0.8374121189117432,
            0.02230319380760193
        ],
        [
            0.025368385016918182,
            -0.8234268426895142,
            0.13143154978752136
        ],
        [
            0.17164850234985352,
            -0.8264164924621582,
            0.11127165704965591
        ],
        [
            0.031132906675338745,
            0.43295907974243164,
            -0.2775194048881531
        ],
        [
            0.09108060598373413,
            0.4263184070587158,
            -0.22148434817790985
        ],
        [
            0.02089446596801281,
            0.3416239619255066,
            -0.03893211483955383
        ],
        [
            -0.32948726415634155,
            0.4059954881668091,
            -0.21737422049045563
        ],
        [
            -0.370381236076355,
            0.3878025412559509,
            -0.14438381791114807
        ],
        [
            -0.21867600083351135,
            0.3468366861343384,
            0.0011570155620574951
        ],
        [
            -0.2494940459728241,
            0.2612482011318207,
            -0.058031246066093445
        ],
        [
            -0.25899723172187805,
            -0.03707218915224075,
            -0.26847827434539795
        ],
        [
            -0.13765409588813782,
            -0.2581366002559662,
            0.08965430408716202
        ],
        [
            0.15157204866409302,
            -0.1939563751220703,
            0.03821678087115288
        ],
        [
            0.06875406205654144,
            0.007981451228260994,
            -0.344275563955307
        ],
        [
            0.029741434380412102,
            0.2889457941055298,
            -0.10366585850715637
        ],
        [
            -0.22351504862308502,
            -0.9343217611312866,
            -0.002138040028512478
        ],
        [
            -0.29159727692604065,
            -0.7419332265853882,
            0.09370750188827515
        ],
        [
            -0.04391094297170639,
            -0.6787126064300537,
            0.17618143558502197
        ],
        [
            0.23245872557163239,
            -0.6530261635780334,
            0.10406748950481415
        ],
        [
            0.3381820023059845,
            -0.7523671388626099,
            -0.10820767283439636
        ],
        [
            0.2239023745059967,
            -0.944668173789978,
            -0.09990087151527405
        ],
        [
            0.10323572158813477,
            -0.6900436878204346,
            0.1549329161643982
        ],
        [
            0.10055966675281525,
            -0.8771061897277832,
            0.10389198362827301
        ],
        [
            0.006970051676034927,
            -0.22602276504039764,
            0.06396326422691345
        ],
        [
            0.09274958074092865,
            -0.6572014689445496,
            0.13832665979862213
        ],
        [
            0.05680401623249054,
            -0.4571550488471985,
            0.1238797977566719
        ],
        [
            0.10097339749336243,
            -0.7693921327590942,
            0.07045450806617737
        ],
        [
            0.0965636819601059,
            -0.8960994482040405,
            0.11293178051710129
        ]
    ],
    "pred_vertices": [
        [
            0.13316026329994202,
            -0.8835630416870117,
            0.019723616540431976
        ],
        [
            0.12688066065311432,
            -0.8694790601730347,
            0.014499478042125702
        ],
        [
            0.1389537751674652,
            -0.8665028214454651,
            0.021633438766002655
        ],
        [
            0.14499959349632263,
            -0.8766553997993469,
            0.030434243381023407
        ],
        [
            0.13458269834518433,
            -0.8571504950523376,
            0.016478680074214935
        ],
        [
            0.12373537570238113,
            -0.858543872833252,
            0.01124909520149231
        ],
        [
            0.14697420597076416,
            -0.8602142333984375,
            0.031117625534534454
        ],
        [
            0.15259434282779694,
            -0.86759352684021,
            0.0416843518614769
        ],
        [
            0.15454134345054626,
            -0.8236582279205322,
            0.04231222718954086
        ],
        [
            0.15914291143417358,
            -0.8186030387878418,
            0.051702357828617096
        ],
        [
            0.15856142342090607,
            -0.8313075304031372,
            0.04955218732357025
        ],
        [
            0.15263721346855164,
            -0.832912027835846,
            0.041443996131420135
        ],
        [
            0.15317200124263763,
            -0.7980824708938599,
            0.04605726897716522
        ],
        [
            0.1461607962846756,
            -0.7889730334281921,
            0.03834500163793564
        ],
        [
            0.14932850003242493,
            -0.7797449827194214,
            0.04786299169063568
        ],
        [
            0.15529662370681763,
            -0.7883704900741577,
            0.05648375302553177
        ],
        [
            0.11195502430200577,
            -0.8034238815307617,
            0.018515028059482574
        ],
        [
            0.11733579635620117,
            -0.7967053055763245,
            0.0189458429813385
        ],
        [
            0.12130851298570633,
            -0.8033345937728882,
            0.019250109791755676
        ],
        [
            0.115115225315094,
            -0.8092272281646729,
            0.01923532783985138
        ],
        [
            0.10189061611890793,
            -0.8133158683776855,
            0.013344600796699524
        ],
        [
            0.10312177240848541,
            -0.8187655806541443,
            0.016637630760669708
        ],
        [
            0.0979030430316925,
            -0.8227187991142273,
            0.011974915862083435
        ],
        [
            0.09729404747486115,
            -0.816534161567688,
            0.007706411182880402
        ],
        [
            0.106683149933815,
            -0.7981406450271606,
            0.018655411899089813
        ],
        [
            0.11236952245235443,
            -0.7913206815719604,
            0.019909709692001343
        ],
        [
            0.10709204524755478,
            -0.8090347051620483,
            0.017605818808078766
        ],
        [
            0.10486432164907455,
            -0.8048475980758667,
            0.015320882201194763
        ],
        [
            0.10063228011131287,
            -0.7989830374717712,
            0.0055092498660087585
        ],
        [
            0.10240162163972855,
            -0.8036949634552002,
            0.006787918508052826
        ],
        [
            0.098353810608387,
            -0.8049095869064331,
            0.00018584728240966797
        ],
        [
            0.09710776805877686,
            -0.7992388010025024,
            0.0010938644409179688
        ],
        [
            0.10439436882734299,
            -0.7983008623123169,
            0.014121271669864655
        ],
        [
            0.10469426959753036,
            -0.8012341856956482,
            0.011419497430324554
        ],
        [
            0.10183710604906082,
            -0.7975932359695435,
            0.009377427399158478
        ],
        [
            0.10078270733356476,
            -0.7954140901565552,
            0.012610144913196564
        ],
        [
            0.10105378180742264,
            -0.8093662261962891,
            0.010498277842998505
        ],
        [
            0.09738336503505707,
            -0.8112504482269287,
            0.003929726779460907
        ],
        [
            0.09281837940216064,
            -0.8128342032432556,
            -0.0027302131056785583
        ],
        [
            0.09342022240161896,
            -0.804515540599823,
            -0.006116434931755066
        ],
        [
            0.1284753978252411,
            -0.7829537987709045,
            0.024700790643692017
        ],
        [
            0.12333023548126221,
            -0.7900879383087158,
            0.020700782537460327
        ],
        [
            0.11829298734664917,
            -0.7851718664169312,
            0.020909667015075684
        ],
        [
            0.12318654358386993,
            -0.7794729471206665,
            0.023435436189174652
        ],
        [
            0.10245415568351746,
            -0.792069673538208,
            0.015859059989452362
        ],
        [
            0.10591121017932892,
            -0.7762442827224731,
            0.01597534865140915
        ],
        [
            0.10623104870319366,
            -0.7799544930458069,
            0.015575848519802094
        ],
        [
            0.0999012365937233,
            -0.7809280753135681,
            0.012210257351398468
        ],
        [
            0.10028738528490067,
            -0.7774485349655151,
            0.012709639966487885
        ],
        [
            0.13404695689678192,
            -0.7684221267700195,
            0.03323414921760559
        ],
        [
            0.1281590759754181,
            -0.7673376798629761,
            0.02912808209657669
        ],
        [
            0.12873849272727966,
            -0.7603594064712524,
            0.031926702708005905
        ],
        [
            0.13401755690574646,
            -0.7600448131561279,
            0.03721623495221138
        ],
        [
            0.12631036341190338,
            -0.7545846700668335,
            0.03335123509168625
        ],
        [
            0.13271892070770264,
            -0.7520910501480103,
            0.04069817438721657
        ],
        [
            0.12360092252492905,
            -0.7379637956619263,
            0.04167918488383293
        ],
        [
            0.12824144959449768,
            -0.7441072463989258,
            0.041346047073602676
        ],
        [
            0.12242719531059265,
            -0.7489012479782104,
            0.033333662897348404
        ],
        [
            0.11693428456783295,
            -0.743811845779419,
            0.030611619353294373
        ],
        [
            0.10445214062929153,
            -0.7487168312072754,
            0.023126140236854553
        ],
        [
            0.09852823615074158,
            -0.7475111484527588,
            0.02096720039844513
        ],
        [
            0.10294865816831589,
            -0.7354291677474976,
            0.023358579725027084
        ],
        [
            0.1097404733300209,
            -0.738688588142395,
            0.026260938495397568
        ],
        [
            0.1062232181429863,
            -0.7700996994972229,
            0.02036217227578163
        ],
        [
            0.11027462780475616,
            -0.7702088356018066,
            0.022922862321138382
        ],
        [
            0.11039982736110687,
            -0.7716218829154968,
            0.0205632746219635
        ],
        [
            0.10610664635896683,
            -0.7728049755096436,
            0.01762191578745842
        ],
        [
            0.11382971704006195,
            -0.7699012160301208,
            0.02445964515209198
        ],
        [
            0.11551500856876373,
            -0.7695525884628296,
            0.025062963366508484
        ],
        [
            0.11526641249656677,
            -0.7708457112312317,
            0.02387656643986702
        ],
        [
            0.11373784393072128,
            -0.7707899808883667,
            0.023808889091014862
        ],
        [
            0.11172511428594589,
            -0.770439863204956,
            0.023310624063014984
        ],
        [
            0.11075484752655029,
            -0.7685047388076782,
            0.02296082302927971
        ],
        [
            0.11289405077695847,
            -0.7691208124160767,
            0.023967277258634567
        ],
        [
            0.10708191990852356,
            -0.7676973938941956,
            0.020424801856279373
        ],
        [
            0.09392554312944412,
            -0.7655261158943176,
            0.013602446764707565
        ],
        [
            0.09804759174585342,
            -0.765856146812439,
            0.014733973890542984
        ],
        [
            0.0967627689242363,
            -0.770215630531311,
            0.015485931187868118
        ],
        [
            0.09319798648357391,
            -0.7703778743743896,
            0.014501310884952545
        ],
        [
            0.11324069648981094,
            -0.7731314897537231,
            0.02219121903181076
        ],
        [
            0.11611078679561615,
            -0.7742612361907959,
            0.022429540753364563
        ],
        [
            0.11212603747844696,
            -0.777036190032959,
            0.019217871129512787
        ],
        [
            0.110970139503479,
            -0.7743601202964783,
            0.02005597949028015
        ],
        [
            0.11886909604072571,
            -0.7761166095733643,
            0.022159263491630554
        ],
        [
            0.11756971478462219,
            -0.7720085382461548,
            0.024179555475711823
        ],
        [
            0.12043695896863937,
            -0.772815465927124,
            0.024568989872932434
        ],
        [
            0.1149396151304245,
            -0.7678382396697998,
            0.025090891867876053
        ],
        [
            0.11768584698438644,
            -0.7660748958587646,
            0.02636103332042694
        ],
        [
            0.11825744807720184,
            -0.7686595916748047,
            0.02521868795156479
        ],
        [
            0.1156139075756073,
            -0.7628569006919861,
            0.026133596897125244
        ],
        [
            0.11241942644119263,
            -0.7659574151039124,
            0.024255812168121338
        ],
        [
            0.10874462127685547,
            -0.7641445398330688,
            0.0218360498547554
        ],
        [
            0.10392822325229645,
            -0.7625632882118225,
            0.01881565898656845
        ],
        [
            0.10648117959499359,
            -0.7576789855957031,
            0.02176462858915329
        ],
        [
            0.11172649264335632,
            -0.7599261999130249,
            0.024303589016199112
        ],
        [
            0.11411024630069733,
            -0.7810165286064148,
            0.019581511616706848
        ],
        [
            0.12253442406654358,
            -0.7680180072784424,
            0.02696038782596588
        ],
        [
            0.1260504126548767,
            -0.7743988037109375,
            0.02657955139875412
        ],
        [
            0.12236274778842926,
            -0.7632378935813904,
            0.028237201273441315
        ],
        [
            0.12022991478443146,
            -0.7587750554084778,
            0.028873082250356674
        ],
        [
            0.11621803790330887,
            -0.7546601891517639,
            0.02798764780163765
        ],
        [
            0.11045219004154205,
            -0.7514469623565674,
            0.0255313478410244
        ],
        [
            0.10573986917734146,
            -0.7268708348274231,
            0.034813351929187775
        ],
        [
            0.11429478228092194,
            -0.7315666675567627,
            0.03739270195364952
        ],
        [
            0.12173154950141907,
            -0.851191520690918,
            0.014393925666809082
        ],
        [
            0.13061457872390747,
            -0.8503246307373047,
            0.01625896245241165
        ],
        [
            0.13131090998649597,
            -0.8424977660179138,
            0.02152916043996811
        ],
        [
            0.13356217741966248,
            -0.8445161581039429,
            0.0213603675365448
        ],
        [
            0.12764711678028107,
            -0.8462885618209839,
            0.01845865696668625
        ],
        [
            0.12700220942497253,
            -0.8436751961708069,
            0.01962873339653015
        ],
        [
            0.1459600031375885,
            -0.8352977633476257,
            0.036199502646923065
        ],
        [
            0.140723317861557,
            -0.8371930122375488,
            0.03197723627090454
        ],
        [
            0.14099900424480438,
            -0.8333227038383484,
            0.03374795615673065
        ],
        [
            0.14752840995788574,
            -0.8285558223724365,
            0.037192367017269135
        ],
        [
            0.13302232325077057,
            -0.8257942199707031,
            0.027433283627033234
        ],
        [
            0.137477844953537,
            -0.8269325494766235,
            0.030366763472557068
        ],
        [
            0.13363254070281982,
            -0.8338167667388916,
            0.027606911957263947
        ],
        [
            0.13028398156166077,
            -0.8329250812530518,
            0.025546282529830933
        ],
        [
            0.12648169696331024,
            -0.8325115442276001,
            0.023700051009655
        ],
        [
            0.12217763811349869,
            -0.8324229717254639,
            0.022945426404476166
        ],
        [
            0.1224239394068718,
            -0.8271930813789368,
            0.023676827549934387
        ],
        [
            0.1276147961616516,
            -0.8262204527854919,
            0.02509613335132599
        ],
        [
            0.12103940546512604,
            -0.8476402163505554,
            0.01776997745037079
        ],
        [
            0.11373277008533478,
            -0.8467229604721069,
            0.01865217089653015
        ],
        [
            0.11512939631938934,
            -0.8438936471939087,
            0.01938730478286743
        ],
        [
            0.12120392173528671,
            -0.8444721698760986,
            0.018346816301345825
        ],
        [
            0.10532572120428085,
            -0.8374453783035278,
            0.025065511465072632
        ],
        [
            0.10645901411771774,
            -0.8398295640945435,
            0.02388467639684677
        ],
        [
            0.10278476029634476,
            -0.8413735628128052,
            0.023056350648403168
        ],
        [
            0.10204645991325378,
            -0.8368988633155823,
            0.024040699005126953
        ],
        [
            0.10431918501853943,
            -0.8339112997055054,
            0.02381410449743271
        ],
        [
            0.10656172782182693,
            -0.8358350992202759,
            0.024558573961257935
        ],
        [
            0.1241280734539032,
            -0.9047686457633972,
            0.02154409885406494
        ],
        [
            0.11888004094362259,
            -0.8886573910713196,
            0.013279132544994354
        ],
        [
            0.1395796686410904,
            -0.8986304998397827,
            0.03275652229785919
        ],
        [
            0.1505407691001892,
            -0.888080358505249,
            0.04396034777164459
        ],
        [
            0.158227801322937,
            -0.874807596206665,
            0.054019615054130554
        ],
        [
            0.14163291454315186,
            -0.7727886438369751,
            0.03974541276693344
        ],
        [
            0.14323799312114716,
            -0.7638717293739319,
            0.04603888466954231
        ],
        [
            0.15206432342529297,
            -0.7711760401725769,
            0.05733002722263336
        ],
        [
            0.1500653475522995,
            -0.7608786821365356,
            0.06225752830505371
        ],
        [
            0.1412435621023178,
            -0.7534868717193604,
            0.050230689346790314
        ],
        [
            0.1273474097251892,
            -0.7350891828536987,
            0.05457056686282158
        ],
        [
            0.13587027788162231,
            -0.7431293725967407,
            0.05310085788369179
        ],
        [
            0.14518611133098602,
            -0.7508012652397156,
            0.06824643164873123
        ],
        [
            0.15447597205638885,
            -0.7632684707641602,
            0.08223716169595718
        ],
        [
            0.15691372752189636,
            -0.7707729935646057,
            0.07403320074081421
        ],
        [
            0.15988308191299438,
            -0.7790741920471191,
            0.09383323788642883
        ],
        [
            0.1500329226255417,
            -0.7550014853477478,
            0.09413868188858032
        ],
        [
            0.1574498564004898,
            -0.7781072854995728,
            0.10265454649925232
        ],
        [
            0.13336969912052155,
            -0.7197579145431519,
            0.09119337797164917
        ],
        [
            0.1349373310804367,
            -0.708317220211029,
            0.09412103146314621
        ],
        [
            0.14658533036708832,
            -0.713817834854126,
            0.10696852952241898
        ],
        [
            0.14569708704948425,
            -0.7255634069442749,
            0.1034068912267685
        ],
        [
            0.15768851339817047,
            -0.7788964509963989,
            0.06616657972335815
        ],
        [
            0.16048771142959595,
            -0.8423881530761719,
            0.05683299899101257
        ],
        [
            0.15615446865558624,
            -0.8422318696975708,
            0.045976147055625916
        ],
        [
            0.16260816156864166,
            -0.8297373056411743,
            0.06035229563713074
        ],
        [
            0.16431058943271637,
            -0.9029788970947266,
            0.07606468349695206
        ],
        [
            0.15581032633781433,
            -0.8974183201789856,
            0.059626273810863495
        ],
        [
            0.16391830146312714,
            -0.8824838399887085,
            0.06590487062931061
        ],
        [
            0.16917599737644196,
            -0.8894761204719543,
            0.08111454546451569
        ],
        [
            0.13670943677425385,
            -0.9383140802383423,
            0.06724808365106583
        ],
        [
            0.13155844807624817,
            -0.9243297576904297,
            0.04321940988302231
        ],
        [
            0.1429463028907776,
            -0.9129548072814941,
            0.05094131827354431
        ],
        [
            0.15025904774665833,
            -0.9238840937614441,
            0.07004394382238388
        ],
        [
            0.17251648008823395,
            -0.8904845714569092,
            0.09398356080055237
        ],
        [
            0.17512978613376617,
            -0.8920217752456665,
            0.11305803060531616
        ],
        [
            0.17143243551254272,
            -0.9079233407974243,
            0.11971613019704819
        ],
        [
            0.16795557737350464,
            -0.9084774851799011,
            0.09673990309238434
        ],
        [
            0.16011971235275269,
            -0.9285217523574829,
            0.1267295926809311
        ],
        [
            0.15649700164794922,
            -0.929423987865448,
            0.09902970492839813
        ],
        [
            0.15472906827926636,
            -0.7638089656829834,
            0.11331585049629211
        ],
        [
            0.15807601809501648,
            -0.7832126021385193,
            0.11548005044460297
        ],
        [
            0.1448894590139389,
            -0.7393933534622192,
            0.09775006771087646
        ],
        [
            0.1524859219789505,
            -0.7467610836029053,
            0.1133406013250351
        ],
        [
            0.14313337206840515,
            -0.9432870149612427,
            0.13157519698143005
        ],
        [
            0.1391918808221817,
            -0.9460698366165161,
            0.09985391795635223
        ],
        [
            0.16654552519321442,
            -0.8719717264175415,
            0.16280169785022736
        ],
        [
            0.16975802183151245,
            -0.8887014389038086,
            0.15441329777240753
        ],
        [
            0.17423611879348755,
            -0.8757264018058777,
            0.13838040828704834
        ],
        [
            0.17173385620117188,
            -0.8618975877761841,
            0.14763779938220978
        ],
        [
            0.1578793227672577,
            -0.8812205791473389,
            0.17954152822494507
        ],
        [
