{
    "pred_cam": [
        1.8008244037628174,
        -0.015171175822615623,
        0.5966002345085144
    ],
    "pred_smpl_params": {
        "global_orient": [
            [
                [
                    0.9732611775398254,
                    0.211408331990242,
                    -0.08982871472835541
                ],
                [
                    0.14086271822452545,
                    -0.8582161068916321,
                    -0.49358174204826355
                ],
                [
                    -0.18143972754478455,
                    0.46773043274879456,
                    -0.8650479912757874
                ]
            ]
        ],
        "body_pose": [
            [
                [
                    0.9934172034263611,
                    -0.10327009856700897,
                    -0.04957265406847
                ],
                [
                    0.11172550171613693,
                    0.7779412269592285,
                    0.6183242201805115
                ],
                [
                    -0.02528979815542698,
                    -0.6197925209999084,
                    0.7843580842018127
                ]
            ],
            [
                [
                    0.9922460913658142,
                    0.11272167414426804,
                    0.052360158413648605
                ],
                [
                    -0.12142312526702881,
                    0.789203405380249,
                    0.6020085215568542
                ],
                [
                    0.0265366043895483,
                    -0.6036983132362366,
                    0.7967709898948669
                ]
            ],
            [
                [
                    0.9996159672737122,
                    0.027106206864118576,
                    -0.00576041778549552
                ],
                [
                    -0.02705431543290615,
                    0.9095882773399353,
                    -0.41462892293930054
                ],
                [
                    -0.005999408662319183,
                    0.41462552547454834,
                    0.9099723100662231
                ]
            ],
            [
                [
                    0.9813987612724304,
                    0.061575647443532944,
                    -0.18183749914169312
                ],
                [
                    -0.16509538888931274,
                    -0.21270522475242615,
                    -0.9630680084228516
                ],
                [
                    -0.09797931462526321,
                    0.9751743078231812,
                    -0.19858278334140778
                ]
            ],
            [
                [
                    0.975512683391571,
                    -0.10361678153276443,
                    0.1940068155527115
                ],
                [
                    0.17779995501041412,
                    -0.1477200835943222,
                    -0.9729162454605103
                ],
                [
                    0.1294691115617752,
                    0.9835864901542664,
                    -0.12567976117134094
                ]
            ],
            [
                [
                    0.9992110729217529,
                    -0.039202652871608734,
                    -0.006348411552608013
                ],
                [
                    0.03946896269917488,
                    0.9979987740516663,
                    0.04940256476402283
                ],
                [
                    0.004398995544761419,
                    -0.049614157527685165,
                    0.9987587332725525
                ]
            ],
            [
                [
                    0.9356321096420288,
                    -0.13829092681407928,
                    0.32475847005844116
                ],
                [
                    0.025011379271745682,
                    0.943718433380127,
                    0.32980284094810486
                ],
                [
                    -0.3520893156528473,
                    -0.30045151710510254,
                    0.8864321112632751
                ]
            ],
            [
                [
                    0.9417198896408081,
                    0.07364252954721451,
                    -0.32823824882507324
                ],
                [
                    0.016040826216340065,
                    0.9648035764694214,
                    0.262481689453125
                ],
                [
                    0.3360152840614319,
                    -0.2524494528770447,
                    0.9073934555053711
                ]
            ],
            [
                [
                    0.999542236328125,
                    -0.02245602384209633,
                    -0.02027343213558197
                ],
                [
                    0.02249058522284031,
                    0.9997459650039673,
                    0.0014782834332436323
                ],
                [
                    0.020235085859894753,
                    -0.0019335681572556496,
                    0.9997933506965637
                ]
            ],
            [
                [
                    0.9948925375938416,
                    -0.07986347377300262,
                    -0.06173176318407059
                ],
                [
                    0.0864945501089096,
                    0.9897657036781311,
                    0.1135009229183197
                ],
                [
                    0.05203540623188019,
                    -0.11826065927743912,
                    0.991618275642395
                ]
            ],
            [
                [
                    0.9946745038032532,
                    0.07201853394508362,
                    0.07372844219207764
                ],
                [
                    -0.08375556766986847,
                    0.9817016124725342,
                    0.17101728916168213
                ],
                [
                    -0.060062918812036514,
                    -0.17628172039985657,
                    0.9825055003166199
                ]
            ],
            [
                [
                    0.9950796961784363,
                    -0.03898628056049347,
                    0.09108500182628632
                ],
                [
                    0.05190074071288109,
                    0.9882117509841919,
                    -0.14402653276920319
                ],
                [
                    -0.08439622819423676,
                    0.14804525673389435,
                    0.9853728413581848
                ]
            ],
            [
                [
                    0.8824605345726013,
                    -0.08295786380767822,
                    -0.46301355957984924
                ],
                [
                    0.19530834257602692,
                    0.960086464881897,
                    0.20022127032279968
                ],
                [
                    0.42792314291000366,
                    -0.2671177387237549,
                    0.863440752029419
                ]
            ],
            [
                [
                    0.9381681680679321,
                    0.04104208946228027,
                    0.3437381982803345
                ],
                [
                    -0.10882798582315445,
                    0.9775719046592712,
                    0.18030394613742828
                ],
                [
                    -0.328628808259964,
                    -0.2065637707710266,
                    0.9215933680534363
                ]
            ],
            [
                [
                    0.9968999028205872,
                    -0.06123484671115875,
                    0.04940519481897354
                ],
                [
                    0.06827502697706223,
                    0.9853319525718689,
                    -0.1563950628042221
                ],
                [
                    -0.03910369426012039,
                    0.1592833697795868,
                    0.9864581227302551
                ]
            ],
            [
                [
                    0.798594057559967,
                    0.10596251487731934,
                    -0.5924688577651978
                ],
                [
                    0.12976090610027313,
                    0.9309179782867432,
                    0.341399610042572
                ],
                [
                    0.5877155661582947,
                    -0.3495189845561981,
                    0.7296757698059082
                ]
            ],
            [
                [
                    0.9320437908172607,
                    -0.13369999825954437,
                    0.33677688241004944
                ],
                [
                    0.02623160183429718,
                    0.95189368724823,
                    0.30530354380607605
                ],
                [
                    -0.36139488220214844,
                    -0.27572205662727356,
                    0.8907137513160706
                ]
            ],
            [
                [
                    0.19670110940933228,
                    -0.1599143147468567,
                    -0.967334508895874
                ],
                [
                    0.5051299929618835,
                    0.8621247410774231,
                    -0.039806779474020004
                ],
                [
                    0.8403287529945374,
                    -0.4807996153831482,
                    0.2503584027290344
                ]
            ],
            [
                [
                    0.23831617832183838,
                    0.2385144978761673,
                    0.9414436221122742
                ],
                [
                    -0.5766599774360657,
                    0.8147454261779785,
                    -0.06044038385152817
                ],
                [
                    -0.7814528942108154,
                    -0.5284889340400696,
                    0.33170878887176514
                ]
            ],
            [
                [
                    0.9800037145614624,
                    -0.19340763986110687,
                    -0.04675492271780968
                ],
                [
                    0.1791640818119049,
                    0.9599269032478333,
                    -0.21550054848194122
                ],
                [
                    0.08656077086925507,
                    0.20281457901000977,
                    0.9753836393356323
                ]
            ],
            [
                [
                    0.9872303009033203,
                    0.15671080350875854,
                    0.02860356867313385
                ],
                [
                    -0.15180163085460663,
                    0.9799118041992188,
                    -0.1293412148952484
                ],
                [
                    -0.04829813912510872,
                    0.12334748357534409,
                    0.991187572479248
                ]
            ],
            [
                [
                    0.9961194396018982,
                    0.07933942973613739,
                    -0.03809486702084541
                ],
                [
                    -0.08032157272100449,
                    0.9964559674263,
                    -0.024980906397104263
                ],
                [
                    0.03597788140177727,
                    0.02794380858540535,
                    0.9989618062973022
                ]
            ],
            [
                [
                    0.9955125451087952,
                    -0.09285324066877365,
                    0.01825171895325184
                ],
                [
                    0.09259475022554398,
                    0.995597779750824,
                    0.014532350935041904
                ],
                [
                    -0.019520748406648636,
                    -0.012777122668921947,
                    0.9997277855873108
                ]
            ]
        ],
        "betas": [
            -0.025952503085136414,
            -0.08448150753974915,
            -0.1728784292936325,
            -0.06843602657318115,
            0.07439130544662476,
            -0.05375315994024277,
            -0.07188716530799866,
            -0.01653999090194702,
            0.05483093857765198,
            -0.01266402006149292
        ]
    },
    "pred_cam_t": [
        -0.015171175822615623,
        0.5966002345085144,
        21.69145393371582
    ],
    "focal_length": [
        5000.0,
        5000.0
    ],
    "pred_keypoints_3d": [
        [
            0.07916943728923798,
            -0.7984926700592041,
            0.0002589896321296692
        ],
        [
            0.0890011414885521,
            -0.6916449069976807,
            0.15958678722381592
        ],
        [
            -0.08836366981267929,
            -0.6591666340827942,
            0.16826079785823822
        ],
        [
            -0.3127569854259491,
            -0.7172998189926147,
            0.061307668685913086
        ],
        [
            -0.2572101950645447,
            -0.952773928642273,
            -0.020934559404850006
        ],
        [
            0.23592767119407654,
            -0.6340140104293823,
            0.08862608671188354
        ],
        [
            0.33473944664001465,
            -0.7328177690505981,
            -0.1324186772108078
        ],
        [
            0.22162312269210815,
            -0.9538306593894958,
            -0.10781475901603699
        ],
        [
            -0.001709562260657549,
            -0.22188955545425415,
            0.028651179745793343
        ],
        [
            -0.08664333075284958,
            -0.1519363820552826,
            0.0023936722427606583
        ],
        [
            -0.24939873814582825,
            -0.013906151056289673,
            -0.3161264955997467
        ],
        [
            -0.211113840341568,
            0.30605751276016235,
            -0.07912328839302063
        ],
        [
            0.04766099154949188,
            -0.13051801919937134,
            -0.020855532959103584
        ],
        [
            0.03647369518876076,
            0.016660109162330627,
            -0.3663339614868164
        ],
        [
            0.017876137048006058,
            0.315280020236969,
            -0.1013597846031189
        ],
        [
            0.04824245348572731,
            -0.8380258083343506,
            0.0348765030503273
        ],
        [
            0.11481637507677078,
            -0.8389413356781006,
            0.028363622725009918
        ],
        [
            0.014771431684494019,
            -0.8252875804901123,
            0.1350821554660797
        ],
        [
            0.16182729601860046,
            -0.8282537460327148,
            0.11876367032527924
        ],
        [
            0.021860122680664062,
            0.4187818169593811,
            -0.27009862661361694
        ],
        [
            0.08684058487415314,
            0.4111977219581604,
            -0.21984751522541046
        ],
        [
            0.02957531064748764,
            0.324978768825531,
            -0.03288829326629639
        ],
        [
            -0.2898181080818176,
            0.39709019660949707,
            -0.23489195108413696
        ],
        [
            -0.3360672891139984,
            0.3792625069618225,
            -0.16496777534484863
        ],
        [
            -0.19500896334648132,
            0.3327702283859253,
            -0.010464459657669067
        ],
        [
            -0.2253515124320984,
            0.24893349409103394,
            -0.07236269861459732
        ],
        [
            -0.2342517226934433,
            -0.042617809027433395,
            -0.2860889732837677
        ],
        [
            -0.1398254930973053,
            -0.25559890270233154,
            0.08820396661758423
        ],
        [
            0.15243308246135712,
            -0.1956571787595749,
            0.03994157537817955
        ],
        [
            0.05257265269756317,
            0.0005703767528757453,
            -0.3464612066745758
        ],
        [
            0.03325372934341431,
            0.273457795381546,
            -0.09908498823642731
        ],
        [
            -0.22890539467334747,
            -0.9335465431213379,
            -0.006479637231677771
        ],
        [
            -0.30056867003440857,
            -0.7417600154876709,
            0.08799874782562256
        ],
        [
            -0.05570725351572037,
            -0.6776391267776489,
            0.17709431052207947
        ],
        [
            0.2252475917339325,
            -0.6554750800132751,
            0.11378072947263718
        ],
        [
            0.3417195677757263,
            -0.7534053921699524,
            -0.09366684406995773
        ],
        [
            0.2269342541694641,
            -0.9443728923797607,
            -0.08829774707555771
        ],
        [
            0.09278462827205658,
            -0.6908667087554932,
            0.16043269634246826
        ],
        [
            0.09083352982997894,
            -0.879023551940918,
            0.10924097895622253
        ],
        [
            0.006318605504930019,
            -0.22559134662151337,
            0.06419126689434052
        ],
        [
            0.08343853056430817,
            -0.6577913761138916,
            0.14359305799007416
        ],
        [
            0.0510607585310936,
            -0.4574538469314575,
            0.12779909372329712
        ],
        [
            0.09215130656957626,
            -0.7709309458732605,
            0.07607686519622803
        ],
        [
            0.08664555847644806,
            -0.8980080485343933,
            0.1181216686964035
        ]
    ],
    "pred_vertices": [
        [
            0.12558172643184662,
            -0.8850923776626587,
            0.025854818522930145
        ],
        [
            0.11945901811122894,
            -0.8709935545921326,
            0.020472928881645203
        ],
        [
            0.13131660223007202,
            -0.8680367469787598,
            0.027983710169792175
        ],
        [
            0.13717032968997955,
            -0.8781958818435669,
            0.03693327307701111
        ],
        [
            0.12708239257335663,
            -0.8586587309837341,
            0.022724725306034088
        ],
        [
            0.1163758933544159,
            -0.8600420951843262,
            0.017217382788658142
        ],
        [
            0.13909894227981567,
            -0.8617583513259888,
            0.03774002939462662
        ],
        [
            0.1444951593875885,
            -0.8691343665122986,
            0.04841841012239456
        ],
        [
            0.14671385288238525,
            -0.8251183032989502,
            0.049182333052158356
        ],
        [
            0.15104027092456818,
            -0.8200387954711914,
            0.05873256176710129
        ],
        [
            0.15037798881530762,
            -0.8328006267547607,
            0.05648297816514969
        ],
        [
            0.14462079107761383,
            -0.834433913230896,
            0.0482451468706131
        ],
        [
            0.1451224386692047,
            -0.7996161580085754,
            0.05301864445209503
        ],
        [
            0.13826119899749756,
            -0.7905037999153137,
            0.04512695223093033
        ],
        [
            0.14122071862220764,
            -0.7813019752502441,
            0.05477132648229599
        ],
        [
            0.14698317646980286,
            -0.789932370185852,
            0.0635465607047081
        ],
        [
            0.10446250438690186,
            -0.8049594163894653,
            0.024351969361305237
        ],
        [
            0.10985004156827927,
            -0.7982381582260132,
            0.024929918348789215
        ],
        [
            0.11382494866847992,
            -0.8048563599586487,
            0.025307506322860718
        ],
        [
            0.1076199933886528,
            -0.8107584714889526,
            0.02511749416589737
        ],
        [
            0.09443570673465729,
            -0.8148784041404724,
            0.018881402909755707
        ],
        [
            0.09560173749923706,
            -0.8203357458114624,
            0.022181957960128784
        ],
        [
            0.09048334509134293,
            -0.8242825269699097,
            0.017379216849803925
        ],
        [
            0.08997645974159241,
            -0.8180977702140808,
            0.013105086982250214
        ],
        [
            0.09918427467346191,
            -0.7996934652328491,
            0.02436080574989319
        ],
        [
            0.10485197603702545,
            -0.7928576469421387,
            0.025783203542232513
        ],
        [
            0.09961719810962677,
            -0.8105727434158325,
            0.023293547332286835
        ],
        [
            0.09736703336238861,
            -0.8064079284667969,
            0.02095819264650345
        ],
        [
            0.0933818444609642,
            -0.8005651235580444,
            0.011035680770874023
        ],
        [
            0.09513430297374725,
            -0.8052661418914795,
            0.01234283298254013
        ],
        [
            0.09124613553285599,
            -0.8064588308334351,
            0.005623474717140198
        ],
        [
            0.08994928002357483,
            -0.8008023500442505,
            0.0065155029296875
        ],
        [
            0.0969446673989296,
            -0.7998625040054321,
            0.01975300908088684
        ],
        [
            0.09732332080602646,
            -0.8027921915054321,
            0.017041467130184174
        ],
        [
            0.09449411928653717,
            -0.7991721630096436,
            0.014942869544029236
        ],
        [
            0.09335243701934814,
            -0.7969897985458374,
            0.01815749704837799
        ],
        [
            0.09369119256734848,
            -0.8109180331230164,
            0.016006015241146088
        ],
        [
            0.09017468988895416,
            -0.8128006458282471,
            0.009332619607448578
        ],
        [
            0.08576623350381851,
            -0.8143817186355591,
            0.002530522644519806
        ],
        [
            0.08644137531518936,
            -0.806061863899231,
            -0.0008162856101989746
        ],
        [
            0.1208689957857132,
            -0.7844688892364502,
            0.03100493550300598
        ],
        [
            0.11584680527448654,
            -0.791574239730835,
            0.026845984160900116
        ],
        [
            0.11074590682983398,
            -0.7866989374160767,
            0.02696879953145981
        ],
        [
            0.11557824164628983,
            -0.7810104489326477,
            0.029651209712028503
        ],
        [
            0.09491928666830063,
            -0.7936364412307739,
            0.021463677287101746
        ],
        [
            0.09837061166763306,
            -0.7777670621871948,
            0.021667033433914185
        ],
        [
            0.09870616346597672,
            -0.7814924716949463,
            0.021267034113407135
        ],
        [
            0.09244881570339203,
            -0.7824608087539673,
            0.017717450857162476
        ],
        [
            0.09282126277685165,
            -0.7789614796638489,
            0.018238194286823273
        ],
        [
            0.1262439489364624,
            -0.7699706554412842,
            0.039748579263687134
        ],
        [
            0.12043295800685883,
            -0.7688889503479004,
            0.03548967093229294
        ],
        [
            0.12095163017511368,
            -0.7619067430496216,
            0.038305945694446564
        ],
        [
            0.12613673508167267,
            -0.7616147398948669,
            0.04375947639346123
        ],
        [
            0.11852008104324341,
            -0.7561545372009277,
            0.03968561813235283
        ],
        [
            0.12478052079677582,
            -0.7536985874176025,
            0.047235459089279175
        ],
        [
            0.11561360955238342,
            -0.7396005988121033,
            0.04797440394759178
        ],
        [
            0.12028183043003082,
            -0.7457315921783447,
            0.04776456579566002
        ],
        [
            0.11462513357400894,
            -0.7504794597625732,
            0.03954898193478584
        ],
        [
            0.10920281708240509,
            -0.7453848123550415,
            0.0366707444190979
        ],
        [
            0.09681969881057739,
            -0.7501887083053589,
            0.028822604566812515
        ],
        [
            0.09093866497278214,
            -0.7489749193191528,
            0.0264887735247612
        ],
        [
            0.09532710909843445,
            -0.736914336681366,
            0.029029536992311478
        ],
        [
            0.102107934653759,
            -0.7402236461639404,
            0.03212358430027962
        ],
        [
            0.09864871948957443,
            -0.7716127038002014,
            0.026085220277309418
        ],
        [
            0.10264437645673752,
            -0.7717279195785522,
            0.028755925595760345
        ],
        [
            0.10282688587903976,
            -0.7731379866600037,
            0.02639973908662796
        ],
        [
            0.09859439730644226,
            -0.7743078470230103,
            0.023341074585914612
        ],
        [
            0.10617397725582123,
            -0.771424412727356,
            0.030401594936847687
        ],
        [
            0.10784702003002167,
            -0.7710837125778198,
            0.031060263514518738
        ],
        [
            0.10762085020542145,
            -0.7723779678344727,
            0.02985887974500656
        ],
        [
            0.10614101588726044,
            -0.7722892761230469,
            0.029736638069152832
        ],
        [
            0.10413095355033875,
            -0.7719379663467407,
            0.02918049693107605
        ],
        [
            0.1031695306301117,
            -0.7699968814849854,
            0.02880142629146576
        ],
        [
            0.10525360703468323,
            -0.7706396579742432,
            0.029880322515964508
        ],
        [
            0.09954221546649933,
            -0.7691826820373535,
            0.026167437434196472
        ],
        [
            0.08641240745782852,
            -0.7670223712921143,
            0.019006546586751938
        ],
        [
            0.09059096872806549,
            -0.7673375606536865,
            0.020252011716365814
        ],
        [
            0.08929332345724106,
            -0.771699070930481,
            0.020946532487869263
        ],
        [
            0.08566281199455261,
            -0.7718853950500488,
            0.019858255982398987
        ],
        [
            0.10560440272092819,
            -0.7746526002883911,
            0.028103001415729523
        ],
        [
            0.10851053893566132,
            -0.7757930755615234,
            0.028419271111488342
        ],
        [
            0.10460348427295685,
            -0.7785558700561523,
            0.025085844099521637
        ],
        [
            0.10342256724834442,
            -0.7758779525756836,
            0.025892741978168488
        ],
        [
            0.11131181567907333,
            -0.7776346206665039,
            0.02823435515165329
        ],
        [
            0.10992927849292755,
            -0.7735401391983032,
            0.03022942692041397
        ],
        [
            0.11272677034139633,
            -0.7743728756904602,
            0.030720144510269165
        ],
        [
            0.10727658867835999,
            -0.7693578004837036,
            0.031065918505191803
        ],
        [
            0.1099986582994461,
            -0.7676000595092773,
            0.03242787718772888
        ],
        [
            0.1105908751487732,
            -0.7701897621154785,
            0.03129971772432327
        ],
        [
            0.10793863236904144,
            -0.7643704414367676,
            0.03212660551071167
        ],
        [
            0.10477860271930695,
            -0.7674658298492432,
            0.030149206519126892
        ],
        [
            0.10115423053503036,
            -0.7656428813934326,
            0.027625661343336105
        ],
        [
            0.09639117866754532,
            -0.7640491127967834,
            0.024481844156980515
        ],
        [
            0.09889143705368042,
            -0.7591615915298462,
            0.027493957430124283
        ],
        [
            0.10409655421972275,
            -0.7614235877990723,
            0.030173838138580322
        ],
        [
            0.10651201754808426,
            -0.7825620174407959,
            0.0255156010389328
        ],
        [
            0.11483074724674225,
            -0.7695591449737549,
            0.03317813575267792
        ],
        [
            0.11837530136108398,
            -0.7759522199630737,
            0.032888807356357574
        ],
        [
            0.11464124917984009,
            -0.7647693157196045,
            0.034446414560079575
        ],
        [
            0.11249963939189911,
            -0.7603020668029785,
            0.035018861293792725
        ],
        [
            0.10854782909154892,
            -0.7562006711959839,
            0.03399307653307915
        ],
        [
            0.10278549790382385,
            -0.7529507875442505,
            0.0313904695212841
        ],
        [
            0.09786079823970795,
            -0.7284201383590698,
            0.040592558681964874
        ],
        [
            0.1064085140824318,
            -0.7331740856170654,
            0.043418534100055695
        ],
        [
            0.11428003013134003,
            -0.8527086973190308,
            0.02037227153778076
        ],
        [
            0.1230849027633667,
            -0.8518306612968445,
            0.022456049919128418
        ],
        [
            0.12366197258234024,
            -0.8440477848052979,
            0.027831465005874634
        ],
        [
            0.12602035701274872,
            -0.846022367477417,
            0.0276784747838974
        ],
        [
            0.12007182836532593,
            -0.8478098511695862,
            0.024599462747573853
        ],
        [
            0.11939914524555206,
            -0.8452290296554565,
            0.025827348232269287
        ],
        [
            0.13803282380104065,
            -0.8368258476257324,
            0.042868345975875854
        ],
        [
            0.13285188376903534,
            -0.8387398719787598,
            0.038532525300979614
        ],
        [
            0.1330852210521698,
            -0.8348841071128845,
            0.04031122475862503
        ],
        [
            0.13959822058677673,
            -0.8300884962081909,
            0.043904244899749756
        ],
        [
            0.12527519464492798,
            -0.827338457107544,
            0.03375333547592163
        ],
        [
            0.12967857718467712,
            -0.8284798860549927,
            0.036799751222133636
        ],
        [
            0.12591350078582764,
            -0.8353502750396729,
            0.03394325077533722
        ],
        [
            0.12259701639413834,
            -0.8344539403915405,
            0.03178669512271881
        ],
        [
            0.11883193999528885,
            -0.8340421915054321,
            0.0298311710357666
        ],
        [
            0.11449439823627472,
            -0.8339804410934448,
            0.028983168303966522
        ],
        [
            0.11474882066249847,
            -0.8287254571914673,
            0.029716700315475464
        ],
        [
            0.11993056535720825,
            -0.8277441263198853,
            0.03126668184995651
        ],
        [
            0.11353597044944763,
            -0.8491625785827637,
            0.023728586733341217
        ],
        [
            0.10616184771060944,
            -0.8482789993286133,
            0.024452202022075653
        ],
        [
            0.10757070034742355,
            -0.8454525470733643,
            0.02523414045572281
        ],
        [
            0.11367649585008621,
            -0.8460120558738708,
            0.02436249703168869
        ],
        [
            0.09756438434123993,
            -0.8390542268753052,
            0.03067430853843689
        ],
        [
            0.09873458743095398,
            -0.8414449095726013,
            0.0295305997133255
        ],
        [
            0.09506972134113312,
            -0.8429982662200928,
            0.02861674129962921
        ],
        [
            0.09429904818534851,
            -0.8385021090507507,
            0.029573671519756317
        ],
        [
            0.0965777114033699,
            -0.8355027437210083,
            0.029398739337921143
        ],
        [
            0.09881695359945297,
            -0.8374243974685669,
            0.030197694897651672
        ],
        [
            0.11662909388542175,
            -0.9063493013381958,
            0.027309149503707886
        ],
        [
            0.11140783876180649,
            -0.890194296836853,
            0.018987059593200684
        ],
        [
            0.13163837790489197,
            -0.9002370834350586,
            0.03904597461223602
        ],
        [
            0.14237838983535767,
            -0.8896634578704834,
            0.05054039508104324
        ],
        [
            0.1498543918132782,
            -0.8763377666473389,
            0.06085674464702606
        ],
        [
            0.13369525969028473,
            -0.7743477821350098,
            0.04645860195159912
        ],
        [
            0.13516570627689362,
            -0.7654640674591064,
            0.05283955857157707
        ],
        [
            0.1437681019306183,
            -0.7727721929550171,
            0.06435549259185791
        ],
        [
            0.14165261387825012,
            -0.7625272870063782,
            0.06927163898944855
        ],
        [
            0.1331126093864441,
            -0.755119800567627,
            0.05700872465968132
        ],
        [
            0.1191105991601944,
            -0.7367699146270752,
            0.06098579987883568
        ],
        [
            0.1276918649673462,
            -0.744788408279419,
            0.05974845215678215
        ],
        [
            0.13668477535247803,
            -0.7524608373641968,
            0.07516027987003326
        ],
        [
            0.14562150835990906,
            -0.7649707794189453,
            0.08940233290195465
        ],
        [
            0.1481688767671585,
            -0.7724412679672241,
            0.08123200386762619
        ],
        [
            0.1507805585861206,
            -0.7808111310005188,
            0.10112954676151276
        ],
        [
            0.1408974826335907,
            -0.7567769289016724,
            0.10118807852268219
        ],
        [
            0.14812429249286652,
            -0.779918909072876,
            0.1099291667342186
        ],
        [
            0.1245252788066864,
            -0.7215664386749268,
            0.09773370623588562
        ],
        [
            0.1261540949344635,
            -0.7101120948791504,
            0.10062669217586517
        ],
        [
            0.1374083161354065,
            -0.7157316207885742,
            0.11391131579875946
        ],
        [
            0.13647855818271637,
            -0.727450966835022,
            0.11035941541194916
        ],
        [
            0.14915868639945984,
            -0.7804977297782898,
            0.07334914803504944
        ],
        [
            0.15207965672016144,
            -0.8439679145812988,
            0.06385652720928192
        ],
        [
            0.14799708127975464,
            -0.8437658548355103,
            0.0528227835893631
        ],
        [
            0.15412425994873047,
            -0.8313277959823608,
            0.06746936589479446
        ],
        [
            0.1553170084953308,
            -0.9046230316162109,
            0.08298297971487045
        ],
        [
            0.14719408750534058,
            -0.8990451693534851,
            0.0664161741733551
        ],
        [
            0.15515294671058655,
            -0.8841092586517334,
            0.07295048981904984
        ],
        [
            0.1600564420223236,
            -0.89115309715271,
            0.08824103325605392
        ],
        [
            0.12792134284973145,
            -0.9400007128715515,
            0.07326815277338028
        ],
        [
            0.12348175048828125,
            -0.9259824752807617,
            0.0491366982460022
        ],
        [
            0.134593203663826,
            -0.9146152138710022,
            0.05724440515041351
        ],
        [
            0.14137199521064758,
            -0.9255666732788086,
            0.07649931311607361
        ],
        [
            0.16309018433094025,
            -0.8922132849693298,
            0.10122412443161011
        ],
        [
            0.16524116694927216,
            -0.8938559293746948,
            0.12041306495666504
        ],
        [
            0.16140007972717285,
            -0.9098451137542725,
            0.12687405943870544
        ],
        [
            0.1583998203277588,
            -0.9102275371551514,
            0.10374921560287476
        ],
        [
            0.1499037742614746,
            -0.9304847121238708,
            0.1335233449935913
        ],
        [
            0.14708024263381958,
            -0.9313141107559204,
            0.10561489313840866
        ],
        [
            0.14503905177116394,
            -0.7656091451644897,
            0.12057614326477051
        ],
        [
            0.14828068017959595,
            -0.7850902676582336,
            0.12284743785858154
        ],
        [
            0.13573400676250458,
            -0.7412230372428894,
            0.10466688126325607
        ],
        [
            0.14283733069896698,
            -0.7486246824264526,
            0.12054544687271118
        ],
        [
            0.1328592598438263,
            -0.9453617334365845,
            0.13784021139144897
        ],
        [
            0.1296742707490921,
            -0.9479542970657349,
            0.10593869537115097
        ],
        [
            0.15549105405807495,
            -0.8740075826644897,
            0.17008724808692932
        ],
        [
            0.15891103446483612,
            -0.8907156586647034,
            0.16163527965545654
        ],
        [
            0.16377729177474976,
            -0.8776458501815796,
            0.14581112563610077
        ],
        [
            0.1610945463180542,
            -0.8638707995414734,
            0.155103400349617
        ],
        [
            0.1464422047138214,
            -0.883304238319397,
            0.18663570284843445
        ],
        [
            0.14871452748775482,
