{
    "pred_cam": [
        1.808776617050171,
        -0.009977472946047783,
        0.6112565398216248
    ],
    "pred_smpl_params": {
        "global_orient": [
            [
                [
                    0.98744797706604,
                    0.1506369709968567,
                    -0.04748821258544922
                ],
                [
                    0.10870631039142609,
                    -0.8662915229797363,
                    -0.4875674545764923
                ],
                [
                    -0.1145843118429184,
                    0.4762851595878601,
                    -0.8717929720878601
                ]
            ]
        ],
        "body_pose": [
            [
                [
                    0.9760139584541321,
                    -0.21365439891815186,
                    -0.041816964745521545
                ],
                [
                    0.18934470415115356,
                    0.738250732421875,
                    0.6474059820175171
                ],
                [
                    -0.1074497252702713,
                    -0.6397950649261475,
                    0.7609973549842834
                ]
            ],
            [
                [
                    0.9836801290512085,
                    0.1780589520931244,
                    0.0258532352745533
                ],
                [
                    -0.15998393297195435,
                    0.7998279333114624,
                    0.5785157084465027
                ],
                [
                    0.08233176171779633,
                    -0.5732105374336243,
                    0.8152614235877991
                ]
            ],
            [
                [
                    0.9993313550949097,
                    0.03652983531355858,
                    -0.0015715756453573704
                ],
                [
                    -0.033606600016355515,
                    0.9007298350334167,
                    -0.433077871799469
                ],
                [
                    -0.01440469827502966,
                    0.43284109234809875,
                    0.9013552069664001
                ]
            ],
            [
                [
                    0.978538990020752,
                    0.10985735803842545,
                    -0.17433501780033112
                ],
                [
                    -0.1386415660381317,
                    -0.27490392327308655,
                    -0.9514232873916626
                ],
                [
                    -0.1524462252855301,
                    0.9551749229431152,
                    -0.25377342104911804
                ]
            ],
            [
                [
                    0.9747995138168335,
                    -0.10595998167991638,
                    0.19631221890449524
                ],
                [
                    0.1665033996105194,
                    -0.2400817573070526,
                    -0.9563668370246887
                ],
                [
                    0.14846757054328918,
                    0.9649524688720703,
                    -0.21638888120651245
                ]
            ],
            [
                [
                    0.9995542764663696,
                    -0.027920207008719444,
                    -0.010570378974080086
                ],
                [
                    0.02838241308927536,
                    0.9985175132751465,
                    0.04644545540213585
                ],
                [
                    0.00925794243812561,
                    -0.04672476649284363,
                    0.9988648891448975
                ]
            ],
            [
                [
                    0.9355090856552124,
                    -0.12645557522773743,
                    0.3298965096473694
                ],
                [
                    0.008081542328000069,
                    0.9411655068397522,
                    0.3378492295742035
                ],
                [
                    -0.3532101809978485,
                    -0.3133949637413025,
                    0.8814908266067505
                ]
            ],
            [
                [
                    0.9433786869049072,
                    0.09238038212060928,
                    -0.31859472393989563
                ],
                [
                    0.010719082318246365,
                    0.9514477252960205,
                    0.30762362480163574
                ],
                [
                    0.3315446376800537,
                    -0.29362058639526367,
                    0.8965852856636047
                ]
            ],
            [
                [
                    0.9996989965438843,
                    -0.012733292765915394,
                    -0.020970869809389114
                ],
                [
                    0.012950707226991653,
                    0.9998634457588196,
                    0.010264686308801174
                ],
                [
                    0.02083730325102806,
                    -0.010533183813095093,
                    0.9997273683547974
                ]
            ],
            [
                [
                    0.9937597513198853,
                    -0.09947805106639862,
                    -0.05045456066727638
                ],
                [
                    0.10501540452241898,
                    0.9868811964988708,
                    0.1226264014840126
                ],
                [
                    0.037594024091959,
                    -0.12715968489646912,
                    0.9911695122718811
                ]
            ],
            [
                [
                    0.9957678914070129,
                    0.07333765923976898,
                    0.05538810417056084
                ],
                [
                    -0.08195538818836212,
                    0.9813183546066284,
                    0.17406179010868073
                ],
                [
                    -0.041588086634874344,
                    -0.17786450684070587,
                    0.9831757545471191
                ]
            ],
            [
                [
                    0.9964608550071716,
                    -0.02016458287835121,
                    0.08160362392663956
                ],
                [
                    0.03102688677608967,
                    0.9904796481132507,
                    -0.13411752879619598
                ],
                [
                    -0.07812229543924332,
                    0.1361747831106186,
                    0.9875998497009277
                ]
            ],
            [
                [
                    0.8837401270866394,
                    -0.0882997140288353,
                    -0.4595720171928406
                ],
                [
                    0.1972920149564743,
                    0.9607994556427002,
                    0.19478239119052887
                ],
                [
                    0.4243573546409607,
                    -0.2628069221973419,
                    0.8665178418159485
                ]
            ],
            [
                [
                    0.9424676895141602,
                    0.04591881111264229,
                    0.3311285674571991
                ],
                [
                    -0.11057529598474503,
                    0.9775867462158203,
                    0.1791570484638214
                ],
                [
                    -0.31548020243644714,
                    -0.20546436309814453,
                    0.9264214038848877
                ]
            ],
            [
                [
                    0.9970770478248596,
                    -0.06801923364400864,
                    0.034796345978975296
                ],
                [
                    0.07208769768476486,
                    0.9884242415428162,
                    -0.133494570851326
                ],
                [
                    -0.025313356891274452,
                    0.13561275601387024,
                    0.9904384613037109
                ]
            ],
            [
                [
                    0.8078173398971558,
                    0.1001003310084343,
                    -0.5808709859848022
                ],
                [
                    0.14073681831359863,
                    0.9242156744003296,
                    0.35499098896980286
                ],
                [
                    0.572384774684906,
                    -0.36851778626441956,
                    0.7325096726417542
                ]
            ],
            [
                [
                    0.9366112947463989,
                    -0.12756139039993286,
                    0.32632407546043396
                ],
                [
                    0.015854166820645332,
                    0.9458453059196472,
                    0.3242303431034088
                ],
                [
                    -0.3500113785266876,
                    -0.29850420355796814,
                    0.8879117965698242
                ]
            ],
            [
                [
                    0.19190499186515808,
                    -0.16226166486740112,
                    -0.9679068922996521
                ],
                [
                    0.5228776335716248,
                    0.851511538028717,
                    -0.03907902538776398
                ],
                [
                    0.8305248618125916,
                    -0.4985973536968231,
                    0.24825230240821838
                ]
            ],
            [
                [
                    0.19584088027477264,
                    0.24266022443771362,
                    0.9501380920410156
                ],
                [
                    -0.5936262011528015,
                    0.8005422949790955,
                    -0.08209702372550964
                ],
                [
                    -0.7805474400520325,
                    -0.5479488968849182,
                    0.30082836747169495
                ]
            ],
            [
                [
                    0.9815118908882141,
                    -0.18787574768066406,
                    -0.036567822098731995
                ],
                [
                    0.1744169145822525,
                    0.9566202163696289,
                    -0.23335950076580048
                ],
                [
                    0.07882409542798996,
                    0.22266706824302673,
                    0.9717028141021729
                ]
            ],
            [
                [
                    0.987616240978241,
                    0.1546018272638321,
                    0.02669152058660984
                ],
                [
                    -0.14941397309303284,
                    0.9787374138832092,
                    -0.14052928984165192
                ],
                [
                    -0.04785007983446121,
                    0.13480092585086823,
                    0.989716649055481
                ]
            ],
            [
                [
                    0.996299684047699,
                    0.07527773082256317,
                    -0.04147377982735634
                ],
                [
                    -0.07635939866304398,
                    0.9967634081840515,
                    -0.025142770260572433
                ],
                [
                    0.03944684565067291,
                    0.02821665070950985,
                    0.9988232254981995
                ]
            ],
            [
                [
                    0.9956203103065491,
                    -0.0910949781537056,
                    0.02102288417518139
                ],
                [
                    0.0908297598361969,
                    0.9957783818244934,
                    0.013244605623185635
                ],
                [
                    -0.02214065007865429,
                    -0.011277093552052975,
                    0.9996913075447083
                ]
            ]
        ],
        "betas": [
            -0.019037440419197083,
            -0.07234913110733032,
            -0.1807173639535904,
            -0.11055970191955566,
            0.08102923631668091,
            -0.056957267224788666,
            -0.060380250215530396,
            -0.029487550258636475,
            0.04389628767967224,
            -0.020261764526367188
        ]
    },
    "pred_cam_t": [
        -0.009977472946047783,
        0.6112565398216248,
        21.596088409423828
    ],
    "focal_length": [
        5000.0,
        5000.0
    ],
    "pred_keypoints_3d": [
        [
            0.07111828774213791,
            -0.801284670829773,
            -0.005193375051021576
        ],
        [
            0.07223480939865112,
            -0.6940768957138062,
            0.1547607034444809
        ],
        [
            -0.10496816039085388,
            -0.6607627868652344,
            0.15459857881069183
        ],
        [
            -0.3256723880767822,
            -0.7169145941734314,
            0.0386434867978096
        ],
        [
            -0.26044419407844543,
            -0.9536536931991577,
            -0.032997578382492065
        ],
        [
            0.2233992964029312,
            -0.6361533403396606,
            0.09463202953338623
        ],
        [
            0.33991771936416626,
            -0.7316028475761414,
            -0.11944203078746796
        ],
        [
            0.22989150881767273,
            -0.9551342129707336,
            -0.10262073576450348
        ],
        [
            -0.0016764183528721333,
            -0.22153067588806152,
            0.02862956002354622
        ],
        [
            -0.08235358446836472,
            -0.14866545796394348,
            -0.0029011964797973633
        ],
        [
            -0.2425084412097931,
            0.002157434821128845,
            -0.3175262212753296
        ],
        [
            -0.17888471484184265,
            0.29126274585723877,
            -0.04770016670227051
        ],
        [
            0.05403507128357887,
            -0.13167710602283478,
            -0.016941726207733154
        ],
        [
            0.11377531290054321,
            0.004172176122665405,
            -0.3626827299594879
        ],
        [
            0.04674874246120453,
            0.29406750202178955,
            -0.09505021572113037
        ],
        [
            0.03915678337216377,
            -0.840934157371521,
            0.028592564165592194
        ],
        [
            0.10595819354057312,
            -0.841089129447937,
            0.02472054213285446
        ],
        [
            0.0016490593552589417,
            -0.8275686502456665,
            0.127373605966568
        ],
        [
            0.14924278855323792,
            -0.8288233280181885,
            0.11681418120861053
        ],
        [
            0.09022252261638641,
            0.40174609422683716,
            -0.2558831572532654
        ],
        [
            0.14171692728996277,
            0.3910789489746094,
            -0.19221168756484985
        ],
        [
            0.04339753836393356,
            0.3015756607055664,
            -0.025335699319839478
        ],
        [
            -0.2563174366950989,
            0.3958345055580139,
            -0.19567635655403137
        ],
        [
            -0.30187782645225525,
            0.37510478496551514,
            -0.1260264813899994
        ],
        [
            -0.16063666343688965,
            0.3114878535270691,
            0.022329658269882202
        ],
        [
            -0.19650281965732574,
            0.23460128903388977,
            -0.046667084097862244
        ],
        [
            -0.22883489727973938,
            -0.026522299274802208,
            -0.2886478006839752
        ],
        [
            -0.14461147785186768,
            -0.2510429322719574,
            0.07884126901626587
        ],
        [
            0.1518140733242035,
            -0.2003161907196045,
            0.05287982150912285
        ],
        [
            0.125909686088562,
            -0.011024574749171734,
            -0.3406291604042053
        ],
        [
            0.0602942630648613,
            0.2517559230327606,
            -0.09108972549438477
        ],
        [
            -0.2335239052772522,
            -0.9333938360214233,
            -0.01753257028758526
        ],
        [
            -0.3148490786552429,
            -0.7412189245223999,
            0.06618113070726395
        ],
        [
            -0.07291734218597412,
            -0.6796751022338867,
            0.16477297246456146
        ],
        [
            0.21095097064971924,
            -0.6579347848892212,
            0.11853794753551483
        ],
        [
            0.3443765640258789,
            -0.7524431347846985,
            -0.08036022633314133
        ],
        [
            0.23357859253883362,
            -0.9457210302352905,
            -0.08299856632947922
        ],
        [
            0.07592099159955978,
            -0.6933130025863647,
            0.15601328015327454
        ],
        [
            0.07935573160648346,
            -0.8804683089256287,
            0.10510267317295074
        ],
        [
            0.003608795115724206,
            -0.22554343938827515,
            0.06579211354255676
        ],
        [
            0.06784035265445709,
            -0.6599574089050293,
            0.13973751664161682
        ],
        [
            0.03801687806844711,
            -0.45925116539001465,
            0.12637439370155334
        ],
        [
            0.08063202351331711,
            -0.7729633450508118,
            0.07097885012626648
        ],
        [
            0.0750095397233963,
            -0.8995037078857422,
            0.11404300481081009
        ]
    ],
    "pred_vertices": [
        [
            0.11755500733852386,
            -0.887020468711853,
            0.023126408457756042
        ],
        [
            0.11151021718978882,
            -0.8730106353759766,
            0.0172821506857872
        ],
        [
            0.12300993502140045,
            -0.8697901368141174,
            0.02526170015335083
        ],
        [
            0.12863105535507202,
            -0.879871129989624,
            0.03454724699258804
        ],
        [
            0.1188562884926796,
            -0.8605643510818481,
            0.019840389490127563
        ],
        [
            0.10839134454727173,
            -0.8621375560760498,
            0.013925760984420776
        ],
        [
            0.1302827149629593,
            -0.8633846044540405,
            0.03529920428991318
        ],
        [
            0.13536104559898376,
            -0.8706252574920654,
            0.04626171290874481
        ],
        [
            0.1367902308702469,
            -0.826671302318573,
            0.04677008092403412
        ],
        [
            0.14072532951831818,
            -0.8213160037994385,
            0.05652762949466705
        ],
        [
            0.14046552777290344,
            -0.8341503143310547,
            0.054297491908073425
        ],
        [
            0.13500718772411346,
            -0.835963249206543,
            0.04582689702510834
        ],
        [
            0.13475584983825684,
            -0.8011456727981567,
            0.05029875040054321
        ],
        [
            0.1281488835811615,
            -0.7922271490097046,
            0.042015865445137024
        ],
        [
            0.13056793808937073,
            -0.7829169034957886,
            0.051704540848731995
        ],
        [
            0.13603049516677856,
            -0.7914061546325684,
            0.06079665198922157
        ],
        [
            0.09540417045354843,
            -0.8072606921195984,
            0.019998498260974884
        ],
        [
            0.10067462921142578,
            -0.8004684448242188,
            0.020747564733028412
        ],
        [
            0.10471177101135254,
            -0.8070346713066101,
            0.021348975598812103
        ],
        [
            0.09859348833560944,
            -0.8130170106887817,
            0.020961053669452667
        ],
        [
            0.08583247661590576,
            -0.8172838091850281,
            0.014207184314727783
        ],
        [
            0.08691719174385071,
            -0.8226875066757202,
            0.017615854740142822
        ],
        [
            0.08204101026058197,
            -0.8267492651939392,
            0.012649893760681152
        ],
        [
            0.081642746925354,
            -0.8206107020378113,
            0.008286453783512115
        ],
        [
            0.09006254374980927,
            -0.8020506501197815,
            0.019724339246749878
        ],
        [
            0.09556593745946884,
            -0.7951399087905884,
            0.021327834576368332
        ],
        [
            0.09067045152187347,
            -0.8129465579986572,
            0.0187910795211792
        ],
        [
            0.08856415748596191,
            -0.8087747693061829,
            0.016329512000083923
        ],
        [
            0.08490049839019775,
            -0.8030609488487244,
            0.006160400807857513
        ],
        [
            0.08664464950561523,
            -0.8077238202095032,
            0.007596641778945923
        ],
        [
            0.08307167887687683,
            -0.8090499639511108,
            0.0007188394665718079
        ],
        [
            0.08167491853237152,
            -0.8034107685089111,
            0.0015096142888069153
        ],
        [
            0.0881049856543541,
            -0.8022351861000061,
            0.015016227960586548
        ],
        [
            0.08862464129924774,
            -0.8051879405975342,
            0.012351840734481812
        ],
        [
            0.0858459621667862,
            -0.8016082048416138,
            0.010089591145515442
        ],
        [
            0.08454310894012451,
            -0.7994171380996704,
            0.013233598321676254
        ],
        [
            0.0851483941078186,
            -0.8133813142776489,
            0.011261627078056335
        ],
        [
            0.08193281292915344,
            -0.8153665065765381,
            0.0044638291001319885
        ],
        [
            0.07781895995140076,
            -0.8170760869979858,
            -0.0025113672018051147
        ],
        [
            0.07852797210216522,
            -0.8087303638458252,
            -0.005906790494918823
        ],
        [
            0.11125187575817108,
            -0.7865234613418579,
            0.027146577835083008
        ],
        [
            0.10646206140518188,
            -0.7937443852424622,
            0.02284485474228859
        ],
        [
            0.10133397579193115,
            -0.7889151573181152,
            0.0226956345140934
        ],
        [
            0.1059894785284996,
            -0.7831376791000366,
            0.025513634085655212
        ],
        [
            0.08595588803291321,
            -0.7960197925567627,
            0.016588427126407623
        ],
        [
            0.08921492099761963,
            -0.7801163196563721,
            0.016761962324380875
        ],
        [
            0.08960101008415222,
            -0.7838347554206848,
            0.016427431255578995
        ],
        [
            0.08350366353988647,
            -0.7849141359329224,
            0.012628789991140366
        ],
        [
            0.08381173759698868,
            -0.7814191579818726,
            0.013117343187332153
        ],
        [
            0.11608240008354187,
            -0.771883487701416,
            0.03597522899508476
        ],
        [
            0.11043642461299896,
            -0.7709054946899414,
            0.03146734461188316
        ],
        [
            0.11076086014509201,
            -0.7638948559761047,
            0.03425862267613411
        ],
        [
            0.11570543795824051,
            -0.7634731531143188,
            0.039909008890390396
        ],
        [
            0.10818755626678467,
            -0.7581185102462769,
            0.035492800176143646
        ],
        [
            0.11411188542842865,
            -0.7554888725280762,
            0.04329008609056473
        ],
        [
            0.10476396977901459,
            -0.7415224313735962,
            0.04362950101494789
        ],
        [
            0.10949410498142242,
            -0.7475647926330566,
            0.0436047688126564
        ],
        [
            0.10424581170082092,
            -0.7524893283843994,
            0.035171426832675934
        ],
        [
            0.09889043867588043,
            -0.7474969625473022,
            0.03202246502041817
        ],
        [
            0.08694390952587128,
            -0.752605676651001,
            0.023631609976291656
        ],
        [
            0.08113738894462585,
            -0.751467764377594,
            0.02101200446486473
        ],
        [
            0.08529088646173477,
            -0.7393426895141602,
            0.02364977076649666
        ],
        [
            0.09192201495170593,
            -0.7424739599227905,
            0.02711140736937523
        ],
        [
            0.08913017809391022,
            -0.773976743221283,
            0.021137718111276627
        ],
        [
            0.09301149845123291,
            -0.7740243673324585,
            0.023995283991098404
        ],
        [
            0.09330397844314575,
            -0.7754497528076172,
            0.021645762026309967
        ],
        [
            0.08921461552381516,
            -0.7767137289047241,
            0.018412567675113678
        ],
        [
            0.0964542031288147,
            -0.7736749649047852,
            0.025784999132156372
        ],
        [
            0.09809146821498871,
            -0.7733089327812195,
            0.026512783020734787
        ],
        [
            0.0979343056678772,
            -0.774608314037323,
            0.025307588279247284
        ],
        [
            0.09642456471920013,
            -0.7745591402053833,
            0.02512461692094803
        ],
        [
            0.09444531053304672,
            -0.7742372751235962,
            0.024483997374773026
        ],
        [
            0.09347722679376602,
            -0.7723146677017212,
            0.024060018360614777
        ],
        [
            0.09554903954267502,
            -0.7729082107543945,
            0.02522720769047737
        ],
        [
            0.08995841443538666,
            -0.7715739011764526,
            0.021260008215904236
        ],
        [
            0.0772370845079422,
            -0.7695542573928833,
            0.013477209955453873
        ],
        [
            0.08124838769435883,
            -0.7698779702186584,
            0.014916602522134781
        ],
        [
            0.07998523116111755,
            -0.7742490768432617,
            0.015583228319883347
        ],
        [
            0.07652168720960617,
            -0.7744078636169434,
            0.014327753335237503
        ],
        [
            0.09609194099903107,
            -0.7768770456314087,
            0.02348608896136284
        ],
        [
            0.09891447424888611,
            -0.7780145406723022,
            0.023938070982694626
        ],
        [
            0.09516838192939758,
            -0.7808523774147034,
            0.020467810332775116
        ],
        [
            0.09393605589866638,
            -0.7781901359558105,
            0.02120175212621689
        ],
        [
            0.10170868039131165,
            -0.7798318266868591,
            0.02389002963900566
        ],
        [
            0.10022535920143127,
            -0.7757377624511719,
            0.02578713372349739
        ],
        [
            0.10309680551290512,
            -0.776469349861145,
            0.02639302983880043
        ],
        [
            0.0975019633769989,
            -0.7715960144996643,
            0.02648913487792015
        ],
        [
            0.10013295710086823,
            -0.7697939872741699,
            0.027949877083301544
        ],
        [
            0.10080550611019135,
            -0.7723798751831055,
            0.026859842240810394
        ],
        [
            0.09804798662662506,
            -0.7665914297103882,
            0.027559231966733932
        ],
        [
            0.09501514583826065,
            -0.7697386741638184,
            0.025464840233325958
        ],
        [
            0.09147427976131439,
            -0.7679855823516846,
            0.022775262594223022
        ],
        [
            0.08684224635362625,
            -0.7664802074432373,
            0.019393790513277054
        ],
        [
            0.08915859460830688,
            -0.7615418434143066,
            0.02248276025056839
        ],
        [
            0.09425237029790878,
            -0.7637122869491577,
            0.025426827371120453
        ],
        [
            0.09721819311380386,
            -0.7847687005996704,
            0.021009046584367752
        ],
        [
            0.10495752096176147,
            -0.7716759443283081,
            0.028907548636198044
        ],
        [
            0.10858706384897232,
            -0.7780189514160156,
            0.028824348002672195
        ],
        [
            0.10464723408222198,
            -0.7668887376785278,
            0.03014674410223961
        ],
        [
            0.10242883861064911,
            -0.7624397277832031,
            0.030612245202064514
        ],
        [
            0.09845449775457382,
            -0.7583436965942383,
            0.029393155127763748
        ],
        [
            0.09282049536705017,
            -0.7552558183670044,
            0.026490189135074615
        ],
        [
            0.08725544065237045,
            -0.7307382822036743,
            0.03531508147716522
        ],
        [
            0.09567085653543472,
            -0.7352936863899231,
            0.038600433617830276
        ],
        [
            0.10606259107589722,
            -0.8548298478126526,
            0.01686082035303116
        ],
        [
            0.11478649824857712,
            -0.8538543581962585,
            0.01933213323354721
        ],
        [
            0.11502282321453094,
            -0.8460111021995544,
            0.024601109325885773
        ],
        [
            0.11726664006710052,
            -0.848048210144043,
            0.02458767592906952
        ],
        [
            0.11164131760597229,
            -0.8498437404632568,
            0.021282106637954712
        ],
        [
            0.1108601987361908,
            -0.8472656607627869,
            0.02242840826511383
        ],
        [
            0.128653421998024,
            -0.8385298252105713,
            0.04019106179475784
        ],
        [
            0.12369190901517868,
            -0.8405347466468811,
            0.03564000129699707
        ],
        [
            0.12381209433078766,
            -0.8366483449935913,
            0.03741748631000519
        ],
        [
            0.13009390234947205,
            -0.8317523002624512,
            0.041268013417720795
        ],
        [
            0.11620926111936569,
            -0.8292298316955566,
            0.030444219708442688
        ],
        [
            0.12049150466918945,
            -0.8302922248840332,
            0.03371848165988922
        ],
        [
            0.11688290536403656,
            -0.8372545838356018,
            0.030745625495910645
        ],
        [
            0.11365067958831787,
            -0.8364255428314209,
            0.028437048196792603
        ],
        [
            0.1099768877029419,
            -0.8360625505447388,
            0.02631939947605133
        ],
        [
            0.10571803152561188,
            -0.8360419273376465,
            0.02528069168329239
        ],
        [
            0.10587237775325775,
            -0.8307939171791077,
            0.025961346924304962
        ],
        [
            0.11096291244029999,
            -0.8297322392463684,
            0.027720250189304352
        ],
        [
            0.1051100566983223,
            -0.8512688875198364,
            0.020160645246505737
        ],
        [
            0.0977434292435646,
            -0.850466251373291,
            0.02057758718729019
        ],
        [
            0.09905557334423065,
            -0.8476157784461975,
            0.021385058760643005
        ],
        [
            0.10519107431173325,
            -0.8481167554855347,
            0.020742379128932953
        ],
        [
            0.08880434185266495,
            -0.8412832021713257,
            0.02635371685028076
        ],
        [
            0.09003975242376328,
            -0.8436692953109741,
            0.025289177894592285
        ],
        [
            0.08643586188554764,
            -0.8452724814414978,
            0.024238869547843933
        ],
        [
            0.08558675646781921,
            -0.840790867805481,
            0.025117918848991394
        ],
        [
            0.08782850205898285,
            -0.8377622365951538,
            0.025017254054546356
        ],
        [
            0.09004530310630798,
            -0.8396533727645874,
            0.02592501789331436
        ],
        [
            0.10862098634243011,
            -0.9084430932998657,
            0.024474352598190308
        ],
        [
            0.10388848185539246,
            -0.8923091888427734,
            0.015892893075942993
        ],
        [
            0.1233135387301445,
            -0.9019274115562439,
            0.03672623634338379
        ],
        [
            0.1335018128156662,
            -0.8911255598068237,
            0.0484716072678566
        ],
        [
            0.14037182927131653,
            -0.8776469230651855,
            0.05899685621261597
        ],
        [
            0.12331025302410126,
            -0.776116132736206,
            0.04302126541733742
        ],
        [
            0.12440387904644012,
            -0.7671425342559814,
            0.04937786981463432
        ],
        [
            0.13255208730697632,
            -0.7742434740066528,
            0.061345696449279785
        ],
        [
            0.13010331988334656,
            -0.7639604210853577,
            0.0661095678806305
        ],
        [
            0.12202535569667816,
            -0.7567251920700073,
            0.053426142781972885
        ],
        [
            0.10765969753265381,
            -0.7385503649711609,
            0.05682011693716049
        ],
        [
            0.11633941531181335,
            -0.7464307546615601,
            0.05594232305884361
        ],
        [
            0.12471415102481842,
            -0.7539204955101013,
            0.07181796431541443
        ],
        [
            0.1331213116645813,
            -0.7662403583526611,
            0.0864780992269516
        ],
        [
            0.13627251982688904,
            -0.7736746668815613,
            0.07835443317890167
        ],
        [
            0.13796398043632507,
            -0.781923770904541,
            0.0984879583120346
        ],
        [
            0.12782743573188782,
            -0.758022665977478,
            0.09816371649503708
        ],
        [
            0.1349383294582367,
            -0.7809877991676331,
            0.10720512270927429
        ],
        [
            0.11129571497440338,
            -0.7227141857147217,
            0.09430801868438721
        ],
        [
            0.11266375333070755,
            -0.7111186981201172,
            0.09738747775554657
        ],
        [
            0.12337234616279602,
            -0.7167094945907593,
            0.11108684539794922
        ],
        [
            0.12279176712036133,
            -0.7284773588180542,
            0.10735432803630829
        ],
        [
            0.13767147064208984,
            -0.7818618416786194,
            0.07057294249534607
        ],
        [
            0.14186224341392517,
            -0.8453145027160645,
            0.06182754039764404
        ],
        [
            0.13836723566055298,
            -0.8451884984970093,
            0.050610460340976715
        ],
        [
            0.1436556875705719,
            -0.8324671983718872,
            0.0653662160038948
        ],
        [
            0.1452610045671463,
            -0.905602216720581,
            0.08159105479717255
        ],
        [
            0.13773003220558167,
            -0.9002678394317627,
            0.06462854892015457
        ],
        [
            0.14525029063224792,
            -0.8851624727249146,
            0.07130973786115646
        ],
        [
            0.14963573217391968,
            -0.8920040130615234,
            0.0869002714753151
        ],
        [
            0.11862435936927795,
            -0.9413468837738037,
            0.0712687224149704
        ],
        [
            0.11485964059829712,
            -0.9276551008224487,
            0.046870067715644836
        ],
        [
            0.12571509182453156,
            -0.9161055684089661,
            0.05519821494817734
        ],
        [
            0.13184848427772522,
            -0.926719069480896,
            0.07483647018671036
        ],
        [
            0.15208286046981812,
            -0.8929380774497986,
            0.10001005977392197
        ],
        [
            0.15352065861225128,
            -0.894315242767334,
            0.11934662610292435
        ],
        [
            0.14962607622146606,
            -0.910307765007019,
            0.12578563392162323
        ],
        [
            0.1475769579410553,
            -0.9109188914299011,
            0.10257484763860703
        ],
        [
            0.1380094289779663,
            -0.9309451580047607,
            0.13217772543430328
        ],
        [
            0.13628636300563812,
            -0.9320595860481262,
            0.10426866263151169
        ],
        [
            0.13141456246376038,
            -0.7666984796524048,
            0.11774496734142303
        ],
        [
            0.13480281829833984,
            -0.7860204577445984,
            0.12015078961849213
        ],
        [
            0.12241990864276886,
            -0.7424463033676147,
            0.10153879970312119
        ],
        [
            0.1290285885334015,
            -0.7497284412384033,
            0.11768095195293427
        ],
        [
            0.12101668864488602,
            -0.9459251165390015,
            0.13595989346504211
        ],
        [
            0.11909687519073486,
            -0.9489411115646362,
            0.1040295884013176
        ],
        [
            0.14131444692611694,
            -0.8740838766098022,
            0.16849693655967712
        ],
        [
            0.14536768198013306,
            -0.8908349275588989,
            0.16034093499183655
        ],
        [
            0.15067158639431,
            -0.8779083490371704,
            0.14455002546310425
        ],
        [
            0.14743587374687195,
            -0.8640405535697937,
            0.15358221530914307
        ],
        [
            0.13182391226291656,
            -0.8833214044570923,
            0.18469423055648804
        ],
        [
