{
    "pred_cam": [
        1.8091418743133545,
        -0.014959370717406273,
        0.6131966710090637
    ],
    "pred_smpl_params": {
        "global_orient": [
            [
                [
                    0.9925137758255005,
                    0.11891866475343704,
                    -0.027836866676807404
                ],
                [
                    0.09216916561126709,
                    -0.8788396716117859,
                    -0.4681300222873688
                ],
                [
                    -0.08013353496789932,
                    0.46205973625183105,
                    -0.8832210898399353
                ]
            ]
        ],
        "body_pose": [
            [
                [
                    0.9690995812416077,
                    -0.2405976504087448,
                    -0.054393310099840164
                ],
                [
                    0.21530984342098236,
                    0.7174738049507141,
                    0.6624749302864075
                ],
                [
                    -0.12036412209272385,
                    -0.6537156701087952,
                    0.7471066117286682
                ]
            ],
            [
                [
                    0.979377269744873,
                    0.19909600913524628,
                    0.034365735948085785
                ],
                [
                    -0.17893865704536438,
                    0.7757735848426819,
                    0.6051084995269775
                ],
                [
                    0.0938146784901619,
                    -0.5987788438796997,
                    0.7954009771347046
                ]
            ],
            [
                [
                    0.9994544982910156,
                    0.032916922122240067,
                    0.0026659390423446894
                ],
                [
                    -0.02845366671681404,
                    0.899284303188324,
                    -0.43643805384635925
                ],
                [
                    -0.016763631254434586,
                    0.43612414598464966,
                    0.8997303247451782
                ]
            ],
            [
                [
                    0.9784956574440002,
                    0.10618346929550171,
                    -0.17683714628219604
                ],
                [
                    -0.1427648365497589,
                    -0.2701478600502014,
                    -0.9521756768226624
                ],
                [
                    -0.14887748658657074,
                    0.9569458365440369,
                    -0.24917924404144287
                ]
            ],
            [
                [
                    0.9739007949829102,
                    -0.10589711368083954,
                    0.20075614750385284
                ],
                [
                    0.17081542313098907,
                    -0.24048170447349548,
                    -0.9555054306983948
                ],
                [
                    0.1494634598493576,
                    0.9648597240447998,
                    -0.21611645817756653
                ]
            ],
            [
                [
                    0.9997774362564087,
                    -0.020489869639277458,
                    -0.005028562620282173
                ],
                [
                    0.02070566825568676,
                    0.998658299446106,
                    0.04746561124920845
                ],
                [
                    0.004049251321703196,
                    -0.047559164464473724,
                    0.9988602995872498
                ]
            ],
            [
                [
                    0.9339014887809753,
                    -0.12261562049388885,
                    0.3358475863933563
                ],
                [
                    0.0013864442007616162,
                    0.940588116645813,
                    0.33954668045043945
                ],
                [
                    -0.3575279712677002,
                    -0.31663745641708374,
                    0.8785866498947144
                ]
            ],
            [
                [
                    0.9417750239372253,
                    0.09775833040475845,
                    -0.321719229221344
                ],
                [
                    0.01021967176347971,
                    0.948039174079895,
                    0.31798961758613586
                ],
                [
                    0.33608853816986084,
                    -0.302762508392334,
                    0.8918405771255493
                ]
            ],
            [
                [
                    0.9998284578323364,
                    -0.009149585850536823,
                    -0.0161050483584404
                ],
                [
                    0.009320754557847977,
                    0.9999005198478699,
                    0.010585203766822815
                ],
                [
                    0.016006596386432648,
                    -0.010733498260378838,
                    0.9998142719268799
                ]
            ],
            [
                [
                    0.9922010898590088,
                    -0.11220388114452362,
                    -0.05428865924477577
                ],
                [
                    0.11808249354362488,
                    0.9855918884277344,
                    0.12109996378421783
                ],
                [
                    0.039918575435876846,
                    -0.1265660673379898,
                    0.991154670715332
                ]
            ],
            [
                [
                    0.9954389929771423,
                    0.077405646443367,
                    0.055762842297554016
                ],
                [
                    -0.08575251698493958,
                    0.9821423292160034,
                    0.16745994985103607
                ],
                [
                    -0.04180470481514931,
                    -0.17147798836231232,
                    0.9843004941940308
                ]
            ],
            [
                [
                    0.9962132573127747,
                    -0.014884564094245434,
                    0.08565986901521683
                ],
                [
                    0.025823915377259254,
                    0.991430938243866,
                    -0.12805433571338654
                ],
                [
                    -0.08301980793476105,
                    0.12978149950504303,
                    0.9880610108375549
                ]
            ],
            [
                [
                    0.8919062614440918,
                    -0.08596116304397583,
                    -0.4439751207828522
                ],
                [
                    0.19301491975784302,
                    0.9602121710777283,
                    0.2018362134695053
                ],
                [
                    0.408960223197937,
                    -0.26571279764175415,
                    0.87301105260849
                ]
            ],
            [
                [
                    0.9446869492530823,
                    0.041646458208560944,
                    0.3253186345100403
                ],
                [
                    -0.10755239427089691,
                    0.9763924479484558,
                    0.1873241811990738
                ],
                [
                    -0.3098372519016266,
                    -0.21195149421691895,
                    0.9268643856048584
                ]
            ],
            [
                [
                    0.9976112246513367,
                    -0.058184992522001266,
                    0.03723348677158356
                ],
                [
                    0.0626828595995903,
                    0.9890012145042419,
                    -0.13396799564361572
                ],
                [
                    -0.029029037803411484,
                    0.13598188757896423,
                    0.9902859330177307
                ]
            ],
            [
                [
                    0.8182786703109741,
                    0.08311489224433899,
                    -0.5687810778617859
                ],
                [
                    0.1509549915790558,
                    0.9236902594566345,
                    0.35214895009994507
                ],
                [
                    0.554646372795105,
                    -0.37401631474494934,
                    0.7432894110679626
                ]
            ],
            [
                [
                    0.9356293082237244,
                    -0.10745558887720108,
                    0.33623069524765015
                ],
                [
                    -0.009481160901486874,
                    0.944543719291687,
                    0.3282487988471985
                ],
                [
                    -0.35285672545433044,
                    -0.3103070557117462,
                    0.8827239871025085
                ]
            ],
            [
                [
                    0.16833126544952393,
                    -0.16076332330703735,
                    -0.9725326895713806
                ],
                [
                    0.536955714225769,
                    0.8423388004302979,
                    -0.04630257561802864
                ],
                [
                    0.8266457915306091,
                    -0.5144127607345581,
                    0.22811473906040192
                ]
            ],
            [
                [
                    0.1824241429567337,
                    0.23224903643131256,
                    0.9553961157798767
                ],
                [
                    -0.6040552258491516,
                    0.7931677103042603,
                    -0.07747382670640945
                ],
                [
                    -0.7757826447486877,
                    -0.5629789233207703,
                    0.28498417139053345
                ]
            ],
            [
                [
                    0.9823945164680481,
                    -0.18363048136234283,
                    -0.034362174570560455
                ],
                [
                    0.17162257432937622,
                    0.9597532749176025,
                    -0.22230446338653564
                ],
                [
                    0.07380109280347824,
                    0.2124933898448944,
                    0.9743714928627014
                ]
            ],
            [
                [
                    0.9880918264389038,
                    0.1518569439649582,
                    0.024779673665761948
                ],
                [
                    -0.14707966148853302,
                    0.9794854521751404,
                    -0.13775277137756348
                ],
                [
                    -0.04519004747271538,
                    0.13246780633926392,
                    0.9901566505432129
                ]
            ],
            [
                [
                    0.996855616569519,
                    0.07061603665351868,
                    -0.03594636544585228
                ],
                [
                    -0.07160898298025131,
                    0.9970638155937195,
                    -0.027126630768179893
                ],
                [
                    0.03392524644732475,
                    0.02961542084813118,
                    0.9989854097366333
                ]
            ],
            [
                [
                    0.9960612654685974,
                    -0.0875033363699913,
                    0.014321494847536087
                ],
                [
                    0.08739566802978516,
                    0.9961417317390442,
                    0.007980315946042538
                ],
                [
                    -0.014964542351663113,
                    -0.006697247736155987,
                    0.9998655915260315
                ]
            ]
        ],
        "betas": [
            -0.02454225718975067,
            -0.0936240553855896,
            -0.1881755292415619,
            -0.11615651845932007,
            0.0825052261352539,
            -0.0738556906580925,
            -0.05842331051826477,
            -0.013409852981567383,
            0.03658886253833771,
            -0.013178586959838867
        ]
    },
    "pred_cam_t": [
        -0.014959370717406273,
        0.6131966710090637,
        21.59172821044922
    ],
    "focal_length": [
        5000.0,
        5000.0
    ],
    "pred_keypoints_3d": [
        [
            0.06751929223537445,
            -0.8014686107635498,
            -0.016253329813480377
        ],
        [
            0.06007171422243118,
            -0.6976107954978943,
            0.14586271345615387
        ],
        [
            -0.11696581542491913,
            -0.6618989109992981,
            0.13921257853507996
        ],
        [
            -0.3322922885417938,
            -0.7186877727508545,
            0.014040693640708923
        ],
        [
            -0.2614128589630127,
            -0.9555522799491882,
            -0.05100858956575394
        ],
        [
            0.21526895463466644,
            -0.6391613483428955,
            0.09567190706729889
        ],
        [
            0.3494488596916199,
            -0.7309874892234802,
            -0.10931016504764557
        ],
        [
            0.23802919685840607,
            -0.9540517330169678,
            -0.09874418377876282
        ],
        [
            -0.0016617393121123314,
            -0.2214093804359436,
            0.028759509325027466
        ],
        [
            -0.07998398691415787,
            -0.1464218646287918,
            -0.003845479339361191
        ],
        [
            -0.233788400888443,
            0.00032936036586761475,
            -0.3232153654098511
        ],
        [
            -0.17620070278644562,
            0.29243218898773193,
            -0.05558571219444275
        ],
        [
            0.05724286660552025,
            -0.13174931704998016,
            -0.013093627989292145
        ],
        [
            0.14141830801963806,
            0.0012827664613723755,
            -0.35455986857414246
        ],
        [
            0.0723968893289566,
            0.2951333522796631,
            -0.09213835000991821
        ],
        [
            0.0339159294962883,
            -0.8419497013092041,
            0.014826960861682892
        ],
        [
            0.1008511334657669,
            -0.8417474627494812,
            0.014676839113235474
        ],
        [
            -0.009168002754449844,
            -0.8308854103088379,
            0.11175446212291718
        ],
        [
            0.13893094658851624,
            -0.831365704536438,
            0.10926565527915955
        ],
        [
            0.1293145716190338,
            0.39977580308914185,
            -0.25076591968536377
        ],
        [
            0.17666298151016235,
            0.387295126914978,
            -0.18419364094734192
        ],
        [
            0.06541701406240463,
            0.30346423387527466,
            -0.022668540477752686
        ],
        [
            -0.25080397725105286,
            0.39364904165267944,
            -0.2072334885597229
        ],
        [
            -0.2979695200920105,
            0.3738839030265808,
            -0.13825124502182007
        ],
        [
            -0.1596250832080841,
            0.3140200972557068,
            0.014406949281692505
        ],
        [
            -0.1938842535018921,
            0.23588460683822632,
            -0.054264649748802185
        ],
        [
            -0.22066615521907806,
            -0.027961421757936478,
            -0.2937954068183899
        ],
        [
            -0.14692626893520355,
            -0.24902214109897614,
            0.07427196204662323
        ],
        [
            0.15148988366127014,
            -0.20362837612628937,
            0.0591253861784935
        ],
        [
            0.1517445147037506,
            -0.014361793175339699,
            -0.3320143222808838
        ],
        [
            0.08386198431253433,
            0.2525123655796051,
            -0.08718058466911316
        ],
        [
            -0.23551884293556213,
            -0.9350864887237549,
            -0.033986106514930725
        ],
        [
            -0.3230140209197998,
            -0.7429075837135315,
            0.04204186797142029
        ],
        [
            -0.08537022769451141,
            -0.6816900372505188,
            0.15024369955062866
        ],
        [
            0.20120280981063843,
            -0.661535382270813,
            0.1182156354188919
        ],
        [
            0.3510107696056366,
            -0.7522913217544556,
            -0.07026176899671555
        ],
        [
            0.24051134288311005,
            -0.9445277452468872,
            -0.07877607643604279
        ],
        [
            0.06372984498739243,
            -0.6963774561882019,
            0.14775720238685608
        ],
        [
            0.07007443904876709,
            -0.8829636573791504,
            0.09269074350595474
        ],
        [
            0.0023079169914126396,
            -0.2261933535337448,
            0.06662102043628693
        ],
        [
            0.05690068379044533,
            -0.662603497505188,
            0.1324036717414856
        ],
        [
            0.02977808192372322,
            -0.4618806540966034,
            0.12193973362445831
        ],
        [
            0.07270538806915283,
            -0.7746691703796387,
            0.06099206581711769
        ],
        [
            0.06534017622470856,
            -0.9022171497344971,
            0.10094301402568817
        ]
    ],
    "pred_vertices": [
        [
            0.11265082657337189,
            -0.887627124786377,
            0.012830406427383423
        ],
        [
            0.10689204931259155,
            -0.8735142350196838,
            0.0069034770131111145
        ],
        [
            0.1179201602935791,
            -0.8704302310943604,
            0.015577390789985657
        ],
        [
            0.12306460738182068,
            -0.8806460499763489,
            0.024939797818660736
        ],
        [
            0.1140250712633133,
            -0.861098051071167,
            0.01012355089187622
        ],
        [
            0.10393524169921875,
            -0.8625863194465637,
            0.003606364130973816
        ],
        [
            0.12461709976196289,
            -0.8641956448554993,
            0.026123106479644775
        ],
        [
            0.12912841141223907,
            -0.871635377407074,
            0.03718098998069763
        ],
        [
            0.13030746579170227,
            -0.8276733160018921,
            0.03869786858558655
        ],
        [
            0.13367313146591187,
            -0.8225126266479492,
            0.04878012090921402
        ],
        [
            0.13356192409992218,
            -0.8353392481803894,
            0.04629678279161453
        ],
        [
            0.12859050929546356,
            -0.8369894027709961,
            0.03748960793018341
        ],
        [
            0.12794984877109528,
            -0.8022633790969849,
            0.042654819786548615
        ],
        [
            0.12181097269058228,
            -0.7931802868843079,
            0.0342002809047699
        ],
        [
            0.12364134192466736,
            -0.784081220626831,
            0.04420609027147293
        ],
        [
            0.12861916422843933,
            -0.7927490472793579,
            0.05340185761451721
        ],
        [
            0.09041742980480194,
            -0.807862401008606,
            0.010100692510604858
        ],
        [
            0.09558939933776855,
            -0.8010640144348145,
            0.011295638978481293
        ],
        [
            0.09962409734725952,
            -0.8076236248016357,
            0.011968865990638733
        ],
        [
            0.09357257187366486,
            -0.8136221170425415,
            0.011112935841083527
        ],
        [
            0.08121044933795929,
            -0.8178229331970215,
            0.0035882368683815002
        ],
        [
            0.08211974799633026,
            -0.8232914209365845,
            0.006935417652130127
        ],
        [
            0.07754447311162949,
            -0.8272643089294434,
            0.001621834933757782
        ],
        [
            0.07737142592668533,
            -0.8210384845733643,
            -0.002627149224281311
        ],
        [
            0.08507105708122253,
            -0.8026678562164307,
            0.009648904204368591
        ],
        [
            0.09042897820472717,
            -0.7957754135131836,
            0.011713787913322449
        ],
        [
            0.08578433841466904,
            -0.8135404586791992,
            0.008510194718837738
        ],
        [
            0.08378613740205765,
            -0.8093539476394653,
            0.006042353808879852
        ],
        [
            0.0806543231010437,
            -0.803438127040863,
            -0.004199177026748657
        ],
        [
            0.08234798908233643,
            -0.8081239461898804,
            -0.002769656479358673
        ],
        [
            0.0791790634393692,
            -0.809313178062439,
            -0.00987377017736435
        ],
        [
            0.07770542055368423,
            -0.8036943674087524,
            -0.009030342102050781
        ],
        [
            0.08337140828371048,
            -0.8027870655059814,
            0.004837431013584137
        ],
        [
            0.0840555876493454,
            -0.8056820631027222,
            0.002139732241630554
        ],
        [
            0.08138488233089447,
            -0.8020641207695007,
            -0.0001949593424797058
        ],
        [
            0.07989151030778885,
            -0.7999504804611206,
            0.002923041582107544
        ],
        [
            0.08068645745515823,
            -0.8138643503189087,
            0.0006868094205856323
        ],
        [
            0.07785925269126892,
            -0.815714418888092,
            -0.006324008107185364
        ],
        [
            0.07414650171995163,
            -0.8172924518585205,
            -0.013556905090808868
        ],
        [
            0.07499681413173676,
            -0.8088796138763428,
            -0.01672593504190445
        ],
        [
            0.10572272539138794,
            -0.787222683429718,
            0.018566153943538666
        ],
        [
            0.10122713446617126,
            -0.794362485408783,
            0.01385122537612915
        ],
        [
            0.09608227014541626,
            -0.7895574569702148,
            0.013532854616641998
        ],
        [
            0.10054241865873337,
            -0.7838255763053894,
            0.016724906861782074
        ],
        [
            0.0811009556055069,
            -0.7966175079345703,
            0.006427071988582611
        ],
        [
            0.08425667881965637,
            -0.7806973457336426,
            0.007121041417121887
        ],
        [
            0.08467613905668259,
            -0.7844088077545166,
            0.0067307353019714355
        ],
        [
            0.07880206406116486,
            -0.7854329347610474,
            0.00257062166929245
        ],
        [
            0.07906652987003326,
            -0.7819446325302124,
            0.003147996962070465
        ],
        [
            0.10997994244098663,
            -0.7727714776992798,
            0.027952656149864197
        ],
        [
            0.10457827150821686,
            -0.7717190980911255,
            0.023175284266471863
        ],
        [
            0.10470876097679138,
            -0.764774739742279,
            0.026124753057956696
        ],
        [
            0.10932488739490509,
            -0.7644675970077515,
            0.0320332907140255
        ],
        [
            0.10200043022632599,
            -0.7590527534484863,
            0.02734382078051567
        ],
        [
            0.10747653990983963,
            -0.7565867900848389,
            0.03550073504447937
        ],
        [
            0.09807531535625458,
            -0.7426674365997314,
            0.0356268584728241
        ],
        [
            0.10281498730182648,
            -0.7486909031867981,
            0.035725511610507965
        ],
        [
            0.0980614721775055,
            -0.7534264922142029,
            0.026927437633275986
        ],
        [
            0.09286905825138092,
            -0.7483770847320557,
            0.02359311282634735
        ],
        [
            0.08149147778749466,
            -0.7533178329467773,
            0.014418818056583405
        ],
        [
            0.07582250237464905,
            -0.7521413564682007,
            0.011504009366035461
        ],
        [
            0.07975825667381287,
            -0.7400635480880737,
            0.01463274285197258
        ],
        [
            0.08615081012248993,
            -0.7432715892791748,
            0.018406063318252563
        ],
        [
            0.08390945196151733,
            -0.7746273875236511,
            0.011604532599449158
        ],
        [
            0.08763140439987183,
            -0.7747247219085693,
            0.014676213264465332
        ],
        [
            0.08806169033050537,
            -0.7760944366455078,
            0.012315332889556885
        ],
        [
            0.0841691717505455,
            -0.7773010730743408,
            0.008826717734336853
        ],
        [
            0.09096628427505493,
            -0.774406909942627,
            0.016664408147335052
        ],
        [
            0.09255512058734894,
            -0.774053692817688,
            0.017492540180683136
        ],
        [
            0.09247530251741409,
            -0.7753221988677979,
            0.01625167578458786
        ],
        [
            0.09098898619413376,
            -0.7752681374549866,
            0.015978515148162842
        ],
        [
            0.08904598653316498,
            -0.7749414443969727,
            0.015233278274536133
        ],
        [
            0.08809167146682739,
            -0.7730148434638977,
            0.014794513583183289
        ],
        [
            0.09008855372667313,
            -0.7736347913742065,
            0.016070932149887085
        ],
        [
            0.08472967147827148,
            -0.772225558757782,
            0.01181359589099884
        ],
        [
            0.07241454720497131,
            -0.7701071500778198,
            0.003398023545742035
        ],
        [
            0.07635988295078278,
            -0.7704230546951294,
            0.005035392940044403
        ],
        [
            0.07508669048547745,
            -0.7748162746429443,
            0.005537599325180054
        ],
        [
            0.07167458534240723,
            -0.7749875783920288,
            0.004106119275093079
        ],
        [
            0.09074613451957703,
            -0.7775722742080688,
            0.014288388192653656
        ],
        [
            0.09354263544082642,
            -0.7786915898323059,
            0.014868922531604767
        ],
        [
            0.09000563621520996,
            -0.781466007232666,
            0.011132605373859406
        ],
        [
            0.08872579038143158,
            -0.778826117515564,
            0.011852599680423737
        ],
        [
            0.09634584188461304,
            -0.7804933786392212,
            0.01493186503648758
        ],
        [
            0.09473773092031479,
            -0.7764559984207153,
            0.016832932829856873
        ],
        [
            0.09755493700504303,
            -0.7772113084793091,
            0.017592035233974457
        ],
        [
            0.09195975959300995,
            -0.7723442912101746,
            0.017470188438892365
        ],
        [
            0.09448812156915665,
            -0.7705681324005127,
            0.01911526918411255
        ],
        [
            0.0952358990907669,
            -0.7731260061264038,
            0.018010564148426056
        ],
        [
            0.09241741895675659,
            -0.7673600912094116,
            0.018671125173568726
        ],
        [
            0.08952369540929794,
            -0.770469605922699,
            0.01634405553340912
        ],
        [
            0.08612887561321259,
            -0.7686690092086792,
            0.013493195176124573
        ],
        [
            0.08168324083089828,
            -0.7671029567718506,
            0.009889952838420868
        ],
        [
            0.08380258083343506,
            -0.762225866317749,
            0.013208016753196716
        ],
        [
            0.08873174339532852,
            -0.7644447088241577,
            0.0163881853222847
        ],
        [
            0.092030368745327,
            -0.7854101657867432,
            0.01171988993883133
        ],
        [
            0.09926193952560425,
            -0.7724512815475464,
            0.02030150592327118
        ],
        [
            0.10292257368564606,
            -0.7787739634513855,
            0.02027904987335205
        ],
        [
            0.09885498881340027,
            -0.7676953673362732,
            0.021620452404022217
        ],
        [
            0.09658968448638916,
            -0.7632659077644348,
            0.022051434963941574
        ],
        [
            0.09262673556804657,
            -0.7591649293899536,
            0.020715821534395218
        ],
        [
            0.08720686286687851,
            -0.7560158967971802,
            0.017546337097883224
        ],
        [
            0.08102966845035553,
            -0.7317196130752563,
            0.026591923087835312
        ],
        [
            0.08923650532960892,
            -0.7363491058349609,
            0.030244547873735428
        ],
        [
            0.10144104063510895,
            -0.8553218841552734,
            0.006562836468219757
        ],
        [
            0.11001506447792053,
            -0.8543750047683716,
            0.009524084627628326
        ],
        [
            0.10992930829524994,
            -0.8466390371322632,
            0.014952026307582855
        ],
        [
            0.1121881976723671,
            -0.8486344218254089,
            0.01500624418258667
        ],
        [
            0.10674995929002762,
            -0.8504189252853394,
            0.01138179749250412
        ],
        [
            0.10589717328548431,
            -0.8478734493255615,
            0.012537986040115356
        ],
        [
            0.12261642515659332,
            -0.8394399881362915,
            0.03143605589866638
        ],
        [
            0.11793569475412369,
            -0.8413633108139038,
            0.026575013995170593
        ],
        [
            0.11792807281017303,
            -0.8375234007835388,
            0.028444044291973114
        ],
        [
            0.12395873665809631,
            -0.8326848745346069,
            0.03273826092481613
        ],
        [
            0.11069952696561813,
            -0.8299891948699951,
            0.021212168037891388
        ],
        [
            0.11478579789400101,
            -0.8311061859130859,
            0.024705588817596436
        ],
        [
            0.11139804124832153,
            -0.8380142450332642,
            0.02137661725282669
        ],
        [
            0.10829770565032959,
            -0.8371469974517822,
            0.018906302750110626
        ],
        [
            0.10474191606044769,
            -0.8367574214935303,
            0.01659368723630905
        ],
        [
            0.10053651034832001,
            -0.836740255355835,
            0.015328861773014069
        ],
        [
            0.10063788294792175,
            -0.8315035104751587,
            0.01612485945224762
        ],
        [
            0.10561961680650711,
            -0.8304547071456909,
            0.018183380365371704
        ],
        [
            0.10029405355453491,
            -0.8518531918525696,
            0.009893879294395447
        ],
        [
            0.09291327744722366,
            -0.8511010408401489,
            0.00991886854171753
        ],
        [
            0.09415885806083679,
            -0.8482615947723389,
            0.010855861008167267
        ],
        [
            0.10032899677753448,
            -0.8487181067466736,
            0.010538294911384583
        ],
        [
            0.08362561464309692,
            -0.842072606086731,
            0.015358611941337585
        ],
        [
            0.08492765575647354,
            -0.844433069229126,
            0.014318227767944336
        ],
        [
            0.08140252530574799,
            -0.8460181951522827,
            0.013037167489528656
        ],
        [
            0.0804804340004921,
            -0.8415647745132446,
            0.013963192701339722
        ],
        [
            0.08271059393882751,
            -0.8385272026062012,
            0.014043040573596954
        ],
        [
            0.08488261699676514,
            -0.8404312133789062,
            0.01503124088048935
        ],
        [
            0.10378274321556091,
            -0.9090454578399658,
            0.013241924345493317
        ],
        [
            0.09944993257522583,
            -0.8928226232528687,
            0.004746727645397186
        ],
        [
            0.11775290966033936,
            -0.9027870297431946,
            0.026362717151641846
        ],
        [
            0.12720000743865967,
            -0.8921856880187988,
            0.03887771815061569
        ],
        [
            0.13346104323863983,
            -0.8788961172103882,
            0.050035715103149414
        ],
        [
            0.1168348491191864,
            -0.7771292924880981,
            0.03528504818677902
        ],
        [
            0.11750897020101547,
            -0.7683121562004089,
            0.041880544275045395
        ],
        [
            0.1250002086162567,
            -0.7756447792053223,
            0.054131899029016495
        ],
        [
            0.12223944067955017,
            -0.7655003070831299,
            0.05896122008562088
        ],
        [
            0.11483810842037201,
            -0.7580199837684631,
            0.046015117317438126
        ],
        [
            0.10023627430200577,
            -0.7399910688400269,
            0.049001988023519516
        ],
        [
            0.10897955298423767,
            -0.7478199005126953,
            0.048427410423755646
        ],
        [
            0.11652766168117523,
            -0.7556253671646118,
            0.06456403434276581
        ],
        [
            0.12418382614850998,
            -0.7682121396064758,
            0.07939525693655014
        ],
        [
            0.12775865197181702,
            -0.7754422426223755,
            0.07133631408214569
        ],
        [
            0.12844038009643555,
            -0.7841247320175171,
            0.09131590276956558
        ],
        [
            0.11824791878461838,
            -0.7602782249450684,
            0.09094248712062836
        ],
        [
            0.12496118247509003,
            -0.783402144908905,
            0.09988416731357574
        ],
        [
            0.10186223685741425,
            -0.7250168323516846,
            0.08683568984270096
        ],
        [
            0.10312725603580475,
            -0.7135001420974731,
            0.09014403074979782
        ],
        [
            0.11313730478286743,
            -0.719423770904541,
            0.104239821434021
        ],
        [
            0.11268745362758636,
            -0.7310696840286255,
            0.10031744837760925
        ],
        [
            0.12966105341911316,
            -0.7834222912788391,
            0.06345493346452713
        ],
        [
            0.1346566528081894,
            -0.8466275930404663,
            0.05361596494913101
        ],
        [
            0.1317705512046814,
            -0.8462846279144287,
            0.04223541170358658
        ],
        [
            0.1361151933670044,
            -0.8338955640792847,
            0.057562291622161865
        ],
        [
            0.13730144500732422,
            -0.9073507785797119,
            0.07225587964057922
        ],
        [
            0.13063079118728638,
            -0.9016536474227905,
            0.05502524971961975
        ],
        [
            0.13769862055778503,
            -0.8866817951202393,
            0.062445081770420074
        ],
        [
            0.14128682017326355,
            -0.8938634395599365,
            0.07807974517345428
        ],
        [
            0.11140477657318115,
            -0.9430017471313477,
            0.059729598462581635
        ],
        [
            0.10889559239149094,
            -0.9287555813789368,
            0.0354728177189827
        ],
        [
            0.11922156810760498,
            -0.9173682332038879,
            0.04463833570480347
        ],
        [
            0.12434002757072449,
            -0.9283825159072876,
            0.06435751914978027
        ],
        [
            0.14300304651260376,
            -0.8950721025466919,
            0.09129077196121216
        ],
        [
            0.1434289515018463,
            -0.8968935012817383,
            0.11066396534442902
        ],
        [
            0.13925795257091522,
            -0.9130171537399292,
            0.11652927100658417
        ],
        [
            0.13850757479667664,
            -0.9131432175636292,
            0.0932152196764946
        ],
        [
            0.1274111419916153,
            -0.9338089823722839,
            0.12184534966945648
        ],
        [
            0.12720191478729248,
            -0.9343318343162537,
            0.09386102855205536
        ],
        [
            0.12078991532325745,
            -0.7694178819656372,
            0.11047878116369247
        ],
        [
            0.12414110451936722,
            -0.7887780070304871,
            0.11269508302211761
        ],
        [
            0.11259455233812332,
            -0.7448672652244568,
            0.09428444504737854
        ],
        [
            0.11838147044181824,
            -0.7524949312210083,
            0.11058858036994934
        ],
        [
            0.11032268404960632,
            -0.9489343166351318,
            0.12432441115379333
        ],
        [
            0.11014357209205627,
            -0.9512922763824463,
            0.09229400008916855
        ],
        [
            0.12841226160526276,
            -0.8778127431869507,
            0.15949024260044098
        ],
        [
            0.13299515843391418,
            -0.8943523168563843,
            0.15120862424373627
        ],
        [
            0.13910701870918274,
            -0.8810561299324036,
            0.13601377606391907
        ],
        [
            0.13530045747756958,
            -0.8674259781837463,
            0.1451358199119568
        ],
        [
            0.11812064051628113,
            -0.8874571919441223,
