{
    "pred_cam": [
        1.7576136589050293,
        -0.005436962470412254,
        0.6272187232971191
    ],
    "pred_smpl_params": {
        "global_orient": [
            [
                [
                    0.9965865015983582,
                    0.08247727900743484,
                    -0.003602843964472413
                ],
                [
                    0.0722465068101883,
                    -0.8924217820167542,
                    -0.4453805387020111
                ],
                [
                    -0.03994902968406677,
                    0.4435998797416687,
                    -0.8953341841697693
                ]
            ]
        ],
        "body_pose": [
            [
                [
                    0.9512116312980652,
                    -0.3056715428829193,
                    -0.04196879640221596
                ],
                [
                    0.2651125490665436,
                    0.7401487827301025,
                    0.617976725101471
                ],
                [
                    -0.1578347235918045,
                    -0.5989530682563782,
                    0.7850754857063293
                ]
            ],
            [
                [
                    0.9693717360496521,
                    0.24475689232349396,
                    0.020313091576099396
                ],
                [
                    -0.21434439718723297,
                    0.8027376532554626,
                    0.5564790368080139
                ],
                [
                    0.11989599466323853,
                    -0.5437889695167542,
                    0.8306134343147278
                ]
            ],
            [
                [
                    0.9992897510528564,
                    0.03725748881697655,
                    0.005648628808557987
                ],
                [
                    -0.03171629086136818,
                    0.9125014543533325,
                    -0.40784209966659546
                ],
                [
                    -0.02034955471754074,
                    0.4073732793331146,
                    0.9130350351333618
                ]
            ],
            [
                [
                    0.9808843731880188,
                    0.09383802115917206,
                    -0.17047058045864105
                ],
                [
                    -0.15173012018203735,
                    -0.1796712875366211,
                    -0.971954882144928
                ],
                [
                    -0.12183498591184616,
                    0.979240894317627,
                    -0.1619987040758133
                ]
            ],
            [
                [
                    0.977410078048706,
                    -0.09522713720798492,
                    0.18868295848369598
                ],
                [
                    0.17592285573482513,
                    -0.12821286916732788,
                    -0.9760186076164246
                ],
                [
                    0.11713510006666183,
                    0.9871641397476196,
                    -0.10856392234563828
                ]
            ],
            [
                [
                    0.9998580813407898,
                    -0.01609962433576584,
                    -0.004957817029207945
                ],
                [
                    0.016268568113446236,
                    0.999213457107544,
                    0.03616484999656677
                ],
                [
                    0.004371676594018936,
                    -0.03624037653207779,
                    0.9993335604667664
                ]
            ],
            [
                [
                    0.9369882941246033,
                    -0.08752010017633438,
                    0.3382205665111542
                ],
                [
                    -0.022518793120980263,
                    0.9509695172309875,
                    0.3084637522697449
                ],
                [
                    -0.3486342430114746,
                    -0.2966432273387909,
                    0.8890764713287354
                ]
            ],
            [
                [
                    0.9445427656173706,
                    0.0795096606016159,
                    -0.31861791014671326
                ],
                [
                    0.022368328645825386,
                    0.9524152278900146,
                    0.30398187041282654
                ],
                [
                    0.3276260197162628,
                    -0.2942507565021515,
                    0.897818386554718
                ]
            ],
            [
                [
                    0.9998576045036316,
                    -0.0037623236421495676,
                    -0.01644645817577839
                ],
                [
                    0.004059693310409784,
                    0.9998282194137573,
                    0.018085680902004242
                ],
                [
                    0.01637558825314045,
                    -0.018149876967072487,
                    0.9997011423110962
                ]
            ],
            [
                [
                    0.989838182926178,
                    -0.13736334443092346,
                    -0.03676537051796913
                ],
                [
                    0.1407845914363861,
                    0.9830430746078491,
                    0.11749926209449768
                ],
                [
                    0.02000184915959835,
                    -0.12148125469684601,
                    0.9923922419548035
                ]
            ],
            [
                [
                    0.9945822954177856,
                    0.09427550435066223,
                    0.043797530233860016
                ],
                [
                    -0.10004425793886185,
                    0.9825258851051331,
                    0.15695203840732574
                ],
                [
                    -0.028235478326678276,
                    -0.16048340499401093,
                    0.9866345524787903
                ]
            ],
            [
                [
                    0.9962412118911743,
                    -0.014177988283336163,
                    0.08545410633087158
                ],
                [
                    0.026731491088867188,
                    0.9886850714683533,
                    -0.14760489761829376
                ],
                [
                    -0.08239445835351944,
                    0.1493344008922577,
                    0.9853478074073792
                ]
            ],
            [
                [
                    0.8987336754798889,
                    -0.09233982115983963,
                    -0.428661972284317
                ],
                [
                    0.19018183648586273,
                    0.9629291296005249,
                    0.19130723178386688
                ],
                [
                    0.39510577917099,
                    -0.2534579932689667,
                    0.8829782009124756
                ]
            ],
            [
                [
                    0.9449658989906311,
                    0.05054007098078728,
                    0.3232414424419403
                ],
                [
                    -0.11423356831073761,
                    0.9767842292785645,
                    0.18122704327106476
                ],
                [
                    -0.3065779209136963,
                    -0.20817841589450836,
                    0.9288011789321899
                ]
            ],
            [
                [
                    0.9979454278945923,
                    -0.05229542404413223,
                    0.037014439702034
                ],
                [
                    0.05711512640118599,
                    0.987910270690918,
                    -0.1441221833229065
                ],
                [
                    -0.02903001382946968,
                    0.1459401547908783,
                    0.9888674020767212
                ]
            ],
            [
                [
                    0.8293683528900146,
                    0.09043575823307037,
                    -0.5513341426849365
                ],
                [
                    0.14097914099693298,
                    0.9210043549537659,
                    0.36314696073532104
                ],
                [
                    0.5406227111816406,
                    -0.37890923023223877,
                    0.7511023283004761
                ]
            ],
            [
                [
                    0.9269117116928101,
                    -0.13295097649097443,
                    0.3509398102760315
                ],
                [
                    0.003995063249021769,
                    0.9385852217674255,
                    0.34502434730529785
                ],
                [
                    -0.37525826692581177,
                    -0.31840506196022034,
                    0.8705167770385742
                ]
            ],
            [
                [
                    0.16151660680770874,
                    -0.16075780987739563,
                    -0.973688542842865
                ],
                [
                    0.5518298745155334,
                    0.832690417766571,
                    -0.04594056308269501
                ],
                [
                    0.8181663751602173,
                    -0.529890239238739,
                    0.22320429980754852
                ]
            ],
            [
                [
                    0.1577567160129547,
                    0.22913794219493866,
                    0.9605250954627991
                ],
                [
                    -0.608462393283844,
                    0.7886654138565063,
                    -0.08820606768131256
                ],
                [
                    -0.7777443528175354,
                    -0.5705283284187317,
                    0.26383909583091736
                ]
            ],
            [
                [
                    0.9837445020675659,
                    -0.17635884881019592,
                    -0.03382893651723862
                ],
                [
                    0.1666555404663086,
                    0.9667876362800598,
                    -0.19377203285694122
                ],
                [
                    0.06687881052494049,
                    0.18498437106609344,
                    0.9804632067680359
                ]
            ],
            [
                [
                    0.9886327981948853,
                    0.14771594107151031,
                    0.02801956608891487
                ],
                [
                    -0.14401425421237946,
                    0.9839119911193848,
                    -0.10572153329849243
                ],
                [
                    -0.04318554699420929,
                    0.10048456490039825,
                    0.9940008521080017
                ]
            ],
            [
                [
                    0.9969496726989746,
                    0.07131503522396088,
                    -0.031710539013147354
                ],
                [
                    -0.07202210277318954,
                    0.9971659779548645,
                    -0.021743616089224815
                ],
                [
                    0.030070027336478233,
                    0.023961151018738747,
                    0.9992605447769165
                ]
            ],
            [
                [
                    0.9958199262619019,
                    -0.08977675437927246,
                    0.016814205795526505
                ],
                [
                    0.08964165300130844,
                    0.9959366917610168,
                    0.008625013753771782
                ],
                [
                    -0.01752021163702011,
                    -0.007081708405166864,
                    0.9998213648796082
                ]
            ]
        ],
        "betas": [
            -0.036764904856681824,
            -0.030031144618988037,
            -0.14707854390144348,
            -0.15822568535804749,
            0.06291443109512329,
            -0.07238113135099411,
            -0.060471028089523315,
            -0.018904447555541992,
            0.04227490723133087,
            -0.0352550745010376
        ]
    },
    "pred_cam_t": [
        -0.005436962470412254,
        0.6272187232971191,
        22.2247371673584
    ],
    "focal_length": [
        5000.0,
        5000.0
    ],
    "pred_keypoints_3d": [
        [
            0.06339901685714722,
            -0.7984734773635864,
            -0.017665870487689972
        ],
        [
            0.04971242696046829,
            -0.6988402605056763,
            0.14607906341552734
        ],
        [
            -0.12540596723556519,
            -0.6627264618873596,
            0.13228291273117065
        ],
        [
            -0.3324403166770935,
            -0.7170112133026123,
            -0.007225111126899719
        ],
        [
            -0.25502902269363403,
            -0.9540652632713318,
            -0.06366898119449615
        ],
        [
            0.20664042234420776,
            -0.6412267088890076,
            0.10346222668886185
        ],
        [
            0.3557482659816742,
            -0.7281677722930908,
            -0.09322712570428848
        ],
        [
            0.2488497495651245,
            -0.9535382986068726,
            -0.08960466831922531
        ],
        [
            -0.0016206377185881138,
            -0.22079236805438995,
            0.028446592390537262
        ],
        [
            -0.07694210857152939,
            -0.14325545728206635,
            -0.005018748342990875
        ],
        [
            -0.23298987746238708,
            0.031143099069595337,
            -0.3097603917121887
        ],
        [
            -0.18492071330547333,
            0.3315342962741852,
            -0.0488932728767395
        ],
        [
            0.060682665556669235,
            -0.1313820779323578,
            -0.008633233606815338
        ],
        [
            0.18415066599845886,
            0.025743380188941956,
            -0.32789871096611023
        ],
        [
            0.11203260719776154,
            0.3259648084640503,
            -0.0729525089263916
        ],
        [
            0.028530267998576164,
            -0.8398403525352478,
            0.010697834193706512
        ],
        [
            0.09525959193706512,
            -0.8396905660629272,
            0.01316533237695694
        ],
        [
            -0.018290657550096512,
            -0.831496000289917,
            0.10598918795585632
        ],
        [
            0.1293664276599884,
            -0.8321819305419922,
            0.10929989814758301
        ],
        [
            0.18982407450675964,
            0.4314191937446594,
            -0.22281008958816528
        ],
        [
            0.22826766967773438,
            0.41535258293151855,
            -0.15166503190994263
        ],
        [
            0.09849655628204346,
            0.3345332145690918,
            -0.004133433103561401
        ],
        [
            -0.2607806324958801,
            0.42993754148483276,
            -0.20221209526062012
        ],
        [
            -0.3070499300956726,
            0.41067367792129517,
            -0.13270363211631775
        ],
        [
            -0.1690855175256729,
            0.3544923663139343,
            0.020923703908920288
        ],
        [
            -0.20085427165031433,
            0.27474331855773926,
            -0.046609509736299515
        ],
        [
            -0.21936708688735962,
            -0.0010754980612546206,
            -0.2822226881980896
        ],
        [
            -0.14821286499500275,
            -0.2475053071975708,
            0.06673561036586761
        ],
        [
            0.14917853474617004,
            -0.20848165452480316,
            0.06473170965909958
        ],
        [
            0.1913037747144699,
            0.006789062172174454,
            -0.305850625038147
        ],
        [
            0.11969508975744247,
            0.2830851674079895,
            -0.06694173812866211
        ],
        [
            -0.23091386258602142,
            -0.9333017468452454,
            -0.04424117133021355
        ],
        [
            -0.32516172528266907,
            -0.7414414286613464,
            0.02153456211090088
        ],
        [
            -0.09457326680421829,
            -0.682219922542572,
            0.14385628700256348
        ],
        [
            0.19114667177200317,
            -0.6633644104003906,
            0.12476460635662079
        ],
        [
            0.35499343276023865,
            -0.7497671246528625,
            -0.05426035076379776
        ],
        [
            0.2501579821109772,
            -0.9439252614974976,
            -0.06948839873075485
        ],
        [
            0.05318008363246918,
            -0.6978909969329834,
            0.14782032370567322
        ],
        [
            0.06148810312151909,
            -0.883049726486206,
            0.08870821446180344
        ],
        [
            0.0005772022996097803,
            -0.2278531789779663,
            0.06557489931583405
        ],
        [
            0.047409966588020325,
            -0.6637983918190002,
            0.132546529173851
        ],
        [
            0.022204924374818802,
            -0.46361586451530457,
            0.12073053419589996
        ],
        [
            0.06539362668991089,
            -0.7740528583526611,
            0.060145262628793716
        ],
        [
            0.056398503482341766,
            -0.9024868011474609,
            0.0960569828748703
        ]
    ],
    "pred_vertices": [
        [
            0.10716970264911652,
            -0.8855993151664734,
            0.010545924305915833
        ],
        [
            0.1015961617231369,
            -0.8713124990463257,
            0.004876077175140381
        ],
        [
            0.11230719089508057,
            -0.868480920791626,
            0.014003701508045197
        ],
        [
            0.11709465831518173,
            -0.8789542317390442,
            0.02321663498878479
        ],
        [
            0.1085997074842453,
            -0.8590025901794434,
            0.008680850267410278
        ],
        [
            0.09883320331573486,
            -0.8602723479270935,
            0.0016875863075256348
        ],
        [
            0.1185513436794281,
            -0.8625790476799011,
            0.02492496371269226
        ],
        [
            0.12261876463890076,
            -0.8703804016113281,
            0.035932883620262146
        ],
        [
            0.1234116405248642,
            -0.8265559673309326,
            0.03872042894363403
        ],
        [
            0.12640266120433807,
            -0.8217719793319702,
            0.0490354523062706
        ],
        [
            0.12645472586154938,
            -0.8344470262527466,
            0.046325527131557465
        ],
        [
            0.12190178781747818,
            -0.8357803821563721,
            0.03722626715898514
        ],
        [
            0.12104550749063492,
            -0.8012077808380127,
            0.04332117736339569
        ],
        [
            0.11533058434724808,
            -0.7918580770492554,
            0.03492176532745361
        ],
        [
            0.11672136932611465,
            -0.7830820083618164,
            0.04521791636943817
        ],
        [
            0.12132476270198822,
            -0.7920090556144714,
            0.054321832954883575
        ],
        [
            0.08505627512931824,
            -0.8057292699813843,
            0.00927732139825821
        ],
        [
            0.09014569967985153,
            -0.7989919185638428,
            0.010893672704696655
        ],
        [
            0.09414197504520416,
            -0.8055721521377563,
            0.0115174800157547
        ],
        [
            0.08814246207475662,
            -0.8115151524543762,
            0.010253891348838806
        ],
        [
            0.07618904858827591,
            -0.815451979637146,
            0.002138368785381317
        ],
        [
            0.07692523300647736,
            -0.821010947227478,
            0.005354993045330048
        ],
        [
            0.07259564101696014,
            -0.824815034866333,
            -0.00024759024381637573
        ],
        [
            0.07261586934328079,
            -0.8184643983840942,
            -0.004301801323890686
        ],
        [
            0.07972832024097443,
            -0.8005179762840271,
            0.008822403848171234
        ],
        [
            0.0849788710474968,
            -0.7937241792678833,
            0.01128685474395752
        ],
        [
            0.08049886673688889,
            -0.8113411664962769,
            0.007342308759689331
        ],
        [
            0.07866282016038895,
            -0.8070815205574036,
            0.004961065948009491
        ],
        [
            0.07597118616104126,
            -0.8008065223693848,
            -0.0051912665367126465
        ],
        [
            0.0775933563709259,
            -0.8055479526519775,
            -0.003844037652015686
        ],
        [
            0.07472332566976547,
            -0.8065149188041687,
            -0.011082857847213745
        ],
        [
            0.07324890047311783,
            -0.8009170293807983,
            -0.010126255452632904
        ],
        [
            0.0782807320356369,
            -0.80046147108078,
            0.003964036703109741
        ],
        [
            0.07907427847385406,
            -0.8032678365707397,
            0.0012020468711853027
        ],
        [
            0.0765293687582016,
            -0.7995549440383911,
            -0.0011205300688743591
        ],
        [
            0.07490211725234985,
            -0.7975471615791321,
            0.0020097121596336365
        ],
        [
            0.07577765733003616,
            -0.8113958835601807,
            -0.0006355270743370056
        ],
        [
            0.07325508445501328,
            -0.8130239248275757,
            -0.007798038423061371
        ],
        [
            0.06986358016729355,
            -0.8143717646598816,
            -0.015191704034805298
        ],
        [
            0.07085670530796051,
            -0.8058756589889526,
            -0.018062546849250793
        ],
        [
            0.0999525859951973,
            -0.7854410409927368,
            0.01893743872642517
        ],
        [
            0.09564343094825745,
            -0.7924156188964844,
            0.013851210474967957
        ],
        [
            0.09055683761835098,
            -0.7875938415527344,
            0.013500392436981201
        ],
        [
            0.0948813185095787,
            -0.7819668054580688,
            0.016997195780277252
        ],
        [
            0.0759696215391159,
            -0.7943693399429321,
            0.005663968622684479
        ],
        [
            0.0790882408618927,
            -0.7785522937774658,
            0.006980344653129578
        ],
        [
            0.07951471209526062,
            -0.7822293043136597,
            0.006504818797111511
        ],
        [
            0.07383456081151962,
            -0.7831135988235474,
            0.002105236053466797
        ],
        [
            0.07408148795366287,
            -0.7796669602394104,
            0.002783060073852539
        ],
        [
            0.10380250215530396,
            -0.7712830901145935,
            0.028848759829998016
        ],
        [
            0.09861534833908081,
            -0.7700837850570679,
            0.023940302431583405
        ],
        [
            0.09860533475875854,
            -0.7632595300674438,
            0.027094148099422455
        ],
        [
            0.102943055331707,
            -0.7631303071975708,
            0.033128418028354645
        ],
        [
            0.09578689932823181,
            -0.7575894594192505,
            0.028361350297927856
        ],
        [
            0.10089327394962311,
            -0.7553728818893433,
            0.036754995584487915
        ],
        [
            0.09153646230697632,
            -0.7414416670799255,
            0.036912474781274796
        ],
        [
            0.09624135494232178,
            -0.7474991083145142,
            0.037030596286058426
        ],
        [
            0.09187134355306625,
            -0.751958966255188,
            0.027984239161014557
        ],
        [
            0.08681637048721313,
            -0.7468032836914062,
            0.02463451772928238
        ],
        [
            0.07595588266849518,
            -0.7514939904212952,
            0.014945946633815765
        ],
        [
            0.07043230533599854,
            -0.7502248287200928,
            0.011908464133739471
        ],
        [
            0.07421372085809708,
            -0.7382668256759644,
            0.015490472316741943
        ],
        [
            0.08033683151006699,
            -0.7415671348571777,
            0.019379884004592896
        ],
        [
            0.07851074635982513,
            -0.7726321816444397,
            0.011586003005504608
        ],
        [
            0.08208785951137543,
            -0.7728279232978821,
            0.01479203999042511
        ],
        [
            0.08262138068675995,
            -0.7741252183914185,
            0.012414693832397461
        ],
        [
            0.07890315353870392,
            -0.7752169370651245,
            0.008742272853851318
        ],
        [
            0.0853225439786911,
            -0.7725805044174194,
            0.016911767423152924
        ],
        [
            0.08687315136194229,
            -0.7722536325454712,
            0.017803147435188293
        ],
        [
            0.08685076236724854,
            -0.7734745740890503,
            0.01652991771697998
        ],
        [
            0.08534039556980133,
            -0.773419976234436,
            0.016203969717025757
        ],
        [
            0.08344049751758575,
            -0.7730708122253418,
            0.015401214361190796
        ],
        [
            0.08249902725219727,
            -0.7711399793624878,
            0.01498749852180481
        ],
        [
            0.08446440100669861,
            -0.7717980742454529,
            0.016316279768943787
        ],
        [
            0.07929385453462601,
            -0.7702528238296509,
            0.01189974695444107
        ],
        [
            0.06747104227542877,
            -0.7678630948066711,
            0.003113105893135071
        ],
        [
            0.07129201292991638,
            -0.7682371735572815,
            0.004855744540691376
        ],
        [
            0.06998657435178757,
            -0.7726457118988037,
            0.005204968154430389
        ],
        [
            0.06669017672538757,
            -0.7727539539337158,
            0.0036787018179893494
        ],
        [
            0.0852167159318924,
            -0.7756572961807251,
            0.014454692602157593
        ],
        [
            0.08796384930610657,
            -0.776789665222168,
            0.01509866863489151
        ],
        [
            0.0845995619893074,
            -0.7794426679611206,
            0.01116316020488739
        ],
        [
            0.08329114317893982,
            -0.7768327593803406,
            0.0119098499417305
        ],
        [
            0.09074059128761292,
            -0.778593897819519,
            0.015190690755844116
        ],
        [
            0.08907623589038849,
            -0.7746251821517944,
            0.017161652445793152
        ],
        [
            0.09190169721841812,
            -0.7753947973251343,
            0.017976179718971252
        ],
        [
            0.08626742660999298,
            -0.7705579996109009,
            0.017818093299865723
        ],
        [
            0.08872024714946747,
            -0.7688358426094055,
            0.01959298551082611
        ],
        [
            0.08952559530735016,
            -0.7713475823402405,
            0.018444418907165527
        ],
        [
            0.08665628731250763,
            -0.7656329870223999,
            0.019179165363311768
        ],
        [
            0.08387988805770874,
            -0.7686582803726196,
            0.016660422086715698
        ],
        [
            0.08062781393527985,
            -0.7667673826217651,
            0.013731107115745544
        ],
        [
            0.07636946439743042,
            -0.7650854587554932,
            0.010004207491874695
        ],
        [
            0.07831601798534393,
            -0.7603368759155273,
            0.0135541632771492
        ],
        [
            0.08307720720767975,
            -0.7626544833183289,
            0.016849741339683533
        ],
        [
            0.08662785589694977,
            -0.7833942174911499,
            0.011708520352840424
        ],
        [
            0.09344944357872009,
            -0.7707367539405823,
            0.02086600661277771
        ],
        [
            0.09709756076335907,
            -0.7770226001739502,
            0.020760759711265564
        ],
        [
            0.09296970069408417,
            -0.7660443782806396,
            0.022314250469207764
        ],
        [
            0.09067569673061371,
            -0.7616477012634277,
            0.022791042923927307
        ],
        [
            0.08668795228004456,
            -0.7575078010559082,
            0.021472468972206116
        ],
        [
            0.08150827884674072,
            -0.7542662024497986,
            0.018179841339588165
        ],
        [
            0.07500677555799484,
            -0.7302296757698059,
            0.027614407241344452
        ],
        [
            0.08295492827892303,
            -0.7349718809127808,
            0.03140447288751602
        ],
        [
            0.09625975787639618,
            -0.8530703783035278,
            0.004721343517303467
        ],
        [
            0.10473781824111938,
            -0.8522198796272278,
            0.008049584925174713
        ],
        [
            0.10439664125442505,
            -0.8446238040924072,
            0.013669468462467194
        ],
        [
            0.10659206658601761,
            -0.8466432690620422,
            0.013751953840255737
        ],
        [
            0.10136903822422028,
            -0.8483231067657471,
            0.009925477206707
        ],
        [
            0.10047765076160431,
            -0.8457871079444885,
            0.01106349378824234
        ],
        [
            0.11629118025302887,
            -0.8379675149917603,
            0.030798718333244324
        ],
        [
            0.11187699437141418,
            -0.8396934270858765,
            0.025695443153381348
        ],
        [
            0.11178549379110336,
            -0.8359315991401672,
            0.0276760533452034
        ],
        [
            0.1175636351108551,
            -0.8312879800796509,
            0.032348811626434326
        ],
        [
            0.10484974831342697,
            -0.8281910419464111,
            0.020481429994106293
        ],
        [
            0.10876086354255676,
            -0.8294316530227661,
            0.024075567722320557
        ],
        [
            0.10551609098911285,
            -0.8361995220184326,
            0.020411960780620575
        ],
        [
            0.102546326816082,
            -0.8352503180503845,
            0.017863541841506958
        ],
        [
            0.09909108281135559,
            -0.8347823023796082,
            0.015435479581356049
        ],
        [
            0.09498559683561325,
            -0.8347190618515015,
            0.013988368213176727
        ],
        [
            0.0950266495347023,
            -0.8295214772224426,
            0.014972858130931854
        ],
        [
            0.09989506006240845,
            -0.828549861907959,
            0.017256908118724823
        ],
        [
            0.0949360653758049,
            -0.8496809601783752,
            0.008141867816448212
        ],
        [
            0.08760445564985275,
            -0.8489212989807129,
            0.00788203626871109
        ],
        [
            0.08877581357955933,
            -0.8460888266563416,
            0.008938610553741455
        ],
        [
            0.0949564129114151,
            -0.846560001373291,
            0.008843153715133667
        ],
        [
            0.07810996472835541,
            -0.8399965763092041,
            0.013202987611293793
        ],
        [
            0.07945474982261658,
            -0.842319667339325,
            0.012125909328460693
        ],
        [
            0.0760037824511528,
            -0.8438538908958435,
            0.010657578706741333
        ],
        [
            0.07503892481327057,
            -0.8394513130187988,
            0.011701911687850952
        ],
        [
            0.0772559717297554,
            -0.8364274501800537,
            0.011973284184932709
        ],
        [
            0.0793723315000534,
            -0.838361382484436,
            0.01298762857913971
        ],
        [
            0.09827421605587006,
            -0.9068454504013062,
            0.01006270945072174
        ],
        [
            0.0944027528166771,
            -0.8904659748077393,
            0.0018336102366447449
        ],
        [
            0.11188481748104095,
            -0.9010248184204102,
            0.023714132606983185
        ],
        [
            0.1206919401884079,
            -0.8908349871635437,
            0.03694459795951843
        ],
        [
            0.12643393874168396,
            -0.8779886960983276,
            0.04872741550207138
        ],
        [
            0.11031640321016312,
            -0.775858998298645,
            0.03628039360046387
        ],
        [
            0.11068479716777802,
            -0.7672457695007324,
            0.043110474944114685
        ],
        [
            0.11758650839328766,
            -0.7749364376068115,
            0.055415280163288116
        ],
        [
            0.1146479919552803,
            -0.7649211883544922,
            0.06039062887430191
        ],
        [
            0.10778430849313736,
            -0.7570972442626953,
            0.04744406044483185
        ],
        [
            0.09320952743291855,
            -0.7390989065170288,
            0.0503033809363842
        ],
        [
            0.10187786817550659,
            -0.7469736933708191,
            0.04988205060362816
        ],
        [
            0.10872134566307068,
            -0.7552347183227539,
            0.06597484648227692
        ],
        [
            0.11578238010406494,
            -0.7681602239608765,
            0.08072030544281006
        ],
        [
            0.11968331038951874,
            -0.7752013206481934,
            0.07267510890960693
        ],
        [
            0.11943842470645905,
            -0.7843924760818481,
            0.09233216941356659
        ],
        [
            0.10944359004497528,
            -0.7604897022247314,
            0.09214271605014801
        ],
        [
            0.11563152074813843,
            -0.7838522791862488,
            0.10071323812007904
        ],
        [
            0.09332385659217834,
            -0.7252775430679321,
            0.08804748952388763
        ],
        [
            0.09447400271892548,
            -0.7140352129936218,
            0.0915682315826416
        ],
        [
            0.10382819920778275,
            -0.7201787233352661,
            0.10585273057222366
        ],
        [
            0.10354381799697876,
            -0.7316418290138245,
            0.10174860060214996
        ],
        [
            0.12192606925964355,
            -0.782967209815979,
            0.06465279310941696
        ],
        [
            0.12739093601703644,
            -0.8458391427993774,
            0.05329722911119461
        ],
        [
            0.12491369247436523,
            -0.8451986312866211,
            0.04189571738243103
        ],
        [
            0.12856782972812653,
            -0.8332685232162476,
            0.05767461657524109
        ],
        [
            0.1295386403799057,
            -0.907103419303894,
            0.0702463835477829
        ],
        [
            0.1235707625746727,
            -0.900808572769165,
            0.052869342267513275
        ],
        [
            0.1302950531244278,
            -0.8861306309700012,
            0.06098931282758713
        ],
        [
            0.13319526612758636,
            -0.8937585353851318,
            0.07655628025531769
        ],
        [
            0.10412053763866425,
            -0.9423312544822693,
            0.05574514716863632
        ],
        [
            0.10249464958906174,
            -0.9272525906562805,
            0.031797342002391815
        ],
        [
            0.11253514885902405,
            -0.9161485433578491,
            0.04170193523168564
        ],
        [
            0.11686386168003082,
            -0.9278613924980164,
            0.06131444126367569
        ],
        [
            0.13437806069850922,
            -0.8953408002853394,
            0.08977685868740082
        ],
        [
            0.13404935598373413,
            -0.8976662755012512,
            0.10904175043106079
        ],
        [
            0.12958280742168427,
            -0.9138769507408142,
            0.114338219165802
        ],
        [
            0.129892498254776,
            -0.9134695529937744,
            0.0910666361451149
        ],
        [
            0.11749769747257233,
            -0.9347977042198181,
            0.1185927465558052
        ],
        [
            0.11829116940498352,
            -0.9345381259918213,
            0.0906851589679718
        ],
        [
            0.11119259893894196,
            -0.770172655582428,
            0.11135981976985931
        ],
        [
            0.11440299451351166,
            -0.7895349264144897,
            0.11323009431362152
        ],
        [
            0.10368281602859497,
            -0.7452100515365601,
            0.09554435312747955
        ],
        [
            0.10881510376930237,
            -0.7532533407211304,
            0.11175480484962463
        ],
        [
            0.10018321871757507,
            -0.9498816728591919,
            0.12000669538974762
        ],
        [
            0.10142792761325836,
            -0.9514610767364502,
            0.0879562646150589
        ],
        [
            0.1169990748167038,
            -0.8798282146453857,
            0.1576204150915146
        ],
        [
            0.12180031836032867,
            -0.8961681127548218,
            0.1491444706916809
        ],
        [
            0.12856274843215942,
            -0.882498025894165,
            0.1345357894897461
        ],
        [
            0.12433764338493347,
            -0.869117259979248,
            0.14381441473960876
        ],
        [
            0.10605703294277191,
            -0.8899155259132385,
