{
    "pred_cam": [
        1.763445496559143,
        -0.002946799620985985,
        0.6326131820678711
    ],
    "pred_smpl_params": {
        "global_orient": [
            [
                [
                    0.9992275834083557,
                    0.0201159305870533,
                    0.03375757858157158
                ],
                [
                    0.03274344652891159,
                    -0.9011832475662231,
                    -0.4321998059749603
                ],
                [
                    0.021727660670876503,
                    0.432971328496933,
                    -0.9011458158493042
                ]
            ]
        ],
        "body_pose": [
            [
                [
                    0.9449951648712158,
                    -0.325906902551651,
                    -0.027728727087378502
                ],
                [
                    0.27791059017181396,
                    0.7553296089172363,
                    0.593500554561615
                ],
                [
                    -0.17248158156871796,
                    -0.5685611963272095,
                    0.804355800151825
                ]
            ],
            [
                [
                    0.9701253175735474,
                    0.2422480285167694,
                    0.013141865842044353
                ],
                [
                    -0.20714594423770905,
                    0.798921525478363,
                    0.5646370053291321
                ],
                [
                    0.12628287076950073,
                    -0.5504909753799438,
                    0.8252347111701965
                ]
            ],
            [
                [
                    0.9991347193717957,
                    0.041152238845825195,
                    0.006029624957591295
                ],
                [
                    -0.03503212332725525,
                    0.9108125567436218,
                    -0.411330908536911
                ],
                [
                    -0.022419048473238945,
                    0.4107637405395508,
                    0.911466121673584
                ]
            ],
            [
                [
                    0.9827723503112793,
                    0.0891784057021141,
                    -0.1618819236755371
                ],
                [
                    -0.15064693987369537,
                    -0.1208990290760994,
                    -0.9811671376228333
                ],
                [
                    -0.10707029700279236,
                    0.988650918006897,
                    -0.10538177192211151
                ]
            ],
            [
                [
                    0.9780145287513733,
                    -0.10916253924369812,
                    0.17768265306949615
                ],
                [
                    0.16805869340896606,
                    -0.09187448769807816,
                    -0.9814862608909607
                ],
                [
                    0.12346602976322174,
                    0.989768922328949,
                    -0.07150886952877045
                ]
            ],
            [
                [
                    0.9999875426292419,
                    -0.004975432995706797,
                    0.00028333376394584775
                ],
                [
                    0.00495953718200326,
                    0.9991388320922852,
                    0.04119536653161049
                ],
                [
                    -0.0004880545020569116,
                    -0.04119345173239708,
                    0.9991510510444641
                ]
            ],
            [
                [
                    0.9398069977760315,
                    -0.06764110177755356,
                    0.334943950176239
                ],
                [
                    -0.03868948295712471,
                    0.9528446197509766,
                    0.3009820282459259
                ],
                [
                    -0.3395082950592041,
                    -0.2958238422870636,
                    0.8928730487823486
                ]
            ],
            [
                [
                    0.9480054974555969,
                    0.07757934182882309,
                    -0.30865350365638733
                ],
                [
                    0.023016275838017464,
                    0.9505820274353027,
                    0.30961930751800537
                ],
                [
                    0.31742051243782043,
                    -0.30062487721443176,
                    0.8993713855743408
                ]
            ],
            [
                [
                    0.9999002814292908,
                    0.0057395207695662975,
                    -0.012900928035378456
                ],
                [
                    -0.005511285737156868,
                    0.9998288750648499,
                    0.017657700926065445
                ],
                [
                    0.013000068254768848,
                    -0.017584839835762978,
                    0.9997608065605164
                ]
            ],
            [
                [
                    0.9869070649147034,
                    -0.1562313288450241,
                    -0.040078260004520416
                ],
                [
                    0.16007165610790253,
                    0.9792172312736511,
                    0.12454179674386978
                ],
                [
                    0.019787993282079697,
                    -0.12932656705379486,
                    0.9914045929908752
                ]
            ],
            [
                [
                    0.9940717220306396,
                    0.10336748510599136,
                    0.03371313214302063
                ],
                [
                    -0.10732293128967285,
                    0.9825366139411926,
                    0.15199892222881317
                ],
                [
                    -0.017412642017006874,
                    -0.15471601486206055,
                    0.9878055453300476
                ]
            ],
            [
                [
                    0.9974524974822998,
                    -0.0003224554820917547,
                    0.07133322954177856
                ],
                [
                    0.009798268787562847,
                    0.9911307096481323,
                    -0.13252893090248108
                ],
                [
                    -0.07065781950950623,
                    0.1328902542591095,
                    0.9886089563369751
                ]
            ],
            [
                [
                    0.9018608331680298,
                    -0.0959877222776413,
                    -0.42122846841812134
                ],
                [
                    0.1909545361995697,
                    0.9631615281105042,
                    0.1893574297428131
                ],
                [
                    0.38753506541252136,
                    -0.2512095272541046,
                    0.8869669437408447
                ]
            ],
            [
                [
                    0.943324863910675,
                    0.05029803514480591,
                    0.3280368745326996
                ],
                [
                    -0.11629626899957657,
                    0.975871205329895,
                    0.18479859828948975
                ],
                [
                    -0.31082674860954285,
                    -0.21247459948062897,
                    0.9264130592346191
                ]
            ],
            [
                [
                    0.998897910118103,
                    -0.04230371490120888,
                    0.02033110521733761
                ],
                [
                    0.04490061104297638,
                    0.9874511361122131,
                    -0.1514074057340622
                ],
                [
                    -0.013670877553522587,
                    0.15215341746807098,
                    0.9882623553276062
                ]
            ],
            [
                [
                    0.8410360217094421,
                    0.09115380793809891,
                    -0.533244252204895
                ],
                [
                    0.13575124740600586,
                    0.9186022877693176,
                    0.371135413646698
                ],
                [
                    0.5236697793006897,
                    -0.3845268189907074,
                    0.7602033615112305
                ]
            ],
            [
                [
                    0.9219672083854675,
                    -0.13898338377475739,
                    0.36146944761276245
                ],
                [
                    0.00025908296811394393,
                    0.9336042404174805,
                    0.3583059012889862
                ],
                [
                    -0.38726794719696045,
                    -0.33025264739990234,
                    0.8607885241508484
                ]
            ],
            [
                [
                    0.16978426277637482,
                    -0.15539078414440155,
                    -0.9731530547142029
                ],
                [
                    0.5668116211891174,
                    0.8232038617134094,
                    -0.032556645572185516
                ],
                [
                    0.806162416934967,
                    -0.5460668802261353,
                    0.22784435749053955
                ]
            ],
            [
                [
                    0.12486589699983597,
                    0.21988001465797424,
                    0.9675025939941406
                ],
                [
                    -0.614768922328949,
                    0.7825323343276978,
                    -0.09850054234266281
                ],
                [
                    -0.7787603139877319,
                    -0.5824912190437317,
                    0.23288701474666595
                ]
            ],
            [
                [
                    0.9838355183601379,
                    -0.17608509957790375,
                    -0.032583367079496384
                ],
                [
                    0.1682424694299698,
                    0.9712176322937012,
                    -0.16861437261104584
                ],
                [
                    0.06133601814508438,
                    0.1604069024324417,
                    0.9851434230804443
                ]
            ],
            [
                [
                    0.9874129295349121,
                    0.15463264286518097,
                    0.0332355797290802
                ],
                [
                    -0.15142422914505005,
                    0.9849178194999695,
                    -0.08371170610189438
                ],
                [
                    -0.04567887261509895,
                    0.0776253342628479,
                    0.9959357380867004
                ]
            ],
            [
                [
                    0.9968204498291016,
                    0.07115616649389267,
                    -0.03585708886384964
                ],
                [
                    -0.07192222028970718,
                    0.9971985816955566,
                    -0.020545553416013718
                ],
                [
                    0.034294698387384415,
                    0.023059150204062462,
                    0.9991456270217896
                ]
            ],
            [
                [
                    0.9956414699554443,
                    -0.09079212695360184,
                    0.021323643624782562
                ],
                [
                    0.09067515283823013,
                    0.9958600401878357,
                    0.006392390467226505
                ],
                [
                    -0.021815741434693336,
                    -0.004431005567312241,
                    0.9997521638870239
                ]
            ]
        ],
        "betas": [
            -0.0346672385931015,
            -0.004822909832000732,
            -0.12278667092323303,
            -0.10591244697570801,
            0.05223739147186279,
            -0.07971193641424179,
            -0.051704347133636475,
            -0.0094260573387146,
            0.04016201198101044,
            -0.024474680423736572
        ]
    },
    "pred_cam_t": [
        -0.002946799620985985,
        0.6326131820678711,
        22.15123748779297
    ],
    "focal_length": [
        5000.0,
        5000.0
    ],
    "pred_keypoints_3d": [
        [
            0.051853079348802567,
            -0.8024616241455078,
            -0.02266421914100647
        ],
        [
            0.02985883131623268,
            -0.7028735876083374,
            0.14029695093631744
        ],
        [
            -0.14327223598957062,
            -0.6639261245727539,
            0.11497113853693008
        ],
        [
            -0.33763039112091064,
            -0.7150843143463135,
            -0.04248201102018356
        ],
        [
            -0.2532373070716858,
            -0.9523570537567139,
            -0.08618730306625366
        ],
        [
            0.19026973843574524,
            -0.6468757390975952,
            0.11024843156337738
        ],
        [
            0.3568762242794037,
            -0.7304218411445618,
            -0.07330046594142914
        ],
        [
            0.25491446256637573,
            -0.9578866958618164,
            -0.08173435926437378
        ],
        [
            -0.0016759717836976051,
            -0.2212522029876709,
            0.028212739154696465
        ],
        [
            -0.07148545980453491,
            -0.14027470350265503,
            -0.008372040465474129
        ],
        [
            -0.20059265196323395,
            0.042419254779815674,
            -0.3208027184009552
        ],
        [
            -0.15198177099227905,
            0.3490876257419586,
            -0.06761828064918518
        ],
        [
            0.0659959688782692,
            -0.1338961124420166,
            -0.003479631617665291
        ],
        [
            0.22176343202590942,
            0.0324920117855072,
            -0.3033488690853119
        ],
        [
            0.14746102690696716,
            0.3390684425830841,
            -0.05689075589179993
        ],
        [
            0.016333159059286118,
            -0.8444132804870605,
            0.004147671163082123
        ],
        [
            0.08286441117525101,
            -0.8433499336242676,
            0.009402185678482056
        ],
        [
            -0.034546732902526855,
            -0.8369301557540894,
            0.09741543233394623
        ],
        [
            0.1128835380077362,
            -0.835637092590332,
            0.10699281096458435
        ],
        [
            0.24164634943008423,
            0.4394664168357849,
            -0.20064908266067505
        ],
        [
            0.27363112568855286,
            0.4223747253417969,
            -0.1265101134777069
        ],
        [
            0.1286061853170395,
            0.34954243898391724,
            0.010730654001235962
        ],
        [
            -0.21453791856765747,
            0.4449197053909302,
            -0.22894375026226044
        ],
        [
            -0.265164315700531,
            0.4303661584854126,
            -0.16120103001594543
        ],
        [
            -0.1391998678445816,
            0.3739538788795471,
            0.0021560490131378174
        ],
        [
            -0.17057543992996216,
            0.29325738549232483,
            -0.06442395597696304
        ],
        [
            -0.19026224315166473,
            0.00895311776548624,
            -0.2925224006175995
        ],
        [
            -0.15088945627212524,
            -0.24265547096729279,
            0.05729403346776962
        ],
        [
            0.14605878293514252,
            -0.2159940004348755,
            0.07355295866727829
        ],
        [
            0.2262468934059143,
            0.011615056544542313,
            -0.2816917300224304
        ],
        [
            0.15176938474178314,
            0.29625198245048523,
            -0.04982994496822357
        ],
        [
            -0.2316896766424179,
            -0.931249737739563,
            -0.063836470246315
        ],
        [
            -0.33338165283203125,
            -0.7395911812782288,
            -0.013084182515740395
        ],
        [
            -0.11346887797117233,
            -0.6839807629585266,
            0.12836670875549316
        ],
        [
            0.17271116375923157,
            -0.6688288450241089,
            0.12973402440547943
        ],
        [
            0.3527399003505707,
            -0.7525798082351685,
            -0.034692779183387756
        ],
        [
            0.25465255975723267,
            -0.9485802054405212,
            -0.06124565750360489
        ],
        [
            0.03306525945663452,
            -0.7018803358078003,
            0.142367422580719
        ],
        [
            0.04669547080993652,
            -0.887334406375885,
            0.08327529579401016
        ],
        [
            -0.002296779304742813,
            -0.22915010154247284,
            0.06518210470676422
        ],
        [
            0.028980422765016556,
            -0.6673194766044617,
            0.12745416164398193
        ],
        [
            0.00793454796075821,
            -0.46713289618492126,
            0.11689324676990509
        ],
        [
            0.05031517893075943,
            -0.7781226634979248,
            0.05519663542509079
        ],
        [
            0.04152162745594978,
            -0.9068207740783691,
            0.0903109461069107
        ]
    ],
    "pred_vertices": [
        [
            0.09558729827404022,
            -0.8890237808227539,
            0.007175467908382416
        ],
        [
            0.09005463123321533,
            -0.8748244047164917,
            0.0013109594583511353
        ],
        [
            0.10035146772861481,
            -0.8718563318252563,
            0.01087808609008789
        ],
        [
            0.10491879284381866,
            -0.8822633028030396,
            0.020217418670654297
        ],
        [
            0.09671099483966827,
            -0.8624475598335266,
            0.005444556474685669
        ],
        [
            0.08725608885288239,
            -0.8638358116149902,
            -0.0019732192158699036
        ],
        [
            0.10602955520153046,
            -0.865928053855896,
            0.022072315216064453
        ],
        [
            0.10976620018482208,
            -0.8736720085144043,
            0.03321010619401932
        ],
        [
            0.10963550955057144,
            -0.8299386501312256,
            0.03614392131567001
        ],
        [
            0.11215092241764069,
            -0.8251662254333496,
            0.04658488184213638
        ],
        [
            0.11253237724304199,
            -0.8378098011016846,
            0.043904729187488556
        ],
        [
            0.10839297622442245,
            -0.8391658067703247,
            0.03458470106124878
        ],
        [
            0.10681349784135818,
            -0.8046141266822815,
            0.04073049873113632
        ],
        [
            0.10136417299509048,
            -0.7953276634216309,
            0.032143257558345795
        ],
        [
            0.10223065316677094,
            -0.7865810394287109,
            0.04250433295965195
        ],
        [
            0.10657228529453278,
            -0.795472264289856,
            0.051754094660282135
        ],
        [
            0.07236871123313904,
            -0.8095196485519409,
            0.005205072462558746
        ],
        [
            0.07729020714759827,
            -0.8027247190475464,
            0.007084496319293976
        ],
        [
            0.08133669197559357,
            -0.8092490434646606,
            0.007852539420127869
        ],
        [
            0.07547478377819061,
            -0.8152638673782349,
            0.006306350231170654
        ],
        [
            0.06397974491119385,
            -0.8193517923355103,
            -0.0023463889956474304
        ],
        [
            0.06463814526796341,
            -0.8249019384384155,
            0.0008965432643890381
        ],
        [
            0.06061604619026184,
            -0.8287490606307983,
            -0.004915900528430939
        ],
        [
            0.06074243783950806,
            -0.822390079498291,
            -0.008967451751232147
        ],
        [
            0.06698953360319138,
            -0.8043801188468933,
            0.004538118839263916
        ],
        [
            0.07205447554588318,
            -0.7975203990936279,
            0.007245250046253204
        ],
        [
            0.06796639412641525,
            -0.8151906132698059,
            0.003046691417694092
        ],
        [
            0.06621651351451874,
            -0.8109642863273621,
            0.0006094276905059814
        ],
        [
            0.0639004111289978,
            -0.8046759366989136,
            -0.009678326547145844
        ],
        [
            0.06552872061729431,
            -0.809404194355011,
            -0.008275173604488373
        ],
        [
            0.06298267841339111,
            -0.8103801012039185,
            -0.015643015503883362
        ],
        [
            0.06139657646417618,
            -0.8048086166381836,
            -0.014726661145687103
        ],
        [
            0.06579194962978363,
            -0.8043379783630371,
            -0.0003890916705131531
        ],
        [
            0.06675630807876587,
            -0.8071236610412598,
            -0.003147691488265991
        ],
        [
            0.06426666676998138,
            -0.8034324049949646,
            -0.00556405633687973
        ],
        [
            0.06246985122561455,
            -0.8014591932296753,
            -0.0024823471903800964
        ],
        [
            0.0636385828256607,
            -0.8152905702590942,
            -0.005139939486980438
        ],
        [
            0.06145705282688141,
            -0.8169267773628235,
            -0.012431390583515167
        ],
        [
            0.05842383950948715,
            -0.8182979822158813,
            -0.0199897363781929
        ],
        [
            0.0594240203499794,
            -0.8097686767578125,
            -0.022787533700466156
        ],
        [
            0.08658191561698914,
            -0.7890754342079163,
            0.015571370720863342
        ],
        [
            0.08256400376558304,
            -0.7960853576660156,
            0.010289490222930908
        ],
        [
            0.07744434475898743,
            -0.7913237810134888,
            0.009730160236358643
        ],
        [
            0.08155573904514313,
            -0.7856478691101074,
            0.013409607112407684
        ],
        [
            0.06333349645137787,
            -0.7982848882675171,
            0.0012410134077072144
        ],
        [
            0.06620345264673233,
            -0.7824051976203918,
            0.0027303844690322876
        ],
        [
            0.06669735908508301,
            -0.786081075668335,
            0.0022592321038246155
        ],
        [
            0.061226677149534225,
            -0.7870212197303772,
            -0.00238896906375885
        ],
        [
            0.06139609217643738,
            -0.7835654616355896,
            -0.0016881898045539856
        ],
        [
            0.08984173089265823,
            -0.774884819984436,
            0.025657936930656433
        ],
        [
            0.08486495912075043,
            -0.7737313508987427,
            0.020531944930553436
        ],
        [
            0.08463755249977112,
            -0.7669183611869812,
            0.02370385080575943
        ],
        [
            0.08871183544397354,
            -0.7667626142501831,
            0.02992195636034012
        ],
        [
            0.08171533048152924,
            -0.76126629114151,
            0.02485593408346176
        ],
        [
            0.08642001450061798,
            -0.7590439319610596,
            0.033484384417533875
        ],
        [
            0.07693250477313995,
            -0.7452197074890137,
            0.0332670658826828
        ],
        [
            0.08168286085128784,
            -0.7512364983558655,
            0.0335870087146759
        ],
        [
            0.07776684314012527,
            -0.7556759119033813,
            0.024322256445884705
        ],
        [
            0.07280360162258148,
            -0.7505566477775574,
            0.0207827165722847
        ],
        [
            0.06239812448620796,
            -0.7553747892379761,
            0.010633893311023712
        ],
        [
            0.05699431896209717,
            -0.7541518211364746,
            0.007355980575084686
        ],
        [
            0.06050434708595276,
            -0.7421566843986511,
            0.011119067668914795
        ],
        [
            0.06649751216173172,
            -0.74538254737854,
            0.015268445014953613
        ],
        [
            0.06533633172512054,
            -0.7764872312545776,
            0.007305137813091278
        ],
        [
            0.06877236068248749,
            -0.7766481041908264,
            0.010666169226169586
        ],
        [
            0.0694170892238617,
            -0.7779375314712524,
            0.008310951292514801
        ],
        [
            0.0658707320690155,
            -0.7790640592575073,
            0.004478678107261658
        ],
        [
            0.07191315293312073,
            -0.7763707041740417,
            0.012935273349285126
        ],
        [
            0.07342031598091125,
            -0.7760330438613892,
            0.01389293372631073
        ],
        [
            0.07346346974372864,
            -0.7772501707077026,
            0.012612424790859222
        ],
        [
            0.07195836305618286,
            -0.7772082686424255,
            0.012221284210681915
        ],
        [
            0.07009615749120712,
            -0.776879072189331,
            0.011344969272613525
        ],
        [
            0.06914882361888885,
            -0.7749515771865845,
            0.010896407067775726
        ],
        [
            0.07107371091842651,
            -0.775596022605896,
            0.012312643229961395
        ],
        [
            0.0660773515701294,
            -0.7740865349769592,
            0.007668912410736084
        ],
        [
            0.054646462202072144,
            -0.7718322277069092,
            -0.0016037598252296448
        ],
        [
            0.0583682581782341,
            -0.7721503376960754,
            0.0002795383334159851
        ],
        [
            0.05709220841526985,
            -0.7766028642654419,
            0.0005742982029914856
        ],
        [
            0.05389542132616043,
            -0.7767494916915894,
            -0.0010677874088287354
        ],
        [
            0.07196414470672607,
            -0.7794532775878906,
            0.010473035275936127
        ],
        [
            0.07467199862003326,
            -0.7805490493774414,
            0.011213250458240509
        ],
        [
            0.07150895148515701,
            -0.7832309603691101,
            0.00712469220161438
        ],
        [
            0.07014066725969315,
            -0.7806389927864075,
            0.007825814187526703
        ],
        [
            0.07745693624019623,
            -0.7823197841644287,
            0.011425778269767761
        ],
        [
            0.07567103207111359,
            -0.778374969959259,
            0.013335153460502625
        ],
        [
            0.07850418984889984,
            -0.7791178226470947,
            0.014279313385486603
        ],
        [
            0.0727953165769577,
            -0.7743381261825562,
            0.013891540467739105
        ],
        [
            0.07515263557434082,
            -0.7725895047187805,
            0.01576836407184601
        ],
        [
            0.07603315263986588,
            -0.7750938534736633,
            0.014649927616119385
        ],
        [
            0.07306859642267227,
            -0.7694064974784851,
            0.015283368527889252
        ],
        [
            0.07043862342834473,
            -0.7724552750587463,
            0.012636110186576843
        ],
        [
            0.06729789823293686,
            -0.7705847024917603,
            0.009568214416503906
        ],
        [
            0.06318645924329758,
            -0.7689386606216431,
            0.005662567913532257
        ],
        [
            0.06491966545581818,
            -0.7641779184341431,
            0.00932188332080841
        ],
        [
            0.06955858319997787,
            -0.7664569616317749,
            0.012814067304134369
        ],
        [
            0.0735822319984436,
            -0.787175178527832,
            0.007774688303470612
        ],
        [
            0.0798429623246193,
            -0.774440586566925,
            0.017231546342372894
        ],
        [
            0.08356482535600662,
            -0.780676007270813,
            0.017263002693653107
        ],
        [
            0.07925137877464294,
            -0.7697526812553406,
            0.018668100237846375
        ],
        [
            0.07689342647790909,
            -0.7653809189796448,
            0.01905815303325653
        ],
        [
            0.07290685176849365,
            -0.7612617015838623,
            0.01759301871061325
        ],
        [
            0.06783896684646606,
            -0.7580857872962952,
            0.014095783233642578
        ],
        [
            0.06072109937667847,
            -0.7341626882553101,
            0.02329140156507492
        ],
        [
            0.06855225563049316,
            -0.7388244867324829,
            0.027412503957748413
        ],
        [
            0.0844426080584526,
            -0.8567011952400208,
            0.0010019168257713318
        ],
        [
            0.09278461337089539,
            -0.8557428121566772,
            0.004674248397350311
        ],
        [
            0.09207338839769363,
            -0.8481734991073608,
            0.010301806032657623
        ],
        [
            0.09426114708185196,
            -0.8501516580581665,
            0.0104464590549469
        ],
        [
            0.08926389366388321,
            -0.8519114255905151,
            0.006442330777645111
        ],
        [
            0.08828596025705338,
            -0.8493859171867371,
            0.0075294747948646545
        ],
        [
            0.10312994569540024,
            -0.8413942456245422,
            0.027893848717212677
        ],
        [
            0.09897579997777939,
            -0.8431538343429565,
            0.022607676684856415
        ],
        [
            0.09874600917100906,
            -0.8394055366516113,
            0.024592816829681396
        ],
        [
            0.10422457009553909,
            -0.8347134590148926,
            0.02951865643262863
        ],
        [
            0.09201446175575256,
            -0.8317330479621887,
            0.01716472953557968
        ],
        [
            0.09578332304954529,
            -0.8329365253448486,
            0.02091386914253235
        ],
        [
            0.09279122203588486,
            -0.8397276401519775,
            0.017087481915950775
        ],
        [
            0.08992313593626022,
            -0.838813841342926,
            0.01441860944032669
        ],
        [
            0.08656597137451172,
            -0.8383890390396118,
            0.011849433183670044
        ],
        [
            0.08253256976604462,
            -0.8383853435516357,
            0.01022542268037796
        ],
        [
            0.08245722949504852,
            -0.8331862688064575,
            0.011231325566768646
        ],
        [
            0.08720919489860535,
            -0.8321499824523926,
            0.01372673362493515
        ],
        [
            0.08292301744222641,
            -0.8533408641815186,
            0.004377119243144989
        ],
        [
            0.0756116434931755,
            -0.852691650390625,
            0.00382242351770401
        ],
        [
            0.07669311761856079,
            -0.8498397469520569,
            0.004928648471832275
        ],
        [
            0.08287206292152405,
            -0.8502175807952881,
            0.005077727138996124
        ],
        [
            0.06576515734195709,
            -0.8439127206802368,
            0.008752256631851196
        ],
        [
            0.06718816608190536,
            -0.8462158441543579,
            0.007728457450866699
        ],
        [
            0.06382007151842117,
            -0.8477917313575745,
            0.006110481917858124
        ],
        [
            0.06275071203708649,
            -0.843401312828064,
            0.007120564579963684
        ],
        [
            0.06490641087293625,
            -0.8403456211090088,
            0.007487684488296509
        ],
        [
            0.06699928641319275,
            -0.8422589898109436,
            0.008588962256908417
        ],
        [
            0.08704705536365509,
            -0.9102997779846191,
            0.006230086088180542
        ],
        [
            0.08330713212490082,
            -0.8940181732177734,
            -0.002036184072494507
        ],
        [
            0.10008864104747772,
            -0.9043394327163696,
            0.020393438637256622
        ],
        [
            0.10810913890600204,
            -0.894094705581665,
            0.03405028581619263
        ],
        [
            0.1131894439458847,
            -0.8812330961227417,
            0.04612666368484497
        ],
        [
            0.09609735012054443,
            -0.7794080376625061,
            0.033341437578201294
        ],
        [
            0.09605682641267776,
            -0.7708116769790649,
            0.040202267467975616
        ],
        [
            0.10251254588365555,
            -0.7784596085548401,
            0.05275262892246246
        ],
        [
            0.09925231337547302,
            -0.7685000896453857,
            0.0576634481549263
        ],
        [
            0.092833012342453,
            -0.7607320547103882,
            0.04446438327431679
        ],
        [
            0.07806702703237534,
            -0.7429383993148804,
            0.04674997925758362
        ],
        [
            0.08675673604011536,
            -0.7507220506668091,
            0.046681057661771774
        ],
        [
            0.09299228340387344,
            -0.7589371204376221,
            0.06306008994579315
        ],
        [
            0.09956348687410355,
            -0.7717878818511963,
            0.07807186245918274
        ],
        [
            0.10394696146249771,
            -0.7787617444992065,
            0.07013994455337524
        ],
        [
            0.10285681486129761,
            -0.7880120277404785,
            0.08980338275432587
        ],
        [
            0.09271899610757828,
            -0.7642419338226318,
            0.08930394798517227
        ],
        [
            0.09869444370269775,
            -0.7875359058380127,
            0.09807495772838593
        ],
        [
            0.07666216790676117,
            -0.7290743589401245,
            0.0846492350101471
        ],
        [
            0.07770170271396637,
            -0.7177948355674744,
            0.08829684555530548
        ],
        [
            0.0862765982747078,
            -0.7239851951599121,
            0.10305695980787277
        ],
        [
            0.08623165637254715,
            -0.7354321479797363,
            0.09882085770368576
        ],
        [
            0.10661101341247559,
            -0.7864731550216675,
            0.06214049458503723
        ],
        [
            0.11337687075138092,
            -0.8491703271865845,
            0.05086140334606171
        ],
        [
            0.11136285960674286,
            -0.8485293388366699,
            0.03936402499675751
        ],
        [
            0.11416077613830566,
            -0.8366076946258545,
            0.05535988509654999
        ],
        [
            0.11581157892942429,
            -0.9103666543960571,
            0.06759914755821228
        ],
        [
            0.11048676073551178,
            -0.9040673971176147,
            0.050033316016197205
        ],
        [
            0.11671110987663269,
            -0.8893694281578064,
            0.05845283716917038
        ],
        [
            0.11903345584869385,
            -0.8969966173171997,
            0.07411029934883118
        ],
        [
            0.09148214757442474,
            -0.9458568692207336,
            0.05193447321653366
        ],
        [
            0.09065206348896027,
            -0.9307016134262085,
            0.027951054275035858
        ],
        [
            0.10012517869472504,
            -0.9194989204406738,
            0.03836929798126221
        ],
        [
            0.1037951335310936,
            -0.9312230348587036,
            0.05809696763753891
        ],
        [
            0.11966544389724731,
            -0.8986113667488098,
            0.08736349642276764
        ],
        [
            0.11864486336708069,
            -0.9010016918182373,
            0.10658492892980576
        ],
        [
            0.11417876183986664,
            -0.9173166751861572,
            0.11156226694583893
        ],
        [
            0.11545410007238388,
            -0.9168016314506531,
            0.0883650928735733
        ],
        [
            0.10223265737295151,
            -0.9384293556213379,
            0.11522878706455231
        ],
        [
            0.10408030450344086,
            -0.9380227327346802,
            0.08738832175731659
        ],
        [
            0.09374424815177917,
            -0.7739508152008057,
            0.10858716070652008
        ],
        [
            0.09702202677726746,
            -0.7932251691818237,
            0.11051411926746368
        ],
        [
            0.08671542257070541,
            -0.7490110993385315,
            0.09256338328123093
        ],
        [
            0.09118776023387909,
            -0.7570565938949585,
            0.10898159444332123
        ],
        [
            0.08503548800945282,
            -0.9538028240203857,
            0.1158859059214592
        ],
        [
            0.08759420365095139,
            -0.955201268196106,
            0.08388608694076538
        ],
        [
            0.0993296355009079,
            -0.8835779428482056,
            0.15455208718776703
        ],
        [
            0.10471593588590622,
            -0.8998289704322815,
            0.14616598188877106
        ],
        [
            0.11180557310581207,
            -0.8860064744949341,
            0.13189294934272766
        ],
        [
            0.1069783866405487,
            -0.8727108240127563,
            0.14107036590576172
        ],
        [
            0.08799991756677628,
