{
    "pred_cam": [
        1.762410044670105,
        -0.0028998833149671555,
        0.631076455116272
    ],
    "pred_smpl_params": {
        "global_orient": [
            [
                [
                    0.9975389242172241,
                    -0.02090369537472725,
                    0.06692555546760559
                ],
                [
                    0.009180605411529541,
                    -0.9073633551597595,
                    -0.42024680972099304
                ],
                [
                    0.06951051205396652,
                    0.41982701420783997,
                    -0.9049383401870728
                ]
            ]
        ],
        "body_pose": [
            [
                [
                    0.9466627836227417,
                    -0.3208191990852356,
                    -0.03007608838379383
                ],
                [
                    0.2741163969039917,
                    0.7527428269386292,
                    0.5985302329063416
                ],
                [
                    -0.16938044130802155,
                    -0.5748506784439087,
                    0.8005354404449463
                ]
            ],
            [
                [
                    0.9771331548690796,
                    0.21074171364307404,
                    0.028262365609407425
                ],
                [
                    -0.1826678365468979,
                    0.7639707326889038,
                    0.6188547611236572
                ],
                [
                    0.1088268831372261,
                    -0.6098660826683044,
                    0.7849968671798706
                ]
            ],
            [
                [
                    0.9991986155509949,
                    0.03980972245335579,
                    0.004150153137743473
                ],
                [
                    -0.034105535596609116,
                    0.9010928273200989,
                    -0.4322828948497772
                ],
                [
                    -0.020948732271790504,
                    0.4317949712276459,
                    0.9017284512519836
                ]
            ],
            [
                [
                    0.9814833402633667,
                    0.08896169066429138,
                    -0.16963578760623932
                ],
                [
                    -0.15682950615882874,
                    -0.13525570929050446,
                    -0.9783201813697815
                ],
                [
                    -0.10997723788022995,
                    0.9868088364601135,
                    -0.11879940330982208
                ]
            ],
            [
                [
                    0.9755406379699707,
                    -0.12929245829582214,
                    0.1777748316526413
                ],
                [
                    0.16233587265014648,
                    -0.12155009806156158,
                    -0.9792203307151794
                ],
                [
                    0.1482143998146057,
                    0.984128475189209,
                    -0.09758825600147247
                ]
            ],
            [
                [
                    0.999949038028717,
                    0.009108884260058403,
                    0.004357658792287111
                ],
                [
                    -0.009309105575084686,
                    0.9987857937812805,
                    0.0483761802315712
                ],
                [
                    -0.003911715000867844,
                    -0.04841427877545357,
                    0.9988197088241577
                ]
            ],
            [
                [
                    0.9380398988723755,
                    -0.06818906217813492,
                    0.3397519886493683
                ],
                [
                    -0.039544686675071716,
                    0.9529786705970764,
                    0.3004462718963623
                ],
                [
                    -0.3442635238170624,
                    -0.29526597261428833,
                    0.8912355303764343
                ]
            ],
            [
                [
                    0.9469869136810303,
                    0.08333718031644821,
                    -0.31027519702911377
                ],
                [
                    0.01994844526052475,
                    0.9486544132232666,
                    0.31568458676338196
                ],
                [
                    0.3206522464752197,
                    -0.3051386773586273,
                    0.8967008590698242
                ]
            ],
            [
                [
                    0.999822735786438,
                    0.01718706078827381,
                    -0.007682832423597574
                ],
                [
                    -0.01703944243490696,
                    0.999676525592804,
                    0.018883399665355682
                ],
                [
                    0.008004896342754364,
                    -0.018749142065644264,
                    0.9997921586036682
                ]
            ],
            [
                [
                    0.9867902398109436,
                    -0.15363748371601105,
                    -0.05138786509633064
                ],
                [
                    0.15918804705142975,
                    0.9784474968910217,
                    0.1315281242132187
                ],
                [
                    0.03007267601788044,
                    -0.137970969080925,
                    0.9899796843528748
                ]
            ],
            [
                [
                    0.9937466979026794,
                    0.10466441512107849,
                    0.03889639675617218
                ],
                [
                    -0.10927611589431763,
                    0.9832013249397278,
                    0.14619797468185425
                ],
                [
                    -0.022941267117857933,
                    -0.1495341807603836,
                    0.9884904026985168
                ]
            ],
            [
                [
                    0.997730553150177,
                    0.0035928431898355484,
                    0.0672365128993988
                ],
                [
                    0.005540701560676098,
                    0.9908077716827393,
                    -0.1351637840270996
                ],
                [
                    -0.06710407882928848,
                    0.13522957265377045,
                    0.9885392785072327
                ]
            ],
            [
                [
                    0.9055272340774536,
                    -0.1020139530301094,
                    -0.41184157133102417
                ],
                [
                    0.19521468877792358,
                    0.9619951844215393,
                    0.19093574583530426
                ],
                [
                    0.37671151757240295,
                    -0.25329506397247314,
                    0.8910274505615234
                ]
            ],
            [
                [
                    0.9448766708374023,
                    0.059181828051805496,
                    0.322033554315567
                ],
                [
                    -0.12471051514148712,
                    0.9744436740875244,
                    0.18683362007141113
                ],
                [
                    -0.30274641513824463,
                    -0.21669569611549377,
                    0.9281097054481506
                ]
            ],
            [
                [
                    0.9990240335464478,
                    -0.04157669469714165,
                    0.014908512122929096
                ],
                [
                    0.04320855438709259,
                    0.9899492859840393,
                    -0.13466010987758636
                ],
                [
                    -0.009159951470792294,
                    0.13517287373542786,
                    0.9907795786857605
                ]
            ],
            [
                [
                    0.846758246421814,
                    0.07701275497674942,
                    -0.5263739824295044
                ],
                [
                    0.14550594985485077,
                    0.9182055592536926,
                    0.3684108853340149
                ],
                [
                    0.5116918683052063,
                    -0.3885454535484314,
                    0.7662923336029053
                ]
            ],
            [
                [
                    0.9232698678970337,
                    -0.13761332631111145,
                    0.3586576282978058
                ],
                [
                    -0.004136466421186924,
                    0.9300193786621094,
                    0.3674873113632202
                ],
                [
                    -0.38412967324256897,
                    -0.3407735526561737,
                    0.8580896258354187
                ]
            ],
            [
                [
                    0.17795313894748688,
                    -0.15567198395729065,
                    -0.9716475605964661
                ],
                [
                    0.5748912692070007,
                    0.8178249001502991,
                    -0.025738464668393135
                ],
                [
                    0.7986443042755127,
                    -0.5540114641189575,
                    0.23502898216247559
                ]
            ],
            [
                [
                    0.12150216847658157,
                    0.221163809299469,
                    0.9676382541656494
                ],
                [
                    -0.6264268159866333,
                    0.7732844948768616,
                    -0.0980844795703888
                ],
                [
                    -0.7699522972106934,
                    -0.5942371487617493,
                    0.2324986755847931
                ]
            ],
            [
                [
                    0.9834021329879761,
                    -0.17857734858989716,
                    -0.032097991555929184
                ],
                [
                    0.17051255702972412,
                    0.9700676798820496,
                    -0.17289890348911285
                ],
                [
                    0.062013063579797745,
                    0.16455605626106262,
                    0.9844163060188293
                ]
            ],
            [
                [
                    0.986539363861084,
                    0.15968142449855804,
                    0.03524085506796837
                ],
                [
                    -0.15609577298164368,
                    0.9838122129440308,
                    -0.08802051842212677
                ],
                [
                    -0.04872562736272812,
                    0.08133476227521896,
                    0.995495080947876
                ]
            ],
            [
                [
                    0.9967791438102722,
                    0.07142536342144012,
                    -0.036465760320425034
                ],
                [
                    -0.07209638506174088,
                    0.9972453713417053,
                    -0.017428969964385033
                ],
                [
                    0.035120438784360886,
                    0.020001882687211037,
                    0.9991828799247742
                ]
            ],
            [
                [
                    0.9955401420593262,
                    -0.09122641384601593,
                    0.024033360183238983
                ],
                [
                    0.09120804071426392,
                    0.9958300590515137,
                    0.001861846656538546
                ],
                [
                    -0.024102995172142982,
                    0.0003384927404113114,
                    0.9997093677520752
                ]
            ]
        ],
        "betas": [
            -0.038649603724479675,
            0.023524731397628784,
            -0.12253183126449585,
            -0.13700175285339355,
            0.04691675305366516,
            -0.0778760239481926,
            -0.05411863327026367,
            -0.01082456111907959,
            0.04207909107208252,
            -0.0342576801776886
        ]
    },
    "pred_cam_t": [
        -0.0028998833149671555,
        0.631076455116272,
        22.16425132751465
    ],
    "focal_length": [
        5000.0,
        5000.0
    ],
    "pred_keypoints_3d": [
        [
            0.04960262030363083,
            -0.8004134893417358,
            -0.0365176722407341
        ],
        [
            0.01942327991127968,
            -0.7042476534843445,
            0.12738215923309326
        ],
        [
            -0.15164145827293396,
            -0.6655851006507874,
            0.09501591324806213
        ],
        [
            -0.33860036730766296,
            -0.7155871987342834,
            -0.07169608771800995
        ],
        [
            -0.25270354747772217,
            -0.953183650970459,
            -0.11118181049823761
        ],
        [
            0.18064044415950775,
            -0.6475199460983276,
            0.10867752134799957
        ],
        [
            0.36127835512161255,
            -0.7282764911651611,
            -0.06262196600437164
        ],
        [
            0.26276737451553345,
            -0.9565646648406982,
            -0.08293414860963821
        ],
        [
            -0.0016508670523762703,
            -0.22079384326934814,
            0.028069911524653435
        ],
        [
            -0.06776305288076401,
            -0.13770835101604462,
            -0.01046648807823658
        ],
        [
            -0.16485725343227386,
            0.031691282987594604,
            -0.3418390452861786
        ],
        [
            -0.1184680238366127,
            0.3428051471710205,
            -0.09321458637714386
        ],
        [
            0.06938673555850983,
            -0.1345975697040558,
            0.0010333005338907242
        ],
        [
            0.241507887840271,
            0.030638188123703003,
            -0.2909289300441742
        ],
        [
            0.1621720790863037,
            0.3334168791770935,
            -0.0408419668674469
        ],
        [
            0.013215577229857445,
            -0.8429440259933472,
            -0.011990122497081757
        ],
        [
            0.0794612392783165,
            -0.8415353298187256,
            -0.0036453306674957275
        ],
        [
            -0.041777919977903366,
            -0.83717942237854,
            0.07887735217809677
        ],
        [
            0.10488421469926834,
            -0.8350217342376709,
            0.09527882188558578
        ],
        [
            0.2631475627422333,
            0.4349815249443054,
            -0.17843538522720337
        ],
        [
            0.29234737157821655,
            0.41614580154418945,
            -0.10371363162994385
        ],
        [
            0.14072193205356598,
            0.3428363800048828,
            0.026267290115356445
        ],
        [
            -0.16527505218982697,
            0.43639516830444336,
            -0.26106762886047363
        ],
        [
            -0.2211284190416336,
            0.42599332332611084,
            -0.19680438935756683
        ],
        [
            -0.10951758176088333,
            0.36927396059036255,
            -0.023385047912597656
        ],
        [
            -0.13997218012809753,
            0.28803128004074097,
            -0.08989731967449188
        ],
        [
            -0.15834371745586395,
            -0.0002946907188743353,
            -0.3115942180156708
        ],
        [
            -0.15296496450901031,
            -0.23820604383945465,
            0.05050031840801239
        ],
        [
            0.14394846558570862,
            -0.219284325838089,
            0.08051887154579163
        ],
        [
            0.24464748799800873,
            0.009556984528899193,
            -0.2693873941898346
        ],
        [
            0.16550572216510773,
            0.29038748145103455,
            -0.03442800045013428
        ],
        [
            -0.2322174608707428,
            -0.9321422576904297,
            -0.08779875934123993
        ],
        [
            -0.33583927154541016,
            -0.7402006387710571,
            -0.04241519793868065
        ],
        [
            -0.12263289839029312,
            -0.6856601238250732,
            0.10927397012710571
        ],
        [
            0.16211172938346863,
            -0.6699119806289673,
            0.1263580471277237
        ],
        [
            0.35418492555618286,
            -0.75104820728302,
            -0.024871518835425377
        ],
        [
            0.26076722145080566,
            -0.9476385712623596,
            -0.062339477241039276
        ],
        [
            0.02255956456065178,
            -0.7033147811889648,
            0.1300608366727829
        ],
        [
            0.04027676582336426,
            -0.8867412805557251,
            0.06788946688175201
        ],
        [
            -0.004428081214427948,
            -0.22855377197265625,
            0.06526738405227661
        ],
        [
            0.01921856217086315,
            -0.6686751842498779,
            0.11634132266044617
        ],
        [
            -0.0015473756939172745,
            -0.4685870110988617,
            0.10989897698163986
        ],
        [
            0.044427476823329926,
            -0.7772108316421509,
            0.04153764620423317
        ],
        [
            0.034932978451251984,
            -0.9063966870307922,
            0.07445608824491501
        ]
    ],
    "pred_vertices": [
        [
            0.09257784485816956,
            -0.8870921730995178,
            -0.0058283209800720215
        ],
        [
            0.08723134547472,
            -0.8728593587875366,
            -0.011803880333900452
        ],
        [
            0.0970483049750328,
            -0.8699804544448853,
            -0.0017119869589805603
        ],
        [
            0.10123886913061142,
            -0.8804441690444946,
            0.007674418389797211
        ],
        [
            0.09359927475452423,
            -0.8605095148086548,
            -0.007182791829109192
        ],
        [
            0.08448560535907745,
            -0.8618699312210083,
            -0.015052586793899536
        ],
        [
            0.1021723598241806,
            -0.8641694784164429,
            0.00981171429157257
        ],
        [
            0.10546131432056427,
            -0.8719735145568848,
            0.020980454981327057
        ],
        [
            0.10490372776985168,
            -0.828309178352356,
            0.024509593844413757
        ],
        [
            0.10688500106334686,
            -0.823661208152771,
            0.03511843830347061
        ],
        [
            0.10746541619300842,
            -0.8362932205200195,
            0.03227563947439194
        ],
        [
            0.10377081483602524,
            -0.8375550508499146,
            0.022761359810829163
        ],
        [
            0.1016341969370842,
            -0.803096354007721,
            0.02928059548139572
        ],
        [
            0.09652839601039886,
            -0.7937228679656982,
            0.020577646791934967
        ],
        [
            0.09684938192367554,
            -0.7851253747940063,
            0.03110717236995697
        ],
        [
            0.10082753747701645,
            -0.7941287159919739,
            0.0404115691781044
        ],
        [
            0.06889422237873077,
            -0.8076953887939453,
            -0.007874637842178345
        ],
        [
            0.07367715239524841,
            -0.8009030818939209,
            -0.005677253007888794
        ],
        [
            0.07773996144533157,
            -0.8074105978012085,
            -0.004824154078960419
        ],
        [
            0.07199392467737198,
            -0.8134390115737915,
            -0.006720617413520813
        ],
        [
            0.06091021001338959,
            -0.817497730255127,
            -0.01592531055212021
        ],
        [
            0.061468902975320816,
            -0.8230948448181152,
            -0.01273636519908905
        ],
        [
            0.05773589760065079,
            -0.8268784284591675,
            -0.01877696067094803
        ],
        [
            0.057997215539216995,
            -0.8204569220542908,
            -0.022727064788341522
        ],
        [
            0.06351335346698761,
            -0.8025794625282288,
            -0.008729957044124603
        ],
        [
            0.06839793920516968,
            -0.7957313060760498,
            -0.005686521530151367
        ],
        [
            0.06462511420249939,
            -0.8133572340011597,
            -0.010306082665920258
        ],
        [
            0.0629425048828125,
            -0.8091377019882202,
            -0.012759841978549957
        ],
        [
            0.0610530711710453,
            -0.8027176260948181,
            -0.02304714173078537
        ],
        [
            0.06264711916446686,
            -0.8074551820755005,
            -0.02163582295179367
        ],
        [
            0.060447074472904205,
            -0.8083460927009583,
            -0.029124192893505096
        ],
        [
            0.05877190828323364,
            -0.8027980327606201,
            -0.02820175141096115
        ],
        [
            0.0625227689743042,
            -0.8025190830230713,
            -0.01368705928325653
        ],
        [
            0.06363120675086975,
            -0.8052511215209961,
            -0.01643172651529312
        ],
        [
            0.0612223744392395,
            -0.801544189453125,
            -0.018907733261585236
        ],
        [
            0.059280626475811005,
            -0.7996293902397156,
            -0.015889234840869904
        ],
        [
            0.06065928936004639,
            -0.8134039640426636,
            -0.018675535917282104
        ],
        [
            0.05881848931312561,
            -0.8149436712265015,
            -0.026076756417751312
        ],
        [
            0.056146252900362015,
            -0.8162232637405396,
            -0.03378169983625412
        ],
        [
            0.05721283331513405,
            -0.8076671957969666,
            -0.0364023819565773
        ],
        [
            0.08245758712291718,
            -0.7873252630233765,
            0.0034348517656326294
        ],
        [
            0.07874651998281479,
            -0.7942830324172974,
            -0.0021302029490470886
        ],
        [
            0.07360431551933289,
            -0.7895418405532837,
            -0.002863861620426178
        ],
        [
            0.07749529182910919,
            -0.7839019894599915,
            0.0010957419872283936
        ],
        [
            0.05994918942451477,
            -0.7965008020401001,
            -0.012094512581825256
        ],
        [
            0.06262648850679398,
            -0.7806321978569031,
            -0.010229654610157013
        ],
        [
            0.06317184865474701,
            -0.7842972874641418,
            -0.010736614465713501
        ],
        [
            0.05792569741606712,
            -0.7852070927619934,
            -0.015639036893844604
        ],
        [
            0.05803646892309189,
            -0.78175950050354,
            -0.014876395463943481
        ],
        [
            0.0851399376988411,
            -0.7732737064361572,
            0.013875268399715424
        ],
        [
            0.08040088415145874,
            -0.7720719575881958,
            0.008537769317626953
        ],
        [
            0.07997532188892365,
            -0.765312910079956,
            0.011796541512012482
        ],
        [
            0.08376771211624146,
            -0.7652215957641602,
            0.018197141587734222
        ],
        [
            0.07699572294950485,
            -0.7596836090087891,
            0.012892946600914001
        ],
        [
            0.08127029240131378,
            -0.7575602531433105,
            0.021756596863269806
        ],
        [
            0.07173565030097961,
            -0.7437857985496521,
            0.021321289241313934
        ],
        [
            0.07649797201156616,
            -0.7497782707214355,
            0.021759629249572754
        ],
        [
            0.07305597513914108,
            -0.7541065216064453,
            0.012252427637577057
        ],
        [
            0.06824672222137451,
            -0.7489604949951172,
            0.008568264544010162
        ],
        [
            0.05831068754196167,
            -0.7537020444869995,
            -0.0021149292588233948
        ],
        [
            0.05306512489914894,
            -0.7524622082710266,
            -0.005624406039714813
        ],
        [
            0.05631319433450699,
            -0.7404885292053223,
            -0.0015089288353919983
        ],
        [
            0.062170498073101044,
            -0.7437416315078735,
            0.0028553977608680725
        ],
        [
            0.06152582913637161,
            -0.7747511863708496,
            -0.005617514252662659
        ],
        [
            0.06480385363101959,
            -0.7749369740486145,
            -0.0021109431982040405
        ],
        [
            0.06555800139904022,
            -0.7761905193328857,
            -0.004447564482688904
        ],
        [
            0.06219523027539253,
            -0.7772829532623291,
            -0.008449144661426544
        ],
        [
            0.06783311069011688,
            -0.7746741771697998,
            0.00030638277530670166
        ],
        [
            0.06929181516170502,
            -0.7743379473686218,
            0.0013368427753448486
        ],
        [
            0.06940091401338577,
            -0.7755378484725952,
            4.251301288604736e-05
        ],
        [
            0.06792345643043518,
            -0.7755076289176941,
            -0.00041572004556655884
        ],
        [
            0.066103994846344,
            -0.7751760482788086,
            -0.0013731345534324646
        ],
        [
            0.06517234444618225,
            -0.773247480392456,
            -0.0018408223986625671
        ],
        [
            0.06702125817537308,
            -0.7738968133926392,
            -0.0003433302044868469
        ],
        [
            0.062245018780231476,
            -0.7723551988601685,
            -0.005187787115573883
        ],
        [
            0.0512198731303215,
            -0.7700715065002441,
            -0.014926940202713013
        ],
        [
            0.054859794676303864,
            -0.7703596353530884,
            -0.01288393884897232
        ],
        [
            0.05360494554042816,
            -0.7748189568519592,
            -0.012716315686702728
        ],
        [
            0.05048062652349472,
            -0.7750003933906555,
            -0.01450277864933014
        ],
        [
            0.06801271438598633,
            -0.7777603268623352,
            -0.002188839018344879
        ],
        [
            0.07069508731365204,
            -0.7788113355636597,
            -0.001346193253993988
        ],
        [
            0.06773698329925537,
            -0.7814560532569885,
            -0.005616731941699982
        ],
        [
            0.06632497906684875,
            -0.7788806557655334,
            -0.004937484860420227
        ],
        [
            0.073488250374794,
            -0.7805730104446411,
            -0.0010349228978157043
        ],
        [
            0.07157781720161438,
            -0.7766594886779785,
            0.0008452311158180237
        ],
        [
            0.07436588406562805,
            -0.7774286866188049,
            0.0019181445240974426
        ],
        [
            0.06866110116243362,
            -0.7726494669914246,
            0.001328878104686737
        ],
        [
            0.0709170326590538,
            -0.7709118127822876,
            0.003337673842906952
        ],
        [
            0.07186108827590942,
            -0.7733927965164185,
            0.0022248029708862305
        ],
        [
            0.06884440779685974,
            -0.7677369713783264,
            0.0027989447116851807
        ],
        [
            0.06636154651641846,
            -0.7707620859146118,
            -1.2308359146118164e-05
        ],
        [
            0.06335390359163284,
            -0.7688690423965454,
            -0.0031881555914878845
        ],
        [
            0.05940854549407959,
            -0.7671964764595032,
            -0.007245354354381561
        ],
        [
            0.0609479695558548,
            -0.7624752521514893,
            -0.0034444332122802734
        ],
        [
            0.06543917953968048,
            -0.7647746801376343,
            0.00021646171808242798
        ],
        [
            0.0698024332523346,
            -0.7854248285293579,
            -0.004930682480335236
        ],
        [
            0.07553744316101074,
            -0.7727575302124023,
            0.005000010132789612
        ],
        [
            0.07930062711238861,
            -0.7789708375930786,
            0.005112767219543457
        ],
        [
            0.07485102862119675,
            -0.7680970430374146,
            0.006473056972026825
        ],
        [
            0.07245710492134094,
            -0.7637447118759155,
            0.0068105608224868774
        ],
        [
            0.06856076419353485,
            -0.7596262693405151,
            0.005217455327510834
        ],
        [
            0.06360673159360886,
            -0.7564342617988586,
            0.001546122133731842
        ],
        [
            0.05593114346265793,
            -0.7326577305793762,
            0.010801944881677628
        ],
        [
            0.06363089382648468,
            -0.737335741519928,
            0.015203624963760376
        ],
        [
            0.08148427307605743,
            -0.8547810316085815,
            -0.012131698429584503
        ],
        [
            0.08964540809392929,
            -0.8538368940353394,
            -0.008053787052631378
        ],
        [
            0.0886353850364685,
            -0.8463345170021057,
            -0.0023751407861709595
        ],
        [
            0.09084716439247131,
            -0.8482607007026672,
            -0.002158902585506439
        ],
        [
            0.0860280990600586,
            -0.8500398397445679,
            -0.006411656737327576
        ],
        [
            0.0849781334400177,
            -0.8475378751754761,
            -0.005328372120857239
        ],
        [
            0.0988418385386467,
            -0.8397356271743774,
            0.01580202579498291
        ],
        [
            0.09494706988334656,
            -0.841449499130249,
            0.01030375063419342
        ],
        [
            0.09459372609853745,
            -0.8377242088317871,
            0.012321367859840393
        ],
        [
            0.0997951328754425,
            -0.8330577611923218,
            0.017570286989212036
        ],
        [
            0.0881495401263237,
            -0.8299984931945801,
            0.004677876830101013
        ],
        [
            0.0917624831199646,
            -0.8312236070632935,
            0.008588537573814392
        ],
        [
            0.08900818228721619,
            -0.8379923105239868,
            0.004534885287284851
        ],
        [
            0.08624832332134247,
            -0.8370615839958191,
            0.001743607223033905
        ],
        [
            0.0830085426568985,
            -0.8366262316703796,
            -0.0009760484099388123
        ],
        [
            0.07903814315795898,
            -0.8366172313690186,
            -0.0027749240398406982
        ],
        [
            0.07888481020927429,
            -0.8314394950866699,
            -0.0017121508717536926
        ],
        [
            0.0835176631808281,
            -0.8304097652435303,
            0.0010090619325637817
        ],
        [
            0.07981663197278976,
            -0.8514909148216248,
            -0.008795730769634247
        ],
        [
            0.07251538336277008,
            -0.8508583307266235,
            -0.009676150977611542
        ],
        [
            0.07353848218917847,
            -0.8480420708656311,
            -0.008479081094264984
        ],
        [
            0.07970722019672394,
            -0.8483767509460449,
            -0.008052550256252289
        ],
        [
            0.06237347424030304,
            -0.842225193977356,
            -0.005090527236461639
        ],
        [
            0.06385792046785355,
            -0.8445078134536743,
            -0.006070584058761597
        ],
        [
            0.06057264655828476,
            -0.8460797667503357,
            -0.007868967950344086
        ],
        [
            0.05942697823047638,
            -0.8417068719863892,
            -0.006854787468910217
        ],
        [
            0.06153754144906998,
            -0.8386468887329102,
            -0.0063505619764328
        ],
        [
            0.06359358876943588,
            -0.8405625820159912,
            -0.005175389349460602
        ],
        [
            0.08428601920604706,
            -0.9084101915359497,
            -0.007519669830799103
        ],
        [
            0.0807582288980484,
            -0.8920785188674927,
            -0.015734076499938965
        ],
        [
            0.09655828773975372,
            -0.9025673270225525,
            0.007298864424228668
        ],
        [
            0.10386605560779572,
            -0.8924323320388794,
            0.02144109457731247
        ],
        [
            0.10833188146352768,
            -0.8796407580375671,
            0.03394037485122681
        ],
        [
            0.09107853472232819,
            -0.7778633832931519,
            0.021772868931293488
        ],
        [
            0.09066643565893173,
            -0.7693662643432617,
            0.02874641865491867
        ],
        [
            0.09660115838050842,
            -0.7771632671356201,
            0.041460782289505005
        ],
        [
            0.09303706139326096,
            -0.7673114538192749,
            0.04636649042367935
        ],
        [
            0.087174192070961,
            -0.75937819480896,
            0.03299892693758011
        ],
        [
            0.07223132997751236,
            -0.7417217493057251,
            0.034926921129226685
        ],
        [
            0.08094091713428497,
            -0.7494382858276367,
            0.03510451316833496
        ],
        [
            0.08645994961261749,
            -0.7578805088996887,
            0.0516369454562664
        ],
        [
            0.09239829331636429,
            -0.7709507942199707,
            0.06671983003616333
        ],
        [
            0.09722835570573807,
            -0.7777658700942993,
            0.05889829993247986
        ],
        [
            0.09525880217552185,
            -0.7873333692550659,
            0.07830379903316498
        ],
        [
            0.08498292416334152,
            -0.7636674642562866,
            0.07777149230241776
        ],
        [
            0.09072842448949814,
            -0.7870315909385681,
            0.08639456331729889
        ],
        [
            0.06898723542690277,
            -0.7286046743392944,
            0.07322484999895096
        ],
        [
            0.069828562438488,
            -0.717444658279419,
            0.0772441178560257
        ],
        [
            0.0776594877243042,
            -0.7238949537277222,
            0.09223693609237671
        ],
        [
            0.07788412272930145,
            -0.7351595163345337,
            0.08767685294151306
        ],
        [
            0.10031354427337646,
            -0.7853055000305176,
            0.05091463774442673
        ],
        [
            0.1080622524023056,
            -0.8477336168289185,
            0.03910885751247406
        ],
        [
            0.1065884456038475,
            -0.8469665050506592,
            0.027542725205421448
        ],
        [
            0.10854053497314453,
            -0.8352779150009155,
            0.04380421340465546
        ],
        [
            0.11005899310112,
            -0.9090924859046936,
            0.05510741472244263
        ],
        [
            0.10546774417161942,
            -0.9025852084159851,
            0.03745270520448685
        ],
        [
            0.1112808883190155,
            -0.8879598379135132,
            0.046315230429172516
        ],
        [
            0.11293978989124298,
            -0.8957968950271606,
            0.06194489449262619
        ],
        [
            0.08677534759044647,
            -0.9445366263389587,
            0.037922851741313934
        ],
        [
            0.086977019906044,
            -0.929097056388855,
            0.014108806848526001
        ],
        [
            0.09581759572029114,
            -0.9179689884185791,
            0.025103174149990082
        ],
        [
            0.09868787229061127,
            -0.929925262928009,
            0.04481653869152069
        ],
        [
            0.11296655237674713,
            -0.8975813388824463,
            0.07518242299556732
        ],
        [
            0.11115097254514694,
            -0.9002671837806702,
            0.09431568533182144
        ],
        [
            0.10654261708259583,
            -0.9166232347488403,
            0.09885145723819733
        ],
        [
            0.10882700234651566,
            -0.9158240556716919,
            0.07574500888586044
        ],
        [
            0.09458385407924652,
            -0.9378089904785156,
            0.1016893982887268
        ],
        [
            0.09776490926742554,
            -0.9370718002319336,
            0.07398960739374161
        ],
        [
            0.0851932242512703,
            -0.7737026214599609,
            0.09689958393573761
        ],
        [
            0.08848212659358978,
            -0.7929259538650513,
            0.09862750768661499
        ],
        [
            0.07873372733592987,
            -0.7485569715499878,
            0.08109526336193085
        ],
        [
            0.08246516436338425,
            -0.7568873763084412,
            0.09752273559570312
        ],
        [
            0.07756461948156357,
            -0.9532498121261597,
            0.1013006865978241
        ],
        [
            0.08153356611728668,
            -0.9542504549026489,
            0.06952733546495438
        ],
        [
            0.08944809436798096,
            -0.8836751580238342,
            0.14144951105117798
        ],
        [
            0.09542223066091537,
            -0.8997417688369751,
            0.13315105438232422
        ],
        [
            0.10303277522325516,
            -0.8856942653656006,
            0.11941862106323242
        ],
        [
            0.09768921881914139,
            -0.8725875020027161,
