{
    "pred_cam": [
        1.7890024185180664,
        -0.005427470430731773,
        0.6261211633682251
    ],
    "pred_smpl_params": {
        "global_orient": [
            [
                [
                    0.9963881373405457,
                    -0.041151050478219986,
                    0.07427903264760971
                ],
                [
                    -0.004677238874137402,
                    -0.9000000953674316,
                    -0.43586465716362
                ],
                [
                    0.08478742837905884,
                    0.43394291400909424,
                    -0.8969419002532959
                ]
            ]
        ],
        "body_pose": [
            [
                [
                    0.948311448097229,
                    -0.31648269295692444,
                    -0.023328034207224846
                ],
                [
                    0.26963669061660767,
                    0.7648128271102905,
                    0.5851132273674011
                ],
                [
                    -0.1673366129398346,
                    -0.561159610748291,
                    0.8106160759925842
                ]
            ],
            [
                [
                    0.9784693121910095,
                    0.20453011989593506,
                    0.027662651613354683
                ],
                [
                    -0.17804737389087677,
                    0.768686056137085,
                    0.6143458485603333
                ],
                [
                    0.10438833385705948,
                    -0.606043815612793,
                    0.7885517477989197
                ]
            ],
            [
                [
                    0.9993309378623962,
                    0.036050260066986084,
                    0.006183969788253307
                ],
                [
                    -0.030118264257907867,
                    0.9069615602493286,
                    -0.42013514041900635
                ],
                [
                    -0.020754609256982803,
                    0.41966772079467773,
                    0.9074405431747437
                ]
            ],
            [
                [
                    0.9826877117156982,
                    0.08570624887943268,
                    -0.16425399482250214
                ],
                [
                    -0.15371567010879517,
                    -0.11773987859487534,
                    -0.9810753464698792
                ],
                [
                    -0.10342352837324142,
                    0.9893390536308289,
                    -0.10252714157104492
                ]
            ],
            [
                [
                    0.9763964414596558,
                    -0.12485577166080475,
                    0.1762412041425705
                ],
                [
                    0.161503404378891,
                    -0.11974655091762543,
                    -0.9795802235603333
                ],
                [
                    0.14341050386428833,
                    0.9849222302436829,
                    -0.09675547480583191
                ]
            ],
            [
                [
                    0.9998674392700195,
                    0.014097201637923717,
                    0.008147935383021832
                ],
                [
                    -0.014417009428143501,
                    0.9990705251693726,
                    0.04062381759285927
                ],
                [
                    -0.007567679043859243,
                    -0.04073590412735939,
                    0.9991413354873657
                ]
            ],
            [
                [
                    0.9381923079490662,
                    -0.06683472543954849,
                    0.33960020542144775
                ],
                [
                    -0.04012460261583328,
                    0.9535612463951111,
                    0.29851454496383667
                ],
                [
                    -0.3437807559967041,
                    -0.29369038343429565,
                    0.8919420838356018
                ]
            ],
            [
                [
                    0.9462134838104248,
                    0.09158678352832794,
                    -0.3103092610836029
                ],
                [
                    0.015413065440952778,
                    0.945249080657959,
                    0.3259856402873993
                ],
                [
                    0.32317548990249634,
                    -0.3132348656654358,
                    0.8929957747459412
                ]
            ],
            [
                [
                    0.9998149871826172,
                    0.018682463094592094,
                    -0.004573704209178686
                ],
                [
                    -0.01860804855823517,
                    0.9997019171714783,
                    0.01580558903515339
                ],
                [
                    0.004867628216743469,
                    -0.015717556700110435,
                    0.9998645782470703
                ]
            ],
            [
                [
                    0.9876359701156616,
                    -0.15044645965099335,
                    -0.044056277722120285
                ],
                [
                    0.1550460010766983,
                    0.9789397120475769,
                    0.13280734419822693
                ],
                [
                    0.02314804494380951,
                    -0.13799606263637543,
                    0.990162193775177
                ]
            ],
            [
                [
                    0.9939885139465332,
                    0.10153988748788834,
                    0.04094448685646057
                ],
                [
                    -0.10633417963981628,
                    0.9844021201133728,
                    0.14016258716583252
                ],
                [
                    -0.026073748245835304,
                    -0.14367379248142242,
                    0.9892815351486206
                ]
            ],
            [
                [
                    0.9970225095748901,
                    0.02403063327074051,
                    0.07327057421207428
                ],
                [
                    -0.014687150716781616,
                    0.9919863343238831,
                    -0.1254887878894806
                ],
                [
                    -0.07569897919893265,
                    0.12403901666402817,
                    0.9893856644630432
                ]
            ],
            [
                [
                    0.9067730903625488,
                    -0.10114976018667221,
                    -0.4093058705329895
                ],
                [
                    0.1931610405445099,
                    0.9625852704048157,
                    0.19004850089550018
                ],
                [
                    0.3747684359550476,
                    -0.25139281153678894,
                    0.8923845887184143
                ]
            ],
            [
                [
                    0.9408204555511475,
                    0.053768694400787354,
                    0.3346126973628998
                ],
                [
                    -0.12324299663305283,
                    0.9740171432495117,
                    0.19000443816184998
                ],
                [
                    -0.3157022297382355,
                    -0.21999876201152802,
                    0.9230018854141235
                ]
            ],
            [
                [
                    0.9991835951805115,
                    -0.038904860615730286,
                    0.010888426564633846
                ],
                [
                    0.04004689306020737,
                    0.9893511533737183,
                    -0.13993065059185028
                ],
                [
                    -0.005328494124114513,
                    0.14025245606899261,
                    0.9901014566421509
                ]
            ],
            [
                [
                    0.8541005253791809,
                    0.08720579743385315,
                    -0.5127450227737427
                ],
                [
                    0.12788894772529602,
                    0.9203632473945618,
                    0.3695618808269501
                ],
                [
                    0.5041396021842957,
                    -0.3812173902988434,
                    0.7749300599098206
                ]
            ],
            [
                [
                    0.9168662428855896,
                    -0.12726669013500214,
                    0.3783642649650574
                ],
                [
                    -0.021033121272921562,
                    0.9311013221740723,
                    0.36415374279022217
                ],
                [
                    -0.39864009618759155,
                    -0.34183844923973083,
                    0.8510185480117798
                ]
            ],
            [
                [
                    0.17698746919631958,
                    -0.15270259976387024,
                    -0.9722948670387268
                ],
                [
                    0.5810123085975647,
                    0.8135969042778015,
                    -0.022016415372490883
                ],
                [
                    0.7944180369377136,
                    -0.561018705368042,
                    0.2327185422182083
                ]
            ],
            [
                [
                    0.11919675767421722,
                    0.21523742377758026,
                    0.9692599773406982
                ],
                [
                    -0.6142411828041077,
                    0.7829679250717163,
                    -0.09833112359046936
                ],
                [
                    -0.7800639867782593,
                    -0.5836386680603027,
                    0.22553493082523346
                ]
            ],
            [
                [
                    0.9841840267181396,
                    -0.17482419312000275,
                    -0.028605962172150612
                ],
                [
                    0.16783733665943146,
                    0.9718782901763916,
                    -0.16517595946788788
                ],
                [
                    0.056678272783756256,
                    0.15776239335536957,
                    0.985849142074585
                ]
            ],
            [
                [
                    0.9865224361419678,
                    0.16004188358783722,
                    0.0340612567961216
                ],
                [
                    -0.15624475479125977,
                    0.9832001328468323,
                    -0.09436699748039246
                ],
                [
                    -0.04859170317649841,
                    0.08777326345443726,
                    0.9949547052383423
                ]
            ],
            [
                [
                    0.9969701766967773,
                    0.06881687045097351,
                    -0.03625926002860069
                ],
                [
                    -0.0693778544664383,
                    0.997485876083374,
                    -0.01444638054817915
                ],
                [
                    0.035173941403627396,
                    0.016918200999498367,
                    0.9992380142211914
                ]
            ],
            [
                [
                    0.9957833886146545,
                    -0.08858048170804977,
                    0.023851996287703514
                ],
                [
                    0.08858996629714966,
                    0.9960678815841675,
                    0.0006610907148569822
                ],
                [
                    -0.023816769942641258,
                    0.001454744255170226,
                    0.9997152090072632
                ]
            ]
        ],
        "betas": [
            -0.0122862309217453,
            -0.018858373165130615,
            -0.14364974200725555,
            -0.09890243411064148,
            0.05834650993347168,
            -0.07827969640493393,
            -0.04629388451576233,
            -0.013921201229095459,
            0.02928541600704193,
            -0.020247310400009155
        ]
    },
    "pred_cam_t": [
        -0.005427470430731773,
        0.6261211633682251,
        21.834794998168945
    ],
    "focal_length": [
        5000.0,
        5000.0
    ],
    "pred_keypoints_3d": [
        [
            0.046097178012132645,
            -0.8053162097930908,
            -0.021501116454601288
        ],
        [
            0.010203281417489052,
            -0.7045803070068359,
            0.13872186839580536
        ],
        [
            -0.1602461189031601,
            -0.6643714308738708,
            0.1002880185842514
        ],
        [
            -0.33869045972824097,
            -0.7201442718505859,
            -0.07402966916561127
        ],
        [
            -0.24706821143627167,
            -0.9571174383163452,
            -0.10497093200683594
        ],
        [
            0.17345580458641052,
            -0.6498309969902039,
            0.12298569828271866
        ],
        [
            0.3600914776325226,
            -0.7305954098701477,
            -0.04202502220869064
        ],
        [
            0.2640305757522583,
            -0.9602322578430176,
            -0.06306247413158417
        ],
        [
            -0.0016955710016191006,
            -0.22159084677696228,
            0.028304412961006165
        ],
        [
            -0.06598035991191864,
            -0.1381373554468155,
            -0.01273922249674797
        ],
        [
            -0.15306517481803894,
            0.029657840728759766,
            -0.3476489186286926
        ],
        [
            -0.10790248215198517,
            0.3429636061191559,
            -0.10134124755859375
        ],
        [
            0.07109501957893372,
            -0.1369096338748932,
            0.000800739973783493
        ],
        [
            0.2483399212360382,
            0.02729979157447815,
            -0.2885320782661438
        ],
        [
            0.17063885927200317,
            0.335027813911438,
            -0.04385712742805481
        ],
        [
            0.009420857764780521,
            -0.8475871086120605,
            0.0032643452286720276
        ],
        [
            0.0754239484667778,
            -0.8452020883560181,
            0.01347542554140091
        ],
        [
            -0.048453353345394135,
            -0.8398562669754028,
            0.0924912616610527
        ],
        [
            0.09806588292121887,
            -0.8356847167015076,
            0.11298450827598572
        ],
        [
            0.2756892442703247,
            0.4331080913543701,
            -0.181537926197052
        ],
        [
            0.30330511927604675,
            0.4149211049079895,
            -0.10580629110336304
        ],
        [
            0.148227721452713,
            0.34578198194503784,
            0.022878021001815796
        ],
        [
            -0.1502775251865387,
            0.4338138699531555,
            -0.2722543478012085
        ],
        [
            -0.2080010324716568,
            0.42468971014022827,
            -0.20909690856933594
        ],
        [
            -0.10030409693717957,
            0.37064236402511597,
            -0.0317862331867218
        ],
        [
            -0.1303098350763321,
            0.28849995136260986,
            -0.09788203239440918
        ],
        [
            -0.14766570925712585,
            -0.0021001724526286125,
            -0.3167833983898163
        ],
        [
            -0.15385042130947113,
            -0.23644059896469116,
            0.048707015812397
        ],
        [
            0.14325577020645142,
            -0.22160106897354126,
            0.08283599466085434
        ],
        [
            0.25097715854644775,
            0.005972943268716335,
            -0.2667957544326782
        ],
        [
            0.1731596291065216,
            0.2920176684856415,
            -0.03678593039512634
        ],
        [
            -0.22801560163497925,
            -0.9353573322296143,
            -0.08096218854188919
        ],
        [
            -0.33724910020828247,
            -0.7441814541816711,
            -0.044099994003772736
        ],
        [
            -0.13164447247982025,
            -0.6849045157432556,
            0.11597579717636108
        ],
        [
            0.15413479506969452,
            -0.6715186834335327,
            0.14059185981750488
        ],
        [
            0.3518579602241516,
            -0.7533033490180969,
            -0.004235781263560057
        ],
        [
            0.2615041732788086,
            -0.9511167407035828,
            -0.042527809739112854
        ],
        [
            0.013367971405386925,
            -0.703545093536377,
            0.14137497544288635
        ],
        [
            0.03474344313144684,
            -0.8889509439468384,
            0.08504123985767365
        ],
        [
            -0.005168238654732704,
            -0.22884833812713623,
            0.06549563258886337
        ],
        [
            0.01078122854232788,
            -0.669012188911438,
            0.126726895570755
        ],
        [
            -0.007225727662444115,
            -0.46876493096351624,
            0.11587249487638474
        ],
        [
            0.03844289854168892,
            -0.7798987627029419,
            0.055830225348472595
        ],
        [
            0.02938906103372574,
            -0.9084664583206177,
            0.0919915959239006
        ]
    ],
    "pred_vertices": [
        [
            0.08903878182172775,
            -0.8906219601631165,
            0.012866146862506866
        ],
        [
            0.08373308926820755,
            -0.8766108751296997,
            0.0063474103808403015
        ],
        [
            0.09324651956558228,
            -0.8733231425285339,
            0.01663057506084442
        ],
        [
            0.09729702025651932,
            -0.8835039734840393,
            0.026407599449157715
        ],
        [
            0.0898364782333374,
            -0.8640691041946411,
            0.010790407657623291
        ],
        [
            0.08098560571670532,
            -0.8657429218292236,
            0.002706564962863922
        ],
        [
            0.09798403084278107,
            -0.8671544790267944,
            0.028142645955085754
        ],
        [
            0.10105884075164795,
            -0.8746293783187866,
            0.039628781378269196
        ],
        [
            0.09995290637016296,
            -0.8309034109115601,
            0.04195423424243927
        ],
        [
            0.10160961002111435,
            -0.825933575630188,
            0.05249185860157013
        ],
        [
            0.10237055271863937,
            -0.8386324644088745,
            0.05000661313533783
        ],
        [
            0.09893006831407547,
            -0.8402004241943359,
            0.04042113572359085
        ],
        [
            0.09633630514144897,
            -0.8055722713470459,
            0.04592142254114151
        ],
        [
            0.09139561653137207,
            -0.7964986562728882,
            0.036825165152549744
        ],
        [
            0.0913766548037529,
            -0.7876023054122925,
            0.04711458459496498
        ],
        [
            0.09517646580934525,
            -0.7963033318519592,
            0.056785911321640015
        ],
        [
            0.06463998556137085,
            -0.8115955591201782,
            0.007984966039657593
        ],
        [
            0.06929504871368408,
            -0.8046842813491821,
            0.01013801246881485
        ],
        [
            0.07339727878570557,
            -0.8111217617988586,
            0.011287398636341095
        ],
        [
            0.06776298582553864,
            -0.8172693252563477,
            0.00938965380191803
        ],
        [
            0.05696406960487366,
            -0.8217153549194336,
            -4.903227090835571e-05
        ],
        [
            0.05748327821493149,
            -0.8272114992141724,
            0.003321811556816101
        ],
        [
            0.05396166816353798,
            -0.8312115669250488,
            -0.0027325451374053955
        ],
        [
            0.05428508669137955,
            -0.8249034285545349,
            -0.0068717822432518005
        ],
        [
            0.05922690033912659,
            -0.806564450263977,
            0.006827495992183685
        ],
        [
            0.06397268921136856,
            -0.7995660305023193,
            0.009813621640205383
        ],
        [
            0.060490306466817856,
            -0.8173791170120239,
            0.005576856434345245
        ],
        [
            0.05883554369211197,
            -0.8132469058036804,
            0.0029447227716445923
        ],
        [
            0.05720248818397522,
            -0.8071442246437073,
            -0.007621109485626221
        ],
        [
            0.058812227100133896,
            -0.8118207454681396,
            -0.006028994917869568
        ],
        [
            0.056835971772670746,
            -0.8129392862319946,
            -0.013562530279159546
        ],
        [
            0.055068984627723694,
            -0.8073902130126953,
            -0.01284731924533844
        ],
        [
            0.05839955061674118,
            -0.8066449761390686,
            0.0018119439482688904
        ],
        [
            0.05963008850812912,
            -0.8094475269317627,
            -0.0008416250348091125
        ],
        [
            0.05724947154521942,
            -0.8058426380157471,
            -0.003492504358291626
        ],
        [
            0.0551854707300663,
            -0.8038585186004639,
            -0.000574260950088501
        ],
        [
            0.056784458458423615,
            -0.8177031874656677,
            -0.002932637929916382
        ],
        [
            0.05517423897981644,
            -0.8194743990898132,
            -0.01036253571510315
        ],
        [
            0.052737846970558167,
            -0.8210046291351318,
            -0.01813172549009323
        ],
        [
            0.053789712488651276,
            -0.8124910593032837,
            -0.020973049104213715
        ],
        [
            0.07771293073892593,
            -0.7907425165176392,
            0.01910235732793808
        ],
        [
            0.07422483712434769,
            -0.7978930473327637,
            0.01364210993051529
        ],
        [
            0.06904653459787369,
            -0.7932329177856445,
            0.01261845976114273
        ],
        [
            0.07278202474117279,
            -0.7874357104301453,
            0.016521848738193512
        ],
        [
            0.055703096091747284,
            -0.8006084561347961,
            0.003160141408443451
        ],
        [
            0.058189332485198975,
            -0.7846117615699768,
            0.004610307514667511
        ],
        [
            0.05878366902470589,
            -0.7882966995239258,
            0.0042283013463020325
        ],
        [
            0.053683627396821976,
            -0.7893987894058228,
            -0.0008168816566467285
        ],
        [
            0.05373486876487732,
            -0.7859140634536743,
            -0.00014912337064743042
        ],
        [
            0.07999031245708466,
            -0.7763552069664001,
            0.029208671301603317
        ],
        [
            0.07538026571273804,
            -0.7753546237945557,
            0.023694857954978943
        ],
        [
            0.07480930536985397,
            -0.7684941291809082,
            0.02673809975385666
        ],
        [
            0.07842759788036346,
            -0.7681926488876343,
            0.03325781598687172
        ],
        [
            0.07173475623130798,
            -0.7628507614135742,
            0.027573663741350174
        ],
        [
            0.0757637694478035,
            -0.7604522705078125,
            0.036524698138237
        ],
        [
            0.06610309332609177,
            -0.7467522621154785,
            0.03539719805121422
        ],
        [
            0.07091491669416428,
            -0.7527064085006714,
            0.03615790605545044
        ],
        [
            0.06775791198015213,
            -0.7573151588439941,
            0.026642385870218277
        ],
        [
            0.06299102306365967,
            -0.7523022890090942,
            0.022662125527858734
        ],
        [
            0.05339404195547104,
            -0.7574407458305359,
            0.01181960478425026
        ],
        [
            0.04821799322962761,
            -0.7563489079475403,
            0.0081058070063591
        ],
        [
            0.051263466477394104,
            -0.7442018985748291,
            0.011958390474319458
        ],
        [
            0.05701697617769241,
            -0.7472834587097168,
            0.016600098460912704
        ],
        [
            0.0569058358669281,
            -0.7786118388175964,
            0.009026579558849335
        ],
        [
            0.06009279936552048,
            -0.778668999671936,
            0.012644276022911072
        ],
        [
            0.06092454493045807,
            -0.7799828052520752,
            0.010365098714828491
        ],
        [
            0.05768115073442459,
            -0.7812206745147705,
            0.006292060017585754
        ],
        [
            0.06305593997240067,
            -0.7783128023147583,
            0.015155993402004242
        ],
        [
            0.06448259949684143,
            -0.777938723564148,
            0.016224518418312073
        ],
        [
            0.06463892012834549,
            -0.7791745662689209,
            0.01496298611164093
        ],
        [
            0.06318841129541397,
            -0.7791602611541748,
            0.014467030763626099
        ],
        [
            0.06139006465673447,
            -0.7788721323013306,
            0.013443246483802795
        ],
        [
            0.060450732707977295,
            -0.7769570350646973,
            0.012887619435787201
        ],
        [
            0.062255069613456726,
            -0.7775583267211914,
            0.014457233250141144
        ],
        [
            0.05760505050420761,
            -0.7761819958686829,
            0.009418383240699768
        ],
        [
            0.046785078942775726,
            -0.7742804288864136,
            -0.0007340088486671448
        ],
        [
            0.05039045214653015,
            -0.7744766473770142,
            0.0014304742217063904
        ],
        [
            0.049173422157764435,
            -0.7789617776870728,
            0.0016906261444091797
        ],
        [
            0.04607899487018585,
            -0.779217541217804,
            -0.00018569082021713257
        ],
        [
            0.06334123015403748,
            -0.7814582586288452,
            0.012753017246723175
        ],
        [
            0.06600593030452728,
            -0.7824748754501343,
            0.013701274991035461
        ],
        [
            0.06319370865821838,
            -0.7852641344070435,
            0.009411297738552094
        ],
        [
            0.06173577159643173,
            -0.782683253288269,
            0.009971126914024353
        ],
        [
            0.06881126016378403,
            -0.7841963171958923,
            0.01416786015033722
        ],
        [
            0.0668071061372757,
            -0.7802544832229614,
            0.015870966017246246
        ],
        [
            0.06956122070550919,
            -0.780962347984314,
            0.01705266535282135
        ],
        [
            0.06383723020553589,
            -0.7762470245361328,
            0.016146279871463776
        ],
        [
            0.06602244079113007,
            -0.7744312286376953,
            0.01817534863948822
        ],
        [
            0.06701795011758804,
            -0.7769433259963989,
            0.01716802269220352
        ],
        [
            0.06393366307020187,
            -0.7712774276733398,
            0.017477266490459442
        ],
        [
            0.061553407460451126,
            -0.7744067907333374,
            0.014675609767436981
        ],
        [
            0.05861348658800125,
            -0.7726219296455383,
            0.011343792080879211
        ],
        [
            0.05476213991641998,
            -0.7710943222045898,
            0.00711388885974884
        ],
        [
            0.05615128576755524,
            -0.7662419080734253,
            0.010828793048858643
        ],
        [
            0.06056922301650047,
            -0.7684048414230347,
            0.014697559177875519
        ],
        [
            0.06526173651218414,
            -0.7891998291015625,
            0.01029062271118164
        ],
        [
            0.07061544805765152,
            -0.7761929631233215,
            0.02003493905067444
        ],
        [
            0.07443638890981674,
            -0.7823700308799744,
            0.020441599190235138
        ],
        [
            0.06985261291265488,
            -0.7714817523956299,
            0.021341383457183838
        ],
        [
            0.06741239130496979,
            -0.7671301960945129,
            0.021474771201610565
        ],
        [
            0.06348270922899246,
            -0.7630792856216431,
            0.019633684307336807
        ],
        [
            0.058620624244213104,
            -0.760028600692749,
            0.015727132558822632
        ],
        [
            0.05046301335096359,
            -0.7360397577285767,
            0.024064958095550537
        ],
        [
            0.05807812139391899,
            -0.7405372858047485,
            0.028835970908403397
        ],
        [
            0.07781882584095001,
            -0.8586427569389343,
            0.005390778183937073
        ],
        [
            0.08585341274738312,
            -0.8574807047843933,
            0.009652145206928253
        ],
        [
            0.08459185063838959,
            -0.8498603105545044,
            0.015123233199119568
        ],
        [
            0.08683271706104279,
            -0.8517504930496216,
            0.015443362295627594
        ],
        [
            0.08214341104030609,
            -0.8536956310272217,
            0.011103212833404541
        ],
        [
            0.08103330433368683,
            -0.8511877059936523,
            0.01210068166255951
        ],
        [
            0.09423472732305527,
            -0.8426191806793213,
            0.03340103477239609
        ],
        [
            0.09050403535366058,
            -0.8445311784744263,
            0.027848228812217712
        ],
        [
            0.09005030989646912,
            -0.8407609462738037,
            0.0297442227602005
        ],
        [
            0.09507682174444199,
            -0.8358920812606812,
            0.03499826043844223
        ],
        [
            0.08376286178827286,
            -0.8333078622817993,
            0.021699130535125732
        ],
        [
            0.08727087080478668,
            -0.8343889713287354,
            0.02574680745601654
        ],
        [
            0.08470507711172104,
            -0.841294527053833,
            0.021812237799167633
        ],
        [
            0.08201541751623154,
            -0.8404735326766968,
            0.01891501247882843
        ],
        [
            0.0788460448384285,
            -0.8401522040367126,
            0.01608828455209732
        ],
        [
            0.07491056621074677,
            -0.8402495384216309,
            0.01416662335395813
        ],
        [
            0.07469222694635391,
            -0.8350313305854797,
            0.015089564025402069
        ],
        [
            0.07924279570579529,
            -0.8338698148727417,
            0.017916694283485413
        ],
        [
            0.07602500170469284,
            -0.8552773594856262,
            0.008596278727054596
        ],
        [
            0.06873573362827301,
            -0.8547711372375488,
            0.007490076124668121
        ],
        [
            0.06969980895519257,
            -0.851900041103363,
            0.008642353117465973
        ],
        [
            0.07585810124874115,
            -0.8521527051925659,
            0.00925859808921814
        ],
        [
            0.058368030935525894,
            -0.8461385369300842,
            0.011546097695827484
        ],
        [
            0.05990678071975708,
            -0.8484350442886353,
            0.01067623496055603
        ],
        [
            0.05668383464217186,
            -0.8500961065292358,
            0.008831053972244263
        ],
        [
            0.055459920316934586,
            -0.8456985950469971,
            0.009686768054962158
        ],
        [
            0.05753040686249733,
            -0.8425941467285156,
            0.010155417025089264
        ],
        [
            0.05957771837711334,
            -0.8444591760635376,
            0.011440455913543701
        ],
        [
            0.08105790615081787,
            -0.9120436310768127,
            0.01152007281780243
        ],
        [
            0.0775599256157875,
            -0.8959808349609375,
            0.002811521291732788
        ],
        [
            0.09287288784980774,
            -0.9056484699249268,
            0.026506789028644562
        ],
        [
            0.09963750839233398,
            -0.8950760364532471,
            0.0406072735786438
        ],
        [
            0.10370579361915588,
            -0.8819065093994141,
            0.05286450684070587
        ],
        [
            0.08577724546194077,
            -0.7806656360626221,
            0.037408702075481415
        ],
        [
            0.08509120345115662,
            -0.7719806432723999,
            0.044134944677352905
        ],
        [
            0.09074779599905014,
            -0.7793603539466858,
            0.057247478514909744
        ],
        [
            0.08696473389863968,
            -0.7694070935249329,
            0.06178420037031174
        ],
        [
            0.08138475567102432,
            -0.7619059085845947,
            0.0480121485888958
        ],
        [
            0.06624073535203934,
            -0.744300365447998,
            0.048970021307468414
        ],
        [
            0.07501678168773651,
            -0.7519667148590088,
            0.04964136332273483
        ],
        [
            0.08020215481519699,
            -0.7598657608032227,
            0.06661413609981537
        ],
        [
            0.08587151765823364,
            -0.7724524140357971,
            0.08226993680000305
        ],
        [
            0.09091370552778244,
            -0.7794483304023743,
            0.07475249469280243
        ],
        [
            0.08856236934661865,
            -0.7884947061538696,
            0.09443649649620056
        ],
        [
            0.07813847810029984,
            -0.7649248838424683,
            0.09291486442089081
        ],
        [
            0.08379528671503067,
            -0.7880218029022217,
            0.10243332386016846
        ],
        [
            0.06185632944107056,
            -0.7301218509674072,
            0.08677978813648224
        ],
        [
            0.06247294694185257,
            -0.7188657522201538,
            0.09044460207223892
        ],
        [
            0.0700085312128067,
            -0.7249263525009155,
            0.10591788589954376
        ],
        [
            0.0704384297132492,
            -0.7362719774246216,
            0.1017378568649292
        ],
        [
            0.09429359436035156,
            -0.7871890664100647,
            0.06704914569854736
        ],
        [
            0.10293857008218765,
            -0.8498843908309937,
            0.0571734756231308
        ],
        [
            0.10175370424985886,
            -0.8494314551353455,
            0.04552754759788513
        ],
        [
            0.1031077653169632,
            -0.8372815847396851,
            0.061555251479148865
        ],
        [
            0.10521578788757324,
            -0.9107475876808167,
            0.07481575757265091
        ],
        [
            0.10105093568563461,
            -0.9047818183898926,
            0.05686468631029129
        ],
        [
            0.106453537940979,
            -0.8898485898971558,
            0.06551386415958405
        ],
        [
            0.10778278112411499,
            -0.8972474932670593,
            0.08139015734195709
        ],
        [
            0.08270784467458725,
            -0.9469109773635864,
            0.05788771063089371
        ],
        [
            0.08344104886054993,
            -0.9321023225784302,
            0.0336863175034523
        ],
        [
            0.09182485193014145,
            -0.9205735921859741,
            0.04466831684112549
        ],
        [
            0.09427844732999802,
            -0.9319618940353394,
            0.06474363803863525
        ],
        [
            0.10744936764240265,
            -0.8986836671829224,
            0.0946696475148201
        ],
        [
            0.10515369474887848,
            -0.900901198387146,
            0.11382545530796051
        ],
        [
            0.10061978548765182,
            -0.9172443747520447,
            0.11860872805118561
        ],
        [
            0.10352613776922226,
            -0.9169657826423645,
            0.09555601328611374
        ],
        [
            0.08882877230644226,
            -0.9385560154914856,
            0.121674083173275
        ],
        [
            0.09269312769174576,
            -0.9384559392929077,
            0.0940316915512085
        ],
        [
            0.07779940962791443,
            -0.7744619846343994,
            0.11242353916168213
        ],
        [
            0.08120223134756088,
            -0.7936316728591919,
            0.11480683088302612
        ],
        [
            0.07161961495876312,
            -0.7498159408569336,
            0.0955943837761879
        ],
        [
            0.0749439150094986,
            -0.7576789259910583,
            0.1124485582113266
        ],
        [
            0.07195284962654114,
            -0.9543094038963318,
            0.1212644949555397
        ],
        [
            0.07674025744199753,
            -0.9559817314147949,
            0.08954855054616928
        ],
        [
            0.08207341283559799,
            -0.8832956552505493,
            0.1600980907678604
        ],
        [
            0.08841392397880554,
            -0.8995438814163208,
            0.1522919237613678
        ],
        [
            0.0962013229727745,
            -0.8857436776161194,
            0.138401597738266
        ],
        [
            0.09049171954393387,
            -0.8724279403686523,
            0.14704325795173645
        ],
        [
