{
    "pred_cam": [
        1.7652630805969238,
        -0.006601681932806969,
        0.6122941970825195
    ],
    "pred_smpl_params": {
        "global_orient": [
            [
                [
                    0.9935891628265381,
                    -0.0658014640212059,
                    0.09192831069231033
                ],
                [
                    -0.019579201936721802,
                    -0.9010239839553833,
                    -0.4333270788192749
                ],
                [
                    0.11134318262338638,
                    0.4287491738796234,
                    -0.8965359926223755
                ]
            ]
        ],
        "body_pose": [
            [
                [
                    0.9426226615905762,
                    -0.3315909802913666,
                    -0.038860853761434555
                ],
                [
                    0.28198423981666565,
                    0.7284272909164429,
                    0.6244027614593506
                ],
                [
                    -0.17873896658420563,
                    -0.5995342135429382,
                    0.7801355123519897
                ]
            ],
            [
                [
                    0.9810206294059753,
                    0.1885361671447754,
                    0.04530574008822441
                ],
                [
                    -0.17081058025360107,
                    0.7296814322471619,
                    0.662109375
                ],
                [
                    0.09177280962467194,
                    -0.6572816371917725,
                    0.7480365037918091
                ]
            ],
            [
                [
                    0.9992759227752686,
                    0.03790261596441269,
                    0.003333877772092819
                ],
                [
                    -0.03236638754606247,
                    0.8928305506706238,
                    -0.4492282271385193
                ],
                [
                    -0.02000351808965206,
                    0.44879502058029175,
                    0.893410861492157
                ]
            ],
            [
                [
                    0.9797746539115906,
                    0.09287702292203903,
                    -0.17724445462226868
                ],
                [
                    -0.15558861196041107,
                    -0.20340889692306519,
                    -0.966652512550354
                ],
                [
                    -0.1258329153060913,
                    0.9746787548065186,
                    -0.1848442703485489
                ]
            ],
            [
                [
                    0.9736112356185913,
                    -0.12788212299346924,
                    0.18901680409908295
                ],
                [
                    0.160954087972641,
                    -0.2023848295211792,
                    -0.9659886956214905
                ],
                [
                    0.16178679466247559,
                    0.9709204435348511,
                    -0.17646099627017975
                ]
            ],
            [
                [
                    0.9997780919075012,
                    0.01893969252705574,
                    0.009213712997734547
                ],
                [
                    -0.01936495676636696,
                    0.9986357688903809,
                    0.04849395900964737
                ],
                [
                    -0.008282681927084923,
                    -0.04866163060069084,
                    0.9987809062004089
                ]
            ],
            [
                [
                    0.9340001940727234,
                    -0.08097232133150101,
                    0.34797579050064087
                ],
                [
                    -0.03725843131542206,
                    0.946592390537262,
                    0.3202727735042572
                ],
                [
                    -0.3553244471549988,
                    -0.3120998442173004,
                    0.881100594997406
                ]
            ],
            [
                [
                    0.9455996751785278,
                    0.11607048660516739,
                    -0.3039223551750183
                ],
                [
                    -0.0017173003870993853,
                    0.9359580874443054,
                    0.35210710763931274
                ],
                [
                    0.32532787322998047,
                    -0.3324304521083832,
                    0.8852409720420837
                ]
            ],
            [
                [
                    0.9998003244400024,
                    0.01949296146631241,
                    -0.00440675625577569
                ],
                [
                    -0.019405661150813103,
                    0.9996301531791687,
                    0.019052747637033463
                ],
                [
                    0.0047765206545591354,
                    -0.01896342635154724,
                    0.9998088479042053
                ]
            ],
            [
                [
                    0.9873062968254089,
                    -0.14795762300491333,
                    -0.05774905905127525
                ],
                [
                    0.15461605787277222,
                    0.9785216450691223,
                    0.13634233176708221
                ],
                [
                    0.036335818469524384,
                    -0.14354054629802704,
                    0.9889771938323975
                ]
            ],
            [
                [
                    0.9963266849517822,
                    0.0786355510354042,
                    0.033907581120729446
                ],
                [
                    -0.08272825926542282,
                    0.986126184463501,
                    0.14391367137432098
                ],
                [
                    -0.02212042175233364,
                    -0.14619013667106628,
                    0.9890092015266418
                ]
            ],
            [
                [
                    0.9977380633354187,
                    0.020779673010110855,
                    0.06393032521009445
                ],
                [
                    -0.013271563686430454,
                    0.9931955337524414,
                    -0.11570003628730774
                ],
                [
                    -0.06589952856302261,
                    0.1145898625254631,
                    0.9912247657775879
                ]
            ],
            [
                [
                    0.9096960425376892,
                    -0.09776850044727325,
                    -0.403601735830307
                ],
                [
                    0.19027084112167358,
                    0.9620030522346497,
                    0.19582435488700867
                ],
                [
                    0.36912062764167786,
                    -0.25493431091308594,
                    0.8937328457832336
                ]
            ],
            [
                [
                    0.9422653913497925,
                    0.05247834324836731,
                    0.3307293951511383
                ],
                [
                    -0.12372531741857529,
                    0.9723177552223206,
                    0.19821785390377045
                ],
                [
                    -0.31117188930511475,
                    -0.22769342362880707,
                    0.922674298286438
                ]
            ],
            [
                [
                    0.9991704225540161,
                    -0.04068330302834511,
                    0.0018090942176058888
                ],
                [
                    0.040628835558891296,
                    0.9928364753723145,
                    -0.11236104369163513
                ],
                [
                    0.002775083063170314,
                    0.11234134435653687,
                    0.9936657547950745
                ]
            ],
            [
                [
                    0.8579503893852234,
                    0.0639391839504242,
                    -0.5097381472587585
                ],
                [
                    0.1461907923221588,
                    0.9208164215087891,
                    0.3615596294403076
                ],
                [
                    0.4924930930137634,
                    -0.38471922278404236,
                    0.7806674838066101
                ]
            ],
            [
                [
                    0.9172531366348267,
                    -0.10541541129350662,
                    0.384101927280426
                ],
                [
                    -0.04273374378681183,
                    0.9327298402786255,
                    0.358034610748291
                ],
                [
                    -0.3960057497024536,
                    -0.344822496175766,
                    0.8510445952415466
                ]
            ],
            [
                [
                    0.19751495122909546,
                    -0.15452511608600616,
                    -0.9680443406105042
                ],
                [
                    0.5863197445869446,
                    0.8100219964981079,
                    -0.009670869447290897
                ],
                [
                    0.7856315970420837,
                    -0.5656733512878418,
                    0.25059258937835693
                ]
            ],
            [
                [
                    0.1274568885564804,
                    0.2247893512248993,
                    0.9660354256629944
                ],
                [
                    -0.6122235059738159,
                    0.784119188785553,
                    -0.10168315470218658
                ],
                [
                    -0.7803441882133484,
                    -0.5784693956375122,
                    0.23756271600723267
                ]
            ],
            [
                [
                    0.9835049510002136,
                    -0.17912451922893524,
                    -0.025148015469312668
                ],
                [
                    0.17128506302833557,
                    0.9669654369354248,
                    -0.18878351151943207
                ],
                [
                    0.058133020997047424,
                    0.18136203289031982,
                    0.9816966652870178
                ]
            ],
            [
                [
                    0.9859249591827393,
                    0.16453416645526886,
                    0.029673663899302483
                ],
                [
                    -0.16016140580177307,
                    0.9804058074951172,
                    -0.1146853119134903
                ],
                [
                    -0.04796188697218895,
                    0.10831853002309799,
                    0.9929586052894592
                ]
            ],
            [
                [
                    0.9971013069152832,
                    0.06850966066122055,
                    -0.033098749816417694
                ],
                [
                    -0.0690440982580185,
                    0.9974965453147888,
                    -0.015281750820577145
                ],
                [
                    0.031968943774700165,
                    0.017522724345326424,
                    0.9993352890014648
                ]
            ],
            [
                [
                    0.9959966540336609,
                    -0.08727557212114334,
                    0.019331423565745354
                ],
                [
                    0.08728386461734772,
                    0.996183454990387,
                    0.0004161284305155277
                ],
                [
                    -0.01929396018385887,
                    0.0012728587025776505,
                    0.9998131394386292
                ]
            ]
        ],
        "betas": [
            -0.06863245368003845,
            -0.06114625930786133,
            -0.15301381051540375,
            -0.0932762622833252,
            0.06969884037971497,
            -0.08005400747060776,
            -0.0471360981464386,
            -0.015451580286026001,
            0.03685709834098816,
            -0.01946607232093811
        ]
    },
    "pred_cam_t": [
        -0.006601681932806969,
        0.6122941970825195,
        22.128429412841797
    ],
    "focal_length": [
        5000.0,
        5000.0
    ],
    "pred_keypoints_3d": [
        [
            0.039994966238737106,
            -0.8048269748687744,
            -0.032446980476379395
        ],
        [
            0.0035168398171663284,
            -0.7034528255462646,
            0.1274547576904297
        ],
        [
            -0.16558563709259033,
            -0.6614514589309692,
            0.08624473959207535
        ],
        [
            -0.3402431011199951,
            -0.7180528044700623,
            -0.0902692899107933
        ],
        [
            -0.24743634462356567,
            -0.9533122181892395,
            -0.12218876928091049
        ],
        [
            0.16730079054832458,
            -0.6490684747695923,
            0.11758517473936081
        ],
        [
            0.35995209217071533,
            -0.7304691672325134,
            -0.0383918359875679
        ],
        [
            0.2674824595451355,
            -0.9595506191253662,
            -0.06769365072250366
        ],
        [
            -0.0016614762134850025,
            -0.22100305557250977,
            0.028443392366170883
        ],
        [
            -0.06371401995420456,
            -0.13662725687026978,
            -0.013950202614068985
        ],
        [
            -0.132142573595047,
            0.011448085308074951,
            -0.36036840081214905
        ],
        [
            -0.09121590852737427,
            0.3161025941371918,
            -0.10566824674606323
        ],
        [
            0.0731615200638771,
            -0.1374622881412506,
            0.0033148694783449173
        ],
        [
            0.2653203010559082,
            0.006132721900939941,
            -0.28532570600509644
        ],
        [
            0.17630809545516968,
            0.30437713861465454,
            -0.03587725758552551
        ],
        [
            0.002542562549933791,
            -0.8461964130401611,
            -0.007628500461578369
        ],
        [
            0.06849478930234909,
            -0.8445890545845032,
            0.0032008811831474304
        ],
        [
            -0.05597635358572006,
            -0.8366686105728149,
            0.08087442070245743
        ],
        [
            0.09031471610069275,
            -0.8341666460037231,
            0.10285963863134384
        ],
        [
            0.28806835412979126,
            0.4020734429359436,
            -0.1667463481426239
        ],
        [
            0.3124644160270691,
            0.3825768828392029,
            -0.09048283100128174
        ],
        [
            0.15123680233955383,
            0.31364959478378296,
            0.02972424030303955
        ],
        [
            -0.12312938272953033,
            0.4064914584159851,
            -0.2781425714492798
        ],
        [
            -0.18405628204345703,
            0.39848124980926514,
            -0.2183462679386139
        ],
        [
            -0.08697143942117691,
            0.3430767059326172,
            -0.03608044981956482
        ],
        [
            -0.11532090604305267,
            0.2622879147529602,
            -0.10439364612102509
        ],
        [
            -0.12886710464954376,
            -0.017415130510926247,
            -0.32839179039001465
        ],
        [
            -0.15534161031246185,
            -0.23273879289627075,
            0.04550613462924957
        ],
        [
            0.14215302467346191,
            -0.22261150181293488,
            0.0879545584321022
        ],
        [
            0.2669610381126404,
            -0.013246503658592701,
            -0.2629833221435547
        ],
        [
            0.17869992554187775,
            0.2612144947052002,
            -0.029908830299973488
        ],
        [
            -0.2284775972366333,
            -0.9318006038665771,
            -0.0983569398522377
        ],
        [
            -0.33914434909820557,
            -0.7419997453689575,
            -0.0606570690870285
        ],
        [
            -0.13754375278949738,
            -0.6826607584953308,
            0.10244438052177429
        ],
        [
            0.147347092628479,
            -0.6712628602981567,
            0.13432326912879944
        ],
        [
            0.34992554783821106,
            -0.7533392906188965,
            -0.0014699646271765232
        ],
        [
            0.2636433243751526,
            -0.9509617686271667,
            -0.0473191924393177
        ],
        [
            0.006618725135922432,
            -0.702055811882019,
            0.1304858922958374
        ],
        [
            0.026503104716539383,
            -0.8868393898010254,
            0.07503349334001541
        ],
        [
            -0.0064862510189414024,
            -0.22745992243289948,
            0.06643547862768173
        ],
        [
            0.00460011325776577,
            -0.6676493287086487,
            0.11687717586755753
        ],
        [
            -0.012175172567367554,
            -0.46760767698287964,
            0.11013995856046677
        ],
        [
            0.0320468470454216,
            -0.7784194350242615,
            0.04457573592662811
        ],
        [
            0.020813453942537308,
            -0.9062678217887878,
            0.08226165175437927
        ]
    ],
    "pred_vertices": [
        [
            0.08143863081932068,
            -0.8901626467704773,
            0.00349368155002594
        ],
        [
            0.07646016031503677,
            -0.8761366605758667,
            -0.0033721551299095154
        ],
        [
            0.08588416129350662,
            -0.87286376953125,
            0.0070100873708724976
        ],
        [
            0.08965766429901123,
            -0.8829951286315918,
            0.01698087900876999
        ],
        [
            0.08266498148441315,
            -0.8636197447776794,
            0.0010290294885635376
        ],
        [
            0.07385654747486115,
            -0.8653016090393066,
            -0.007104314863681793
        ],
        [
            0.09058227390050888,
            -0.8666208982467651,
            0.01850893348455429
        ],
        [
            0.09342935681343079,
            -0.8739795684814453,
            0.03008415549993515
        ],
        [
            0.09307469427585602,
            -0.8301926851272583,
            0.031824592500925064
        ],
        [
            0.09464919567108154,
            -0.8250468969345093,
            0.04236650466918945
        ],
        [
            0.09528025984764099,
            -0.8378280401229858,
            0.0399821400642395
        ],
        [
            0.09188783168792725,
            -0.8395114541053772,
            0.03039906919002533
        ],
        [
            0.08967213332653046,
            -0.8048427104949951,
            0.03546318784356117
        ],
        [
            0.08494438976049423,
            -0.7958399057388306,
            0.02617364004254341
        ],
        [
            0.08493069559335709,
            -0.7868351936340332,
            0.03640368953347206
        ],
        [
            0.08847685903310776,
            -0.7954654097557068,
            0.04623046889901161
        ],
        [
            0.0582432895898819,
            -0.8109229803085327,
            -0.0028221607208251953
        ],
        [
            0.06298581510782242,
            -0.8040574789047241,
            -0.000708356499671936
        ],
        [
            0.06699935346841812,
            -0.8105189800262451,
            0.0005478858947753906
        ],
        [
            0.061286810785532,
            -0.816614031791687,
            -0.0013329684734344482
        ],
        [
            0.05047139897942543,
            -0.8210200667381287,
            -0.010753855109214783
        ],
        [
            0.05090450495481491,
            -0.8264782428741455,
            -0.007324226200580597
        ],
        [
            0.04735548049211502,
            -0.8305000066757202,
            -0.013335183262825012
        ],
        [
            0.04779403656721115,
            -0.824256181716919,
            -0.017539307475090027
        ],
        [
            0.052907511591911316,
            -0.805844247341156,
            -0.004109695553779602
        ],
        [
            0.05771786719560623,
            -0.7988801598548889,
            -0.0011381730437278748
        ],
        [
            0.05401918292045593,
            -0.8166677951812744,
            -0.0051878392696380615
        ],
        [
            0.052427735179662704,
            -0.812553346157074,
            -0.007862351834774017
        ],
        [
            0.050930339843034744,
            -0.8065987825393677,
            -0.01847793161869049
        ],
        [
            0.05246313661336899,
            -0.8112620115280151,
            -0.016815006732940674
        ],
        [
            0.05054576322436333,
            -0.8124628067016602,
            -0.02434864640235901
        ],
        [
            0.048829808831214905,
            -0.8068941235542297,
            -0.023709148168563843
        ],
        [
            0.05208047479391098,
            -0.8060005307197571,
            -0.009088613092899323
        ],
        [
            0.05328137427568436,
            -0.8088409900665283,
            -0.011677004396915436
        ],
        [
            0.05096420645713806,
            -0.8052540421485901,
            -0.01439037173986435
        ],
        [
            0.048920974135398865,
            -0.8032101392745972,
            -0.011533290147781372
        ],
        [
            0.05035474896430969,
            -0.8170671463012695,
            -0.013690009713172913
        ],
        [
            0.048773739486932755,
            -0.8189082741737366,
            -0.02108834683895111
        ],
        [
            0.04637841880321503,
            -0.8205111622810364,
            -0.028848551213741302
        ],
        [
            0.047577619552612305,
            -0.8120689392089844,
            -0.03176812082529068
        ],
        [
            0.07148613780736923,
            -0.7901325225830078,
            0.00822049006819725
        ],
        [
            0.06796424090862274,
            -0.7973015308380127,
            0.002773500978946686
        ],
        [
            0.06283823400735855,
            -0.7925959825515747,
            0.0016535557806491852
        ],
        [
            0.06660068780183792,
            -0.7868169546127319,
            0.005557950586080551
        ],
        [
            0.049470238387584686,
            -0.7999130487442017,
            -0.007839493453502655
        ],
        [
            0.052158668637275696,
            -0.7839577794075012,
            -0.006529856473207474
        ],
        [
            0.052706778049468994,
            -0.7876471281051636,
            -0.006867267191410065
        ],
        [
            0.047627851366996765,
            -0.7887510061264038,
            -0.011946938931941986
        ],
        [
            0.047722987830638885,
            -0.7852675914764404,
            -0.011320807039737701
        ],
        [
            0.0738462582230568,
            -0.7757033109664917,
            0.018232371658086777
        ],
        [
            0.06929106265306473,
            -0.7747124433517456,
            0.01265203207731247
        ],
        [
            0.06878668814897537,
            -0.7678235769271851,
            0.01562676578760147
        ],
        [
            0.072369284927845,
            -0.7674774527549744,
            0.022191163152456284
        ],
        [
            0.06582075357437134,
            -0.7621246576309204,
            0.016391273587942123
        ],
        [
            0.0698012262582779,
            -0.7596555948257446,
            0.025370929390192032
        ],
        [
            0.060314591974020004,
            -0.7459242343902588,
            0.02408299222588539
        ],
        [
            0.06505405157804489,
            -0.7518671154975891,
            0.02490077167749405
        ],
        [
            0.06193985044956207,
            -0.756569504737854,
            0.015366960316896439
        ],
        [
            0.057303670793771744,
            -0.7515685558319092,
            0.011278372257947922
        ],
        [
            0.047704439610242844,
            -0.7567057609558105,
            0.0003095269203186035
        ],
        [
            0.042589008808135986,
            -0.7555783987045288,
            -0.003513794392347336
        ],
        [
            0.04574528709053993,
            -0.7434563636779785,
            0.0003153271973133087
        ],
        [
            0.05145410820841789,
            -0.746552050113678,
            0.005088362842798233
        ],
        [
            0.050915032625198364,
            -0.7778955101966858,
            -0.0021955706179142
        ],
        [
            0.05406907945871353,
            -0.7779518365859985,
            0.001458439975976944
        ],
        [
            0.054899707436561584,
            -0.7792980670928955,
            -0.0008048340678215027
        ],
        [
            0.05166691541671753,
            -0.7805479168891907,
            -0.004898514598608017
        ],
        [
            0.05701182037591934,
            -0.7776040434837341,
            0.003990497440099716
        ],
        [
            0.058433420956134796,
            -0.7772308588027954,
            0.005069419741630554
        ],
        [
            0.05858338996767998,
            -0.7784810066223145,
            0.003819279372692108
        ],
        [
            0.05714457482099533,
            -0.778465986251831,
            0.0032996684312820435
        ],
        [
            0.05535932257771492,
            -0.7781686782836914,
            0.002255655825138092
        ],
        [
            0.054455991834402084,
            -0.7762581706047058,
            0.0016752257943153381
        ],
        [
            0.056231338530778885,
            -0.776850700378418,
            0.0032798759639263153
        ],
        [
            0.051640018820762634,
            -0.7755003571510315,
            -0.00182424858212471
        ],
        [
            0.04094688594341278,
            -0.7735685706138611,
            -0.01212630420923233
        ],
        [
            0.04451022297143936,
            -0.7737915515899658,
            -0.00991283729672432
        ],
        [
            0.04324532672762871,
            -0.778232991695404,
            -0.009635575115680695
        ],
        [
            0.04018130153417587,
            -0.7784767150878906,
            -0.011551350355148315
        ],
        [
            0.05728500336408615,
            -0.7807813882827759,
            0.0016270987689495087
        ],
        [
            0.0599161833524704,
            -0.7818078994750977,
            0.002610810101032257
        ],
        [
            0.057095594704151154,
            -0.7846125364303589,
            -0.0016838312149047852
        ],
        [
            0.05567578971385956,
            -0.7820103168487549,
            -0.0011589974164962769
        ],
        [
            0.06269747763872147,
            -0.7835609316825867,
            0.0031081363558769226
        ],
        [
            0.06072530150413513,
            -0.7795745134353638,
            0.004755102097988129
        ],
        [
            0.06346096098423004,
            -0.7803006172180176,
            0.005993515253067017
        ],
        [
            0.05781794339418411,
            -0.7755404710769653,
            0.004969041794538498
        ],
        [
            0.060003429651260376,
            -0.7737316489219666,
            0.00700155645608902
        ],
        [
            0.06097101420164108,
            -0.7762571573257446,
            0.006022486835718155
        ],
        [
            0.05797400325536728,
            -0.7705687284469604,
            0.006255481392145157
        ],
        [
            0.05557754263281822,
            -0.7736958861351013,
            0.0034555457532405853
        ],
        [
            0.052683066576719284,
            -0.7719314098358154,
            8.431077003479004e-05
        ],
        [
            0.04888466000556946,
            -0.7704156637191772,
            -0.004207435995340347
        ],
        [
            0.050334181636571884,
            -0.7655405402183533,
            -0.0005432106554508209
        ],
        [
            0.054680172353982925,
            -0.7677003145217896,
            0.0034097619354724884
        ],
        [
            0.05912553519010544,
            -0.7885478734970093,
            -0.0007376931607723236
        ],
        [
            0.06454314291477203,
            -0.7755271196365356,
            0.008938390761613846
        ],
        [
            0.0682850331068039,
            -0.7817426323890686,
            0.009459037333726883
        ],
        [
            0.06383340805768967,
            -0.7708051204681396,
            0.010194208472967148
        ],
        [
            0.06145831197500229,
            -0.7664291858673096,
            0.010263573378324509
        ],
        [
            0.05768059566617012,
            -0.7623510360717773,
            0.008329339325428009
        ],
        [
            0.0528576634824276,
            -0.7593187093734741,
            0.0043219588696956635
        ],
        [
            0.044922009110450745,
            -0.7351941466331482,
            0.012424208223819733
        ],
        [
            0.052458688616752625,
            -0.739710807800293,
            0.01737048476934433
        ],
        [
            0.07074300944805145,
            -0.8581057786941528,
            -0.004613496363162994
        ],
        [
            0.07874059677124023,
            -0.8570122718811035,
            -0.000261552631855011
        ],
        [
            0.07756401598453522,
            -0.8493164777755737,
            0.005071818828582764
        ],
        [
            0.07976415008306503,
            -0.8512243032455444,
            0.005428992211818695
        ],
        [
            0.07510294765233994,
            -0.8531473875045776,
            0.0010600537061691284
        ],
        [
            0.07400234788656235,
            -0.850639820098877,
            0.002036556601524353
        ],
        [
            0.0871666967868805,
            -0.8420010209083557,
            0.023364588618278503
        ],
        [
            0.08344827592372894,
            -0.8439394235610962,
            0.01779366284608841
        ],
        [
            0.0830458477139473,
            -0.8401291370391846,
            0.0196387842297554
        ],
        [
            0.08810190111398697,
            -0.8352477550506592,
            0.02490190416574478
        ],
        [
            0.07696861773729324,
            -0.8326974511146545,
            0.011371277272701263
        ],
        [
            0.08043460547924042,
            -0.8337629437446594,
            0.015495136380195618
        ],
        [
            0.07778805494308472,
            -0.8407071232795715,
            0.011607490479946136
        ],
        [
            0.07512400299310684,
            -0.8398911952972412,
            0.008655965328216553
        ],
        [
            0.07199493050575256,
            -0.8395590782165527,
            0.0057770609855651855
        ],
        [
            0.0680711567401886,
            -0.8396146297454834,
            0.003829456865787506
        ],
        [
            0.06792369484901428,
            -0.8343919515609741,
            0.0046677365899086
        ],
        [
            0.07247238606214523,
            -0.8332564830780029,
            0.007519438862800598
        ],
        [
            0.06900317966938019,
            -0.8546932935714722,
            -0.001515507698059082
        ],
        [
            0.061722125858068466,
            -0.8540815711021423,
            -0.0026827529072761536
        ],
        [
            0.06272675842046738,
            -0.8512496948242188,
            -0.001569412648677826
        ],
        [
            0.06887124478816986,
            -0.8515738248825073,
            -0.0008888691663742065
        ],
        [
            0.05145881325006485,
            -0.8452981114387512,
            0.0011309385299682617
        ],
        [
            0.05296197161078453,
            -0.8476256728172302,
            0.0003228709101676941
        ],
        [
            0.04972667247056961,
            -0.849264919757843,
            -0.0015212520956993103
        ],
        [
            0.04856976866722107,
            -0.8448450565338135,
            -0.0007540211081504822
        ],
        [
            0.05067964643239975,
            -0.8417667150497437,
            -0.00031476467847824097
        ],
        [
            0.05269038677215576,
            -0.8436369895935059,
            0.0010109096765518188
        ],
        [
            0.07317458838224411,
            -0.9115766286849976,
            0.002294600009918213
        ],
        [
            0.07000482082366943,
            -0.8955182433128357,
            -0.006667278707027435
        ],
        [
            0.08487790077924728,
            -0.9051300287246704,
            0.01731076091527939
        ],
        [
            0.09173288196325302,
            -0.8944507241249084,
            0.03129260241985321
        ],
        [
            0.09584605693817139,
            -0.8811169266700745,
            0.043423980474472046
        ],
        [
            0.07951219379901886,
            -0.7799702882766724,
            0.026547957211732864
        ],
        [
            0.07889173924922943,
            -0.7712132930755615,
            0.03319256752729416
        ],
        [
            0.08432108908891678,
            -0.7784916162490845,
            0.04645165801048279
        ],
        [
            0.08059128373861313,
            -0.7684899568557739,
            0.050879623740911484
        ],
        [
            0.07529343664646149,
            -0.7610552310943604,
            0.03694815933704376
        ],
        [
            0.060273390263319016,
            -0.7433691024780273,
            0.03776383772492409
        ],
        [
            0.06897442042827606,
            -0.7510414123535156,
            0.038498371839523315
        ],
        [
            0.07381870597600937,
            -0.758878231048584,
            0.05564221367239952
        ],
        [
            0.07908261567354202,
            -0.7713985443115234,
            0.07143048942089081
        ],
        [
            0.08422617614269257,
            -0.7784237861633301,
            0.06399966776371002
        ],
        [
            0.08147808909416199,
            -0.7873371839523315,
            0.08372144401073456
        ],
        [
            0.07124321907758713,
            -0.7637619376182556,
            0.08207687735557556
        ],
        [
            0.0766368880867958,
            -0.7867838144302368,
            0.09170648455619812
        ],
        [
            0.05560998618602753,
            -0.7287213802337646,
            0.07611622661352158
        ],
        [
            0.05637160316109657,
            -0.7173659801483154,
            0.07996667176485062
        ],
        [
            0.06355883926153183,
            -0.723581075668335,
            0.09544023871421814
        ],
        [
            0.06391799449920654,
            -0.7349308133125305,
            0.0910957083106041
        ],
        [
            0.08759646862745285,
            -0.7862597703933716,
            0.05639147385954857
        ],
        [
            0.09544051438570023,
            -0.8491081595420837,
            0.04731892794370651
        ],
        [
            0.0944964811205864,
            -0.8487210273742676,
            0.03562665730714798
        ],
        [
            0.09586580842733383,
            -0.8363959193229675,
            0.05152707174420357
        ],
        [
            0.09666825830936432,
            -0.909725546836853,
            0.06576935201883316
        ],
        [
            0.09272545576095581,
            -0.9039401412010193,
            0.04773702472448349
        ],
        [
            0.09827824681997299,
            -0.8889228105545044,
            0.05623439699411392
        ],
        [
            0.09937796741724014,
            -0.8961557149887085,
            0.07221745699644089
        ],
        [
            0.07387712597846985,
            -0.9457889795303345,
            0.049163997173309326
        ],
        [
            0.07504408061504364,
            -0.9313837885856628,
            0.024775907397270203
        ],
        [
            0.08349472284317017,
            -0.9198287129402161,
            0.03564774990081787
        ],
        [
            0.0856051966547966,
            -0.9309269189834595,
            0.05590743571519852
        ],
        [
            0.09888751804828644,
            -0.8974496722221375,
            0.08551083505153656
        ],
        [
            0.09639227390289307,
            -0.8994114398956299,
            0.10472744703292847
        ],
        [
            0.09154559671878815,
            -0.9155685901641846,
            0.10968624800443649
        ],
        [
            0.0946379005908966,
            -0.9156403541564941,
            0.08662926405668259
        ],
        [
            0.07938454300165176,
            -0.936576247215271,
            0.11288265138864517
        ],
        [
            0.08366759866476059,
            -0.9369516372680664,
            0.08532767742872238
        ],
        [
            0.07070194184780121,
            -0.7730929851531982,
            0.10165354609489441
        ],
        [
            0.07384663820266724,
            -0.7922703623771667,
            0.1041334718465805
        ],
        [
            0.06496980041265488,
            -0.7485555410385132,
            0.08480381965637207
        ],
        [
            0.06800100952386856,
            -0.75636225938797,
            0.10168927162885666
        ],
        [
            0.06241298094391823,
            -0.9519643783569336,
            0.112441785633564
        ],
        [
            0.06747517734766006,
            -0.9542379379272461,
            0.08090957999229431
        ],
        [
            0.07293903082609177,
            -0.881041407585144,
            0.15044529736042023
        ],
        [
            0.07924455404281616,
            -0.8973715305328369,
            0.142939031124115
        ],
        [
            0.0873844102025032,
            -0.8839049339294434,
            0.12899447977542877
        ],
        [
            0.08178386092185974,
            -0.8704795837402344,
