{
    "pred_cam": [
        1.7479219436645508,
        -0.0040528979152441025,
        0.6159789562225342
    ],
    "pred_smpl_params": {
        "global_orient": [
            [
                [
                    0.9939196109771729,
                    -0.06782420724630356,
                    0.08673885464668274
                ],
                [
                    -0.025141149759292603,
                    -0.9067447781562805,
                    -0.4209296703338623
                ],
                [
                    0.10719922930002213,
                    0.416189581155777,
                    -0.902936577796936
                ]
            ]
        ],
        "body_pose": [
            [
                [
                    0.9450488686561584,
                    -0.32487303018569946,
                    -0.03660997003316879
                ],
                [
                    0.277228444814682,
                    0.7369850873947144,
                    0.6164393424987793
                ],
                [
                    -0.17328348755836487,
                    -0.5927144885063171,
                    0.7865509390830994
                ]
            ],
            [
                [
                    0.9761031866073608,
                    0.21225644648075104,
                    0.046580053865909576
                ],
                [
                    -0.19074499607086182,
                    0.7341819405555725,
                    0.6516081690788269
                ],
                [
                    0.10410980135202408,
                    -0.6449217200279236,
                    0.7571241855621338
                ]
            ],
            [
                [
                    0.9994973540306091,
                    0.03127279877662659,
                    0.005199686158448458
                ],
                [
                    -0.02578813210129738,
                    0.8974295258522034,
                    -0.44040361046791077
                ],
                [
                    -0.018439004197716713,
                    0.4400481581687927,
                    0.8977848887443542
                ]
            ],
            [
                [
                    0.9799638390541077,
                    0.08286076039075851,
                    -0.18112148344516754
                ],
                [
                    -0.1580830216407776,
                    -0.22961245477199554,
                    -0.960358202457428
                ],
                [
                    -0.12116377055644989,
                    0.9697484970092773,
                    -0.21191301941871643
                ]
            ],
            [
                [
                    0.9736429452896118,
                    -0.12133538722991943,
                    0.19312453269958496
                ],
                [
                    0.16200651228427887,
                    -0.22809365391731262,
                    -0.9600661993026733
                ],
                [
                    0.16054053604602814,
                    0.9660491347312927,
                    -0.20242466032505035
                ]
            ],
            [
                [
                    0.9996959567070007,
                    0.02152494713664055,
                    0.01202569343149662
                ],
                [
                    -0.022094853222370148,
                    0.998531699180603,
                    0.04946038872003555
                ],
                [
                    -0.010943402536213398,
                    -0.04971105977892876,
                    0.9987037181854248
                ]
            ],
            [
                [
                    0.9351250529289246,
                    -0.08610861748456955,
                    0.34369510412216187
                ],
                [
                    -0.03348939120769501,
                    0.9441968202590942,
                    0.3276749849319458
                ],
                [
                    -0.35273146629333496,
                    -0.3179272711277008,
                    0.8800583481788635
                ]
            ],
            [
                [
                    0.9448834657669067,
                    0.11507675051689148,
                    -0.3065170645713806
                ],
                [
                    0.001982284476980567,
                    0.934167742729187,
                    0.35682857036590576
                ],
                [
                    0.3274010419845581,
                    -0.3377689719200134,
                    0.8824515342712402
                ]
            ],
            [
                [
                    0.9997424483299255,
                    0.02268384024500847,
                    -0.0006426934851333499
                ],
                [
                    -0.022659670561552048,
                    0.9994092583656311,
                    0.025839798152446747
                ],
                [
                    0.0012284597614780068,
                    -0.025818580761551857,
                    0.9996658563613892
                ]
            ],
            [
                [
                    0.9880810976028442,
                    -0.14407978951931,
                    -0.05419144034385681
                ],
                [
                    0.1502435952425003,
                    0.9792798757553101,
                    0.13578586280345917
                ],
                [
                    0.033504586666822433,
                    -0.14230936765670776,
                    0.9892550110816956
                ]
            ],
            [
                [
                    0.9958385229110718,
                    0.08246481418609619,
                    0.03879651054739952
                ],
                [
                    -0.08735235035419464,
                    0.985070526599884,
                    0.14834272861480713
                ],
                [
                    -0.02598424442112446,
                    -0.15111437439918518,
                    0.9881746768951416
                ]
            ],
            [
                [
                    0.9973430037498474,
                    0.020691677927970886,
                    0.06984774768352509
                ],
                [
                    -0.012848074547946453,
                    0.993744969367981,
                    -0.11093141883611679
                ],
                [
                    -0.07170621305704117,
                    0.1097392737865448,
                    0.991370439529419
                ]
            ],
            [
                [
                    0.9134764671325684,
                    -0.09178631007671356,
                    -0.39640384912490845
                ],
                [
                    0.18289712071418762,
                    0.9628809094429016,
                    0.1985171139240265
                ],
                [
                    0.3634685277938843,
                    -0.2538418471813202,
                    0.8963565230369568
                ]
            ],
            [
                [
                    0.9427666068077087,
                    0.05162569507956505,
                    0.32943257689476013
                ],
                [
                    -0.12270209938287735,
                    0.9723342657089233,
                    0.19877216219902039
                ],
                [
                    -0.31005680561065674,
                    -0.2278178483247757,
                    0.9230188727378845
                ]
            ],
            [
                [
                    0.9993264675140381,
                    -0.035606496036052704,
                    0.008870886638760567
                ],
                [
                    0.036413755267858505,
                    0.9921236634254456,
                    -0.11985310912132263
                ],
                [
                    -0.004533468279987574,
                    0.12009542435407639,
                    0.9927520155906677
                ]
            ],
            [
                [
                    0.8614566922187805,
                    0.06093455106019974,
                    -0.5041620135307312
                ],
                [
                    0.14685946702957153,
                    0.9204632639884949,
                    0.3621872663497925
                ],
                [
                    0.48613235354423523,
                    -0.3860495984554291,
                    0.7839904427528381
                ]
            ],
            [
                [
                    0.9158212542533875,
                    -0.09674090147018433,
                    0.3897596597671509
                ],
                [
                    -0.053916461765766144,
                    0.9321435689926147,
                    0.3580521047115326
                ],
                [
                    -0.39795029163360596,
                    -0.3489261865615845,
                    0.8484609723091125
                ]
            ],
            [
                [
                    0.19648343324661255,
                    -0.15933136641979218,
                    -0.9674749374389648
                ],
                [
                    0.5892220735549927,
                    0.8078603148460388,
                    -0.013380303978919983
                ],
                [
                    0.7837164998054504,
                    -0.5674285888671875,
                    0.2526127099990845
                ]
            ],
            [
                [
                    0.12241145968437195,
                    0.22289283573627472,
                    0.9671268463134766
                ],
                [
                    -0.612016499042511,
                    0.7840772271156311,
                    -0.10324124246835709
                ],
                [
                    -0.7813138365745544,
                    -0.5792596340179443,
                    0.23239412903785706
                ]
            ],
            [
                [
                    0.9844682812690735,
                    -0.1735631674528122,
                    -0.02641982026398182
                ],
                [
                    0.16558988392353058,
                    0.9679696559906006,
                    -0.1887185126543045
                ],
                [
                    0.05832817032933235,
                    0.18141253292560577,
                    0.9816757440567017
                ]
            ],
            [
                [
                    0.9862645864486694,
                    0.1622258424758911,
                    0.031064415350556374
                ],
                [
                    -0.15748798847198486,
                    0.9802948236465454,
                    -0.11924629658460617
                ],
                [
                    -0.04979711025953293,
                    0.11271611601114273,
                    0.9923787117004395
                ]
            ],
            [
                [
                    0.9972649216651917,
                    0.06759987026453018,
                    -0.029883474111557007
                ],
                [
                    -0.06812039017677307,
                    0.9975364208221436,
                    -0.016756946220993996
                ],
                [
                    0.028677083551883698,
                    0.018746785819530487,
                    0.999413013458252
                ]
            ],
            [
                [
                    0.996124267578125,
                    -0.08580601960420609,
                    0.019330237060785294
                ],
                [
                    0.08588435500860214,
                    0.9962998032569885,
                    -0.0032573200296610594
                ],
                [
                    -0.018979214131832123,
                    0.004904861096292734,
                    0.9998078346252441
                ]
            ]
        ],
        "betas": [
            -0.06907910108566284,
            -0.04076775908470154,
            -0.14604772627353668,
            -0.11149322986602783,
            0.0697779655456543,
            -0.08097656816244125,
            -0.05346322059631348,
            -0.012065678834915161,
            0.04212664067745209,
            -0.022487550973892212
        ]
    },
    "pred_cam_t": [
        -0.0040528979152441025,
        0.6159789562225342,
        22.347965240478516
    ],
    "focal_length": [
        5000.0,
        5000.0
    ],
    "pred_keypoints_3d": [
        [
            0.03814367577433586,
            -0.8058687448501587,
            -0.03312966972589493
        ],
        [
            -0.00024310406297445297,
            -0.7038980722427368,
            0.12582635879516602
        ],
        [
            -0.1687089502811432,
            -0.6607836484909058,
            0.0839361771941185
        ],
        [
            -0.3427211344242096,
            -0.7194089889526367,
            -0.09271224588155746
        ],
        [
            -0.24884596467018127,
            -0.9548383355140686,
            -0.12071371078491211
        ],
        [
            0.16405603289604187,
            -0.649936318397522,
            0.1169811338186264
        ],
        [
            0.35968196392059326,
            -0.731383740901947,
            -0.03542932868003845
        ],
        [
            0.2687701880931854,
            -0.9611929059028625,
            -0.06428272277116776
        ],
        [
            -0.0016455091536045074,
            -0.22077661752700806,
            0.02834881842136383
        ],
        [
            -0.06350813806056976,
            -0.13553859293460846,
            -0.012545835226774216
        ],
        [
            -0.14195218682289124,
            0.02100968360900879,
            -0.3533770740032196
        ],
        [
            -0.09846439957618713,
            0.3124624490737915,
            -0.08368879556655884
        ],
        [
            0.07341273128986359,
            -0.1371646374464035,
            0.004182610660791397
        ],
        [
            0.2627984881401062,
            0.013928577303886414,
            -0.2828458547592163
        ],
        [
            0.17478498816490173,
            0.2983250617980957,
            -0.016984105110168457
        ],
        [
            0.00019135628826916218,
            -0.8472082018852234,
            -0.008995980024337769
        ],
        [
            0.06594965606927872,
            -0.8457754850387573,
            0.0030165091156959534
        ],
        [
            -0.05979438126087189,
            -0.8374661803245544,
            0.07847031950950623
        ],
        [
            0.08586572855710983,
            -0.8353449702262878,
            0.10288834571838379
        ],
        [
            0.2841435670852661,
            0.4024277925491333,
            -0.14498233795166016
        ],
        [
            0.3096354901790619,
            0.3794364333152771,
            -0.07014608383178711
        ],
        [
            0.15088915824890137,
            0.3040652871131897,
            0.049279600381851196
        ],
        [
            -0.13510529696941376,
            0.41041630506515503,
            -0.25079184770584106
        ],
        [
            -0.1945945769548416,
            0.3989869952201843,
            -0.19022880494594574
        ],
        [
            -0.0928720086812973,
            0.3361567258834839,
            -0.01295885443687439
        ],
        [
            -0.12196527421474457,
            0.2584194242954254,
            -0.08463446795940399
        ],
        [
            -0.13766756653785706,
            -0.008297105319797993,
            -0.3224804699420929
        ],
        [
            -0.1548963487148285,
            -0.23231986165046692,
            0.04560238867998123
        ],
        [
            0.14258497953414917,
            -0.2239987999200821,
            0.08686897903680801
        ],
        [
            0.26469686627388,
            -0.005697266198694706,
            -0.2609865367412567
        ],
        [
            0.17767535150051117,
            0.2547450065612793,
            -0.01334218867123127
        ],
        [
            -0.23011371493339539,
            -0.932837188243866,
            -0.09716316312551498
        ],
        [
            -0.3417980670928955,
            -0.7429890036582947,
            -0.06285782158374786
        ],
        [
            -0.1408485770225525,
            -0.6823216080665588,
            0.10025456547737122
        ],
        [
            0.1438310146331787,
            -0.6721608638763428,
            0.13366740942001343
        ],
        [
            0.34901368618011475,
            -0.753985583782196,
            0.0014709914103150368
        ],
        [
            0.26451247930526733,
            -0.9523066282272339,
            -0.04416617751121521
        ],
        [
            0.002999859396368265,
            -0.7024602293968201,
            0.12904255092144012
        ],
        [
            0.02250852808356285,
            -0.887832760810852,
            0.07411637902259827
        ],
        [
            -0.006050953641533852,
            -0.22797450423240662,
            0.06596966832876205
        ],
        [
            0.0012610554695129395,
            -0.6679379940032959,
            0.11540476232767105
        ],
        [
            -0.014065667986869812,
            -0.46807238459587097,
            0.1076265498995781
        ],
        [
            0.028943726792931557,
            -0.7794924974441528,
            0.0437450110912323
        ],
        [
            0.01669032871723175,
            -0.907220184803009,
            0.08120039850473404
        ]
    ],
    "pred_vertices": [
        [
            0.07866411656141281,
            -0.8913023471832275,
            0.003468066453933716
        ],
        [
            0.07385212182998657,
            -0.8772628307342529,
            -0.0034809261560440063
        ],
        [
            0.08307494223117828,
            -0.8739885091781616,
            0.007065713405609131
        ],
        [
            0.08666276931762695,
            -0.8841481804847717,
            0.017119988799095154
        ],
        [
            0.08000657707452774,
            -0.8647572994232178,
            0.0010357797145843506
        ],
        [
            0.07137247920036316,
            -0.8664163947105408,
            -0.00723566859960556
        ],
        [
            0.08757774531841278,
            -0.867766261100769,
            0.018652483820915222
        ],
        [
            0.0902222990989685,
            -0.8751731514930725,
            0.03029973804950714
        ],
        [
            0.09004035592079163,
            -0.831423282623291,
            0.03205561637878418
        ],
        [
            0.09143932163715363,
            -0.8262515068054199,
            0.042635444551706314
        ],
        [
            0.09201694279909134,
            -0.8390156030654907,
            0.04021191969513893
        ],
        [
            0.08878163993358612,
            -0.8406919836997986,
            0.0305708646774292
        ],
        [
            0.08656537532806396,
            -0.8060861825942993,
            0.03560109809041023
        ],
        [
            0.08203403651714325,
            -0.7970869541168213,
            0.026241738349199295
        ],
        [
            0.0818498358130455,
            -0.788083016872406,
            0.036455441266298294
        ],
        [
            0.0851963609457016,
            -0.7967204451560974,
            0.04633428528904915
        ],
        [
            0.05585755407810211,
            -0.8120774030685425,
            -0.0031701400876045227
        ],
        [
            0.060563135892152786,
            -0.805232584476471,
            -0.0009752139449119568
        ],
        [
            0.06454303860664368,
            -0.811703085899353,
            0.0003465041518211365
        ],
        [
            0.058866314589977264,
            -0.8177815675735474,
            -0.0016351491212844849
        ],
        [
            0.04819783940911293,
            -0.822108805179596,
            -0.011269614100456238
        ],
        [
            0.04854993522167206,
            -0.8275700807571411,
            -0.007836118340492249
        ],
        [
            0.04510070011019707,
            -0.8315839767456055,
            -0.013908348977565765
        ],
        [
            0.045622359961271286,
            -0.825334906578064,
            -0.018097713589668274
        ],
        [
            0.05056820437312126,
            -0.8069846034049988,
            -0.004552103579044342
        ],
        [
            0.05531484633684158,
            -0.8000470399856567,
            -0.0014910995960235596
        ],
        [
            0.05167992413043976,
            -0.81781005859375,
            -0.005621045827865601
        ],
        [
            0.050121672451496124,
            -0.813645601272583,
            -0.008334212005138397
        ],
        [
            0.048813849687576294,
            -0.807683527469635,
            -0.018968187272548676
        ],
        [
            0.05030236020684242,
            -0.8123489618301392,
            -0.017281875014305115
        ],
        [
            0.04852696880698204,
            -0.8135392665863037,
            -0.024844691157341003
        ],
        [
            0.04681772366166115,
            -0.8079710602760315,
            -0.024239495396614075
        ],
        [
            0.04981638863682747,
            -0.8070816993713379,
            -0.00955645740032196
        ],
        [
            0.0510462261736393,
            -0.8099218606948853,
            -0.012126266956329346
        ],
        [
            0.04879087209701538,
            -0.8063280582427979,
            -0.014878325164318085
        ],
        [
            0.046701088547706604,
            -0.8042856454849243,
            -0.012052275240421295
        ],
        [
            0.04815114289522171,
            -0.818143904209137,
            -0.014196597039699554
        ],
        [
            0.04668650031089783,
            -0.8199803233146667,
            -0.02161957323551178
        ],
        [
            0.044416412711143494,
            -0.8215727806091309,
            -0.029415033757686615
        ],
        [
            0.04567386582493782,
            -0.8131241202354431,
            -0.03231567144393921
        ],
        [
            0.0689144879579544,
            -0.7913466095924377,
            0.008079472929239273
        ],
        [
            0.06549963355064392,
            -0.7984950542449951,
            0.0025901533663272858
        ],
        [
            0.060394272208213806,
            -0.7937870025634766,
            0.001383662223815918
        ],
        [
            0.06408993899822235,
            -0.7880234718322754,
            0.005344711244106293
        ],
        [
            0.047182705253362656,
            -0.8010038137435913,
            -0.008353427052497864
        ],
        [
            0.04987258464097977,
            -0.7850725054740906,
            -0.007002245634794235
        ],
        [
            0.05041176453232765,
            -0.7887593507766724,
            -0.007324889302253723
        ],
        [
            0.04542350769042969,
            -0.7898465394973755,
            -0.012485839426517487
        ],
        [
            0.04552057385444641,
            -0.7863695621490479,
            -0.011860154569149017
        ],
        [
            0.07111270725727081,
            -0.7769376039505005,
            0.0181242898106575
        ],
        [
            0.06665002554655075,
            -0.7759389877319336,
            0.012488193809986115
        ],
        [
            0.0661054253578186,
            -0.7690537571907043,
            0.015451110899448395
        ],
        [
            0.06957265734672546,
            -0.7687116861343384,
            0.02205190435051918
        ],
        [
            0.06309831142425537,
            -0.7633523941040039,
            0.01617066189646721
        ],
        [
            0.0669410303235054,
            -0.7608882188796997,
            0.0251915343105793
        ],
        [
            0.057530470192432404,
            -0.7471526265144348,
            0.023744072765111923
        ],
        [
            0.06223001703619957,
            -0.753095805644989,
            0.024639081209897995
        ],
        [
            0.05924953892827034,
            -0.7577935457229614,
            0.015084385871887207
        ],
        [
            0.054712627083063126,
            -0.7527801990509033,
            0.010918326675891876
        ],
        [
            0.04537856951355934,
            -0.7578949928283691,
            -0.00019726157188415527
        ],
        [
            0.04033196344971657,
            -0.756752610206604,
            -0.0040921904146671295
        ],
        [
            0.04343930259346962,
            -0.7446577548980713,
            -0.00021346285939216614
        ],
        [
            0.048994798213243484,
            -0.7477524280548096,
            0.0046409741044044495
        ],
        [
            0.048586588352918625,
            -0.7790605425834656,
            -0.002672925591468811
        ],
        [
            0.051670774817466736,
            -0.7791293263435364,
            0.0010348111391067505
        ],
        [
            0.052542224526405334,
            -0.7804768085479736,
            -0.0012133978307247162
        ],
        [
            0.04939298704266548,
            -0.7817150354385376,
            -0.005362320691347122
        ],
        [
            0.054558463394641876,
            -0.7787993550300598,
            0.0036222822964191437
        ],
        [
            0.055955931544303894,
            -0.7784314155578613,
            0.004727017134428024
        ],
        [
            0.05613148957490921,
            -0.779678225517273,
            0.0034776069223880768
        ],
        [
            0.05472083389759064,
            -0.7796573042869568,
            0.0029428377747535706
        ],
        [
            0.052956122905015945,
            -0.7793533802032471,
            0.001865733414888382
        ],
        [
            0.052065569907426834,
            -0.7774413824081421,
            0.0012703724205493927
        ],
        [
            0.05379021540284157,
            -0.7780436277389526,
            0.002897065132856369
        ],
        [
            0.04932022839784622,
            -0.7766736745834351,
            -0.002278480678796768
        ],
        [
            0.0387842133641243,
            -0.7746620774269104,
            -0.012770716100931168
        ],
        [
            0.04233040288090706,
            -0.7749435901641846,
            -0.010486830025911331
        ],
        [
            0.04106255620718002,
            -0.7793726921081543,
            -0.010237965732812881
        ],
        [
            0.03800360858440399,
            -0.7795568704605103,
            -0.012222275137901306
        ],
        [
            0.054861560463905334,
            -0.781926155090332,
            0.0012560784816741943
        ],
        [
            0.05747480317950249,
            -0.783000111579895,
            0.002291198819875717
        ],
        [
            0.054733388125896454,
            -0.7857900857925415,
            -0.002049282193183899
        ],
        [
            0.053314823657274246,
            -0.7831861972808838,
            -0.0015537738800048828
        ],
        [
            0.06024634838104248,
            -0.7847580909729004,
            0.002841278910636902
        ],
        [
            0.058246441185474396,
            -0.7807743549346924,
            0.004452567547559738
        ],
        [
            0.060923028737306595,
            -0.7814710736274719,
            0.005719192326068878
        ],
        [
            0.05534324795007706,
            -0.7767432928085327,
            0.004618410021066666
        ],
        [
            0.05748278647661209,
            -0.7749457359313965,
            0.006697230041027069
        ],
        [
            0.05846793204545975,
            -0.7774685621261597,
            0.005729023367166519
        ],
        [
            0.055480509996414185,
            -0.7717769145965576,
            0.005908600986003876
        ],
        [
            0.053137414157390594,
            -0.7748907208442688,
            0.0030646026134490967
        ],
        [
            0.050318825989961624,
            -0.7731150984764099,
            -0.00035959482192993164
        ],
        [
            0.04661004990339279,
            -0.7715869545936584,
            -0.004714258015155792
        ],
        [
            0.04799901321530342,
            -0.7667241096496582,
            -0.0010238774120807648
        ],
        [
            0.05225787311792374,
            -0.7688961029052734,
            0.002999641001224518
        ],
        [
            0.056709494441747665,
            -0.7896873950958252,
            -0.0010856762528419495
        ],
        [
            0.06198027729988098,
            -0.7767479419708252,
            0.00870538130402565
        ],
        [
            0.06570084393024445,
            -0.7829602956771851,
            0.00927722454071045
        ],
        [
            0.061248935759067535,
            -0.772031307220459,
            0.009956032037734985
        ],
        [
            0.05887981504201889,
            -0.7676522135734558,
            0.009984530508518219
        ],
        [
            0.05512017384171486,
            -0.7635531425476074,
            0.00797545537352562
        ],
        [
            0.050442375242710114,
            -0.7605186104774475,
            0.0038890615105628967
        ],
        [
            0.04243837296962738,
            -0.7364062070846558,
            0.011845424771308899
        ],
        [
            0.04982132464647293,
            -0.7409210205078125,
            0.016906801611185074
        ],
        [
            0.06827748566865921,
            -0.8592519760131836,
            -0.004807956516742706
        ],
        [
            0.07618474215269089,
            -0.8581691384315491,
            -0.0003147423267364502
        ],
        [
            0.07493104040622711,
            -0.8504884243011475,
            0.005016438663005829
        ],
        [
            0.07715483009815216,
            -0.8524496555328369,
            0.005422487854957581
        ],
        [
            0.0725356787443161,
            -0.8543015718460083,
            0.0009536817669868469
        ],
        [
            0.07142715901136398,
            -0.8518050909042358,
            0.001925736665725708
        ],
        [
            0.08422323316335678,
            -0.8431888818740845,
            0.02348005771636963
        ],
        [
            0.08060462027788162,
            -0.8451203107833862,
            0.017844997346401215
        ],
        [
            0.08016384392976761,
            -0.8413146734237671,
            0.01967894285917282
        ],
        [
            0.08513696491718292,
            -0.8364464640617371,
            0.02503485605120659
        ],
        [
            0.07426457107067108,
            -0.8338625431060791,
            0.011296004056930542
        ],
        [
            0.07764437794685364,
            -0.8349388837814331,
            0.015484325587749481
        ],
        [
            0.07506172358989716,
            -0.8418781757354736,
            0.011570200324058533
        ],
        [
            0.07245711982250214,
            -0.8410559892654419,
            0.008570335805416107
        ],
        [
            0.06938060373067856,
            -0.8407078385353088,
            0.0056348517537117004
        ],
        [
            0.06547868996858597,
            -0.8407529592514038,
            0.0036099180579185486
        ],
        [
            0.0653427466750145,
            -0.8355225920677185,
            0.004442289471626282
        ],
        [
            0.06984511017799377,
            -0.8344030976295471,
            0.00737336277961731
        ],
        [
            0.06649351865053177,
            -0.8558328151702881,
            -0.0017125308513641357
        ],
        [
            0.05922216176986694,
            -0.8552074432373047,
            -0.0030128657817840576
        ],
        [
            0.06021975353360176,
            -0.8523666262626648,
            -0.0018753111362457275
        ],
        [
            0.06635710597038269,
            -0.8527137637138367,
            -0.0010813474655151367
        ],
        [
            0.04891546815633774,
            -0.8463762998580933,
            0.0006072595715522766
        ],
        [
            0.05042877420783043,
            -0.8487087488174438,
            -0.00017587095499038696
        ],
        [
            0.04723043739795685,
            -0.850342869758606,
            -0.0020786449313163757
        ],
        [
            0.0460633710026741,
            -0.845921516418457,
            -0.0013261660933494568
        ],
        [
            0.04817095398902893,
            -0.8428432941436768,
            -0.000844709575176239
        ],
        [
            0.05015574395656586,
            -0.8447182774543762,
            0.0005162134766578674
        ],
        [
            0.07036915421485901,
            -0.9127382636070251,
            0.0021767467260360718
        ],
        [
            0.0673857107758522,
            -0.8966249227523804,
            -0.006871923804283142
        ],
        [
            0.08176785707473755,
            -0.9062827825546265,
            0.017415881156921387
        ],
        [
            0.08845192193984985,
            -0.895622730255127,
            0.031484365463256836
        ],
        [
            0.0923810824751854,
            -0.8822972774505615,
            0.04367149621248245
        ],
        [
            0.07661769539117813,
            -0.7812165021896362,
            0.026521820574998856
        ],
        [
            0.07590379565954208,
            -0.7724575400352478,
            0.033143043518066406
        ],
        [
            0.08107341080904007,
            -0.7797219753265381,
            0.046473897993564606
        ],
        [
            0.07729591429233551,
            -0.7697232365608215,
            0.050815582275390625
        ],
        [
            0.07225537300109863,
            -0.7622876167297363,
            0.03682659938931465
        ],
        [
            0.057273730635643005,
            -0.7445861101150513,
            0.03738268092274666
        ],
        [
            0.06593983620405197,
            -0.7522649765014648,
            0.03826767951250076
        ],
        [
            0.07047390937805176,
            -0.7601024508476257,
            0.05543932691216469
        ],
        [
            0.07542596757411957,
            -0.7726321220397949,
            0.07128706574440002
        ],
        [
            0.0806284099817276,
            -0.7796273231506348,
            0.06396351754665375
        ],
        [
            0.0775732472538948,
            -0.7885489463806152,
            0.08361086994409561
        ],
        [
            0.0674104243516922,
            -0.7649835348129272,
            0.08172477781772614
        ],
        [
            0.07258576154708862,
            -0.7879960536956787,
            0.09145988523960114
        ],
        [
            0.05202615633606911,
            -0.729938268661499,
            0.07541902363300323
        ],
        [
            0.052803028374910355,
            -0.7185528874397278,
            0.07917485386133194
        ],
        [
            0.05980483070015907,
            -0.7247369289398193,
            0.09471365809440613
        ],
        [
            0.06012805178761482,
            -0.7361307144165039,
            0.09047305583953857
        ],
        [
            0.08415641635656357,
            -0.7875125408172607,
            0.056460049003362656
        ],
        [
            0.09202852100133896,
            -0.850346565246582,
            0.047551579773426056
        ],
        [
            0.09127248823642731,
            -0.8499195575714111,
            0.035851866006851196
        ],
        [
            0.09236693382263184,
            -0.8375833034515381,
            0.05174713581800461
        ],
        [
            0.09272393584251404,
            -0.9109106063842773,
            0.06606265157461166
        ],
        [
            0.08910022675991058,
            -0.9051361083984375,
            0.04798942059278488
        ],
        [
            0.0945054367184639,
            -0.8900938034057617,
            0.05653160810470581
        ],
        [
            0.09530995786190033,
            -0.8973115682601929,
            0.07252638787031174
        ],
        [
            0.07014936208724976,
            -0.9469156861305237,
            0.049091219902038574
        ],
        [
            0.07178039103746414,
            -0.932548463344574,
            0.024731792509555817
        ],
        [
            0.08007431030273438,
            -0.9209930896759033,
            0.035728082060813904
        ],
        [
            0.08176567405462265,
            -0.9320775866508484,
            0.056027255952358246
        ],
        [
            0.09460876137018204,
            -0.8986303806304932,
            0.0858343318104744
        ],
        [
            0.09175747632980347,
            -0.9005604982376099,
            0.10500025749206543
        ],
        [
            0.0868019238114357,
            -0.9166997075080872,
            0.10991796106100082
        ],
        [
            0.090268574655056,
            -0.9167886972427368,
            0.08691185712814331
        ],
        [
            0.07450532913208008,
            -0.9376692771911621,
            0.11292192339897156
        ],
        [
            0.07929926365613937,
            -0.9380916357040405,
            0.08544785529375076
        ],
        [
            0.06658753752708435,
            -0.7742938995361328,
            0.10123289376497269
        ],
        [
            0.06958407163619995,
            -0.7934497594833374,
            0.10381338000297546
        ],
        [
            0.061171386390924454,
            -0.7497848272323608,
            0.08428481221199036
        ],
        [
            0.06398601084947586,
            -0.7575598955154419,
            0.10116557776927948
        ],
        [
            0.05753377079963684,
            -0.9530007243156433,
            0.1121886819601059
        ],
        [
            0.0631370097398758,
            -0.955325722694397,
            0.080760158598423
        ],
        [
            0.06758835911750793,
            -0.8820593357086182,
            0.15023016929626465
        ],
        [
            0.07394051551818848,
            -0.8984208106994629,
            0.14287786185741425
        ],
        [
            0.08238931000232697,
            -0.8850027322769165,
            0.12906765937805176
        ],
        [
            0.07670634984970093,
