{
    "pred_cam": [
        1.7692947387695312,
        -0.0039217229932546616,
        0.6075138449668884
    ],
    "pred_smpl_params": {
        "global_orient": [
            [
                [
                    0.9929027557373047,
                    -0.07478314638137817,
                    0.09247510880231857
                ],
                [
                    -0.02803722955286503,
                    -0.9028345942497253,
                    -0.4290729761123657
                ],
                [
                    0.11557715386152267,
                    0.4234350025653839,
                    -0.8985236883163452
                ]
            ]
        ],
        "body_pose": [
            [
                [
                    0.9398787021636963,
                    -0.3406212329864502,
                    -0.024598389863967896
                ],
                [
                    0.28708669543266296,
                    0.7490407824516296,
                    0.5970921516418457
                ],
                [
                    -0.18495707213878632,
                    -0.568256139755249,
                    0.8017953038215637
                ]
            ],
            [
                [
                    0.9794881939888,
                    0.1978607475757599,
                    0.03813111409544945
                ],
                [
                    -0.1756124347448349,
                    0.7454255819320679,
                    0.6430404186248779
                ],
                [
                    0.09880855679512024,
                    -0.6365468502044678,
                    0.7648823857307434
                ]
            ],
            [
                [
                    0.9994858503341675,
                    0.03204751014709473,
                    -0.0009882495505735278
                ],
                [
                    -0.029229680076241493,
                    0.8980708718299866,
                    -0.43887847661972046
                ],
                [
                    -0.013177442364394665,
                    0.4386817216873169,
                    0.8985458612442017
                ]
            ],
            [
                [
                    0.9805698990821838,
                    0.08404044806957245,
                    -0.17725631594657898
                ],
                [
                    -0.1519680768251419,
                    -0.24596205353736877,
                    -0.9572921991348267
                ],
                [
                    -0.1240495815873146,
                    0.9656292796134949,
                    -0.22841152548789978
                ]
            ],
            [
                [
                    0.9749155044555664,
                    -0.11991295218467712,
                    0.1875120848417282
                ],
                [
                    0.15567117929458618,
                    -0.23477338254451752,
                    -0.9595041275024414
                ],
                [
                    0.15907977521419525,
                    0.9646255373954773,
                    -0.21021722257137299
                ]
            ],
            [
                [
                    0.9997337460517883,
                    0.022239787504076958,
                    0.006152601446956396
                ],
                [
                    -0.022456463426351547,
                    0.9990355968475342,
                    0.03773115575313568
                ],
                [
                    -0.005307534709572792,
                    -0.03785927593708038,
                    0.9992690086364746
                ]
            ],
            [
                [
                    0.9349451661109924,
                    -0.08909905701875687,
                    0.34342217445373535
                ],
                [
                    -0.030744783580303192,
                    0.9439659118652344,
                    0.3286077380180359
                ],
                [
                    -0.353457510471344,
                    -0.317788690328598,
                    0.879817008972168
                ]
            ],
            [
                [
                    0.9464468359947205,
                    0.11977389454841614,
                    -0.2998208701610565
                ],
                [
                    -0.002525024814531207,
                    0.9313591122627258,
                    0.36409303545951843
                ],
                [
                    0.32284975051879883,
                    -0.3438376784324646,
                    0.8817843198776245
                ]
            ],
            [
                [
                    0.9996718168258667,
                    0.024096308276057243,
                    -0.008699714206159115
                ],
                [
                    -0.023883938789367676,
                    0.9994328022003174,
                    0.023740461096167564
                ],
                [
                    0.009266837500035763,
                    -0.02352488599717617,
                    0.9996803402900696
                ]
            ],
            [
                [
                    0.989874541759491,
                    -0.13441045582294464,
                    -0.04563198611140251
                ],
                [
                    0.13964387774467468,
                    0.9797866344451904,
                    0.14324027299880981
                ],
                [
                    0.025456618517637253,
                    -0.1481621116399765,
                    0.9886354207992554
                ]
            ],
            [
                [
                    0.9961044192314148,
                    0.08003313094377518,
                    0.0370214618742466
                ],
                [
                    -0.08456375449895859,
                    0.9859926700592041,
                    0.14376161992549896
                ],
                [
                    -0.024997198954224586,
                    -0.1463322639465332,
                    0.9889195561408997
                ]
            ],
            [
                [
                    0.996934711933136,
                    0.02342424914240837,
                    0.07464830577373505
                ],
                [
                    -0.01451757363975048,
                    0.9929434657096863,
                    -0.11769689619541168
                ],
                [
                    -0.07687851041555405,
                    0.11625242233276367,
                    0.9902398586273193
                ]
            ],
            [
                [
                    0.9123884439468384,
                    -0.08904094994068146,
                    -0.3995233178138733
                ],
                [
                    0.17954973876476288,
                    0.9641988277435303,
                    0.19514741003513336
                ],
                [
                    0.3678438067436218,
                    -0.24978457391262054,
                    0.8957111239433289
                ]
            ],
            [
                [
                    0.9421291351318359,
                    0.047915417701005936,
                    0.33180856704711914
                ],
                [
                    -0.12025578320026398,
                    0.9721687436103821,
                    0.20106348395347595
                ],
                [
                    -0.3129398822784424,
                    -0.2293296456336975,
                    0.9216706156730652
                ]
            ],
            [
                [
                    0.9992352724075317,
                    -0.035576242953538895,
                    0.01622544601559639
                ],
                [
                    0.037420324981212616,
                    0.9904249310493469,
                    -0.13288405537605286
                ],
                [
                    -0.01134257111698389,
                    0.13338959217071533,
                    0.9909988045692444
                ]
            ],
            [
                [
                    0.8652014136314392,
                    0.06412328779697418,
                    -0.49730753898620605
                ],
                [
                    0.14231447875499725,
                    0.9196015000343323,
                    0.36616894602775574
                ],
                [
                    0.4808047115802765,
                    -0.3875839412212372,
                    0.7865148186683655
                ]
            ],
            [
                [
                    0.9158397316932678,
                    -0.10084137320518494,
                    0.38867542147636414
                ],
                [
                    -0.05039110779762268,
                    0.9314368367195129,
                    0.36039721965789795
                ],
                [
                    -0.39836955070495605,
                    -0.34965187311172485,
                    0.8479653596878052
                ]
            ],
            [
                [
                    0.17893710732460022,
                    -0.1550886631011963,
                    -0.9715602397918701
                ],
                [
                    0.5889655947685242,
                    0.8078983426094055,
                    -0.020490849390625954
                ],
                [
                    0.7880997657775879,
                    -0.568548858165741,
                    0.23590488731861115
                ]
            ],
            [
                [
                    0.11315756291151047,
                    0.22285915911197662,
                    0.9682609438896179
                ],
                [
                    -0.6116687059402466,
                    0.7835870981216431,
                    -0.10887006670236588
                ],
                [
                    -0.7829794883728027,
                    -0.5799354314804077,
                    0.2249847799539566
                ]
            ],
            [
                [
                    0.9839959144592285,
                    -0.17652110755443573,
                    -0.024338852614164352
                ],
                [
                    0.16910062730312347,
                    0.9681146144866943,
                    -0.18482163548469543
                ],
                [
                    0.056187719106674194,
                    0.17774800956249237,
                    0.9824706315994263
                ]
            ],
            [
                [
                    0.9866296648979187,
                    0.159955695271492,
                    0.03123924694955349
                ],
                [
                    -0.1554928719997406,
                    0.9812852740287781,
                    -0.11358339339494705
                ],
                [
                    -0.04882292449474335,
                    0.1072072833776474,
                    0.9930371046066284
                ]
            ],
            [
                [
                    0.99725741147995,
                    0.0670757070183754,
                    -0.0312824547290802
                ],
                [
                    -0.06757853925228119,
                    0.9975966215133667,
                    -0.015302901156246662
                ],
                [
                    0.03018081746995449,
                    0.017374953255057335,
                    0.9993935227394104
                ]
            ],
            [
                [
                    0.9957479238510132,
                    -0.08886997401714325,
                    0.024251556023955345
                ],
                [
                    0.08900883793830872,
                    0.996019721031189,
                    -0.004705542698502541
                ],
                [
                    -0.023736845701932907,
                    0.006844137329608202,
                    0.9996947646141052
                ]
            ]
        ],
        "betas": [
            -0.026179656386375427,
            -0.07224881649017334,
            -0.15566836297512054,
            -0.0925646424293518,
            0.07452160120010376,
            -0.07913240045309067,
            -0.0433182418346405,
            -0.021098405122756958,
            0.03023691475391388,
            -0.01284182071685791
        ]
    },
    "pred_cam_t": [
        -0.0039217229932546616,
        0.6075138449668884,
        22.078006744384766
    ],
    "focal_length": [
        5000.0,
        5000.0
    ],
    "pred_keypoints_3d": [
        [
            0.03729274868965149,
            -0.8048754930496216,
            -0.033073656260967255
        ],
        [
            -0.0010897810570895672,
            -0.7056906223297119,
            0.12774023413658142
        ],
        [
            -0.17101234197616577,
            -0.6621147394180298,
            0.08761829137802124
        ],
        [
            -0.3470955491065979,
            -0.7190356254577637,
            -0.0882364958524704
        ],
        [
            -0.25300437211990356,
            -0.9549549221992493,
            -0.11639976501464844
        ],
        [
            0.16402235627174377,
            -0.651322603225708,
            0.1166723221540451
        ],
        [
            0.35887813568115234,
            -0.7299208045005798,
            -0.03899841010570526
        ],
        [
            0.265848308801651,
            -0.9597631096839905,
            -0.06635788083076477
        ],
        [
            -0.0016837110742926598,
            -0.22165760397911072,
            0.028603797778487206
        ],
        [
            -0.06295018643140793,
            -0.1364380568265915,
            -0.013733239844441414
        ],
        [
            -0.13260585069656372,
            0.023222029209136963,
            -0.35563430190086365
        ],
        [
            -0.08929887413978577,
            0.3113817870616913,
            -0.0812319815158844
        ],
        [
            0.07399807870388031,
            -0.1384575068950653,
            0.004116952419281006
        ],
        [
            0.27164244651794434,
            0.01723739504814148,
            -0.2753896415233612
        ],
        [
            0.17174211144447327,
            0.2935065031051636,
            -0.004060328006744385
        ],
        [
            -0.0005445224232971668,
            -0.8468965888023376,
            -0.009732291102409363
        ],
        [
            0.0652598962187767,
            -0.8454475402832031,
            0.0022590383887290955
        ],
        [
            -0.06067795678973198,
            -0.8393075466156006,
            0.07818476855754852
        ],
        [
            0.08538977056741714,
            -0.8372134566307068,
            0.10246839374303818
        ],
        [
            0.2857612371444702,
            0.4015789031982422,
            -0.12529021501541138
        ],
        [
            0.3084021210670471,
            0.37674927711486816,
            -0.04986774921417236
        ],
        [
            0.14525531232357025,
            0.29725342988967896,
            0.061564117670059204
        ],
        [
            -0.12161946296691895,
            0.41100913286209106,
            -0.24888312816619873
        ],
        [
            -0.182792529463768,
            0.399556040763855,
            -0.18958845734596252
        ],
        [
            -0.08473149687051773,
            0.33449751138687134,
            -0.010150164365768433
        ],
        [
            -0.11365273594856262,
            0.25754478573799133,
            -0.0832289457321167
        ],
        [
            -0.12942370772361755,
            -0.00618771044537425,
            -0.32467570900917053
        ],
        [
            -0.15561747550964355,
            -0.23253200948238373,
            0.04482674598693848
        ],
        [
            0.1420557200908661,
            -0.22514282166957855,
            0.08837413787841797
        ],
        [
            0.27304694056510925,
            -0.002492437604814768,
            -0.25361168384552
        ],
        [
            0.1748284101486206,
            0.24970467388629913,
            -0.001556091709062457
        ],
        [
            -0.2341562807559967,
            -0.932807445526123,
            -0.09275181591510773
        ],
        [
            -0.3460555970668793,
            -0.7428945302963257,
            -0.0582871288061142
        ],
        [
            -0.14282657206058502,
            -0.6838487982749939,
            0.10348553955554962
        ],
        [
            0.1438925564289093,
            -0.6737073659896851,
            0.1337069571018219
        ],
        [
            0.348879873752594,
            -0.7530403733253479,
            -0.0019737558905035257
        ],
        [
            0.2621450424194336,
            -0.9508621096611023,
            -0.04599113389849663
        ],
        [
            0.002129950560629368,
            -0.7042878270149231,
            0.13075852394104004
        ],
        [
            0.022099871188402176,
            -0.8894202709197998,
            0.07240039110183716
        ],
        [
            -0.0066200015135109425,
            -0.22861647605895996,
            0.06623075902462006
        ],
        [
            0.0002347547560930252,
            -0.66945481300354,
            0.11712856590747833
        ],
        [
            -0.015080689452588558,
            -0.46924060583114624,
            0.11038804799318314
        ],
        [
            0.027940645813941956,
            -0.7801226377487183,
            0.04442116618156433
        ],
        [
            0.016407430171966553,
            -0.9089660048484802,
            0.07902862876653671
        ]
    ],
    "pred_vertices": [
        [
            0.07835537195205688,
            -0.8909940719604492,
            0.0015724822878837585
        ],
        [
            0.07346419990062714,
            -0.876807451248169,
            -0.005050748586654663
        ],
        [
            0.08269499987363815,
            -0.873735785484314,
            0.0055978745222091675
        ],
        [
            0.0863291546702385,
            -0.8841123580932617,
            0.015416979789733887
        ],
        [
            0.07954832911491394,
            -0.864370584487915,
            -0.0002184659242630005
        ],
        [
            0.07088016718626022,
            -0.8658487796783447,
            -0.008535243570804596
        ],
        [
            0.08717387914657593,
            -0.8677690029144287,
            0.017335668206214905
        ],
        [
            0.08987028896808624,
            -0.8754218220710754,
            0.0288146510720253
        ],
        [
            0.08943186700344086,
            -0.8316330909729004,
            0.031588390469551086
        ],
        [
            0.09084416180849075,
            -0.8266690969467163,
            0.04229240119457245
        ],
        [
            0.09152819216251373,
            -0.8394266963005066,
            0.039580829441547394
        ],
        [
            0.0882575586438179,
            -0.8409086465835571,
            0.029911629855632782
        ],
        [
            0.08587132394313812,
            -0.8063877820968628,
            0.03571440279483795
        ],
        [
            0.08125323057174683,
            -0.7971801161766052,
            0.026539824903011322
        ],
        [
            0.08105599880218506,
            -0.7883995771408081,
            0.03694590553641319
        ],
        [
            0.08447690308094025,
            -0.7972480654716492,
            0.04664409160614014
        ],
        [
            0.05503905564546585,
            -0.8116592168807983,
            -0.0031809285283088684
        ],
        [
            0.05972910299897194,
            -0.8048316240310669,
            -0.000841967761516571
        ],
        [
            0.06374110281467438,
            -0.8113198280334473,
            0.0003341957926750183
        ],
        [
            0.05807526782155037,
            -0.8173834085464478,
            -0.0017707347869873047
        ],
        [
            0.047438569366931915,
            -0.8215664029121399,
            -0.011515744030475616
        ],
        [
            0.04781818389892578,
            -0.8271019458770752,
            -0.008196122944355011
        ],
        [
            0.04438076913356781,
            -0.8310052752494812,
            -0.014370396733283997
        ],
        [
            0.044881243258714676,
            -0.8246647715568542,
            -0.01843157410621643
        ],
        [
            0.04971832036972046,
            -0.80655437707901,
            -0.004444122314453125
        ],
        [
            0.05444737896323204,
            -0.7996541261672974,
            -0.0012436136603355408
        ],
        [
            0.05087647959589958,
            -0.8173637390136719,
            -0.00575699657201767
        ],
        [
            0.04933422803878784,
            -0.8131524324417114,
            -0.008385419845581055
        ],
        [
            0.048022568225860596,
            -0.8069664239883423,
            -0.018924474716186523
        ],
        [
            0.049531325697898865,
            -0.8116652965545654,
            -0.017337456345558167
        ],
        [
            0.04775146767497063,
            -0.8126971125602722,
            -0.024935849010944366
        ],
        [
            0.04601370543241501,
            -0.8071420192718506,
            -0.02421192079782486
        ],
        [
            0.04901103675365448,
            -0.8065410852432251,
            -0.009475141763687134
        ],
        [
            0.05026904121041298,
            -0.8093312978744507,
            -0.012117825448513031
        ],
        [
            0.04798855260014534,
            -0.8056836128234863,
            -0.01479579508304596
        ],
        [
            0.04587119445204735,
            -0.8037065267562866,
            -0.011919654905796051
        ],
        [
            0.04738534241914749,
            -0.8175320625305176,
            -0.014363840222358704
        ],
        [
            0.04593094810843468,
            -0.8192225098609924,
            -0.021840989589691162
        ],
        [
            0.0436602383852005,
            -0.8206620216369629,
            -0.029693827033042908
        ],
        [
            0.04488536715507507,
            -0.8121334314346313,
            -0.03241434693336487
        ],
        [
            0.06805877387523651,
            -0.791083812713623,
            0.008491523563861847
        ],
        [
            0.0646439865231514,
            -0.7981270551681519,
            0.002852804958820343
        ],
        [
            0.059513289481401443,
            -0.7934169769287109,
            0.0017597824335098267
        ],
        [
            0.0632033571600914,
            -0.7877146005630493,
            0.005834922194480896
        ],
        [
            0.04633059352636337,
            -0.8004927039146423,
            -0.008135601878166199
        ],
        [
            0.0489649623632431,
            -0.7845442295074463,
            -0.006481394171714783
        ],
        [
            0.04952259734272957,
            -0.788234293460846,
            -0.006874687969684601
        ],
        [
            0.04453210532665253,
            -0.7892290353775024,
            -0.012069545686244965
        ],
        [
            0.044607460498809814,
            -0.785754919052124,
            -0.011371172964572906
        ],
        [
            0.07023502141237259,
            -0.7768641114234924,
            0.018834717571735382
        ],
        [
            0.06575337052345276,
            -0.7757610082626343,
            0.013217106461524963
        ],
        [
            0.06518672406673431,
            -0.7689279317855835,
            0.01631873846054077
        ],
        [
            0.06866592913866043,
            -0.7687294483184814,
            0.022932525724172592
        ],
        [
            0.06216857582330704,
            -0.7632690668106079,
            0.01714703068137169
        ],
        [
            0.0660153478384018,
            -0.7609915733337402,
            0.02623629942536354
        ],
        [
            0.05649399757385254,
            -0.7472206950187683,
            0.025038521736860275
        ],
        [
            0.06124347075819969,
            -0.7531904578208923,
            0.025827530771493912
        ],
        [
            0.05826272442936897,
            -0.7576972842216492,
            0.01617014780640602
        ],
        [
            0.05367126688361168,
            -0.7525994777679443,
            0.01209801435470581
        ],
        [
            0.044275179505348206,
            -0.7574633359909058,
            0.0008904114365577698
        ],
        [
            0.03921157866716385,
            -0.7562653422355652,
            -0.0029764771461486816
        ],
        [
            0.04228724166750908,
            -0.7442283630371094,
            0.0011241361498832703
        ],
        [
            0.047908246517181396,
            -0.7474395036697388,
            0.005914356559514999
        ],
        [
            0.04761560261249542,
            -0.7786216735839844,
            -0.002023249864578247
        ],
        [
            0.05071060359477997,
            -0.7787566184997559,
            0.0016868934035301208
        ],
        [
            0.05158677697181702,
            -0.7800511121749878,
            -0.0005924180150032043
        ],
        [
            0.04842811077833176,
            -0.7812104225158691,
            -0.004769265651702881
        ],
        [
            0.053605128079652786,
            -0.7784700393676758,
            0.004286542534828186
        ],
        [
            0.05500724911689758,
            -0.7781251072883606,
            0.005403563380241394
        ],
        [
            0.05518633872270584,
            -0.7793453931808472,
            0.004124194383621216
        ],
        [
            0.05375853180885315,
            -0.7793034315109253,
            0.0035856515169143677
        ],
        [
            0.05198937654495239,
            -0.778982400894165,
            0.002512305974960327
        ],
        [
            0.05108685791492462,
            -0.7770561575889587,
            0.0019557103514671326
        ],
        [
            0.052832238376140594,
            -0.7777000069618225,
            0.003573700785636902
        ],
        [
            0.04832754284143448,
            -0.7762190103530884,
            -0.0015825703740119934
        ],
        [
            0.03779022395610809,
            -0.7740371227264404,
            -0.012029841542243958
        ],
        [
            0.04131380096077919,
            -0.7743468880653381,
            -0.009757429361343384
        ],
        [
            0.04006597399711609,
            -0.7787981033325195,
            -0.009599387645721436
        ],
        [
            0.03703717887401581,
            -0.7789575457572937,
            -0.011580146849155426
        ],
        [
            0.05394047498703003,
            -0.7815443277359009,
            0.001849338412284851
        ],
        [
            0.05655805766582489,
            -0.7826420068740845,
            0.0028624609112739563
        ],
        [
            0.0538177490234375,
            -0.7853488922119141,
            -0.0015378296375274658
        ],
        [
            0.05238240957260132,
            -0.7827574610710144,
            -0.000992216169834137
        ],
        [
            0.05933419615030289,
            -0.7843977212905884,
            0.003390379250049591
        ],
        [
            0.05731727182865143,
            -0.7804580926895142,
            0.005083173513412476
        ],
        [
            0.06003189459443092,
            -0.7811846137046814,
            0.006342373788356781
        ],
        [
            0.05438346415758133,
            -0.7764289975166321,
            0.005326792597770691
        ],
        [
            0.05652742087841034,
            -0.7746692895889282,
            0.007449232041835785
        ],
        [
            0.057525649666786194,
            -0.777173638343811,
            0.006429359316825867
        ],
        [
            0.05449856072664261,
            -0.7714792490005493,
            0.006720192730426788
        ],
        [
            0.052157923579216,
            -0.7745446562767029,
            0.003808222711086273
        ],
        [
            0.04932016879320145,
            -0.7726970911026001,
            0.0004122927784919739
        ],
        [
            0.04559019207954407,
            -0.7710817456245422,
            -0.003913581371307373
        ],
        [
            0.046955473721027374,
            -0.7662842273712158,
            -0.00011859089136123657
        ],
        [
            0.05124448984861374,
            -0.7685374021530151,
            0.0038636252284049988
        ],
        [
            0.055837634950876236,
            -0.7892769575119019,
            -0.000640377402305603
        ],
        [
            0.061053648591041565,
            -0.7765030860900879,
            0.00942017138004303
        ],
        [
            0.06481349468231201,
            -0.7827284336090088,
            0.009863480925559998
        ],
        [
            0.06030517816543579,
            -0.7718062400817871,
            0.010766170918941498
        ],
        [
            0.057907283306121826,
            -0.7674291133880615,
            0.010882087051868439
        ],
        [
            0.05413144454360008,
            -0.7633187174797058,
            0.008951373398303986
        ],
        [
            0.04937956854701042,
            -0.7601679563522339,
            0.0049235522747039795
        ],
        [
            0.04126596823334694,
            -0.7362157106399536,
            0.013337723910808563
        ],
        [
            0.04871927201747894,
            -0.7408599853515625,
            0.01830146834254265
        ],
        [
            0.06770134717226028,
            -0.8587533235549927,
            -0.005906514823436737
        ],
        [
            0.07563306391239166,
            -0.8577432632446289,
            -0.0013971254229545593
        ],
        [
            0.07431992888450623,
            -0.8501811027526855,
            0.004122041165828705
        ],
        [
            0.07652837038040161,
            -0.8521419167518616,
            0.004472196102142334
        ],
        [
            0.07194801419973373,
            -0.8539081811904907,
            -3.772228956222534e-05
        ],
        [
            0.07081089913845062,
            -0.8514432907104492,
            0.001002684235572815
        ],
        [
            0.08362197875976562,
            -0.8432571291923523,
            0.022766530513763428
        ],
        [
            0.07997657358646393,
            -0.8450796604156494,
            0.01709732413291931
        ],
        [
            0.07952845841646194,
            -0.8413209915161133,
            0.019026294350624084
        ],
        [
            0.08452218025922775,
            -0.8365391492843628,
            0.024479687213897705
        ],
        [
            0.0735805556178093,
            -0.8336855173110962,
            0.010814294219017029
        ],
        [
            0.07698336988687515,
            -0.8348512053489685,
            0.014973841607570648
        ],
        [
            0.07440507411956787,
            -0.8417015075683594,
            0.010900266468524933
        ],
        [
            0.07178756594657898,
            -0.8408203125,
            0.007920965552330017
        ],
        [
            0.06870581954717636,
            -0.8404204845428467,
            0.004998326301574707
        ],
        [
            0.06480525434017181,
            -0.8404524326324463,
            0.002979584038257599
        ],
        [
            0.06464634835720062,
            -0.8352294564247131,
            0.003932327032089233
        ],
        [
            0.06914950162172318,
            -0.8341495394706726,
            0.006887167692184448
        ],
        [
            0.06588700413703918,
            -0.8554049730300903,
            -0.002727717161178589
        ],
        [
            0.05861305445432663,
            -0.8548071384429932,
            -0.003994286060333252
        ],
        [
            0.05959257483482361,
            -0.8519783020019531,
            -0.0027893036603927612
        ],
        [
            0.06572932004928589,
            -0.85230952501297,
            -0.002011209726333618
        ],
        [
            0.04825933277606964,
            -0.8461086750030518,
            -0.00014489144086837769
        ],
        [
            0.04978355020284653,
            -0.8484193086624146,
            -0.0009781867265701294
        ],
        [
            0.046578504145145416,
            -0.8500270843505859,
            -0.0029181018471717834
        ],
        [
            0.04539579153060913,
            -0.8456223607063293,
            -0.0020653456449508667
        ],
        [
            0.04749391973018646,
            -0.842535138130188,
            -0.0015143007040023804
        ],
        [
            0.04948980361223221,
            -0.8444346189498901,
            -0.00019427388906478882
        ],
        [
            0.07012137025594711,
            -0.9124524593353271,
            -0.00024100393056869507
        ],
        [
            0.0670892596244812,
            -0.8961151242256165,
            -0.008851900696754456
        ],
        [
            0.08156601339578629,
            -0.9062724113464355,
            0.01520121842622757
        ],
        [
            0.0882222056388855,
            -0.8959046602249146,
            0.02949810028076172
        ],
        [
            0.09212110191583633,
            -0.8828297853469849,
            0.04202790558338165
        ],
        [
            0.075779989361763,
            -0.7813186645507812,
            0.027146577835083008
        ],
        [
            0.07503965497016907,
            -0.7727091908454895,
            0.03395814076066017
        ],
        [
            0.08028262853622437,
            -0.780265212059021,
            0.047173094004392624
        ],
        [
            0.07649009674787521,
            -0.7703424692153931,
            0.05170847102999687
        ],
        [
            0.07136664539575577,
            -0.7626214027404785,
            0.037861309945583344
        ],
        [
            0.05633511394262314,
            -0.744892954826355,
            0.038663510233163834
        ],
        [
            0.06502802670001984,
            -0.7526161670684814,
            0.03945934772491455
        ],
        [
            0.0697077065706253,
            -0.7607750296592712,
            0.056494709104299545
        ],
        [
            0.07479746639728546,
            -0.7736358046531677,
            0.07213084399700165
        ],
        [
            0.07996932417154312,
            -0.7805352210998535,
            0.06465432792901993
        ],
        [
            0.07703904062509537,
            -0.789826512336731,
            0.08417781442403793
        ],
        [
            0.06688603013753891,
            -0.7661340236663818,
            0.08266044408082962
        ],
        [
            0.07205642759799957,
            -0.7894390821456909,
            0.09206290543079376
        ],
        [
            0.05124826729297638,
            -0.7310175895690918,
            0.07662069797515869
        ],
        [
            0.05196090042591095,
            -0.7197445631027222,
            0.0803968533873558
        ],
        [
            0.059106383472681046,
            -0.726158618927002,
            0.09593310207128525
        ],
        [
            0.059442855417728424,
            -0.7374767065048218,
            0.09165751188993454
        ],
        [
            0.08344902098178864,
            -0.7882455587387085,
            0.056972064077854156
        ],
        [
            0.09156788885593414,
            -0.8509173393249512,
            0.04666716605424881
        ],
        [
            0.09082851558923721,
            -0.8502400517463684,
            0.03496381640434265
        ],
        [
            0.09189040958881378,
            -0.8382595777511597,
            0.051159992814064026
        ],
        [
            0.09259028732776642,
            -0.9119333028793335,
            0.06371963769197464
        ],
        [
            0.08894478529691696,
            -0.9057735204696655,
            0.04576706141233444
        ],
        [
            0.09431277215480804,
            -0.8909237384796143,
            0.0546906515955925
        ],
        [
            0.09518386423587799,
            -0.8985147476196289,
            0.0705425813794136
        ],
        [
            0.07006841897964478,
            -0.9476738572120667,
            0.045884281396865845
        ],
        [
            0.07163447141647339,
            -0.9327266216278076,
            0.021874263882637024
        ],
        [
            0.0799395740032196,
            -0.9213995933532715,
            0.033139728009700775
        ],
        [
            0.08167609572410583,
            -0.9329410195350647,
            0.05317292362451553
        ],
        [
            0.0944596454501152,
            -0.9001445174217224,
            0.08381957560777664
        ],
        [
            0.09165773540735245,
            -0.9025389552116394,
            0.1029730886220932
        ],
        [
            0.0868087112903595,
            -0.9188840389251709,
            0.10747330635786057
        ],
        [
            0.09020272642374039,
            -0.9183402061462402,
            0.08442634344100952
        ],
        [
            0.07458309829235077,
            -0.9400389194488525,
            0.11000104993581772
        ],
        [
            0.07930522412061691,
            -0.9397438764572144,
            0.0824422538280487
        ],
        [
            0.06598837673664093,
            -0.7758946418762207,
            0.10204611718654633
        ],
        [
            0.06901726126670837,
            -0.7951826453208923,
            0.10433409363031387
        ],
        [
            0.06054757535457611,
            -0.7510054111480713,
            0.08536367118358612
        ],
        [
            0.06337229907512665,
            -0.7591221332550049,
            0.10217848420143127
        ],
        [
            0.057631876319646835,
            -0.9555373787879944,
            0.1089465469121933
        ],
        [
            0.0631684958934784,
            -0.9569864273071289,
            0.07734320312738419
        ],
        [
            0.06747953593730927,
            -0.8851068019866943,
            0.14884774386882782
        ],
        [
            0.07388220727443695,
            -0.9013373255729675,
            0.1410127878189087
        ],
        [
            0.08223041892051697,
            -0.8875182867050171,
            0.12748941779136658
        ],
        [
            0.0765126645565033,
