{
    "pred_cam": [
        1.7851307392120361,
        0.0009588990360498428,
        0.6102482080459595
    ],
    "pred_smpl_params": {
        "global_orient": [
            [
                [
                    0.9923207759857178,
                    -0.07472436130046844,
                    0.09856830537319183
                ],
                [
                    -0.027019796893000603,
                    -0.9086009860038757,
                    -0.4167903959751129
                ],
                [
                    0.12070365250110626,
                    0.41092649102211,
                    -0.9036426544189453
                ]
            ]
        ],
        "body_pose": [
            [
                [
                    0.9372386932373047,
                    -0.34854596853256226,
                    -0.009963775053620338
                ],
                [
                    0.2929007112979889,
                    0.771461546421051,
                    0.5648505091667175
                ],
                [
                    -0.18918973207473755,
                    -0.5323181748390198,
                    0.8251329660415649
                ]
            ],
            [
                [
                    0.9767436981201172,
                    0.21244271099567413,
                    0.028981156647205353
                ],
                [
                    -0.18641825020313263,
                    0.7746560573577881,
                    0.604281485080719
                ],
                [
                    0.10592478513717651,
                    -0.5956307053565979,
                    0.7962436079978943
                ]
            ],
            [
                [
                    0.9994921684265137,
                    0.0318635068833828,
                    -8.769219857640564e-05
                ],
                [
                    -0.028979334980249405,
                    0.9078708291053772,
                    -0.41824716329574585
                ],
                [
                    -0.013247206807136536,
                    0.4180373549461365,
                    0.9083331823348999
                ]
            ],
            [
                [
                    0.9820097088813782,
                    0.08470726758241653,
                    -0.1687650978565216
                ],
                [
                    -0.15559983253479004,
                    -0.14336389303207397,
                    -0.9773615002632141
                ],
                [
                    -0.106984443962574,
                    0.9860382676124573,
                    -0.12760430574417114
                ]
            ],
            [
                [
                    0.9782582521438599,
                    -0.11169122904539108,
                    0.1747450828552246
                ],
                [
                    0.1593552976846695,
                    -0.13442933559417725,
                    -0.9780258536338806
                ],
                [
                    0.13272777199745178,
                    0.9846084713935852,
                    -0.1137080192565918
                ]
            ],
            [
                [
                    0.9997498393058777,
                    0.021684227511286736,
                    0.005483628250658512
                ],
                [
                    -0.021855538710951805,
                    0.9992032647132874,
                    0.03339412808418274
                ],
                [
                    -0.004755133297294378,
                    -0.033505622297525406,
                    0.9994271993637085
                ]
            ],
            [
                [
                    0.9381999969482422,
                    -0.06822081655263901,
                    0.3393033444881439
                ],
                [
                    -0.0410180501639843,
                    0.9515523910522461,
                    0.3047385513782501
                ],
                [
                    -0.34365442395210266,
                    -0.29982325434684753,
                    0.8899481892585754
                ]
            ],
            [
                [
                    0.9497629404067993,
                    0.09372546523809433,
                    -0.2986066937446594
                ],
                [
                    0.013449344784021378,
                    0.9410013556480408,
                    0.33813539147377014
                ],
                [
                    0.3126811981201172,
                    -0.3251644968986511,
                    0.8924676775932312
                ]
            ],
            [
                [
                    0.999672532081604,
                    0.024228794500231743,
                    -0.008234817534685135
                ],
                [
                    -0.024048084393143654,
                    0.9994822144508362,
                    0.021377461031079292
                ],
                [
                    0.008748503401875496,
                    -0.021172428503632545,
                    0.999737560749054
                ]
            ],
            [
                [
                    0.9886703491210938,
                    -0.14535433053970337,
                    -0.03745807707309723
                ],
                [
                    0.14928078651428223,
                    0.9782329797744751,
                    0.14413714408874512
                ],
                [
                    0.01569177210330963,
                    -0.14809587597846985,
                    0.9888485670089722
                ]
            ],
            [
                [
                    0.994461178779602,
                    0.09837503731250763,
                    0.03700444847345352
                ],
                [
                    -0.10258444398641586,
                    0.9851061701774597,
                    0.1379936933517456
                ],
                [
                    -0.022878173738718033,
                    -0.14102545380592346,
                    0.9897415637969971
                ]
            ],
            [
                [
                    0.9975112676620483,
                    0.02074972726404667,
                    0.06738479435443878
                ],
                [
                    -0.012816783040761948,
                    0.9931557774543762,
                    -0.11609186977148056
                ],
                [
                    -0.06933247298002243,
                    0.11493928730487823,
                    0.9909500479698181
                ]
            ],
            [
                [
                    0.9091910123825073,
                    -0.08960090577602386,
                    -0.4066244065761566
                ],
                [
                    0.18036065995693207,
                    0.9649473428726196,
                    0.19064804911613464
                ],
                [
                    0.37528887391090393,
                    -0.2466745376586914,
                    0.8934819102287292
                ]
            ],
            [
                [
                    0.9424474239349365,
                    0.05582844465970993,
                    0.32966047525405884
                ],
                [
                    -0.12472037225961685,
                    0.9734982252120972,
                    0.19169272482395172
                ],
                [
                    -0.31022194027900696,
                    -0.22177569568157196,
                    0.9244338274002075
                ]
            ],
            [
                [
                    0.9990295767784119,
                    -0.041284505277872086,
                    0.015346699394285679
                ],
                [
                    0.043095167726278305,
                    0.98819500207901,
                    -0.1470153033733368
                ],
                [
                    -0.009096076712012291,
                    0.14753399789333344,
                    0.9890152215957642
                ]
            ],
            [
                [
                    0.8578070402145386,
                    0.08155304193496704,
                    -0.5074604749679565
                ],
                [
                    0.12964290380477905,
                    0.9210743308067322,
                    0.36717143654823303
                ],
                [
                    0.4973526895046234,
                    -0.3807508945465088,
                    0.7795313000679016
                ]
            ],
            [
                [
                    0.921205461025238,
                    -0.10813037306070328,
                    0.3737490177154541
                ],
                [
                    -0.03620806708931923,
                    0.9326115250587463,
                    0.35906100273132324
                ],
                [
                    -0.3873880207538605,
                    -0.34430167078971863,
                    0.855211615562439
                ]
            ],
            [
                [
                    0.17727293074131012,
                    -0.15067747235298157,
                    -0.9725589752197266
                ],
                [
                    0.5832500457763672,
                    0.812058687210083,
                    -0.01949959062039852
                ],
                [
                    0.792712926864624,
                    -0.5637882351875305,
                    0.2318386733531952
                ]
            ],
            [
                [
                    0.1166095957159996,
                    0.21695201098918915,
                    0.969192385673523
                ],
                [
                    -0.6045523881912231,
                    0.7897410988807678,
                    -0.10404468327760696
                ],
                [
                    -0.7879838943481445,
                    -0.5737950205802917,
                    0.22325025498867035
                ]
            ],
            [
                [
                    0.9836258888244629,
                    -0.17777258157730103,
                    -0.029613887891173363
                ],
                [
                    0.17075520753860474,
                    0.9718446135520935,
                    -0.16235949099063873
                ],
                [
                    0.05764317139983177,
                    0.15464428067207336,
                    0.9862871170043945
                ]
            ],
            [
                [
                    0.9865264892578125,
                    0.15879686176776886,
                    0.039359308779239655
                ],
                [
                    -0.15474918484687805,
                    0.9838030934333801,
                    -0.09046627581119537
                ],
                [
                    -0.053087569773197174,
                    0.08315654844045639,
                    0.9951214790344238
                ]
            ],
            [
                [
                    0.9971373677253723,
                    0.06861234456300735,
                    -0.031771887093782425
                ],
                [
                    -0.06904483586549759,
                    0.9975324869155884,
                    -0.01272042840719223
                ],
                [
                    0.030820708721876144,
                    0.014877699315547943,
                    0.9994142651557922
                ]
            ],
            [
                [
                    0.9955518245697021,
                    -0.0905809998512268,
                    0.02591395191848278
                ],
                [
                    0.0906238779425621,
                    0.9958851337432861,
                    -0.0004822741320822388
                ],
                [
                    -0.025763632729649544,
                    0.0028285516891628504,
                    0.9996640682220459
                ]
            ]
        ],
        "betas": [
            -0.027366265654563904,
            0.003189265727996826,
            -0.11439140141010284,
            -0.0900549590587616,
            0.056631386280059814,
            -0.08589553087949753,
            -0.04531696438789368,
            -0.010701775550842285,
            0.03192777931690216,
            -0.021062254905700684
        ]
    },
    "pred_cam_t": [
        0.0009588990360498428,
        0.6102482080459595,
        21.882150650024414
    ],
    "focal_length": [
        5000.0,
        5000.0
    ],
    "pred_keypoints_3d": [
        [
            0.03610139340162277,
            -0.8051737546920776,
            -0.0335693284869194
        ],
        [
            -0.0014167665503919125,
            -0.7066745758056641,
            0.1274709403514862
        ],
        [
            -0.1701948195695877,
            -0.6636301875114441,
            0.08667194843292236
        ],
        [
            -0.3480271100997925,
            -0.7173113822937012,
            -0.08853258192539215
        ],
        [
            -0.254342257976532,
            -0.9526326060295105,
            -0.12338991463184357
        ],
        [
            0.16293838620185852,
            -0.6524168848991394,
            0.11651594936847687
        ],
        [
            0.35451680421829224,
            -0.7289726138114929,
            -0.04439646005630493
        ],
        [
            0.2599278688430786,
            -0.9579864144325256,
            -0.07364380359649658
        ],
        [
            -0.001692070160061121,
            -0.22149324417114258,
            0.028142180293798447
        ],
        [
            -0.06271852552890778,
            -0.13583338260650635,
            -0.013138100504875183
        ],
        [
            -0.1373385190963745,
            0.044649749994277954,
            -0.3442547917366028
        ],
        [
            -0.10004265606403351,
            0.34450671076774597,
            -0.0809972882270813
        ],
        [
            0.07364071160554886,
            -0.13771450519561768,
            0.0053765978664159775
        ],
        [
            0.27498406171798706,
            0.03526082634925842,
            -0.2620701193809509
        ],
        [
            0.18213516473770142,
            0.3259306848049164,
            -0.002762705087661743
        ],
        [
            -0.0018365774303674698,
            -0.8473091125488281,
            -0.010513558983802795
        ],
        [
            0.06391763687133789,
            -0.8463085889816284,
            0.0010755360126495361
        ],
        [
            -0.06128629669547081,
            -0.8403342962265015,
            0.07763197273015976
        ],
        [
            0.08453619480133057,
            -0.8391836285591125,
            0.10114559531211853
        ],
        [
            0.2985159754753113,
            0.4299396276473999,
            -0.12578952312469482
        ],
        [
            0.31967395544052124,
            0.40715909004211426,
            -0.04939478635787964
        ],
        [
            0.1550639122724533,
            0.33260565996170044,
            0.062689870595932
        ],
        [
            -0.13439780473709106,
            0.44194746017456055,
            -0.24985580146312714
        ],
        [
            -0.19469119608402252,
            0.43088048696517944,
            -0.18967346847057343
        ],
        [
            -0.09541033208370209,
            0.3690827488899231,
            -0.010240674018859863
        ],
        [
            -0.12275287508964539,
            0.29008543491363525,
            -0.0810968428850174
        ],
        [
            -0.13330408930778503,
            0.012012558057904243,
            -0.3145241439342499
        ],
        [
            -0.15452668070793152,
            -0.2339155077934265,
            0.04254147782921791
        ],
        [
            0.14062093198299408,
            -0.22613713145256042,
            0.08763588219881058
        ],
        [
            0.27574658393859863,
            0.01320742443203926,
            -0.24130861461162567
        ],
        [
            0.18369922041893005,
            0.2824823558330536,
            0.0015037371776998043
        ],
        [
            -0.23552322387695312,
            -0.9309549331665039,
            -0.09899072349071503
        ],
        [
            -0.3465384840965271,
            -0.7417722940444946,
            -0.05900418013334274
        ],
        [
            -0.14232052862644196,
            -0.6849790811538696,
            0.10255300998687744
        ],
        [
            0.14279629290103912,
            -0.674638569355011,
            0.13323092460632324
        ],
        [
            0.34518155455589294,
            -0.7525249719619751,
            -0.007518475875258446
        ],
        [
            0.2568616271018982,
            -0.9493238925933838,
            -0.052952855825424194
        ],
        [
            0.0018783998675644398,
            -0.7055821418762207,
            0.1302403211593628
        ],
        [
            0.020995914936065674,
            -0.8907130360603333,
            0.07091842591762543
        ],
        [
            -0.006775718182325363,
            -0.22983279824256897,
            0.06472750753164291
        ],
        [
            -2.263486385345459e-05,
            -0.670547604560852,
            0.11647678166627884
        ],
        [
            -0.015475740656256676,
            -0.4704855680465698,
            0.10958883166313171
        ],
        [
            0.027238957583904266,
            -0.781282901763916,
            0.04399929195642471
        ],
        [
            0.015215238556265831,
            -0.9102413654327393,
            0.07727622985839844
        ]
    ],
    "pred_vertices": [
        [
            0.0768267810344696,
            -0.891887903213501,
            -0.000165596604347229
        ],
        [
            0.07192526757717133,
            -0.8776580095291138,
            -0.006536446511745453
        ],
        [
            0.0812605693936348,
            -0.8747305274009705,
            0.004036866128444672
        ],
        [
            0.08490467071533203,
            -0.8852075338363647,
            0.013704784214496613
        ],
        [
            0.07813166081905365,
            -0.8653128743171692,
            -0.0016701370477676392
        ],
        [
            0.06941727548837662,
            -0.8666573762893677,
            -0.009959153831005096
        ],
        [
            0.08582297712564468,
            -0.8689125776290894,
            0.015776462852954865
        ],
        [
            0.08848898857831955,
            -0.8767185211181641,
            0.02716994285583496
        ],
        [
            0.08807408064603806,
            -0.8330427408218384,
            0.030331335961818695
        ],
        [
            0.08959081768989563,
            -0.8282932043075562,
            0.04101984202861786
        ],
        [
            0.09023680537939072,
            -0.8409324884414673,
            0.03829977661371231
        ],
        [
            0.08697951585054398,
            -0.8422472476959229,
            0.02861177921295166
        ],
        [
            0.08479118347167969,
            -0.807746410369873,
            0.03476831316947937
        ],
        [
            0.08018502593040466,
            -0.7984189391136169,
            0.025768741965293884
        ],
        [
            0.08008590340614319,
            -0.7897448539733887,
            0.036228761076927185
        ],
        [
            0.08354021608829498,
            -0.798701286315918,
            0.04578137397766113
        ],
        [
            0.05383090302348137,
            -0.8124327659606934,
            -0.0038800835609436035
        ],
        [
            0.05854612961411476,
            -0.8056583404541016,
            -0.0014832168817520142
        ],
        [
            0.06251293420791626,
            -0.8121839761734009,
            -0.00039093196392059326
        ],
        [
            0.05682359263300896,
            -0.8181856870651245,
            -0.002534151077270508
        ],
        [
            0.0462091863155365,
            -0.8222095966339111,
            -0.01227494329214096
        ],
        [
            0.04655671864748001,
            -0.8277794122695923,
            -0.00901610404253006
        ],
        [
            0.043098047375679016,
            -0.831592321395874,
            -0.01521899551153183
        ],
        [
            0.04362045228481293,
            -0.8252074718475342,
            -0.01921144872903824
        ],
        [
            0.04853072389960289,
            -0.807288646697998,
            -0.005034096539020538
        ],
        [
            0.05331771448254585,
            -0.800449788570404,
            -0.0018040388822555542
        ],
        [
            0.049641165882349014,
            -0.8180886507034302,
            -0.0064987316727638245
        ],
        [
            0.048152390867471695,
            -0.8138436675071716,
            -0.009055554866790771
        ],
        [
            0.04684612154960632,
            -0.8074939250946045,
            -0.01951570063829422
        ],
        [
            0.048335637897253036,
            -0.8122283220291138,
            -0.017995774745941162
        ],
        [
            0.04651094973087311,
            -0.8131541609764099,
            -0.025584787130355835
        ],
        [
            0.04482920840382576,
            -0.8075945377349854,
            -0.024784259498119354
        ],
        [
            0.047842416912317276,
            -0.807207465171814,
            -0.010052673518657684
        ],
        [
            0.049077410250902176,
            -0.809971809387207,
            -0.012743756175041199
        ],
        [
            0.04682321846485138,
            -0.8062683343887329,
            -0.015361413359642029
        ],
        [
            0.04473019391298294,
            -0.8043156266212463,
            -0.012441448867321014
        ],
        [
            0.04615049809217453,
            -0.8181287050247192,
            -0.01506931334733963
        ],
        [
            0.04467308521270752,
            -0.8197206854820251,
            -0.022562354803085327
        ],
        [
            0.04238146170973778,
            -0.8210462927818298,
            -0.030403219163417816
        ],
        [
            0.043644778430461884,
            -0.8124890327453613,
            -0.033035047352313995
        ],
        [
            0.06698036938905716,
            -0.7920776009559631,
            0.007930077612400055
        ],
        [
            0.06348662078380585,
            -0.799040675163269,
            0.0022508054971694946
        ],
        [
            0.058424144983291626,
            -0.794276237487793,
            0.0012350603938102722
        ],
        [
            0.062164612114429474,
            -0.7886333465576172,
            0.005325451493263245
        ],
        [
            0.04521901160478592,
            -0.8011668920516968,
            -0.008621923625469208
        ],
        [
            0.047943778336048126,
            -0.7852718830108643,
            -0.006787315011024475
        ],
        [
            0.04848169907927513,
            -0.7889533042907715,
            -0.007230319082736969
        ],
        [
            0.04347701370716095,
            -0.789859414100647,
            -0.012390099465847015
        ],
        [
            0.04357235133647919,
            -0.7863990664482117,
            -0.011652842164039612
        ],
        [
            0.06928212940692902,
            -0.7779544591903687,
            0.01837136596441269
        ],
        [
            0.06480271369218826,
            -0.7767686247825623,
            0.012810714542865753
        ],
        [
            0.0642804503440857,
            -0.7699693441390991,
            0.015985190868377686
        ],
        [
            0.06777626276016235,
            -0.7698537111282349,
            0.022555284202098846
        ],
        [
            0.06129809468984604,
            -0.7643005847930908,
            0.016879595816135406
        ],
        [
            0.06517268717288971,
            -0.7621395587921143,
            0.0259416326880455
        ],
        [
            0.055769018828868866,
            -0.7482863664627075,
            0.024912767112255096
        ],
        [
            0.06046343967318535,
            -0.7543203234672546,
            0.02564259245991707
        ],
        [
            0.05743611603975296,
            -0.7586950063705444,
            0.015992283821105957
        ],
        [
            0.05285733938217163,
            -0.7535235285758972,
            0.012026160955429077
        ],
        [
            0.0434073843061924,
            -0.7582662105560303,
            0.0009052231907844543
        ],
        [
            0.03834360092878342,
            -0.7570093870162964,
            -0.0028774142265319824
        ],
        [
            0.041506923735141754,
            -0.745029091835022,
            0.0012873560190200806
        ],
        [
            0.047112368047237396,
            -0.7482913136482239,
            0.005964875221252441
        ],
        [
            0.04662839695811272,
            -0.7793866395950317,
            -0.002288028597831726
        ],
        [
            0.049725838005542755,
            -0.7795757055282593,
            0.001392163336277008
        ],
        [
            0.050582922995090485,
            -0.780855655670166,
            -0.0008971244096755981
        ],
        [
            0.047415293753147125,
            -0.781948983669281,
            -0.005060702562332153
        ],
        [
            0.05262546241283417,
            -0.7793300747871399,
            0.003975890576839447
        ],
        [
            0.05403164029121399,
            -0.7790048122406006,
            0.005080945789813995
        ],
        [
            0.05419689416885376,
            -0.7802138924598694,
            0.0037942007184028625
        ],
        [
            0.05274220556020737,
            -0.7801628112792969,
            0.0032655000686645508
        ],
        [
            0.050980523228645325,
            -0.7798203825950623,
            0.0022141411900520325
        ],
        [
            0.05008900165557861,
            -0.7778811454772949,
            0.0016824156045913696
        ],
        [
            0.051854927092790604,
            -0.7785476446151733,
            0.0032797306776046753
        ],
        [
            0.047342315316200256,
            -0.7769833207130432,
            -0.0018256083130836487
        ],
        [
            0.03684631735086441,
            -0.7746502161026001,
            -0.012126252055168152
        ],
        [
            0.0403541624546051,
            -0.7749916315078735,
            -0.009910814464092255
        ],
        [
            0.0390600711107254,
            -0.779451847076416,
            -0.009775020182132721
        ],
        [
            0.03605355694890022,
            -0.7795745134353638,
            -0.011702589690685272
        ],
        [
            0.05293162539601326,
            -0.7823885679244995,
            0.0015184655785560608
        ],
        [
            0.05553827062249184,
            -0.783503532409668,
            0.002486012876033783
        ],
        [
            0.05278018116950989,
            -0.7861495018005371,
            -0.0019144266843795776
        ],
        [
            0.051358550786972046,
            -0.7835564017295837,
            -0.001332208514213562
        ],
        [
            0.05829267576336861,
            -0.7852843403816223,
            0.0029648318886756897
        ],
        [
            0.0563218854367733,
            -0.781345009803772,
            0.004722483456134796
        ],
        [
            0.05906970798969269,
            -0.7820985317230225,
            0.005947567522525787
        ],
        [
            0.05341564863920212,
            -0.7773036956787109,
            0.005029603838920593
        ],
        [
            0.05558175966143608,
            -0.7755736112594604,
            0.007142551243305206
        ],
        [
            0.056557729840278625,
            -0.7780775427818298,
            0.006098590791225433
        ],
        [
            0.05356685817241669,
            -0.7723736763000488,
            0.006468869745731354
        ],
        [
            0.05120366811752319,
            -0.7753959894180298,
            0.0035505369305610657
        ],
        [
            0.048379283398389816,
            -0.7734912633895874,
            0.00019761919975280762
        ],
        [
            0.044654667377471924,
            -0.7718107104301453,
            -0.004073433578014374
        ],
        [
            0.04603871330618858,
            -0.7670727372169495,
            -0.00022576749324798584
        ],
        [
            0.050322458148002625,
            -0.7693894505500793,
            0.0036821886897087097
        ],
        [
            0.05479647219181061,
            -0.7901003360748291,
            -0.0010697096586227417
        ],
        [
            0.06010045111179352,
            -0.7774509191513062,
            0.009047560393810272
        ],
        [
            0.06381373107433319,
            -0.7836885452270508,
            0.009385675191879272
        ],
        [
            0.05938445031642914,
            -0.7727646827697754,
            0.010447077453136444
        ],
        [
            0.05701868236064911,
            -0.7683799266815186,
            0.010623045265674591
        ],
        [
            0.053229548037052155,
            -0.7642295360565186,
            0.008786261081695557
        ],
        [
            0.048499904572963715,
            -0.7610190510749817,
            0.004852175712585449
        ],
        [
            0.04059811681509018,
            -0.7371252775192261,
            0.013505000621080399
        ],
        [
            0.048026300966739655,
            -0.7418283820152283,
            0.0183236263692379
        ],
        [
            0.06629247218370438,
            -0.8595893383026123,
            -0.007207758724689484
        ],
        [
            0.07426688820123672,
            -0.8586456179618835,
            -0.0027525126934051514
        ],
        [
            0.07300305366516113,
            -0.8511315584182739,
            0.002849563956260681
        ],
        [
            0.07516489177942276,
            -0.8531092405319214,
            0.003156319260597229
        ],
        [
            0.07058731466531754,
            -0.8548321723937988,
            -0.0012948587536811829
        ],
        [
            0.06948550045490265,
            -0.852338969707489,
            -0.00026804208755493164
        ],
        [
            0.08236643671989441,
            -0.8444505929946899,
            0.02144189178943634
        ],
        [
            0.07872550934553146,
            -0.8461742401123047,
            0.01578163355588913
        ],
        [
            0.07830620557069778,
            -0.8424428701400757,
            0.01774856448173523
        ],
        [
            0.0832897275686264,
            -0.8377781510353088,
            0.023208193480968475
        ],
        [
            0.07232316583395004,
            -0.8347039818763733,
            0.009741924703121185
        ],
        [
            0.07572934031486511,
            -0.8359355926513672,
            0.013831675052642822
        ],
        [
            0.0731070339679718,
            -0.8427098393440247,
            0.009707093238830566
        ],
        [
            0.07049643993377686,
            -0.841782808303833,
            0.0067733824253082275
        ],
        [
            0.0674050897359848,
            -0.8413386344909668,
            0.0038848519325256348
        ],
        [
            0.06352841109037399,
            -0.8413262367248535,
            0.0018807575106620789
        ],
        [
            0.06336813420057297,
            -0.8361231088638306,
            0.00291316956281662
        ],
        [
            0.06787151098251343,
            -0.8351025581359863,
            0.005852356553077698
        ],
        [
            0.06448174268007278,
            -0.8562567234039307,
            -0.003967948257923126
        ],
        [
            0.05723915994167328,
            -0.8556028604507446,
            -0.005197972059249878
        ],
        [
            0.0582217201590538,
            -0.8527706861495972,
            -0.003978066146373749
        ],
        [
            0.06435344368219376,
            -0.8531522750854492,
            -0.0032382309436798096
        ],
        [
            0.04695042967796326,
            -0.8468611240386963,
            -0.001194693148136139
        ],
        [
            0.04846560209989548,
            -0.8491653203964233,
            -0.0020782649517059326
        ],
        [
            0.0452544130384922,
            -0.8507320880889893,
            -0.0040227919816970825
        ],
        [
            0.044093359261751175,
            -0.846336841583252,
            -0.003102540969848633
        ],
        [
            0.04620258882641792,
            -0.8432742357254028,
            -0.0025193244218826294
        ],
        [
            0.048184994608163834,
            -0.8452003002166748,
            -0.0012318044900894165
        ],
        [
            0.06846883147954941,
            -0.9131782054901123,
            -0.0020980536937713623
        ],
        [
            0.06552865356206894,
            -0.8968017101287842,
            -0.010564155876636505
        ],
        [
            0.08012116700410843,
            -0.9072551727294922,
            0.013269223272800446
        ],
        [
            0.08679290860891342,
            -0.8971028923988342,
            0.027679160237312317
        ],
        [
            0.09075193852186203,
            -0.884284257888794,
            0.04029044508934021
        ],
        [
            0.07481013238430023,
            -0.7825238108634949,
            0.026576392352581024
        ],
        [
            0.07413248717784882,
            -0.7739670276641846,
            0.03345373272895813
        ],
        [
            0.07938941568136215,
            -0.7816858291625977,
            0.04650786146521568
        ],
        [
            0.0756872296333313,
            -0.7717599868774414,
            0.051167868077754974
        ],
        [
            0.07052387297153473,
            -0.7639046907424927,
            0.03747418522834778
        ],
        [
            0.05567387863993645,
            -0.7460979223251343,
            0.03850363940000534
        ],
        [
            0.06428691744804382,
            -0.7538954019546509,
            0.03919181227684021
        ],
        [
            0.06896993517875671,
            -0.7622119188308716,
            0.056052304804325104
        ],
        [
            0.07407765090465546,
            -0.7751928567886353,
            0.07152432203292847
        ],
        [
            0.07921075820922852,
            -0.7821152210235596,
            0.06398417055606842
        ],
        [
            0.07622263580560684,
            -0.7915030717849731,
            0.08340194821357727
        ],
        [
            0.06623561680316925,
            -0.7677218317985535,
            0.08211836218833923
        ],
        [
            0.07129228115081787,
            -0.7910976409912109,
            0.09126967191696167
        ],
        [
            0.05070941895246506,
            -0.7323567867279053,
            0.07637974619865417
        ],
        [
            0.051450543105602264,
            -0.72104412317276,
            0.080231212079525
        ],
        [
            0.058547064661979675,
            -0.7274850010871887,
            0.09567714482545853
        ],
        [
            0.05888936668634415,
            -0.7389014959335327,
            0.09131838381290436
        ],
        [
            0.0825955718755722,
            -0.7897896766662598,
            0.056192927062511444
        ],
        [
            0.09035918861627579,
            -0.8523900508880615,
            0.04525022953748703
        ],
        [
            0.08950266242027283,
            -0.8516359329223633,
            0.03359733521938324
        ],
        [
            0.09071538597345352,
            -0.8398403525352478,
            0.04986390471458435
        ],
        [
            0.09130878746509552,
            -0.9135823249816895,
            0.061661496758461
        ],
        [
            0.08765468746423721,
            -0.9071558713912964,
            0.04373946040868759
        ],
        [
            0.09311068058013916,
            -0.8924912214279175,
            0.052815064787864685
        ],
        [
            0.09397917240858078,
            -0.9002302289009094,
            0.06857364624738693
        ],
        [
            0.06854847818613052,
            -0.9489753842353821,
            0.04356345534324646
        ],
        [
            0.07000605016946793,
            -0.9336894154548645,
            0.019694313406944275
        ],
        [
            0.07843329757452011,
            -0.9225191473960876,
            0.031073816120624542
        ],
        [
            0.08025401830673218,
            -0.934369683265686,
            0.050968945026397705
        ],
        [
            0.09330299496650696,
            -0.9019728899002075,
            0.08180785179138184
        ],
        [
            0.0905708596110344,
            -0.9044921398162842,
            0.10087685286998749
        ],
        [
            0.0856422483921051,
            -0.9208568334579468,
            0.10524655133485794
        ],
        [
            0.08900745958089828,
            -0.9201651811599731,
            0.08226009458303452
        ],
        [
            0.07338935881853104,
            -0.9420035481452942,
            0.10762519389390945
        ],
        [
            0.07784557342529297,
            -0.9414316415786743,
            0.0800863578915596
        ],
        [
            0.06542311608791351,
            -0.7775751352310181,
            0.10134882479906082
        ],
        [
            0.06837573647499084,
            -0.7968629598617554,
            0.1034412533044815
        ],
        [
            0.059949420392513275,
            -0.7524840235710144,
            0.08497604727745056
        ],
        [
            0.06285076588392258,
            -0.7606813311576843,
            0.10165033489465714
        ],
        [
            0.05625740811228752,
            -0.9574071168899536,
            0.10655141621828079
        ],
        [
            0.06170624494552612,
            -0.9585691690444946,
            0.07491513341665268
        ],
        [
            0.06680124998092651,
            -0.8873510360717773,
            0.14700374007225037
        ],
        [
            0.07299046218395233,
            -0.9035532474517822,
            0.13898763060569763
        ],
        [
            0.08133411407470703,
            -0.8896442651748657,
            0.12553781270980835
        ],
        [
