{
    "pred_cam": [
        1.7830820083618164,
        0.004735665395855904,
        0.6113868951797485
    ],
    "pred_smpl_params": {
        "global_orient": [
            [
                [
                    0.994530439376831,
                    -0.05629076063632965,
                    0.08798031508922577
                ],
                [
                    -0.012945867143571377,
                    -0.9022828340530396,
                    -0.4309501051902771
                ],
                [
                    0.10364164412021637,
                    0.42745402455329895,
                    -0.8980764746665955
                ]
            ]
        ],
        "body_pose": [
            [
                [
                    0.9354183077812195,
                    -0.3528660833835602,
                    -0.021866099908947945
                ],
                [
                    0.2935795783996582,
                    0.7408170700073242,
                    0.6041531562805176
                ],
                [
                    -0.1969863921403885,
                    -0.5715553760528564,
                    0.7965680956840515
                ]
            ],
            [
                [
                    0.9729862213134766,
                    0.22682034969329834,
                    0.043016500771045685
                ],
                [
                    -0.20361948013305664,
                    0.7553263306617737,
                    0.6229135394096375
                ],
                [
                    0.10879797488451004,
                    -0.6148452758789062,
                    0.7811071276664734
                ]
            ],
            [
                [
                    0.9995322823524475,
                    0.030578557401895523,
                    0.00044152079499326646
                ],
                [
                    -0.027367299422621727,
                    0.9008213877677917,
                    -0.43332645297050476
                ],
                [
                    -0.013648229651153088,
                    0.43311166763305664,
                    0.901236891746521
                ]
            ],
            [
                [
                    0.9798746109008789,
                    0.09806354343891144,
                    -0.17386557161808014
                ],
                [
                    -0.1525619626045227,
                    -0.19378384947776794,
                    -0.9691091179847717
                ],
                [
                    -0.12872661650180817,
                    0.9761307835578918,
                    -0.1749231070280075
                ]
            ],
            [
                [
                    0.9768263101577759,
                    -0.10149069130420685,
                    0.1884409487247467
                ],
                [
                    0.16823884844779968,
                    -0.18017111718654633,
                    -0.969140887260437
                ],
                [
                    0.1323104053735733,
                    0.9783853888511658,
                    -0.15892121195793152
                ]
            ],
            [
                [
                    0.9998703002929688,
                    0.014562498778104782,
                    0.006878823973238468
                ],
                [
                    -0.014842295087873936,
                    0.9989843368530273,
                    0.042545609176158905
                ],
                [
                    -0.006252266000956297,
                    -0.04264219105243683,
                    0.9990708827972412
                ]
            ],
            [
                [
                    0.936284065246582,
                    -0.07599575072526932,
                    0.3429239094257355
                ],
                [
                    -0.038295794278383255,
                    0.9484062790870667,
                    0.31473636627197266
                ],
                [
                    -0.34914979338645935,
                    -0.30781519412994385,
                    0.885067343711853
                ]
            ],
            [
                [
                    0.9489805102348328,
                    0.09765369445085526,
                    -0.29983291029930115
                ],
                [
                    0.010927369818091393,
                    0.9400849342346191,
                    0.34076523780822754
                ],
                [
                    0.3151453733444214,
                    -0.32665595412254333,
                    0.891055166721344
                ]
            ],
            [
                [
                    0.9998005628585815,
                    0.01908107101917267,
                    -0.005884713958948851
                ],
                [
                    -0.018950387835502625,
                    0.9995889067649841,
                    0.021516691893339157
                ],
                [
                    0.006292855832725763,
                    -0.02140088565647602,
                    0.9997511506080627
                ]
            ],
            [
                [
                    0.9881747961044312,
                    -0.14702850580215454,
                    -0.043509941548109055
                ],
                [
                    0.15173830091953278,
                    0.9785081744194031,
                    0.13963225483894348
                ],
                [
                    0.022044917568564415,
                    -0.14458321034908295,
                    0.9892469644546509
                ]
            ],
            [
                [
                    0.9950549602508545,
                    0.09456093609333038,
                    0.030396511778235435
                ],
                [
                    -0.09803904592990875,
                    0.9841476082801819,
                    0.14778997004032135
                ],
                [
                    -0.015939494594931602,
                    -0.1500391662120819,
                    0.9885516166687012
                ]
            ],
            [
                [
                    0.9977753162384033,
                    0.017594365403056145,
                    0.06430184841156006
                ],
                [
                    -0.010077519342303276,
                    0.993267297744751,
                    -0.11540569365024567
                ],
                [
                    -0.06589941680431366,
                    0.11450096219778061,
                    0.9912348985671997
                ]
            ],
            [
                [
                    0.9080483317375183,
                    -0.08895181864500046,
                    -0.40931132435798645
                ],
                [
                    0.17942321300506592,
                    0.9656021595001221,
                    0.1882011443376541
                ],
                [
                    0.3784911036491394,
                    -0.24433569610118866,
                    0.892773449420929
                ]
            ],
            [
                [
                    0.9447325468063354,
                    0.055656127631664276,
                    0.32308316230773926
                ],
                [
                    -0.12140460312366486,
                    0.9748149514198303,
                    0.1870739907026291
                ],
                [
                    -0.3045344948768616,
                    -0.21595868468284607,
                    0.9276963472366333
                ]
            ],
            [
                [
                    0.9990715384483337,
                    -0.04078778252005577,
                    0.013871909119188786
                ],
                [
                    0.04223160073161125,
                    0.9908565878868103,
                    -0.1281394511461258
                ],
                [
                    -0.008518547751009464,
                    0.12860630452632904,
                    0.9916591644287109
                ]
            ],
            [
                [
                    0.8519787788391113,
                    0.09123953431844711,
                    -0.5155652165412903
                ],
                [
                    0.1225375235080719,
                    0.9226040840148926,
                    0.3657681345939636
                ],
                [
                    0.509035050868988,
                    -0.37480276823043823,
                    0.774858832359314
                ]
            ],
            [
                [
                    0.9249052405357361,
                    -0.10494162887334824,
                    0.36542800068855286
                ],
                [
                    -0.03484657034277916,
                    0.9337083101272583,
                    0.3563348054885864
                ],
                [
                    -0.37859755754470825,
                    -0.342309832572937,
                    0.8599348664283752
                ]
            ],
            [
                [
                    0.17590267956256866,
                    -0.16171406209468842,
                    -0.9710339307785034
                ],
                [
                    0.5744643807411194,
                    0.8178980946540833,
                    -0.03214697167277336
                ],
                [
                    0.7994053959846497,
                    -0.552169680595398,
                    0.236769437789917
                ]
            ],
            [
                [
                    0.118123859167099,
                    0.22496291995048523,
                    0.9671806693077087
                ],
                [
                    -0.6054014563560486,
                    0.7883614897727966,
                    -0.1094312071800232
                ],
                [
                    -0.7871059775352478,
                    -0.5726061463356018,
                    0.22931717336177826
                ]
            ],
            [
                [
                    0.9831572771072388,
                    -0.18083380162715912,
                    -0.026475952938199043
                ],
                [
                    0.17280329763889313,
                    0.9669472575187683,
                    -0.18748873472213745
                ],
                [
                    0.059505149722099304,
                    0.17975576221942902,
                    0.9819099307060242
                ]
            ],
            [
                [
                    0.9862447381019592,
                    0.1620306521654129,
                    0.03267108276486397
                ],
                [
                    -0.15741686522960663,
                    0.9810096621513367,
                    -0.11331353336572647
                ],
                [
                    -0.0504109151661396,
                    0.10661189258098602,
                    0.9930219650268555
                ]
            ],
            [
                [
                    0.9970703721046448,
                    0.06890380382537842,
                    -0.03321089968085289
                ],
                [
                    -0.0693439468741417,
                    0.9975171089172363,
                    -0.012287226505577564
                ],
                [
                    0.03228180855512619,
                    0.014554204419255257,
                    0.9993728399276733
                ]
            ],
            [
                [
                    0.9957943558692932,
                    -0.08894302695989609,
                    0.021970931440591812
                ],
                [
                    0.0888609066605568,
                    0.9960330724716187,
                    0.004687991458922625
                ],
                [
                    -0.022300735116004944,
                    -0.0027159189339727163,
                    0.9997476935386658
                ]
            ]
        ],
        "betas": [
            -0.057738691568374634,
            -0.019623130559921265,
            -0.11039014160633087,
            -0.10707640647888184,
            0.06630760431289673,
            -0.07985370606184006,
            -0.04653474688529968,
            -0.021022439002990723,
            0.032563209533691406,
            -0.02643147110939026
        ]
    },
    "pred_cam_t": [
        0.004735665395855904,
        0.6113868951797485,
        21.90729331970215
    ],
    "focal_length": [
        5000.0,
        5000.0
    ],
    "pred_keypoints_3d": [
        [
            0.037568360567092896,
            -0.8056296706199646,
            -0.028392881155014038
        ],
        [
            0.0031113680452108383,
            -0.7039346694946289,
            0.13146597146987915
        ],
        [
            -0.16609248518943787,
            -0.6610371470451355,
            0.09265335649251938
        ],
        [
            -0.3487982749938965,
            -0.7141219973564148,
            -0.07697033137083054
        ],
        [
            -0.25748497247695923,
            -0.9494214057922363,
            -0.11423198878765106
        ],
        [
            0.16704851388931274,
            -0.6499431729316711,
            0.11745806783437729
        ],
        [
            0.3536641597747803,
            -0.7261399030685425,
            -0.048544906079769135
        ],
        [
            0.25642937421798706,
            -0.9534952044487,
            -0.07724602520465851
        ],
        [
            -0.0016499939374625683,
            -0.2210780382156372,
            0.028264351189136505
        ],
        [
            -0.06458362936973572,
            -0.13694044947624207,
            -0.013413485139608383
        ],
        [
            -0.15216191112995148,
            0.026481926441192627,
            -0.34924429655075073
        ],
        [
            -0.11935305595397949,
            0.3256753087043762,
            -0.08600613474845886
        ],
        [
            0.07238464057445526,
            -0.13685894012451172,
            0.002787647768855095
        ],
        [
            0.26858609914779663,
            0.017270877957344055,
            -0.2785443365573883
        ],
        [
            0.16962724924087524,
            0.31089693307876587,
            -0.026317447423934937
        ],
        [
            -0.00019509624689817429,
            -0.8468804955482483,
            -0.0037085041403770447
        ],
        [
            0.0657520592212677,
            -0.8459585905075073,
            0.006820932030677795
        ],
        [
            -0.05816872417926788,
            -0.837286651134491,
            0.08506344258785248
        ],
        [
            0.0879736989736557,
            -0.8363272547721863,
            0.1063184142112732
        ],
        [
            0.2830871641635895,
            0.4131104350090027,
            -0.15280050039291382
        ],
        [
            0.3052932620048523,
            0.3927527070045471,
            -0.07613614201545715
        ],
        [
            0.14291739463806152,
            0.3185476064682007,
            0.03881865739822388
        ],
        [
            -0.15904158353805542,
            0.4214373230934143,
            -0.2540881633758545
        ],
        [
            -0.21784812211990356,
            0.408990740776062,
            -0.19299761950969696
        ],
        [
            -0.11425304412841797,
            0.35027003288269043,
            -0.015490919351577759
        ],
        [
            -0.14065253734588623,
            0.27076244354248047,
            -0.08590107411146164
        ],
        [
            -0.14641720056533813,
            -0.00399389211088419,
            -0.3186732828617096
        ],
        [
            -0.1544048935174942,
            -0.23466752469539642,
            0.046001121401786804
        ],
        [
            0.14227603375911713,
            -0.2223653942346573,
            0.0863032117486
        ],
        [
            0.2700676918029785,
            -0.002763752592727542,
            -0.2566151022911072
        ],
        [
            0.1724981814622879,
            0.26758429408073425,
            -0.021042170003056526
        ],
        [
            -0.2376168966293335,
            -0.9278386831283569,
            -0.09111136198043823
        ],
        [
            -0.34650182723999023,
            -0.7384922504425049,
            -0.04748079925775528
        ],
        [
            -0.13806815445423126,
            -0.6823838949203491,
            0.10844989120960236
        ],
        [
            0.14726021885871887,
            -0.6720861196517944,
            0.134624183177948
        ],
        [
            0.34516263008117676,
            -0.7498616576194763,
            -0.011514786630868912
        ],
        [
            0.25361210107803345,
            -0.9449647665023804,
            -0.056735385209321976
        ],
        [
            0.006488955579698086,
            -0.7028322219848633,
            0.13400676846504211
        ],
        [
            0.023632794618606567,
            -0.888227105140686,
            0.07857301831245422
        ],
        [
            -0.005916203372180462,
            -0.2283509075641632,
            0.06581132113933563
        ],
        [
            0.004349296912550926,
            -0.6680072546005249,
            0.11993982642889023
        ],
        [
            -0.011281422339379787,
            -0.4679529070854187,
            0.11188492923974991
        ],
        [
            0.030101776123046875,
            -0.7797092199325562,
            0.04868678003549576
        ],
        [
            0.017855016514658928,
            -0.9075950384140015,
            0.08561160415410995
        ]
    ],
    "pred_vertices": [
        [
            0.07832466810941696,
            -0.8916488885879517,
            0.006663821637630463
        ],
        [
            0.07342194765806198,
            -0.8775331974029541,
            -3.2611191272735596e-05
        ],
        [
            0.08292410522699356,
            -0.8743994235992432,
            0.0103134885430336
        ],
        [
            0.08664847165346146,
            -0.8846601247787476,
            0.02022024244070053
        ],
        [
            0.07975973933935165,
            -0.8650946021080017,
            0.004427999258041382
        ],
        [
            0.07092262804508209,
            -0.8666180968284607,
            -0.0036640167236328125
        ],
        [
            0.08771899342536926,
            -0.8682913780212402,
            0.021824277937412262
        ],
        [
            0.0905221551656723,
            -0.8758097290992737,
            0.03335987776517868
        ],
        [
            0.09046795219182968,
            -0.8320465683937073,
            0.03538411110639572
        ],
        [
            0.09215877205133438,
            -0.8269984722137451,
            0.04593802988529205
        ],
        [
            0.09268701076507568,
            -0.8397365808486938,
            0.043496280908584595
        ],
        [
            0.08926848322153091,
            -0.8412901163101196,
            0.03392142802476883
        ],
        [
            0.08735295385122299,
            -0.8066699504852295,
            0.03920244053006172
        ],
        [
            0.08266659080982208,
            -0.7975594401359558,
            0.030013181269168854
        ],
        [
            0.08275670558214188,
            -0.7886200547218323,
            0.04026070982217789
        ],
        [
            0.08627289533615112,
            -0.7973446249961853,
            0.04999634623527527
        ],
        [
            0.05577506124973297,
            -0.8121724128723145,
            0.0011220872402191162
        ],
        [
            0.06057132035493851,
            -0.8053711652755737,
            0.003254137933254242
        ],
        [
            0.06452252715826035,
            -0.8118813037872314,
            0.004461422562599182
        ],
        [
            0.05876433104276657,
            -0.8179025053977966,
            0.002567380666732788
        ],
        [
            0.04794622212648392,
            -0.8221056461334229,
            -0.006850354373455048
        ],
        [
            0.0483296737074852,
            -0.8275889158248901,
            -0.0034604445099830627
        ],
        [
            0.044737860560417175,
            -0.8315405249595642,
            -0.009486131370067596
        ],
        [
            0.04521721228957176,
            -0.8252705335617065,
            -0.013643495738506317
        ],
        [
            0.05048011615872383,
            -0.8070348501205444,
            -8.615106344223022e-05
        ],
        [
            0.05535455048084259,
            -0.8001514673233032,
            0.002893604338169098
        ],
        [
            0.05150868371129036,
            -0.8178627490997314,
            -0.0012676343321800232
        ],
        [
            0.04998191446065903,
            -0.8136767745018005,
            -0.0038969069719314575
        ],
        [
            0.048508286476135254,
            -0.8076157569885254,
            -0.014469802379608154
        ],
        [
            0.04999321699142456,
            -0.8123083114624023,
            -0.01284424215555191
        ],
        [
            0.04805174469947815,
            -0.8134379386901855,
            -0.020375221967697144
        ],
        [
            0.04640777409076691,
            -0.8078525066375732,
            -0.019696272909641266
        ],
        [
            0.04968489333987236,
            -0.8070893287658691,
            -0.005068846046924591
        ],
        [
            0.05084771290421486,
            -0.8099244832992554,
            -0.007686182856559753
        ],
        [
            0.04857035353779793,
            -0.8062851428985596,
            -0.010368011891841888
        ],
        [
            0.04655186086893082,
            -0.8042469024658203,
            -0.007482774555683136
        ],
        [
            0.04785320907831192,
            -0.8181164264678955,
            -0.009745992720127106
        ],
        [
            0.04623771831393242,
            -0.8198965787887573,
            -0.017151638865470886
        ],
        [
            0.043803341686725616,
            -0.8214207887649536,
            -0.024904370307922363
        ],
        [
            0.04507330805063248,
            -0.8129527568817139,
            -0.027779608964920044
        ],
        [
            0.06921890377998352,
            -0.7916097640991211,
            0.01220400258898735
        ],
        [
            0.06561147421598434,
            -0.7987003326416016,
            0.0067451149225234985
        ],
        [
            0.060548823326826096,
            -0.7939379811286926,
            0.005686283111572266
        ],
        [
            0.06437495350837708,
            -0.788221001625061,
            0.009587712585926056
        ],
        [
            0.04713044315576553,
            -0.8009998798370361,
            -0.0037572085857391357
        ],
        [
            0.04996883496642113,
            -0.7851089239120483,
            -0.002365879714488983
        ],
        [
            0.050476063042879105,
            -0.788794755935669,
            -0.002723313868045807
        ],
        [
            0.045377809554338455,
            -0.7898120880126953,
            -0.007778160274028778
        ],
        [
            0.045508548617362976,
            -0.7863448858261108,
            -0.007134497165679932
        ],
        [
            0.07173993438482285,
            -0.777265191078186,
            0.022264525294303894
        ],
        [
            0.0671720802783966,
            -0.7762012481689453,
            0.016743816435337067
        ],
        [
            0.06673666089773178,
            -0.7693300247192383,
            0.01975741609930992
        ],
        [
            0.07033450901508331,
            -0.7690548896789551,
            0.026270609349012375
        ],
        [
            0.06378840655088425,
            -0.7636300325393677,
            0.020572204142808914
        ],
        [
            0.06782769411802292,
            -0.7612411379814148,
            0.0295131653547287
        ],
        [
            0.05847422778606415,
            -0.7474071383476257,
            0.02834228426218033
        ],
        [
            0.06314948946237564,
            -0.7534123063087463,
            0.029110852628946304
        ],
        [
            0.05994183570146561,
            -0.7580409646034241,
            0.019620690494775772
        ],
        [
            0.05532689392566681,
            -0.7529727220535278,
            0.015596210956573486
        ],
        [
            0.04571909084916115,
            -0.7579463720321655,
            0.004687681794166565
        ],
        [
            0.040602851659059525,
            -0.7567570209503174,
            0.0009282827377319336
        ],
        [
            0.04387456923723221,
            -0.7447047829627991,
            0.0047786645591259
        ],
        [
            0.04950914531946182,
            -0.7478758096694946,
            0.009482201188802719
        ],
        [
            0.04875888302922249,
            -0.7791133522987366,
            0.0020019039511680603
        ],
        [
            0.0519171841442585,
            -0.7792226076126099,
            0.005639746785163879
        ],
        [
            0.052733562886714935,
            -0.7805587649345398,
            0.0033630356192588806
        ],
        [
            0.04949146509170532,
            -0.7817492485046387,
            -0.0007236301898956299
        ],
        [
            0.054860107600688934,
            -0.7789242267608643,
            0.008158523589372635
        ],
        [
            0.0562848336994648,
            -0.7785731554031372,
            0.00923149287700653
        ],
        [
            0.05642490088939667,
            -0.7798120379447937,
            0.007974106818437576
        ],
        [
            0.0549728125333786,
            -0.7797785997390747,
            0.007464330643415451
        ],
        [
            0.05319192260503769,
            -0.7794581651687622,
            0.006432734429836273
        ],
        [
            0.052299123257398605,
            -0.7775397300720215,
            0.005874067544937134
        ],
        [
            0.054082125425338745,
            -0.7781609296798706,
            0.007457762956619263
        ],
        [
            0.0494920089840889,
            -0.7767308950424194,
            0.002391718327999115
        ],
        [
            0.03884347155690193,
            -0.7745958566665649,
            -0.007823295891284943
        ],
        [
            0.04237614572048187,
            -0.7749063968658447,
            -0.005641378462314606
        ],
        [
            0.041073158383369446,
            -0.7793317437171936,
            -0.005384080111980438
        ],
        [
            0.038037437945604324,
            -0.7794890999794006,
            -0.00727524608373642
        ],
        [
            0.05512022599577904,
            -0.7820416688919067,
            0.005778506398200989
        ],
        [
            0.05772066488862038,
            -0.7831377983093262,
            0.006737560033798218
        ],
        [
            0.05487235635519028,
            -0.7858826518058777,
            0.0024481937289237976
        ],
        [
            0.05347922071814537,
            -0.7832731008529663,
            0.0029893293976783752
        ],
        [
            0.06047606095671654,
            -0.7849199771881104,
            0.007205240428447723
        ],
        [
            0.05855568125844002,
            -0.7809301614761353,
            0.008892159909009933
        ],
        [
            0.0613078847527504,
            -0.7816586494445801,
            0.010098591446876526
        ],
        [
            0.05567862093448639,
            -0.7768810391426086,
            0.009149134159088135
        ],
        [
            0.05788108706474304,
            -0.7751089334487915,
            0.011180095374584198
        ],
        [
            0.05882908031344414,
            -0.7776331305503845,
            0.01017896831035614
        ],
        [
            0.055872417986392975,
            -0.7719283699989319,
            0.010469041764736176
        ],
        [
            0.05344657599925995,
            -0.7750105857849121,
            0.007666107267141342
        ],
        [
            0.05056816339492798,
            -0.7731949090957642,
            0.004318658262491226
        ],
        [
            0.04678669944405556,
            -0.771613359451294,
            5.611032247543335e-05
        ],
        [
            0.04827161505818367,
            -0.7667880058288574,
            0.003750905394554138
        ],
        [
            0.05259642377495766,
            -0.7690137624740601,
            0.00766213983297348
        ],
        [
            0.05689110979437828,
            -0.7898051738739014,
            0.0033575892448425293
        ],
        [
            0.06241702288389206,
            -0.7769514322280884,
            0.013064421713352203
        ],
        [
            0.06610201299190521,
            -0.7831952571868896,
            0.013510376214981079
        ],
        [
            0.061743296682834625,
            -0.772239089012146,
            0.014360662549734116
        ],
        [
            0.05939937382936478,
            -0.7678489685058594,
            0.014473870396614075
        ],
        [
            0.055607207119464874,
            -0.763737678527832,
            0.012595411390066147
        ],
        [
            0.05084845423698425,
            -0.7606241106987,
            0.008640244603157043
        ],
        [
            0.043189480900764465,
            -0.7364902496337891,
            0.016852382570505142
        ],
        [
            0.05064285174012184,
            -0.7410961389541626,
            0.021709531545639038
        ],
        [
            0.06789574772119522,
            -0.8594310283660889,
            -0.001100093126296997
        ],
        [
            0.07592839002609253,
            -0.8584340810775757,
            0.0032128840684890747
        ],
        [
            0.07483062893152237,
            -0.8507629036903381,
            0.008601054549217224
        ],
        [
            0.07697408646345139,
            -0.8527507185935974,
            0.008930958807468414
        ],
        [
            0.07232148945331573,
            -0.8545486927032471,
            0.0045940205454826355
        ],
        [
            0.07125337421894073,
            -0.8520299196243286,
            0.00557398796081543
        ],
        [
            0.08452329784631729,
            -0.8436696529388428,
            0.026888251304626465
        ],
        [
            0.08078831434249878,
            -0.8455239534378052,
            0.021320797502994537
        ],
        [
            0.08041510730981827,
            -0.8417314887046814,
            0.023203901946544647
        ],
        [
            0.08550795912742615,
            -0.836947500705719,
            0.028474852442741394
        ],
        [
            0.07436278462409973,
            -0.834180474281311,
            0.015055172145366669
        ],
        [
            0.07782158255577087,
            -0.8353157043457031,
            0.01914125680923462
        ],
        [
            0.075100839138031,
            -0.8421947956085205,
            0.01522335410118103
        ],
        [
            0.07244742661714554,
            -0.8413317203521729,
            0.01229877769947052
        ],
        [
            0.06931734085083008,
            -0.8409428596496582,
            0.009442977607250214
        ],
        [
            0.0654028058052063,
            -0.8409479856491089,
            0.0075104087591171265
        ],
        [
            0.06529678404331207,
            -0.8357289433479309,
            0.00839194655418396
        ],
        [
            0.06985337287187576,
            -0.8346609473228455,
            0.011230133473873138
        ],
        [
            0.06617222726345062,
            -0.8560160994529724,
            0.0020584836602211
        ],
        [
            0.058913011103868484,
            -0.8553358316421509,
            0.0009211301803588867
        ],
        [
            0.059937287122011185,
            -0.8524935245513916,
            0.0020436421036720276
        ],
        [
            0.06607954949140549,
            -0.852892279624939,
            0.00269366055727005
        ],
        [
            0.048760272562503815,
            -0.846440851688385,
            0.00484110414981842
        ],
        [
            0.05024271085858345,
            -0.8487754464149475,
            0.003999069333076477
        ],
        [
            0.04700064659118652,
            -0.8503663539886475,
            0.0021476373076438904
        ],
        [
            0.045878876000642776,
            -0.8459504842758179,
            0.0029684454202651978
        ],
        [
            0.04801350086927414,
            -0.842893123626709,
            0.003435775637626648
        ],
        [
            0.050007469952106476,
            -0.8447936177253723,
            0.004739165306091309
        ],
        [
            0.06977558881044388,
            -0.912996768951416,
            0.0054303184151649475
        ],
        [
            0.0668250098824501,
            -0.8967813849449158,
            -0.0034234970808029175
        ],
        [
            0.08167002350091934,
            -0.9067332744598389,
            0.020480535924434662
        ],
        [
            0.08870486915111542,
            -0.8962334394454956,
            0.034464627504348755
        ],
        [
            0.09291817992925644,
            -0.883072018623352,
            0.046643443405628204
        ],
        [
            0.07737895101308823,
            -0.7816380262374878,
            0.0304998978972435
        ],
        [
            0.07685643434524536,
            -0.772912859916687,
            0.037176523357629776
        ],
        [
            0.08226389437913895,
            -0.7803130745887756,
            0.050342731177806854
        ],
        [
            0.0786665752530098,
            -0.7702813148498535,
            0.054817359894514084
        ],
        [
            0.07336536794900894,
            -0.7627367973327637,
            0.041002947837114334
        ],
        [
            0.05856236815452576,
            -0.7448681592941284,
            0.04192214831709862
        ],
        [
            0.06716948747634888,
            -0.752658486366272,
            0.0426110103726387
        ],
        [
            0.07203525304794312,
            -0.7606098651885986,
            0.059608180075883865
        ],
        [
            0.07726375758647919,
            -0.7732406854629517,
            0.07528242468833923
        ],
        [
            0.08227875083684921,
            -0.780306875705719,
            0.06782141327857971
        ],
        [
            0.07955608516931534,
            -0.7892475128173828,
            0.08749574422836304
        ],
        [
            0.06956543028354645,
            -0.7655332088470459,
            0.08589702844619751
        ],
        [
            0.07474421709775925,
            -0.7886623740196228,
            0.09542705863714218
        ],
        [
            0.054218363016843796,
            -0.7302570939064026,
            0.0798976793885231
        ],
        [
            0.055083636194467545,
            -0.718881368637085,
            0.0836280807852745
        ],
        [
            0.06238320469856262,
            -0.725103497505188,
            0.09900781512260437
        ],
        [
            0.06260349601507187,
            -0.736552357673645,
            0.0947822704911232
        ],
        [
            0.08552137017250061,
            -0.7881768941879272,
            0.060180045664310455
        ],
        [
            0.09280988574028015,
            -0.8510440587997437,
            0.050743505358695984
        ],
        [
            0.09181173890829086,
            -0.8505685329437256,
            0.03908839821815491
        ],
        [
            0.09334898740053177,
            -0.8383610248565674,
            0.055010028183460236
        ],
        [
            0.09361990541219711,
            -0.9117908477783203,
            0.06881022453308105
        ],
        [
            0.08971735835075378,
            -0.9058453440666199,
            0.05078212916851044
        ],
        [
            0.09538570046424866,
            -0.890947699546814,
            0.05937141925096512
        ],
        [
            0.09646614640951157,
            -0.8982685804367065,
            0.07531961053609848
        ],
        [
            0.0704004094004631,
            -0.9475045204162598,
            0.05210535228252411
        ],
        [
            0.07154001295566559,
            -0.9329218864440918,
            0.027810856699943542
        ],
        [
            0.08024459332227707,
            -0.9215165376663208,
            0.03868432343006134
        ],
        [
            0.08230839669704437,
            -0.9327953457832336,
            0.05888741463422775
        ],
        [
            0.09599215537309647,
            -0.899657130241394,
            0.08859870582818985
        ],
        [
            0.09350154548883438,
            -0.9016596078872681,
            0.10778787732124329
        ],
        [
            0.08854168653488159,
            -0.9178360104560852,
            0.11270328611135483
        ],
        [
            0.09155938774347305,
            -0.9177908897399902,
            0.08965533971786499
        ],
        [
            0.07618426531553268,
            -0.9387627243995667,
            0.11583274602890015
        ],
        [
            0.08029042929410934,
            -0.938988447189331,
            0.0882745087146759
        ],
        [
            0.06907624751329422,
            -0.7749327421188354,
            0.10535512864589691
        ],
        [
            0.07202942669391632,
            -0.7941378355026245,
            0.1077975481748581
        ],
        [
            0.06346099078655243,
            -0.7502427101135254,
            0.08859790116548538
        ],
        [
            0.06658583134412766,
            -0.7581132650375366,
            0.10539043694734573
        ],
        [
            0.059011802077293396,
            -0.9539922475814819,
            0.1154138445854187
        ],
        [
            0.06398075073957443,
            -0.9561151266098022,
            0.08383426070213318
        ],
        [
            0.07046070694923401,
            -0.883228063583374,
            0.1536898910999298
        ],
        [
            0.07650037109851837,
            -0.8996232151985168,
            0.14609244465827942
        ],
        [
            0.0847412496805191,
            -0.8861647844314575,
            0.13216149806976318
        ],
        [
            0.0793076679110527,
            -0.8726857304573059,
