{
    "pred_cam": [
        1.7945706844329834,
        -0.0011525582522153854,
        0.6089162230491638
    ],
    "pred_smpl_params": {
        "global_orient": [
            [
                [
                    0.999043345451355,
                    -0.004083253443241119,
                    0.04354012385010719
                ],
                [
                    0.0159916952252388,
                    -0.8925621509552002,
                    -0.45064079761505127
                ],
                [
                    0.040702346712350845,
                    0.4509059488773346,
                    -0.8916429877281189
                ]
            ]
        ],
        "body_pose": [
            [
                [
                    0.9473922252655029,
                    -0.31802746653556824,
                    -0.03614398464560509
                ],
                [
                    0.27029019594192505,
                    0.7344330549240112,
                    0.6225361227989197
                ],
                [
                    -0.1714382767677307,
                    -0.5995553135871887,
                    0.7817558646202087
                ]
            ],
            [
                [
                    0.9750004410743713,
                    0.21874980628490448,
                    0.039022110402584076
                ],
                [
                    -0.1949821561574936,
                    0.7580399513244629,
                    0.6223804950714111
                ],
                [
                    0.10656528174877167,
                    -0.6144298315048218,
                    0.7817416191101074
                ]
            ],
            [
                [
                    0.9996274709701538,
                    0.02728426270186901,
                    0.0007676855893805623
                ],
                [
                    -0.02426106669008732,
                    0.9010491371154785,
                    -0.4330379068851471
                ],
                [
                    -0.01250684354454279,
                    0.4328579306602478,
                    0.901375412940979
                ]
            ],
            [
                [
                    0.9807981252670288,
                    0.09478787332773209,
                    -0.17044126987457275
                ],
                [
                    -0.15115036070346832,
                    -0.1828153282403946,
                    -0.9714587926864624
                ],
                [
                    -0.12324176728725433,
                    0.9785672426223755,
                    -0.16497771441936493
                ]
            ],
            [
                [
                    0.9762259125709534,
                    -0.10954995453357697,
                    0.18703418970108032
                ],
                [
                    0.1649748831987381,
                    -0.1841581165790558,
                    -0.9689525365829468
                ],
                [
                    0.140592560172081,
                    0.9767724871635437,
                    -0.16170693933963776
                ]
            ],
            [
                [
                    0.9999719262123108,
                    0.006607760209590197,
                    0.003535802708938718
                ],
                [
                    -0.006756729446351528,
                    0.9990120530128479,
                    0.043924517929553986
                ],
                [
                    -0.0032420665957033634,
                    -0.04394717514514923,
                    0.9990286827087402
                ]
            ],
            [
                [
                    0.9369618892669678,
                    -0.08903931826353073,
                    0.3378969728946686
                ],
                [
                    -0.025764890015125275,
                    0.946754515171051,
                    0.3209235668182373
                ],
                [
                    -0.34848034381866455,
                    -0.3093990385532379,
                    0.8847787976264954
                ]
            ],
            [
                [
                    0.946133017539978,
                    0.1004154309630394,
                    -0.307813435792923
                ],
                [
                    0.009215657599270344,
                    0.941955029964447,
                    0.33561256527900696
                ],
                [
                    0.32364708185195923,
                    -0.3203708231449127,
                    0.8902893662452698
                ]
            ],
            [
                [
                    0.9999067187309265,
                    0.012091412208974361,
                    -0.006355020217597485
                ],
                [
                    -0.011990419588983059,
                    0.9998049736022949,
                    0.015696052461862564
                ],
                [
                    0.006543567404150963,
                    -0.01561838760972023,
                    0.99985671043396
                ]
            ],
            [
                [
                    0.990018904209137,
                    -0.13475236296653748,
                    -0.041284140199422836
                ],
                [
                    0.13908448815345764,
                    0.9814730882644653,
                    0.13178037106990814
                ],
                [
                    0.022761555388569832,
                    -0.13620704412460327,
                    0.9904188513755798
                ]
            ],
            [
                [
                    0.9954355359077454,
                    0.08822321891784668,
                    0.03639781102538109
                ],
                [
                    -0.09269361197948456,
                    0.9845291972160339,
                    0.1486949622631073
                ],
                [
                    -0.022716356441378593,
                    -0.15139009058475494,
                    0.988213062286377
                ]
            ],
            [
                [
                    0.997886598110199,
                    0.009807794354856014,
                    0.06423420459032059
                ],
                [
                    -0.0014788369880989194,
                    0.9917150139808655,
                    -0.128448948264122
                ],
                [
                    -0.06496182829141617,
                    0.1280825138092041,
                    0.9896336197853088
                ]
            ],
            [
                [
                    0.9048702716827393,
                    -0.0785338506102562,
                    -0.41838058829307556
                ],
                [
                    0.17223472893238068,
                    0.9663381576538086,
                    0.19111751019954681
                ],
                [
                    0.3892878592014313,
                    -0.24499621987342834,
                    0.8879369497299194
                ]
            ],
            [
                [
                    0.9440107941627502,
                    0.05078120902180672,
                    0.3259830176830292
                ],
                [
                    -0.11573677510023117,
                    0.976261556148529,
                    0.18308013677597046
                ],
                [
                    -0.3089476525783539,
                    -0.21055783331394196,
                    0.9274786710739136
                ]
            ],
            [
                [
                    0.9987953901290894,
                    -0.044807787984609604,
                    0.02000291459262371
                ],
                [
                    0.047248125076293945,
                    0.9882249236106873,
                    -0.14553067088127136
                ],
                [
                    -0.01324647106230259,
                    0.14630044996738434,
                    0.9891515970230103
                ]
            ],
            [
                [
                    0.8430060744285583,
                    0.09976144880056381,
                    -0.5285720825195312
                ],
                [
                    0.11820388585329056,
                    0.9242746233940125,
                    0.36296579241752625
                ],
                [
                    0.5247557759284973,
                    -0.36846163868904114,
                    0.7673769593238831
                ]
            ],
            [
                [
                    0.9278401136398315,
                    -0.11254891008138657,
                    0.355591744184494
                ],
                [
                    -0.019406650215387344,
                    0.9375253915786743,
                    0.34737515449523926
                ],
                [
                    -0.37247300148010254,
                    -0.32920941710472107,
                    0.8676894903182983
                ]
            ],
            [
                [
                    0.16018250584602356,
                    -0.16590318083763123,
                    -0.9730457067489624
                ],
                [
                    0.5699446201324463,
                    0.8203916549682617,
                    -0.046051736921072006
                ],
                [
                    0.8059186339378357,
                    -0.54720538854599,
                    0.22596801817417145
                ]
            ],
            [
                [
                    0.12488039582967758,
                    0.22910083830356598,
                    0.9653588533401489
                ],
                [
                    -0.6075194478034973,
                    0.7869062423706055,
                    -0.10816042125225067
                ],
                [
                    -0.7844265699386597,
                    -0.5729671716690063,
                    0.23745237290859222
                ]
            ],
            [
                [
                    0.9826256036758423,
                    -0.1835481971502304,
                    -0.027512285858392715
                ],
                [
                    0.17502419650554657,
                    0.9657242894172668,
                    -0.19168496131896973
                ],
                [
                    0.06175271049141884,
                    0.1835392415523529,
                    0.9810708165168762
                ]
            ],
            [
                [
                    0.9864782094955444,
                    0.16106361150741577,
                    0.03031875379383564
                ],
                [
                    -0.15641272068023682,
                    0.9804562330245972,
                    -0.11933436244726181
                ],
                [
                    -0.04894663393497467,
                    0.11297851800918579,
                    0.9923911094665527
                ]
            ],
            [
                [
                    0.9970654249191284,
                    0.06903856992721558,
                    -0.033078376203775406
                ],
                [
                    -0.0697011649608612,
                    0.9973809123039246,
                    -0.019313445314764977
                ],
                [
                    0.031658370047807693,
                    0.021562369540333748,
                    0.9992660880088806
                ]
            ],
            [
                [
                    0.9959572553634644,
                    -0.08753455430269241,
                    0.02016822062432766
                ],
                [
                    0.08745234459638596,
                    0.9961565732955933,
                    0.004924240056425333
                ],
                [
                    -0.020521745085716248,
                    -0.0031405745539814234,
                    0.9997844696044922
                ]
            ]
        ],
        "betas": [
            -0.04393388330936432,
            -0.06939065456390381,
            -0.1433526873588562,
            -0.10819503664970398,
            0.07781541347503662,
            -0.07643600553274155,
            -0.054816871881484985,
            -0.02220994234085083,
            0.035964056849479675,
            -0.019179105758666992
        ]
    },
    "pred_cam_t": [
        -0.0011525582522153854,
        0.6089162230491638,
        21.767044067382812
    ],
    "focal_length": [
        5000.0,
        5000.0
    ],
    "pred_keypoints_3d": [
        [
            0.042507268488407135,
            -0.8023915886878967,
            -0.020055145025253296
        ],
        [
            0.01835545152425766,
            -0.7019822001457214,
            0.14201593399047852
        ],
        [
            -0.15415775775909424,
            -0.6609356999397278,
            0.1128661260008812
        ],
        [
            -0.34836894273757935,
            -0.7132279872894287,
            -0.044025398790836334
        ],
        [
            -0.2616318166255951,
            -0.9490667581558228,
            -0.08902696520090103
        ],
        [
            0.18117615580558777,
            -0.6462669372558594,
            0.1150994747877121
        ],
        [
            0.35225337743759155,
            -0.7228320240974426,
            -0.06692472100257874
        ],
        [
            0.2514016330242157,
            -0.950170636177063,
            -0.08185750991106033
        ],
        [
            -0.0016520475037395954,
            -0.22133943438529968,
            0.028598736971616745
        ],
        [
            -0.06956857442855835,
            -0.13997279107570648,
            -0.011120185256004333
        ],
        [
            -0.17940713465213776,
            0.014040052890777588,
            -0.344626784324646
        ],
        [
            -0.1343362033367157,
            0.3187730312347412,
            -0.08963379263877869
        ],
        [
            0.0684112161397934,
            -0.1358601152896881,
            -0.0036204010248184204
        ],
        [
            0.22995111346244812,
            0.009726539254188538,
            -0.31009864807128906
        ],
        [
            0.15048280358314514,
            0.3152201175689697,
            -0.065163254737854
        ],
        [
            0.006386518478393555,
            -0.8439083695411682,
            0.006442919373512268
        ],
        [
            0.07289744913578033,
            -0.8430980443954468,
            0.012800008058547974
        ],
        [
            -0.04600026458501816,
            -0.83562171459198,
            0.09887655824422836
        ],
        [
            0.10145575553178787,
            -0.8349117040634155,
            0.11091706901788712
        ],
        [
            0.24788667261600494,
            0.41151922941207886,
            -0.20889237523078918
        ],
        [
            0.2788521349430084,
            0.3955320119857788,
            -0.13408538699150085
        ],
        [
            0.13086625933647156,
            0.326008677482605,
            0.001894533634185791
        ],
        [
            -0.18713867664337158,
            0.4114375114440918,
            -0.2557804584503174
        ],
        [
            -0.2418392300605774,
            0.39886343479156494,
            -0.1908131092786789
        ],
        [
            -0.12464047223329544,
            0.3445993661880493,
            -0.0199948251247406
        ],
        [
            -0.15484949946403503,
            0.2635590434074402,
            -0.08714562654495239
        ],
        [
            -0.17131082713603973,
            -0.015556659549474716,
            -0.3137267827987671
        ],
        [
            -0.1529499888420105,
            -0.23842327296733856,
            0.05637407675385475
        ],
        [
            0.1464519053697586,
            -0.21701116859912872,
            0.0775398463010788
        ],
        [
            0.23409509658813477,
            -0.009363686665892601,
            -0.2874298095703125
        ],
        [
            0.1551048308610916,
            0.2722068727016449,
            -0.057973165065050125
        ],
        [
            -0.23987272381782532,
            -0.9276612997055054,
            -0.06749730557203293
        ],
        [
            -0.3439791202545166,
            -0.7378085851669312,
            -0.014715233817696571
        ],
        [
            -0.12495110183954239,
            -0.6818429231643677,
            0.12732364237308502
        ],
        [
            0.16292567551136017,
            -0.668472409248352,
            0.13413536548614502
        ],
        [
            0.34749317169189453,
            -0.746239423751831,
            -0.02888241410255432
        ],
        [
            0.2505035996437073,
            -0.9411977529525757,
            -0.06128249317407608
        ],
        [
            0.022009290754795074,
            -0.7008092999458313,
            0.14390027523040771
        ],
        [
            0.03533479571342468,
            -0.8865450620651245,
            0.0864742174744606
        ],
        [
            -0.0031379591673612595,
            -0.2275782823562622,
            0.06668797880411148
        ],
        [
            0.018531465902924538,
            -0.6660363078117371,
            0.1290362924337387
        ],
        [
            7.910467684268951e-05,
            -0.4660453796386719,
            0.11885374039411545
        ],
        [
            0.03990078344941139,
            -0.7774205207824707,
            0.05760049819946289
        ],
        [
            0.0299849770963192,
            -0.9059655666351318,
            0.09360085427761078
        ]
    ],
    "pred_vertices": [
        [
            0.0853959172964096,
            -0.8889505863189697,
            0.011198192834854126
        ],
        [
            0.08007723838090897,
            -0.8747168779373169,
            0.005038082599639893
        ],
        [
            0.09021805226802826,
            -0.8717490434646606,
            0.014807850122451782
        ],
        [
            0.0945497676730156,
            -0.8821331262588501,
            0.024337708950042725
        ],
        [
            0.08670548349618912,
            -0.8623213171958923,
            0.009237788617610931
        ],
        [
            0.07735937088727951,
            -0.8637145757675171,
            0.0016796812415122986
        ],
        [
            0.0957612469792366,
            -0.865760087966919,
            0.02607477456331253
        ],
        [
            0.09928853809833527,
            -0.873404860496521,
            0.037314869463443756
        ],
        [
            0.09949193894863129,
            -0.8295462131500244,
            0.03993390500545502
        ],
        [
            0.10184420645236969,
            -0.8246387243270874,
            0.05041792243719101
        ],
        [
            0.10218595713376999,
            -0.8374176025390625,
            0.047759078443050385
        ],
        [
            0.0981459766626358,
            -0.8388543725013733,
            0.0384184792637825
        ],
        [
            0.09661124646663666,
            -0.8042388558387756,
            0.04429895430803299
        ],
        [
            0.09132951498031616,
            -0.7949846982955933,
            0.03551627695560455
        ],
        [
            0.09208041429519653,
            -0.7861653566360474,
            0.0458621010184288
        ],
        [
            0.09621039032936096,
            -0.7950137257575989,
            0.05526731163263321
        ],
        [
            0.06261081993579865,
            -0.8092536926269531,
            0.008173011243343353
        ],
        [
            0.06755505502223969,
            -0.8024684190750122,
            0.010065004229545593
        ],
        [
            0.0715731680393219,
            -0.8089954257011414,
            0.010935962200164795
        ],
        [
            0.06568973511457443,
            -0.8149991035461426,
            0.00934261828660965
        ],
        [
            0.054244473576545715,
            -0.8191378116607666,
            0.0005860850214958191
        ],
        [
            0.05484866723418236,
            -0.82466721534729,
            0.003865636885166168
        ],
        [
            0.05087297409772873,
            -0.8285428285598755,
            -0.001970157027244568
        ],
        [
            0.051088474690914154,
            -0.8222224116325378,
            -0.006060220301151276
        ],
        [
            0.057251520454883575,
            -0.8041068911552429,
            0.00738157331943512
        ],
        [
            0.06232384964823723,
            -0.7972491979598999,
            0.010121338069438934
        ],
        [
            0.05819351226091385,
            -0.8149202466011047,
            0.0059966593980789185
        ],
        [
            0.05647679418325424,
            -0.8107376098632812,
            0.003514125943183899
        ],
        [
            0.05434444174170494,
            -0.8045573830604553,
            -0.006856046617031097
        ],
        [
            0.05593862384557724,
            -0.8092700242996216,
            -0.005389682948589325
        ],
        [
            0.05350939929485321,
            -0.8102984428405762,
            -0.012800946831703186
        ],
        [
            0.05190625041723251,
            -0.8047175407409668,
            -0.011949002742767334
        ],
        [
            0.05611463263630867,
            -0.804135799407959,
            0.0024481192231178284
        ],
        [
            0.057116489857435226,
            -0.8069459199905396,
            -0.000269472599029541
        ],
        [
            0.05466190353035927,
            -0.8032766580581665,
            -0.0027549192309379578
        ],
        [
            0.05282675474882126,
            -0.8012670278549194,
            0.00027655065059661865
        ],
        [
            0.053978487849235535,
            -0.8151087760925293,
            -0.0022476166486740112
        ],
        [
            0.05189322680234909,
            -0.8167991638183594,
            -0.009556181728839874
        ],
        [
            0.048959530889987946,
            -0.8182272911071777,
            -0.0171576589345932
        ],
        [
            0.05005252733826637,
            -0.8097376823425293,
            -0.020000062882900238
        ],
        [
            0.07679446041584015,
            -0.788791298866272,
            0.018619611859321594
        ],
        [
            0.07283322513103485,
            -0.7958118915557861,
            0.013307847082614899
        ],
        [
            0.06770651042461395,
            -0.7910491228103638,
            0.01264316588640213
        ],
        [
            0.07178564369678497,
            -0.7853758335113525,
            0.016370899975299835
        ],
        [
            0.053640998899936676,
            -0.7980546951293945,
            0.003994055092334747
        ],
        [
            0.05658050626516342,
            -0.7821699976921082,
            0.0053895264863967896
        ],
        [
            0.05706401169300079,
            -0.7858558893203735,
            0.004955112934112549
        ],
        [
            0.051647476851940155,
            -0.7868129014968872,
            0.0002170279622077942
        ],
        [
            0.0518227219581604,
            -0.7833479642868042,
            0.0008952245116233826
        ],
        [
            0.07996650040149689,
            -0.7745748162269592,
            0.028694994747638702
        ],
        [
            0.07505296915769577,
            -0.7734439373016357,
            0.023473404347896576
        ],
        [
            0.07481616735458374,
            -0.766608476638794,
            0.026590749621391296
        ],
        [
            0.0788215845823288,
            -0.7664268016815186,
            0.03289102017879486
        ],
        [
            0.0719253197312355,
            -0.7609646320343018,
            0.027674391865730286
        ],
        [
            0.07653442025184631,
            -0.7586948275566101,
            0.03637901693582535
        ],
        [
            0.067097969353199,
            -0.7448582053184509,
            0.03593342751264572
        ],
        [
            0.07182826846837997,
            -0.7508707046508789,
            0.03634918853640556
        ],
        [
            0.06800703704357147,
            -0.755375862121582,
            0.027032911777496338
        ],
        [
            0.06312184035778046,
            -0.7502732872962952,
            0.023365911096334457
        ],
        [
            0.052796848118305206,
            -0.7550424933433533,
            0.013018898665904999
        ],
        [
            0.0474470779299736,
            -0.7538242340087891,
            0.009618662297725677
        ],
        [
            0.05096292495727539,
            -0.7418285608291626,
            0.013377491384744644
        ],
        [
            0.05691077560186386,
            -0.7450980544090271,
            0.017688896507024765
        ],
        [
            0.05567574501037598,
            -0.7761963605880737,
            0.009915068745613098
        ],
        [
            0.059068597853183746,
            -0.7763452529907227,
            0.013337008655071259
        ],
        [
            0.05974269658327103,
            -0.7776466608047485,
            0.010995611548423767
        ],
        [
            0.05623749643564224,
            -0.7787846326828003,
            0.007109440863132477
        ],
        [
            0.06217995285987854,
            -0.7760631442070007,
            0.015655390918254852
        ],
        [
            0.06367515027523041,
            -0.7757238745689392,
            0.01663992553949356
        ],
        [
            0.0637335479259491,
            -0.7769477367401123,
            0.01536387950181961
        ],
        [
            0.06225549057126045,
            -0.7768954038619995,
            0.014943771064281464
        ],
        [
            0.060402434319257736,
            -0.7765687704086304,
            0.014030613005161285
        ],
        [
            0.05947093665599823,
            -0.7746474742889404,
            0.013555005192756653
        ],
        [
            0.06135576218366623,
            -0.7752941846847534,
            0.015013441443443298
        ],
        [
            0.056435298174619675,
            -0.7738020420074463,
            0.010271735489368439
        ],
        [
            0.04511100426316261,
            -0.7715919613838196,
            0.0007876604795455933
        ],
        [
            0.048807062208652496,
            -0.771888256072998,
            0.0027446597814559937
        ],
        [
            0.0475216805934906,
            -0.7763131856918335,
            0.0030289217829704285
        ],
        [
            0.04433824121952057,
            -0.7764972448348999,
            0.0013253316283226013
        ],
        [
            0.06226701661944389,
            -0.779178261756897,
            0.013218536972999573
        ],
        [
            0.06495390832424164,
            -0.7802643179893494,
            0.014010876417160034
        ],
        [
            0.061828386038541794,
            -0.7829605340957642,
            0.009881950914859772
        ],
        [
            0.0604681633412838,
            -0.7803574800491333,
            0.01054062694311142
        ],
        [
            0.06774073094129562,
            -0.7820402383804321,
            0.01428183913230896
        ],
        [
            0.06592977792024612,
            -0.7780774831771851,
            0.016130395233631134
        ],
        [
            0.0687309131026268,
            -0.7788553237915039,
            0.017148487269878387
        ],
        [
            0.06306254118680954,
            -0.7740302085876465,
            0.01661328226327896
        ],
        [
            0.06539863348007202,
            -0.7722809314727783,
            0.018521904945373535
        ],
        [
            0.06628233194351196,
            -0.7747912406921387,
            0.017432481050491333
        ],
        [
            0.06334201991558075,
            -0.7690936923027039,
            0.01797626167535782
        ],
        [
            0.0607302151620388,
            -0.772149384021759,
            0.015301845967769623
        ],
        [
            0.05763312429189682,
            -0.7702975869178772,
            0.012167446315288544
        ],
        [
            0.05357617884874344,
            -0.7686638832092285,
            0.008176587522029877
        ],
        [
            0.05529780685901642,
            -0.7638790607452393,
            0.011816643178462982
        ],
        [
            0.059882260859012604,
            -0.766149640083313,
            0.01541581004858017
        ],
        [
            0.06387504190206528,
            -0.7869309186935425,
            0.010605059564113617
        ],
        [
            0.07005807012319565,
            -0.7741429805755615,
            0.020091377198696136
        ],
        [
            0.07376575469970703,
            -0.7804040908813477,
            0.020238034427165985
        ],
        [
            0.06947168707847595,
            -0.769444465637207,
            0.021481819450855255
        ],
        [
            0.06713207066059113,
            -0.7650648951530457,
            0.021800272166728973
        ],
        [
            0.0632283091545105,
            -0.7609769105911255,
            0.020227529108524323
        ],
        [
            0.058186985552310944,
            -0.7577741146087646,
            0.016603335738182068
        ],
        [
            0.051041193306446075,
            -0.733757495880127,
            0.02553652599453926
        ],
        [
            0.058823417872190475,
            -0.7384669184684753,
            0.029870133846998215
        ],
        [
            0.07449756562709808,
            -0.8565189838409424,
            0.004551537334918976
        ],
        [
            0.08278379589319229,
            -0.8555830717086792,
            0.008350759744644165
        ],
        [
            0.08203990757465363,
            -0.8479738235473633,
            0.013913653790950775
        ],
        [
            0.0842343121767044,
            -0.8499218821525574,
            0.014090247452259064
        ],
        [
            0.07927516102790833,
            -0.8517075777053833,
            0.010003112256526947
        ],
        [
            0.07827524095773697,
            -0.8491897583007812,
            0.011095583438873291
        ],
        [
            0.09290796518325806,
            -0.8411189317703247,
            0.031671226024627686
        ],
        [
            0.08879493176937103,
            -0.8429125547409058,
            0.026329755783081055
        ],
        [
            0.08855443447828293,
            -0.8391447067260742,
            0.02828454226255417
        ],
        [
            0.09402266889810562,
            -0.8344100713729858,
            0.03326825797557831
        ],
        [
            0.0819951593875885,
            -0.831485390663147,
            0.02062440663576126
        ],
        [
            0.08571527153253555,
            -0.8326767683029175,
            0.024462759494781494
        ],
        [
            0.08274149894714355,
            -0.8394914865493774,
            0.02063687890768051
        ],
        [
            0.07990550994873047,
            -0.838583767414093,
            0.017896980047225952
        ],
        [
            0.07659321278333664,
            -0.8381621241569519,
            0.015258312225341797
        ],
        [
            0.07255334407091141,
            -0.8381563425064087,
            0.013584256172180176
        ],
        [
            0.07250908762216568,
            -0.8329411745071411,
            0.014537721872329712
        ],
        [
            0.07724353671073914,
            -0.8319071531295776,
            0.017095841467380524
        ],
        [
            0.07297720015048981,
            -0.8531410098075867,
            0.00785016268491745
        ],
        [
            0.06565065681934357,
            -0.8524620532989502,
            0.007187865674495697
        ],
        [
            0.06674785912036896,
            -0.8496242761611938,
            0.00828322023153305
        ],
        [
            0.07292190194129944,
            -0.8500198125839233,
            0.00853816419839859
        ],
        [
            0.055763863027095795,
            -0.8436337113380432,
            0.011887691915035248
        ],
        [
            0.057191040366888046,
            -0.8459573984146118,
            0.010915495455265045
        ],
        [
            0.05383148044347763,
            -0.8475276231765747,
            0.00925879180431366
        ],
        [
            0.05276578292250633,
            -0.843116283416748,
            0.010211408138275146
        ],
        [
            0.0549326129257679,
            -0.8400609493255615,
            0.010585345327854156
        ],
        [
            0.05701160058379173,
            -0.8419755697250366,
            0.011727839708328247
        ],
        [
            0.07679831981658936,
            -0.9102728366851807,
            0.01019173115491867
        ],
        [
            0.07324132323265076,
            -0.8939846754074097,
            0.0017568543553352356
        ],
        [
            0.0895589292049408,
            -0.9042537212371826,
            0.024604089558124542
        ],
        [
            0.09748037159442902,
            -0.89390629529953,
            0.03827529400587082
        ],
        [
            0.10250487923622131,
            -0.8808757066726685,
            0.05031561851501465
        ],
        [
            0.08611372113227844,
            -0.7790542840957642,
            0.036524698138237
        ],
        [
            0.0860237404704094,
            -0.7704262733459473,
            0.04334287345409393
        ],
        [
            0.09226967394351959,
            -0.7780036330223083,
            0.05608787387609482
        ],
        [
            0.08897396922111511,
            -0.7680325508117676,
            0.06088464334607124
        ],
        [
            0.08280760049819946,
            -0.760326087474823,
            0.04749493673443794
        ],
        [
            0.06808052957057953,
            -0.7424561977386475,
            0.04945690929889679
        ],
        [
            0.07673768699169159,
            -0.7502712607383728,
            0.049568191170692444
        ],
        [
            0.08271763473749161,
            -0.7583925724029541,
            0.06614996492862701
        ],
        [
            0.08896835148334503,
            -0.7711925506591797,
            0.08136530220508575
        ],
        [
            0.09340699017047882,
            -0.7782341241836548,
            0.07353629916906357
        ],
        [
            0.09206550568342209,
            -0.7873637676239014,
            0.0932595357298851
        ],
        [
            0.08202484250068665,
            -0.7635596990585327,
            0.09247635304927826
        ],
        [
            0.08778700977563858,
            -0.7868590950965881,
            0.10149247944355011
        ],
        [
            0.06627313792705536,
            -0.7283604145050049,
            0.08736978471279144
        ],
        [
            0.06732580065727234,
            -0.7171046733856201,
            0.09096679091453552
        ],
        [
            0.07555720210075378,
            -0.723320722579956,
            0.10595805943012238
        ],
        [
            0.07553380727767944,
            -0.7347248792648315,
            0.10177883505821228
        ],
        [
            0.09613712131977081,
            -0.7859559059143066,
            0.06561125814914703
        ],
        [
            0.10275307297706604,
            -0.8487915992736816,
            0.054834239184856415
        ],
        [
            0.10100191831588745,
            -0.8482070565223694,
            0.043268606066703796
        ],
        [
            0.10359159857034683,
            -0.8362230062484741,
            0.05925493687391281
        ],
        [
            0.10458768904209137,
            -0.9099088907241821,
            0.07203257828950882
        ],
        [
            0.09954524040222168,
            -0.9037303924560547,
            0.05436939746141434
        ],
        [
            0.10573120415210724,
            -0.8889701962471008,
            0.06280152499675751
        ],
        [
            0.10783835500478745,
            -0.8965095281600952,
            0.07854173332452774
        ],
        [
            0.08032786101102829,
            -0.9454486966133118,
            0.056254468858242035
        ],
        [
            0.07996593415737152,
            -0.9305081367492676,
            0.032146602869033813
        ],
        [
            0.08932267129421234,
            -0.9192788004875183,
            0.04262615740299225
        ],
        [
            0.09262606501579285,
            -0.9308250546455383,
            0.06250020116567612
        ],
        [
            0.10821538418531418,
            -0.8980550765991211,
            0.09181923419237137
        ],
        [
            0.1069040596485138,
            -0.9003532528877258,
            0.11110597848892212
        ],
        [
            0.10228753089904785,
            -0.916627049446106,
            0.11611746996641159
        ],
        [
            0.10386168956756592,
            -0.9162384271621704,
            0.09288103878498077
        ],
        [
            0.09015429019927979,
            -0.937629222869873,
            0.11972880363464355
        ],
        [
            0.09253998100757599,
            -0.9374422430992126,
            0.09190549701452255
        ],
        [
            0.08260385692119598,
            -0.7731819152832031,
            0.11189229786396027
        ],
        [
            0.08577525615692139,
            -0.7925235033035278,
            0.11397646367549896
        ],
        [
            0.07607095688581467,
            -0.7483040690422058,
            0.09556052088737488
        ],
        [
            0.08011268079280853,
            -0.7563285827636719,
            0.11215591430664062
        ],
        [
            0.07296877354383469,
            -0.952908456325531,
            0.12016644328832626
        ],
        [
            0.07594908773899078,
            -0.9545426368713379,
            0.08826036751270294
        ],
        [
            0.08686577528715134,
            -0.8825653791427612,
            0.15867775678634644
        ],
        [
            0.09240014851093292,
            -0.8988814353942871,
            0.15048369765281677
        ],
        [
            0.09977986663579941,
            -0.8851809501647949,
            0.1362493634223938
        ],
        [
            0.09489511698484421,
            -0.8718022108078003,
            0.14526498317718506
        ],
        [
            0.07530535012483597,
