{
    "pred_cam": [
        1.8380390405654907,
        -0.0047736745327711105,
        0.6101752519607544
    ],
    "pred_smpl_params": {
        "global_orient": [
            [
                [
                    0.9991722106933594,
                    0.03382270038127899,
                    0.022604327648878098
                ],
                [
                    0.04037640243768692,
                    -0.8923619985580444,
                    -0.4495106041431427
                ],
                [
                    0.004967580083757639,
                    0.4500511884689331,
                    -0.892988920211792
                ]
            ]
        ],
        "body_pose": [
            [
                [
                    0.9566412568092346,
                    -0.28625598549842834,
                    -0.053804438561201096
                ],
                [
                    0.2500265836715698,
                    0.712295413017273,
                    0.6558367013931274
                ],
                [
                    -0.14941252768039703,
                    -0.6408530473709106,
                    0.7529827952384949
                ]
            ],
            [
                [
                    0.9803350567817688,
                    0.19419647753238678,
                    0.03508463129401207
                ],
                [
                    -0.1717919558286667,
                    0.7523316144943237,
                    0.6359911561012268
                ],
                [
                    0.09711197763681412,
                    -0.6295116543769836,
                    0.7708984613418579
                ]
            ],
            [
                [
                    0.9994183778762817,
                    0.03409992530941963,
                    0.00037514965515583754
                ],
                [
                    -0.030349763110280037,
                    0.8944153785705566,
                    -0.4462062418460846
                ],
                [
                    -0.015551142394542694,
                    0.44593530893325806,
                    0.8949300646781921
                ]
            ],
            [
                [
                    0.9799680709838867,
                    0.10096137225627899,
                    -0.17166675627231598
                ],
                [
                    -0.14663735032081604,
                    -0.21747422218322754,
                    -0.9649883508682251
                ],
                [
                    -0.13475966453552246,
                    0.9708304405212402,
                    -0.19831308722496033
                ]
            ],
            [
                [
                    0.9741184711456299,
                    -0.12560148537158966,
                    0.18792907893657684
                ],
                [
                    0.16463419795036316,
                    -0.17544154822826385,
                    -0.9706264734268188
                ],
                [
                    0.1548827439546585,
                    0.9764448404312134,
                    -0.1502225548028946
                ]
            ],
            [
                [
                    0.9999988079071045,
                    0.0006021599983796477,
                    -0.0014310280093923211
                ],
                [
                    -0.0005265391082502902,
                    0.9986329674720764,
                    0.052268870174884796
                ],
                [
                    0.0014605458127334714,
                    -0.05226805433630943,
                    0.9986320734024048
                ]
            ],
            [
                [
                    0.9359496235847473,
                    -0.09988629072904587,
                    0.33767014741897583
                ],
                [
                    -0.01654050685465336,
                    0.945395827293396,
                    0.3255045711994171
                ],
                [
                    -0.3517453670501709,
                    -0.31024107336997986,
                    0.8831906914710999
                ]
            ],
            [
                [
                    0.9427012205123901,
                    0.10025221854448318,
                    -0.31821978092193604
                ],
                [
                    0.010239258408546448,
                    0.9446448683738708,
                    0.3279346823692322
                ],
                [
                    0.3334808945655823,
                    -0.31240278482437134,
                    0.8894913792610168
                ]
            ],
            [
                [
                    0.9999126195907593,
                    0.00824787188321352,
                    -0.010336639359593391
                ],
                [
                    -0.008136473596096039,
                    0.9999089241027832,
                    0.010773311369121075
                ],
                [
                    0.010424553416669369,
                    -0.010688264854252338,
                    0.9998886585235596
                ]
            ],
            [
                [
                    0.9906482100486755,
                    -0.12645137310028076,
                    -0.05124561861157417
                ],
                [
                    0.13218466937541962,
                    0.9825575947761536,
                    0.13079683482646942
                ],
                [
                    0.03381233289837837,
                    -0.13634754717350006,
                    0.9900838732719421
                ]
            ],
            [
                [
                    0.9948455691337585,
                    0.08930297940969467,
                    0.048033490777015686
                ],
                [
                    -0.0955338403582573,
                    0.9842491149902344,
                    0.14875170588493347
                ],
                [
                    -0.0339929461479187,
                    -0.15257380902767181,
                    0.9877073168754578
                ]
            ],
            [
                [
                    0.9984621405601501,
                    0.002596804639324546,
                    0.055376823991537094
                ],
                [
                    0.004311259835958481,
                    0.9922399520874023,
                    -0.12426286935806274
                ],
                [
                    -0.05526978522539139,
                    0.12431051582098007,
                    0.9907028079032898
                ]
            ],
            [
                [
                    0.903718113899231,
                    -0.07880807667970657,
                    -0.42081212997436523
                ],
                [
                    0.17721955478191376,
                    0.9636088609695435,
                    0.20012816786766052
                ],
                [
                    0.38972654938697815,
                    -0.255435585975647,
                    0.8847970962524414
                ]
            ],
            [
                [
                    0.9482165575027466,
                    0.04841453209519386,
                    0.3139129877090454
                ],
                [
                    -0.11146842688322067,
                    0.9761776924133301,
                    0.18615038692951202
                ],
                [
                    -0.29742246866226196,
                    -0.2115022838115692,
                    0.9310245513916016
                ]
            ],
            [
                [
                    0.9986857771873474,
                    -0.04938312992453575,
                    0.013710378669202328
                ],
                [
                    0.05075756460428238,
                    0.99005526304245,
                    -0.13120298087596893
                ],
                [
                    -0.007094820030033588,
                    0.13172647356987,
                    0.9912606477737427
                ]
            ],
            [
                [
                    0.8363933563232422,
                    0.08829975873231888,
                    -0.5409706830978394
                ],
                [
                    0.13505136966705322,
                    0.923316478729248,
                    0.35951051115989685
                ],
                [
                    0.5312318205833435,
                    -0.37375104427337646,
                    0.7603307366371155
                ]
            ],
            [
                [
                    0.9357464909553528,
                    -0.10807084292173386,
                    0.33570700883865356
                ],
                [
                    -0.012491910718381405,
                    0.9411382079124451,
                    0.3377911150455475
                ],
                [
                    -0.3524520695209503,
                    -0.3202804625034332,
                    0.8793167471885681
                ]
            ],
            [
                [
                    0.15750890970230103,
                    -0.16465447843074799,
                    -0.9736939072608948
                ],
                [
                    0.5649998784065247,
                    0.8236998319625854,
                    -0.0478932186961174
                ],
                [
                    0.8099172711372375,
                    -0.5425933599472046,
                    0.2227698266506195
                ]
            ],
            [
                [
                    0.13298819959163666,
                    0.2300160676240921,
                    0.964057445526123
                ],
                [
                    -0.609757125377655,
                    0.7858178019523621,
                    -0.10337582975625992
                ],
                [
                    -0.7813516855239868,
                    -0.5740931034088135,
                    0.24475842714309692
                ]
            ],
            [
                [
                    0.9816432595252991,
                    -0.18840530514717102,
                    -0.02966420166194439
                ],
                [
                    0.17901407182216644,
                    0.9638131856918335,
                    -0.19753003120422363
                ],
                [
                    0.06580645591020584,
                    0.18859371542930603,
                    0.9798479080200195
                ]
            ],
            [
                [
                    0.9864199161529541,
                    0.1613340526819229,
                    0.03077591583132744
                ],
                [
                    -0.15642201900482178,
                    0.9799414277076721,
                    -0.12347804009914398
                ],
                [
                    -0.05007981136441231,
                    0.11698715388774872,
                    0.9918699264526367
                ]
            ],
            [
                [
                    0.9967696666717529,
                    0.07283452153205872,
                    -0.03384312987327576
                ],
                [
                    -0.07356157898902893,
                    0.9970746040344238,
                    -0.02075779065489769
                ],
                [
                    0.032232243567705154,
                    0.023180291056632996,
                    0.9992115497589111
                ]
            ],
            [
                [
                    0.9958243370056152,
                    -0.08934731781482697,
                    0.018732069060206413
                ],
                [
                    0.0892234742641449,
                    0.9959846138954163,
                    0.007347004488110542
                ],
                [
                    -0.019313283264636993,
                    -0.005644986405968666,
                    0.9997975826263428
                ]
            ]
        ],
        "betas": [
            -0.06513077020645142,
            -0.09293442964553833,
            -0.16459409892559052,
            -0.10197266936302185,
            0.07316970825195312,
            -0.07456385344266891,
            -0.05436447262763977,
            -0.015965282917022705,
            0.03342525660991669,
            -0.015774011611938477
        ]
    },
    "pred_cam_t": [
        -0.0047736745327711105,
        0.6101752519607544,
        21.252269744873047
    ],
    "focal_length": [
        5000.0,
        5000.0
    ],
    "pred_keypoints_3d": [
        [
            0.0505635142326355,
            -0.8013014197349548,
            -0.02682553231716156
        ],
        [
            0.03470492735505104,
            -0.7007973194122314,
            0.13635243475437164
        ],
        [
            -0.14013464748859406,
            -0.662748396396637,
            0.11649388074874878
        ],
        [
            -0.3453108072280884,
            -0.7142917513847351,
            -0.02539713680744171
        ],
        [
            -0.262392520904541,
            -0.9486382603645325,
            -0.08181888610124588
        ],
        [
            0.1948816478252411,
            -0.6417433619499207,
            0.10304322093725204
        ],
        [
            0.35671329498291016,
            -0.7195079922676086,
            -0.08625072985887527
        ],
        [
            0.25519874691963196,
            -0.94651859998703,
            -0.09394513815641403
        ],
        [
            -0.0016489401459693909,
            -0.22107481956481934,
            0.0286770761013031
        ],
        [
            -0.07290033996105194,
            -0.14150354266166687,
            -0.008534878492355347
        ],
        [
            -0.18868498504161835,
            0.006065055727958679,
            -0.3421347737312317
        ],
        [
            -0.1378517895936966,
            0.31683993339538574,
            -0.09687639772891998
        ],
        [
            0.0651070699095726,
            -0.13402780890464783,
            -0.005959689617156982
        ],
        [
            0.20081588625907898,
            0.0008084326982498169,
            -0.32861292362213135
        ],
        [
            0.1264544427394867,
            0.3057263493537903,
            -0.08257921040058136
        ],
        [
            0.016555435955524445,
            -0.8429051637649536,
            0.0020834654569625854
        ],
        [
            0.08333233743906021,
            -0.8413935899734497,
            0.00444861501455307
        ],
        [
            -0.030231818556785583,
            -0.8344613313674927,
            0.09731840342283249
        ],
        [
            0.11769995838403702,
            -0.8321272730827332,
            0.10064618289470673
        ],
        [
            0.2105017602443695,
            0.4025803208351135,
            -0.2333754003047943
        ],
        [
            0.2474694699048996,
            0.38851475715637207,
            -0.16107964515686035
        ],
        [
            0.1111401617527008,
            0.31663978099823,
            -0.014577925205230713
        ],
        [
            -0.19493289291858673,
            0.4063873291015625,
            -0.2627958655357361
        ],
        [
            -0.24814847111701965,
            0.3949645757675171,
            -0.19641748070716858
        ],
        [
            -0.12619176506996155,
            0.344112753868103,
            -0.028104513883590698
        ],
        [
            -0.15832488238811493,
            0.2617964744567871,
            -0.0924113392829895
        ],
        [
            -0.18004891276359558,
            -0.02317686751484871,
            -0.3109908699989319
        ],
        [
            -0.15162137150764465,
            -0.24157056212425232,
            0.06192336231470108
        ],
        [
            0.1483803689479828,
            -0.21239706873893738,
            0.07253799587488174
        ],
        [
            0.20703968405723572,
            -0.016679197549819946,
            -0.3056255578994751
        ],
        [
            0.13316990435123444,
            0.2630128860473633,
            -0.07525376230478287
        ],
        [
            -0.2389773726463318,
            -0.927553653717041,
            -0.06180669367313385
        ],
        [
            -0.3384646773338318,
            -0.7392706871032715,
            0.0029404242523014545
        ],
        [
            -0.10983037948608398,
            -0.6831876039505005,
            0.1293756365776062
        ],
        [
            0.17803087830543518,
            -0.6645447015762329,
            0.12270498275756836
        ],
        [
            0.354120671749115,
            -0.7425297498703003,
            -0.04796705022454262
        ],
        [
            0.25524139404296875,
            -0.9374489784240723,
            -0.07331955432891846
        ],
        [
            0.038369156420230865,
            -0.6994296312332153,
            0.13845816254615784
        ],
        [
            0.05067218840122223,
            -0.8845937252044678,
            0.08057942986488342
        ],
        [
            -0.00157656311057508,
            -0.22680619359016418,
            0.06706689298152924
        ],
        [
            0.03344253450632095,
            -0.6648347973823547,
            0.12431769073009491
        ],
        [
            0.010125773027539253,
            -0.46515944600105286,
            0.11702825129032135
        ],
        [
            0.052414558827877045,
            -0.7757324576377869,
            0.05067143589258194
        ],
        [
            0.04594476521015167,
            -0.9040495157241821,
            0.08823428303003311
        ]
    ],
    "pred_vertices": [
        [
            0.096198670566082,
            -0.8870842456817627,
            0.0025037676095962524
        ],
        [
            0.09039440751075745,
            -0.8729831576347351,
            -0.0034534037113189697
        ],
        [
            0.10105371475219727,
            -0.8698426485061646,
            0.005675196647644043
        ],
        [
            0.10602469742298126,
            -0.8800938129425049,
            0.015028372406959534
        ],
        [
            0.09714267402887344,
            -0.8604824542999268,
            0.00024081021547317505
        ],
        [
            0.08733012527227402,
            -0.8620619773864746,
            -0.006707832217216492
        ],
        [
            0.10721670091152191,
            -0.8636859059333801,
            0.01654086261987686
        ],
        [
            0.1114666685461998,
            -0.8711705803871155,
            0.027591899037361145
        ],
        [
            0.1114412397146225,
            -0.827297568321228,
            0.02984088659286499
        ],
        [
            0.114336758852005,
            -0.8222875595092773,
            0.040127478539943695
        ],
        [
            0.11466795206069946,
            -0.8350818753242493,
            0.03754044324159622
        ],
        [
            0.11009564995765686,
            -0.8366498947143555,
            0.028485387563705444
        ],
        [
            0.10854695737361908,
            -0.8020211458206177,
            0.034195370972156525
        ],
        [
            0.10262475162744522,
            -0.7929081320762634,
            0.025675013661384583
        ],
        [
            0.10390306264162064,
            -0.783995509147644,
            0.03591139614582062
        ],
        [
            0.10867732763290405,
            -0.7927212715148926,
            0.045126527547836304
        ],
        [
            0.07244869321584702,
            -0.8076870441436768,
            0.0001566559076309204
        ],
        [
            0.07744008302688599,
            -0.800834596157074,
            0.0016874521970748901
        ],
        [
            0.08156812936067581,
            -0.8073137402534485,
            0.0023789554834365845
        ],
        [
            0.07565757632255554,
            -0.8133919835090637,
            0.0011820346117019653
        ],
        [
            0.06373358517885208,
            -0.8177255392074585,
            -0.006818249821662903
        ],
        [
            0.06460750102996826,
            -0.8232232332229614,
            -0.0035455524921417236
        ],
        [
            0.06031817942857742,
            -0.8271796703338623,
            -0.009087666869163513
        ],
        [
            0.06021103262901306,
            -0.8208940029144287,
            -0.013228416442871094
        ],
        [
            0.06700567901134491,
            -0.8025984764099121,
            -0.00036723166704177856
        ],
        [
            0.07217572629451752,
            -0.7956609725952148,
            0.002011045813560486
        ],
        [
            0.06796452403068542,
            -0.8134112358093262,
            -0.0017002224922180176
        ],
        [
            0.06604981422424316,
            -0.8092782497406006,
            -0.004110686480998993
        ],
        [
            0.06322222948074341,
            -0.8032206296920776,
            -0.01436130702495575
        ],
        [
            0.06494948267936707,
            -0.8078999519348145,
            -0.012956157326698303
        ],
        [
            0.06207649037241936,
            -0.8090189695358276,
            -0.02019653469324112
        ],
        [
            0.06046728044748306,
            -0.803451418876648,
            -0.019288837909698486
        ],
        [
            0.06554839015007019,
            -0.8027104735374451,
            -0.005213648080825806
        ],
        [
            0.06640619039535522,
            -0.8055301904678345,
            -0.00794980674982071
        ],
        [
            0.06376348435878754,
            -0.8019167184829712,
            -0.010310739278793335
        ],
        [
            0.062104880809783936,
            -0.7999002933502197,
            -0.007204562425613403
        ],
        [
            0.06323964893817902,
            -0.813732385635376,
            -0.009669475257396698
        ],
        [
            0.06072966754436493,
            -0.8155012726783752,
            -0.016813844442367554
        ],
        [
            0.05735574662685394,
            -0.8170206546783447,
            -0.024207085371017456
        ],
        [
            0.05819209665060043,
            -0.8085581064224243,
            -0.027167044579982758
        ],
        [
            0.08703957498073578,
            -0.7869882583618164,
            0.009596914052963257
        ],
        [
            0.08283009380102158,
            -0.7940983772277832,
            0.004566088318824768
        ],
        [
            0.07762692868709564,
            -0.7893890142440796,
            0.004166610538959503
        ],
        [
            0.0818619430065155,
            -0.7836498022079468,
            0.007623851299285889
        ],
        [
            0.0631239116191864,
            -0.7966325283050537,
            -0.0035776346921920776
        ],
        [
            0.0659811794757843,
            -0.7807035446166992,
            -0.002465188503265381
        ],
        [
            0.06647877395153046,
            -0.7843896150588989,
            -0.0029080957174301147
        ],
        [
            0.06079406291246414,
            -0.7854422330856323,
            -0.00730760395526886
        ],
        [
            0.06097467616200447,
            -0.7819669246673584,
            -0.006664656102657318
        ],
        [
            0.09066905081272125,
            -0.7726701498031616,
            0.019390694797039032
        ],
        [
            0.08544360846281052,
            -0.7716255784034729,
            0.014438770711421967
        ],
        [
            0.08533120155334473,
            -0.7647658586502075,
            0.017522603273391724
        ],
        [
            0.08971996605396271,
            -0.7644891738891602,
            0.023595310747623444
        ],
        [
            0.08251235634088516,
            -0.759124755859375,
            0.018733128905296326
        ],
        [
            0.08760487288236618,
            -0.7567421197891235,
            0.027153342962265015
        ],
        [
            0.07801888883113861,
            -0.7430257797241211,
            0.027193836867809296
        ],
        [
            0.08283229172229767,
            -0.7489674091339111,
            0.027360547333955765
        ],
        [
            0.07851705700159073,
            -0.7535814046859741,
            0.01828353852033615
        ],
        [
            0.07337737083435059,
            -0.748571515083313,
            0.014872293919324875
        ],
        [
            0.062418825924396515,
            -0.7535395622253418,
            0.0051771849393844604
        ],
        [
            0.05686509981751442,
            -0.7523946762084961,
            0.0020704641938209534
        ],
        [
            0.06048557162284851,
            -0.7403378486633301,
            0.0055630505084991455
        ],
        [
            0.06678332388401031,
            -0.7435047030448914,
            0.009534496814012527
        ],
        [
            0.06529872119426727,
            -0.7746819257736206,
            0.0020690709352493286
        ],
        [
            0.06889413297176361,
            -0.7747694849967957,
            0.005280539393424988
        ],
        [
            0.06943546235561371,
            -0.7760841846466064,
            0.0029119327664375305
        ],
        [
            0.06570475548505783,
            -0.7772914171218872,
            -0.0007482916116714478
        ],
        [
            0.0721418485045433,
            -0.7744314670562744,
            0.007401980459690094
        ],
        [
            0.07369092106819153,
            -0.7740665078163147,
            0.00829276442527771
        ],
        [
            0.07368046045303345,
            -0.7753047943115234,
            0.0070250555872917175
        ],
        [
            0.07217825949192047,
            -0.7752712965011597,
            0.006682164967060089
        ],
        [
            0.07026912271976471,
            -0.7749714851379395,
            0.0058803558349609375
        ],
        [
            0.06929686665534973,
            -0.7730636596679688,
            0.005446977913379669
        ],
        [
            0.07127757370471954,
            -0.7736732959747314,
            0.00680357962846756
        ],
        [
            0.06604839861392975,
            -0.7722815275192261,
            0.0023556798696517944
        ],
        [
            0.05414991453289986,
            -0.7702730298042297,
            -0.0064599886536598206
        ],
        [
            0.057959988713264465,
            -0.7705019116401672,
            -0.004710346460342407
        ],
        [
            0.05673714727163315,
            -0.7749297618865967,
            -0.004325553774833679
        ],
        [
            0.053460538387298584,
            -0.7751810550689697,
            -0.005848906934261322
        ],
        [
            0.07210466265678406,
            -0.7775859832763672,
            0.004977107048034668
        ],
        [
            0.07485504448413849,
            -0.778620719909668,
            0.005622543394565582
        ],
        [
            0.07150641083717346,
            -0.781387209892273,
            0.001706041395664215
        ],
        [
            0.07016323506832123,
            -0.7787907123565674,
            0.0024304091930389404
        ],
        [
            0.07767020165920258,
            -0.7803679704666138,
            0.005733124911785126
        ],
        [
            0.075933538377285,
            -0.7764050364494324,
            0.007662355899810791
        ],
        [
            0.07880203425884247,
            -0.7771573066711426,
            0.00852666050195694
        ],
        [
            0.07306686043739319,
            -0.7723777294158936,
            0.008287481963634491
        ],
        [
            0.07549890875816345,
            -0.770587682723999,
            0.010041393339633942
        ],
        [
            0.07633473724126816,
            -0.7730990648269653,
            0.008917763829231262
        ],
        [
            0.07338821887969971,
            -0.7674280405044556,
            0.009599067270755768
        ],
        [
            0.07064644992351532,
            -0.770533561706543,
            0.007104791700839996
        ],
        [
            0.0673382431268692,
            -0.7687468528747559,
            0.004159703850746155
        ],
        [
            0.06302055716514587,
            -0.7671931982040405,
            0.000411011278629303
        ],
        [
            0.06492841243743896,
            -0.7623580694198608,
            0.0038981586694717407
        ],
        [
            0.06975151598453522,
            -0.764545738697052,
            0.007232561707496643
        ],
        [
            0.07363767921924591,
            -0.7853395938873291,
            0.0023305192589759827
        ],
        [
            0.0802549421787262,
            -0.7723949551582336,
            0.01135525107383728
        ],
        [
            0.08402610570192337,
            -0.7786284685134888,
            0.011341460049152374
        ],
        [
            0.07971334457397461,
            -0.7676898837089539,
            0.012744851410388947
        ],
        [
            0.07736433297395706,
            -0.7633288502693176,
            0.013173826038837433
        ],
        [
            0.07340053468942642,
            -0.7592865228652954,
            0.011787481606006622
        ],
        [
            0.06804890930652618,
            -0.7561891674995422,
            0.008464507758617401
        ],
        [
            0.061209503561258316,
            -0.732189416885376,
            0.01768796518445015
        ],
        [
            0.06934390962123871,
            -0.7367666959762573,
            0.021590229123830795
        ],
        [
            0.08455554395914078,
            -0.854860782623291,
            -0.003730885684490204
        ],
        [
            0.09303659945726395,
            -0.8538144826889038,
            -0.00044189393520355225
        ],
        [
            0.09257055073976517,
            -0.8461722731590271,
            0.00508282333612442
        ],
        [
            0.09478911757469177,
            -0.8480730056762695,
            0.005153059959411621
        ],
        [
            0.08960624039173126,
            -0.8499606847763062,
            0.001366153359413147
        ],
        [
            0.08864809572696686,
            -0.847449541091919,
            0.0025051459670066833
        ],
        [
            0.1044338122010231,
            -0.8390527367591858,
            0.022096171975135803
        ],
        [
            0.1000111848115921,
            -0.8409500122070312,
            0.017028316855430603
        ],
        [
            0.09986899793148041,
            -0.837157130241394,
            0.018963679671287537
        ],
        [
            0.10558793693780899,
            -0.8323123455047607,
            0.023571930825710297
        ],
        [
            0.09277698397636414,
            -0.8296395540237427,
            0.011625461280345917
        ],
        [
            0.09674742072820663,
            -0.8307490348815918,
            0.015246748924255371
        ],
        [
            0.09361211955547333,
            -0.8376355171203613,
            0.011645801365375519
        ],
        [
            0.09059787541627884,
            -0.8367809057235718,
            0.009069450199604034
        ],
        [
            0.0871281772851944,
            -0.8364196419715881,
            0.0066275447607040405
        ],
        [
            0.0829961895942688,
            -0.8364633321762085,
            0.005210466682910919
        ],
        [
            0.08295005559921265,
            -0.8312479257583618,
            0.006110332906246185
        ],
        [
            0.08782293647527695,
            -0.8301427364349365,
            0.008374780416488647
        ],
        [
            0.08321009576320648,
            -0.8514767289161682,
            -0.0004183277487754822
        ],
        [
            0.07584856450557709,
            -0.850867748260498,
            -0.000640571117401123
        ],
        [
            0.0769878551363945,
            -0.8480228185653687,
            0.00035731494426727295
        ],
        [
            0.08316421508789062,
            -0.8483524322509766,
            0.0002512410283088684
        ],
        [
            0.06618021428585052,
            -0.8421155214309692,
            0.0045736804604530334
        ],
        [
            0.0675654262304306,
            -0.8444346189498901,
            0.0035446807742118835
        ],
        [
            0.06412312388420105,
            -0.8460514545440674,
            0.0021092593669891357
        ],
        [
            0.06308065354824066,
            -0.8416382074356079,
            0.003073073923587799
        ],
        [
            0.06523468345403671,
            -0.8385677337646484,
            0.003282979130744934
        ],
        [
            0.06739596277475357,
            -0.8404486179351807,
            0.0043209269642829895
        ],
        [
            0.08777064830064774,
            -0.9085418581962585,
            0.00216076523065567
        ],
        [
            0.08351365476846695,
            -0.8923667669296265,
            -0.006196282804012299
        ],
        [
            0.10124190151691437,
            -0.9022886753082275,
            0.015770800411701202
        ],
        [
            0.10989649593830109,
            -0.8917315602302551,
            0.02882220596075058
        ],
        [
            0.1154910996556282,
            -0.8785191774368286,
            0.040433235466480255
        ],
        [
            0.09731639921665192,
            -0.777022123336792,
            0.026885218918323517
        ],
        [
            0.09755739569664001,
            -0.7683444023132324,
            0.03365156054496765
        ],
        [
            0.10464897751808167,
            -0.7757601141929626,
            0.046041496098041534
        ],
        [
            0.10153569281101227,
            -0.7658025026321411,
            0.05098859593272209
        ],
        [
            0.09452976286411285,
            -0.7582442760467529,
            0.03791360557079315
        ],
        [
            0.07973475754261017,
            -0.7405610084533691,
            0.04071114957332611
        ],
        [
            0.08848004788160324,
            -0.7482424974441528,
            0.04031730070710182
        ],
        [
            0.09547489881515503,
            -0.7562075853347778,
            0.05661019682884216
        ],
        [
            0.10270241647958755,
            -0.7688606977462769,
            0.07150009274482727
        ],
        [
            0.10681530833244324,
            -0.7758706212043762,
            0.06342457234859467
        ],
        [
            0.10669660568237305,
            -0.7849152088165283,
            0.08326460421085358
        ],
        [
            0.0963289886713028,
            -0.7612837553024292,
            0.08306092023849487
        ],
        [
            0.10292349010705948,
            -0.7844049334526062,
            0.09177200496196747
        ],
        [
            0.08005642145872116,
            -0.7262647151947021,
            0.07907377183437347
        ],
        [
            0.08124419301748276,
            -0.714934229850769,
            0.08275949209928513
        ],
        [
            0.09029388427734375,
            -0.7210849523544312,
            0.09727498143911362
        ],
        [
            0.09015152603387833,
            -0.732490599155426,
            0.09294682741165161
        ],
        [
            0.10912822932004929,
            -0.7835981845855713,
            0.05540165305137634
        ],
        [
            0.1157303899526596,
            -0.8463951349258423,
            0.04466983675956726
        ],
        [
            0.113289013504982,
            -0.8459292650222778,
            0.03320728987455368
        ],
        [
            0.11676688492298126,
            -0.8338079452514648,
            0.04892938584089279
        ],
        [
            0.11910703778266907,
            -0.9073660373687744,
            0.06225825846195221
        ],
        [
            0.11292903870344162,
            -0.9013956785202026,
            0.04488570988178253
        ],
        [
            0.11950486153364182,
            -0.8864955306053162,
            0.05281927436590195
        ],
        [
            0.12262644618749619,
            -0.8938977718353271,
            0.06846196204423904
        ],
        [
            0.09435640275478363,
            -0.9432438015937805,
            0.04823432117700577
        ],
        [
            0.09241858124732971,
            -0.9285621643066406,
            0.024095594882965088
        ],
        [
            0.10223820805549622,
            -0.9171591997146606,
            0.03388172388076782
        ],
        [
            0.10685162246227264,
            -0.9284636974334717,
            0.05359862744808197
        ],
        [
            0.1238146647810936,
            -0.8953235149383545,
            0.08170162886381149
        ],
        [
            0.12365614622831345,
            -0.8974860906600952,
            0.10105973482131958
        ],
        [
            0.11950431764125824,
            -0.9137517213821411,
            0.1064615547657013
        ],
        [
            0.11968065053224564,
            -0.9135310649871826,
            0.0831661969423294
        ],
        [
            0.10784618556499481,
            -0.9347869157791138,
            0.11095337569713593
        ],
        [
            0.10863811522722244,
            -0.9348177909851074,
            0.08302220702171326
        ],
        [
            0.09817981719970703,
            -0.7707647085189819,
            0.10250438004732132
        ],
        [
            0.1017233356833458,
            -0.7900232672691345,
            0.1044154167175293
        ],
        [
            0.09045279026031494,
            -0.7460744976997375,
            0.086570143699646
        ],
        [
            0.09549408406019211,
            -0.7539850473403931,
            0.10296796262264252
        ],
        [
            0.09093204140663147,
            -0.9501906037330627,
            0.11248955130577087
        ],
        [
            0.0920226126909256,
            -0.952073335647583,
            0.08051570504903793
        ],
        [
            0.10627400875091553,
            -0.8796160817146301,
            0.1495431363582611
        ],
        [
            0.11153816431760788,
            -0.8958930969238281,
            0.14117944240570068
        ],
        [
            0.11792837828397751,
            -0.882233202457428,
            0.12644624710083008
        ],
        [
            0.11344404518604279,
            -0.8688808679580688,
            0.1356339454650879
        ],
