{
    "pred_cam": [
        1.8359262943267822,
        -0.009574180468916893,
        0.6035120487213135
    ],
    "pred_smpl_params": {
        "global_orient": [
            [
                [
                    0.9958691596984863,
                    0.08971864730119705,
                    -0.013972233980894089
                ],
                [
                    0.07376911491155624,
                    -0.8891614079475403,
                    -0.4516083300113678
                ],
                [
                    -0.05294126272201538,
                    0.4487120807170868,
                    -0.8921068906784058
                ]
            ]
        ],
        "body_pose": [
            [
                [
                    0.9445370435714722,
                    -0.32658034563064575,
                    -0.0345681793987751
                ],
                [
                    0.2802833318710327,
                    0.7467989325523376,
                    0.603102445602417
                ],
                [
                    -0.17114593088626862,
                    -0.5793415307998657,
                    0.796914279460907
                ]
            ],
            [
                [
                    0.9602743983268738,
                    0.2784413695335388,
                    0.018531398847699165
                ],
                [
                    -0.24175307154655457,
                    0.7968993186950684,
                    0.5536305904388428
                ],
                [
                    0.13938599824905396,
                    -0.5361173152923584,
                    0.8325560688972473
                ]
            ],
            [
                [
                    0.9995754957199097,
                    0.02902083657681942,
                    0.002588882576674223
                ],
                [
                    -0.02552470937371254,
                    0.9150633215904236,
                    -0.40250179171562195
                ],
                [
                    -0.01404992863535881,
                    0.402264803647995,
                    0.9154156446456909
                ]
            ],
            [
                [
                    0.9839831590652466,
                    0.06323438137769699,
                    -0.16666899621486664
                ],
                [
                    -0.1434457153081894,
                    -0.2742077708244324,
                    -0.9509118795394897
                ],
                [
                    -0.10583225637674332,
                    0.9595892429351807,
                    -0.2607451379299164
                ]
            ],
            [
                [
                    0.9770143628120422,
                    -0.08592308312654495,
                    0.19509035348892212
                ],
                [
                    0.1754254698753357,
                    -0.19588932394981384,
                    -0.9648074507713318
                ],
                [
                    0.1211153119802475,
                    0.9768544435501099,
                    -0.176313579082489
                ]
            ],
            [
                [
                    0.9998527765274048,
                    -0.01687229797244072,
                    -0.003127126954495907
                ],
                [
                    0.016937771812081337,
                    0.9996089339256287,
                    0.022249607369303703
                ],
                [
                    0.0027505022007972,
                    -0.022299299016594887,
                    0.9997475743293762
                ]
            ],
            [
                [
                    0.940791130065918,
                    -0.09953995794057846,
                    0.32404282689094543
                ],
                [
                    -0.019288815557956696,
                    0.9386481046676636,
                    0.34433645009994507
                ],
                [
                    -0.3384374678134918,
                    -0.33019912242889404,
                    0.8811517953872681
                ]
            ],
            [
                [
                    0.9471662044525146,
                    0.08922028541564941,
                    -0.3080843687057495
                ],
                [
                    0.01927371695637703,
                    0.9429647326469421,
                    0.3323343098163605
                ],
                [
                    0.32016363739967346,
                    -0.32071375846862793,
                    0.8914247155189514
                ]
            ],
            [
                [
                    0.9998506903648376,
                    -0.004996750503778458,
                    -0.01654083840548992
                ],
                [
                    0.005199573468416929,
                    0.9999116063117981,
                    0.012242035008966923
                ],
                [
                    0.016478203237056732,
                    -0.012326212599873543,
                    0.9997882843017578
                ]
            ],
            [
                [
                    0.9915444254875183,
                    -0.126820906996727,
                    -0.027496175840497017
                ],
                [
                    0.12936650216579437,
                    0.9826794266700745,
                    0.1326856166124344
                ],
                [
                    0.010192615911364555,
                    -0.13512076437473297,
                    0.9907766580581665
                ]
            ],
            [
                [
                    0.9951888918876648,
                    0.09539443254470825,
                    0.022336170077323914
                ],
                [
                    -0.09781406074762344,
                    0.9804360270500183,
                    0.1708148568868637
                ],
                [
                    -0.005604398902505636,
                    -0.17217785120010376,
                    0.9850499629974365
                ]
            ],
            [
                [
                    0.9986066222190857,
                    -0.0018900424474850297,
                    0.05273842811584473
                ],
                [
                    0.008226537145674229,
                    0.9927164316177368,
                    -0.12019335478544235
                ],
                [
                    -0.05212713032960892,
                    0.12045972049236298,
                    0.9913487434387207
                ]
            ],
            [
                [
                    0.9016725420951843,
                    -0.06213970482349396,
                    -0.4279314875602722
                ],
                [
                    0.15910185873508453,
                    0.9678750038146973,
                    0.19469071924686432
                ],
                [
                    0.40208619832992554,
                    -0.24363194406032562,
                    0.8825928568840027
                ]
            ],
            [
                [
                    0.9437082409858704,
                    0.042248524725437164,
                    0.3280700147151947
                ],
                [
                    -0.10667384415864944,
                    0.9776907563209534,
                    0.18094609677791595
                ],
                [
                    -0.3131062984466553,
                    -0.2057567983865738,
                    0.9271616339683533
                ]
            ],
            [
                [
                    0.9985320568084717,
                    -0.04716052860021591,
                    0.02663409151136875
                ],
                [
                    0.051003213971853256,
                    0.9842276573181152,
                    -0.16939498484134674
                ],
                [
                    -0.018225254490971565,
                    0.17050479352474213,
                    0.9851881861686707
                ]
            ],
            [
                [
                    0.8302043676376343,
                    0.11651341617107391,
                    -0.5451470017433167
                ],
                [
                    0.10698476433753967,
                    0.926435112953186,
                    0.36093252897262573
                ],
                [
                    0.5470967292785645,
                    -0.3579702079296112,
                    0.7566652894020081
                ]
            ],
            [
                [
                    0.9349735975265503,
                    -0.09793626517057419,
                    0.34092921018600464
                ],
                [
                    -0.020684028044342995,
                    0.9444417953491211,
                    0.3280271589756012
                ],
                [
                    -0.35411354899406433,
                    -0.3137485682964325,
                    0.8810024261474609
                ]
            ],
            [
                [
                    0.14269274473190308,
                    -0.16675180196762085,
                    -0.9756190776824951
                ],
                [
                    0.5373182892799377,
                    0.8408608436584473,
                    -0.06513160467147827
                ],
                [
                    0.8312206864356995,
                    -0.514924168586731,
                    0.20958353579044342
                ]
            ],
            [
                [
                    0.15059059858322144,
                    0.2275410294532776,
                    0.9620537161827087
                ],
                [
                    -0.583514928817749,
                    0.8060089945793152,
                    -0.09929618239402771
                ],
                [
                    -0.7980180382728577,
                    -0.5464196801185608,
                    0.25415095686912537
                ]
            ],
            [
                [
                    0.984824001789093,
                    -0.17155125737190247,
                    -0.026302345097064972
                ],
                [
                    0.1639258712530136,
                    0.9692156314849854,
                    -0.18371006846427917
                ],
                [
                    0.05700833350419998,
                    0.17661045491695404,
                    0.9826285243034363
                ]
            ],
            [
                [
                    0.9889338612556458,
                    0.14665937423706055,
                    0.02238207869231701
                ],
                [
                    -0.14269784092903137,
                    0.9815928936004639,
                    -0.1269357055425644
                ],
                [
                    -0.04058640077710152,
                    0.12233713269233704,
                    0.9916584491729736
                ]
            ],
            [
                [
                    0.9970565438270569,
                    0.06901166588068008,
                    -0.03339972347021103
                ],
                [
                    -0.06982599943876266,
                    0.997273862361908,
                    -0.02386017143726349
                ],
                [
                    0.03166203573346138,
                    0.026122111827135086,
                    0.9991572499275208
                ]
            ],
            [
                [
                    0.9962131977081299,
                    -0.08619313687086105,
                    0.011399989947676659
                ],
                [
                    0.08603297173976898,
                    0.9961957931518555,
                    0.013864763081073761
                ],
                [
                    -0.012551669962704182,
                    -0.012831484898924828,
                    0.9998388290405273
                ]
            ]
        ],
        "betas": [
            0.02084951102733612,
            -0.12367811799049377,
            -0.16694670915603638,
            -0.047059983015060425,
            0.07594713568687439,
            -0.0737980529665947,
            -0.04413127899169922,
            -0.016557157039642334,
            0.00473882257938385,
            0.006954312324523926
        ]
    },
    "pred_cam_t": [
        -0.009574180468916893,
        0.6035120487213135,
        21.27672576904297
    ],
    "focal_length": [
        5000.0,
        5000.0
    ],
    "pred_keypoints_3d": [
        [
            0.055034611374139786,
            -0.8053710460662842,
            -0.01564391702413559
        ],
        [
            0.04861890524625778,
            -0.7036319375038147,
            0.14770948886871338
        ],
        [
            -0.12869775295257568,
            -0.665114164352417,
            0.13595671951770782
        ],
        [
            -0.34086787700653076,
            -0.7203487157821655,
            0.00436769425868988
        ],
        [
            -0.2588847875595093,
            -0.9535534381866455,
            -0.062294796109199524
        ],
        [
            0.208269864320755,
            -0.6439639329910278,
            0.10170435160398483
        ],
        [
            0.3532324433326721,
            -0.7165846824645996,
            -0.10396953672170639
        ],
        [
            0.2467575967311859,
            -0.9428338408470154,
            -0.10734923183917999
        ],
        [
            -0.0017399396747350693,
            -0.22289246320724487,
            0.0289616659283638
        ],
        [
            -0.07771971821784973,
            -0.14568394422531128,
            -0.004460897296667099
        ],
        [
            -0.24984079599380493,
            0.024159744381904602,
            -0.3027940094470978
        ],
        [
            -0.1893831193447113,
            0.3081510066986084,
            -0.026377946138381958
        ],
        [
            0.05989532172679901,
            -0.13360123336315155,
            -0.009974390268325806
        ],
        [
            0.18650776147842407,
            0.027115151286125183,
            -0.32575756311416626
        ],
        [
            0.1149345189332962,
            0.29663681983947754,
            -0.03831636905670166
        ],
        [
            0.022232526913285255,
            -0.8471725583076477,
            0.015034273266792297
        ],
        [
            0.08909253031015396,
            -0.8461077213287354,
            0.013741247355937958
        ],
        [
            -0.019658636301755905,
            -0.8390158414840698,
            0.11309753358364105
        ],
        [
            0.12874318659305573,
            -0.8377354145050049,
            0.10818106681108475
        ],
        [
            0.19335998594760895,
            0.41150641441345215,
            -0.18120968341827393
        ],
        [
            0.2323962301015854,
            0.3897234797477722,
            -0.11129581928253174
        ],
        [
            0.10193374752998352,
            0.2990453243255615,
            0.030925482511520386
        ],
        [
            -0.27315738797187805,
            0.41029393672943115,
            -0.1740208864212036
        ],
        [
            -0.31627053022384644,
            0.38780611753463745,
            -0.10288867354393005
        ],
        [
            -0.17060591280460358,
            0.3285272717475891,
            0.04348510503768921
        ],
        [
            -0.20550045371055603,
            0.25127989053726196,
            -0.026588037610054016
        ],
        [
            -0.23474930226802826,
            -0.006658459082245827,
            -0.27604520320892334
        ],
        [
            -0.14793939888477325,
            -0.2497096061706543,
            0.0701991468667984
        ],
        [
            0.1500839740037918,
            -0.210427388548851,
            0.06355954706668854
        ],
        [
            0.19361576437950134,
            0.009142463095486164,
            -0.303818941116333
        ],
        [
            0.12270589917898178,
            0.2530597746372223,
            -0.03704895079135895
        ],
        [
            -0.23425345122814178,
            -0.9324198365211487,
            -0.04362257570028305
        ],
        [
            -0.3319740891456604,
            -0.7453901767730713,
            0.03244033828377724
        ],
        [
            -0.09741535782814026,
            -0.6858961582183838,
            0.14792269468307495
        ],
        [
            0.19227378070354462,
            -0.6668009757995605,
            0.12300354242324829
        ],
        [
            0.35403454303741455,
            -0.740556001663208,
            -0.06571529060602188
        ],
        [
            0.24886798858642578,
            -0.9340020418167114,
            -0.08680547773838043
        ],
        [
            0.05252630263566971,
            -0.7023783326148987,
            0.14888712763786316
        ],
        [
            0.06019637733697891,
            -0.8899004459381104,
            0.09109274297952652
        ],
        [
            0.0012339591048657894,
            -0.22992545366287231,
            0.06652957201004028
        ],
        [
            0.04661329835653305,
            -0.6672191023826599,
            0.13379187881946564
        ],
        [
            0.022928334772586823,
            -0.46664348244667053,
            0.12334556877613068
        ],
        [
            0.06100856885313988,
            -0.7804183959960938,
            0.06206214800477028
        ],
        [
            0.055780209600925446,
            -0.9093161821365356,
            0.09868086874485016
        ]
    ],
    "pred_vertices": [
        [
            0.10153285413980484,
            -0.8917355537414551,
            0.010386548936367035
        ],
        [
            0.09556547552347183,
            -0.8774763345718384,
            0.00492250919342041
        ],
        [
            0.1067303717136383,
            -0.8744581937789917,
            0.013491041958332062
        ],
        [
            0.112195685505867,
            -0.8849574327468872,
            0.022508099675178528
        ],
        [
            0.10257156193256378,
            -0.865077018737793,
            0.008409522473812103
        ],
        [
            0.0924273282289505,
            -0.8664551377296448,
            0.0019800737500190735
        ],
        [
            0.11348459869623184,
            -0.8685245513916016,
            0.024142123758792877
        ],
        [
            0.1182895079255104,
            -0.8762935996055603,
            0.034933529794216156
        ],
        [
            0.11869686096906662,
            -0.8324286937713623,
            0.037682339549064636
        ],
        [
            0.12221261858940125,
            -0.8274805545806885,
            0.0478767529129982
        ],
        [
            0.12232105433940887,
            -0.8402022123336792,
            0.04508884251117706
        ],
        [
            0.1172165721654892,
            -0.8416492938995361,
            0.03628672659397125
        ],
        [
            0.11624947935342789,
            -0.8071064949035645,
            0.04245879501104355
        ],
        [
            0.10991629958152771,
            -0.7978485822677612,
            0.03433653712272644
        ],
        [
            0.11182669550180435,
            -0.7890039682388306,
            0.04453331232070923
        ],
        [
            0.11704335361719131,
            -0.7978613376617432,
            0.05340728163719177
        ],
        [
            0.07826441526412964,
            -0.8122947216033936,
            0.010359667241573334
        ],
        [
            0.0833854004740715,
            -0.805458664894104,
            0.011680945754051208
        ],
        [
            0.08749152719974518,
            -0.811983585357666,
            0.012105189263820648
        ],
        [
            0.08148041367530823,
            -0.8180323839187622,
            0.01117117702960968
        ],
        [
            0.06914030015468597,
            -0.8221426606178284,
            0.00365573912858963
        ],
        [
            0.07012049108743668,
            -0.827667236328125,
            0.006859913468360901
        ],
        [
            0.06552495062351227,
            -0.8315752744674683,
            0.0014785081148147583
        ],
        [
            0.06526058167219162,
            -0.8252522945404053,
            -0.0026316121220588684
        ],
        [
            0.07284258306026459,
            -0.8071672916412354,
            0.010170549154281616
        ],
        [
            0.07817767560482025,
            -0.800258994102478,
            0.012314371764659882
        ],
        [
            0.0736592710018158,
            -0.8180080652236938,
            0.008660584688186646
        ],
        [
            0.07168357074260712,
            -0.8137189745903015,
            0.006331905722618103
        ],
        [
            0.06837132573127747,
            -0.8075514435768127,
            -0.0037899166345596313
        ],
        [
            0.07012899965047836,
            -0.8122587203979492,
            -0.0025065913796424866
        ],
        [
            0.06687922775745392,
            -0.8132854700088501,
            -0.009627386927604675
        ],
        [
            0.06537466496229172,
            -0.8077068328857422,
            -0.008605241775512695
        ],
        [
            0.0711727887392044,
            -0.8070657253265381,
            0.005301758646965027
        ],
        [
            0.0718654990196228,
            -0.8098906874656677,
            0.0024702847003936768
        ],
        [
            0.06914181262254715,
            -0.8062214851379395,
            0.0002642497420310974
        ],
        [
            0.06763435900211334,
            -0.8042229413986206,
            0.0035002753138542175
        ],
        [
            0.06856479495763779,
            -0.81809401512146,
            0.0008406490087509155
        ],
        [
            0.06566344201564789,
            -0.8198071718215942,
            -0.006209738552570343
        ],
        [
            0.0618804432451725,
            -0.821255087852478,
            -0.013481952250003815
        ],
        [
            0.06261540949344635,
            -0.8127057552337646,
            -0.016436800360679626
        ],
        [
            0.09352293610572815,
            -0.7916853427886963,
            0.0191480815410614
        ],
        [
            0.08898316323757172,
            -0.7987364530563354,
            0.014301776885986328
        ],
        [
            0.08382322639226913,
            -0.7939984798431396,
            0.014217853546142578
        ],
        [
            0.08829327672719955,
            -0.7882835268974304,
            0.01746121048927307
        ],
        [
            0.06885910779237747,
            -0.8009763956069946,
            0.007130265235900879
        ],
        [
            0.07189813256263733,
            -0.7850030660629272,
            0.008125662803649902
        ],
        [
            0.0723404586315155,
            -0.7887095808982849,
            0.007648967206478119
        ],
        [
            0.06641582399606705,
            -0.7896832227706909,
            0.003521740436553955
        ],
        [
            0.06665153801441193,
            -0.7862061858177185,
            0.004175499081611633
        ],
        [
            0.09780910611152649,
            -0.7774003744125366,
            0.028814420104026794
        ],
        [
            0.09231787919998169,
            -0.7762957811355591,
            0.0241599902510643
        ],
        [
            0.09243565797805786,
            -0.7694129943847656,
            0.027287505567073822
        ],
        [
            0.09712813794612885,
            -0.7692261338233948,
            0.03314489871263504
        ],
        [
            0.08965599536895752,
            -0.763797402381897,
            0.028706826269626617
        ],
        [
            0.09525217860937119,
            -0.7614984512329102,
            0.03689446300268173
        ],
        [
            0.08570943772792816,
            -0.7476795315742493,
            0.037467025220394135
        ],
        [
            0.09050583839416504,
            -0.7536818981170654,
            0.03738699108362198
        ],
        [
            0.08563394844532013,
            -0.7582172155380249,
            0.028498969972133636
        ],
        [
            0.08030907809734344,
            -0.7531384229660034,
            0.025356657803058624
        ],
        [
            0.06886475533246994,
            -0.7578976154327393,
            0.01618809998035431
        ],
        [
            0.06311585009098053,
            -0.7567138671875,
            0.013393312692642212
        ],
        [
            0.06703150272369385,
            -0.7447072267532349,
            0.016712479293346405
        ],
        [
            0.07344577461481094,
            -0.7479716539382935,
            0.02036590874195099
        ],
        [
            0.07146494090557098,
            -0.7791388034820557,
            0.012783244252204895
        ],
        [
            0.07523588091135025,
            -0.77927565574646,
            0.01582980901002884
        ],
        [
            0.07564573734998703,
            -0.7805777192115784,
            0.013415537774562836
        ],
        [
            0.07172349095344543,
            -0.7817294597625732,
            0.009919174015522003
        ],
        [
            0.07859335839748383,
            -0.7789791822433472,
            0.01780828833580017
        ],
        [
            0.08019277453422546,
            -0.7786428928375244,
            0.018636099994182587
        ],
        [
            0.08010594546794891,
            -0.779875636100769,
            0.017346620559692383
        ],
        [
            0.07857786864042282,
            -0.7798024415969849,
            0.017088986933231354
        ],
        [
            0.07662885636091232,
            -0.7794778943061829,
            0.01638183742761612
        ],
        [
            0.0756404846906662,
            -0.7775465846061707,
            0.016011692583560944
        ],
        [
            0.07770057022571564,
            -0.7782021760940552,
            0.0172569677233696
        ],
        [
            0.07223682850599289,
            -0.776706337928772,
            0.013066604733467102
        ],
        [
            0.05987745150923729,
            -0.7744338512420654,
            0.004824697971343994
        ],
        [
            0.0637764036655426,
            -0.7748284339904785,
            0.006404191255569458
        ],
        [
            0.0625508725643158,
            -0.7792782783508301,
            0.006813757121562958
        ],
        [
            0.05919473245739937,
            -0.7793568968772888,
            0.005425252020359039
        ],
        [
            0.07841184735298157,
            -0.7819908857345581,
            0.015331387519836426
        ],
        [
            0.08118966221809387,
            -0.7831950187683105,
            0.015841946005821228
        ],
        [
            0.0776287168264389,
            -0.7858999967575073,
            0.01206536591053009
        ],
        [
            0.07633113861083984,
            -0.7832965850830078,
            0.012869641184806824
        ],
        [
            0.08398810029029846,
            -0.7849521636962891,
            0.015829868614673615
        ],
        [
            0.08239296078681946,
            -0.7809960842132568,
            0.017878644168376923
        ],
        [
            0.08529982715845108,
            -0.7816768884658813,
            0.018559150397777557
        ],
        [
            0.0795745849609375,
            -0.7769289016723633,
            0.018674977123737335
        ],
        [
            0.08211623132228851,
            -0.7751690149307251,
            0.020329535007476807
        ],
        [
            0.08287636190652847,
            -0.7776982188224792,
            0.01914549618959427
        ],
        [
            0.07999077439308167,
            -0.7719595432281494,
            0.020009465515613556
        ],
        [
            0.07708855718374252,
            -0.7750428915023804,
            0.017625637352466583
        ],
        [
            0.07363774627447128,
            -0.7731854915618896,
            0.014829777181148529
        ],
        [
            0.06913628429174423,
            -0.7715582847595215,
            0.011294722557067871
        ],
        [
            0.07124358415603638,
            -0.7667481899261475,
            0.014737032353878021
        ],
        [
            0.07623133063316345,
            -0.7690120935440063,
            0.01782536506652832
        ],
        [
            0.07976658642292023,
            -0.7897745370864868,
            0.012551136314868927
        ],
        [
            0.08695240318775177,
            -0.7770217061042786,
            0.02135513722896576
        ],
        [
            0.09067916870117188,
            -0.7833038568496704,
            0.021093614399433136
        ],
        [
            0.08651723712682724,
            -0.7722983956336975,
            0.022812306880950928
        ],
        [
            0.08420541882514954,
            -0.7679035663604736,
            0.023401007056236267
        ],
        [
            0.08009590953588486,
            -0.7638459801673889,
            0.02224911004304886
        ],
        [
            0.07465344667434692,
            -0.7606191635131836,
            0.0191800519824028
        ],
        [
            0.06845320016145706,
            -0.7366769909858704,
            0.028787147253751755
        ],
        [
            0.07668085396289825,
            -0.7413673400878906,
            0.03228181600570679
        ],
        [
            0.0898585170507431,
            -0.859365701675415,
            0.005223974585533142
        ],
        [
            0.09852145612239838,
            -0.8583770990371704,
            0.008065924048423767
        ],
        [
            0.09834450483322144,
            -0.8508439064025879,
            0.013765007257461548
        ],
        [
            0.10054594278335571,
            -0.8529059886932373,
            0.013706870377063751
        ],
        [
            0.09517739713191986,
            -0.8545416593551636,
            0.01014062762260437
        ],
        [
            0.09429019689559937,
            -0.852066159248352,
            0.011372029781341553
        ],
        [
            0.11117586493492126,
            -0.8439501523971558,
            0.030207626521587372
        ],
        [
            0.10645288228988647,
            -0.8457630276679993,
            0.02538018673658371
        ],
        [
            0.10644230246543884,
            -0.842008113861084,
            0.027377739548683167
        ],
        [
            0.1124788299202919,
            -0.8372464179992676,
            0.03169964253902435
        ],
        [
            0.09902172535657883,
            -0.8343240022659302,
            0.020500347018241882
        ],
        [
            0.1031622439622879,
            -0.8355191946029663,
            0.02389845997095108
        ],
        [
            0.09975956380367279,
            -0.8423352241516113,
            0.0204220712184906
        ],
        [
            0.09662698209285736,
            -0.8414320945739746,
            0.01801680028438568
        ],
        [
            0.09303112328052521,
            -0.8410139083862305,
            0.015767902135849
        ],
        [
            0.08883904665708542,
            -0.8410464525222778,
            0.014552608132362366
        ],
        [
            0.08888252079486847,
            -0.8358027935028076,
            0.015509001910686493
        ],
        [
            0.09387804567813873,
            -0.8347384929656982,
            0.01752493530511856
        ],
        [
            0.0886516347527504,
            -0.8560060858726501,
            0.008723832666873932
        ],
        [
            0.08131615817546844,
            -0.8554149270057678,
            0.008919745683670044
        ],
        [
            0.08249831199645996,
            -0.8525314331054688,
            0.009889759123325348
        ],
        [
            0.08866147696971893,
            -0.8529025316238403,
            0.009450927376747131
        ],
        [
            0.07199276238679886,
            -0.8466228246688843,
            0.014740556478500366
        ],
        [
            0.07330908626317978,
            -0.8489401340484619,
            0.013612240552902222
        ],
        [
            0.06978816539049149,
            -0.8505287170410156,
            0.012346073985099792
        ],
        [
            0.0688176080584526,
            -0.8461228013038635,
            0.013418719172477722
        ],
        [
            0.0710156261920929,
            -0.8430347442626953,
            0.013553358614444733
        ],
        [
            0.07322108000516891,
            -0.84494549036026,
            0.014449827373027802
        ],
        [
            0.09292539209127426,
            -0.9132086038589478,
            0.010388731956481934
        ],
        [
            0.08843906968832016,
            -0.8966916799545288,
            0.0024443864822387695
        ],
        [
            0.10729151964187622,
            -0.9070721864700317,
            0.023350052535533905
        ],
        [
            0.11678560078144073,
            -0.8967729806900024,
            0.035990096628665924
        ],
        [
            0.12305191159248352,
            -0.8838533759117126,
            0.04747606813907623
        ],
        [
            0.10481838881969452,
            -0.7818816304206848,
            0.03592338413000107
        ],
        [
            0.10549166053533554,
            -0.7732366323471069,
            0.042745091021060944
        ],
        [
            0.1132064163684845,
            -0.7808219194412231,
            0.05472240597009659
        ],
        [
            0.11046337336301804,
            -0.7708057165145874,
            0.05988799035549164
        ],
        [
            0.1027759313583374,
            -0.7631018161773682,
            0.04726497083902359
        ],
        [
            0.0882144421339035,
            -0.7452611923217773,
            0.05077628791332245
        ],
        [
            0.09691819548606873,
            -0.7530462145805359,
            0.04999861493706703
        ],
        [
            0.10482565313577652,
            -0.7611277103424072,
            0.06583775579929352
        ],
        [
            0.11282888054847717,
            -0.7739309668540955,
            0.0802779272198677
        ],
        [
            0.11635607481002808,
            -0.780951738357544,
            0.07189111411571503
        ],
        [
            0.11739981174468994,
            -0.7900753021240234,
            0.09182024747133255
        ],
        [
            0.10722409188747406,
            -0.7662167549133301,
            0.09211914986371994
        ],
        [
            0.11406782269477844,
            -0.789542555809021,
            0.10052052140235901
        ],
        [
            0.09080856293439865,
            -0.7307394742965698,
            0.08858602494001389
        ],
        [
            0.0921810045838356,
            -0.719241738319397,
            0.09192044287919998
        ],
        [
            0.10219983756542206,
            -0.725373387336731,
            0.10608074814081192
        ],
        [
            0.1017484962940216,
            -0.7370516061782837,
            0.10202214866876602
        ],
        [
            0.11816825717687607,
            -0.7887606620788574,
            0.06369859725236893
        ],
        [
            0.12370231002569199,
            -0.851675271987915,
            0.05209258943796158
        ],
        [
            0.12064296007156372,
            -0.8509968519210815,
            0.040719062089920044
        ],
        [
            0.12504833936691284,
            -0.8389933109283447,
            0.056384071707725525
        ],
        [
            0.12779253721237183,
            -0.9128521680831909,
            0.06870155036449432
        ],
        [
            0.12079951167106628,
            -0.9067109227180481,
            0.051667653024196625
        ],
        [
            0.12773451209068298,
            -0.8918882608413696,
            0.05947263538837433
        ],
        [
            0.1316920518875122,
            -0.8994776010513306,
            0.07490456104278564
        ],
        [
            0.10183948278427124,
            -0.9484155178070068,
            0.05558105558156967
        ],
        [
            0.09866723418235779,
            -0.933451771736145,
            0.03185305744409561
        ],
        [
            0.10924416780471802,
            -0.9221808910369873,
            0.04113489389419556
        ],
        [
            0.11474749445915222,
            -0.9337422251701355,
            0.06045350432395935
        ],
        [
            0.13356421887874603,
            -0.9011178016662598,
            0.08804605156183243
        ],
        [
            0.13435998558998108,
            -0.9034208059310913,
            0.10740573704242706
        ],
        [
            0.13053590059280396,
            -0.9199742674827576,
            0.11278050392866135
        ],
        [
            0.12936466932296753,
            -0.9192624092102051,
            0.08945643901824951
        ],
        [
            0.11892256140708923,
            -0.9411055445671082,
            0.11767139285802841
        ],
        [
            0.11804047971963882,
            -0.9406694769859314,
            0.08969289809465408
        ],
        [
            0.11003235727548599,
            -0.7757735252380371,
            0.11150124669075012
        ],
        [
            0.11355616897344589,
            -0.7951987981796265,
            0.11323470622301102
        ],
        [
            0.10163882374763489,
            -0.7508586645126343,
            0.09582248330116272
        ],
        [
            0.10758183896541595,
            -0.7588127851486206,
            0.11202414333820343
        ],
        [
            0.10190898180007935,
            -0.9566631317138672,
            0.12008640915155411
        ],
        [
            0.10119275748729706,
            -0.9579315185546875,
            0.08783598244190216
        ],
        [
            0.12000568211078644,
            -0.8857192397117615,
            0.15731365978717804
        ],
        [
            0.1245066374540329,
            -0.9020702838897705,
            0.14833731949329376
        ],
        [
            0.13013096153736115,
            -0.8882464170455933,
            0.1333988606929779
        ],
        [
            0.12632045149803162,
            -0.8748205900192261,
            0.14310038089752197
        ],
        [
            0.11010211706161499,
            -0.8959448337554932,
