{
    "pred_cam": [
        1.8221092224121094,
        -0.009029088541865349,
        0.6079341173171997
    ],
    "pred_smpl_params": {
        "global_orient": [
            [
                [
                    0.984706699848175,
                    0.1633562594652176,
                    -0.06055954843759537
                ],
                [
                    0.11369073390960693,
                    -0.8659072518348694,
                    -0.48711293935775757
                ],
                [
                    -0.13201190531253815,
                    0.4727783203125,
                    -0.8712367415428162
                ]
            ]
        ],
        "body_pose": [
            [
                [
                    0.9835119843482971,
                    -0.17866413295269012,
                    -0.027987360954284668
                ],
                [
                    0.15684837102890015,
                    0.7657080888748169,
                    0.6237705945968628
                ],
                [
                    -0.09001527726650238,
                    -0.6178756356239319,
                    0.7811062335968018
                ]
            ],
            [
                [
                    0.9806110858917236,
                    0.19474083185195923,
                    0.02186107449233532
                ],
                [
                    -0.17271292209625244,
                    0.8061607480049133,
                    0.5659285187721252
                ],
                [
                    0.09258584678173065,
                    -0.5587314963340759,
                    0.8241644501686096
                ]
            ],
            [
                [
                    0.9997515678405762,
                    0.022290462628006935,
                    5.855472409166396e-05
                ],
                [
                    -0.020084545016288757,
                    0.9019464254379272,
                    -0.4313807785511017
                ],
                [
                    -0.009668495506048203,
                    0.4312724173069,
                    0.9021700620651245
                ]
            ],
            [
                [
                    0.9808788299560547,
                    0.10859880596399307,
                    -0.1615026444196701
                ],
                [
                    -0.13171139359474182,
                    -0.24051035940647125,
                    -0.961668848991394
                ],
                [
                    -0.14327915012836456,
                    0.9645522236824036,
                    -0.22160781919956207
                ]
            ],
            [
                [
                    0.9755600690841675,
                    -0.11426572501659393,
                    0.18768556416034698
                ],
                [
                    0.1611516922712326,
                    -0.2085912823677063,
                    -0.9646344780921936
                ],
                [
                    0.14937423169612885,
                    0.9713047742843628,
                    -0.18507921695709229
                ]
            ],
            [
                [
                    0.9996848106384277,
                    -0.024749552831053734,
                    -0.004188865888863802
                ],
                [
                    0.024885030463337898,
                    0.9990358352661133,
                    0.03616802394390106
                ],
                [
                    0.003289684886112809,
                    -0.03626087307929993,
                    0.999336838722229
                ]
            ],
            [
                [
                    0.9397529363632202,
                    -0.12199218571186066,
                    0.31934648752212524
                ],
                [
                    0.011661702767014503,
                    0.9450562596321106,
                    0.3266996145248413
                ],
                [
                    -0.3416552245616913,
                    -0.303292840719223,
                    0.8895420432090759
                ]
            ],
            [
                [
                    0.9453442096710205,
                    0.08508560061454773,
                    -0.31477734446525574
                ],
                [
                    0.01204773597419262,
                    0.9555818438529968,
                    0.2944796085357666
                ],
                [
                    0.3258515000343323,
                    -0.2821769416332245,
                    0.9023286700248718
                ]
            ],
            [
                [
                    0.9999000430107117,
                    -0.006840514484792948,
                    -0.012374475598335266
                ],
                [
                    0.006944809574633837,
                    0.9999405741691589,
                    0.008405227214097977
                ],
                [
                    0.012316243723034859,
                    -0.008490324951708317,
                    0.9998881220817566
                ]
            ],
            [
                [
                    0.9948639273643494,
                    -0.09107585996389389,
                    -0.044169243425130844
                ],
                [
                    0.09602851420640945,
                    0.9871966242790222,
                    0.12736286222934723
                ],
                [
                    0.03200404718518257,
                    -0.1309502273797989,
                    0.9908722043037415
                ]
            ],
            [
                [
                    0.9958037734031677,
                    0.07714235037565231,
                    0.04923221468925476
                ],
                [
                    -0.08471765369176865,
                    0.9805297255516052,
                    0.17715643346309662
                ],
                [
                    -0.03460738807916641,
                    -0.1805838942527771,
                    0.9829505085945129
                ]
            ],
            [
                [
                    0.9985257387161255,
                    -0.018347343429923058,
                    0.05108615383505821
                ],
                [
                    0.02568621002137661,
                    0.9888128042221069,
                    -0.146933451294899
                ],
                [
                    -0.04781880974769592,
                    0.14802902936935425,
                    0.9878262877464294
                ]
            ],
            [
                [
                    0.8925161361694336,
                    -0.06980766355991364,
                    -0.44558024406433105
                ],
                [
                    0.17224262654781342,
                    0.9658229947090149,
                    0.19369682669639587
                ],
                [
                    0.4168301224708557,
                    -0.24962547421455383,
                    0.8740364909172058
                ]
            ],
            [
                [
                    0.9415540099143982,
                    0.04682806506752968,
                    0.3335913121700287
                ],
                [
                    -0.10990604013204575,
                    0.9788045287132263,
                    0.17280711233615875
                ],
                [
                    -0.31842848658561707,
                    -0.19937092065811157,
                    0.9267440438270569
                ]
            ],
            [
                [
                    0.9977725744247437,
                    -0.06256673485040665,
                    0.023139305412769318
                ],
                [
                    0.06538261473178864,
                    0.9860374331474304,
                    -0.15315137803554535
                ],
                [
                    -0.013234036043286324,
                    0.15432313084602356,
                    0.9879319071769714
                ]
            ],
            [
                [
                    0.8155498504638672,
                    0.1256689876317978,
                    -0.5648768544197083
                ],
                [
                    0.10074738413095474,
                    0.9303948283195496,
                    0.35244202613830566
                ],
                [
                    0.5698495507240295,
                    -0.344343900680542,
                    0.7461225390434265
                ]
            ],
            [
                [
                    0.935769259929657,
                    -0.13219071924686432,
                    0.3268967568874359
                ],
                [
                    0.02325231395661831,
                    0.9481852054595947,
                    0.31686604022979736
                ],
                [
                    -0.3518454432487488,
                    -0.28891241550445557,
                    0.8903563022613525
                ]
            ],
            [
                [
                    0.15339016914367676,
                    -0.17946819961071014,
                    -0.9717318415641785
                ],
                [
                    0.5290611982345581,
                    0.8454693555831909,
                    -0.07263532280921936
                ],
                [
                    0.8346050977706909,
                    -0.5029640793800354,
                    0.22463634610176086
                ]
            ],
            [
                [
                    0.18715135753154755,
                    0.24507197737693787,
                    0.9512696862220764
                ],
                [
                    -0.5779029130935669,
                    0.8105430603027344,
                    -0.09512139111757278
                ],
                [
                    -0.7943567633628845,
                    -0.5319394469261169,
                    0.29332202672958374
                ]
            ],
            [
                [
                    0.9794232845306396,
                    -0.1978798657655716,
                    -0.03967101126909256
                ],
                [
                    0.18485918641090393,
                    0.9584934711456299,
                    -0.21706536412239075
                ],
                [
                    0.08097726851701736,
                    0.20526528358459473,
                    0.9753507375717163
                ]
            ],
            [
                [
                    0.9855195879936218,
                    0.16627605259418488,
                    0.0332178995013237
                ],
                [
                    -0.1594981551170349,
                    0.9755516052246094,
                    -0.15119318664073944
                ],
                [
                    -0.057545583695173264,
                    0.14370565116405487,
                    0.9879459142684937
                ]
            ],
            [
                [
                    0.9955676198005676,
                    0.08212985843420029,
                    -0.04582361504435539
                ],
                [
                    -0.0831385925412178,
                    0.9963259696960449,
                    -0.020556682720780373
                ],
                [
                    0.04396693781018257,
                    0.02427527867257595,
                    0.9987380504608154
                ]
            ],
            [
                [
                    0.9952793717384338,
                    -0.09243503957986832,
                    0.029575275257229805
                ],
                [
                    0.09200800955295563,
                    0.9956377148628235,
                    0.015490924939513206
                ],
                [
                    -0.030878165736794472,
                    -0.012696636840701103,
                    0.999442458152771
                ]
            ]
        ],
        "betas": [
            -0.03287042677402496,
            -0.07178843021392822,
            -0.15230445563793182,
            -0.09901997447013855,
            0.08425194025039673,
            -0.06473325937986374,
            -0.05578044056892395,
            -0.01795905828475952,
            0.03939279913902283,
            -0.026785194873809814
        ]
    },
    "pred_cam_t": [
        -0.009029088541865349,
        0.6079341173171997,
        21.438066482543945
    ],
    "focal_length": [
        5000.0,
        5000.0
    ],
    "pred_keypoints_3d": [
        [
            0.06483659148216248,
            -0.7965199947357178,
            -0.011634737253189087
        ],
        [
            0.0725054070353508,
            -0.6949036717414856,
            0.15109345316886902
        ],
        [
            -0.10450847446918488,
            -0.6615931391716003,
            0.1513565182685852
        ],
        [
            -0.3250839412212372,
            -0.7139652371406555,
            0.03406579792499542
        ],
        [
            -0.2562333345413208,
            -0.9458584785461426,
            -0.048083700239658356
        ],
        [
            0.22433096170425415,
            -0.6339197158813477,
            0.09121877700090408
        ],
        [
            0.3444776237010956,
            -0.7104763388633728,
            -0.12799853086471558
        ],
        [
            0.23786881566047668,
            -0.9356788992881775,
            -0.11841271817684174
        ],
        [
            -0.001664280891418457,
            -0.2215660810470581,
            0.028600281104445457
        ],
        [
            -0.08325397223234177,
            -0.14907732605934143,
            -0.0014237407594919205
        ],
        [
            -0.2555921673774719,
            0.004871845245361328,
            -0.3075493276119232
        ],
        [
            -0.1854419708251953,
            0.2994142770767212,
            -0.04601985216140747
        ],
        [
            0.05279924347996712,
            -0.13139864802360535,
            -0.017864977940917015
        ],
        [
            0.09153683483600616,
            0.016973406076431274,
            -0.3610690236091614
        ],
        [
            0.030445534735918045,
            0.30576953291893005,
            -0.09151953458786011
        ],
        [
            0.034766845405101776,
            -0.8377341032028198,
            0.02189067006111145
        ],
        [
            0.1012454554438591,
            -0.83716881275177,
            0.014840401709079742
        ],
        [
            0.001969575881958008,
            -0.8288182020187378,
            0.12265603989362717
        ],
        [
            0.148770272731781,
            -0.8284896016120911,
            0.10525860637426376
        ],
        [
            0.06336630135774612,
            0.4152534604072571,
            -0.25324127078056335
        ],
        [
            0.11804062128067017,
            0.4058176279067993,
            -0.1922065019607544
        ],
        [
            0.03011993318796158,
            0.3125794529914856,
            -0.02189105749130249
        ],
        [
            -0.2695710062980652,
            0.4022088050842285,
            -0.19147059321403503
        ],
        [
            -0.31188005208969116,
            0.3819528818130493,
            -0.11973056197166443
        ],
        [
            -0.16447480022907257,
            0.32044827938079834,
            0.022967040538787842
        ],
        [
            -0.20220297574996948,
            0.2426767647266388,
            -0.04339514300227165
        ],
        [
            -0.24068211019039154,
            -0.024539481848478317,
            -0.2794986069202423
        ],
        [
            -0.1430470198392868,
            -0.2519512474536896,
            0.0811600312590599
        ],
        [
            0.15241418778896332,
            -0.19982168078422546,
            0.04920092970132828
        ],
        [
            0.10512150079011917,
            0.0008594043320044875,
            -0.3398997187614441
        ],
        [
            0.04501844942569733,
            0.26365169882774353,
            -0.08832802623510361
        ],
        [
            -0.22961224615573883,
            -0.9255590438842773,
            -0.03194992244243622
        ],
        [
            -0.31387946009635925,
            -0.7395859956741333,
            0.060687433928251266
        ],
        [
            -0.07249020785093307,
            -0.6808404922485352,
            0.16135063767433167
        ],
        [
            0.21143190562725067,
            -0.6563624739646912,
            0.11417587101459503
        ],
        [
            0.3492421507835388,
            -0.7336780428886414,
            -0.08986633270978928
        ],
        [
            0.24170160293579102,
            -0.9265180826187134,
            -0.09845015406608582
        ],
        [
            0.07643076777458191,
            -0.694204568862915,
            0.15164527297019958
        ],
        [
            0.0787278562784195,
            -0.8802008628845215,
            0.09466040879487991
        ],
        [
            0.004720093682408333,
            -0.22580105066299438,
            0.06516334414482117
        ],
        [
            0.06837625056505203,
            -0.6598322987556458,
            0.13605482876300812
        ],
        [
            0.03864588588476181,
            -0.4599003791809082,
            0.12544676661491394
        ],
        [
            0.07777606695890427,
            -0.7712296843528748,
            0.06473734229803085
        ],
        [
            0.07490162551403046,
            -0.8995258212089539,
            0.10289596021175385
        ]
    ],
    "pred_vertices": [
        [
            0.1131034716963768,
            -0.8830904960632324,
            0.010741494596004486
        ],
        [
            0.10666642338037491,
            -0.8688497543334961,
            0.005846887826919556
        ],
        [
            0.1185356006026268,
            -0.865882396697998,
            0.01339266449213028
        ],
        [
            0.1246751993894577,
            -0.8762955069541931,
            0.021972261369228363
        ],
        [
            0.11402440071105957,
            -0.8564456105232239,
            0.008583538234233856
        ],
        [
            0.10332534462213516,
            -0.8578335642814636,
            0.003070630133152008
        ],
        [
            0.12621179223060608,
            -0.8598477840423584,
            0.02333872765302658
        ],
        [
            0.13187140226364136,
            -0.8674660325050354,
            0.033717937767505646
        ],
        [
            0.13297784328460693,
            -0.8235230445861816,
            0.03602398931980133
        ],
        [
            0.13734161853790283,
            -0.8185491561889648,
            0.045789144933223724
        ],
        [
            0.1371009349822998,
            -0.8313045501708984,
            0.04306050390005112
        ],
        [
            0.13124963641166687,
            -0.8328245282173157,
            0.034777186810970306
        ],
        [
            0.1309482455253601,
            -0.7982009649276733,
            0.04076332598924637
        ],
        [
            0.1239178478717804,
            -0.7889891862869263,
            0.03315725922584534
        ],
        [
            0.12673185765743256,
            -0.7800813317298889,
            0.043113186955451965
        ],
        [
            0.13267317414283752,
            -0.7888838052749634,
            0.05157167464494705
        ],
        [
            0.0902496874332428,
            -0.8033255338668823,
            0.012111671268939972
        ],
        [
            0.0955260843038559,
            -0.7965410947799683,
            0.012877792119979858
        ],
        [
            0.09962403774261475,
            -0.8030879497528076,
            0.013000629842281342
        ],
        [
            0.0935177132487297,
            -0.8090867400169373,
            0.012662671506404877
        ],
        [
            0.08050287514925003,
            -0.8132032155990601,
            0.0063629150390625
        ],
        [
            0.08178021758794785,
            -0.8187299966812134,
            0.00947309285402298
        ],
        [
            0.07670018076896667,
            -0.8226222395896912,
            0.004580482840538025
        ],
        [
            0.0760619044303894,
            -0.8163193464279175,
            0.0005105286836624146
        ],
        [
            0.08487385511398315,
            -0.7981698513031006,
            0.012354478240013123
        ],
        [
            0.09042812883853912,
            -0.7912948131561279,
            0.013953618705272675
        ],
        [
            0.08549854159355164,
            -0.8089916706085205,
            0.010892994701862335
        ],
        [
            0.08327969908714294,
            -0.8047701716423035,
            0.008731693029403687
        ],
        [
            0.07912376523017883,
            -0.7986714839935303,
            -0.0010065063834190369
        ],
        [
            0.08095614612102509,
            -0.8033701181411743,
            0.00014349818229675293
        ],
        [
            0.07707569748163223,
            -0.8044323921203613,
            -0.0066082775592803955
        ],
        [
            0.07568753510713577,
            -0.7988516092300415,
            -0.005514271557331085
        ],
        [
            0.08273299038410187,
            -0.7981754541397095,
            0.00773436576128006
        ],
        [
            0.0831458568572998,
            -0.8010091781616211,
            0.004909425973892212
        ],
        [
            0.08025003969669342,
            -0.797360897064209,
            0.002938374876976013
        ],
        [
            0.07907982170581818,
            -0.7953128814697266,
            0.006246216595172882
        ],
        [
            0.07966548204421997,
            -0.8091660737991333,
            0.003628857433795929
        ],
        [
            0.07614606618881226,
            -0.8109031319618225,
            -0.0030904635787010193
        ],
        [
            0.07172617316246033,
            -0.8123595714569092,
            -0.009931012988090515
        ],
        [
            0.07223623991012573,
            -0.8039022088050842,
            -0.012995101511478424
        ],
        [
            0.10633979737758636,
            -0.782808780670166,
            0.019349366426467896
        ],
        [
            0.10138818621635437,
            -0.7898462414741516,
            0.014966137707233429
        ],
        [
            0.09622661769390106,
            -0.7850825190544128,
            0.01530468463897705
        ],
        [
            0.10098326206207275,
            -0.7794017791748047,
            0.018138036131858826
        ],
        [
            0.08062045276165009,
            -0.7920689582824707,
            0.00968911498785019
        ],
        [
            0.08382044732570648,
            -0.7761978507041931,
            0.010366544127464294
        ],
        [
            0.0842071995139122,
            -0.7798915505409241,
            0.009857244789600372
        ],
        [
            0.07794563472270966,
            -0.7808560132980347,
            0.0063127875328063965
        ],
        [
            0.07826276123523712,
            -0.7773857116699219,
            0.006927549839019775
        ],
        [
            0.11149571090936661,
            -0.7685357928276062,
            0.028567589819431305
        ],
        [
            0.10563725978136063,
            -0.7674248218536377,
            0.024385690689086914
        ],
        [
            0.10605702549219131,
            -0.7605501413345337,
            0.027453698217868805
        ],
        [
            0.11126622557640076,
            -0.7603312134742737,
            0.0328851118683815
        ],
        [
            0.10351685434579849,
            -0.7549124956130981,
            0.029070474207401276
        ],
        [
            0.1098034530878067,
            -0.7525626420974731,
            0.03670531511306763
        ],
        [
            0.10044878721237183,
            -0.7387294769287109,
            0.03804195672273636
        ],
        [
            0.10519067943096161,
            -0.7447329759597778,
            0.037564828991889954
        ],
        [
            0.0995367020368576,
            -0.7493400573730469,
            0.02917753905057907
        ],
        [
            0.09401106089353561,
            -0.7442922592163086,
            0.026513516902923584
        ],
        [
            0.08171835541725159,
            -0.7490555047988892,
            0.018496714532375336
        ],
        [
            0.07580755650997162,
            -0.7478658556938171,
            0.016231417655944824
        ],
        [
            0.08004267513751984,
            -0.7358662486076355,
            0.019122503697872162
        ],
        [
            0.08680746704339981,
            -0.7391331195831299,
            0.022161751985549927
        ],
        [
            0.08388549089431763,
            -0.7702391743659973,
            0.014995664358139038
        ],
        [
            0.08789189159870148,
            -0.7703700065612793,
            0.017659172415733337
        ],
        [
            0.08808469027280807,
            -0.7716900706291199,
            0.015239648520946503
        ],
        [
            0.08386361598968506,
            -0.7728380560874939,
            0.012146472930908203
        ],
        [
            0.09141527116298676,
            -0.7700624465942383,
            0.019298769533634186
        ],
        [
            0.09308481216430664,
            -0.7697159051895142,
            0.01996389776468277
        ],
        [
            0.09287558495998383,
            -0.770959734916687,
            0.018709339201450348
        ],
        [
            0.09136775881052017,
            -0.7708936929702759,
            0.018601499497890472
        ],
        [
            0.0893586277961731,
            -0.7705698609352112,
            0.018076196312904358
        ],
        [
            0.08835604786872864,
            -0.7686500549316406,
            0.017787985503673553
        ],
        [
            0.09048155695199966,
            -0.7692896127700806,
            0.018829964101314545
        ],
        [
            0.08471217006444931,
            -0.7678234577178955,
            0.0151900053024292
        ],
        [
            0.0716792419552803,
            -0.7656275033950806,
            0.008110478520393372
        ],
        [
            0.07572202384471893,
            -0.7659544348716736,
            0.009342893958091736
        ],
        [
            0.07451345771551132,
            -0.7703455686569214,
            0.009885340929031372
        ],
        [
            0.07102398574352264,
            -0.7705090045928955,
            0.00878860056400299
        ],
        [
            0.09099018573760986,
            -0.7731672525405884,
            0.016886137425899506
        ],
        [
            0.09380228817462921,
            -0.7742996215820312,
            0.017152681946754456
        ],
        [
            0.08991903066635132,
            -0.7770149111747742,
            0.013751208782196045
        ],
        [
            0.0887087807059288,
            -0.7743984460830688,
            0.014650754630565643
        ],
        [
            0.09660951793193817,
            -0.7760758399963379,
            0.016883425414562225
        ],
        [
            0.09519517421722412,
            -0.7720853090286255,
            0.01903466135263443
        ],
        [
            0.09811766445636749,
            -0.7728446125984192,
            0.019457705318927765
        ],
        [
            0.09248289465904236,
            -0.7680157423019409,
            0.02004903554916382
        ],
        [
            0.09517447650432587,
            -0.766255259513855,
            0.021451309323310852
        ],
        [
            0.09580835700035095,
            -0.7687795162200928,
            0.020216137170791626
        ],
        [
            0.09305135905742645,
            -0.7630749940872192,
            0.021306104958057404
        ],
        [
            0.08993970602750778,
            -0.7661510705947876,
            0.019221805036067963
        ],
        [
            0.08627298474311829,
            -0.7643203735351562,
            0.016773387789726257
        ],
        [
            0.08148905634880066,
            -0.7627114057540894,
            0.013676337897777557
        ],
        [
            0.0839206874370575,
            -0.7579017877578735,
            0.016856268048286438
        ],
        [
            0.08915198594331741,
            -0.7601498365402222,
            0.019464530050754547
        ],
        [
            0.09203054010868073,
            -0.7809499502182007,
            0.01402592658996582
        ],
        [
            0.10005173087120056,
            -0.7681214809417725,
            0.02206701785326004
        ],
        [
            0.10370369255542755,
            -0.7744199633598328,
            0.02153349667787552
        ],
        [
            0.09977523982524872,
            -0.7634084820747375,
            0.023530639708042145
        ],
        [
            0.09755928814411163,
            -0.7590245008468628,
            0.024296358227729797
        ],
        [
            0.09349311888217926,
            -0.7549797892570496,
            0.023459166288375854
        ],
        [
            0.08772984892129898,
            -0.751773476600647,
            0.020938925445079803
        ],
        [
            0.08257023990154266,
            -0.7277101278305054,
            0.030917920172214508
        ],
        [
            0.09111259877681732,
            -0.7323926687240601,
            0.03366560861468315
        ],
        [
            0.10108435153961182,
            -0.850625216960907,
            0.006414338946342468
        ],
        [
            0.10991518199443817,
            -0.8496846556663513,
            0.008508369326591492
        ],
        [
            0.11033953726291656,
            -0.8420644998550415,
            0.014105021953582764
        ],
        [
            0.11257198452949524,
            -0.8440595865249634,
            0.0138816237449646
        ],
        [
            0.1068357601761818,
            -0.8457850217819214,
            0.010780714452266693
        ],
        [
            0.1060912162065506,
            -0.8432515859603882,
            0.012079000473022461
        ],
        [
            0.124653160572052,
            -0.8351449966430664,
            0.029307246208190918
        ],
        [
            0.11949621140956879,
            -0.8369755744934082,
            0.024907849729061127
        ],
        [
            0.11967511475086212,
            -0.8331884741783142,
            0.026845544576644897
        ],
        [
            0.12609940767288208,
            -0.8284190893173218,
            0.030593499541282654
        ],
        [
            0.11169591546058655,
            -0.8255507946014404,
            0.02058367431163788
        ],
        [
            0.11613625288009644,
            -0.8267286419868469,
            0.023588940501213074
        ],
        [
            0.11243347823619843,
            -0.8335494995117188,
            0.020510978996753693
        ],
        [
            0.10909540206193924,
            -0.8326442837715149,
            0.01839212328195572
        ],
        [
            0.10532215237617493,
            -0.8322223424911499,
            0.016470611095428467
        ],
        [
            0.10101041197776794,
            -0.8322117328643799,
            0.015633590519428253
        ],
        [
            0.1011711061000824,
            -0.8269848823547363,
            0.016529574990272522
        ],
        [
            0.10633419454097748,
            -0.8259608745574951,
            0.018089815974235535
        ],
        [
            0.10026887059211731,
            -0.8471945524215698,
            0.009904146194458008
        ],
        [
            0.09291420876979828,
            -0.8464893102645874,
            0.010719358921051025
        ],
        [
            0.09425590932369232,
            -0.8436475992202759,
            0.011579357087612152
        ],
        [
            0.10036017000675201,
            -0.844069242477417,
            0.010619774460792542
        ],
        [
            0.08419369906187057,
            -0.8376263380050659,
            0.01733475923538208
        ],
        [
            0.085397869348526,
            -0.839959979057312,
            0.016099438071250916
        ],
        [
            0.08176020532846451,
            -0.8415462374687195,
            0.015153229236602783
        ],
        [
            0.08091555535793304,
            -0.8371068239212036,
            0.016275160014629364
        ],
        [
            0.08313288539648056,
            -0.8340531587600708,
            0.016214273869991302
        ],
        [
            0.08540675044059753,
            -0.835957407951355,
            0.016937322914600372
        ],
        [
            0.10436578094959259,
            -0.9045915007591248,
            0.011592648923397064
        ],
        [
            0.09916087239980698,
            -0.8881551027297974,
            0.003947257995605469
        ],
        [
            0.11961030215024948,
            -0.8984652161598206,
            0.02341902256011963
        ],
        [
            0.13025861978530884,
            -0.8880423307418823,
            0.035126544535160065
        ],
        [
            0.13752108812332153,
            -0.8749505877494812,
            0.04585852473974228
        ],
        [
            0.11905446648597717,
            -0.7729895710945129,
            0.03508467972278595
        ],
        [
            0.12039920687675476,
            -0.7642958164215088,
            0.041761621832847595
        ],
        [
            0.12912198901176453,
            -0.7718100547790527,
            0.05305165797472
        ],
        [
            0.12687870860099792,
            -0.7617695331573486,
            0.05837314575910568
        ],
        [
            0.11818405985832214,
            -0.7541268467903137,
            0.04640325903892517
        ],
        [
            0.1040804535150528,
            -0.7362145185470581,
            0.0511181503534317
        ],
        [
            0.1126595288515091,
            -0.7440117597579956,
            0.04958947375416756
        ],
        [
            0.12178487330675125,
            -0.7520236968994141,
            0.06473740935325623
        ],
        [
            0.13089635968208313,
            -0.764812707901001,
            0.07849165797233582
        ],
        [
            0.13367322087287903,
            -0.7719550132751465,
            0.06988194584846497
        ],
        [
            0.13635709881782532,
            -0.7809332609176636,
            0.08963428437709808
        ],
        [
            0.12623360753059387,
            -0.7571167349815369,
            0.09070861339569092
        ],
        [
            0.13376843929290771,
            -0.7803323864936829,
            0.09853126108646393
        ],
        [
            0.10982570052146912,
            -0.7218596935272217,
            0.08877428621053696
        ],
        [
            0.11141476035118103,
            -0.710539698600769,
            0.09219035506248474
        ],
        [
            0.12235699594020844,
            -0.7164849042892456,
            0.1054944321513176
        ],
        [
            0.12165945768356323,
            -0.7280304431915283,
            0.10129358619451523
        ],
        [
            0.13472111523151398,
            -0.7797393798828125,
            0.061674393713474274
        ],
        [
            0.13892799615859985,
            -0.8427287340164185,
            0.050058625638484955
        ],
        [
            0.13487333059310913,
            -0.8422037363052368,
            0.03902474045753479
        ],
        [
            0.14079539477825165,
            -0.8301069140434265,
            0.05406191945075989
        ],
        [
            0.14363957941532135,
            -0.9037936925888062,
            0.06703659147024155
        ],
        [
            0.1352962851524353,
            -0.8978122472763062,
            0.05066804587841034
        ],
        [
            0.1430365890264511,
            -0.8829737305641174,
            0.057617299258708954
        ],
        [
            0.14818915724754333,
            -0.890376091003418,
            0.07268673181533813
        ],
        [
            0.11675442010164261,
            -0.9393132328987122,
            0.056481167674064636
        ],
        [
            0.11173543334007263,
            -0.9246131777763367,
            0.03285191208124161
        ],
        [
            0.12297792732715607,
            -0.9133381247520447,
            0.04114178568124771
        ],
        [
            0.13002368807792664,
            -0.9247429370880127,
            0.06005924195051193
        ],
        [
            0.151211217045784,
            -0.891842246055603,
            0.08564414829015732
        ],
        [
            0.1535760462284088,
            -0.8940005302429199,
            0.10483238846063614
        ],
        [
            0.1500861793756485,
            -0.9103094935417175,
            0.11079523712396622
        ],
        [
            0.14694038033485413,
            -0.9099724292755127,
            0.08768346905708313
        ],
        [
            0.13889610767364502,
            -0.9312814474105835,
            0.11685050278902054
        ],
        [
            0.13585293292999268,
            -0.9312620162963867,
            0.08902043104171753
        ],
        [
            0.13063180446624756,
            -0.7664860486984253,
            0.10981068760156631
        ],
        [
            0.13419228792190552,
            -0.7858647108078003,
            0.11127336323261261
        ],
        [
            0.12108533084392548,
            -0.7417003512382507,
            0.09494799375534058
        ],
        [
            0.1281813681125641,
            -0.7495718598365784,
            0.11059486120939255
        ],
        [
            0.12214185297489166,
            -0.9465467929840088,
            0.12082819640636444
        ],
        [
            0.11880305409431458,
            -0.948263943195343,
            0.08889095485210419
        ],
        [
            0.14361634850502014,
            -0.8757939338684082,
            0.15532255172729492
        ],
        [
            0.147330179810524,
            -0.8922253251075745,
            0.14629364013671875
        ],
        [
            0.15181569755077362,
            -0.8786275386810303,
            0.13080701231956482
        ],
        [
            0.14892232418060303,
            -0.8651406764984131,
            0.14059102535247803
        ],
        [
            0.13492634892463684,
            -0.8858551383018494,
