{
    "pred_cam": [
        1.8427109718322754,
        -0.014357639476656914,
        0.5952425003051758
    ],
    "pred_smpl_params": {
        "global_orient": [
            [
                [
                    0.9763503074645996,
                    0.2000141441822052,
                    -0.08206304907798767
                ],
                [
                    0.1307048350572586,
                    -0.8484513163566589,
                    -0.5128805637359619
                ],
                [
                    -0.17220987379550934,
                    0.4900251030921936,
                    -0.854528546333313
                ]
            ]
        ],
        "body_pose": [
            [
                [
                    0.9893737435340881,
                    -0.14294250309467316,
                    -0.026589687913656235
                ],
                [
                    0.12819308042526245,
                    0.7713232636451721,
                    0.6233994960784912
                ],
                [
                    -0.06860104203224182,
                    -0.6201837658882141,
                    0.7814512252807617
                ]
            ],
            [
                [
                    0.9863092303276062,
                    0.1612543910741806,
                    0.03451192378997803
                ],
                [
                    -0.15235282480716705,
                    0.8109575510025024,
                    0.5649215579032898
                ],
                [
                    0.06310838460922241,
                    -0.5624454021453857,
                    0.8244224786758423
                ]
            ],
            [
                [
                    0.9997339844703674,
                    0.022113678976893425,
                    -0.006550086662173271
                ],
                [
                    -0.022764669731259346,
                    0.9005954265594482,
                    -0.43406179547309875
                ],
                [
                    -0.0036997224669903517,
                    0.43409547209739685,
                    0.9008592367172241
                ]
            ],
            [
                [
                    0.9801656007766724,
                    0.10930588096380234,
                    -0.16531063616275787
                ],
                [
                    -0.13545198738574982,
                    -0.23940519988536835,
                    -0.9614249467849731
                ],
                [
                    -0.14466561377048492,
                    0.9647473096847534,
                    -0.2198510468006134
                ]
            ],
            [
                [
                    0.9757683873176575,
                    -0.10468307137489319,
                    0.19213944673538208
                ],
                [
                    0.1703423708677292,
                    -0.18770712614059448,
                    -0.9673415422439575
                ],
                [
                    0.13733020424842834,
                    0.976630687713623,
                    -0.16532671451568604
                ]
            ],
            [
                [
                    0.9994367957115173,
                    -0.03280916437506676,
                    -0.007043938152492046
                ],
                [
                    0.033061329275369644,
                    0.9986802339553833,
                    0.03930278867483139
                ],
                [
                    0.005745150614529848,
                    -0.03951353579759598,
                    0.9992024898529053
                ]
            ],
            [
                [
                    0.9379193186759949,
                    -0.1278231292963028,
                    0.3224416673183441
                ],
                [
                    0.01702210307121277,
                    0.945461630821228,
                    0.3252883553504944
                ],
                [
                    -0.34643563628196716,
                    -0.2996055781841278,
                    0.888942539691925
                ]
            ],
            [
                [
                    0.944209635257721,
                    0.08066817373037338,
                    -0.3193131387233734
                ],
                [
                    0.011868604458868504,
                    0.9605754613876343,
                    0.2777659296989441
                ],
                [
                    0.32913124561309814,
                    -0.2660590410232544,
                    0.9060271978378296
                ]
            ],
            [
                [
                    0.999746561050415,
                    -0.013854064047336578,
                    -0.017742831259965897
                ],
                [
                    0.013969402760267258,
                    0.9998819828033447,
                    0.006393542978912592
                ],
                [
                    0.017652159556746483,
                    -0.006639780011028051,
                    0.9998220801353455
                ]
            ],
            [
                [
                    0.9950023889541626,
                    -0.08323053270578384,
                    -0.05516223981976509
                ],
                [
                    0.08942542225122452,
                    0.9885594248771667,
                    0.12146361917257309
                ],
                [
                    0.04442166909575462,
                    -0.12578950822353363,
                    0.9910619258880615
                ]
            ],
            [
                [
                    0.9954732060432434,
                    0.07648846507072449,
                    0.05641476809978485
                ],
                [
                    -0.08535817265510559,
                    0.9805480241775513,
                    0.17674729228019714
                ],
                [
                    -0.04179825633764267,
                    -0.1807626634836197,
                    0.9826381802558899
                ]
            ],
            [
                [
                    0.9989547729492188,
                    -0.027765166014432907,
                    0.03631190210580826
                ],
                [
                    0.03283534198999405,
                    0.9885229468345642,
                    -0.14745907485485077
                ],
                [
                    -0.031800925731658936,
                    0.14849723875522614,
                    0.9884014129638672
                ]
            ],
            [
                [
                    0.8910211324691772,
                    -0.06377830356359482,
                    -0.4494591951370239
                ],
                [
                    0.16752618551254272,
                    0.9663947224617004,
                    0.19497735798358917
                ],
                [
                    0.42191967368125916,
                    -0.2490251511335373,
                    0.8717626333236694
                ]
            ],
            [
                [
                    0.9412818551063538,
                    0.046689245849847794,
                    0.3343777656555176
                ],
                [
                    -0.1098087877035141,
                    0.9788814187049866,
                    0.17243307828903198
                ],
                [
                    -0.3192654252052307,
                    -0.19902576506137848,
                    0.9265301823616028
                ]
            ],
            [
                [
                    0.9978666305541992,
                    -0.0632532611489296,
                    0.01615951769053936
                ],
                [
                    0.06492187827825546,
                    0.9875032901763916,
                    -0.14360499382019043
                ],
                [
                    -0.006874093785881996,
                    0.14434775710105896,
                    0.9895030856132507
                ]
            ],
            [
                [
                    0.8066385388374329,
                    0.13267917931079865,
                    -0.5759605169296265
                ],
                [
                    0.09458765387535095,
                    0.9329401850700378,
                    0.3473844826221466
                ],
                [
                    0.5834273099899292,
                    -0.33469241857528687,
                    0.7399957180023193
                ]
            ],
            [
                [
                    0.9402000904083252,
                    -0.11912395060062408,
                    0.3191134035587311
                ],
                [
                    0.020811425521969795,
                    0.9551922082901001,
                    0.2952536940574646
                ],
                [
                    -0.3399864435195923,
                    -0.2709563374519348,
                    0.9005509614944458
                ]
            ],
            [
                [
                    0.1661633849143982,
                    -0.17882181704044342,
                    -0.9697486758232117
                ],
                [
                    0.5065649151802063,
                    0.8592202663421631,
                    -0.07164204865694046
                ],
                [
                    0.846038818359375,
                    -0.47933635115623474,
                    0.2333558052778244
                ]
            ],
            [
                [
                    0.2201671004295349,
                    0.24852900207042694,
                    0.9432708621025085
                ],
                [
                    -0.5545080304145813,
                    0.8274498581886292,
                    -0.08858631551265717
                ],
                [
                    -0.8025256395339966,
                    -0.5035474300384521,
                    0.31998857855796814
                ]
            ],
            [
                [
                    0.9785272479057312,
                    -0.20116890966892242,
                    -0.04489322379231453
                ],
                [
                    0.18626290559768677,
                    0.9563091397285461,
                    -0.22534188628196716
                ],
                [
                    0.08826357871294022,
                    0.2121412605047226,
                    0.973244845867157
                ]
            ],
            [
                [
                    0.9852453470230103,
                    0.16797928512096405,
                    0.032780587673187256
                ],
                [
                    -0.1605829894542694,
                    0.9735637903213501,
                    -0.16244012117385864
                ],
                [
                    -0.05920056253671646,
                    0.1547793745994568,
                    0.9861738085746765
                ]
            ],
            [
                [
                    0.9954048991203308,
                    0.08340777456760406,
                    -0.04703361913561821
                ],
                [
                    -0.08441482484340668,
                    0.9962331652641296,
                    -0.01984427683055401
                ],
                [
                    0.04520127549767494,
                    0.023723425343632698,
                    0.9986962080001831
                ]
            ],
            [
                [
                    0.9951971173286438,
                    -0.09448638558387756,
                    0.025594431906938553
                ],
                [
                    0.09390264749526978,
                    0.9953128099441528,
                    0.023124413564801216
                ],
                [
                    -0.027659406885504723,
                    -0.020609961822628975,
                    0.9994049668312073
                ]
            ]
        ],
        "betas": [
            -0.017228886485099792,
            -0.11475080251693726,
            -0.15289051830768585,
            -0.07703569531440735,
            0.08827465772628784,
            -0.05008652061223984,
            -0.048479288816452026,
            -0.02692592144012451,
            0.04025989770889282,
            -0.012855201959609985
        ]
    },
    "pred_cam_t": [
        -0.014357639476656914,
        0.5952425003051758,
        21.198387145996094
    ],
    "focal_length": [
        5000.0,
        5000.0
    ],
    "pred_keypoints_3d": [
        [
            0.06518448144197464,
            -0.7994634509086609,
            0.003990016877651215
        ],
        [
            0.08442971855401993,
            -0.6913739442825317,
            0.1619122177362442
        ],
        [
            -0.09321339428424835,
            -0.6588713526725769,
            0.1699843555688858
        ],
        [
            -0.3205849528312683,
            -0.7160862684249878,
            0.06900766491889954
        ],
        [
            -0.2602740228176117,
            -0.9468109011650085,
            -0.022693365812301636
        ],
        [
            0.23320776224136353,
            -0.6311140060424805,
            0.09180660545825958
        ],
        [
            0.33773791790008545,
            -0.7128162384033203,
            -0.13348236680030823
        ],
        [
            0.22851169109344482,
            -0.9364973306655884,
            -0.11696159094572067
        ],
        [
            -0.0016920850612223148,
            -0.22221171855926514,
            0.028889048844575882
        ],
        [
            -0.08608594536781311,
            -0.15233780443668365,
            -0.00018001534044742584
        ],
        [
            -0.26148027181625366,
            -0.00827537477016449,
            -0.30912116169929504
        ],
        [
            -0.20296341180801392,
            0.29808294773101807,
            -0.058593422174453735
        ],
        [
            0.049051105976104736,
            -0.13223201036453247,
            -0.022274844348430634
        ],
        [
            0.05802739039063454,
            0.007135048508644104,
            -0.3709733784198761
        ],
        [
            0.005102712661027908,
            0.30160486698150635,
            -0.1059739887714386
        ],
        [
            0.03761860355734825,
            -0.8390799760818481,
            0.04142439365386963
        ],
        [
            0.103436179459095,
            -0.8390194177627563,
            0.029584087431430817
        ],
        [
            0.012069158256053925,
            -0.8256951570510864,
            0.14378491044044495
        ],
        [
            0.1576140820980072,
            -0.8265147805213928,
            0.1160048246383667
        ],
        [
            0.021766938269138336,
            0.4076123833656311,
            -0.272416889667511
        ],
        [
            0.0816185399889946,
            0.4017578959465027,
            -0.2157788872718811
        ],
        [
            0.009598556905984879,
            0.3103639483451843,
            -0.03667879104614258
        ],
        [
            -0.2881896197795868,
            0.3957570791244507,
            -0.20702537894248962
        ],
        [
            -0.3309587240219116,
            0.3759249448776245,
            -0.13529029488563538
        ],
        [
            -0.18293717503547668,
            0.3215634226799011,
            0.010009676218032837
        ],
        [
            -0.21818968653678894,
            0.24097448587417603,
            -0.05396174639463425
        ],
        [
            -0.24566319584846497,
            -0.0369696281850338,
            -0.28024935722351074
        ],
        [
            -0.14079523086547852,
            -0.2540796101093292,
            0.08772823959589005
        ],
        [
            0.152991384267807,
            -0.19629640877246857,
            0.04258301854133606
        ],
        [
            0.07357622683048248,
            -0.007899457588791847,
            -0.3501884341239929
        ],
        [
            0.02157755196094513,
            0.2601187229156494,
            -0.10273873805999756
        ],
        [
            -0.23215839266777039,
            -0.9266769289970398,
            -0.009165380150079727
        ],
        [
            -0.3070473372936249,
            -0.7414132952690125,
            0.09471829980611801
        ],
        [
            -0.060494184494018555,
            -0.6778146028518677,
            0.17935711145401
        ],
        [
            0.22151854634284973,
            -0.6531665325164795,
            0.11613830178976059
        ],
        [
            0.3448255658149719,
            -0.7355419993400574,
            -0.0953739807009697
        ],
        [
            0.23348796367645264,
            -0.9272829294204712,
            -0.09723667800426483
        ],
        [
            0.08849814534187317,
            -0.6906550526618958,
            0.1620410531759262
        ],
        [
            0.08670920133590698,
            -0.8785781860351562,
            0.11260581016540527
        ],
        [
            0.006137453950941563,
            -0.2251010537147522,
            0.06515847146511078
        ],
        [
            0.07932157069444656,
            -0.6567817330360413,
            0.14579907059669495
        ],
        [
            0.047471195459365845,
            -0.45687729120254517,
            0.13097403943538666
        ],
        [
            0.08364899456501007,
            -0.7708233594894409,
            0.0780787318944931
        ],
        [
            0.0835035890340805,
            -0.8975530862808228,
            0.12199106812477112
        ]
    ],
    "pred_vertices": [
        [
            0.11508974432945251,
            -0.8850529193878174,
            0.02662777155637741
        ],
        [
            0.10831250250339508,
            -0.8710297346115112,
            0.02158541977405548
        ],
        [
            0.12070726603269577,
            -0.867774248123169,
            0.028128303587436676
        ],
        [
            0.12742196023464203,
            -0.8778504133224487,
            0.03672787547111511
        ],
        [
            0.11584685742855072,
            -0.8585376739501953,
            0.023228488862514496
        ],
        [
            0.10474632680416107,
            -0.8601540327072144,
            0.018573962152004242
        ],
        [
            0.12908893823623657,
            -0.861323356628418,
            0.03724111616611481
        ],
        [
            0.13543060421943665,
            -0.8685126900672913,
            0.047519609332084656
        ],
        [
            0.13673029839992523,
            -0.824517011642456,
            0.04782203584909439
        ],
        [
            0.1417567878961563,
            -0.8191685676574707,
            0.057009465992450714
        ],
        [
            0.1413717269897461,
            -0.8319722414016724,
            0.054850950837135315
        ],
        [
            0.13495397567749023,
            -0.8338351249694824,
            0.047093942761421204
        ],
        [
            0.13510294258594513,
            -0.7989827394485474,
            0.051589012145996094
        ],
        [
            0.12750542163848877,
            -0.7900890111923218,
            0.04412256181240082
        ],
        [
            0.13106921315193176,
            -0.7807433605194092,
            0.0534633994102478
        ],
        [
            0.13760492205619812,
            -0.7891864776611328,
            0.06186006963253021
        ],
        [
            0.09228406846523285,
            -0.805282711982727,
            0.02613452821969986
        ],
        [
            0.09763637185096741,
            -0.7984726428985596,
            0.026204422116279602
        ],
        [
            0.10173170268535614,
            -0.8050236701965332,
            0.02633589506149292
        ],
        [
            0.0955895259976387,
            -0.811022162437439,
            0.02670373022556305
        ],
        [
            0.08213119208812714,
            -0.8153825998306274,
            0.021562710404396057
        ],
        [
            0.08364859968423843,
            -0.8207716345787048,
            0.02480703592300415
        ],
        [
            0.07821323722600937,
            -0.8248630166053772,
            0.02047751098871231
        ],
        [
            0.07727763056755066,
            -0.8187488317489624,
            0.016184963285923004
        ],
        [
            0.08692694455385208,
            -0.8001104593276978,
            0.0265413299202919
        ],
        [
            0.09262964129447937,
            -0.7931644320487976,
            0.02740722894668579
        ],
        [
            0.0874372273683548,
            -0.8109863996505737,
            0.02552425116300583
        ],
        [
            0.0850786566734314,
            -0.8068552017211914,
            0.023335501551628113
        ],
        [
            0.08022709935903549,
            -0.8011988401412964,
            0.013664685189723969
        ],
        [
            0.08214414119720459,
            -0.8058469295501709,
            0.014888100326061249
        ],
        [
            0.07776378840208054,
            -0.8071972131729126,
            0.008496478199958801
        ],
        [
            0.07645267248153687,
            -0.8015693426132202,
            0.009434595704078674
        ],
        [
            0.08445131778717041,
            -0.8003225326538086,
            0.022093966603279114
        ],
        [
            0.08466245979070663,
            -0.803280234336853,
            0.0193781778216362
        ],
        [
            0.0816245824098587,
            -0.7997238636016846,
            0.017460539937019348
        ],
        [
            0.08069956302642822,
            -0.797521710395813,
            0.020741082727909088
        ],
        [
            0.0810890719294548,
            -0.8114752769470215,
            0.018715299665927887
        ],
        [
            0.07708917558193207,
            -0.8135021924972534,
            0.012352705001831055
        ],
        [
            0.07218417525291443,
            -0.8152516484260559,
            0.005909420549869537
        ],
        [
            0.07249458134174347,
            -0.8069335222244263,
            0.00243319571018219
        ],
        [
            0.1089453175663948,
            -0.7844734191894531,
            0.03129975497722626
        ],
        [
            0.1036524549126625,
            -0.7916959524154663,
            0.027583986520767212
        ],
        [
            0.09853032231330872,
            -0.7869017720222473,
            0.028074756264686584
        ],
        [
            0.10350003838539124,
            -0.7811105251312256,
            0.03032328188419342
        ],
        [
            0.08250246942043304,
            -0.7941114902496338,
            0.023909658193588257
        ],
        [
            0.08577568084001541,
            -0.778205394744873,
            0.023654013872146606
        ],
        [
            0.08612800389528275,
            -0.7819252014160156,
            0.02326894924044609
        ],
        [
            0.07961073517799377,
            -0.7830290794372559,
            0.02021866664290428
        ],
        [
            0.07997080683708191,
            -0.7795275449752808,
            0.020664457231760025
        ],
        [
            0.11479859054088593,
            -0.7698067426681519,
            0.0395156592130661
        ],
        [
            0.10864125937223434,
            -0.76886385679245,
            0.035686466842889786
        ],
        [
            0.10929979383945465,
            -0.7618460059165955,
            0.03840991482138634
        ],
        [
            0.11491775512695312,
            -0.7614003419876099,
            0.04348234087228775
        ],
        [
            0.10694397985935211,
            -0.7561203241348267,
            0.039934564381837845
        ],
        [
            0.11378686130046844,
            -0.7534552812576294,
            0.047034040093421936
        ],
        [
            0.1045248731970787,
            -0.7395485639572144,
            0.04843731224536896
        ],
        [
            0.10924545675516129,
            -0.7455769777297974,
            0.04788452386856079
        ],
        [
            0.10297254472970963,
            -0.7505409717559814,
            0.04007495567202568
        ],
        [
            0.09725148230791092,
            -0.7456095218658447,
            0.03758923336863518
        ],
        [
            0.08427918702363968,
            -0.7506858706474304,
            0.03069854900240898
        ],
        [
            0.07820988446474075,
            -0.7495750188827515,
            0.028777584433555603
        ],
        [
            0.08267837017774582,
            -0.737451434135437,
            0.030846308916807175
        ],
        [
            0.08973314613103867,
            -0.7406141757965088,
            0.03352823853492737
        ],
        [
            0.0861642137169838,
            -0.7720494270324707,
            0.028021857142448425
        ],
        [
            0.090362049639225,
            -0.7720749378204346,
            0.030398160219192505
        ],
        [
            0.09037666767835617,
            -0.7735007405281067,
            0.02802552655339241
        ],
        [
            0.08592396229505539,
            -0.7747719287872314,
            0.025294333696365356
        ],
        [
            0.09401397407054901,
            -0.7716951966285706,
            0.031762439757585526
        ],
        [
            0.09573760628700256,
            -0.7713196873664856,
            0.03228689357638359
        ],
        [
            0.09542888402938843,
            -0.7726243734359741,
            0.03110470250248909
        ],
        [
            0.09390206634998322,
            -0.7725628614425659,
            0.031109176576137543
        ],
        [
            0.09185398370027542,
            -0.7722568511962891,
            0.030719667673110962
        ],
        [
            0.09083296358585358,
            -0.7703464031219482,
            0.030422568321228027
        ],
        [
            0.09305045008659363,
            -0.7709369659423828,
            0.03133159503340721
        ],
        [
            0.08699299395084381,
            -0.7696271538734436,
            0.028064578771591187
        ],
        [
            0.07348523288965225,
            -0.7676950693130493,
            0.021796539425849915
        ],
        [
            0.07759810239076614,
            -0.7679827213287354,
            0.022780198603868484
        ],
        [
            0.07642308622598648,
            -0.772343099117279,
            0.02358885109424591
        ],
        [
            0.07287683337926865,
            -0.7725465893745422,
            0.022728867828845978
        ],
        [
            0.09341388195753098,
            -0.7749090790748596,
            0.029513970017433167
        ],
        [
            0.09624670445919037,
            -0.7760360240936279,
            0.029620997607707977
        ],
        [
            0.09211263060569763,
            -0.7788949012756348,
            0.026624634861946106
        ],
        [
            0.09096582233905792,
            -0.7762337923049927,
            0.02750023454427719
        ],
        [
            0.09903231263160706,
            -0.7778313159942627,
            0.02923291176557541
        ],
        [
            0.09778139740228653,
            -0.7737374305725098,
            0.031304504722356796
        ],
        [
            0.10075848549604416,
            -0.7744802236557007,
            0.031548645347356796
        ],
        [
            0.09514535218477249,
            -0.7696104645729065,
            0.032341983169317245
        ],
        [
            0.09795227646827698,
            -0.7677881717681885,
            0.033456869423389435
        ],
        [
            0.09848667681217194,
            -0.7703734040260315,
            0.03229278698563576
        ],
        [
            0.09582144021987915,
            -0.7646112442016602,
            0.03333175927400589
        ],
        [
            0.09254283457994461,
            -0.7677797079086304,
            0.0316198393702507
        ],
        [
            0.08869101852178574,
            -0.7660537958145142,
            0.029369384050369263
        ],
        [
            0.0836767703294754,
            -0.7645715475082397,
            0.0265522263944149
        ],
        [
            0.08635713160037994,
            -0.7596200704574585,
            0.029319535940885544
        ],
        [
            0.09178471565246582,
            -0.7617632150650024,
            0.03164996951818466
        ],
        [
            0.09425841271877289,
            -0.7828160524368286,
            0.026913821697235107
        ],
        [
            0.10287107527256012,
            -0.7696444988250732,
            0.03380359336733818
        ],
        [
            0.10647958517074585,
            -0.7759884595870972,
            0.03330159932374954
        ],
        [
            0.10271799564361572,
            -0.7648569345474243,
            0.03506579250097275
        ],
        [
            0.10057055205106735,
            -0.7604309320449829,
            0.03579465299844742
        ],
        [
            0.09650194644927979,
            -0.7564250230789185,
            0.03504443168640137
        ],
        [
            0.09047675877809525,
            -0.7533210515975952,
            0.03284243866801262
        ],
        [
            0.08607816696166992,
            -0.7287822961807251,
            0.042099714279174805
        ],
        [
            0.09487531334161758,
            -0.7333760261535645,
            0.04444354027509689
        ],
        [
            0.10269024223089218,
            -0.8528074622154236,
            0.021792933344841003
        ],
        [
            0.1116521805524826,
            -0.8517822027206421,
            0.023201748728752136
        ],
        [
            0.11248710751533508,
            -0.8439553380012512,
            0.028441719710826874
        ],
        [
            0.11468370258808136,
            -0.8459517955780029,
            0.02813912183046341
        ],
        [
            0.1087448000907898,
            -0.8477917909622192,
            0.025509603321552277
        ],
        [
            0.10808709263801575,
            -0.8452234864234924,
            0.026781685650348663
        ],
        [
            0.12790001928806305,
            -0.8363944888114929,
            0.0422552153468132
        ],
        [
            0.12241683900356293,
            -0.8384150862693787,
            0.03832778334617615
        ],
        [
            0.12276118993759155,
            -0.8345377445220947,
            0.040063634514808655
        ],
        [
            0.12945841252803802,
            -0.8296173810958862,
            0.04311703145503998
        ],
        [
            0.11433104425668716,
            -0.8271691203117371,
            0.034043870866298676
        ],
        [
            0.11899589002132416,
            -0.8282170295715332,
            0.036763571202754974
        ],
        [
            0.11505579948425293,
            -0.8351683616638184,
            0.03426668792963028
        ],
        [
            0.11155989021062851,
            -0.8343477249145508,
            0.03235287964344025
        ],
        [
            0.10765352845191956,
            -0.8340039849281311,
            0.030681341886520386
        ],
        [
            0.10329414904117584,
            -0.8340166807174683,
            0.030154302716255188
        ],
        [
            0.10351260006427765,
            -0.8287549018859863,
            0.03081940859556198
        ],
        [
            0.10878436267375946,
            -0.8276770114898682,
            0.03195812553167343
        ],
        [
            0.10211797058582306,
            -0.8492307662963867,
            0.025155171751976013
        ],
        [
            0.09483962506055832,
            -0.8484691381454468,
            0.026469647884368896
        ],
        [
            0.09624454379081726,
            -0.8456088304519653,
            0.027109675109386444
        ],
        [
            0.10225997120141983,
            -0.846091091632843,
            0.025749996304512024
        ],
        [
            0.08661653101444244,
            -0.8393290638923645,
            0.03332000970840454
        ],
        [
            0.08773098886013031,
            -0.8417196869850159,
            0.032109521329402924
        ],
        [
            0.08402161300182343,
            -0.8433390855789185,
            0.0315081849694252
        ],
        [
            0.08325895667076111,
            -0.8388434648513794,
            0.03248024731874466
        ],
        [
            0.08547204732894897,
            -0.8357996940612793,
            0.032112471759319305
        ],
        [
            0.08779725432395935,
            -0.837677001953125,
            0.032749906182289124
        ],
        [
            0.10642123222351074,
            -0.9065665006637573,
            0.0289885476231575
        ],
        [
            0.10062453150749207,
            -0.8903821110725403,
            0.021023377776145935
        ],
        [
            0.12245120853185654,
            -0.8999754190444946,
            0.03947289288043976
        ],
        [
            0.13390809297561646,
            -0.8890717625617981,
            0.049951404333114624
        ],
        [
            0.14192046225070953,
            -0.8755346536636353,
            0.05953523516654968
        ],
        [
            0.12282827496528625,
            -0.7739887833595276,
            0.04568878561258316
        ],
        [
            0.12468533217906952,
            -0.7650034427642822,
            0.051880937069654465
        ],
        [
            0.1342286765575409,
            -0.7720571756362915,
            0.06283193826675415
        ],
        [
            0.13238896429538727,
            -0.7617934942245483,
            0.06790433079004288
        ],
        [
            0.12286016345024109,
            -0.7546335458755493,
            0.056217387318611145
        ],
        [
            0.10913138091564178,
            -0.7364661693572998,
            0.06117891147732735
        ],
        [
            0.11758652329444885,
            -0.7443602085113525,
            0.05936935171484947
        ],
        [
            0.12778310477733612,
            -0.7517593502998352,
            0.074241504073143
        ],
        [
            0.13784411549568176,
            -0.763994038105011,
            0.08788374066352844
        ],
        [
            0.14002351462841034,
            -0.7714888453483582,
            0.07933814823627472
        ],
        [
            0.14411744475364685,
            -0.779669463634491,
            0.09929584711790085
        ],
        [
            0.13414928317070007,
            -0.7557918429374695,
            0.10014838725328445
        ],
        [
            0.1421988606452942,
            -0.7786953449249268,
            0.10836856067180634
        ],
        [
            0.11792789399623871,
            -0.7204834818840027,
            0.09808458387851715
        ],
        [
            0.11987779289484024,
            -0.7090187072753906,
            0.10109663009643555
        ],
        [
            0.13160601258277893,
            -0.7145693302154541,
            0.11397673189640045
        ],
        [
            0.1305529773235321,
            -0.7262669801712036,
            0.11011020839214325
        ],
        [
            0.1403995007276535,
            -0.7796144485473633,
            0.07140742987394333
        ],
        [
            0.14366596937179565,
            -0.8430995941162109,
            0.062244564294815063
        ],
        [
            0.13883362710475922,
            -0.8430259227752686,
            0.05146024376153946
        ],
        [
            0.14591112732887268,
            -0.8303366899490356,
            0.06550617516040802
        ],
        [
            0.14955025911331177,
            -0.9034991264343262,
            0.08145422488451004
        ],
        [
            0.14003731310367584,
            -0.8982182741165161,
            0.06546102464199066
        ],
        [
            0.14833077788352966,
            -0.8830565214157104,
            0.07120589166879654
        ],
        [
            0.15458005666732788,
            -0.8898444175720215,
            0.08619198203086853
        ],
        [
            0.12195682525634766,
            -0.9393458962440491,
            0.0743691623210907
        ],
        [
            0.1152801439166069,
            -0.9256937503814697,
            0.050534218549728394
        ],
        [
            0.12706542015075684,
            -0.9140806198120117,
            0.05750236660242081
        ],
        [
            0.13547399640083313,
            -0.9246857166290283,
            0.07633496075868607
        ],
        [
            0.15850655734539032,
            -0.890781044960022,
            0.09894657135009766
        ],
        [
            0.16222608089447021,
            -0.8921283483505249,
            0.11801405251026154
        ],
        [
            0.15914888679981232,
            -0.9082115292549133,
            0.12489258497953415
        ],
        [
            0.15432611107826233,
            -0.9087975025177002,
            0.10204926878213882
        ],
        [
            0.14844699203968048,
            -0.9289051294326782,
            0.13262733817100525
        ],
        [
            0.14341413974761963,
            -0.9300401210784912,
            0.10506369173526764
        ],
        [
            0.1398741602897644,
            -0.7643483281135559,
            0.11939719319343567
        ],
        [
            0.14350531995296478,
            -0.7837058305740356,
            0.12135021388530731
        ],
        [
            0.1294563263654709,
            -0.7401595115661621,
            0.1042015552520752
        ],
        [
            0.13753420114517212,
            -0.7474452257156372,
            0.11976267397403717
        ],
        [
            0.13200539350509644,
            -0.9439942836761475,
            0.13847383856773376
        ],
        [
            0.12636394798755646,
            -0.94697505235672,
            0.1068967655301094
        ],
        [
            0.15594735741615295,
            -0.871810793876648,
            0.16835419833660126
        ],
        [
            0.15903586149215698,
            -0.8886056542396545,
            0.15974858403205872
        ],
        [
            0.1624036431312561,
            -0.8756705522537231,
            0.1434163749217987
        ],
        [
            0.16023212671279907,
            -0.8617912530899048,
            0.15285153687000275
        ],
        [
            0.14839781820774078,
            -0.8811230659484863,
            0.18552619218826294
        ],
        [
