{
    "pred_cam": [
        1.835761547088623,
        -0.017019959166646004,
        0.5987811088562012
    ],
    "pred_smpl_params": {
        "global_orient": [
            [
                [
                    0.9599907398223877,
                    0.25233322381973267,
                    -0.12143222987651825
                ],
                [
                    0.1620692014694214,
                    -0.8542742729187012,
                    -0.49391207098960876
                ],
                [
                    -0.22836683690547943,
                    0.45447054505348206,
                    -0.8609908223152161
                ]
            ]
        ],
        "body_pose": [
            [
                [
                    0.9935105443000793,
                    -0.11182309687137604,
                    -0.020791485905647278
                ],
                [
                    0.10153837502002716,
                    0.7896201014518738,
                    0.6051363945007324
                ],
                [
                    -0.05125086009502411,
                    -0.6033205986022949,
                    0.7958502173423767
                ]
            ],
            [
                [
                    0.9833454489707947,
                    0.17807810008525848,
                    0.03633105754852295
                ],
                [
                    -0.1695881485939026,
                    0.8271573185920715,
                    0.5357710123062134
                ],
                [
                    0.06535758078098297,
                    -0.5330092906951904,
                    0.8435813188552856
                ]
            ],
            [
                [
                    0.9998903870582581,
                    0.013267245143651962,
                    -0.006577301304787397
                ],
                [
                    -0.014803056605160236,
                    0.9071675539016724,
                    -0.4205092191696167
                ],
                [
                    0.0003877130802720785,
                    0.42056047916412354,
                    0.9072645306587219
                ]
            ],
            [
                [
                    0.9803374409675598,
                    0.11228165775537491,
                    -0.16226910054683685
                ],
                [
                    -0.14274345338344574,
                    -0.16426052153110504,
                    -0.9760341644287109
                ],
                [
                    -0.13624514639377594,
                    0.9800057411193848,
                    -0.1450032740831375
                ]
            ],
            [
                [
                    0.9776121377944946,
                    -0.09282677620649338,
                    0.18883273005485535
                ],
                [
                    0.1784905344247818,
                    -0.10938769578933716,
                    -0.977842390537262
                ],
                [
                    0.11142586171627045,
                    0.9896553158760071,
                    -0.09037003666162491
                ]
            ],
            [
                [
                    0.9990968704223633,
                    -0.041614193469285965,
                    -0.008582942187786102
                ],
                [
                    0.041930604726076126,
                    0.9982892274856567,
                    0.04074787721037865
                ],
                [
                    0.006872569210827351,
                    -0.04107096791267395,
                    0.9991325736045837
                ]
            ],
            [
                [
                    0.9407705664634705,
                    -0.1208244264125824,
                    0.316784143447876
                ],
                [
                    0.01813417300581932,
                    0.9509400129318237,
                    0.30884334444999695
                ],
                [
                    -0.33855852484703064,
                    -0.28480613231658936,
                    0.8968074321746826
                ]
            ],
            [
                [
                    0.9449507594108582,
                    0.05683540925383568,
                    -0.322238564491272
                ],
                [
                    0.026638057082891464,
                    0.9681686162948608,
                    0.2488774210214615
                ],
                [
                    0.3261263072490692,
                    -0.24376073479652405,
                    0.913357675075531
                ]
            ],
            [
                [
                    0.999664843082428,
                    -0.018997669219970703,
                    -0.017582444474101067
                ],
                [
                    0.019186582416296005,
                    0.999759316444397,
                    0.010639114305377007
                ],
                [
                    0.017376093193888664,
                    -0.01097289752215147,
                    0.999788761138916
                ]
            ],
            [
                [
                    0.9956164360046387,
                    -0.08090870082378387,
                    -0.04692152515053749
                ],
                [
                    0.08600788563489914,
                    0.9891121983528137,
                    0.1194145530462265
                ],
                [
                    0.0367489717900753,
                    -0.12292671948671341,
                    0.9917351603507996
                ]
            ],
            [
                [
                    0.9939302802085876,
                    0.08860690146684647,
                    0.06520335376262665
                ],
                [
                    -0.0989745482802391,
                    0.9789741039276123,
                    0.17836396396160126
                ],
                [
                    -0.048028115183115005,
                    -0.18373480439186096,
                    0.9818018078804016
                ]
            ],
            [
                [
                    0.9986017942428589,
                    -0.03633595630526543,
                    0.03839488700032234
                ],
                [
                    0.04145646095275879,
                    0.9889538884162903,
                    -0.14230859279632568
                ],
                [
                    -0.032799847424030304,
                    0.14370132982730865,
                    0.9890775084495544
                ]
            ],
            [
                [
                    0.888911247253418,
                    -0.07316333800554276,
                    -0.4521990120410919
                ],
                [
                    0.176527738571167,
                    0.9656305909156799,
                    0.190776064991951
                ],
                [
                    0.4226993918418884,
                    -0.24940864741802216,
                    0.8712752461433411
                ]
            ],
            [
                [
                    0.9369807243347168,
                    0.05490494892001152,
                    0.3450397849082947
                ],
                [
                    -0.11967117339372635,
                    0.9782708883285522,
                    0.16930708289146423
                ],
                [
                    -0.3282465636730194,
                    -0.19992880523204803,
                    0.923191487789154
                ]
            ],
            [
                [
                    0.9982386827468872,
                    -0.055546801537275314,
                    0.020835231989622116
                ],
                [
                    0.057841937988996506,
                    0.9893310070037842,
                    -0.1337103396654129
                ],
                [
                    -0.01318576093763113,
                    0.13467997312545776,
                    0.9908013939857483
                ]
            ],
            [
                [
                    0.8024601936340332,
                    0.13942676782608032,
                    -0.5801877379417419
                ],
                [
                    0.08776029944419861,
                    0.9341675639152527,
                    0.34587445855140686
                ],
                [
                    0.5902166962623596,
                    -0.3284679353237152,
                    0.7373961210250854
                ]
            ],
            [
                [
                    0.9345415830612183,
                    -0.1355547457933426,
                    0.32902422547340393
                ],
                [
                    0.033916544169187546,
                    0.9543253183364868,
                    0.2968379855155945
                ],
                [
                    -0.354233980178833,
                    -0.26624807715415955,
                    0.8964542150497437
                ]
            ],
            [
                [
                    0.17346106469631195,
                    -0.18432891368865967,
                    -0.9674368500709534
                ],
                [
                    0.4953610301017761,
                    0.8653509616851807,
                    -0.07606010138988495
                ],
                [
                    0.8511924743652344,
                    -0.4660370647907257,
                    0.24141405522823334
                ]
            ],
            [
                [
                    0.24761945009231567,
                    0.2438485026359558,
                    0.9376686811447144
                ],
                [
                    -0.545016348361969,
                    0.8352171182632446,
                    -0.07327725738286972
                ],
                [
                    -0.8010254502296448,
                    -0.4928998649120331,
                    0.33971741795539856
                ]
            ],
            [
                [
                    0.9777186512947083,
                    -0.20501340925693512,
                    -0.045120444148778915
                ],
                [
                    0.19016000628471375,
                    0.9560241103172302,
                    -0.22328677773475647
                ],
                [
                    0.08891301602125168,
                    0.20973150432109833,
                    0.9737079739570618
                ]
            ],
            [
                [
                    0.9849218130111694,
                    0.16978053748607635,
                    0.03322010487318039
                ],
                [
                    -0.16244427859783173,
                    0.9736638069152832,
                    -0.15997086465358734
                ],
                [
                    -0.0595051534473896,
                    0.1521623730659485,
                    0.9865626096725464
                ]
            ],
            [
                [
                    0.9946929812431335,
                    0.0908949226140976,
                    -0.04820831120014191
                ],
                [
                    -0.09169018268585205,
                    0.9956813454627991,
                    -0.014545595273375511
                ],
                [
                    0.04667799547314644,
                    0.018888629972934723,
                    0.9987314343452454
                ]
            ],
            [
                [
                    0.9948654174804688,
                    -0.09713128954172134,
                    0.028431667014956474
                ],
                [
                    0.0963701531291008,
                    0.994978666305542,
                    0.027020785957574844
                ],
                [
                    -0.030913470312952995,
                    -0.024142079055309296,
                    0.9992304444313049
                ]
            ]
        ],
        "betas": [
            -0.04599982500076294,
            -0.055423855781555176,
            -0.11206041276454926,
            -0.09396353363990784,
            0.06960508227348328,
            -0.04863279312849045,
            -0.052117347717285156,
            -0.02483251690864563,
            0.04576675593852997,
            -0.020456820726394653
        ]
    },
    "pred_cam_t": [
        -0.017019959166646004,
        0.5987811088562012,
        21.278635025024414
    ],
    "focal_length": [
        5000.0,
        5000.0
    ],
    "pred_keypoints_3d": [
        [
            0.07283822447061539,
            -0.800094485282898,
            -0.003746621310710907
        ],
        [
            0.09940896928310394,
            -0.6902692317962646,
            0.1518445611000061
        ],
        [
            -0.07630635797977448,
            -0.6602811217308044,
            0.16913050413131714
        ],
        [
            -0.3057733178138733,
            -0.7191659808158875,
            0.07489734143018723
        ],
        [
            -0.25206679105758667,
            -0.9476773142814636,
            -0.02514687180519104
        ],
        [
            0.24215874075889587,
            -0.6296533942222595,
            0.07381848990917206
        ],
        [
            0.3313486874103546,
            -0.7106834053993225,
            -0.15789289772510529
        ],
        [
            0.22091153264045715,
            -0.9330209493637085,
            -0.1381625235080719
        ],
        [
            -0.0016680113039910793,
            -0.22158125042915344,
            0.028520531952381134
        ],
        [
            -0.08930955082178116,
            -0.15337301790714264,
            0.006698336452245712
        ],
        [
            -0.2933689057826996,
            0.0022609680891036987,
            -0.27815160155296326
        ],
        [
            -0.24120447039604187,
            0.31448453664779663,
            -0.03390182554721832
        ],
        [
            0.04333990812301636,
            -0.1290050745010376,
            -0.023029442876577377
        ],
        [
            0.014701202511787415,
            0.026534676551818848,
            -0.3638618588447571
        ],
        [
            -0.030742410570383072,
            0.325893759727478,
            -0.10328054428100586
        ],
        [
            0.047582853585481644,
            -0.8395600318908691,
            0.03539569303393364
        ],
        [
            0.11266061663627625,
            -0.838983416557312,
            0.02037563920021057
        ],
        [
            0.026979222893714905,
            -0.8250242471694946,
            0.13841627538204193
        ],
        [
            0.1706070899963379,
            -0.8247299194335938,
            0.10374583303928375
        ],
        [
            -0.03420010209083557,
            0.4303112030029297,
            -0.2713389992713928
        ],
        [
            0.03011530637741089,
            0.4285210967063904,
            -0.21996784210205078
        ],
        [
            -0.020715858787298203,
            0.33626657724380493,
            -0.03483915328979492
        ],
        [
            -0.3398975431919098,
            0.40949368476867676,
            -0.1750144064426422
        ],
        [
            -0.3768062889575958,
            0.38755303621292114,
            -0.10099604725837708
        ],
        [
            -0.2180567979812622,
            0.33870381116867065,
            0.03358429670333862
        ],
        [
            -0.2521042227745056,
            0.25674331188201904,
            -0.028181929141283035
        ],
        [
            -0.2738332748413086,
            -0.02838977798819542,
            -0.25205346941947937
        ],
        [
            -0.1351379156112671,
            -0.25907662510871887,
            0.09388075768947601
        ],
        [
            0.15224219858646393,
            -0.1920737773180008,
            0.0323968231678009
        ],
        [
            0.03260601684451103,
            0.010190380737185478,
            -0.3450288474559784
        ],
        [
            -0.012183736078441143,
            0.2854456305503845,
            -0.10049192607402802
        ],
        [
            -0.22336211800575256,
            -0.9281960725784302,
            -0.01246625930070877
        ],
        [
            -0.29110726714134216,
            -0.7446766495704651,
            0.09960047900676727
        ],
        [
            -0.04337095469236374,
            -0.6784387826919556,
            0.1765957474708557
        ],
        [
            0.2322182059288025,
            -0.6515973806381226,
            0.09858302772045135
        ],
        [
            0.3403747081756592,
            -0.7335138916969299,
            -0.12047895044088364
        ],
        [
            0.2269628345966339,
            -0.9241113662719727,
            -0.11878984421491623
        ],
        [
            0.10345452278852463,
            -0.6900073289871216,
            0.15169301629066467
        ],
        [
            0.10036733001470566,
            -0.8774414658546448,
            0.10458844155073166
        ],
        [
            0.008609633892774582,
            -0.22556820511817932,
            0.06325329095125198
        ],
        [
            0.0930747389793396,
            -0.6563365459442139,
            0.1358145773410797
        ],
        [
            0.05863442271947861,
            -0.45657995343208313,
            0.12362457811832428
        ],
        [
            0.09461840987205505,
            -0.7704083323478699,
            0.06888093054294586
        ],
        [
            0.09784987568855286,
            -0.8963095545768738,
            0.11437320709228516
        ]
    ],
    "pred_vertices": [
        [
            0.12457603216171265,
            -0.8848645091056824,
            0.01750977337360382
        ],
        [
            0.11737830936908722,
            -0.8710174560546875,
            0.012742049992084503
        ],
        [
            0.13004504144191742,
            -0.8675212860107422,
            0.01854874938726425
        ],
        [
            0.13728414475917816,
            -0.8774052858352661,
            0.026901371777057648
        ],
        [
            0.12484550476074219,
            -0.8584258556365967,
            0.013751611113548279
        ],
        [
            0.11359913647174835,
            -0.860236644744873,
            0.009674467146396637
        ],
        [
            0.13876810669898987,
            -0.8608548641204834,
            0.027087941765785217
        ],
        [
            0.14565026760101318,
            -0.8679054975509644,
            0.03716176003217697
        ],
        [
            0.1464112401008606,
            -0.8239943981170654,
            0.03680659830570221
        ],
        [
            0.15181030333042145,
            -0.8185701966285706,
            0.045614227652549744
        ],
        [
            0.15144965052604675,
            -0.8312627077102661,
            0.043708376586437225
        ],
        [
            0.14474424719810486,
            -0.8332467079162598,
            0.036269620060920715
        ],
        [
            0.14475154876708984,
            -0.7984033823013306,
            0.04024457931518555
        ],
        [
            0.13674820959568024,
            -0.7896961569786072,
            0.03308507055044174
        ],
        [
            0.14063310623168945,
            -0.7802037000656128,
            0.04209586977958679
        ],
        [
            0.14764584600925446,
            -0.7884575128555298,
            0.05024673044681549
        ],
        [
            0.10096275061368942,
            -0.8054194450378418,
            0.017063941806554794
        ],
        [
            0.10622422397136688,
            -0.7985740900039673,
            0.01679360866546631
        ],
        [
            0.11038636416196823,
            -0.8050791025161743,
            0.016828134655952454
        ],
        [
            0.10435386747121811,
            -0.8111176490783691,
            0.0175597183406353
        ],
        [
            0.09074200689792633,
            -0.8156367540359497,
            0.013133533298969269
        ],
        [
            0.09247112274169922,
            -0.820965588092804,
            0.01636708900332451
        ],
        [
            0.08689539134502411,
            -0.8251608610153198,
            0.01236436516046524
        ],
        [
            0.08567620068788528,
            -0.8191101551055908,
            0.008059080690145493
        ],
        [
            0.0955875813961029,
            -0.8002951145172119,
            0.017673823982477188
        ],
        [
            0.10124191641807556,
            -0.7933010458946228,
            0.01816970482468605
        ],
        [
            0.09617403894662857,
            -0.811166524887085,
            0.01675434783101082
        ],
        [
            0.09366531670093536,
            -0.807062029838562,
            0.014649908989667892
        ],
        [
            0.08829396218061447,
            -0.8015600442886353,
            0.005191057920455933
        ],
        [
            0.09030596911907196,
            -0.8061756491661072,
            0.006376303732395172
        ],
        [
            0.08564707636833191,
            -0.8076502084732056,
            0.000248882919549942
        ],
        [
            0.08434325456619263,
            -0.8020243644714355,
            0.0011663734912872314
        ],
        [
            0.09291514754295349,
            -0.8005594611167908,
            0.013387918472290039
        ],
        [
            0.09301097691059113,
            -0.8035398721694946,
            0.010709922760725021
        ],
        [
            0.08986856043338776,
            -0.8000372648239136,
            0.008901145309209824
        ],
        [
            0.08909246325492859,
            -0.7978041172027588,
            0.012189116328954697
        ],
        [
            0.08951671421527863,
            -0.8117684125900269,
            0.01031864807009697
        ],
        [
            0.0852402076125145,
            -0.8139120936393738,
            0.004191931337118149
        ],
        [
            0.0800621509552002,
            -0.8157799243927002,
            -0.0019557401537895203
        ],
        [
            0.08010410517454147,
            -0.8075133562088013,
            -0.005550544708967209
        ],
        [
            0.11758896708488464,
            -0.7844438552856445,
            0.021153807640075684
        ],
        [
            0.11223050206899643,
            -0.7917599678039551,
            0.017804820090532303
        ],
        [
            0.10709868371486664,
            -0.7869943380355835,
            0.01846843957901001
        ],
        [
            0.11209389567375183,
            -0.7811359763145447,
            0.020390894263982773
        ],
        [
            0.09100726991891861,
            -0.7943606376647949,
            0.015211369842290878
        ],
        [
            0.09409184008836746,
            -0.7784712910652161,
            0.014640789479017258
        ],
        [
            0.09446021914482117,
            -0.782178521156311,
            0.014279063791036606
        ],
        [
            0.08782949298620224,
            -0.7833821773529053,
            0.011581920087337494
        ],
        [
            0.08817784488201141,
            -0.7798826694488525,
            0.011964268982410431
        ],
        [
            0.12364351004362106,
            -0.7696292400360107,
            0.028877776116132736
        ],
        [
            0.1173180341720581,
            -0.7687904834747314,
            0.02535874769091606
        ],
        [
            0.11802199482917786,
            -0.7617509365081787,
            0.027960725128650665
        ],
        [
            0.12384412437677383,
            -0.7611792087554932,
            0.03271903097629547
        ],
        [
            0.1156410202383995,
            -0.7560177445411682,
            0.029523450881242752
        ],
        [
            0.12276960909366608,
            -0.7531959414482117,
            0.03621429204940796
        ],
        [
            0.11349151283502579,
            -0.7393560409545898,
            0.03791730850934982
        ],
        [
            0.1182202696800232,
            -0.7453550100326538,
            0.037205614149570465
        ],
        [
            0.11164119839668274,
            -0.7504719495773315,
            0.029803715646266937
        ],
        [
            0.10577398538589478,
            -0.7456262111663818,
            0.02757328748703003
        ],
        [
            0.09267088770866394,
            -0.7509691715240479,
            0.02142207697033882
        ],
        [
            0.08652231097221375,
            -0.7499327659606934,
            0.019803889095783234
        ],
        [
            0.09093241393566132,
            -0.73773592710495,
            0.02150413766503334
        ],
        [
            0.09805147349834442,
            -0.7407708764076233,
            0.02385442703962326
        ],
        [
            0.09462708234786987,
            -0.7722843289375305,
            0.018889673054218292
        ],
        [
            0.09892337024211884,
            -0.7722404599189758,
            0.021047644317150116
        ],
        [
            0.09884573519229889,
            -0.7736997604370117,
            0.018697179853916168
        ],
        [
            0.09430065006017685,
            -0.7750453948974609,
            0.016206681728363037
        ],
        [
            0.10262806713581085,
            -0.7718108892440796,
            0.02221732586622238
        ],
        [
            0.10436449944972992,
            -0.7714075446128845,
            0.02264058217406273
        ],
        [
            0.10401710122823715,
            -0.7727285623550415,
            0.021496646106243134
        ],
        [
            0.10250543802976608,
            -0.7726991176605225,
            0.021591391414403915
        ],
        [
            0.10044027864933014,
            -0.7724179029464722,
            0.021307628601789474
        ],
        [
            0.09938151389360428,
            -0.7705259323120117,
            0.021044977009296417
        ],
        [
            0.1016320288181305,
            -0.7710695266723633,
            0.021832406520843506
        ],
        [
            0.09544024616479874,
            -0.7698712944984436,
            0.018874794244766235
        ],
        [
            0.08165866881608963,
            -0.7681260108947754,
            0.01325467973947525
        ],
        [
            0.08581376075744629,
            -0.7683794498443604,
            0.014030348509550095
        ],
        [
            0.08472238481044769,
            -0.7727329134941101,
            0.014966703951358795
        ],
        [
            0.08114274591207504,
            -0.7729582786560059,
            0.014294017106294632
        ],
        [
            0.1019633486866951,
            -0.7750422358512878,
            0.020054608583450317
        ],
        [
            0.10478326678276062,
            -0.7761449217796326,
            0.020023752003908157
        ],
        [
            0.10055959224700928,
            -0.7790818214416504,
            0.01727992668747902
        ],
        [
            0.09942750632762909,
            -0.776422381401062,
            0.018177762627601624
        ],
        [
            0.10756266117095947,
            -0.7779282331466675,
            0.01950988546013832
        ],
        [
            0.10637837648391724,
            -0.7738142013549805,
            0.021590128540992737
        ],
        [
            0.10935410857200623,
            -0.7745026350021362,
            0.0216827429831028
        ],
        [
            0.10375429689884186,
            -0.7697144150733948,
            0.02271539345383644
        ],
        [
            0.10658342391252518,
            -0.7678512930870056,
            0.023655053228139877
        ],
        [
            0.10709189623594284,
            -0.7704389095306396,
            0.022494766861200333
        ],
        [
            0.10441567748785019,
            -0.764715850353241,
            0.023613829165697098
        ],
        [
            0.10110754519701004,
            -0.7679286003112793,
            0.02211286500096321
        ],
        [
            0.09714872390031815,
            -0.766272783279419,
            0.02004382759332657
        ],
        [
            0.09201037883758545,
            -0.7648781538009644,
            0.017461616545915604
        ],
        [
            0.09475743025541306,
            -0.7598820924758911,
            0.020039930939674377
        ],
        [
            0.10028843581676483,
            -0.7619369029998779,
            0.022114045917987823
        ],
        [
            0.10274126380681992,
            -0.7829492688179016,
            0.017503440380096436
        ],
        [
            0.11151590198278427,
            -0.7696491479873657,
            0.023764941841363907
        ],
        [
            0.11513709276914597,
            -0.7759448289871216,
            0.023158706724643707
        ],
        [
            0.11136685311794281,
            -0.7648608684539795,
            0.02498132735490799
        ],
        [
            0.10920926928520203,
            -0.7604576349258423,
            0.025764886289834976
        ],
        [
            0.10502246022224426,
            -0.7564873099327087,
            0.025197181850671768
        ],
        [
            0.09895573556423187,
            -0.7534999847412109,
            0.02327810227870941
        ],
        [
            0.09477513283491135,
            -0.7288762331008911,
            0.032439298927783966
        ],
        [
            0.10363492369651794,
            -0.7333193421363831,
            0.034374818205833435
        ],
        [
            0.11167144775390625,
            -0.8528789281845093,
            0.012853927910327911
        ],
        [
            0.12065896391868591,
            -0.8517248630523682,
            0.013799145817756653
        ],
        [
            0.12168389558792114,
            -0.843817949295044,
            0.018852636218070984
        ],
        [
            0.12387732416391373,
            -0.8458274006843567,
            0.018478654325008392
        ],
        [
            0.1178419440984726,
            -0.8477444648742676,
            0.01619834452867508
        ],
        [
            0.11723724007606506,
            -0.8451494574546814,
            0.017422474920749664
        ],
        [
            0.13759654760360718,
            -0.8359246253967285,
            0.031787432730197906
        ],
        [
            0.1320004016160965,
            -0.8380352258682251,
            0.02813306450843811
        ],
        [
            0.13236069679260254,
            -0.8341341614723206,
            0.02979663759469986
        ],
        [
            0.13908207416534424,
            -0.8291409015655518,
            0.03248077630996704
        ],
        [
            0.12358089536428452,
            -0.8269590735435486,
            0.02415270358324051
        ],
        [
            0.1283499002456665,
            -0.8279200196266174,
            0.02664431929588318
        ],
        [
            0.12440875172615051,
            -0.8349418044090271,
            0.024435944855213165
        ],
        [
            0.12083689868450165,
            -0.8341834545135498,
            0.022692322731018066
        ],
        [
            0.11685578525066376,
            -0.8339008688926697,
            0.021213151514530182
        ],
        [
            0.11247551441192627,
            -0.8339474201202393,
            0.020883508026599884
        ],
        [
            0.11267382651567459,
            -0.8286889791488647,
            0.02148454636335373
        ],
        [
            0.11796922236680984,
            -0.8275560140609741,
            0.022355616092681885
        ],
        [
            0.11123901605606079,
            -0.8492516279220581,
            0.0161852166056633
        ],
        [
            0.10401848703622818,
            -0.8485215902328491,
            0.01781788468360901
        ],
        [
            0.10543235391378403,
            -0.8456385135650635,
            0.01834920048713684
        ],
        [
            0.11138428747653961,
            -0.8460930585861206,
            0.01670779287815094
        ],
        [
            0.09606365114450455,
            -0.8393484354019165,
            0.0249263197183609
        ],
        [
            0.09714257717132568,
            -0.8417371511459351,
            0.023677758872509003
        ],
        [
            0.09344099462032318,
            -0.8434013724327087,
            0.023268520832061768
        ],
        [
            0.09267491847276688,
            -0.8389079570770264,
            0.024233289062976837
        ],
        [
            0.09483720362186432,
            -0.8358627557754517,
            0.023725539445877075
        ],
        [
            0.09720500558614731,
            -0.837705135345459,
            0.024277880787849426
        ],
        [
            0.1162583976984024,
            -0.9063895344734192,
            0.020666830241680145
        ],
        [
            0.10987503826618195,
            -0.890384316444397,
            0.012706972658634186
        ],
        [
            0.13268743455410004,
            -0.8995195627212524,
            0.03019735962152481
        ],
        [
            0.14448300004005432,
            -0.888386070728302,
            0.03998575359582901
        ],
        [
            0.152720645070076,
            -0.8747082352638245,
            0.04893479496240616
        ],
        [
            0.13197389245033264,
            -0.7736433744430542,
            0.0346820168197155
        ],
        [
            0.13400757312774658,
            -0.7645643353462219,
            0.04064631462097168
        ],
        [
            0.14410778880119324,
            -0.7713582515716553,
            0.05114970728754997
        ],
        [
            0.1424098014831543,
            -0.7610669136047363,
            0.05617938190698624
        ],
        [
            0.13226869702339172,
            -0.7541690468788147,
            0.04492493346333504
        ],
        [
            0.1186402216553688,
            -0.7360818386077881,
            0.05039035156369209
        ],
        [
            0.12706376612186432,
            -0.7439230680465698,
            0.04821396991610527
        ],
        [
            0.13798090815544128,
            -0.7510480880737305,
            0.06261152029037476
        ],
        [
            0.14879110455513,
            -0.7629841566085815,
            0.0758560299873352
        ],
        [
            0.15062756836414337,
            -0.7705085277557373,
            0.06734682619571686
        ],
        [
            0.15572041273117065,
            -0.7784279584884644,
            0.08712247014045715
        ],
        [
            0.1455470323562622,
            -0.7547622919082642,
            0.08818686753511429
        ],
        [
            0.15422648191452026,
            -0.7773569226264954,
            0.0962037742137909
        ],
        [
            0.12908709049224854,
            -0.7196633815765381,
            0.08671487867832184
        ],
        [
            0.13117751479148865,
            -0.7081518173217773,
            0.0895923301577568
        ],
        [
            0.14358200132846832,
            -0.7135105133056641,
            0.10174744576215744
        ],
        [
            0.14234736561775208,
            -0.7252404689788818,
            0.09801200032234192
        ],
        [
            0.15075044333934784,
            -0.7787503004074097,
            0.05952040106058121
        ],
        [
            0.1543157398700714,
            -0.8422422409057617,
            0.05107720196247101
        ],
        [
            0.14889390766620636,
            -0.8423611521720886,
            0.04061596840620041
        ],
        [
            0.15650752186775208,
            -0.8294114470481873,
            0.05406741797924042
        ],
        [
            0.16177836060523987,
            -0.9022702574729919,
            0.07082570344209671
        ],
        [
            0.15148800611495972,
            -0.8973059058189392,
            0.05520158261060715
        ],
        [
            0.15985332429409027,
            -0.8819657564163208,
            0.060329191386699677
        ],
        [
            0.1668318808078766,
            -0.8884466290473938,
            0.07507745176553726
        ],
        [
            0.1343679428100586,
            -0.9384077787399292,
            0.06559654325246811
        ],
        [
            0.12636242806911469,
            -0.9251383543014526,
            0.04192719608545303
        ],
        [
            0.13831841945648193,
            -0.9132914543151855,
            0.048144690692424774
        ],
        [
            0.14775612950325012,
            -0.9235935211181641,
            0.06669814139604568
        ],
        [
            0.17140427231788635,
            -0.8891515731811523,
            0.08762660622596741
        ],
        [
            0.17597046494483948,
            -0.89015793800354,
            0.10643597692251205
        ],
        [
            0.1733776032924652,
            -0.9060831069946289,
            0.11375066637992859
        ],
        [
            0.16756346821784973,
            -0.9071574807167053,
            0.09123507887125015
        ],
        [
            0.16335898637771606,
            -0.9267623424530029,
            0.12227249145507812
        ],
        [
            0.1570013165473938,
            -0.928395688533783,
            0.09507746249437332
        ],
        [
            0.15240705013275146,
            -0.7630065679550171,
            0.10708882659673691
        ],
        [
            0.1562865972518921,
            -0.7821699380874634,
            0.10908280313014984
        ],
        [
            0.14098092913627625,
            -0.7391557693481445,
            0.09231846034526825
        ],
        [
            0.14998942613601685,
            -0.7461788654327393,
            0.10738033056259155
        ],
        [
            0.14735594391822815,
            -0.941848635673523,
            0.12918642163276672
        ],
        [
            0.14034909009933472,
            -0.9454299211502075,
            0.09798408299684525
        ],
        [
            0.17197126150131226,
            -0.8691778182983398,
            0.15656697750091553
        ],
        [
            0.17475268244743347,
            -0.8860383033752441,
            0.148151695728302
        ],
        [
            0.1772298365831375,
            -0.8733508586883545,
            0.13148334622383118
        ],
        [
            0.17534305155277252,
            -0.8593887686729431,
            0.14077088236808777
        ],
        [
            0.16526958346366882,
            -0.8783278465270996,
            0.1741967797279358
        ],
