{
    "pred_cam": [
        1.8093442916870117,
        -0.013321137055754662,
        0.6099063158035278
    ],
    "pred_smpl_params": {
        "global_orient": [
            [
                [
                    0.9262236952781677,
                    0.32271477580070496,
                    -0.19484564661979675
                ],
                [
                    0.20191960036754608,
                    -0.8611764311790466,
                    -0.4664801359176636
                ],
                [
                    -0.31833648681640625,
                    0.3927218019962311,
                    -0.8628044724464417
                ]
            ]
        ],
        "body_pose": [
            [
                [
                    0.9950037598609924,
                    -0.09350939840078354,
                    -0.03497971594333649
                ],
                [
                    0.09468170255422592,
                    0.7726647257804871,
                    0.6277137994766235
                ],
                [
                    -0.031669534742832184,
                    -0.6278895139694214,
                    0.7776579260826111
                ]
            ],
            [
                [
                    0.97295743227005,
                    0.22849182784557343,
                    0.033841103315353394
                ],
                [
                    -0.21238994598388672,
                    0.8273892998695374,
                    0.5199205279350281
                ],
                [
                    0.09079783409833908,
                    -0.5130481123924255,
                    0.8535439372062683
                ]
            ],
            [
                [
                    0.9999613165855408,
                    0.008738811127841473,
                    -0.0009166821255348623
                ],
                [
                    -0.008414692245423794,
                    0.9223566651344299,
                    -0.3862476050853729
                ],
                [
                    -0.002529837191104889,
                    0.3862404227256775,
                    0.9223945140838623
                ]
            ],
            [
                [
                    0.9783570170402527,
                    0.10115057975053787,
                    -0.18051601946353912
                ],
                [
                    -0.15374357998371124,
                    -0.22854162752628326,
                    -0.9613176584243774
                ],
                [
                    -0.13849325478076935,
                    0.9682651162147522,
                    -0.20804405212402344
                ]
            ],
            [
                [
                    0.9770386815071106,
                    -0.0793076828122139,
                    0.19775141775608063
                ],
                [
                    0.1825610250234604,
                    -0.16690577566623688,
                    -0.9689240455627441
                ],
                [
                    0.10984903573989868,
                    0.9827780723571777,
                    -0.1485949009656906
                ]
            ],
            [
                [
                    0.9985587000846863,
                    -0.052390098571777344,
                    -0.011653569526970387
                ],
                [
                    0.05289864540100098,
                    0.9974096417427063,
                    0.04874125123023987
                ],
                [
                    0.00906982459127903,
                    -0.04928745701909065,
                    0.9987434148788452
                ]
            ],
            [
                [
                    0.9435130953788757,
                    -0.13254226744174957,
                    0.30367013812065125
                ],
                [
                    0.030488494783639908,
                    0.9473459124565125,
                    0.3187575042247772
                ],
                [
                    -0.3299294710159302,
                    -0.2914934754371643,
                    0.8978742957115173
                ]
            ],
            [
                [
                    0.9445160031318665,
                    0.05201650783419609,
                    -0.3243207633495331
                ],
                [
                    0.034758973866701126,
                    0.9660085439682007,
                    0.25616249442100525
                ],
                [
                    0.3266213536262512,
                    -0.25322258472442627,
                    0.9106025099754333
                ]
            ],
            [
                [
                    0.9994885325431824,
                    -0.027096372097730637,
                    -0.016986707225441933
                ],
                [
                    0.027272231876850128,
                    0.9995759129524231,
                    0.010208007879555225
                ],
                [
                    0.01670290343463421,
                    -0.010666051879525185,
                    0.9998036623001099
                ]
            ],
            [
                [
                    0.9971463084220886,
                    -0.07200974971055984,
                    -0.022667329758405685
                ],
                [
                    0.07437270879745483,
                    0.9885581135749817,
                    0.13123127818107605
                ],
                [
                    0.012958040460944176,
                    -0.13254262506961823,
                    0.9910926222801208
                ]
            ],
            [
                [
                    0.9924353361129761,
                    0.0968056172132492,
                    0.07550404220819473
                ],
                [
                    -0.10950838029384613,
                    0.9760499000549316,
                    0.1879747211933136
                ],
                [
                    -0.055498700588941574,
                    -0.1948210597038269,
                    0.979267418384552
                ]
            ],
            [
                [
                    0.9966049194335938,
                    -0.06357071548700333,
                    0.052319470793008804
                ],
                [
                    0.06966589391231537,
                    0.9897845983505249,
                    -0.12439042329788208
                ],
                [
                    -0.04387742280960083,
                    0.12761299312114716,
                    0.9908528923988342
                ]
            ],
            [
                [
                    0.8834206461906433,
                    -0.09244901686906815,
                    -0.45937052369117737
                ],
                [
                    0.19568563997745514,
                    0.9635528326034546,
                    0.18240875005722046
                ],
                [
                    0.4257642924785614,
                    -0.2510358393192291,
                    0.8693134188652039
                ]
            ],
            [
                [
                    0.9261073470115662,
                    0.06349299103021622,
                    0.3718787431716919
                ],
                [
                    -0.13347256183624268,
                    0.977125346660614,
                    0.16556288301944733
                ],
                [
                    -0.35286006331443787,
                    -0.20296461880207062,
                    0.9133975505828857
                ]
            ],
            [
                [
                    0.996894359588623,
                    -0.0717998594045639,
                    0.032348450273275375
                ],
                [
                    0.07566402107477188,
                    0.9871575236320496,
                    -0.1406949758529663
                ],
                [
                    -0.02183113433420658,
                    0.14270563423633575,
                    0.9895244240760803
                ]
            ],
            [
                [
                    0.8025169372558594,
                    0.14788773655891418,
                    -0.5780101418495178
                ],
                [
                    0.07296101003885269,
                    0.9371957182884216,
                    0.3410877585411072
                ],
                [
                    0.5921513438224792,
                    -0.31590092182159424,
                    0.7413253784179688
                ]
            ],
            [
                [
                    0.9148823618888855,
                    -0.18422743678092957,
                    0.359235942363739
                ],
                [
                    0.06841074675321579,
                    0.9476885199546814,
                    0.3117794692516327
                ],
                [
                    -0.3978820741176605,
                    -0.2606659531593323,
                    0.8796266317367554
                ]
            ],
            [
                [
                    0.19829587638378143,
                    -0.1931219846010208,
                    -0.9609280228614807
                ],
                [
                    0.4769773483276367,
                    0.8754900693893433,
                    -0.07752269506454468
                ],
                [
                    0.8562542200088501,
                    -0.442968487739563,
                    0.2657208740711212
                ]
            ],
            [
                [
                    0.30157074332237244,
                    0.23732787370681763,
                    0.9234340786933899
                ],
                [
                    -0.5293083786964417,
                    0.8472412824630737,
                    -0.04488683491945267
                ],
                [
                    -0.7930243611335754,
                    -0.4752448797225952,
                    0.3811228275299072
                ]
            ],
            [
                [
                    0.9821190237998962,
                    -0.18466956913471222,
                    -0.03659697249531746
                ],
                [
                    0.17231889069080353,
                    0.9600918889045715,
                    -0.22029446065425873
                ],
                [
                    0.07581814378499985,
                    0.21004903316497803,
                    0.974746584892273
                ]
            ],
            [
                [
                    0.9877567291259766,
                    0.15385593473911285,
                    0.025789838284254074
                ],
                [
                    -0.14751587808132172,
                    0.9749537706375122,
                    -0.16644617915153503
                ],
                [
                    -0.05075262486934662,
                    0.16060389578342438,
                    0.9857133626937866
                ]
            ],
            [
                [
                    0.9948670268058777,
                    0.09007043391466141,
                    -0.046119533479213715
                ],
                [
                    -0.09043367952108383,
                    0.9958852529525757,
                    -0.005847040098160505
                ],
                [
                    0.045403122901916504,
                    0.009987786412239075,
                    0.9989187717437744
                ]
            ],
            [
                [
                    0.9948387145996094,
                    -0.09526925534009933,
                    0.03492516279220581
                ],
                [
                    0.09434013068675995,
                    0.9951640963554382,
                    0.02735375054180622
                ],
                [
                    -0.037362243980169296,
                    -0.023917723447084427,
                    0.9990155100822449
                ]
            ]
        ],
        "betas": [
            -0.038797780871391296,
            0.006273031234741211,
            -0.00992518663406372,
            -0.09745839238166809,
            0.04594004154205322,
            -0.05607324093580246,
            -0.04978671669960022,
            -0.022489428520202637,
            0.03818032145500183,
            -0.013147532939910889
        ]
    },
    "pred_cam_t": [
        -0.013321137055754662,
        0.6099063158035278,
        21.589313507080078
    ],
    "focal_length": [
        5000.0,
        5000.0
    ],
    "pred_keypoints_3d": [
        [
            0.08666835725307465,
            -0.8043660521507263,
            -0.009913813322782516
        ],
        [
            0.12417778372764587,
            -0.6902627944946289,
            0.14023947715759277
        ],
        [
            -0.048970963805913925,
            -0.664914608001709,
            0.17010289430618286
        ],
        [
            -0.27844029664993286,
            -0.726161539554596,
            0.0774056687951088
        ],
        [
            -0.23556983470916748,
            -0.9528412818908691,
            -0.03164863586425781
        ],
        [
            0.25696706771850586,
            -0.6292173266410828,
            0.04994659498333931
        ],
        [
            0.32463741302490234,
            -0.7111054062843323,
            -0.1887042224407196
        ],
        [
            0.2139604389667511,
            -0.93294358253479,
            -0.16578245162963867
        ],
        [
            -0.0016617532819509506,
            -0.2218693047761917,
            0.028279349207878113
        ],
        [
            -0.09301019459962845,
            -0.15569202601909637,
            0.018215980380773544
        ],
        [
            -0.34558433294296265,
            0.0022025108337402344,
            -0.22449730336666107
        ],
        [
            -0.26298677921295166,
            0.28944286704063416,
            0.04212333261966705
        ],
        [
            0.035027697682380676,
            -0.12589041888713837,
            -0.0238441564142704
        ],
        [
            -0.039402641355991364,
            0.02981516718864441,
            -0.3585200011730194
        ],
        [
            -0.05138145387172699,
            0.31130915880203247,
            -0.07435482740402222
        ],
        [
            0.06331741809844971,
            -0.8423027396202087,
            0.03191416338086128
        ],
        [
            0.1273239254951477,
            -0.8435057401657104,
            0.01281307265162468
        ],
        [
            0.04957955330610275,
            -0.8243312835693359,
            0.1353847086429596
        ],
        [
            0.19039598107337952,
            -0.8278630971908569,
            0.09185834228992462
        ],
        [
            -0.08189816027879715,
            0.4238259196281433,
            -0.23454944789409637
        ],
        [
            -0.01109158992767334,
            0.42106080055236816,
            -0.19290757179260254
        ],
        [
            -0.030949771404266357,
            0.31796199083328247,
            -0.008159279823303223
        ],
        [
            -0.3843073844909668,
            0.3934065103530884,
            -0.0721326470375061
        ],
        [
            -0.4088706970214844,
            0.36311566829681396,
            0.0038750171661376953
        ],
        [
            -0.2302691787481308,
            0.30807530879974365,
            0.10750100016593933
        ],
        [
            -0.2714424729347229,
            0.23100560903549194,
            0.043287549167871475
        ],
        [
            -0.3212887942790985,
            -0.027784807607531548,
            -0.20367729663848877
        ],
        [
            -0.12614136934280396,
            -0.2661106288433075,
            0.104579858481884
        ],
        [
            0.15115943551063538,
            -0.18731693923473358,
            0.01731821894645691
        ],
        [
            -0.019187454134225845,
            0.014817077666521072,
            -0.3422044515609741
        ],
        [
            -0.031544361263513565,
            0.2710445523262024,
            -0.07729201018810272
        ],
        [
            -0.20613625645637512,
            -0.934707522392273,
            -0.019833829253911972
        ],
        [
            -0.26333627104759216,
            -0.7516720294952393,
            0.10137254744768143
        ],
        [
            -0.0157062578946352,
            -0.6816833019256592,
            0.1749148666858673
        ],
        [
            0.25027382373809814,
            -0.6510583162307739,
            0.07558710873126984
        ],
        [
            0.3362749218940735,
            -0.7338646650314331,
            -0.1522059589624405
        ],
        [
            0.2211678922176361,
            -0.924553632736206,
            -0.14710108935832977
        ],
        [
            0.1279698610305786,
            -0.6909819841384888,
            0.13972389698028564
        ],
        [
            0.1195271760225296,
            -0.8791780471801758,
            0.09879251569509506
        ],
        [
            0.012614332139492035,
            -0.2268335223197937,
            0.06116592511534691
        ],
        [
            0.11558610200881958,
            -0.657614529132843,
            0.12378662824630737
        ],
        [
            0.0759558379650116,
            -0.45737138390541077,
            0.11292372643947601
        ],
        [
            0.1135006919503212,
            -0.7732957005500793,
            0.06032625213265419
        ],
        [
            0.11723997443914413,
            -0.8976684808731079,
            0.10924612730741501
        ]
    ],
    "pred_vertices": [
        [
            0.13791726529598236,
            -0.8896225690841675,
            0.010663658380508423
        ],
        [
            0.13071750104427338,
            -0.8757067918777466,
            0.005920048803091049
        ],
        [
            0.1437990367412567,
            -0.8722877502441406,
            0.010777145624160767
        ],
        [
            0.15139254927635193,
            -0.8821682333946228,
            0.018999680876731873
        ],
        [
            0.13848507404327393,
            -0.863255500793457,
            0.006051093339920044
        ],
        [
            0.12701529264450073,
            -0.8649157285690308,
            0.002726975828409195
        ],
        [
            0.15316078066825867,
            -0.8655751943588257,
            0.01855357736349106
        ],
        [
            0.16055506467819214,
            -0.8725924491882324,
            0.028416171669960022
        ],
        [
            0.16231988370418549,
            -0.8287317752838135,
            0.026582319289445877
        ],
        [
            0.16837716102600098,
            -0.8231161832809448,
            0.03488345071673393
        ],
        [
            0.16754195094108582,
            -0.8358126878738403,
            0.03331063687801361
        ],
        [
            0.1602945774793625,
            -0.8378900289535522,
            0.02642856538295746
        ],
        [
            0.16122999787330627,
            -0.8030221462249756,
            0.02932761237025261
        ],
        [
            0.15296214818954468,
            -0.7943463921546936,
            0.022462788969278336
        ],
        [
            0.1575700044631958,
            -0.7846487164497375,
            0.03091323748230934
        ],
        [
            0.16490529477596283,
            -0.7928487062454224,
            0.03884371742606163
        ],
        [
            0.1160312369465828,
            -0.8097819089889526,
            0.009219944477081299
        ],
        [
            0.1213778629899025,
            -0.8030656576156616,
            0.008408937603235245
        ],
        [
            0.12541216611862183,
            -0.8096559047698975,
            0.008382681757211685
        ],
        [
            0.1193474605679512,
            -0.815549910068512,
            0.009668700397014618
        ],
        [
            0.10533681511878967,
            -0.8198176622390747,
            0.00623113289475441
        ],
        [
            0.10716743022203445,
            -0.8250898718833923,
            0.009517714381217957
        ],
        [
            0.10128641128540039,
            -0.829287052154541,
            0.005996666848659515
        ],
        [
            0.09989198297262192,
            -0.8233240842819214,
            0.0016107000410556793
        ],
        [
            0.11081136763095856,
            -0.804533839225769,
            0.009970039129257202
        ],
        [
            0.11658842861652374,
            -0.797657310962677,
            0.009932328015565872
        ],
        [
            0.1111469641327858,
            -0.8154509663581848,
            0.009360529482364655
        ],
        [
            0.1084994226694107,
            -0.8112561106681824,
            0.00728490948677063
        ],
        [
            0.10262522846460342,
            -0.8059240579605103,
            -0.0019005052745342255
        ],
        [
            0.10459420830011368,
            -0.8105316162109375,
            -0.0006984546780586243
        ],
        [
            0.09955223649740219,
            -0.8120865225791931,
            -0.006477426737546921
        ],
        [
            0.0984308123588562,
            -0.8064178824424744,
            -0.005665525794029236
        ],
        [
            0.10778666287660599,
            -0.8047711849212646,
            0.005903378129005432
        ],
        [
            0.10762418806552887,
            -0.8078208565711975,
            0.003346998244524002
        ],
        [
            0.10446424037218094,
            -0.8043117523193359,
            0.0016297660768032074
        ],
        [
            0.10396149009466171,
            -0.801977276802063,
            0.004873774945735931
        ],
        [
            0.10399777442216873,
            -0.8159924745559692,
            0.0033935382962226868
        ],
        [
            0.09930115938186646,
            -0.8182222843170166,
            -0.00235796719789505
        ],
        [
            0.09370215237140656,
            -0.8201426267623901,
            -0.008078806102275848
        ],
        [
            0.09364578127861023,
            -0.8119711875915527,
            -0.011919479817152023
        ],
        [
            0.1332143247127533,
            -0.7890340089797974,
            0.011622495949268341
        ],
        [
            0.12755577266216278,
            -0.7963483333587646,
            0.008826322853565216
        ],
        [
            0.12256274372339249,
            -0.7914596199989319,
            0.0096612349152565
        ],
        [
            0.12775900959968567,
            -0.785643458366394,
            0.011101536452770233
        ],
        [
            0.10611723363399506,
            -0.7984864115715027,
            0.007653016597032547
        ],
        [
            0.10942952334880829,
            -0.7827010154724121,
            0.006444875150918961
        ],
        [
            0.10970546305179596,
            -0.7864179611206055,
            0.006172120571136475
        ],
        [
            0.10290609300136566,
            -0.7875649333000183,
            0.003956444561481476
        ],
        [
            0.10334718227386475,
            -0.7840774059295654,
            0.004215523600578308
        ],
        [
            0.13999979197978973,
            -0.7741013169288635,
            0.01850537583231926
        ],
        [
            0.1334775984287262,
            -0.7732484340667725,
            0.01539517194032669
        ],
        [
            0.1344706416130066,
            -0.7661383152008057,
            0.017746631056070328
        ],
        [
            0.14058636128902435,
            -0.7655184268951416,
            0.022078529000282288
        ],
        [
            0.1322566419839859,
            -0.7603018879890442,
            0.019308872520923615
        ],
        [
            0.1398494690656662,
            -0.7573815584182739,
            0.025382529944181442
        ],
        [
            0.13093185424804688,
            -0.7433152794837952,
            0.02725335955619812
        ],
        [
            0.13550357520580292,
            -0.7494120001792908,
            0.02642810344696045
        ],
        [
            0.12838155031204224,
            -0.754662811756134,
            0.019666124135255814
        ],
        [
            0.1224786788225174,
            -0.7497789859771729,
            0.01763887330889702
        ],
        [
            0.10900911688804626,
            -0.7550846934318542,
            0.012477818876504898
        ],
        [
            0.10278366506099701,
            -0.7539969682693481,
            0.011251039803028107
        ],
        [
            0.107481449842453,
            -0.7418333292007446,
            0.012299798429012299
        ],
        [
            0.11462432891130447,
            -0.7448979616165161,
            0.014271732419729233
        ],
        [
            0.11042463034391403,
            -0.7765011787414551,
            0.0104590505361557
        ],
        [
            0.11484408378601074,
            -0.7764757871627808,
            0.01233111321926117
        ],
        [
            0.11459077149629593,
            -0.7780072689056396,
            0.0100458525121212
        ],
        [
            0.10988722741603851,
            -0.7793394327163696,
            0.007894814014434814
        ],
        [
            0.11860768496990204,
            -0.7760822176933289,
            0.013258811086416245
        ],
        [
            0.12036794424057007,
            -0.7756983041763306,
            0.013569075614213943
        ],
        [
            0.11992909759283066,
            -0.7770528793334961,
            0.01248711347579956
        ],
        [
            0.11845232546329498,
            -0.776994526386261,
            0.012668855488300323
        ],
        [
            0.1163797676563263,
            -0.7766772508621216,
            0.012499421834945679
        ],
        [
            0.1153469979763031,
            -0.7747700214385986,
            0.012236330658197403
        ],
        [
            0.11760265380144119,
            -0.7753274440765381,
            0.012906484305858612
        ],
        [
            0.11129599809646606,
            -0.7741039991378784,
            0.010303333401679993
        ],
        [
            0.09713347256183624,
            -0.7721856832504272,
            0.005589544773101807
        ],
        [
            0.10139504075050354,
            -0.7725790143013,
            0.006089940667152405
        ],
        [
            0.10029830038547516,
            -0.7768722772598267,
            0.007218081504106522
        ],
        [
            0.09660019725561142,
            -0.7769619226455688,
            0.006782162934541702
        ],
        [
            0.11769723892211914,
            -0.7792893052101135,
            0.011243902146816254
        ],
        [
            0.1205349788069725,
            -0.7805274724960327,
            0.011075746268033981
        ],
        [
            0.11610779166221619,
            -0.7834556102752686,
            0.00868140533566475
        ],
        [
            0.11508207023143768,
            -0.780750036239624,
            0.009576674550771713
        ],
        [
            0.12324796617031097,
            -0.7823775410652161,
            0.01043396070599556
        ],
        [
            0.12226259708404541,
            -0.7781820297241211,
            0.012475576251745224
        ],
        [
            0.12514308094978333,
            -0.7788511514663696,
            0.012408334761857986
        ],
        [
            0.11979734897613525,
            -0.7739884853363037,
            0.013621952384710312
        ],
        [
            0.12270224839448929,
            -0.7721554040908813,
            0.014347121119499207
        ],
        [
            0.12308777123689651,
            -0.7747921943664551,
            0.013239331543445587
        ],
        [
            0.12059414386749268,
            -0.7689738273620605,
            0.014338526874780655
        ],
        [
            0.11715590208768845,
            -0.7721714377403259,
            0.01312478631734848
        ],
        [
            0.11311362683773041,
            -0.7704994678497314,
            0.011262524873018265
        ],
        [
            0.10785086452960968,
            -0.7690898180007935,
            0.008986495435237885
        ],
        [
            0.11082980781793594,
            -0.7640693187713623,
            0.011243153363466263
        ],
        [
            0.11643930524587631,
            -0.766160249710083,
            0.013005565851926804
        ],
        [
            0.11815191805362701,
            -0.7872695326805115,
            0.008867934346199036
        ],
        [
            0.12759089469909668,
            -0.7740509510040283,
            0.01420464739203453
        ],
        [
            0.1310490071773529,
            -0.7804317474365234,
            0.013540942221879959
        ],
        [
            0.1275995671749115,
            -0.7692210078239441,
            0.015292219817638397
        ],
        [
            0.12557177245616913,
            -0.7647448182106018,
            0.016081079840660095
        ],
        [
            0.12138935178518295,
            -0.7606968879699707,
            0.015660174190998077
        ],
        [
            0.11532988399267197,
            -0.757664144039154,
            0.014003291726112366
        ],
        [
            0.11210887879133224,
            -0.7327649593353271,
            0.02269478142261505
        ],
        [
            0.12094996124505997,
            -0.7372432947158813,
            0.024195276200771332
        ],
        [
            0.12549184262752533,
            -0.8574972152709961,
            0.005753569304943085
        ],
        [
            0.13450869917869568,
            -0.8564934730529785,
            0.006136272102594376
        ],
        [
            0.13602253794670105,
            -0.8484678864479065,
            0.010855905711650848
        ],
        [
            0.13823896646499634,
            -0.850648045539856,
            0.010420411825180054
        ],
        [
            0.13193631172180176,
            -0.8523632884025574,
            0.008564058691263199
        ],
        [
            0.13149115443229675,
            -0.8497176170349121,
            0.009714726358652115
        ],
        [
            0.15287990868091583,
            -0.8405749797821045,
            0.022516533732414246
        ],
        [
            0.14702698588371277,
            -0.8426684141159058,
            0.019292064011096954
        ],
        [
            0.14754854142665863,
            -0.8387293815612793,
            0.020819198340177536
        ],
        [
            0.15453512966632843,
            -0.8338122963905334,
            0.022916357964277267
        ],
        [
            0.13856086134910583,
            -0.8315249085426331,
            0.015501752495765686
        ],
        [
            0.1434551179409027,
            -0.8325173854827881,
            0.017729192972183228
        ],
        [
            0.13926714658737183,
            -0.8395256400108337,
            0.0160052627325058
        ],
        [
            0.13561467826366425,
            -0.8387410640716553,
            0.014474812895059586
        ],
        [
            0.13155242800712585,
            -0.838405191898346,
            0.013249151408672333
        ],
        [
            0.12715531885623932,
            -0.8383563756942749,
            0.01319906860589981
        ],
        [
            0.12748751044273376,
            -0.833084762096405,
            0.013600427657365799
        ],
        [
            0.13284026086330414,
            -0.8320502042770386,
            0.014088749885559082
        ],
        [
            0.12535569071769714,
            -0.8537473678588867,
            0.008995641022920609
        ],
        [
            0.11826354265213013,
            -0.852811336517334,
            0.011050861328840256
        ],
        [
            0.11976286768913269,
            -0.8499454259872437,
            0.011409133672714233
        ],
        [
            0.1255987584590912,
            -0.850574254989624,
            0.009403124451637268
        ],
        [
            0.11094950139522552,
            -0.8432563543319702,
            0.01833968609571457
        ],
        [
            0.11190062761306763,
            -0.8456951975822449,
            0.017091598361730576
        ],
        [
            0.10816363990306854,
            -0.8472992181777954,
            0.01695241406559944
        ],
        [
            0.10753817111253738,
            -0.842772901058197,
            0.01785166561603546
        ],
        [
            0.10972332954406738,
            -0.839788556098938,
            0.01712818816304207
        ],
        [
            0.11208712309598923,
            -0.8416626453399658,
            0.017573799937963486
        ],
        [
            0.12946487963199615,
            -0.9109006524085999,
            0.015110254287719727
        ],
        [
            0.12284895777702332,
            -0.8949090242385864,
            0.006989333778619766
        ],
        [
            0.14652429521083832,
            -0.9040178060531616,
            0.02337256819009781
        ],
        [
            0.15923088788986206,
            -0.8929380178451538,
            0.03195826709270477
        ],
        [
            0.16820645332336426,
            -0.8792327642440796,
            0.03992564231157303
        ],
        [
            0.14859843254089355,
            -0.7781097888946533,
            0.023873966187238693
        ],
        [
            0.1511751413345337,
            -0.7688730955123901,
            0.02942086011171341
        ],
        [
            0.16177567839622498,
            -0.775576114654541,
            0.0394061878323555
        ],
        [
            0.16056859493255615,
            -0.7650490999221802,
            0.044212885200977325
        ],
        [
            0.1498737782239914,
            -0.7582623958587646,
            0.033445894718170166
        ],
        [
            0.13678276538848877,
            -0.7397894859313965,
            0.03934626281261444
        ],
        [
            0.1449911892414093,
            -0.7478089332580566,
            0.03680441901087761
        ],
        [
            0.15662968158721924,
            -0.7547386884689331,
            0.050647635012865067
        ],
        [
            0.1680188775062561,
            -0.7665606737136841,
            0.06347861886024475
        ],
        [
            0.16916672885417938,
            -0.7743234634399414,
            0.05513725429773331
        ],
        [
            0.1753998100757599,
            -0.7817578315734863,
            0.07474610209465027
        ],
        [
            0.16553319990634918,
            -0.7578365802764893,
            0.07580973953008652
        ],
        [
            0.17449899017810822,
            -0.7803189754486084,
            0.08382455259561539
        ],
        [
            0.14910756051540375,
            -0.7221463322639465,
            0.07455962896347046
        ],
        [
            0.1512349396944046,
            -0.7102972269058228,
            0.07697268575429916
        ],
        [
            0.16461637616157532,
            -0.715377926826477,
            0.08822041749954224
        ],
        [
            0.1631493866443634,
            -0.7275015711784363,
            0.08497440814971924
        ],
        [
            0.16875679790973663,
            -0.782913327217102,
            0.04757657274603844
        ],
        [
            0.17067444324493408,
            -0.846781313419342,
            0.04084833711385727
        ],
        [
            0.16453617811203003,
            -0.846998929977417,
            0.030780479311943054
        ],
        [
            0.17325977981090546,
            -0.8337018489837646,
            0.043300412595272064
        ],
        [
            0.1781417429447174,
            -0.9062254428863525,
            0.06204269826412201
        ],
        [
            0.1671229749917984,
            -0.901595950126648,
            0.04691453278064728
        ],
        [
            0.17585116624832153,
            -0.8861969113349915,
            0.05110073834657669
        ],
        [
            0.1836310625076294,
            -0.8923770785331726,
            0.06555058807134628
        ],
        [
            0.14984309673309326,
            -0.9419236183166504,
            0.059646159410476685
        ],
        [
            0.14061054587364197,
            -0.9292354583740234,
            0.03622175753116608
        ],
        [
            0.15312932431697845,
            -0.9174318313598633,
            0.04123753309249878
        ],
        [
            0.16346675157546997,
            -0.9273277521133423,
            0.05947231501340866
        ],
        [
            0.1890588402748108,
            -0.892848014831543,
            0.0777386724948883
        ],
        [
            0.19463121891021729,
            -0.893368124961853,
            0.09621389210224152
        ],
        [
            0.1923363208770752,
            -0.9089930057525635,
            0.10420287400484085
        ],
        [
            0.18506038188934326,
            -0.9106035232543945,
            0.08218653500080109
        ],
        [
            0.18247799575328827,
            -0.9291914105415344,
            0.11394284665584564
        ],
        [
            0.1744588315486908,
            -0.9315136671066284,
            0.08735232800245285
        ],
        [
            0.1735660433769226,
            -0.7655363082885742,
            0.0943642258644104
        ],
        [
            0.1773110330104828,
            -0.7847411632537842,
            0.0966174378991127
        ],
        [
            0.16136854887008667,
            -0.7418529987335205,
            0.07978951930999756
        ],
        [
            0.17137600481510162,
            -0.7484856843948364,
            0.0942709818482399
        ],
        [
            0.16673047840595245,
            -0.9437469244003296,
            0.12233085930347443
        ],
        [
            0.15771867334842682,
            -0.9480884671211243,
            0.09181413799524307
        ],
        [
            0.19438019394874573,
            -0.8707250356674194,
            0.14569833874702454
        ],
        [
            0.1961887776851654,
            -0.8879129886627197,
            0.13767868280410767
        ],
        [
            0.19787222146987915,
            -0.8757936954498291,
            0.12055245786905289
        ],
        [
            0.19687797129154205,
            -0.8614422082901001,
            0.12946352362632751
        ],
        [
            0.18857775628566742,
            -0.8792159557342529,
            0.16399964690208435
