{
    "pred_cam": [
        1.8066902160644531,
        -0.019597245380282402,
        0.5957033634185791
    ],
    "pred_smpl_params": {
        "global_orient": [
            [
                [
                    0.9051600098609924,
                    0.3628661036491394,
                    -0.22138981521129608
                ],
                [
                    0.22028562426567078,
                    -0.8458726406097412,
                    -0.485771119594574
                ],
                [
                    -0.3635375201702118,
                    0.390931636095047,
                    -0.8455842733383179
                ]
            ]
        ],
        "body_pose": [
            [
                [
                    0.9965236186981201,
                    -0.07916451245546341,
                    -0.025955472141504288
                ],
                [
                    0.07868340611457825,
                    0.7919420003890991,
                    0.6055053472518921
                ],
                [
                    -0.027379300445318222,
                    -0.6054426431655884,
                    0.795417845249176
                ]
            ],
            [
                [
                    0.9788257479667664,
                    0.2006179392337799,
                    0.0406535267829895
                ],
                [
                    -0.19322851300239563,
                    0.8400453925132751,
                    0.5069382786750793
                ],
                [
                    0.06755011528730392,
                    -0.5040596127510071,
                    0.8610231876373291
                ]
            ],
            [
                [
                    0.9999016523361206,
                    0.013328137807548046,
                    -0.0043528126552701
                ],
                [
                    -0.01397895347326994,
                    0.9236517548561096,
                    -0.3829779028892517
                ],
                [
                    -0.0010838959133252501,
                    0.3830011188983917,
                    0.9237472414970398
                ]
            ],
            [
                [
                    0.9773926138877869,
                    0.10980028659105301,
                    -0.18068653345108032
                ],
                [
                    -0.15944579243659973,
                    -0.17846079170703888,
                    -0.9709422588348389
                ],
                [
                    -0.1388551890850067,
                    0.9778014421463013,
                    -0.15691906213760376
                ]
            ],
            [
                [
                    0.9763194918632507,
                    -0.08414445072412491,
                    0.199298694729805
                ],
                [
                    0.18947461247444153,
                    -0.11199399828910828,
                    -0.9754776358604431
                ],
                [
                    0.10440127551555634,
                    0.990139901638031,
                    -0.09339869022369385
                ]
            ],
            [
                [
                    0.9978527426719666,
                    -0.0639723688364029,
                    -0.014045532792806625
                ],
                [
                    0.06454761326313019,
                    0.9968875050544739,
                    0.0452653132379055
                ],
                [
                    0.011106086894869804,
                    -0.04607472941279411,
                    0.9988762140274048
                ]
            ],
            [
                [
                    0.9414566159248352,
                    -0.14172422885894775,
                    0.30589810013771057
                ],
                [
                    0.04022529348731041,
                    0.9480879902839661,
                    0.31545373797416687
                ],
                [
                    -0.3347257673740387,
                    -0.28468120098114014,
                    0.8982846140861511
                ]
            ],
            [
                [
                    0.9444379806518555,
                    0.0493764765560627,
                    -0.3249599039554596
                ],
                [
                    0.03201641887426376,
                    0.9701313972473145,
                    0.24045798182487488
                ],
                [
                    0.32712677121162415,
                    -0.23750168085098267,
                    0.9146480560302734
                ]
            ],
            [
                [
                    0.998903214931488,
                    -0.04064041003584862,
                    -0.023253940045833588
                ],
                [
                    0.04084272310137749,
                    0.9991312026977539,
                    0.008292202837765217
                ],
                [
                    0.022896738722920418,
                    -0.009232861921191216,
                    0.9996952414512634
                ]
            ],
            [
                [
                    0.9977501630783081,
                    -0.06310732662677765,
                    -0.022629650309681892
                ],
                [
                    0.06532995402812958,
                    0.9910030364990234,
                    0.11681241542100906
                ],
                [
                    0.015054330229759216,
                    -0.11802799999713898,
                    0.9928962588310242
                ]
            ],
            [
                [
                    0.9927926659584045,
                    0.08778468519449234,
                    0.08158792555332184
                ],
                [
                    -0.10132676362991333,
                    0.9783800840377808,
                    0.18029248714447021
                ],
                [
                    -0.06399707496166229,
                    -0.18726009130477905,
                    0.980223536491394
                ]
            ],
            [
                [
                    0.9941815137863159,
                    -0.09044381976127625,
                    0.0585075244307518
                ],
                [
                    0.09736452251672745,
                    0.9868650436401367,
                    -0.12890933454036713
                ],
                [
                    -0.04607997462153435,
                    0.13385581970214844,
                    0.9899290204048157
                ]
            ],
            [
                [
                    0.8815960884094238,
                    -0.0779518187046051,
                    -0.46552321314811707
                ],
                [
                    0.18636393547058105,
                    0.963622510433197,
                    0.19157280027866364
                ],
                [
                    0.4336552023887634,
                    -0.25564655661582947,
                    0.8640532493591309
                ]
            ],
            [
                [
                    0.9215166568756104,
                    0.05422131344676018,
                    0.38453489542007446
                ],
                [
                    -0.12862710654735565,
                    0.976926863193512,
                    0.17049627006053925
                ],
                [
                    -0.36641794443130493,
                    -0.20657676458358765,
                    0.9072287082672119
                ]
            ],
            [
                [
                    0.9962829351425171,
                    -0.07209782302379608,
                    0.04714033752679825
                ],
                [
                    0.07817793637514114,
                    0.9865812063217163,
                    -0.14333759248256683
                ],
                [
                    -0.036173444241285324,
                    0.14649014174938202,
                    0.9885504841804504
                ]
            ],
            [
                [
                    0.7875185608863831,
                    0.15285824239253998,
                    -0.5970335006713867
                ],
                [
                    0.07050525397062302,
                    0.9400461316108704,
                    0.33367985486984253
                ],
                [
                    0.6122447848320007,
                    -0.3048730492591858,
                    0.7295264601707458
                ]
            ],
            [
                [
                    0.9079457521438599,
                    -0.18618212640285492,
                    0.37546077370643616
                ],
                [
                    0.0716870054602623,
                    0.951692521572113,
                    0.2985672354698181
                ],
                [
                    -0.4129110872745514,
                    -0.24416719377040863,
                    0.8774320483207703
                ]
            ],
            [
                [
                    0.21117523312568665,
                    -0.18956711888313293,
                    -0.9588896036148071
                ],
                [
                    0.45060524344444275,
                    0.8894309401512146,
                    -0.07659921795129776
                ],
                [
                    0.8673868179321289,
                    -0.41590484976768494,
                    0.2732457220554352
                ]
            ],
            [
                [
                    0.3183386027812958,
                    0.23568718135356903,
                    0.9182113409042358
                ],
                [
                    -0.5164048075675964,
                    0.8553851246833801,
                    -0.04052630439400673
                ],
                [
                    -0.7949758172035217,
                    -0.4612676799297333,
                    0.39401209354400635
                ]
            ],
            [
                [
                    0.9822452068328857,
                    -0.18388862907886505,
                    -0.03713840991258621
                ],
                [
                    0.17111270129680634,
                    0.9593383073806763,
                    -0.22447820007801056
                ],
                [
                    0.07690728455781937,
                    0.21413779258728027,
                    0.9737711548805237
                ]
            ],
            [
                [
                    0.988778293132782,
                    0.1475871056318283,
                    0.02314354106783867
                ],
                [
                    -0.14208407700061798,
                    0.9769206643104553,
                    -0.1594936102628708
                ],
                [
                    -0.04614860191941261,
                    0.15441548824310303,
                    0.9869277477264404
                ]
            ],
            [
                [
                    0.9947782158851624,
                    0.09357772767543793,
                    -0.04073652625083923
                ],
                [
                    -0.09386153519153595,
                    0.9955721497535706,
                    -0.005106650292873383
                ],
                [
                    0.040078286081552505,
                    0.00890357792377472,
                    0.9991568326950073
                ]
            ],
            [
                [
                    0.9947169423103333,
                    -0.09794361889362335,
                    0.03074331395328045
                ],
                [
                    0.097030408680439,
                    0.9948317408561707,
                    0.029913337901234627
                ],
                [
                    -0.033514250069856644,
                    -0.02677227184176445,
                    0.9990795254707336
                ]
            ]
        ],
        "betas": [
            -0.018374070525169373,
            0.004380702972412109,
            -0.04518783092498779,
            -0.09016150236129761,
            0.047570228576660156,
            -0.07093169540166855,
            -0.05411460995674133,
            -0.012023568153381348,
            0.04165787994861603,
            -0.009555816650390625
        ]
    },
    "pred_cam_t": [
        -0.019597245380282402,
        0.5957033634185791,
        21.621028900146484
    ],
    "focal_length": [
        5000.0,
        5000.0
    ],
    "pred_keypoints_3d": [
        [
            0.09238696843385696,
            -0.8029516935348511,
            -0.00247153639793396
        ],
        [
            0.13816925883293152,
            -0.6858430504798889,
            0.14326760172843933
        ],
        [
            -0.034062646329402924,
            -0.6603525876998901,
            0.18081969022750854
        ],
        [
            -0.265678346157074,
            -0.7245672345161438,
            0.09466219693422318
        ],
        [
            -0.2272990196943283,
            -0.9509363174438477,
            -0.01764392852783203
        ],
        [
            0.26577335596084595,
            -0.6254770755767822,
            0.04366082698106766
        ],
        [
            0.31306585669517517,
            -0.7137393951416016,
            -0.19804421067237854
        ],
        [
            0.19952574372291565,
            -0.9333787560462952,
            -0.16518309712409973
        ],
        [
            -0.00168674997985363,
            -0.22200678288936615,
            0.028277277946472168
        ],
        [
            -0.09505950659513474,
            -0.15837599337100983,
            0.02134905382990837
        ],
        [
            -0.3547842502593994,
            -0.0028428733348846436,
            -0.21590299904346466
        ],
        [
            -0.28097811341285706,
            0.29960954189300537,
            0.03689171373844147
        ],
        [
            0.029973456636071205,
            -0.12603995203971863,
            -0.026963815093040466
        ],
        [
            -0.0694722905755043,
            0.03152120113372803,
            -0.35463374853134155
        ],
        [
            -0.0824810266494751,
            0.3219428062438965,
            -0.0788927674293518
        ],
        [
            0.06958094239234924,
            -0.8392442464828491,
            0.0411420613527298
        ],
        [
            0.1328626424074173,
            -0.8425302505493164,
            0.01996440812945366
        ],
        [
            0.059736594557762146,
            -0.8183342218399048,
            0.14453287422657013
        ],
        [
            0.19903823733329773,
            -0.8264415860176086,
            0.09644480049610138
        ],
        [
            -0.12584282457828522,
            0.42874443531036377,
            -0.24057096242904663
        ],
        [
            -0.052797362208366394,
            0.43009454011917114,
            -0.20267492532730103
        ],
        [
            -0.059097323566675186,
            0.3315567374229431,
            -0.014017879962921143
        ],
        [
            -0.40553149580955505,
            0.39714908599853516,
            -0.07989922165870667
        ],
        [
            -0.4292190670967102,
            0.3687516450881958,
            -0.0027825534343719482
        ],
        [
            -0.24825572967529297,
            0.32140523195266724,
            0.10133934020996094
        ],
        [
            -0.2876008450984955,
            0.24084794521331787,
            0.04059818759560585
        ],
        [
            -0.32896754145622253,
            -0.03334319591522217,
            -0.19536001980304718
        ],
        [
            -0.12137828022241592,
            -0.26844874024391174,
            0.11061316728591919
        ],
        [
            0.1490478664636612,
            -0.1840183436870575,
            0.009337001480162144
        ],
        [
            -0.04777456447482109,
            0.016133742406964302,
            -0.33936184644699097
        ],
        [
            -0.060895588248968124,
            0.2825287878513336,
            -0.08172005414962769
        ],
        [
            -0.19736674427986145,
            -0.9329254031181335,
            -0.006923551205545664
        ],
        [
            -0.24954643845558167,
            -0.7498432397842407,
            0.1181890219449997
        ],
        [
            -0.0005091419443488121,
            -0.6767817139625549,
            0.1844247430562973
        ],
        [
            0.26064005494117737,
            -0.6470776200294495,
            0.07034078240394592
        ],
        [
            0.3273012936115265,
            -0.735800564289093,
            -0.1621115654706955
        ],
        [
            0.20805108547210693,
            -0.9249600172042847,
            -0.14712673425674438
        ],
        [
            0.14187775552272797,
            -0.6864036321640015,
            0.14243420958518982
        ],
        [
            0.1270092874765396,
            -0.8758751153945923,
            0.10696981102228165
        ],
        [
            0.01396916713565588,
            -0.2263404130935669,
            0.06017724424600601
        ],
        [
            0.1282823234796524,
            -0.653238832950592,
            0.1259710043668747
        ],
        [
            0.08653096854686737,
            -0.45337194204330444,
            0.11324077099561691
        ],
        [
            0.12228319048881531,
            -0.7707623243331909,
            0.06613390892744064
        ],
        [
            0.12466993927955627,
            -0.8940507173538208,
            0.11799269914627075
        ]
    ],
    "pred_vertices": [
        [
            0.1423277109861374,
            -0.8889082670211792,
            0.018640592694282532
        ],
        [
            0.1352885365486145,
            -0.8749876022338867,
            0.013809911906719208
        ],
        [
            0.14861030876636505,
            -0.871780514717102,
            0.018157247453927994
        ],
        [
            0.15619337558746338,
            -0.8816173076629639,
            0.026397719979286194
        ],
        [
            0.14336271584033966,
            -0.862739086151123,
            0.013306587934494019
        ],
        [
            0.13171881437301636,
            -0.86420738697052,
            0.010424993932247162
        ],
        [
            0.15838220715522766,
            -0.8650856614112854,
            0.025413181632757187
        ],
        [
            0.16587993502616882,
            -0.8720542192459106,
            0.03523595258593559
        ],
        [
            0.1686413735151291,
            -0.828270435333252,
            0.03217198699712753
        ],
        [
            0.17507478594779968,
            -0.8226865530014038,
            0.04009247198700905
        ],
        [
            0.17391091585159302,
            -0.8353348970413208,
            0.03891019523143768
        ],
        [
            0.1664355844259262,
            -0.8373740315437317,
            0.03230879455804825
        ],
        [
            0.16830788552761078,
            -0.8024401664733887,
            0.034251537173986435
        ],
        [
            0.15999077260494232,
            -0.793723464012146,
            0.02746836096048355
        ],
        [
            0.16512107849121094,
            -0.7839176654815674,
            0.03548387438058853
        ],
        [
            0.17255288362503052,
            -0.7920958995819092,
            0.04337142035365105
        ],
        [
            0.12225758284330368,
            -0.8086162805557251,
            0.01582595705986023
        ],
        [
            0.12774203717708588,
            -0.8020421266555786,
            0.014659516513347626
        ],
        [
            0.13161270320415497,
            -0.8087344169616699,
            0.014695007354021072
        ],
        [
            0.12544888257980347,
            -0.8144484758377075,
            0.016330979764461517
        ],
        [
            0.11123111099004745,
            -0.818476676940918,
            0.013462916016578674
        ],
        [
            0.1130528450012207,
            -0.8237121105194092,
            0.016828671097755432
        ],
        [
            0.10695841908454895,
            -0.827852725982666,
            0.01360546424984932
        ],
        [
            0.10555343329906464,
            -0.8219634890556335,
            0.009110715240240097
        ],
        [
            0.11719273030757904,
            -0.8032166957855225,
            0.016598977148532867
        ],
        [
            0.12313766032457352,
            -0.7964757680892944,
            0.01617440953850746
        ],
        [
            0.11724493652582169,
            -0.8141612410545349,
            0.01628364622592926
        ],
        [
            0.11463592946529388,
            -0.8099595308303833,
            0.01417277380824089
        ],
        [
            0.10859260708093643,
            -0.80471271276474,
            0.005045484751462936
        ],
        [
            0.11049602925777435,
            -0.8093510866165161,
            0.006302673369646072
        ],
        [
            0.10521134734153748,
            -0.810912013053894,
            0.0007547587156295776
        ],
        [
            0.10425254702568054,
            -0.8051904439926147,
            0.0014441795647144318
        ],
        [
            0.1140378788113594,
            -0.803493857383728,
            0.012651365250349045
        ],
        [
            0.11371858417987823,
            -0.8066093921661377,
            0.010189518332481384
        ],
        [
            0.1105847880244255,
            -0.8030654191970825,
            0.008484505116939545
        ],
        [
            0.11024630814790726,
            -0.8006296157836914,
            0.011674460023641586
        ],
        [
            0.10989192128181458,
            -0.8146864175796509,
            0.010572798550128937
        ],
        [
            0.10495178401470184,
            -0.8169447183609009,
            0.005035191774368286
        ],
        [
            0.09911271929740906,
            -0.8188633918762207,
            -0.00044522807002067566
        ],
        [
            0.09911900013685226,
            -0.8107966184616089,
            -0.004499860107898712
        ],
        [
            0.14002056419849396,
            -0.7882093191146851,
            0.017114441841840744
        ],
        [
            0.13409264385700226,
            -0.7954630851745605,
            0.014711122959852219
        ],
        [
            0.12925635278224945,
            -0.7904193997383118,
            0.015540417283773422
        ],
        [
            0.13463832437992096,
            -0.7846862077713013,
            0.01665307581424713
        ],
        [
            0.1125815212726593,
            -0.7971125245094299,
            0.014264583587646484
        ],
        [
            0.11623107641935349,
            -0.7814204692840576,
            0.012534871697425842
        ],
        [
            0.11641424149274826,
            -0.785155177116394,
            0.012342080473899841
        ],
        [
            0.10951710492372513,
            -0.7861915826797485,
            0.01039038971066475
        ],
        [
            0.11004763841629028,
            -0.782702624797821,
            0.01055087149143219
        ],
        [
            0.14738574624061584,
            -0.7732429504394531,
            0.023358505219221115
        ],
        [
            0.1407950222492218,
            -0.7723069190979004,
            0.020413313060998917
        ],
        [
            0.14202629029750824,
            -0.7651471495628357,
            0.022534970194101334
        ],
        [
            0.14828480780124664,
            -0.7645699977874756,
            0.026668615639209747
        ],
        [
            0.13999633491039276,
            -0.7592071294784546,
            0.02398977428674698
        ],
        [
            0.14783433079719543,
            -0.7563127279281616,
            0.02974409982562065
        ],
        [
            0.13925521075725555,
            -0.7419281005859375,
            0.031511805951595306
        ],
        [
            0.14368373155593872,
            -0.7481849193572998,
            0.030705582350492477
        ],
        [
            0.13624757528305054,
            -0.7534517049789429,
            0.02431861311197281
        ],
        [
            0.1303808093070984,
            -0.7484593391418457,
            0.022366296499967575
        ],
        [
            0.11661912500858307,
            -0.7535790205001831,
            0.017867229878902435
        ],
        [
            0.11038822680711746,
            -0.7523767948150635,
            0.016826385632157326
        ],
        [
            0.11537759751081467,
            -0.7402715682983398,
            0.017392177134752274
        ],
        [
            0.12253468483686447,
            -0.7434675097465515,
            0.01914891228079796
        ],
        [
            0.11749275773763657,
            -0.7751299142837524,
            0.016358964145183563
        ],
        [
            0.12197385728359222,
            -0.7751654982566833,
            0.018072906881570816
        ],
        [
            0.12161153554916382,
            -0.7767506837844849,
            0.015837762504816055
        ],
        [
            0.11680574715137482,
            -0.7780187129974365,
            0.013888794928789139
        ],
        [
            0.12578165531158447,
            -0.7748326063156128,
            0.018854256719350815
        ],
        [
            0.12756475806236267,
            -0.7744787335395813,
            0.01908717304468155
        ],
        [
            0.127057284116745,
            -0.7758578062057495,
            0.018062788993120193
        ],
        [
            0.12558002769947052,
            -0.775759220123291,
            0.018305830657482147
        ],
        [
            0.12350555509328842,
            -0.7753934860229492,
            0.018199753016233444
        ],
        [
            0.12250668555498123,
            -0.773462176322937,
            0.01791965961456299
        ],
        [
            0.12477827072143555,
            -0.7740554809570312,
            0.0185137577354908
        ],
        [
            0.11840733885765076,
            -0.7727395296096802,
            0.016111459583044052
        ],
        [
            0.10415423661470413,
            -0.7706106305122375,
            0.01182931661605835
        ],
        [
            0.10841771960258484,
            -0.7710835933685303,
            0.012195192277431488
        ],
        [
            0.10725189000368118,
            -0.7753318548202515,
            0.013486146926879883
        ],
        [
            0.10355179011821747,
            -0.775351881980896,
            0.013184469193220139
        ],
        [
            0.12473057955503464,
            -0.7780821323394775,
            0.016960885375738144
        ],
        [
            0.12753988802433014,
            -0.7793902158737183,
            0.016715895384550095
        ],
        [
            0.12296941876411438,
            -0.78227698802948,
            0.01454952359199524
        ],
        [
            0.12202882021665573,
            -0.7795171737670898,
            0.015412814915180206
        ],
        [
            0.13018833100795746,
            -0.7813249826431274,
            0.01603928580880165
        ],
        [
            0.1293710470199585,
            -0.777043342590332,
            0.01799730211496353
        ],
        [
            0.1322399377822876,
            -0.7777948379516602,
            0.017846040427684784
        ],
        [
            0.12703031301498413,
            -0.7727491855621338,
            0.0191136933863163
        ],
        [
            0.13000810146331787,
            -0.7709652185440063,
            0.019681576639413834
        ],
        [
            0.13029755651950836,
            -0.7736472487449646,
            0.018636852502822876
        ],
        [
            0.12796726822853088,
            -0.7677268981933594,
            0.019658278673887253
        ],
        [
            0.1244124248623848,
            -0.7708818912506104,
            0.018661536276340485
        ],
        [
            0.1203480213880539,
            -0.7691535353660583,
            0.01689794659614563
        ],
        [
            0.11504020541906357,
            -0.7676733136177063,
            0.014779839664697647
        ],
        [
            0.11820285767316818,
            -0.7626572847366333,
            0.01680019497871399
        ],
        [
            0.12382712960243225,
            -0.7648445963859558,
            0.018409281969070435
        ],
        [
            0.12492865324020386,
            -0.786148190498352,
            0.014766745269298553
        ],
        [
            0.13484853506088257,
            -0.7729929685592651,
            0.019430235028266907
        ],
        [
            0.13812904059886932,
            -0.779485821723938,
            0.018838532269001007
        ],
        [
            0.13500681519508362,
            -0.7681245803833008,
            0.020380157977342606
        ],
        [
            0.13310077786445618,
            -0.7635697722434998,
            0.021112699061632156
        ],
        [
            0.129008948802948,
            -0.7594319581985474,
            0.020720701664686203
        ],
        [
            0.12293652445077896,
            -0.7562759518623352,
            0.019236981868743896
        ],
        [
            0.12050949782133102,
            -0.7310253977775574,
            0.027390360832214355
        ],
        [
            0.12931497395038605,
            -0.7356846928596497,
            0.02864418737590313
        ],
        [
            0.13046889007091522,
            -0.8566673994064331,
            0.013342369347810745
        ],
        [
            0.13952253758907318,
            -0.8558609485626221,
            0.013387516140937805
        ],
        [
            0.14138466119766235,
            -0.8477598428726196,
            0.017840880900621414
        ],
        [
            0.14352713525295258,
            -0.8499933481216431,
            0.017397813498973846
        ],
        [
            0.13712358474731445,
            -0.851607620716095,
            0.015781406313180923
        ],
        [
            0.13678328692913055,
            -0.848924994468689,
            0.016878336668014526
        ],
        [
            0.1588083654642105,
            -0.8399736881256104,
            0.028734777122735977
        ],
        [
            0.15279912948608398,
            -0.8420078754425049,
            0.025770414620637894
        ],
        [
            0.1534704566001892,
            -0.8380422592163086,
            0.027154434472322464
        ],
        [
            0.16063541173934937,
            -0.8332469463348389,
            0.028880130499601364
        ],
        [
            0.14447319507598877,
            -0.8307580947875977,
            0.0219741053879261
        ],
        [
            0.14941202104091644,
            -0.8318157196044922,
            0.02404661476612091
        ],
        [
            0.14500533044338226,
            -0.8387637138366699,
            0.022649072110652924
        ],
        [
            0.14132560789585114,
            -0.8379265069961548,
            0.021226007491350174
        ],
        [
            0.13723255693912506,
            -0.8375242948532104,
            0.020135149359703064
        ],
        [
            0.1328396499156952,
            -0.8373730182647705,
            0.02021176740527153
        ],
        [
            0.13331088423728943,
            -0.8320960998535156,
            0.020495325326919556
        ],
        [
            0.13869760930538177,
            -0.8311822414398193,
            0.020786188542842865
        ],
        [
            0.13051949441432953,
            -0.8528288006782532,
            0.01647038385272026
        ],
        [
            0.12351816147565842,
            -0.8516724109649658,
            0.018719825893640518
        ],
        [
            0.12510551512241364,
            -0.8488348722457886,
            0.018961794674396515
        ],
        [
            0.13085836172103882,
            -0.8496599197387695,
            0.016800418496131897
        ],
        [
            0.11669285595417023,
            -0.8417632579803467,
            0.02600255236029625
        ],
        [
            0.11754652112722397,
            -0.8442531824111938,
            0.02478761225938797
        ],
        [
            0.11375988274812698,
            -0.8457717895507812,
            0.024820983409881592
        ],
        [
            0.11327585577964783,
            -0.8412059545516968,
            0.025607354938983917
        ],
        [
            0.11551608890295029,
            -0.8382927179336548,
            0.024727214127779007
        ],
        [
            0.11784777045249939,
            -0.8402119874954224,
            0.025143150240182877
        ],
        [
            0.13350103795528412,
            -0.9098660945892334,
            0.02391112968325615
        ],
        [
            0.12694041430950165,
            -0.8939547538757324,
            0.015594620257616043
        ],
        [
            0.15096086263656616,
            -0.9032570123672485,
            0.03147837519645691
        ],
        [
            0.16413947939872742,
            -0.8922837972640991,
            0.039414819329977036
        ],
        [
            0.17370343208312988,
            -0.8786311149597168,
            0.04665898159146309
        ],
        [
            0.15606388449668884,
            -0.7773306965827942,
            0.028566092252731323
        ],
        [
            0.15904009342193604,
            -0.768004298210144,
            0.03376667574048042
        ],
        [
            0.1698555201292038,
            -0.7747160792350769,
            0.04355693608522415
        ],
        [
            0.16904006898403168,
            -0.7640137672424316,
            0.04809235408902168
        ],
        [
            0.15811355412006378,
            -0.7572362422943115,
            0.03750746697187424
        ],
        [
            0.145525723695755,
            -0.7382386922836304,
            0.04331015795469284
        ],
        [
            0.15353292226791382,
            -0.7465490102767944,
            0.04071071743965149
        ],
        [
            0.16552209854125977,
            -0.7534087300300598,
            0.054318349808454514
        ],
        [
            0.17715150117874146,
            -0.7651901245117188,
            0.06707131862640381
        ],
        [
            0.1778368502855301,
            -0.7732417583465576,
            0.058968763798475266
        ],
        [
            0.18458741903305054,
            -0.7802873849868774,
            0.07849414646625519
        ],
        [
            0.17524942755699158,
            -0.7560533285140991,
            0.07914439588785172
        ],
        [
            0.18402837216854095,
            -0.7785894870758057,
            0.08750786632299423
        ],
        [
            0.1593570113182068,
            -0.7199438810348511,
            0.07744089514017105
        ],
        [
            0.16179397702217102,
            -0.7080137729644775,
            0.07945770025253296
        ],
        [
            0.17560157179832458,
            -0.7130565643310547,
            0.0902559757232666
        ],
        [
            0.1737462431192398,
            -0.7253351211547852,
            0.08744144439697266
        ],
        [
            0.1769358366727829,
            -0.7820183038711548,
            0.051697440445423126
        ],
        [
            0.17705059051513672,
            -0.8461476564407349,
            0.04660457372665405
        ],
        [
            0.17056934535503387,
            -0.8464823961257935,
            0.03676864132285118
        ],
        [
            0.18006348609924316,
            -0.8331131935119629,
            0.04863015189766884
        ],
        [
            0.18374601006507874,
            -0.9052984714508057,
            0.06908506155014038
        ],
        [
            0.172372967004776,
            -0.9007911682128906,
            0.054183777421712875
        ],
        [
            0.1816253513097763,
            -0.8854918479919434,
            0.057697128504514694
        ],
        [
            0.18973949551582336,
            -0.891508162021637,
            0.07202386856079102
        ],
        [
            0.15453346073627472,
            -0.9403205513954163,
            0.06844989955425262
        ],
        [
            0.1448836326599121,
            -0.9279937744140625,
            0.045022837817668915
        ],
        [
            0.15779516100883484,
            -0.9163786172866821,
            0.04935493692755699
        ],
        [
            0.1684969961643219,
            -0.9260858297348022,
            0.06747189164161682
        ],
        [
            0.19554664194583893,
            -0.8917980790138245,
            0.08403700590133667
        ],
        [
            0.2016603648662567,
            -0.8920249938964844,
            0.10230518877506256
        ],
        [
            0.19923396408557892,
            -0.9073729515075684,
            0.11076618731021881
        ],
        [
            0.19123311340808868,
            -0.9093404412269592,
            0.08903171867132187
        ],
        [
            0.18928156793117523,
            -0.9271674156188965,
            0.12132152915000916
        ],
        [
            0.18026737868785858,
            -0.9299114942550659,
            0.09505827724933624
        ],
        [
            0.18374958634376526,
            -0.7634758353233337,
            0.09761469811201096
        ],
        [
            0.18716058135032654,
            -0.7827596664428711,
            0.10032469034194946
        ],
        [
            0.17148920893669128,
            -0.7398145198822021,
            0.08276806771755219
        ],
        [
            0.18191950023174286,
            -0.7462929487228394,
            0.09703877568244934
        ],
        [
            0.17341288924217224,
            -0.9411655068397522,
            0.13065867125988007
        ],
        [
            0.16330161690711975,
            -0.9459640979766846,
            0.10049480944871902
        ],
        [
            0.20368748903274536,
            -0.8681672811508179,
            0.1512187272310257
        ],
        [
            0.20476779341697693,
            -0.8855828642845154,
            0.14357604086399078
        ],
        [
            0.20620881021022797,
            -0.8739027976989746,
            0.12607626616954803
        ],
        [
            0.20587699115276337,
            -0.8593274354934692,
            0.13468071818351746
        ],
        [
            0.19826437532901764,
            -0.8760330080986023,
