{
    "pred_cam": [
        2.3990182876586914,
        -0.011423399671912193,
        0.5813995599746704
    ],
    "pred_smpl_params": {
        "global_orient": [
            [
                [
                    0.9829504489898682,
                    0.15964341163635254,
                    -0.09122703969478607
                ],
                [
                    0.10637997090816498,
                    -0.8984408974647522,
                    -0.42601317167282104
                ],
                [
                    -0.14997230470180511,
                    0.40904513001441956,
                    -0.9001057147979736
                ]
            ]
        ],
        "body_pose": [
            [
                [
                    0.9500080347061157,
                    -0.3111894130706787,
                    -0.025414997711777687
                ],
                [
                    0.2455710917711258,
                    0.6944494843482971,
                    0.6763391494750977
                ],
                [
                    -0.19282016158103943,
                    -0.6487687826156616,
                    0.7361516952514648
                ]
            ],
            [
                [
                    0.9485160112380981,
                    0.3090763986110687,
                    0.06920376420021057
                ],
                [
                    -0.26074719429016113,
                    0.6379629969596863,
                    0.7245785593986511
                ],
                [
                    0.17980070412158966,
                    -0.7053190469741821,
                    0.6857089400291443
                ]
            ],
            [
                [
                    0.9989961385726929,
                    0.022375067695975304,
                    -0.03880688548088074
                ],
                [
                    -0.041415080428123474,
                    0.7914789319038391,
                    -0.6097916960716248
                ],
                [
                    0.017070703208446503,
                    0.6107867956161499,
                    0.7916110754013062
                ]
            ],
            [
                [
                    0.9875158667564392,
                    0.09358294308185577,
                    -0.12670683860778809
                ],
                [
                    -0.0895170122385025,
                    -0.32846322655677795,
                    -0.9402651190757751
                ],
                [
                    -0.1296113282442093,
                    0.9398691654205322,
                    -0.31598538160324097
                ]
            ],
            [
                [
                    0.9802255630493164,
                    -0.14112599194049835,
                    0.1387128382921219
                ],
                [
                    0.0865030437707901,
                    -0.3248640298843384,
                    -0.9417963624000549
                ],
                [
                    0.17797482013702393,
                    0.9351720213890076,
                    -0.306232213973999
                ]
            ],
            [
                [
                    0.9995793104171753,
                    -0.025790320709347725,
                    -0.013265189714729786
                ],
                [
                    0.02544502727687359,
                    0.9993491172790527,
                    -0.025571515783667564
                ],
                [
                    0.01391605380922556,
                    0.025223227217793465,
                    0.9995849132537842
                ]
            ],
            [
                [
                    0.9868631362915039,
                    -0.06090747192502022,
                    0.1496373414993286
                ],
                [
                    0.00695510720834136,
                    0.9413710832595825,
                    0.33730101585388184
                ],
                [
                    -0.1614084541797638,
                    -0.3318292200565338,
                    0.9294280409812927
                ]
            ],
            [
                [
                    0.978367030620575,
                    0.008857748471200466,
                    -0.20668689906597137
                ],
                [
                    0.04989637807011604,
                    0.9594846963882446,
                    0.2773076295852661
                ],
                [
                    0.20076923072338104,
                    -0.2816215753555298,
                    0.9382862448692322
                ]
            ],
            [
                [
                    0.9988906383514404,
                    -0.006994807627052069,
                    -0.04656754806637764
                ],
                [
                    0.003126529511064291,
                    0.9965754747390747,
                    -0.08262798190116882
                ],
                [
                    0.04698605090379715,
                    0.08239072561264038,
                    0.9954918026924133
                ]
            ],
            [
                [
                    0.9760817885398865,
                    -0.14181306958198547,
                    0.16478262841701508
                ],
                [
                    0.08509661257266998,
                    0.9467005133628845,
                    0.31067126989364624
                ],
                [
                    -0.20005705952644348,
                    -0.28921815752983093,
                    0.9361249208450317
                ]
            ],
            [
                [
                    0.9785403609275818,
                    0.1977265626192093,
                    -0.05799157917499542
                ],
                [
                    -0.17111413180828094,
                    0.9365572333335876,
                    0.30590933561325073
                ],
                [
                    0.11479883641004562,
                    -0.2894214391708374,
                    0.9502928853034973
                ]
            ],
            [
                [
                    0.9896767139434814,
                    -0.14272969961166382,
                    -0.0129693066701293
                ],
                [
                    0.1416488140821457,
                    0.9603689312934875,
                    0.24005632102489471
                ],
                [
                    -0.021807845681905746,
                    -0.239415243268013,
                    0.9706722497940063
                ]
            ],
            [
                [
                    0.8368536233901978,
                    0.4930538237094879,
                    -0.23785261809825897
                ],
                [
                    -0.5015409588813782,
                    0.8646860122680664,
                    0.027833903208374977
                ],
                [
                    0.21939145028591156,
                    0.09599993377923965,
                    0.9709023237228394
                ]
            ],
            [
                [
                    0.9228324890136719,
                    -0.36319345235824585,
                    0.12833833694458008
                ],
                [
                    0.3674876093864441,
                    0.9299670457839966,
                    -0.010687139816582203
                ],
                [
                    -0.11546891927719116,
                    0.05702518671751022,
                    0.9916728734970093
                ]
            ],
            [
                [
                    0.9948611855506897,
                    -0.0449984110891819,
                    0.09069938212633133
                ],
                [
                    0.05372748151421547,
                    0.9939090609550476,
                    -0.0962197333574295
                ],
                [
                    -0.08581719547510147,
                    0.10059832781553268,
                    0.9912192225456238
                ]
            ],
            [
                [
                    0.6196050643920898,
                    0.731590986251831,
                    -0.2843661904335022
                ],
                [
                    -0.7510955929756165,
                    0.6578279137611389,
                    0.05583769083023071
                ],
                [
                    0.22791437804698944,
                    0.17898887395858765,
                    0.9570882320404053
                ]
            ],
            [
                [
                    0.7162473797798157,
                    -0.6768078804016113,
                    0.17006099224090576
                ],
                [
                    0.6915521621704102,
                    0.721045196056366,
                    -0.04300390183925629
                ],
                [
                    -0.0935162901878357,
                    0.1484074741601944,
                    0.984494686126709
                ]
            ],
            [
                [
                    0.6693275570869446,
                    -0.2613470256328583,
                    -0.6954842209815979
                ],
                [
                    0.15140648186206818,
                    0.9644264578819275,
                    -0.2166971117258072
                ],
                [
                    0.7273765206336975,
                    0.03974052146077156,
                    0.6850868463516235
                ]
            ],
            [
                [
                    0.47621965408325195,
                    0.3240581452846527,
                    0.8174357414245605
                ],
                [
                    -0.2142001837491989,
                    0.9443642497062683,
                    -0.24958854913711548
                ],
                [
                    -0.8528382778167725,
                    -0.056235913187265396,
                    0.5191381573677063
                ]
            ],
            [
                [
                    0.9904839992523193,
                    -0.1245647668838501,
                    0.0585244745016098
                ],
                [
                    0.13280437886714935,
                    0.9766440391540527,
                    -0.16890650987625122
                ],
                [
                    -0.036117780953645706,
                    0.17507149279117584,
                    0.9838930368423462
                ]
            ],
            [
                [
                    0.9882370829582214,
                    0.13525652885437012,
                    -0.07136520743370056
                ],
                [
                    -0.14615756273269653,
                    0.9726589918136597,
                    -0.18047849833965302
                ],
                [
                    0.04500311240553856,
                    0.18878613412380219,
                    0.980986475944519
                ]
            ],
            [
                [
                    0.9785019159317017,
                    0.18181607127189636,
                    -0.09734858572483063
                ],
                [
                    -0.16090233623981476,
                    0.9682860970497131,
                    0.1911347508430481
                ],
                [
                    0.12901264429092407,
                    -0.17136213183403015,
                    0.9767244458198547
                ]
            ],
            [
                [
                    0.9768054485321045,
                    -0.18552172183990479,
                    0.1069239005446434
                ],
                [
                    0.162392258644104,
                    0.9673036932945251,
                    0.1948133409023285
                ],
                [
                    -0.13956999778747559,
                    -0.17293113470077515,
                    0.9749948382377625
                ]
            ]
        ],
        "betas": [
            0.20918847620487213,
            0.6855214238166809,
            0.09615206718444824,
            0.7995361089706421,
            -0.08510971069335938,
            -0.20902833342552185,
            -0.11661171913146973,
            0.2231060266494751,
            -0.038979753851890564,
            0.0893891453742981
        ]
    },
    "pred_cam_t": [
        -0.011423399671912193,
        0.5813995599746704,
        16.28270149230957
    ],
    "focal_length": [
        5000.0,
        5000.0
    ],
    "pred_keypoints_3d": [
        [
            0.008912280201911926,
            -0.8301175236701965,
            -0.183192640542984
        ],
        [
            0.04687202721834183,
            -0.7171941995620728,
            -0.01991087943315506
        ],
        [
            -0.13160547614097595,
            -0.640195906162262,
            0.053507257252931595
        ],
        [
            -0.23554828763008118,
            -0.423132061958313,
            0.1436304897069931
        ],
        [
            -0.3439449071884155,
            -0.2735603153705597,
            -0.038212135434150696
        ],
        [
            0.20570023357868195,
            -0.5818582773208618,
            -0.04255719482898712
        ],
        [
            0.2059904783964157,
            -0.3194423317909241,
            -0.007108546793460846
        ],
        [
            0.11907738447189331,
            -0.14784178137779236,
            -0.17208603024482727
        ],
        [
            -0.0027283593080937862,
            -0.22990140318870544,
            0.022635214030742645
        ],
        [
            -0.07817026227712631,
            -0.15327952802181244,
            0.0014897584915161133
        ],
        [
            -0.29764997959136963,
            -0.06525866687297821,
            -0.3105393052101135
        ],
        [
            -0.20198804140090942,
            0.2505056858062744,
            -0.07381793856620789
        ],
        [
            0.0469844788312912,
            -0.13779717683792114,
            -0.01640019193291664
        ],
        [
            0.13665784895420074,
            0.006045639514923096,
            -0.36051812767982483
        ],
        [
            0.060755982995033264,
            0.27860867977142334,
            -0.06932389736175537
        ],
        [
            -0.02086721360683441,
            -0.8668919205665588,
            -0.1418871283531189
        ],
        [
            0.044440075755119324,
            -0.8735626339912415,
            -0.15658962726593018
        ],
        [
            -0.03996121883392334,
            -0.8485037088394165,
            -0.04103050380945206
        ],
        [
            0.10308602452278137,
            -0.8620057106018066,
            -0.07352936267852783
        ],
        [
            0.10132384300231934,
            0.3902946710586548,
            -0.22953319549560547
        ],
        [
            0.15053251385688782,
            0.38356488943099976,
            -0.16247785091400146
        ],
        [
            0.055692244321107864,
            0.2819140553474426,
            -0.0014099180698394775
        ],
        [
            -0.30483150482177734,
            0.34168511629104614,
            -0.22008761763572693
        ],
        [
            -0.3352472484111786,
            0.3285524845123291,
            -0.1384735405445099
        ],
        [
            -0.17219854891300201,
            0.27255815267562866,
            -0.011006653308868408
        ],
        [
            -0.217690110206604,
            0.19149772822856903,
            -0.06839488446712494
        ],
        [
            -0.27553004026412964,
            -0.08900536596775055,
            -0.27989494800567627
        ],
        [
            -0.1318046599626541,
            -0.2624652683734894,
            0.08216843008995056
        ],
        [
            0.1423022747039795,
            -0.21533311903476715,
            0.04556795954704285
        ],
        [
            0.14440765976905823,
            -0.010789862833917141,
            -0.3381933569908142
        ],
        [
            0.07424657046794891,
            0.2350952923297882,
            -0.0699082538485527
        ],
        [
            -0.3197605609893799,
            -0.29784253239631653,
            -0.04742448776960373
        ],
        [
            -0.25678551197052,
            -0.45031875371932983,
            0.12266059219837189
        ],
        [
            -0.09927646815776825,
            -0.6694247126579285,
            0.04327945411205292
        ],
        [
            0.18811503052711487,
            -0.6245865821838379,
            -0.034832727164030075
        ],
        [
            0.2244008332490921,
            -0.3418809771537781,
            -0.0472891591489315
        ],
        [
            0.12404701858758926,
            -0.1666855663061142,
            -0.1766085922718048
        ],
        [
            0.04846515879034996,
            -0.7027415037155151,
            -0.02088494598865509
        ],
        [
            0.026742901653051376,
            -0.9083428978919983,
            -0.07381889969110489
        ],
        [
            0.004874160047620535,
            -0.23880326747894287,
            0.06306713819503784
        ],
        [
            0.043142907321453094,
            -0.6444047689437866,
            0.0021458000410348177
        ],
        [
            0.036643438041210175,
            -0.4819844961166382,
            0.06566870957612991
        ],
        [
            0.033421680331230164,
            -0.8017321228981018,
            -0.10774385929107666
        ],
        [
            0.022883223369717598,
            -0.9270363450050354,
            -0.06319078803062439
        ]
    ],
    "pred_vertices": [
        [
            0.05086825042963028,
            -0.919713020324707,
            -0.15881052613258362
        ],
        [
            0.04575927555561066,
            -0.9053143262863159,
            -0.16487717628479004
        ],
        [
            0.05839350074529648,
            -0.90309739112854,
            -0.1583152860403061
        ],
        [
            0.06462865322828293,
            -0.9139407873153687,
            -0.14962056279182434
        ],
        [
            0.05447062849998474,
            -0.8938406705856323,
            -0.1629439890384674
        ],
        [
            0.04316460341215134,
            -0.8944418430328369,
            -0.16708967089653015
        ],
        [
            0.0678785890340805,
            -0.8977841138839722,
            -0.1494695544242859
        ],
        [
            0.0741351991891861,
            -0.9048223495483398,
            -0.14001229405403137
        ],
        [
            0.07873645424842834,
            -0.8620964288711548,
            -0.13961149752140045
        ],
        [
            0.08503613620996475,
            -0.8570669889450073,
            -0.1311185359954834
        ],
        [
            0.08340286463499069,
            -0.8700931072235107,
            -0.1331983506679535
        ],
        [
            0.07657481729984283,
            -0.871213436126709,
            -0.1401815116405487
        ],
        [
            0.07982753217220306,
            -0.836233377456665,
            -0.13645195960998535
        ],
        [
            0.07266679406166077,
            -0.8265252113342285,
            -0.14359070360660553
        ],
        [
            0.077418252825737,
            -0.8174490332603455,
            -0.1349569857120514
        ],
        [
            0.08363159000873566,
            -0.8266729116439819,
            -0.12712880969047546
        ],
        [
            0.03592561557888985,
            -0.8383496999740601,
            -0.16010531783103943
        ],
        [
            0.04190005362033844,
            -0.8321285247802734,
            -0.16029158234596252
        ],
        [
            0.04521138593554497,
            -0.839113712310791,
            -0.15975558757781982
        ],
        [
            0.03860894590616226,
            -0.844474196434021,
            -0.15926609933376312
        ],
        [
            0.02495860680937767,
            -0.8476535677909851,
            -0.16474515199661255
        ],
        [
            0.026163747534155846,
            -0.8531181812286377,
            -0.16117271780967712
        ],
        [
            0.02036917209625244,
            -0.8568186163902283,
            -0.16569915413856506
        ],
        [
            0.019747551530599594,
            -0.8506238460540771,
            -0.1704006791114807
        ],
        [
            0.031115615740418434,
            -0.832566499710083,
            -0.1603097915649414
        ],
        [
            0.03749130293726921,
            -0.8260869979858398,
            -0.15988761186599731
        ],
        [
            0.030533036217093468,
            -0.8438225388526917,
            -0.16078384220600128
        ],
        [
            0.02856028452515602,
            -0.8392606377601624,
            -0.16327974200248718
        ],
        [
            0.024185437709093094,
            -0.8332441449165344,
            -0.1737024188041687
        ],
        [
            0.02549852803349495,
            -0.8380488157272339,
            -0.1721830815076828
        ],
        [
            0.020881440490484238,
            -0.8391473293304443,
            -0.1787688434123993
        ],
        [
            0.020167481154203415,
            -0.8333865404129028,
            -0.17799809575080872
        ],
        [
            0.028689540922641754,
            -0.8325634002685547,
            -0.1649162769317627
        ],
        [
            0.028407258912920952,
            -0.8356937170028687,
            -0.1676245927810669
        ],
        [
            0.025891616940498352,
            -0.8317665457725525,
            -0.16978874802589417
        ],
        [
            0.025367148220539093,
            -0.8293589353561401,
            -0.1665271371603012
        ],
        [
            0.024104420095682144,
            -0.8436344265937805,
            -0.1679767519235611
        ],
        [
            0.019842006266117096,
            -0.8454087972640991,
            -0.1745668649673462
        ],
        [
            0.014521807432174683,
            -0.8467259407043457,
            -0.18114936351776123
        ],
        [
            0.01547522097826004,
            -0.838416576385498,
            -0.1847962886095047
        ],
        [
            0.054595787078142166,
            -0.8190168738365173,
            -0.15597790479660034
        ],
        [
            0.048377685248851776,
            -0.8259451389312744,
            -0.159262552857399
        ],
        [
            0.04399118572473526,
            -0.8202081918716431,
            -0.15944141149520874
        ],
        [
            0.0496106818318367,
            -0.8148232698440552,
            -0.15749728679656982
        ],
        [
            0.027518244460225105,
            -0.8258800506591797,
            -0.16325809061527252
        ],
        [
            0.03239261358976364,
            -0.8097018003463745,
            -0.16425906121730804
        ],
        [
            0.03232441842556,
            -0.8137293457984924,
            -0.16460302472114563
        ],
        [
            0.02568577229976654,
            -0.8142096996307373,
            -0.16741085052490234
        ],
        [
            0.026379168033599854,
            -0.8105311393737793,
            -0.1669425517320633
        ],
        [
            0.06208916753530502,
            -0.8044025897979736,
            -0.14859744906425476
        ],
        [
            0.056264497339725494,
            -0.8028045892715454,
            -0.15253672003746033
        ],
        [
            0.05776503309607506,
            -0.7955835461616516,
            -0.14992962777614594
        ],
        [
            0.0632576197385788,
            -0.7957351207733154,
            -0.1449074149131775
        ],
        [
            0.05624687671661377,
            -0.7892298698425293,
            -0.1485084444284439
        ],
        [
            0.06332419812679291,
            -0.7872666120529175,
            -0.14152522385120392
        ],
        [
            0.055832020938396454,
            -0.771569013595581,
            -0.1401199847459793
        ],
        [
            0.059693071991205215,
            -0.7784995436668396,
            -0.14059951901435852
        ],
        [
            0.052918121218681335,
            -0.7829211950302124,
            -0.14839163422584534
        ],
        [
            0.04776671156287193,
            -0.7770611643791199,
            -0.15086618065834045
        ],
        [
            0.0340665727853775,
            -0.7812429666519165,
            -0.15703466534614563
        ],
        [
            0.027942221611738205,
            -0.779670238494873,
            -0.1588951200246811
        ],
        [
            0.033852942287921906,
            -0.7675800323486328,
            -0.15746386349201202
        ],
        [
            0.04068216681480408,
            -0.7713422179222107,
            -0.15479987859725952
        ],
        [
            0.03343988582491875,
            -0.8035256862640381,
            -0.15988370776176453
        ],
        [
            0.03771927207708359,
            -0.8038469552993774,
            -0.15766412019729614
        ],
        [
            0.03742961585521698,
            -0.8054310083389282,
            -0.16000723838806152
        ],
        [
            0.032786838710308075,
            -0.8062859773635864,
            -0.16257113218307495
        ],
        [
            0.04148957133293152,
            -0.8038253784179688,
            -0.15636694431304932
        ],
        [
            0.04324531555175781,
            -0.8037229776382446,
            -0.15582509338855743
        ],
        [
            0.04269987344741821,
            -0.8050684332847595,
            -0.15704220533370972
        ],
        [
            0.041183266788721085,
            -0.8048697710037231,
            -0.15695056319236755
        ],
        [
            0.039227742701768875,
            -0.8043100833892822,
            -0.15730051696300507
        ],
        [
            0.03841269016265869,
            -0.8022092580795288,
            -0.15752576291561127
        ],
        [
            0.04067278653383255,
            -0.8029442429542542,
            -0.15673908591270447
        ],
        [
            0.0346236415207386,
            -0.8010380268096924,
            -0.1597985029220581
        ],
        [
            0.02117244526743889,
            -0.7979525327682495,
            -0.16534729301929474
        ],
        [
            0.02514428086578846,
            -0.7986479997634888,
            -0.1645740568637848
        ],
        [
            0.02350526675581932,
            -0.8030908107757568,
            -0.16357624530792236
        ],
        [
            0.02009449154138565,
            -0.8028259873390198,
            -0.1642962098121643
        ],
        [
            0.040499597787857056,
            -0.8071457147598267,
            -0.1585637629032135
        ],
        [
            0.04302287474274635,
            -0.8087723255157471,
            -0.15854930877685547
        ],
        [
            0.03851113095879555,
            -0.8112995624542236,
            -0.1615142822265625
        ],
        [
            0.03773898258805275,
            -0.8083450794219971,
            -0.16063210368156433
        ],
        [
            0.045526131987571716,
            -0.8110693693161011,
            -0.158780038356781
        ],
        [
            0.044905103743076324,
            -0.8065418004989624,
            -0.15682479739189148
        ],
        [
            0.04788793995976448,
            -0.807517409324646,
            -0.15659934282302856
        ],
        [
            0.042901016771793365,
            -0.8018331527709961,
            -0.1557760089635849
        ],
        [
            0.045903053134679794,
            -0.8003389239311218,
            -0.15472717583179474
        ],
        [
            0.04606254771351814,
            -0.8031349182128906,
            -0.15583746135234833
        ],
        [
            0.04413498565554619,
            -0.7967433929443359,
            -0.15470963716506958
        ],
        [
            0.04043957591056824,
            -0.7996171712875366,
            -0.15636296570301056
        ],
        [
            0.03676009550690651,
            -0.797370195388794,
            -0.1585182547569275
        ],
        [
            0.03181331604719162,
            -0.7954109311103821,
            -0.16110754013061523
        ],
        [
            0.03510163724422455,
            -0.790546178817749,
            -0.15832538902759552
        ],
        [
            0.04029218479990959,
            -0.7933530807495117,
            -0.15617793798446655
        ],
        [
            0.04032420739531517,
            -0.8155006766319275,
            -0.16095329821109772
        ],
        [
            0.05050978437066078,
            -0.802855372428894,
            -0.1545403003692627
        ],
        [
            0.05326677858829498,
            -0.8098430633544922,
            -0.15478676557540894
        ],
        [
            0.05098718777298927,
            -0.7979168891906738,
            -0.15327861905097961
        ],
        [
            0.049369923770427704,
            -0.7930290699005127,
            -0.15246155858039856
        ],
        [
            0.04570647329092026,
            -0.788243293762207,
            -0.15315546095371246
        ],
        [
            0.03998124971985817,
            -0.7843745350837708,
            -0.15510807931423187
        ],
        [
            0.03845592215657234,
            -0.7589487433433533,
            -0.14609487354755402
        ],
        [
            0.04678816348314285,
            -0.7642278671264648,
            -0.1439531147480011
        ],
        [
            0.04206521064043045,
            -0.8872352242469788,
            -0.1636224091053009
        ],
        [
            0.05113905295729637,
            -0.8871874809265137,
            -0.16249088943004608
        ],
        [
            0.05290865898132324,
            -0.8793412446975708,
            -0.15781772136688232
        ],
        [
            0.054570045322179794,
            -0.8819637298583984,
            -0.15801602602005005
        ],
        [
            0.0486888624727726,
            -0.8828263282775879,
            -0.16028796136379242
        ],
        [
            0.04853980988264084,
            -0.8798598051071167,
            -0.15955673158168793
        ],
        [
            0.06923095136880875,
            -0.8732517957687378,
            -0.1448024958372116
        ],
        [
            0.06363014876842499,
            -0.874717116355896,
            -0.1485586166381836
        ],
        [
            0.06431262195110321,
            -0.8707212209701538,
            -0.14676813781261444
        ],
        [
            0.07123392820358276,
            -0.8663809299468994,
            -0.14382627606391907
        ],
        [
            0.056335363537073135,
            -0.8622090816497803,
            -0.15240219235420227
        ],
        [
            0.06099136546254158,
            -0.8638052344322205,
            -0.14971080422401428
        ],
        [
            0.05646727234125137,
            -0.8704847097396851,
            -0.15225934982299805
        ],
        [
            0.05300573259592056,
            -0.8693722486495972,
            -0.15408000349998474
        ],
        [
            0.04907728359103203,
            -0.8686555027961731,
            -0.15541519224643707
        ],
        [
            0.04480844736099243,
            -0.8681859374046326,
            -0.1558486819267273
        ],
        [
            0.04543495550751686,
            -0.8629752397537231,
            -0.15533316135406494
        ],
        [
            0.050754595547914505,
            -0.8623468279838562,
            -0.1543235331773758
        ],
        [
            0.041966646909713745,
            -0.883804440498352,
            -0.16049551963806152
        ],
        [
            0.03508852422237396,
            -0.882180392742157,
            -0.15895918011665344
        ],
        [
            0.03674408793449402,
            -0.8794901371002197,
            -0.1585623025894165
        ],
        [
            0.04253784939646721,
            -0.8804572820663452,
            -0.16013184189796448
        ],
        [
            0.028066549450159073,
            -0.872035562992096,
            -0.15185591578483582
        ],
        [
            0.028928302228450775,
            -0.8746028542518616,
            -0.15305978059768677
        ],
        [
            0.025082115083932877,
            -0.8757082223892212,
            -0.15383785963058472
        ],
        [
            0.02474142238497734,
            -0.8711163997650146,
            -0.1528666615486145
        ],
        [
            0.027191162109375,
            -0.8682544231414795,
            -0.15316422283649445
        ],
        [
            0.02936095930635929,
            -0.8704389333724976,
            -0.15239447355270386
        ],
        [
            0.04058950021862984,
            -0.9399938583374023,
            -0.15598231554031372
        ],
        [
            0.036048099398612976,
            -0.923296332359314,
            -0.16331391036510468
        ],
        [
            0.058065325021743774,
            -0.9345609545707703,
            -0.14556391537189484
        ],
        [
            0.07069046795368195,
            -0.9256139993667603,
            -0.13667775690555573
        ],
        [
            0.08063743263483047,
            -0.9127559661865234,
            -0.12864194810390472
        ],
        [
            0.06963430345058441,
            -0.8095699548721313,
            -0.14255550503730774
        ],
        [
            0.07247871905565262,
            -0.8004602789878845,
            -0.13660314679145813
        ],
        [
            0.08179249614477158,
            -0.8088080286979675,
            -0.12610243260860443
        ],
        [
            0.08140689879655838,
            -0.7975689768791199,
            -0.12108122557401657
        ],
        [
            0.07207850366830826,
            -0.7893959879875183,
            -0.13235315680503845
        ],
        [
            0.06025262922048569,
            -0.769257128238678,
            -0.12710212171077728
        ],
        [
            0.06791626662015915,
            -0.778285562992096,
            -0.12919877469539642
        ],
        [
            0.07804901897907257,
            -0.7863587737083435,
            -0.11465087532997131
        ],
        [
            0.08714552223682404,
            -0.8001101016998291,
            -0.10143586248159409
        ],
        [
            0.08847484737634659,
            -0.8083873391151428,
            -0.11042390018701553
        ],
        [
            0.0924137681722641,
            -0.8157814741134644,
            -0.08968543261289597
        ],
        [
            0.08427822589874268,
            -0.7913697957992554,
            -0.08876650035381317
        ],
        [
            0.09094874560832977,
            -0.8145040273666382,
            -0.08074870705604553
        ],
        [
            0.0704336017370224,
            -0.7495548725128174,
            -0.08630885183811188
        ],
        [
            0.07433563470840454,
            -0.7355830669403076,
            -0.08165974915027618
        ],
        [
            0.08874867856502533,
            -0.7438947558403015,
            -0.07238297164440155
        ],
        [
            0.08512921631336212,
            -0.7574216723442078,
            -0.07705360651016235
        ],
        [
            0.08744677156209946,
            -0.8172937631607056,
            -0.11837228387594223
        ],
        [
            0.08510538935661316,
            -0.8807297945022583,
            -0.12621551752090454
        ],
        [
            0.0799482986330986,
            -0.8804950714111328,
            -0.13644620776176453
        ],
        [
            0.08857447654008865,
            -0.8682498931884766,
            -0.12288476526737213
        ],
        [
            0.08563202619552612,
            -0.9387820959091187,
            -0.1080750823020935
        ],
        [
            0.0782041922211647,
            -0.9344081878662109,
            -0.12388930469751358
        ],
        [
            0.08674003183841705,
            -0.9199786186218262,
            -0.11805112659931183
        ],
        [
            0.09328967332839966,
            -0.9266037940979004,
            -0.10374459624290466
        ],
        [
            0.054428208619356155,
            -0.9706789255142212,
            -0.11232295632362366
        ],
        [
            0.048923928290605545,
            -0.9584064483642578,
            -0.13558648526668549
        ],
        [
            0.06247784197330475,
            -0.9481218457221985,
            -0.13019505143165588
        ],
        [
            0.06901952624320984,
            -0.9575181603431702,
            -0.11167672276496887
        ],
        [
            0.0967213362455368,
            -0.9277876615524292,
            -0.0912395566701889
        ],
        [
            0.10032340884208679,
            -0.9293227195739746,
            -0.0728582814335823
        ],
        [
            0.09677110612392426,
            -0.9455062747001648,
            -0.066387839615345
        ],
        [
            0.09050275385379791,
            -0.9443913698196411,
            -0.08814184367656708
        ],
        [
            0.08436331897974014,
            -0.9644409418106079,
            -0.0580735057592392
        ],
        [
            0.07788249105215073,
            -0.9645490646362305,
            -0.08433958142995834
        ],
        [
            0.09201188385486603,
            -0.8006192445755005,
            -0.07034311443567276
        ],
        [
            0.09277430176734924,
            -0.8190951943397522,
            -0.06822367012500763
        ],
        [
            0.08101918548345566,
            -0.7735370993614197,
            -0.08339177072048187
        ],
        [
            0.09198801964521408,
            -0.7823337912559509,
            -0.06984109431505203
        ],
        [
            0.06732837110757828,
            -0.9789544939994812,
            -0.05034811049699783
        ],
        [
            0.05944596230983734,
            -0.979899525642395,
            -0.08135869354009628
        ],
        [
            0.10053587704896927,
            -0.9073382616043091,
            -0.022375263273715973
        ],
        [
            0.10056949406862259,
            -0.9249309301376343,
            -0.031281180679798126
        ],
        [
            0.10409863293170929,
            -0.9122779369354248,
            -0.04739758372306824
        ],
        [
            0.10438238829374313,
            -0.8973956108093262,
            -0.037233904004096985
        ],
        [
