{
    "pred_cam": [
        1.8501160144805908,
        0.00434134341776371,
        0.5909104943275452
    ],
    "pred_smpl_params": {
        "global_orient": [
            [
                [
                    0.8498991131782532,
                    0.4513265788555145,
                    -0.27198484539985657
                ],
                [
                    0.2732801139354706,
                    -0.8188323378562927,
                    -0.5048084259033203
                ],
                [
                    -0.45054346323013306,
                    0.354708194732666,
                    -0.8192634582519531
                ]
            ]
        ],
        "body_pose": [
            [
                [
                    0.9985163807868958,
                    -0.054115261882543564,
                    -0.006050391588360071
                ],
                [
                    0.04689428210258484,
                    0.7981188297271729,
                    0.6006724238395691
                ],
                [
                    -0.02767660841345787,
                    -0.6000649333000183,
                    0.799472451210022
                ]
            ],
            [
                [
                    0.9800458550453186,
                    0.19291424751281738,
                    0.04789714887738228
                ],
                [
                    -0.19189505279064178,
                    0.8554304838180542,
                    0.48105594515800476
                ],
                [
                    0.05182987451553345,
                    -0.4806481599807739,
                    0.8753803968429565
                ]
            ],
            [
                [
                    0.9999479055404663,
                    0.002179464092478156,
                    -0.009979714639484882
                ],
                [
                    -0.005860188510268927,
                    0.922609806060791,
                    -0.3856901228427887
                ],
                [
                    0.0083667803555727,
                    0.3857284486293793,
                    0.922574520111084
                ]
            ],
            [
                [
                    0.976253867149353,
                    0.15955817699432373,
                    -0.14652444422245026
                ],
                [
                    -0.13667751848697662,
                    -0.0710911825299263,
                    -0.988061249256134
                ],
                [
                    -0.16806983947753906,
                    0.9846253991127014,
                    -0.04759502783417702
                ]
            ],
            [
                [
                    0.9799401164054871,
                    -0.06552086770534515,
                    0.18821343779563904
                ],
                [
                    0.18831123411655426,
                    -0.0047357091680169106,
                    -0.9820979833602905
                ],
                [
                    0.06523926556110382,
                    0.9978399872779846,
                    0.007697603665292263
                ]
            ],
            [
                [
                    0.9962060451507568,
                    -0.08460921049118042,
                    -0.020365580916404724
                ],
                [
                    0.08518266677856445,
                    0.9959384799003601,
                    0.029163014143705368
                ],
                [
                    0.017815405502915382,
                    -0.030787166208028793,
                    0.9993671774864197
                ]
            ],
            [
                [
                    0.945073127746582,
                    -0.13665972650051117,
                    0.2969191372394562
                ],
                [
                    0.047621726989746094,
                    0.9562772512435913,
                    0.28855857253074646
                ],
                [
                    -0.3233713209629059,
                    -0.2585691511631012,
                    0.9102599024772644
                ]
            ],
            [
                [
                    0.9474965929985046,
                    0.028853977099061012,
                    -0.31846150755882263
                ],
                [
                    0.03790087625384331,
                    0.9787664413452148,
                    0.20144431293010712
                ],
                [
                    0.3175118863582611,
                    -0.2029377520084381,
                    0.9262842535972595
                ]
            ],
            [
                [
                    0.9977164268493652,
                    -0.056747134774923325,
                    -0.03662874922156334
                ],
                [
                    0.05650072917342186,
                    0.9983726143836975,
                    -0.007728260476142168
                ],
                [
                    0.03700770065188408,
                    0.005641060881316662,
                    0.9992989897727966
                ]
            ],
            [
                [
                    0.9984501004219055,
                    -0.05564495548605919,
                    0.0010095961624756455
                ],
                [
                    0.0552348755300045,
                    0.9929880499839783,
                    0.10451705008745193
                ],
                [
                    -0.006818364840000868,
                    -0.10429929941892624,
                    0.9945225715637207
                ]
            ],
            [
                [
                    0.9923992156982422,
                    0.0917542427778244,
                    0.08200638741254807
                ],
                [
                    -0.1046789363026619,
                    0.9797762036323547,
                    0.17053110897541046
                ],
                [
                    -0.06470095366239548,
                    -0.17781926691532135,
                    0.9819338917732239
                ]
            ],
            [
                [
                    0.9932313561439514,
                    -0.10720329731702805,
                    0.0447089746594429
                ],
                [
                    0.11248119175434113,
                    0.9837408065795898,
                    -0.14000730216503143
                ],
                [
                    -0.028972795233130455,
                    0.14408856630325317,
                    0.9891405701637268
                ]
            ],
            [
                [
                    0.8790174722671509,
                    -0.06610468029975891,
                    -0.47218453884124756
                ],
                [
                    0.17506729066371918,
                    0.9659156203269958,
                    0.19067898392677307
                ],
                [
                    0.44348564743995667,
                    -0.25027427077293396,
                    0.8606294989585876
                ]
            ],
            [
                [
                    0.9103071093559265,
                    0.04032353684306145,
                    0.4119647443294525
                ],
                [
                    -0.1236267164349556,
                    0.976304292678833,
                    0.17761288583278656
                ],
                [
                    -0.39504095911979675,
                    -0.212612122297287,
                    0.8937218189239502
                ]
            ],
            [
                [
                    0.9977815747261047,
                    -0.04247639700770378,
                    0.05126109719276428
                ],
                [
                    0.05116020515561104,
                    0.9819377660751343,
                    -0.18215632438659668
                ],
                [
                    -0.04259786009788513,
                    0.18437474966049194,
                    0.981932520866394
                ]
            ],
            [
                [
                    0.7746495008468628,
                    0.17440590262413025,
                    -0.6078658103942871
                ],
                [
                    0.04952827841043472,
                    0.9415339231491089,
                    0.3332580626010895
                ],
                [
                    0.6304484009742737,
                    -0.28826475143432617,
                    0.7207207679748535
                ]
            ],
            [
                [
                    0.8822107315063477,
                    -0.20848864316940308,
                    0.4221808910369873
                ],
                [
                    0.08761246502399445,
                    0.9536533951759338,
                    0.2878701686859131
                ],
                [
                    -0.4626319408416748,
                    -0.21697385609149933,
                    0.8595894575119019
                ]
            ],
            [
                [
                    0.23015715181827545,
                    -0.19582049548625946,
                    -0.9532480835914612
                ],
                [
                    0.44221046566963196,
                    0.8936170339584351,
                    -0.07680125534534454
                ],
                [
                    0.866878092288971,
                    -0.4038599133491516,
                    0.29226621985435486
                ]
            ],
            [
                [
                    0.3499881625175476,
                    0.22572825849056244,
                    0.9091507196426392
                ],
                [
                    -0.4888518452644348,
                    0.8719079494476318,
                    -0.028292208909988403
                ],
                [
                    -0.7990820407867432,
                    -0.4345380961894989,
                    0.41550514101982117
                ]
            ],
            [
                [
                    0.9820123314857483,
                    -0.18407130241394043,
                    -0.04206575080752373
                ],
                [
                    0.1717432588338852,
                    0.9633421897888184,
                    -0.20609740912914276
                ],
                [
                    0.07846032828092575,
                    0.1951656937599182,
                    0.9776269197463989
                ]
            ],
            [
                [
                    0.9889511466026306,
                    0.14654281735420227,
                    0.022378694266080856
                ],
                [
                    -0.14169223606586456,
                    0.9788011908531189,
                    -0.14789026975631714
                ],
                [
                    -0.043576549738645554,
                    0.14308536052703857,
                    0.9887505173683167
                ]
            ],
            [
                [
                    0.9944144487380981,
                    0.09641097486019135,
                    -0.042953651398420334
                ],
                [
                    -0.09643819183111191,
                    0.9953379034996033,
                    0.0014425470726564527
                ],
                [
                    0.04289247840642929,
                    0.002707883482798934,
                    0.9990760684013367
                ]
            ],
            [
                [
                    0.994661808013916,
                    -0.09605543315410614,
                    0.037699345499277115
                ],
                [
                    0.09491216391324997,
                    0.9950018525123596,
                    0.031030794605612755
                ],
                [
                    -0.04049159958958626,
                    -0.027287019416689873,
                    0.9988071918487549
                ]
            ]
        ],
        "betas": [
            -0.018908947706222534,
            0.003127366304397583,
            0.006274789571762085,
            0.0057582855224609375,
            0.053105056285858154,
            -0.10894184559583664,
            -0.05453482270240784,
            0.016250014305114746,
            0.03169374167919159,
            0.006962627172470093
        ]
    },
    "pred_cam_t": [
        0.00434134341776371,
        0.5909104943275452,
        21.113540649414062
    ],
    "focal_length": [
        5000.0,
        5000.0
    ],
    "pred_keypoints_3d": [
        [
            0.09752816706895828,
            -0.7948565483093262,
            -0.012953873723745346
        ],
        [
            0.16349267959594727,
            -0.6824333071708679,
            0.12795594334602356
        ],
        [
            -0.00432712584733963,
            -0.6570284962654114,
            0.18379095196723938
        ],
        [
            -0.23834431171417236,
            -0.7200159430503845,
            0.10485683381557465
        ],
        [
            -0.21064837276935577,
            -0.9388535022735596,
            -0.023469477891921997
        ],
        [
            0.27762699127197266,
            -0.6205161809921265,
            0.012431055307388306
        ],
        [
            0.2858305871486664,
            -0.7030295133590698,
            -0.23529353737831116
        ],
        [
            0.17674946784973145,
            -0.9233343005180359,
            -0.19513390958309174
        ],
        [
            -0.0017496799118816853,
            -0.2230314016342163,
            0.028168274089694023
        ],
        [
            -0.09900736063718796,
            -0.16531041264533997,
            0.030249828472733498
        ],
        [
            -0.3872840702533722,
            -0.01846526563167572,
            -0.1768067479133606
        ],
        [
            -0.33899280428886414,
            0.3020787239074707,
            0.058168575167655945
        ],
        [
            0.01815539039671421,
            -0.1257374882698059,
            -0.029976578429341316
        ],
        [
            -0.13106858730316162,
            0.023819342255592346,
            -0.3414587378501892
        ],
        [
            -0.1764111965894699,
            0.3266928195953369,
            -0.08415031433105469
        ],
        [
            0.08017712831497192,
            -0.8330203890800476,
            0.031583115458488464
        ],
        [
            0.14005360007286072,
            -0.8353806734085083,
            0.002232484519481659
        ],
        [
            0.08374687284231186,
            -0.8170346021652222,
            0.13625065982341766
        ],
        [
            0.2160206288099289,
            -0.8232817649841309,
            0.07010595500469208
        ],
        [
            -0.24235421419143677,
            0.41987061500549316,
            -0.24722179770469666
        ],
        [
            -0.16863232851028442,
            0.43286967277526855,
            -0.21298401057720184
        ],
        [
            -0.15174563229084015,
            0.3426656723022461,
            -0.02116146683692932
        ],
        [
            -0.47902485728263855,
            0.3854323625564575,
            -0.05225685238838196
        ],
        [
            -0.4953001141548157,
            0.35665977001190186,
            0.02686479687690735
        ],
        [
            -0.3046737313270569,
            0.32866305112838745,
            0.11980006098747253
        ],
        [
            -0.3383145034313202,
            0.24307265877723694,
            0.06425370275974274
        ],
        [
            -0.3565836250782013,
            -0.048877883702516556,
            -0.15915602445602417
        ],
        [
            -0.10927055776119232,
            -0.27649903297424316,
            0.12136275321245193
        ],
        [
            0.14326637983322144,
            -0.17594042420387268,
            -0.00540758203715086
        ],
        [
            -0.1057911068201065,
            0.009185192175209522,
            -0.3286265730857849
        ],
        [
            -0.1495915800333023,
            0.29069966077804565,
            -0.08592665195465088
        ],
        [
            -0.1798231154680252,
            -0.9221960306167603,
            -0.01330687664449215
        ],
        [
            -0.22093765437602997,
            -0.7462290525436401,
            0.12634500861167908
        ],
        [
            0.029557032510638237,
            -0.6733609437942505,
            0.18354523181915283
        ],
        [
            0.27561062574386597,
            -0.6423069834709167,
            0.039462435990571976
        ],
        [
            0.3050326704978943,
            -0.7260138988494873,
            -0.20230892300605774
        ],
        [
            0.18787634372711182,
            -0.9156680107116699,
            -0.17825214564800262
        ],
        [
            0.1665162891149521,
            -0.6828176379203796,
            0.12606337666511536
        ],
        [
            0.14516079425811768,
            -0.8731014132499695,
            0.08743835985660553
        ],
        [
            0.01720701903104782,
            -0.22637397050857544,
            0.05817314237356186
        ],
        [
            0.15072016417980194,
            -0.6491037011146545,
            0.11075423657894135
        ],
        [
            0.1073758453130722,
            -0.4493236541748047,
            0.10476015508174896
        ],
        [
            0.1361098736524582,
            -0.765637993812561,
            0.052386801689863205
        ],
        [
            0.1441497802734375,
            -0.8916332721710205,
            0.09765923768281937
        ]
    ],
    "pred_vertices": [
        [
            0.14915940165519714,
            -0.8820047974586487,
            -0.002640850841999054
        ],
        [
            0.14162549376487732,
            -0.8678402304649353,
            -0.005797542631626129
        ],
        [
            0.15550115704536438,
            -0.864898681640625,
            -0.003088712692260742
        ],
        [
            0.1639157086610794,
            -0.8750677108764648,
            0.0036348477005958557
        ],
        [
            0.1496608406305313,
            -0.8555755615234375,
            -0.006793774664402008
        ],
        [
            0.1377280354499817,
            -0.8568440675735474,
            -0.008218064904212952
        ],
        [
            0.1661461740732193,
            -0.858525276184082,
            0.0031298398971557617
        ],
        [
            0.17467153072357178,
            -0.8659287691116333,
            0.011570684611797333
        ],
        [
            0.1770981401205063,
            -0.8218985795974731,
            0.010384149849414825
        ],
        [
            0.18452772498130798,
            -0.8168308734893799,
            0.01755732297897339
        ],
        [
            0.18336090445518494,
            -0.8294371366500854,
            0.01595676690340042
        ],
        [
            0.17512094974517822,
            -0.8311216235160828,
            0.010296657681465149
        ],
        [
            0.17738044261932373,
            -0.7962150573730469,
            0.013643212616443634
        ],
        [
            0.16833145916461945,
            -0.7871211767196655,
            0.00843297690153122
        ],
        [
            0.1745343655347824,
            -0.7777313590049744,
            0.01612813025712967
        ],
        [
            0.18287776410579681,
            -0.7862974405288696,
            0.02256862074136734
        ],
        [
            0.12928950786590576,
            -0.8013474941253662,
            0.0011349618434906006
        ],
        [
            0.134645015001297,
            -0.794736385345459,
            -0.00045154988765716553
        ],
        [
            0.1384240984916687,
            -0.8014343976974487,
            -0.0012120120227336884
        ],
        [
            0.13247549533843994,
            -0.8071911334991455,
            0.0009614564478397369
        ],
        [
            0.11810168623924255,
            -0.8111512064933777,
            -0.00026422739028930664
        ],
        [
            0.12031170725822449,
            -0.8165420889854431,
            0.002593621611595154
        ],
        [
            0.11382998526096344,
            -0.8205187916755676,
            -3.334134817123413e-05
        ],
        [
            0.11190443485975266,
            -0.8144299983978271,
            -0.004035815596580505
        ],
        [
            0.1244167760014534,
            -0.7959755063056946,
            0.0028380565345287323
        ],
        [
            0.13032697141170502,
            -0.7892305254936218,
            0.0018990002572536469
        ],
        [
            0.1243417039513588,
            -0.8068932294845581,
            0.0019902847707271576
        ],
        [
            0.12162688374519348,
            -0.8026723861694336,
            0.0004017166793346405
        ],
        [
            0.11451873183250427,
            -0.7969975471496582,
            -0.007646989077329636
        ],
        [
            0.11652834713459015,
            -0.801700234413147,
            -0.006863780319690704
        ],
        [
            0.11057453602552414,
            -0.8029722571372986,
            -0.011753443628549576
        ],
        [
            0.10976257175207138,
            -0.7972890734672546,
            -0.010680992156267166
        ],
        [
            0.12090268731117249,
            -0.7961248159408569,
            -0.0007282532751560211
        ],
        [
            0.12024779617786407,
            -0.7991364002227783,
            -0.003283213824033737
        ],
        [
            0.11696109175682068,
            -0.795508086681366,
            -0.004408333450555801
        ],
        [
            0.11704952269792557,
            -0.793202817440033,
            -0.0010870546102523804
        ],
        [
            0.11643949151039124,
            -0.8072024583816528,
            -0.0027851127088069916
        ],
        [
            0.11082726716995239,
            -0.8092080354690552,
            -0.007771514356136322
        ],
        [
            0.10433052480220795,
            -0.8108533620834351,
            -0.012542203068733215
        ],
        [
            0.10388965159654617,
            -0.8026452660560608,
            -0.01619931310415268
        ],
        [
            0.14728377759456635,
            -0.7810608148574829,
            0.0009922832250595093
        ],
        [
            0.14100779592990875,
            -0.788150429725647,
            -0.0009400025010108948
        ],
        [
            0.13639360666275024,
            -0.7831453680992126,
            0.000728849321603775
        ],
        [
            0.14192859828472137,
            -0.7774791717529297,
            0.001370839774608612
        ],
        [
            0.11974120140075684,
            -0.7898228168487549,
            0.001356758177280426
        ],
        [
            0.12329365313053131,
            -0.774074912071228,
            -9.317323565483093e-05
        ],
        [
            0.12341947108507156,
            -0.7778040170669556,
            -0.0004920437932014465
        ],
        [
            0.1163264662027359,
            -0.7787328958511353,
            -0.0015814006328582764
        ],
        [
            0.11689984053373337,
            -0.7752436995506287,
            -0.0013212598860263824
        ],
        [
            0.1555124819278717,
            -0.7664211988449097,
            0.006878633052110672
        ],
        [
            0.14862146973609924,
            -0.7653265595436096,
            0.004837565124034882
        ],
        [
            0.15016630291938782,
            -0.7582919001579285,
            0.007111717015504837
        ],
        [
            0.15688355267047882,
            -0.757964551448822,
            0.010445721447467804
        ],
        [
            0.1483604907989502,
            -0.752500593662262,
            0.009085357189178467
        ],
        [
            0.1568956971168518,
            -0.7499415874481201,
            0.013920221477746964
        ],
        [
            0.14871564507484436,
            -0.7356109619140625,
            0.017390817403793335
        ],
        [
            0.15296106040477753,
            -0.7418830394744873,
            0.01577157899737358
        ],
        [
            0.14471308887004852,
            -0.7467724084854126,
            0.010188732296228409
        ],
        [
            0.13866481184959412,
            -0.7416827082633972,
            0.00929092988371849
        ],
        [
            0.12444959580898285,
            -0.7464308142662048,
            0.006472148001194
        ],
        [
            0.1181713119149208,
            -0.7451763153076172,
            0.006321553140878677
        ],
        [
            0.12326464056968689,
            -0.7331318855285645,
            0.00671783834695816
        ],
        [
            0.13052314519882202,
            -0.7365220785140991,
            0.007374323904514313
        ],
        [
            0.12496203184127808,
            -0.7678976058959961,
            0.003861166536808014
        ],
        [
            0.12962564826011658,
            -0.7680181264877319,
            0.004955518990755081
        ],
        [
            0.12897148728370667,
            -0.7694888114929199,
            0.0027060657739639282
        ],
        [
            0.12394813448190689,
            -0.7706398963928223,
            0.0013545192778110504
        ],
        [
            0.1335163116455078,
            -0.76771479845047,
            0.005212903022766113
        ],
        [
            0.1353224217891693,
            -0.767379641532898,
            0.005214415490627289
        ],
        [
            0.13467057049274445,
            -0.7687027454376221,
            0.004204414784908295
        ],
        [
            0.13322031497955322,
            -0.7685794830322266,
            0.004661139100790024
        ],
        [
            0.13114960491657257,
            -0.7682178616523743,
            0.004860956221818924
        ],
        [
            0.1301276534795761,
            -0.7662832736968994,
            0.004829335957765579
        ],
        [
            0.1324792355298996,
            -0.7669311761856079,
            0.005061298608779907
        ],
        [
            0.12584100663661957,
            -0.7654649615287781,
            0.0036159083247184753
        ],
        [
            0.11133731156587601,
            -0.7632373571395874,
            0.001298908144235611
        ],
        [
            0.11548220366239548,
            -0.7636450529098511,
            0.0011118948459625244
        ],
        [
            0.11445651948451996,
            -0.7679517269134521,
            0.002372104674577713
        ],
        [
            0.11089025437831879,
            -0.7680408954620361,
            0.0025263093411922455
        ],
        [
            0.13229529559612274,
            -0.7709122896194458,
            0.0032969824969768524
        ],
        [
            0.1349417120218277,
            -0.7721835374832153,
            0.002640414983034134
        ],
        [
            0.13011185824871063,
            -0.774958610534668,
            0.0009759031236171722
        ],
        [
            0.1293031871318817,
            -0.7722383737564087,
            0.0020916685461997986
        ],
        [
            0.13745632767677307,
            -0.7740733623504639,
            0.0015187561511993408
        ],
        [
            0.13695892691612244,
            -0.769895613193512,
            0.003771010786294937
        ],
        [
            0.1398705095052719,
            -0.7707216739654541,
            0.003152325749397278
        ],
        [
            0.13480287790298462,
            -0.765656590461731,
            0.005407072603702545
        ],
        [
            0.13785000145435333,
            -0.7639093399047852,
            0.00562942773103714
        ],
        [
            0.13798455893993378,
            -0.7665347456932068,
            0.004425078630447388
        ],
        [
            0.1358339637517929,
            -0.7606836557388306,
            0.006067689508199692
        ],
        [
            0.13215112686157227,
            -0.7637775540351868,
            0.005420021712779999
        ],
        [
            0.12790468335151672,
            -0.7619600296020508,
            0.004300031810998917
        ],
        [
            0.12238956987857819,
            -0.7603663206100464,
            0.0029656700789928436
        ],
        [
            0.1258147656917572,
            -0.7554623484611511,
            0.004788961261510849
        ],
        [
            0.131576806306839,
            -0.7577441334724426,
            0.0055375173687934875
        ],
        [
            0.13214896619319916,
            -0.7789196968078613,
            0.0007264167070388794
        ],
        [
            0.14259831607341766,
            -0.7659257650375366,
            0.004597757011651993
        ],
        [
            0.14570651948451996,
            -0.7723994851112366,
            0.003292188048362732
        ],
        [
            0.14291545748710632,
            -0.7611160278320312,
            0.00574759766459465
        ],
        [
            0.14114436507225037,
            -0.7566197514533997,
            0.006966378539800644
        ],
        [
            0.13703779876232147,
            -0.7525322437286377,
            0.007360056042671204
        ],
        [
            0.13085702061653137,
            -0.7492055892944336,
            0.006863709539175034
        ],
        [
            0.12969516217708588,
            -0.7243366241455078,
            0.016255859285593033
        ],
        [
            0.13851405680179596,
            -0.7292028665542603,
            0.01612178236246109
        ],
        [
            0.13687603175640106,
            -0.8493543267250061,
            -0.004707038402557373
        ],
        [
            0.1458830088376999,
            -0.8485683798789978,
            -0.005840010941028595
        ],
        [
            0.14833755791187286,
            -0.8406542539596558,
            -0.0012751221656799316
        ],
        [
            0.150242418050766,
            -0.8427888751029968,
            -0.0020757094025611877
        ],
        [
            0.14383292198181152,
            -0.8444222211837769,
            -0.0029511600732803345
        ],
        [
            0.1436423808336258,
            -0.8417450189590454,
            -0.0016945451498031616
        ],
        [
            0.16702599823474884,
            -0.8334230184555054,
            0.007616683840751648
        ],
        [
            0.1606849879026413,
            -0.8352848291397095,
            0.005369260907173157
        ],
        [
            0.16156472265720367,
            -0.8314112424850464,
            0.006841413676738739
        ],
        [
            0.16889233887195587,
            -0.8267297148704529,
            0.007828697562217712
        ],
        [
            0.15205127000808716,
            -0.8238667249679565,
            0.0032943636178970337
        ],
        [
            0.1571790874004364,
            -0.8250553607940674,
            0.004627548158168793
        ],
        [
            0.15257082879543304,
            -0.8318625092506409,
            0.0034739673137664795
        ],
        [
            0.14876645803451538,
            -0.8309386968612671,
            0.002588927745819092
        ],
        [
            0.14458554983139038,
            -0.8304829597473145,
            0.0020810142159461975
        ],
        [
            0.14025679230690002,
            -0.8303618431091309,
            0.0027096420526504517
        ],
        [
            0.1408158242702484,
            -0.8250910043716431,
            0.0032170936465263367
        ],
        [
            0.14618313312530518,
            -0.8242014646530151,
            0.0028652846813201904
        ],
        [
            0.1373346447944641,
            -0.8456239700317383,
            -0.0014505311846733093
        ],
        [
            0.13070546090602875,
            -0.8445897102355957,
            0.001738622784614563
        ],
        [
            0.13234254717826843,
            -0.8417475819587708,
            0.0019124746322631836
        ],
        [
            0.13774658739566803,
            -0.8424740433692932,
            -0.0010142624378204346
        ],
        [
            0.12501177191734314,
            -0.8350274562835693,
            0.010365553200244904
        ],
        [
            0.12568090856075287,
            -0.8374617099761963,
            0.008910991251468658
        ],
        [
            0.12190993130207062,
            -0.8389701843261719,
            0.009371988475322723
        ],
        [
            0.12157226353883743,
            -0.8344342112541199,
            0.010440807789564133
        ],
        [
            0.12372975796461105,
            -0.8314785361289978,
            0.009426452219486237
        ],
        [
            0.12607663869857788,
            -0.833415150642395,
            0.009446211159229279
        ],
        [
            0.14075995981693268,
            -0.9030458331108093,
            0.0027522146701812744
        ],
        [
            0.13344009220600128,
            -0.8869034051895142,
            -0.003909550607204437
        ],
        [
            0.15919408202171326,
            -0.8969544768333435,
            0.008246108889579773
        ],
        [
            0.1732865869998932,
            -0.8863809704780579,
            0.015058957040309906
        ],
        [
            0.18376074731349945,
            -0.8731256127357483,
            0.02153608202934265
        ],
        [
            0.16473756730556488,
            -0.7707873582839966,
            0.010746248066425323
        ],
        [
            0.16841426491737366,
            -0.7617639303207397,
            0.01594790816307068
        ],
        [
            0.1803792119026184,
            -0.7689704895019531,
            0.023933857679367065
        ],
        [
            0.18028302490711212,
            -0.7585112452507019,
            0.028978880494832993
        ],
        [
            0.1680920571088791,
            -0.7512562274932861,
            0.020246434956789017
        ],
        [
            0.1565473973751068,
            -0.7324808835983276,
            0.02820245921611786
        ],
        [
            0.1640702486038208,
            -0.7407649159431458,
            0.02436881512403488
        ],
        [
            0.17774713039398193,
            -0.7482159733772278,
            0.035929858684539795
        ],
        [
            0.19093242287635803,
            -0.7605044841766357,
            0.046543557196855545
        ],
        [
            0.19046156108379364,
            -0.7683224678039551,
            0.03813863545656204
        ],
        [
            0.1996711790561676,
            -0.7761430740356445,
            0.05634591728448868
        ],
        [
            0.19080385565757751,
            -0.7519136667251587,
            0.05890936031937599
        ],
        [
            0.20034624636173248,
            -0.7748270034790039,
            0.06541251391172409
        ],
        [
            0.1752360612154007,
            -0.7159675359725952,
            0.05977010726928711
        ],
        [
            0.178190678358078,
            -0.7043406367301941,
            0.061510082334280014
        ],
        [
            0.19316844642162323,
            -0.7097246646881104,
            0.07053001970052719
        ],
        [
            0.190725177526474,
            -0.7217962145805359,
            0.06784087419509888
        ],
        [
            0.18840835988521576,
            -0.7766284942626953,
            0.030697643756866455
        ],
        [
            0.18733936548233032,
            -0.8404729962348938,
            0.022632449865341187
        ],
        [
            0.17968523502349854,
            -0.8404242992401123,
            0.013716615736484528
        ],
        [
            0.19080837070941925,
            -0.8277028799057007,
            0.024872496724128723
        ],
        [
            0.19640067219734192,
            -0.9007842540740967,
            0.04114774614572525
        ],
        [
            0.1832839697599411,
            -0.895560622215271,
            0.027968205511569977
        ],
        [
            0.19310036301612854,
            -0.8805431723594666,
            0.0310153067111969
        ],
        [
            0.20291443169116974,
            -0.8872179985046387,
            0.04384836554527283
        ],
        [
            0.16707085072994232,
            -0.9357140064239502,
            0.04250265657901764
        ],
        [
            0.1545487493276596,
            -0.922168493270874,
            0.02112600952386856
        ],
        [
            0.16812333464622498,
            -0.9108828902244568,
            0.0242963507771492
        ],
        [
            0.18092922866344452,
            -0.9214656352996826,
            0.04045552760362625
        ],
        [
            0.210126593708992,
            -0.8880679607391357,
            0.05503365397453308
        ],
        [
            0.2185083031654358,
            -0.8892237544059753,
            0.07227308303117752
        ],
        [
            0.21699053049087524,
            -0.9049510955810547,
            0.08024906367063522
        ],
        [
            0.20642322301864624,
            -0.9058457612991333,
            0.059635452926158905
        ],
        [
            0.20843099057674408,
            -0.9253419637680054,
            0.09099913388490677
        ],
        [
            0.1959930807352066,
            -0.9267179369926453,
            0.06603819131851196
        ],
        [
            0.20143680274486542,
            -0.7601962089538574,
            0.07594834268093109
        ],
        [
            0.20503126084804535,
            -0.7795754671096802,
            0.07757978141307831
        ],
        [
            0.1877087503671646,
            -0.7358936071395874,
            0.06331931054592133
        ],
        [
            0.19972342252731323,
            -0.742986798286438,
            0.07602915167808533
        ],
        [
            0.1937086135149002,
            -0.9398481845855713,
            0.10178372263908386
        ],
        [
            0.17979508638381958,
            -0.9430403709411621,
            0.07283216714859009
        ],
        [
            0.22722826898097992,
            -0.8676773905754089,
            0.1216869130730629
        ],
        [
            0.22701197862625122,
            -0.8847522139549255,
            0.11311986297369003
        ],
        [
            0.22635331749916077,
            -0.8721996545791626,
            0.09614688158035278
        ],
        [
            0.22727416455745697,
            -0.8580173850059509,
            0.10551482439041138
        ],
