{
    "pred_cam": [
        1.7405768632888794,
        0.01690058596432209,
        0.6203727722167969
    ],
    "pred_smpl_params": {
        "global_orient": [
            [
                [
                    0.8056890964508057,
                    0.502252459526062,
                    -0.3140183985233307
                ],
                [
                    0.31902796030044556,
                    -0.8146141171455383,
                    -0.4843810796737671
                ],
                [
                    -0.499085396528244,
                    0.29007989168167114,
                    -0.816558301448822
                ]
            ]
        ],
        "body_pose": [
            [
                [
                    0.9998822808265686,
                    -0.015324634499847889,
                    -0.0007261197315528989
                ],
                [
                    0.012733562849462032,
                    0.802562952041626,
                    0.5964314341545105
                ],
                [
                    -0.008557337336242199,
                    -0.59637051820755,
                    0.8026636242866516
                ]
            ],
            [
                [
                    0.9710492491722107,
                    0.23426328599452972,
                    0.0467347614467144
                ],
                [
                    -0.22834713757038116,
                    0.8528445363044739,
                    0.4695890247821808
                ],
                [
                    0.0701499879360199,
                    -0.46666577458381653,
                    0.8816474080085754
                ]
            ],
            [
                [
                    0.99994295835495,
                    -0.006346866488456726,
                    -0.008590991608798504
                ],
                [
                    0.0025351427029818296,
                    0.9223526120185852,
                    -0.386340856552124
                ],
                [
                    0.010375977493822575,
                    0.3862970173358917,
                    0.9223160743713379
                ]
            ],
            [
                [
                    0.9729925394058228,
                    0.16817770898342133,
                    -0.158119797706604
                ],
                [
                    -0.14422418177127838,
                    -0.09193195402622223,
                    -0.9852654337882996
                ],
                [
                    -0.18023595213890076,
                    0.9814605712890625,
                    -0.06519380956888199
                ]
            ],
            [
                [
                    0.9787669777870178,
                    -0.05729057267308235,
                    0.19680707156658173
                ],
                [
                    0.1956358253955841,
                    -0.025436656549572945,
                    -0.9803466796875
                ],
                [
                    0.06117071211338043,
                    0.9980334043502808,
                    -0.013688471168279648
                ]
            ],
            [
                [
                    0.9952419400215149,
                    -0.09515343606472015,
                    -0.02096118964254856
                ],
                [
                    0.09567445516586304,
                    0.9950875639915466,
                    0.0254383385181427
                ],
                [
                    0.018437674269080162,
                    -0.02732275053858757,
                    0.9994566440582275
                ]
            ],
            [
                [
                    0.9463517665863037,
                    -0.1493319869041443,
                    0.28656283020973206
                ],
                [
                    0.060555797070264816,
                    0.9530578255653381,
                    0.2966713011264801
                ],
                [
                    -0.31741344928741455,
                    -0.26340240240097046,
                    0.9109708666801453
                ]
            ],
            [
                [
                    0.9456849098205566,
                    0.025399068370461464,
                    -0.3240908682346344
                ],
                [
                    0.041409555822610855,
                    0.9794101119041443,
                    0.19758808612823486
                ],
                [
                    0.32243645191192627,
                    -0.20027653872966766,
                    0.925161600112915
                ]
            ],
            [
                [
                    0.9972477555274963,
                    -0.06503500789403915,
                    -0.03559843823313713
                ],
                [
                    0.0650239959359169,
                    0.9978826642036438,
                    -0.0014677444705739617
                ],
                [
                    0.03561851382255554,
                    -0.000851048098411411,
                    0.9993650913238525
                ]
            ],
            [
                [
                    0.9992859959602356,
                    -0.03728586807847023,
                    0.006096646189689636
                ],
                [
                    0.0364857092499733,
                    0.9942702651023865,
                    0.10047588497400284
                ],
                [
                    -0.009808044880628586,
                    -0.1001817137002945,
                    0.9949207305908203
                ]
            ],
            [
                [
                    0.9925090074539185,
                    0.08924324810504913,
                    0.08343508094549179
                ],
                [
                    -0.10271203517913818,
                    0.979315459728241,
                    0.17433135211467743
                ],
                [
                    -0.06615138053894043,
                    -0.18159523606300354,
                    0.9811457991600037
                ]
            ],
            [
                [
                    0.9925623536109924,
                    -0.11767662316560745,
                    0.03117864951491356
                ],
                [
                    0.12109129130840302,
                    0.9807116985321045,
                    -0.15343251824378967
                ],
                [
                    -0.012521841563284397,
                    0.15606682002544403,
                    0.9876671433448792
                ]
            ],
            [
                [
                    0.8724750280380249,
                    -0.05589067190885544,
                    -0.48545175790786743
                ],
                [
                    0.17475952208042145,
                    0.9634225368499756,
                    0.20316538214683533
                ],
                [
                    0.45634010434150696,
                    -0.26209408044815063,
                    0.8503295183181763
                ]
            ],
            [
                [
                    0.9088996648788452,
                    0.03602975979447365,
                    0.41545549035072327
                ],
                [
                    -0.12357670068740845,
                    0.9747829437255859,
                    0.18581444025039673
                ],
                [
                    -0.39828407764434814,
                    -0.22022730112075806,
                    0.8904323577880859
                ]
            ],
            [
                [
                    0.9981244802474976,
                    -0.0415898859500885,
                    0.04492141678929329
                ],
                [
                    0.04917319118976593,
                    0.9817619323730469,
                    -0.18364468216896057
                ],
                [
                    -0.036464378237724304,
                    0.18550916016101837,
                    0.9819657206535339
                ]
            ],
            [
                [
                    0.7482494115829468,
                    0.16609105467796326,
                    -0.6422902345657349
                ],
                [
                    0.07426290959119797,
                    0.941099226474762,
                    0.32987484335899353
                ],
                [
                    0.6592479944229126,
                    -0.29452699422836304,
                    0.6918425559997559
                ]
            ],
            [
                [
                    0.8781589865684509,
                    -0.19429075717926025,
                    0.43713611364364624
                ],
                [
                    0.07435151934623718,
                    0.9581357836723328,
                    0.2764917016029358
                ],
                [
                    -0.472555547952652,
                    -0.21030192077159882,
                    0.855841338634491
                ]
            ],
            [
                [
                    0.3185223639011383,
                    -0.1868208646774292,
                    -0.9293231964111328
                ],
                [
                    0.42168542742729187,
                    0.9059625267982483,
                    -0.03759346902370453
                ],
                [
                    0.8489552736282349,
                    -0.37990766763687134,
                    0.36734896898269653
                ]
            ],
            [
                [
                    0.34252315759658813,
                    0.22655421495437622,
                    0.9117845892906189
                ],
                [
                    -0.4743916094303131,
                    0.8793912529945374,
                    -0.04029427468776703
                ],
                [
                    -0.8109442591667175,
                    -0.4187411963939667,
                    0.4086872935295105
                ]
            ],
            [
                [
                    0.984905481338501,
                    -0.16893190145492554,
                    -0.037725966423749924
                ],
                [
                    0.15682712197303772,
                    0.963140070438385,
                    -0.21855516731739044
                ],
                [
                    0.07325633615255356,
                    0.20933972299098969,
                    0.9750950336456299
                ]
            ],
            [
                [
                    0.9905455112457275,
                    0.13518059253692627,
                    0.02336343377828598
                ],
                [
                    -0.13011160492897034,
                    0.9797285199165344,
                    -0.15232506394386292
                ],
                [
                    -0.04348121955990791,
                    0.1478450447320938,
                    0.9880542755126953
                ]
            ],
            [
                [
                    0.9942878484725952,
                    0.09865356236696243,
                    -0.04073253646492958
                ],
                [
                    -0.09849158674478531,
                    0.9951199293136597,
                    0.005969504825770855
                ],
                [
                    0.0411226749420166,
                    -0.0019235945073887706,
                    0.9991521835327148
                ]
            ],
            [
                [
                    0.9950416088104248,
                    -0.09162627160549164,
                    0.03868946433067322
                ],
                [
                    0.09027965366840363,
                    0.9952932000160217,
                    0.035228922963142395
                ],
                [
                    -0.04173525050282478,
                    -0.03156137093901634,
                    0.9986301064491272
                ]
            ]
        ],
        "betas": [
            0.009562283754348755,
            0.010522335767745972,
            0.018950343132019043,
            0.023259997367858887,
            0.053053319454193115,
            -0.1440843939781189,
            -0.03155282139778137,
            0.03074672818183899,
            0.020838230848312378,
            0.02340412139892578
        ]
    },
    "pred_cam_t": [
        0.01690058596432209,
        0.6203727722167969,
        22.442272186279297
    ],
    "focal_length": [
        5000.0,
        5000.0
    ],
    "pred_keypoints_3d": [
        [
            0.10028795897960663,
            -0.7910616397857666,
            -0.035749536007642746
        ],
        [
            0.17862249910831451,
            -0.6824555397033691,
            0.10237348079681396
        ],
        [
            0.014198526740074158,
            -0.6601282358169556,
            0.16989430785179138
        ],
        [
            -0.22208048403263092,
            -0.7287665009498596,
            0.10222457349300385
        ],
        [
            -0.1924038827419281,
            -0.9410407543182373,
            -0.03696289658546448
        ],
        [
            0.2840254306793213,
            -0.6162891387939453,
            -0.019613146781921387
        ],
        [
            0.26588550209999084,
            -0.7043572068214417,
            -0.2652624547481537
        ],
        [
            0.16181248426437378,
            -0.9285498261451721,
            -0.2313142567873001
        ],
        [
            -0.0017825490795075893,
            -0.22353073954582214,
            0.028143789619207382
        ],
        [
            -0.10048814862966537,
            -0.16931498050689697,
            0.03930310532450676
        ],
        [
            -0.41749686002731323,
            -0.02917562425136566,
            -0.1277879923582077
        ],
        [
            -0.3550485074520111,
            0.2779310941696167,
            0.12255863845348358
        ],
        [
            0.010587569326162338,
            -0.12353691458702087,
            -0.027550410479307175
        ],
        [
            -0.17869770526885986,
            0.029998168349266052,
            -0.3152140974998474
        ],
        [
            -0.20924319326877594,
            0.3140961527824402,
            -0.034265995025634766
        ],
        [
            0.08679676055908203,
            -0.8304647207260132,
            0.00912380963563919
        ],
        [
            0.14390604197978973,
            -0.8320354223251343,
            -0.025476500391960144
        ],
        [
            0.09947625547647476,
            -0.8174784183502197,
            0.11358775943517685
        ],
        [
            0.22568213939666748,
            -0.8219073414802551,
            0.0359131395816803
        ],
        [
            -0.29991579055786133,
            0.4109315276145935,
            -0.18288496136665344
        ],
        [
            -0.2232358455657959,
            0.4269230365753174,
            -0.15727388858795166
        ],
        [
            -0.17771118879318237,
            0.3279414176940918,
            0.02581840753555298
        ],
        [
            -0.5100386738777161,
            0.3623462915420532,
            0.03476327657699585
        ],
        [
            -0.515936553478241,
            0.3277592658996582,
            0.11308422684669495
        ],
        [
            -0.3146965503692627,
            0.30210840702056885,
            0.18175184726715088
        ],
        [
            -0.35147032141685486,
            0.21865549683570862,
            0.12451228499412537
        ],
        [
            -0.383603572845459,
            -0.05835399404168129,
            -0.11525832861661911
        ],
        [
            -0.09997417032718658,
            -0.2839450240135193,
            0.1265028566122055
        ],
        [
            0.13902008533477783,
            -0.16983914375305176,
            -0.014397106133401394
        ],
        [
            -0.15148675441741943,
            0.01632986217737198,
            -0.30557647347450256
        ],
        [
            -0.1806814819574356,
            0.27969035506248474,
            -0.04194575920701027
        ],
        [
            -0.16182222962379456,
            -0.9233352541923523,
            -0.027958719059824944
        ],
        [
            -0.20244179666042328,
            -0.7548350095748901,
            0.12169606983661652
        ],
        [
            0.04837256669998169,
            -0.6761268377304077,
            0.16709008812904358
        ],
        [
            0.2842341661453247,
            -0.6387938261032104,
            0.007164472714066505
        ],
        [
            0.2880645990371704,
            -0.7267098426818848,
            -0.23427054286003113
        ],
        [
            0.1736401468515396,
            -0.9219779968261719,
            -0.21490910649299622
        ],
        [
            0.18177273869514465,
            -0.6821975708007812,
            0.10038790106773376
        ],
        [
            0.1561238169670105,
            -0.8722725510597229,
            0.0578501895070076
        ],
        [
            0.01979736238718033,
            -0.2271057665348053,
            0.05625879764556885
        ],
        [
            0.16434140503406525,
            -0.6486784219741821,
            0.08681338280439377
        ],
        [
            0.11829449981451035,
            -0.44891732931137085,
            0.0887390598654747
        ],
        [
            0.14459310472011566,
            -0.7636597752571106,
            0.0268365778028965
        ],
        [
            0.155943363904953,
            -0.891089916229248,
            0.0676552802324295
        ]
    ],
    "pred_vertices": [
        [
            0.15233200788497925,
            -0.8784986734390259,
            -0.03242383897304535
        ],
        [
            0.14464032649993896,
            -0.8642188906669617,
            -0.034557245671749115
        ],
        [
            0.15869258344173431,
            -0.8613840937614441,
            -0.03296563774347305
        ],
        [
            0.16763068735599518,
            -0.8717793226242065,
            -0.02726094424724579
        ],
        [
            0.15262624621391296,
            -0.8519525527954102,
            -0.03591633588075638
        ],
        [
            0.14061339199543,
            -0.8531308174133301,
            -0.03633482754230499
        ],
        [
            0.16989463567733765,
            -0.855204701423645,
            -0.027488872408866882
        ],
        [
            0.17908936738967896,
            -0.8628531694412231,
            -0.019991211593151093
        ],
        [
            0.1816292405128479,
            -0.818831205368042,
            -0.020144857466220856
        ],
        [
            0.18966570496559143,
            -0.8139837980270386,
            -0.013504855334758759
        ],
        [
            0.1883058249950409,
            -0.8265190124511719,
            -0.01538463681936264
        ],
        [
            0.17959091067314148,
            -0.8280426263809204,
            -0.020338110625743866
        ],
        [
            0.182281494140625,
            -0.7932524085044861,
            -0.016162067651748657
        ],
        [
            0.17283764481544495,
            -0.7839847803115845,
            -0.02029995620250702
        ],
        [
            0.17975033819675446,
            -0.7747963070869446,
            -0.012920185923576355
        ],
        [
            0.18858954310417175,
            -0.7835699319839478,
            -0.007483027875423431
        ],
        [
            0.13319407403469086,
            -0.7979698181152344,
            -0.024648919701576233
        ],
        [
            0.13843008875846863,
            -0.7913118600845337,
            -0.02652779221534729
        ],
        [
            0.1421075463294983,
            -0.7980003356933594,
            -0.027795955538749695
        ],
        [
            0.13633745908737183,
            -0.8038201928138733,
            -0.02527487277984619
        ],
        [
            0.12186461687088013,
            -0.807720422744751,
            -0.025356002151966095
        ],
        [
            0.12430146336555481,
            -0.8131916522979736,
            -0.022841140627861023
        ],
        [
            0.11759413778781891,
            -0.8170992136001587,
            -0.025018326938152313
        ],
        [
            0.11533772945404053,
            -0.8108923435211182,
            -0.028665050864219666
        ],
        [
            0.12850046157836914,
            -0.7926464080810547,
            -0.022398672997951508
        ],
        [
            0.13434308767318726,
            -0.7858682870864868,
            -0.023676037788391113
        ],
        [
            0.12831346690654755,
            -0.8035448789596558,
            -0.023522377014160156
        ],
        [
            0.12546803057193756,
            -0.7992507815361023,
            -0.024778053164482117
        ],
        [
            0.11768853664398193,
            -0.793358325958252,
            -0.03200964629650116
        ],
        [
            0.11974392086267471,
            -0.7980948090553284,
            -0.03152785450220108
        ],
        [
            0.11337919533252716,
            -0.799209475517273,
            -0.03591318428516388
        ],
        [
            0.11268091946840286,
            -0.7935622930526733,
            -0.03462549299001694
        ],
        [
            0.12466709315776825,
            -0.7926658391952515,
            -0.02565445750951767
        ],
        [
            0.1237691193819046,
            -0.7956110239028931,
            -0.028213389217853546
        ],
        [
            0.12040994316339493,
            -0.7919452786445618,
            -0.02895519882440567
        ],
        [
            0.12080547213554382,
            -0.7897332906723022,
            -0.025597013533115387
        ],
        [
            0.12000545859336853,
            -0.8036901950836182,
            -0.027634665369987488
        ],
        [
            0.11395753920078278,
            -0.8055583238601685,
            -0.032148875296115875
        ],
        [
            0.10705091804265976,
            -0.8070707321166992,
            -0.03638108819723129
        ],
        [
            0.10631497204303741,
            -0.7987604141235352,
            -0.039746981114149094
        ],
        [
            0.15123598277568817,
            -0.7776663303375244,
            -0.0257822647690773
        ],
        [
            0.14477097988128662,
            -0.7846881151199341,
            -0.02738174796104431
        ],
        [
            0.14033621549606323,
            -0.7797337770462036,
            -0.02520935982465744
        ],
        [
            0.14594604074954987,
            -0.7740771770477295,
            -0.02488981932401657
        ],
        [
            0.1237250566482544,
            -0.7864106893539429,
            -0.023321762681007385
        ],
        [
            0.1272357702255249,
            -0.7706040143966675,
            -0.024623215198516846
        ],
        [
            0.12730437517166138,
            -0.7743273377418518,
            -0.025145985186100006
        ],
        [
            0.12012889236211777,
            -0.7752200365066528,
            -0.025638211518526077
        ],
        [
            0.12074872851371765,
            -0.7717335224151611,
            -0.025319579988718033
        ],
        [
            0.16003158688545227,
            -0.7631781101226807,
            -0.02020726352930069
        ],
        [
            0.15298902988433838,
            -0.7620115280151367,
            -0.021668121218681335
        ],
        [
            0.15477609634399414,
            -0.7550213932991028,
            -0.019329838454723358
        ],
        [
            0.16176971793174744,
            -0.7548079490661621,
            -0.016521796584129333
        ],
        [
            0.1531880646944046,
            -0.7493099570274353,
            -0.01701008528470993
        ],
        [
            0.16215352714061737,
            -0.7468854784965515,
            -0.012828335165977478
        ],
        [
            0.15438376367092133,
            -0.7326488494873047,
            -0.0082542784512043
        ],
        [
            0.15844249725341797,
            -0.7388699054718018,
            -0.010411612689495087
        ],
        [
            0.1496754288673401,
            -0.743615984916687,
            -0.015431120991706848
        ],
        [
            0.14358560740947723,
            -0.7385100722312927,
            -0.01566338539123535
        ],
        [
            0.1291307508945465,
            -0.7431245446205139,
            -0.017382696270942688
        ],
        [
            0.12285283207893372,
            -0.7418681383132935,
            -0.016954608261585236
        ],
        [
            0.1280505508184433,
            -0.7298369407653809,
            -0.016672421246767044
        ],
        [
            0.135325625538826,
            -0.733293890953064,
            -0.016718652099370956
        ],
        [
            0.12928742170333862,
            -0.7645659446716309,
            -0.020625941455364227
        ],
        [
            0.13403567671775818,
            -0.7647179365158081,
            -0.019946761429309845
        ],
        [
            0.13317818939685822,
            -0.7661240100860596,
            -0.02217915654182434
        ],
        [
            0.1280452460050583,
            -0.7672297358512878,
            -0.023120593279600143
        ],
        [
            0.13794450461864471,
            -0.764410138130188,
            -0.020039692521095276
        ],
        [
            0.1397499442100525,
            -0.7640700936317444,
            -0.020195573568344116
        ],
        [
            0.13900181651115417,
            -0.7653709650039673,
            -0.021180137991905212
        ],
        [
            0.1376018524169922,
            -0.76524817943573,
            -0.020590446889400482
        ],
        [
            0.1355522722005844,
            -0.7648950815200806,
            -0.020188741385936737
        ],
        [
            0.13453975319862366,
            -0.7629596590995789,
            -0.020064935088157654
        ],
        [
            0.1368989497423172,
            -0.7636229991912842,
            -0.020066268742084503
        ],
        [
            0.1301606446504593,
            -0.7621028423309326,
            -0.02087033912539482
        ],
        [
            0.11548615992069244,
            -0.7597908973693848,
            -0.021873250603675842
        ],
        [
            0.11961118876934052,
            -0.7602217197418213,
            -0.022420085966587067
        ],
        [
            0.11867407709360123,
            -0.7645667791366577,
            -0.021206241101026535
        ],
        [
            0.1151200383901596,
            -0.764633297920227,
            -0.02076249197125435
        ],
        [
            0.13653632998466492,
            -0.7675288915634155,
            -0.021941959857940674
        ],
        [
            0.1391146183013916,
            -0.7688232660293579,
            -0.022864162921905518
        ],
        [
            0.13413533568382263,
            -0.7715533971786499,
            -0.024178266525268555
        ],
        [
            0.13343922793865204,
            -0.7688620090484619,
            -0.022906698286533356
        ],
        [
            0.1415148228406906,
            -0.7706708908081055,
            -0.02425996959209442
        ],
        [
            0.1412428319454193,
            -0.7665493488311768,
            -0.021854035556316376
        ],
        [
            0.14407241344451904,
            -0.7673425078392029,
            -0.02276274561882019
        ],
        [
            0.13925880193710327,
            -0.7623516321182251,
            -0.019900701940059662
        ],
        [
            0.14232929050922394,
            -0.7606033086776733,
            -0.019908279180526733
        ],
        [
            0.14233951270580292,
            -0.7631975412368774,
            -0.021202176809310913
        ],
        [
            0.14037255942821503,
            -0.7573869228363037,
            -0.01918409764766693
        ],
        [
            0.13662008941173553,
            -0.760476291179657,
            -0.01957911252975464
        ],
        [
            0.13229593634605408,
            -0.7586236000061035,
            -0.020268037915229797
        ],
        [
            0.12668593227863312,
            -0.7569931745529175,
            -0.021066997200250626
        ],
        [
            0.13028877973556519,
            -0.7521289587020874,
            -0.01941676437854767
        ],
        [
            0.13609157502651215,
            -0.7544370889663696,
            -0.019240792840719223
        ],
        [
            0.13611172139644623,
            -0.7754884362220764,
            -0.024734757840633392
        ],
        [
            0.14695832133293152,
            -0.7625892162322998,
            -0.021429404616355896
        ],
        [
            0.14990980923175812,
            -0.7690522074699402,
            -0.02315673977136612
        ],
        [
            0.1474061906337738,
            -0.7578039169311523,
            -0.020167134702205658
        ],
        [
            0.14577709138393402,
            -0.7533401846885681,
            -0.01864246279001236
        ],
        [
            0.14173246920108795,
            -0.749303936958313,
            -0.017751216888427734
        ],
        [
            0.13554206490516663,
            -0.7459192276000977,
            -0.01762232929468155
        ],
        [
            0.13535131514072418,
            -0.7213234901428223,
            -0.0074820928275585175
        ],
        [
            0.1441105157136917,
            -0.7262284755706787,
            -0.008472464978694916
        ],
        [
            0.14007513225078583,
            -0.8457731604576111,
            -0.032554492354393005
        ],
        [
            0.14896631240844727,
            -0.8449631929397583,
            -0.034414201974868774
        ],
        [
            0.15183913707733154,
            -0.8372223973274231,
            -0.02978450059890747
        ],
        [
            0.15367534756660461,
            -0.8393529653549194,
            -0.030829250812530518
        ],
        [
            0.1471754014492035,
            -0.8409154415130615,
            -0.031221412122249603
        ],
        [
            0.14711327850818634,
            -0.8382830619812012,
            -0.02983357012271881
        ],
        [
            0.1712895780801773,
            -0.8302386999130249,
            -0.022382274270057678
        ],
        [
            0.16476306319236755,
            -0.8320357799530029,
            -0.024105854332447052
        ],
        [
            0.16578155755996704,
            -0.8282092809677124,
            -0.02261514961719513
        ],
        [
            0.17318733036518097,
            -0.8235616683959961,
            -0.022136181592941284
        ],
        [
            0.1560022532939911,
            -0.8205464482307434,
            -0.025116875767707825
        ],
        [
            0.16122552752494812,
            -0.8217793703079224,
            -0.024266459047794342
        ],
        [
            0.1565084010362625,
            -0.8285425901412964,
            -0.02521154284477234
        ],
        [
            0.1526402235031128,
            -0.8275918960571289,
            -0.025736331939697266
        ],
        [
            0.1484309732913971,
            -0.8271176815032959,
            -0.025850810110569
        ],
        [
            0.14416317641735077,
            -0.8270263075828552,
            -0.02485796809196472
        ],
        [
            0.14479142427444458,
            -0.8217536211013794,
            -0.02425020933151245
        ],
        [
            0.15011480450630188,
            -0.8208609223365784,
            -0.025035850703716278
        ],
        [
            0.14082087576389313,
            -0.842138946056366,
            -0.029218889772892
        ],
        [
            0.13448871672153473,
            -0.8412070274353027,
            -0.025420837104320526
        ],
        [
            0.1361619085073471,
            -0.838358998298645,
            -0.025305479764938354
        ],
        [
            0.1412917971611023,
            -0.8390051126480103,
            -0.028701893985271454
        ],
        [
            0.1296054571866989,
            -0.8319025635719299,
            -0.016034826636314392
        ],
        [
            0.13013803958892822,
            -0.8342918157577515,
            -0.017612285912036896
        ],
        [
            0.1264083981513977,
            -0.8358159065246582,
            -0.01685582846403122
        ],
        [
            0.12618041038513184,
            -0.8313133716583252,
            -0.015641160309314728
        ],
        [
            0.12826834619045258,
            -0.8283144235610962,
            -0.016754843294620514
        ],
        [
            0.13060177862644196,
            -0.8302496671676636,
            -0.017001397907733917
        ],
        [
            0.14433954656124115,
            -0.8996706604957581,
            -0.026963554322719574
        ],
        [
            0.13651379942893982,
            -0.8833956122398376,
            -0.03243783861398697
        ],
        [
            0.16315387189388275,
            -0.8937934637069702,
            -0.02278628945350647
        ],
        [
            0.17784440517425537,
            -0.8834607601165771,
            -0.01686456799507141
        ],
        [
            0.18890902400016785,
            -0.8703941106796265,
            -0.011039145290851593
        ],
        [
            0.16955162584781647,
            -0.7676807641983032,
            -0.017232760787010193
        ],
        [
            0.17374111711978912,
            -0.7587876915931702,
            -0.012119963765144348
        ],
        [
            0.18634282052516937,
            -0.766268253326416,
            -0.005396991968154907
        ],
        [
            0.18675853312015533,
            -0.7559430003166199,
            -4.06801700592041e-05
        ],
        [
            0.17386989295482635,
            -0.7484010457992554,
            -0.007494062185287476
        ],
        [
            0.1631532907485962,
            -0.7298552989959717,
            0.00198257714509964
        ],
        [
            0.17028413712978363,
            -0.7380138635635376,
            -0.0027096830308437347
        ],
        [
            0.18490056693553925,
            -0.7458451390266418,
            0.007456384599208832
        ],
        [
            0.19888851046562195,
            -0.758467435836792,
            0.016542211174964905
        ],
        [
            0.19762587547302246,
            -0.7660527229309082,
            0.007883787155151367
        ],
        [
            0.20840373635292053,
            -0.774411141872406,
            0.025090649724006653
        ],
        [
            0.19993844628334045,
            -0.7502453327178955,
            0.029169388115406036
        ],
        [
            0.20985397696495056,
            -0.7733604311943054,
            0.034153588116168976
        ],
        [
            0.18505853414535522,
            -0.7141650319099426,
            0.032375745475292206
        ],
        [
            0.1883821040391922,
            -0.7025591135025024,
            0.03425591439008713
        ],
        [
            0.2039734125137329,
            -0.7082099914550781,
            0.04205256700515747
        ],
        [
            0.20112621784210205,
            -0.7202602624893188,
            0.03910064697265625
        ],
        [
            0.1948806643486023,
            -0.7741294503211975,
            0.0004002600908279419
        ],
        [
            0.19278889894485474,
            -0.8377252221107483,
            -0.00940869003534317
        ],
        [
            0.1843905746936798,
            -0.837421178817749,
            -0.017620764672756195
        ],
        [
            0.19652584195137024,
            -0.8250406384468079,
            -0.007130451500415802
        ],
        [
            0.2030491828918457,
            -0.8985999822616577,
            0.006616540253162384
        ],
        [
            0.18891029059886932,
            -0.8930171728134155,
            -0.005154572427272797
        ],
        [
            0.19896699488162994,
            -0.8780757784843445,
            -0.0026184245944023132
        ],
        [
            0.2098282277584076,
            -0.8851233720779419,
            0.009115763008594513
        ],
        [
            0.17384964227676392,
            -0.9335384964942932,
            0.009383425116539001
        ],
        [
            0.15958210825920105,
            -0.9194139242172241,
            -0.010421618819236755
        ],
        [
            0.17340636253356934,
            -0.9082242250442505,
            -0.00805462896823883
        ],
        [
            0.18747971951961517,
            -0.9192699193954468,
            0.006594836711883545
        ],
        [
            0.21804079413414001,
            -0.8863382339477539,
            0.019603848457336426
        ],
        [
            0.22787198424339294,
            -0.888036847114563,
            0.03602788597345352
        ],
        [
            0.22701476514339447,
            -0.9040599465370178,
            0.04358524829149246
        ],
        [
            0.21466077864170074,
            -0.9042016267776489,
            0.02395310252904892
        ],
        [
            0.21935848891735077,
            -0.9248288869857788,
            0.05444042384624481
        ],
        [
            0.2047639936208725,
            -0.9253774881362915,
            0.03060094267129898
        ],
        [
            0.21198596060276031,
            -0.7590081691741943,
            0.04508097469806671
        ],
        [
            0.21560636162757874,
            -0.7783933281898499,
            0.04576192796230316
        ],
        [
            0.1975068897008896,
            -0.73426353931427,
            0.03431643545627594
        ],
        [
            0.21047727763652802,
            -0.7417548894882202,
            0.04591444134712219
        ],
        [
            0.20557215809822083,
            -0.939700722694397,
            0.06607222557067871
        ],
        [
            0.18909060955047607,
            -0.9419028759002686,
            0.03833197057247162
        ],
        [
            0.24102304875850677,
            -0.867992639541626,
            0.08518850803375244
        ],
        [
            0.2399953156709671,
            -0.8847652673721313,
            0.07613745331764221
        ],
        [
            0.23792745172977448,
            -0.8717179298400879,
            0.05967596173286438
        ],
        [
            0.23970480263233185,
            -0.8578049540519714,
