{
    "pred_cam": [
        1.683007836341858,
        0.04176062345504761,
        0.5852106213569641
    ],
    "pred_smpl_params": {
        "global_orient": [
            [
                [
                    0.7990819215774536,
                    0.5069100856781006,
                    -0.32328060269355774
                ],
                [
                    0.28941968083381653,
                    -0.7956287264823914,
                    -0.5321759581565857
                ],
                [
                    -0.5269766449928284,
                    0.33168837428092957,
                    -0.7824822664260864
                ]
            ]
        ],
        "body_pose": [
            [
                [
                    0.9994546175003052,
                    -0.03033137135207653,
                    -0.01305692084133625
                ],
                [
                    0.030976176261901855,
                    0.7241080403327942,
                    0.6889904737472534
                ],
                [
                    -0.01144340168684721,
                    -0.6890192031860352,
                    0.7246526479721069
                ]
            ],
            [
                [
                    0.9729436635971069,
                    0.23070597648620605,
                    0.012463423423469067
                ],
                [
                    -0.20681646466255188,
                    0.8456108570098877,
                    0.49210694432258606
                ],
                [
                    0.10299278795719147,
                    -0.4813700020313263,
                    0.8704454898834229
                ]
            ],
            [
                [
                    0.9998787641525269,
                    0.014436147175729275,
                    -0.005837796721607447
                ],
                [
                    -0.015562537126243114,
                    0.9134459495544434,
                    -0.40666258335113525
                ],
                [
                    -0.0005381283117458224,
                    0.4067040979862213,
                    0.9135598540306091
                ]
            ],
            [
                [
                    0.9705953598022461,
                    0.1905534416437149,
                    -0.147085040807724
                ],
                [
                    -0.12136109173297882,
                    -0.14032334089279175,
                    -0.982639729976654
                ],
                [
                    -0.20788483321666718,
                    0.9715960025787354,
                    -0.11307141184806824
                ]
            ],
            [
                [
                    0.9715743660926819,
                    -0.11450830847024918,
                    0.2071985900402069
                ],
                [
                    0.1965532898902893,
                    -0.09764204919338226,
                    -0.9756192564964294
                ],
                [
                    0.13194769620895386,
                    0.9886120557785034,
                    -0.07235952466726303
                ]
            ],
            [
                [
                    0.9959129095077515,
                    -0.08632408082485199,
                    -0.026562847197055817
                ],
                [
                    0.08703113347291946,
                    0.9958471059799194,
                    0.026723064482212067
                ],
                [
                    0.024145688861608505,
                    -0.028925640508532524,
                    0.999289870262146
                ]
            ],
            [
                [
                    0.9446246027946472,
                    -0.14359831809997559,
                    0.29506587982177734
                ],
                [
                    0.05496259033679962,
                    0.9557044506072998,
                    0.28915074467658997
                ],
                [
                    -0.3235173225402832,
                    -0.25692132115364075,
                    0.9106744527816772
                ]
            ],
            [
                [
                    0.9434003233909607,
                    0.04631858691573143,
                    -0.3284059762954712
                ],
                [
                    0.02382207289338112,
                    0.9781785607337952,
                    0.20639578998088837
                ],
                [
                    0.3307996392250061,
                    -0.2025371491909027,
                    0.9217105507850647
                ]
            ],
            [
                [
                    0.9974383115768433,
                    -0.060794081538915634,
                    -0.037693701684474945
                ],
                [
                    0.059656549245119095,
                    0.9977497458457947,
                    -0.03060305304825306
                ],
                [
                    0.039469365030527115,
                    0.028275983408093452,
                    0.9988206028938293
                ]
            ],
            [
                [
                    0.9989207983016968,
                    -0.04517871513962746,
                    -0.01077539287507534
                ],
                [
                    0.046065766364336014,
                    0.9933358430862427,
                    0.10564974695444107
                ],
                [
                    0.005930463783442974,
                    -0.1060321107506752,
                    0.9943450093269348
                ]
            ],
            [
                [
                    0.9957411289215088,
                    0.07440337538719177,
                    0.05443964898586273
                ],
                [
                    -0.08327056467533112,
                    0.9792580008506775,
                    0.18471530079841614
                ],
                [
                    -0.039567023515701294,
                    -0.18846185505390167,
                    0.9812830686569214
                ]
            ],
            [
                [
                    0.9937440156936646,
                    -0.11034694314002991,
                    -0.01721201278269291
                ],
                [
                    0.10564243793487549,
                    0.9787716865539551,
                    -0.17562918365001678
                ],
                [
                    0.0362267792224884,
                    0.17271214723587036,
                    0.9843057990074158
                ]
            ],
            [
                [
                    0.8644354343414307,
                    -0.05490155518054962,
                    -0.49973708391189575
                ],
                [
                    0.17507384717464447,
                    0.9646737575531006,
                    0.19685938954353333
                ],
                [
                    0.4712753891944885,
                    -0.25766313076019287,
                    0.8435100317001343
                ]
            ],
            [
                [
                    0.9111056327819824,
                    0.033793315291404724,
                    0.41078537702560425
                ],
                [
                    -0.12086638063192368,
                    0.9747247099876404,
                    0.1878909319639206
                ],
                [
                    -0.39405322074890137,
                    -0.22083860635757446,
                    0.8921616673469543
                ]
            ],
            [
                [
                    0.9985723495483398,
                    -0.05294536054134369,
                    0.007077645976096392
                ],
                [
                    0.05320855602622032,
                    0.9742423295974731,
                    -0.21913617849349976
                ],
                [
                    0.004706903360784054,
                    0.21919991075992584,
                    0.9756686091423035
                ]
            ],
            [
                [
                    0.7244659066200256,
                    0.18655632436275482,
                    -0.6635856032371521
                ],
                [
                    0.058079034090042114,
                    0.9427365660667419,
                    0.3284425735473633
                ],
                [
                    0.6868594884872437,
                    -0.2764858603477478,
                    0.6721454858779907
                ]
            ],
            [
                [
                    0.8827584981918335,
                    -0.20793171226978302,
                    0.4213097095489502
                ],
                [
                    0.09462055563926697,
                    0.9570412039756775,
                    0.2740788459777832
                ],
                [
                    -0.46020033955574036,
                    -0.2020808756351471,
                    0.8645108938217163
                ]
            ],
            [
                [
                    0.32799506187438965,
                    -0.19019320607185364,
                    -0.9253354668617249
                ],
                [
                    0.40452122688293457,
                    0.9134519100189209,
                    -0.04436381161212921
                ],
                [
                    0.8536872267723083,
                    -0.3597666919231415,
                    0.37654489278793335
                ]
            ],
            [
                [
                    0.3483746349811554,
                    0.23151402175426483,
                    0.908315122127533
                ],
                [
                    -0.48048076033592224,
                    0.8761363625526428,
                    -0.03902890905737877
                ],
                [
                    -0.8048436641693115,
                    -0.422831267118454,
                    0.416461706161499
                ]
            ],
            [
                [
                    0.9865334630012512,
                    -0.15923355519771576,
                    -0.03736744448542595
                ],
                [
                    0.14800789952278137,
                    0.9663527607917786,
                    -0.21037109196186066
                ],
                [
                    0.06960827112197876,
                    0.202007457613945,
                    0.9769071340560913
                ]
            ],
            [
                [
                    0.9901073575019836,
                    0.13877879083156586,
                    0.020684128627181053
                ],
                [
                    -0.13408786058425903,
                    0.9792694449424744,
                    -0.15182851254940033
                ],
                [
                    -0.04132590815424919,
                    0.14755304157733917,
                    0.9881904125213623
                ]
            ],
            [
                [
                    0.9935910701751709,
                    0.10145913809537888,
                    -0.049827974289655685
                ],
                [
                    -0.10113498568534851,
                    0.9948320388793945,
                    0.008990740403532982
                ],
                [
                    0.05048266425728798,
                    -0.003893767949193716,
                    0.9987173080444336
                ]
            ],
            [
                [
                    0.9948961734771729,
                    -0.09381832182407379,
                    0.03714454919099808
                ],
                [
                    0.09214673191308975,
                    0.994754433631897,
                    0.044414423406124115
                ],
                [
                    -0.041116587817668915,
                    -0.04076499119400978,
                    0.9983224272727966
                ]
            ]
        ],
        "betas": [
            0.04395599663257599,
            -0.04477134346961975,
            0.012232184410095215,
            0.077151358127594,
            0.07624495029449463,
            -0.14923730492591858,
            -0.03200283646583557,
            0.009358048439025879,
            0.03819410502910614,
            0.04150545597076416
        ]
    },
    "pred_cam_t": [
        0.04176062345504761,
        0.5852106213569641,
        23.20993423461914
    ],
    "focal_length": [
        5000.0,
        5000.0
    ],
    "pred_keypoints_3d": [
        [
            0.08909213542938232,
            -0.7853131890296936,
            -0.021112486720085144
        ],
        [
            0.18358691036701202,
            -0.6817275881767273,
            0.10948535799980164
        ],
        [
            0.020565375685691833,
            -0.659372091293335,
            0.18360713124275208
        ],
        [
            -0.22037412226200104,
            -0.7233811616897583,
            0.1280856430530548
        ],
        [
            -0.20364348590373993,
            -0.937939465045929,
            -0.010224863886833191
        ],
        [
            0.2838679552078247,
            -0.615802526473999,
            -0.017985977232456207
        ],
        [
            0.2427700161933899,
            -0.7034763097763062,
            -0.2612176537513733
        ],
        [
            0.1330879032611847,
            -0.9242908358573914,
            -0.22035786509513855
        ],
        [
            -0.0018447870388627052,
            -0.22476530075073242,
            0.02849321998655796
        ],
        [
            -0.1007375493645668,
            -0.17003503441810608,
            0.03752948343753815
        ],
        [
            -0.419081449508667,
            -0.043490856885910034,
            -0.1373908668756485
        ],
        [
            -0.31295347213745117,
            0.2787562310695648,
            0.076759472489357
        ],
        [
            0.009635691531002522,
            -0.12815366685390472,
            -0.03343796730041504
        ],
        [
            -0.17501425743103027,
            -0.03272801637649536,
            -0.3476817309856415
        ],
        [
            -0.22536808252334595,
            0.27830466628074646,
            -0.0999889075756073
        ],
        [
            0.080378457903862,
            -0.825946033000946,
            0.023830179125070572
        ],
        [
            0.13254673779010773,
            -0.8271982669830322,
            -0.017914801836013794
        ],
        [
            0.10639530420303345,
            -0.8175249099731445,
            0.12641838192939758
        ],
        [
            0.22234418988227844,
            -0.8214012384414673,
            0.032958291471004486
        ],
        [
            -0.313176691532135,
            0.3567051291465759,
            -0.260697603225708
        ],
        [
            -0.23748257756233215,
            0.3780769109725952,
            -0.2345009595155716
        ],
        [
            -0.19667424261569977,
            0.29883551597595215,
            -0.040376216173172
        ],
        [
            -0.4686538577079773,
            0.3659144639968872,
            -0.008991599082946777
        ],
        [
            -0.470485121011734,
            0.3392004370689392,
            0.07291483879089355
        ],
        [
            -0.2668307423591614,
            0.3048256039619446,
            0.13044914603233337
        ],
        [
            -0.3146553337574005,
            0.2194434404373169,
            0.08452247083187103
        ],
        [
            -0.3861497640609741,
            -0.07143263518810272,
            -0.12247886508703232
        ],
        [
            -0.09907614439725876,
            -0.27909308671951294,
            0.1327904313802719
        ],
        [
            0.13963833451271057,
            -0.17205029726028442,
            -0.017121274024248123
        ],
        [
            -0.14789214730262756,
            -0.042490556836128235,
            -0.3357974886894226
        ],
        [
            -0.19528086483478546,
            0.2442278265953064,
            -0.10307925939559937
        ],
        [
            -0.1720154583454132,
            -0.9211269617080688,
            -0.0030196234583854675
        ],
        [
            -0.20021164417266846,
            -0.7496497631072998,
            0.14668576419353485
        ],
        [
            0.05506470054388046,
            -0.6753597855567932,
            0.17991885542869568
        ],
        [
            0.2847217917442322,
            -0.6380517482757568,
            0.008729691617190838
        ],
        [
            0.2669234871864319,
            -0.726667582988739,
            -0.23190784454345703
        ],
        [
            0.14643150568008423,
            -0.9183777570724487,
            -0.20474345982074738
        ],
        [
            0.18616151809692383,
            -0.6813690662384033,
            0.10711026191711426
        ],
        [
            0.15435746312141418,
            -0.8713438510894775,
            0.06147348880767822
        ],
        [
            0.020501792430877686,
            -0.22569075226783752,
            0.05807734653353691
        ],
        [
            0.16797718405723572,
            -0.647916316986084,
            0.09409476816654205
        ],
        [
            0.12159054726362228,
            -0.44781309366226196,
            0.09646600484848022
        ],
        [
            0.14130917191505432,
            -0.7609724998474121,
            0.0360712856054306
        ],
        [
            0.15481500327587128,
            -0.8904162645339966,
            0.07057823985815048
        ]
    ],
    "pred_vertices": [
        [
            0.13929729163646698,
            -0.8739557862281799,
            -0.027682550251483917
        ],
        [
            0.1317056119441986,
            -0.8592972755432129,
            -0.028423592448234558
        ],
        [
            0.1459755152463913,
            -0.8569220900535583,
            -0.02850022166967392
        ],
        [
            0.15531690418720245,
            -0.8677158355712891,
            -0.024334482848644257
        ],
        [
            0.13980317115783691,
            -0.8471653461456299,
            -0.030238837003707886
        ],
        [
            0.12766365706920624,
            -0.8480428457260132,
            -0.02920340746641159
        ],
        [
            0.15797744691371918,
            -0.851189911365509,
            -0.02419450134038925
        ],
        [
            0.16780704259872437,
            -0.8591107726097107,
            -0.018283270299434662
        ],
        [
            0.17117899656295776,
            -0.8149123191833496,
            -0.016993358731269836
        ],
        [
            0.18014076352119446,
            -0.8104386329650879,
            -0.011237941682338715
        ],
        [
            0.17850588262081146,
            -0.8231536746025085,
            -0.013520464301109314
        ],
        [
            0.16913840174674988,
            -0.8243787884712219,
            -0.017309747636318207
        ],
        [
            0.1730741262435913,
            -0.789625883102417,
            -0.012082330882549286
        ],
        [
            0.16335786879062653,
            -0.7799983620643616,
            -0.014718808233737946
        ],
        [
            0.1714327335357666,
            -0.7712339162826538,
            -0.0079001784324646
        ],
        [
            0.18068620562553406,
            -0.7804077863693237,
            -0.00393136590719223
        ],
        [
            0.12293872982263565,
            -0.7930810451507568,
            -0.014488354325294495
        ],
        [
            0.12809419631958008,
            -0.7864344716072083,
            -0.01683640480041504
        ],
        [
            0.13140378892421722,
            -0.7931324243545532,
            -0.018811561167240143
        ],
        [
            0.1258232593536377,
            -0.7989528179168701,
            -0.015739567577838898
        ],
        [
            0.11145022511482239,
            -0.8027058839797974,
            -0.014100514352321625
        ],
        [
            0.11405886709690094,
            -0.8083152770996094,
            -0.012125745415687561
        ],
        [
            0.10701584815979004,
            -0.8120080232620239,
            -0.013577394187450409
        ],
        [
            0.10448171198368073,
            -0.8056337833404541,
            -0.016701437532901764
        ],
        [
            0.11868862807750702,
            -0.7877709865570068,
            -0.011443845927715302
        ],
        [
            0.12452860176563263,
            -0.7810256481170654,
            -0.013294003903865814
        ],
        [
            0.11808410286903381,
            -0.7986130118370056,
            -0.012910224497318268
        ],
        [
            0.11530300974845886,
            -0.7943434715270996,
            -0.013668358325958252
        ],
        [
            0.10682608187198639,
            -0.7880449295043945,
            -0.019693151116371155
        ],
        [
            0.10881464183330536,
            -0.7928218841552734,
            -0.019646786153316498
        ],
        [
            0.10188321024179459,
            -0.7936393022537231,
            -0.023258507251739502
        ],
        [
            0.10150744020938873,
            -0.7880585789680481,
            -0.021662019193172455
        ],
        [
            0.11451093852519989,
            -0.7877033948898315,
            -0.014220543205738068
        ],
        [
            0.11324310302734375,
            -0.7905402183532715,
            -0.01676907390356064
        ],
        [
            0.1098947674036026,
            -0.7867864370346069,
            -0.016951896250247955
        ],
        [
            0.11076384782791138,
            -0.7846958041191101,
            -0.01359238475561142
        ],
        [
            0.10936611145734787,
            -0.7985638380050659,
            -0.015999644994735718
        ],
        [
            0.10276666283607483,
            -0.8001424670219421,
            -0.019800126552581787
        ],
        [
            0.0953405350446701,
            -0.8013709783554077,
            -0.0232127383351326
        ],
        [
            0.09444873780012131,
            -0.7929593324661255,
            -0.026173032820224762
        ],
        [
            0.1413295418024063,
            -0.7730129361152649,
            -0.01727014034986496
        ],
        [
            0.13439901173114777,
            -0.7798207998275757,
            -0.018268808722496033
        ],
        [
            0.13044871389865875,
            -0.7749145030975342,
            -0.015375956892967224
        ],
        [
            0.13624733686447144,
            -0.7693695425987244,
            -0.01557362824678421
        ],
        [
            0.11408397555351257,
            -0.7815130949020386,
            -0.011567436158657074
        ],
        [
            0.11783048510551453,
            -0.7657057046890259,
            -0.012812875211238861
        ],
        [
            0.11774055659770966,
            -0.7694162130355835,
            -0.013475365936756134
        ],
        [
            0.11051887273788452,
            -0.7701514363288879,
            -0.013097256422042847
        ],
        [
            0.1112586110830307,
            -0.7666822671890259,
            -0.012739606201648712
        ],
        [
            0.15119078755378723,
            -0.758903443813324,
            -0.012320220470428467
        ],
        [
            0.14400851726531982,
            -0.7575430870056152,
            -0.012893401086330414
        ],
        [
            0.14629168808460236,
            -0.750676155090332,
            -0.010543547570705414
        ],
        [
            0.15366803109645844,
            -0.7507244348526001,
            -0.008561447262763977
        ],
        [
            0.14526288211345673,
            -0.7450765371322632,
            -0.00787162035703659
        ],
        [
            0.1547996997833252,
            -0.7430110573768616,
            -0.004674650728702545
        ],
        [
            0.14799316227436066,
            -0.728874683380127,
            0.0013027936220169067
        ],
        [
            0.15161238610744476,
            -0.7350738048553467,
            -0.0015351399779319763
        ],
        [
            0.14211030304431915,
            -0.7394052743911743,
            -0.005680553615093231
        ],
        [
            0.1361197680234909,
            -0.7342336773872375,
            -0.004967555403709412
        ],
        [
            0.12118695676326752,
            -0.7384160757064819,
            -0.004930533468723297
        ],
        [
            0.11502711474895477,
            -0.7370797991752625,
            -0.0036841854453086853
        ],
        [
            0.12056486308574677,
            -0.725211501121521,
            -0.003707271069288254
        ],
        [
            0.12785843014717102,
            -0.7288172245025635,
            -0.004810251295566559
        ],
        [
            0.12043100595474243,
            -0.759746789932251,
            -0.008867703378200531
        ],
        [
            0.12523587048053741,
            -0.7600100040435791,
            -0.008798860013484955
        ],
        [
            0.12405210733413696,
            -0.7613009214401245,
            -0.010949142277240753
        ],
        [
            0.1187814474105835,
            -0.7622786164283752,
            -0.011257775127887726
        ],
        [
            0.12911105155944824,
            -0.7597423791885376,
            -0.009400561451911926
        ],
        [
            0.13090597093105316,
            -0.7594312429428101,
            -0.009767122566699982
        ],
        [
            0.12999288737773895,
            -0.7606794834136963,
            -0.010690227150917053
        ],
        [
            0.12859386205673218,
            -0.7604985237121582,
            -0.009921438992023468
        ],
        [
            0.1266258955001831,
            -0.7601443529129028,
            -0.009252645075321198
        ],
        [
            0.12569645047187805,
            -0.7582004070281982,
            -0.008938290178775787
        ],
        [
            0.12810686230659485,
            -0.7589432597160339,
            -0.00927066057920456
        ],
        [
            0.1212620735168457,
            -0.7572492361068726,
            -0.009141765534877777
        ],
        [
            0.10677936673164368,
            -0.7547900676727295,
            -0.008215256035327911
        ],
        [
            0.11068873107433319,
            -0.7551548480987549,
            -0.009260140359401703
        ],
        [
            0.10978789627552032,
            -0.7595287561416626,
            -0.008093349635601044
        ],
        [
            0.10643085837364197,
            -0.7596758604049683,
            -0.007246635854244232
        ],
        [
            0.12741728127002716,
            -0.7628319263458252,
            -0.011219419538974762
        ],
        [
            0.1298179030418396,
            -0.7640796899795532,
            -0.012500695884227753
        ],
        [
            0.12460733950138092,
            -0.7666653394699097,
            -0.013259179890155792
        ],
        [
            0.12415587157011032,
            -0.7640211582183838,
            -0.011803597211837769
        ],
        [
            0.13193674385547638,
            -0.765869140625,
            -0.014259576797485352
        ],
        [
            0.1321110725402832,
            -0.7618739604949951,
            -0.011691324412822723
        ],
        [
            0.1349097639322281,
            -0.7627763152122498,
            -0.013013780117034912
        ],
        [
            0.1305055469274521,
            -0.7577075958251953,
            -0.009373508393764496
        ],
        [
            0.13360679149627686,
            -0.756003737449646,
            -0.009728796780109406
        ],
        [
            0.13337720930576324,
            -0.758552074432373,
            -0.011084921658039093
        ],
        [
            0.13184860348701477,
            -0.7527827024459839,
            -0.00863485038280487
        ],
        [
            0.1279677450656891,
            -0.7558034062385559,
            -0.008652903139591217
        ],
        [
            0.12361595034599304,
            -0.7538543343544006,
            -0.008705832064151764
        ],
        [
            0.11796779930591583,
            -0.752094030380249,
            -0.008723713457584381
        ],
        [
            0.12188515812158585,
            -0.7473512291908264,
            -0.007388196885585785
        ],
        [
            0.1276434361934662,
            -0.7497656941413879,
            -0.008038043975830078
        ],
        [
            0.1265207678079605,
            -0.7707244157791138,
            -0.014235459268093109
        ],
        [
            0.13797535002231598,
            -0.7580100297927856,
            -0.011905856430530548
        ],
        [
            0.14056187868118286,
            -0.764495849609375,
            -0.014204137027263641
        ],
        [
            0.13871505856513977,
            -0.753275990486145,
            -0.010559089481830597
        ],
        [
            0.13743051886558533,
            -0.7488579750061035,
            -0.008671008050441742
        ],
        [
            0.13370896875858307,
            -0.7448246479034424,
            -0.007165290415287018
        ],
        [
            0.1274934858083725,
            -0.7413161396980286,
            -0.006078481674194336
        ],
        [
            0.12921452522277832,
            -0.7172267436981201,
            0.004744183272123337
        ],
        [
            0.13783620297908783,
            -0.7222989797592163,
            0.002512402832508087
        ],
        [
            0.12768667936325073,
            -0.8407225012779236,
            -0.02500239759683609
        ],
        [
            0.13635095953941345,
            -0.8400647640228271,
            -0.02794242650270462
        ],
        [
            0.13994058966636658,
            -0.8325457572937012,
            -0.0233733132481575
        ],
        [
            0.14145976305007935,
            -0.8345350623130798,
            -0.024706028401851654
        ],
        [
            0.1350410133600235,
            -0.8360844850540161,
            -0.024396896362304688
        ],
        [
            0.13518407940864563,
            -0.8334697484970093,
            -0.02289678156375885
        ],
        [
            0.16037032008171082,
            -0.8262646794319153,
            -0.018296509981155396
        ],
        [
            0.15359428524971008,
            -0.8278750777244568,
            -0.019188836216926575
        ],
        [
            0.15497028827667236,
            -0.8241558074951172,
            -0.017705999314785004
        ],
        [
            0.16252845525741577,
            -0.8196477890014648,
            -0.018080435693264008
        ],
        [
            0.14510710537433624,
            -0.816177487373352,
            -0.018674708902835846
        ],
        [
            0.1504085510969162,
            -0.8175591230392456,
            -0.018564604222774506
        ],
        [
            0.14532490074634552,
            -0.8241168260574341,
            -0.019137807190418243
        ],
        [
            0.14143124222755432,
            -0.8230628371238708,
            -0.01913154125213623
        ],
        [
            0.13726140558719635,
            -0.8225035071372986,
            -0.018676936626434326
        ],
        [
            0.13323107361793518,
            -0.8224189281463623,
            -0.01714915782213211
        ],
        [
            0.13400281965732574,
            -0.8171713352203369,
            -0.016431622207164764
        ],
        [
            0.1392040103673935,
            -0.8163331151008606,
            -0.017858579754829407
        ],
        [
            0.12885919213294983,
            -0.8371977806091309,
            -0.02165021002292633
        ],
        [
            0.12316322326660156,
            -0.8363504409790039,
            -0.017035692930221558
        ],
        [
            0.1248512864112854,
            -0.8335108757019043,
            -0.017016150057315826
        ],
        [
            0.12945899367332458,
            -0.8340873122215271,
            -0.02108466625213623
        ],
        [
            0.11975708603858948,
            -0.8274081945419312,
            -0.006648428738117218
        ],
        [
            0.12002717703580856,
            -0.8297533988952637,
            -0.008368805050849915
        ],
        [
            0.11636602133512497,
            -0.8312281370162964,
            -0.007181033492088318
        ],
        [
            0.1164122149348259,
            -0.8267573118209839,
            -0.0057844966650009155
        ],
        [
            0.11843001842498779,
            -0.8237500190734863,
            -0.007009789347648621
        ],
        [
            0.12065590918064117,
            -0.8257147073745728,
            -0.007642276585102081
        ],
        [
            0.13134902715682983,
            -0.8950215578079224,
            -0.022216796875
        ],
        [
            0.12355449050664902,
            -0.8785524368286133,
            -0.026018165051937103
        ],
        [
            0.150809183716774,
            -0.8897548913955688,
            -0.020308449864387512
        ],
        [
            0.16644169390201569,
            -0.8798946142196655,
            -0.01586238294839859
        ],
        [
            0.17852409183979034,
            -0.8672364950180054,
            -0.010998882353305817
        ],
        [
            0.16094233095645905,
            -0.7637139558792114,
            -0.010686993598937988
        ],
        [
            0.16602979600429535,
            -0.7551160454750061,
            -0.005789041519165039
        ],
        [
            0.17922057211399078,
            -0.7631412744522095,
            -0.0008909404277801514
        ],
        [
            0.18062467873096466,
            -0.7530306577682495,
            0.004789859056472778
        ],
        [
            0.1670602262020111,
            -0.7449486255645752,
            -0.0007937029004096985
        ],
        [
            0.15815365314483643,
            -0.7266638875007629,
            0.010411947965621948
        ],
        [
            0.16440758109092712,
            -0.7347497940063477,
            0.004746273159980774
        ],
        [
            0.18006491661071777,
            -0.7431912422180176,
            0.012843556702136993
        ],
        [
            0.19475412368774414,
            -0.7563925981521606,
            0.019758671522140503
        ],
        [
            0.1923104077577591,
            -0.7637719511985779,
            0.010809607803821564
        ],
        [
            0.20493724942207336,
            -0.7728900909423828,
            0.02653154730796814
        ],
        [
            0.19788295030593872,
            -0.7485848665237427,
            0.03247971832752228
        ],
        [
            0.20769411325454712,
            -0.7721274495124817,
            0.035465605556964874
        ],
        [
            0.18445801734924316,
            -0.7123167514801025,
            0.038144372403621674
        ],
        [
            0.1882530301809311,
            -0.7009077072143555,
            0.039929796010255814
        ],
        [
            0.20436325669288635,
            -0.7068556547164917,
            0.04660765826702118
        ],
        [
            0.2010032683610916,
            -0.7187732458114624,
            0.04341063275933266
        ],
        [
            0.18823352456092834,
            -0.7713745832443237,
            0.0034260600805282593
        ],
        [
            0.18325872719287872,
            -0.8346349000930786,
            -0.008431486785411835
        ],
        [
            0.17398901283740997,
            -0.8339179754257202,
            -0.01562666893005371
        ],
        [
            0.18777956068515778,
            -0.822197437286377,
            -0.006278380751609802
        ],
        [
            0.19402222335338593,
            -0.8963468074798584,
            0.003654785454273224
        ],
        [
            0.17863483726978302,
            -0.8900040984153748,
            -0.0060741230845451355
        ],
        [
            0.18937543034553528,
            -0.8755050301551819,
            -0.004186153411865234
        ],
        [
            0.2015288770198822,
            -0.8832660913467407,
            0.005796849727630615
        ],
        [
            0.1644119918346405,
            -0.9309041500091553,
            0.008707761764526367
        ],
        [
            0.14807648956775665,
            -0.9157065749168396,
            -0.008511453866958618
        ],
        [
            0.16253547370433807,
            -0.9049737453460693,
            -0.007562756538391113
        ],
        [
            0.17799940705299377,
            -0.9167747497558594,
            0.00478159636259079
        ],
        [
            0.21084696054458618,
            -0.8850062489509583,
            0.015085563063621521
        ],
        [
            0.2227439433336258,
            -0.8876222372055054,
            0.03010527789592743
        ],
        [
            0.22240908443927765,
            -0.9040708541870117,
            0.03695663809776306
        ],
        [
            0.20767877995967865,
            -0.9030449986457825,
            0.018995866179466248
        ],
        [
            0.2155747264623642,
            -0.9250800609588623,
            0.04788677394390106
        ],
        [
            0.19808809459209442,
            -0.9241950511932373,
            0.02605579048395157
        ],
        [
            0.21144449710845947,
            -0.7580831050872803,
            0.0469277948141098
        ],
        [
            0.21470917761325836,
            -0.7776622772216797,
            0.04623418301343918
        ],
        [
            0.19659674167633057,
            -0.7326123714447021,
            0.03843744844198227
        ],
        [
            0.21042773127555847,
            -0.7407114505767822,
            0.04876229912042618
        ],
        [
            0.20293858647346497,
            -0.9401987791061401,
            0.06054231524467468
        ],
        [
            0.18299518525600433,
            -0.9408154487609863,
            0.03507017344236374
        ],
        [
            0.2424808144569397,
            -0.8698960542678833,
            0.07825175672769547
        ],
        [
            0.23991408944129944,
            -0.8862699270248413,
            0.0685507208108902
        ],
        [
            0.23610366880893707,
            -0.8724672794342041,
            0.05310526490211487
        ],
        [
            0.23944242298603058,
