{
    "pred_cam": [
        1.7018818855285645,
        0.03621130436658859,
        0.5843356847763062
    ],
    "pred_smpl_params": {
        "global_orient": [
            [
                [
                    0.7682114243507385,
                    0.5505810379981995,
                    -0.32666775584220886
                ],
                [
                    0.3153168261051178,
                    -0.7694821357727051,
                    -0.5554030537605286
                ],
                [
                    -0.5571593642234802,
                    0.3236631155014038,
                    -0.7647324204444885
                ]
            ]
        ],
        "body_pose": [
            [
                [
                    0.9997406005859375,
                    -0.021977847442030907,
                    -0.005966130644083023
                ],
                [
                    0.020304739475250244,
                    0.741612434387207,
                    0.6705211400985718
                ],
                [
                    -0.010312066413462162,
                    -0.6704684495925903,
                    0.7418662905693054
                ]
            ],
            [
                [
                    0.9753473401069641,
                    0.22017715871334076,
                    0.0148225799202919
                ],
                [
                    -0.2007400542497635,
                    0.8573333621025085,
                    0.47400739789009094
                ],
                [
                    0.09165772050619125,
                    -0.46529728174209595,
                    0.8803961873054504
                ]
            ],
            [
                [
                    0.9998201131820679,
                    0.015566304326057434,
                    -0.010839641094207764
                ],
                [
                    -0.018659118562936783,
                    0.9099061489105225,
                    -0.4143943786621094
                ],
                [
                    0.0034124667290598154,
                    0.41452205181121826,
                    0.9100329279899597
                ]
            ],
            [
                [
                    0.9696159362792969,
                    0.20595411956310272,
                    -0.13201412558555603
                ],
                [
                    -0.11865183711051941,
                    -0.07598987221717834,
                    -0.9900237917900085
                ],
                [
                    -0.21393124759197235,
                    0.9756066203117371,
                    -0.04924415424466133
                ]
            ],
            [
                [
                    0.9721363186836243,
                    -0.12025962769985199,
                    0.2012176364660263
                ],
                [
                    0.1976219117641449,
                    -0.04123768210411072,
                    -0.9794105291366577
                ],
                [
                    0.12608134746551514,
                    0.9918856620788574,
                    -0.016322709619998932
                ]
            ],
            [
                [
                    0.9950756430625916,
                    -0.09520290046930313,
                    -0.02758398838341236
                ],
                [
                    0.09570714086294174,
                    0.995254397392273,
                    0.017572883516550064
                ],
                [
                    0.025780096650123596,
                    -0.020126333460211754,
                    0.9994649887084961
                ]
            ],
            [
                [
                    0.9465779066085815,
                    -0.1431972086429596,
                    0.288937509059906
                ],
                [
                    0.0636049211025238,
                    0.9613037109375,
                    0.268047571182251
                ],
                [
                    -0.31614038348197937,
                    -0.23535004258155823,
                    0.9190568923950195
                ]
            ],
            [
                [
                    0.9438588619232178,
                    0.036455873399972916,
                    -0.3283311426639557
                ],
                [
                    0.023297101259231567,
                    0.9840718507766724,
                    0.1762378066778183
                ],
                [
                    0.3295263648033142,
                    -0.1739927977323532,
                    0.927975594997406
                ]
            ],
            [
                [
                    0.996880054473877,
                    -0.06779603660106659,
                    -0.04042265936732292
                ],
                [
                    0.06619313359260559,
                    0.9970145225524902,
                    -0.03975580260157585
                ],
                [
                    0.04299726337194443,
                    0.0369560606777668,
                    0.9983915090560913
                ]
            ],
            [
                [
                    0.9994953870773315,
                    -0.030893931165337563,
                    -0.007380370050668716
                ],
                [
                    0.031474485993385315,
                    0.9945622682571411,
                    0.09927348047494888
                ],
                [
                    0.004273290280252695,
                    -0.09945568442344666,
                    0.995032787322998
                ]
            ],
            [
                [
                    0.9961116313934326,
                    0.07671981304883957,
                    0.043308716267347336
                ],
                [
                    -0.0830003097653389,
                    0.9820535182952881,
                    0.16935691237449646
                ],
                [
                    -0.02953845076262951,
                    -0.1722930371761322,
                    0.984602689743042
                ]
            ],
            [
                [
                    0.991261899471283,
                    -0.11707187443971634,
                    -0.060777392238378525
                ],
                [
                    0.10243439674377441,
                    0.9734915494918823,
                    -0.20450301468372345
                ],
                [
                    0.0831078290939331,
                    0.19649037718772888,
                    0.9769772887229919
                ]
            ],
            [
                [
                    0.8487707376480103,
                    -0.037495460361242294,
                    -0.5274299383163452
                ],
                [
                    0.16916389763355255,
                    0.9643133878707886,
                    0.20367440581321716
                ],
                [
                    0.5009709000587463,
                    -0.26209497451782227,
                    0.8248238563537598
                ]
            ],
            [
                [
                    0.9112258553504944,
                    0.03711482137441635,
                    0.41023164987564087
                ],
                [
                    -0.12572354078292847,
                    0.9734678268432617,
                    0.19119061529636383
                ],
                [
                    -0.3922513425350189,
                    -0.22579360008239746,
                    0.8917152881622314
                ]
            ],
            [
                [
                    0.9983213543891907,
                    -0.05288279056549072,
                    -0.02362000197172165
                ],
                [
                    0.046475205570459366,
                    0.9748036861419678,
                    -0.21816910803318024
                ],
                [
                    0.034562259912490845,
                    0.21670512855052948,
                    0.9756250977516174
                ]
            ],
            [
                [
                    0.6693317294120789,
                    0.21428298950195312,
                    -0.7113914489746094
                ],
                [
                    0.056075844913721085,
                    0.9402035474777222,
                    0.33596548438072205
                ],
                [
                    0.7408444881439209,
                    -0.2647642493247986,
                    0.6172919869422913
                ]
            ],
            [
                [
                    0.883045494556427,
                    -0.21341879665851593,
                    0.41795098781585693
                ],
                [
                    0.10395287722349167,
                    0.9574388861656189,
                    0.2692667841911316
                ],
                [
                    -0.45762911438941956,
                    -0.19432760775089264,
                    0.8676475882530212
                ]
            ],
            [
                [
                    0.41570642590522766,
                    -0.1788666844367981,
                    -0.8917369842529297
                ],
                [
                    0.39473190903663635,
                    0.9187963008880615,
                    -0.0002797507040668279
                ],
                [
                    0.819374680519104,
                    -0.3518807291984558,
                    0.452553927898407
                ]
            ],
            [
                [
                    0.3481169044971466,
                    0.23775337636470795,
                    0.9068008661270142
                ],
                [
                    -0.48896491527557373,
                    0.8713511824607849,
                    -0.040747348219156265
                ],
                [
                    -0.79982990026474,
                    -0.42920899391174316,
                    0.41958513855934143
                ]
            ],
            [
                [
                    0.987695038318634,
                    -0.15366116166114807,
                    -0.029097354039549828
                ],
                [
                    0.14467862248420715,
                    0.9684137105941772,
                    -0.20308361947536469
                ],
                [
                    0.05938434228301048,
                    0.19637493789196014,
                    0.9787288904190063
                ]
            ],
            [
                [
                    0.9898948669433594,
                    0.14100971817970276,
                    0.014982979744672775
                ],
                [
                    -0.1375817209482193,
                    0.9806376695632935,
                    -0.13935931026935577
                ],
                [
                    -0.0343438945710659,
                    0.1358896791934967,
                    0.9901285767555237
                ]
            ],
            [
                [
                    0.9927912950515747,
                    0.10718943178653717,
                    -0.05362637713551521
                ],
                [
                    -0.1065366342663765,
                    0.9941971898078918,
                    0.014895446598529816
                ],
                [
                    0.05491182953119278,
                    -0.009074896574020386,
                    0.9984499216079712
                ]
            ],
            [
                [
                    0.9945632219314575,
                    -0.09578242897987366,
                    0.040861885994672775
                ],
                [
                    0.09371820092201233,
                    0.994354784488678,
                    0.04975387826561928
                ],
                [
                    -0.04539676010608673,
                    -0.045653875917196274,
                    0.9979252815246582
                ]
            ]
        ],
        "betas": [
            0.06479507684707642,
            -0.09548574686050415,
            0.007041633129119873,
            0.12221014499664307,
            0.07446199655532837,
            -0.1749749481678009,
            -0.008524388074874878,
            0.007717877626419067,
            0.020235255360603333,
            0.06757891178131104
        ]
    },
    "pred_cam_t": [
        0.03621130436658859,
        0.5843356847763062,
        22.952533721923828
    ],
    "focal_length": [
        5000.0,
        5000.0
    ],
    "pred_keypoints_3d": [
        [
            0.09029433131217957,
            -0.7792038917541504,
            -0.015208318829536438
        ],
        [
            0.19922947883605957,
            -0.676780641078949,
            0.10479416698217392
        ],
        [
            0.03913712501525879,
            -0.656979501247406,
            0.1870962530374527
        ],
        [
            -0.20349107682704926,
            -0.723922610282898,
            0.14389705657958984
        ],
        [
            -0.19106560945510864,
            -0.9395264983177185,
            0.0066998302936553955
        ],
        [
            0.29084938764572144,
            -0.6095121502876282,
            -0.0297054722905159
        ],
        [
            0.21347548067569733,
            -0.7047072649002075,
            -0.2609413266181946
        ],
        [
            0.10987716913223267,
            -0.9286525249481201,
            -0.22022350132465363
        ],
        [
            -0.0018958472646772861,
            -0.22560378909111023,
            0.028789659962058067
        ],
        [
            -0.10281410068273544,
            -0.17497168481349945,
            0.04040937125682831
        ],
        [
            -0.42923709750175476,
            -0.05604100972414017,
            -0.12421447038650513
        ],
        [
            -0.34127694368362427,
            0.2794860005378723,
            0.07727810740470886
        ],
        [
            0.003367795143276453,
            -0.1294638216495514,
            -0.034863345324993134
        ],
        [
            -0.19926367700099945,
            -0.03780556470155716,
            -0.3386569619178772
        ],
        [
            -0.27014562487602234,
            0.2757366895675659,
            -0.09946444630622864
        ],
        [
            0.08733341097831726,
            -0.8203312754631042,
            0.030037030577659607
        ],
        [
            0.1338159441947937,
            -0.8207519054412842,
            -0.017954520881175995
        ],
        [
            0.12579450011253357,
            -0.8131709694862366,
            0.12876573204994202
        ],
        [
            0.22987252473831177,
            -0.8152366876602173,
            0.021372847259044647
        ],
        [
            -0.36753013730049133,
            0.3457374572753906,
            -0.2588295340538025
        ],
        [
            -0.2925560772418976,
            0.3728552460670471,
            -0.23533973097801208
        ],
        [
            -0.24166661500930786,
            0.29942452907562256,
            -0.04073148965835571
        ],
        [
            -0.5031439065933228,
            0.3596007823944092,
            -0.0056785643100738525
        ],
        [
            -0.501460075378418,
            0.3336416482925415,
            0.07670164108276367
        ],
        [
            -0.29501140117645264,
            0.3087393045425415,
            0.12929967045783997
        ],
        [
            -0.33934736251831055,
            0.22037270665168762,
            0.08678834140300751
        ],
        [
            -0.3943774402141571,
            -0.08365583419799805,
            -0.11017356067895889
        ],
        [
            -0.09324304014444351,
            -0.28274157643318176,
            0.13735391199588776
        ],
        [
            0.1357312649488449,
            -0.16763709485530853,
            -0.022206226363778114
        ],
        [
            -0.1707158386707306,
            -0.0472753569483757,
            -0.32779744267463684
        ],
        [
            -0.2376556247472763,
            0.2438720315694809,
            -0.10214020311832428
        ],
        [
            -0.15917490422725677,
            -0.922589898109436,
            0.012306168675422668
        ],
        [
            -0.18171042203903198,
            -0.7498311400413513,
            0.1615997552871704
        ],
        [
            0.07375605404376984,
            -0.6721716523170471,
            0.18184839189052582
        ],
        [
            0.2930157482624054,
            -0.631561279296875,
            -0.0029622865840792656
        ],
        [
            0.2418195754289627,
            -0.72732013463974,
            -0.23516729474067688
        ],
        [
            0.12485244870185852,
            -0.9238865971565247,
            -0.2060340940952301
        ],
        [
            0.20148301124572754,
            -0.6761324405670166,
            0.10165123641490936
        ],
        [
            0.16544531285762787,
            -0.8660919666290283,
            0.057326048612594604
        ],
        [
            0.021471768617630005,
            -0.2252817153930664,
            0.05772148072719574
        ],
        [
            0.18149280548095703,
            -0.6431679725646973,
            0.08936677128076553
        ],
        [
            0.13278254866600037,
            -0.44348829984664917,
            0.09452445805072784
        ],
        [
            0.1489982306957245,
            -0.7550700306892395,
            0.03518286347389221
        ],
        [
            0.16708049178123474,
            -0.8852403163909912,
            0.06618472933769226
        ]
    ],
    "pred_vertices": [
        [
            0.13980001211166382,
            -0.8674167394638062,
            -0.029155969619750977
        ],
        [
            0.13208718597888947,
            -0.8527803421020508,
            -0.028800152242183685
        ],
        [
            0.14626996219158173,
            -0.8503551483154297,
            -0.03062443435192108
        ],
        [
            0.15606053173542023,
            -0.8611750602722168,
            -0.027750998735427856
        ],
        [
            0.13986442983150482,
            -0.8405797481536865,
            -0.031467609107494354
        ],
        [
            0.12788844108581543,
            -0.841511607170105,
            -0.028941594064235687
        ],
        [
            0.15871502459049225,
            -0.8446370363235474,
            -0.027771316468715668
        ],
        [
            0.16916359961032867,
            -0.8525103330612183,
            -0.023212343454360962
        ],
        [
            0.17230796813964844,
            -0.8083562850952148,
            -0.02156876027584076
        ],
        [
            0.18187783658504486,
            -0.8040004968643188,
            -0.016959533095359802
        ],
        [
            0.18023282289505005,
            -0.8166484236717224,
            -0.019250817596912384
        ],
        [
            0.1704832911491394,
            -0.8178496360778809,
            -0.021879620850086212
        ],
        [
            0.1749182492494583,
            -0.7830672264099121,
            -0.016687586903572083
        ],
        [
            0.16489987075328827,
            -0.7734512090682983,
            -0.017990760505199432
        ],
        [
            0.17379578948020935,
            -0.7647169232368469,
            -0.01212853193283081
        ],
        [
            0.18350985646247864,
            -0.7738895416259766,
            -0.009450949728488922
        ],
        [
            0.12464909255504608,
            -0.7867797613143921,
            -0.01293618232011795
        ],
        [
            0.1294887512922287,
            -0.7800565361976624,
            -0.015869535505771637
        ],
        [
            0.1325492560863495,
            -0.7867169976234436,
            -0.018306851387023926
        ],
        [
            0.12737557291984558,
            -0.792611837387085,
            -0.01461133360862732
        ],
        [
            0.11341248452663422,
            -0.7965130805969238,
            -0.011227458715438843
        ],
        [
            0.1162741631269455,
            -0.8021243810653687,
            -0.00966886430978775
        ],
        [
            0.10910961031913757,
            -0.8058429956436157,
            -0.01027853786945343
        ],
        [
            0.10618530958890915,
            -0.7994549870491028,
            -0.012993812561035156
        ],
        [
            0.12079541385173798,
            -0.7815418839454651,
            -0.009278349578380585
        ],
        [
            0.12637199461460114,
            -0.7747118473052979,
            -0.01186419278383255
        ],
        [
            0.12004043906927109,
            -0.7923636436462402,
            -0.010787278413772583
        ],
        [
            0.11725746840238571,
            -0.78813636302948,
            -0.01118478924036026
        ],
        [
            0.10807695984840393,
            -0.7818167209625244,
            -0.01606883853673935
        ],
        [
            0.11008099466562271,
            -0.7865991592407227,
            -0.016331322491168976
        ],
        [
            0.1027439683675766,
            -0.7874041795730591,
            -0.01902925968170166
        ],
        [
            0.10255174338817596,
            -0.7818505764007568,
            -0.01733473688364029
        ],
        [
            0.11636576801538467,
            -0.7815048098564148,
            -0.011537648737430573
        ],
        [
            0.11480751633644104,
            -0.7843223810195923,
            -0.013960272073745728
        ],
        [
            0.11144506186246872,
            -0.7805781364440918,
            -0.013683639466762543
        ],
        [
            0.11272098124027252,
            -0.7785137891769409,
            -0.0104389488697052
        ],
        [
            0.11107829213142395,
            -0.7923704981803894,
            -0.012807272374629974
        ],
        [
            0.10406632721424103,
            -0.7939454317092896,
            -0.015780217945575714
        ],
        [
            0.09627445042133331,
            -0.7951861619949341,
            -0.0182766392827034
        ],
        [
            0.09502648562192917,
            -0.7867540121078491,
            -0.021017253398895264
        ],
        [
            0.14264865219593048,
            -0.7665327787399292,
            -0.017800047993659973
        ],
        [
            0.13556653261184692,
            -0.7733693718910217,
            -0.017978928983211517
        ],
        [
            0.13201256096363068,
            -0.7685114145278931,
            -0.014613576233386993
        ],
        [
            0.1377738118171692,
            -0.7629164457321167,
            -0.015481941401958466
        ],
        [
            0.11629179120063782,
            -0.7753221988677979,
            -0.008830174803733826
        ],
        [
            0.11988496780395508,
            -0.7594544887542725,
            -0.010382406413555145
        ],
        [
            0.11971107125282288,
            -0.7631618976593018,
            -0.011085137724876404
        ],
        [
            0.11256878077983856,
            -0.7639374136924744,
            -0.009824812412261963
        ],
        [
            0.11334767937660217,
            -0.7604608535766602,
            -0.009514465928077698
        ],
        [
            0.1530841588973999,
            -0.7524068355560303,
            -0.013938449323177338
        ],
        [
            0.1458427608013153,
            -0.7510589361190796,
            -0.013690300285816193
        ],
        [
            0.14842131733894348,
            -0.7441954612731934,
            -0.01155746728181839
        ],
        [
            0.15605364739894867,
            -0.7442489862442017,
            -0.010419830679893494
        ],
        [
            0.1477881819009781,
            -0.7386445999145508,
            -0.008767195045948029
        ],
        [
            0.1577218770980835,
            -0.736585795879364,
            -0.00664830207824707
        ],
        [
            0.15169304609298706,
            -0.7225543260574341,
            0.0002954155206680298
        ],
        [
            0.15495818853378296,
            -0.7287132143974304,
            -0.0030382275581359863
        ],
        [
            0.14492715895175934,
            -0.7330354452133179,
            -0.006134457886219025
        ],
        [
            0.1390364021062851,
            -0.7279340028762817,
            -0.004593178629875183
        ],
        [
            0.12406950443983078,
            -0.7321603894233704,
            -0.00266188383102417
        ],
        [
            0.11807893216609955,
            -0.7308623790740967,
            -0.000668838620185852
        ],
        [
            0.12360496819019318,
            -0.7189568877220154,
            -0.0012855157256126404
        ],
        [
            0.13081443309783936,
            -0.7225565910339355,
            -0.003349088132381439
        ],
        [
            0.1228695884346962,
            -0.7534981369972229,
            -0.006675556302070618
        ],
        [
            0.12765970826148987,
            -0.7537304759025574,
            -0.007213033735752106
        ],
        [
            0.12620839476585388,
            -0.7549981474876404,
            -0.009219706058502197
        ],
        [
            0.12091715633869171,
            -0.756000280380249,
            -0.008868187665939331
        ],
        [
            0.1314384639263153,
            -0.7534059286117554,
            -0.008326515555381775
        ],
        [
            0.1331794559955597,
            -0.7530719041824341,
            -0.008927583694458008
        ],
        [
            0.1321503221988678,
            -0.7543219327926636,
            -0.00973578542470932
        ],
        [
            0.13082054257392883,
            -0.7541570663452148,
            -0.008750863373279572
        ],
        [
            0.1289546936750412,
            -0.753832221031189,
            -0.007824577391147614
        ],
        [
            0.12807413935661316,
            -0.7519019246101379,
            -0.007355242967605591
        ],
        [
            0.13046714663505554,
            -0.752619206905365,
            -0.008047632873058319
        ],
        [
            0.12363739311695099,
            -0.7509776949882507,
            -0.006980679929256439
        ],
        [
            0.10943903774023056,
            -0.7486376762390137,
            -0.004351690411567688
        ],
        [
            0.1131158322095871,
            -0.748940110206604,
            -0.005820825695991516
        ],
        [
            0.1123599112033844,
            -0.7533462047576904,
            -0.004586569964885712
        ],
        [
            0.10922709107398987,
            -0.75355064868927,
            -0.003385290503501892
        ],
        [
            0.12957897782325745,
            -0.7565200924873352,
            -0.009957544505596161
        ],
        [
            0.13175319135189056,
            -0.7577173709869385,
            -0.011559583246707916
        ],
        [
            0.12647245824337006,
            -0.7603352069854736,
            -0.011674508452415466
        ],
        [
            0.12620507180690765,
            -0.75771164894104,
            -0.010127522051334381
        ],
        [
            0.13362295925617218,
            -0.7594667077064514,
            -0.013575457036495209
        ],
        [
            0.13413691520690918,
            -0.7554881572723389,
            -0.011023938655853271
        ],
        [
            0.13684292137622833,
            -0.7563803195953369,
            -0.012758612632751465
        ],
        [
            0.13283506035804749,
            -0.751354455947876,
            -0.00846061110496521
        ],
        [
            0.13586844503879547,
            -0.7496075630187988,
            -0.009223900735378265
        ],
        [
            0.13546769320964813,
            -0.7521448731422424,
            -0.010567933320999146
        ],
        [
            0.1342705339193344,
            -0.7464247941970825,
            -0.007837019860744476
        ],
        [
            0.13040511310100555,
            -0.7494900226593018,
            -0.007371872663497925
        ],
        [
            0.12606418132781982,
            -0.7475735545158386,
            -0.006835520267486572
        ],
        [
            0.12043339014053345,
            -0.7458473443984985,
            -0.00613558292388916
        ],
        [
            0.12449470907449722,
            -0.7410844564437866,
            -0.005259431898593903
        ],
        [
            0.13015952706336975,
            -0.743459939956665,
            -0.006646312773227692
        ],
        [
            0.12834469974040985,
            -0.7644027471542358,
            -0.012967556715011597
        ],
        [
            0.13993430137634277,
            -0.7515556216239929,
            -0.011986717581748962
        ],
        [
            0.14224041998386383,
            -0.7580264806747437,
            -0.014634370803833008
        ],
        [
            0.1408419907093048,
            -0.7468208074569702,
            -0.010700158774852753
        ],
        [
            0.139822319149971,
            -0.7424421906471252,
            -0.008594326674938202
        ],
        [
            0.1363544762134552,
            -0.7385008335113525,
            -0.0065836235880851746
        ],
        [
            0.13023382425308228,
            -0.7350188493728638,
            -0.004611484706401825
        ],
        [
            0.13329419493675232,
            -0.7109962701797485,
            0.006096597760915756
        ],
        [
            0.1416858434677124,
            -0.7160630822181702,
            0.0027751624584198
        ],
        [
            0.12833139300346375,
            -0.8342459201812744,
            -0.024573884904384613
        ],
        [
            0.13660398125648499,
            -0.8335001468658447,
            -0.02857029438018799
        ],
        [
            0.14067882299423218,
            -0.826058030128479,
            -0.02432972937822342
        ],
        [
            0.1419263482093811,
            -0.8279812335968018,
            -0.02583673596382141
        ],
        [
            0.13569527864456177,
            -0.8295990824699402,
            -0.02481173723936081
        ],
        [
            0.13598904013633728,
            -0.8269979953765869,
            -0.02328622341156006
        ],
        [
            0.16156749427318573,
            -0.8197264671325684,
            -0.021787405014038086
        ],
        [
            0.1547328382730484,
            -0.8213602304458618,
            -0.021832600235939026
        ],
        [
            0.15629293024539948,
            -0.8176440000534058,
            -0.020536713302135468
        ],
        [
            0.1637152135372162,
            -0.8130995035171509,
            -0.0217946395277977
        ],
        [
            0.14634563028812408,
            -0.8097042441368103,
            -0.020144402980804443
        ],
        [
            0.15162932872772217,
            -0.8110620975494385,
            -0.020739100873470306
        ],
        [
            0.14647918939590454,
            -0.8176203966140747,
            -0.020740851759910583
        ],
        [
            0.14260755479335785,
            -0.8165860772132874,
            -0.020244531333446503
        ],
        [
            0.13853223621845245,
            -0.8160632252693176,
            -0.019247904419898987
        ],
        [
            0.13473817706108093,
            -0.81602942943573,
            -0.01727209985256195
        ],
        [
            0.13558286428451538,
            -0.8107911348342896,
            -0.01654389500617981
        ],
        [
            0.14056938886642456,
            -0.8099042773246765,
            -0.018580332398414612
        ],
        [
            0.12983709573745728,
            -0.8307533264160156,
            -0.02133093774318695
        ],
        [
            0.12478675693273544,
            -0.8300131559371948,
            -0.01605602353811264
        ],
        [
            0.12643757462501526,
            -0.8271532654762268,
            -0.016199104487895966
        ],
        [
            0.13049055635929108,
            -0.8276470899581909,
            -0.020800739526748657
        ],
        [
            0.12269409000873566,
            -0.8212695121765137,
            -0.005159832537174225
        ],
        [
            0.12275461852550507,
            -0.8235864043235779,
            -0.006933063268661499
        ],
        [
            0.11926525831222534,
            -0.8251000642776489,
            -0.005291149020195007
        ],
        [
            0.11947152018547058,
            -0.8206427097320557,
            -0.0038747638463974
        ],
        [
            0.12132270634174347,
            -0.8175973892211914,
            -0.005299009382724762
        ],
        [
            0.12344855070114136,
            -0.8195397853851318,
            -0.006231829524040222
        ],
        [
            0.1324893683195114,
            -0.8885504603385925,
            -0.023148760199546814
        ],
        [
            0.12433341145515442,
            -0.8721567392349243,
            -0.0256945863366127
        ],
        [
            0.15210045874118805,
            -0.8833023309707642,
            -0.023603565990924835
        ],
        [
            0.16811493039131165,
            -0.8734192848205566,
            -0.02083338052034378
        ],
        [
            0.18069136142730713,
            -0.8607361912727356,
            -0.017460130155086517
        ],
        [
            0.16301566362380981,
            -0.7572011351585388,
            -0.013520918786525726
        ],
        [
            0.1687055081129074,
            -0.7486257553100586,
            -0.009182348847389221
        ],
        [
            0.18245209753513336,
            -0.7566890716552734,
            -0.005985446274280548
        ],
        [
            0.1846228539943695,
            -0.7466495037078857,
            -0.00034884363412857056
        ],
        [
            0.1704074889421463,
            -0.7385413646697998,
            -0.004193529486656189
        ],
        [
            0.16304950416088104,
            -0.7204058170318604,
            0.008111953735351562
        ],
        [
            0.16852234303951263,
            -0.7284308671951294,
            0.0017335191369056702
        ],
        [
            0.1851627677679062,
            -0.7369362115859985,
            0.007885150611400604
        ],
        [
            0.20062997937202454,
            -0.750137984752655,
            0.0128713920712471
        ],
        [
            0.19708716869354248,
            -0.7574650049209595,
            0.003961458802223206
        ],
        [
            0.2116062194108963,
            -0.7667364478111267,
            0.018176041543483734
        ],
        [
            0.20561659336090088,
            -0.7424941062927246,
            0.025194697082042694
        ],
        [
            0.21556434035301208,
            -0.7660651206970215,
            0.02680116891860962
        ],
        [
            0.19365650415420532,
            -0.7062551975250244,
            0.03253253176808357
        ],
        [
            0.19804495573043823,
            -0.6950225830078125,
            0.03411490470170975
        ],
        [
            0.21462012827396393,
            -0.7010427713394165,
            0.03954517841339111
        ],
        [
            0.21066774427890778,
            -0.712820291519165,
            0.03628241643309593
        ],
        [
            0.19195248186588287,
            -0.7649059295654297,
            -0.0029489919543266296
        ],
        [
            0.18559232354164124,
            -0.8280497789382935,
            -0.014977537095546722
        ],
        [
            0.17551261186599731,
            -0.8273369669914246,
            -0.020954571664333344
        ],
        [
            0.19043998420238495,
            -0.815738320350647,
            -0.0132937952876091
        ],
        [
            0.19789673388004303,
            -0.8900312185287476,
            -0.005326226353645325
        ],
        [
            0.18141990900039673,
            -0.8835811614990234,
            -0.013005562126636505
        ],
        [
            0.19237713515758514,
            -0.8690952062606812,
            -0.01234462857246399
        ],
        [
            0.20570605993270874,
            -0.8769609928131104,
            -0.004023194313049316
        ],
        [
            0.16917413473129272,
            -0.924762487411499,
            0.0028126612305641174
        ],
        [
            0.15075132250785828,
            -0.9094142913818359,
            -0.012032732367515564
        ],
        [
            0.16529284417629242,
            -0.8986341953277588,
            -0.012719236314296722
        ],
        [
            0.18215881288051605,
            -0.9105469584465027,
            -0.0026010870933532715
        ],
        [
            0.21606899797916412,
            -0.8788061141967773,
            0.004046931862831116
        ],
        [
            0.2297755479812622,
            -0.8816176652908325,
            0.01744133234024048
        ],
        [
            0.23021183907985687,
            -0.8982685208320618,
            0.024012908339500427
        ],
        [
            0.21344278752803802,
            -0.8969333171844482,
            0.007963210344314575
        ],
        [
            0.2248380333185196,
            -0.9195446968078613,
            0.035361528396606445
        ],
        [
            0.2046932578086853,
            -0.918256938457489,
            0.01590244472026825
        ],
        [
            0.22085894644260406,
            -0.7521114945411682,
            0.038143277168273926
        ],
        [
            0.2239539474248886,
            -0.7716161012649536,
            0.03660047799348831
        ],
        [
            0.20542916655540466,
            -0.7265162467956543,
            0.031447120010852814
        ],
        [
            0.22026190161705017,
            -0.7347877025604248,
            0.04050792008638382
        ],
        [
            0.21385499835014343,
            -0.9349702596664429,
            0.049377791583538055
        ],
        [
            0.190818652510643,
            -0.9351276159286499,
            0.026519186794757843
        ],
        [
            0.25535789132118225,
            -0.864596962928772,
            0.06326255947351456
        ],
        [
            0.2516578435897827,
            -0.880805492401123,
            0.05357722193002701
        ],
        [
            0.2459278404712677,
            -0.8667529821395874,
            0.03896774351596832
        ],
        [
            0.2504498362541199,
