{
    "pred_cam": [
        1.7096641063690186,
        0.049943119287490845,
        0.5793648958206177
    ],
    "pred_smpl_params": {
        "global_orient": [
            [
                [
                    0.7363116145133972,
                    0.567570149898529,
                    -0.36838749051094055
                ],
                [
                    0.3097819983959198,
                    -0.7667863965034485,
                    -0.5622043013572693
                ],
                [
                    -0.6015649437904358,
                    0.29983776807785034,
                    -0.7404167652130127
                ]
            ]
        ],
        "body_pose": [
            [
                [
                    0.9995121955871582,
                    -0.03074808232486248,
                    -0.0054726810194551945
                ],
                [
                    0.026214351877570152,
                    0.7307205200195312,
                    0.6821733117103577
                ],
                [
                    -0.01697651296854019,
                    -0.6819839477539062,
                    0.731170117855072
                ]
            ],
            [
                [
                    0.9695861339569092,
                    0.2442551553249359,
                    0.01556070800870657
                ],
                [
                    -0.2243104875087738,
                    0.8613801598548889,
                    0.45575106143951416
                ],
                [
                    0.09791585803031921,
                    -0.4453803598880768,
                    0.8899712562561035
                ]
            ],
            [
                [
                    0.9998761415481567,
                    0.008957009762525558,
                    -0.0129429642111063
                ],
                [
                    -0.013563772663474083,
                    0.9075145721435547,
                    -0.4198014736175537
                ],
                [
                    0.007985763251781464,
                    0.4199250042438507,
                    0.9075236320495605
                ]
            ],
            [
                [
                    0.9715211987495422,
                    0.20336641371250153,
                    -0.12160886079072952
                ],
                [
                    -0.12663216888904572,
                    0.011823614127933979,
                    -0.9918793439865112
                ],
                [
                    -0.20027704536914825,
                    0.9790313243865967,
                    0.037239622324705124
                ]
            ],
            [
                [
                    0.9721283912658691,
                    -0.11377941071987152,
                    0.2049894481897354
                ],
                [
                    0.21346770226955414,
                    0.068022720515728,
                    -0.9745791554450989
                ],
                [
                    0.09694306552410126,
                    0.9911746382713318,
                    0.09041504561901093
                ]
            ],
            [
                [
                    0.9948091506958008,
                    -0.09720733016729355,
                    -0.030091427266597748
                ],
                [
                    0.0979231670498848,
                    0.994921088218689,
                    0.023303363472223282
                ],
                [
                    0.02767333760857582,
                    -0.026129046455025673,
                    0.9992754459381104
                ]
            ],
            [
                [
                    0.9477194547653198,
                    -0.11482983082532883,
                    0.297728031873703
                ],
                [
                    0.041889552026987076,
                    0.9697049260139465,
                    0.2406609207391739
                ],
                [
                    -0.31634336709976196,
                    -0.21560734510421753,
                    0.9238184094429016
                ]
            ],
            [
                [
                    0.9432968497276306,
                    0.0056153880432248116,
                    -0.33190301060676575
                ],
                [
                    0.0469297356903553,
                    0.9875584244728088,
                    0.15008662641048431
                ],
                [
                    0.3286163806915283,
                    -0.15715233981609344,
                    0.931297242641449
                ]
            ],
            [
                [
                    0.9968895316123962,
                    -0.0697425901889801,
                    -0.03670400008559227
                ],
                [
                    0.0679696574807167,
                    0.9965551495552063,
                    -0.047517817467451096
                ],
                [
                    0.03989157825708389,
                    0.04487525671720505,
                    0.9981957674026489
                ]
            ],
            [
                [
                    0.9982162117958069,
                    -0.0582115575671196,
                    -0.01326301135122776
                ],
                [
                    0.05921444296836853,
                    0.9936752915382385,
                    0.09540963172912598
                ],
                [
                    0.007625184021890163,
                    -0.09602479636669159,
                    0.9953497648239136
                ]
            ],
            [
                [
                    0.993760883808136,
                    0.09807677567005157,
                    0.05310675501823425
                ],
                [
                    -0.10600318014621735,
                    0.9786122441291809,
                    0.17629887163639069
                ],
                [
                    -0.03468009829521179,
                    -0.18082839250564575,
                    0.982903003692627
                ]
            ],
            [
                [
                    0.9948179125785828,
                    -0.09478632360696793,
                    -0.036779552698135376
                ],
                [
                    0.08683481067419052,
                    0.9802683591842651,
                    -0.17757746577262878
                ],
                [
                    0.0528857447206974,
                    0.17346352338790894,
                    0.9834192991256714
                ]
            ],
            [
                [
                    0.8633672595024109,
                    -0.04969975724816322,
                    -0.5021223425865173
                ],
                [
                    0.17432749271392822,
                    0.9632387161254883,
                    0.20440423488616943
                ],
                [
                    0.47350481152534485,
                    -0.2640096843242645,
                    0.8402928113937378
                ]
            ],
            [
                [
                    0.9332205057144165,
                    0.07784665375947952,
                    0.35076963901519775
                ],
                [
                    -0.14698486030101776,
                    0.97353595495224,
                    0.17499451339244843
                ],
                [
                    -0.3278641700744629,
                    -0.2148662954568863,
                    0.9199659824371338
                ]
            ],
            [
                [
                    0.9995898008346558,
                    -0.028570296242833138,
                    0.0019676859956234694
                ],
                [
                    0.028508812189102173,
                    0.9862120747566223,
                    -0.16301219165325165
                ],
                [
                    0.0027167494408786297,
                    0.1630014330148697,
                    0.9866220355033875
                ]
            ],
            [
                [
                    0.6738764643669128,
                    0.22473151981830597,
                    -0.7038366794586182
                ],
                [
                    0.0443287268280983,
                    0.9386050701141357,
                    0.34213361144065857
                ],
                [
                    0.7375129461288452,
                    -0.2617560029029846,
                    0.6225417852401733
                ]
            ],
            [
                [
                    0.9190812110900879,
                    -0.1655856966972351,
                    0.35759076476097107
                ],
                [
                    0.08421960473060608,
                    0.9690043330192566,
                    0.23224486410617828
                ],
                [
                    -0.38496342301368713,
                    -0.18333573639392853,
                    0.9045392274856567
                ]
            ],
            [
                [
                    0.4061031937599182,
                    -0.17223267257213593,
                    -0.8974497318267822
                ],
                [
                    0.38635939359664917,
                    0.922345757484436,
                    -0.002179825911298394
                ],
                [
                    0.8281343579292297,
                    -0.34585291147232056,
                    0.4411112666130066
                ]
            ],
            [
                [
                    0.2346682995557785,
                    0.23576213419437408,
                    0.9430519938468933
                ],
                [
                    -0.4622253477573395,
                    0.8805113434791565,
                    -0.10510722547769547
                ],
                [
                    -0.855148196220398,
                    -0.4112372100353241,
                    0.3156033456325531
                ]
            ],
            [
                [
                    0.9853301048278809,
                    -0.16709072887897491,
                    -0.03471734747290611
                ],
                [
                    0.1561441570520401,
                    0.9647723436355591,
                    -0.21173857152462006
                ],
                [
                    0.06887389719486237,
                    0.2032114714384079,
                    0.9767094850540161
                ]
            ],
            [
                [
                    0.9881338477134705,
                    0.151728093624115,
                    0.023876966908574104
                ],
                [
                    -0.14714577794075012,
                    0.9797075986862183,
                    -0.1360919028520584
                ],
                [
                    -0.04404141381382942,
                    0.13096360862255096,
                    0.9904083609580994
                ]
            ],
            [
                [
                    0.9930935502052307,
                    0.1057695597410202,
                    -0.05077417194843292
                ],
                [
                    -0.10484300553798676,
                    0.9942757487297058,
                    0.020585274323821068
                ],
                [
                    0.05266081914305687,
                    -0.015119785442948341,
                    0.9984980225563049
                ]
            ],
            [
                [
                    0.9947966933250427,
                    -0.0965426042675972,
                    0.0325428768992424
                ],
                [
                    0.09449362009763718,
                    0.993744969367981,
                    0.059514544904232025
                ],
                [
                    -0.038085002452135086,
                    -0.056129779666662216,
                    0.9976968765258789
                ]
            ]
        ],
        "betas": [
            0.06999392807483673,
            -0.09352844953536987,
            0.019808709621429443,
            0.11759765446186066,
            0.07069122791290283,
            -0.1643742322921753,
            0.014122635126113892,
            0.0037585794925689697,
            0.0021066516637802124,
            0.06827263534069061
        ]
    },
    "pred_cam_t": [
        0.049943119287490845,
        0.5793648958206177,
        22.848054885864258
    ],
    "focal_length": [
        5000.0,
        5000.0
    ],
    "pred_keypoints_3d": [
        [
            0.09331899136304855,
            -0.7900083065032959,
            -0.019237499684095383
        ],
        [
            0.1989893913269043,
            -0.6779926419258118,
            0.0981132984161377
        ],
        [
            0.04817502945661545,
            -0.6563184261322021,
            0.19391192495822906
        ],
        [
            -0.19746077060699463,
            -0.7253373861312866,
            0.20475587248802185
        ],
        [
            -0.18610070645809174,
            -0.9313943982124329,
            0.05345529317855835
        ],
        [
            0.286307156085968,
            -0.6130407452583313,
            -0.04038555920124054
        ],
        [
            0.20230241119861603,
            -0.7057111859321594,
            -0.27033329010009766
        ],
        [
            0.09506393224000931,
            -0.9272221326828003,
            -0.22575217485427856
        ],
        [
            -0.0018957443535327911,
            -0.22569915652275085,
            0.028790101408958435
        ],
        [
            -0.10205923020839691,
            -0.17488504946231842,
            0.04548054188489914
        ],
        [
            -0.4412081241607666,
            -0.05516873300075531,
            -0.0908675566315651
        ],
        [
            -0.374759316444397,
            0.29650694131851196,
            0.09070774167776108
        ],
        [
            -0.00017350283451378345,
            -0.13012467324733734,
            -0.035974495112895966
        ],
        [
            -0.21605807542800903,
            -0.045645199716091156,
            -0.3328898847103119
        ],
        [
            -0.30154213309288025,
            0.28395578265190125,
            -0.1213674545288086
        ],
        [
            0.09296533465385437,
            -0.8295630216598511,
            0.027646197006106377
        ],
        [
            0.13974109292030334,
            -0.8285545110702515,
            -0.020097680389881134
        ],
        [
            0.13008998334407806,
            -0.8156658411026001,
            0.12640129029750824
        ],
        [
            0.23482905328273773,
            -0.8146978616714478,
            0.019210509955883026
        ],
        [
            -0.40477174520492554,
            0.340243399143219,
            -0.28284603357315063
        ],
        [
            -0.33061572909355164,
            0.37193185091018677,
            -0.26212793588638306
        ],
        [
            -0.2740914821624756,
            0.3135164976119995,
            -0.06421245634555817
        ],
        [
            -0.5435450077056885,
            0.3635447025299072,
            0.010534167289733887
        ],
        [
            -0.5376807451248169,
            0.3424915671348572,
            0.09430629014968872
        ],
        [
            -0.32821476459503174,
            0.33145707845687866,
            0.1393853724002838
        ],
        [
            -0.36773014068603516,
            0.23864485323429108,
            0.10286569595336914
        ],
        [
            -0.403938353061676,
            -0.08363419026136398,
            -0.07953289151191711
        ],
        [
            -0.08680827915668488,
            -0.2822391092777252,
            0.1425471007823944
        ],
        [
            0.1326652318239212,
            -0.16822871565818787,
            -0.0298822782933712
        ],
        [
            -0.1866070181131363,
            -0.055335987359285355,
            -0.3226902484893799
        ],
        [
            -0.2679418623447418,
            0.2539457678794861,
            -0.12118221074342728
        ],
        [
            -0.15531891584396362,
            -0.9110723733901978,
            0.05548299476504326
        ],
        [
            -0.1714409440755844,
            -0.7518014907836914,
            0.21658195555210114
        ],
        [
            0.08143123239278793,
            -0.6717894673347473,
            0.18571525812149048
        ],
        [
            0.288789838552475,
            -0.6347458362579346,
            -0.013523160479962826
        ],
        [
            0.23094183206558228,
            -0.7293179035186768,
            -0.24506957828998566
        ],
        [
            0.1107173040509224,
            -0.9226080179214478,
            -0.21170078217983246
        ],
        [
            0.20275738835334778,
            -0.6775578260421753,
            0.09545408934354782
        ],
        [
            0.17401862144470215,
            -0.8683496117591858,
            0.057145796716213226
        ],
        [
            0.023197662085294724,
            -0.22531849145889282,
            0.05650743842124939
        ],
        [
            0.183059960603714,
            -0.6445525288581848,
            0.08531684428453445
        ],
        [
            0.13489088416099548,
            -0.4439895451068878,
            0.09001859277486801
        ],
        [
            0.15040621161460876,
            -0.7597965002059937,
            0.03078916296362877
        ],
        [
            0.17721110582351685,
            -0.8871638774871826,
            0.0668778121471405
        ]
    ],
    "pred_vertices": [
        [
            0.14880912005901337,
            -0.8749158978462219,
            -0.029231563210487366
        ],
        [
            0.14014485478401184,
            -0.8609274625778198,
            -0.029499299824237823
        ],
        [
            0.15404653549194336,
            -0.8575655221939087,
            -0.03138396143913269
        ],
        [
            0.1645623743534088,
            -0.8675349354743958,
            -0.028132982552051544
        ],
        [
            0.14705100655555725,
            -0.8483420610427856,
            -0.032709844410419464
        ],
        [
            0.13525117933750153,
            -0.8500494956970215,
            -0.030114293098449707
        ],
        [
            0.16606460511684418,
            -0.8508644104003906,
            -0.028817258775234222
        ],
        [
            0.17703643441200256,
            -0.8578183650970459,
            -0.023913487792015076
        ],
        [
            0.17706577479839325,
            -0.8137223720550537,
            -0.0238710418343544
        ],
        [
            0.18626800179481506,
            -0.8086122274398804,
            -0.019466638565063477
        ],
        [
            0.18549039959907532,
            -0.8212915062904358,
            -0.02110990881919861
        ],
        [
            0.17591798305511475,
            -0.8231890201568604,
            -0.023805662989616394
        ],
        [
            0.17796224355697632,
            -0.7880629301071167,
            -0.02022138237953186
        ],
        [
            0.16739949584007263,
            -0.7792221903800964,
            -0.021941468119621277
        ],
        [
            0.17559583485126495,
            -0.769677460193634,
            -0.01645277440547943
        ],
        [
            0.1858718991279602,
            -0.7780269384384155,
            -0.013380184769630432
        ],
        [
            0.12816861271858215,
            -0.7950896620750427,
            -0.016491234302520752
        ],
        [
            0.1325356662273407,
            -0.788164496421814,
            -0.019609227776527405
        ],
        [
            0.13610748946666718,
            -0.7946925163269043,
            -0.021741338074207306
        ],
        [
            0.1313347965478897,
            -0.8007786273956299,
            -0.017881229519844055
        ],
        [
            0.11762306839227676,
            -0.8055051565170288,
            -0.014429926872253418
        ],
        [
            0.12086720019578934,
            -0.8108209371566772,
            -0.012613557279109955
        ],
        [
            0.1139817163348198,
            -0.8150619268417358,
            -0.013126887381076813
        ],
        [
            0.11061737686395645,
            -0.8090206384658813,
            -0.016122248023748398
        ],
        [
            0.12392177432775497,
            -0.78998863697052,
            -0.013037089258432388
        ],
        [
            0.12900786101818085,
            -0.7828803062438965,
            -0.015852220356464386
        ],
        [
            0.12393972277641296,
            -0.8008953332901001,
            -0.01414652168750763
        ],
        [
            0.12086862325668335,
            -0.7968859672546387,
            -0.014716703444719315
        ],
        [
            0.11125019192695618,
            -0.7914027571678162,
            -0.019934065639972687
        ],
        [
            0.11360655725002289,
            -0.7960559129714966,
            -0.019993893802165985
        ],
        [
            0.10636332631111145,
            -0.7974828481674194,
            -0.02269836515188217
        ],
        [
            0.10576660186052322,
            -0.7918723821640015,
            -0.021234415471553802
        ],
        [
            0.11952050030231476,
            -0.7903414964675903,
            -0.015356436371803284
        ],
        [
            0.1181730404496193,
            -0.7933647632598877,
            -0.01768624037504196
        ],
        [
            0.11454986035823822,
            -0.7898523807525635,
            -0.01757434755563736
        ],
        [
            0.11565107107162476,
            -0.7875722646713257,
            -0.014391139149665833
        ],
        [
            0.11502484232187271,
            -0.8016079664230347,
            -0.016209714114665985
        ],
        [
            0.10813867300748825,
            -0.8037953972816467,
            -0.019170448184013367
        ],
        [
            0.10045737028121948,
            -0.8056834936141968,
            -0.02166053280234337
        ],
        [
            0.09860050678253174,
            -0.7974398136138916,
            -0.024740058928728104
        ],
        [
            0.14472220838069916,
            -0.7738685011863708,
            -0.022021174430847168
        ],
        [
            0.13818404078483582,
            -0.7811945676803589,
            -0.02194247394800186
        ],
        [
            0.13424000144004822,
            -0.7764248251914978,
            -0.018826037645339966
        ],
        [
            0.1395878791809082,
            -0.7704792022705078,
            -0.019915662705898285
        ],
        [
            0.11897681653499603,
            -0.784068763256073,
            -0.01289411261677742
        ],
        [
            0.12144599854946136,
            -0.7680100798606873,
            -0.01505335420370102
        ],
        [
            0.12153138965368271,
            -0.771756112575531,
            -0.015603452920913696
        ],
        [
            0.11443080753087997,
            -0.7729794979095459,
            -0.014362063258886337
        ],
        [
            0.11496012657880783,
            -0.76943039894104,
            -0.014181341975927353
        ],
        [
            0.1540956199169159,
            -0.7589002847671509,
            -0.018731683492660522
        ],
        [
            0.1467830091714859,
            -0.7580217123031616,
            -0.01855871081352234
        ],
        [
            0.1488361358642578,
            -0.7509094476699829,
            -0.016708970069885254
        ],
        [
            0.15640759468078613,
            -0.7504185438156128,
            -0.015539780259132385
        ],
        [
            0.1476961076259613,
            -0.7452583909034729,
            -0.01409880816936493
        ],
        [
            0.15744613111019135,
            -0.7424783706665039,
            -0.012038365006446838
        ],
        [
            0.1504611074924469,
            -0.7285243272781372,
            -0.005619291216135025
        ],
        [
            0.15413683652877808,
            -0.734615683555603,
            -0.008729182183742523
        ],
        [
            0.14445389807224274,
            -0.7397094964981079,
            -0.011671997606754303
        ],
        [
            0.13822303712368011,
            -0.7349130511283875,
            -0.010318055748939514
        ],
        [
            0.1237175241112709,
            -0.7401539087295532,
            -0.008406758308410645
        ],
        [
            0.11758020520210266,
            -0.7391636371612549,
            -0.006504621356725693
        ],
        [
            0.12228379398584366,
            -0.7268633842468262,
            -0.0075269900262355804
        ],
        [
            0.1296389102935791,
            -0.7300536632537842,
            -0.009324144572019577
        ],
        [
            0.1239820271730423,
            -0.7617030739784241,
            -0.011581245809793472
        ],
        [
            0.12880289554595947,
            -0.7616316080093384,
            -0.012080077081918716
        ],
        [
            0.12745694816112518,
            -0.7630840539932251,
            -0.014060057699680328
        ],
        [
            0.12224160134792328,
            -0.7644364833831787,
            -0.01370873674750328
        ],
        [
            0.1325790286064148,
            -0.7611096501350403,
            -0.013204962015151978
        ],
        [
            0.13428768515586853,
            -0.7606817483901978,
            -0.013823464512825012
        ],
        [
            0.13335999846458435,
            -0.7620319128036499,
            -0.014585919678211212
        ],
        [
            0.13203760981559753,
            -0.7619298100471497,
            -0.013605140149593353
        ],
        [
            0.130146786570549,
            -0.7616905570030212,
            -0.012684259563684464
        ],
        [
            0.12912142276763916,
            -0.759804368019104,
            -0.012274786829948425
        ],
        [
            0.13154391944408417,
            -0.760377049446106,
            -0.012947231531143188
        ],
        [
            0.12461265921592712,
            -0.759164035320282,
            -0.011963479220867157
        ],
        [
            0.11017002165317535,
            -0.7576589584350586,
            -0.009505856782197952
        ],
        [
            0.113895945250988,
            -0.7577788829803467,
            -0.010968215763568878
        ],
        [
            0.11344794929027557,
            -0.7622005939483643,
            -0.009544294327497482
        ],
        [
            0.11030270159244537,
            -0.7625575065612793,
            -0.008321531116962433
        ],
        [
            0.13095593452453613,
            -0.7644045352935791,
            -0.014721564948558807
        ],
        [
            0.13318973779678345,
            -0.7655194997787476,
            -0.016264304518699646
        ],
        [
            0.1281038075685501,
            -0.7685075998306274,
            -0.016282878816127777
        ],
        [
            0.1276390552520752,
            -0.765838623046875,
            -0.014859024435281754
        ],
        [
            0.13519972562789917,
            -0.7672414183616638,
            -0.018187038600444794
        ],
        [
            0.13542109727859497,
            -0.7631140947341919,
            -0.01582532376050949
        ],
        [
            0.13816764950752258,
            -0.7638697028160095,
            -0.017499491572380066
        ],
        [
            0.13382278382778168,
            -0.7589758634567261,
            -0.013405241072177887
        ],
        [
            0.1367201954126358,
            -0.7570571303367615,
            -0.01424272358417511
        ],
        [
            0.13651522994041443,
            -0.7596735954284668,
            -0.015491768717765808
        ],
        [
            0.13490161299705505,
            -0.7539336681365967,
            -0.01295839250087738
        ],
        [
            0.131264790892601,
            -0.7572276592254639,
            -0.012362051755189896
        ],
        [
            0.1267894059419632,
            -0.7555840611457825,
            -0.01191961020231247
        ],
        [
            0.12103543430566788,
            -0.754210352897644,
            -0.01133924350142479
        ],
        [
            0.12476816773414612,
            -0.7491450309753418,
            -0.010631389915943146
        ],
        [
            0.1305934637784958,
            -0.751197099685669,
            -0.011869974434375763
        ],
        [
            0.13026146590709686,
            -0.7724828124046326,
            -0.017372705042362213
        ],
        [
            0.14093151688575745,
            -0.7588416337966919,
            -0.016898877918720245
        ],
        [
            0.14368833601474762,
            -0.7652491331100464,
            -0.019236676394939423
        ],
        [
            0.141489177942276,
            -0.7539999485015869,
            -0.01580004394054413
        ],
        [
            0.14013774693012238,
            -0.7496030330657959,
            -0.013859279453754425
        ],
        [
            0.13630735874176025,
            -0.7457917928695679,
            -0.011941175907850266
        ],
        [
            0.13008061051368713,
            -0.7426759004592896,
            -0.01018187403678894
        ],
        [
            0.13142970204353333,
            -0.7179408073425293,
            -0.00028191134333610535
        ],
        [
            0.14003726840019226,
            -0.722579836845398,
            -0.003342714160680771
        ],
        [
            0.13525450229644775,
            -0.8426153659820557,
            -0.026109054684638977
        ],
        [
            0.14343103766441345,
            -0.841437816619873,
            -0.03017125278711319
        ],
        [
            0.14698024094104767,
            -0.8335818648338318,
            -0.026269473135471344
        ],
        [
            0.14836043119430542,
            -0.8354833126068115,
            -0.02766844630241394
        ],
        [
            0.14228294789791107,
            -0.8375123739242554,
            -0.02654442936182022
        ],
        [
            0.1423725038766861,
            -0.8348288536071777,
            -0.02517581731081009
        ],
        [
            0.16729196906089783,
            -0.8256511688232422,
            -0.02379116415977478
        ],
        [
            0.16062502562999725,
            -0.8277626037597656,
            -0.023875094950199127
        ],
        [
            0.16188693046569824,
            -0.8238863348960876,
            -0.0226835235953331
        ],
        [
            0.1689305156469345,
            -0.8189164400100708,
            -0.024011366069316864
        ],
        [
            0.15145082771778107,
            -0.816679835319519,
            -0.022628456354141235
        ],
        [
            0.15678073465824127,
            -0.8176677227020264,
            -0.023099981248378754
        ],
        [
            0.15213418006896973,
            -0.824587345123291,
            -0.02296128123998642
        ],
        [
            0.14821037650108337,
            -0.8238210082054138,
            -0.022536858916282654
        ],
        [
            0.14410609006881714,
            -0.8235602378845215,
            -0.021566420793533325
        ],
        [
            0.14027932286262512,
            -0.8237082958221436,
            -0.019609957933425903
        ],
        [
            0.14078807830810547,
            -0.8184006810188293,
            -0.01908927410840988
        ],
        [
            0.1457170993089676,
            -0.8172447085380554,
            -0.021119490265846252
        ],
        [
            0.13652107119560242,
            -0.8389327526092529,
            -0.022981122136116028
        ],
        [
            0.13135963678359985,
            -0.8383235931396484,
            -0.017805472016334534
        ],
        [
            0.132825568318367,
            -0.8353493213653564,
            -0.018061615526676178
        ],
        [
            0.1369304209947586,
            -0.8357442021369934,
            -0.022626064717769623
        ],
        [
            0.12861588597297668,
            -0.8292946815490723,
            -0.007339075207710266
        ],
        [
            0.12884923815727234,
            -0.8316734433174133,
            -0.00900617241859436
        ],
        [
            0.12546537816524506,
            -0.8333358764648438,
            -0.007357746362686157
        ],
        [
            0.12535163760185242,
            -0.8288403153419495,
            -0.006117865443229675
        ],
        [
            0.12698395550251007,
            -0.8257482647895813,
            -0.007681615650653839
        ],
        [
            0.12924829125404358,
            -0.8275831937789917,
            -0.008507996797561646
        ],
        [
            0.14307361841201782,
            -0.8962147235870361,
            -0.022342100739479065
        ],
        [
            0.1337718367576599,
            -0.8805485963821411,
            -0.025540791451931
        ],
        [
            0.16221457719802856,
            -0.8897180557250977,
            -0.02307380735874176
        ],
        [
            0.17748455703258514,
            -0.8786944150924683,
            -0.020586200058460236
        ],
        [
            0.18909554183483124,
            -0.8650598526000977,
            -0.017769932746887207
        ],
        [
            0.16433241963386536,
            -0.7630012035369873,
            -0.018132656812667847
        ],
        [
            0.1693306267261505,
            -0.7538862228393555,
            -0.014115415513515472
        ],
        [
            0.18354344367980957,
            -0.7608761191368103,
            -0.01059652864933014
        ],
        [
            0.1849696934223175,
            -0.7505252361297607,
            -0.005343183875083923
        ],
        [
            0.1702471822500229,
            -0.7435199618339539,
            -0.009516984224319458
        ],
        [
            0.1615786850452423,
            -0.7253417372703552,
            0.0022050514817237854
        ],
        [
            0.16761422157287598,
            -0.733291745185852,
            -0.003967065364122391
        ],
        [
            0.18477961421012878,
            -0.740492582321167,
            0.0025080591440200806
        ],
        [
            0.2011159211397171,
            -0.7524280548095703,
            0.00800563395023346
        ],
        [
            0.19808705151081085,
            -0.7602096796035767,
            -0.0005699992179870605
        ],
        [
            0.21313250064849854,
            -0.768030047416687,
            0.013903573155403137
        ],
        [
            0.20547427237033844,
            -0.7442237138748169,
            0.020080052316188812
        ],
        [
            0.21691739559173584,
            -0.7668707370758057,
            0.02250417321920395
        ],
        [
            0.1915886551141739,
            -0.7086406350135803,
            0.0264861062169075
        ],
        [
            0.1956193745136261,
            -0.6971864700317383,
            0.02769724652171135
        ],
        [
            0.21261084079742432,
            -0.7026121616363525,
            0.03263097628951073
        ],
        [
            0.2090287208557129,
            -0.7144455909729004,
            0.02995176985859871
        ],
        [
            0.19359856843948364,
            -0.7682740688323975,
            -0.007193207740783691
        ],
        [
            0.19168712198734283,
            -0.8320198655128479,
            -0.016649000346660614
        ],
        [
            0.1816146820783615,
            -0.8322314023971558,
            -0.02255340665578842
        ],
        [
            0.19553346931934357,
            -0.8194085359573364,
            -0.015304751694202423
        ],
        [
            0.20829468965530396,
            -0.8926546573638916,
            -0.004497885704040527
        ],
        [
            0.19139136373996735,
            -0.8876039981842041,
            -0.012447625398635864
        ],
        [
            0.20131777226924896,
            -0.8723655343055725,
            -0.012407936155796051
        ],
        [
            0.21506215631961823,
            -0.8789415955543518,
            -0.0037218481302261353
        ],
        [
            0.18206413090229034,
            -0.9288305640220642,
            0.005075715482234955
        ],
        [
            0.16265520453453064,
            -0.9153867959976196,
            -0.010462865233421326
        ],
        [
            0.17635126411914825,
            -0.9036456346511841,
            -0.011512391269207
        ],
        [
            0.1940377950668335,
            -0.9139943718910217,
            -0.000912792980670929
        ],
        [
            0.2255360335111618,
            -0.8797523975372314,
            0.004488863050937653
        ],
        [
            0.2392851710319519,
            -0.8810530304908752,
            0.018029235303401947
        ],
        [
            0.24078933894634247,
            -0.8973053693771362,
            0.02527380734682083
        ],
        [
            0.2241552621126175,
            -0.8978236317634583,
            0.009113788604736328
        ],
        [
            0.23694342374801636,
            -0.918412446975708,
            0.037433870136737823
        ],
        [
            0.21682444214820862,
            -0.9193369150161743,
            0.018060117959976196
        ],
        [
            0.2214127480983734,
            -0.7525665163993835,
            0.033135198056697845
        ],
        [
            0.22579288482666016,
            -0.7715481519699097,
            0.03231785446405411
        ],
        [
            0.20432129502296448,
            -0.728319525718689,
            0.025790680199861526
        ],
        [
            0.2199217677116394,
            -0.7355433106422424,
            0.034776002168655396
        ],
        [
            0.22706282138824463,
            -0.9340052008628845,
            0.0520901158452034
        ],
        [
            0.2041930854320526,
            -0.9367064237594604,
            0.029263466596603394
        ],
        [
            0.26336291432380676,
            -0.8606988191604614,
            0.0630948543548584
        ],
        [
            0.2609054744243622,
            -0.8773946762084961,
            0.054182931780815125
        ],
        [
            0.25424468517303467,
            -0.864378035068512,
            0.038955993950366974
        ],
        [
            0.2577268183231354,
            -0.8503509759902954,
