{
    "pred_cam": [
        1.6538617610931396,
        0.044865645468235016,
        0.5753921270370483
    ],
    "pred_smpl_params": {
        "global_orient": [
            [
                [
                    0.7264220118522644,
                    0.5817193388938904,
                    -0.36594220995903015
                ],
                [
                    0.3319929540157318,
                    -0.7632550001144409,
                    -0.5542765855789185
                ],
                [
                    -0.6017405986785889,
                    0.2811485230922699,
                    -0.7475719451904297
                ]
            ]
        ],
        "body_pose": [
            [
                [
                    0.9997261762619019,
                    -0.023227615281939507,
                    -0.0028238489758223295
                ],
                [
                    0.0194392167031765,
                    0.7573134899139404,
                    0.6527621150016785
                ],
                [
                    -0.013023573905229568,
                    -0.65263831615448,
                    0.7575576305389404
                ]
            ],
            [
                [
                    0.975687563419342,
                    0.2185954749584198,
                    0.015804925933480263
                ],
                [
                    -0.2029738575220108,
                    0.8740463256835938,
                    0.4414120614528656
                ],
                [
                    0.08267644792795181,
                    -0.4338882565498352,
                    0.8971652984619141
                ]
            ],
            [
                [
                    0.9998921751976013,
                    0.007778098341077566,
                    -0.012455692514777184
                ],
                [
                    -0.012146458961069584,
                    0.9147472381591797,
                    -0.4038439989089966
                ],
                [
                    0.008252671919763088,
                    0.4039517343044281,
                    0.9147430658340454
                ]
            ],
            [
                [
                    0.9737348556518555,
                    0.2005690634250641,
                    -0.10776126384735107
                ],
                [
                    -0.12489239126443863,
                    0.07478055357933044,
                    -0.9893481135368347
                ],
                [
                    -0.1903741955757141,
                    0.9768213033676147,
                    0.0978659838438034
                ]
            ],
            [
                [
                    0.9728172421455383,
                    -0.11380990594625473,
                    0.20167772471904755
                ],
                [
                    0.21363122761249542,
                    0.104930080473423,
                    -0.9712627530097961
                ],
                [
                    0.0893772765994072,
                    0.9879458546638489,
                    0.12639114260673523
                ]
            ],
            [
                [
                    0.9938804507255554,
                    -0.10659823566675186,
                    -0.028957128524780273
                ],
                [
                    0.10721959173679352,
                    0.9940173029899597,
                    0.02082238905131817
                ],
                [
                    0.026564257219433784,
                    -0.02379973605275154,
                    0.9993637800216675
                ]
            ],
            [
                [
                    0.948214054107666,
                    -0.11570695042610168,
                    0.29580727219581604
                ],
                [
                    0.046652961522340775,
                    0.9719230532646179,
                    0.23062744736671448
                ],
                [
                    -0.3141871392726898,
                    -0.20488391816616058,
                    0.9269891977310181
                ]
            ],
            [
                [
                    0.9438424706459045,
                    0.005750007927417755,
                    -0.330346018075943
                ],
                [
                    0.041344232857227325,
                    0.989933967590332,
                    0.1353568136692047
                ],
                [
                    0.3277990221977234,
                    -0.1414133906364441,
                    0.9341039657592773
                ]
            ],
            [
                [
                    0.9962940812110901,
                    -0.07807676494121552,
                    -0.036085017025470734
                ],
                [
                    0.07638593763113022,
                    0.9960132241249084,
                    -0.046075157821178436
                ],
                [
                    0.03953855112195015,
                    0.043148018419742584,
                    0.9982860684394836
                ]
            ],
            [
                [
                    0.9984330534934998,
                    -0.05330865457653999,
                    -0.01702011190354824
                ],
                [
                    0.05471562594175339,
                    0.9937636256217957,
                    0.09715969115495682
                ],
                [
                    0.011734514497220516,
                    -0.09793870896100998,
                    0.9951232671737671
                ]
            ],
            [
                [
                    0.9942923784255981,
                    0.09369218349456787,
                    0.05103432387113571
                ],
                [
                    -0.10096064954996109,
                    0.9809154272079468,
                    0.16616785526275635
                ],
                [
                    -0.034491728991270065,
                    -0.170371875166893,
                    0.984775960445404
                ]
            ],
            [
                [
                    0.9895291328430176,
                    -0.11346215009689331,
                    -0.08921082317829132
                ],
                [
                    0.095485158264637,
                    0.9781113862991333,
                    -0.18487977981567383
                ],
                [
                    0.10823499411344528,
                    0.17442560195922852,
                    0.9787036776542664
                ]
            ],
            [
                [
                    0.8635764718055725,
                    -0.033081796020269394,
                    -0.5031314492225647
                ],
                [
                    0.16094577312469482,
                    0.9637314081192017,
                    0.21288080513477325
                ],
                [
                    0.4778410792350769,
                    -0.2648157477378845,
                    0.837580144405365
                ]
            ],
            [
                [
                    0.931185781955719,
                    0.06761142611503601,
                    0.3582202196121216
                ],
                [
                    -0.13992126286029816,
                    0.9736737608909607,
                    0.1799485832452774
                ],
                [
                    -0.33662304282188416,
                    -0.21768818795681,
                    0.9161314368247986
                ]
            ],
            [
                [
                    0.9986974000930786,
                    -0.041067250072956085,
                    -0.03028051182627678
                ],
                [
                    0.035008613020181656,
                    0.9832494258880615,
                    -0.17887164652347565
                ],
                [
                    0.0371190570294857,
                    0.17757858335971832,
                    0.9834063649177551
                ]
            ],
            [
                [
                    0.6504225730895996,
                    0.24720391631126404,
                    -0.7182204723358154
                ],
                [
                    0.028703825548291206,
                    0.9368840456008911,
                    0.3484598994255066
                ],
                [
                    0.7590300440788269,
                    -0.24726185202598572,
                    0.6022748351097107
                ]
            ],
            [
                [
                    0.9106515049934387,
                    -0.17697174847126007,
                    0.3733561336994171
                ],
                [
                    0.0924093946814537,
                    0.9679734110832214,
                    0.23342640697956085
                ],
                [
                    -0.4027087092399597,
                    -0.17806848883628845,
                    0.8978403210639954
                ]
            ],
            [
                [
                    0.4261121153831482,
                    -0.1710505485534668,
                    -0.8883525133132935
                ],
                [
                    0.3897080421447754,
                    0.9208883047103882,
                    0.009614300914108753
                ],
                [
                    0.8164288401603699,
                    -0.35029491782188416,
                    0.4590614438056946
                ]
            ],
            [
                [
                    0.24730749428272247,
                    0.24032525718212128,
                    0.9386600852012634
                ],
                [
                    -0.4716982841491699,
                    0.876068651676178,
                    -0.10002225637435913
                ],
                [
                    -0.8463685512542725,
                    -0.4180281162261963,
                    0.33001935482025146
                ]
            ],
            [
                [
                    0.9863399863243103,
                    -0.16222573816776276,
                    -0.028569286689162254
                ],
                [
                    0.15364204347133636,
                    0.9685864448547363,
                    -0.19553661346435547
                ],
                [
                    0.059392888098955154,
                    0.18847614526748657,
                    0.9802802205085754
                ]
            ],
            [
                [
                    0.9880467057228088,
                    0.15252023935317993,
                    0.022389916703104973
                ],
                [
                    -0.14841347932815552,
                    0.9804302453994751,
                    -0.12934446334838867
                ],
                [
                    -0.04167940095067024,
                    0.1244754046201706,
                    0.9913469552993774
                ]
            ],
            [
                [
                    0.99225914478302,
                    0.11306042224168777,
                    -0.05137290060520172
                ],
                [
                    -0.11211740970611572,
                    0.9934754371643066,
                    0.020890463143587112
                ],
                [
                    0.05339958891272545,
                    -0.014968955889344215,
                    0.998461127281189
                ]
            ],
            [
                [
                    0.994667112827301,
                    -0.09772564470767975,
                    0.03297168016433716
                ],
                [
                    0.09573444724082947,
                    0.9937529563903809,
                    0.05735933035612106
                ],
                [
                    -0.03837117925286293,
                    -0.05389690771698952,
                    0.997809112071991
                ]
            ]
        ],
        "betas": [
            0.07059197127819061,
            -0.10680824518203735,
            -0.00015369057655334473,
            0.14555351436138153,
            0.06905242800712585,
            -0.16957023739814758,
            0.022782742977142334,
            0.004593610763549805,
            0.0005165189504623413,
            0.07217857241630554
        ]
    },
    "pred_cam_t": [
        0.044865645468235016,
        0.5753921270370483,
        23.61896324157715
    ],
    "focal_length": [
        5000.0,
        5000.0
    ],
    "pred_keypoints_3d": [
        [
            0.09165748953819275,
            -0.7878462076187134,
            -0.010583687573671341
        ],
        [
            0.20651187002658844,
            -0.6756277084350586,
            0.09657393395900726
        ],
        [
            0.05418763309717178,
            -0.6546741127967834,
            0.1915154755115509
        ],
        [
            -0.191476970911026,
            -0.7240443229675293,
            0.19426682591438293
        ],
        [
            -0.17748995125293732,
            -0.9325927495956421,
            0.04671254754066467
        ],
        [
            0.29358357191085815,
            -0.609096109867096,
            -0.042824942618608475
        ],
        [
            0.20172184705734253,
            -0.700995147228241,
            -0.26997020840644836
        ],
        [
            0.09936017543077469,
            -0.9254550933837891,
            -0.22872939705848694
        ],
        [
            -0.0019277357496321201,
            -0.22589293122291565,
            0.028798481449484825
        ],
        [
            -0.10264556854963303,
            -0.1769666075706482,
            0.04717407375574112
        ],
        [
            -0.4393257796764374,
            -0.05058227479457855,
            -0.08855844289064407
        ],
        [
            -0.38373425602912903,
            0.3005942106246948,
            0.09700598567724228
        ],
        [
            -0.0022720613051205873,
            -0.12922623753547668,
            -0.034187644720077515
        ],
        [
            -0.22559818625450134,
            -0.02997560054063797,
            -0.32050129771232605
        ],
        [
            -0.3203112483024597,
            0.296662300825119,
            -0.10880990326404572
        ],
        [
            0.09459436684846878,
            -0.8267545104026794,
            0.03679987043142319
        ],
        [
            0.1370319128036499,
            -0.8272998332977295,
            -0.014762252569198608
        ],
        [
            0.14019565284252167,
            -0.8123375177383423,
            0.1315663754940033
        ],
        [
            0.23571975529193878,
            -0.8146173357963562,
            0.016035206615924835
        ],
        [
            -0.4252515733242035,
            0.3518502116203308,
            -0.2694077789783478
        ],
        [
            -0.3516230583190918,
            0.3852667808532715,
            -0.24909110367298126
        ],
        [
            -0.29348957538604736,
            0.3264843225479126,
            -0.051408231258392334
        ],
        [
            -0.5518025159835815,
            0.3681407570838928,
            0.015094161033630371
        ],
        [
            -0.5471464395523071,
            0.345318078994751,
            0.09856703877449036
        ],
        [
            -0.3384680449962616,
            0.33506500720977783,
            0.1471320390701294
        ],
        [
            -0.37604036927223206,
            0.24264611303806305,
            0.1086932122707367
        ],
        [
            -0.40169835090637207,
            -0.07992354780435562,
            -0.07757294178009033
        ],
        [
            -0.0850614458322525,
            -0.2860493063926697,
            0.1417844295501709
        ],
        [
            0.130719855427742,
            -0.16601987183094025,
            -0.030237892642617226
        ],
        [
            -0.19538411498069763,
            -0.04082491621375084,
            -0.31107109785079956
        ],
        [
            -0.2860318720340729,
            0.2674485146999359,
            -0.10859474539756775
        ],
        [
            -0.14656415581703186,
            -0.9125409722328186,
            0.049286697059869766
        ],
        [
            -0.1656419336795807,
            -0.7503267526626587,
            0.20723344385623932
        ],
        [
            0.08798079192638397,
            -0.6698794364929199,
            0.1836785078048706
        ],
        [
            0.2954077422618866,
            -0.6309683322906494,
            -0.01595538854598999
        ],
        [
            0.23172831535339355,
            -0.724435567855835,
            -0.2459832727909088
        ],
        [
            0.11547209322452545,
            -0.9210121631622314,
            -0.21519669890403748
        ],
        [
            0.20988991856575012,
            -0.6750302314758301,
            0.0936247706413269
        ],
        [
            0.1770322322845459,
            -0.8667811751365662,
            0.05972900986671448
        ],
        [
            0.0231044702231884,
            -0.22611582279205322,
            0.05588379502296448
        ],
        [
            0.18974615633487701,
            -0.6418233513832092,
            0.0831238329410553
        ],
        [
            0.13964204490184784,
            -0.4421707093715668,
            0.08725648373365402
        ],
        [
            0.15303802490234375,
            -0.7580776214599609,
            0.0336744450032711
        ],
        [
            0.18056493997573853,
            -0.8854495882987976,
            0.06951101869344711
        ]
    ],
    "pred_vertices": [
        [
            0.14476238191127777,
            -0.8738391399383545,
            -0.024055209010839462
        ],
        [
            0.136330708861351,
            -0.8597227334976196,
            -0.023786649107933044
        ],
        [
            0.1501161903142929,
            -0.8566328287124634,
            -0.026927124708890915
        ],
        [
            0.16066397726535797,
            -0.8667804002761841,
            -0.02435283362865448
        ],
        [
            0.14314933121204376,
            -0.8473234176635742,
            -0.02776537835597992
        ],
        [
            0.13151511549949646,
            -0.8487732410430908,
            -0.02416033297777176
        ],
        [
            0.16241790354251862,
            -0.8501545190811157,
            -0.025449439883232117
        ],
        [
            0.173581063747406,
            -0.8572345972061157,
            -0.021363064646720886
        ],
        [
            0.17425766587257385,
            -0.8132408857345581,
            -0.021896444261074066
        ],
        [
            0.18387490510940552,
            -0.8082807064056396,
            -0.018355607986450195
        ],
        [
            0.1828920841217041,
            -0.820874035358429,
            -0.019850455224514008
        ],
        [
            0.1730787754058838,
            -0.8226413130760193,
            -0.02171190083026886
        ],
        [
            0.17603550851345062,
            -0.7874958515167236,
            -0.018754370510578156
        ],
        [
            0.16549420356750488,
            -0.7784892320632935,
            -0.01968725398182869
        ],
        [
            0.17435365915298462,
            -0.7690128087997437,
            -0.015056267380714417
        ],
        [
            0.18471181392669678,
            -0.7775072455406189,
            -0.012742951512336731
        ],
        [
            0.12643586099147797,
            -0.7935810089111328,
            -0.010725487023591995
        ],
        [
            0.13067767024040222,
            -0.7867715954780579,
            -0.014347143471240997
        ],
        [
            0.13392940163612366,
            -0.7933948636054993,
            -0.01665636897087097
        ],
        [
            0.12936434149742126,
            -0.7993422150611877,
            -0.012287717312574387
        ],
        [
            0.11597269773483276,
            -0.8037538528442383,
            -0.007611040025949478
        ],
        [
            0.11926408112049103,
            -0.8091033697128296,
            -0.0060003362596035
        ],
        [
            0.11228775978088379,
            -0.8132176399230957,
            -0.005846761167049408
        ],
        [
            0.10879386961460114,
            -0.8071527481079102,
            -0.008648693561553955
        ],
        [
            0.12259896099567413,
            -0.7883632183074951,
            -0.006985481828451157
        ],
        [
            0.12758231163024902,
            -0.7813746929168701,
            -0.010416492819786072
        ],
        [
            0.12230996787548065,
            -0.7992805242538452,
            -0.007915042340755463
        ],
        [
            0.11933697760105133,
            -0.7952030301094055,
            -0.008318956941366196
        ],
        [
            0.10942929983139038,
            -0.7896081805229187,
            -0.012784279882907867
        ],
        [
            0.11168631911277771,
            -0.7943097949028015,
            -0.012976106256246567
        ],
        [
            0.10420846939086914,
            -0.7956230640411377,
            -0.014988958835601807
        ],
        [
            0.10384473204612732,
            -0.7899989485740662,
            -0.013578616082668304
        ],
        [
            0.11805848777294159,
            -0.7886533737182617,
            -0.008908163756132126
        ],
        [
            0.116465725004673,
            -0.7916765213012695,
            -0.011074762791395187
        ],
        [
            0.11293425410985947,
            -0.7880944013595581,
            -0.01071242243051529
        ],
        [
            0.11434994637966156,
            -0.785794734954834,
            -0.007676664739847183
        ],
        [
            0.11329582333564758,
            -0.7998300790786743,
            -0.009208142757415771
        ],
        [
            0.10615300387144089,
            -0.8019213080406189,
            -0.011529617011547089
        ],
        [
            0.0982588529586792,
            -0.8036946058273315,
            -0.013333048671483994
        ],
        [
            0.09632603824138641,
            -0.7954608201980591,
            -0.016402922570705414
        ],
        [
            0.14295974373817444,
            -0.7727205753326416,
            -0.01801469177007675
        ],
        [
            0.13624539971351624,
            -0.7799302339553833,
            -0.017235659062862396
        ],
        [
            0.13269026577472687,
            -0.7750434875488281,
            -0.013919603079557419
        ],
        [
            0.1380683183670044,
            -0.7692071795463562,
            -0.015550121665000916
        ],
        [
            0.1178712323307991,
            -0.7823245525360107,
            -0.00655592605471611
        ],
        [
            0.12049887329339981,
            -0.7663349509239197,
            -0.009218502789735794
        ],
        [
            0.12045696377754211,
            -0.7700903415679932,
            -0.009725045412778854
        ],
        [
            0.11346298456192017,
            -0.7711575031280518,
            -0.007860161364078522
        ],
        [
            0.11407822370529175,
            -0.7676169872283936,
            -0.007781121879816055
        ],
        [
            0.15290744602680206,
            -0.7578652501106262,
            -0.01574217528104782
        ],
        [
            0.14562687277793884,
            -0.7568541765213013,
            -0.015018485486507416
        ],
        [
            0.1479935497045517,
            -0.7497448921203613,
            -0.013458259403705597
        ],
        [
            0.15570582449436188,
            -0.7493696212768555,
            -0.012899093329906464
        ],
        [
            0.14725378155708313,
            -0.7440366744995117,
            -0.010932557284832
        ],
        [
            0.15725651383399963,
            -0.7414017915725708,
            -0.009679816663265228
        ],
        [
            0.15109996497631073,
            -0.7272701263427734,
            -0.002964843064546585
        ],
        [
            0.15440718829631805,
            -0.7334619760513306,
            -0.006247799843549728
        ],
        [
            0.14433515071868896,
            -0.7384154796600342,
            -0.008366584777832031
        ],
        [
            0.13832461833953857,
            -0.7335166931152344,
            -0.006576213985681534
        ],
        [
            0.12381401658058167,
            -0.7384520173072815,
            -0.0032394155859947205
        ],
        [
            0.11788032203912735,
            -0.7373170256614685,
            -0.0008588321506977081
        ],
        [
            0.12273988127708435,
            -0.7251439690589905,
            -0.0025231093168258667
        ],
        [
            0.12993501126766205,
            -0.7284935116767883,
            -0.004943963140249252
        ],
        [
            0.12339551746845245,
            -0.7600551843643188,
            -0.006042797118425369
        ],
        [
            0.12815503776073456,
            -0.7600789070129395,
            -0.00694732740521431
        ],
        [
            0.12661246955394745,
            -0.7615340352058411,
            -0.008775759488344193
        ],
        [
            0.1214103251695633,
            -0.7627801895141602,
            -0.007954191416501999
        ],
        [
            0.13183394074440002,
            -0.7596250772476196,
            -0.008401535451412201
        ],
        [
            0.13349811732769012,
            -0.7592325210571289,
            -0.009172528982162476
        ],
        [
            0.13247154653072357,
            -0.7605839371681213,
            -0.00982489064335823
        ],
        [
            0.13121800124645233,
            -0.7604482173919678,
            -0.008700858801603317
        ],
        [
            0.1294236183166504,
            -0.7601633071899414,
            -0.007630553096532822
        ],
        [
            0.12847989797592163,
            -0.7582511901855469,
            -0.0071701183915138245
        ],
        [
            0.13085296750068665,
            -0.7588669061660767,
            -0.008068874478340149
        ],
        [
            0.12403049319982529,
            -0.757522702217102,
            -0.0064852274954319
        ],
        [
            0.10995408147573471,
            -0.7556922435760498,
            -0.0029221251606941223
        ],
        [
            0.11348642408847809,
            -0.7559219598770142,
            -0.004646535962820053
        ],
        [
            0.11306418478488922,
            -0.7603245377540588,
            -0.0031057633459568024
        ],
        [
            0.11009213328361511,
            -0.7605803608894348,
            -0.001661408692598343
        ],
        [
            0.13005509972572327,
            -0.7629050016403198,
            -0.009711630642414093
        ],
        [
            0.1320890486240387,
            -0.7640944719314575,
            -0.011441715061664581
        ],
        [
            0.12695370614528656,
            -0.7669925689697266,
            -0.010986916720867157
        ],
        [
            0.1266697198152542,
            -0.7642956376075745,
            -0.009556584060192108
        ],
        [
            0.1338861584663391,
            -0.7658799886703491,
            -0.013479724526405334
        ],
        [
            0.13440845906734467,
            -0.7617149949073792,
            -0.011221878230571747
        ],
        [
            0.13705158233642578,
            -0.7625287771224976,
            -0.013157643377780914
        ],
        [
            0.13310877978801727,
            -0.7575066685676575,
            -0.008751869201660156
        ],
        [
            0.13596248626708984,
            -0.7556416392326355,
            -0.00988093763589859
        ],
        [
            0.1355942189693451,
            -0.7582781314849854,
            -0.011053144931793213
        ],
        [
            0.13433332741260529,
            -0.7524732351303101,
            -0.008495524525642395
        ],
        [
            0.13068266212940216,
            -0.755707859992981,
            -0.007532291114330292
        ],
        [
            0.12629371881484985,
            -0.7539798617362976,
            -0.006732188165187836
        ],
        [
            0.1206321269273758,
            -0.7524965405464172,
            -0.005682732909917831
        ],
        [
            0.12451490759849548,
            -0.7474857568740845,
            -0.005387973040342331
        ],
        [
            0.1301850825548172,
            -0.7496578693389893,
            -0.007087387144565582
        ],
        [
            0.12899133563041687,
            -0.7710024118423462,
            -0.012222971767187119
        ],
        [
            0.1398928463459015,
            -0.7575425505638123,
            -0.012859612703323364
        ],
        [
            0.14232560992240906,
            -0.7640419006347656,
            -0.015315979719161987
        ],
        [
            0.1406465768814087,
            -0.752685546875,
            -0.011905848979949951
        ],
        [
            0.1395713835954666,
            -0.7482402324676514,
            -0.00994337722659111
        ],
        [
            0.13603930175304413,
            -0.7443572878837585,
            -0.007823929190635681
        ],
        [
            0.12997259199619293,
            -0.7411109805107117,
            -0.005513522773981094
        ],
        [
            0.13263598084449768,
            -0.7163166403770447,
            0.0037182942032814026
        ],
        [
            0.14096812903881073,
            -0.7211463451385498,
            9.179115295410156e-06
        ],
        [
            0.13193152844905853,
            -0.8413177132606506,
            -0.02018538862466812
        ],
        [
            0.13979271054267883,
            -0.840330183506012,
            -0.02493717521429062
        ],
        [
            0.14377140998840332,
            -0.8325255513191223,
            -0.021424464881420135
        ],
        [
            0.14492863416671753,
            -0.8344887495040894,
            -0.022884048521518707
        ],
        [
            0.13898897171020508,
            -0.8363490104675293,
            -0.02128060907125473
        ],
        [
            0.13922977447509766,
            -0.8336632251739502,
            -0.019939713180065155
        ],
        [
            0.1643490195274353,
            -0.8249498009681702,
            -0.02087361365556717
        ],
        [
            0.15765532851219177,
            -0.8269342184066772,
            -0.020329874008893967
        ],
        [
            0.15909796953201294,
            -0.8230631351470947,
            -0.019382387399673462
        ],
        [
            0.16608622670173645,
            -0.8182529807090759,
            -0.021394051611423492
        ],
        [
            0.14881455898284912,
            -0.8156563639640808,
            -0.018534701317548752
        ],
        [
            0.15407687425613403,
            -0.8167574405670166,
            -0.019475404173135757
        ],
        [
            0.14930304884910583,
            -0.8235852122306824,
            -0.018774159252643585
        ],
        [
            0.14543357491493225,
            -0.8227348327636719,
            -0.018028587102890015
        ],
        [
            0.1414281725883484,
            -0.8223820328712463,
            -0.016713082790374756
        ],
        [
            0.13778318464756012,
            -0.8224297761917114,
            -0.014480501413345337
        ],
        [
            0.13843096792697906,
            -0.8171252012252808,
            -0.014041900634765625
        ],
        [
            0.14319397509098053,
            -0.81609046459198,
            -0.016499914228916168
        ],
        [
            0.1334763914346695,
            -0.8376163244247437,
            -0.01721908152103424
        ],
        [
            0.1288023144006729,
            -0.8368555307388306,
            -0.011657185852527618
        ],
        [
            0.13027991354465485,
            -0.8339102268218994,
            -0.012065388262271881
        ],
        [
            0.13397204875946045,
            -0.8344442248344421,
            -0.016941040754318237
        ],
        [
            0.12711554765701294,
            -0.8276573419570923,
            -0.0010969191789627075
        ],
        [
            0.1271674931049347,
            -0.8300634026527405,
            -0.0027445554733276367
        ],
        [
            0.12390734255313873,
            -0.8316525816917419,
            -0.0007566139101982117
        ],
        [
            0.12397034466266632,
            -0.827122688293457,
            0.00039913132786750793
        ],
        [
            0.1255231648683548,
            -0.8240698575973511,
            -0.0013447925448417664
        ],
        [
            0.1276703178882599,
            -0.8259589672088623,
            -0.002341296523809433
        ],
        [
            0.13916315138339996,
            -0.8949797749519348,
            -0.016407322138547897
        ],
        [
            0.129956915974617,
            -0.8791670203208923,
            -0.019072040915489197
        ],
        [
            0.15832851827144623,
            -0.8888521790504456,
            -0.018876701593399048
        ],
        [
            0.1739162802696228,
            -0.878059983253479,
            -0.0177549347281456
        ],
        [
            0.18594542145729065,
            -0.8646236658096313,
            -0.016173087060451508
        ],
        [
            0.16310593485832214,
            -0.7621408700942993,
            -0.01589319482445717
        ],
        [
            0.16864009201526642,
            -0.7530439496040344,
            -0.012462504208087921
        ],
        [
            0.18299667537212372,
            -0.7602627277374268,
            -0.010034620761871338
        ],
        [
            0.18512630462646484,
            -0.7498531937599182,
            -0.005030900239944458
        ],
        [
            0.17021596431732178,
            -0.7426420450210571,
            -0.00812678411602974
        ],
        [
            0.1629936546087265,
            -0.7242118120193481,
            0.003932520747184753
        ],
        [
            0.16831742227077484,
            -0.7323252558708191,
            -0.002526354044675827
        ],
        [
            0.1858530044555664,
            -0.7397468090057373,
            0.0027633458375930786
        ],
        [
            0.20233117043972015,
            -0.7518916130065918,
            0.007159531116485596
        ],
        [
            0.19846372306346893,
            -0.7597402930259705,
            -0.0012396275997161865
        ],
        [
            0.214503675699234,
            -0.7676531076431274,
            0.012316778302192688
        ],
        [
            0.20803597569465637,
            -0.7435449361801147,
            0.01876966655254364
        ],
        [
            0.219142884016037,
            -0.7663763761520386,
            0.02057533711194992
        ],
        [
            0.195864737033844,
            -0.7073107957839966,
            0.02552581951022148
        ],
        [
            0.2004258930683136,
            -0.6957858800888062,
            0.02639806643128395
        ],
        [
            0.21747860312461853,
            -0.7012914419174194,
            0.03082062304019928
        ],
        [
            0.21336466073989868,
            -0.7132749557495117,
            0.02819450944662094
        ],
        [
            0.1931479424238205,
            -0.7678028345108032,
            -0.007343709468841553
        ],
        [
            0.1892307847738266,
            -0.8316384553909302,
            -0.0156937837600708
        ],
        [
            0.17868171632289886,
            -0.8317416906356812,
            -0.020753920078277588
        ],
        [
            0.1935044527053833,
            -0.8190916776657104,
            -0.014944888651371002
        ],
        [
            0.2056647539138794,
            -0.8924371004104614,
            -0.0041850656270980835
        ],
        [
            0.18826749920845032,
            -0.8871510624885559,
            -0.010801337659358978
        ],
        [
            0.1984924077987671,
            -0.872097373008728,
            -0.011870816349983215
        ],
        [
            0.21280591189861298,
            -0.8788362145423889,
            -0.004259549081325531
        ],
        [
            0.17965856194496155,
            -0.9279477596282959,
            0.008033029735088348
        ],
        [
            0.15923792123794556,
            -0.9143626689910889,
            -0.005979023873806
        ],
        [
            0.1730729043483734,
            -0.90287846326828,
            -0.008364029228687286
        ],
        [
            0.19136527180671692,
            -0.913421630859375,
            0.0008223578333854675
        ],
        [
            0.22385701537132263,
            -0.8797920942306519,
            0.003062807023525238
        ],
        [
            0.23869043588638306,
            -0.8811807632446289,
            0.01540517807006836
        ],
        [
            0.24044232070446014,
            -0.8974196314811707,
            0.022741258144378662
        ],
        [
            0.22252675890922546,
            -0.8977545499801636,
            0.008022181689739227
        ],
        [
            0.23724161088466644,
            -0.9183337092399597,
            0.03546672314405441
        ],
        [
            0.215510755777359,
            -0.9190360307693481,
            0.017866283655166626
        ],
        [
            0.22487930953502655,
            -0.7518324851989746,
            0.030798912048339844
        ],
        [
            0.22874081134796143,
            -0.7709764242172241,
            0.02971310168504715
        ],
        [
            0.20796072483062744,
            -0.7273111343383789,
            0.02432478964328766
        ],
        [
            0.22393858432769775,
            -0.7346183061599731,
            0.032553285360336304
        ],
        [
            0.2283114790916443,
            -0.9335893988609314,
            0.051197297871112823
        ],
        [
            0.20354261994361877,
            -0.9360371828079224,
            0.030347421765327454
        ],
        [
            0.2668708860874176,
            -0.8607191443443298,
            0.05813465267419815
        ],
        [
            0.2633638083934784,
            -0.8774973154067993,
            0.049595169723033905
        ],
        [
            0.25567373633384705,
            -0.8645178079605103,
            0.034829869866371155
        ],
        [
            0.26020652055740356,
            -0.8504217863082886,
