{
    "pred_cam": [
        1.6420586109161377,
        0.05680473893880844,
        0.5782967209815979
    ],
    "pred_smpl_params": {
        "global_orient": [
            [
                [
                    0.732313334941864,
                    0.5733513236045837,
                    -0.3674037456512451
                ],
                [
                    0.3150688707828522,
                    -0.7635881900787354,
                    -0.5636175274848938
                ],
                [
                    -0.6036959886550903,
                    0.2969871461391449,
                    -0.7398309707641602
                ]
            ]
        ],
        "body_pose": [
            [
                [
                    0.9996740221977234,
                    -0.024281751364469528,
                    -0.00789177417755127
                ],
                [
                    0.023255083709955215,
                    0.7383431196212769,
                    0.6740243434906006
                ],
                [
                    -0.010539647191762924,
                    -0.6739881038665771,
                    0.7386671304702759
                ]
            ],
            [
                [
                    0.9738525152206421,
                    0.22633782029151917,
                    0.019557232037186623
                ],
                [
                    -0.21055148541927338,
                    0.8668853640556335,
                    0.4518604576587677
                ],
                [
                    0.08531923592090607,
                    -0.4441632330417633,
                    0.8918742537498474
                ]
            ],
            [
                [
                    0.9999091029167175,
                    0.00239941175095737,
                    -0.013268491253256798
                ],
                [
                    -0.007855205796658993,
                    0.9034663438796997,
                    -0.4285871386528015
                ],
                [
                    0.010959276929497719,
                    0.4286523759365082,
                    0.9034030437469482
                ]
            ],
            [
                [
                    0.9740981459617615,
                    0.20263659954071045,
                    -0.100355364382267
                ],
                [
                    -0.12212111800909042,
                    0.0979069247841835,
                    -0.987674355506897
                ],
                [
                    -0.19031348824501038,
                    0.9743472337722778,
                    0.12011716514825821
                ]
            ],
            [
                [
                    0.9740155339241028,
                    -0.11891552060842514,
                    0.19275091588497162
                ],
                [
                    0.21000434458255768,
                    0.15552572906017303,
                    -0.9652512073516846
                ],
                [
                    0.08480560779571533,
                    0.9806481599807739,
                    0.1764572560787201
                ]
            ],
            [
                [
                    0.9943937659263611,
                    -0.10190192610025406,
                    -0.028232835233211517
                ],
                [
                    0.102725550532341,
                    0.9942739009857178,
                    0.029441067948937416
                ],
                [
                    0.025071073323488235,
                    -0.032176245003938675,
                    0.9991676807403564
                ]
            ],
            [
                [
                    0.9491003155708313,
                    -0.1051507368683815,
                    0.29690417647361755
                ],
                [
                    0.03871589154005051,
                    0.9744280576705933,
                    0.2213391214609146
                ],
                [
                    -0.3125857412815094,
                    -0.19857805967330933,
                    0.928900957107544
                ]
            ],
            [
                [
                    0.9422757029533386,
                    -0.004313839133828878,
                    -0.33481043577194214
                ],
                [
                    0.04862859845161438,
                    0.9910788536071777,
                    0.12408871948719025
                ],
                [
                    0.33128821849823,
                    -0.13320712745189667,
                    0.9340792894363403
                ]
            ],
            [
                [
                    0.9967904090881348,
                    -0.07356917858123779,
                    -0.031566157937049866
                ],
                [
                    0.0722610354423523,
                    0.9965527653694153,
                    -0.04075436666607857
                ],
                [
                    0.03445560857653618,
                    0.038342561572790146,
                    0.9986703991889954
                ]
            ],
            [
                [
                    0.9978122711181641,
                    -0.0621204748749733,
                    -0.022622719407081604
                ],
                [
                    0.06400039792060852,
                    0.9934199452400208,
                    0.09497710317373276
                ],
                [
                    0.016573838889598846,
                    -0.09621717035770416,
                    0.9952223300933838
                ]
            ],
            [
                [
                    0.99311763048172,
                    0.1064668819308281,
                    0.048807293176651
                ],
                [
                    -0.11305756866931915,
                    0.9802717566490173,
                    0.16212737560272217
                ],
                [
                    -0.0305832140147686,
                    -0.1665295958518982,
                    0.9855620265007019
                ]
            ],
            [
                [
                    0.9901241660118103,
                    -0.10293161869049072,
                    -0.09518025070428848
                ],
                [
                    0.08502176403999329,
                    0.9806920886039734,
                    -0.17610915005207062
                ],
                [
                    0.11146970838308334,
                    0.16627751290798187,
                    0.9797583818435669
                ]
            ],
            [
                [
                    0.8626136183738708,
                    -0.030546098947525024,
                    -0.5049402713775635
                ],
                [
                    0.16000978648662567,
                    0.9634007215499878,
                    0.21507196128368378
                ],
                [
                    0.47989019751548767,
                    -0.2663193941116333,
                    0.8359302282333374
                ]
            ],
            [
                [
                    0.9336957931518555,
                    0.0746971145272255,
                    0.3501893877983093
                ],
                [
                    -0.14572016894817352,
                    0.9726157784461975,
                    0.18106403946876526
                ],
                [
                    -0.3270747661590576,
                    -0.22008836269378662,
                    0.9190121293067932
                ]
            ],
            [
                [
                    0.9987287521362305,
                    -0.0342806801199913,
                    -0.03695350140333176
                ],
                [
                    0.028342340141534805,
                    0.9881730079650879,
                    -0.15070080757141113
                ],
                [
                    0.04168258234858513,
                    0.14946191012859344,
                    0.9878883957862854
                ]
            ],
            [
                [
                    0.6462363600730896,
                    0.2467767894268036,
                    -0.7221355438232422
                ],
                [
                    0.03329067304730415,
                    0.936255156993866,
                    0.34973999857902527
                ],
                [
                    0.7624108195304871,
                    -0.25005510449409485,
                    0.5968267321586609
                ]
            ],
            [
                [
                    0.918300986289978,
                    -0.16016364097595215,
                    0.36203718185424805
                ],
                [
                    0.07593125104904175,
                    0.9687848687171936,
                    0.2359878569841385
                ],
                [
                    -0.3885328471660614,
                    -0.1892179548740387,
                    0.9017975330352783
                ]
            ],
            [
                [
                    0.42601531744003296,
                    -0.16997341811656952,
                    -0.8886055946350098
                ],
                [
                    0.39188626408576965,
                    0.9199365377426147,
                    0.01191169023513794
                ],
                [
                    0.8154361248016357,
                    -0.35330691933631897,
                    0.45851731300354004
                ]
            ],
            [
                [
                    0.23549456894397736,
                    0.24159473180770874,
                    0.9413683414459229
                ],
                [
                    -0.4782696068286896,
                    0.8720154166221619,
                    -0.10415095835924149
                ],
                [
                    -0.8460499048233032,
                    -0.4257008731365204,
                    0.3209023177623749
                ]
            ],
            [
                [
                    0.9858101010322571,
                    -0.1646759808063507,
                    -0.03256247565150261
                ],
                [
                    0.15530653297901154,
                    0.9683536887168884,
                    -0.19537393748760223
                ],
                [
                    0.06370539218187332,
                    0.18754443526268005,
                    0.9801881313323975
                ]
            ],
            [
                [
                    0.9865095019340515,
                    0.1617126613855362,
                    0.025455547496676445
                ],
                [
                    -0.1569448858499527,
                    0.97849440574646,
                    -0.13385404646396637
                ],
                [
                    -0.04655401036143303,
                    0.12805317342281342,
                    0.9906740188598633
                ]
            ],
            [
                [
                    0.9918392300605774,
                    0.11525662243366241,
                    -0.05450458452105522
                ],
                [
                    -0.11419215053319931,
                    0.9932090640068054,
                    0.022267399355769157
                ],
                [
                    0.056700918823480606,
                    -0.015861686319112778,
                    0.9982650876045227
                ]
            ],
            [
                [
                    0.9943729639053345,
                    -0.10053692013025284,
                    0.03338747099041939
                ],
                [
                    0.09843384474515915,
                    0.9933584928512573,
                    0.05958038195967674
                ],
                [
                    -0.0391557514667511,
                    -0.05595866218209267,
                    0.9976650476455688
                ]
            ]
        ],
        "betas": [
            0.07041843235492706,
            -0.10950583219528198,
            -0.001340329647064209,
            0.12909634411334991,
            0.06328719854354858,
            -0.16493496298789978,
            0.03512522578239441,
            -0.00021964311599731445,
            -0.004915162920951843,
            0.0782240480184555
        ]
    },
    "pred_cam_t": [
        0.05680473893880844,
        0.5782967209815979,
        23.78873634338379
    ],
    "focal_length": [
        5000.0,
        5000.0
    ],
    "pred_keypoints_3d": [
        [
            0.08356230705976486,
            -0.7931410074234009,
            -0.006252747029066086
        ],
        [
            0.1976889967918396,
            -0.6776713728904724,
            0.09924174845218658
        ],
        [
            0.046180665493011475,
            -0.6546122431755066,
            0.19434642791748047
        ],
        [
            -0.19901636242866516,
            -0.7250797152519226,
            0.20371441543102264
        ],
        [
            -0.18394039571285248,
            -0.9361611604690552,
            0.0599033385515213
        ],
        [
            0.28604060411453247,
            -0.6128383874893188,
            -0.04021997004747391
        ],
        [
            0.19241684675216675,
            -0.7059350609779358,
            -0.2661607265472412
        ],
        [
            0.0885833278298378,
            -0.9292701482772827,
            -0.22252768278121948
        ],
        [
            -0.0019205561839044094,
            -0.22574804723262787,
            0.028841253370046616
        ],
        [
            -0.10232052952051163,
            -0.1756225973367691,
            0.045886196196079254
        ],
        [
            -0.43913447856903076,
            -0.053815558552742004,
            -0.09389736503362656
        ],
        [
            -0.4013791084289551,
            0.30919671058654785,
            0.07263059169054031
        ],
        [
            -0.0010572813916951418,
            -0.1301661878824234,
            -0.03582682088017464
        ],
        [
            -0.22076231241226196,
            -0.04367554932832718,
            -0.3291296064853668
        ],
        [
            -0.3266412317752838,
            0.2924882173538208,
            -0.1384919285774231
        ],
        [
            0.08775167167186737,
            -0.8311728239059448,
            0.041750844568014145
        ],
        [
            0.1299016922712326,
            -0.8314697742462158,
            -0.010078050196170807
        ],
        [
            0.1334831714630127,
            -0.81404709815979,
            0.13601776957511902
        ],
        [
            0.22851917147636414,
            -0.815748929977417,
            0.019843533635139465
        ],
        [
            -0.4289381802082062,
            0.3384457230567932,
            -0.303538054227829
        ],
        [
            -0.35629644989967346,
            0.37409645318984985,
            -0.2834455668926239
        ],
        [
            -0.30195266008377075,
            0.3257639408111572,
            -0.08180536329746246
        ],
        [
            -0.5709578990936279,
            0.36699730157852173,
            -0.013905644416809082
        ],
        [
            -0.5661959052085876,
            0.34876638650894165,
            0.07075494527816772
        ],
        [
            -0.3577607572078705,
            0.3479467034339905,
            0.12118598818778992
        ],
        [
            -0.3914734721183777,
            0.2524293065071106,
            0.08745371550321579
        ],
        [
            -0.40091845393180847,
            -0.08316108584403992,
            -0.08181361854076385
        ],
        [
            -0.08595822751522064,
            -0.2830478549003601,
            0.1428563892841339
        ],
        [
            0.1318446546792984,
            -0.16759952902793884,
            -0.03015638329088688
        ],
        [
            -0.19056828320026398,
            -0.0540950782597065,
            -0.3187958896160126
        ],
        [
            -0.2920980453491211,
            0.2641231417655945,
            -0.13562266528606415
        ],
        [
            -0.15322497487068176,
            -0.9156417846679688,
            0.06169005110859871
        ],
        [
            -0.17276108264923096,
            -0.7509937882423401,
            0.21660496294498444
        ],
        [
            0.07980087399482727,
            -0.6701972484588623,
            0.18668179214000702
        ],
        [
            0.2874383330345154,
            -0.6345429420471191,
            -0.013247665949165821
        ],
        [
            0.22241051495075226,
            -0.7294964790344238,
            -0.2421608418226242
        ],
        [
            0.1048729419708252,
            -0.9249151349067688,
            -0.20904478430747986
        ],
        [
            0.20140637457370758,
            -0.6768988370895386,
            0.09632951766252518
        ],
        [
            0.1713768094778061,
            -0.868617057800293,
            0.0648009404540062
        ],
        [
            0.02321382611989975,
            -0.22539587318897247,
            0.05651208013296127
        ],
        [
            0.18171992897987366,
            -0.6437456011772156,
            0.0858118087053299
        ],
        [
            0.1346224695444107,
            -0.4436192810535431,
            0.08928965032100677
        ],
        [
            0.14459186792373657,
            -0.7610083222389221,
            0.03713001310825348
        ],
        [
            0.17553381621837616,
            -0.8870980739593506,
            0.07495370507240295
        ]
    ],
    "pred_vertices": [
        [
            0.13882386684417725,
            -0.87790846824646,
            -0.018588010221719742
        ],
        [
            0.13002648949623108,
            -0.8640322685241699,
            -0.01850590854883194
        ],
        [
            0.14369915425777435,
            -0.860639750957489,
            -0.021783165633678436
        ],
        [
            0.1545107066631317,
            -0.8704476356506348,
            -0.019144415855407715
        ],
        [
            0.1364976018667221,
            -0.851527214050293,
            -0.022739864885807037
        ],
        [
            0.1249418631196022,
            -0.8532479405403137,
            -0.019017726182937622
        ],
        [
            0.15583938360214233,
            -0.8538165092468262,
            -0.020533762872219086
        ],
        [
            0.1671997308731079,
            -0.8605114817619324,
            -0.01642831414937973
        ],
        [
            0.16668541729450226,
            -0.8166013956069946,
            -0.01756923645734787
        ],
        [
            0.17619335651397705,
            -0.8113797307014465,
            -0.014183774590492249
        ],
        [
            0.17556993663311005,
            -0.823989987373352,
            -0.015439353883266449
        ],
        [
            0.165802463889122,
            -0.8260124921798706,
            -0.017243891954421997
        ],
        [
            0.16788071393966675,
            -0.7907609939575195,
            -0.014936558902263641
        ],
        [
            0.1571321040391922,
            -0.7820436954498291,
            -0.01597563549876213
        ],
        [
            0.16578075289726257,
            -0.7722778916358948,
            -0.01155678927898407
        ],
        [
            0.17635196447372437,
            -0.7804683446884155,
            -0.009155839681625366
        ],
        [
            0.11846444755792618,
            -0.7979526519775391,
            -0.006541918963193893
        ],
        [
            0.122520312666893,
            -0.7910972237586975,
            -0.010293994098901749
        ],
        [
            0.12594127655029297,
            -0.7976759076118469,
            -0.012499872595071793
        ],
        [
            0.12154258042573929,
            -0.8036643266677856,
            -0.008015207946300507
        ],
        [
            0.10830685496330261,
            -0.8083510398864746,
            -0.0031736642122268677
        ],
        [
            0.1117476224899292,
            -0.8135845065116882,
            -0.001497507095336914
        ],
        [
            0.10487925261259079,
            -0.8178701996803284,
            -0.0012296736240386963
        ],
        [
            0.1012105867266655,
            -0.8119491338729858,
            -0.00411098450422287
        ],
        [
            0.11450418829917908,
            -0.7927689552307129,
            -0.0028625205159187317
        ],
        [
            0.11930001527070999,
            -0.7857053279876709,
            -0.00645110011100769
        ],
        [
            0.11449723690748215,
            -0.8037072420120239,
            -0.003605443984270096
        ],
        [
            0.11143610626459122,
            -0.7997346520423889,
            -0.004044234752655029
        ],
        [
            0.10134591907262802,
            -0.7944642305374146,
            -0.008549731224775314
        ],
        [
            0.10373198240995407,
            -0.7991154193878174,
            -0.008677888661623001
        ],
        [
            0.09627316147089005,
            -0.8006609678268433,
            -0.010620944201946259
        ],
        [
            0.09577586501836777,
            -0.7950184345245361,
            -0.009297516196966171
        ],
        [
            0.1099739521741867,
            -0.793240487575531,
            -0.004737742245197296
        ],
        [
            0.10844899713993073,
            -0.7963399887084961,
            -0.006842058151960373
        ],
        [
            0.10482540726661682,
            -0.7928417921066284,
            -0.006521213799715042
        ],
        [
            0.10619431734085083,
            -0.7904534339904785,
            -0.0035410448908805847
        ],
        [
            0.10551007837057114,
            -0.8045399188995361,
            -0.004814717918634415
        ],
        [
            0.0984056293964386,
            -0.8068485260009766,
            -0.0070618316531181335
        ],
        [
            0.09054634720087051,
            -0.8088563680648804,
            -0.008796021342277527
        ],
        [
            0.0883878767490387,
            -0.8007251024246216,
            -0.011985745280981064
        ],
        [
            0.13444913923740387,
            -0.7768082618713379,
            -0.014261912554502487
        ],
        [
            0.12790986895561218,
            -0.7841810584068298,
            -0.013319246470928192
        ],
        [
            0.12424035370349884,
            -0.7793102860450745,
            -0.010083109140396118
        ],
        [
            0.12947024405002594,
            -0.7733683586120605,
            -0.011843860149383545
        ],
        [
            0.10964607447385788,
            -0.7868707180023193,
            -0.0025088265538215637
        ],
        [
            0.11187322437763214,
            -0.77085280418396,
            -0.005446486175060272
        ],
        [
            0.11191561073064804,
            -0.7746178507804871,
            -0.005893532186746597
        ],
        [
            0.10494561493396759,
            -0.775833785533905,
            -0.003975030034780502
        ],
        [
            0.10547477006912231,
            -0.7722735404968262,
            -0.00395767018198967
        ],
        [
            0.1440473049879074,
            -0.7616757750511169,
            -0.012296497821807861
        ],
        [
            0.136732280254364,
            -0.7608206272125244,
            -0.011565621942281723
        ],
        [
            0.1389378309249878,
            -0.7536321878433228,
            -0.010139405727386475
        ],
        [
            0.1466493010520935,
            -0.7530603408813477,
            -0.009621281176805496
        ],
        [
            0.1380637288093567,
            -0.7478708624839783,
            -0.007722988724708557
        ],
        [
            0.14802376925945282,
            -0.744985818862915,
            -0.00655311718583107
        ],
        [
            0.14161401987075806,
            -0.730876088142395,
            -1.7628073692321777e-05
        ],
        [
            0.14502586424350739,
            -0.7370450496673584,
            -0.003227848559617996
        ],
        [
            0.13503874838352203,
            -0.7422658205032349,
            -0.005234092473983765
        ],
        [
            0.1289282888174057,
            -0.7374789714813232,
            -0.00347692146897316
        ],
        [
            0.11454129219055176,
            -0.7427623271942139,
            8.93324613571167e-06
        ],
        [
            0.10855711996555328,
            -0.7417181730270386,
            0.0023878179490566254
        ],
        [
            0.11314878612756729,
            -0.7294301986694336,
            0.0005070008337497711
        ],
        [
            0.12041729688644409,
            -0.7326333522796631,
            -0.0018790587782859802
        ],
        [
            0.11461574584245682,
            -0.7644177675247192,
            -0.0024028196930885315
        ],
        [
            0.11937883496284485,
            -0.7643395662307739,
            -0.003335200250148773
        ],
        [
            0.11785825341939926,
            -0.765864372253418,
            -0.005135532468557358
        ],
        [
            0.11268405616283417,
            -0.767231285572052,
            -0.004262808710336685
        ],
        [
            0.12304256111383438,
            -0.7638177871704102,
            -0.0048334114253520966
        ],
        [
            0.12468849122524261,
            -0.7633952498435974,
            -0.005626235157251358
        ],
        [
            0.12369273602962494,
            -0.7647813558578491,
            -0.006248075515031815
        ],
        [
            0.12243448942899704,
            -0.7646690011024475,
            -0.0051122792065143585
        ],
        [
            0.12064346671104431,
            -0.7644124627113342,
            -0.004029065370559692
        ],
        [
            0.11965728551149368,
            -0.7625178098678589,
            -0.003584999591112137
        ],
        [
            0.1220475435256958,
            -0.7630796432495117,
            -0.004501465708017349
        ],
        [
            0.11518946290016174,
            -0.7618905305862427,
            -0.002879723906517029
        ],
        [
            0.10106241703033447,
            -0.7603599429130554,
            0.000702250748872757
        ],
        [
            0.10459061712026596,
            -0.7605094909667969,
            -0.0010339133441448212
        ],
        [
            0.10428411513566971,
            -0.7649015188217163,
            0.000589326024055481
        ],
        [
            0.10133212059736252,
            -0.7652280330657959,
            0.002057630568742752
        ],
        [
            0.12134319543838501,
            -0.7671898603439331,
            -0.0060684531927108765
        ],
        [
            0.12338332086801529,
            -0.7683287262916565,
            -0.007795996963977814
        ],
        [
            0.11831562221050262,
            -0.7713537812232971,
            -0.007251717150211334
        ],
        [
            0.11797689646482468,
            -0.7686405181884766,
            -0.005865573883056641
        ],
        [
            0.12520627677440643,
            -0.770110011100769,
            -0.00981220230460167
        ],
        [
            0.12564320862293243,
            -0.765889048576355,
            -0.007642555981874466
        ],
        [
            0.1283128559589386,
            -0.7666794061660767,
            -0.009577654302120209
        ],
        [
            0.12426496297121048,
            -0.7616751194000244,
            -0.005227938294410706
        ],
        [
            0.12705984711647034,
            -0.7597554326057434,
            -0.006417233496904373
        ],
        [
            0.126747265458107,
            -0.7624175548553467,
            -0.007545351982116699
        ],
        [
            0.12537427246570587,
            -0.7566090226173401,
            -0.005058653652667999
        ],
        [
            0.12180761247873306,
            -0.7599164247512817,
            -0.004008810967206955
        ],
        [
            0.11737905442714691,
            -0.7582879662513733,
            -0.003198932856321335
        ],
        [
            0.1116781085729599,
            -0.7569290995597839,
            -0.0021492689847946167
        ],
        [
            0.11545208841562271,
            -0.7518170475959778,
            -0.0019701607525348663
        ],
        [
            0.1211709976196289,
            -0.7538752555847168,
            -0.0036569908261299133
        ],
        [
            0.12046842277050018,
            -0.7753493785858154,
            -0.008424121886491776
        ],
        [
            0.1310182809829712,
            -0.761605978012085,
            -0.009388480335474014
        ],
        [
            0.13360227644443512,
            -0.7680889368057251,
            -0.011725835502147675
        ],
        [
            0.13166013360023499,
            -0.7567177414894104,
            -0.008521489799022675
        ],
        [
            0.13049417734146118,
            -0.7522639036178589,
            -0.006625562906265259
        ],
        [
            0.12687616050243378,
            -0.7484147548675537,
            -0.0045365504920482635
        ],
        [
            0.12076571583747864,
            -0.745307207107544,
            -0.002238638699054718
        ],
        [
            0.12293925881385803,
            -0.7202337980270386,
            0.006581813097000122
        ],
        [
            0.1313643455505371,
            -0.7249172925949097,
            0.002918422222137451
        ],
        [
            0.12518484890460968,
            -0.8456943035125732,
            -0.015197478234767914
        ],
        [
            0.13299137353897095,
            -0.8445979356765747,
            -0.0200188010931015
        ],
        [
            0.13678079843521118,
            -0.836637020111084,
            -0.01668941229581833
        ],
        [
            0.13795898854732513,
            -0.8385707139968872,
            -0.01811835914850235
        ],
        [
            0.13211126625537872,
            -0.8405928611755371,
            -0.01642206311225891
        ],
        [
            0.13227921724319458,
            -0.837875247001648,
            -0.015145726501941681
        ],
        [
            0.15714812278747559,
            -0.8285242915153503,
            -0.016356512904167175
        ],
        [
            0.15051327645778656,
            -0.8306689262390137,
            -0.01577293500304222
        ],
        [
            0.151865154504776,
            -0.8267382383346558,
            -0.014890983700752258
        ],
        [
            0.1587083488702774,
            -0.8217891454696655,
            -0.01697988063097
        ],
        [
            0.14140085875988007,
            -0.8195987343788147,
            -0.01409999281167984
        ],
        [
            0.14668740332126617,
            -0.8205690383911133,
            -0.015041831880807877
        ],
        [
            0.14207543432712555,
            -0.8275171518325806,
            -0.014226704835891724
        ],
        [
            0.13818661868572235,
            -0.8267588019371033,
            -0.01347535103559494
        ],
        [
            0.13417889177799225,
            -0.8264941573143005,
            -0.012139268219470978
        ],
        [
            0.13055330514907837,
            -0.8265894651412964,
            -0.009888090193271637
        ],
        [
            0.13106538355350494,
            -0.8212748169898987,
            -0.009539980441331863
        ],
        [
            0.13579100370407104,
            -0.8201572895050049,
            -0.012039616703987122
        ],
        [
            0.12664467096328735,
            -0.8419290781021118,
            -0.012304279953241348
        ],
        [
            0.12198925763368607,
            -0.8411809206008911,
            -0.006742801517248154
        ],
        [
            0.1233762875199318,
            -0.8382145166397095,
            -0.007206901907920837
        ],
        [
            0.127050518989563,
            -0.8387356400489807,
            -0.012093804776668549
        ],
        [
            0.12012367695569992,
            -0.8318561315536499,
            0.003667473793029785
        ],
        [
            0.12022659182548523,
            -0.8342852592468262,
            0.00206177681684494
        ],
        [
            0.1170189380645752,
            -0.8359144926071167,
            0.004088591784238815
        ],
        [
            0.11697046458721161,
            -0.8313724398612976,
            0.0051668062806129456
        ],
        [
            0.11842499673366547,
            -0.8283251523971558,
            0.003355547785758972
        ],
        [
            0.12061935663223267,
            -0.8301765322685242,
            0.002389170229434967
        ],
        [
            0.13378508388996124,
            -0.8990454077720642,
            -0.01055871695280075
        ],
        [
            0.12417478114366531,
            -0.883537232875824,
            -0.01340068131685257
        ],
        [
            0.15278100967407227,
            -0.8925052881240845,
            -0.01327495276927948
        ],
        [
            0.16808035969734192,
            -0.8812938928604126,
            -0.012415900826454163
        ],
        [
            0.1797756403684616,
            -0.8675156831741333,
            -0.011162713170051575
        ],
        [
            0.1543542444705963,
            -0.7657032012939453,
            -0.012438327074050903
        ],
        [
            0.15967832505702972,
            -0.7564187049865723,
            -0.009176425635814667
        ],
        [
            0.17420966923236847,
            -0.7632566094398499,
            -0.006701022386550903
        ],
        [
            0.17613983154296875,
            -0.7527362108230591,
            -0.0018588826060295105
        ],
        [
            0.1610347330570221,
            -0.7459166049957275,
            -0.005012493580579758
        ],
        [
            0.15353542566299438,
            -0.7274408936500549,
            0.0068096742033958435
        ],
        [
            0.1589583307504654,
            -0.7355504035949707,
            0.0004364587366580963
        ],
        [
            0.17671672999858856,
            -0.7425031661987305,
            0.005796715617179871
        ],
        [
            0.19348019361495972,
            -0.7541950941085815,
            0.010324880480766296
        ],
        [
            0.189737468957901,
            -0.7622247934341431,
            0.0020118877291679382
        ],
        [
            0.20602557063102722,
            -0.7695879936218262,
            0.01563630998134613
        ],
        [
            0.1991739124059677,
            -0.7456307411193848,
            0.021816998720169067
        ],
        [
            0.2107161432504654,
            -0.7681103348731995,
            0.02386203408241272
        ],
        [
            0.1867491751909256,
            -0.7095471620559692,
            0.028243131935596466
        ],
        [
            0.19137948751449585,
            -0.6979831457138062,
            0.02899867668747902
        ],
        [
            0.20846782624721527,
            -0.7033591270446777,
            0.03341847285628319
        ],
        [
            0.20433057844638824,
            -0.7152981162071228,
            0.03088536486029625
        ],
        [
            0.18456798791885376,
            -0.7704923152923584,
            -0.003944113850593567
        ],
        [
            0.18222640454769135,
            -0.8344520330429077,
            -0.011258527636528015
        ],
        [
            0.17163927853107452,
            -0.8349313139915466,
            -0.016206666827201843
        ],
        [
            0.18617497384548187,
            -0.821850061416626,
            -0.010683596134185791
        ],
        [
            0.2002614587545395,
            -0.8946507573127747,
            0.0011315196752548218
        ],
        [
            0.18267136812210083,
            -0.8898991346359253,
            -0.005425266921520233
        ],
        [
            0.19253993034362793,
            -0.8746175765991211,
            -0.006855614483356476
        ],
        [
            0.2070615589618683,
            -0.8808626532554626,
            0.000778883695602417
        ],
        [
            0.1752786785364151,
            -0.930533766746521,
            0.014161698520183563
        ],
        [
            0.15440835058689117,
            -0.9177222847938538,
            5.853921175003052e-05
        ],
        [
            0.16792844235897064,
            -0.9059562683105469,
            -0.0026173293590545654
        ],
        [
            0.18654906749725342,
            -0.9158626198768616,
            0.006606452167034149
        ],
        [
            0.2181703895330429,
            -0.881403923034668,
            0.00807064026594162
        ],
        [
            0.23311491310596466,
            -0.8822171092033386,
            0.020345650613307953
        ],
        [
            0.23527823388576508,
            -0.8982710242271423,
            0.027947597205638885
        ],
        [
            0.21733765304088593,
            -0.8993136882781982,
            0.01332671195268631
        ],
        [
            0.23271916806697845,
            -0.9189959764480591,
            0.041017815470695496
        ],
        [
            0.21090061962604523,
            -0.9205502867698669,
            0.023591265082359314
        ],
        [
            0.21631956100463867,
            -0.7534345388412476,
            0.03385978192090988
        ],
        [
            0.22053958475589752,
            -0.7723795771598816,
            0.032976746559143066
        ],
        [
            0.1989571750164032,
            -0.72938072681427,
            0.02719797194004059
        ],
        [
            0.21516206860542297,
            -0.7363378405570984,
            0.035444144159555435
        ],
        [
            0.2242797166109085,
            -0.9341918230056763,
            0.05703733116388321
        ],
        [
            0.1994590163230896,
            -0.9376260042190552,
            0.036423392593860626
        ],
        [
            0.26098015904426575,
            -0.8604626655578613,
            0.06256604939699173
        ],
        [
            0.2579024136066437,
            -0.8774008750915527,
            0.054304562509059906
        ],
        [
            0.2497829645872116,
            -0.864879846572876,
            0.03938046842813492
        ],
        [
            0.2539924085140228,
            -0.8505773544311523,
