{
    "pred_cam": [
        1.6362731456756592,
        0.05838563293218613,
        0.5783045291900635
    ],
    "pred_smpl_params": {
        "global_orient": [
            [
                [
                    0.7387887835502625,
                    0.568331241607666,
                    -0.36220261454582214
                ],
                [
                    0.3087807893753052,
                    -0.7631648182868958,
                    -0.5676564574241638
                ],
                [
                    -0.599037230014801,
                    0.3075369894504547,
                    -0.7393074035644531
                ]
            ]
        ],
        "body_pose": [
            [
                [
                    0.9993956685066223,
                    -0.03283090144395828,
                    -0.01141743641346693
                ],
                [
                    0.031628772616386414,
                    0.7226873636245728,
                    0.6904510259628296
                ],
                [
                    -0.014416894875466824,
                    -0.690394937992096,
                    0.7232890129089355
                ]
            ],
            [
                [
                    0.9722981452941895,
                    0.2332194745540619,
                    0.015651054680347443
                ],
                [
                    -0.2155747264623642,
                    0.86882483959198,
                    0.4457252323627472
                ],
                [
                    0.09035376459360123,
                    -0.4367518126964569,
                    0.8950330018997192
                ]
            ],
            [
                [
                    0.9999333024024963,
                    0.006320642773061991,
                    -0.009665091522037983
                ],
                [
                    -0.009874693118035793,
                    0.9019179344177246,
                    -0.4317944049835205
                ],
                [
                    0.005987901706248522,
                    0.4318610727787018,
                    0.9019201993942261
                ]
            ],
            [
                [
                    0.9717116951942444,
                    0.20890389382839203,
                    -0.11016101390123367
                ],
                [
                    -0.12085123360157013,
                    0.03907889500260353,
                    -0.9919010996818542
                ],
                [
                    -0.2029070109128952,
                    0.9771550893783569,
                    0.06321971118450165
                ]
            ],
            [
                [
                    0.973799467086792,
                    -0.10779844969511032,
                    0.20023488998413086
                ],
                [
                    0.21173077821731567,
                    0.10852009057998657,
                    -0.9712843894958496
                ],
                [
                    0.08297345042228699,
                    0.9882321953773499,
                    0.1285010576248169
                ]
            ],
            [
                [
                    0.9944612383842468,
                    -0.10083993524312973,
                    -0.02963380515575409
                ],
                [
                    0.1016259714961052,
                    0.9944741129875183,
                    0.026334499940276146
                ],
                [
                    0.026814479380846024,
                    -0.029200203716754913,
                    0.9992139339447021
                ]
            ],
            [
                [
                    0.9488820433616638,
                    -0.11082855612039566,
                    0.295533150434494
                ],
                [
                    0.04252760484814644,
                    0.9726799130439758,
                    0.2282216101884842
                ],
                [
                    -0.3127526342868805,
                    -0.20398709177970886,
                    0.9276717901229858
                ]
            ],
            [
                [
                    0.9425923228263855,
                    0.004627818241715431,
                    -0.3339135944843292
                ],
                [
                    0.04397871345281601,
                    0.9894749522209167,
                    0.13785932958126068
                ],
                [
                    0.33103713393211365,
                    -0.14463023841381073,
                    0.9324679970741272
                ]
            ],
            [
                [
                    0.996835470199585,
                    -0.07237732410430908,
                    -0.03287234529852867
                ],
                [
                    0.07094115018844604,
                    0.9965560436248779,
                    -0.04293574392795563
                ],
                [
                    0.03586670383810997,
                    0.040467869490385056,
                    0.9985369443893433
                ]
            ],
            [
                [
                    0.9980648756027222,
                    -0.05982237309217453,
                    -0.01696479134261608
                ],
                [
                    0.06117741018533707,
                    0.9935262203216553,
                    0.095722995698452
                ],
                [
                    0.011128589510917664,
                    -0.09657561779022217,
                    0.995263397693634
                ]
            ],
            [
                [
                    0.9938380122184753,
                    0.09986154735088348,
                    0.04810063913464546
                ],
                [
                    -0.10657516866922379,
                    0.9801614880561829,
                    0.16710829734802246
                ],
                [
                    -0.030458703637123108,
                    -0.17120490968227386,
                    0.9847645163536072
                ]
            ],
            [
                [
                    0.9903514981269836,
                    -0.1122627705335617,
                    -0.08124606311321259
                ],
                [
                    0.09615284204483032,
                    0.9788639545440674,
                    -0.18049941956996918
                ],
                [
                    0.09979220479726791,
                    0.17094583809375763,
                    0.9802137613296509
                ]
            ],
            [
                [
                    0.8601543307304382,
                    -0.027330538257956505,
                    -0.5093010663986206
                ],
                [
                    0.15827925503253937,
                    0.9635666012763977,
                    0.21560882031917572
                ],
                [
                    0.48485276103019714,
                    -0.2660686671733856,
                    0.8331418633460999
                ]
            ],
            [
                [
                    0.9307833909988403,
                    0.07109559327363968,
                    0.358591228723526
                ],
                [
                    -0.14434076845645905,
                    0.9726817011833191,
                    0.18181316554546356
                ],
                [
                    -0.3358690142631531,
                    -0.22098802030086517,
                    0.9156179428100586
                ]
            ],
            [
                [
                    0.9990986585617065,
                    -0.03833429142832756,
                    -0.01822718419134617
                ],
                [
                    0.03488455340266228,
                    0.9861850142478943,
                    -0.1619328111410141
                ],
                [
                    0.02418295480310917,
                    0.16115103662014008,
                    0.9866334199905396
                ]
            ],
            [
                [
                    0.6490241289138794,
                    0.24360081553459167,
                    -0.720712423324585
                ],
                [
                    0.03744794800877571,
                    0.9359704852104187,
                    0.3500811755657196
                ],
                [
                    0.7598456740379333,
                    -0.2542003095149994,
                    0.5983451008796692
                ]
            ],
            [
                [
                    0.9131734371185303,
                    -0.1675783395767212,
                    0.3715262711048126
                ],
                [
                    0.0787539929151535,
                    0.9669322371482849,
                    0.24256926774978638
                ],
                [
                    -0.39989009499549866,
                    -0.1922486275434494,
                    0.8961743116378784
                ]
            ],
            [
                [
                    0.4260185956954956,
                    -0.1738976687192917,
                    -0.8878445029258728
                ],
                [
                    0.39498570561408997,
                    0.9186371564865112,
                    0.00959897693246603
                ],
                [
                    0.8139376640319824,
                    -0.35477522015571594,
                    0.46004360914230347
                ]
            ],
            [
                [
                    0.2617354691028595,
                    0.24043039977550507,
                    0.9347125887870789
                ],
                [
                    -0.47859445214271545,
                    0.8733460307121277,
                    -0.09063083678483963
                ],
                [
                    -0.8381180167198181,
                    -0.42362701892852783,
                    0.3436542749404907
                ]
            ],
            [
                [
                    0.9863736033439636,
                    -0.16174785792827606,
                    -0.03007763996720314
                ],
                [
                    0.1527169793844223,
                    0.9681734442710876,
                    -0.19828662276268005
                ],
                [
                    0.06119281426072121,
                    0.1909913271665573,
                    0.9796823859214783
                ]
            ],
            [
                [
                    0.9876136779785156,
                    0.1554109901189804,
                    0.02160077728331089
                ],
                [
                    -0.15119090676307678,
                    0.979400098323822,
                    -0.13385318219661713
                ],
                [
                    -0.04195806011557579,
                    0.12892939150333405,
                    0.9907656908035278
                ]
            ],
            [
                [
                    0.9921159744262695,
                    0.11269856244325638,
                    -0.05481712147593498
                ],
                [
                    -0.11175452172756195,
                    0.9935344457626343,
                    0.020002426579594612
                ],
                [
                    0.056716952472925186,
                    -0.013718665577471256,
                    0.9982959628105164
                ]
            ],
            [
                [
                    0.994453489780426,
                    -0.0990959033370018,
                    0.03524817153811455
                ],
                [
                    0.09688441455364227,
                    0.9935024380683899,
                    0.05971870198845863
                ],
                [
                    -0.040937021374702454,
                    -0.05597246065735817,
                    0.9975928068161011
                ]
            ]
        ],
        "betas": [
            0.06430858373641968,
            -0.10888946056365967,
            0.00856354832649231,
            0.13337235152721405,
            0.06926244497299194,
            -0.17006361484527588,
            0.02894359827041626,
            0.0014646053314208984,
            -0.005986437201499939,
            0.07882674038410187
        ]
    },
    "pred_cam_t": [
        0.05838563293218613,
        0.5783045291900635,
        23.872848510742188
    ],
    "focal_length": [
        5000.0,
        5000.0
    ],
    "pred_keypoints_3d": [
        [
            0.08281701803207397,
            -0.7904001474380493,
            -0.008890129625797272
        ],
        [
            0.19578497111797333,
            -0.6779903173446655,
            0.10067146271467209
        ],
        [
            0.04330502450466156,
            -0.6546964645385742,
            0.19412481784820557
        ],
        [
            -0.2023034542798996,
            -0.7239168286323547,
            0.19590117037296295
        ],
        [
            -0.19062499701976776,
            -0.9360134601593018,
            0.05351649224758148
        ],
        [
            0.28476205468177795,
            -0.6129050254821777,
            -0.03827855736017227
        ],
        [
            0.19223544001579285,
            -0.7056021094322205,
            -0.26469942927360535
        ],
        [
            0.08917481452226639,
            -0.9293276071548462,
            -0.22207555174827576
        ],
        [
            -0.0019131959415972233,
            -0.22574733197689056,
            0.028827905654907227
        ],
        [
            -0.10232065618038177,
            -0.17522194981575012,
            0.04461587965488434
        ],
        [
            -0.43837207555770874,
            -0.052130326628685,
            -0.09543929994106293
        ],
        [
            -0.38544371724128723,
            0.3035024404525757,
            0.08202779293060303
        ],
        [
            -0.00014534802176058292,
            -0.13061048090457916,
            -0.03648494929075241
        ],
        [
            -0.21318189799785614,
            -0.05264465510845184,
            -0.3368152379989624
        ],
        [
            -0.31149715185165405,
            0.2813085913658142,
            -0.13881593942642212
        ],
        [
            0.08417310565710068,
            -0.8287106156349182,
            0.038990557193756104
        ],
        [
            0.1282111555337906,
            -0.8299214839935303,
            -0.011229068040847778
        ],
        [
            0.12678822875022888,
            -0.81327223777771,
            0.1350652277469635
        ],
        [
            0.22587905824184418,
            -0.8170937299728394,
            0.02248930186033249
        ],
        [
            -0.41237837076187134,
            0.33187347650527954,
            -0.3033733069896698
        ],
        [
            -0.3391727805137634,
            0.36554574966430664,
            -0.2823293209075928
        ],
        [
            -0.2859673500061035,
            0.31287938356399536,
            -0.08176961541175842
        ],
        [
            -0.553931713104248,
            0.367479145526886,
            -0.0017449259757995605
        ],
        [
            -0.5491136312484741,
            0.34689033031463623,
            0.08227893710136414
        ],
        [
            -0.34052181243896484,
            0.33958709239959717,
            0.13126042485237122
        ],
        [
            -0.3774296045303345,
            0.24593254923820496,
            0.09507736563682556
        ],
        [
            -0.4008086323738098,
            -0.08119659870862961,
            -0.08355756103992462
        ],
        [
            -0.08728671818971634,
            -0.28205031156539917,
            0.1423562914133072
        ],
        [
            0.13283558189868927,
            -0.1680685579776764,
            -0.02905140444636345
        ],
        [
            -0.18363600969314575,
            -0.06216845661401749,
            -0.3260068893432617
        ],
        [
            -0.27739477157592773,
            0.25210925936698914,
            -0.13677090406417847
        ],
        [
            -0.15951034426689148,
            -0.9163987636566162,
            0.05559086054563522
        ],
        [
            -0.1768035590648651,
            -0.7498630285263062,
            0.20948933064937592
        ],
        [
            0.07687366008758545,
            -0.6703554391860962,
            0.18673279881477356
        ],
        [
            0.2863392233848572,
            -0.634814441204071,
            -0.011294648982584476
        ],
        [
            0.22210872173309326,
            -0.7290408611297607,
            -0.2406938523054123
        ],
        [
            0.10525105893611908,
            -0.9249953031539917,
            -0.20855891704559326
        ],
        [
            0.1993715614080429,
            -0.6772242188453674,
            0.09772983193397522
        ],
        [
            0.16579796373844147,
            -0.8685626983642578,
            0.06501452624797821
        ],
        [
            0.023043841123580933,
            -0.22510802745819092,
            0.0568346306681633
        ],
        [
            0.17976036667823792,
            -0.6439229249954224,
            0.08694259822368622
        ],
        [
            0.13358719646930695,
            -0.4436778128147125,
            0.09088499844074249
        ],
        [
            0.14295543730258942,
            -0.7601819038391113,
            0.03701326623558998
        ],
        [
            0.16907502710819244,
            -0.8871753215789795,
            0.07513105869293213
        ]
    ],
    "pred_vertices": [
        [
            0.136103093624115,
            -0.876643180847168,
            -0.0196775384247303
        ],
        [
            0.12769220769405365,
            -0.8624947667121887,
            -0.019841261208057404
        ],
        [
            0.14157196879386902,
            -0.8594844341278076,
            -0.022565148770809174
        ],
        [
            0.1520220935344696,
            -0.8696012496948242,
            -0.019568629562854767
        ],
        [
            0.13467465341091156,
            -0.8501503467559814,
            -0.023729056119918823
        ],
        [
            0.12296413630247116,
            -0.8515517115592957,
            -0.020469464361667633
        ],
        [
            0.15384066104888916,
            -0.8529952764511108,
            -0.02080763876438141
        ],
        [
            0.1648615300655365,
            -0.860032856464386,
            -0.01631467044353485
        ],
        [
            0.16563820838928223,
            -0.8160051107406616,
            -0.01731974631547928
        ],
        [
            0.17516405880451202,
            -0.8110191822052002,
            -0.01354379951953888
        ],
        [
            0.17420262098312378,
            -0.8236724138259888,
            -0.014897421002388
        ],
        [
            0.16445203125476837,
            -0.825441837310791,
            -0.017035670578479767
        ],
        [
            0.16737742722034454,
            -0.7902633547782898,
            -0.014425426721572876
        ],
        [
            0.1569027155637741,
            -0.7812498211860657,
            -0.01581384241580963
        ],
        [
            0.16561293601989746,
            -0.7717468738555908,
            -0.011007070541381836
        ],
        [
            0.17586836218833923,
            -0.780235767364502,
            -0.008265174925327301
        ],
        [
            0.11757498234510422,
            -0.7961437702178955,
            -0.007911395281553268
        ],
        [
            0.12193377315998077,
            -0.7893872261047363,
            -0.011468224227428436
        ],
        [
            0.1252523511648178,
            -0.7960424423217773,
            -0.013593293726444244
        ],
        [
            0.12054646015167236,
            -0.8019278645515442,
            -0.009310375899076462
        ],
        [
            0.10700763761997223,
            -0.8062763214111328,
            -0.00499647855758667
        ],
        [
            0.11023887991905212,
            -0.8116120100021362,
            -0.0032266229391098022
        ],
        [
            0.10325703769922256,
            -0.8157109022140503,
            -0.0032433345913887024
        ],
        [
            0.09986159205436707,
            -0.8096760511398315,
            -0.006212446838617325
        ],
        [
            0.11361894756555557,
            -0.7908724546432495,
            -0.004366666078567505
        ],
        [
            0.11871753633022308,
            -0.7839343547821045,
            -0.00769791379570961
        ],
        [
            0.1133546382188797,
            -0.8017990589141846,
            -0.00517132505774498
        ],
        [
            0.11039773374795914,
            -0.7977447509765625,
            -0.005692865699529648
        ],
        [
            0.10063651204109192,
            -0.7921900153160095,
            -0.010518595576286316
        ],
        [
            0.10289493203163147,
            -0.7968968749046326,
            -0.01058228313922882
        ],
        [
            0.09547721594572067,
            -0.7982311844825745,
            -0.012829557061195374
        ],
        [
            0.09508437663316727,
            -0.792585015296936,
            -0.011487185955047607
        ],
        [
            0.10912911593914032,
            -0.7912065982818604,
            -0.006405320018529892
        ],
        [
            0.10760477185249329,
            -0.7942544221878052,
            -0.008572310209274292
        ],
        [
            0.10406714677810669,
            -0.7906631231307983,
            -0.00836680456995964
        ],
        [
            0.10538265854120255,
            -0.7883246541023254,
            -0.005329210311174393
        ],
        [
            0.1043766587972641,
            -0.8023810982704163,
            -0.0067172572016716
        ],
        [
            0.0973091721534729,
            -0.8044869303703308,
            -0.00923892855644226
        ],
        [
            0.08947128057479858,
            -0.8062704205513,
            -0.011265341192483902
        ],
        [
            0.08765046298503876,
            -0.7980759739875793,
            -0.014475356787443161
        ],
        [
            0.13433711230754852,
            -0.7754076719284058,
            -0.014903262257575989
        ],
        [
            0.1275862604379654,
            -0.7825978994369507,
            -0.014263231307268143
        ],
        [
            0.12394140660762787,
            -0.7776585817337036,
            -0.011115092784166336
        ],
        [
            0.1293756067752838,
            -0.771852433681488,
            -0.012641292065382004
        ],
        [
            0.10888664424419403,
            -0.7848465442657471,
            -0.0041390880942344666
        ],
        [
            0.11162281036376953,
            -0.7688997983932495,
            -0.006874270737171173
        ],
        [
            0.1115885004401207,
            -0.7726597785949707,
            -0.007337678223848343
        ],
        [
            0.10453210771083832,
            -0.7736973166465759,
            -0.005683775991201401
        ],
        [
            0.10515192151069641,
            -0.7701590061187744,
            -0.00562627986073494
        ],
        [
            0.14422674477100372,
            -0.7605572938919067,
            -0.012492693960666656
        ],
        [
            0.136929452419281,
            -0.7595161199569702,
            -0.01200522854924202
        ],
        [
            0.13925804197788239,
            -0.7524005770683289,
            -0.01044854149222374
        ],
        [
            0.14692728221416473,
            -0.7520343065261841,
            -0.00965813547372818
        ],
        [
            0.1384235918521881,
            -0.7466513514518738,
            -0.007995247840881348
        ],
        [
            0.14836882054805756,
            -0.744020938873291,
            -0.006468050181865692
        ],
        [
            0.14205683767795563,
            -0.7297849059104919,
            -6.010010838508606e-05
        ],
        [
            0.1454288512468338,
            -0.7360213994979858,
            -0.003194451332092285
        ],
        [
            0.13544388115406036,
            -0.7409868240356445,
            -0.005565028637647629
        ],
        [
            0.12939265370368958,
            -0.7360499501228333,
            -0.004008587449789047
        ],
        [
            0.11480525881052017,
            -0.7409393787384033,
            -0.0011230520904064178
        ],
        [
            0.10878418385982513,
            -0.7397617101669312,
            0.0010541342198848724
        ],
        [
            0.1137259379029274,
            -0.7276059985160828,
            -0.0005642734467983246
        ],
        [
            0.12096334993839264,
            -0.730989933013916,
            -0.002689070999622345
        ],
        [
            0.11442941427230835,
            -0.7625595331192017,
            -0.003696184605360031
        ],
        [
            0.11921946704387665,
            -0.7626040577888489,
            -0.004453357309103012
        ],
        [
            0.1177315041422844,
            -0.7640746831893921,
            -0.006319306790828705
        ],
        [
            0.11250260472297668,
            -0.765306830406189,
            -0.005648016929626465
        ],
        [
            0.12293960154056549,
            -0.7621752023696899,
            -0.005806397646665573
        ],
        [
            0.12462412565946579,
            -0.7617946863174438,
            -0.006529763340950012
        ],
        [
            0.1236211284995079,
            -0.76314777135849,
            -0.007199600338935852
        ],
        [
            0.1223168894648552,
            -0.7629977464675903,
            -0.006125759333372116
        ],
        [
            0.12049110233783722,
            -0.7627004384994507,
            -0.005111020058393478
        ],
        [
            0.1195378452539444,
            -0.7607853412628174,
            -0.004693042486906052
        ],
        [
            0.12194643169641495,
            -0.7614138126373291,
            -0.005510132759809494
        ],
        [
            0.1150691956281662,
            -0.7600443363189697,
            -0.004150405526161194
        ],
        [
            0.10087565332651138,
            -0.7581712603569031,
            -0.0010457523167133331
        ],
        [
            0.1044699177145958,
            -0.7584036588668823,
            -0.00266280397772789
        ],
        [
            0.1039934754371643,
            -0.7627829909324646,
            -0.0010910294950008392
        ],
        [
            0.10096755623817444,
            -0.7630438804626465,
            0.0002740509808063507
        ],
        [
            0.12118154019117355,
            -0.7654834985733032,
            -0.007129039615392685
        ],
        [
            0.12328406423330307,
            -0.7666757702827454,
            -0.008778348565101624
        ],
        [
            0.11812908202409744,
            -0.7695612907409668,
            -0.008443154394626617
        ],
        [
            0.11780800670385361,
            -0.7668498754501343,
            -0.007055167108774185
        ],
        [
            0.1251264065504074,
            -0.7684866189956665,
            -0.010747607797384262
        ],
        [
            0.1255919486284256,
            -0.7643013596534729,
            -0.008523855358362198
        ],
        [
            0.12828785181045532,
            -0.7651576995849609,
            -0.010350484400987625
        ],
        [
            0.12422578036785126,
            -0.7600677013397217,
            -0.006139162927865982
        ],
        [
            0.1271134614944458,
            -0.7582236528396606,
            -0.00719919428229332
        ],
        [
            0.1267780214548111,
            -0.7608667612075806,
            -0.008358851075172424
        ],
        [
            0.12545089423656464,
            -0.7550382614135742,
            -0.0058875493705272675
        ],
        [
            0.1217685341835022,
            -0.7582513093948364,
            -0.005001626908779144
        ],
        [
            0.11735957860946655,
            -0.7565091848373413,
            -0.004347402602434158
        ],
        [
            0.11166809499263763,
            -0.7550051212310791,
            -0.0034968145191669464
        ],
        [
            0.11555179953575134,
            -0.7500001192092896,
            -0.003137286752462387
        ],
        [
            0.12126728892326355,
            -0.752199649810791,
            -0.004629410803318024
        ],
        [
            0.12019587308168411,
            -0.7736070156097412,
            -0.009559113532304764
        ],
        [
            0.13113202154636383,
            -0.760162353515625,
            -0.010036580264568329
        ],
        [
            0.13362818956375122,
            -0.7666953802108765,
            -0.01232990249991417
        ],
        [
            0.13186246156692505,
            -0.755304217338562,
            -0.009105052798986435
        ],
        [
            0.13073328137397766,
            -0.7508346438407898,
            -0.007213737815618515
        ],
        [
            0.12713080644607544,
            -0.7469073534011841,
            -0.0052255429327487946
        ],
        [
            0.12102863192558289,
            -0.7436351776123047,
            -0.003162689507007599
        ],
        [
            0.12346267700195312,
            -0.7187060117721558,
            0.005929924547672272
        ],
        [
            0.1318642944097519,
            -0.723590612411499,
            0.002552717924118042
        ],
        [
            0.12327338755130768,
            -0.844012975692749,
            -0.01660943031311035
        ],
        [
            0.13127440214157104,
            -0.8431150913238525,
            -0.021116480231285095
        ],
        [
            0.13515391945838928,
            -0.835257887840271,
            -0.01760823279619217
        ],
        [
            0.1363549828529358,
            -0.8372243046760559,
            -0.019005827605724335
        ],
        [
            0.13036975264549255,
            -0.8390856981277466,
            -0.017542041838169098
        ],
        [
            0.1305731236934662,
            -0.8363736867904663,
            -0.016245536506175995
        ],
        [
            0.15570378303527832,
            -0.8277250528335571,
            -0.01646418124437332
        ],
        [
            0.14899630844593048,
            -0.8296915292739868,
            -0.01612813025712967
        ],
        [
            0.15042881667613983,
            -0.8258069753646851,
            -0.015156306326389313
        ],
        [
            0.15748780965805054,
            -0.8210285902023315,
            -0.016985177993774414
        ],
        [
            0.14014126360416412,
            -0.8183746337890625,
            -0.014725536108016968
        ],
        [
            0.14543135464191437,
            -0.8194918632507324,
            -0.015473481267690659
        ],
        [
            0.14060407876968384,
            -0.8263038992881775,
            -0.014872163534164429
        ],
        [
            0.13671617209911346,
            -0.8254387378692627,
            -0.014261208474636078
        ],
        [
            0.13267429172992706,
            -0.8250659704208374,
            -0.01307409256696701
        ],
        [
            0.12898026406764984,
            -0.825078547000885,
            -0.010948054492473602
        ],
        [
            0.12961030006408691,
            -0.8197791576385498,
            -0.010560743510723114
        ],
        [
            0.1344459503889084,
            -0.818779706954956,
            -0.01287844032049179
        ],
        [
            0.12472406029701233,
            -0.8402884006500244,
            -0.013645432889461517
        ],
        [
            0.11990215629339218,
            -0.8394434452056885,
            -0.008245058357715607
        ],
        [
            0.12137320637702942,
            -0.8365132212638855,
            -0.008641831576824188
        ],
        [
            0.12521187961101532,
            -0.8371109962463379,
            -0.013396069407463074
        ],
        [
            0.11789971590042114,
            -0.830112099647522,
            0.002133898437023163
        ],
        [
            0.11799506843090057,
            -0.8325350880622864,
            0.00051884725689888
        ],
        [
            0.11467397958040237,
            -0.8340868949890137,
            0.0024097301065921783
        ],
        [
            0.11471322178840637,
            -0.8295530080795288,
            0.00351623073220253
        ],
        [
            0.1163204088807106,
            -0.8265354633331299,
            0.0017852261662483215
        ],
        [
            0.11849655210971832,
            -0.8284366726875305,
            0.000889994204044342
        ],
        [
            0.13020643591880798,
            -0.8976651430130005,
            -0.011939533054828644
        ],
        [
            0.12115117162466049,
            -0.8818777799606323,
            -0.015062883496284485
        ],
        [
            0.14947770535945892,
            -0.8916223049163818,
            -0.013866104185581207
        ],
        [
            0.16504989564418793,
            -0.8808376789093018,
            -0.012448467314243317
        ],
        [
            0.1770501732826233,
            -0.8673974275588989,
            -0.010625094175338745
        ],
        [
            0.15440891683101654,
            -0.7648583650588989,
            -0.01228322833776474
        ],
        [
            0.15983450412750244,
            -0.7557439804077148,
            -0.008770100772380829
        ],
        [
            0.1740821897983551,
            -0.7629663944244385,
            -0.0057966336607933044
        ],
        [
            0.17606014013290405,
            -0.7525066137313843,
            -0.0008622333407402039
        ],
        [
            0.1612701416015625,
            -0.745281457901001,
            -0.004499293863773346
        ],
        [
            0.15371516346931458,
            -0.7266697883605957,
            0.0071693770587444305
        ],
        [
            0.15920856595039368,
            -0.7348779439926147,
            0.0009325034916400909
        ],
        [
            0.17655576765537262,
            -0.7423000335693359,
            0.006819643080234528
        ],
        [
            0.1928597092628479,
            -0.7544533014297485,
            0.0118461474776268
        ],
        [
            0.1892392337322235,
            -0.7623863220214844,
            0.0034494176506996155
        ],
        [
            0.20482830703258514,
            -0.7701809406280518,
            0.017523817718029022
        ],
        [
            0.1982228308916092,
            -0.7460341453552246,
            0.023540373891592026
        ],
        [
            0.20919513702392578,
            -0.768858790397644,
            0.025888264179229736
        ],
        [
            0.1860003024339676,
            -0.7096899747848511,
            0.029682964086532593
        ],
        [
            0.19061410427093506,
            -0.6981796026229858,
            0.03055546060204506
        ],
        [
            0.2075444757938385,
            -0.7038493156433105,
            0.0353013314306736
        ],
        [
            0.20340055227279663,
            -0.7157810926437378,
            0.032754234969615936
        ],
        [
            0.18413223326206207,
            -0.7704956531524658,
            -0.002728663384914398
        ],
        [
            0.1803903877735138,
            -0.8343712687492371,
            -0.0104832723736763
        ],
        [
            0.17000392079353333,
            -0.8345352411270142,
            -0.015845008194446564
        ],
        [
            0.1846378743648529,
            -0.8218522071838379,
            -0.009707778692245483
        ],
        [
            0.196322500705719,
            -0.8950711488723755,
            0.0022869855165481567
        ],
        [
            0.17913220822811127,
            -0.8898460865020752,
            -0.0049008652567863464
        ],
        [
            0.18941675126552582,
            -0.8748388886451721,
            -0.005811236798763275
        ],
        [
            0.20347923040390015,
            -0.881515622138977,
            0.0023059770464897156
        ],
        [
            0.16990962624549866,
            -0.9303693175315857,
            0.014167889952659607
        ],
        [
            0.14995771646499634,
            -0.9169206023216248,
            -0.0006072372198104858
        ],
        [
            0.16387128829956055,
            -0.9055384397506714,
            -0.0027507543563842773
        ],
        [
            0.18184305727481842,
            -0.9159755706787109,
            0.007144108414649963
        ],
        [
            0.2142801582813263,
            -0.8823716640472412,
            0.010000266134738922
        ],
        [
            0.22870956361293793,
            -0.8836448192596436,
            0.022853434085845947
        ],
        [
            0.2302113026380539,
            -0.8997710943222046,
            0.03043690323829651
        ],
        [
            0.21278153359889984,
            -0.9002668857574463,
            0.015146851539611816
        ],
        [
            0.22658158838748932,
            -0.9204751253128052,
            0.04331125319004059
        ],
        [
            0.20543889701366425,
            -0.9213765263557434,
            0.025022655725479126
        ],
        [
            0.21469375491142273,
            -0.7543191909790039,
            0.0360817089676857
        ],
        [
            0.21853803098201752,
            -0.7734270095825195,
            0.03533747047185898
        ],
        [
            0.198002427816391,
            -0.7297959327697754,
            0.028946712613105774
        ],
        [
            0.21377182006835938,
            -0.7371327877044678,
            0.03759235516190529
        ],
        [
            0.2171577364206314,
            -0.9354995489120483,
            0.05888526886701584
        ],
        [
            0.19306188821792603,
            -0.9381918907165527,
            0.03731469810009003
        ],
        [
            0.25554993748664856,
            -0.8627755641937256,
            0.06615610420703888
        ],
        [
            0.2523021399974823,
            -0.8796091675758362,
            0.057732097804546356
        ],
        [
            0.24511004984378815,
            -0.8668121099472046,
            0.04256577789783478
        ],
        [
            0.24938249588012695,
            -0.8526512384414673,
