{
    "pred_cam": [
        1.646690845489502,
        0.057925574481487274,
        0.5781533718109131
    ],
    "pred_smpl_params": {
        "global_orient": [
            [
                [
                    0.7361011505126953,
                    0.5730623602867126,
                    -0.3602146804332733
                ],
                [
                    0.3134390711784363,
                    -0.7602680921554565,
                    -0.5689888596534729
                ],
                [
                    -0.5999258160591125,
                    0.30592799186706543,
                    -0.739254355430603
                ]
            ]
        ],
        "body_pose": [
            [
                [
                    0.9992079138755798,
                    -0.03806961327791214,
                    -0.011583399027585983
                ],
                [
                    0.035541340708732605,
                    0.7228873372077942,
                    0.6900511980056763
                ],
                [
                    -0.0178964976221323,
                    -0.6899163126945496,
                    0.7236678004264832
                ]
            ],
            [
                [
                    0.97284996509552,
                    0.23065394163131714,
                    0.019020279869437218
                ],
                [
                    -0.21437804400920868,
                    0.8671271204948425,
                    0.44959157705307007
                ],
                [
                    0.08720707148313522,
                    -0.4414626359939575,
                    0.8930317163467407
                ]
            ],
            [
                [
                    0.9999278783798218,
                    0.004738414194434881,
                    -0.011035309173166752
                ],
                [
                    -0.009086627513170242,
                    0.8993188142776489,
                    -0.4371991455554962
                ],
                [
                    0.007852630689740181,
                    0.43726789951324463,
                    0.8992969989776611
                ]
            ],
            [
                [
                    0.9717327356338501,
                    0.2133398801088333,
                    -0.10110127180814743
                ],
                [
                    -0.1204797774553299,
                    0.07984670996665955,
                    -0.9894993305206299
                ],
                [
                    -0.20302709937095642,
                    0.9737096428871155,
                    0.1032928004860878
                ]
            ],
            [
                [
                    0.9742871522903442,
                    -0.11157453805208206,
                    0.19574366509914398
                ],
                [
                    0.21083557605743408,
                    0.14511217176914215,
                    -0.9666905999183655
                ],
                [
                    0.07945330440998077,
                    0.9831040501594543,
                    0.16490480303764343
                ]
            ],
            [
                [
                    0.9941091537475586,
                    -0.10448722541332245,
                    -0.028799086809158325
                ],
                [
                    0.10525288432836533,
                    0.9940926432609558,
                    0.026489635929465294
                ],
                [
                    0.02586112916469574,
                    -0.029364777728915215,
                    0.9992341995239258
                ]
            ],
            [
                [
                    0.9480847716331482,
                    -0.1081315279006958,
                    0.2990702688694
                ],
                [
                    0.03992098569869995,
                    0.9734470844268799,
                    0.22540442645549774
                ],
                [
                    -0.3155023455619812,
                    -0.20176327228546143,
                    0.9272270798683167
                ]
            ],
            [
                [
                    0.9420111179351807,
                    -0.004471981432288885,
                    -0.3355518579483032
                ],
                [
                    0.050299521535634995,
                    0.990496814250946,
                    0.1280076950788498
                ],
                [
                    0.33179059624671936,
                    -0.13746277987957,
                    0.9332839250564575
                ]
            ],
            [
                [
                    0.9966272115707397,
                    -0.07541605830192566,
                    -0.03235316649079323
                ],
                [
                    0.0739111676812172,
                    0.9962295293807983,
                    -0.04543064907193184
                ],
                [
                    0.035657379776239395,
                    0.0428861565887928,
                    0.9984435439109802
                ]
            ],
            [
                [
                    0.997826099395752,
                    -0.06425707042217255,
                    -0.014632109552621841
                ],
                [
                    0.06532510370016098,
                    0.9937171936035156,
                    0.09087763726711273
                ],
                [
                    0.008700648322701454,
                    -0.09163592010736465,
                    0.9957545399665833
                ]
            ],
            [
                [
                    0.9929653406143188,
                    0.10497666150331497,
                    0.054770372807979584
                ],
                [
                    -0.11261531710624695,
                    0.9801792502403259,
                    0.16299200057983398
                ],
                [
                    -0.03657442703843117,
                    -0.16801337897777557,
                    0.9851059913635254
                ]
            ],
            [
                [
                    0.9910370707511902,
                    -0.11532755941152573,
                    -0.06741657108068466
                ],
                [
                    0.10135438293218613,
                    0.9778897762298584,
                    -0.18291769921779633
                ],
                [
                    0.08702142536640167,
                    0.1744452714920044,
                    0.9808139801025391
                ]
            ],
            [
                [
                    0.8634135127067566,
                    -0.027714921161532402,
                    -0.5037349462509155
                ],
                [
                    0.15771791338920593,
                    0.9632710218429565,
                    0.21733418107032776
                ],
                [
                    0.4792097806930542,
                    -0.2670973241329193,
                    0.8360723853111267
                ]
            ],
            [
                [
                    0.9359627962112427,
                    0.07638692855834961,
                    0.3437132239341736
                ],
                [
                    -0.14541727304458618,
                    0.9729017019271851,
                    0.17976661026477814
                ],
                [
                    -0.3206673860549927,
                    -0.21823666989803314,
                    0.9217077493667603
                ]
            ],
            [
                [
                    0.999038815498352,
                    -0.04272608086466789,
                    -0.009796994738280773
                ],
                [
                    0.04068403318524361,
                    0.9869768619537354,
                    -0.1556323766708374
                ],
                [
                    0.016318969428539276,
                    0.15508420765399933,
                    0.987766444683075
                ]
            ],
            [
                [
                    0.6473593711853027,
                    0.24133962392807007,
                    -0.7229668498039246
                ],
                [
                    0.04278595745563507,
                    0.935542643070221,
                    0.3506127595901489
                ],
                [
                    0.7609830498695374,
                    -0.2579052746295929,
                    0.5953063368797302
                ]
            ],
            [
                [
                    0.9209966659545898,
                    -0.15470294654369354,
                    0.3575361371040344
                ],
                [
                    0.06952306628227234,
                    0.968307375907898,
                    0.23989035189151764
                ],
                [
                    -0.38331663608551025,
                    -0.19608120620250702,
                    0.9025632739067078
                ]
            ],
            [
                [
                    0.410952091217041,
                    -0.1723574697971344,
                    -0.8952157497406006
                ],
                [
                    0.3977355360984802,
                    0.9174808859825134,
                    0.00593775138258934
                ],
                [
                    0.8203199505805969,
                    -0.3584992587566376,
                    0.44559338688850403
                ]
            ],
            [
                [
                    0.2464764416217804,
                    0.23698239028453827,
                    0.9397279620170593
                ],
                [
                    -0.48227083683013916,
                    0.8710532784461975,
                    -0.09317154437303543
                ],
                [
                    -0.84063321352005,
                    -0.4302387833595276,
                    0.3289838135242462
                ]
            ],
            [
                [
                    0.9848822355270386,
                    -0.1699005365371704,
                    -0.03377643600106239
                ],
                [
                    0.1600242704153061,
                    0.9670222401618958,
                    -0.19814209640026093
                ],
                [
                    0.06632701307535172,
                    0.1897415816783905,
                    0.9795912504196167
                ]
            ],
            [
                [
                    0.9866499900817871,
                    0.16115109622478485,
                    0.023499364033341408
                ],
                [
                    -0.15672753751277924,
                    0.978797435760498,
                    -0.1318790465593338
                ],
                [
                    -0.04425356909632683,
                    0.12643544375896454,
                    0.9909873008728027
                ]
            ],
            [
                [
                    0.9922672510147095,
                    0.1122073382139206,
                    -0.05305914208292961
                ],
                [
                    -0.11126607656478882,
                    0.9935815930366516,
                    0.02038245089352131
                ],
                [
                    0.05500565096735954,
                    -0.014321154914796352,
                    0.9983833432197571
                ]
            ],
            [
                [
                    0.9943171739578247,
                    -0.10042921453714371,
                    0.03531910479068756
                ],
                [
                    0.09825018048286438,
                    0.9934229254722595,
                    0.05880235508084297
                ],
                [
                    -0.040992286056280136,
                    -0.05499807745218277,
                    0.9976446628570557
                ]
            ]
        ],
        "betas": [
            0.058143749833106995,
            -0.12703561782836914,
            0.01274910569190979,
            0.13838782906532288,
            0.07365360856056213,
            -0.1729857623577118,
            0.02829602360725403,
            0.009229838848114014,
            -0.008042901754379272,
            0.0842997133731842
        ]
    },
    "pred_cam_t": [
        0.057925574481487274,
        0.5781533718109131,
        23.721817016601562
    ],
    "focal_length": [
        5000.0,
        5000.0
    ],
    "pred_keypoints_3d": [
        [
            0.0828031599521637,
            -0.7894704341888428,
            -0.012088529765605927
        ],
        [
            0.19514167308807373,
            -0.6779964566230774,
            0.09931426495313644
        ],
        [
            0.043707504868507385,
            -0.653896689414978,
            0.19440971314907074
        ],
        [
            -0.20151326060295105,
            -0.7229854464530945,
            0.20583324134349823
        ],
        [
            -0.19125035405158997,
            -0.9353228807449341,
            0.06405389308929443
        ],
        [
            0.28471556305885315,
            -0.6129185557365417,
            -0.03954292833805084
        ],
        [
            0.1928139626979828,
            -0.7058429718017578,
            -0.2659251093864441
        ],
        [
            0.09036532789468765,
            -0.9288268089294434,
            -0.21923646330833435
        ],
        [
            -0.0019070170819759369,
            -0.225798562169075,
            0.028932197019457817
        ],
        [
            -0.10264106094837189,
            -0.17589256167411804,
            0.044920288026332855
        ],
        [
            -0.4389685392379761,
            -0.05582001060247421,
            -0.09618396311998367
        ],
        [
            -0.40105491876602173,
            0.30529624223709106,
            0.07315098494291306
        ],
        [
            -0.0007474157027900219,
            -0.13060037791728973,
            -0.036370985209941864
        ],
        [
            -0.21297834813594818,
            -0.052822090685367584,
            -0.33689993619918823
        ],
        [
            -0.324999064207077,
            0.2826191484928131,
            -0.14965370297431946
        ],
        [
            0.08283716440200806,
            -0.8275235295295715,
            0.03599727898836136
        ],
        [
            0.1278185099363327,
            -0.8294495344161987,
            -0.013345301151275635
        ],
        [
            0.12375549226999283,
            -0.812024712562561,
            0.1328718215227127
        ],
        [
            0.22499549388885498,
            -0.8174073696136475,
            0.022107593715190887
        ],
        [
            -0.4229608178138733,
            0.3275521397590637,
            -0.31774961948394775
        ],
        [
            -0.351102352142334,
            0.3633117079734802,
            -0.2954299747943878
        ],
        [
            -0.3019410967826843,
            0.3162396550178528,
            -0.09257757663726807
        ],
        [
            -0.5698426365852356,
            0.3632979393005371,
            -0.013802260160446167
        ],
        [
            -0.5658696889877319,
            0.34462130069732666,
            0.07075861096382141
        ],
        [
            -0.35764312744140625,
            0.34378206729888916,
            0.12194553017616272
        ],
        [
            -0.3912869095802307,
            0.24847181141376495,
            0.08763064444065094
        ],
        [
            -0.40082645416259766,
            -0.08479390293359756,
            -0.08394815772771835
        ],
        [
            -0.08682253956794739,
            -0.28269606828689575,
            0.14281193912029266
        ],
        [
            0.13250748813152313,
            -0.16728425025939941,
            -0.02898992970585823
        ],
        [
            -0.18313637375831604,
            -0.06250546127557755,
            -0.32583022117614746
        ],
        [
            -0.2903621196746826,
            0.254566490650177,
            -0.1459515243768692
        ],
        [
            -0.16018201410770416,
            -0.915412187576294,
            0.06541259586811066
        ],
        [
            -0.1755201518535614,
            -0.749001145362854,
            0.21868857741355896
        ],
        [
            0.07700151950120926,
            -0.6697295904159546,
            0.186543807387352
        ],
        [
            0.2861213684082031,
            -0.6350465416908264,
            -0.012547839432954788
        ],
        [
            0.2227085530757904,
            -0.7293135523796082,
            -0.2418886125087738
        ],
        [
            0.10669215768575668,
            -0.9242938756942749,
            -0.20579537749290466
        ],
        [
            0.19902102649211884,
            -0.6770908832550049,
            0.09650072455406189
        ],
        [
            0.16357749700546265,
            -0.8680620193481445,
            0.06384389102458954
        ],
        [
            0.023119838908314705,
            -0.22503817081451416,
            0.05707211047410965
        ],
        [
            0.17968818545341492,
            -0.6437085270881653,
            0.08608196675777435
        ],
        [
            0.13416405022144318,
            -0.44329535961151123,
            0.09039407223463058
        ],
        [
            0.1423448622226715,
            -0.7596126198768616,
            0.03489957004785538
        ],
        [
            0.1665111780166626,
            -0.8866777420043945,
            0.07414478808641434
        ]
    ],
    "pred_vertices": [
        [
            0.13541188836097717,
            -0.876285195350647,
            -0.021392568945884705
        ],
        [
            0.12714463472366333,
            -0.8620785474777222,
            -0.02178213745355606
        ],
        [
            0.14110128581523895,
            -0.8592170476913452,
            -0.02425849437713623
        ],
        [
            0.15136821568012238,
            -0.8694072365760803,
            -0.021010324358940125
        ],
        [
            0.13431839644908905,
            -0.8498145341873169,
            -0.025633223354816437
        ],
        [
            0.12253481894731522,
            -0.8510987758636475,
            -0.022560276091098785
        ],
        [
            0.1533929407596588,
            -0.8528222441673279,
            -0.0223422572016716
        ],
        [
            0.16424407064914703,
            -0.8599504828453064,
            -0.017588376998901367
        ],
        [
            0.16544891893863678,
            -0.8159371614456177,
            -0.01878434419631958
        ],
        [
            0.174937441945076,
            -0.8110638856887817,
            -0.014866828918457031
        ],
        [
            0.17390505969524384,
            -0.8236865997314453,
            -0.01613990217447281
        ],
        [
            0.1641988456249237,
            -0.8253453969955444,
            -0.01847955584526062
        ],
        [
            0.16741737723350525,
            -0.7901822328567505,
            -0.016035601496696472
        ],
        [
            0.15706239640712738,
            -0.7810702919960022,
            -0.017669014632701874
        ],
        [
            0.16576573252677917,
            -0.7716220617294312,
            -0.0127594955265522
        ],
        [
            0.17588937282562256,
            -0.780188798904419,
            -0.009780101478099823
        ],
        [
            0.11745360493659973,
            -0.7955471873283386,
            -0.010442547500133514
        ],
        [
            0.12194046378135681,
            -0.7888457775115967,
            -0.013944294303655624
        ],
        [
            0.125236377120018,
            -0.7955489158630371,
            -0.015969231724739075
        ],
        [
            0.1203959733247757,
            -0.8013643026351929,
            -0.01174677163362503
        ],
        [
            0.10675764083862305,
            -0.8055657744407654,
            -0.007655572146177292
        ],
        [
            0.10989892482757568,
            -0.8109221458435059,
            -0.005797568708658218
        ],
        [
            0.1028817743062973,
            -0.814949631690979,
            -0.0059225894510746
        ],
        [
            0.09960772097110748,
            -0.8089024424552917,
            -0.008988704532384872
        ],
        [
            0.11349344253540039,
            -0.7902134656906128,
            -0.006985574960708618
        ],
        [
            0.11871716380119324,
            -0.7833415269851685,
            -0.010253999382257462
        ],
        [
            0.11313505470752716,
            -0.8011434078216553,
            -0.007743563503026962
        ],
        [
            0.11024320125579834,
            -0.7970709800720215,
            -0.008337125182151794
        ],
        [
            0.10063086450099945,
            -0.7914458513259888,
            -0.013377536088228226
        ],
        [
            0.10284888744354248,
            -0.796181857585907,
            -0.013380788266658783
        ],
        [
            0.09546512365341187,
            -0.7974526882171631,
            -0.015754234045743942
        ],
        [
            0.09509913623332977,
            -0.7917861342430115,
            -0.014447581022977829
        ],
        [
            0.10905629396438599,
            -0.7905244827270508,
            -0.00910612940788269
        ],
        [
            0.1075475886464119,
            -0.7935744524002075,
            -0.01129019632935524
        ],
        [
            0.10404001921415329,
            -0.7899451851844788,
            -0.011164233088493347
        ],
        [
            0.1053161695599556,
            -0.787603497505188,
            -0.008108891546726227
        ],
        [
            0.10420458018779755,
            -0.8016542792320251,
            -0.00944507122039795
        ],
        [
            0.09716730564832687,
            -0.803706705570221,
            -0.012093890458345413
        ],
        [
            0.0893559381365776,
            -0.8054238557815552,
            -0.014256063848733902
        ],
        [
            0.08767011016607285,
            -0.7972348928451538,
            -0.017541512846946716
        ],
        [
            0.13454295694828033,
            -0.7750029563903809,
            -0.0172157883644104
        ],
        [
            0.1277175098657608,
            -0.7821304798126221,
            -0.016660723835229874
        ],
        [
            0.12406427413225174,
            -0.7771307229995728,
            -0.013608139008283615
        ],
        [
            0.12957924604415894,
            -0.7713837623596191,
            -0.01506570354104042
        ],
        [
            0.10882517695426941,
            -0.7841467261314392,
            -0.006877470761537552
        ],
        [
            0.11176714301109314,
            -0.7682373523712158,
            -0.009635452181100845
        ],
        [
            0.11170536279678345,
            -0.7720000147819519,
            -0.010082196444272995
        ],
        [
            0.10460829734802246,
            -0.7729618549346924,
            -0.008558139204978943
        ],
        [
            0.10525906831026077,
            -0.7694282531738281,
            -0.008504766970872879
        ],
        [
            0.14452573657035828,
            -0.7602330446243286,
            -0.014708518981933594
        ],
        [
            0.13723236322402954,
            -0.759117841720581,
            -0.01436043530702591
        ],
        [
            0.13959112763404846,
            -0.7520154714584351,
            -0.012802444398403168
        ],
        [
            0.14724037051200867,
            -0.7517184019088745,
            -0.011876653879880905
        ],
        [
            0.13875123858451843,
            -0.7462420463562012,
            -0.010396983474493027
        ],
        [
            0.1486828625202179,
            -0.7436939477920532,
            -0.008705522865056992
        ],
        [
            0.1423739790916443,
            -0.7293381690979004,
            -0.002477318048477173
        ],
        [
            0.1457497477531433,
            -0.7356321811676025,
            -0.005526456981897354
        ],
        [
            0.13578204810619354,
            -0.7405285835266113,
            -0.008046083152294159
        ],
        [
            0.12974902987480164,
            -0.7355166673660278,
            -0.006619259715080261
        ],
        [
            0.11508126556873322,
            -0.7402567863464355,
            -0.003980431705713272
        ],
        [
            0.10902860760688782,
            -0.7390122413635254,
            -0.0019190162420272827
        ],
        [
            0.11410176008939743,
            -0.7268933057785034,
            -0.0035076066851615906
        ],
        [
            0.12134110182523727,
            -0.7303707599639893,
            -0.0054807476699352264
        ],
        [
            0.11455941200256348,
            -0.761899471282959,
            -0.006441038101911545
        ],
        [
            0.11936212331056595,
            -0.7619920372962952,
            -0.007112078368663788
        ],
        [
            0.11789831519126892,
            -0.7634589672088623,
            -0.008998904377222061
        ],
        [
            0.11264686286449432,
            -0.76463782787323,
            -0.008418109267950058
        ],
        [
            0.12311188876628876,
            -0.7616056203842163,
            -0.008402548730373383
        ],
        [
            0.12481039762496948,
            -0.7612451910972595,
            -0.009099364280700684
        ],
        [
            0.1238122507929802,
            -0.7625935077667236,
            -0.009778894484043121
        ],
        [
            0.12248872220516205,
            -0.7624257802963257,
            -0.008724160492420197
        ],
        [
            0.12064677476882935,
            -0.7621051073074341,
            -0.007743760943412781
        ],
        [
            0.11970146000385284,
            -0.7601780891418457,
            -0.007353495806455612
        ],
        [
            0.12211742997169495,
            -0.7608323097229004,
            -0.008128780871629715
        ],
        [
            0.115229532122612,
            -0.7593915462493896,
            -0.006898451596498489
        ],
        [
            0.10100626945495605,
            -0.7573679685592651,
            -0.004061348736286163
        ],
        [
            0.10461855679750443,
            -0.7576371431350708,
            -0.005618683993816376
        ],
        [
            0.104073166847229,
            -0.7620058059692383,
            -0.0040246956050395966
        ],
        [
            0.10103289037942886,
            -0.7622371912002563,
            -0.0027058422565460205
        ],
        [
            0.12135796248912811,
            -0.7649110555648804,
            -0.009733479470014572
        ],
        [
            0.12347076833248138,
            -0.7661290168762207,
            -0.011344268918037415
        ],
        [
            0.11828679591417313,
            -0.7689663171768188,
            -0.011085975915193558
        ],
        [
            0.11796220391988754,
            -0.7662423849105835,
            -0.009718932211399078
        ],
        [
            0.12533186376094818,
            -0.7679715156555176,
            -0.0132676362991333
        ],
        [
            0.1257946938276291,
            -0.7637741565704346,
            -0.011063400655984879
        ],
        [
            0.1285213828086853,
            -0.7646702527999878,
            -0.012835197150707245
        ],
        [
            0.12441959977149963,
            -0.7595117092132568,
            -0.008722901344299316
        ],
        [
            0.12734222412109375,
            -0.7577016353607178,
            -0.009741920977830887
        ],
        [
            0.12700770795345306,
            -0.7603507041931152,
            -0.01089358702301979
        ],
        [
            0.12568412721157074,
            -0.7544910311698914,
            -0.008479349315166473
        ],
        [
            0.1219605952501297,
            -0.7576652765274048,
            -0.0076375678181648254
        ],
        [
            0.11755675822496414,
            -0.7558777332305908,
            -0.0070740580558776855
        ],
        [
            0.11186464130878448,
            -0.7543132305145264,
            -0.006335072219371796
        ],
        [
            0.11578600108623505,
            -0.749342679977417,
            -0.005929838865995407
        ],
        [
            0.12150702625513077,
            -0.7516050934791565,
            -0.0073061250150203705
        ],
        [
            0.12034186720848083,
            -0.7730423808097839,
            -0.012138504534959793
        ],
        [
            0.1313972920179367,
            -0.7596966028213501,
            -0.012494109570980072
        ],
        [
            0.1338702142238617,
            -0.7662637233734131,
            -0.014705412089824677
        ],
        [
            0.13215221464633942,
            -0.7548373937606812,
            -0.011577844619750977
        ],
        [
            0.13102474808692932,
            -0.7503437995910645,
            -0.009733524173498154
        ],
        [
            0.12741976976394653,
            -0.7463775277137756,
            -0.007823225110769272
        ],
        [
            0.1213211715221405,
            -0.7430251836776733,
            -0.005889885127544403
        ],
        [
            0.12379185110330582,
            -0.7180322408676147,
            0.003156512975692749
        ],
        [
            0.13219556212425232,
            -0.7230260372161865,
            -6.224587559700012e-05
        ],
        [
            0.12286064773797989,
            -0.8435215353965759,
            -0.01873355358839035
        ],
        [
            0.1309492141008377,
            -0.8427227139472961,
            -0.023111306130886078
        ],
        [
            0.13483022153377533,
            -0.8348790407180786,
            -0.019595511257648468
        ],
        [
            0.136030912399292,
            -0.8368618488311768,
            -0.020949020981788635
        ],
        [
            0.1300172656774521,
            -0.8386719226837158,
            -0.019577816128730774
        ],
        [
            0.1302134096622467,
            -0.83594810962677,
            -0.01830492913722992
        ],
        [
            0.15542356669902802,
            -0.8275353908538818,
            -0.018068954348564148
        ],
        [
            0.1486949473619461,
            -0.8294370174407959,
            -0.017857927829027176
        ],
        [
            0.1501433253288269,
            -0.8255596160888672,
            -0.016881003975868225
        ],
        [
            0.15727323293685913,
            -0.8208611011505127,
            -0.01859508827328682
        ],
        [
            0.1399293690919876,
            -0.818036675453186,
            -0.016670800745487213
        ],
        [
            0.14521369338035583,
            -0.819206953048706,
            -0.017312757670879364
        ],
        [
            0.14031261205673218,
            -0.8259703516960144,
            -0.016775451600551605
        ],
        [
            0.13642659783363342,
            -0.8250645995140076,
            -0.016241833567619324
        ],
        [
            0.13237036764621735,
            -0.8246496915817261,
            -0.01513092964887619
        ],
        [
            0.12863555550575256,
            -0.8246139287948608,
            -0.013080000877380371
        ],
        [
            0.12931737303733826,
            -0.8193197846412659,
            -0.01270277053117752
        ],
        [
            0.1342047154903412,
            -0.8183802962303162,
            -0.014927931129932404
        ],
        [
            0.12429036945104599,
            -0.8398036360740662,
            -0.015758603811264038
        ],
        [
            0.11936543136835098,
            -0.8388824462890625,
            -0.010471668094396591
        ],
        [
            0.12087608128786087,
            -0.8359637260437012,
            -0.010849930346012115
        ],
        [
            0.1247987151145935,
            -0.836624026298523,
            -0.015525631606578827
        ],
        [
            0.11726980656385422,
            -0.8294654488563538,
            -0.00019156932830810547
        ],
        [
            0.1173693835735321,
            -0.8318966627120972,
            -0.0017917342483997345
        ],
        [
            0.11399964988231659,
            -0.8334001302719116,
            4.102662205696106e-05
        ],
        [
            0.11406522989273071,
            -0.8288649320602417,
            0.0011238306760787964
        ],
        [
            0.11573242396116257,
            -0.8258749842643738,
            -0.000601157546043396
        ],
        [
            0.11790631711483002,
            -0.8278042078018188,
            -0.0014409758150577545
        ],
        [
            0.12915974855422974,
            -0.8972296118736267,
            -0.013627372682094574
        ],
        [
            0.12031680345535278,
            -0.8813673853874207,
            -0.017018824815750122
        ],
        [
            0.14852139353752136,
            -0.891411542892456,
            -0.015224665403366089
        ],
        [
            0.16415703296661377,
            -0.8807674050331116,
            -0.013531319797039032
        ],
        [
            0.17625242471694946,
            -0.8674386143684387,
            -0.011575102806091309
        ],
        [
            0.15465688705444336,
            -0.7646327018737793,
            -0.01428830623626709
        ],
        [
            0.16009026765823364,
            -0.7555503845214844,
            -0.010723330080509186
        ],
        [
            0.17421607673168182,
            -0.7628960609436035,
            -0.007442750036716461
        ],
        [
            0.17618924379348755,
            -0.7524181604385376,
            -0.002534627914428711
        ],
        [
            0.1615353375673294,
            -0.7450686693191528,
            -0.006492629647254944
        ],
        [
            0.15388621389865875,
            -0.7262804508209229,
            0.0049550533294677734
        ],
        [
            0.1594468355178833,
            -0.7345926761627197,
            -0.001163095235824585
        ],
        [
            0.17662017047405243,
            -0.7421541810035706,
            0.005074318498373032
        ],
        [
            0.1927550733089447,
            -0.7544219493865967,
            0.010448276996612549
        ],
        [
            0.18921206891536713,
            -0.7623920440673828,
            0.0020732954144477844
        ],
        [
            0.2044816017150879,
            -0.7702330350875854,
            0.016415424644947052
        ],
        [
            0.19794125854969025,
            -0.7459759712219238,
            0.02217923104763031
        ],
        [
            0.208692267537117,
            -0.7688990831375122,
            0.024852730333805084
        ],
        [
            0.18569785356521606,
            -0.7095246315002441,
            0.028038568794727325
        ],
        [
            0.1903051733970642,
            -0.6980614066123962,
            0.028987381607294083
        ],
        [
            0.2071596086025238,
            -0.7038885354995728,
            0.03392217680811882
        ],
        [
            0.20303143560886383,
            -0.7157793045043945,
            0.03137435019016266
        ],
        [
            0.18414197862148285,
            -0.7704933881759644,
            -0.004142962396144867
        ],
        [
            0.17991086840629578,
            -0.8343849182128906,
            -0.011632248759269714
        ],
        [
            0.16963569819927216,
            -0.8344804048538208,
            -0.01716034859418869
        ],
        [
            0.18426299095153809,
            -0.8219493627548218,
            -0.010797448456287384
        ],
        [
            0.1950128823518753,
            -0.8952728509902954,
            0.0018595382571220398
        ],
        [
            0.1779894083738327,
            -0.8898861408233643,
            -0.005691640079021454
        ],
        [
            0.1884690374135971,
            -0.8749903440475464,
            -0.006501637399196625
        ],
        [
            0.2022968828678131,
            -0.8817740678787231,
            0.0019145458936691284
        ],
        [
            0.1680249273777008,
            -0.9302440881729126,
            0.013427458703517914
        ],
        [
            0.1484832465648651,
            -0.9166450500488281,
            -0.0018276497721672058
        ],
        [
            0.16253891587257385,
            -0.90540611743927,
            -0.0037287548184394836
        ],
        [
            0.1802501529455185,
            -0.9160040616989136,
            0.0065419673919677734
        ],
        [
            0.21294037997722626,
            -0.882695734500885,
            0.009843774139881134
        ],
        [
            0.22710008919239044,
            -0.8840491771697998,
            0.02297409623861313
        ],
        [
            0.22827474772930145,
            -0.900126576423645,
            0.030699342489242554
        ],
        [
            0.21116891503334045,
            -0.9005650877952576,
            0.015047475695610046
        ],
        [
            0.22424091398715973,
            -0.9207379817962646,
            0.043593280017375946
        ],
        [
            0.20341366529464722,
            -0.9215449094772339,
            0.024930045008659363
        ],
        [
            0.21408532559871674,
            -0.754371166229248,
            0.035082653164863586
        ],
        [
            0.21782542765140533,
            -0.773536205291748,
            0.03448930382728577
        ],
        [
            0.19765804708003998,
            -0.7297245860099792,
            0.027532298117876053
        ],
        [
            0.21324923634529114,
            -0.7371729016304016,
            0.036477215588092804
        ],
        [
            0.21436932682991028,
            -0.9355957508087158,
            0.05907069891691208
        ],
        [
            0.19065679609775543,
            -0.9381687045097351,
            0.037060610949993134
        ],
        [
            0.2533193826675415,
            -0.8632450699806213,
            0.06665697693824768
        ],
        [
            0.2500757873058319,
            -0.8800854086875916,
            0.05828622728586197
        ],
        [
            0.24329592287540436,
            -0.8672888278961182,
            0.042882099747657776
        ],
        [
            0.24754227697849274,
