{
    "pred_cam": [
        1.6424638032913208,
        0.05381014198064804,
        0.5771117210388184
    ],
    "pred_smpl_params": {
        "global_orient": [
            [
                [
                    0.732282280921936,
                    0.5798397660255432,
                    -0.3571394085884094
                ],
                [
                    0.3229180574417114,
                    -0.7573784589767456,
                    -0.5675402283668518
                ],
                [
                    -0.5995720028877258,
                    0.3002728819847107,
                    -0.7418555617332458
                ]
            ]
        ],
        "body_pose": [
            [
                [
                    0.9996650218963623,
                    -0.02531587891280651,
                    -0.005376522429287434
                ],
                [
                    0.022336287423968315,
                    0.7390086650848389,
                    0.6733254194259644
                ],
                [
                    -0.013072528876364231,
                    -0.6732199788093567,
                    0.7393265962600708
                ]
            ],
            [
                [
                    0.9771029949188232,
                    0.21142999827861786,
                    0.023814043030142784
                ],
                [
                    -0.19994498789310455,
                    0.874183714389801,
                    0.44252094626426697
                ],
                [
                    0.07274433970451355,
                    -0.4371500611305237,
                    0.8964418768882751
                ]
            ],
            [
                [
                    0.9999203681945801,
                    0.006545998156070709,
                    -0.010788836516439915
                ],
                [
                    -0.01048031635582447,
                    0.9069905281066895,
                    -0.42102065682411194
                ],
                [
                    0.007029371336102486,
                    0.4211001992225647,
                    0.9069868922233582
                ]
            ],
            [
                [
                    0.9709570407867432,
                    0.21642251312732697,
                    -0.10199884325265884
                ],
                [
                    -0.12337015569210052,
                    0.08761923015117645,
                    -0.9884849786758423
                ],
                [
                    -0.20499339699745178,
                    0.9723600149154663,
                    0.11177458614110947
                ]
            ],
            [
                [
                    0.9750365614891052,
                    -0.10907868295907974,
                    0.19340524077415466
                ],
                [
                    0.2088831514120102,
                    0.15517276525497437,
                    -0.9655513167381287
                ],
                [
                    0.07530979812145233,
                    0.9818468689918518,
                    0.17408381402492523
                ]
            ],
            [
                [
                    0.9939135313034058,
                    -0.1067274883389473,
                    -0.02729673497378826
                ],
                [
                    0.1073380708694458,
                    0.9939796924591064,
                    0.02197328582406044
                ],
                [
                    0.02478724904358387,
                    -0.024769525974988937,
                    0.9993857741355896
                ]
            ],
            [
                [
                    0.9468463063240051,
                    -0.11416450142860413,
                    0.3007465600967407
                ],
                [
                    0.04609110951423645,
                    0.9734066724777222,
                    0.22439925372600555
                ],
                [
                    -0.3183671534061432,
                    -0.1986098736524582,
                    0.9269284605979919
                ]
            ],
            [
                [
                    0.9421787858009338,
                    -0.005760353058576584,
                    -0.33506089448928833
                ],
                [
                    0.04941852390766144,
                    0.991308867931366,
                    0.12192051112651825
                ],
                [
                    0.33144649863243103,
                    -0.13142915070056915,
                    0.9342748522758484
                ]
            ],
            [
                [
                    0.9963745474815369,
                    -0.07829644531011581,
                    -0.033277858048677444
                ],
                [
                    0.07665160298347473,
                    0.9958959817886353,
                    -0.048122506588697433
                ],
                [
                    0.03690910339355469,
                    0.04539724066853523,
                    0.9982869625091553
                ]
            ],
            [
                [
                    0.9982695579528809,
                    -0.05738811194896698,
                    -0.012829023413360119
                ],
                [
                    0.05830499529838562,
                    0.9943242073059082,
                    0.08899339288473129
                ],
                [
                    0.007649046368896961,
                    -0.08958738297224045,
                    0.9959496259689331
                ]
            ],
            [
                [
                    0.9928504228591919,
                    0.10256312787532806,
                    0.061064332723617554
                ],
                [
                    -0.11116700619459152,
                    0.980821967124939,
                    0.16009406745433807
                ],
                [
                    -0.0434734933078289,
                    -0.1657377928495407,
                    0.9852111339569092
                ]
            ],
            [
                [
                    0.9914449453353882,
                    -0.11905208230018616,
                    -0.053511302918195724
                ],
                [
                    0.10689473152160645,
                    0.9758427739143372,
                    -0.19053705036640167
                ],
                [
                    0.07490245252847672,
                    0.18318693339824677,
                    0.9802204370498657
                ]
            ],
            [
                [
                    0.8632099032402039,
                    -0.028051933273673058,
                    -0.5040652751922607
                ],
                [
                    0.1577523946762085,
                    0.9634456634521484,
                    0.21653330326080322
                ],
                [
                    0.4795653223991394,
                    -0.26643118262290955,
                    0.8360810875892639
                ]
            ],
            [
                [
                    0.9359509348869324,
                    0.06979470700025558,
                    0.3451443910598755
                ],
                [
                    -0.13908690214157104,
                    0.9737350344657898,
                    0.18026360869407654
                ],
                [
                    -0.3234977126121521,
                    -0.21672295033931732,
                    0.9210757613182068
                ]
            ],
            [
                [
                    0.9990445971488953,
                    -0.04366302117705345,
                    -0.0018313023028895259
                ],
                [
                    0.04269205033779144,
                    0.9840670824050903,
                    -0.17259596288204193
                ],
                [
                    0.00933818519115448,
                    0.1723528951406479,
                    0.9849909543991089
                ]
            ],
            [
                [
                    0.6464701890945435,
                    0.24283429980278015,
                    -0.7232618927955627
                ],
                [
                    0.037185825407505035,
                    0.9368383884429932,
                    0.3477800786495209
                ],
                [
                    0.7620325088500977,
                    -0.25172457098960876,
                    0.5966081023216248
                ]
            ],
            [
                [
                    0.917729914188385,
                    -0.15995126962661743,
                    0.36357587575912476
                ],
                [
                    0.07418445497751236,
                    0.9682515263557434,
                    0.2387170046567917
                ],
                [
                    -0.3902159333229065,
                    -0.19210605323314667,
                    0.9004592895507812
                ]
            ],
            [
                [
                    0.40864992141723633,
                    -0.17125257849693298,
                    -0.8964808583259583
                ],
                [
                    0.3939727246761322,
                    0.9191133975982666,
                    0.004011651501059532
                ],
                [
                    0.8232805132865906,
                    -0.3548283278942108,
                    0.44306445121765137
                ]
            ],
            [
                [
                    0.2548174560070038,
                    0.23313689231872559,
                    0.9384642839431763
                ],
                [
                    -0.4819549024105072,
                    0.8719889521598816,
                    -0.08575955778360367
                ],
                [
                    -0.838324248790741,
                    -0.4304444193840027,
                    0.33455947041511536
                ]
            ],
            [
                [
                    0.9850285053253174,
                    -0.1689276099205017,
                    -0.03438606113195419
                ],
                [
                    0.1590680181980133,
                    0.9675248861312866,
                    -0.1964505910873413
                ],
                [
                    0.06645530462265015,
                    0.18803969025611877,
                    0.9799105525016785
                ]
            ],
            [
                [
                    0.9872812032699585,
                    0.15712817013263702,
                    0.024217454716563225
                ],
                [
                    -0.1528436690568924,
                    0.9800004959106445,
                    -0.12742801010608673
                ],
                [
                    -0.04375564679503441,
                    0.12210579961538315,
                    0.9915521144866943
                ]
            ],
            [
                [
                    0.9923275709152222,
                    0.1120094582438469,
                    -0.05234292894601822
                ],
                [
                    -0.1111312285065651,
                    0.9936162233352661,
                    0.019407492130994797
                ],
                [
                    0.05418260768055916,
                    -0.013441657647490501,
                    0.9984405040740967
                ]
            ],
            [
                [
                    0.9942330718040466,
                    -0.10113120824098587,
                    0.03568035736680031
                ],
                [
                    0.09907372295856476,
                    0.9935387372970581,
                    0.055363792926073074
                ],
                [
                    -0.04104882478713989,
                    -0.05150952562689781,
                    0.9978285431861877
                ]
            ]
        ],
        "betas": [
            0.06620930135250092,
            -0.13176214694976807,
            0.0069242119789123535,
            0.14834889769554138,
            0.07559669017791748,
            -0.1769898235797882,
            0.019046932458877563,
            0.017865538597106934,
            -0.006487175822257996,
            0.08493773639202118
        ]
    },
    "pred_cam_t": [
        0.05381014198064804,
        0.5771117210388184,
        23.782867431640625
    ],
    "focal_length": [
        5000.0,
        5000.0
    ],
    "pred_keypoints_3d": [
        [
            0.09136415272951126,
            -0.7861356735229492,
            -0.013449057936668396
        ],
        [
            0.2016897350549698,
            -0.6761652827262878,
            0.1009555384516716
        ],
        [
            0.049050092697143555,
            -0.652999997138977,
            0.1954728662967682
        ],
        [
            -0.19621330499649048,
            -0.7228219509124756,
            0.20360705256462097
        ],
        [
            -0.1855565458536148,
            -0.9357995390892029,
            0.06261064112186432
        ],
        [
            0.2909672260284424,
            -0.6104815602302551,
            -0.03799857571721077
        ],
        [
            0.19993530213832855,
            -0.7040500044822693,
            -0.2646036744117737
        ],
        [
            0.09764312207698822,
            -0.9270943403244019,
            -0.21717236936092377
        ],
        [
            -0.001916324719786644,
            -0.22597980499267578,
            0.0289615485817194
        ],
        [
            -0.10302262753248215,
            -0.1769808977842331,
            0.04542463645339012
        ],
        [
            -0.4368796944618225,
            -0.05344148725271225,
            -0.09870283305644989
        ],
        [
            -0.4036455750465393,
            0.3062376081943512,
            0.07492600381374359
        ],
        [
            -0.001695259241387248,
            -0.1303982436656952,
            -0.035793110728263855
        ],
        [
            -0.22021467983722687,
            -0.04577281326055527,
            -0.32996124029159546
        ],
        [
            -0.3322888910770416,
            0.2845858633518219,
            -0.1336647868156433
        ],
        [
            0.08990762382745743,
            -0.8247251510620117,
            0.0341905802488327
        ],
        [
            0.13601917028427124,
            -0.8265855312347412,
            -0.01410394161939621
        ],
        [
            0.1287357658147812,
            -0.8107269406318665,
            0.13221289217472076
        ],
        [
            0.2324153035879135,
            -0.8159927725791931,
            0.02370218187570572
        ],
        [
            -0.43333664536476135,
            0.3325349688529968,
            -0.2992619276046753
        ],
        [
            -0.36128151416778564,
            0.3682083487510681,
            -0.2773740887641907
        ],
        [
            -0.30842649936676025,
            0.31711292266845703,
            -0.07630415260791779
        ],
        [
            -0.5708949565887451,
            0.3657447099685669,
            -0.013987421989440918
        ],
        [
            -0.5685669183731079,
            0.34564757347106934,
            0.07034143805503845
        ],
        [
            -0.3610408902168274,
            0.34412193298339844,
            0.12492671608924866
        ],
        [
            -0.3938775360584259,
            0.24922364950180054,
            0.08899104595184326
        ],
        [
            -0.3988039791584015,
            -0.08280380815267563,
            -0.08629525452852249
        ],
        [
            -0.08633294701576233,
            -0.28444650769233704,
            0.14240342378616333
        ],
        [
            0.13159812986850739,
            -0.16635863482952118,
            -0.029320603236556053
        ],
        [
            -0.1899736076593399,
            -0.05571907386183739,
            -0.3195330798625946
        ],
        [
            -0.2972714900970459,
            0.25670215487480164,
            -0.1312313973903656
        ],
        [
            -0.15436553955078125,
            -0.9160169363021851,
            0.06429632753133774
        ],
        [
            -0.17038008570671082,
            -0.7487968802452087,
            0.21689489483833313
        ],
        [
            0.08254817128181458,
            -0.6686590909957886,
            0.18760286271572113
        ],
        [
            0.29263049364089966,
            -0.6325583457946777,
            -0.010899008251726627
        ],
        [
            0.22985582053661346,
            -0.7274031043052673,
            -0.24042098224163055
        ],
        [
            0.11394117772579193,
            -0.9224134683609009,
            -0.20372048020362854
        ],
        [
            0.20542368292808533,
            -0.6752620339393616,
            0.09817101061344147
        ],
        [
            0.16951242089271545,
            -0.8665000200271606,
            0.06343767791986465
        ],
        [
            0.022934919223189354,
            -0.2254611700773239,
            0.056681130081415176
        ],
        [
            0.18565009534358978,
            -0.6419710516929626,
            0.08748967200517654
        ],
        [
            0.13765248656272888,
            -0.4420230984687805,
            0.09082119166851044
        ],
        [
            0.15001539885997772,
            -0.7574228644371033,
            0.03525896370410919
        ],
        [
            0.1719878613948822,
            -0.8852165937423706,
            0.0735325962305069
        ]
    ],
    "pred_vertices": [
        [
            0.14325368404388428,
            -0.873424768447876,
            -0.022581003606319427
        ],
        [
            0.1351442039012909,
            -0.859138011932373,
            -0.022969402372837067
        ],
        [
            0.1491888463497162,
            -0.8563961982727051,
            -0.02508598566055298
        ],
        [
            0.15926571190357208,
            -0.866722583770752,
            -0.02170572429895401
        ],
        [
            0.1425265371799469,
            -0.8469052314758301,
            -0.026527822017669678
        ],
        [
            0.1306598037481308,
            -0.8480868339538574,
            -0.023743055760860443
        ],
        [
            0.16149739921092987,
            -0.8501423597335815,
            -0.02280660718679428
        ],
        [
            0.17216530442237854,
            -0.8574416637420654,
            -0.017874926328659058
        ],
        [
            0.17389214038848877,
            -0.8133935928344727,
            -0.01858072727918625
        ],
        [
            0.1833193451166153,
            -0.8086792230606079,
            -0.014398261904716492
        ],
        [
            0.18215876817703247,
            -0.821279764175415,
            -0.015825852751731873
        ],
        [
            0.17250005900859833,
            -0.8228044509887695,
            -0.018404632806777954
        ],
        [
            0.17601951956748962,
            -0.7876972556114197,
            -0.01548197865486145
        ],
        [
            0.1657940149307251,
            -0.7784548997879028,
            -0.017225228250026703
        ],
        [
            0.17447206377983093,
            -0.7691442966461182,
            -0.012024924159049988
        ],
        [
            0.18445011973381042,
            -0.7778476476669312,
            -0.008924044668674469
        ],
        [
            0.1259206384420395,
            -0.7926127314567566,
            -0.011052943766117096
        ],
        [
            0.1305469572544098,
            -0.7859165072441101,
            -0.014376889914274216
        ],
        [
            0.13381609320640564,
            -0.7926332950592041,
            -0.016407161951065063
        ],
        [
            0.1288284808397293,
            -0.7984457612037659,
            -0.012361682951450348
        ],
        [
            0.11504539847373962,
            -0.8025531768798828,
            -0.00864332914352417
        ],
        [
            0.11808636784553528,
            -0.807967483997345,
            -0.006775550544261932
        ],
        [
            0.11103203892707825,
            -0.8119190335273743,
            -0.00711219385266304
        ],
        [
            0.10789415240287781,
            -0.8057998418807983,
            -0.010182954370975494
        ],
        [
            0.1219455897808075,
            -0.7872740030288696,
            -0.0076249465346336365
        ],
        [
            0.12730348110198975,
            -0.7804230451583862,
            -0.010692719370126724
        ],
        [
            0.12148898839950562,
            -0.7981932759284973,
            -0.008522607386112213
        ],
        [
            0.11863993108272552,
            -0.7940818071365356,
            -0.009148798882961273
        ],
        [
            0.1092110127210617,
            -0.7882995009422302,
            -0.01434982568025589
        ],
        [
            0.1113772988319397,
            -0.7930596470832825,
            -0.014359794557094574
        ],
        [
            0.10404349863529205,
            -0.7942168116569519,
            -0.016916565597057343
        ],
        [
            0.10369816422462463,
            -0.7885614633560181,
            -0.01555383950471878
        ],
        [
            0.11755338311195374,
            -0.7875045537948608,
            -0.009876001626253128
        ],
        [
            0.11606457829475403,
            -0.790516197681427,
            -0.012134760618209839
        ],
        [
            0.11259130388498306,
            -0.7868528366088867,
            -0.01204405352473259
        ],
        [
            0.11382002383470535,
            -0.7845586538314819,
            -0.008924216032028198
        ],
        [
            0.11258994042873383,
            -0.7985821962356567,
            -0.010456036776304245
        ],
        [
            0.10559303313493729,
            -0.8005331158638,
            -0.01329106092453003
        ],
        [
            0.097817063331604,
            -0.8021385073661804,
            -0.015646617859601974
        ],
        [
            0.0962795615196228,
            -0.7938989400863647,
            -0.018874790519475937
        ],
        [
            0.1433408409357071,
            -0.7721633911132812,
            -0.017216756939888
        ],
        [
            0.1364578902721405,
            -0.7792187929153442,
            -0.01689765602350235
        ],
        [
            0.13277950882911682,
            -0.7742273807525635,
            -0.013859681785106659
        ],
        [
            0.13837496936321259,
            -0.7685206532478333,
            -0.015128105878829956
        ],
        [
            0.1173180490732193,
            -0.7811560034751892,
            -0.007567163556814194
        ],
        [
            0.12046399712562561,
            -0.7652462720870972,
            -0.010077163577079773
        ],
        [
            0.12037992477416992,
            -0.7690049409866333,
            -0.01056770607829094
        ],
        [
            0.1132468581199646,
            -0.7699079513549805,
            -0.00921686738729477
        ],
        [
            0.1139293909072876,
            -0.7663795351982117,
            -0.009105727076530457
        ],
        [
            0.1533976048231125,
            -0.7575185298919678,
            -0.014325574040412903
        ],
        [
            0.14611509442329407,
            -0.756338357925415,
            -0.014118947088718414
        ],
        [
            0.14849622547626495,
            -0.7492740154266357,
            -0.012431666254997253
        ],
        [
            0.15611980855464935,
            -0.7490661144256592,
            -0.011336497962474823
        ],
        [
            0.14764496684074402,
            -0.7435293197631836,
            -0.009974192827939987
        ],
        [
            0.15754880011081696,
            -0.7411017417907715,
            -0.008048854768276215
        ],
        [
            0.15118874609470367,
            -0.7267403602600098,
            -0.0018342956900596619
        ],
        [
            0.15459854900836945,
            -0.7330467700958252,
            -0.004861094057559967
        ],
        [
            0.1446622610092163,
            -0.737812876701355,
            -0.00762736052274704
        ],
        [
            0.1386391520500183,
            -0.7327494621276855,
            -0.006283219903707504
        ],
        [
            0.1239049881696701,
            -0.7373501658439636,
            -0.004010271281003952
        ],
        [
            0.1178378239274025,
            -0.7360769510269165,
            -0.002055499702692032
        ],
        [
            0.12302963435649872,
            -0.7239900827407837,
            -0.0034050829708576202
        ],
        [
            0.13026279211044312,
            -0.7275269031524658,
            -0.0052731893956661224
        ],
        [
            0.12325248122215271,
            -0.7589763402938843,
            -0.006738439202308655
        ],
        [
            0.128062903881073,
            -0.7591100931167603,
            -0.007306836545467377
        ],
        [
            0.12663404643535614,
            -0.7605416774749756,
            -0.009239327162504196
        ],
        [
            0.1213664710521698,
            -0.7616695165634155,
            -0.00878893956542015
        ],
        [
            0.13184474408626556,
            -0.7587493658065796,
            -0.008501965552568436
        ],
        [
            0.1335631012916565,
            -0.7584004402160645,
            -0.009154248982667923
        ],
        [
            0.13256965577602386,
            -0.7597322463989258,
            -0.009871341288089752
        ],
        [
            0.13123992085456848,
            -0.7595514059066772,
            -0.008853428065776825
        ],
        [
            0.12937436997890472,
            -0.7592214345932007,
            -0.007913906127214432
        ],
        [
            0.12843459844589233,
            -0.7572855949401855,
            -0.007529418915510178
        ],
        [
            0.13084688782691956,
            -0.7579666972160339,
            -0.00824696570634842
        ],
        [
            0.12396267056465149,
            -0.7564557790756226,
            -0.007167130708694458
        ],
        [
            0.10969847440719604,
            -0.7543278932571411,
            -0.004600755870342255
        ],
        [
            0.11334939301013947,
            -0.7546155452728271,
            -0.0060845836997032166
        ],
        [
            0.11272992193698883,
            -0.7589959502220154,
            -0.00455121323466301
        ],
        [
            0.10965017974376678,
            -0.7592100501060486,
            -0.00330154225230217
        ],
        [
            0.1300933063030243,
            -0.7620141506195068,
            -0.009922835975885391
        ],
        [
            0.13223329186439514,
            -0.7632463574409485,
            -0.011488668620586395
        ],
        [
            0.1270257830619812,
            -0.7660300731658936,
            -0.011384919285774231
        ],
        [
            0.12668964266777039,
            -0.7633163928985596,
            -0.009994488209486008
        ],
        [
            0.1341349184513092,
            -0.7650811672210693,
            -0.01339200884103775
        ],
        [
            0.1345740407705307,
            -0.7609195709228516,
            -0.011123135685920715
        ],
        [
            0.1373167335987091,
            -0.7618277072906494,
            -0.012843511998653412
        ],
        [
            0.13317495584487915,
            -0.7566635608673096,
            -0.008769713342189789
        ],
        [
            0.1361411064863205,
            -0.7548746466636658,
            -0.009694807231426239
        ],
        [
            0.13581182062625885,
            -0.7575108408927917,
            -0.0108819380402565
        ],
        [
            0.13447383046150208,
            -0.7516554594039917,
            -0.008449092507362366
        ],
        [
            0.1307058334350586,
            -0.7548006772994995,
            -0.007728002965450287
        ],
        [
            0.12630805373191833,
            -0.7529699802398682,
            -0.007250554859638214
        ],
        [
            0.1206214427947998,
            -0.7513529658317566,
            -0.006614670157432556
        ],
        [
            0.12456962466239929,
            -0.7464257478713989,
            -0.0060607753694057465
        ],
        [
            0.1302955448627472,
            -0.7487345933914185,
            -0.007343873381614685
        ],
        [
            0.12904804944992065,
            -0.770119309425354,
            -0.012438632547855377
        ],
        [
            0.14024248719215393,
            -0.7568836212158203,
            -0.012374084442853928
        ],
        [
            0.1426992118358612,
            -0.7634474039077759,
            -0.01461532711982727
        ],
        [
            0.14101700484752655,
            -0.7520371675491333,
            -0.011390350759029388
        ],
        [
            0.13988158106803894,
            -0.7475508451461792,
            -0.009527429938316345
        ],
        [
            0.13625755906105042,
            -0.7435745596885681,
            -0.007655564695596695
        ],
        [
            0.13015387952327728,
            -0.7401620149612427,
            -0.005821652710437775
        ],
        [
            0.13260257244110107,
            -0.7152908444404602,
            0.0035484768450260162
        ],
        [
            0.1410154104232788,
            -0.7203436493873596,
            0.00043502822518348694
        ],
        [
            0.13099759817123413,
            -0.8405686616897583,
            -0.01979667693376541
        ],
        [
            0.13918443024158478,
            -0.8397942781448364,
            -0.023987628519535065
        ],
        [
            0.14307035505771637,
            -0.8320308923721313,
            -0.020276375114917755
        ],
        [
            0.14429990947246552,
            -0.834007978439331,
            -0.021625205874443054
        ],
        [
            0.13821223378181458,
            -0.8357700109481812,
            -0.020424187183380127
        ],
        [
            0.13841627538204193,
            -0.8330641984939575,
            -0.01910547912120819
        ],
        [
            0.16371262073516846,
            -0.824901819229126,
            -0.018202930688858032
        ],
        [
            0.15695969760417938,
            -0.8267415761947632,
            -0.018150627613067627
        ],
        [
            0.1584119200706482,
            -0.8228983879089355,
            -0.017099514603614807
        ],
        [
            0.16562870144844055,
            -0.8182497024536133,
            -0.018619410693645477
        ],
        [
            0.1482764184474945,
            -0.8152713775634766,
            -0.01702871173620224
        ],
        [
            0.15355470776557922,
            -0.8164933323860168,
            -0.017572879791259766
        ],
        [
            0.14859835803508759,
            -0.8231998085975647,
            -0.01721801608800888
        ],
        [
            0.14471451938152313,
            -0.8222572803497314,
            -0.016759246587753296
        ],
        [
            0.14063982665538788,
            -0.8218116760253906,
            -0.015734083950519562
        ],
        [
            0.13684561848640442,
            -0.8217692375183105,
            -0.013760343194007874
        ],
        [
            0.13758422434329987,
            -0.8164776563644409,
            -0.013311326503753662
        ],
        [
            0.14253118634223938,
            -0.815564751625061,
            -0.015414126217365265
        ],
        [
            0.13240793347358704,
            -0.8368842601776123,
            -0.016747713088989258
        ],
        [
            0.12735271453857422,
            -0.8359835147857666,
            -0.011554896831512451
        ],
        [
            0.1289208084344864,
            -0.8330639600753784,
            -0.011868387460708618
        ],
        [
            0.1329505741596222,
            -0.8337138891220093,
            -0.01645704358816147
        ],
        [
            0.12512508034706116,
            -0.8266550302505493,
            -0.0012118630111217499
        ],
        [
            0.12523697316646576,
            -0.829070508480072,
            -0.002840425819158554
        ],
        [
            0.12180879712104797,
            -0.8305633664131165,
            -0.0010999739170074463
        ],
        [
            0.12189752608537674,
            -0.8260355591773987,
            3.9618462324142456e-05
        ],
        [
            0.12363883852958679,
            -0.8230385780334473,
            -0.0016151927411556244
        ],
        [
            0.1258120834827423,
            -0.8249813318252563,
            -0.002431277185678482
        ],
        [
            0.13661730289459229,
            -0.8943990468978882,
            -0.015203200280666351
        ],
        [
            0.12797632813453674,
            -0.8784171342849731,
            -0.018610656261444092
        ],
        [
            0.15605992078781128,
            -0.8887684345245361,
            -0.016242124140262604
        ],
        [
            0.17175766825675964,
            -0.8783078789710999,
            -0.014044590294361115
        ],
        [
            0.18394984304904938,
            -0.8651221990585327,
            -0.011666499078273773
        ],
        [
            0.16346952319145203,
            -0.7620260119438171,
            -0.013727009296417236
        ],
        [
            0.1689051240682602,
            -0.7530388832092285,
            -0.009947739541530609
        ],
        [
            0.18288752436637878,
            -0.7605546712875366,
            -0.0064506977796554565
        ],
        [
            0.18483087420463562,
            -0.7501413822174072,
            -0.001413099467754364
        ],
        [
            0.17033423483371735,
            -0.7426184415817261,
            -0.005594111979007721
        ],
        [
            0.16251574456691742,
            -0.7238517999649048,
            0.005827069282531738
        ],
        [
            0.16818955540657043,
            -0.7321717739105225,
            -0.0002368055284023285
        ],
        [
            0.18515793979167938,
            -0.7399356365203857,
            0.006244279444217682
        ],
        [
            0.20110295712947845,
            -0.7524071931838989,
            0.011819370090961456
        ],
        [
            0.19766217470169067,
            -0.7602930068969727,
            0.0033751651644706726
        ],
        [
            0.21257883310317993,
            -0.7683925628662109,
            0.017895974218845367
        ],
        [
            0.20601452887058258,
            -0.7440712451934814,
            0.023668982088565826
        ],
        [
            0.2165803164243698,
            -0.7671706676483154,
            0.026430733501911163
        ],
        [
            0.19348597526550293,
            -0.7077133655548096,
            0.029483120888471603
        ],
        [
            0.19793950021266937,
            -0.6963272094726562,
            0.030558381229639053
        ],
        [
            0.2147558331489563,
            -0.7021666765213013,
            0.03573997691273689
        ],
        [
            0.21076837182044983,
            -0.7140357494354248,
            0.03312905132770538
        ],
        [
            0.1926739662885666,
            -0.7682830095291138,
            -0.003009878098964691
        ],
        [
            0.18796631693840027,
            -0.8320907354354858,
            -0.011290132999420166
        ],
        [
            0.177811861038208,
            -0.8320200443267822,
            -0.017051830887794495
        ],
        [
            0.1924116015434265,
            -0.8197178840637207,
            -0.010217234492301941
        ],
        [
            0.20211169123649597,
            -0.8933051228523254,
            0.001893267035484314
        ],
        [
            0.18532778322696686,
            -0.8876653909683228,
            -0.00600055605173111
        ],
        [
            0.19597749412059784,
            -0.8728703260421753,
            -0.006389938294887543
        ],
        [
            0.20953592658042908,
            -0.8798919320106506,
            0.0022576525807380676
        ],
        [
            0.1744695007801056,
            -0.9281561970710754,
            0.012389495968818665
        ],
        [
            0.15545912086963654,
            -0.9141684174537659,
            -0.003185570240020752
        ],
        [
            0.16965997219085693,
            -0.9030452966690063,
            -0.004593312740325928
        ],
        [
            0.18701185286045074,
            -0.9139553308486938,
            0.005966149270534515
        ],
        [
            0.2199898511171341,
            -0.881012499332428,
            0.010417938232421875
        ],
        [
            0.23381420969963074,
            -0.8826720118522644,
            0.023840680718421936
        ],
        [
            0.23464930057525635,
            -0.8988512754440308,
            0.03141099214553833
        ],
        [
            0.21790257096290588,
            -0.898934006690979,
            0.015362553298473358
        ],
        [
            0.23012635111808777,
            -0.9196215271949768,
            0.04396414756774902
        ],
        [
            0.20970159769058228,
            -0.9199856519699097,
            0.024801596999168396
        ],
        [
            0.2217412292957306,
            -0.7527264356613159,
            0.03690367937088013
        ],
        [
            0.22539663314819336,
            -0.7719876766204834,
            0.036266036331653595
        ],
        [
            0.20555296540260315,
            -0.7278869152069092,
            0.0291169174015522
        ],
        [
            0.2208949625492096,
            -0.7354896068572998,
            0.03834063559770584
        ],
        [
            0.2197350114583969,
            -0.9345869421958923,
            0.059058912098407745
        ],
        [
            0.19648391008377075,
            -0.936615526676178,
            0.036452509462833405
        ],
        [
            0.2592790424823761,
            -0.8625835180282593,
            0.06831974536180496
        ],
        [
            0.256023645401001,
            -0.8793317079544067,
            0.05970567464828491
        ],
        [
            0.24974516034126282,
            -0.8662681579589844,
            0.04428442567586899
        ],
        [
            0.2539508640766144,
