{
    "pred_cam": [
        2.370234966278076,
        -0.004986954852938652,
        0.5468392372131348
    ],
    "pred_smpl_params": {
        "global_orient": [
            [
                [
                    0.9780120849609375,
                    0.18323364853858948,
                    -0.0995883047580719
                ],
                [
                    0.14700748026371002,
                    -0.9444369673728943,
                    -0.2939856946468353
                ],
                [
                    -0.14792294800281525,
                    0.27288132905960083,
                    -0.9506074786186218
                ]
            ]
        ],
        "body_pose": [
            [
                [
                    0.9782246947288513,
                    -0.1992230862379074,
                    -0.05819409340620041
                ],
                [
                    0.17267435789108276,
                    0.625643789768219,
                    0.7607585787773132
                ],
                [
                    -0.11515188962221146,
                    -0.7542414665222168,
                    0.6464208960533142
                ]
            ],
            [
                [
                    0.9796119928359985,
                    0.1572432518005371,
                    0.12503984570503235
                ],
                [
                    -0.19548818469047546,
                    0.6026124954223633,
                    0.7737200260162354
                ],
                [
                    0.046311669051647186,
                    -0.7823891639709473,
                    0.621065616607666
                ]
            ],
            [
                [
                    0.9988975524902344,
                    0.016445552930235863,
                    -0.043967511504888535
                ],
                [
                    -0.03992201015353203,
                    0.790336012840271,
                    -0.6113714575767517
                ],
                [
                    0.024694766849279404,
                    0.6124528050422668,
                    0.7901212573051453
                ]
            ],
            [
                [
                    0.9819304943084717,
                    0.14798863232135773,
                    -0.11794843524694443
                ],
                [
                    -0.07855410128831863,
                    -0.24828943610191345,
                    -0.9654955267906189
                ],
                [
                    -0.17216770350933075,
                    0.9573149085044861,
                    -0.23217785358428955
                ]
            ],
            [
                [
                    0.9748311638832092,
                    -0.12984581291675568,
                    0.18122968077659607
                ],
                [
                    0.1454758197069168,
                    -0.24551360309123993,
                    -0.9584152698516846
                ],
                [
                    0.16894060373306274,
                    0.9606576561927795,
                    -0.22044488787651062
                ]
            ],
            [
                [
                    0.9989846348762512,
                    -0.04296466335654259,
                    -0.013554180972278118
                ],
                [
                    0.04232226684689522,
                    0.9981092810630798,
                    -0.04457203298807144
                ],
                [
                    0.01544357743114233,
                    0.04395313560962677,
                    0.9989141821861267
                ]
            ],
            [
                [
                    0.9785473346710205,
                    -0.11698033660650253,
                    0.16958963871002197
                ],
                [
                    0.051872618496418,
                    0.9365400671958923,
                    0.346701443195343
                ],
                [
                    -0.19938476383686066,
                    -0.33046674728393555,
                    0.9225168824195862
                ]
            ],
            [
                [
                    0.9777423143386841,
                    0.07751686871051788,
                    -0.19496434926986694
                ],
                [
                    -0.018080811947584152,
                    0.9569190144538879,
                    0.28979140520095825
                ],
                [
                    0.20902882516384125,
                    -0.279816210269928,
                    0.937021791934967
                ]
            ],
            [
                [
                    0.9981653690338135,
                    -0.037250272929668427,
                    -0.04773115739226341
                ],
                [
                    0.0364048108458519,
                    0.9991666078567505,
                    -0.018461691215634346
                ],
                [
                    0.0483790785074234,
                    0.016690177842974663,
                    0.998689591884613
                ]
            ],
            [
                [
                    0.9939631223678589,
                    -0.058813463896512985,
                    0.09261878579854965
                ],
                [
                    0.03582704812288284,
                    0.9718952775001526,
                    0.23267145454883575
                ],
                [
                    -0.10369996726512909,
                    -0.22794859111309052,
                    0.9681351780891418
                ]
            ],
            [
                [
                    0.9940170049667358,
                    0.10464143007993698,
                    -0.031309861689805984
                ],
                [
                    -0.09299720823764801,
                    0.961158037185669,
                    0.2598589062690735
                ],
                [
                    0.05728573724627495,
                    -0.255392462015152,
                    0.9651387929916382
                ]
            ],
            [
                [
                    0.9918878674507141,
                    -0.12571214139461517,
                    0.018839117139577866
                ],
                [
                    0.1188967302441597,
                    0.9699349403381348,
                    0.21234376728534698
                ],
                [
                    -0.04496690630912781,
                    -0.2083812952041626,
                    0.9770134687423706
                ]
            ],
            [
                [
                    0.836477518081665,
                    0.46461084485054016,
                    -0.2905895411968231
                ],
                [
                    -0.45109105110168457,
                    0.8848693370819092,
                    0.11628904938697815
                ],
                [
                    0.31116291880607605,
                    0.033809173852205276,
                    0.949755072593689
                ]
            ],
            [
                [
                    0.9184069633483887,
                    -0.34702005982398987,
                    0.19001534581184387
                ],
                [
                    0.33893147110939026,
                    0.9378487467765808,
                    0.07460077106952667
                ],
                [
                    -0.2040935903787613,
                    -0.004111683461815119,
                    0.9789428114891052
                ]
            ],
            [
                [
                    0.9879894852638245,
                    -0.035419218242168427,
                    0.15040650963783264
                ],
                [
                    0.02378506027162075,
                    0.9966336488723755,
                    0.07845790684223175
                ],
                [
                    -0.15267910063266754,
                    -0.07393816858530045,
                    0.985505998134613
                ]
            ],
            [
                [
                    0.6317293047904968,
                    0.7187998294830322,
                    -0.29024970531463623
                ],
                [
                    -0.7328466773033142,
                    0.6758328676223755,
                    0.07864918559789658
                ],
                [
                    0.2526933252811432,
                    0.16302351653575897,
                    0.9537134766578674
                ]
            ],
            [
                [
                    0.7384177446365356,
                    -0.6465909481048584,
                    0.19146662950515747
                ],
                [
                    0.6626200675964355,
                    0.7484322190284729,
                    -0.027999304234981537
                ],
                [
                    -0.1251956820487976,
                    0.14754480123519897,
                    0.9810997843742371
                ]
            ],
            [
                [
                    0.723114013671875,
                    -0.24387137591838837,
                    -0.6462451815605164
                ],
                [
                    0.09527440369129181,
                    0.9618713855743408,
                    -0.2563711702823639
                ],
                [
                    0.6841263771057129,
                    0.12381497025489807,
                    0.7187773585319519
                ]
            ],
            [
                [
                    0.5379093885421753,
                    0.3341176211833954,
                    0.7739631533622742
                ],
                [
                    -0.16223062574863434,
                    0.9419699907302856,
                    -0.29389432072639465
                ],
                [
                    -0.8272452354431152,
                    0.03252796456217766,
                    0.5608986020088196
                ]
            ],
            [
                [
                    0.988183856010437,
                    -0.14074529707431793,
                    0.060691580176353455
                ],
                [
                    0.15160585939884186,
                    0.9557904601097107,
                    -0.2519528269767761
                ],
                [
                    -0.022547252476215363,
                    0.25817689299583435,
                    0.9658344984054565
                ]
            ],
            [
                [
                    0.9890239238739014,
                    0.12936049699783325,
                    -0.07139772176742554
                ],
                [
                    -0.1429339200258255,
                    0.9600734114646912,
                    -0.24047622084617615
                ],
                [
                    0.03743893653154373,
                    0.24804186820983887,
                    0.9680255651473999
                ]
            ],
            [
                [
                    0.9782620668411255,
                    0.1852482557296753,
                    -0.09320130199193954
                ],
                [
                    -0.16566327214241028,
                    0.9684649109840393,
                    0.18609529733657837
                ],
                [
                    0.1247360110282898,
                    -0.16660992801189423,
                    0.9781013131141663
                ]
            ],
            [
                [
                    0.9754447340965271,
                    -0.1849621832370758,
                    0.11956875771284103
                ],
                [
                    0.15981772541999817,
                    0.9679796099662781,
                    0.19358126819133759
                ],
                [
                    -0.15154533088207245,
                    -0.16971859335899353,
                    0.9737708568572998
                ]
            ]
        ],
        "betas": [
            -0.02700953185558319,
            0.13297414779663086,
            -0.2031981199979782,
            -0.24701520800590515,
            0.001139909029006958,
            -0.04784899204969406,
            -0.011375755071640015,
            0.008167922496795654,
            0.05003230273723602,
            -0.03232637047767639
        ]
    },
    "pred_cam_t": [
        -0.004986954852938652,
        0.5468392372131348,
        16.48043441772461
    ],
    "focal_length": [
        5000.0,
        5000.0
    ],
    "pred_keypoints_3d": [
        [
            0.012787697836756706,
            -0.7876681089401245,
            -0.2268378883600235
        ],
        [
            0.04556799307465553,
            -0.6839611530303955,
            -0.061793550848960876
        ],
        [
            -0.12966689467430115,
            -0.6133604645729065,
            0.012723548337817192
        ],
        [
            -0.24523401260375977,
            -0.3991526961326599,
            0.09311530739068985
        ],
        [
            -0.34110066294670105,
            -0.24169960618019104,
            -0.08557162433862686
        ],
        [
            0.2009725570678711,
            -0.5540103316307068,
            -0.09104478359222412
        ],
        [
            0.20548833906650543,
            -0.29230934381484985,
            -0.06789807975292206
        ],
        [
            0.10489373654127121,
            -0.11816531419754028,
            -0.21695584058761597
        ],
        [
            -0.0016437242738902569,
            -0.2189818024635315,
            0.027416199445724487
        ],
        [
            -0.08363085240125656,
            -0.14251989126205444,
            0.01737651601433754
        ],
        [
            -0.2525942027568817,
            -0.025460630655288696,
            -0.3100927472114563
        ],
        [
            -0.22507338225841522,
            0.28237050771713257,
            -0.051564306020736694
        ],
        [
            0.050298143178224564,
            -0.12085627764463425,
            -0.0006888918578624725
        ],
        [
            0.0867539793252945,
            0.03419376164674759,
            -0.34485509991645813
        ],
        [
            0.012137085199356079,
            0.3163706362247467,
            -0.0674029290676117
        ],
        [
            -0.017819587141275406,
            -0.8239163160324097,
            -0.18813039362430573
        ],
        [
            0.048456668853759766,
            -0.8284846544265747,
            -0.19835197925567627
        ],
        [
            -0.04323580116033554,
            -0.8035718202590942,
            -0.0892181396484375
        ],
        [
            0.10151349008083344,
            -0.8133875131607056,
            -0.11252273619174957
        ],
        [
            0.03182309865951538,
            0.4200636148452759,
            -0.2334541231393814
        ],
        [
            0.08812229335308075,
            0.419055700302124,
            -0.17409749329090118
        ],
        [
            0.012794306501746178,
            0.32240521907806396,
            -2.4318695068359375e-05
        ],
        [
            -0.2936755120754242,
            0.37402981519699097,
            -0.21176041662693024
        ],
        [
            -0.3444764018058777,
            0.3554046154022217,
            -0.14461903274059296
        ],
        [
            -0.21228912472724915,
            0.30369776487350464,
            0.016285419464111328
        ],
        [
            -0.23923957347869873,
            0.22326821088790894,
            -0.05089230090379715
        ],
        [
            -0.23419851064682007,
            -0.05254509299993515,
            -0.27870944142341614
        ],
        [
            -0.14026938378810883,
            -0.26126810908317566,
            0.08529236912727356
        ],
        [
            0.15426243841648102,
            -0.19998036324977875,
            0.05027719587087631
        ],
        [
            0.0997203066945076,
            0.016576195135712624,
            -0.3239050507545471
        ],
        [
            0.02899882383644581,
            0.27427077293395996,
            -0.06669656932353973
        ],
        [
            -0.3153507709503174,
            -0.2628489136695862,
            -0.09359429776668549
        ],
        [
            -0.26531580090522766,
            -0.42628371715545654,
            0.07056574523448944
        ],
        [
            -0.0998869463801384,
            -0.6411337852478027,
            0.0013639312237501144
        ],
        [
            0.1858527809381485,
            -0.594601035118103,
            -0.08371175825595856
        ],
        [
            0.2203904390335083,
            -0.3150510787963867,
            -0.10842368006706238
        ],
        [
            0.10739857703447342,
            -0.13654038310050964,
            -0.22281059622764587
        ],
        [
            0.04665534198284149,
            -0.6712498664855957,
            -0.0645747184753418
        ],
        [
            0.027465004473924637,
            -0.8614863157272339,
            -0.11381078511476517
        ],
        [
            0.0069445595145225525,
            -0.2307402491569519,
            0.06769741326570511
        ],
        [
            0.04185067117214203,
            -0.6150903701782227,
            -0.04243969917297363
        ],
        [
            0.04101117327809334,
            -0.46194905042648315,
            0.04276863485574722
        ],
        [
            0.032517209649086,
            -0.7569130659103394,
            -0.1518804430961609
        ],
        [
            0.023824142292141914,
            -0.8803256750106812,
            -0.10251389443874359
        ]
    ],
    "pred_vertices": [
        [
            0.056513190269470215,
            -0.8749412298202515,
            -0.19742386043071747
        ],
        [
            0.05080292746424675,
            -0.8607996702194214,
            -0.2038615196943283
        ],
        [
            0.06309826672077179,
            -0.8578462600708008,
            -0.19701871275901794
        ],
        [
            0.06922407448291779,
            -0.8682653903961182,
            -0.18762245774269104
        ],
        [
            0.05893504619598389,
            -0.8485404849052429,
            -0.2023514211177826
        ],
        [
            0.04801855608820915,
            -0.8500250577926636,
            -0.2069445103406906
        ],
        [
            0.07198614627122879,
            -0.8516523838043213,
            -0.188296839594841
        ],
        [
            0.07803735136985779,
            -0.8584502935409546,
            -0.17813071608543396
        ],
        [
            0.0815335214138031,
            -0.8152097463607788,
            -0.17956717312335968
        ],
        [
            0.08705217391252518,
            -0.809902548789978,
            -0.17095854878425598
        ],
        [
            0.08572015166282654,
            -0.8227695226669312,
            -0.1725495308637619
        ],
        [
            0.07941610366106033,
            -0.8242645263671875,
            -0.17995604872703552
        ],
        [
            0.08171556890010834,
            -0.7894266247749329,
            -0.17763842642307281
        ],
        [
            0.07466666400432587,
            -0.780429482460022,
            -0.18562102317810059
        ],
        [
            0.07837413251399994,
            -0.771007239818573,
            -0.17676231265068054
        ],
        [
            0.08416803926229477,
            -0.7795097827911377,
            -0.16797366738319397
        ],
        [
            0.03918059542775154,
            -0.7939221858978271,
            -0.203792005777359
        ],
        [
            0.04490360990166664,
            -0.7876017093658447,
            -0.20389364659786224
        ],
        [
            0.04853924736380577,
            -0.7943572998046875,
            -0.2029763013124466
        ],
        [
            0.04207932949066162,
            -0.7998778820037842,
            -0.2026124745607376
        ],
        [
            0.028564199805259705,
            -0.8035180568695068,
            -0.20800840854644775
        ],
        [
            0.029856018722057343,
            -0.8088605999946594,
            -0.20441314578056335
        ],
        [
            0.02427065558731556,
            -0.8128095865249634,
            -0.20867177844047546
        ],
        [
            0.023640528321266174,
            -0.8068416118621826,
            -0.21337369084358215
        ],
        [
            0.0341031514108181,
            -0.7883327007293701,
            -0.20414462685585022
        ],
        [
            0.0401577465236187,
            -0.7818270921707153,
            -0.2035677134990692
        ],
        [
            0.034022554755210876,
            -0.7994073629379272,
            -0.20434871315956116
        ],
        [
            0.03181024640798569,
            -0.7950451374053955,
            -0.20673546195030212
        ],
        [
            0.02757672592997551,
            -0.7896039485931396,
            -0.21692627668380737
        ],
        [
            0.029063638299703598,
            -0.7942866086959839,
            -0.21525026857852936
        ],
        [
            0.024754637852311134,
            -0.7958773374557495,
            -0.22172367572784424
        ],
        [
            0.023784026503562927,
            -0.7901148796081543,
            -0.22120559215545654
        ],
        [
            0.03169286251068115,
            -0.7886351346969604,
            -0.20841532945632935
        ],
        [
            0.031665340065956116,
            -0.7917400598526001,
            -0.21085551381111145
        ],
        [
            0.029022999107837677,
            -0.7880761623382568,
            -0.21314728260040283
        ],
        [
            0.02827535755932331,
            -0.7856190204620361,
            -0.21015159785747528
        ],
        [
            0.02767672762274742,
            -0.7997657060623169,
            -0.21111901104450226
        ],
        [
            0.023750990629196167,
            -0.8018937706947327,
            -0.21753980219364166
        ],
        [
            0.018763573840260506,
            -0.8036361932754517,
            -0.22397629916667938
        ],
        [
            0.01962951198220253,
            -0.7955814599990845,
            -0.22781196236610413
        ],
        [
            0.05680624395608902,
            -0.7742254137992859,
            -0.19920945167541504
        ],
        [
            0.05115040764212608,
            -0.7814096212387085,
            -0.20264899730682373
        ],
        [
            0.046355221420526505,
            -0.7759227752685547,
            -0.2029585987329483
        ],
        [
            0.05157729610800743,
            -0.7704269886016846,
            -0.2007463425397873
        ],
        [
            0.030160164460539818,
            -0.7821357250213623,
            -0.20705834031105042
        ],
        [
            0.03436233475804329,
            -0.7663254737854004,
            -0.20821407437324524
        ],
        [
            0.03446555137634277,
            -0.7701778411865234,
            -0.20836295187473297
        ],
        [
            0.02790628932416439,
            -0.7710366249084473,
            -0.21146371960639954
        ],
        [
            0.028456613421440125,
            -0.7674689888954163,
            -0.21120530366897583
        ],
        [
            0.06316204369068146,
            -0.7595556974411011,
            -0.1915736347436905
        ],
        [
            0.05727338418364525,
            -0.7583136558532715,
            -0.19564680755138397
        ],
        [
            0.05824621021747589,
            -0.7512168288230896,
            -0.19322948157787323
        ],
        [
            0.0636349469423294,
            -0.7508974075317383,
            -0.18815390765666962
        ],
        [
            0.05628487840294838,
            -0.7448884844779968,
            -0.192165806889534
        ],
        [
            0.06300535798072815,
            -0.7424238920211792,
            -0.18504317104816437
        ],
        [
            0.05466900393366814,
            -0.7273999452590942,
            -0.1838955581188202
        ],
        [
            0.05894177407026291,
            -0.7339038252830505,
            -0.18442130088806152
        ],
        [
            0.052686166018247604,
            -0.738862931728363,
            -0.1922370046377182
        ],
        [
            0.04738272726535797,
            -0.733439028263092,
            -0.19493810832500458
        ],
        [
            0.03437599167227745,
            -0.7384889125823975,
            -0.2020546793937683
        ],
        [
            0.028351664543151855,
            -0.7370628118515015,
            -0.20435793697834015
        ],
        [
            0.033461861312389374,
            -0.7248330116271973,
            -0.20250748097896576
        ],
        [
            0.040249746292829514,
            -0.728132963180542,
            -0.19935253262519836
        ],
        [
            0.03505156934261322,
            -0.7600592970848083,
            -0.20420673489570618
        ],
        [
            0.039237890392541885,
            -0.76020348072052,
            -0.20174691081047058
        ],
        [
            0.03918267413973808,
            -0.7617971897125244,
            -0.20405060052871704
        ],
        [
            0.03467366471886635,
            -0.7629320621490479,
            -0.20679958164691925
        ],
        [
            0.0429023839533329,
            -0.7600488066673279,
            -0.20031005144119263
        ],
        [
            0.044612523168325424,
            -0.7597889304161072,
            -0.19973044097423553
        ],
        [
            0.04424047842621803,
            -0.7611263990402222,
            -0.20088855922222137
        ],
        [
            0.04277297109365463,
            -0.7611403465270996,
            -0.2008901983499527
        ],
        [
            0.040767852216959,
            -0.7607077956199646,
            -0.2013617753982544
        ],
        [
            0.03983461484313011,
            -0.7587680816650391,
            -0.20166033506393433
        ],
        [
            0.04203202202916145,
            -0.7592630386352539,
            -0.20076018571853638
        ],
        [
            0.03604377806186676,
            -0.7579060196876526,
            -0.20408785343170166
        ],
        [
            0.022707346826791763,
            -0.7552382349967957,
            -0.2106810212135315
        ],
        [
            0.026733197271823883,
            -0.7558116912841797,
            -0.20959967374801636
        ],
        [
            0.02527247741818428,
            -0.7600363492965698,
            -0.2085748314857483
        ],
        [
            0.021756980568170547,
            -0.7599515914916992,
            -0.20949947834014893
        ],
        [
            0.0422012098133564,
            -0.7633941769599915,
            -0.20238284766674042
        ],
        [
            0.04479201138019562,
            -0.7646897435188293,
            -0.20211216807365417
        ],
        [
            0.04052910581231117,
            -0.7674640417098999,
            -0.20510990917682648
        ],
        [
            0.0396110936999321,
            -0.7645988464355469,
            -0.20445260405540466
        ],
        [
            0.04740865156054497,
            -0.766904890537262,
            -0.2022438496351242
        ],
        [
            0.0464622788131237,
            -0.7624644041061401,
            -0.2005096673965454
        ],
        [
            0.04934028536081314,
            -0.7632731795310974,
            -0.20004847645759583
        ],
        [
            0.04414795711636543,
            -0.758080780506134,
            -0.19973859190940857
        ],
        [
            0.04694907367229462,
            -0.7564464807510376,
            -0.19857996702194214
        ],
        [
            0.04735606163740158,
            -0.7591056227684021,
            -0.199631005525589
        ],
        [
            0.045016106218099594,
            -0.7531245946884155,
            -0.19873234629631042
        ],
        [
            0.0416167713701725,
            -0.7561104893684387,
            -0.20049037039279938
        ],
        [
            0.03789697214961052,
            -0.7542414665222168,
            -0.20280998945236206
        ],
        [
            0.03301302716135979,
            -0.7525897026062012,
            -0.20580986142158508
        ],
        [
            0.03597288206219673,
            -0.7476555109024048,
            -0.20312151312828064
        ],
        [
            0.04113946110010147,
            -0.7500663995742798,
            -0.2004978358745575
        ],
        [
            0.0424288809299469,
            -0.7714457511901855,
            -0.2044009566307068
        ],
        [
            0.05165062099695206,
            -0.7586663961410522,
            -0.19796353578567505
        ],
        [
            0.054785098880529404,
            -0.7653505802154541,
            -0.19788125157356262
        ],
        [
            0.05176464468240738,
            -0.7538516521453857,
            -0.1968505084514618
        ],
        [
            0.049838874489068985,
            -0.7491832971572876,
            -0.19629475474357605
        ],
        [
            0.046096742153167725,
            -0.7445439100265503,
            -0.19733072817325592
        ],
        [
            0.04032992571592331,
            -0.7413519620895386,
            -0.19965805113315582
        ],
        [
            0.037084199488162994,
            -0.7157236337661743,
            -0.19085076451301575
        ],
        [
            0.04556218907237053,
            -0.7204711437225342,
            -0.18811801075935364
        ],
        [
            0.04662241041660309,
            -0.8424272537231445,
            -0.2043757140636444
        ],
        [
            0.055509477853775024,
            -0.8419910669326782,
            -0.20274010300636292
        ],
        [
            0.057078950107097626,
            -0.8338861465454102,
            -0.1986824870109558
        ],
        [
            0.058879539370536804,
            -0.8363850116729736,
            -0.1985623836517334
        ],
        [
            0.05299251526594162,
            -0.8375710248947144,
            -0.20112305879592896
        ],
        [
            0.05277372896671295,
            -0.8346710205078125,
            -0.20057275891304016
        ],
        [
            0.07240164279937744,
            -0.8268437385559082,
            -0.18482831120491028
        ],
        [
            0.06711637228727341,
            -0.8286619186401367,
            -0.18897205591201782
        ],
        [
            0.06755615025758743,
            -0.8245360255241394,
            -0.18736237287521362
        ],
        [
            0.07418955862522125,
            -0.8199031352996826,
            -0.18413129448890686
        ],
        [
            0.059685494750738144,
            -0.8168246746063232,
            -0.19390729069709778
        ],
        [
            0.06420525163412094,
            -0.8180177807807922,
            -0.1908964365720749
        ],
        [
            0.06004153937101364,
            -0.8250299096107483,
            -0.19338852167129517
        ],
        [
            0.05666518211364746,
            -0.8241435885429382,
            -0.19547952711582184
        ],
        [
            0.052836235612630844,
            -0.8235889673233032,
            -0.19714981317520142
        ],
        [
            0.04854198917746544,
            -0.823131799697876,
            -0.19781185686588287
        ],
        [
            0.04903005436062813,
            -0.8180321455001831,
            -0.19747063517570496
        ],
        [
            0.05425730347633362,
            -0.8172812461853027,
            -0.19619512557983398
        ],
        [
            0.04640379175543785,
            -0.8387977480888367,
            -0.20174850523471832
        ],
        [
            0.0393117293715477,
            -0.8372025489807129,
            -0.20077690482139587
        ],
        [
            0.04090029373764992,
            -0.8345829248428345,
            -0.2004680335521698
        ],
        [
            0.0468805655837059,
            -0.8354737162590027,
            -0.2016257345676422
        ],
        [
            0.03177029639482498,
            -0.8271273374557495,
            -0.19475150108337402
        ],
        [
            0.03273075073957443,
            -0.829669713973999,
            -0.19582131505012512
        ],
        [
            0.029051311314105988,
            -0.8309296369552612,
            -0.19673846662044525
        ],
        [
            0.02854238823056221,
            -0.8264092206954956,
            -0.1959095299243927
        ],
        [
            0.030875254422426224,
            -0.8236172199249268,
            -0.1962212771177292
        ],
        [
            0.033054549247026443,
            -0.8256266713142395,
            -0.19529318809509277
        ],
        [
            0.04668692126870155,
            -0.8959093689918518,
            -0.19399455189704895
        ],
        [
            0.041612658649683,
            -0.8794272541999817,
            -0.20277553796768188
        ],
        [
            0.06301984935998917,
            -0.8894592523574829,
            -0.18310701847076416
        ],
        [
            0.07494885474443436,
            -0.8794986009597778,
            -0.17383256554603577
        ],
        [
            0.08400607854127884,
            -0.8657495975494385,
            -0.16606716811656952
        ],
        [
            0.07072470337152481,
            -0.7640290260314941,
            -0.18506646156311035
        ],
        [
            0.07277994602918625,
            -0.7548593282699585,
            -0.1792580932378769
        ],
        [
            0.08168645203113556,
            -0.7620999813079834,
            -0.16793440282344818
        ],
        [
            0.08033455908298492,
            -0.7513750791549683,
            -0.16326184570789337
        ],
        [
            0.07165390998125076,
            -0.7439707517623901,
            -0.17544889450073242
        ],
        [
            0.058547243475914,
            -0.7242838740348816,
            -0.17060045897960663
        ],
        [
            0.06677179038524628,
            -0.7329867482185364,
            -0.1726718544960022
        ],
        [
            0.07609850913286209,
            -0.7406712770462036,
            -0.15734851360321045
        ],
        [
            0.0847085490822792,
            -0.7535057067871094,
            -0.14336876571178436
        ],
        [
            0.08672314137220383,
            -0.7610045671463013,
            -0.15151256322860718
        ],
        [
            0.08995740115642548,
            -0.7687228918075562,
            -0.1315293312072754
        ],
        [
            0.08085787296295166,
            -0.7452458143234253,
            -0.13136571645736694
        ],
        [
            0.0879431813955307,
            -0.76775723695755,
            -0.12314730137586594
        ],
        [
            0.06664933264255524,
            -0.7067172527313232,
            -0.12964245676994324
        ],
        [
            0.07037336379289627,
            -0.6942231059074402,
            -0.12464481592178345
        ],
        [
            0.0843585729598999,
            -0.7026995420455933,
            -0.1163436621427536
        ],
        [
            0.08090805262327194,
            -0.7146210670471191,
            -0.12076202034950256
        ],
        [
            0.08682581782341003,
            -0.7698729634284973,
            -0.15908142924308777
        ],
        [
            0.08733585476875305,
            -0.8335745930671692,
            -0.16493144631385803
        ],
        [
            0.08266860246658325,
            -0.8335598707199097,
            -0.17543832957744598
        ],
        [
            0.09019196033477783,
            -0.8206273317337036,
            -0.16198550164699554
        ],
        [
            0.08891308307647705,
            -0.8918443918228149,
            -0.1431991308927536
        ],
        [
            0.08212672173976898,
            -0.8879086375236511,
            -0.1599167138338089
        ],
        [
            0.08992385864257812,
            -0.8726325035095215,
            -0.15437665581703186
        ],
        [
            0.09570927917957306,
            -0.8786488771438599,
            -0.1392844021320343
        ],
        [
            0.05940474569797516,
            -0.9249736070632935,
            -0.14744067192077637
        ],
        [
            0.05459221452474594,
            -0.9136925935745239,
            -0.17219845950603485
        ],
        [
            0.06744000315666199,
            -0.9025830626487732,
            -0.1664782017469406
        ],
        [
            0.07367897033691406,
            -0.9113401770591736,
            -0.14681583642959595
        ],
        [
            0.09887787699699402,
            -0.8792381286621094,
            -0.1261618435382843
        ],
        [
            0.10135994851589203,
            -0.8799452781677246,
            -0.10751958191394806
        ],
        [
            0.0973244458436966,
            -0.8948733806610107,
            -0.09972037374973297
        ],
        [
            0.09264953434467316,
            -0.896102786064148,
            -0.12200386077165604
        ],
        [
            0.08494006842374802,
            -0.9135193824768066,
            -0.09126594662666321
        ],
        [
            0.08062992990016937,
            -0.9157620072364807,
            -0.11802421510219574
        ],
        [
            0.08797793090343475,
            -0.754315972328186,
            -0.11317124962806702
        ],
        [
            0.08946818113327026,
            -0.7726249694824219,
            -0.11058458685874939
        ],
        [
            0.07716098427772522,
            -0.7290115356445312,
            -0.12686851620674133
        ],
        [
            0.08765940368175507,
            -0.737703800201416,
            -0.11333586275577545
        ],
        [
            0.06786845624446869,
            -0.9266829490661621,
            -0.084312804043293
        ],
        [
            0.06270407885313034,
            -0.9310166239738464,
            -0.11512897163629532
        ],
        [
            0.09669338166713715,
            -0.8567297458648682,
            -0.05890456959605217
        ],
        [
            0.0981552004814148,
            -0.8740795850753784,
            -0.06616365909576416
        ],
        [
            0.10296405851840973,
            -0.8623326420783997,
            -0.08299501240253448
        ],
        [
            0.1019061952829361,
            -0.847659170627594,
            -0.0741657093167305
        ],
        [
