{
    "pred_cam": [
        1.6369986534118652,
        0.05324885994195938,
        0.5767132043838501
    ],
    "pred_smpl_params": {
        "global_orient": [
            [
                [
                    0.7336219549179077,
                    0.5767021179199219,
                    -0.359462708234787
                ],
                [
                    0.3200204372406006,
                    -0.7598292231559753,
                    -0.5659031867980957
                ],
                [
                    -0.599487841129303,
                    0.3001236021518707,
                    -0.7419838905334473
                ]
            ]
        ],
        "body_pose": [
            [
                [
                    0.9993098974227905,
                    -0.03577850013971329,
                    -0.009976387023925781
                ],
                [
                    0.03301529213786125,
                    0.7325459122657776,
                    0.6799164414405823
                ],
                [
                    -0.017018234357237816,
                    -0.679776668548584,
                    0.7332215905189514
                ]
            ],
            [
                [
                    0.9756266474723816,
                    0.21839334070682526,
                    0.021378330886363983
                ],
                [
                    -0.2057114988565445,
                    0.8763357996940613,
                    0.435566782951355
                ],
                [
                    0.07639030367136002,
                    -0.42934831976890564,
                    0.8999025821685791
                ]
            ],
            [
                [
                    0.9999294877052307,
                    0.007331205997616053,
                    -0.009343448095023632
                ],
                [
                    -0.01057214941829443,
                    0.9079002737998962,
                    -0.4190528988838196
                ],
                [
                    0.005410755984485149,
                    0.4191221296787262,
                    0.9079137444496155
                ]
            ],
            [
                [
                    0.9705672264099121,
                    0.21627992391586304,
                    -0.10593492537736893
                ],
                [
                    -0.12029939144849777,
                    0.05433088541030884,
                    -0.9912498593330383
                ],
                [
                    -0.20863188803195953,
                    0.9748185873031616,
                    0.0787501186132431
                ]
            ],
            [
                [
                    0.9743492603302002,
                    -0.09791715443134308,
                    0.2026223987340927
                ],
                [
                    0.21374072134494781,
                    0.12092459946870804,
                    -0.9693772792816162
                ],
                [
                    0.07041657716035843,
                    0.9878206253051758,
                    0.13875167071819305
                ]
            ],
            [
                [
                    0.9938884973526001,
                    -0.10672201216220856,
                    -0.028214264661073685
                ],
                [
                    0.10736014693975449,
                    0.9939731955528259,
                    0.02215886488556862
                ],
                [
                    0.025679387152194977,
                    -0.02505253069102764,
                    0.999356210231781
                ]
            ],
            [
                [
                    0.9464043378829956,
                    -0.11760765314102173,
                    0.30081087350845337
                ],
                [
                    0.0462455190718174,
                    0.9710947871208191,
                    0.23417121171951294
                ],
                [
                    -0.31965625286102295,
                    -0.20770952105522156,
                    0.9244871735572815
                ]
            ],
            [
                [
                    0.9428491592407227,
                    0.0033496455289423466,
                    -0.3332030773162842
                ],
                [
                    0.04478977993130684,
                    0.9896010160446167,
                    0.13668787479400635
                ],
                [
                    0.33019599318504333,
                    -0.14380013942718506,
                    0.9328944683074951
                ]
            ],
            [
                [
                    0.9963370561599731,
                    -0.07805009931325912,
                    -0.03493724763393402
                ],
                [
                    0.07646884024143219,
                    0.9960777759552002,
                    -0.04451487213373184
                ],
                [
                    0.038274604827165604,
                    0.04168020933866501,
                    0.9983975887298584
                ]
            ],
            [
                [
                    0.9981863498687744,
                    -0.05922050401568413,
                    -0.010816085152328014
                ],
                [
                    0.05994968116283417,
                    0.9942296743392944,
                    0.08895690739154816
                ],
                [
                    0.00548560032621026,
                    -0.08944398909807205,
                    0.9959767460823059
                ]
            ],
            [
                [
                    0.9936909079551697,
                    0.09620534628629684,
                    0.05764422193169594
                ],
                [
                    -0.10453766584396362,
                    0.9806784987449646,
                    0.1653529852628708
                ],
                [
                    -0.04062260687351227,
                    -0.17033575475215912,
                    0.9845483899116516
                ]
            ],
            [
                [
                    0.9923657774925232,
                    -0.11766974627971649,
                    -0.03693191707134247
                ],
                [
                    0.10842891037464142,
                    0.9751192927360535,
                    -0.19335319101810455
                ],
                [
                    0.05876484885811806,
                    0.18787261843681335,
                    0.9804338216781616
                ]
            ],
            [
                [
                    0.8639562129974365,
                    -0.029787201434373856,
                    -0.5026852488517761
                ],
                [
                    0.1569763869047165,
                    0.964438259601593,
                    0.21264362335205078
                ],
                [
                    0.47847482562065125,
                    -0.26262447237968445,
                    0.8379083275794983
                ]
            ],
            [
                [
                    0.9321462512016296,
                    0.0637398362159729,
                    0.35642746090888977
                ],
                [
                    -0.13659048080444336,
                    0.9735559225082397,
                    0.18311724066734314
                ],
                [
                    -0.33533018827438354,
                    -0.21937666833400726,
                    0.9162027835845947
                ]
            ],
            [
                [
                    0.9991047978401184,
                    -0.04152548685669899,
                    0.008067689836025238
                ],
                [
                    0.04229656979441643,
                    0.9836755394935608,
                    -0.17490993440151215
                ],
                [
                    -0.0006727703148499131,
                    0.1750946193933487,
                    0.9845513105392456
                ]
            ],
            [
                [
                    0.658555805683136,
                    0.2416750192642212,
                    -0.7126691937446594
                ],
                [
                    0.031145326793193817,
                    0.9374639391899109,
                    0.34668615460395813
                ],
                [
                    0.7518870830535889,
                    -0.25050851702690125,
                    0.6098452806472778
                ]
            ],
            [
                [
                    0.9091166257858276,
                    -0.1692020148038864,
                    0.38062790036201477
                ],
                [
                    0.0761050432920456,
                    0.9658716320991516,
                    0.24758847057819366
                ],
                [
                    -0.4095301628112793,
                    -0.19611909985542297,
                    0.890967071056366
                ]
            ],
            [
                [
                    0.3995439410209656,
                    -0.1770172268152237,
                    -0.8994606137275696
                ],
                [
                    0.3958197832107544,
                    0.918315052986145,
                    -0.004903176333755255
                ],
                [
                    0.8268563151359558,
                    -0.35406526923179626,
                    0.4369741380214691
                ]
            ],
            [
                [
                    0.27560552954673767,
                    0.2320011407136917,
                    0.9328543543815613
                ],
                [
                    -0.4867495596408844,
                    0.8705120086669922,
                    -0.07268969714641571
                ],
                [
                    -0.8289248943328857,
                    -0.43403273820877075,
                    0.35284438729286194
                ]
            ],
            [
                [
                    0.9854522347450256,
                    -0.1664549708366394,
                    -0.03430365398526192
                ],
                [
                    0.15672476589679718,
                    0.9681178331375122,
                    -0.19541016221046448
                ],
                [
                    0.06573697179555893,
                    0.18719112873077393,
                    0.9801214933395386
                ]
            ],
            [
                [
                    0.9877524971961975,
                    0.15464575588703156,
                    0.020728882402181625
                ],
                [
                    -0.1506996601819992,
                    0.9799841046333313,
                    -0.13007989525794983
                ],
                [
                    -0.040430277585983276,
                    0.12536290287971497,
                    0.9912868142127991
                ]
            ],
            [
                [
                    0.9924840927124023,
                    0.11065227538347244,
                    -0.05226416140794754
                ],
                [
                    -0.1099163368344307,
                    0.9937995076179504,
                    0.016759973019361496
                ],
                [
                    0.053794629871845245,
                    -0.010889316909015179,
                    0.9984927177429199
                ]
            ],
            [
                [
                    0.994170069694519,
                    -0.10219838470220566,
                    0.034369610249996185
                ],
                [
                    0.1002323105931282,
                    0.9934566020965576,
                    0.05474898964166641
                ],
                [
                    -0.03973997384309769,
                    -0.05098486691713333,
                    0.9979084134101868
                ]
            ]
        ],
        "betas": [
            0.06857746839523315,
            -0.10869312286376953,
            0.012249469757080078,
            0.13257832825183868,
            0.07555180788040161,
            -0.17115098237991333,
            0.015476852655410767,
            0.015056997537612915,
            0.0019616037607192993,
            0.07857173681259155
        ]
    },
    "pred_cam_t": [
        0.05324885994195938,
        0.5767132043838501,
        23.862268447875977
    ],
    "focal_length": [
        5000.0,
        5000.0
    ],
    "pred_keypoints_3d": [
        [
            0.09307190775871277,
            -0.7856020927429199,
            -0.015493877232074738
        ],
        [
            0.2009996920824051,
            -0.6762599945068359,
            0.10171665251255035
        ],
        [
            0.047823913395404816,
            -0.6526803970336914,
            0.19507187604904175
        ],
        [
            -0.19764763116836548,
            -0.7227874994277954,
            0.1945386379957199
        ],
        [
            -0.18674331903457642,
            -0.9383695125579834,
            0.05730253458023071
        ],
        [
            0.2901584804058075,
            -0.6111204028129578,
            -0.03728468343615532
        ],
        [
            0.20225860178470612,
            -0.7024123072624207,
            -0.2662314176559448
        ],
        [
            0.09918326884508133,
            -0.925456166267395,
            -0.21992169320583344
        ],
        [
            -0.001907465048134327,
            -0.22581453621387482,
            0.028846634551882744
        ],
        [
            -0.10276195406913757,
            -0.17634636163711548,
            0.04535187780857086
        ],
        [
            -0.4374936521053314,
            -0.049978435039520264,
            -0.09515058994293213
        ],
        [
            -0.391664981842041,
            0.3028007745742798,
            0.09011343121528625
        ],
        [
            -0.0012805396690964699,
            -0.13017761707305908,
            -0.03581402450799942
        ],
        [
            -0.21599234640598297,
            -0.04670349508523941,
            -0.33353957533836365
        ],
        [
            -0.31984707713127136,
            0.28330209851264954,
            -0.13153532147407532
        ],
        [
            0.09022476524114609,
            -0.824352502822876,
            0.03194227069616318
        ],
        [
            0.1376073807477951,
            -0.826241135597229,
            -0.015110611915588379
        ],
        [
            0.12650805711746216,
            -0.810775876045227,
            0.13102884590625763
        ],
        [
            0.23281262814998627,
            -0.8161491751670837,
            0.025310643017292023
        ],
        [
            -0.4191647469997406,
            0.33484935760498047,
            -0.297178715467453
        ],
        [
            -0.34653380513191223,
            0.3687017560005188,
            -0.27452319860458374
        ],
        [
            -0.29529502987861633,
            0.3146129846572876,
            -0.07390990853309631
        ],
        [
            -0.5586492419242859,
            0.3670971393585205,
            0.004187494516372681
        ],
        [
            -0.5558778047561646,
            0.3448185920715332,
            0.08785444498062134
        ],
        [
            -0.348028302192688,
            0.33832472562789917,
            0.14084771275520325
        ],
        [
            -0.38328906893730164,
            0.2450179159641266,
            0.10221207141876221
        ],
        [
            -0.3996981382369995,
            -0.0793336033821106,
            -0.0834849625825882
        ],
        [
            -0.08659662306308746,
            -0.2840016484260559,
            0.14202424883842468
        ],
        [
            0.1319132298231125,
            -0.16676290333271027,
            -0.029221365228295326
        ],
        [
            -0.18617039918899536,
            -0.0565151572227478,
            -0.32295286655426025
        ],
        [
            -0.28543466329574585,
            0.25451770424842834,
            -0.12966498732566833
        ],
        [
            -0.15538716316223145,
            -0.9191321730613708,
            0.059403661638498306
        ],
        [
            -0.17250600457191467,
            -0.7485181093215942,
            0.2089947611093521
        ],
        [
            0.08130370080471039,
            -0.6684216260910034,
            0.1873508095741272
        ],
        [
            0.292061984539032,
            -0.6330447793006897,
            -0.010141290724277496
        ],
        [
            0.2317550778388977,
            -0.7259271144866943,
            -0.24173127114772797
        ],
        [
            0.11521001160144806,
            -0.9206896424293518,
            -0.20630493760108948
        ],
        [
            0.2045481652021408,
            -0.675430417060852,
            0.09893767535686493
        ],
        [
            0.16885532438755035,
            -0.8664859533309937,
            0.06319035589694977
        ],
        [
            0.022947203367948532,
            -0.2254430055618286,
            0.05655435472726822
        ],
        [
            0.18475687503814697,
            -0.6420800685882568,
            0.08786366879940033
        ],
        [
            0.13699036836624146,
            -0.4421323835849762,
            0.09046389162540436
        ],
        [
            0.15053856372833252,
            -0.7573271989822388,
            0.034920576959848404
        ],
        [
            0.1710025817155838,
            -0.8852460384368896,
            0.073231540620327
        ]
    ],
    "pred_vertices": [
        [
            0.14480167627334595,
            -0.8731206655502319,
            -0.023565150797367096
        ],
        [
            0.136765718460083,
            -0.8587778806686401,
            -0.024088382720947266
        ],
        [
            0.150867760181427,
            -0.8560869693756104,
            -0.025820627808570862
        ],
        [
            0.16082391142845154,
            -0.8664634227752686,
            -0.022224009037017822
        ],
        [
            0.14428475499153137,
            -0.846562922000885,
            -0.027383863925933838
        ],
        [
            0.132367804646492,
            -0.8476974368095398,
            -0.024953678250312805
        ],
        [
            0.16312626004219055,
            -0.8498882055282593,
            -0.023182734847068787
        ],
        [
            0.17365387082099915,
            -0.8572609424591064,
            -0.018007129430770874
        ],
        [
            0.17562374472618103,
            -0.8131758570671082,
            -0.018559865653514862
        ],
        [
            0.1849690079689026,
            -0.8084782361984253,
            -0.014100074768066406
        ],
        [
            0.18373841047286987,
            -0.8211073279380798,
            -0.015601322054862976
        ],
        [
            0.1741383671760559,
            -0.8225955963134766,
            -0.018422842025756836
        ],
        [
            0.1776985377073288,
            -0.7875207662582397,
            -0.015281856060028076
        ],
        [
            0.1675594449043274,
            -0.7782295942306519,
            -0.01726701110601425
        ],
        [
            0.17610806226730347,
            -0.7689775228500366,
            -0.01179380714893341
        ],
        [
            0.1859671026468277,
            -0.7777369022369385,
            -0.008458554744720459
        ],
        [
            0.12754589319229126,
            -0.7922393083572388,
            -0.01219359040260315
        ],
        [
            0.13227133452892303,
            -0.7855548858642578,
            -0.01536443829536438
        ],
        [
            0.13556835055351257,
            -0.7922760248184204,
            -0.01733628660440445
        ],
        [
            0.130466490983963,
            -0.7980802655220032,
            -0.013447456061840057
        ],
        [
            0.11655044555664062,
            -0.802131175994873,
            -0.010122522711753845
        ],
        [
            0.11952073872089386,
            -0.8075672388076782,
            -0.008193105459213257
        ],
        [
            0.1124645471572876,
            -0.8114892244338989,
            -0.008735232055187225
        ],
        [
            0.10943089425563812,
            -0.8053418397903442,
            -0.011858657002449036
        ],
        [
            0.12349685281515121,
            -0.7868919372558594,
            -0.008871171623468399
        ],
        [
            0.12894849479198456,
            -0.7800605297088623,
            -0.011739194393157959
        ],
        [
            0.12303157895803452,
            -0.7978079319000244,
            -0.009817689657211304
        ],
        [
            0.12018725275993347,
            -0.7936731576919556,
            -0.010492462664842606
        ],
        [
            0.11092361807823181,
            -0.787832498550415,
            -0.015906773507595062
        ],
        [
            0.1130683571100235,
            -0.7925971746444702,
            -0.01587478071451187
        ],
        [
            0.10580664873123169,
            -0.7937195301055908,
            -0.01864543929696083
        ],
        [
            0.10544658452272415,
            -0.7880676984786987,
            -0.017269998788833618
        ],
        [
            0.11914675682783127,
            -0.7870843410491943,
            -0.011232990771532059
        ],
        [
            0.1177060529589653,
            -0.7900820970535278,
            -0.013529956340789795
        ],
        [
            0.11424706876277924,
            -0.7864037156105042,
            -0.013523120433092117
        ],
        [
            0.11540038883686066,
            -0.7841223478317261,
            -0.010371077805757523
        ],
        [
            0.11416210234165192,
            -0.798143744468689,
            -0.011982765048742294
        ],
        [
            0.10723748803138733,
            -0.8000543117523193,
            -0.015008833259344101
        ],
        [
            0.09952059388160706,
            -0.8016161918640137,
            -0.017568688839673996
        ],
        [
            0.09809393435716629,
            -0.7933567762374878,
            -0.0208003968000412
        ],
        [
            0.14515091478824615,
            -0.7718498706817627,
            -0.017815731465816498
        ],
        [
            0.138260155916214,
            -0.778876781463623,
            -0.017716407775878906
        ],
        [
            0.13451851904392242,
            -0.7738844156265259,
            -0.014743775129318237
        ],
        [
            0.14015279710292816,
            -0.7681978940963745,
            -0.015840351581573486
        ],
        [
            0.11886976659297943,
            -0.7807482481002808,
            -0.008897457271814346
        ],
        [
            0.12211590260267258,
            -0.7648590803146362,
            -0.011247944086790085
        ],
        [
            0.12203609198331833,
            -0.7686114311218262,
            -0.011748947203159332
        ],
        [
            0.11487529426813126,
            -0.7694918513298035,
            -0.010587695986032486
        ],
        [
            0.11556476354598999,
            -0.7659721970558167,
            -0.010447505861520767
        ],
        [
            0.1551520824432373,
            -0.7572602033615112,
            -0.014605268836021423
        ],
        [
            0.14788006246089935,
            -0.7560548186302185,
            -0.014566414058208466
        ],
        [
            0.15023057162761688,
            -0.7490118145942688,
            -0.012785777449607849
        ],
        [
            0.15779875218868256,
            -0.748835027217865,
            -0.011502519249916077
        ],
        [
            0.14930516481399536,
            -0.7432757616043091,
            -0.01029888540506363
        ],
        [
            0.15914000570774078,
            -0.7408832311630249,
            -0.00813373178243637
        ],
        [
            0.1526573896408081,
            -0.7265142202377319,
            -0.002023659646511078
        ],
        [
            0.15611889958381653,
            -0.7328253984451294,
            -0.004988010972738266
        ],
        [
            0.14627283811569214,
            -0.7375532388687134,
            -0.007998708635568619
        ],
        [
            0.14023475348949432,
            -0.7324644327163696,
            -0.006797619163990021
        ],
        [
            0.1254914551973343,
            -0.7370247840881348,
            -0.004967950284481049
        ],
        [
            0.11939185857772827,
            -0.7357416749000549,
            -0.003158401697874069
        ],
        [
            0.12463293969631195,
            -0.7236708402633667,
            -0.004307270050048828
        ],
        [
            0.13186092674732208,
            -0.7272130250930786,
            -0.0059822313487529755
        ],
        [
            0.12485308945178986,
            -0.7586226463317871,
            -0.00781833752989769
        ],
        [
            0.12967237830162048,
            -0.7587748765945435,
            -0.008260101079940796
        ],
        [
            0.12829437851905823,
            -0.7601920366287231,
            -0.010236714035272598
        ],
        [
            0.1230216845870018,
            -0.7613017559051514,
            -0.009932193905115128
        ],
        [
            0.13347887992858887,
            -0.7584303021430969,
            -0.009347528219223022
        ],
        [
            0.13521364331245422,
            -0.7580863237380981,
            -0.009950581938028336
        ],
        [
            0.13423922657966614,
            -0.7594077587127686,
            -0.010700933635234833
        ],
        [
            0.1328895390033722,
            -0.7592282295227051,
            -0.009730618447065353
        ],
        [
            0.1309984177350998,
            -0.7588933110237122,
            -0.00884135439991951
        ],
        [
            0.13005340099334717,
            -0.7569565773010254,
            -0.008474383503198624
        ],
        [
            0.13247264921665192,
            -0.7576454281806946,
            -0.009117871522903442
        ],
        [
            0.12558026611804962,
            -0.7561101913452148,
            -0.008230078965425491
        ],
        [
            0.11125074326992035,
            -0.7539342641830444,
            -0.006005372852087021
        ],
        [
            0.11495666205883026,
            -0.7542363405227661,
            -0.007403571158647537
        ],
        [
            0.11428811401128769,
            -0.7586125135421753,
            -0.005912937223911285
        ],
        [
            0.11115220189094543,
            -0.7588126063346863,
            -0.004736088216304779
        ],
        [
            0.1317427158355713,
            -0.7616726160049438,
            -0.010833065956830978
        ],
        [
            0.1339384913444519,
            -0.7629100680351257,
            -0.012335531413555145
        ],
        [
            0.12872804701328278,
            -0.7656681537628174,
            -0.012384973466396332
        ],
        [
            0.12836222350597382,
            -0.762961745262146,
            -0.010993637144565582
        ],
        [
            0.13588546216487885,
            -0.7647448778152466,
            -0.014203473925590515
        ],
        [
            0.13627135753631592,
            -0.7605997323989868,
            -0.01190047338604927
        ],
        [
            0.13902807235717773,
            -0.7615079879760742,
            -0.013537757098674774
        ],
        [
            0.1348177194595337,
            -0.7563527822494507,
            -0.009568728506565094
        ],
        [
            0.13781170547008514,
            -0.7545770406723022,
            -0.010397501289844513
        ],
        [
            0.13750891387462616,
            -0.7572023868560791,
            -0.011607717722654343
        ],
        [
            0.13611555099487305,
            -0.7513545751571655,
            -0.009188152849674225
        ],
        [
            0.13232587277889252,
            -0.7544825077056885,
            -0.008587818592786789
        ],
        [
            0.12792587280273438,
            -0.75263512134552,
            -0.008221589028835297
        ],
        [
            0.12223725020885468,
            -0.7509980797767639,
            -0.0077299922704696655
        ],
        [
            0.12617544829845428,
            -0.746091365814209,
            -0.007046502083539963
        ],
        [
            0.13191810250282288,
            -0.7484177350997925,
            -0.008188556879758835
        ],
        [
            0.1307392418384552,
            -0.7697558999061584,
            -0.013396240770816803
        ],
        [
            0.14197494089603424,
            -0.7565879821777344,
            -0.012977659702301025
        ],
        [
            0.14446620643138885,
            -0.763146162033081,
            -0.01518656313419342
        ],
        [
            0.1427336484193802,
            -0.7517553567886353,
            -0.011945471167564392
        ],
        [
            0.14155489206314087,
            -0.7472732663154602,
            -0.010089978575706482
        ],
        [
            0.13787418603897095,
            -0.7432769536972046,
            -0.008281931281089783
        ],
        [
            0.1317620873451233,
            -0.7398495674133301,
            -0.006629284471273422
        ],
        [
            0.13401731848716736,
            -0.7150255441665649,
            0.0029298588633537292
        ],
        [
            0.14245468378067017,
            -0.7200844287872314,
            2.3189932107925415e-05
        ],
        [
            0.13263700902462006,
            -0.8401850461959839,
            -0.021002762019634247
        ],
        [
            0.14092899858951569,
            -0.8394374847412109,
            -0.024953201413154602
        ],
        [
            0.1447502225637436,
            -0.8316854238510132,
            -0.021123141050338745
        ],
        [
            0.1460345983505249,
            -0.833676815032959,
            -0.022449560463428497
        ],
        [
            0.13988447189331055,
            -0.8354058265686035,
            -0.02141181379556656
        ],
        [
            0.14007160067558289,
            -0.8327031135559082,
            -0.020084701478481293
        ],
        [
            0.16535937786102295,
            -0.8246645927429199,
            -0.0184650719165802
        ],
        [
            0.158601313829422,
            -0.8264716863632202,
            -0.018602930009365082
        ],
        [
            0.16003619134426117,
            -0.8226410746574402,
            -0.017477422952651978
        ],
        [
            0.1673189401626587,
            -0.8180155754089355,
            -0.018789730966091156
        ],
        [
            0.14993628859519958,
            -0.814968466758728,
            -0.01765979826450348
        ],
        [
            0.15522192418575287,
            -0.8162131309509277,
            -0.018056735396385193
        ],
        [
            0.15024207532405853,
            -0.822900652885437,
            -0.01786181330680847
        ],
        [
            0.14635485410690308,
            -0.8219426870346069,
            -0.017500892281532288
        ],
        [
            0.14225518703460693,
            -0.8214792609214783,
            -0.016587093472480774
        ],
        [
            0.13841144740581512,
            -0.821424663066864,
            -0.014701463282108307
        ],
        [
            0.13915249705314636,
            -0.8161407709121704,
            -0.014228813350200653
        ],
        [
            0.1441527158021927,
            -0.8152426481246948,
            -0.016201406717300415
        ],
        [
            0.13399508595466614,
            -0.8365122675895691,
            -0.017902188003063202
        ],
        [
            0.1288052648305893,
            -0.8356042504310608,
            -0.01283247023820877
        ],
        [
            0.1303904950618744,
            -0.8326939344406128,
            -0.013096489012241364
        ],
        [
            0.1345437914133072,
            -0.8333467245101929,
            -0.017584480345249176
        ],
        [
            0.12633416056632996,
            -0.8262922763824463,
            -0.0025253407657146454
        ],
        [
            0.12647798657417297,
            -0.8287010788917542,
            -0.004162952303886414
        ],
        [
            0.12300069630146027,
            -0.8301888108253479,
            -0.002526909112930298
        ],
        [
            0.12308014929294586,
            -0.8256672620773315,
            -0.0013590045273303986
        ],
        [
            0.12487880140542984,
            -0.8226733207702637,
            -0.0029509514570236206
        ],
        [
            0.12706753611564636,
            -0.8246197700500488,
            -0.003717321902513504
        ],
        [
            0.1379091441631317,
            -0.894079327583313,
            -0.016415119171142578
        ],
        [
            0.1294308304786682,
            -0.8780350685119629,
            -0.019984282553195953
        ],
        [
            0.15739350020885468,
            -0.888500452041626,
            -0.01690690964460373
        ],
        [
            0.17308112978935242,
            -0.8781112432479858,
            -0.014305397868156433
        ],
        [
            0.1852489411830902,
            -0.8649919629096985,
            -0.011517561972141266
        ],
        [
            0.16517870128154755,
            -0.7618080377578735,
            -0.013769552111625671
        ],
        [
            0.17052803933620453,
            -0.7528600692749023,
            -0.009812943637371063
        ],
        [
            0.184382364153862,
            -0.7604299783706665,
            -0.005978256464004517
        ],
        [
            0.1861930936574936,
            -0.7500355243682861,
            -0.000879235565662384
        ],
        [
            0.17184460163116455,
            -0.7424443960189819,
            -0.0053887516260147095
        ],
        [
            0.16373805701732635,
            -0.7236806154251099,
            0.005917992442846298
        ],
        [
            0.16956281661987305,
            -0.7320021986961365,
            -4.7326087951660156e-05
        ],
        [
            0.18631333112716675,
            -0.7398449778556824,
            0.006789177656173706
        ],
        [
            0.20206919312477112,
            -0.7524101138114929,
            0.01270272582769394
        ],
        [
            0.19882893562316895,
            -0.7602512240409851,
            0.004229091107845306
        ],
        [
            0.2133282870054245,
            -0.7684438228607178,
            0.019025146961212158
        ],
        [
            0.20659910142421722,
            -0.7441195249557495,
            0.024695828557014465
        ],
        [
            0.21707016229629517,
            -0.767276406288147,
            0.02763364464044571
        ],
        [
            0.1937742382287979,
            -0.7078278064727783,
            0.030359528958797455
        ],
        [
            0.19808268547058105,
            -0.6964834928512573,
            0.03151600807905197
        ],
        [
            0.21484100818634033,
            -0.702324628829956,
            0.036842599511146545
        ],
        [
            0.2109745889902115,
            -0.7141678333282471,
            0.03423544019460678
        ],
        [
            0.19404396414756775,
            -0.7682192921638489,
            -0.0023107007145881653
        ],
        [
            0.1893860101699829,
            -0.8319903016090393,
            -0.010920964181423187
        ],
        [
            0.1793903112411499,
            -0.831860363483429,
            -0.01695636659860611
        ],
        [
            0.19380784034729004,
            -0.8195923566818237,
            -0.009689263999462128
        ],
        [
            0.202953040599823,
            -0.8932287693023682,
            0.002406887710094452
        ],
        [
            0.1864059865474701,
            -0.8875443935394287,
            -0.005906976759433746
        ],
        [
            0.19707928597927094,
            -0.872775673866272,
            -0.005912110209465027
        ],
        [
            0.2103789895772934,
            -0.879860520362854,
            0.0030587241053581238
        ],
        [
            0.17492204904556274,
            -0.9280267953872681,
            0.012079566717147827
        ],
        [
            0.15639589726924896,
            -0.9139219522476196,
            -0.003940097987651825
        ],
        [
            0.17065945267677307,
            -0.9028627872467041,
            -0.004965133965015411
        ],
        [
            0.1876700222492218,
            -0.9138506054878235,
            0.0060436055064201355
        ],
        [
            0.22060507535934448,
            -0.8810222148895264,
            0.011474072933197021
        ],
        [
            0.2340448945760727,
            -0.8827670812606812,
            0.025262251496315002
        ],
        [
            0.23466788232326508,
            -0.8989505767822266,
            0.03279764950275421
        ],
        [
            0.21833831071853638,
            -0.8989448547363281,
            0.016325905919075012
        ],
        [
            0.22971533238887787,
            -0.9197319149971008,
            0.04518168419599533
        ],
        [
            0.20984342694282532,
            -0.9199905395507812,
            0.02546444535255432
        ],
        [
            0.22194837033748627,
            -0.7528899312019348,
            0.03819674998521805
        ],
        [
            0.22558605670928955,
            -0.7721695899963379,
            0.03767683357000351
        ],
        [
            0.20591267943382263,
            -0.727989912033081,
            0.030154362320899963
        ],
        [
            0.22104111313819885,
            -0.735647439956665,
            0.0395696647465229
        ],
        [
            0.21889303624629974,
            -0.9346834421157837,
            0.05993417650461197
        ],
        [
            0.19626528024673462,
            -0.9365990161895752,
            0.03670062869787216
        ],
        [
            0.2584001123905182,
            -0.8628444671630859,
            0.07041124999523163
        ],
        [
            0.25529125332832336,
            -0.8795742392539978,
            0.06169440597295761
        ],
        [
            0.24948514997959137,
            -0.8664557933807373,
            0.04614746570587158
        ],
        [
            0.2535076439380646,
