{
    "pred_cam": [
        1.6360009908676147,
        0.05370928347110748,
        0.5749233961105347
    ],
    "pred_smpl_params": {
        "global_orient": [
            [
                [
                    0.7385275363922119,
                    0.5698381066322327,
                    -0.3603631258010864
                ],
                [
                    0.31702494621276855,
                    -0.7652113437652588,
                    -0.5603095293045044
                ],
                [
                    -0.5950396656990051,
                    0.29955995082855225,
                    -0.7457825541496277
                ]
            ]
        ],
        "body_pose": [
            [
                [
                    0.999717652797699,
                    -0.02142968960106373,
                    -0.010269765742123127
                ],
                [
                    0.022738141939044,
                    0.7370700836181641,
                    0.6754336357116699
                ],
                [
                    -0.006904788315296173,
                    -0.6754764318466187,
                    0.737349271774292
                ]
            ],
            [
                [
                    0.9736793041229248,
                    0.22688904404640198,
                    0.02167910523712635
                ],
                [
                    -0.21351653337478638,
                    0.8747230768203735,
                    0.4350520372390747
                ],
                [
                    0.0797453224658966,
                    -0.4282299876213074,
                    0.9001443386077881
                ]
            ],
            [
                [
                    0.9999438524246216,
                    0.007668559439480305,
                    -0.0073225111700594425
                ],
                [
                    -0.01001223735511303,
                    0.9102146625518799,
                    -0.41401565074920654
                ],
                [
                    0.0034901518374681473,
                    0.4140656590461731,
                    0.9102403521537781
                ]
            ],
            [
                [
                    0.9713730812072754,
                    0.20977331697940826,
                    -0.11148769408464432
                ],
                [
                    -0.12187457084655762,
                    0.037215784192085266,
                    -0.991847574710846
                ],
                [
                    -0.20391404628753662,
                    0.977041482925415,
                    0.06171644479036331
                ]
            ],
            [
                [
                    0.9739691019058228,
                    -0.09962517768144608,
                    0.2036147266626358
                ],
                [
                    0.21399374306201935,
                    0.10780726373195648,
                    -0.9708677530288696
                ],
                [
                    0.07477173209190369,
                    0.9891675114631653,
                    0.12632010877132416
                ]
            ],
            [
                [
                    0.994150698184967,
                    -0.10493779182434082,
                    -0.025540791451931
                ],
                [
                    0.1054120808839798,
                    0.9942659735679626,
                    0.017988568171858788
                ],
                [
                    0.023506656289100647,
                    -0.02057565748691559,
                    0.9995118975639343
                ]
            ],
            [
                [
                    0.94692462682724,
                    -0.12111574411392212,
                    0.2977662980556488
                ],
                [
                    0.0493142195045948,
                    0.9700733423233032,
                    0.2377512902021408
                ],
                [
                    -0.31765061616897583,
                    -0.21044842898845673,
                    0.9245590567588806
                ]
            ],
            [
                [
                    0.943925142288208,
                    0.006697722710669041,
                    -0.33009156584739685
                ],
                [
                    0.04220889136195183,
                    0.9891421794891357,
                    0.14077015221118927
                ],
                [
                    0.32745030522346497,
                    -0.14680929481983185,
                    0.9333934783935547
                ]
            ],
            [
                [
                    0.9966579675674438,
                    -0.0744224339723587,
                    -0.03367737680673599
                ],
                [
                    0.07298845797777176,
                    0.9964490532875061,
                    -0.04197581484913826
                ],
                [
                    0.03668173402547836,
                    0.039377469569444656,
                    0.9985508918762207
                ]
            ],
            [
                [
                    0.9983783960342407,
                    -0.05594861879944801,
                    -0.010500841774046421
                ],
                [
                    0.05667096748948097,
                    0.9942827820777893,
                    0.09049978107213974
                ],
                [
                    0.005377468187361956,
                    -0.09094812721014023,
                    0.9958410859107971
                ]
            ],
            [
                [
                    0.9941897392272949,
                    0.09326894581317902,
                    0.05373707786202431
                ],
                [
                    -0.10110925137996674,
                    0.9804261326789856,
                    0.1689421385526657
                ],
                [
                    -0.03692818060517311,
                    -0.1733938604593277,
                    0.9841599464416504
                ]
            ],
            [
                [
                    0.9925048351287842,
                    -0.11662983149290085,
                    -0.03648852929472923
                ],
                [
                    0.10773586481809616,
                    0.9760105609893799,
                    -0.18919917941093445
                ],
                [
                    0.057679470628499985,
                    0.1838500201702118,
                    0.9812604188919067
                ]
            ],
            [
                [
                    0.8633734583854675,
                    -0.03160702437162399,
                    -0.5035744905471802
                ],
                [
                    0.15854960680007935,
                    0.9644770622253418,
                    0.2112959772348404
                ],
                [
                    0.4790076017379761,
                    -0.26226887106895447,
                    0.8377151489257812
                ]
            ],
            [
                [
                    0.9260739684104919,
                    0.05155636742711067,
                    0.3738032877445221
                ],
                [
                    -0.1291513293981552,
                    0.9740984439849854,
                    0.18561287224292755
                ],
                [
                    -0.35455167293548584,
                    -0.22016845643520355,
                    0.9087457656860352
                ]
            ],
            [
                [
                    0.9992586374282837,
                    -0.03842958062887192,
                    0.0023145016748458147
                ],
                [
                    0.03822900354862213,
                    0.9833402037620544,
                    -0.17770938575267792
                ],
                [
                    0.004553354810923338,
                    0.17766611278057098,
                    0.9840803146362305
                ]
            ],
            [
                [
                    0.6668681502342224,
                    0.23564884066581726,
                    -0.7069345116615295
                ],
                [
                    0.032026734203100204,
                    0.9387415051460266,
                    0.3431306481361389
                ],
                [
                    0.7444871068000793,
                    -0.25146371126174927,
                    0.618469774723053
                ]
            ],
            [
                [
                    0.8965287208557129,
                    -0.19081194698810577,
                    0.3997837007045746
                ],
                [
                    0.09395607560873032,
                    0.9638490676879883,
                    0.24933373928070068
                ],
                [
                    -0.43290698528289795,
                    -0.18597275018692017,
                    0.8820463418960571
                ]
            ],
            [
                [
                    0.3901016116142273,
                    -0.17825087904930115,
                    -0.9033533930778503
                ],
                [
                    0.400409460067749,
                    0.9163023233413696,
                    -0.007894285023212433
                ],
                [
                    0.82915198802948,
                    -0.3586316704750061,
                    0.4288243353366852
                ]
            ],
            [
                [
                    0.2879047691822052,
                    0.23245547711849213,
                    0.9290184378623962
                ],
                [
                    -0.4833543300628662,
                    0.8727344274520874,
                    -0.0685797855257988
                ],
                [
                    -0.8267281651496887,
                    -0.4293006360530853,
                    0.3636227548122406
                ]
            ],
            [
                [
                    0.9853706955909729,
                    -0.16760867834091187,
                    -0.030851634219288826
                ],
                [
                    0.15829801559448242,
                    0.9672003984451294,
                    -0.19865840673446655
                ],
                [
                    0.06313658505678177,
                    0.19086843729019165,
                    0.9795830249786377
                ]
            ],
            [
                [
                    0.9875910878181458,
                    0.15585623681545258,
                    0.019306426867842674
                ],
                [
                    -0.1520422101020813,
                    0.9796522855758667,
                    -0.13101354241371155
                ],
                [
                    -0.03933286294341087,
                    0.12645240128040314,
                    0.9911925792694092
                ]
            ],
            [
                [
                    0.9925776720046997,
                    0.10998106747865677,
                    -0.05190195515751839
                ],
                [
                    -0.10922647267580032,
                    0.9938686490058899,
                    0.01716664247214794
                ],
                [
                    0.05347173288464546,
                    -0.011370157822966576,
                    0.9985046982765198
                ]
            ],
            [
                [
                    0.9942998290061951,
                    -0.10052855312824249,
                    0.03552211448550224
                ],
                [
                    0.09857290983200073,
                    0.9937130808830261,
                    0.053080491721630096
                ],
                [
                    -0.04063490405678749,
                    -0.049276407808065414,
                    0.9979581236839294
                ]
            ]
        ],
        "betas": [
            0.05254024267196655,
            -0.09848815202713013,
            0.017988979816436768,
            0.1238538920879364,
            0.07181143760681152,
            -0.17894381284713745,
            0.014295846223831177,
            0.015974462032318115,
            0.005320996046066284,
            0.07469061017036438
        ]
    },
    "pred_cam_t": [
        0.05370928347110748,
        0.5749233961105347,
        23.876819610595703
    ],
    "focal_length": [
        5000.0,
        5000.0
    ],
    "pred_keypoints_3d": [
        [
            0.0922529548406601,
            -0.785413384437561,
            -0.017629828304052353
        ],
        [
            0.19896021485328674,
            -0.6766512989997864,
            0.10096180438995361
        ],
        [
            0.04386128485202789,
            -0.653230607509613,
            0.19128596782684326
        ],
        [
            -0.20219631493091583,
            -0.718575656414032,
            0.17518684267997742
        ],
        [
            -0.19044974446296692,
            -0.9317924380302429,
            0.03475642204284668
        ],
        [
            0.2891974151134491,
            -0.6109173893928528,
            -0.036476850509643555
        ],
        [
            0.20605528354644775,
            -0.7002474665641785,
            -0.26774314045906067
        ],
        [
            0.1028972640633583,
            -0.9232888221740723,
            -0.22295132279396057
        ],
        [
            -0.0018912311643362045,
            -0.22547957301139832,
            0.02877037413418293
        ],
        [
            -0.1023915708065033,
            -0.17536109685897827,
            0.04507371038198471
        ],
        [
            -0.4370339512825012,
            -0.047471895813941956,
            -0.09371816366910934
        ],
        [
            -0.38507524132728577,
            0.3022952079772949,
            0.09497051686048508
        ],
        [
            -0.00023843487724661827,
            -0.12961800396442413,
            -0.03544367104768753
        ],
        [
            -0.21762308478355408,
            -0.04286014288663864,
            -0.33006688952445984
        ],
        [
            -0.31050658226013184,
            0.28595206141471863,
            -0.12144508957862854
        ],
        [
            0.08928684890270233,
            -0.8245993256568909,
            0.02938878908753395
        ],
        [
            0.13694539666175842,
            -0.8258850574493408,
            -0.017405711114406586
        ],
        [
            0.12498073279857635,
            -0.8117959499359131,
            0.1287039965391159
        ],
        [
            0.2317737638950348,
            -0.8158454895019531,
            0.023684926331043243
        ],
        [
            -0.41235554218292236,
            0.34073197841644287,
            -0.28412923216819763
        ],
        [
            -0.3387773633003235,
            0.37312108278274536,
            -0.26283979415893555
        ],
        [
            -0.28401532769203186,
            0.31593382358551025,
            -0.06423836946487427
        ],
        [
            -0.5517458915710449,
            0.368924081325531,
            0.010541081428527832
        ],
        [
            -0.5485916137695312,
            0.3459530472755432,
            0.09384855628013611
        ],
        [
            -0.3408585786819458,
            0.3367462754249573,
            0.1458120346069336
        ],
        [
            -0.37737300992012024,
            0.24428486824035645,
            0.10640689730644226
        ],
        [
            -0.3994881212711334,
            -0.07691767811775208,
            -0.08242516219615936
        ],
        [
            -0.0874362364411354,
            -0.2834744453430176,
            0.14109158515930176
        ],
        [
            0.13247767090797424,
            -0.16722868382930756,
            -0.02886808291077614
        ],
        [
            -0.18789035081863403,
            -0.052875444293022156,
            -0.3198731243610382
        ],
        [
            -0.2765626907348633,
            0.25641974806785583,
            -0.1208692267537117
        ],
        [
            -0.15882688760757446,
            -0.913517951965332,
            0.03867919370532036
        ],
        [
            -0.17843370139598846,
            -0.7450001239776611,
            0.1905342936515808
        ],
        [
            0.07752600312232971,
            -0.6690049171447754,
            0.18406519293785095
        ],
        [
            0.29103314876556396,
            -0.6329478025436401,
            -0.00954674556851387
        ],
        [
            0.2350168079137802,
            -0.7238345146179199,
            -0.24286101758480072
        ],
        [
            0.11862406879663467,
            -0.9184879660606384,
            -0.20916934311389923
        ],
        [
            0.2020954191684723,
            -0.6758931875228882,
            0.09814061969518661
        ],
        [
            0.16790556907653809,
            -0.8667106628417969,
            0.06071406602859497
        ],
        [
            0.02283741906285286,
            -0.2254248410463333,
            0.05630520358681679
        ],
        [
            0.18240436911582947,
            -0.6423454284667969,
            0.08674833178520203
        ],
        [
            0.13537515699863434,
            -0.44257837533950806,
            0.09035768359899521
        ],
        [
            0.14934833347797394,
            -0.7574087977409363,
            0.03328878432512283
        ],
        [
            0.1700366735458374,
            -0.8855301141738892,
            0.07056701928377151
        ]
    ],
    "pred_vertices": [
        [
            0.14431029558181763,
            -0.8726929426193237,
            -0.02620755136013031
        ],
        [
            0.13622909784317017,
            -0.8583590984344482,
            -0.026620589196681976
        ],
        [
            0.1503264307975769,
            -0.8555962443351746,
            -0.028263427317142487
        ],
        [
            0.16031436622142792,
            -0.8659675121307373,
            -0.024718187749385834
        ],
        [
            0.14370539784431458,
            -0.846083402633667,
            -0.029753953218460083
        ],
        [
            0.1317981332540512,
            -0.8472778797149658,
            -0.027424655854701996
        ],
        [
            0.16253133118152618,
            -0.8493781089782715,
            -0.025484614074230194
        ],
        [
            0.17307260632514954,
            -0.856774091720581,
            -0.020334258675575256
        ],
        [
            0.17492926120758057,
            -0.812665581703186,
            -0.02051880955696106
        ],
        [
            0.18423992395401,
            -0.8079533576965332,
            -0.01595378667116165
        ],
        [
            0.18300995230674744,
            -0.8205870389938354,
            -0.017575517296791077
        ],
        [
            0.1734163612127304,
            -0.8221018314361572,
            -0.020454108715057373
        ],
        [
            0.1768527328968048,
            -0.7870537042617798,
            -0.01695913076400757
        ],
        [
            0.1666952669620514,
            -0.777782678604126,
            -0.018928945064544678
        ],
        [
            0.1751771867275238,
            -0.7685601711273193,
            -0.013307899236679077
        ],
        [
            0.1850428283214569,
            -0.7773145437240601,
            -0.009990565478801727
        ],
        [
            0.12673041224479675,
            -0.791959822177887,
            -0.014217860996723175
        ],
        [
            0.13144949078559875,
            -0.7852413058280945,
            -0.017298787832260132
        ],
        [
            0.13477513194084167,
            -0.7919268608093262,
            -0.019322320818901062
        ],
        [
            0.12967678904533386,
            -0.7977809906005859,
            -0.015517599880695343
        ],
        [
            0.11574030667543411,
            -0.8019009828567505,
            -0.012302830815315247
        ],
        [
            0.11871755123138428,
            -0.807344913482666,
            -0.010410036891698837
        ],
        [
            0.11168240755796432,
            -0.8112841248512268,
            -0.011025022715330124
        ],
        [
            0.10864375531673431,
            -0.8051173686981201,
            -0.014102321118116379
        ],
        [
            0.12264612317085266,
            -0.7866619229316711,
            -0.010877568274736404
        ],
        [
            0.1280897706747055,
            -0.7797958850860596,
            -0.013636894524097443
        ],
        [
            0.12222541123628616,
            -0.7975634336471558,
            -0.011927928775548935
        ],
        [
            0.11934864521026611,
            -0.7934302091598511,
            -0.012569062411785126
        ],
        [
            0.11010076105594635,
            -0.7875767946243286,
            -0.017963401973247528
        ],
        [
            0.11225497722625732,
            -0.7923249006271362,
            -0.01796167716383934
        ],
        [
            0.10501965135335922,
            -0.7934500575065613,
            -0.020784568041563034
        ],
        [
            0.10463361442089081,
            -0.7878201603889465,
            -0.01936027780175209
        ],
        [
            0.11829736828804016,
            -0.7868413925170898,
            -0.013251129537820816
        ],
        [
            0.11687377840280533,
            -0.7898166179656982,
            -0.015576817095279694
        ],
        [
            0.11340804398059845,
            -0.7861552238464355,
            -0.015555344521999359
        ],
        [
            0.11454004049301147,
            -0.7839033603668213,
            -0.012377586215734482
        ],
        [
            0.11335259675979614,
            -0.79790198802948,
            -0.01413184404373169
        ],
        [
            0.10645273327827454,
            -0.7998067140579224,
            -0.017207924276590347
        ],
        [
            0.09875862300395966,
            -0.8013710379600525,
            -0.01982029527425766
        ],
        [
            0.0973169356584549,
            -0.7930972576141357,
            -0.02297516167163849
        ],
        [
            0.14428463578224182,
            -0.7714821100234985,
            -0.019536063075065613
        ],
        [
            0.13743260502815247,
            -0.7785220742225647,
            -0.019557714462280273
        ],
        [
            0.1336519867181778,
            -0.7735822796821594,
            -0.016540631651878357
        ],
        [
            0.13926848769187927,
            -0.7678747177124023,
            -0.01754160225391388
        ],
        [
            0.11798425018787384,
            -0.7805420160293579,
            -0.01085130125284195
        ],
        [
            0.12118685245513916,
            -0.7646431922912598,
            -0.013021163642406464
        ],
        [
            0.12112191319465637,
            -0.7683854699134827,
            -0.013556737452745438
        ],
        [
            0.11396294087171555,
            -0.7693015336990356,
            -0.012440379709005356
        ],
        [
            0.11464117467403412,
            -0.7657865285873413,
            -0.012267474085092545
        ],
        [
            0.15420886874198914,
            -0.7569069862365723,
            -0.01611395925283432
        ],
        [
            0.14693886041641235,
            -0.7557317018508911,
            -0.016091078519821167
        ],
        [
            0.14925529062747955,
            -0.7487067580223083,
            -0.014226160943508148
        ],
        [
            0.15680880844593048,
            -0.7485120296478271,
            -0.012908242642879486
        ],
        [
            0.14829297363758087,
            -0.7430047988891602,
            -0.01167888194322586
        ],
        [
            0.15810440480709076,
            -0.740598201751709,
            -0.009440921247005463
        ],
        [
            0.15156199038028717,
            -0.726333737373352,
            -0.003236491233110428
        ],
        [
            0.15504863858222961,
            -0.7325929403305054,
            -0.006237875670194626
        ],
        [
            0.14523176848888397,
            -0.7373207211494446,
            -0.009347882121801376
        ],
        [
            0.13917958736419678,
            -0.7322719693183899,
            -0.008139897137880325
        ],
        [
            0.12446093559265137,
            -0.7368929982185364,
            -0.006466113030910492
        ],
        [
            0.1183542013168335,
            -0.7356462478637695,
            -0.004677087068557739
        ],
        [
            0.1235622838139534,
            -0.723562479019165,
            -0.005671374499797821
        ],
        [
            0.13079485297203064,
            -0.7270609140396118,
            -0.0073243603110313416
        ],
        [
            0.12390546500682831,
            -0.7584360837936401,
            -0.009528487920761108
        ],
        [
            0.12872430682182312,
            -0.7585678100585938,
            -0.009944707155227661
        ],
        [
            0.12736305594444275,
            -0.7599701285362244,
            -0.011939361691474915
        ],
        [
            0.12209757417440414,
            -0.7610998153686523,
            -0.01167740672826767
        ],
        [
            0.1325312703847885,
            -0.7582018971443176,
            -0.010999880731105804
        ],
        [
            0.13426727056503296,
            -0.7578475475311279,
            -0.011584050953388214
        ],
        [
            0.13330113887786865,
            -0.7591618895530701,
            -0.0123552605509758
        ],
        [
            0.13196110725402832,
            -0.758994460105896,
            -0.011402342468500137
        ],
        [
            0.13006296753883362,
            -0.7586752772331238,
            -0.010523263365030289
        ],
        [
            0.1291102170944214,
            -0.756748378276825,
            -0.01014605164527893
        ],
        [
            0.13152194023132324,
            -0.75742506980896,
            -0.010769691318273544
        ],
        [
            0.12463591992855072,
            -0.7559211850166321,
            -0.00991995632648468
        ],
        [
            0.11026379466056824,
            -0.7538208961486816,
            -0.007747966796159744
        ],
        [
            0.11399826407432556,
            -0.7540978789329529,
            -0.009131446480751038
        ],
        [
            0.11333943903446198,
            -0.7584823369979858,
            -0.007688935846090317
        ],
        [
            0.11017248034477234,
            -0.7587048411369324,
            -0.006527770310640335
        ],
        [
            0.13080860674381256,
            -0.7614293098449707,
            -0.01252681016921997
        ],
        [
            0.13302205502986908,
            -0.7626454830169678,
            -0.014018520712852478
        ],
        [
            0.12782509624958038,
            -0.7654160261154175,
            -0.014129050076007843
        ],
        [
            0.12744386494159698,
            -0.7627273201942444,
            -0.012717440724372864
        ],
        [
            0.13499003648757935,
            -0.7644513845443726,
            -0.015898331999778748
        ],
        [
            0.1353430598974228,
            -0.7603360414505005,
            -0.013544939458370209
        ],
        [
            0.13808993995189667,
            -0.7612200379371643,
            -0.015164628624916077
        ],
        [
            0.13386395573616028,
            -0.7561221122741699,
            -0.01119057834148407
        ],
        [
            0.13685429096221924,
            -0.7543315291404724,
            -0.011974774301052094
        ],
        [
            0.13656575977802277,
            -0.7569413781166077,
            -0.013212695717811584
        ],
        [
            0.13514086604118347,
            -0.7511310577392578,
            -0.010750934481620789
        ],
        [
            0.13136088848114014,
            -0.7542720437049866,
            -0.010214827954769135
        ],
        [
            0.12695634365081787,
            -0.7524459362030029,
            -0.009859692305326462
        ],
        [
            0.12126322835683823,
            -0.7508351802825928,
            -0.009386435151100159
        ],
        [
            0.12517881393432617,
            -0.7459279298782349,
            -0.008631207048892975
        ],
        [
            0.13093063235282898,
            -0.7482199668884277,
            -0.009760107845067978
        ],
        [
            0.1298338919878006,
            -0.7694823741912842,
            -0.015163905918598175
        ],
        [
            0.14103440940380096,
            -0.7563008069992065,
            -0.014543786644935608
        ],
        [
            0.14355765283107758,
            -0.7628210783004761,
            -0.016806282103061676
        ],
        [
            0.14177075028419495,
            -0.7514837980270386,
            -0.013456657528877258
        ],
        [
            0.1405663937330246,
            -0.747028112411499,
            -0.01156897097826004
        ],
        [
            0.1368570327758789,
            -0.7430624961853027,
            -0.00974290817975998
        ],
        [
            0.13073891401290894,
            -0.7396763563156128,
            -0.008117381483316422
        ],
        [
            0.13287778198719025,
            -0.7149683237075806,
            0.0016822442412376404
        ],
        [
            0.14133895933628082,
            -0.7199636697769165,
            -0.0011994615197181702
        ],
        [
            0.13201892375946045,
            -0.8397936820983887,
            -0.023444369435310364
        ],
        [
            0.14032264053821564,
            -0.8389866352081299,
            -0.02732144296169281
        ],
        [
            0.14409969747066498,
            -0.8312530517578125,
            -0.023408181965351105
        ],
        [
            0.14542075991630554,
            -0.8332270383834839,
            -0.0247548446059227
        ],
        [
            0.13924570381641388,
            -0.834980845451355,
            -0.0237632617354393
        ],
        [
            0.139427050948143,
            -0.8322931528091431,
            -0.022411271929740906
        ],
        [
            0.16466829180717468,
            -0.8241926431655884,
            -0.020579315721988678
        ],
        [
            0.1579185277223587,
            -0.8260146379470825,
            -0.020776845514774323
        ],
        [
            0.15932457149028778,
            -0.8221955299377441,
            -0.019603028893470764
        ],
        [
            0.16660155355930328,
            -0.8175359964370728,
            -0.020830780267715454
        ],
        [
            0.1492045521736145,
            -0.8145581483840942,
            -0.019781440496444702
        ],
        [
            0.154494971036911,
            -0.8157811760902405,
            -0.020156562328338623
        ],
        [
            0.14955274760723114,
            -0.822484016418457,
            -0.020047537982463837
        ],
        [
            0.1456618309020996,
            -0.8215430378913879,
            -0.01970093697309494
        ],
        [
            0.1415528655052185,
            -0.8211011290550232,
            -0.018810756504535675
        ],
        [
            0.13769108057022095,
            -0.8210784196853638,
            -0.016939237713813782
        ],
        [
            0.1384110003709793,
            -0.8157955408096313,
            -0.0164235457777977
        ],
        [
            0.1434185802936554,
            -0.8148633241653442,
            -0.01836264133453369
        ],
        [
            0.13335935771465302,
            -0.8361371755599976,
            -0.020319491624832153
        ],
        [
            0.12813159823417664,
            -0.835290789604187,
            -0.015258438885211945
        ],
        [
            0.12971653044223785,
            -0.8323786854743958,
            -0.015490435063838959
        ],
        [
            0.13390091061592102,
            -0.8329771757125854,
            -0.019962690770626068
        ],
        [
            0.12556421756744385,
            -0.8260848522186279,
            -0.004888266324996948
        ],
        [
            0.1257251352071762,
            -0.8284765481948853,
            -0.006548523902893066
        ],
        [
            0.12224939465522766,
            -0.8299933671951294,
            -0.004947789013385773
        ],
        [
            0.12230315804481506,
            -0.8254847526550293,
            -0.0037334971129894257
        ],
        [
            0.12409980595111847,
            -0.8224737644195557,
            -0.005281131714582443
        ],
        [
            0.12630170583724976,
            -0.8244020342826843,
            -0.0060524046421051025
        ],
        [
            0.13748818635940552,
            -0.8937188386917114,
            -0.019281215965747833
        ],
        [
            0.1289331465959549,
            -0.8776862025260925,
            -0.022758454084396362
        ],
        [
            0.15692463517189026,
            -0.8880444765090942,
            -0.01961427927017212
        ],
        [
            0.172563835978508,
            -0.8776260614395142,
            -0.016857728362083435
        ],
        [
            0.18465681374073029,
            -0.8644907474517822,
            -0.013873793184757233
        ],
        [
            0.16423901915550232,
            -0.7614200711250305,
            -0.015269353985786438
        ],
        [
            0.169536292552948,
            -0.7525017261505127,
            -0.011193551123142242
        ],
        [
            0.1833803951740265,
            -0.7600471377372742,
            -0.007345631718635559
        ],
        [
            0.18512868881225586,
            -0.7497079372406006,
            -0.002133667469024658
        ],
        [
            0.1707935780286789,
            -0.7421375513076782,
            -0.006645888090133667
        ],
        [
            0.16259974241256714,
            -0.7235467433929443,
            0.0048003606498241425
        ],
        [
            0.16846053302288055,
            -0.7317728996276855,
            -0.001209702342748642
        ],
        [
            0.18517360091209412,
            -0.7396130561828613,
            0.00564911961555481
        ],
        [
            0.20090307295322418,
            -0.7521814107894897,
            0.011532686650753021
        ],
        [
            0.1977279931306839,
            -0.759924590587616,
            0.002970874309539795
        ],
        [
            0.21216458082199097,
            -0.7682214975357056,
            0.017778679728507996
        ],
        [
            0.20532795786857605,
            -0.7440015077590942,
            0.023637734353542328
        ],
        [
            0.21586063504219055,
            -0.7671205997467041,
            0.026411540806293488
        ],
        [
            0.19246283173561096,
            -0.7078227996826172,
            0.02955646812915802
        ],
        [
            0.19674783945083618,
            -0.6964832544326782,
            0.030826475471258163
        ],
        [
            0.21344947814941406,
            -0.7023069858551025,
            0.036194927990436554
        ],
        [
            0.20961347222328186,
            -0.7141293287277222,
            0.033464137464761734
        ],
        [
            0.19304151833057404,
            -0.7678353786468506,
            -0.0036972537636756897
        ],
        [
            0.18868324160575867,
            -0.8315227031707764,
            -0.012930072844028473
        ],
        [
            0.17869430780410767,
            -0.8313688039779663,
            -0.019015222787857056
        ],
        [
            0.19304436445236206,
            -0.8190851211547852,
            -0.011560358107089996
        ],
        [
            0.20241570472717285,
            -0.892756462097168,
            -9.133666753768921e-05
        ],
        [
            0.18590784072875977,
            -0.8870863914489746,
            -0.008445143699645996
        ],
        [
            0.19648319482803345,
            -0.8722767233848572,
            -0.00823955237865448
        ],
        [
            0.20975753664970398,
            -0.8793661594390869,
            0.000740639865398407
        ],
        [
            0.17448076605796814,
            -0.9277576804161072,
            0.009090013802051544
        ],
        [
            0.15599480271339417,
            -0.913583517074585,
            -0.006898537278175354
        ],
        [
            0.17020763456821442,
            -0.9024652242660522,
            -0.0077509284019470215
        ],
        [
            0.1871885061264038,
            -0.9134726524353027,
            0.0032812803983688354
        ],
        [
            0.21996960043907166,
            -0.8805543184280396,
            0.009180948138237
        ],
        [
            0.23332960903644562,
            -0.8823716640472412,
            0.023023590445518494
        ],
        [
            0.2340116798877716,
            -0.8985919952392578,
            0.03042898327112198
        ],
        [
            0.2177489995956421,
            -0.8985292911529541,
            0.013889774680137634
        ],
        [
            0.22903959453105927,
            -0.9194766879081726,
            0.042601898312568665
        ],
        [
            0.20930735766887665,
            -0.9196697473526001,
            0.02276107668876648
        ],
        [
            0.22063493728637695,
            -0.7528254389762878,
            0.03710144758224487
        ],
        [
            0.22430798411369324,
            -0.7720895409584045,
            0.03647352010011673
        ],
        [
            0.20460368692874908,
            -0.7279340028762817,
            0.02923382818698883
        ],
        [
            0.21966932713985443,
            -0.7356150150299072,
            0.038619738072156906
        ],
        [
            0.21818724274635315,
            -0.9345526099205017,
            0.05715309828519821
        ],
        [
            0.19573959708213806,
            -0.9364134073257446,
            0.033772923052310944
        ],
        [
            0.2573598027229309,
            -0.8627170324325562,
            0.06844551116228104
        ],
        [
            0.2543371319770813,
            -0.8793911933898926,
            0.059577926993370056
        ],
        [
            0.24858471751213074,
            -0.8661797046661377,
            0.044126957654953
        ],
        [
            0.25250041484832764,
