{
    "pred_cam": [
        1.6592947244644165,
        0.04627931863069534,
        0.5557959675788879
    ],
    "pred_smpl_params": {
        "global_orient": [
            [
                [
                    0.7436448931694031,
                    0.5762698650360107,
                    -0.3389769494533539
                ],
                [
                    0.329963743686676,
                    -0.7573066353797913,
                    -0.5635695457458496
                ],
                [
                    -0.5814775824546814,
                    0.30724549293518066,
                    -0.7533153891563416
                ]
            ]
        ],
        "body_pose": [
            [
                [
                    0.9983583092689514,
                    -0.0572228766977787,
                    -0.0025036707520484924
                ],
                [
                    0.04404148831963539,
                    0.7389698028564453,
                    0.6722975373268127
                ],
                [
                    -0.03662065789103508,
                    -0.6713041067123413,
                    0.7402768135070801
                ]
            ],
            [
                [
                    0.9659852981567383,
                    0.2585899233818054,
                    0.0019187917932868004
                ],
                [
                    -0.23781904578208923,
                    0.8854306936264038,
                    0.3993176519870758
                ],
                [
                    0.1015605702996254,
                    -0.3861912786960602,
                    0.9168106317520142
                ]
            ],
            [
                [
                    0.9997850656509399,
                    0.02068202570080757,
                    0.0014823100063949823
                ],
                [
                    -0.018490178510546684,
                    0.9216138124465942,
                    -0.3876674175262451
                ],
                [
                    -0.00938386656343937,
                    0.38755664229393005,
                    0.9217981696128845
                ]
            ],
            [
                [
                    0.9679058194160461,
                    0.21744757890701294,
                    -0.1259954422712326
                ],
                [
                    -0.11564057320356369,
                    -0.05975823476910591,
                    -0.9914918541908264
                ],
                [
                    -0.22312676906585693,
                    0.9742409586906433,
                    -0.03269457817077637
                ]
            ],
            [
                [
                    0.9740311503410339,
                    -0.06647223234176636,
                    0.21643681824207306
                ],
                [
                    0.21811911463737488,
                    0.019102465361356735,
                    -0.9757352471351624
                ],
                [
                    0.06072475388646126,
                    0.9976054430007935,
                    0.033105261623859406
                ]
            ],
            [
                [
                    0.9931637048721313,
                    -0.1143980324268341,
                    -0.02321392484009266
                ],
                [
                    0.1141841858625412,
                    0.993405818939209,
                    -0.010341772809624672
                ],
                [
                    0.024243924766778946,
                    0.007620410993695259,
                    0.9996770620346069
                ]
            ],
            [
                [
                    0.950402021408081,
                    -0.13406439125537872,
                    0.2806469202041626
                ],
                [
                    0.060240209102630615,
                    0.9645903706550598,
                    0.25678110122680664
                ],
                [
                    -0.30513453483581543,
                    -0.22713905572891235,
                    0.9248247146606445
                ]
            ],
            [
                [
                    0.9462500214576721,
                    0.020460672676563263,
                    -0.32278817892074585
                ],
                [
                    0.03627927228808403,
                    0.9849845170974731,
                    0.16878780722618103
                ],
                [
                    0.3213948607444763,
                    -0.17142599821090698,
                    0.9312993288040161
                ]
            ],
            [
                [
                    0.9956098794937134,
                    -0.08874782174825668,
                    -0.02974674478173256
                ],
                [
                    0.08719874173402786,
                    0.9949425458908081,
                    -0.049856457859277725
                ],
                [
                    0.034020956605672836,
                    0.04704369977116585,
                    0.998313307762146
                ]
            ],
            [
                [
                    0.9992350339889526,
                    -0.036143746227025986,
                    0.014934527687728405
                ],
                [
                    0.034278713166713715,
                    0.9932948350906372,
                    0.11041026562452316
                ],
                [
                    -0.018825029954314232,
                    -0.1098138615489006,
                    0.9937739372253418
                ]
            ],
            [
                [
                    0.9956950545310974,
                    0.08646447956562042,
                    0.033396732062101364
                ],
                [
                    -0.09121991693973541,
                    0.9780044555664062,
                    0.18757975101470947
                ],
                [
                    -0.016443166881799698,
                    -0.18981866538524628,
                    0.9816814661026001
                ]
            ],
            [
                [
                    0.990802526473999,
                    -0.1178140640258789,
                    -0.06656067073345184
                ],
                [
                    0.1017506793141365,
                    0.9729322791099548,
                    -0.20748400688171387
                ],
                [
                    0.08920355886220932,
                    0.19880306720733643,
                    0.9759714007377625
                ]
            ],
            [
                [
                    0.879125714302063,
                    -0.02349463663995266,
                    -0.4760105609893799
                ],
                [
                    0.13106465339660645,
                    0.9721921682357788,
                    0.19407343864440918
                ],
                [
                    0.45821404457092285,
                    -0.23300307989120483,
                    0.8577584624290466
                ]
            ],
            [
                [
                    0.9299185276031494,
                    0.026621995493769646,
                    0.3668009042739868
                ],
                [
                    -0.09573822468519211,
                    0.9805121421813965,
                    0.17155234515666962
                ],
                [
                    -0.3550856411457062,
                    -0.19464655220508575,
                    0.9143451452255249
                ]
            ],
            [
                [
                    0.9990268349647522,
                    -0.04249401018023491,
                    -0.011810937896370888
                ],
                [
                    0.03931010514497757,
                    0.979326605796814,
                    -0.1984291970729828
                ],
                [
                    0.019998813048005104,
                    0.1977718323469162,
                    0.9800440073013306
                ]
            ],
            [
                [
                    0.670955240726471,
                    0.2970268130302429,
                    -0.6794071793556213
                ],
                [
                    -0.06629539281129837,
                    0.9366236329078674,
                    0.3440074026584625
                ],
                [
                    0.7385282516479492,
                    -0.18577201664447784,
                    0.6481240391731262
                ]
            ],
            [
                [
                    0.8888730406761169,
                    -0.2378482073545456,
                    0.3915775716304779
                ],
                [
                    0.1501694619655609,
                    0.9587221145629883,
                    0.2414560765028
                ],
                [
                    -0.43284398317337036,
                    -0.1558208018541336,
                    0.8878997564315796
                ]
            ],
            [
                [
                    0.3306973874568939,
                    -0.2104606032371521,
                    -0.9199704527854919
                ],
                [
                    0.36438167095184326,
                    0.9276987910270691,
                    -0.08124610781669617
                ],
                [
                    0.8705546259880066,
                    -0.30835244059562683,
                    0.38347554206848145
                ]
            ],
            [
                [
                    0.29180899262428284,
                    0.24320213496685028,
                    0.9250406622886658
                ],
                [
                    -0.46309325098991394,
                    0.8821430206298828,
                    -0.08583874255418777
                ],
                [
                    -0.8368943929672241,
                    -0.4033315181732178,
                    0.3700425326824188
                ]
            ],
            [
                [
                    0.9867678284645081,
                    -0.1613171100616455,
                    -0.016308797523379326
                ],
                [
                    0.1552351713180542,
                    0.9689972996711731,
                    -0.19221408665180206
                ],
                [
                    0.04681060463190079,
                    0.18713898956775665,
                    0.9812174439430237
                ]
            ],
            [
                [
                    0.9879863262176514,
                    0.15450771152973175,
                    0.003207344328984618
                ],
                [
                    -0.15228940546512604,
                    0.9769120812416077,
                    -0.1498357504606247
                ],
                [
                    -0.026284070685505867,
                    0.14754724502563477,
                    0.9887056946754456
                ]
            ],
            [
                [
                    0.9919325709342957,
                    0.11309032142162323,
                    -0.057273980230093
                ],
                [
                    -0.11210092902183533,
                    0.9934912323951721,
                    0.02021285705268383
                ],
                [
                    0.05918707698583603,
                    -0.013629325665533543,
                    0.9981538653373718
                ]
            ],
            [
                [
                    0.9943404197692871,
                    -0.10100027918815613,
                    0.03295368701219559
                ],
                [
                    0.09870480746030807,
                    0.9929845929145813,
                    0.06510758399963379
                ],
                [
                    -0.03929838538169861,
                    -0.06148642301559448,
                    0.9973339438438416
                ]
            ]
        ],
        "betas": [
            0.07136218249797821,
            -0.07105633616447449,
            0.007196664810180664,
            0.07672122120857239,
            0.052263081073760986,
            -0.158127099275589,
            0.02280271053314209,
            -0.0013509392738342285,
            -0.008998081088066101,
            0.05986762046813965
        ]
    },
    "pred_cam_t": [
        0.04627931863069534,
        0.5557959675788879,
        23.541627883911133
    ],
    "focal_length": [
        5000.0,
        5000.0
    ],
    "pred_keypoints_3d": [
        [
            0.09564299881458282,
            -0.7765352725982666,
            -0.014548979699611664
        ],
        [
            0.20501333475112915,
            -0.6729810833930969,
            0.10513246059417725
        ],
        [
            0.04525300860404968,
            -0.648088276386261,
            0.19058281183242798
        ],
        [
            -0.20524141192436218,
            -0.6909475326538086,
            0.16340409219264984
        ],
        [
            -0.20771637558937073,
            -0.8977564573287964,
            0.012329980731010437
        ],
        [
            0.30063581466674805,
            -0.6037142872810364,
            -0.028872273862361908
        ],
        [
            0.22299069166183472,
            -0.6577426791191101,
            -0.27316582202911377
        ],
        [
            0.10098908841609955,
            -0.8743460774421692,
            -0.24415422976016998
        ],
        [
            -0.0018729777075350285,
            -0.22517606616020203,
            0.02870163507759571
        ],
        [
            -0.10339000076055527,
            -0.1765865981578827,
            0.043425217270851135
        ],
        [
            -0.44293317198753357,
            -0.04524706304073334,
            -0.08226366341114044
        ],
        [
            -0.362233430147171,
            0.28182774782180786,
            0.1367892324924469
        ],
        [
            -0.0006046541966497898,
            -0.12906774878501892,
            -0.03520558029413223
        ],
        [
            -0.20386692881584167,
            -0.03873959183692932,
            -0.339920312166214
        ],
        [
            -0.2871266007423401,
            0.273529589176178,
            -0.10187338292598724
        ],
        [
            0.09255634248256683,
            -0.817115068435669,
            0.03132547438144684
        ],
        [
            0.139256551861763,
            -0.8180752992630005,
            -0.01637910306453705
        ],
        [
            0.13025352358818054,
            -0.8082629442214966,
            0.13002289831638336
        ],
        [
            0.23486822843551636,
            -0.8115694522857666,
            0.023348040878772736
        ],
        [
            -0.3849341869354248,
            0.34177255630493164,
            -0.2620913088321686
        ],
        [
            -0.311299204826355,
            0.3710416555404663,
            -0.23680783808231354
        ],
        [
            -0.26005443930625916,
            0.29762351512908936,
            -0.04283297061920166
        ],
        [
            -0.5300677418708801,
            0.3592621088027954,
            0.06423547863960266
        ],
        [
            -0.5239430665969849,
            0.3300270438194275,
            0.14537569880485535
        ],
        [
            -0.31490078568458557,
            0.3099691867828369,
            0.1884697675704956
        ],
        [
            -0.3573998212814331,
            0.22249972820281982,
            0.14233648777008057
        ],
        [
            -0.4056236743927002,
            -0.07398790121078491,
            -0.07312997430562973
        ],
        [
            -0.08826804161071777,
            -0.28542599081993103,
            0.13866344094276428
        ],
        [
            0.13286492228507996,
            -0.16503871977329254,
            -0.026264647021889687
        ],
        [
            -0.1751914620399475,
            -0.047950319945812225,
            -0.32883352041244507
        ],
        [
            -0.253759503364563,
            0.24255043268203735,
            -0.104337677359581
        ],
        [
            -0.17517590522766113,
            -0.882009744644165,
            0.01736697554588318
        ],
        [
            -0.1839703619480133,
            -0.7202609777450562,
            0.17830757796764374
        ],
        [
            0.07932005822658539,
            -0.6646437644958496,
            0.18411362171173096
        ],
        [
            0.30024462938308716,
            -0.6262602806091309,
            -0.002753881737589836
        ],
        [
            0.24943643808364868,
            -0.6862486600875854,
            -0.24909526109695435
        ],
        [
            0.11631317436695099,
            -0.8708110451698303,
            -0.22980603575706482
        ],
        [
            0.20708277821540833,
            -0.6729250550270081,
            0.1017507016658783
        ],
        [
            0.1705988347530365,
            -0.8621128797531128,
            0.05985928326845169
        ],
        [
            0.0226127989590168,
            -0.22529396414756775,
            0.05633051320910454
        ],
        [
            0.18807201087474823,
            -0.6372179985046387,
            0.09024244546890259
        ],
        [
            0.14051085710525513,
            -0.4382524788379669,
            0.09343184530735016
        ],
        [
            0.1539127677679062,
            -0.751679539680481,
            0.035962704569101334
        ],
        [
            0.17231345176696777,
            -0.8811976313591003,
            0.0689728856086731
        ]
    ],
    "pred_vertices": [
        [
            0.14533498883247375,
            -0.8648857474327087,
            -0.026884689927101135
        ],
        [
            0.13764160871505737,
            -0.8502638936042786,
            -0.026693113148212433
        ],
        [
            0.15177646279335022,
            -0.8477957248687744,
            -0.028514191508293152
        ],
        [
            0.16162563860416412,
            -0.8586003184318542,
            -0.02543874830007553
        ],
        [
            0.14535990357398987,
            -0.8380842804908752,
            -0.029462844133377075
        ],
        [
            0.13347896933555603,
            -0.8389914035797119,
            -0.02704133838415146
        ],
        [
            0.16417326033115387,
            -0.8420225381851196,
            -0.025702305138111115
        ],
        [
            0.17464116215705872,
            -0.8498519062995911,
            -0.02101997286081314
        ],
        [
            0.17756551504135132,
            -0.8057571649551392,
            -0.019816480576992035
        ],
        [
            0.18710577487945557,
            -0.8013169765472412,
            -0.015234552323818207
        ],
        [
            0.1855308711528778,
            -0.8139619827270508,
            -0.01732192188501358
        ],
        [
            0.1758468896150589,
            -0.8151791095733643,
            -0.02001749724149704
        ],
        [
            0.1801445186138153,
            -0.7803740501403809,
            -0.015360653400421143
        ],
        [
            0.17015215754508972,
            -0.7707782983779907,
            -0.016895145177841187
        ],
        [
            0.17893221974372864,
            -0.761955738067627,
            -0.011084891855716705
        ],
        [
            0.1886320561170578,
            -0.7710627317428589,
            -0.008211813867092133
        ],
        [
            0.1299671232700348,
            -0.7840919494628906,
            -0.011883772909641266
        ],
        [
            0.13478511571884155,
            -0.7774085998535156,
            -0.014886617660522461
        ],
        [
            0.1379024088382721,
            -0.7841002941131592,
            -0.017177075147628784
        ],
        [
            0.13273406028747559,
            -0.7899380922317505,
            -0.013433240354061127
        ],
        [
            0.11877983063459396,
            -0.7937667369842529,
            -0.010108880698680878
        ],
        [
            0.12164700031280518,
            -0.7993412613868713,
            -0.008441030979156494
        ],
        [
            0.11451191455125809,
            -0.8030905723571777,
            -0.00904228538274765
        ],
        [
            0.11157974600791931,
            -0.7967535853385925,
            -0.011876121163368225
        ],
        [
            0.12609447538852692,
            -0.7788084745407104,
            -0.008300267159938812
        ],
        [
            0.13164122402668,
            -0.7720149755477905,
            -0.010976873338222504
        ],
        [
            0.1253688633441925,
            -0.7896500825881958,
            -0.009697385132312775
        ],
        [
            0.12260383367538452,
            -0.7853883504867554,
            -0.010158464312553406
        ],
        [
            0.1134391725063324,
            -0.7791369557380676,
            -0.01521994173526764
        ],
        [
            0.1154555082321167,
            -0.7839164733886719,
            -0.015374727547168732
        ],
        [
            0.10814684629440308,
            -0.7847814559936523,
            -0.018124639987945557
        ],
        [
            0.10793862491846085,
            -0.7792081832885742,
            -0.016539961099624634
        ],
        [
            0.12170998752117157,
            -0.7787285447120667,
            -0.010628923773765564
        ],
        [
            0.12016704678535461,
            -0.781589150428772,
            -0.013007819652557373
        ],
        [
            0.11680485308170319,
            -0.7778369188308716,
            -0.01283988356590271
        ],
        [
            0.11805015802383423,
            -0.7757238149642944,
            -0.009618818759918213
        ],
        [
            0.11646316945552826,
            -0.7896360158920288,
            -0.011764973402023315
        ],
        [
            0.10947832465171814,
            -0.7912790775299072,
            -0.014770425856113434
        ],
        [
            0.10170115530490875,
            -0.7925732135772705,
            -0.017288893461227417
        ],
        [
            0.1004459336400032,
            -0.7841669917106628,
            -0.02017882466316223
        ],
        [
            0.14791937172412872,
            -0.7639151215553284,
            -0.01693597435951233
        ],
        [
            0.14086446166038513,
            -0.7707542181015015,
            -0.017066888511180878
        ],
        [
            0.1373002976179123,
            -0.7658472657203674,
            -0.013807080686092377
        ],
        [
            0.14303863048553467,
            -0.7602607011795044,
            -0.014721132814884186
        ],
        [
            0.12162106484174728,
            -0.7725217938423157,
            -0.008007846772670746
        ],
        [
            0.12515467405319214,
            -0.7566989660263062,
            -0.009804479777812958
        ],
        [
            0.12499457597732544,
            -0.7604110240936279,
            -0.010432153940200806
        ],
        [
            0.11784861236810684,
            -0.7611836194992065,
            -0.009210936725139618
        ],
        [
            0.11860861629247665,
            -0.75771164894104,
            -0.008963026106357574
        ],
        [
            0.15824279189109802,
            -0.7497096061706543,
            -0.013204559683799744
        ],
        [
            0.15101425349712372,
            -0.7483826875686646,
            -0.012996815145015717
        ],
        [
            0.15354183316230774,
            -0.7414827942848206,
            -0.010946832597255707
        ],
        [
            0.16111519932746887,
            -0.7415089011192322,
            -0.009746938943862915
        ],
        [
            0.15277604758739471,
            -0.7359088063240051,
            -0.008186012506484985
        ],
        [
            0.1626998484134674,
            -0.7337663173675537,
            -0.006035521626472473
        ],
        [
            0.15660957992076874,
            -0.7195631861686707,
            0.0006805881857872009
        ],
        [
            0.1598917841911316,
            -0.7258225679397583,
            -0.0025388747453689575
        ],
        [
            0.14988525211811066,
            -0.7302486896514893,
            -0.005622744560241699
        ],
        [
            0.14395786821842194,
            -0.725128173828125,
            -0.004163339734077454
        ],
        [
            0.1291719675064087,
            -0.7293702363967896,
            -0.0023926831781864166
        ],
        [
            0.12316874414682388,
            -0.7280676960945129,
            -0.00043683499097824097
        ],
        [
            0.12861348688602448,
            -0.716128945350647,
            -0.0012014172971248627
        ],
        [
            0.13571211695671082,
            -0.7197523713111877,
            -0.003048136830329895
        ],
        [
            0.12806162238121033,
            -0.7507419586181641,
            -0.006150856614112854
        ],
        [
            0.13286693394184113,
            -0.7509732842445374,
            -0.006639204919338226
        ],
        [
            0.1314370185136795,
            -0.7522711753845215,
            -0.008650355041027069
        ],
        [
            0.12615366280078888,
            -0.7532744407653809,
            -0.008351422846317291
        ],
        [
            0.13665011525154114,
            -0.7506709098815918,
            -0.0077222660183906555
        ],
        [
            0.13839499652385712,
            -0.7503417730331421,
            -0.008310973644256592
        ],
        [
            0.13737650215625763,
            -0.751602053642273,
            -0.00911083072423935
        ],
        [
            0.13603907823562622,
            -0.7514111399650574,
            -0.008143961429595947
        ],
        [
            0.13416418433189392,
            -0.7510809898376465,
            -0.007235497236251831
        ],
        [
            0.13327133655548096,
            -0.749154806137085,
            -0.006786637008190155
        ],
        [
            0.13567304611206055,
            -0.7498852014541626,
            -0.0074581578373909
        ],
        [
            0.12882867455482483,
            -0.7482329607009888,
            -0.006469510495662689
        ],
        [
            0.11462508141994476,
            -0.7458390593528748,
            -0.004007667303085327
        ],
        [
            0.11830058693885803,
            -0.7462036609649658,
            -0.005434609949588776
        ],
        [
            0.11755478382110596,
            -0.750586986541748,
            -0.004138283431529999
        ],
        [
            0.11441823840141296,
            -0.7507315874099731,
            -0.002956632524728775
        ],
        [
            0.13483086228370667,
            -0.7537384033203125,
            -0.009338989853858948
        ],
        [
            0.1369895190000534,
            -0.7550142407417297,
            -0.010882705450057983
        ],
        [
            0.1317274272441864,
            -0.7576346397399902,
            -0.011007413268089294
        ],
        [
            0.13143804669380188,
            -0.7549974918365479,
            -0.00951075553894043
        ],
        [
            0.13886287808418274,
            -0.7567931413650513,
            -0.01285603642463684
        ],
        [
            0.13937720656394958,
            -0.7527838349342346,
            -0.01035790890455246
        ],
        [
            0.1420775055885315,
            -0.7536569833755493,
            -0.012070924043655396
        ],
        [
            0.13803784549236298,
            -0.7486277222633362,
            -0.007863692939281464
        ],
        [
            0.14105823636054993,
            -0.7468911409378052,
            -0.008627928793430328
        ],
        [
            0.1406843662261963,
            -0.749443531036377,
            -0.009940564632415771
        ],
        [
            0.13944251835346222,
            -0.7436968088150024,
            -0.007278427481651306
        ],
        [
            0.13558784127235413,
            -0.7467567920684814,
            -0.00680261105298996
        ],
        [
            0.13123370707035065,
            -0.7448410987854004,
            -0.006329134106636047
        ],
        [
            0.12559771537780762,
            -0.743111789226532,
            -0.005722366273403168
        ],
        [
            0.12963074445724487,
            -0.7383327484130859,
            -0.004872456192970276
        ],
        [
            0.1353040486574173,
            -0.740721583366394,
            -0.006153702735900879
        ],
        [
            0.13363543152809143,
            -0.7616677284240723,
            -0.012225337326526642
        ],
        [
            0.14513561129570007,
            -0.7488586902618408,
            -0.011349774897098541
        ],
        [
            0.1474573314189911,
            -0.7553656697273254,
            -0.013882748782634735
        ],
        [
            0.1460142284631729,
            -0.7441150546073914,
            -0.010108575224876404
        ],
        [
            0.14495398104190826,
            -0.7397060990333557,
            -0.008056163787841797
        ],
        [
            0.14135247468948364,
            -0.735772967338562,
            -0.006045445799827576
        ],
        [
            0.13532407581806183,
            -0.7322413325309753,
            -0.004251345992088318
        ],
        [
            0.1381911188364029,
            -0.7079752683639526,
            0.006128773093223572
        ],
        [
            0.14649488031864166,
            -0.7130919694900513,
            0.003033529967069626
        ],
        [
            0.13392120599746704,
            -0.8316364288330078,
            -0.02282174676656723
        ],
        [
            0.1421901285648346,
            -0.8309428691864014,
            -0.02677980065345764
        ],
        [
            0.14620888233184814,
            -0.8234245181083679,
            -0.02267017960548401
        ],
        [
            0.14743204414844513,
            -0.825451135635376,
            -0.024089068174362183
        ],
        [
            0.14125767350196838,
            -0.8269890546798706,
            -0.023093342781066895
        ],
        [
            0.14152508974075317,
            -0.8243519067764282,
            -0.021661914885044098
        ],
        [
            0.16698291897773743,
            -0.8170068264007568,
            -0.02003852277994156
        ],
        [
            0.16018076241016388,
            -0.8186315894126892,
            -0.020153380930423737
        ],
        [
            0.16173021495342255,
            -0.8149149417877197,
            -0.01885312795639038
        ],
        [
            0.169124037027359,
            -0.8104058504104614,
            -0.02008727192878723
        ],
        [
            0.15179522335529327,
            -0.8069955110549927,
            -0.018605291843414307
        ],
        [
            0.15705831348896027,
            -0.8083652257919312,
            -0.019117705523967743
        ],
        [
            0.15192624926567078,
            -0.8149095773696899,
            -0.019107036292552948
        ],
        [
            0.14806881546974182,
            -0.8138720989227295,
            -0.018659427762031555
        ],
        [
            0.14398837089538574,
            -0.8133409023284912,
            -0.017687559127807617
        ],
        [
            0.1401844173669815,
            -0.8132887482643127,
            -0.015743687748908997
        ],
        [
            0.14101126790046692,
            -0.8080377578735352,
            -0.015088751912117004
        ],
        [
            0.14600232243537903,
            -0.8071714639663696,
            -0.017091795802116394
        ],
        [
            0.1353806108236313,
            -0.828095555305481,
            -0.01958240568637848
        ],
        [
            0.13028770685195923,
            -0.8273091316223145,
            -0.014399737119674683
        ],
        [
            0.1319074034690857,
            -0.8244038224220276,
            -0.014573276042938232
        ],
        [
            0.13599994778633118,
            -0.8249675035476685,
            -0.019145138561725616
        ],
        [
            0.12813864648342133,
            -0.8183585405349731,
            -0.0036379173398017883
        ],
        [
            0.12821194529533386,
            -0.8207056522369385,
            -0.00539097934961319
        ],
        [
            0.12472443282604218,
            -0.8221858143806458,
            -0.003787904977798462
        ],
        [
            0.12491481751203537,
            -0.817719042301178,
            -0.0023999735713005066
        ],
        [
            0.1267789602279663,
            -0.8146917819976807,
            -0.0038413256406784058
        ],
        [
            0.1289215087890625,
            -0.8166447877883911,
            -0.004727251827716827
        ],
        [
            0.13810499012470245,
            -0.8859644532203674,
            -0.020462967455387115
        ],
        [
            0.1300334483385086,
            -0.869493842124939,
            -0.023332148790359497
        ],
        [
            0.15779410302639008,
            -0.8806480169296265,
            -0.02098139375448227
        ],
        [
            0.17373640835285187,
            -0.870721161365509,
            -0.01833483576774597
        ],
        [
            0.18617428839206696,
            -0.8580212593078613,
            -0.015124596655368805
        ],
        [
            0.16815946996212006,
            -0.7544795274734497,
            -0.012663640081882477
        ],
        [
            0.17375575006008148,
            -0.7458322048187256,
            -0.008396700024604797
        ],
        [
            0.1874764859676361,
            -0.7538173794746399,
            -0.00497908890247345
        ],
        [
            0.18956796824932098,
            -0.7436631917953491,
            0.0005217120051383972
        ],
        [
            0.17537803947925568,
            -0.7356410026550293,
            -0.0035153180360794067
        ],
        [
            0.16784904897212982,
            -0.7172309160232544,
            0.008511997759342194
        ],
        [
            0.1734042912721634,
            -0.7254073619842529,
            0.0022721141576766968
        ],
        [
            0.18999455869197845,
            -0.7338144779205322,
            0.008604586124420166
        ],
        [
            0.2054259032011032,
            -0.7469397783279419,
            0.013873673975467682
        ],
        [
            0.20194198191165924,
            -0.7543619871139526,
            0.005074754357337952
        ],
        [
            0.21642564237117767,
            -0.7633793950080872,
            0.019452594220638275
        ],
        [
            0.21029630303382874,
            -0.7391771674156189,
            0.026112757623195648
        ],
        [
            0.2203034609556198,
            -0.7625772953033447,
            0.028018750250339508
        ],
        [
            0.19840261340141296,
            -0.7029194831848145,
            0.03311479464173317
        ],
        [
            0.20288056135177612,
            -0.6918197870254517,
            0.03466562181711197
        ],
        [
            0.21947887539863586,
            -0.6979319453239441,
            0.03988960385322571
        ],
        [
            0.21544165909290314,
            -0.7095905542373657,
            0.03677397593855858
        ],
        [
            0.19694899022579193,
            -0.7619504928588867,
            -0.001780100166797638
        ],
        [
            0.1910020262002945,
            -0.8252463340759277,
            -0.012999281287193298
        ],
        [
            0.1809089481830597,
            -0.8246467113494873,
            -0.018958061933517456
        ],
        [
            0.19566984474658966,
            -0.8129136562347412,
            -0.011374451220035553
        ],
        [
            0.20349425077438354,
            -0.8869779109954834,
            -0.0025638416409492493
        ],
        [
            0.18701085448265076,
            -0.8807506561279297,
            -0.010596036911010742
        ],
        [
            0.19790247082710266,
            -0.8662033081054688,
            -0.009924463927745819
        ],
        [
            0.21119879186153412,
            -0.8738613724708557,
            -0.001402832567691803
        ],
        [
            0.17485879361629486,
            -0.9215861558914185,
            0.006171606481075287
        ],
        [
            0.15646275877952576,
            -0.9065403938293457,
            -0.008947484195232391
        ],
        [
            0.17097046971321106,
            -0.8957178592681885,
            -0.009922042489051819
        ],
        [
            0.187804713845253,
            -0.9074137806892395,
            0.0005536079406738281
        ],
        [
            0.22143994271755219,
            -0.8755546808242798,
            0.006800159811973572
        ],
        [
            0.23497691750526428,
            -0.8780778646469116,
            0.020408451557159424
        ],
        [
            0.23545539379119873,
            -0.8946424722671509,
            0.027239486575126648
        ],
        [
            0.21886947751045227,
            -0.893582820892334,
            0.011051416397094727
        ],
        [
            0.23005536198616028,
            -0.9156826734542847,
            0.03892266005277634
        ],
        [
            0.21008706092834473,
            -0.91475510597229,
            0.01946624368429184
        ],
        [
            0.2255653291940689,
            -0.7487044334411621,
            0.039093174040317535
        ],
        [
            0.22874963283538818,
            -0.7679964303970337,
            0.03777920454740524
        ],
        [
            0.21011359989643097,
            -0.7232243418693542,
            0.03212901949882507
        ],
        [
            0.22502121329307556,
            -0.731502115726471,
            0.04117843508720398
        ],
        [
            0.21912100911140442,
            -0.9309289455413818,
            0.05324506014585495
        ],
        [
            0.1963227242231369,
            -0.9315207600593567,
            0.03017495572566986
        ],
        [
            0.2602364420890808,
            -0.8601661324501038,
            0.06605362147092819
        ],
        [
            0.25662001967430115,
            -0.8766142129898071,
            0.05672777444124222
        ],
        [
            0.25092631578445435,
            -0.8627990484237671,
            0.041811347007751465
        ],
        [
            0.25538206100463867,
