{
    "pred_cam": [
        1.66518235206604,
        0.044006504118442535,
        0.5165058374404907
    ],
    "pred_smpl_params": {
        "global_orient": [
            [
                [
                    0.7685805559158325,
                    0.5422132611274719,
                    -0.33954206109046936
                ],
                [
                    0.3060283064842224,
                    -0.7776769399642944,
                    -0.5491495728492737
                ],
                [
                    -0.5618101954460144,
                    0.3181561827659607,
                    -0.7636399865150452
                ]
            ]
        ],
        "body_pose": [
            [
                [
                    0.9977787733078003,
                    -0.06523338705301285,
                    -0.013493985868990421
                ],
                [
                    0.05770021304488182,
                    0.7451107501983643,
                    0.6644400954246521
                ],
                [
                    -0.033289168030023575,
                    -0.6637428402900696,
                    0.7472196817398071
                ]
            ],
            [
                [
                    0.9646801352500916,
                    0.2633087635040283,
                    0.007791218813508749
                ],
                [
                    -0.23869526386260986,
                    0.8612281084060669,
                    0.448676735162735
                ],
                [
                    0.11143047362565994,
                    -0.4346892833709717,
                    0.8936601877212524
                ]
            ],
            [
                [
                    0.9999693036079407,
                    0.003877539886161685,
                    -0.006804839242249727
                ],
                [
                    -0.006273094564676285,
                    0.9167303442955017,
                    -0.39945724606513977
                ],
                [
                    0.0046892911195755005,
                    0.3994876742362976,
                    0.9167265295982361
                ]
            ],
            [
                [
                    0.9710075855255127,
                    0.20317339897155762,
                    -0.12595534324645996
                ],
                [
                    -0.10555148869752884,
                    -0.10835406929254532,
                    -0.9884929656982422
                ],
                [
                    -0.21448323130607605,
                    0.9731290340423584,
                    -0.083767369389534
                ]
            ],
            [
                [
                    0.9781438708305359,
                    -0.06423188745975494,
                    0.1977594643831253
                ],
                [
                    0.19313755631446838,
                    -0.07164251804351807,
                    -0.9785525798797607
                ],
                [
                    0.07702226936817169,
                    0.9953600168228149,
                    -0.05767109990119934
                ]
            ],
            [
                [
                    0.9942600727081299,
                    -0.10420871526002884,
                    -0.02423490770161152
                ],
                [
                    0.10313431918621063,
                    0.9937797784805298,
                    -0.04201258346438408
                ],
                [
                    0.028462238609790802,
                    0.03927198797464371,
                    0.9988230466842651
                ]
            ],
            [
                [
                    0.9504745602607727,
                    -0.15668272972106934,
                    0.2684188187122345
                ],
                [
                    0.08128534257411957,
                    0.9588879942893982,
                    0.2718943655490875
                ],
                [
                    -0.29998472332954407,
                    -0.23661017417907715,
                    0.9241346716880798
                ]
            ],
            [
                [
                    0.945393979549408,
                    0.026735767722129822,
                    -0.32483142614364624
                ],
                [
                    0.04365481063723564,
                    0.9772627949714661,
                    0.20748871564865112
                ],
                [
                    0.32299306988716125,
                    -0.2103390395641327,
                    0.9227312207221985
                ]
            ],
            [
                [
                    0.9955466389656067,
                    -0.08905535191297531,
                    -0.030921777710318565
                ],
                [
                    0.08689839392900467,
                    0.9940799474716187,
                    -0.065220907330513
                ],
                [
                    0.036546990275382996,
                    0.062243394553661346,
                    0.9973917007446289
                ]
            ],
            [
                [
                    0.9966022372245789,
                    -0.020603662356734276,
                    0.079745352268219
                ],
                [
                    0.008031103760004044,
                    0.987901508808136,
                    0.154874786734581
                ],
                [
                    -0.08197153359651566,
                    -0.15370814502239227,
                    0.9847103357315063
                ]
            ],
            [
                [
                    0.9943558573722839,
                    0.09470708668231964,
                    0.04782259464263916
                ],
                [
                    -0.1027102991938591,
                    0.9722523093223572,
                    0.2101810723543167
                ],
                [
                    -0.02658998966217041,
                    -0.2139066606760025,
                    0.976492166519165
                ]
            ],
            [
                [
                    0.9938945770263672,
                    -0.08100000023841858,
                    0.07491706311702728
                ],
                [
                    0.09808061271905899,
                    0.959615170955658,
                    -0.2636643648147583
                ],
                [
                    -0.05053473636507988,
                    0.26940250396728516,
                    0.9617008566856384
                ]
            ],
            [
                [
                    0.9140592217445374,
                    -0.00030575948767364025,
                    -0.40558061003685
                ],
                [
                    0.07607261091470718,
                    0.9823812246322632,
                    0.1707046777009964
                ],
                [
                    0.3983825743198395,
                    -0.18688775599002838,
                    0.897977888584137
                ]
            ],
            [
                [
                    0.9486915469169617,
                    0.017787819728255272,
                    0.31570231914520264
                ],
                [
                    -0.0681656152009964,
                    0.9864457249641418,
                    0.14925901591777802
                ],
                [
                    -0.30876824259757996,
                    -0.1631208062171936,
                    0.9370452165603638
                ]
            ],
            [
                [
                    0.9925540089607239,
                    -0.005563332699239254,
                    0.12167822569608688
                ],
                [
                    0.026867467910051346,
                    0.9843512773513794,
                    -0.17415718734264374
                ],
                [
                    -0.11880522221326828,
                    0.17612960934638977,
                    0.9771713018417358
                ]
            ],
            [
                [
                    0.6931660771369934,
                    0.4087074100971222,
                    -0.5936995148658752
                ],
                [
                    -0.26018041372299194,
                    0.9100366830825806,
                    0.32270631194114685
                ],
                [
                    0.6721808314323425,
                    -0.06922010332345963,
                    0.7371442317962646
                ]
            ],
            [
                [
                    0.8780038952827454,
                    -0.3128441274166107,
                    0.3622675836086273
                ],
                [
                    0.24855102598667145,
                    0.9447957873344421,
                    0.21350258588790894
                ],
                [
                    -0.40906190872192383,
                    -0.09741411358118057,
                    0.9072921276092529
                ]
            ],
            [
                [
                    0.10004475712776184,
                    -0.3031914234161377,
                    -0.9476634860038757
                ],
                [
                    0.30242541432380676,
                    0.9166460037231445,
                    -0.26134079694747925
                ],
                [
                    0.9479081630706787,
                    -0.2604517638683319,
                    0.18339841067790985
                ]
            ],
            [
                [
                    0.22964446246623993,
                    0.275028258562088,
                    0.9336073994636536
                ],
                [
                    -0.42575711011886597,
                    0.8909810781478882,
                    -0.1577453315258026
                ],
                [
                    -0.8752110004425049,
                    -0.3612646460533142,
                    0.32170411944389343
                ]
            ],
            [
                [
                    0.9822139143943787,
                    -0.18775345385074615,
                    0.002097907941788435
                ],
                [
                    0.1844947189092636,
                    0.9629694223403931,
                    -0.1965998113155365
                ],
                [
                    0.03489207476377487,
                    0.1934901475906372,
                    0.9804815053939819
                ]
            ],
            [
                [
                    0.9889017343521118,
                    0.1478327512741089,
                    -0.014792933128774166
                ],
                [
                    -0.14805364608764648,
                    0.9722591042518616,
                    -0.18108665943145752
                ],
                [
                    -0.012387968599796295,
                    0.18126705288887024,
                    0.9833558797836304
                ]
            ],
            [
                [
                    0.9917953610420227,
                    0.11564511060714722,
                    -0.054480426013469696
                ],
                [
                    -0.11391989886760712,
                    0.9929153323173523,
                    0.03378410264849663
                ],
                [
                    0.05800141766667366,
                    -0.027300512418150902,
                    0.997943103313446
                ]
            ],
            [
                [
                    0.9913443922996521,
                    -0.12024813890457153,
                    0.05269334465265274
                ],
                [
                    0.1162046492099762,
                    0.9904606938362122,
                    0.07405513525009155
                ],
                [
                    -0.061095673590898514,
                    -0.06729093939065933,
                    0.9958610534667969
                ]
            ]
        ],
        "betas": [
            0.12107999622821808,
            -0.034339576959609985,
            -0.18081034719944,
            -0.09463173151016235,
            0.013194113969802856,
            -0.1013806089758873,
            0.03177464008331299,
            -0.03772351145744324,
            0.03288501501083374,
            -0.0019609928131103516
        ]
    },
    "pred_cam_t": [
        0.044006504118442535,
        0.5165058374404907,
        23.458391189575195
    ],
    "focal_length": [
        5000.0,
        5000.0
    ],
    "pred_keypoints_3d": [
        [
            0.08756843209266663,
            -0.7603039741516113,
            -0.05596762150526047
        ],
        [
            0.17501872777938843,
            -0.6813095808029175,
            0.09669555723667145
        ],
        [
            0.018481262028217316,
            -0.6464231014251709,
            0.18748152256011963
        ],
        [
            -0.2383725345134735,
            -0.6346191763877869,
            0.17445799708366394
        ],
        [
            -0.27491337060928345,
            -0.8187386989593506,
            -0.002713903784751892
        ],
        [
            0.2801567018032074,
            -0.6092517375946045,
            -0.03285475820302963
        ],
        [
            0.21908313035964966,
            -0.5754880905151367,
            -0.2872663140296936
        ],
        [
            0.06153988838195801,
            -0.7716014981269836,
            -0.26944679021835327
        ],
        [
            -0.0018282001838088036,
            -0.2233160138130188,
            0.02865372598171234
        ],
        [
            -0.1018313467502594,
            -0.17131051421165466,
            0.04112565517425537
        ],
        [
            -0.4384249150753021,
            -0.04489588737487793,
            -0.10327102243900299
        ],
        [
            -0.3378742039203644,
            0.27518054842948914,
            0.12301677465438843
        ],
        [
            0.004330087918788195,
            -0.1271490454673767,
            -0.034687288105487823
        ],
        [
            -0.18694578111171722,
            -0.024444282054901123,
            -0.3461538255214691
        ],
        [
            -0.24507620930671692,
            0.2876318395137787,
            -0.09577864408493042
        ],
        [
            0.06904587149620056,
            -0.8041194677352905,
            -0.017436005175113678
        ],
        [
            0.12706218659877777,
            -0.8059504628181458,
            -0.050770409405231476
        ],
        [
            0.07885409891605377,
            -0.8078447580337524,
            0.08852540701627731
        ],
        [
            0.20710304379463196,
            -0.8132566213607788,
            0.013055562973022461
        ],
        [
            -0.3318207859992981,
            0.3662070631980896,
            -0.25863730907440186
        ],
        [
            -0.2574969530105591,
            0.3885296583175659,
            -0.22902372479438782
        ],
        [
            -0.21692442893981934,
            0.3076387047767639,
            -0.035977840423583984
        ],
        [
            -0.5036419034004211,
            0.3546397089958191,
            0.049215883016586304
        ],
        [
            -0.4995104670524597,
            0.3264361023902893,
            0.13121342658996582
        ],
        [
            -0.28936535120010376,
            0.3022350072860718,
            0.1744256615638733
        ],
        [
            -0.3360966444015503,
            0.21571993827819824,
            0.12745295464992523
        ],
        [
            -0.4025440216064453,
            -0.07251659780740738,
            -0.09181523323059082
        ],
        [
            -0.09240251034498215,
            -0.280085951089859,
            0.13725470006465912
        ],
        [
            0.1363404244184494,
            -0.16787347197532654,
            -0.02309829369187355
        ],
        [
            -0.15932120382785797,
            -0.03515344113111496,
            -0.33420392870903015
        ],
        [
            -0.21436327695846558,
            0.25362321734428406,
            -0.0995732769370079
        ],
        [
            -0.2408062070608139,
            -0.8068661689758301,
            0.002241583541035652
        ],
        [
            -0.22184860706329346,
            -0.6705092191696167,
            0.18441547453403473
        ],
        [
            0.049118027091026306,
            -0.6652919054031372,
            0.1775328814983368
        ],
        [
            0.2769075334072113,
            -0.6324350237846375,
            -0.008592160418629646
        ],
        [
            0.23948432505130768,
            -0.6146131753921509,
            -0.26894453167915344
        ],
        [
            0.0775163322687149,
            -0.7701680660247803,
            -0.25484099984169006
        ],
        [
            0.1773659884929657,
            -0.6824954748153687,
            0.09280100464820862
        ],
        [
            0.13250145316123962,
            -0.859525740146637,
            0.025846783071756363
        ],
        [
            0.022236967459321022,
            -0.22412268817424774,
            0.05724116414785385
        ],
        [
            0.1617993712425232,
            -0.6414767503738403,
            0.08431969583034515
        ],
        [
            0.12882940471172333,
            -0.44222593307495117,
            0.09492936730384827
        ],
        [
            0.1316753476858139,
            -0.7466434240341187,
            0.011414557695388794
        ],
        [
            0.13065816462039948,
            -0.879613995552063,
            0.032805584371089935
        ]
    ],
    "pred_vertices": [
        [
            0.13138246536254883,
            -0.852550745010376,
            -0.0645720437169075
        ],
        [
            0.12514610588550568,
            -0.8371870517730713,
            -0.06465058773756027
        ],
        [
            0.13931477069854736,
            -0.8361619710922241,
            -0.06232265383005142
        ],
        [
            0.14712975919246674,
            -0.8480805158615112,
            -0.05808676779270172
        ],
        [
            0.13422907888889313,
            -0.8256728649139404,
            -0.0638304129242897
        ],
        [
            0.12219604104757309,
            -0.8254519701004028,
            -0.06475861370563507
        ],
        [
            0.1509338915348053,
            -0.8319445848464966,
            -0.05588706582784653
        ],
        [
            0.1592613309621811,
            -0.8411495685577393,
            -0.049630820751190186
        ],
        [
            0.16564346849918365,
            -0.7976346015930176,
            -0.04269774258136749
        ],
        [
            0.17392869293689728,
            -0.7945683002471924,
            -0.03531140834093094
        ],
        [
            0.1714552491903305,
            -0.8070636987686157,
            -0.039056360721588135
        ],
        [
            0.1628873199224472,
            -0.8069360256195068,
            -0.044221989810466766
        ],
        [
            0.16844601929187775,
            -0.7732529640197754,
            -0.03501545637845993
        ],
        [
            0.15996506810188293,
            -0.7624559998512268,
            -0.038100942969322205
        ],
        [
            0.16727139055728912,
            -0.7551909685134888,
            -0.029272958636283875
        ],
        [
            0.17516542971134186,
            -0.7655020952224731,
            -0.02497991919517517
        ],
        [
            0.11935678869485855,
            -0.7716974020004272,
            -0.045101627707481384
        ],
        [
            0.1252044141292572,
            -0.765356183052063,
            -0.04599694162607193
        ],
        [
            0.12834325432777405,
            -0.7721378207206726,
            -0.048119187355041504
        ],
        [
            0.12199287116527557,
            -0.77765953540802,
            -0.046518705785274506
        ],
        [
            0.10722921043634415,
            -0.780272364616394,
            -0.047420792281627655
        ],
        [
            0.10909198969602585,
            -0.7862663269042969,
            -0.04569949209690094
        ],
        [
            0.10213103890419006,
            -0.7891582250595093,
            -0.048590824007987976
        ],
        [
            0.10057257860898972,
            -0.7823141813278198,
            -0.05134622007608414
        ],
        [
            0.11510884761810303,
            -0.7663241624832153,
            -0.04211089015007019
        ],
        [
            0.12152361869812012,
            -0.7600215673446655,
            -0.04238852113485336
        ],
        [
            0.11397549510002136,
            -0.7768681645393372,
            -0.04487864673137665
        ],
        [
            0.11156277358531952,
            -0.7723727226257324,
            -0.04547841101884842
        ],
        [
            0.10474056005477905,
            -0.7647110223770142,
            -0.052172258496284485
        ],
        [
            0.10634076595306396,
            -0.7696545720100403,
            -0.05228116363286972
        ],
        [
            0.1000475361943245,
            -0.769491970539093,
            -0.05701284110546112
        ],
        [
            0.09979341924190521,
            -0.7640447616577148,
            -0.05494639277458191
        ],
        [
            0.1115027368068695,
            -0.7655439376831055,
            -0.04555097967386246
        ],
        [
            0.1104736328125,
            -0.7680352926254272,
            -0.04855121672153473
        ],
        [
            0.10747721791267395,
            -0.7639485597610474,
            -0.04888642579317093
        ],
        [
            0.10790455341339111,
            -0.7622432708740234,
            -0.04521126300096512
        ],
        [
            0.1058749109506607,
            -0.775740921497345,
            -0.0491764098405838
        ],
        [
            0.09987621754407883,
            -0.7763709425926208,
            -0.054120682179927826
        ],
        [
            0.09296108037233353,
            -0.776597261428833,
            -0.05869846045970917
        ],
        [
            0.09312795847654343,
            -0.7679399847984314,
            -0.06083144247531891
        ],
        [
            0.13919082283973694,
            -0.7532539367675781,
            -0.04314971715211868
        ],
        [
            0.13217772543430328,
            -0.759215772151947,
            -0.04587005078792572
        ],
        [
            0.12812440097332,
            -0.7542738318443298,
            -0.04302898049354553
        ],
        [
            0.13421504199504852,
            -0.7493005990982056,
            -0.04180745780467987
        ],
        [
            0.11097708344459534,
            -0.7596645355224609,
            -0.04228110611438751
        ],
        [
            0.11582820862531662,
            -0.7442375421524048,
            -0.04140104353427887
        ],
        [
            0.1155986338853836,
            -0.7478627562522888,
            -0.042383551597595215
        ],
        [
            0.10838574171066284,
            -0.7479721307754517,
            -0.043179675936698914
        ],
        [
            0.10927952826023102,
            -0.7446233034133911,
            -0.04239034652709961
        ],
        [
            0.1489410698413849,
            -0.7406371831893921,
            -0.03534594178199768
        ],
        [
            0.14209295809268951,
            -0.7385784387588501,
            -0.036767445504665375
        ],
        [
            0.144338920712471,
            -0.7321979403495789,
            -0.0334126278758049
        ],
        [
            0.1511184722185135,
            -0.7331825494766235,
            -0.030371829867362976
        ],
        [
            0.14300771057605743,
            -0.7269043922424316,
            -0.030190803110599518
        ],
        [
            0.15196660161018372,
            -0.7259756922721863,
            -0.025480106472969055
        ],
        [
            0.14518046379089355,
            -0.7115049958229065,
            -0.01900172233581543
        ],
        [
            0.14875800907611847,
            -0.7179566621780396,
            -0.021985210478305817
        ],
        [
            0.13984337449073792,
            -0.7211349606513977,
            -0.027748912572860718
        ],
        [
            0.13410861790180206,
            -0.715434193611145,
            -0.027237102389335632
        ],
        [
            0.11957189440727234,
            -0.718131422996521,
            -0.030017100274562836
        ],
        [
            0.11345755308866501,
            -0.7164509296417236,
            -0.02944450080394745
        ],
        [
            0.1195162981748581,
            -0.7049990296363831,
            -0.02739119529724121
        ],
        [
            0.12632815539836884,
            -0.7092629671096802,
            -0.027658142149448395
        ],
        [
            0.11818745732307434,
            -0.7388967275619507,
            -0.03649777173995972
        ],
        [
            0.12289988994598389,
            -0.7395974397659302,
            -0.03574831783771515
        ],
        [
            0.12202626466751099,
            -0.7405537366867065,
            -0.038209810853004456
        ],
        [
            0.11685678362846375,
            -0.7409840822219849,
            -0.03945019096136093
        ],
        [
            0.12682011723518372,
            -0.7396703958511353,
            -0.03574599325656891
        ],
        [
            0.12867480516433716,
            -0.7394896149635315,
            -0.03581316024065018
        ],
        [
            0.12786449491977692,
            -0.7405452728271484,
            -0.03698410093784332
        ],
        [
            0.12645426392555237,
            -0.7402383089065552,
            -0.03646162897348404
        ],
        [
            0.12439484894275665,
            -0.7397828102111816,
            -0.03605213016271591
        ],
        [
            0.1235252171754837,
            -0.7378185987472534,
            -0.035636305809020996
        ],
        [
            0.12583120167255402,
            -0.7388086318969727,
            -0.03568181395530701
        ],
        [
            0.11924868822097778,
            -0.7364352941513062,
            -0.03641447424888611
        ],
        [
            0.1048966646194458,
            -0.7328764200210571,
            -0.03728689253330231
        ],
        [
            0.10897088795900345,
            -0.7334197759628296,
            -0.03784957528114319
        ],
        [
            0.10763312876224518,
            -0.7377724051475525,
            -0.03727460652589798
        ],
        [
            0.10406877100467682,
            -0.7377854585647583,
            -0.036868467926979065
        ],
        [
            0.12526652216911316,
            -0.7423651814460754,
            -0.0381416380405426
        ],
        [
            0.12776845693588257,
            -0.7437348961830139,
            -0.039132580161094666
        ],
        [
            0.1226205974817276,
            -0.745720386505127,
            -0.040925949811935425
        ],
        [
            0.12209025025367737,
            -0.743196964263916,
            -0.03932216018438339
        ],
        [
            0.13006848096847534,
            -0.7455308437347412,
            -0.0407550185918808
        ],
        [
            0.1300525814294815,
            -0.7418454885482788,
            -0.037777647376060486
        ],
        [
            0.1328181028366089,
            -0.7429518103599548,
            -0.03872651606798172
        ],
        [
            0.12828578054904938,
            -0.7378129959106445,
            -0.035275764763355255
        ],
        [
            0.13150432705879211,
            -0.7364015579223633,
            -0.034979984164237976
        ],
        [
            0.1313783824443817,
            -0.7387536764144897,
            -0.036639317870140076
        ],
        [
            0.12974897027015686,
            -0.7331467866897583,
            -0.033781200647354126
        ],
        [
            0.1257578283548355,
            -0.7357603311538696,
            -0.03468547761440277
        ],
        [
            0.12160006165504456,
            -0.7333990931510925,
            -0.035192929208278656
        ],
        [
            0.11619381606578827,
            -0.7310941815376282,
            -0.03589759021997452
        ],
        [
            0.12008632719516754,
            -0.7268771529197693,
            -0.033455073833465576
        ],
        [
            0.12567244470119476,
            -0.7297816276550293,
            -0.03348154574632645
        ],
        [
            0.12428425252437592,
            -0.7499157190322876,
            -0.04195591062307358
        ],
        [
            0.13604502379894257,
            -0.7385373115539551,
            -0.036752693355083466
        ],
        [
            0.1384979784488678,
            -0.7450191974639893,
            -0.03929872810840607
        ],
        [
            0.13682489097118378,
            -0.7340774536132812,
            -0.03476756811141968
        ],
        [
            0.13545623421669006,
            -0.7297558784484863,
            -0.03257215768098831
        ],
        [
            0.13157576322555542,
            -0.7256792783737183,
            -0.03101372718811035
        ],
        [
            0.12571115791797638,
            -0.7214983701705933,
            -0.03060581535100937
        ],
        [
            0.127090185880661,
            -0.6982995271682739,
            -0.016894549131393433
        ],
        [
            0.1352994740009308,
            -0.7041072249412537,
            -0.018391534686088562
        ],
        [
            0.12227901816368103,
            -0.818413496017456,
            -0.05990856885910034
        ],
        [
            0.1312602460384369,
            -0.8183542490005493,
            -0.06148127466440201
        ],
        [
            0.1346508413553238,
            -0.8115302324295044,
            -0.05575355887413025
        ],
        [
            0.13629643619060516,
            -0.8135460615158081,
            -0.05701559782028198
        ],
        [
            0.1297248899936676,
            -0.8145415782928467,
            -0.0577642023563385
        ],
        [
            0.12984810769557953,
            -0.8120050430297852,
            -0.056122198700904846
        ],
        [
            0.1544104516506195,
            -0.8076803684234619,
            -0.04683927446603775
        ],
        [
            0.1477913111448288,
            -0.808520495891571,
            -0.04896833002567291
        ],
        [
            0.14906048774719238,
            -0.8051789999008179,
            -0.04672291874885559
        ],
        [
            0.1568842977285385,
            -0.8013960123062134,
            -0.04544343054294586
        ],
        [
            0.14009155333042145,
            -0.796272337436676,
            -0.04820985347032547
        ],
        [
            0.14513739943504333,
            -0.7982029914855957,
            -0.047404371201992035
        ],
        [
            0.1398913413286209,
            -0.804059624671936,
            -0.04959241300821304
        ],
        [
            0.13616114854812622,
            -0.8026441335678101,
            -0.05006726086139679
        ],
        [
            0.13203024864196777,
            -0.8017581105232239,
            -0.050145380198955536
        ],
        [
            0.12774178385734558,
            -0.8014943599700928,
            -0.04917372763156891
        ],
        [
            0.12883028388023376,
            -0.7964067459106445,
            -0.047831691801548004
        ],
        [
            0.13424158096313477,
            -0.7959246039390564,
            -0.04833657294511795
        ],
        [
            0.12320162355899811,
            -0.8153220415115356,
            -0.0560007318854332
        ],
        [
            0.11682687699794769,
            -0.8144581317901611,
            -0.052288852632045746
        ],
        [
            0.11872789263725281,
            -0.8116768002510071,
            -0.05174911767244339
        ],
        [
            0.12390458583831787,
            -0.8122822046279907,
            -0.05511793494224548
        ],
        [
            0.11252039670944214,
            -0.8061836957931519,
            -0.04152245074510574
        ],
        [
            0.11289887130260468,
            -0.8083668947219849,
            -0.04347538203001022
        ],
        [
            0.109012670814991,
            -0.809562087059021,
            -0.04311323165893555
        ],
        [
            0.10915055871009827,
            -0.8052994012832642,
            -0.04113300144672394
        ],
        [
            0.11156200617551804,
            -0.802385687828064,
            -0.04167865961790085
        ],
        [
            0.11374636739492416,
            -0.8044805526733398,
            -0.04217956215143204
        ],
        [
            0.12119916826486588,
            -0.8731647729873657,
            -0.06260810047388077
        ],
        [
            0.11539563536643982,
            -0.855705976486206,
            -0.06546130031347275
        ],
        [
            0.1405823826789856,
            -0.8699631690979004,
            -0.0570501983165741
        ],
        [
            0.15592817962169647,
            -0.8620404601097107,
            -0.049397051334381104
        ],
        [
            0.1681150496006012,
            -0.8509516716003418,
            -0.04181899130344391
        ],
        [
            0.15792274475097656,
            -0.7464789152145386,
            -0.03286115080118179
        ],
        [
            0.1626071333885193,
            -0.7389397621154785,
            -0.026357591152191162
        ],
        [
            0.1743723452091217,
            -0.7485401630401611,
            -0.02035239338874817
        ],
        [
            0.17539677023887634,
            -0.7390700578689575,
            -0.01371695101261139
        ],
        [
            0.16339601576328278,
            -0.7293245196342468,
            -0.020221412181854248
        ],
        [
            0.1537533700466156,
            -0.7107608914375305,
            -0.008809499442577362
        ],
        [
            0.16043317317962646,
            -0.7192155122756958,
            -0.01429961621761322
        ],
        [
            0.17424197494983673,
            -0.7297018766403198,
            -0.005415484309196472
        ],
        [
            0.18700411915779114,
            -0.7448905110359192,
            0.0020032376050949097
        ],
        [
            0.18515333533287048,
            -0.7513957619667053,
            -0.0072354525327682495
        ],
        [
            0.19493497908115387,
            -0.7627313733100891,
            0.008375212550163269
        ],
        [
            0.18838343024253845,
            -0.7386542558670044,
            0.015058726072311401
        ],
        [
            0.19611619412899017,
            -0.7631604671478271,
            0.01732972264289856
        ],
        [
            0.17498557269573212,
            -0.7036112546920776,
            0.02217186987400055
        ],
        [
            0.17871126532554626,
            -0.6940802335739136,
            0.025179125368595123
        ],
        [
            0.19432948529720306,
            -0.7020601034164429,
            0.031545042991638184
        ],
        [
            0.19077782332897186,
            -0.7122417688369751,
            0.027865223586559296
        ],
        [
            0.18197688460350037,
            -0.7578572034835815,
            -0.015738382935523987
        ],
        [
            0.17487908899784088,
            -0.8190906047821045,
            -0.03503204882144928
        ],
        [
            0.16686506569385529,
            -0.8170578479766846,
            -0.04312232881784439
        ],
        [
            0.17941780388355255,
            -0.8076900243759155,
            -0.030544042587280273
        ],
        [
            0.17893271148204803,
            -0.882318377494812,
            -0.028384163975715637
        ],
        [
            0.16589218378067017,
            -0.8739620447158813,
            -0.03977692127227783
        ],
        [
            0.1770934909582138,
            -0.8607960939407349,
            -0.034428760409355164
        ],
        [
            0.1869279444217682,
            -0.8703940510749817,
            -0.02377256751060486
        ],
        [
            0.14628654718399048,
            -0.9144396781921387,
            -0.030932486057281494
        ],
        [
            0.1342049539089203,
            -0.8963200449943542,
            -0.0486920028924942
        ],
        [
            0.14904193580150604,
            -0.8870735168457031,
            -0.044752538204193115
        ],
        [
            0.1612817794084549,
            -0.9012843370437622,
            -0.03135684132575989
        ],
        [
            0.1943250447511673,
            -0.8737024664878845,
            -0.01329752802848816
        ],
        [
            0.20320872962474823,
            -0.8788554668426514,
            0.003040403127670288
        ],
        [
            0.20072920620441437,
            -0.8957772254943848,
            0.007966384291648865
        ],
        [
            0.18917116522789001,
            -0.8917104601860046,
            -0.011810898780822754
        ],
        [
            0.19067946076393127,
            -0.9168657064437866,
            0.01552492380142212
        ],
        [
            0.1770336627960205,
            -0.9124376773834229,
            -0.0081854909658432
        ],
        [
            0.19866792857646942,
            -0.7513518333435059,
            0.029949910938739777
        ],
        [
            0.20089079439640045,
            -0.7705565094947815,
            0.02815517783164978
        ],
        [
            0.1864105761051178,
            -0.7240078449249268,
            0.0217863991856575
        ],
        [
            0.1985251009464264,
            -0.7347632646560669,
            0.032465532422065735
        ],
        [
            0.17528800666332245,
            -0.9320825934410095,
            0.024759352207183838
        ],
        [
            0.1597316861152649,
            -0.928437352180481,
            -0.003339231014251709
        ],
        [
            0.21665649116039276,
            -0.8672114014625549,
            0.05493651330471039
        ],
        [
            0.21425560116767883,
            -0.8825961947441101,
            0.043572649359703064
        ],
        [
            0.2139691561460495,
            -0.8670142889022827,
            0.029163643717765808
        ],
        [
            0.21683849394321442,
            -0.8546276092529297,
            0.040878549218177795
        ],
        [
