{
    "pred_cam": [
        1.7063989639282227,
        0.039606861770153046,
        0.5067731142044067
    ],
    "pred_smpl_params": {
        "global_orient": [
            [
                [
                    0.7966813445091248,
                    0.5159562826156616,
                    -0.3147825002670288
                ],
                [
                    0.31437161564826965,
                    -0.7985683679580688,
                    -0.5132826566696167
                ],
                [
                    -0.5162067413330078,
                    0.30996400117874146,
                    -0.7984065413475037
                ]
            ]
        ],
        "body_pose": [
            [
                [
                    0.9997537732124329,
                    -0.013328992761671543,
                    -0.017739733681082726
                ],
                [
                    0.021861452609300613,
                    0.728580117225647,
                    0.6846116781234741
                ],
                [
                    0.003799628932029009,
                    -0.6848309636116028,
                    0.7286921143531799
                ]
            ],
            [
                [
                    0.9689240455627441,
                    0.2462090402841568,
                    0.02381766214966774
                ],
                [
                    -0.2260160744190216,
                    0.842084527015686,
                    0.4897043704986572
                ],
                [
                    0.10051314532756805,
                    -0.4798695147037506,
                    0.8715631365776062
                ]
            ],
            [
                [
                    0.9999918341636658,
                    -0.0020243688486516476,
                    -0.0034895548596978188
                ],
                [
                    0.0003779097751248628,
                    0.9081872701644897,
                    -0.41856399178504944
                ],
                [
                    0.004016498103737831,
                    0.4185592830181122,
                    0.9081805944442749
                ]
            ],
            [
                [
                    0.9661518931388855,
                    0.22194185853004456,
                    -0.13150015473365784
                ],
                [
                    -0.08721485733985901,
                    -0.19871655106544495,
                    -0.9761687517166138
                ],
                [
                    -0.24278393387794495,
                    0.9545961022377014,
                    -0.17263375222682953
                ]
            ],
            [
                [
                    0.9794405698776245,
                    -0.04401977360248566,
                    0.19687123596668243
                ],
                [
                    0.18618552386760712,
                    -0.17843367159366608,
                    -0.9661760926246643
                ],
                [
                    0.07765938341617584,
                    0.9829667806625366,
                    -0.16656933724880219
                ]
            ],
            [
                [
                    0.9940732717514038,
                    -0.10814426094293594,
                    -0.011095233261585236
                ],
                [
                    0.10666903853416443,
                    0.9899923205375671,
                    -0.09239523857831955
                ],
                [
                    0.02097621187567711,
                    0.09066412597894669,
                    0.9956605434417725
                ]
            ],
            [
                [
                    0.9590856432914734,
                    -0.1849997639656067,
                    0.21431276202201843
                ],
                [
                    0.11162477731704712,
                    0.9427502751350403,
                    0.3142642080783844
                ],
                [
                    -0.2601821720600128,
                    -0.27748364210128784,
                    0.924828827381134
                ]
            ],
            [
                [
                    0.9478904604911804,
                    0.02500161901116371,
                    -0.3176138401031494
                ],
                [
                    0.05337877199053764,
                    0.9703616499900818,
                    0.2356881946325302
                ],
                [
                    0.3140929043292999,
                    -0.24036042392253876,
                    0.9184619784355164
                ]
            ],
            [
                [
                    0.9943229556083679,
                    -0.10468515753746033,
                    -0.01904614269733429
                ],
                [
                    0.10295198857784271,
                    0.9917518496513367,
                    -0.07634925842285156
                ],
                [
                    0.026881679892539978,
                    0.0739549919962883,
                    0.9968991875648499
                ]
            ],
            [
                [
                    0.9890611171722412,
                    0.008716224692761898,
                    0.14724849164485931
                ],
                [
                    -0.040193237364292145,
                    0.9764038920402527,
                    0.21217875182628632
                ],
                [
                    -0.14192461967468262,
                    -0.21577614545822144,
                    0.9660734534263611
                ]
            ],
            [
                [
                    0.9939155578613281,
                    0.09952017664909363,
                    0.047197259962558746
                ],
                [
                    -0.10796238481998444,
                    0.9651254415512085,
                    0.23848912119865417
                ],
                [
                    -0.021816791966557503,
                    -0.24213358759880066,
                    0.9699976444244385
                ]
            ],
            [
                [
                    0.9872933626174927,
                    -0.09188543260097504,
                    0.12964847683906555
                ],
                [
                    0.11590802669525146,
                    0.9745298027992249,
                    -0.19198152422904968
                ],
                [
                    -0.10870599746704102,
                    0.20456941425800323,
                    0.9727970361709595
                ]
            ],
            [
                [
                    0.9412515163421631,
                    0.085821732878685,
                    -0.3266195058822632
                ],
                [
                    -0.04249623045325279,
                    0.9895821809768677,
                    0.1375546008348465
                ],
                [
                    0.3350220024585724,
                    -0.11559337377548218,
                    0.9350928068161011
                ]
            ],
            [
                [
                    0.9746290445327759,
                    -0.039375532418489456,
                    0.22033564746379852
                ],
                [
                    0.015165673568844795,
                    0.9937594532966614,
                    0.11050824075937271
                ],
                [
                    -0.22331197559833527,
                    -0.10436300188302994,
                    0.9691439867019653
                ]
            ],
            [
                [
                    0.9761120676994324,
                    -0.029654251411557198,
                    0.21523445844650269
                ],
                [
                    0.05223527178168297,
                    0.9936158061027527,
                    -0.09999581426382065
                ],
                [
                    -0.21089504659175873,
                    0.10884995013475418,
                    0.9714293479919434
                ]
            ],
            [
                [
                    0.6397672295570374,
                    0.559607982635498,
                    -0.5268176198005676
                ],
                [
                    -0.5478352904319763,
                    0.8127947449684143,
                    0.198093980550766
                ],
                [
                    0.5390495657920837,
                    0.16187523305416107,
                    0.8265724182128906
                ]
            ],
            [
                [
                    0.9019724130630493,
                    -0.35988277196884155,
                    0.2386004477739334
                ],
                [
                    0.349333792924881,
                    0.9329831600189209,
                    0.086651511490345
                ],
                [
                    -0.2537945508956909,
                    0.005193925928324461,
                    0.9672442674636841
                ]
            ],
            [
                [
                    -0.2134820520877838,
                    -0.446043998003006,
                    -0.8691778779029846
                ],
                [
                    0.033405400812625885,
                    0.8858347535133362,
                    -0.46279680728912354
                ],
                [
                    0.9763756990432739,
                    -0.1278340369462967,
                    -0.17420955002307892
                ]
            ],
            [
                [
                    0.1832168996334076,
                    0.2972969710826874,
                    0.9370412230491638
                ],
                [
                    -0.28018224239349365,
                    0.929435133934021,
                    -0.24010059237480164
                ],
                [
                    -0.9423001408576965,
                    -0.21855178475379944,
                    0.253585547208786
                ]
            ],
            [
                [
                    0.9742196202278137,
                    -0.22555729746818542,
                    -0.004477237351238728
                ],
                [
                    0.22019411623477936,
                    0.9549996852874756,
                    -0.19872111082077026
                ],
                [
                    0.04909875616431236,
                    0.19261214137077332,
                    0.9800457954406738
                ]
            ],
            [
                [
                    0.9859662055969238,
                    0.1648651361465454,
                    -0.026268886402249336
                ],
                [
                    -0.16542737185955048,
                    0.943666398525238,
                    -0.28657883405685425
                ],
                [
                    -0.02245779149234295,
                    0.28690263628959656,
                    0.9576963782310486
                ]
            ],
            [
                [
                    0.9884592890739441,
                    0.13647006452083588,
                    -0.06575928628444672
                ],
                [
                    -0.13175983726978302,
                    0.9887123107910156,
                    0.0713263675570488
                ],
                [
                    0.07475091516971588,
                    -0.06183876842260361,
                    0.9952831268310547
                ]
            ],
            [
                [
                    0.986707866191864,
                    -0.14945094287395477,
                    0.06381209939718246
                ],
                [
                    0.14051680266857147,
                    0.9819107055664062,
                    0.12691082060337067
                ],
                [
                    -0.08162473142147064,
                    -0.11625724285840988,
                    0.989859402179718
                ]
            ]
        ],
        "betas": [
            0.12188440561294556,
            -0.011951178312301636,
            -0.28115010261535645,
            -0.15142884850502014,
            -0.029244542121887207,
            -0.07375305145978928,
            0.03356146812438965,
            -0.03971552848815918,
            0.037062183022499084,
            -0.0230141282081604
        ]
    },
    "pred_cam_t": [
        0.039606861770153046,
        0.5067731142044067,
        22.891775131225586
    ],
    "focal_length": [
        5000.0,
        5000.0
    ],
    "pred_keypoints_3d": [
        [
            0.07809530943632126,
            -0.7651361227035522,
            -0.09721889346837997
        ],
        [
            0.14531517028808594,
            -0.687785267829895,
            0.06825347989797592
        ],
        [
            -0.01162467896938324,
            -0.6416963934898376,
            0.16308161616325378
        ],
        [
            -0.2525550127029419,
            -0.5595910549163818,
            0.20474308729171753
        ],
        [
            -0.3504636585712433,
            -0.655704140663147,
            -0.014561966061592102
        ],
        [
            0.2675250768661499,
            -0.6029604077339172,
            -0.047144532203674316
        ],
        [
            0.24275167286396027,
            -0.4380452036857605,
            -0.2521823048591614
        ],
        [
            0.03397253155708313,
            -0.5791529417037964,
            -0.2330838441848755
        ],
        [
            -0.0018261382356286049,
            -0.22218525409698486,
            0.028502129018306732
        ],
        [
            -0.10116755217313766,
            -0.16906258463859558,
            0.038745030760765076
        ],
        [
            -0.427101194858551,
            -0.04387056827545166,
            -0.1305709332227707
        ],
        [
            -0.3198671340942383,
            0.24862420558929443,
            0.12878240644931793
        ],
        [
            0.008472656831145287,
            -0.12396504729986191,
            -0.030463408678770065
        ],
        [
            -0.18378667533397675,
            -0.020803138613700867,
            -0.34196698665618896
        ],
        [
            -0.23084494471549988,
            0.26727813482284546,
            -0.06118100881576538
        ],
        [
            0.04956447333097458,
            -0.805404782295227,
            -0.06076783686876297
        ],
        [
            0.11253926157951355,
            -0.8134376406669617,
            -0.082381471991539
        ],
        [
            0.03987337648868561,
            -0.8034030795097351,
            0.044807225465774536
        ],
        [
            0.17793716490268707,
            -0.821763277053833,
            -0.00467294454574585
        ],
        [
            -0.32178768515586853,
            0.34876835346221924,
            -0.21892431378364563
        ],
        [
            -0.24800708889961243,
            0.37231677770614624,
            -0.18919679522514343
        ],
        [
            -0.201106995344162,
            0.28306061029434204,
            -0.0022431612014770508
        ],
        [
            -0.4773581922054291,
            0.3373720049858093,
            0.050577640533447266
        ],
        [
            -0.47976577281951904,
            0.3052641749382019,
            0.13125234842300415
        ],
        [
            -0.2730807363986969,
            0.2697843909263611,
            0.1834031343460083
        ],
        [
            -0.322061687707901,
            0.18912199139595032,
            0.1279114931821823
        ],
        [
            -0.39251574873924255,
            -0.07016275078058243,
            -0.11694098263978958
        ],
        [
            -0.09709145128726959,
            -0.2812778949737549,
            0.13151775300502777
        ],
        [
            0.1395730823278427,
            -0.16675914824008942,
            -0.015956521034240723
        ],
        [
            -0.15635520219802856,
            -0.030779629945755005,
            -0.3297814726829529
        ],
        [
            -0.20017701387405396,
            0.23323959112167358,
            -0.06983818858861923
        ],
        [
            -0.3145488500595093,
            -0.6509434580802917,
            -0.01142190583050251
        ],
        [
            -0.24657806754112244,
            -0.6013964414596558,
            0.20092067122459412
        ],
        [
            0.016431208699941635,
            -0.6637744307518005,
            0.1512950360774994
        ],
        [
            0.25951236486434937,
            -0.6291137933731079,
            -0.025751927867531776
        ],
        [
            0.2526480555534363,
            -0.486380398273468,
            -0.25344857573509216
        ],
        [
            0.05279768630862236,
            -0.583503782749176,
            -0.2210043966770172
        ],
        [
            0.14740464091300964,
            -0.6890150308609009,
            0.06321485340595245
        ],
        [
            0.0993742048740387,
            -0.8620564937591553,
            -0.003457484534010291
        ],
        [
            0.021561764180660248,
            -0.22425374388694763,
            0.05801168829202652
        ],
        [
            0.13708652555942535,
            -0.6404054760932922,
            0.06211746484041214
        ],
        [
            0.11918950825929642,
            -0.4451935887336731,
            0.08906394988298416
        ],
        [
            0.1103317141532898,
            -0.7513504028320312,
            -0.022644497454166412
        ],
        [
            0.09494619071483612,
            -0.8818829655647278,
            0.004219362512230873
        ]
    ],
    "pred_vertices": [
        [
            0.11491283029317856,
            -0.8606839179992676,
            -0.0929160937666893
        ],
        [
            0.11019166558980942,
            -0.845065712928772,
            -0.09507277607917786
        ],
        [
            0.1236899122595787,
            -0.8448346257209778,
            -0.09005358070135117
        ],
        [
            0.12963315844535828,
            -0.8570667505264282,
            -0.08369992673397064
        ],
        [
            0.1198594868183136,
            -0.8341311812400818,
            -0.09293558448553085
        ],
        [
            0.10823112726211548,
            -0.8331831693649292,
            -0.09588834643363953
        ],
        [
            0.1343529224395752,
            -0.8410282135009766,
            -0.08190415054559708
        ],
        [
            0.14070746302604675,
            -0.8504343032836914,
            -0.07376942783594131
        ],
        [
            0.14964556694030762,
            -0.8072657585144043,
            -0.06777865439653397
        ],
        [
            0.15673646330833435,
            -0.8041912317276001,
            -0.058982960879802704
        ],
        [
            0.1536138951778412,
            -0.8167034983634949,
            -0.06268502026796341
        ],
        [
            0.1461886167526245,
            -0.8163011074066162,
            -0.06927968561649323
        ],
        [
            0.1526726484298706,
            -0.7827572822570801,
            -0.060899995267391205
        ],
        [
            0.14563177525997162,
            -0.7716202735900879,
            -0.0660000666975975
        ],
        [
            0.1516495645046234,
            -0.7643395662307739,
            -0.05634266883134842
        ],
        [
            0.1578567624092102,
            -0.7748702764511108,
            -0.050192490220069885
        ],
        [
            0.10653884708881378,
            -0.7783249616622925,
            -0.07996261119842529
        ],
        [
            0.1128908097743988,
            -0.7724990844726562,
            -0.08009015023708344
        ],
        [
            0.11584062874317169,
            -0.7796194553375244,
            -0.08118151873350143
        ],
        [
            0.10891930758953094,
            -0.784548819065094,
            -0.08057545125484467
        ],
        [
            0.09428510069847107,
            -0.7860427498817444,
            -0.0841350331902504
        ],
        [
            0.09532943367958069,
            -0.7920503616333008,
            -0.081830233335495
        ],
        [
            0.08879105001688004,
            -0.7946033477783203,
            -0.08578671514987946
        ],
        [
            0.08828036487102509,
            -0.7878410220146179,
            -0.08910559862852097
        ],
        [
            0.10230840742588043,
            -0.7724652290344238,
            -0.07812066376209259
        ],
        [
            0.1090688556432724,
            -0.7666902542114258,
            -0.07749732583761215
        ],
        [
            0.10085886716842651,
            -0.783075213432312,
            -0.08060628920793533
        ],
        [
            0.09879730641841888,
            -0.7783420085906982,
            -0.08175870031118393
        ],
        [
            0.09401412308216095,
            -0.7706230878829956,
            -0.09006177634000778
        ],
        [
            0.09517984837293625,
            -0.7756571769714355,
            -0.08957292139530182
        ],
        [
            0.08988430351018906,
            -0.7753295302391052,
            -0.09543168544769287
        ],
        [
            0.08967096358537674,
            -0.7697547674179077,
            -0.09374765306711197
        ],
        [
            0.09941844642162323,
            -0.7714723944664001,
            -0.08222364634275436
        ],
        [
            0.09874816238880157,
            -0.7740719318389893,
            -0.08523233979940414
        ],
        [
            0.09620446711778641,
            -0.7698224186897278,
            -0.08634434640407562
        ],
        [
            0.0960664227604866,
            -0.7679339647293091,
            -0.08273079991340637
        ],
        [
            0.09366937726736069,
            -0.7814632654190063,
            -0.08630000054836273
        ],
        [
            0.08863388001918793,
            -0.7819973826408386,
            -0.09226539731025696
        ],
        [
            0.08259020000696182,
            -0.7820004224777222,
            -0.0980137288570404
        ],
        [
            0.08381390571594238,
            -0.7735167741775513,
            -0.10050871223211288
        ],
        [
            0.12693901360034943,
            -0.7612859010696411,
            -0.07527481764554977
        ],
        [
            0.12022773921489716,
            -0.7668731212615967,
            -0.07896935194730759
        ],
        [
            0.11605662107467651,
            -0.7614796161651611,
            -0.07712841778993607
        ],
        [
            0.12213148921728134,
            -0.7569270730018616,
            -0.07499008625745773
        ],
        [
            0.09864018112421036,
            -0.7654141187667847,
            -0.07933313399553299
        ],
        [
            0.10435173660516739,
            -0.7502805590629578,
            -0.07846734672784805
        ],
        [
            0.10402455925941467,
            -0.7539670467376709,
            -0.07926040142774582
        ],
        [
            0.09709113091230392,
            -0.7536152601242065,
            -0.08137159049510956
        ],
        [
            0.09807005524635315,
            -0.7502732276916504,
            -0.08061406016349792
        ],
        [
            0.1359618604183197,
            -0.7489488124847412,
            -0.06636007875204086
        ],
        [
            0.12966884672641754,
            -0.7465356588363647,
            -0.06904032081365585
        ],
        [
            0.1317111849784851,
            -0.7400765419006348,
            -0.06568900495767593
        ],
        [
            0.13769711554050446,
            -0.7413235902786255,
            -0.06147163361310959
        ],
        [
            0.13016460835933685,
            -0.7344822287559509,
            -0.06300339102745056
        ],
        [
            0.13815447688102722,
            -0.7337637543678284,
            -0.05684306472539902
        ],
        [
            0.13140209019184113,
            -0.7182669639587402,
            -0.05234932154417038
        ],
        [
            0.1349632889032364,
            -0.725177526473999,
            -0.0543740838766098
        ],
        [
            0.12706288695335388,
            -0.7282657623291016,
            -0.06147828698158264
        ],
        [
            0.1218283623456955,
            -0.722064197063446,
            -0.06232961267232895
        ],
        [
            0.10805570334196091,
            -0.723883867263794,
            -0.06770049035549164
        ],
        [
            0.10208015143871307,
            -0.7217795252799988,
            -0.06835353374481201
        ],
        [
            0.10845695436000824,
            -0.7105517387390137,
            -0.0656769871711731
        ],
        [
            0.1147729903459549,
            -0.7153543829917908,
            -0.06447499990463257
        ],
        [
            0.10630112886428833,
            -0.7449517250061035,
            -0.0734904482960701
        ],
        [
            0.1107262447476387,
            -0.7459356784820557,
            -0.07182063907384872
        ],
        [
            0.11024650186300278,
            -0.7469960451126099,
            -0.07434246689081192
        ],
        [
            0.10540232807397842,
            -0.7471084594726562,
            -0.07654157280921936
        ],
        [
            0.11453509330749512,
            -0.7463507652282715,
            -0.07098661363124847
        ],
        [
            0.11637543141841888,
            -0.7463263869285583,
            -0.0706806555390358
        ],
        [
            0.11571336537599564,
            -0.7474031448364258,
            -0.07193824648857117
        ],
        [
            0.11438563466072083,
            -0.7468990683555603,
            -0.07176309823989868
        ],
        [
            0.11232715100049973,
            -0.7462538480758667,
            -0.07180408388376236
        ],
        [
            0.1115664392709732,
            -0.7441880106925964,
            -0.07169400900602341
        ],
        [
            0.11364422738552094,
            -0.7453946471214294,
            -0.07118966430425644
        ],
        [
            0.10762153565883636,
            -0.7425402402877808,
            -0.07334724813699722
        ],
        [
            0.09373709559440613,
            -0.7379368543624878,
            -0.07689105719327927
        ],
        [
            0.09794051200151443,
            -0.7389096021652222,
            -0.07672687619924545
        ],
        [
            0.09619902074337006,
            -0.743086040019989,
            -0.07620386779308319
        ],
        [
            0.09243876487016678,
            -0.7427196502685547,
            -0.07643844932317734
        ],
        [
            0.1132260337471962,
            -0.7489299774169922,
            -0.07351570576429367
        ],
        [
            0.11576896905899048,
            -0.7507027387619019,
            -0.07392602413892746
        ],
        [
            0.11094552278518677,
            -0.7523828744888306,
            -0.076612189412117
        ],
        [
            0.1103205755352974,
            -0.7497153282165527,
            -0.07530084252357483
        ],
        [
            0.11823327839374542,
            -0.7527841329574585,
            -0.07496771961450577
        ],
        [
            0.11790966987609863,
            -0.7489076256752014,
            -0.07221527397632599
        ],
        [
            0.12054269015789032,
            -0.7502104640007019,
            -0.07248885184526443
        ],
        [
            0.11602620035409927,
            -0.7445738315582275,
            -0.07032854855060577
        ],
        [
            0.11920922249555588,
            -0.7434166669845581,
            -0.06943441927433014
        ],
        [
            0.1192123293876648,
            -0.7458840608596802,
            -0.07095220685005188
        ],
        [
            0.1175520047545433,
            -0.7399238348007202,
            -0.06883256137371063
        ],
        [
            0.11362995207309723,
            -0.7422709465026855,
            -0.07039764523506165
        ],
        [
            0.10985128581523895,
            -0.7396320104598999,
            -0.07182382792234421
        ],
        [
            0.10485389828681946,
            -0.7369735836982727,
            -0.0736265555024147
        ],
        [
            0.10854075849056244,
            -0.7328904867172241,
            -0.07068227231502533
        ],
        [
            0.11378663778305054,
            -0.7362073659896851,
            -0.06953034549951553
        ],
        [
            0.11230956017971039,
            -0.7566654086112976,
            -0.07701338082551956
        ],
        [
            0.12379495799541473,
            -0.7460220456123352,
            -0.07015448808670044
        ],
        [
            0.12614932656288147,
            -0.7528624534606934,
            -0.0718562975525856
        ],
        [
            0.12453538924455643,
            -0.7415077686309814,
            -0.06825226545333862
        ],
        [
            0.12312287092208862,
            -0.7368946075439453,
            -0.06662637740373611
        ],
        [
            0.1192946657538414,
            -0.732469916343689,
            -0.06612260639667511
        ],
        [
            0.11388620734214783,
            -0.7277426719665527,
            -0.06701508909463882
        ],
        [
            0.11433625221252441,
            -0.703688383102417,
            -0.05403105914592743
        ],
        [
            0.1221446543931961,
            -0.7101349830627441,
            -0.053807683289051056
        ],
        [
            0.10822782665491104,
            -0.8258844614028931,
            -0.0915476456284523
        ],
        [
            0.1172068864107132,
            -0.8265924453735352,
            -0.0914139524102211
        ],
        [
            0.12020860612392426,
            -0.8196573257446289,
            -0.08566995710134506
        ],
        [
            0.12201417982578278,
            -0.8220436573028564,
            -0.08647582679986954
        ],
        [
            0.11546393483877182,
            -0.8224188089370728,
            -0.08833145350217819
        ],
        [
            0.11556188762187958,
            -0.8197811841964722,
            -0.08691275864839554
        ],
        [
            0.13833805918693542,
            -0.816632866859436,
            -0.07334895431995392
        ],
        [
            0.13214968144893646,
            -0.8171631097793579,
            -0.07666414976119995
        ],
        [
            0.13317210972309113,
            -0.8138190507888794,
            -0.07430299371480942
        ],
        [
            0.140946626663208,
            -0.8105119466781616,
            -0.071713887155056
        ],
        [
            0.12533986568450928,
            -0.8043618202209473,
            -0.07792318612337112
        ],
        [
            0.1299842894077301,
            -0.8066202998161316,
            -0.07605632394552231
        ],
        [
            0.1248708963394165,
            -0.812210738658905,
            -0.07893375307321548
        ],
        [
            0.12138795852661133,
            -0.8105767369270325,
            -0.08018539845943451
        ],
        [
            0.11743596196174622,
            -0.8093912601470947,
            -0.08110985159873962
        ],
        [
            0.1129748523235321,
            -0.8087646961212158,
            -0.08092848211526871
        ],
        [
            0.11425454914569855,
            -0.8036381006240845,
            -0.07974080741405487
        ],
        [
            0.11971994489431381,
            -0.8035858273506165,
            -0.07923499494791031
        ],
        [
            0.10877221822738647,
            -0.8226538896560669,
            -0.0877499133348465
        ],
        [
            0.10183645039796829,
            -0.8211424350738525,
            -0.0853879451751709
        ],
        [
            0.10389985889196396,
            -0.8184213638305664,
            -0.08468589186668396
        ],
        [
            0.10957100987434387,
            -0.8196151256561279,
            -0.0869353711605072
        ],
        [
            0.09634667634963989,
            -0.8118290901184082,
            -0.07610486447811127
        ],
        [
            0.09693007916212082,
            -0.8141765594482422,
            -0.07782074064016342
        ],
        [
            0.09297947585582733,
            -0.8150121569633484,
            -0.07822299003601074
        ],
        [
            0.09304353594779968,
            -0.8106566667556763,
            -0.07642736285924911
        ],
        [
            0.09572065621614456,
            -0.8079599738121033,
            -0.07667654752731323
        ],
        [
            0.0978337824344635,
            -0.810257077217102,
            -0.07662661373615265
        ],
        [
            0.10294964909553528,
            -0.8808280229568481,
            -0.09166781604290009
        ],
        [
            0.09925549477338791,
            -0.8626289367675781,
            -0.09639903903007507
        ],
        [
            0.12127277255058289,
            -0.8784458637237549,
            -0.08227206766605377
        ],
        [
            0.1355857253074646,
            -0.8712283968925476,
            -0.07273484766483307
        ],
        [
            0.1470918357372284,
            -0.8604292869567871,
            -0.06383604556322098
        ],
        [
            0.14380590617656708,
            -0.7552266716957092,
            -0.06204398721456528
        ],
        [
            0.147737056016922,
            -0.747618556022644,
            -0.05512276291847229
        ],
        [
            0.15755625069141388,
            -0.7575675249099731,
            -0.04667365550994873
        ],
        [
            0.15796980261802673,
            -0.747649610042572,
            -0.040497682988643646
        ],
        [
            0.14818623661994934,
            -0.7375333309173584,
            -0.049475446343421936
        ],
        [
            0.13763119280338287,
            -0.7174472808837891,
            -0.04064241796731949
        ],
        [
            0.14480745792388916,
            -0.7266782522201538,
            -0.04466450959444046
        ],
        [
            0.15597274899482727,
            -0.7374557256698608,
            -0.03313232958316803
        ],
        [
            0.16595762968063354,
            -0.7532218098640442,
            -0.022967413067817688
        ],
        [
            0.16519929468631744,
            -0.7601875066757202,
            -0.03177577257156372
        ],
        [
            0.17139136791229248,
            -0.7709366083145142,
            -0.01454944908618927
        ],
        [
            0.16480562090873718,
            -0.7464296221733093,
            -0.010326951742172241
        ],
        [
            0.17070911824703217,
            -0.7709068059921265,
            -0.005828529596328735
        ],
        [
            0.15169154107570648,
            -0.7098388075828552,
            -0.005461357533931732
        ],
        [
            0.15516622364521027,
            -0.6999447345733643,
            -0.0017923414707183838
        ],
        [
            0.16989341378211975,
            -0.7091449499130249,
            0.005477339029312134
        ],
        [
            0.16629743576049805,
            -0.7194485068321228,
            0.0018223151564598083
        ],
        [
            0.16329438984394073,
            -0.7671524286270142,
            -0.040248192846775055
        ],
        [
            0.15539570152759552,
            -0.8288058042526245,
            -0.057559698820114136
        ],
        [
            0.14914356172084808,
            -0.8265920877456665,
            -0.06711489707231522
        ],
        [
            0.15966400504112244,
            -0.8174736499786377,
            -0.052718386054039
        ],
        [
            0.1526385098695755,
            -0.8913772702217102,
            -0.04712271690368652
        ],
        [
            0.14279791712760925,
            -0.8831577301025391,
            -0.061356596648693085
        ],
        [
            0.153695747256279,
            -0.8703197836875916,
            -0.05427441745996475
        ],
        [
            0.16070741415023804,
            -0.8798340559005737,
            -0.04175268113613129
        ],
        [
            0.11841046065092087,
            -0.9210655093193054,
            -0.0536646693944931
        ],
        [
            0.11152105033397675,
            -0.9035784006118774,
            -0.07407677173614502
        ],
        [
            0.12600116431713104,
            -0.894966721534729,
            -0.06826773285865784
        ],
        [
            0.13425810635089874,
            -0.9089514017105103,
            -0.051982201635837555
        ],
        [
            0.16549749672412872,
            -0.8829997181892395,
            -0.029769890010356903
        ],
        [
            0.17060916125774384,
            -0.8876856565475464,
            -0.01176673173904419
        ],
        [
            0.16614103317260742,
            -0.9041115045547485,
            -0.006528332829475403
        ],
        [
            0.15849529206752777,
            -0.9003561735153198,
            -0.028254002332687378
        ],
        [
            0.15334010124206543,
            -0.9235531091690063,
            0.00011949241161346436
        ],
        [
            0.1447422057390213,
            -0.9199812412261963,
            -0.02580854296684265
        ],
        [
            0.17173463106155396,
            -0.7590618133544922,
            0.0061330124735832214
        ],
        [
            0.1728273183107376,
            -0.7782282829284668,
            0.005788527429103851
        ],
        [
            0.16219881176948547,
            -0.731346845626831,
            -0.004442058503627777
        ],
        [
            0.17237603664398193,
            -0.7425366640090942,
            0.007688470184803009
        ],
        [
            0.13553981482982635,
            -0.9371351599693298,
            0.0070557743310928345
        ],
        [
            0.1257261037826538,
            -0.9342280626296997,
            -0.023432448506355286
        ],
        [
            0.17595994472503662,
            -0.8735734820365906,
            0.040741875767707825
        ],
        [
            0.17413704097270966,
            -0.8896526098251343,
            0.030075564980506897
        ],
        [
            0.17768074572086334,
            -0.8749336004257202,
            0.014978915452957153
        ],
        [
            0.17977744340896606,
            -0.862062394618988,
            0.026406511664390564
        ],
        [
