{
    "pred_cam": [
        1.759735345840454,
        0.09130337089300156,
        0.5189640522003174
    ],
    "pred_smpl_params": {
        "global_orient": [
            [
                [
                    0.8461396098136902,
                    0.443490207195282,
                    -0.2955741584300995
                ],
                [
                    0.30978456139564514,
                    -0.8605375289916992,
                    -0.4043620526790619
                ],
                [
                    -0.43368327617645264,
                    0.2505824863910675,
                    -0.8655213117599487
                ]
            ]
        ],
        "body_pose": [
            [
                [
                    0.9974958896636963,
                    0.057862572371959686,
                    -0.040667638182640076
                ],
                [
                    0.0006694882176816463,
                    0.5672650933265686,
                    0.8235349655151367
                ],
                [
                    0.07072117924690247,
                    -0.8215000033378601,
                    0.5658058524131775
                ]
            ],
            [
                [
                    0.9778553247451782,
                    0.1877608448266983,
                    0.09243827313184738
                ],
                [
                    -0.20094221830368042,
                    0.7188927531242371,
                    0.6654437184333801
                ],
                [
                    0.058491092175245285,
                    -0.6692824363708496,
                    0.740702211856842
                ]
            ],
            [
                [
                    0.9997994303703308,
                    -0.009891283698379993,
                    0.017417114228010178
                ],
                [
                    0.018518676981329918,
                    0.7878228425979614,
                    -0.615623414516449
                ],
                [
                    -0.0076322974637150764,
                    0.615822434425354,
                    0.7878479957580566
                ]
            ],
            [
                [
                    0.9584856629371643,
                    0.26015907526016235,
                    -0.11671530455350876
                ],
                [
                    -0.06927287578582764,
                    -0.18460598587989807,
                    -0.9803681969642639
                ],
                [
                    -0.2765980362892151,
                    0.9477540850639343,
                    -0.15892022848129272
                ]
            ],
            [
                [
                    0.9803751707077026,
                    -0.08837150782346725,
                    0.17622438073158264
                ],
                [
                    0.16685566306114197,
                    -0.10412055999040604,
                    -0.9804682731628418
                ],
                [
                    0.1049940213561058,
                    0.9906307458877563,
                    -0.08733192831277847
                ]
            ],
            [
                [
                    0.9975864887237549,
                    -0.06929106265306473,
                    0.004468142054975033
                ],
                [
                    0.06943023949861526,
                    0.9946995377540588,
                    -0.07584366947412491
                ],
                [
                    0.0008108296897262335,
                    0.0759708434343338,
                    0.9971097111701965
                ]
            ],
            [
                [
                    0.9726842641830444,
                    -0.12355068325996399,
                    0.19652150571346283
                ],
                [
                    0.06941355019807816,
                    0.9626630544662476,
                    0.2616517245769501
                ],
                [
                    -0.22151122987270355,
                    -0.24086321890354156,
                    0.9449433088302612
                ]
            ],
            [
                [
                    0.9609838128089905,
                    -0.013221291825175285,
                    -0.27628830075263977
                ],
                [
                    0.0733051747083664,
                    0.9753145575523376,
                    0.20829740166664124
                ],
                [
                    0.26671406626701355,
                    -0.22042380273342133,
                    0.9382306933403015
                ]
            ],
            [
                [
                    0.9978501200675964,
                    -0.06501390784978867,
                    -0.008271357044577599
                ],
                [
                    0.06449625641107559,
                    0.9965500831604004,
                    -0.052232299000024796
                ],
                [
                    0.011638646945357323,
                    0.05158653110265732,
                    0.9986007809638977
                ]
            ],
            [
                [
                    0.9941369295120239,
                    -0.033491600304841995,
                    0.10281097888946533
                ],
                [
                    0.009063256904482841,
                    0.9732856750488281,
                    0.2294187992811203
                ],
                [
                    -0.10774803906679153,
                    -0.22714188694953918,
                    0.9678827524185181
                ]
            ],
            [
                [
                    0.9874584078788757,
                    0.14581158757209778,
                    0.06053781509399414
                ],
                [
                    -0.15590247511863708,
                    0.9610499739646912,
                    0.228204607963562
                ],
                [
                    -0.024904990568757057,
                    -0.23478057980537415,
                    0.9717292785644531
                ]
            ],
            [
                [
                    0.9788092970848083,
                    -0.1545839160680771,
                    0.13429948687553406
                ],
                [
                    0.14682118594646454,
                    0.986961305141449,
                    0.06596019864082336
                ],
                [
                    -0.14274479448795319,
                    -0.044844433665275574,
                    0.9887430667877197
                ]
            ],
            [
                [
                    0.9203881621360779,
                    0.2974076569080353,
                    -0.25383928418159485
                ],
                [
                    -0.28254786133766174,
                    0.9546358585357666,
                    0.09400567412376404
                ],
                [
                    0.2702820897102356,
                    -0.014799961820244789,
                    0.9626674652099609
                ]
            ],
            [
                [
                    0.950648844242096,
                    -0.2045576125383377,
                    0.23328723013401031
                ],
                [
                    0.18954142928123474,
                    0.9781593084335327,
                    0.08531361818313599
                ],
                [
                    -0.24564363062381744,
                    -0.03688569739460945,
                    0.9686581492424011
                ]
            ],
            [
                [
                    0.9647021293640137,
                    -0.033505093306303024,
                    0.26120299100875854
                ],
                [
                    0.024988997727632523,
                    0.9990444183349609,
                    0.03585755452513695
                ],
                [
                    -0.26215481758117676,
                    -0.028064655140042305,
                    0.9646175503730774
                ]
            ],
            [
                [
                    0.7002557516098022,
                    0.6349383592605591,
                    -0.3263360857963562
                ],
                [
                    -0.6912409663200378,
                    0.7172850966453552,
                    -0.08768177777528763
                ],
                [
                    0.17840345203876495,
                    0.28697654604911804,
                    0.9411784410476685
                ]
            ],
            [
                [
                    0.8720787763595581,
                    -0.44421765208244324,
                    0.20530295372009277
                ],
                [
                    0.4500630795955658,
                    0.8927739262580872,
                    0.01994844153523445
                ],
                [
                    -0.19215057790279388,
                    0.07500267028808594,
                    0.978495180606842
                ]
            ],
            [
                [
                    -0.03255988284945488,
                    -0.4767734110355377,
                    -0.8784229159355164
                ],
                [
                    -0.17105285823345184,
                    0.8685801029205322,
                    -0.4650907814502716
                ],
                [
                    0.984723687171936,
                    0.1351134479045868,
                    -0.10983432084321976
                ]
            ],
            [
                [
                    0.35920995473861694,
                    0.2763572335243225,
                    0.8914004564285278
                ],
                [
                    -0.14292028546333313,
                    0.9601732492446899,
                    -0.24008560180664062
                ],
                [
                    -0.9222483038902283,
                    -0.04115808382630348,
                    0.3844008445739746
                ]
            ],
            [
                [
                    0.9621341228485107,
                    -0.27154943346977234,
                    -0.023637942969799042
                ],
                [
                    0.255118727684021,
                    0.9276565909385681,
                    -0.27270442247390747
                ],
                [
                    0.09598062932491302,
                    0.25634777545928955,
                    0.9618074297904968
                ]
            ],
            [
                [
                    0.9717181324958801,
                    0.23486772179603577,
                    -0.024512551724910736
                ],
                [
                    -0.22684907913208008,
                    0.8995939493179321,
                    -0.3731890618801117
                ],
                [
                    -0.06559871882200241,
                    0.3681952953338623,
                    0.9274312853813171
                ]
            ],
            [
                [
                    0.9817320704460144,
                    0.17376893758773804,
                    -0.07750166952610016
                ],
                [
                    -0.15797317028045654,
                    0.9714455604553223,
                    0.17702530324459076
                ],
                [
                    0.10605015605688095,
                    -0.16154822707176208,
                    0.9811500906944275
                ]
            ],
            [
                [
                    0.9795529842376709,
                    -0.1768389344215393,
                    0.09593772888183594
                ],
                [
                    0.15556907653808594,
                    0.9681529402732849,
                    0.19615837931632996
                ],
                [
                    -0.12757083773612976,
                    -0.17722256481647491,
                    0.975867748260498
                ]
            ]
        ],
        "betas": [
            0.023498624563217163,
            0.014368623495101929,
            -0.2863120436668396,
            -0.1385664939880371,
            0.03367507457733154,
            -0.0571761354804039,
            -0.007895439863204956,
            0.010575592517852783,
            0.05701534450054169,
            -0.04189375042915344
        ]
    },
    "pred_cam_t": [
        0.09130337089300156,
        0.5189640522003174,
        22.197940826416016
    ],
    "focal_length": [
        5000.0,
        5000.0
    ],
    "pred_keypoints_3d": [
        [
            0.03382229059934616,
            -0.7604066133499146,
            -0.2265039086341858
        ],
        [
            0.08398217707872391,
            -0.6797897815704346,
            -0.05405663326382637
        ],
        [
            -0.07740170508623123,
            -0.6299479603767395,
            0.04812641441822052
        ],
        [
            -0.27030089497566223,
            -0.48018449544906616,
            0.12711593508720398
        ],
        [
            -0.39600664377212524,
            -0.40604501962661743,
            -0.0846576988697052
        ],
        [
            0.22582364082336426,
            -0.5587407350540161,
            -0.12406563013792038
        ],
        [
            0.28948065638542175,
            -0.30430808663368225,
            -0.14413565397262573
        ],
        [
            0.04934494197368622,
            -0.28678563237190247,
            -0.2151890993118286
        ],
        [
            -0.0017500296235084534,
            -0.22079887986183167,
            0.02800711803138256
        ],
        [
            -0.0975567027926445,
            -0.16237294673919678,
            0.03855869919061661
        ],
        [
            -0.3860630691051483,
            -0.06110462546348572,
            -0.19690176844596863
        ],
        [
            -0.3572832942008972,
            0.2635144293308258,
            0.039589136838912964
        ],
        [
            0.018644828349351883,
            -0.1182078942656517,
            -0.0189096387475729
        ],
        [
            -0.15833476185798645,
            -0.05228538066148758,
            -0.3467492163181305
        ],
        [
            -0.24688193202018738,
            0.2499983012676239,
            -0.09636464715003967
        ],
        [
            0.00141085684299469,
            -0.7989115118980408,
            -0.19133219122886658
        ],
        [
            0.06698436290025711,
            -0.8072323799133301,
            -0.20430536568164825
        ],
        [
            -0.020967990159988403,
            -0.7901767492294312,
            -0.08877311646938324
        ],
        [
            0.12273053824901581,
            -0.8085696697235107,
            -0.11918678879737854
        ],
        [
            -0.3389667868614197,
            0.31691938638687134,
            -0.25685712695121765
        ],
        [
            -0.26862508058547974,
            0.3486554026603699,
            -0.2282121479511261
        ],
        [
            -0.22284868359565735,
            0.26984912157058716,
            -0.03659677505493164
        ],
        [
            -0.4930223226547241,
            0.337354838848114,
            -0.08081555366516113
        ],
        [
            -0.5143439173698425,
            0.31272614002227783,
            -7.763504981994629e-05
        ],
        [
            -0.32438066601753235,
            0.2916561961174011,
            0.09883195161819458
        ],
        [
            -0.3560975193977356,
            0.20402631163597107,
            0.04492899030447006
        ],
        [
            -0.3527911305427551,
            -0.08684365451335907,
            -0.1755182147026062
        ],
        [
            -0.10644102096557617,
            -0.28225573897361755,
            0.12269359827041626
        ],
        [
            0.14726948738098145,
            -0.1680535078048706,
            0.0003483749460428953
        ],
        [
            -0.13153646886348724,
            -0.06033751368522644,
            -0.3326973617076874
        ],
        [
            -0.21372023224830627,
            0.2182626724243164,
            -0.1004251167178154
        ],
        [
            -0.36245453357696533,
            -0.41676366329193115,
            -0.08658574521541595
        ],
        [
            -0.28144150972366333,
            -0.5143914818763733,
            0.1078496128320694
        ],
        [
            -0.050520509481430054,
            -0.6549245119094849,
            0.03199364244937897
        ],
        [
            0.21576164662837982,
            -0.5960198640823364,
            -0.11204421520233154
        ],
        [
            0.2850845456123352,
            -0.3380157947540283,
            -0.18066246807575226
        ],
        [
            0.06051883473992348,
            -0.3062025010585785,
            -0.2116924226284027
        ],
        [
            0.08525589108467102,
            -0.6739006042480469,
            -0.05925516039133072
        ],
        [
            0.04450515657663345,
            -0.8498872518539429,
            -0.12407186627388
        ],
        [
            0.02084200084209442,
            -0.2253563106060028,
            0.0622466579079628
        ],
        [
            0.081852987408638,
            -0.6211888194084167,
            -0.04043133556842804
        ],
        [
            0.08456654101610184,
            -0.4538309574127197,
            0.04142945259809494
        ],
        [
            0.057312704622745514,
            -0.7414673566818237,
            -0.14852212369441986
        ],
        [
            0.0398615300655365,
            -0.8698192834854126,
            -0.11524144560098648
        ]
    ],
    "pred_vertices": [
        [
            0.07074856758117676,
            -0.8546180725097656,
            -0.21074703335762024
        ],
        [
            0.06611597537994385,
            -0.8394768238067627,
            -0.21466758847236633
        ],
        [
            0.07884613424539566,
            -0.8385623097419739,
            -0.2078516036272049
        ],
        [
            0.08422114700078964,
            -0.8501061201095581,
            -0.20015323162078857
        ],
        [
            0.07526101171970367,
            -0.8281099200248718,
            -0.21189923584461212
        ],
        [
            0.06421209871768951,
            -0.8280094861984253,
            -0.2161303460597992
        ],
        [
            0.08853404223918915,
            -0.8338986039161682,
            -0.19891920685768127
        ],
        [
            0.09398107975721359,
            -0.8425688743591309,
            -0.18966437876224518
        ],
        [
            0.10158202052116394,
            -0.7990642786026001,
            -0.18556608259677887
        ],
        [
            0.10768461972475052,
            -0.7954334020614624,
            -0.17639604210853577
        ],
        [
            0.10510089248418808,
            -0.8081268072128296,
            -0.179445281624794
        ],
        [
            0.09852168709039688,
            -0.8082616329193115,
            -0.18683594465255737
        ],
        [
            0.10362710803747177,
            -0.7741850018501282,
            -0.18023130297660828
        ],
        [
            0.09707379341125488,
            -0.7635997533798218,
            -0.18682806193828583
        ],
        [
            0.10171084105968475,
            -0.7556802034378052,
            -0.1770302951335907
        ],
        [
            0.10718734562397003,
            -0.7656673192977905,
            -0.16956409811973572
        ],
        [
            0.06019037216901779,
            -0.7718023061752319,
            -0.20511585474014282
        ],
        [
            0.06639446318149567,
            -0.7659237384796143,
            -0.20475633442401886
        ],
        [
            0.06954754143953323,
            -0.7730587124824524,
            -0.20488381385803223
        ],
        [
            0.06270316988229752,
            -0.7780606746673584,
            -0.20491138100624084
        ],
        [
            0.04868358373641968,
            -0.7800960540771484,
            -0.21017171442508698
        ],
        [
            0.04961598291993141,
            -0.785959005355835,
            -0.20736998319625854
        ],
        [
            0.0436280183494091,
            -0.788863480091095,
            -0.2118951678276062
        ],
        [
            0.04335000738501549,
            -0.7823220491409302,
            -0.2157168835401535
        ],
        [
            0.05564848333597183,
            -0.7658323645591736,
            -0.20439136028289795
        ],
        [
            0.062162820249795914,
            -0.7598987817764282,
            -0.20326478779315948
        ],
        [
            0.054682694375514984,
            -0.7767127752304077,
            -0.2062009871006012
        ],
        [
            0.05267302691936493,
            -0.77210932970047,
            -0.20785242319107056
        ],
        [
            0.04871300980448723,
            -0.765082836151123,
            -0.21720010042190552
        ],
        [
            0.04989596828818321,
            -0.7700451612472534,
            -0.216200590133667
        ],
        [
            0.045361727476119995,
            -0.7702732682228088,
            -0.22273163497447968
        ],
        [
            0.04482663422822952,
            -0.7645772695541382,
            -0.22141878306865692
        ],
        [
            0.053266238421201706,
            -0.7653665542602539,
            -0.2087850719690323
        ],
        [
            0.052968308329582214,
            -0.7681765556335449,
            -0.21163782477378845
        ],
        [
            0.05050841346383095,
            -0.7641001343727112,
            -0.2133389413356781
        ],
        [
            0.04990692064166069,
            -0.7619481086730957,
            -0.20995786786079407
        ],
        [
            0.04818398877978325,
            -0.7757169008255005,
            -0.21273991465568542
        ],
        [
            0.04392749071121216,
            -0.7767323851585388,
            -0.21928241848945618
        ],
        [
            0.038598012179136276,
            -0.7772061228752136,
            -0.22570504248142242
        ],
        [
            0.039974525570869446,
            -0.7689235210418701,
            -0.22858403623104095
        ],
        [
            0.0794556587934494,
            -0.7541650533676147,
            -0.19892670214176178
        ],
        [
            0.0734238401055336,
            -0.7601988911628723,
            -0.2031014859676361
        ],
        [
            0.06890463829040527,
            -0.7545816898345947,
            -0.20221197605133057
        ],
        [
            0.07454827427864075,
            -0.7498363256454468,
            -0.1995585560798645
        ],
        [
            0.052046142518520355,
            -0.7590926885604858,
            -0.20644217729568481
        ],
        [
            0.05732050538063049,
            -0.7436248064041138,
            -0.20585578680038452
        ],
        [
            0.0571511872112751,
            -0.7474403381347656,
            -0.20647305250167847
        ],
        [
            0.050473734736442566,
            -0.7473801374435425,
            -0.20943483710289001
        ],
        [
            0.051283806562423706,
            -0.7438997030258179,
            -0.20877036452293396
        ],
        [
            0.08708992600440979,
            -0.7411872148513794,
            -0.1897348314523697
        ],
        [
            0.08113476634025574,
            -0.7390013337135315,
            -0.19330012798309326
        ],
        [
            0.08265813440084457,
            -0.7323377728462219,
            -0.19013848900794983
        ],
        [
            0.08811783045530319,
            -0.733163058757782,
            -0.18527695536613464
        ],
        [
            0.08074560016393661,
            -0.7262910604476929,
            -0.18813452124595642
        ],
        [
            0.08793973177671432,
            -0.7251499891281128,
            -0.18115434050559998
        ],
        [
            0.08063004165887833,
            -0.7095003128051758,
            -0.1781366467475891
        ],
        [
            0.08444388210773468,
            -0.7163562774658203,
            -0.17948968708515167
        ],
        [
            0.07747379690408707,
            -0.7199327945709229,
            -0.18737775087356567
        ],
        [
            0.07242003083229065,
            -0.7137652635574341,
            -0.18919901549816132
        ],
        [
            0.05952756106853485,
            -0.7164289951324463,
            -0.19633236527442932
        ],
        [
            0.05354882776737213,
            -0.7143804430961609,
            -0.1980573534965515
        ],
        [
            0.05948697030544281,
            -0.702765703201294,
            -0.1950407475233078
        ],
        [
            0.06562727689743042,
            -0.7072919607162476,
            -0.1926259696483612
        ],
        [
            0.05856957286596298,
            -0.7378236055374146,
            -0.2010887861251831
        ],
        [
            0.062812939286232,
            -0.7386071085929871,
            -0.19885334372520447
        ],
        [
            0.0626428872346878,
            -0.7398719787597656,
            -0.2013343870639801
        ],
        [
            0.05807225778698921,
            -0.7402404546737671,
            -0.20407593250274658
        ],
        [
            0.06654756516218185,
            -0.7389333248138428,
            -0.1975153088569641
        ],
        [
            0.06831471621990204,
            -0.7388956546783447,
            -0.19696170091629028
        ],
        [
            0.06782160699367523,
            -0.7400481700897217,
            -0.19824475049972534
        ],
        [
            0.0665665939450264,
            -0.7396488189697266,
            -0.1983340084552765
        ],
        [
            0.06453084945678711,
            -0.7390334606170654,
            -0.19867175817489624
        ],
        [
            0.06372790783643723,
            -0.7369758486747742,
            -0.19875644147396088
        ],
        [
            0.06570246815681458,
            -0.7380181550979614,
            -0.19787438213825226
        ],
        [
            0.05995143577456474,
            -0.7355117201805115,
            -0.20094311237335205
        ],
        [
            0.0463683120906353,
            -0.7313998341560364,
            -0.20644371211528778
        ],
        [
            0.05054226890206337,
            -0.7322065830230713,
            -0.20566339790821075
        ],
        [
            0.04880174994468689,
            -0.7363806962966919,
            -0.2050868421792984
        ],
        [
            0.045063648372888565,
            -0.7361509799957275,
            -0.20582109689712524
        ],
        [
            0.06566834449768066,
            -0.7418495416641235,
            -0.20005270838737488
        ],
        [
            0.06807148456573486,
            -0.743493914604187,
            -0.19992667436599731
        ],
        [
            0.06362181156873703,
            -0.7454707622528076,
            -0.20311090350151062
        ],
        [
            0.06284727156162262,
            -0.7426635026931763,
            -0.20209012925624847
        ],
        [
            0.07068793475627899,
            -0.7457222938537598,
            -0.2004895657300949
        ],
        [
            0.07001147419214249,
            -0.7415988445281982,
            -0.19810782372951508
        ],
        [
            0.07265257090330124,
            -0.7429096698760986,
            -0.19781281054019928
        ],
        [
            0.06794099509716034,
            -0.7371336221694946,
            -0.19676467776298523
        ],
        [
            0.07092142850160599,
            -0.7359066009521484,
            -0.1954963058233261
        ],
        [
            0.07112294435501099,
            -0.738478422164917,
            -0.19684988260269165
        ],
        [
            0.06922024488449097,
            -0.7323901653289795,
            -0.1953190267086029
        ],
        [
            0.06554889678955078,
            -0.7348483204841614,
            -0.19727197289466858
        ],
        [
            0.061919186264276505,
            -0.7323775291442871,
            -0.19925110042095184
        ],
        [
            0.057091135531663895,
            -0.7299309968948364,
            -0.2018115520477295
        ],
        [
            0.06041814386844635,
            -0.7256145477294922,
            -0.19864659011363983
        ],
        [
            0.06551674753427505,
            -0.7287628650665283,
            -0.1966419368982315
        ],
        [
            0.06513004004955292,
            -0.7498378753662109,
            -0.20294418931007385
        ],
        [
            0.07551076263189316,
            -0.7385778427124023,
            -0.19531989097595215
        ],
        [
            0.07808376848697662,
            -0.745503306388855,
            -0.19616341590881348
        ],
        [
            0.07597456872463226,
            -0.7339444160461426,
            -0.19363442063331604
        ],
        [
            0.0743493065237999,
            -0.729196310043335,
            -0.1925390064716339
        ],
        [
            0.07043149322271347,
            -0.7244570255279541,
            -0.1928407847881317
        ],
        [
            0.06524160504341125,
            -0.7201119065284729,
            -0.19461876153945923
        ],
        [
            0.06386199593544006,
            -0.6952289342880249,
            -0.1825970709323883
        ],
        [
            0.071646548807621,
            -0.7013417482376099,
            -0.181004136800766
        ],
        [
            0.06376084685325623,
            -0.8203672170639038,
            -0.21252399682998657
        ],
        [
            0.0725734680891037,
            -0.8208680152893066,
            -0.21125800907611847
        ],
        [
            0.07504816353321075,
            -0.8134327530860901,
            -0.20609012246131897
        ],
        [
            0.0768018290400505,
            -0.8157973289489746,
            -0.20644715428352356
        ],
        [
            0.07058393955230713,
            -0.8165160417556763,
            -0.20891444385051727
        ],
        [
            0.07062741369009018,
            -0.813696026802063,
            -0.20784515142440796
        ],
        [
            0.09135524928569794,
            -0.8092474937438965,
            -0.19181540608406067
        ],
        [
            0.08575993776321411,
            -0.8101494312286377,
            -0.19598209857940674
        ],
        [
            0.086419977247715,
            -0.8065285086631775,
            -0.19368314743041992
        ],
        [
            0.09362906962633133,
            -0.8028650283813477,
            -0.19023258984088898
        ],
        [
            0.07901811599731445,
            -0.7974990606307983,
            -0.19891682267189026
        ],
        [
            0.08340823650360107,
            -0.799469530582428,
            -0.1962568759918213
        ],
        [
            0.07882294803857803,
            -0.8054904937744141,
            -0.19954919815063477
        ],
        [
            0.0754847601056099,
            -0.8040503263473511,
            -0.20136478543281555
        ],
        [
            0.071668341755867,
            -0.803024172782898,
            -0.20284655690193176
        ],
        [
            0.06718352437019348,
            -0.8023852109909058,
            -0.2031640112400055
        ],
        [
            0.06827609241008759,
            -0.7972339391708374,
            -0.20228983461856842
        ],
        [
            0.07363028079271317,
            -0.7970488667488098,
            -0.2011106014251709
        ],
        [
            0.06398101896047592,
            -0.8169724345207214,
            -0.20929405093193054
        ],
        [
            0.056800879538059235,
            -0.8152178525924683,
            -0.20786672830581665
        ],
        [
            0.058785516768693924,
            -0.8126006126403809,
            -0.20718425512313843
        ],
        [
            0.06472082436084747,
            -0.8138140439987183,
            -0.20864669978618622
        ],
        [
            0.05029267817735672,
            -0.8054144978523254,
            -0.20011359453201294
        ],
        [
            0.05107992887496948,
            -0.8078787326812744,
            -0.20154833793640137
        ],
        [
            0.04726791009306908,
            -0.8087115287780762,
            -0.20249813795089722
        ],
        [
            0.047071658074855804,
            -0.8042724132537842,
            -0.20101973414421082
        ],
        [
            0.049719225615262985,
            -0.8016362190246582,
            -0.20115722715854645
        ],
        [
            0.05183202400803566,
            -0.8039085865020752,
            -0.20057246088981628
        ],
        [
            0.05884863808751106,
            -0.8751282095909119,
            -0.20939664542675018
        ],
        [
            0.055384159088134766,
            -0.8571247458457947,
            -0.21582092344760895
        ],
        [
            0.07589022815227509,
            -0.8716253042221069,
            -0.19780400395393372
        ],
        [
            0.08901961147785187,
            -0.863702654838562,
            -0.18764972686767578
        ],
        [
            0.09906954318284988,
            -0.8518682718276978,
            -0.17833878099918365
        ],
        [
            0.09442569315433502,
            -0.7470635175704956,
            -0.18417802453041077
        ],
        [
            0.09725471585988998,
            -0.7389585971832275,
            -0.17728419601917267
        ],
        [
            0.10612846165895462,
            -0.7482260465621948,
            -0.16724586486816406
        ],
        [
            0.1056603491306305,
            -0.7379060983657837,
            -0.1615675389766693
        ],
        [
            0.09700814634561539,
            -0.7284427881240845,
            -0.17226645350456238
        ],
        [
            0.08500322699546814,
            -0.7081325650215149,
            -0.16529017686843872
        ],
        [
            0.09290257841348648,
            -0.7173148393630981,
            -0.16844356060028076
        ],
        [
            0.10257380455732346,
            -0.7272992730140686,
            -0.154929518699646
        ],
        [
            0.11118019372224808,
            -0.7424910068511963,
            -0.14293605089187622
        ],
        [
            0.11165612936019897,
            -0.7497376799583435,
            -0.15131494402885437
        ],
        [
            0.1158919632434845,
            -0.7594364881515503,
            -0.13315720856189728
        ],
        [
            0.10788474231958389,
            -0.7354110479354858,
            -0.13063567876815796
        ],
        [
            0.11402080208063126,
            -0.7591699361801147,
            -0.12485168129205704
        ],
        [
            0.09438079595565796,
            -0.6975206136703491,
            -0.1260235607624054
        ],
        [
            0.0981566458940506,
            -0.6862940788269043,
            -0.12123909592628479
        ],
        [
            0.11271090060472488,
            -0.6962975263595581,
            -0.11455514281988144
        ],
        [
            0.1087050512433052,
            -0.707190752029419,
            -0.11862608790397644
        ],
        [
            0.11100517213344574,
            -0.7573869228363037,
            -0.15962085127830505
        ],
        [
            0.10648175328969955,
            -0.819794774055481,
            -0.17351002991199493
        ],
        [
            0.10129501670598984,
            -0.8182321786880493,
            -0.18383480608463287
        ],
        [
            0.10998261719942093,
            -0.8081218004226685,
            -0.16887740790843964
        ],
        [
            0.10241775959730148,
            -0.8811147212982178,
            -0.15902391076087952
        ],
        [
            0.09484831988811493,
            -0.8744387030601501,
            -0.17497725784778595
        ],
        [
            0.10454957187175751,
            -0.8608602285385132,
            -0.16747033596038818
        ],
        [
            0.11023824661970139,
            -0.8692947626113892,
            -0.15377527475357056
        ],
        [
            0.06998463720083237,
            -0.911467432975769,
            -0.1670815497636795
        ],
        [
            0.06572030484676361,
            -0.896094560623169,
            -0.1895909607410431
        ],
        [
            0.07925040274858475,
            -0.8868739604949951,
            -0.18289193511009216
        ],
        [
            0.08533473312854767,
            -0.8990020751953125,
            -0.16456946730613708
        ],
        [
            0.11332093924283981,
            -0.8714975118637085,
            -0.1408746838569641
        ],
        [
            0.11613092571496964,
            -0.8749830722808838,
            -0.1223401427268982
        ],
        [
            0.11126165837049484,
            -0.8906549215316772,
            -0.11644298583269119
        ],
        [
            0.10597764700651169,
            -0.8885742425918579,
            -0.13877511024475098
        ],
        [
            0.0981513187289238,
            -0.9095054864883423,
            -0.10993298143148422
        ],
        [
            0.09282176941633224,
            -0.9081161618232727,
            -0.13682973384857178
        ],
        [
            0.11410020291805267,
            -0.7472387552261353,
            -0.11369938403367996
        ],
        [
            0.11494741588830948,
            -0.766132116317749,
            -0.11276987195014954
        ],
        [
            0.1044425517320633,
            -0.7199345827102661,
            -0.12501364946365356
        ],
        [
            0.11468102782964706,
            -0.7307372093200684,
            -0.11282604932785034
        ],
        [
            0.08008250594139099,
            -0.9227626919746399,
            -0.10434408485889435
        ],
        [
            0.07388050854206085,
            -0.9221869111061096,
            -0.13558438420295715
        ],
        [
            0.11559469252824783,
            -0.8577399253845215,
            -0.0709921345114708
        ],
        [
            0.11495040357112885,
            -0.8743626475334167,
            -0.08057120442390442
        ],
        [
            0.12022095918655396,
            -0.8606814742088318,
            -0.0961160883307457
        ],
        [
            0.12110847234725952,
            -0.8473640084266663,
            -0.08526647090911865
        ],
        [
