{
    "pred_cam": [
        1.7672803401947021,
        0.06618943065404892,
        0.49271753430366516
    ],
    "pred_smpl_params": {
        "global_orient": [
            [
                [
                    0.9302396178245544,
                    0.3077404797077179,
                    -0.19987505674362183
                ],
                [
                    0.27036312222480774,
                    -0.9430692791938782,
                    -0.19371144473552704
                ],
                [
                    -0.2481088787317276,
                    0.12615922093391418,
                    -0.9604820609092712
                ]
            ]
        ],
        "body_pose": [
            [
                [
                    0.9930946230888367,
                    -0.06217609718441963,
                    -0.09948452562093735
                ],
                [
                    0.11599629372358322,
                    0.3935713768005371,
                    0.9119464755058289
                ],
                [
                    -0.017547011375427246,
                    -0.9171890020370483,
                    0.39806580543518066
                ]
            ],
            [
                [
                    0.9715835452079773,
                    0.2078845500946045,
                    0.11317883431911469
                ],
                [
                    -0.20321667194366455,
                    0.48745134472846985,
                    0.8491727113723755
                ],
                [
                    0.12136071175336838,
                    -0.8480420112609863,
                    0.5158452987670898
                ]
            ],
            [
                [
                    0.9987059235572815,
                    0.04921801760792732,
                    0.012809758074581623
                ],
                [
                    -0.02516738511621952,
                    0.6971573233604431,
                    -0.716476321220398
                ],
                [
                    -0.04419396072626114,
                    0.7152267098426819,
                    0.697493851184845
                ]
            ],
            [
                [
                    0.9416924118995667,
                    0.20100201666355133,
                    -0.26983964443206787
                ],
                [
                    -0.03199974447488785,
                    -0.7448264956474304,
                    -0.6664904952049255
                ],
                [
                    -0.3349496126174927,
                    0.6362639665603638,
                    -0.6949654221534729
                ]
            ],
            [
                [
                    0.9538311958312988,
                    -0.15780405700206757,
                    0.25554606318473816
                ],
                [
                    0.06311918795108795,
                    -0.7265246510505676,
                    -0.6842352151870728
                ],
                [
                    0.29363566637039185,
                    0.6687748432159424,
                    -0.6830214262008667
                ]
            ],
            [
                [
                    0.9970580339431763,
                    -0.07549533993005753,
                    0.013258199207484722
                ],
                [
                    0.07590129226446152,
                    0.9965562224388123,
                    -0.0333852581679821
                ],
                [
                    -0.0106921112164855,
                    0.03429334983229637,
                    0.9993546009063721
                ]
            ],
            [
                [
                    0.9575995206832886,
                    -0.23713795840740204,
                    0.1636115163564682
                ],
                [
                    0.13105037808418274,
                    0.864273190498352,
                    0.48565176129341125
                ],
                [
                    -0.25657153129577637,
                    -0.4436185657978058,
                    0.8587046265602112
                ]
            ],
            [
                [
                    0.9588620662689209,
                    0.14533177018165588,
                    -0.24384881556034088
                ],
                [
                    -0.02596810646355152,
                    0.9003131985664368,
                    0.4344671070575714
                ],
                [
                    0.2826822102069855,
                    -0.41026172041893005,
                    0.8670501708984375
                ]
            ],
            [
                [
                    0.99663907289505,
                    -0.08023412525653839,
                    -0.01652546040713787
                ],
                [
                    0.0802595466375351,
                    0.9967736005783081,
                    0.0008795573376119137
                ],
                [
                    0.01640157215297222,
                    -0.002202926902100444,
                    0.9998630881309509
                ]
            ],
            [
                [
                    0.9944618940353394,
                    0.01116456463932991,
                    0.10450262576341629
                ],
                [
                    -0.03935233876109123,
                    0.961561918258667,
                    0.27175360918045044
                ],
                [
                    -0.09745173156261444,
                    -0.2743610441684723,
                    0.9566760659217834
                ]
            ],
            [
                [
                    0.9975826144218445,
                    0.0686246007680893,
                    -0.01093198824673891
                ],
                [
                    -0.06243376061320305,
                    0.9541977047920227,
                    0.29258978366851807
                ],
                [
                    0.030510133132338524,
                    -0.2911999821662903,
                    0.9561755061149597
                ]
            ],
            [
                [
                    0.9773980975151062,
                    -0.1986776888370514,
                    0.07225099951028824
                ],
                [
                    0.17206373810768127,
                    0.9461683034896851,
                    0.27415233850479126
                ],
                [
                    -0.12282957136631012,
                    -0.2555241882801056,
                    0.9589683413505554
                ]
            ],
            [
                [
                    0.8765954971313477,
                    0.35476815700531006,
                    -0.3251459002494812
                ],
                [
                    -0.3243556320667267,
                    0.934695839881897,
                    0.14538590610027313
                ],
                [
                    0.3554908335208893,
                    -0.021981721743941307,
                    0.9344212412834167
                ]
            ],
            [
                [
                    0.8826975226402283,
                    -0.3399326503276825,
                    0.3244856297969818
                ],
                [
                    0.2999421954154968,
                    0.9390750527381897,
                    0.16784732043743134
                ],
                [
                    -0.36177316308021545,
                    -0.05083146318793297,
                    0.9308793544769287
                ]
            ],
            [
                [
                    0.9816592335700989,
                    -0.02825244702398777,
                    0.18853886425495148
                ],
                [
                    0.010808506980538368,
                    0.9956152439117432,
                    0.09291612356901169
                ],
                [
                    -0.19033728539943695,
                    -0.08917415142059326,
                    0.9776602387428284
                ]
            ],
            [
                [
                    0.8435152173042297,
                    0.4666752815246582,
                    -0.26588770747184753
                ],
                [
                    -0.5004324913024902,
                    0.8626492023468018,
                    -0.07350968569517136
                ],
                [
                    0.19506265223026276,
                    0.19506536424160004,
                    0.9611971974372864
                ]
            ],
            [
                [
                    0.8749487400054932,
                    -0.4252254068851471,
                    0.23162031173706055
                ],
                [
                    0.42357543110847473,
                    0.9039109349250793,
                    0.059403546154499054
                ],
                [
                    -0.23462404310703278,
                    0.046133629977703094,
                    0.970990777015686
                ]
            ],
            [
                [
                    0.18443401157855988,
                    -0.40234920382499695,
                    -0.8967159390449524
                ],
                [
                    -0.06811296194791794,
                    0.9049416184425354,
                    -0.4200493395328522
                ],
                [
                    0.9804819226264954,
                    0.13854935765266418,
                    0.1394968181848526
                ]
            ],
            [
                [
                    0.5363947153091431,
                    0.27243614196777344,
                    0.7987861633300781
                ],
                [
                    -0.16892527043819427,
                    0.9619702696800232,
                    -0.2146567553281784
                ],
                [
                    -0.8268887400627136,
                    -0.019794411957263947,
                    0.5620171427726746
                ]
            ],
            [
                [
                    0.9831236600875854,
                    -0.18282070755958557,
                    0.006669612601399422
                ],
                [
                    0.1716892272233963,
                    0.909447431564331,
                    -0.37871912121772766
                ],
                [
                    0.06317204236984253,
                    0.37347283959388733,
                    0.9254876375198364
                ]
            ],
            [
                [
                    0.9890499114990234,
                    0.1422751545906067,
                    -0.039217524230480194
                ],
                [
                    -0.14576976001262665,
                    0.9002777338027954,
                    -0.41018423438072205
                ],
                [
                    -0.023052364587783813,
                    0.4114094376564026,
                    0.9111590385437012
                ]
            ],
            [
                [
                    0.9886438846588135,
                    0.12897464632987976,
                    -0.07712816447019577
                ],
                [
                    -0.11624813824892044,
                    0.9816163182258606,
                    0.15137936174869537
                ],
                [
                    0.09523437172174454,
                    -0.1406942903995514,
                    0.9854620099067688
                ]
            ],
            [
                [
                    0.9870079159736633,
                    -0.13051041960716248,
                    0.09371476620435715
                ],
                [
                    0.1139734759926796,
                    0.9798262119293213,
                    0.16416630148887634
                ],
                [
                    -0.11324960738420486,
                    -0.1513524353504181,
                    0.9819709658622742
                ]
            ]
        ],
        "betas": [
            0.12989027798175812,
            0.1134115606546402,
            -0.4561893045902252,
            -0.20412716269493103,
            0.04449033737182617,
            -0.06444229930639267,
            -0.044863492250442505,
            0.06413638591766357,
            0.07064811885356903,
            -0.0243605375289917
        ]
    },
    "pred_cam_t": [
        0.06618943065404892,
        0.49271753430366516,
        22.10317039489746
    ],
    "focal_length": [
        5000.0,
        5000.0
    ],
    "pred_keypoints_3d": [
        [
            0.011464659124612808,
            -0.7208510637283325,
            -0.34301620721817017
        ],
        [
            0.052922043949365616,
            -0.6422633528709412,
            -0.1644134223461151
        ],
        [
            -0.1199062317609787,
            -0.583389163017273,
            -0.07441988587379456
        ],
        [
            -0.2908785939216614,
            -0.3972606062889099,
            -0.016804847866296768
        ],
        [
            -0.39095282554626465,
            -0.2601681351661682,
            -0.21361616253852844
        ],
        [
            0.20983919501304626,
            -0.517440676689148,
            -0.18572646379470825
        ],
        [
            0.310436487197876,
            -0.2714371979236603,
            -0.18453486263751984
        ],
        [
            0.11449946463108063,
            -0.1707490086555481,
            -0.31037941575050354
        ],
        [
            -0.0018108165822923183,
            -0.22026295959949493,
            0.02743389457464218
        ],
        [
            -0.0909690335392952,
            -0.15256448090076447,
            0.03726903349161148
        ],
        [
            -0.3241269588470459,
            -0.06937500089406967,
            -0.26348355412483215
        ],
        [
            -0.16482599079608917,
            0.08884365111589432,
            0.07572376728057861
        ],
        [
            0.03572395071387291,
            -0.11449940502643585,
            0.0057039037346839905
        ],
        [
            -0.024404097348451614,
            -0.02486562728881836,
            -0.36076828837394714
        ],
        [
            -0.046450741589069366,
            0.10647734999656677,
            0.023362308740615845
        ],
        [
            -0.021744035184383392,
            -0.7598269581794739,
            -0.3079397678375244
        ],
        [
            0.04498979449272156,
            -0.7681752443313599,
            -0.3186761736869812
        ],
        [
            -0.046933673322200775,
            -0.7505049109458923,
            -0.20616109669208527
        ],
        [
            0.09786179661750793,
            -0.7671533823013306,
            -0.23119521141052246
        ],
        [
            -0.09690070152282715,
            0.24235302209854126,
            -0.10855525732040405
        ],
        [
            -0.02387697994709015,
            0.24385762214660645,
            -0.06907430291175842
        ],
        [
            -0.02344781905412674,
            0.09285563230514526,
            0.08319121599197388
        ],
        [
            -0.27607262134552,
            0.22226685285568237,
            -0.01758897304534912
        ],
        [
            -0.3057713806629181,
            0.1810896396636963,
            0.05357998609542847
        ],
        [
            -0.12872712314128876,
            0.08563530445098877,
            0.1383051872253418
        ],
        [
            -0.1880103051662445,
            0.03413845971226692,
            0.057410236448049545
        ],
        [
            -0.30146557092666626,
            -0.08551054447889328,
            -0.2343422919511795
        ],
        [
            -0.12648725509643555,
            -0.28161919116973877,
            0.09856916964054108
        ],
        [
            0.15631048381328583,
            -0.18235523998737335,
            0.0350908599793911
        ],
        [
            -0.006595934741199017,
            -0.02805941365659237,
            -0.3395841121673584
        ],
        [
            -0.021371785551309586,
            0.07271123677492142,
            -0.00028428342193365097
        ],
        [
            -0.359943687915802,
            -0.2745526134967804,
            -0.2168976366519928
        ],
        [
            -0.3042207956314087,
            -0.42569297552108765,
            -0.038799166679382324
        ],
        [
            -0.09286781400442123,
            -0.6125797629356384,
            -0.09154922515153885
        ],
        [
            0.19931259751319885,
            -0.5594000816345215,
            -0.18584434688091278
        ],
        [
            0.306130975484848,
            -0.3002159595489502,
            -0.2221132218837738
        ],
        [
            0.11707630753517151,
            -0.1909273862838745,
            -0.30830538272857666
        ],
        [
            0.053744472563266754,
            -0.6320497989654541,
            -0.1645268201828003
        ],
        [
            0.019978046417236328,
            -0.8093166351318359,
            -0.23867696523666382
        ],
        [
            0.014760356396436691,
            -0.232086181640625,
            0.06761708855628967
        ],
        [
            0.052279599010944366,
            -0.5818884372711182,
            -0.13736800849437714
        ],
        [
            0.05853769928216934,
            -0.4455944895744324,
            -0.013253560289740562
        ],
        [
            0.03307119384407997,
            -0.7014756202697754,
            -0.2628012001514435
        ],
        [
            0.015322020277380943,
            -0.8294585943222046,
            -0.22980202734470367
        ]
    ],
    "pred_vertices": [
        [
            0.049092501401901245,
            -0.8142654895782471,
            -0.32432907819747925
        ],
        [
            0.04471486434340477,
            -0.7990614175796509,
            -0.3294427990913391
        ],
        [
            0.05691815912723541,
            -0.7978305220603943,
            -0.3216823935508728
        ],
        [
            0.06231556460261345,
            -0.8096331357955933,
            -0.3134535849094391
        ],
        [
            0.053647480905056,
            -0.7876523733139038,
            -0.32593318819999695
        ],
        [
            0.042569421231746674,
            -0.7879016399383545,
            -0.33043962717056274
        ],
        [
            0.06619109213352203,
            -0.7933380603790283,
            -0.31208130717277527
        ],
        [
            0.0717320367693901,
            -0.80202317237854,
            -0.3027442693710327
        ],
        [
            0.08003195375204086,
            -0.7589129209518433,
            -0.2985589802265167
        ],
        [
            0.08577461540699005,
            -0.7547413110733032,
            -0.2888340353965759
        ],
        [
            0.08282740414142609,
            -0.7675284147262573,
            -0.2927757501602173
        ],
        [
            0.07622964680194855,
            -0.7678483724594116,
            -0.30024808645248413
        ],
        [
            0.08087158203125,
            -0.7340061068534851,
            -0.29325753450393677
        ],
        [
            0.07422289997339249,
            -0.7235666513442993,
            -0.30013829469680786
        ],
        [
            0.07846077531576157,
            -0.7155534029006958,
            -0.2899898290634155
        ],
        [
            0.08359162509441376,
            -0.7256717681884766,
            -0.2822321057319641
        ],
        [
            0.03785505145788193,
            -0.7321427464485168,
            -0.3202452063560486
        ],
        [
            0.044063180685043335,
            -0.7262091040611267,
            -0.31957876682281494
        ],
        [
            0.04728098213672638,
            -0.7333558201789856,
            -0.3195701837539673
        ],
        [
            0.04043576866388321,
            -0.7385071516036987,
            -0.319925457239151
        ],
        [
            0.02632276713848114,
            -0.7403079271316528,
            -0.32592517137527466
        ],
        [
            0.027281008660793304,
            -0.7462098598480225,
            -0.3230366110801697
        ],
        [
            0.021401435136795044,
            -0.7491755485534668,
            -0.3277903199195862
        ],
        [
            0.021150458604097366,
            -0.7425664663314819,
            -0.33172279596328735
        ],
        [
            0.03323892503976822,
            -0.7260996103286743,
            -0.32017290592193604
        ],
        [
            0.039642225950956345,
            -0.7200697660446167,
            -0.3185814917087555
        ],
        [
            0.032398808747529984,
            -0.737196683883667,
            -0.32158219814300537
        ],
        [
            0.030098125338554382,
            -0.7321995496749878,
            -0.32355111837387085
        ],
        [
            0.026218794286251068,
            -0.7252862453460693,
            -0.3331491947174072
        ],
        [
            0.02740391343832016,
            -0.7301971316337585,
            -0.3320397436618805
        ],
        [
            0.023115217685699463,
            -0.7306454181671143,
            -0.3388247787952423
        ],
        [
            0.022423189133405685,
            -0.7249423265457153,
            -0.3375798761844635
        ],
        [
            0.030584361404180527,
            -0.725567102432251,
            -0.3245850205421448
        ],
        [
            0.03031061217188835,
            -0.7283923029899597,
            -0.3273260295391083
        ],
        [
            0.02785838022828102,
            -0.724330723285675,
            -0.32921725511550903
        ],
        [
            0.02721109613776207,
            -0.7221902012825012,
            -0.3259812891483307
        ],
        [
            0.025752756744623184,
            -0.7360970973968506,
            -0.32858583331108093
        ],
        [
            0.02167428284883499,
            -0.7371036410331726,
            -0.33530378341674805
        ],
        [
            0.016481682658195496,
            -0.7376000881195068,
            -0.34204280376434326
        ],
        [
            0.01781604066491127,
            -0.7291157245635986,
            -0.3449498414993286
        ],
        [
            0.056695085018873215,
            -0.7141761779785156,
            -0.3130831718444824
        ],
        [
            0.05086490511894226,
            -0.720545768737793,
            -0.3174542784690857
        ],
        [
            0.04620233178138733,
            -0.7147259712219238,
            -0.31714174151420593
        ],
        [
            0.051674433052539825,
            -0.7098998427391052,
            -0.3141026496887207
        ],
        [
            0.029240354895591736,
            -0.7190978527069092,
            -0.32246270775794983
        ],
        [
            0.034386370331048965,
            -0.7033182382583618,
            -0.32176297903060913
        ],
        [
            0.034258969128131866,
            -0.7072153091430664,
            -0.32239222526550293
        ],
        [
            0.027632348239421844,
            -0.7072347402572632,
            -0.3256487548351288
        ],
        [
            0.028404083102941513,
            -0.7037061452865601,
            -0.32492366433143616
        ],
        [
            0.06396164000034332,
            -0.7010179162025452,
            -0.30345243215560913
        ],
        [
            0.05808005481958389,
            -0.6988192796707153,
            -0.3074283301830292
        ],
        [
            0.05955246835947037,
            -0.692054033279419,
            -0.30412623286247253
        ],
        [
            0.06502737104892731,
            -0.6927781105041504,
            -0.29898473620414734
        ],
        [
            0.0579841211438179,
            -0.6856205463409424,
            -0.3023344874382019
        ],
        [
            0.06499075889587402,
            -0.6845487356185913,
            -0.29496705532073975
        ],
        [
            0.057497646659612656,
            -0.6692035794258118,
            -0.2921026945114136
        ],
        [
            0.061398379504680634,
            -0.675756573677063,
            -0.29338157176971436
        ],
        [
            0.05473969504237175,
            -0.6792064905166626,
            -0.3018314242362976
        ],
        [
            0.049877166748046875,
            -0.673073947429657,
            -0.3041268587112427
        ],
        [
            0.03661583364009857,
            -0.676246166229248,
            -0.3120444416999817
        ],
        [
            0.03054552525281906,
            -0.6741463541984558,
            -0.31430795788764954
        ],
        [
            0.0364733561873436,
            -0.6625088453292847,
            -0.3107520341873169
        ],
        [
            0.04312847554683685,
            -0.6666008830070496,
            -0.3080679178237915
        ],
        [
            0.03573975712060928,
            -0.6977675557136536,
            -0.31679823994636536
        ],
        [
            0.03994293883442879,
            -0.6985114812850952,
            -0.3143497705459595
        ],
        [
            0.039782218635082245,
            -0.6998261213302612,
            -0.3168240785598755
        ],
        [
            0.03520923852920532,
            -0.7003220915794373,
            -0.3197373151779175
        ],
        [
            0.04362230747938156,
            -0.6988109350204468,
            -0.3128308057785034
        ],
        [
            0.045342423021793365,
            -0.698776364326477,
            -0.31211283802986145
        ],
        [
            0.044869616627693176,
            -0.6999680995941162,
            -0.31347206234931946
        ],
        [
            0.043644070625305176,
            -0.6998065710067749,
            -0.313529372215271
        ],
        [
            0.041641563177108765,
            -0.699162483215332,
            -0.31402766704559326
        ],
        [
            0.040886688977479935,
            -0.6970773339271545,
            -0.3141558766365051
        ],
        [
            0.042835354804992676,
            -0.697878360748291,
            -0.3132644295692444
        ],
        [
            0.037106044590473175,
            -0.6956520080566406,
            -0.31649190187454224
        ],
        [
            0.023253414779901505,
            -0.6911183595657349,
            -0.3228870630264282
        ],
        [
            0.027620956301689148,
            -0.6922598481178284,
            -0.3217247426509857
        ],
        [
            0.02592949941754341,
            -0.6964917182922363,
            -0.3213087320327759
        ],
        [
            0.021990269422531128,
            -0.6958732604980469,
            -0.322426974773407
        ],
        [
            0.042579323053359985,
            -0.7017220258712769,
            -0.31535160541534424
        ],
        [
            0.04520423710346222,
            -0.7034192085266113,
            -0.3151571750640869
        ],
        [
            0.040805354714393616,
            -0.7054812908172607,
            -0.31861233711242676
        ],
        [
            0.040033794939517975,
            -0.7026323080062866,
            -0.3176098167896271
        ],
        [
            0.047836124897003174,
            -0.7057950496673584,
            -0.3154030442237854
        ],
        [
            0.047021836042404175,
            -0.7015264630317688,
            -0.3131839632987976
        ],
        [
            0.049495067447423935,
            -0.7025003433227539,
            -0.3126561641693115
        ],
        [
            0.045033007860183716,
            -0.6969724893569946,
            -0.3120000958442688
        ],
        [
            0.04791833460330963,
            -0.69572913646698,
            -0.3104533553123474
        ],
        [
            0.048114679753780365,
            -0.6983365416526794,
            -0.3118188679218292
        ],
        [
            0.04629889503121376,
            -0.6921242475509644,
            -0.31040847301483154
        ],
        [
            0.042685575783252716,
            -0.6946437358856201,
            -0.3126314580440521
        ],
        [
            0.03908371180295944,
            -0.6921995878219604,
            -0.31475621461868286
        ],
        [
            0.03423778712749481,
            -0.689842164516449,
            -0.31751692295074463
        ],
        [
            0.037558503448963165,
            -0.685413658618927,
            -0.31419211626052856
        ],
        [
            0.04263725131750107,
            -0.688501238822937,
            -0.3119025230407715
        ],
        [
            0.04220219701528549,
            -0.709546685218811,
            -0.31839412450790405
        ],
        [
            0.05243527516722679,
            -0.6984500885009766,
            -0.3098747730255127
        ],
        [
            0.05513617768883705,
            -0.7054651975631714,
            -0.3104756474494934
        ],
        [
            0.052877940237522125,
            -0.6937594413757324,
            -0.3081322908401489
        ],
        [
            0.05130065977573395,
            -0.6888877153396606,
            -0.3071233332157135
        ],
        [
            0.04791807010769844,
            -0.6837090253829956,
            -0.3079674243927002
        ],
        [
            0.04237031936645508,
            -0.6798399686813354,
            -0.30990666151046753
        ],
        [
            0.04042747989296913,
            -0.6554492712020874,
            -0.29769620299339294
        ],
        [
            0.04868755489587784,
            -0.6609851717948914,
            -0.2956024408340454
        ],
        [
            0.0418969988822937,
            -0.7805806398391724,
            -0.3270375430583954
        ],
        [
            0.05055679380893707,
            -0.7811098098754883,
            -0.32519128918647766
        ],
        [
            0.05280517786741257,
            -0.7737118601799011,
            -0.3200996220111847
        ],
        [
            0.05487089604139328,
            -0.7764549851417542,
            -0.320267915725708
        ],
        [
            0.04848725348711014,
            -0.7766406536102295,
            -0.32324862480163574
        ],
        [
            0.04847492277622223,
            -0.7739989757537842,
            -0.322068989276886
        ],
        [
            0.0688725933432579,
            -0.7695908546447754,
            -0.30501726269721985
        ],
        [
            0.06326320767402649,
            -0.7706223726272583,
            -0.3093818426132202
        ],
        [
            0.06390026956796646,
            -0.7667819857597351,
            -0.30717170238494873
        ],
        [
            0.07117615640163422,
            -0.7628811001777649,
            -0.30333659052848816
        ],
        [
            0.05670034512877464,
            -0.7576174139976501,
            -0.313172847032547
        ],
        [
            0.061181239783763885,
            -0.7595077753067017,
            -0.3101472854614258
        ],
        [
            0.0565667524933815,
            -0.7659537196159363,
            -0.3134779930114746
        ],
        [
            0.053151845932006836,
            -0.7645581960678101,
            -0.31548020243644714
        ],
        [
            0.0493694506585598,
            -0.763495147228241,
            -0.3172019124031067
        ],
        [
            0.044906795024871826,
            -0.7626581192016602,
            -0.31776243448257446
        ],
        [
            0.045864515006542206,
            -0.7576025724411011,
            -0.3169685900211334
        ],
        [
            0.05126790702342987,
            -0.7573530077934265,
            -0.3156219720840454
        ],
        [
            0.04205053299665451,
            -0.7774714231491089,
            -0.3238883912563324
        ],
        [
            0.03485797345638275,
            -0.7755314111709595,
            -0.32270655035972595
        ],
        [
            0.03673649579286575,
            -0.7732138633728027,
            -0.32185500860214233
        ],
        [
            0.042701125144958496,
            -0.7743757963180542,
            -0.3230549395084381
        ],
        [
            0.027863457798957825,
            -0.7658287286758423,
            -0.31539082527160645
        ],
        [
            0.02870214730501175,
            -0.7682983875274658,
            -0.31669142842292786
        ],
        [
            0.024904541671276093,
            -0.7692114114761353,
            -0.31773632764816284
        ],
        [
            0.02463686093688011,
            -0.7647370100021362,
            -0.3164386749267578
        ],
        [
            0.027210384607315063,
            -0.7620842456817627,
            -0.31649383902549744
        ],
        [
            0.029335957020521164,
            -0.7643683552742004,
            -0.31577420234680176
        ],
        [
            0.037439510226249695,
            -0.8354928493499756,
            -0.3233080506324768
        ],
        [
            0.033668819814920425,
            -0.8170089721679688,
            -0.3302057683467865
        ],
        [
            0.05370984226465225,
            -0.8312836289405823,
            -0.3108068108558655
        ],
        [
            0.06715084612369537,
            -0.8232179880142212,
            -0.30111873149871826
        ],
        [
            0.07699497044086456,
            -0.8110846281051636,
            -0.29143691062927246
        ],
        [
            0.07125713676214218,
            -0.7069076299667358,
            -0.29753977060317993
        ],
        [
            0.0739249661564827,
            -0.6987128257751465,
            -0.2904670834541321
        ],
        [
            0.08265113085508347,
            -0.7080355882644653,
            -0.2801738679409027
        ],
        [
            0.08188354969024658,
            -0.6977836489677429,
            -0.2743043303489685
        ],
        [
            0.07370766997337341,
            -0.688050389289856,
            -0.2855725884437561
        ],
        [
            0.06106582283973694,
            -0.6684206128120422,
            -0.27827316522598267
        ],
        [
            0.06922930479049683,
            -0.6770800948143005,
            -0.2814507484436035
        ],
        [
            0.07828056812286377,
            -0.6874364614486694,
            -0.26719391345977783
        ],
        [
            0.08584580570459366,
            -0.7030420303344727,
            -0.2549877166748047
        ],
        [
            0.0870935320854187,
            -0.7093515396118164,
            -0.26387324929237366
        ],
        [
            0.09034068882465363,
            -0.7199870347976685,
            -0.2451733946800232
        ],
        [
            0.08207663148641586,
            -0.6960034966468811,
            -0.24210064113140106
        ],
        [
            0.08836391568183899,
            -0.7200450897216797,
            -0.23676812648773193
        ],
        [
            0.06984198838472366,
            -0.6569843888282776,
            -0.23463590443134308
        ],
        [
            0.07445167005062103,
            -0.6446197032928467,
            -0.2280960977077484
        ],
        [
            0.08874387294054031,
            -0.6552152633666992,
            -0.22173362970352173
        ],
        [
            0.08409743756055832,
            -0.6665738224983215,
            -0.22751358151435852
        ],
        [
            0.08694316446781158,
            -0.7174549102783203,
            -0.2722693383693695
        ],
        [
            0.08322802186012268,
            -0.7799549698829651,
            -0.28621208667755127
        ],
        [
            0.07868862897157669,
            -0.7779706120491028,
            -0.2971968650817871
        ],
        [
            0.08711373805999756,
            -0.767160177230835,
            -0.2818331718444824
        ],
        [
            0.0793425515294075,
            -0.839659571647644,
            -0.2714850902557373
        ],
        [
            0.0726771131157875,
            -0.8336969614028931,
            -0.28758811950683594
        ],
        [
            0.08149340003728867,
            -0.8195359706878662,
            -0.2799152135848999
        ],
        [
            0.08704818040132523,
            -0.8278568983078003,
            -0.265889972448349
        ],
        [
            0.04743271321058273,
            -0.8700823783874512,
            -0.2803405225276947
        ],
        [
            0.04390750825405121,
            -0.8558449149131775,
            -0.30285313725471497
        ],
        [
            0.057308685034513474,
            -0.8466601371765137,
            -0.29626625776290894
        ],
        [
            0.06259223818778992,
            -0.8575582504272461,
            -0.2776493430137634
        ],
        [
            0.09003753215074539,
            -0.8302277326583862,
            -0.25283101201057434
        ],
        [
            0.09210003912448883,
            -0.8335719108581543,
            -0.23408165574073792
        ],
        [
            0.08728814125061035,
            -0.8494282960891724,
            -0.22850069403648376
        ],
        [
            0.08210134506225586,
            -0.8468999862670898,
            -0.2509515583515167
        ],
        [
            0.07375436276197433,
            -0.8678510189056396,
            -0.2223474383354187
        ],
        [
            0.06991784274578094,
            -0.8668171167373657,
            -0.24965664744377136
        ],
        [
            0.08860264718532562,
            -0.7079717516899109,
            -0.2250661551952362
        ],
        [
            0.08882235735654831,
            -0.7269962430000305,
            -0.2245345562696457
        ],
        [
            0.07914341241121292,
            -0.6801696419715881,
            -0.23539815843105316
        ],
        [
            0.08947254717350006,
            -0.691059947013855,
            -0.22343650460243225
        ],
        [
            0.0563703291118145,
            -0.881210207939148,
            -0.2178288698196411
        ],
        [
            0.05073866248130798,
            -0.8807893991470337,
            -0.24895669519901276
        ],
        [
            0.08944624662399292,
            -0.8164967894554138,
            -0.18228648602962494
        ],
        [
            0.08952346444129944,
            -0.8328420519828796,
            -0.19240686297416687
        ],
        [
            0.0952267274260521,
            -0.819321870803833,
            -0.20745337009429932
        ],
        [
            0.0957721397280693,
            -0.806075394153595,
            -0.19643941521644592
        ],
        [
            0.0803074985742569,
