{
    "pred_cam": [
        1.885361671447754,
        0.034731052815914154,
        0.4902566969394684
    ],
    "pred_smpl_params": {
        "global_orient": [
            [
                [
                    0.9613614678382874,
                    0.2201932668685913,
                    -0.16522447764873505
                ],
                [
                    0.20865751802921295,
                    -0.9743387699127197,
                    -0.0844157412648201
                ],
                [
                    -0.17957238852977753,
                    0.046678707003593445,
                    -0.9826367497444153
                ]
            ]
        ],
        "body_pose": [
            [
                [
                    0.9671605229377747,
                    -0.19011645019054413,
                    -0.16868996620178223
                ],
                [
                    0.2196185439825058,
                    0.2910192608833313,
                    0.9311689734458923
                ],
                [
                    -0.12793849408626556,
                    -0.9376372694969177,
                    0.32321542501449585
                ]
            ],
            [
                [
                    0.9614635109901428,
                    0.20493341982364655,
                    0.1832764893770218
                ],
                [
                    -0.24761439859867096,
                    0.35576242208480835,
                    0.9011771082878113
                ],
                [
                    0.11947842687368393,
                    -0.9118307828903198,
                    0.39279705286026
                ]
            ],
            [
                [
                    0.9995318055152893,
                    0.030361654236912727,
                    -0.0037823771126568317
                ],
                [
                    -0.02298671007156372,
                    0.6635904312133789,
                    -0.7477428913116455
                ],
                [
                    -0.020192760974168777,
                    0.7474797368049622,
                    0.6639776825904846
                ]
            ],
            [
                [
                    0.9586362242698669,
                    0.16344168782234192,
                    -0.23303097486495972
                ],
                [
                    -0.06822673231363297,
                    -0.6628895998001099,
                    -0.7456021904945374
                ],
                [
                    -0.2763362526893616,
                    0.7306602001190186,
                    -0.6243188977241516
                ]
            ],
            [
                [
                    0.9625404477119446,
                    -0.13842937350273132,
                    0.23313769698143005
                ],
                [
                    0.10330551862716675,
                    -0.6077557802200317,
                    -0.7873759269714355
                ],
                [
                    0.25068676471710205,
                    0.7819656133651733,
                    -0.5706890225410461
                ]
            ],
            [
                [
                    0.9974399209022522,
                    -0.07031387835741043,
                    0.013022431172430515
                ],
                [
                    0.07040353119373322,
                    0.997497022151947,
                    -0.006558278109878302
                ],
                [
                    -0.012528698891401291,
                    0.0074583133682608604,
                    0.9998937249183655
                ]
            ],
            [
                [
                    0.9590518474578857,
                    -0.20104661583900452,
                    0.19949877262115479
                ],
                [
                    0.08429625630378723,
                    0.8750621676445007,
                    0.4766135811805725
                ],
                [
                    -0.27039533853530884,
                    -0.44028016924858093,
                    0.8561774492263794
                ]
            ],
            [
                [
                    0.9638996720314026,
                    0.12161321938037872,
                    -0.2368704229593277
                ],
                [
                    -0.010846669785678387,
                    0.9067976474761963,
                    0.42142656445503235
                ],
                [
                    0.26604458689689636,
                    -0.4036436975002289,
                    0.8753810524940491
                ]
            ],
            [
                [
                    0.9975570440292358,
                    -0.0635630190372467,
                    -0.028976889327168465
                ],
                [
                    0.06354252249002457,
                    0.9979777932167053,
                    -0.0016284817829728127
                ],
                [
                    0.02902180328965187,
                    -0.00021676122560165823,
                    0.9995787143707275
                ]
            ],
            [
                [
                    0.9926723837852478,
                    -0.04785822331905365,
                    0.11095587909221649
                ],
                [
                    0.0180189311504364,
                    0.9665863513946533,
                    0.2557072043418884
                ],
                [
                    -0.11948613077402115,
                    -0.2518341541290283,
                    0.9603659510612488
                ]
            ],
            [
                [
                    0.9945856332778931,
                    0.10300108790397644,
                    -0.013788270764052868
                ],
                [
                    -0.09570840001106262,
                    0.9595907926559448,
                    0.2646230459213257
                ],
                [
                    0.040487561374902725,
                    -0.2618706524372101,
                    0.964253306388855
                ]
            ],
            [
                [
                    0.9788832664489746,
                    -0.18411685526371002,
                    0.0888170525431633
                ],
                [
                    0.14705663919448853,
                    0.936050534248352,
                    0.31966179609298706
                ],
                [
                    -0.14199239015579224,
                    -0.2998504638671875,
                    0.9433597922325134
                ]
            ],
            [
                [
                    0.8769403100013733,
                    0.3360583782196045,
                    -0.34357020258903503
                ],
                [
                    -0.2955116927623749,
                    0.9408121705055237,
                    0.16596804559230804
                ],
                [
                    0.3790099322795868,
                    -0.0440150685608387,
                    0.9243453145027161
                ]
            ],
            [
                [
                    0.8669188618659973,
                    -0.3444015085697174,
                    0.36033210158348083
                ],
                [
                    0.29670533537864685,
                    0.9374362826347351,
                    0.18215139210224152
                ],
                [
                    -0.4005216062068939,
                    -0.0509980246424675,
                    0.9148669838905334
                ]
            ],
            [
                [
                    0.980933666229248,
                    -0.004824697971343994,
                    0.19428275525569916
                ],
                [
                    -0.028063198551535606,
                    0.985697865486145,
                    0.166169211268425
                ],
                [
                    -0.1923058032989502,
                    -0.1684531718492508,
                    0.9667688012123108
                ]
            ],
            [
                [
                    0.8760567307472229,
                    0.41281408071517944,
                    -0.24921712279319763
                ],
                [
                    -0.41912397742271423,
                    0.9074397087097168,
                    0.029803434386849403
                ],
                [
                    0.23845279216766357,
                    0.07834336906671524,
                    0.967988908290863
                ]
            ],
            [
                [
                    0.8368279337882996,
                    -0.46753987669944763,
                    0.28482553362846375
                ],
                [
                    0.46265870332717896,
                    0.882093608379364,
                    0.08864474296569824
                ],
                [
                    -0.29268771409988403,
                    0.057596586644649506,
                    0.9544719457626343
                ]
            ],
            [
                [
                    0.2782217562198639,
                    -0.37901434302330017,
                    -0.8825762867927551
                ],
                [
                    0.11207316815853119,
                    0.9253890514373779,
                    -0.3620701730251312
                ],
                [
                    0.953956127166748,
                    0.0018226951360702515,
                    0.29994070529937744
                ]
            ],
            [
                [
                    0.5701378583908081,
                    0.28455182909965515,
                    0.7706964612007141
                ],
                [
                    -0.18230612576007843,
                    0.9585334062576294,
                    -0.21903927624225616
                ],
                [
                    -0.8010663390159607,
                    -0.015620100311934948,
                    0.5983717441558838
                ]
            ],
            [
                [
                    0.9823186993598938,
                    -0.18476217985153198,
                    0.030216453596949577
                ],
                [
                    0.1827392429113388,
                    0.9111678600311279,
                    -0.3692960739135742
                ],
                [
                    0.04069967940449715,
                    0.3682881295681,
                    0.9288205504417419
                ]
            ],
            [
                [
                    0.9922032952308655,
                    0.11084255576133728,
                    -0.056976523250341415
                ],
                [
                    -0.12381608039140701,
                    0.9288212060928345,
                    -0.3492288291454315
                ],
                [
                    0.014211589470505714,
                    0.3535606861114502,
                    0.9353035688400269
                ]
            ],
            [
                [
                    0.990143358707428,
                    0.12329042702913284,
                    -0.06645013391971588
                ],
                [
                    -0.11260285973548889,
                    0.9828869104385376,
                    0.14578723907470703
                ],
                [
                    0.08328714221715927,
                    -0.13686779141426086,
                    0.9870818257331848
                ]
            ],
            [
                [
                    0.9868614077568054,
                    -0.1186591386795044,
                    0.10965711623430252
                ],
                [
                    0.10230091959238052,
                    0.9842227697372437,
                    0.14436079561710358
                ],
                [
                    -0.12505675852298737,
                    -0.13124606013298035,
                    0.9834303855895996
                ]
            ]
        ],
        "betas": [
            0.1513511836528778,
            0.13451850414276123,
            -0.5814570188522339,
            -0.27479204535484314,
            0.0463813841342926,
            -0.04969774931669235,
            -0.04957863688468933,
            0.10007524490356445,
            0.08185224235057831,
            -0.006538748741149902
        ]
    },
    "pred_cam_t": [
        0.034731052815914154,
        0.4902566969394684,
        20.718835830688477
    ],
    "focal_length": [
        5000.0,
        5000.0
    ],
    "pred_keypoints_3d": [
        [
            -0.011049900203943253,
            -0.6884905099868774,
            -0.39354202151298523
        ],
        [
            0.02193155139684677,
            -0.6168128252029419,
            -0.2098521739244461
        ],
        [
            -0.14905105531215668,
            -0.5540434718132019,
            -0.1201336532831192
        ],
        [
            -0.2923120856285095,
            -0.34507566690444946,
            -0.061113785952329636
        ],
        [
            -0.3637130558490753,
            -0.17902714014053345,
            -0.24913454055786133
        ],
        [
            0.18680745363235474,
            -0.5032640695571899,
            -0.2162712961435318
        ],
        [
            0.30724239349365234,
            -0.2652287483215332,
            -0.21811343729496002
        ],
        [
            0.16663585603237152,
            -0.14954209327697754,
            -0.39604562520980835
        ],
        [
            -0.0018071928061544895,
            -0.2191249132156372,
            0.027276944369077682
        ],
        [
            -0.08513826876878738,
            -0.1451035737991333,
            0.03982923924922943
        ],
        [
            -0.2869834005832672,
            -0.0665903389453888,
            -0.2852417826652527
        ],
        [
            -0.2042270451784134,
            0.148758664727211,
            0.05138975381851196
        ],
        [
            0.045479778200387955,
            -0.11574447900056839,
            0.017753906548023224
        ],
        [
            0.06731981784105301,
            -0.018812723457813263,
            -0.3523452877998352
        ],
        [
            0.01175183430314064,
            0.16479960083961487,
            0.0076445043087005615
        ],
        [
            -0.0469980463385582,
            -0.7272515296936035,
            -0.36092013120651245
        ],
        [
            0.020296409726142883,
            -0.7360621690750122,
            -0.36744004487991333
        ],
        [
            -0.07891658693552017,
            -0.7178750038146973,
            -0.2608417868614197
        ],
        [
            0.06794081628322601,
            -0.7359005212783813,
            -0.27681803703308105
        ],
        [
            0.019324257969856262,
            0.29378610849380493,
            -0.14170366525650024
        ],
        [
            0.08087068796157837,
            0.28404462337493896,
            -0.08710730075836182
        ],
        [
            0.019429964944720268,
            0.15569883584976196,
            0.07322978973388672
        ],
        [
            -0.30542412400245667,
            0.26264292001724243,
            -0.07588335871696472
        ],
        [
            -0.34432536363601685,
            0.22713619470596313,
            -0.0055387914180755615
        ],
        [
            -0.17962875962257385,
            0.1560015082359314,
            0.11952102184295654
        ],
        [
            -0.2195889800786972,
            0.09043638408184052,
            0.03691873326897621
        ],
        [
            -0.2663094401359558,
            -0.0848236009478569,
            -0.25463664531707764
        ],
        [
            -0.1350206583738327,
            -0.27521997690200806,
            0.08892464637756348
        ],
        [
            0.1576390117406845,
            -0.1971600502729416,
            0.04871632903814316
        ],
        [
            0.0802638977766037,
            -0.026377152651548386,
            -0.3295864760875702
        ],
        [
            0.0316648930311203,
            0.12487462908029556,
            -0.006656227167695761
        ],
        [
            -0.33538180589675903,
            -0.19755201041698456,
            -0.25348711013793945
        ],
        [
            -0.30776944756507874,
            -0.3701290488243103,
            -0.08552377671003342
        ],
        [
            -0.12293989956378937,
            -0.582361102104187,
            -0.13893699645996094
        ],
        [
            0.173908993601799,
            -0.5439190864562988,
            -0.22053536772727966
        ],
        [
            0.30544865131378174,
            -0.2955174446105957,
            -0.25392234325408936
        ],
        [
            0.16532333195209503,
            -0.1691703200340271,
            -0.3938511610031128
        ],
        [
            0.022983767092227936,
            -0.6065410375595093,
            -0.20855560898780823
        ],
        [
            -0.009750147350132465,
            -0.7770984172821045,
            -0.2891455292701721
        ],
        [
            0.010925223119556904,
            -0.23626041412353516,
            0.06954744458198547
        ],
        [
            0.02442115917801857,
            -0.5592862367630005,
            -0.1774635910987854
        ],
        [
            0.03749889135360718,
            -0.44128501415252686,
            -0.036819420754909515
        ],
        [
            0.005735832266509533,
            -0.6695573925971985,
            -0.3114466965198517
        ],
        [
            -0.014975243248045444,
            -0.7975350618362427,
            -0.28067755699157715
        ]
    ],
    "pred_vertices": [
        [
            0.0245822761207819,
            -0.7820805907249451,
            -0.37247079610824585
        ],
        [
            0.020505540072917938,
            -0.7668598890304565,
            -0.3777499198913574
        ],
        [
            0.03235799819231033,
            -0.7657995223999023,
            -0.3693804144859314
        ],
        [
            0.037095434963703156,
            -0.7775149345397949,
            -0.36107179522514343
        ],
        [
            0.029282987117767334,
            -0.7555986642837524,
            -0.3737599551677704
        ],
        [
            0.018632961437106133,
            -0.7559037208557129,
            -0.3790384531021118
        ],
        [
            0.04103122279047966,
            -0.7614593505859375,
            -0.3593096435070038
        ],
        [
            0.045784056186676025,
            -0.7701235413551331,
            -0.3498460054397583
        ],
        [
            0.05351283401250839,
            -0.7272394895553589,
            -0.34486520290374756
        ],
        [
            0.05867992714047432,
            -0.7233704328536987,
            -0.3349880874156952
        ],
        [
            0.05613288655877113,
            -0.7359461784362793,
            -0.33894556760787964
        ],
        [
            0.05012841150164604,
            -0.7361159324645996,
            -0.34683680534362793
        ],
        [
            0.05465760827064514,
            -0.7021744251251221,
            -0.33969029784202576
        ],
        [
            0.04868903011083603,
            -0.6916003823280334,
            -0.3468495309352875
        ],
        [
            0.05232774466276169,
            -0.6837153434753418,
            -0.3364547789096832
        ],
        [
            0.05679067224264145,
            -0.693956732749939,
            -0.3284696340560913
        ],
        [
            0.013615019619464874,
            -0.6997992992401123,
            -0.3692440688610077
        ],
        [
            0.019763147458434105,
            -0.6939133405685425,
            -0.3680567741394043
        ],
        [
            0.022909756749868393,
            -0.7010961771011353,
            -0.3678617775440216
        ],
        [
            0.016076382249593735,
            -0.7061805725097656,
            -0.3687092661857605
        ],
        [
            0.00248703733086586,
            -0.7079662084579468,
            -0.37561699748039246
        ],
        [
            0.0032180137932300568,
            -0.7138776779174805,
            -0.37265077233314514
        ],
        [
            -0.002340327948331833,
            -0.7167767882347107,
            -0.37781569361686707
        ],
        [
            -0.00228302925825119,
            -0.7101456522941589,
            -0.3817669153213501
        ],
        [
            0.009025387465953827,
            -0.6936752796173096,
            -0.3695599436759949
        ],
        [
            0.015326600521802902,
            -0.6876988410949707,
            -0.36746442317962646
        ],
        [
            0.008177272975444794,
            -0.7048048377037048,
            -0.37093135714530945
        ],
        [
            0.006166808307170868,
            -0.6999133825302124,
            -0.373039573431015
        ],
        [
            0.0029056407511234283,
            -0.6928659081459045,
            -0.3828480839729309
        ],
        [
            0.003994975239038467,
            -0.6978199481964111,
            -0.381671667098999
        ],
        [
            0.00015663355588912964,
            -0.698294997215271,
            -0.38874736428260803
        ],
        [
            -0.0005764216184616089,
            -0.692518949508667,
            -0.38750749826431274
        ],
        [
            0.006722293794155121,
            -0.6933721303939819,
            -0.3740708529949188
        ],
        [
            0.006587855517864227,
            -0.6961879730224609,
            -0.37679409980773926
        ],
        [
            0.004295129328966141,
            -0.6920694708824158,
            -0.37883639335632324
        ],
        [
            0.0034868866205215454,
            -0.6899120807647705,
            -0.3757137656211853
        ],
        [
            0.002097148448228836,
            -0.7038784027099609,
            -0.3783358335494995
        ],
        [
            -0.0015267729759216309,
            -0.7047792673110962,
            -0.38533371686935425
        ],
        [
            -0.00624716654419899,
            -0.7051963210105896,
            -0.3924099802970886
        ],
        [
            -0.004633001983165741,
            -0.696691632270813,
            -0.3951805830001831
        ],
        [
            0.032024167478084564,
            -0.6820475459098816,
            -0.3607071340084076
        ],
        [
            0.026400398463010788,
            -0.6884832382202148,
            -0.3654549717903137
        ],
        [
            0.021832231432199478,
            -0.682443380355835,
            -0.3655705749988556
        ],
        [
            0.027141161262989044,
            -0.6776604652404785,
            -0.36216768622398376
        ],
        [
            0.00539785623550415,
            -0.6867998838424683,
            -0.37207362055778503
        ],
        [
            0.010538553819060326,
            -0.6710093021392822,
            -0.37082746624946594
        ],
        [
            0.010428125038743019,
            -0.6749051809310913,
            -0.37150683999061584
        ],
        [
            0.0040183402597904205,
            -0.6748694181442261,
            -0.3752143979072571
        ],
        [
            0.004745401442050934,
            -0.6713333129882812,
            -0.37439486384391785
        ],
        [
            0.038773443549871445,
            -0.6689435243606567,
            -0.3506610691547394
        ],
        [
            0.03320477902889252,
            -0.6666250228881836,
            -0.35502132773399353
        ],
        [
            0.03448760509490967,
            -0.6599042415618896,
            -0.3515656590461731
        ],
        [
            0.039561644196510315,
            -0.660706102848053,
            -0.34612342715263367
        ],
        [
            0.032829780131578445,
            -0.6532837152481079,
            -0.34986916184425354
        ],
        [
            0.039295922964811325,
            -0.6524372100830078,
            -0.3420836329460144
        ],
        [
            0.031820692121982574,
            -0.636938750743866,
            -0.33944204449653625
        ],
        [
            0.03568781912326813,
            -0.6435768604278564,
            -0.34058982133865356
        ],
        [
            0.029635608196258545,
            -0.6467803716659546,
            -0.34947219491004944
        ],
        [
            0.02497689053416252,
            -0.6405012607574463,
            -0.3519696295261383
        ],
        [
            0.012275142595171928,
            -0.6437700986862183,
            -0.3608967661857605
        ],
        [
            0.006349403411149979,
            -0.6415182948112488,
            -0.3636016547679901
        ],
        [
            0.01212754100561142,
            -0.6298621892929077,
            -0.3594204783439636
        ],
        [
            0.01852814480662346,
            -0.6339321732521057,
            -0.3563012480735779
        ],
        [
            0.011523604393005371,
            -0.6652810573577881,
            -0.365852415561676
        ],
        [
            0.015581101179122925,
            -0.6660869717597961,
            -0.36314183473587036
        ],
        [
            0.015565630048513412,
            -0.6673924922943115,
            -0.3656350374221802
        ],
        [
            0.011159157380461693,
            -0.6678568124771118,
            -0.3688328266143799
        ],
        [
            0.01917450688779354,
            -0.6664319038391113,
            -0.36142662167549133
        ],
        [
            0.02083921991288662,
            -0.6664124727249146,
            -0.3606022000312805
        ],
        [
            0.02044702135026455,
            -0.6675887107849121,
            -0.36199066042900085
        ],
        [
            0.019169684499502182,
            -0.6675759553909302,
            -0.362120658159256
        ],
        [
            0.017207417637109756,
            -0.6668963432312012,
            -0.3627411127090454
        ],
        [
            0.016454452648758888,
            -0.664806067943573,
            -0.36288362741470337
        ],
        [
            0.018406737595796585,
            -0.6654917001724243,
            -0.3618987500667572
        ],
        [
            0.01283528096973896,
            -0.6633142232894897,
            -0.36545154452323914
        ],
        [
            -0.0004269257187843323,
            -0.6586389541625977,
            -0.3727324604988098
        ],
        [
            0.0037575475871562958,
            -0.6596885919570923,
            -0.37133699655532837
        ],
        [
            0.0019856393337249756,
            -0.6639602184295654,
            -0.3710220456123352
        ],
        [
            -0.001758430153131485,
            -0.6634494662284851,
            -0.3723125457763672
        ],
        [
            0.018322443589568138,
            -0.6695959568023682,
            -0.36396145820617676
        ],
        [
            0.0208278875797987,
            -0.6710424423217773,
            -0.36361968517303467
        ],
        [
            0.01661365106701851,
            -0.6730799674987793,
            -0.3673727512359619
        ],
        [
            0.015808623284101486,
            -0.6702120900154114,
            -0.36638638377189636
        ],
        [
            0.023413298651576042,
            -0.6735371351242065,
            -0.36371901631355286
        ],
        [
            0.022548260167241096,
            -0.6692002415657043,
            -0.36158421635627747
        ],
        [
            0.02507803589105606,
            -0.6702874302864075,
            -0.3608331084251404
        ],
        [
            0.02053770236670971,
            -0.6646157503128052,
            -0.3605084717273712
        ],
        [
            0.023327868431806564,
            -0.6633962392807007,
            -0.35880202054977417
        ],
        [
            0.02359882928431034,
            -0.6659950613975525,
            -0.36015230417251587
        ],
        [
            0.02169092930853367,
            -0.659788191318512,
            -0.35875439643859863
        ],
        [
            0.018219400197267532,
            -0.6622651815414429,
            -0.3612234592437744
        ],
        [
            0.014743123203516006,
            -0.6597721576690674,
            -0.36352086067199707
        ],
        [
            0.010098202154040337,
            -0.6573553085327148,
            -0.36658889055252075
        ],
        [
            0.013247843831777573,
            -0.6529635787010193,
            -0.36299991607666016
        ],
        [
            0.01812656596302986,
            -0.6561223268508911,
            -0.3603811264038086
        ],
        [
            0.01806733012199402,
            -0.6773023009300232,
            -0.3670092821121216
        ],
        [
            0.02777004987001419,
            -0.6661815643310547,
            -0.357918381690979
        ],
        [
            0.03041304647922516,
            -0.6732170581817627,
            -0.3583313226699829
        ],
        [
            0.028126362711191177,
            -0.6615011692047119,
            -0.35614025592803955
        ],
        [
            0.026501834392547607,
            -0.6566007137298584,
            -0.35516834259033203
        ],
        [
            0.023154184222221375,
            -0.6511883735656738,
            -0.35605448484420776
        ],
        [
            0.017837626859545708,
            -0.6474303007125854,
            -0.3583480417728424
        ],
        [
            0.01529662124812603,
            -0.6229691505432129,
            -0.34582650661468506
        ],
        [
            0.02330448478460312,
            -0.628517746925354,
            -0.3432471752166748
        ],
        [
            0.017755653709173203,
            -0.7485243678092957,
            -0.37571844458580017
        ],
        [
            0.026325779035687447,
            -0.749144434928894,
            -0.3733336925506592
        ],
        [
            0.028311099857091904,
            -0.7417060136795044,
            -0.3682441711425781
        ],
        [
            0.03016756661236286,
            -0.744310736656189,
            -0.36827704310417175
        ],
        [
            0.0241486094892025,
            -0.7446634769439697,
            -0.371538370847702
        ],
        [
            0.024090103805065155,
            -0.7419964075088501,
            -0.3704417943954468
        ],
        [
            0.04319336637854576,
            -0.7378804683685303,
            -0.3521541655063629
        ],
        [
            0.038020022213459015,
            -0.7388018369674683,
            -0.35692042112350464
        ],
        [
            0.038525693118572235,
            -0.7348604798316956,
            -0.35467594861984253
        ],
        [
            0.04539027810096741,
            -0.7310735583305359,
            -0.3503175973892212
        ],
        [
            0.031852155923843384,
            -0.7256555557250977,
            -0.36099934577941895
        ],
        [
            0.03603428602218628,
            -0.7275513410568237,
            -0.3576565384864807
        ],
        [
            0.03164604678750038,
            -0.7340797185897827,
            -0.3614252507686615
        ],
        [
            0.02839803695678711,
            -0.7326555252075195,
            -0.3636273741722107
        ],
        [
            0.024746987968683243,
            -0.7315859794616699,
            -0.36559048295021057
        ],
        [
            0.02039371430873871,
            -0.7305843234062195,
            -0.3664158582687378
        ],
        [
            0.021298343315720558,
            -0.7256746292114258,
            -0.36547720432281494
        ],
        [
            0.026576293632388115,
            -0.7254748344421387,
            -0.3637925386428833
        ],
        [
            0.01773817464709282,
            -0.7455736398696899,
            -0.3725835680961609
        ],
        [
            0.010593172162771225,
            -0.7433941960334778,
            -0.3719087839126587
        ],
        [
            0.012382613494992256,
            -0.741253137588501,
            -0.3709474205970764
        ],
        [
            0.018368428573012352,
            -0.7424727082252502,
            -0.371774822473526
        ],
        [
            0.0032989755272865295,
            -0.7336546778678894,
            -0.3651401996612549
        ],
        [
            0.004175480455160141,
            -0.7361104488372803,
            -0.36640429496765137
        ],
        [
            0.000476982444524765,
            -0.7369758486747742,
            -0.36769405007362366
        ],
        [
            0.00018262863159179688,
            -0.7325257062911987,
            -0.3664068579673767
        ],
        [
            0.0027685947716236115,
            -0.7299617528915405,
            -0.3663412630558014
        ],
        [
            0.004783477634191513,
            -0.7322743535041809,
            -0.36547836661338806
        ],
        [
            0.012735839933156967,
            -0.8027423024177551,
            -0.37222903966903687
        ],
        [
            0.009501978754997253,
            -0.7846251726150513,
            -0.3792676031589508
        ],
        [
            0.028424283489584923,
            -0.7989294528961182,
            -0.35927867889404297
        ],
        [
            0.041056063026189804,
            -0.7910661697387695,
            -0.3486219644546509
        ],
        [
            0.050366636365652084,
            -0.7792204022407532,
            -0.3383418917655945
        ],
        [
            0.04568222537636757,
            -0.6749415397644043,
            -0.3443777859210968
        ],
        [
            0.04781400039792061,
            -0.6668180227279663,
            -0.33710408210754395
        ],
        [
            0.0557442381978035,
            -0.6763731241226196,
            -0.32643672823905945
        ],
        [
            0.05467751622200012,
            -0.6661734580993652,
            -0.3205606937408447
        ],
        [
            0.04729665815830231,
            -0.65621018409729,
            -0.33220309019088745
        ],
        [
            0.03437976539134979,
            -0.6364224553108215,
            -0.3252500593662262
        ],
        [
            0.042619429528713226,
            -0.6452475786209106,
            -0.3282187581062317
        ],
        [
            0.05064796283841133,
            -0.655949056148529,
            -0.31355494260787964
        ],
        [
            0.05733831599354744,
            -0.6717124581336975,
            -0.3011174499988556
        ],
        [
            0.05916450172662735,
            -0.6778446435928345,
            -0.3097279667854309
        ],
        [
            0.06086528301239014,
            -0.6888200044631958,
            -0.2912912964820862
        ],
        [
            0.052862927317619324,
            -0.6648293733596802,
            -0.2883486747741699
        ],
        [
            0.05845429375767708,
            -0.6890267133712769,
            -0.2830374836921692
        ],
        [
            0.04107427969574928,
            -0.6262004375457764,
            -0.28025519847869873
        ],
        [
            0.04609382897615433,
            -0.6143771409988403,
            -0.2727016806602478
        ],
        [
            0.05993045121431351,
            -0.6256428956985474,
            -0.26674115657806396
        ],
        [
            0.054934993386268616,
            -0.6363353729248047,
            -0.2732003629207611
        ],
        [
            0.059452928602695465,
            -0.6858656406402588,
            -0.31828218698501587
        ],
        [
            0.056215789169073105,
            -0.7481964230537415,
            -0.33266252279281616
        ],
        [
            0.05235698074102402,
            -0.7462555170059204,
            -0.34367313981056213
        ],
        [
            0.05978940427303314,
            -0.7355259656906128,
            -0.32781508564949036
        ],
        [
            0.05133580416440964,
            -0.807827353477478,
            -0.3185597360134125
        ],
        [
            0.04576804116368294,
            -0.8016471266746521,
            -0.33507493138313293
        ],
        [
            0.05434228479862213,
            -0.7877457141876221,
            -0.3267974257469177
        ],
        [
            0.05885434150695801,
            -0.796230673789978,
            -0.31248801946640015
        ],
        [
            0.019847970455884933,
            -0.8378504514694214,
            -0.32927656173706055
        ],
        [
            0.017680536955595016,
            -0.82332444190979,
            -0.3519139289855957
        ],
        [
            0.030723141506314278,
            -0.8144217729568481,
            -0.3445277512073517
        ],
        [
            0.034908562898635864,
            -0.8255648016929626,
            -0.3256874084472656
        ],
        [
            0.06094935163855553,
            -0.7985576391220093,
            -0.29935723543167114
        ],
        [
            0.06187354028224945,
            -0.8020707368850708,
            -0.280615895986557
        ],
        [
            0.056503795087337494,
            -0.8176509737968445,
            -0.27542242407798767
        ],
        [
            0.05287666991353035,
            -0.8151545524597168,
            -0.29804253578186035
        ],
        [
            0.0423973985016346,
            -0.8359256982803345,
            -0.27028024196624756
        ],
        [
            0.04013432189822197,
            -0.8347396850585938,
            -0.29756706953048706
        ],
        [
            0.05843956768512726,
            -0.6773888468742371,
            -0.27141499519348145
        ],
        [
            0.05826593562960625,
            -0.6962631940841675,
            -0.27100273966789246
        ],
        [
            0.04977985471487045,
            -0.6493463516235352,
            -0.2815813422203064
        ],
        [
            0.059627968817949295,
            -0.6608057022094727,
            -0.2696453034877777
        ],
        [
            0.024708004668354988,
            -0.8490698337554932,
            -0.26678168773651123
        ],
        [
            0.02106139063835144,
            -0.8486506938934326,
            -0.29813137650489807
        ],
        [
            0.0559837780892849,
            -0.7855640649795532,
            -0.2291652411222458
        ],
        [
            0.05663922056555748,
            -0.8016752004623413,
            -0.23929038643836975
        ],
        [
            0.06328128278255463,
            -0.7881942391395569,
            -0.2538377046585083
        ],
        [
            0.06307905912399292,
            -0.7751592397689819,
