{
    "pred_cam": [
        2.1419572830200195,
        0.03424490988254547,
        0.42920592427253723
    ],
    "pred_smpl_params": {
        "global_orient": [
            [
                [
                    0.9815611839294434,
                    0.051954612135887146,
                    -0.18395176529884338
                ],
                [
                    0.12145186215639114,
                    -0.912641704082489,
                    0.3903005123138428
                ],
                [
                    -0.14760415256023407,
                    -0.4054451584815979,
                    -0.9021236300468445
                ]
            ]
        ],
        "body_pose": [
            [
                [
                    0.9677647948265076,
                    -0.23066912591457367,
                    -0.1011098101735115
                ],
                [
                    0.19502569735050201,
                    0.4323273003101349,
                    0.8803738355636597
                ],
                [
                    -0.15936250984668732,
                    -0.8717136979103088,
                    0.46337753534317017
                ]
            ],
            [
                [
                    0.9555419683456421,
                    0.20107178390026093,
                    0.21566098928451538
                ],
                [
                    -0.269060343503952,
                    0.29543542861938477,
                    0.9166921377182007
                ],
                [
                    0.12060702592134476,
                    -0.9339636564254761,
                    0.33640140295028687
                ]
            ],
            [
                [
                    0.9998002648353577,
                    -0.018597815185785294,
                    -0.007310166023671627
                ],
                [
                    0.007558261044323444,
                    0.6905920505523682,
                    -0.7232049107551575
                ],
                [
                    0.01849837228655815,
                    0.7230052947998047,
                    0.6905946731567383
                ]
            ],
            [
                [
                    0.9705032706260681,
                    0.1981649547815323,
                    -0.1373102068901062
                ],
                [
                    -0.06512174010276794,
                    -0.33289676904678345,
                    -0.9407119750976562
                ],
                [
                    -0.23212628066539764,
                    0.9219058752059937,
                    -0.31017255783081055
                ]
            ],
            [
                [
                    0.9667863845825195,
                    -0.1508394479751587,
                    0.20632874965667725
                ],
                [
                    0.13461972773075104,
                    -0.38569721579551697,
                    -0.9127514362335205
                ],
                [
                    0.21725934743881226,
                    0.9102115631103516,
                    -0.35258084535598755
                ]
            ],
            [
                [
                    0.9990459084510803,
                    -0.043033353984355927,
                    0.007441495545208454
                ],
                [
                    0.04218297451734543,
                    0.9949856996536255,
                    0.0906863734126091
                ],
                [
                    -0.011306720785796642,
                    -0.09028594940900803,
                    0.9958516955375671
                ]
            ],
            [
                [
                    0.9653549194335938,
                    -0.11208129674196243,
                    0.23564325273036957
                ],
                [
                    0.020383818075060844,
                    0.9326847791671753,
                    0.3601158559322357
                ],
                [
                    -0.2601431608200073,
                    -0.34283626079559326,
                    0.9026564955711365
                ]
            ],
            [
                [
                    0.9760445356369019,
                    0.06271522492170334,
                    -0.20833635330200195
                ],
                [
                    0.009889026172459126,
                    0.9437774419784546,
                    0.33043375611305237
                ],
                [
                    0.21734635531902313,
                    -0.32457825541496277,
                    0.9205486178398132
                ]
            ],
            [
                [
                    0.9990041851997375,
                    -0.03250005841255188,
                    -0.030567873269319534
                ],
                [
                    0.035041116178035736,
                    0.9956232309341431,
                    0.08664026856422424
                ],
                [
                    0.027618268504738808,
                    -0.08762512356042862,
                    0.9957706332206726
                ]
            ],
            [
                [
                    0.9890703558921814,
                    -0.11969421058893204,
                    0.08609972149133682
                ],
                [
                    0.10129624605178833,
                    0.975938081741333,
                    0.19309048354625702
                ],
                [
                    -0.10713981091976166,
                    -0.1822584867477417,
                    0.9773960113525391
                ]
            ],
            [
                [
                    0.9931690692901611,
                    0.11665288358926773,
                    -0.002725327853113413
                ],
                [
                    -0.11280636489391327,
                    0.9658679366111755,
                    0.2331821471452713
                ],
                [
                    0.029833676293492317,
                    -0.2312818318605423,
                    0.9724293351173401
                ]
            ],
            [
                [
                    0.9811562895774841,
                    -0.13543689250946045,
                    0.1378016620874405
                ],
                [
                    0.07863900810480118,
                    0.9313720464706421,
                    0.3554743528366089
                ],
                [
                    -0.1764889508485794,
                    -0.3379392921924591,
                    0.9244721531867981
                ]
            ],
            [
                [
                    0.8902397751808167,
                    0.2726452946662903,
                    -0.3648805618286133
                ],
                [
                    -0.19968350231647491,
                    0.9535945653915405,
                    0.22535286843776703
                ],
                [
                    0.40938952565193176,
                    -0.12775743007659912,
                    0.9033705592155457
                ]
            ],
            [
                [
                    0.8689132332801819,
                    -0.2799997627735138,
                    0.4081542491912842
                ],
                [
                    0.19699716567993164,
                    0.952122151851654,
                    0.23378542065620422
                ],
                [
                    -0.4540725350379944,
                    -0.12273401767015457,
                    0.8824706673622131
                ]
            ],
            [
                [
                    0.9768888354301453,
                    0.01688237488269806,
                    0.2130802422761917
                ],
                [
                    -0.08222880959510803,
                    0.9498404860496521,
                    0.3017306625843048
                ],
                [
                    -0.1972983181476593,
                    -0.3122786283493042,
                    0.9292767643928528
                ]
            ],
            [
                [
                    0.8688080310821533,
                    0.3957773745059967,
                    -0.2975447177886963
                ],
                [
                    -0.3467397391796112,
                    0.9152837991714478,
                    0.20500536262989044
                ],
                [
                    0.35347428917884827,
                    -0.07493972778320312,
                    0.9324376583099365
                ]
            ],
            [
                [
                    0.7648688554763794,
                    -0.4879676401615143,
                    0.42055103182792664
                ],
                [
                    0.44175371527671814,
                    0.8724745512008667,
                    0.20890608429908752
                ],
                [
                    -0.4688594937324524,
                    0.025994233787059784,
                    0.8828901648521423
                ]
            ],
            [
                [
                    0.3008610010147095,
                    -0.3718419075012207,
                    -0.8781891465187073
                ],
                [
                    0.4284488260746002,
                    0.8753923773765564,
                    -0.22387433052062988
                ],
                [
                    0.8520059585571289,
                    -0.30890408158302307,
                    0.4226866662502289
                ]
            ],
            [
                [
                    0.402638703584671,
                    0.3656288981437683,
                    0.8391648530960083
                ],
                [
                    -0.3292526602745056,
                    0.9132504463195801,
                    -0.23993004858493805
                ],
                [
                    -0.8540929555892944,
                    -0.17969214916229248,
                    0.4880942702293396
                ]
            ],
            [
                [
                    0.982379674911499,
                    -0.182218536734581,
                    0.04155220463871956
                ],
                [
                    0.1852661669254303,
                    0.9201399087905884,
                    -0.34499117732048035
                ],
                [
                    0.024629952386021614,
                    0.34661054611206055,
                    0.9376856684684753
                ]
            ],
            [
                [
                    0.9903778433799744,
                    0.12330617010593414,
                    -0.06282630562782288
                ],
                [
                    -0.13625583052635193,
                    0.948239266872406,
                    -0.2868390679359436
                ],
                [
                    0.024205349385738373,
                    0.2926395535469055,
                    0.9559163451194763
                ]
            ],
            [
                [
                    0.9863535761833191,
                    0.14642749726772308,
                    -0.07527006417512894
                ],
                [
                    -0.13684649765491486,
                    0.9833359122276306,
                    0.11968085914850235
                ],
                [
                    0.09154032915830612,
                    -0.10774720460176468,
                    0.9899550080299377
                ]
            ],
            [
                [
                    0.9817562103271484,
                    -0.13338704407215118,
                    0.1355087161064148
                ],
                [
                    0.12089689075946808,
                    0.9879544973373413,
                    0.09659189730882645
                ],
                [
                    -0.14676052331924438,
                    -0.0784471184015274,
                    0.9860565662384033
                ]
            ]
        ],
        "betas": [
            0.05838051438331604,
            0.21432244777679443,
            -0.5564625263214111,
            -0.2444065511226654,
            0.08272936940193176,
            -0.016814615577459335,
            0.02736249566078186,
            0.11321359872817993,
            0.07598252594470978,
            -0.043286919593811035
        ]
    },
    "pred_cam_t": [
        0.03424490988254547,
        0.42920592427253723,
        18.23682403564453
    ],
    "focal_length": [
        5000.0,
        5000.0
    ],
    "pred_keypoints_3d": [
        [
            -0.06489451974630356,
            -0.5600610375404358,
            -0.5273650884628296
        ],
        [
            -0.04190109670162201,
            -0.5154923796653748,
            -0.3337401747703552
        ],
        [
            -0.20433802902698517,
            -0.46151572465896606,
            -0.2377733737230301
        ],
        [
            -0.315643310546875,
            -0.23262156546115875,
            -0.19143421947956085
        ],
        [
            -0.33927297592163086,
            -0.10491959750652313,
            -0.4160004258155823
        ],
        [
            0.13099655508995056,
            -0.4272729158401489,
            -0.32359328866004944
        ],
        [
            0.2611510157585144,
            -0.19601893424987793,
            -0.32913413643836975
        ],
        [
            0.1916232705116272,
            -0.11003993451595306,
            -0.5566876530647278
        ],
        [
            -0.001791513990610838,
            -0.2178928405046463,
            0.026344265788793564
        ],
        [
            -0.07071088254451752,
            -0.14631395041942596,
            0.07716434448957443
        ],
        [
            -0.2568269371986389,
            0.07917247712612152,
            -0.17963922023773193
        ],
        [
            -0.1895068734884262,
            0.224491685628891,
            0.1931462585926056
        ],
        [
            0.06195683777332306,
            -0.13008031249046326,
            0.059769075363874435
        ],
        [
            0.11424362659454346,
            0.15803262591362,
            -0.18544189631938934
        ],
        [
            0.06958508491516113,
            0.26022329926490784,
            0.20456035435199738
        ],
        [
            -0.10453228652477264,
            -0.5998574495315552,
            -0.5011305212974548
        ],
        [
            -0.03730224445462227,
            -0.6107956767082214,
            -0.5030659437179565
        ],
        [
            -0.14416521787643433,
            -0.5960299372673035,
            -0.40321993827819824
        ],
        [
            0.0030360305681824684,
            -0.6186830401420593,
            -0.4095122516155243
        ],
        [
            0.11297102272510529,
            0.43241286277770996,
            0.11710256338119507
        ],
        [
            0.16567572951316833,
            0.3915073871612549,
            0.16540533304214478
        ],
        [
            0.06774982810020447,
            0.22991693019866943,
            0.2654237747192383
        ],
        [
            -0.2660176455974579,
            0.3801579773426056,
            0.09786230325698853
        ],
        [
            -0.31314772367477417,
            0.33421561121940613,
            0.15507209300994873
        ],
        [
            -0.1695682257413864,
            0.212175190448761,
            0.2627266049385071
        ],
        [
            -0.20669321715831757,
            0.17180344462394714,
            0.16693729162216187
        ],
        [
            -0.2380094975233078,
            0.04488849639892578,
            -0.16167229413986206
        ],
        [
            -0.14045868813991547,
            -0.27426478266716003,
            0.0683993473649025
        ],
        [
            0.1563808172941208,
            -0.23208747804164886,
            0.040835972875356674
        ],
        [
            0.12489539384841919,
            0.1328974813222885,
            -0.17597059905529022
        ],
        [
            0.08103617280721664,
            0.22274677455425262,
            0.18192434310913086
        ],
        [
            -0.3148989677429199,
            -0.1283273994922638,
            -0.4136274755001068
        ],
        [
            -0.3325836658477783,
            -0.2580622434616089,
            -0.21688520908355713
        ],
        [
            -0.17999139428138733,
            -0.4842733144760132,
            -0.2614603340625763
        ],
        [
            0.11373590677976608,
            -0.4617859721183777,
            -0.33439111709594727
        ],
        [
            0.2636999785900116,
            -0.23001903295516968,
            -0.36170873045921326
        ],
        [
            0.18895314633846283,
            -0.12867243587970734,
            -0.5530211925506592
        ],
        [
            -0.039142999798059464,
            -0.5091291666030884,
            -0.33076316118240356
        ],
        [
            -0.07437147200107574,
            -0.6554087996482849,
            -0.43061596155166626
        ],
        [
            0.007469533942639828,
            -0.25343894958496094,
            0.05500873923301697
        ],
        [
            -0.03373061120510101,
            -0.4699259102344513,
            -0.2934878468513489
        ],
        [
            -0.006550019606947899,
            -0.3958166539669037,
            -0.1257728487253189
        ],
        [
            -0.053558286279439926,
            -0.5485039353370667,
            -0.44237637519836426
        ],
        [
            -0.08105417340993881,
            -0.6766166090965271,
            -0.4239959120750427
        ]
    ],
    "pred_vertices": [
        [
            -0.033950090408325195,
            -0.6549876928329468,
            -0.510728120803833
        ],
        [
            -0.037591882050037384,
            -0.6395688056945801,
            -0.5145789980888367
        ],
        [
            -0.026109101250767708,
            -0.6394578218460083,
            -0.505664587020874
        ],
        [
            -0.022390315309166908,
            -0.6517378091812134,
            -0.4983742833137512
        ],
        [
            -0.02874927781522274,
            -0.6290901899337769,
            -0.5094157457351685
        ],
        [
            -0.03873395919799805,
            -0.6290985345840454,
            -0.5155706405639648
        ],
        [
            -0.018189173191785812,
            -0.6363064050674438,
            -0.49488985538482666
        ],
        [
            -0.014439966529607773,
            -0.6458581686019897,
            -0.48590385913848877
        ],
        [
            -0.0066949762403965,
            -0.6048328876495361,
            -0.4771822690963745
        ],
        [
            -0.002139582298696041,
            -0.6021853685379028,
            -0.46689093112945557
        ],
        [
            -0.004608111921697855,
            -0.6133341193199158,
            -0.47153326869010925
        ],
        [
            -0.009859567508101463,
            -0.612595796585083,
            -0.48000308871269226
        ],
        [
            -0.004544565919786692,
            -0.5797185897827148,
            -0.4704124331474304
        ],
        [
            -0.009195293299853802,
            -0.5688343048095703,
            -0.4768882989883423
        ],
        [
            -0.006023954134434462,
            -0.5619494318962097,
            -0.46574974060058594
        ],
        [
            -0.0026612989604473114,
            -0.5728185772895813,
            -0.4582958221435547
        ],
        [
            -0.04263775795698166,
            -0.5740152597427368,
            -0.5024668574333191
        ],
        [
            -0.036499105393886566,
            -0.5684914588928223,
            -0.5002226829528809
        ],
        [
            -0.03363381326198578,
            -0.5757665634155273,
            -0.5002926588058472
        ],
        [
            -0.04049135372042656,
            -0.5804876089096069,
            -0.5021381378173828
        ],
        [
            -0.053493794053792953,
            -0.581043004989624,
            -0.5101337432861328
        ],
        [
            -0.05321718007326126,
            -0.5871358513832092,
            -0.5075099468231201
        ],
        [
            -0.058391325175762177,
            -0.5894367694854736,
            -0.513309895992279
        ],
        [
            -0.057824186980724335,
            -0.5825273394584656,
            -0.5167526602745056
        ],
        [
            -0.046999961137771606,
            -0.5676676034927368,
            -0.5027878880500793
        ],
        [
            -0.04070597141981125,
            -0.5621516704559326,
            -0.49966397881507874
        ],
        [
            -0.048132382333278656,
            -0.5785969495773315,
            -0.5049419403076172
        ],
        [
            -0.04972459375858307,
            -0.5734513401985168,
            -0.506768524646759
        ],
        [
            -0.05209900438785553,
            -0.5654551982879639,
            -0.5161577463150024
        ],
        [
            -0.0512523427605629,
            -0.5705526471138,
            -0.515280544757843
        ],
        [
            -0.054545387625694275,
            -0.5704740881919861,
            -0.5226395726203918
        ],
        [
            -0.05519089102745056,
            -0.5647454857826233,
            -0.5209875106811523
        ],
        [
            -0.04887755960226059,
            -0.5670689344406128,
            -0.5073250532150269
        ],
        [
            -0.048921022564172745,
            -0.569607675075531,
            -0.5102186799049377
        ],
        [
            -0.0509188137948513,
            -0.5652816891670227,
            -0.5120829343795776
        ],
        [
            -0.05183913931250572,
            -0.5633264780044556,
            -0.5089269280433655
        ],
        [
            -0.05350346118211746,
            -0.5770073533058167,
            -0.512620210647583
        ],
        [
            -0.056625448167324066,
            -0.5771411657333374,
            -0.5198962092399597
        ],
        [
            -0.0607772022485733,
            -0.5768301486968994,
            -0.5273014307022095
        ],
        [
            -0.05873982235789299,
            -0.5681015849113464,
            -0.5292190909385681
        ],
        [
            -0.024457165971398354,
            -0.5578408241271973,
            -0.4910476803779602
        ],
        [
            -0.029859893023967743,
            -0.5639262795448303,
            -0.4967521131038666
        ],
        [
            -0.03417394310235977,
            -0.5574422478675842,
            -0.49687033891677856
        ],
        [
            -0.02896048128604889,
            -0.5531359910964966,
            -0.49271148443222046
        ],
        [
            -0.0499955378472805,
            -0.5605727434158325,
            -0.504952073097229
        ],
        [
            -0.04453207552433014,
            -0.5452138185501099,
            -0.5017814636230469
        ],
        [
            -0.044718850404024124,
            -0.5489559173583984,
            -0.5028250813484192
        ],
        [
            -0.05081966519355774,
            -0.5483773350715637,
            -0.5070176720619202
        ],
        [
            -0.05005790293216705,
            -0.5449930429458618,
            -0.5058073997497559
        ],
        [
            -0.01813375949859619,
            -0.5457343459129333,
            -0.4795522391796112
        ],
        [
            -0.023202795535326004,
            -0.5428410172462463,
            -0.4841501712799072
        ],
        [
            -0.022008586674928665,
            -0.5364643931388855,
            -0.4800223112106323
        ],
        [
            -0.017520107328891754,
            -0.5377455949783325,
            -0.4742927551269531
        ],
        [
            -0.02378835342824459,
            -0.529377818107605,
            -0.4778122901916504
        ],
        [
            -0.017989030107855797,
            -0.5293772220611572,
            -0.46962255239486694
        ],
        [
            -0.025033393874764442,
            -0.513879656791687,
            -0.46594396233558655
        ],
        [
            -0.02136508747935295,
            -0.5205077528953552,
            -0.4674922823905945
        ],
        [
            -0.026702258735895157,
            -0.5227522253990173,
            -0.476996511220932
        ],
        [
            -0.0309287179261446,
            -0.5160698294639587,
            -0.4791540503501892
        ],
        [
            -0.04259677231311798,
            -0.5190867185592651,
            -0.48961278796195984
        ],
        [
            -0.0482289120554924,
            -0.5161424875259399,
            -0.49264994263648987
        ],
        [
            -0.042435891926288605,
            -0.5050020217895508,
            -0.4867405295372009
        ],
        [
            -0.036784231662750244,
            -0.5089778900146484,
            -0.48336100578308105
        ],
        [
            -0.04376954585313797,
            -0.5399224162101746,
            -0.49643945693969727
        ],
        [
            -0.03995691239833832,
            -0.5411638617515564,
            -0.49348944425582886
        ],
        [
            -0.0397910512983799,
            -0.5422958135604858,
            -0.4961128532886505
        ],
        [
            -0.04393956810235977,
            -0.5423874258995056,
            -0.49966806173324585
        ],
        [
            -0.03649849444627762,
            -0.541848361492157,
            -0.4915919601917267
        ],
        [
            -0.03489779680967331,
            -0.5418986678123474,
            -0.49068203568458557
        ],
        [
            -0.035207599401474,
            -0.5429599285125732,
            -0.49218177795410156
        ],
        [
            -0.036450572311878204,
            -0.5432521104812622,
            -0.49245011806488037
        ],
        [
            -0.03836263343691826,
            -0.5424026250839233,
            -0.49311351776123047
        ],
        [
            -0.039078909903764725,
            -0.5402483940124512,
            -0.4931004047393799
        ],
        [
            -0.03724810853600502,
            -0.5408049821853638,
            -0.49200648069381714
        ],
        [
            -0.042414844036102295,
            -0.538368284702301,
            -0.49581050872802734
        ],
        [
            -0.05486699193716049,
            -0.5321992039680481,
            -0.5036763548851013
        ],
        [
            -0.05086776614189148,
            -0.5336423516273499,
            -0.5021554827690125
        ],
        [
            -0.05282533913850784,
            -0.5379191637039185,
            -0.5022934675216675
        ],
        [
            -0.056416548788547516,
            -0.5369948744773865,
            -0.5036834478378296
        ],
        [
            -0.03715752065181732,
            -0.544962465763092,
            -0.4944134056568146
        ],
        [
            -0.03486958518624306,
            -0.5462055206298828,
            -0.49402129650115967
        ],
        [
            -0.03887516260147095,
            -0.5477803349494934,
            -0.49825701117515564
        ],
        [
            -0.039651330560445786,
            -0.5450112223625183,
            -0.49705061316490173
        ],
        [
            -0.03235754743218422,
            -0.5489374399185181,
            -0.4942223131656647
        ],
        [
            -0.033227723091840744,
            -0.5446329712867737,
            -0.49180617928504944
        ],
        [
            -0.03075033612549305,
            -0.5456985235214233,
            -0.49085551500320435
        ],
        [
            -0.035173200070858,
            -0.5401455760002136,
            -0.49043452739715576
        ],
        [
            -0.03247535601258278,
            -0.5391120314598083,
            -0.48849597573280334
        ],
        [
            -0.032152123749256134,
            -0.5415863990783691,
            -0.49004927277565
        ],
        [
            -0.03407067060470581,
            -0.5355105400085449,
            -0.48814037442207336
        ],
        [
            -0.03740677237510681,
            -0.5376508831977844,
            -0.49103355407714844
        ],
        [
            -0.04063038527965546,
            -0.5348368287086487,
            -0.49334001541137695
        ],
        [
            -0.04489154368638992,
            -0.5320140719413757,
            -0.49659669399261475
        ],
        [
            -0.04188573732972145,
            -0.5280579328536987,
            -0.4923776388168335
        ],
        [
            -0.037393879145383835,
            -0.5315947532653809,
            -0.48962563276290894
        ],
        [
            -0.03757607564330101,
            -0.5519700050354004,
            -0.49800679087638855
        ],
        [
            -0.028217505663633347,
            -0.5420904755592346,
            -0.48752883076667786
        ],
        [
            -0.02586033195257187,
            -0.5490406155586243,
            -0.4882715344429016
        ],
        [
            -0.02788607031106949,
            -0.5375658869743347,
            -0.48534461855888367
        ],
        [
            -0.02945869043469429,
            -0.5326681137084961,
            -0.4839906394481659
        ],
        [
            -0.032845500856637955,
            -0.5264999866485596,
            -0.4844401478767395
        ],
        [
            -0.0374552384018898,
            -0.523091197013855,
            -0.486861914396286
        ],
        [
            -0.04012852907180786,
            -0.49944424629211426,
            -0.4719564616680145
        ],
        [
            -0.032882656902074814,
            -0.50490403175354,
            -0.4692039489746094
        ],
        [
            -0.039564698934555054,
            -0.6221979260444641,
            -0.5119317770004272
        ],
        [
            -0.031210489571094513,
            -0.6232280731201172,
            -0.508973240852356
        ],
        [
            -0.02939632162451744,
            -0.6163135170936584,
            -0.5033708810806274
        ],
        [
            -0.027747943997383118,
            -0.6190310120582581,
            -0.5035185813903809
        ],
        [
            -0.033415958285331726,
            -0.6189088821411133,
            -0.5070217251777649
        ],
        [
            -0.03346654027700424,
            -0.6164048910140991,
            -0.5058424472808838
        ],
        [
            -0.01585957035422325,
            -0.6142963767051697,
            -0.48609840869903564
        ],
        [
            -0.02042212523519993,
            -0.6146336793899536,
            -0.4913720488548279
        ],
        [
            -0.020072091370821,
            -0.6106481552124023,
            -0.48882806301116943
        ],
        [
            -0.013774777762591839,
            -0.6075822114944458,
            -0.48360925912857056
        ],
        [
            -0.025878746062517166,
            -0.6009498834609985,
            -0.4948567748069763
        ],
        [
            -0.022158898413181305,
            -0.6031515598297119,
            -0.49127984046936035
        ],
        [
            -0.026299024000763893,
            -0.609500527381897,
            -0.49601852893829346
        ],
        [
            -0.02927560918033123,
            -0.6078566908836365,
            -0.4983441233634949
        ],
        [
            -0.032736532390117645,
            -0.6065288782119751,
            -0.5005059838294983
        ],
        [
            -0.03700876981019974,
            -0.6050064563751221,
            -0.5015304088592529
        ],
        [
            -0.03595595806837082,
            -0.6004785299301147,
            -0.5001546740531921
        ],
        [
            -0.0308461282402277,
            -0.600651204586029,
            -0.49806392192840576
        ],
        [
            -0.039677295833826065,
            -0.6196788549423218,
            -0.5087146759033203
        ],
        [
            -0.04678254947066307,
            -0.616986870765686,
            -0.5084338188171387
        ],
        [
            -0.04496382176876068,
            -0.6152123808860779,
            -0.5072942972183228
        ],
        [
            -0.03900372236967087,
            -0.6166896224021912,
            -0.5077438950538635
        ],
        [
            -0.05417906492948532,
            -0.6074584722518921,
            -0.501840353012085
        ],
        [
            -0.0532955601811409,
            -0.6098114252090454,
            -0.5032010078430176
        ],
        [
            -0.05688873678445816,
            -0.610501229763031,
            -0.5048017501831055
        ],
        [
            -0.0571148619055748,
            -0.6061508655548096,
            -0.5032562613487244
        ],
        [
            -0.05445035174489021,
            -0.6037505269050598,
            -0.5029805302619934
        ],
        [
            -0.05264691635966301,
            -0.6061743497848511,
            -0.5021764636039734
        ],
        [
            -0.046594537794589996,
            -0.6749430894851685,
            -0.5128045678138733
        ],
        [
            -0.048716820776462555,
            -0.6565167307853699,
            -0.5183131694793701
        ],
        [
            -0.03162949159741402,
            -0.6727043390274048,
            -0.49898892641067505
        ],
        [
            -0.020194951444864273,
            -0.6662323474884033,
            -0.48651987314224243
        ],
        [
            -0.011133323423564434,
            -0.6558459401130676,
            -0.4748747944831848
        ],
        [
            -0.011838031932711601,
            -0.5524012446403503,
            -0.47333824634552
        ],
        [
            -0.010102218948304653,
            -0.5448321104049683,
            -0.46529316902160645
        ],
        [
            -0.0035521946847438812,
            -0.5551621317863464,
            -0.45523273944854736
        ],
        [
            -0.004839428700506687,
            -0.5454686880111694,
            -0.44861191511154175
        ],
        [
            -0.010978764854371548,
            -0.5343155264854431,
            -0.4597063660621643
        ],
        [
            -0.02385580539703369,
            -0.5147898197174072,
            -0.4511072635650635
        ],
        [
            -0.015692856162786484,
            -0.5236183404922485,
            -0.45488014817237854
        ],
        [
            -0.009409659542143345,
            -0.5358908772468567,
            -0.44083842635154724
        ],
        [
            -0.00424270099028945,
            -0.5528013110160828,
            -0.4295627474784851
        ],
        [
            -0.0016671894118189812,
            -0.5579217672348022,
            -0.4380427598953247
        ],
        [
            -0.002458571456372738,
            -0.5707017183303833,
            -0.4213670492172241
        ],
        [
            -0.009744297713041306,
            -0.5472830533981323,
            -0.4162576198577881
        ],
        [
            -0.00555063784122467,
            -0.5716052055358887,
            -0.4133507013320923
        ],
        [
            -0.01992146298289299,
            -0.5107182264328003,
            -0.4033697843551636
        ],
        [
            -0.014416197314858437,
            -0.5011332035064697,
            -0.39316052198410034
        ],
        [
            -0.0014877226203680038,
            -0.5137382745742798,
            -0.3891422152519226
        ],
        [
            -0.006922416388988495,
            -0.5223019123077393,
            -0.39757421612739563
        ],
        [
            -0.0007855435833334923,
            -0.5656682848930359,
            -0.4472556710243225
        ],
        [
            -0.00473581999540329,
            -0.626136302947998,
            -0.4666098356246948
        ],
        [
            -0.00797741487622261,
            -0.6229801177978516,
            -0.4772699475288391
        ],
        [
            -0.0017848778516054153,
            -0.6137357950210571,
            -0.4601605534553528
        ],
        [
            -0.012583826668560505,
            -0.6861211061477661,
            -0.4576197862625122
        ],
        [
            -0.01682271808385849,
            -0.6782999634742737,
            -0.47381532192230225
        ],
        [
            -0.008051346987485886,
            -0.6653851866722107,
            -0.46412110328674316
        ],
        [
            -0.005261654034256935,
            -0.6750696301460266,
            -0.4503173828125
        ],
        [
            -0.043746016919612885,
            -0.7138031125068665,
            -0.4726064205169678
        ],
        [
            -0.04392874985933304,
            -0.6973936557769775,
            -0.49423927068710327
        ],
        [
            -0.03155963122844696,
            -0.6895024180412292,
            -0.4851126968860626
        ],
        [
            -0.02879674732685089,
            -0.7025063037872314,
            -0.46718859672546387
        ],
        [
            -0.004230869002640247,
            -0.6783495545387268,
            -0.4373363256454468
        ],
        [
            -0.004708150401711464,
            -0.6833666563034058,
            -0.4190753102302551
        ],
        [
            -0.011171054095029831,
            -0.6985940933227539,
            -0.41544675827026367
        ],
        [
            -0.012538301758468151,
            -0.6947718858718872,
            -0.4378589689731598
        ],
        [
            -0.026181157678365707,
            -0.7167443633079529,
            -0.4128885865211487
        ],
        [
            -0.026501042768359184,
            -0.7136163711547852,
            -0.43973779678344727
        ],
        [
            -0.005383426323533058,
            -0.5616785287857056,
            -0.40072426199913025
        ],
        [
            -0.0063453796319663525,
            -0.5797706842422485,
            -0.4023052453994751
        ],
        [
            -0.01250271126627922,
            -0.5331141948699951,
            -0.40796977281570435
        ],
        [
            -0.0034741568379104137,
            -0.5462309718132019,
            -0.39725053310394287
        ],
        [
            -0.04462141916155815,
            -0.7293747663497925,
            -0.4113891124725342
        ],
        [
            -0.04570384696125984,
            -0.7266407608985901,
            -0.44259607791900635
        ],
        [
            -0.014606372453272343,
            -0.6708905100822449,
            -0.36781540513038635
        ],
        [
            -0.013233625330030918,
            -0.6861026883125305,
            -0.37851545214653015
        ],
        [
            -0.005349274724721909,
            -0.6719102263450623,
            -0.39162272214889526
        ],
