{
    "pred_cam": [
        2.23799729347229,
        0.0030076149851083755,
        0.4375397861003876
    ],
    "pred_smpl_params": {
        "global_orient": [
            [
                [
                    0.9798590540885925,
                    0.02606407180428505,
                    -0.1979822963476181
                ],
                [
                    0.1508023738861084,
                    -0.7464920282363892,
                    0.6480804085731506
                ],
                [
                    -0.13090062141418457,
                    -0.6648836135864258,
                    -0.7353875041007996
                ]
            ]
        ],
        "body_pose": [
            [
                [
                    0.9839490652084351,
                    -0.1653210073709488,
                    0.06717958301305771
                ],
                [
                    0.1312461793422699,
                    0.9255074858665466,
                    0.3552609384059906
                ],
                [
                    -0.12090732157230377,
                    -0.34074166417121887,
                    0.9323499798774719
                ]
            ],
            [
                [
                    0.9704592227935791,
                    0.23790398240089417,
                    -0.04013325273990631
                ],
                [
                    -0.21054117381572723,
                    0.9163087010383606,
                    0.3406623303890228
                ],
                [
                    0.11781936883926392,
                    -0.3221491575241089,
                    0.9393287897109985
                ]
            ],
            [
                [
                    0.9997240900993347,
                    -0.023453906178474426,
                    0.0012937149731442332
                ],
                [
                    0.02185124345123768,
                    0.9083766341209412,
                    -0.41758158802986145
                ],
                [
                    0.008618739433586597,
                    0.41749462485313416,
                    0.9086384773254395
                ]
            ],
            [
                [
                    0.9888652563095093,
                    0.14323535561561584,
                    -0.040361497551202774
                ],
                [
                    -0.09646518528461456,
                    0.4104635417461395,
                    -0.9067602157592773
                ],
                [
                    -0.11331315338611603,
                    0.9005572199821472,
                    0.4197103679180145
                ]
            ],
            [
                [
                    0.9837428331375122,
                    -0.14040185511112213,
                    0.11197005212306976
                ],
                [
                    0.15847432613372803,
                    0.3854207396507263,
                    -0.9090306758880615
                ],
                [
                    0.08447400480508804,
                    0.9119968414306641,
                    0.4014049768447876
                ]
            ],
            [
                [
                    0.9991284608840942,
                    -0.04153123497962952,
                    -0.004180424846708775
                ],
                [
                    0.04171021282672882,
                    0.9972215294837952,
                    0.061720702797174454
                ],
                [
                    0.0016054725274443626,
                    -0.06184127926826477,
                    0.9980846643447876
                ]
            ],
            [
                [
                    0.9741649031639099,
                    -0.017332056537270546,
                    0.22517171502113342
                ],
                [
                    -0.028173351660370827,
                    0.9799351692199707,
                    0.1973152905702591
                ],
                [
                    -0.22407355904579163,
                    -0.19856148958206177,
                    0.9541301727294922
                ]
            ],
            [
                [
                    0.976818859577179,
                    -0.011056367307901382,
                    -0.21378202736377716
                ],
                [
                    0.04720712825655937,
                    0.9852054715156555,
                    0.16474734246730804
                ],
                [
                    0.20879772305488586,
                    -0.17102032899856567,
                    0.9628892540931702
                ]
            ],
            [
                [
                    0.999234139919281,
                    -0.026411253958940506,
                    -0.028874050825834274
                ],
                [
                    0.02916443906724453,
                    0.9946091771125793,
                    0.09950889647006989
                ],
                [
                    0.026090241968631744,
                    -0.10027476400136948,
                    0.9946177005767822
                ]
            ],
            [
                [
                    0.987871527671814,
                    -0.13734814524650574,
                    0.07242392003536224
                ],
                [
                    0.12611907720565796,
                    0.9818390607833862,
                    0.14172527194023132
                ],
                [
                    -0.09057433903217316,
                    -0.13087233901023865,
                    0.9872530698776245
                ]
            ],
            [
                [
                    0.9915082454681396,
                    0.12790824472904205,
                    0.023469556123018265
                ],
                [
                    -0.13004355132579803,
                    0.9750927686691284,
                    0.17967423796653748
                ],
                [
                    9.682058589532971e-05,
                    -0.1812005639076233,
                    0.9834461808204651
                ]
            ],
            [
                [
                    0.9805895686149597,
                    -0.13080698251724243,
                    0.1460607498884201
                ],
                [
                    0.08843865990638733,
                    0.9599251747131348,
                    0.2659364938735962
                ],
                [
                    -0.17499373853206635,
                    -0.24785712361335754,
                    0.9528610110282898
                ]
            ],
            [
                [
                    0.9260820150375366,
                    0.24906817078590393,
                    -0.2834382653236389
                ],
                [
                    -0.19859084486961365,
                    0.9604603052139282,
                    0.19513489305973053
                ],
                [
                    0.32083311676979065,
                    -0.12442263960838318,
                    0.9389276504516602
                ]
            ],
            [
                [
                    0.8974882364273071,
                    -0.28371405601501465,
                    0.3376702666282654
                ],
                [
                    0.21948391199111938,
                    0.9514013528823853,
                    0.21601463854312897
                ],
                [
                    -0.3825463056564331,
                    -0.11975742131471634,
                    0.9161421656608582
                ]
            ],
            [
                [
                    0.9812291264533997,
                    0.005565014202147722,
                    0.19276520609855652
                ],
                [
                    -0.04505529999732971,
                    0.9785351157188416,
                    0.20109444856643677
                ],
                [
                    -0.1875084489583969,
                    -0.20600482821464539,
                    0.9604178667068481
                ]
            ],
            [
                [
                    0.8192458152770996,
                    0.46335315704345703,
                    -0.3378465175628662
                ],
                [
                    -0.4128473103046417,
                    0.885471761226654,
                    0.2133001685142517
                ],
                [
                    0.39798682928085327,
                    -0.03526623174548149,
                    0.9167131185531616
                ]
            ],
            [
                [
                    0.64258873462677,
                    -0.6081355214118958,
                    0.46610185503959656
                ],
                [
                    0.5887347459793091,
                    0.7812102437019348,
                    0.20760999619960785
                ],
                [
                    -0.49037855863571167,
                    0.14100250601768494,
                    0.8600273728370667
                ]
            ],
            [
                [
                    0.3192635774612427,
                    -0.3387225270271301,
                    -0.8850637078285217
                ],
                [
                    0.41032466292381287,
                    0.8912648558616638,
                    -0.19308185577392578
                ],
                [
                    0.8542273640632629,
                    -0.3015194833278656,
                    0.4235346019268036
                ]
            ],
            [
                [
                    0.38370999693870544,
                    0.3423914611339569,
                    0.8576331734657288
                ],
                [
                    -0.2866104245185852,
                    0.9270157814025879,
                    -0.2418597936630249
                ],
                [
                    -0.8778502345085144,
                    -0.15300260484218597,
                    0.45383816957473755
                ]
            ],
            [
                [
                    0.9897041320800781,
                    -0.1420629918575287,
                    0.017431041225790977
                ],
                [
                    0.14151500165462494,
                    0.9530295133590698,
                    -0.26778385043144226
                ],
                [
                    0.02142987959086895,
                    0.2674935460090637,
                    0.9633212685585022
                ]
            ],
            [
                [
                    0.994218647480011,
                    0.10312563925981522,
                    -0.029905980452895164
                ],
                [
                    -0.10684018582105637,
                    0.9778756499290466,
                    -0.1798456460237503
                ],
                [
                    0.010697631165385246,
                    0.18200106918811798,
                    0.9832401871681213
                ]
            ],
            [
                [
                    0.9811027646064758,
                    0.1751549392938614,
                    -0.08220779895782471
                ],
                [
                    -0.16584953665733337,
                    0.9801142811775208,
                    0.10894864797592163
                ],
                [
                    0.09965594112873077,
                    -0.09325569868087769,
                    0.9906421899795532
                ]
            ],
            [
                [
                    0.9779857993125916,
                    -0.16461582481861115,
                    0.12823964655399323
                ],
                [
                    0.1541963368654251,
                    0.9841673970222473,
                    0.08739645034074783
                ],
                [
                    -0.14059609174728394,
                    -0.06569840759038925,
                    0.9878848791122437
                ]
            ]
        ],
        "betas": [
            0.06645622849464417,
            0.029253840446472168,
            -0.47898560762405396,
            -0.1626916229724884,
            0.1008903980255127,
            0.012503456324338913,
            0.07003828883171082,
            0.11641520261764526,
            0.0708734542131424,
            0.005904287099838257
        ]
    },
    "pred_cam_t": [
        0.0030076149851083755,
        0.4375397861003876,
        17.454221725463867
    ],
    "focal_length": [
        5000.0,
        5000.0
    ],
    "pred_keypoints_3d": [
        [
            -0.04943539947271347,
            -0.5499512553215027,
            -0.5547544956207275
        ],
        [
            -0.02899884060025215,
            -0.527132511138916,
            -0.35658228397369385
        ],
        [
            -0.19781436026096344,
            -0.4797501266002655,
            -0.2604356110095978
        ],
        [
            -0.28456223011016846,
            -0.24495281279087067,
            -0.1986916959285736
        ],
        [
            -0.2922888696193695,
            -0.10525868833065033,
            -0.41591623425483704
        ],
        [
            0.14526629447937012,
            -0.4374784231185913,
            -0.3430761694908142
        ],
        [
            0.2674134373664856,
            -0.20300820469856262,
            -0.3387477695941925
        ],
        [
            0.20785534381866455,
            -0.11103334277868271,
            -0.5659187436103821
        ],
        [
            -0.0018290923908352852,
            -0.22004683315753937,
            0.027569547295570374
        ],
        [
            -0.0690203383564949,
            -0.16599872708320618,
            0.09956040233373642
        ],
        [
            -0.2264682948589325,
            0.14611300826072693,
            0.26587212085723877
        ],
        [
            -0.11835828423500061,
            0.13643936812877655,
            0.6551358699798584
        ],
        [
            0.06470555812120438,
            -0.14641529321670532,
            0.08408503234386444
        ],
        [
            0.12641854584217072,
            0.20515447854995728,
            0.21342095732688904
        ],
        [
            0.10786697268486023,
            0.19123978912830353,
            0.6166235208511353
        ],
        [
            -0.08947409689426422,
            -0.5934668779373169,
            -0.5351170301437378
        ],
        [
            -0.023003948852419853,
            -0.6041459441184998,
            -0.5386890769004822
        ],
        [
            -0.12920092046260834,
            -0.6037133932113647,
            -0.43696653842926025
        ],
        [
            0.017397087067365646,
            -0.6265489459037781,
            -0.44707822799682617
        ],
        [
            0.1481674611568451,
            0.3877508044242859,
            0.6157974600791931
        ],
        [
            0.2018716186285019,
            0.3288283944129944,
            0.6403639316558838
        ],
        [
            0.1060023307800293,
            0.13955064117908478,
            0.6636120080947876
        ],
        [
            -0.1947544813156128,
            0.3189389407634735,
            0.6722398996353149
        ],
        [
            -0.23653098940849304,
            0.24926728010177612,
            0.7036213874816895
        ],
        [
            -0.08872350305318832,
            0.09154410660266876,
            0.7061958312988281
        ],
        [
            -0.13816621899604797,
            0.09928900003433228,
            0.6117757558822632
        ],
        [
            -0.2122267782688141,
            0.10672631114721298,
            0.22980442643165588
        ],
        [
            -0.1403224766254425,
            -0.2773469090461731,
            0.03927064687013626
        ],
        [
            0.14938576519489288,
            -0.23165439069271088,
            0.02054126374423504
        ],
        [
            0.13477182388305664,
            0.17659468948841095,
            0.19034436345100403
        ],
        [
            0.1147456094622612,
            0.16235238313674927,
            0.5843837261199951
        ],
        [
            -0.2714051604270935,
            -0.1335507482290268,
            -0.41404563188552856
        ],
        [
            -0.3054032325744629,
            -0.2689148187637329,
            -0.22729450464248657
        ],
        [
            -0.16902373731136322,
            -0.4986911416053772,
            -0.2858079969882965
        ],
        [
            0.12475258111953735,
            -0.4708038866519928,
            -0.3543250560760498
        ],
        [
            0.2726769745349884,
            -0.2376731038093567,
            -0.3730478882789612
        ],
        [
            0.20589780807495117,
            -0.1301807463169098,
            -0.5616193413734436
        ],
        [
            -0.02748063951730728,
            -0.5220451354980469,
            -0.35483017563819885
        ],
        [
            -0.06041727587580681,
            -0.6595405340194702,
            -0.4737433195114136
        ],
        [
            0.0047674886882305145,
            -0.254436731338501,
            0.029822938144207
        ],
        [
            -0.023217929527163506,
            -0.48179948329925537,
            -0.31625229120254517
        ],
        [
            -0.0033330898731946945,
            -0.39408135414123535,
            -0.15489153563976288
        ],
        [
            -0.03871222585439682,
            -0.5511016845703125,
            -0.4700666069984436
        ],
        [
            -0.06779502332210541,
            -0.6811524629592896,
            -0.4702453017234802
        ]
    ],
    "pred_vertices": [
        [
            -0.01923551969230175,
            -0.6473937034606934,
            -0.55280601978302
        ],
        [
            -0.02330915629863739,
            -0.631907045841217,
            -0.5535367131233215
        ],
        [
            -0.011701133102178574,
            -0.6326888799667358,
            -0.544866144657135
        ],
        [
            -0.00786257442086935,
            -0.646226167678833,
            -0.539905846118927
        ],
        [
            -0.0142799261957407,
            -0.6221108436584473,
            -0.5474026203155518
        ],
        [
            -0.024285057559609413,
            -0.6204290986061096,
            -0.5536586046218872
        ],
        [
            -0.003989741206169128,
            -0.631159782409668,
            -0.5339192748069763
        ],
        [
            -0.0002742442302405834,
            -0.6425920724868774,
            -0.5264419317245483
        ],
        [
            0.006886751856654882,
            -0.6031398177146912,
            -0.5124964714050293
        ],
        [
            0.011574223637580872,
            -0.6024200320243835,
            -0.5021770596504211
        ],
        [
            0.00925787165760994,
            -0.6125721335411072,
            -0.5072191953659058
        ],
        [
            0.00424411054700613,
            -0.6102330684661865,
            -0.5157105326652527
        ],
        [
            0.010342438705265522,
            -0.5793014168739319,
            -0.5015559196472168
        ],
        [
            0.005899064242839813,
            -0.5672955513000488,
            -0.5065784454345703
        ],
        [
            0.009330269880592823,
            -0.5620028376579285,
            -0.4947463870048523
        ],
        [
            0.012621700763702393,
            -0.5737950205802917,
            -0.48879528045654297
        ],
        [
            -0.027623623609542847,
            -0.5684736967086792,
            -0.5325821042060852
        ],
        [
            -0.021403729915618896,
            -0.5634477138519287,
            -0.5294641852378845
        ],
        [
            -0.018692750483751297,
            -0.5706499814987183,
            -0.5305799841880798
        ],
        [
            -0.025597181171178818,
            -0.5749037265777588,
            -0.5331191420555115
        ],
        [
            -0.038361452519893646,
            -0.5739206075668335,
            -0.5409857630729675
        ],
        [
            -0.03826383873820305,
            -0.5802821516990662,
            -0.5392776131629944
        ],
        [
            -0.043422095477581024,
            -0.5817210674285889,
            -0.545326828956604
        ],
        [
            -0.04269467666745186,
            -0.5744200944900513,
            -0.5477181673049927
        ],
        [
            -0.03196672350168228,
            -0.5622951984405518,
            -0.5315327048301697
        ],
        [
            -0.025460468605160713,
            -0.5573687553405762,
            -0.527810275554657
        ],
        [
            -0.03315150737762451,
            -0.5725582838058472,
            -0.5357194542884827
        ],
        [
            -0.03438097611069679,
            -0.5669607520103455,
            -0.5364779233932495
        ],
        [
            -0.036465033888816833,
            -0.5577027797698975,
            -0.5445642471313477
        ],
        [
            -0.035680823028087616,
            -0.5628911256790161,
            -0.5445166230201721
        ],
        [
            -0.03911841660737991,
            -0.5614538192749023,
            -0.5515355467796326
        ],
        [
            -0.039545923471450806,
            -0.55613112449646,
            -0.5491737127304077
        ],
        [
            -0.033442191779613495,
            -0.560278058052063,
            -0.53580641746521
        ],
        [
            -0.033451229333877563,
            -0.5623602867126465,
            -0.5391994118690491
        ],
        [
            -0.03532546013593674,
            -0.5577780604362488,
            -0.5403392314910889
        ],
        [
            -0.03637377545237541,
            -0.5563910007476807,
            -0.5367479920387268
        ],
        [
            -0.03821694105863571,
            -0.5691826343536377,
            -0.542698323726654
        ],
        [
            -0.04131457954645157,
            -0.5683666467666626,
            -0.5499135255813599
        ],
        [
            -0.04542956501245499,
            -0.5670173168182373,
            -0.5571486353874207
        ],
        [
            -0.043333135545253754,
            -0.55811607837677,
            -0.55769944190979
        ],
        [
            -0.009082335978746414,
            -0.5543544292449951,
            -0.5190185904502869
        ],
        [
            -0.014711006544530392,
            -0.5591224431991577,
            -0.5254355669021606
        ],
        [
            -0.01883145421743393,
            -0.5530825257301331,
            -0.524352490901947
        ],
        [
            -0.013471229933202267,
            -0.549397885799408,
            -0.519811749458313
        ],
        [
            -0.0345376580953598,
            -0.5544524788856506,
            -0.5325374603271484
        ],
        [
            -0.028761297464370728,
            -0.5398350358009338,
            -0.5273596048355103
        ],
        [
            -0.02901393547654152,
            -0.5433955192565918,
            -0.5288209915161133
        ],
        [
            -0.03506811708211899,
            -0.5421300530433655,
            -0.5328481793403625
        ],
        [
            -0.03423476219177246,
            -0.5389514565467834,
            -0.5312926173210144
        ],
        [
            -0.002484327182173729,
            -0.5440511703491211,
            -0.5059973001480103
        ],
        [
            -0.0075587062165141106,
            -0.540619969367981,
            -0.5100266337394714
        ],
        [
            -0.006266816519200802,
            -0.5348780155181885,
            -0.505139946937561
        ],
        [
            -0.0017848443239927292,
            -0.5370292067527771,
            -0.49962013959884644
        ],
        [
            -0.008146052248775959,
            -0.5286815166473389,
            -0.5019180178642273
        ],
        [
            -0.0023141601122915745,
            -0.5296452045440674,
            -0.49364349246025085
        ],
        [
            -0.009488236159086227,
            -0.5145714282989502,
            -0.48798510432243347
        ],
        [
            -0.005663996562361717,
            -0.521120548248291,
            -0.4903623163700104
        ],
        [
            -0.011103631928563118,
            -0.5222898721694946,
            -0.5002027153968811
        ],
        [
            -0.015410924330353737,
            -0.5153787732124329,
            -0.5013353228569031
        ],
        [
            -0.02695585787296295,
            -0.5160669088363647,
            -0.5120391845703125
        ],
        [
            -0.032497894018888474,
            -0.5128220319747925,
            -0.514371931552887
        ],
        [
            -0.02658284828066826,
            -0.5025944709777832,
            -0.5073837041854858
        ],
        [
            -0.021165871992707253,
            -0.5077947378158569,
            -0.5044369697570801
        ],
        [
            -0.028198491781949997,
            -0.5357984304428101,
            -0.5215158462524414
        ],
        [
            -0.02445840649306774,
            -0.5374605655670166,
            -0.5187896490097046
        ],
        [
            -0.024240683764219284,
            -0.5381778478622437,
            -0.5215764045715332
        ],
        [
            -0.028305232524871826,
            -0.5376036763191223,
            -0.5251507759094238
        ],
        [
            -0.021006233990192413,
            -0.5384621620178223,
            -0.5169711112976074
        ],
        [
            -0.019383065402507782,
            -0.5386605262756348,
            -0.51613450050354
        ],
        [
            -0.019681820645928383,
            -0.5394735932350159,
            -0.5177672505378723
        ],
        [
            -0.02107757329940796,
            -0.5392757058143616,
            -0.5180106163024902
        ],
        [
            -0.022970691323280334,
            -0.5384016036987305,
            -0.5184577703475952
        ],
        [
            -0.023704703897237778,
            -0.5362803936004639,
            -0.5181111097335815
        ],
        [
            -0.021773353219032288,
            -0.5373947620391846,
            -0.5171628594398499
        ],
        [
            -0.026941170915961266,
            -0.5339854955673218,
            -0.5205491781234741
        ],
        [
            -0.03885912150144577,
            -0.5265655517578125,
            -0.5273537039756775
        ],
        [
            -0.03504886105656624,
            -0.5285533666610718,
            -0.5262874960899353
        ],
        [
            -0.03713231533765793,
            -0.5328123569488525,
            -0.5269446969032288
        ],
        [
            -0.04051931947469711,
            -0.5313547849655151,
            -0.5278390645980835
        ],
        [
            -0.021573763340711594,
            -0.5403608083724976,
            -0.5200881361961365
        ],
        [
            -0.01934080570936203,
            -0.5424610376358032,
            -0.5200595259666443
        ],
        [
            -0.023284373804926872,
            -0.5433546900749207,
            -0.5243406295776367
        ],
        [
            -0.024070488288998604,
            -0.5407551527023315,
            -0.5228673815727234
        ],
        [
            -0.016918323934078217,
            -0.5449590682983398,
            -0.5205555558204651
        ],
        [
            -0.01769622415304184,
            -0.541218638420105,
            -0.5175222158432007
        ],
        [
            -0.01501911785453558,
            -0.5422617197036743,
            -0.5167474746704102
        ],
        [
            -0.019715458154678345,
            -0.5369828939437866,
            -0.5155413150787354
        ],
        [
            -0.01695394515991211,
            -0.5362859964370728,
            -0.5135230422019958
        ],
        [
            -0.01662270352244377,
            -0.5385308265686035,
            -0.515415370464325
        ],
        [
            -0.018545307219028473,
            -0.5327653884887695,
            -0.5127041935920715
        ],
        [
            -0.021921230480074883,
            -0.5344446301460266,
            -0.5157787203788757
        ],
        [
            -0.025040194392204285,
            -0.5312614440917969,
            -0.5177358388900757
        ],
        [
            -0.02914784848690033,
            -0.5278633832931519,
            -0.520637571811676
        ],
        [
            -0.02621048130095005,
            -0.52464359998703,
            -0.5159347653388977
        ],
        [
            -0.02179846167564392,
            -0.5286418199539185,
            -0.5136758685112
        ],
        [
            -0.02195589430630207,
            -0.5472612380981445,
            -0.5245336890220642
        ],
        [
            -0.012631360441446304,
            -0.5393489599227905,
            -0.5131442546844482
        ],
        [
            -0.010319480672478676,
            -0.5460522770881653,
            -0.5149623155593872
        ],
        [
            -0.012249037623405457,
            -0.5351727604866028,
            -0.5103721618652344
        ],
        [
            -0.013788762502372265,
            -0.5305511355400085,
            -0.5084052085876465
        ],
        [
            -0.017407797276973724,
            -0.5251079797744751,
            -0.5077834129333496
        ],
        [
            -0.0218014195561409,
            -0.5205312371253967,
            -0.509907066822052
        ],
        [
            -0.024200962856411934,
            -0.4988848865032196,
            -0.4924072027206421
        ],
        [
            -0.017223481088876724,
            -0.5054263472557068,
            -0.4902709722518921
        ],
        [
            -0.025033365935087204,
            -0.6141327619552612,
            -0.5491593480110168
        ],
        [
            -0.01657247543334961,
            -0.6154987812042236,
            -0.5463517904281616
        ],
        [
            -0.014935187064111233,
            -0.6096862554550171,
            -0.5397081971168518
        ],
        [
            -0.013494506478309631,
            -0.612800121307373,
            -0.5404561758041382
        ],
        [
            -0.01891069859266281,
            -0.6116651296615601,
            -0.543654203414917
        ],
        [
            -0.018959762528538704,
            -0.6093263626098633,
            -0.5422483682632446
        ],
        [
            -0.001469696406275034,
            -0.6099992990493774,
            -0.522344172000885
        ],
        [
            -0.005968853365629911,
            -0.609383761882782,
            -0.5276254415512085
        ],
        [
            -0.005475329700857401,
            -0.6061492562294006,
            -0.5245983600616455
        ],
        [
            0.0007897056639194489,
            -0.6041308641433716,
            -0.5191853046417236
        ],
        [
            -0.011240842752158642,
            -0.5956923961639404,
            -0.5289328098297119
        ],
        [
            -0.007576251868158579,
            -0.5985338687896729,
            -0.5259299278259277
        ],
        [
            -0.011903786100447178,
            -0.603645920753479,
            -0.5313409566879272
        ],
        [
            -0.014723568223416805,
            -0.6016229391098022,
            -0.5333923101425171
        ],
        [
            -0.018203597515821457,
            -0.5999687314033508,
            -0.535237729549408
        ],
        [
            -0.022337334230542183,
            -0.5986307859420776,
            -0.536261260509491
        ],
        [
            -0.021255670115351677,
            -0.5940240621566772,
            -0.534026026725769
        ],
        [
            -0.01621963083744049,
            -0.5945726037025452,
            -0.5319225192070007
        ],
        [
            -0.02528955414891243,
            -0.6115759611129761,
            -0.5454342365264893
        ],
        [
            -0.03234148025512695,
            -0.6094292998313904,
            -0.544843852519989
        ],
        [
            -0.03055158443748951,
            -0.6073286533355713,
            -0.5433590412139893
        ],
        [
            -0.024592537432909012,
            -0.608799159526825,
            -0.5440441370010376
        ],
        [
            -0.03963610902428627,
            -0.6008487939834595,
            -0.5367026925086975
        ],
        [
            -0.03875890374183655,
            -0.6029160022735596,
            -0.5384746193885803
        ],
        [
            -0.0423692911863327,
            -0.6033759117126465,
            -0.5401085615158081
        ],
        [
            -0.042538728564977646,
            -0.5993543863296509,
            -0.5379074811935425
        ],
        [
            -0.03982973098754883,
            -0.5968775749206543,
            -0.5372271537780762
        ],
        [
            -0.03808818757534027,
            -0.5993940234184265,
            -0.536820650100708
        ],
        [
            -0.032247986644506454,
            -0.6667841672897339,
            -0.5577084422111511
        ],
        [
            -0.03411753475666046,
            -0.6476532220840454,
            -0.5600236058235168
        ],
        [
            -0.016682062298059464,
            -0.6667492389678955,
            -0.5438194870948792
        ],
        [
            -0.006002255715429783,
            -0.6623495221138,
            -0.5299688577651978
        ],
        [
            0.0029886229895055294,
            -0.6542955636978149,
            -0.5171973705291748
        ],
        [
            0.0036345701664686203,
            -0.5515521168708801,
            -0.5007749199867249
        ],
        [
            0.0056007253006100655,
            -0.5451704859733582,
            -0.4918440580368042
        ],
        [
            0.011683210730552673,
            -0.556960940361023,
            -0.4828566312789917
        ],
        [
            0.010580584406852722,
            -0.5482179522514343,
            -0.47484421730041504
        ],
        [
            0.004617710597813129,
            -0.5357528924942017,
            -0.484389066696167
        ],
        [
            -0.007872683927416801,
            -0.5171961188316345,
            -0.4736942648887634
        ],
        [
            0.00016784807667136192,
            -0.5256664752960205,
            -0.4783118665218353
        ],
        [
            0.00609514070674777,
            -0.5396882891654968,
            -0.46593427658081055
        ],
        [
            0.011463865637779236,
            -0.5578520894050598,
            -0.4567045271396637
        ],
        [
            0.013913014903664589,
            -0.5620402097702026,
            -0.46613797545433044
        ],
        [
            0.01275789923965931,
            -0.5768313407897949,
            -0.4509497880935669
        ],
        [
            0.00650362391024828,
            -0.5541500449180603,
            -0.4430929124355316
        ],
        [
            0.00965395662933588,
            -0.5785456895828247,
            -0.4429086744785309
        ],
        [
            -0.003956910222768784,
            -0.5180469751358032,
            -0.42684406042099
        ],
        [
            0.0005660438910126686,
            -0.5096839070320129,
            -0.4160606563091278
        ],
        [
            0.013132666237652302,
            -0.5231233835220337,
            -0.412377268075943
        ],
        [
            0.008603102527558804,
            -0.5311472415924072,
            -0.4216696619987488
        ],
        [
            0.014633080922067165,
            -0.5681918263435364,
            -0.4766591787338257
        ],
        [
            0.009703896939754486,
            -0.6255489587783813,
            -0.5045198202133179
        ],
        [
            0.005959134548902512,
            -0.6209529638290405,
            -0.5141963958740234
        ],
        [
            0.01242845132946968,
            -0.6145131587982178,
            -0.4960092306137085
        ],
        [
            0.0019511699210852385,
            -0.6871310472488403,
            -0.505014955997467
        ],
        [
            -0.0020682010799646378,
            -0.6768398284912109,
            -0.5198680758476257
        ],
        [
            0.006821745075285435,
            -0.6653342247009277,
            -0.5083534717559814
        ],
        [
            0.009253118187189102,
            -0.6768134832382202,
            -0.4958702325820923
        ],
        [
            -0.02970363013446331,
            -0.7117671370506287,
            -0.5240873098373413
        ],
        [
            -0.029579058289527893,
            -0.6916096210479736,
            -0.5433322191238403
        ],
        [
            -0.016952648758888245,
            -0.6852009296417236,
            -0.5325721502304077
        ],
        [
            -0.014532473869621754,
            -0.7015520334243774,
            -0.516856849193573
        ],
        [
            0.010379443876445293,
            -0.6824260354042053,
            -0.4835423529148102
        ],
        [
            0.009674141183495522,
            -0.6896591782569885,
            -0.46635377407073975
        ],
        [
            0.0029335396829992533,
            -0.7053898572921753,
            -0.46483123302459717
        ],
        [
            0.0021255374886095524,
            -0.6984151005744934,
            -0.4864979386329651
        ],
        [
            -0.012311494909226894,
            -0.7243276238441467,
            -0.46517443656921387
        ],
        [
            -0.01343461126089096,
            -0.7167248129844666,
            -0.4912799894809723
        ],
        [
            0.010376040823757648,
            -0.5703554749488831,
            -0.4288567006587982
        ],
        [
            0.009151628240942955,
            -0.5879680514335632,
            -0.4328811764717102
        ],
        [
            0.003948922734707594,
            -0.540841817855835,
            -0.4331928491592407
        ],
        [
            0.012429268099367619,
            -0.5553551912307739,
            -0.423429399728775
        ],
        [
            -0.032168783247470856,
            -0.7371683120727539,
            -0.46483612060546875
        ],
        [
            -0.03261702507734299,
            -0.7294275164604187,
            -0.4961213171482086
        ],
        [
            0.00033367564901709557,
            -0.684077262878418,
            -0.4129186272621155
        ],
        [
            0.0007813077536411583,
            -0.6980193257331848,
            -0.425878643989563
        ],
        [
            0.009106477722525597,
            -0.6819560527801514,
            -0.4371224641799927
        ],
        [
            0.008221828378736973,
            -0.6713573932647705,
