{
    "pred_cam": [
        2.367070198059082,
        0.005933569744229317,
        0.5466224551200867
    ],
    "pred_smpl_params": {
        "global_orient": [
            [
                [
                    0.9740320444107056,
                    0.19874507188796997,
                    -0.10845233500003815
                ],
                [
                    0.1488933265209198,
                    -0.9231390357017517,
                    -0.3544642925262451
                ],
                [
                    -0.17056463658809662,
                    0.3291117548942566,
                    -0.9287588000297546
                ]
            ]
        ],
        "body_pose": [
            [
                [
                    0.9611974954605103,
                    -0.2690780460834503,
                    -0.060797762125730515
                ],
                [
                    0.21216009557247162,
                    0.5801999568939209,
                    0.7863562107086182
                ],
                [
                    -0.17631632089614868,
                    -0.7687425017356873,
                    0.6147743463516235
                ]
            ],
            [
                [
                    0.9514027237892151,
                    0.27721795439720154,
                    0.13410086929798126
                ],
                [
                    -0.2728486657142639,
                    0.5569342970848083,
                    0.7844602465629578
                ],
                [
                    0.1427810788154602,
                    -0.7829268574714661,
                    0.6055073738098145
                ]
            ],
            [
                [
                    0.9993346333503723,
                    0.005627510603517294,
                    -0.036038123071193695
                ],
                [
                    -0.027061620727181435,
                    0.7768460512161255,
                    -0.6291089057922363
                ],
                [
                    0.024455750361084938,
                    0.6296654939651489,
                    0.7764814496040344
                ]
            ],
            [
                [
                    0.9750984907150269,
                    0.16671410202980042,
                    -0.14625120162963867
                ],
                [
                    -0.07313183695077896,
                    -0.3808579444885254,
                    -0.9217369556427002
                ],
                [
                    -0.20936749875545502,
                    0.9094798564910889,
                    -0.3591819107532501
                ]
            ],
            [
                [
                    0.9712582230567932,
                    -0.13989175856113434,
                    0.19258174300193787
                ],
                [
                    0.13031813502311707,
                    -0.3645225167274475,
                    -0.9220306873321533
                ],
                [
                    0.19918487966060638,
                    0.9206268191337585,
                    -0.33581507205963135
                ]
            ],
            [
                [
                    0.9994693398475647,
                    -0.03138269856572151,
                    -0.008724957704544067
                ],
                [
                    0.03079765848815441,
                    0.997686505317688,
                    -0.06060574948787689
                ],
                [
                    0.010606745257973671,
                    0.060304880142211914,
                    0.9981235861778259
                ]
            ],
            [
                [
                    0.9753977060317993,
                    -0.14282022416591644,
                    0.1679334044456482
                ],
                [
                    0.06862486153841019,
                    0.9206271171569824,
                    0.3843648135662079
                ],
                [
                    -0.20949913561344147,
                    -0.3633841574192047,
                    0.9077786207199097
                ]
            ],
            [
                [
                    0.9747623801231384,
                    0.09511293470859528,
                    -0.20197010040283203
                ],
                [
                    -0.023527374491095543,
                    0.9434299468994141,
                    0.3307361304759979
                ],
                [
                    0.22200192511081696,
                    -0.31763729453086853,
                    0.9218577742576599
                ]
            ],
            [
                [
                    0.9988925457000732,
                    -0.02702673338353634,
                    -0.03851388767361641
                ],
                [
                    0.026115834712982178,
                    0.9993716478347778,
                    -0.023961519822478294
                ],
                [
                    0.03913729265332222,
                    0.022929159924387932,
                    0.9989706873893738
                ]
            ],
            [
                [
                    0.9916592836380005,
                    -0.039834510535001755,
                    0.1225767508149147
                ],
                [
                    0.009982138872146606,
                    0.9719212055206299,
                    0.23509453237056732
                ],
                [
                    -0.128499835729599,
                    -0.2319100946187973,
                    0.9642122983932495
                ]
            ],
            [
                [
                    0.9930092692375183,
                    0.1024257093667984,
                    -0.05866628512740135
                ],
                [
                    -0.08322042971849442,
                    0.9599814414978027,
                    0.26741355657577515
                ],
                [
                    0.08370856940746307,
                    -0.2606618404388428,
                    0.961794376373291
                ]
            ],
            [
                [
                    0.9915997982025146,
                    -0.1284337192773819,
                    0.015318411402404308
                ],
                [
                    0.12291155755519867,
                    0.9725377559661865,
                    0.19764366745948792
                ],
                [
                    -0.04028184711933136,
                    -0.19410060346126556,
                    0.9801542162895203
                ]
            ],
            [
                [
                    0.8319022059440613,
                    0.47550728917121887,
                    -0.2860621511936188
                ],
                [
                    -0.462130069732666,
                    0.8790284395217896,
                    0.117238350212574
                ],
                [
                    0.3072044551372528,
                    0.034667063504457474,
                    0.9510118961334229
                ]
            ],
            [
                [
                    0.9154033660888672,
                    -0.35172805190086365,
                    0.19576501846313477
                ],
                [
                    0.34498509764671326,
                    0.9360907077789307,
                    0.0686987042427063
                ],
                [
                    -0.2074170708656311,
                    0.004648984409868717,
                    0.978241503238678
                ]
            ],
            [
                [
                    0.988109827041626,
                    -0.04307760298252106,
                    0.14759162068367004
                ],
                [
                    0.03146572411060333,
                    0.9962878823280334,
                    0.08012723922729492
                ],
                [
                    -0.15049543976783752,
                    -0.07453043758869171,
                    0.9857972860336304
                ]
            ],
            [
                [
                    0.6354866623878479,
                    0.7183290123939514,
                    -0.28312572836875916
                ],
                [
                    -0.7317889928817749,
                    0.6772958040237427,
                    0.07586421817541122
                ],
                [
                    0.2462553232908249,
                    0.15897756814956665,
                    0.9560777544975281
                ]
            ],
            [
                [
                    0.7411037683486938,
                    -0.6451334953308105,
                    0.18592457473278046
                ],
                [
                    0.6593223810195923,
                    0.7515896558761597,
                    -0.020172787830233574
                ],
                [
                    -0.12672485411167145,
                    0.13753436505794525,
                    0.9823569059371948
                ]
            ],
            [
                [
                    0.733273446559906,
                    -0.24420562386512756,
                    -0.6345658302307129
                ],
                [
                    0.08233815431594849,
                    0.9582999348640442,
                    -0.27364522218704224
                ],
                [
                    0.6749300360679626,
                    0.14840780198574066,
                    0.7228033542633057
                ]
            ],
            [
                [
                    0.5777451992034912,
                    0.3223015367984772,
                    0.7498881220817566
                ],
                [
                    -0.14442409574985504,
                    0.9446064233779907,
                    -0.29472094774246216
                ],
                [
                    -0.8033381104469299,
                    0.06197168305516243,
                    0.592289924621582
                ]
            ],
            [
                [
                    0.9884912967681885,
                    -0.12864762544631958,
                    0.0795912817120552
                ],
                [
                    0.14615319669246674,
                    0.9479238390922546,
                    -0.28298354148864746
                ],
                [
                    -0.03904130682349205,
                    0.2913593053817749,
                    0.9558167457580566
                ]
            ],
            [
                [
                    0.989506721496582,
                    0.11742506921291351,
                    -0.08418940007686615
                ],
                [
                    -0.13640114665031433,
                    0.9513611197471619,
                    -0.2762366831302643
                ],
                [
                    0.04765741154551506,
                    0.2848215699195862,
                    0.9573951363563538
                ]
            ],
            [
                [
                    0.9797394871711731,
                    0.1790701448917389,
                    -0.0896909087896347
                ],
                [
                    -0.15930457413196564,
                    0.9682042598724365,
                    0.19287937879562378
                ],
                [
                    0.12137807160615921,
                    -0.1746833622455597,
                    0.9771146178245544
                ]
            ],
            [
                [
                    0.9774553775787354,
                    -0.17535173892974854,
                    0.11761275678873062
                ],
                [
                    0.14946670830249786,
                    0.9680881500244141,
                    0.20115926861763
                ],
                [
                    -0.14913314580917358,
                    -0.17904500663280487,
                    0.9724721908569336
                ]
            ]
        ],
        "betas": [
            -0.014209970831871033,
            0.0993228405714035,
            -0.2572062313556671,
            -0.2705850303173065,
            0.019038081169128418,
            -0.04383622854948044,
            -0.002643495798110962,
            -0.006547003984451294,
            0.04565025866031647,
            -0.024028509855270386
        ]
    },
    "pred_cam_t": [
        0.005933569744229317,
        0.5466224551200867,
        16.50246810913086
    ],
    "focal_length": [
        5000.0,
        5000.0
    ],
    "pred_keypoints_3d": [
        [
            0.013887893408536911,
            -0.7874590158462524,
            -0.21102654933929443
        ],
        [
            0.047464799135923386,
            -0.6836490631103516,
            -0.0464024543762207
        ],
        [
            -0.12906025350093842,
            -0.6121817231178284,
            0.025978656485676765
        ],
        [
            -0.24541005492210388,
            -0.39679837226867676,
            0.10296627134084702
        ],
        [
            -0.3432322144508362,
            -0.23342721164226532,
            -0.06965217739343643
        ],
        [
            0.2026974856853485,
            -0.5523291826248169,
            -0.07635855674743652
        ],
        [
            0.20495092868804932,
            -0.2902272939682007,
            -0.05456016957759857
        ],
        [
            0.10426382720470428,
            -0.11487032473087311,
            -0.20268644392490387
        ],
        [
            -0.0016381554305553436,
            -0.21885406970977783,
            0.027623489499092102
        ],
        [
            -0.08486123383045197,
            -0.14418967068195343,
            0.013881037943065166
        ],
        [
            -0.29915961623191833,
            -0.0742887631058693,
            -0.3003438115119934
        ],
        [
            -0.23567786812782288,
            0.23386400938034058,
            -0.048241645097732544
        ],
        [
            0.04879554733633995,
            -0.12210305780172348,
            -0.007443707436323166
        ],
        [
            0.107113778591156,
            -0.0029109492897987366,
            -0.36279579997062683
        ],
        [
            0.011113263666629791,
            0.2670176327228546,
            -0.07946139574050903
        ],
        [
            -0.016890577971935272,
            -0.8233177661895752,
            -0.1719026267528534
        ],
        [
            0.04938157647848129,
            -0.8284181356430054,
            -0.18252535164356232
        ],
        [
            -0.04175437241792679,
            -0.8024805784225464,
            -0.07273690402507782
        ],
        [
            0.10291982442140579,
            -0.8134700655937195,
            -0.09691682457923889
        ],
        [
            0.03995594382286072,
            0.3701750636100769,
            -0.2449435442686081
        ],
        [
            0.09194788336753845,
            0.36989492177963257,
            -0.18167240917682648
        ],
        [
            0.00860835425555706,
            0.2717810869216919,
            -0.012602895498275757
        ],
        [
            -0.33370938897132874,
            0.3158252239227295,
            -0.19839361310005188
        ],
        [
            -0.37159276008605957,
            0.298147976398468,
            -0.1228940486907959
        ],
        [
            -0.2127891182899475,
            0.25748002529144287,
            0.015929967164993286
        ],
        [
            -0.24855348467826843,
            0.1744270771741867,
            -0.04528353735804558
        ],
        [
            -0.27674561738967896,
            -0.0952528864145279,
            -0.2695549428462982
        ],
        [
            -0.1385165899991989,
            -0.2585728168487549,
            0.09143807739019394
        ],
        [
            0.15516160428524017,
            -0.1962682008743286,
            0.04880116879940033
        ],
        [
            0.11892294883728027,
            -0.01639895886182785,
            -0.3399972915649414
        ],
        [
            0.029580773785710335,
            0.2250128835439682,
            -0.0794924646615982
        ],
        [
            -0.31751567125320435,
            -0.25356680154800415,
            -0.07846246659755707
        ],
        [
            -0.2653922140598297,
            -0.423665851354599,
            0.08085647970438004
        ],
        [
            -0.09906695038080215,
            -0.6403845548629761,
            0.0152811910957098
        ],
        [
            0.18782901763916016,
            -0.5929731130599976,
            -0.06867600232362747
        ],
        [
            0.2200971096754074,
            -0.31284791231155396,
            -0.09477522224187851
        ],
        [
            0.10657171159982681,
            -0.13277074694633484,
            -0.20851798355579376
        ],
        [
            0.04845960810780525,
            -0.670525312423706,
            -0.04953065142035484
        ],
        [
            0.02846832014620304,
            -0.8610413670539856,
            -0.09762292355298996
        ],
        [
            0.008313711732625961,
            -0.22754821181297302,
            0.06992915272712708
        ],
        [
            0.043199747800827026,
            -0.6139512062072754,
            -0.027995042502880096
        ],
        [
            0.04188445955514908,
            -0.4599362909793854,
            0.053832415491342545
        ],
        [
            0.03404747322201729,
            -0.7567369341850281,
            -0.13618597388267517
        ],
        [
            0.024755511432886124,
            -0.8798377513885498,
            -0.08624719083309174
        ]
    ],
    "pred_vertices": [
        [
            0.05694722756743431,
            -0.8751766681671143,
            -0.1812528371810913
        ],
        [
            0.05141228064894676,
            -0.8608683347702026,
            -0.18792052567005157
        ],
        [
            0.06372994184494019,
            -0.8580151796340942,
            -0.1810816377401352
        ],
        [
            0.06984739005565643,
            -0.8685494661331177,
            -0.1716037541627884
        ],
        [
            0.05965448543429375,
            -0.8486487865447998,
            -0.18641582131385803
        ],
        [
            0.04873468354344368,
            -0.8499656915664673,
            -0.1909855455160141
        ],
        [
            0.07272215187549591,
            -0.8519150018692017,
            -0.1723877340555191
        ],
        [
            0.07881052792072296,
            -0.8587539196014404,
            -0.1622316986322403
        ],
        [
            0.08275176584720612,
            -0.8154255151748657,
            -0.1638462394475937
        ],
        [
            0.08840465545654297,
            -0.8100119829177856,
            -0.1552133560180664
        ],
        [
            0.0869254395365715,
            -0.823052167892456,
            -0.15681302547454834
        ],
        [
            0.0805036798119545,
            -0.8245251178741455,
            -0.1641552448272705
        ],
        [
            0.08302056789398193,
            -0.7896885871887207,
            -0.16193825006484985
        ],
        [
            0.07602018862962723,
            -0.7805913090705872,
            -0.17004325985908508
        ],
        [
            0.07980533689260483,
            -0.7711551189422607,
            -0.161207914352417
        ],
        [
            0.08553125709295273,
            -0.7797172665596008,
            -0.1523740589618683
        ],
        [
            0.040345579385757446,
            -0.793829083442688,
            -0.18802370131015778
        ],
        [
            0.04612421989440918,
            -0.7875640392303467,
            -0.1881931871175766
        ],
        [
            0.04971974343061447,
            -0.7943470478057861,
            -0.1872921586036682
        ],
        [
            0.04321432113647461,
            -0.7998146414756775,
            -0.1868598759174347
        ],
        [
            0.02965552546083927,
            -0.8033376932144165,
            -0.19216036796569824
        ],
        [
            0.030913623049855232,
            -0.80867600440979,
            -0.18855124711990356
        ],
        [
            0.025267455726861954,
            -0.8126102089881897,
            -0.1927672028541565
        ],
        [
            0.024668807163834572,
            -0.8066527843475342,
            -0.19749054312705994
        ],
        [
            0.0353141613304615,
            -0.788203239440918,
            -0.18837951123714447
        ],
        [
            0.04139353707432747,
            -0.7817597389221191,
            -0.1878497451543808
        ],
        [
            0.03514338284730911,
            -0.7992875576019287,
            -0.1885235607624054
        ],
        [
            0.0329742357134819,
            -0.7948781251907349,
            -0.1909254491329193
        ],
        [
            0.028731483966112137,
            -0.7894701361656189,
            -0.20115236937999725
        ],
        [
            0.030176855623722076,
            -0.7941484451293945,
            -0.19944898784160614
        ],
        [
            0.02586153894662857,
            -0.7957437038421631,
            -0.20593103766441345
        ],
        [
            0.024930816143751144,
            -0.7899672985076904,
            -0.20543265342712402
        ],
        [
            0.03290829062461853,
            -0.7884470224380493,
            -0.19265997409820557
        ],
        [
            0.03283774480223656,
            -0.7915744185447693,
            -0.1950806975364685
        ],
        [
            0.030222849920392036,
            -0.7878820896148682,
            -0.19739894568920135
        ],
        [
            0.029487770050764084,
            -0.7854241132736206,
            -0.1944003701210022
        ],
        [
            0.028804056346416473,
            -0.7995809316635132,
            -0.19529807567596436
        ],
        [
            0.024823341518640518,
            -0.8017171621322632,
            -0.2016904354095459
        ],
        [
            0.01977880857884884,
            -0.8034704923629761,
            -0.20811811089515686
        ],
        [
            0.02067466825246811,
            -0.7954442501068115,
            -0.2119835913181305
        ],
        [
            0.05813448131084442,
            -0.774246335029602,
            -0.18361248075962067
        ],
        [
            0.05241910368204117,
            -0.7813898324966431,
            -0.18701858818531036
        ],
        [
            0.04765791445970535,
            -0.7758774757385254,
            -0.18732258677482605
        ],
        [
            0.052931807935237885,
            -0.7704099416732788,
            -0.18515250086784363
        ],
        [
            0.031416356563568115,
            -0.7819268107414246,
            -0.19132454693317413
        ],
        [
            0.03573770821094513,
            -0.7661630511283875,
            -0.19262990355491638
        ],
        [
            0.03580063208937645,
            -0.7700231671333313,
            -0.19273361563682556
        ],
        [
            0.0292130708694458,
            -0.7708503603935242,
            -0.19580520689487457
        ],
        [
            0.02979835867881775,
            -0.7672947645187378,
            -0.19558997452259064
        ],
        [
            0.0646243467926979,
            -0.759620189666748,
            -0.17604294419288635
        ],
        [
            0.05871677026152611,
            -0.7583487033843994,
            -0.1801019012928009
        ],
        [
            0.05975843966007233,
            -0.751250684261322,
            -0.17770099639892578
        ],
        [
            0.06515750288963318,
            -0.7509702444076538,
            -0.17263491451740265
        ],
        [
            0.05779126659035683,
            -0.7449983358383179,
            -0.17659124732017517
        ],
        [
            0.06459333002567291,
            -0.7425218224525452,
            -0.16948838531970978
        ],
        [
            0.05635732784867287,
            -0.7274398803710938,
            -0.1683170050382614
        ],
        [
            0.060569215565919876,
            -0.733960747718811,
            -0.1688683032989502
        ],
        [
            0.05421449989080429,
            -0.7389529347419739,
            -0.17665861546993256
        ],
        [
            0.04891745746135712,
            -0.7335269451141357,
            -0.17938300967216492
        ],
        [
            0.03591866418719292,
            -0.7383526563644409,
            -0.18656426668167114
        ],
        [
            0.02985898032784462,
            -0.7369305491447449,
            -0.18884173035621643
        ],
        [
            0.03507096320390701,
            -0.7247636318206787,
            -0.18707337975502014
        ],
        [
            0.04177635908126831,
            -0.7281901240348816,
            -0.18382969498634338
        ],
        [
            0.036442507058382034,
            -0.759941041469574,
            -0.18861043453216553
        ],
        [
            0.04065147414803505,
            -0.7600959539413452,
            -0.1861557960510254
        ],
        [
            0.04057534784078598,
            -0.7616854310035706,
            -0.1884668618440628
        ],
        [
            0.036052316427230835,
            -0.7627962827682495,
            -0.19121766090393066
        ],
        [
            0.04431531950831413,
            -0.7599606513977051,
            -0.18473678827285767
        ],
        [
            0.04602647200226784,
            -0.759716272354126,
            -0.18414926528930664
        ],
        [
            0.04564850032329559,
            -0.7610461711883545,
            -0.185312420129776
        ],
        [
            0.044183749705553055,
            -0.7610273361206055,
            -0.18531370162963867
        ],
        [
            0.0421769879758358,
            -0.7605903148651123,
            -0.1857851892709732
        ],
        [
            0.041252393275499344,
            -0.7586569786071777,
            -0.18607671558856964
        ],
        [
            0.04344496876001358,
            -0.7591841816902161,
            -0.18518349528312683
        ],
        [
            0.03745030239224434,
            -0.7577871084213257,
            -0.18850457668304443
        ],
        [
            0.024102648720145226,
            -0.7550350427627563,
            -0.19510458409786224
        ],
        [
            0.02809813991189003,
            -0.7556696534156799,
            -0.19400623440742493
        ],
        [
            0.026630358770489693,
            -0.7598651051521301,
            -0.19298137724399567
        ],
        [
            0.02313252165913582,
            -0.7597338557243347,
            -0.1939190775156021
        ],
        [
            0.043616145849227905,
            -0.7632473707199097,
            -0.18680377304553986
        ],
        [
            0.04616570472717285,
            -0.764633297920227,
            -0.18651443719863892
        ],
        [
            0.041861966252326965,
            -0.7673808336257935,
            -0.18948997557163239
        ],
        [
            0.04097375646233559,
            -0.7645090818405151,
            -0.18884892761707306
        ],
        [
            0.04876001179218292,
            -0.7668537497520447,
            -0.18664482235908508
        ],
        [
            0.04785562679171562,
            -0.7624083757400513,
            -0.18492481112480164
        ],
        [
            0.05073165521025658,
            -0.7632181644439697,
            -0.1844787895679474
        ],
        [
            0.0455729104578495,
            -0.7580105066299438,
            -0.1841610074043274
        ],
        [
            0.04838191717863083,
            -0.7564026117324829,
            -0.18300044536590576
        ],
        [
            0.048770464956760406,
            -0.7590606808662415,
            -0.18405592441558838
        ],
        [
            0.046463742852211,
            -0.7530566453933716,
            -0.18315450847148895
        ],
        [
            0.04303709417581558,
            -0.756026029586792,
            -0.18490514159202576
        ],
        [
            0.03931385278701782,
            -0.754143476486206,
            -0.18723344802856445
        ],
        [
            0.03443323075771332,
            -0.7524681091308594,
            -0.19024348258972168
        ],
        [
            0.03743266686797142,
            -0.7475447058677673,
            -0.18757587671279907
        ],
        [
            0.04258942976593971,
            -0.7499794960021973,
            -0.18493705987930298
        ],
        [
            0.043770454823970795,
            -0.7713360786437988,
            -0.1887848973274231
        ],
        [
            0.05308876186609268,
            -0.7586417198181152,
            -0.1824149638414383
        ],
        [
            0.056179825216531754,
            -0.7653696537017822,
            -0.18231642246246338
        ],
        [
            0.05322904512286186,
            -0.753839373588562,
            -0.1812950074672699
        ],
        [
            0.05132230743765831,
            -0.7491565942764282,
            -0.18072813749313354
        ],
        [
            0.04754556715488434,
            -0.7446033358573914,
            -0.18173138797283173
        ],
        [
            0.04185952618718147,
            -0.7412571907043457,
            -0.18416009843349457
        ],
        [
            0.03881334513425827,
            -0.7156530618667603,
            -0.17545999586582184
        ],
        [
            0.04720163717865944,
            -0.7205308675765991,
            -0.1726124882698059
        ],
        [
            0.047437164932489395,
            -0.8422932624816895,
            -0.18854226171970367
        ],
        [
            0.056348253041505814,
            -0.8419725298881531,
            -0.18688468635082245
        ],
        [
            0.057986728847026825,
            -0.8338490128517151,
            -0.18290619552135468
        ],
        [
            0.059731170535087585,
            -0.83643639087677,
            -0.18274948000907898
        ],
        [
            0.05386900529265404,
            -0.8374887108802795,
            -0.18533416092395782
        ],
        [
            0.053674742579460144,
            -0.8345776796340942,
            -0.18480610847473145
        ],
        [
            0.07343624532222748,
            -0.8269831538200378,
            -0.1690230369567871
        ],
        [
            0.06810958683490753,
            -0.8287321329116821,
            -0.1731540858745575
        ],
        [
            0.06857901066541672,
            -0.8246174454689026,
            -0.17152704298496246
        ],
        [
            0.0752960741519928,
            -0.8200265765190125,
            -0.168326273560524
        ],
        [
            0.06075579300522804,
            -0.8168120980262756,
            -0.17813488841056824
        ],
        [
            0.06527546793222427,
            -0.8180594444274902,
            -0.17509683966636658
        ],
        [
            0.061018358916044235,
            -0.8250296115875244,
            -0.1775546818971634
        ],
        [
            0.05764717608690262,
            -0.8241145610809326,
            -0.17966008186340332
        ],
        [
            0.05382070690393448,
            -0.8235217332839966,
            -0.18132328987121582
        ],
        [
            0.04953087121248245,
            -0.8230491876602173,
            -0.18197095394134521
        ],
        [
            0.050074253231287,
            -0.8179303407669067,
            -0.1816791146993637
        ],
        [
            0.05530925840139389,
            -0.817215085029602,
            -0.18042360246181488
        ],
        [
            0.047255437821149826,
            -0.8386635780334473,
            -0.18591436743736267
        ],
        [
            0.04019288718700409,
            -0.8370361924171448,
            -0.18488973379135132
        ],
        [
            0.041790008544921875,
            -0.8344162106513977,
            -0.18459290266036987
        ],
        [
            0.04776555299758911,
            -0.8353418707847595,
            -0.18580375611782074
        ],
        [
            0.032759398221969604,
            -0.8268749713897705,
            -0.1788284182548523
        ],
        [
            0.03369003161787987,
            -0.8294281959533691,
            -0.1798943132162094
        ],
        [
            0.030007867142558098,
            -0.8306492567062378,
            -0.18079504370689392
        ],
        [
            0.029530098661780357,
            -0.8261407613754272,
            -0.17996099591255188
        ],
        [
            0.03189486265182495,
            -0.8233432769775391,
            -0.18026304244995117
        ],
        [
            0.03406742960214615,
            -0.8253707885742188,
            -0.17934338748455048
        ],
        [
            0.04690983146429062,
            -0.8960877060890198,
            -0.17771604657173157
        ],
        [
            0.04210975766181946,
            -0.8795088529586792,
            -0.18653178215026855
        ],
        [
            0.06341326981782913,
            -0.889644205570221,
            -0.16688258945941925
        ],
        [
            0.07559218257665634,
            -0.8797947764396667,
            -0.1578623205423355
        ],
        [
            0.08484218269586563,
            -0.8661038875579834,
            -0.15019088983535767
        ],
        [
            0.072191521525383,
            -0.7641376256942749,
            -0.16953504085540771
        ],
        [
            0.07433843612670898,
            -0.7549816966056824,
            -0.16375042498111725
        ],
        [
            0.083216093480587,
            -0.7622977495193481,
            -0.15231502056121826
        ],
        [
            0.08197566866874695,
            -0.751514196395874,
            -0.14769285917282104
        ],
        [
            0.07329761981964111,
            -0.7440750598907471,
            -0.15990424156188965
        ],
        [
            0.06031205505132675,
            -0.7242862582206726,
            -0.1551056057214737
        ],
        [
            0.06848134845495224,
            -0.733013927936554,
            -0.15712347626686096
        ],
        [
            0.0778699442744255,
            -0.7407201528549194,
            -0.14179840683937073
        ],
        [
            0.08642039448022842,
            -0.7535911798477173,
            -0.12780554592609406
        ],
        [
            0.08829747140407562,
            -0.7611793279647827,
            -0.13599537312984467
        ],
        [
            0.0916801244020462,
            -0.7688090801239014,
            -0.115916907787323
        ],
        [
            0.08279399573802948,
            -0.7452224493026733,
            -0.11582989245653152
        ],
        [
            0.08973066508769989,
            -0.7677760720252991,
            -0.10752563178539276
        ],
        [
            0.06868080049753189,
            -0.7065590023994446,
            -0.11425969749689102
        ],
        [
            0.07235042750835419,
            -0.6940624713897705,
            -0.10941675305366516
        ],
        [
            0.08640784025192261,
            -0.702521562576294,
            -0.10102394223213196
        ],
        [
            0.08298128098249435,
            -0.7144498825073242,
            -0.10533440113067627
        ],
        [
            0.08832767605781555,
            -0.7700532674789429,
            -0.14355987310409546
        ],
        [
            0.08837603032588959,
            -0.8338909149169922,
            -0.14915896952152252
        ],
        [
            0.08373528718948364,
            -0.8338673114776611,
            -0.15967720746994019
        ],
        [
            0.09139237552881241,
            -0.8209303617477417,
            -0.146283820271492
        ],
        [
            0.08965427428483963,
            -0.892021656036377,
            -0.12728694081306458
        ],
        [
            0.08289645612239838,
            -0.8881980180740356,
            -0.14399772882461548
        ],
        [
            0.09065192937850952,
            -0.8729187250137329,
            -0.13847899436950684
        ],
        [
            0.09659337997436523,
            -0.8789191842079163,
            -0.12340158224105835
        ],
        [
            0.059748224914073944,
            -0.9249130487442017,
            -0.1312139332294464
        ],
        [
            0.054876234382390976,
            -0.9137265682220459,
            -0.15585701167583466
        ],
        [
            0.06799687445163727,
            -0.9027868509292603,
            -0.15040600299835205
        ],
        [
            0.07414212822914124,
            -0.9114129543304443,
            -0.13070619106292725
        ],
        [
            0.0997934564948082,
            -0.8795338869094849,
            -0.11027678102254868
        ],
        [
            0.10232966393232346,
            -0.8801921010017395,
            -0.09157735109329224
        ],
        [
            0.09831178188323975,
            -0.8951563835144043,
            -0.08371919393539429
        ],
        [
            0.09343494474887848,
            -0.8962783813476562,
            -0.1060318723320961
        ],
        [
            0.08572104573249817,
            -0.9135761260986328,
            -0.07515212893486023
        ],
        [
            0.08127181231975555,
            -0.9158233404159546,
            -0.10186582803726196
        ],
        [
            0.08982209861278534,
            -0.754317045211792,
            -0.09754189848899841
        ],
        [
            0.09123237431049347,
            -0.7726789712905884,
            -0.09490442276000977
        ],
        [
            0.07919162511825562,
            -0.7289251089096069,
            -0.11137999594211578
        ],
        [
            0.08963969349861145,
            -0.7376607656478882,
            -0.09776437282562256
        ],
        [
            0.06862831115722656,
            -0.926555871963501,
            -0.06814806163311005
        ],
        [
            0.06317848712205887,
            -0.9309613108634949,
            -0.09887413680553436
        ],
        [
            0.09810410439968109,
            -0.8566052913665771,
            -0.042841002345085144
        ],
        [
            0.09935048967599869,
            -0.8740407228469849,
            -0.050143856555223465
        ],
        [
            0.10421238839626312,
            -0.8624345064163208,
            -0.0670134648680687
        ],
        [
            0.10336446762084961,
            -0.8476361632347107,
            -0.05819427967071533
        ],
        [
