{
    "pred_cam": [
        2.311251640319824,
        -0.02024458907544613,
        0.46993258595466614
    ],
    "pred_smpl_params": {
        "global_orient": [
            [
                [
                    0.9852114915847778,
                    0.0855393037199974,
                    -0.14846275746822357
                ],
                [
                    0.15085873007774353,
                    -0.8438712954521179,
                    0.5149006843566895
                ],
                [
                    -0.08123921602964401,
                    -0.5296830534934998,
                    -0.8442960381507874
                ]
            ]
        ],
        "body_pose": [
            [
                [
                    0.9893247485160828,
                    -0.11716808378696442,
                    0.08664998412132263
                ],
                [
                    0.10101931542158127,
                    0.979954719543457,
                    0.17170841991901398
                ],
                [
                    -0.105031818151474,
                    -0.16112205386161804,
                    0.9813296794891357
                ]
            ],
            [
                [
                    0.990681529045105,
                    0.12626002728939056,
                    -0.05107288807630539
                ],
                [
                    -0.12007936090230942,
                    0.9866578578948975,
                    0.10994163900613785
                ],
                [
                    0.06427270174026489,
                    -0.10278435796499252,
                    0.9926249384880066
                ]
            ],
            [
                [
                    0.9999806880950928,
                    -0.0051497807726264,
                    -0.0034853161778301
                ],
                [
                    0.003926645033061504,
                    0.9575503468513489,
                    -0.28823933005332947
                ],
                [
                    0.004821734968572855,
                    0.288220077753067,
                    0.9575520753860474
                ]
            ],
            [
                [
                    0.9956342577934265,
                    0.07323833554983139,
                    -0.05786784738302231
                ],
                [
                    -0.09333980083465576,
                    0.7844365239143372,
                    -0.6131453514099121
                ],
                [
                    0.0004878479812759906,
                    0.6158697605133057,
                    0.7878479361534119
                ]
            ],
            [
                [
                    0.9898476004600525,
                    -0.08244140446186066,
                    0.11578093469142914
                ],
                [
                    0.13778430223464966,
                    0.7565350532531738,
                    -0.6392731666564941
                ],
                [
                    -0.03488976135849953,
                    0.648735761642456,
                    0.7602135539054871
                ]
            ],
            [
                [
                    0.9986743330955505,
                    -0.047324828803539276,
                    -0.020248886197805405
                ],
                [
                    0.046968068927526474,
                    0.9987387657165527,
                    -0.01774602383375168
                ],
                [
                    0.021063173189759254,
                    0.01677144505083561,
                    0.9996375441551208
                ]
            ],
            [
                [
                    0.9730739593505859,
                    0.04187818616628647,
                    0.22665704786777496
                ],
                [
                    -0.0567450113594532,
                    0.9966156482696533,
                    0.05947555601596832
                ],
                [
                    -0.22339920699596405,
                    -0.07073574513196945,
                    0.9721571207046509
                ]
            ],
            [
                [
                    0.9748929142951965,
                    -0.06966961175203323,
                    -0.21149513125419617
                ],
                [
                    0.08704380691051483,
                    0.9934543371200562,
                    0.0739724412560463
                ],
                [
                    0.20495711266994476,
                    -0.09052453190088272,
                    0.9745758771896362
                ]
            ],
            [
                [
                    0.9989898800849915,
                    -0.02157691866159439,
                    -0.03941592201590538
                ],
                [
                    0.022510182112455368,
                    0.999472975730896,
                    0.023388944566249847
                ],
                [
                    0.03889048844575882,
                    -0.024252578616142273,
                    0.9989491105079651
                ]
            ],
            [
                [
                    0.9888811707496643,
                    -0.14539693295955658,
                    0.03120489791035652
                ],
                [
                    0.1393284797668457,
                    0.9792261719703674,
                    0.14732202887535095
                ],
                [
                    -0.05197681859135628,
                    -0.14133624732494354,
                    0.9885962605476379
                ]
            ],
            [
                [
                    0.9869804978370667,
                    0.15946951508522034,
                    0.020949935540556908
                ],
                [
                    -0.16082878410816193,
                    0.976985514163971,
                    0.14011922478675842
                ],
                [
                    0.0018769589951261878,
                    -0.1416642963886261,
                    0.9899129271507263
                ]
            ],
            [
                [
                    0.9816684722900391,
                    -0.07355903089046478,
                    0.1758294254541397
                ],
                [
                    0.038782231509685516,
                    0.9803146719932556,
                    0.1935950666666031
                ],
                [
                    -0.18660883605480194,
                    -0.18322712182998657,
                    0.9651967883110046
                ]
            ],
            [
                [
                    0.9464172124862671,
                    0.18946953117847443,
                    -0.2615257203578949
                ],
                [
                    -0.16583555936813354,
                    0.9800141453742981,
                    0.10986757278442383
                ],
                [
                    0.27711543440818787,
                    -0.06061030924320221,
                    0.9589230418205261
                ]
            ],
            [
                [
                    0.9201405644416809,
                    -0.288936972618103,
                    0.26430413126945496
                ],
                [
                    0.25900277495384216,
                    0.9552869200706482,
                    0.14263394474983215
                ],
                [
                    -0.2936984896659851,
                    -0.06278779357671738,
                    0.9538336992263794
                ]
            ],
            [
                [
                    0.9880824685096741,
                    0.0446697473526001,
                    0.14730115234851837
                ],
                [
                    -0.06842824816703796,
                    0.9846769571304321,
                    0.16040247678756714
                ],
                [
                    -0.1378789097070694,
                    -0.16857044398784637,
                    0.9759986996650696
                ]
            ],
            [
                [
                    0.7424401044845581,
                    0.5695759654045105,
                    -0.35265547037124634
                ],
                [
                    -0.6015856862068176,
                    0.7984738349914551,
                    0.02311091497540474
                ],
                [
                    0.2947496175765991,
                    0.1949940174818039,
                    0.9354677200317383
                ]
            ],
            [
                [
                    0.528287410736084,
                    -0.7446831464767456,
                    0.40787196159362793
                ],
                [
                    0.7902508974075317,
                    0.6069225668907166,
                    0.08454956859350204
                ],
                [
                    -0.3105092942714691,
                    0.2776546776294708,
                    0.9091160893440247
                ]
            ],
            [
                [
                    0.4795037806034088,
                    -0.21174706518650055,
                    -0.8516098260879517
                ],
                [
                    -0.07366099208593369,
                    0.9573144912719727,
                    -0.27950504422187805
                ],
                [
                    0.8744427561759949,
                    0.19675412774085999,
                    0.44343841075897217
                ]
            ],
            [
                [
                    0.6716925501823425,
                    0.17658697068691254,
                    0.7194762229919434
                ],
                [
                    0.014100953005254269,
                    0.96795254945755,
                    -0.25073695182800293
                ],
                [
                    -0.7406957149505615,
                    0.1785634309053421,
                    0.6476764678955078
                ]
            ],
            [
                [
                    0.9932942986488342,
                    -0.11557687819004059,
                    -0.002876473590731621
                ],
                [
                    0.11301842331886292,
                    0.9759462475776672,
                    -0.18642883002758026
                ],
                [
                    0.024354148656129837,
                    0.18485362827777863,
                    0.9824641346931458
                ]
            ],
            [
                [
                    0.9975554943084717,
                    0.06873157620429993,
                    -0.01261010579764843
                ],
                [
                    -0.06939186900854111,
                    0.9956074953079224,
                    -0.06285209208726883
                ],
                [
                    0.00823479425162077,
                    0.06357348710298538,
                    0.9979431629180908
                ]
            ],
            [
                [
                    0.9811681509017944,
                    0.18029075860977173,
                    -0.0693126767873764
                ],
                [
                    -0.16593365371227264,
                    0.9704301953315735,
                    0.17530347406864166
                ],
                [
                    0.09886869788169861,
                    -0.1605008840560913,
                    0.9820715188980103
                ]
            ],
            [
                [
                    0.9794797301292419,
                    -0.17675313353538513,
                    0.09683908522129059
                ],
                [
                    0.16055773198604584,
                    0.9747515916824341,
                    0.1551787406206131
                ],
                [
                    -0.12182239443063736,
                    -0.13644616305828094,
                    0.9831284880638123
                ]
            ]
        ],
        "betas": [
            0.17474471032619476,
            -0.09841564297676086,
            -0.6200460195541382,
            -0.19623884558677673,
            0.06514701247215271,
            -0.02572512999176979,
            0.08394354581832886,
            0.056496620178222656,
            0.05617059767246246,
            -0.00010249018669128418
        ]
    },
    "pred_cam_t": [
        -0.02024458907544613,
        0.46993258595466614,
        16.901016235351562
    ],
    "focal_length": [
        5000.0,
        5000.0
    ],
    "pred_keypoints_3d": [
        [
            0.017687974497675896,
            -0.6352030038833618,
            -0.49135300517082214
        ],
        [
            0.014608129858970642,
            -0.6042372584342957,
            -0.293373703956604
        ],
        [
            -0.16489529609680176,
            -0.5557085275650024,
            -0.20889098942279816
        ],
        [
            -0.22803634405136108,
            -0.32911765575408936,
            -0.09933821856975555
        ],
        [
            -0.2037286013364792,
            -0.09030061960220337,
            -0.1998739242553711
        ],
        [
            0.1860664188861847,
            -0.5091344118118286,
            -0.2829263210296631
        ],
        [
            0.30508288741111755,
            -0.27556031942367554,
            -0.23822280764579773
        ],
        [
            0.1813196837902069,
            -0.08115382492542267,
            -0.3458796441555023
        ],
        [
            -0.0018827589228749275,
            -0.22111275792121887,
            0.028631780296564102
        ],
        [
            -0.07555563002824783,
            -0.15722697973251343,
            0.08535565435886383
        ],
        [
            -0.19764521718025208,
            0.16281303763389587,
            0.2687110900878906
        ],
        [
            -0.16168224811553955,
            0.293698787689209,
            0.6518688201904297
        ],
        [
            0.05950835719704628,
            -0.1370580792427063,
            0.07665790617465973
        ],
        [
            0.09770277142524719,
            0.21341592073440552,
            0.22089597582817078
        ],
        [
            0.0719899833202362,
            0.3748646378517151,
            0.5927242040634155
        ],
        [
            -0.01965944841504097,
            -0.6826834678649902,
            -0.4738527536392212
        ],
        [
            0.047587938606739044,
            -0.6861526966094971,
            -0.47054922580718994
        ],
        [
            -0.06784040480852127,
            -0.6957135200500488,
            -0.379711389541626
        ],
        [
            0.08121580630540848,
            -0.7030872106552124,
            -0.3747267723083496
        ],
        [
            0.09217895567417145,
            0.5669912695884705,
            0.5312321186065674
        ],
        [
            0.15245282649993896,
            0.5241759419441223,
            0.5727319717407227
        ],
        [
            0.07091378420591354,
            0.3430609703063965,
            0.6568912267684937
        ],
        [
            -0.21858495473861694,
            0.48153162002563477,
            0.6053614616394043
        ],
        [
            -0.273104727268219,
            0.4257558584213257,
            0.6477916240692139
        ],
        [
            -0.14372338354587555,
            0.2652454376220703,
            0.7186709642410278
        ],
        [
            -0.1769152730703354,
            0.2440691590309143,
            0.6204479932785034
        ],
        [
            -0.18399578332901,
            0.11527491360902786,
            0.23067915439605713
        ],
        [
            -0.14248287677764893,
            -0.27694523334503174,
            0.03436124324798584
        ],
        [
            0.14792566001415253,
            -0.22795039415359497,
            0.031110772863030434
        ],
        [
            0.10802456736564636,
            0.17986755073070526,
            0.19883552193641663
        ],
        [
            0.08085507899522781,
            0.3355869948863983,
            0.5761761665344238
        ],
        [
            -0.1866399049758911,
            -0.11867967993021011,
            -0.21551114320755005
        ],
        [
            -0.24951675534248352,
            -0.34018707275390625,
            -0.13286371529102325
        ],
        [
            -0.13085922598838806,
            -0.5758441686630249,
            -0.2304796278476715
        ],
        [
            0.166395902633667,
            -0.5432916879653931,
            -0.28934329748153687
        ],
        [
            0.30158621072769165,
            -0.2963499426841736,
            -0.283050537109375
        ],
        [
            0.1784287691116333,
            -0.1007382944226265,
            -0.35195836424827576
        ],
        [
            0.013895387761294842,
            -0.5993387699127197,
            -0.2948377728462219
        ],
        [
            0.010155896656215191,
            -0.7448396682739258,
            -0.4086107313632965
        ],
        [
            0.0032483632676303387,
            -0.25239214301109314,
            0.032578594982624054
        ],
        [
            0.015354817733168602,
            -0.556601345539093,
            -0.2583613097667694
        ],
        [
            0.019968384876847267,
            -0.4427558481693268,
            -0.11205430328845978
        ],
        [
            0.01962914690375328,
            -0.6334971785545349,
            -0.4060930609703064
        ],
        [
            0.004850893281400204,
            -0.7670502662658691,
            -0.40528422594070435
        ]
    ],
    "pred_vertices": [
        [
            0.05761795863509178,
            -0.7303076982498169,
            -0.4836100935935974
        ],
        [
            0.05215034261345863,
            -0.7150057554244995,
            -0.48549890518188477
        ],
        [
            0.06279166787862778,
            -0.714419960975647,
            -0.47573530673980713
        ],
        [
            0.06770436465740204,
            -0.7274051904678345,
            -0.46975743770599365
        ],
        [
            0.05933460593223572,
            -0.704020619392395,
            -0.4787214994430542
        ],
        [
            0.049768611788749695,
            -0.703210711479187,
            -0.4860646426677704
        ],
        [
            0.06921207159757614,
            -0.7117346525192261,
            -0.4639444351196289
        ],
        [
            0.07335329055786133,
            -0.7222990989685059,
            -0.455586314201355
        ],
        [
            0.07443837821483612,
            -0.6818759441375732,
            -0.4419493079185486
        ],
        [
            0.07798846065998077,
            -0.6808034777641296,
            -0.43151459097862244
        ],
        [
            0.0773247480392456,
            -0.6914905309677124,
            -0.43637996912002563
        ],
        [
            0.07308360189199448,
            -0.689690351486206,
            -0.445388525724411
        ],
        [
            0.07476963847875595,
            -0.6574705839157104,
            -0.43149280548095703
        ],
        [
            0.06958070397377014,
            -0.6458709836006165,
            -0.43721139430999756
        ],
        [
            0.07131107896566391,
            -0.6400219202041626,
            -0.4252322316169739
        ],
        [
            0.0751977264881134,
            -0.6513711214065552,
            -0.4186486005783081
        ],
        [
            0.0387483686208725,
            -0.6510492563247681,
            -0.46624302864074707
        ],
        [
            0.0441896952688694,
            -0.6453050374984741,
            -0.4627203941345215
        ],
        [
            0.04774178937077522,
            -0.6522724628448486,
            -0.4633920192718506
        ],
        [
            0.04153911769390106,
            -0.6572872400283813,
            -0.4663928151130676
        ],
        [
            0.02964014559984207,
            -0.6580164432525635,
            -0.4756070375442505
        ],
        [
            0.030249327421188354,
            -0.6643305420875549,
            -0.4737622141838074
        ],
        [
            0.025814607739448547,
            -0.6663898229598999,
            -0.48018622398376465
        ],
        [
            0.026116272434592247,
            -0.6591183543205261,
            -0.4827629625797272
        ],
        [
            0.03360796719789505,
            -0.6454163193702698,
            -0.4655053913593292
        ],
        [
            0.03935833275318146,
            -0.6396921277046204,
            -0.46153295040130615
        ],
        [
            0.03404279053211212,
            -0.6557965278625488,
            -0.46976831555366516
        ],
        [
            0.032363615930080414,
            -0.6505221128463745,
            -0.47088623046875
        ],
        [
            0.030460640788078308,
            -0.6416116952896118,
            -0.47955065965652466
        ],
        [
            0.03174304962158203,
            -0.6466971635818481,
            -0.4792802035808563
        ],
        [
            0.028836049139499664,
            -0.6457298994064331,
            -0.48655372858047485
        ],
        [
            0.0277048759162426,
            -0.6404157876968384,
            -0.48447519540786743
        ],
        [
            0.03262592852115631,
            -0.6436501741409302,
            -0.47020423412323
        ],
        [
            0.03323031961917877,
            -0.6458131074905396,
            -0.4736214280128479
        ],
        [
            0.0310981385409832,
            -0.6414133310317993,
            -0.475080281496048
        ],
        [
            0.029463741928339005,
            -0.640078067779541,
            -0.47155165672302246
        ],
        [
            0.029454059898853302,
            -0.6531645059585571,
            -0.4773504137992859
        ],
        [
            0.027114007622003555,
            -0.6528703570365906,
            -0.48493480682373047
        ],
        [
            0.023676203563809395,
            -0.652073860168457,
            -0.4926179051399231
        ],
        [
            0.02499983459711075,
            -0.6429935693740845,
            -0.4934188723564148
        ],
        [
            0.05455370247364044,
            -0.6347349882125854,
            -0.45147591829299927
        ],
        [
            0.04997862130403519,
            -0.6400929689407349,
            -0.4580857753753662
        ],
        [
            0.0450962632894516,
            -0.6346641778945923,
            -0.45751282572746277
        ],
        [
            0.04960741102695465,
            -0.6303732395172119,
            -0.4526446461677551
        ],
        [
            0.030531205236911774,
            -0.6379422545433044,
            -0.4672884941101074
        ],
        [
            0.03433921933174133,
            -0.6225242018699646,
            -0.46229827404022217
        ],
        [
            0.03459867835044861,
            -0.6262242794036865,
            -0.46361738443374634
        ],
        [
            0.028897177428007126,
            -0.6256285905838013,
            -0.4683070480823517
        ],
        [
            0.029250536113977432,
            -0.6222255229949951,
            -0.46683913469314575
        ],
        [
            0.05889201536774635,
            -0.6235915422439575,
            -0.43818265199661255
        ],
        [
            0.05377878248691559,
            -0.6208000183105469,
            -0.4427623748779297
        ],
        [
            0.05404970422387123,
            -0.6148155927658081,
            -0.43806958198547363
        ],
        [
            0.05831937864422798,
            -0.6165291666984558,
            -0.43203213810920715
        ],
        [
            0.05146718770265579,
            -0.6089173555374146,
            -0.4354957640171051
        ],
        [
            0.05661788582801819,
            -0.609275221824646,
            -0.4266497492790222
        ],
        [
            0.047477591782808304,
            -0.5946333408355713,
            -0.4225928783416748
        ],
        [
            0.052168939262628555,
            -0.6010658740997314,
            -0.4241524934768677
        ],
        [
            0.04771094396710396,
            -0.6027776598930359,
            -0.4344393014907837
        ],
        [
            0.042772434651851654,
            -0.5963142514228821,
            -0.43624812364578247
        ],
        [
            0.03202616423368454,
            -0.5980238914489746,
            -0.4475868046283722
        ],
        [
            0.026374276727437973,
            -0.5955101251602173,
            -0.45050451159477234
        ],
        [
            0.03067079931497574,
            -0.5844022035598755,
            -0.443562775850296
        ],
        [
            0.03656014800071716,
            -0.5892658233642578,
            -0.44014012813568115
        ],
        [
            0.0336960032582283,
            -0.6181883215904236,
            -0.4563285708427429
        ],
        [
            0.03731586039066315,
            -0.619391918182373,
            -0.4532002806663513
        ],
        [
            0.037853192538022995,
            -0.620166540145874,
            -0.45587819814682007
        ],
        [
            0.034143462777137756,
            -0.6200004816055298,
            -0.45986759662628174
        ],
        [
            0.040690526366233826,
            -0.6200218796730042,
            -0.450947642326355
        ],
        [
            0.04223419353365898,
            -0.6200986504554749,
            -0.44995200634002686
        ],
        [
            0.04216211289167404,
            -0.6209694147109985,
            -0.45157891511917114
        ],
        [
            0.04072542488574982,
            -0.6207309365272522,
            -0.4518360197544098
        ],
        [
            0.03884009271860123,
            -0.6200560927391052,
            -0.45252007246017456
        ],
        [
            0.037877246737480164,
            -0.6179786920547485,
            -0.4523680806159973
        ],
        [
            0.03987762704491615,
            -0.6190255880355835,
            -0.45128417015075684
        ],
        [
            0.03467090055346489,
            -0.6160405874252319,
            -0.45520979166030884
        ],
        [
            0.02289380133152008,
            -0.6102790832519531,
            -0.46363604068756104
        ],
        [
            0.0266876220703125,
            -0.6116297245025635,
            -0.4619378447532654
        ],
        [
            0.025059636682271957,
            -0.6161511540412903,
            -0.46257519721984863
        ],
        [
            0.021760202944278717,
            -0.6152827739715576,
            -0.46403181552886963
        ],
        [
            0.040675170719623566,
            -0.6220669150352478,
            -0.4541495442390442
        ],
        [
            0.043065451085567474,
            -0.6239678263664246,
            -0.4537707567214966
        ],
        [
            0.03972650319337845,
            -0.6253325939178467,
            -0.45835793018341064
        ],
        [
            0.03850512579083443,
            -0.6227211952209473,
            -0.45711076259613037
        ],
        [
            0.04576120525598526,
            -0.6262315511703491,
            -0.453782320022583
        ],
        [
            0.044304259121418,
            -0.6225501298904419,
            -0.45105060935020447
        ],
        [
            0.047147948294878006,
            -0.6235197186470032,
            -0.4501607418060303
        ],
        [
            0.04169674217700958,
            -0.6183843612670898,
            -0.44945961236953735
        ],
        [
            0.044205620884895325,
            -0.617416262626648,
            -0.4471852481365204
        ],
        [
            0.04489235579967499,
            -0.6197365522384644,
            -0.4489145278930664
        ],
        [
            0.042250387370586395,
            -0.6139693260192871,
            -0.44676119089126587
        ],
        [
            0.03933815658092499,
            -0.616041898727417,
            -0.45007455348968506
        ],
        [
            0.036131300032138824,
            -0.6131693124771118,
            -0.4524882733821869
        ],
        [
            0.03200332075357437,
            -0.6101840734481812,
            -0.45589911937713623
        ],
        [
            0.03411006182432175,
            -0.6066036820411682,
            -0.451053649187088
        ],
        [
            0.03871048986911774,
            -0.6101592779159546,
            -0.44825348258018494
        ],
        [
            0.04153430461883545,
            -0.6293301582336426,
            -0.45844006538391113
        ],
        [
            0.04878977686166763,
            -0.6200841665267944,
            -0.4462859034538269
        ],
        [
            0.051988065242767334,
            -0.6265964508056641,
            -0.44769370555877686
        ],
        [
            0.048544663935899734,
            -0.6157686710357666,
            -0.44369077682495117
        ],
        [
            0.04644337296485901,
            -0.6112266182899475,
            -0.44217753410339355
        ],
        [
            0.04230264201760292,
            -0.6063516139984131,
            -0.4423368573188782
        ],
        [
            0.037450410425662994,
            -0.6019610166549683,
            -0.44483309984207153
        ],
        [
            0.03143182769417763,
            -0.5799905061721802,
            -0.428682804107666
        ],
        [
            0.03910049796104431,
            -0.5861201286315918,
            -0.4259493947029114
        ],
        [
            0.047872915863990784,
            -0.6967757940292358,
            -0.4815180003643036
        ],
        [
            0.05609935149550438,
            -0.6971781253814697,
            -0.47786521911621094
        ],
        [
            0.056454457342624664,
            -0.6910985708236694,
            -0.4711175858974457
        ],
        [
            0.058145277202129364,
            -0.6938391327857971,
            -0.4713909327983856
        ],
        [
            0.05314817279577255,
            -0.6935431361198425,
            -0.47546321153640747
        ],
        [
            0.05275772884488106,
            -0.6909888982772827,
            -0.47415798902511597
        ],
        [
            0.06804218888282776,
            -0.6896896958351135,
            -0.4523540139198303
        ],
        [
            0.06399549543857574,
            -0.6896090507507324,
            -0.4580451548099518
        ],
        [
            0.06392612308263779,
            -0.6863939762115479,
            -0.4552142024040222
        ],
        [
            0.0694185197353363,
            -0.683638334274292,
            -0.44936603307724
        ],
        [
            0.057485420256853104,
            -0.676647961139679,
            -0.460329532623291
        ],
        [
            0.06117348372936249,
            -0.6790748834609985,
            -0.4570111334323883
        ],
        [
            0.057845789939165115,
            -0.6845315098762512,
            -0.462415874004364
        ],
        [
            0.055109575390815735,
            -0.6828144788742065,
            -0.4647996723651886
        ],
        [
            0.05166758596897125,
            -0.6815941333770752,
            -0.4670127034187317
        ],
        [
            0.04760608449578285,
            -0.6808500289916992,
            -0.4686254858970642
        ],
        [
            0.047959063202142715,
            -0.6760173439979553,
            -0.46636465191841125
        ],
        [
            0.05277533084154129,
            -0.6759691834449768,
            -0.46374619007110596
        ],
        [
            0.04694794863462448,
            -0.6940280199050903,
            -0.47772204875946045
        ],
        [
            0.03973265364766121,
            -0.6927967071533203,
            -0.4780144989490509
        ],
        [
            0.0410817414522171,
            -0.69038987159729,
            -0.47626322507858276
        ],
        [
            0.0472414456307888,
            -0.6911178827285767,
            -0.47635430097579956
        ],
        [
            0.030655767768621445,
            -0.6850498914718628,
            -0.47056448459625244
        ],
        [
            0.03194323182106018,
            -0.6870386600494385,
            -0.4722268581390381
        ],
        [
            0.028584087267518044,
            -0.6878328919410706,
            -0.4741959273815155
        ],
        [
            0.02770473062992096,
            -0.6838468313217163,
            -0.472074031829834
        ],
        [
            0.030048586428165436,
            -0.6810930967330933,
            -0.4711401164531708
        ],
        [
            0.03202391415834427,
            -0.6834357380867004,
            -0.47050589323043823
        ],
        [
            0.047688163816928864,
            -0.7509052753448486,
            -0.4893628656864166
        ],
        [
            0.04386944696307182,
            -0.7318834662437439,
            -0.492770254611969
        ],
        [
            0.061819639056921005,
            -0.7488468289375305,
            -0.4741128385066986
        ],
        [
            0.07031033933162689,
            -0.7429293394088745,
            -0.45905041694641113
        ],
        [
            0.07717347890138626,
            -0.7334690690040588,
            -0.4456963837146759
        ],
        [
            0.06522415578365326,
            -0.6303331255912781,
            -0.4321335256099701
        ],
        [
            0.06567429006099701,
            -0.623694658279419,
            -0.4232829213142395
        ],
        [
            0.07198581099510193,
            -0.6347670555114746,
            -0.41338860988616943
        ],
        [
            0.06937731802463531,
            -0.626125693321228,
            -0.40573620796203613
        ],
        [
            0.06314969062805176,
            -0.6145235896110535,
            -0.41641518473625183
        ],
        [
            0.04846766218543053,
            -0.5967200994491577,
            -0.4083350896835327
        ],
        [
            0.05747207626700401,
            -0.6048067808151245,
            -0.41148853302001953
        ],
        [
            0.06368119269609451,
            -0.6178796887397766,
            -0.3978806138038635
        ],
        [
            0.06984668970108032,
            -0.6352519989013672,
            -0.38720396161079407
        ],
        [
            0.07344229519367218,
            -0.639472484588623,
            -0.3964747190475464
        ],
        [
            0.07228817045688629,
            -0.6541017293930054,
            -0.3804360628128052
        ],
        [
            0.06382842361927032,
            -0.6319005489349365,
            -0.3746641278266907
        ],
        [
            0.06860752403736115,
            -0.6559591293334961,
            -0.37264543771743774
        ],
        [
            0.048051267862319946,
            -0.5973089337348938,
            -0.36315882205963135
        ],
        [
            0.050460562109947205,
            -0.5887659192085266,
            -0.35338056087493896
        ],
        [
            0.06370669603347778,
            -0.6014243364334106,
            -0.34722256660461426
        ],
        [
            0.0611414760351181,
            -0.6095899939537048,
            -0.3556351065635681
        ],
        [
            0.07552366703748703,
            -0.6453632116317749,
            -0.40648528933525085
        ],
        [
            0.07909785211086273,
            -0.7039649486541748,
            -0.4326462745666504
        ],
        [
            0.07572674751281738,
            -0.7000513076782227,
            -0.4433528184890747
        ],
        [
            0.0800497829914093,
            -0.6926953792572021,
            -0.42474812269210815
        ],
        [
            0.07854513078927994,
            -0.7660149335861206,
            -0.43290263414382935
        ],
        [
            0.07567108422517776,
            -0.7564818859100342,
            -0.4486970901489258
        ],
        [
            0.08167741447687149,
            -0.7439500093460083,
            -0.4363650679588318
        ],
        [
            0.08419777452945709,
            -0.7549582719802856,
            -0.42333051562309265
        ],
        [
            0.051416315138339996,
            -0.7942335605621338,
            -0.4543816149234772
        ],
        [
            0.05189315974712372,
            -0.7746217846870422,
            -0.47425055503845215
        ],
        [
            0.06299754977226257,
            -0.7667264342308044,
            -0.46248430013656616
        ],
        [
            0.06487227231264114,
            -0.7821998596191406,
            -0.4459202289581299
        ],
        [
            0.08474544435739517,
            -0.7602274417877197,
            -0.41078370809555054
        ],
        [
            0.08305346220731735,
            -0.7671914100646973,
            -0.39376091957092285
        ],
        [
            0.0780894011259079,
            -0.7837384939193726,
            -0.3927358388900757
        ],
        [
            0.07845887541770935,
            -0.7771912813186646,
            -0.4144567847251892
        ],
        [
            0.06509624421596527,
            -0.8042235374450684,
            -0.3938477337360382
        ],
        [
            0.0653068944811821,
            -0.7968889474868774,
            -0.4201875627040863
        ],
        [
            0.06699855625629425,
            -0.6477431058883667,
            -0.35907304286956787
        ],
        [
            0.06765056401491165,
            -0.6654601097106934,
            -0.3624158203601837
        ],
        [
            0.05889519304037094,
            -0.6191921234130859,
            -0.36627042293548584
        ],
        [
            0.06717594712972641,
            -0.6330087780952454,
            -0.3545767068862915
        ],
        [
            0.046411123126745224,
            -0.8193454146385193,
            -0.39504677057266235
        ],
        [
            0.04794001579284668,
            -0.8117016553878784,
            -0.42664289474487305
        ],
        [
            0.06871109455823898,
            -0.7616596221923828,
            -0.34062880277633667
        ],
        [
            0.07139968872070312,
            -0.775736927986145,
            -0.353928804397583
        ],
        [
            0.07920612394809723,
            -0.7589491605758667,
            -0.36436575651168823
        ],
        [
            0.07588832825422287,
            -0.7481049299240112,
            -0.35081005096435547
        ],
        [
            0.05657580494880676,
            -0.7741721868515015,
            -0.33049410581588745
