{
    "pred_cam": [
        2.1076602935791016,
        -0.04847542196512222,
        0.46412184834480286
    ],
    "pred_smpl_params": {
        "global_orient": [
            [
                [
                    0.9904017448425293,
                    0.12976256012916565,
                    -0.04760422557592392
                ],
                [
                    0.12588059902191162,
                    -0.989047110080719,
                    -0.07707115262746811
                ],
                [
                    -0.05708376690745354,
                    0.07033894956111908,
                    -0.9958885908126831
                ]
            ]
        ],
        "body_pose": [
            [
                [
                    0.9941367506980896,
                    -0.05184851214289665,
                    -0.09488758444786072
                ],
                [
                    0.1064106673002243,
                    0.6249490976333618,
                    0.7733791470527649
                ],
                [
                    0.01920134201645851,
                    -0.7789418697357178,
                    0.6268020868301392
                ]
            ],
            [
                [
                    0.9954588413238525,
                    0.04587821662425995,
                    0.08340783417224884
                ],
                [
                    -0.09270793199539185,
                    0.6661302447319031,
                    0.74005126953125
                ],
                [
                    -0.021608244627714157,
                    -0.7444231510162354,
                    0.6673585176467896
                ]
            ],
            [
                [
                    0.9998175501823425,
                    0.017278924584388733,
                    -0.008135033771395683
                ],
                [
                    -0.01884586177766323,
                    0.8236191868782043,
                    -0.566830039024353
                ],
                [
                    -0.003094037529081106,
                    0.5668799877166748,
                    0.8237945437431335
                ]
            ],
            [
                [
                    0.9829595685005188,
                    0.12095114588737488,
                    -0.13842429220676422
                ],
                [
                    -0.1128833144903183,
                    -0.19714747369289398,
                    -0.9738532900810242
                ],
                [
                    -0.14507867395877838,
                    0.9728842377662659,
                    -0.1801346242427826
                ]
            ],
            [
                [
                    0.9785494208335876,
                    -0.12141529470682144,
                    0.16643118858337402
                ],
                [
                    0.14227040112018585,
                    -0.1860111504793167,
                    -0.9721928834915161
                ],
                [
                    0.14899715781211853,
                    0.9750170111656189,
                    -0.16474729776382446
                ]
            ],
            [
                [
                    0.999738872051239,
                    -0.011616024188697338,
                    -0.019681697711348534
                ],
                [
                    0.01012403704226017,
                    0.997186005115509,
                    -0.0742793008685112
                ],
                [
                    0.020489146932959557,
                    0.07406064122915268,
                    0.9970431923866272
                ]
            ],
            [
                [
                    0.9771466851234436,
                    -0.08879360556602478,
                    0.19313190877437592
                ],
                [
                    0.03483714908361435,
                    0.9631850123405457,
                    0.2665727734565735
                ],
                [
                    -0.20969171822071075,
                    -0.25375258922576904,
                    0.9442663788795471
                ]
            ],
            [
                [
                    0.9766284227371216,
                    0.09937547892332077,
                    -0.19058199226856232
                ],
                [
                    -0.037283383309841156,
                    0.9515813589096069,
                    0.30512773990631104
                ],
                [
                    0.2116764783859253,
                    -0.2908908426761627,
                    0.9330464601516724
                ]
            ],
            [
                [
                    0.9992243051528931,
                    -0.004790055099874735,
                    -0.0390879362821579
                ],
                [
                    0.0024419014807790518,
                    0.998201310634613,
                    -0.05990176275372505
                ],
                [
                    0.03930455818772316,
                    0.05975984409451485,
                    0.9974387288093567
                ]
            ],
            [
                [
                    0.9975292086601257,
                    -0.06927468627691269,
                    0.011683435179293156
                ],
                [
                    0.06436629593372345,
                    0.9678552746772766,
                    0.24313178658485413
                ],
                [
                    -0.028150755912065506,
                    -0.24177904427051544,
                    0.9699228405952454
                ]
            ],
            [
                [
                    0.997414767742157,
                    0.06106538698077202,
                    -0.03787892311811447
                ],
                [
                    -0.049914781004190445,
                    0.9679535031318665,
                    0.24611887335777283
                ],
                [
                    0.05169438198208809,
                    -0.24359187483787537,
                    0.9684991836547852
                ]
            ],
            [
                [
                    0.9818265438079834,
                    -0.04000205919146538,
                    0.18551687896251678
                ],
                [
                    0.008611793629825115,
                    0.985917329788208,
                    0.16701139509677887
                ],
                [
                    -0.1895851194858551,
                    -0.16237857937812805,
                    0.9683442711830139
                ]
            ],
            [
                [
                    0.9223980903625488,
                    0.253214955329895,
                    -0.291657418012619
                ],
                [
                    -0.23844794929027557,
                    0.9673629999160767,
                    0.08574050664901733
                ],
                [
                    0.30384936928749084,
                    -0.009541764855384827,
                    0.9526723623275757
                ]
            ],
            [
                [
                    0.8979697227478027,
                    -0.3787849247455597,
                    0.22399160265922546
                ],
                [
                    0.3629743456840515,
                    0.9253257513046265,
                    0.10964443534612656
                ],
                [
                    -0.24879685044288635,
                    -0.017154183238744736,
                    0.968403697013855
                ]
            ],
            [
                [
                    0.9927926659584045,
                    0.053323134779930115,
                    0.10732771456241608
                ],
                [
                    -0.06564763933420181,
                    0.9912188649177551,
                    0.11478480696678162
                ],
                [
                    -0.10026456415653229,
                    -0.12100333720445633,
                    0.987575352191925
                ]
            ],
            [
                [
                    0.7384179830551147,
                    0.6033754348754883,
                    -0.3011261522769928
                ],
                [
                    -0.6486221551895142,
                    0.757659375667572,
                    -0.07239897549152374
                ],
                [
                    0.18446727097034454,
                    0.24877779185771942,
                    0.950831949710846
                ]
            ],
            [
                [
                    0.5183815360069275,
                    -0.788318932056427,
                    0.3314119577407837
                ],
                [
                    0.8321151733398438,
                    0.5543412566184998,
                    0.017031745985150337
                ],
                [
                    -0.19714175164699554,
                    0.2669439911842346,
                    0.9433323740959167
                ]
            ],
            [
                [
                    0.4304577112197876,
                    -0.3049065172672272,
                    -0.8495517373085022
                ],
                [
                    -0.15398898720741272,
                    0.9026099443435669,
                    -0.4019736051559448
                ],
                [
                    0.8893781304359436,
                    0.3038542568683624,
                    0.34158316254615784
                ]
            ],
            [
                [
                    0.4665836691856384,
                    0.3222876787185669,
                    0.8236688375473022
                ],
                [
                    -0.03274742513895035,
                    0.9369057416915894,
                    -0.3480449616909027
                ],
                [
                    -0.8838706612586975,
                    0.1354190707206726,
                    0.44769901037216187
                ]
            ],
            [
                [
                    0.9867696166038513,
                    -0.15827704966068268,
                    0.03513142094016075
                ],
                [
                    0.1613488793373108,
                    0.9374564290046692,
                    -0.30845099687576294
                ],
                [
                    0.015886537730693817,
                    0.3100384473800659,
                    0.9505913257598877
                ]
            ],
            [
                [
                    0.9879072308540344,
                    0.1480158567428589,
                    -0.04615737125277519
                ],
                [
                    -0.15372487902641296,
                    0.9738568067550659,
                    -0.1672469824552536
                ],
                [
                    0.02019546553492546,
                    0.17232005298137665,
                    0.9848338961601257
                ]
            ],
            [
                [
                    0.9780158400535583,
                    0.1906089335680008,
                    -0.08457684516906738
                ],
                [
                    -0.16906189918518066,
                    0.9621998071670532,
                    0.21351757645606995
                ],
                [
                    0.12207816541194916,
                    -0.1945248544216156,
                    0.973271369934082
                ]
            ],
            [
                [
                    0.9773333072662354,
                    -0.1910872459411621,
                    0.09113315492868423
                ],
                [
                    0.17216423153877258,
                    0.9678937792778015,
                    0.18314208090305328
                ],
                [
                    -0.1232033371925354,
                    -0.1633009910583496,
                    0.9788532257080078
                ]
            ]
        ],
        "betas": [
            0.06413374841213226,
            -0.41996732354164124,
            -0.5074710845947266,
            0.02132338285446167,
            0.06322568655014038,
            0.004554633051156998,
            0.1519424021244049,
            -0.03948208689689636,
            -0.016468748450279236,
            0.0439450740814209
        ]
    },
    "pred_cam_t": [
        -0.04847542196512222,
        0.46412184834480286,
        18.533584594726562
    ],
    "focal_length": [
        5000.0,
        5000.0
    ],
    "pred_keypoints_3d": [
        [
            0.07450757920742035,
            -0.7177809476852417,
            -0.34141504764556885
        ],
        [
            0.05020981281995773,
            -0.6659430861473083,
            -0.1510196328163147
        ],
        [
            -0.14063948392868042,
            -0.6061699390411377,
            -0.08308549970388412
        ],
        [
            -0.19436505436897278,
            -0.380584716796875,
            0.02479158341884613
        ],
        [
            -0.15900887548923492,
            -0.18231862783432007,
            -0.1339789181947708
        ],
        [
            0.21671056747436523,
            -0.5529956817626953,
            -0.14045916497707367
        ],
        [
            0.3140345513820648,
            -0.3168143630027771,
            -0.08280615508556366
        ],
        [
            0.16968286037445068,
            -0.14010636508464813,
            -0.18748128414154053
        ],
        [
            -0.001942208968102932,
            -0.2237054854631424,
            0.030358627438545227
        ],
        [
            -0.08124265819787979,
            -0.14264899492263794,
            0.030981924384832382
        ],
        [
            -0.18273292481899261,
            0.08303962647914886,
            -0.2599380910396576
        ],
        [
            -0.16335570812225342,
            0.3172002136707306,
            0.06332129240036011
        ],
        [
            0.05578436329960823,
            -0.12421725690364838,
            0.02535507082939148
        ],
        [
            0.0646701231598854,
            0.09095925092697144,
            -0.28045371174812317
        ],
        [
            0.026345781981945038,
            0.3308168053627014,
            0.03628626465797424
        ],
        [
            0.039956167340278625,
            -0.7653470039367676,
            -0.3229855000972748
        ],
        [
            0.10711994767189026,
            -0.7626227140426636,
            -0.31354981660842896
        ],
        [
            -0.01626407727599144,
            -0.7751592397689819,
            -0.23279830813407898
        ],
        [
            0.13357330858707428,
            -0.7697646617889404,
            -0.21420331299304962
        ],
        [
            0.023397333920001984,
            0.46730339527130127,
            -0.10503095388412476
        ],
        [
            0.09092125296592712,
            0.45486271381378174,
            -0.056728243827819824
        ],
        [
            0.03335932642221451,
            0.32399606704711914,
            0.10464131832122803
        ],
        [
            -0.19756361842155457,
            0.4487192630767822,
            -0.08105748891830444
        ],
        [
            -0.2618694305419922,
            0.42111653089523315,
            -0.027527540922164917
        ],
        [
            -0.15886013209819794,
            0.3228103518486023,
            0.1357792317867279
        ],
        [
            -0.18444126844406128,
            0.2621302008628845,
            0.04887843132019043
        ],
        [
            -0.17213955521583557,
            0.04545935243368149,
            -0.23517464101314545
        ],
        [
            -0.14946722984313965,
            -0.27037420868873596,
            0.06964720040559769
        ],
        [
            0.1559576690196991,
            -0.21617579460144043,
            0.06561984866857529
        ],
        [
            0.07872814685106277,
            0.06973743438720703,
            -0.26393362879753113
        ],
        [
            0.04265613108873367,
            0.2892453968524933,
            0.029446052387356758
        ],
        [
            -0.1425548791885376,
            -0.21358682215213776,
            -0.14071781933307648
        ],
        [
            -0.21716834604740143,
            -0.3937482237815857,
            -0.008094719611108303
        ],
        [
            -0.10411182045936584,
            -0.6306501030921936,
            -0.09907019883394241
        ],
        [
            0.20186860859394073,
            -0.5907724499702454,
            -0.14156869053840637
        ],
        [
            0.31383153796195984,
            -0.33667075634002686,
            -0.12856633961200714
        ],
        [
            0.16806478798389435,
            -0.15987932682037354,
            -0.19342228770256042
        ],
        [
            0.04868415743112564,
            -0.6559346318244934,
            -0.15145546197891235
        ],
        [
            0.06930851936340332,
            -0.8200662732124329,
            -0.25068020820617676
        ],
        [
            0.0033911210484802723,
            -0.2433227300643921,
            0.06771080195903778
        ],
        [
            0.045693106949329376,
            -0.6079473495483398,
            -0.12015704810619354
        ],
        [
            0.033041223883628845,
            -0.47562023997306824,
            0.000996430404484272
        ],
        [
            0.06895224004983902,
            -0.7072203159332275,
            -0.2572840750217438
        ],
        [
            0.06513749808073044,
            -0.841970682144165,
            -0.24565187096595764
        ]
    ],
    "pred_vertices": [
        [
            0.12092123180627823,
            -0.8069854974746704,
            -0.32294440269470215
        ],
        [
            0.1149500161409378,
            -0.7920277118682861,
            -0.3266928791999817
        ],
        [
            0.12467736005783081,
            -0.7902840375900269,
            -0.3161344528198242
        ],
        [
            0.12980642914772034,
            -0.8022658228874207,
            -0.30835869908332825
        ],
        [
            0.12042886018753052,
            -0.7801169157028198,
            -0.31985095143318176
        ],
        [
            0.1115657389163971,
            -0.7809183597564697,
            -0.3277398943901062
        ],
        [
            0.13004544377326965,
            -0.7860053777694702,
            -0.30382633209228516
        ],
        [
            0.13434815406799316,
            -0.7950615882873535,
            -0.2942679524421692
        ],
        [
            0.13233399391174316,
            -0.7527562379837036,
            -0.2832493185997009
        ],
        [
            0.1346561461687088,
            -0.7497341632843018,
            -0.27230679988861084
        ],
        [
            0.13515815138816833,
            -0.7617355585098267,
            -0.27755510807037354
        ],
        [
            0.13106177747249603,
            -0.761638879776001,
            -0.28664517402648926
        ],
        [
            0.12858256697654724,
            -0.7284861207008362,
            -0.27527791261672974
        ],
        [
            0.12295028567314148,
            -0.7179620265960693,
            -0.2825733721256256
        ],
        [
            0.12312237918376923,
            -0.7111495733261108,
            -0.27091163396835327
        ],
        [
            0.1273776739835739,
            -0.7214370965957642,
            -0.2630082666873932
        ],
        [
            0.09501343965530396,
            -0.7284097671508789,
            -0.31329095363616943
        ],
        [
            0.09975426644086838,
            -0.7218502759933472,
            -0.3101511597633362
        ],
        [
            0.10398158431053162,
            -0.728368878364563,
            -0.30995064973831177
        ],
        [
            0.09838108718395233,
            -0.73424232006073,
            -0.31282615661621094
        ],
        [
            0.08687123656272888,
            -0.7372946739196777,
            -0.3227992653846741
        ],
        [
            0.08789847791194916,
            -0.7433153390884399,
            -0.3203777074813843
        ],
        [
            0.08415628969669342,
            -0.7463114261627197,
            -0.3269645571708679
        ],
        [
            0.08408690243959427,
            -0.7393698692321777,
            -0.3301451802253723
        ],
        [
            0.08941694349050522,
            -0.7232910394668579,
            -0.31364548206329346
        ],
        [
            0.09426680207252502,
            -0.7167415618896484,
            -0.30976253747940063
        ],
        [
            0.09093545377254486,
            -0.7338563203811646,
            -0.31668275594711304
        ],
        [
            0.08858940750360489,
            -0.7293025255203247,
            -0.3185844421386719
        ],
        [
            0.08670862019062042,
            -0.7216099500656128,
            -0.32819443941116333
        ],
        [
            0.0883307158946991,
            -0.7264153361320496,
            -0.327301561832428
        ],
        [
            0.08610900491476059,
            -0.7264500260353088,
            -0.33500364422798157
        ],
        [
            0.08420895785093307,
            -0.7210983633995056,
            -0.3334391117095947
        ],
        [
            0.08830281347036362,
            -0.7226444482803345,
            -0.3186652660369873
        ],
        [
            0.08943583816289902,
            -0.724985659122467,
            -0.3217678666114807
        ],
        [
            0.08696140348911285,
            -0.7210782766342163,
            -0.32382139563560486
        ],
        [
            0.08496619015932083,
            -0.7195562124252319,
            -0.320617139339447
        ],
        [
            0.08655405789613724,
            -0.732919454574585,
            -0.3250826597213745
        ],
        [
            0.08480767905712128,
            -0.7334665656089783,
            -0.33281731605529785
        ],
        [
            0.08194468915462494,
            -0.7337214946746826,
            -0.34087470173835754
        ],
        [
            0.08261175453662872,
            -0.724810004234314,
            -0.3422876000404358
        ],
        [
            0.10831303149461746,
            -0.7094037532806396,
            -0.29903092980384827
        ],
        [
            0.10490507632493973,
            -0.715718686580658,
            -0.3055766224861145
        ],
        [
            0.09927692264318466,
            -0.7108463644981384,
            -0.3058098554611206
        ],
        [
            0.10299723595380783,
            -0.7058357000350952,
            -0.30088120698928833
        ],
        [
            0.08539097011089325,
            -0.7168642282485962,
            -0.31631916761398315
        ],
        [
            0.08748622238636017,
            -0.7008105516433716,
            -0.31250452995300293
        ],
        [
            0.08816276490688324,
            -0.7045287489891052,
            -0.31349819898605347
        ],
        [
            0.08278512209653854,
            -0.7048839330673218,
            -0.31870514154434204
        ],
        [
            0.08274251222610474,
            -0.701392650604248,
            -0.3174603581428528
        ],
        [
            0.11055389791727066,
            -0.6970076560974121,
            -0.28649482131004333
        ],
        [
            0.10561470687389374,
            -0.6950777769088745,
            -0.29174768924713135
        ],
        [
            0.10502272844314575,
            -0.6887437105178833,
            -0.28762000799179077
        ],
        [
            0.10885129868984222,
            -0.6896203756332397,
            -0.2811232805252075
        ],
        [
            0.10173450410366058,
            -0.6830024123191833,
            -0.2858388423919678
        ],
        [
            0.1061791256070137,
            -0.6823370456695557,
            -0.2765420079231262
        ],
        [
            0.09564576297998428,
            -0.6684765815734863,
            -0.2745111584663391
        ],
        [
            0.10087554156780243,
            -0.6744280457496643,
            -0.2752242982387543
        ],
        [
            0.09737541526556015,
            -0.677263617515564,
            -0.2856407165527344
        ],
        [
            0.09208999574184418,
            -0.6715121865272522,
            -0.2885285019874573
        ],
        [
            0.08226414024829865,
            -0.6750359535217285,
            -0.3002907335758209
        ],
        [
            0.07670526206493378,
            -0.6733019351959229,
            -0.3040224313735962
        ],
        [
            0.07951737940311432,
            -0.6614968776702881,
            -0.2977713942527771
        ],
        [
            0.08551569283008575,
            -0.665368914604187,
            -0.29359138011932373
        ],
        [
            0.08638797700405121,
            -0.6956548690795898,
            -0.30696117877960205
        ],
        [
            0.08987745642662048,
            -0.6962655782699585,
            -0.30340954661369324
        ],
        [
            0.09065815806388855,
            -0.6971752643585205,
            -0.3059358596801758
        ],
        [
            0.0872020274400711,
            -0.6977471113204956,
            -0.31016117334365845
        ],
        [
            0.09308087825775146,
            -0.696308970451355,
            -0.3008882403373718
        ],
        [
            0.09455366432666779,
            -0.6961367726325989,
            -0.2997465133666992
        ],
        [
            0.09467006474733353,
            -0.6971465349197388,
            -0.30126315355300903
        ],
        [
            0.09349747002124786,
            -0.6971446871757507,
            -0.301685094833374
        ],
        [
            0.09156940877437592,
            -0.696703314781189,
            -0.30266469717025757
        ],
        [
            0.09047715365886688,
            -0.6947234869003296,
            -0.30282312631607056
        ],
        [
            0.09224935621023178,
            -0.6954292058944702,
            -0.301440954208374
        ],
        [
            0.08726747334003448,
            -0.6934149265289307,
            -0.30607977509498596
        ],
        [
            0.07517210394144058,
            -0.6899226307868958,
            -0.31590473651885986
        ],
        [
            0.07919551432132721,
            -0.6903877258300781,
            -0.31368666887283325
        ],
        [
            0.0781114399433136,
            -0.694913923740387,
            -0.3141372799873352
        ],
        [
            0.07454998791217804,
            -0.6949395537376404,
            -0.3161616325378418
        ],
        [
            0.0934048667550087,
            -0.6990818381309509,
            -0.3038979768753052
        ],
        [
            0.09600073844194412,
            -0.7002216577529907,
            -0.3030626177787781
        ],
        [
            0.09306387603282928,
            -0.7022769451141357,
            -0.3078361749649048
        ],
        [
            0.09158722311258316,
            -0.699741005897522,
            -0.3068663477897644
        ],
        [
            0.09899833798408508,
            -0.7021383047103882,
            -0.3027477264404297
        ],
        [
            0.09692271798849106,
            -0.6984440684318542,
            -0.3005049228668213
        ],
        [
            0.09941085427999496,
            -0.6993576884269714,
            -0.2993621826171875
        ],
        [
            0.09388841688632965,
            -0.6944313049316406,
            -0.2995400130748749
        ],
        [
            0.09609049558639526,
            -0.6930114030838013,
            -0.29719579219818115
        ],
        [
            0.09708666801452637,
            -0.6953585147857666,
            -0.2986159920692444
        ],
        [
            0.09382809698581696,
            -0.6897595524787903,
            -0.29724571108818054
        ],
        [
            0.09136021137237549,
            -0.6923876404762268,
            -0.3006017804145813
        ],
        [
            0.08805005252361298,
            -0.6901068091392517,
            -0.3035099506378174
        ],
        [
            0.08384209871292114,
            -0.6878979206085205,
            -0.30743592977523804
        ],
        [
            0.08533909916877747,
            -0.6836440563201904,
            -0.30289459228515625
        ],
        [
            0.0900714248418808,
            -0.6864490509033203,
            -0.2994207739830017
        ],
        [
            0.09501025080680847,
            -0.7064120769500732,
            -0.30750948190689087
        ],
        [
            0.10079053044319153,
            -0.6951532363891602,
            -0.2956080436706543
        ],
        [
            0.10467669367790222,
            -0.7015312314033508,
            -0.29610440135002136
        ],
        [
            0.10000413656234741,
            -0.6906764507293701,
            -0.29351282119750977
        ],
        [
            0.09738217294216156,
            -0.686323881149292,
            -0.2925683856010437
        ],
        [
            0.09294688701629639,
            -0.6817458868026733,
            -0.293735146522522
        ],
        [
            0.08781179785728455,
            -0.6782451272010803,
            -0.2968754768371582
        ],
        [
            0.07863947749137878,
            -0.6557283401489258,
            -0.28325286507606506
        ],
        [
            0.0866677388548851,
            -0.6609156131744385,
            -0.27945563197135925
        ],
        [
            0.10866887867450714,
            -0.774356484413147,
            -0.3236602544784546
        ],
        [
            0.11651425063610077,
            -0.7738116979598999,
            -0.3194982409477234
        ],
        [
            0.11589974164962769,
            -0.7671127319335938,
            -0.3130713105201721
        ],
        [
            0.11823587119579315,
            -0.7691324949264526,
            -0.31300613284111023
        ],
        [
            0.11312761157751083,
            -0.7701119780540466,
            -0.3175984025001526
        ],
        [
            0.11240458488464355,
            -0.7676135897636414,
            -0.3163030743598938
        ],
        [
            0.12621665000915527,
            -0.7631255388259888,
            -0.2936890125274658
        ],
        [
            0.1223752573132515,
            -0.7641172409057617,
            -0.29956161975860596
        ],
        [
            0.12165811657905579,
            -0.7606345415115356,
            -0.2969163656234741
        ],
        [
            0.12678302824497223,
            -0.7566336989402771,
            -0.2909036874771118
        ],
        [
            0.11492782831192017,
            -0.7519291043281555,
            -0.3035646677017212
        ],
        [
            0.11857268214225769,
            -0.7536230087280273,
            -0.2997031807899475
        ],
        [
            0.11633756756782532,
            -0.7598652243614197,
            -0.3049328327178955
        ],
        [
            0.11354658752679825,
            -0.7586495876312256,
            -0.307676762342453
        ],
        [
            0.11019781976938248,
            -0.7579525709152222,
            -0.3102632462978363
        ],
        [
            0.105965256690979,
            -0.7577221393585205,
            -0.3120655119419098
        ],
        [
            0.10587500035762787,
            -0.7527965307235718,
            -0.3103451132774353
        ],
        [
            0.11050959676504135,
            -0.7520385980606079,
            -0.30740785598754883
        ],
        [
            0.10738764703273773,
            -0.7715506553649902,
            -0.3202877640724182
        ],
        [
            0.09992267191410065,
            -0.770909309387207,
            -0.3211345076560974
        ],
        [
            0.1010962724685669,
            -0.7684158086776733,
            -0.3195881247520447
        ],
        [
            0.10730385780334473,
            -0.7684900760650635,
            -0.31912487745285034
        ],
        [
            0.08967025578022003,
            -0.7636528015136719,
            -0.3152522146701813
        ],
        [
            0.09124422073364258,
            -0.7657216787338257,
            -0.3165469467639923
        ],
        [
            0.08811256289482117,
            -0.7669588327407837,
            -0.3187182545661926
        ],
        [
            0.08670058846473694,
            -0.762832522392273,
            -0.31703981757164
        ],
        [
            0.08870412409305573,
            -0.7598903179168701,
            -0.3160845637321472
        ],
        [
            0.090889111161232,
            -0.7619485855102539,
            -0.3151147961616516
        ],
        [
            0.11382847279310226,
            -0.828321099281311,
            -0.3281123638153076
        ],
        [
            0.10836127400398254,
            -0.8105985522270203,
            -0.3330743908882141
        ],
        [
            0.12561506032943726,
            -0.8242848515510559,
            -0.3116157054901123
        ],
        [
            0.13281114399433136,
            -0.8165899515151978,
            -0.2964666485786438
        ],
        [
            0.1380159705877304,
            -0.8049477338790894,
            -0.28308719396591187
        ],
        [
            0.11691851913928986,
            -0.7026256918907166,
            -0.2792930603027344
        ],
        [
            0.11609547585248947,
            -0.6954395771026611,
            -0.2709767818450928
        ],
        [
            0.1225263699889183,
            -0.7050789594650269,
            -0.2594863176345825
        ],
        [
            0.11853773891925812,
            -0.6962470412254333,
            -0.25300130248069763
        ],
        [
            0.11233074218034744,
            -0.6861481666564941,
            -0.2652392089366913
        ],
        [
            0.09572181105613708,
            -0.6689305901527405,
            -0.26020973920822144
        ],
        [
            0.1054934710264206,
            -0.6765891909599304,
            -0.26174241304397583
        ],
        [
            0.11189547181129456,
            -0.6877384185791016,
            -0.24631021916866302
        ],
        [
            0.11855539679527283,
            -0.7035707235336304,
            -0.233601912856102
        ],
        [
            0.1228623017668724,
            -0.7083008289337158,
            -0.24232769012451172
        ],
        [
            0.12255859375,
            -0.721410870552063,
            -0.22469675540924072
        ],
        [
            0.11096297204494476,
            -0.6994825601577759,
            -0.22167088091373444
        ],
        [
            0.11812388896942139,
            -0.7232561707496643,
            -0.21691468358039856
        ],
        [
            0.09136561304330826,
            -0.6652268171310425,
            -0.2163260579109192
        ],
        [
            0.0922294408082962,
            -0.655530571937561,
            -0.20812590420246124
        ],
        [
            0.10521739721298218,
            -0.6667630672454834,
            -0.19871419668197632
        ],
        [
            0.1039780005812645,
            -0.6758973598480225,
            -0.2058148980140686
        ],
        [
            0.12638281285762787,
            -0.7145065069198608,
            -0.25143131613731384
        ],
        [
            0.13682693243026733,
            -0.7743109464645386,
            -0.27248480916023254
        ],
        [
            0.13474173843860626,
            -0.7713598012924194,
            -0.28398770093917847
        ],
        [
            0.13637804985046387,
            -0.7625126838684082,
            -0.2656576633453369
        ],
        [
            0.14047352969646454,
            -0.8362954258918762,
            -0.267423152923584
        ],
        [
            0.1376468390226364,
            -0.8283940553665161,
            -0.2838754653930664
        ],
        [
            0.14161467552185059,
            -0.8147913217544556,
            -0.2723451852798462
        ],
        [
            0.14405927062034607,
            -0.8245948553085327,
            -0.25829967856407166
        ],
        [
            0.11778900027275085,
            -0.868853747844696,
            -0.28888848423957825
        ],
        [
            0.11855990439653397,
            -0.8512042164802551,
            -0.3100471496582031
        ],
        [
            0.12729936838150024,
            -0.8414053320884705,
            -0.2980826795101166
        ],
        [
            0.1290494203567505,
            -0.8548930883407593,
            -0.2803471088409424
        ],
        [
            0.14386169612407684,
            -0.8284143209457397,
            -0.24542751908302307
        ],
        [
            0.14168372750282288,
            -0.8346574902534485,
            -0.2275131344795227
        ],
        [
            0.1385573297739029,
            -0.8515666723251343,
            -0.22572103142738342
        ],
        [
            0.1397199034690857,
            -0.846320629119873,
            -0.24816177785396576
        ],
        [
            0.12714186310768127,
            -0.872722327709198,
            -0.22633656859397888
        ],
        [
            0.12976880371570587,
            -0.8673615455627441,
            -0.25310182571411133
        ],
        [
            0.11299683153629303,
            -0.7140434980392456,
            -0.2043539583683014
        ],
        [
            0.11613483726978302,
            -0.7324281930923462,
            -0.2057684361934662
        ],
        [
            0.10371377319097519,
            -0.686612606048584,
            -0.21550434827804565
        ],
        [
            0.11105908453464508,
            -0.6991255283355713,
            -0.20144641399383545
        ],
        [
            0.11048927903175354,
            -0.8891966342926025,
            -0.2282658815383911
        ],
        [
            0.11373022198677063,
            -0.8841152787208557,
            -0.2597362995147705
        ],
        [
            0.12197895348072052,
            -0.8269166350364685,
            -0.1767616868019104
        ],
        [
            0.12766219675540924,
            -0.8413994312286377,
            -0.18835118412971497
        ],
        [
            0.13458362221717834,
            -0.8248882293701172,
            -0.19927404820919037
        ],
        [
            0.12925603985786438,
            -0.8134043216705322,
            -0.1871473491191864
        ],
        [
            0.11019308865070343,
            -0.8395448327064514,
            -0.1658843457698822
        ],
        [
