{
    "pred_cam": [
        1.973467230796814,
        -0.038736648857593536,
        0.5561672449111938
    ],
    "pred_smpl_params": {
        "global_orient": [
            [
                [
                    0.9950807094573975,
                    0.09904076904058456,
                    0.002300587482750416
                ],
                [
                    0.09891591221094131,
                    -0.9945744276046753,
                    0.032208722084760666
                ],
                [
                    0.00547808175906539,
                    -0.03182271122932434,
                    -0.9994785189628601
                ]
            ]
        ],
        "body_pose": [
            [
                [
                    0.999151349067688,
                    -0.03747275471687317,
                    -0.017099402844905853
                ],
                [
                    0.04105575010180473,
                    0.9394896626472473,
                    0.34010809659957886
                ],
                [
                    0.0033199270255863667,
                    -0.3405214846134186,
                    0.9402308464050293
                ]
            ],
            [
                [
                    0.9994634985923767,
                    0.02980402670800686,
                    0.013583353720605373
                ],
                [
                    -0.0325775183737278,
                    0.9475039839744568,
                    0.3180801570415497
                ],
                [
                    -0.0033902088180184364,
                    -0.31835198402404785,
                    0.9479665756225586
                ]
            ],
            [
                [
                    0.9999083876609802,
                    -0.005691054277122021,
                    0.012285592965781689
                ],
                [
                    0.0078075421042740345,
                    0.983676016330719,
                    -0.17977899312973022
                ],
                [
                    -0.011061915196478367,
                    0.17985843122005463,
                    0.983630359172821
                ]
            ],
            [
                [
                    0.992080807685852,
                    0.0427200049161911,
                    -0.11811283975839615
                ],
                [
                    -0.12537769973278046,
                    0.39289575815200806,
                    -0.9109957814216614
                ],
                [
                    0.00748829310759902,
                    0.9185901880264282,
                    0.39514046907424927
                ]
            ],
            [
                [
                    0.9882555603981018,
                    -0.07209598273038864,
                    0.13473354279994965
                ],
                [
                    0.1519094705581665,
                    0.36791926622390747,
                    -0.9173651337623596
                ],
                [
                    0.0165672916918993,
                    0.9270585179328918,
                    0.37455031275749207
                ]
            ],
            [
                [
                    0.9996697306632996,
                    0.02551301196217537,
                    0.003090678481385112
                ],
                [
                    -0.025364991277456284,
                    0.9988369345664978,
                    -0.041003573685884476
                ],
                [
                    -0.004133208654820919,
                    0.040911633521318436,
                    0.9991542100906372
                ]
            ],
            [
                [
                    0.9729597568511963,
                    0.02318817563354969,
                    0.2298078089952469
                ],
                [
                    -0.05858004465699196,
                    0.9871899485588074,
                    0.14840611815452576
                ],
                [
                    -0.22342269122600555,
                    -0.1578553318977356,
                    0.9618544578552246
                ]
            ],
            [
                [
                    0.9766986966133118,
                    -0.003326598322018981,
                    -0.21458934247493744
                ],
                [
                    0.041742175817489624,
                    0.9837296009063721,
                    0.17473869025707245
                ],
                [
                    0.21051661670207977,
                    -0.17962448298931122,
                    0.960946261882782
                ]
            ],
            [
                [
                    0.9996723532676697,
                    0.022373467683792114,
                    -0.01242851186543703
                ],
                [
                    -0.023620886728167534,
                    0.9934872984886169,
                    -0.11146781593561172
                ],
                [
                    0.009853645227849483,
                    0.11172488331794739,
                    0.9936902523040771
                ]
            ],
            [
                [
                    0.9841295480728149,
                    -0.17523883283138275,
                    -0.027935385704040527
                ],
                [
                    0.17702852189540863,
                    0.9586784839630127,
                    0.22270244359970093
                ],
                [
                    -0.01224506739526987,
                    -0.22411341965198517,
                    0.9744861125946045
                ]
            ],
            [
                [
                    0.9879493117332458,
                    0.1545359045267105,
                    -0.008656325750052929
                ],
                [
                    -0.14767645299434662,
                    0.9578903317451477,
                    0.24624770879745483
                ],
                [
                    0.046345919370651245,
                    -0.24200189113616943,
                    0.9691684246063232
                ]
            ],
            [
                [
                    0.9889374375343323,
                    -0.00812666304409504,
                    0.14811061322689056
                ],
                [
                    -0.01757821999490261,
                    0.9850415587425232,
                    0.17141826450824738
                ],
                [
                    -0.14728814363479614,
                    -0.172125443816185,
                    0.9740016460418701
                ]
            ],
            [
                [
                    0.9523987174034119,
                    0.2856038510799408,
                    -0.10661665350198746
                ],
                [
                    -0.29134589433670044,
                    0.9556720852851868,
                    -0.042524438351392746
                ],
                [
                    0.0897454246878624,
                    0.07156255096197128,
                    0.9933903813362122
                ]
            ],
            [
                [
                    0.9319097399711609,
                    -0.351872980594635,
                    0.0879179909825325
                ],
                [
                    0.35439664125442505,
                    0.9349835515022278,
                    -0.014447926543653011
                ],
                [
                    -0.07711804658174515,
                    0.04462200775742531,
                    0.9960228800773621
                ]
            ],
            [
                [
                    0.9966692924499512,
                    0.02773468941450119,
                    0.07668858021497726
                ],
                [
                    -0.020103534683585167,
                    0.9949291944503784,
                    -0.09854751825332642
                ],
                [
                    -0.07903289794921875,
                    0.09667757153511047,
                    0.9921729564666748
                ]
            ],
            [
                [
                    0.6228929162025452,
                    0.7281514406204224,
                    -0.2860068380832672
                ],
                [
                    -0.7813748121261597,
                    0.596925675868988,
                    -0.18202519416809082
                ],
                [
                    0.03818293288350105,
                    0.336860716342926,
                    0.9407799243927002
                ]
            ],
            [
                [
                    0.497991144657135,
                    -0.81263667345047,
                    0.30269855260849
                ],
                [
                    0.8637025356292725,
                    0.49603337049484253,
                    -0.08926806598901749
                ],
                [
                    -0.07760608941316605,
                    0.30589622259140015,
                    0.948896586894989
                ]
            ],
            [
                [
                    0.25909876823425293,
                    -0.3533534109592438,
                    -0.8988932371139526
                ],
                [
                    -0.16033391654491425,
                    0.9020267724990845,
                    -0.40080010890960693
                ],
                [
                    0.9524498581886292,
                    0.24796991050243378,
                    0.17705948650836945
                ]
            ],
            [
                [
                    0.4248749315738678,
                    0.3008340895175934,
                    0.8538033962249756
                ],
                [
                    0.11021928489208221,
                    0.9189581274986267,
                    -0.3786391615867615
                ],
                [
                    -0.8985171914100647,
                    0.2549798786640167,
                    0.3572845458984375
                ]
            ],
            [
                [
                    0.9966176152229309,
                    -0.07769882678985596,
                    -0.026760965585708618
                ],
                [
                    0.07273762673139572,
                    0.9855867624282837,
                    -0.15273483097553253
                ],
                [
                    0.03824257105588913,
                    0.1502717137336731,
                    0.9879047274589539
                ]
            ],
            [
                [
                    0.9979903697967529,
                    0.062776580452919,
                    0.008629360236227512
                ],
                [
                    -0.061672355979681015,
                    0.9935359358787537,
                    -0.09530367702245712
                ],
                [
                    -0.014556421898305416,
                    0.09457994997501373,
                    0.9954108595848083
                ]
            ],
            [
                [
                    0.9760144352912903,
                    0.20036065578460693,
                    -0.08515506237745285
                ],
                [
                    -0.18406637012958527,
                    0.9683315753936768,
                    0.1686817854642868
                ],
                [
                    0.11625552922487259,
                    -0.14896167814731598,
                    0.9819852709770203
                ]
            ],
            [
                [
                    0.978223443031311,
                    -0.20127369463443756,
                    0.05067417025566101
                ],
                [
                    0.18963751196861267,
                    0.96596360206604,
                    0.17593175172805786
                ],
                [
                    -0.08435983210802078,
                    -0.1624908298254013,
                    0.98309725522995
                ]
            ]
        ],
        "betas": [
            0.06630675494670868,
            -0.45111414790153503,
            0.05494058132171631,
            0.9853578805923462,
            0.1053585410118103,
            0.021624181419610977,
            -0.007115751504898071,
            0.0041411519050598145,
            0.008213087916374207,
            0.010985970497131348
        ]
    },
    "pred_cam_t": [
        -0.038736648857593536,
        0.5561672449111938,
        19.793842315673828
    ],
    "focal_length": [
        5000.0,
        5000.0
    ],
    "pred_keypoints_3d": [
        [
            0.1120808944106102,
            -0.8301084041595459,
            -0.22728946805000305
        ],
        [
            0.06137993186712265,
            -0.7467016577720642,
            -0.052062518894672394
        ],
        [
            -0.13885927200317383,
            -0.67674320936203,
            -0.02264750935137272
        ],
        [
            -0.20976750552654266,
            -0.45391207933425903,
            0.07002683728933334
        ],
        [
            -0.14136424660682678,
            -0.2652043104171753,
            -0.08361903578042984
        ],
        [
            0.23108866810798645,
            -0.6320382356643677,
            -0.022945046424865723
        ],
        [
            0.2937352657318115,
            -0.40516671538352966,
            0.08253632485866547
        ],
        [
            0.17056402564048767,
            -0.2554110288619995,
            -0.072188600897789
        ],
        [
            -0.0025589424185454845,
            -0.23559394478797913,
            0.029672984033823013
        ],
        [
            -0.07813917100429535,
            -0.1518612653017044,
            0.03552033379673958
        ],
        [
            -0.16064739227294922,
            0.20098917186260223,
            -0.06431685388088226
        ],
        [
            -0.1526757925748825,
            0.4102758765220642,
            0.2674434185028076
        ],
        [
            0.0563306026160717,
            -0.13747885823249817,
            0.03848546743392944
        ],
        [
            0.06971172243356705,
            0.21239334344863892,
            -0.07143296301364899
        ],
        [
            0.030584964901208878,
            0.4327652156352997,
            0.2500532269477844
        ],
        [
            0.07702577114105225,
            -0.8780338764190674,
            -0.20745523273944855
        ],
        [
            0.1421956717967987,
            -0.8720754384994507,
            -0.1921800971031189
        ],
        [
            0.012217726558446884,
            -0.8812655210494995,
            -0.12201844900846481
        ],
        [
            0.15936022996902466,
            -0.8684887886047363,
            -0.08997701853513718
        ],
        [
            0.03326155245304108,
            0.5946811437606812,
            0.1339140236377716
        ],
        [
            0.09884268790483475,
            0.5706214904785156,
            0.1835918128490448
        ],
        [
            0.032163962721824646,
            0.41907575726509094,
            0.3196254372596741
        ],
        [
            -0.1740029901266098,
            0.5694038271903992,
            0.1496068835258484
        ],
        [
            -0.2413412183523178,
            0.5346050262451172,
            0.19603073596954346
        ],
        [
            -0.14973695576190948,
            0.4052496552467346,
            0.3406340479850769
        ],
        [
            -0.17380332946777344,
            0.3585242033004761,
            0.24880436062812805
        ],
        [
            -0.15117163956165314,
            0.14755558967590332,
            -0.06365282088518143
        ],
        [
            -0.14710956811904907,
            -0.28358936309814453,
            0.043899472802877426
        ],
        [
            0.14625577628612518,
            -0.23965111374855042,
            0.05931764096021652
        ],
        [
            0.08294117450714111,
            0.17862030863761902,
            -0.0700419619679451
        ],
        [
            0.044127486646175385,
            0.3924219310283661,
            0.24335020780563354
        ],
        [
            -0.12516744434833527,
            -0.2996840178966522,
            -0.08578865230083466
        ],
        [
            -0.22862543165683746,
            -0.46907639503479004,
            0.0333026722073555
        ],
        [
            -0.09868727624416351,
            -0.7046158313751221,
            -0.029490912333130836
        ],
        [
            0.20920643210411072,
            -0.6704196929931641,
            -0.022787926718592644
        ],
        [
            0.3110732436180115,
            -0.4238918423652649,
            0.03597572445869446
        ],
        [
            0.17508049309253693,
            -0.2776467204093933,
            -0.07543431222438812
        ],
        [
            0.061523113399744034,
            -0.7377962470054626,
            -0.05360717326402664
        ],
        [
            0.10067909955978394,
            -0.9252315163612366,
            -0.12819987535476685
        ],
        [
            0.00040361075662076473,
            -0.2615426480770111,
            0.05119466409087181
        ],
        [
            0.0528838150203228,
            -0.6847172379493713,
            -0.02906941995024681
        ],
        [
            0.02725786529481411,
            -0.5168611407279968,
            0.03183657303452492
        ],
        [
            0.0975417047739029,
            -0.8120937943458557,
            -0.14615453779697418
        ],
        [
            0.0963023453950882,
            -0.9461946487426758,
            -0.12229762971401215
        ]
    ],
    "pred_vertices": [
        [
            0.1591438353061676,
            -0.9155414700508118,
            -0.19643257558345795
        ],
        [
            0.15292492508888245,
            -0.9014831185340881,
            -0.2019253671169281
        ],
        [
            0.16153556108474731,
            -0.8981005549430847,
            -0.1907796561717987
        ],
        [
            0.1663844734430313,
            -0.9092831611633301,
            -0.18153570592403412
        ],
        [
            0.15739820897579193,
            -0.8889538049697876,
            -0.19585640728473663
        ],
        [
            0.14916184544563293,
            -0.8905093669891357,
            -0.20469695329666138
        ],
        [
            0.16532506048679352,
            -0.8926393985748291,
            -0.17832203209400177
        ],
        [
            0.168885737657547,
            -0.9008806943893433,
            -0.16755741834640503
        ],
        [
            0.16402500867843628,
            -0.8587689995765686,
            -0.1611195057630539
        ],
        [
            0.16522878408432007,
            -0.8548204898834229,
            -0.1504106968641281
        ],
        [
            0.16677245497703552,
            -0.8664224147796631,
            -0.1536974012851715
        ],
        [
            0.1637091487646103,
            -0.8672536015510559,
            -0.16340689361095428
        ],
        [
            0.15936104953289032,
            -0.8334331512451172,
            -0.15536174178123474
        ],
        [
            0.15411227941513062,
            -0.8238795399665833,
            -0.16383537650108337
        ],
        [
            0.15336905419826508,
            -0.8158047795295715,
            -0.15304383635520935
        ],
        [
            0.15721654891967773,
            -0.825042724609375,
            -0.14394594728946686
        ],
        [
            0.1294632852077484,
            -0.838534414768219,
            -0.19588525593280792
        ],
        [
            0.13371208310127258,
            -0.8314647078514099,
            -0.19275903701782227
        ],
        [
            0.13797707855701447,
            -0.8378028273582458,
            -0.19169113039970398
        ],
        [
            0.1328086256980896,
            -0.8441170454025269,
            -0.19459937512874603
        ],
        [
            0.12275313585996628,
            -0.8482326865196228,
            -0.20548616349697113
        ],
        [
            0.1235082745552063,
            -0.853928804397583,
            -0.20244041085243225
        ],
        [
            0.12063997238874435,
            -0.8576732277870178,
            -0.2091200351715088
        ],
        [
            0.12091951072216034,
            -0.851045548915863,
            -0.2129741907119751
        ],
        [
            0.1237058937549591,
            -0.833808183670044,
            -0.19686850905418396
        ],
        [
            0.12821060419082642,
            -0.8265948295593262,
            -0.1932109296321869
        ],
        [
            0.1258932650089264,
            -0.8444699048995972,
            -0.19927620887756348
        ],
        [
            0.12392203509807587,
            -0.8398298025131226,
            -0.2016800343990326
        ],
        [
            0.12315286695957184,
            -0.832974910736084,
            -0.2122645378112793
        ],
        [
            0.12480291724205017,
            -0.8376145958900452,
            -0.21083995699882507
        ],
        [
            0.12327741831541061,
            -0.8382480144500732,
            -0.21871249377727509
        ],
        [
            0.12118510156869888,
            -0.8328939080238342,
            -0.21783247590065002
        ],
        [
            0.12341078370809555,
            -0.8329815864562988,
            -0.20223364233970642
        ],
        [
            0.12509220838546753,
            -0.8355342149734497,
            -0.20522436499595642
        ],
        [
            0.12279027700424194,
            -0.8318912982940674,
            -0.20779640972614288
        ],
        [
            0.12023698538541794,
            -0.8302718997001648,
            -0.20471858978271484
        ],
        [
            0.1226198673248291,
            -0.8438397645950317,
            -0.20816108584403992
        ],
        [
            0.12184209376573563,
            -0.8451814651489258,
            -0.21606659889221191
        ],
        [
            0.11996833235025406,
            -0.8462474942207336,
            -0.22439813613891602
        ],
        [
            0.12065283209085464,
            -0.8372281789779663,
            -0.22663170099258423
        ],
        [
            0.14107690751552582,
            -0.8175466060638428,
            -0.18214289844036102
        ],
        [
            0.1382117122411728,
            -0.8245351314544678,
            -0.1883750557899475
        ],
        [
            0.13261958956718445,
            -0.8201030492782593,
            -0.18931514024734497
        ],
        [
            0.13584911823272705,
            -0.8144280910491943,
            -0.1846744269132614
        ],
        [
            0.12009915709495544,
            -0.8272260427474976,
            -0.2006261646747589
        ],
        [
            0.12162789702415466,
            -0.8105757832527161,
            -0.19824731349945068
        ],
        [
            0.12248769402503967,
            -0.8143972158432007,
            -0.19881278276443481
        ],
        [
            0.1177414059638977,
            -0.8153268098831177,
            -0.20447030663490295
        ],
        [
            0.11747116595506668,
            -0.8117021322250366,
            -0.20356765389442444
        ],
        [
            0.14204728603363037,
            -0.8037171363830566,
            -0.17076274752616882
        ],
        [
            0.1375436633825302,
            -0.8026459217071533,
            -0.1764797866344452
        ],
        [
            0.13649322092533112,
            -0.7958253622055054,
            -0.17311349511146545
        ],
        [
            0.1397896111011505,
            -0.7958858013153076,
            -0.1661815494298935
        ],
        [
            0.13306961953639984,
            -0.7901748418807983,
            -0.1721474826335907
        ],
        [
            0.13664238154888153,
            -0.7883802652359009,
            -0.16257710754871368
        ],
        [
            0.12572890520095825,
            -0.7747336030006409,
            -0.16354146599769592
        ],
        [
            0.13113698363304138,
            -0.7806428074836731,
            -0.16271528601646423
        ],
        [
            0.12864898145198822,
            -0.7846425771713257,
            -0.17308062314987183
        ],
        [
            0.12358005344867706,
            -0.7793570756912231,
            -0.17714634537696838
        ],
        [
            0.11464975774288177,
            -0.7841603755950928,
            -0.18930813670158386
        ],
        [
            0.10945142060518265,
            -0.7830479741096497,
            -0.19359952211380005
        ],
        [
            0.11171842366456985,
            -0.7705487012863159,
            -0.18878868222236633
        ],
        [
            0.11748871207237244,
            -0.7739574909210205,
            -0.18351173400878906
        ],
        [
            0.1196981817483902,
            -0.8054589033126831,
            -0.19329142570495605
        ],
        [
            0.12277993559837341,
            -0.8056262731552124,
            -0.18936531245708466
        ],
        [
            0.12381400913000107,
            -0.8067687749862671,
            -0.1917240023612976
        ],
        [
            0.12086579948663712,
            -0.8077613115310669,
            -0.19624367356300354
        ],
        [
            0.1256454586982727,
            -0.8053909540176392,
            -0.18640083074569702
        ],
        [
            0.1269891858100891,
            -0.8051443696022034,
            -0.18511885404586792
        ],
        [
            0.1272827833890915,
            -0.8062947988510132,
            -0.1865781545639038
        ],
        [
            0.12597079575061798,
            -0.806187629699707,
            -0.18712636828422546
        ],
        [
            0.12420555204153061,
            -0.8058557510375977,
            -0.18828269839286804
        ],
        [
            0.12314341962337494,
            -0.8038339614868164,
            -0.1887790560722351
        ],
        [
            0.1248907595872879,
            -0.8045305013656616,
            -0.1870778501033783
        ],
        [
            0.12035021930932999,
            -0.8028573989868164,
            -0.19250565767288208
        ],
        [
            0.10938803851604462,
            -0.8004189729690552,
            -0.20349472761154175
        ],
        [
            0.11314918845891953,
            -0.8009030818939209,
            -0.20100530982017517
        ],
        [
            0.11215115338563919,
            -0.8056551218032837,
            -0.2010992169380188
        ],
        [
            0.10888519883155823,
            -0.8055119514465332,
            -0.2032872587442398
        ],
        [
            0.12628479301929474,
            -0.8079366683959961,
            -0.18919280171394348
        ],
        [
            0.1289614737033844,
            -0.8094321489334106,
            -0.18806709349155426
        ],
        [
            0.126666858792305,
            -0.8119118213653564,
            -0.1929308921098709
        ],
        [
            0.12499906867742538,
            -0.8093423843383789,
            -0.19236399233341217
        ],
        [
            0.13183893263339996,
            -0.8111417293548584,
            -0.18719196319580078
        ],
        [
            0.12949484586715698,
            -0.8074058294296265,
            -0.1854357123374939
        ],
        [
            0.13207413256168365,
            -0.8077964782714844,
            -0.18397152423858643
        ],
        [
            0.12626250088214874,
            -0.8033202886581421,
            -0.1851077377796173
        ],
        [
            0.12824182212352753,
            -0.8016272187232971,
            -0.18267954885959625
        ],
        [
            0.1293708235025406,
            -0.8041965961456299,
            -0.18374104797840118
        ],
        [
            0.12603658437728882,
            -0.7983124852180481,
            -0.1833764910697937
        ],
        [
            0.12392982840538025,
            -0.8013497591018677,
            -0.18669502437114716
        ],
        [
            0.1210126280784607,
            -0.7993247509002686,
            -0.19025176763534546
        ],
        [
            0.11720799654722214,
            -0.7975469827651978,
            -0.19480009377002716
        ],
        [
            0.11811953037977219,
            -0.7928521037101746,
            -0.19055324792861938
        ],
        [
            0.12256087362766266,
            -0.7952302098274231,
            -0.18634748458862305
        ],
        [
            0.1286541223526001,
            -0.8156589269638062,
            -0.19191981852054596
        ],
        [
            0.13287214934825897,
            -0.803473949432373,
            -0.18054050207138062
        ],
        [
            0.13706763088703156,
            -0.8095961809158325,
            -0.1802532970905304
        ],
        [
            0.13188688457012177,
            -0.7986769676208496,
            -0.17901360988616943
        ],
        [
            0.1292128562927246,
            -0.7942633032798767,
            -0.17881664633750916
        ],
        [
            0.12488177418708801,
            -0.7901046276092529,
            -0.1809048056602478
        ],
        [
            0.11995769292116165,
            -0.7868345379829407,
            -0.18502235412597656
        ],
        [
            0.10941590368747711,
            -0.7634905576705933,
            -0.1754848062992096
        ],
        [
            0.11725521087646484,
            -0.7681597471237183,
            -0.1702832579612732
        ],
        [
            0.14553530514240265,
            -0.8841902613639832,
            -0.20127058029174805
        ],
        [
            0.15299880504608154,
            -0.8827009201049805,
            -0.19646015763282776
        ],
        [
            0.15122348070144653,
            -0.8758742809295654,
            -0.19047129154205322
        ],
        [
            0.15359272062778473,
            -0.8781588077545166,
            -0.19013644754886627
        ],
        [
            0.1491451859474182,
            -0.8792605400085449,
            -0.19503483176231384
        ],
        [
            0.1481034755706787,
            -0.8768173456192017,
            -0.19400565326213837
        ],
        [
            0.1595620959997177,
            -0.8693897128105164,
            -0.17082089185714722
        ],
        [
            0.15623627603054047,
            -0.8711081743240356,
            -0.17683883011341095
        ],
        [
            0.15543264150619507,
            -0.8675246238708496,
            -0.17467744648456573
        ],
        [
            0.15996214747428894,
            -0.8628712892532349,
            -0.1687922179698944
        ],
        [
            0.14904311299324036,
            -0.8596459031105042,
            -0.18260860443115234
        ],
        [
            0.15242759883403778,
            -0.8609592914581299,
            -0.17837561666965485
        ],
        [
            0.15061146020889282,
            -0.8675767183303833,
            -0.18304945528507233
        ],
        [
            0.14809802174568176,
            -0.8666685223579407,
            -0.1861429363489151
        ],
        [
            0.1449536681175232,
            -0.8663276433944702,
            -0.18909665942192078
        ],
        [
            0.14107458293437958,
            -0.8665961623191833,
            -0.19144020974636078
        ],
        [
            0.14052386581897736,
            -0.8613282442092896,
            -0.19007867574691772
        ],
        [
            0.1448572874069214,
            -0.8600955009460449,
            -0.18676185607910156
        ],
        [
            0.14349117875099182,
            -0.8810513615608215,
            -0.19808094203472137
        ],
        [
            0.136318176984787,
            -0.8810992240905762,
            -0.1997070461511612
        ],
        [
            0.1370820254087448,
            -0.8781468272209167,
            -0.19822350144386292
        ],
        [
            0.14316478371620178,
            -0.877981960773468,
            -0.19717496633529663
        ],
        [
            0.12517960369586945,
            -0.8736854791641235,
            -0.1954258531332016
        ],
        [
            0.12697891891002655,
            -0.8758372664451599,
            -0.1963549107313156
        ],
        [
            0.12404818832874298,
            -0.8774242997169495,
            -0.19864319264888763
        ],
        [
            0.12230712175369263,
            -0.8731480836868286,
            -0.1975100040435791
        ],
        [
            0.12411880493164062,
            -0.8698723316192627,
            -0.19672590494155884
        ],
        [
            0.12630856037139893,
            -0.8718012571334839,
            -0.19545528292655945
        ],
        [
            0.15322737395763397,
            -0.9376523494720459,
            -0.20008914172649384
        ],
        [
            0.14793239533901215,
            -0.9202699661254883,
            -0.20699122548103333
        ],
        [
            0.16376802325248718,
            -0.9313664436340332,
            -0.18303760886192322
        ],
        [
            0.1684069037437439,
            -0.9222214818000793,
            -0.16789740324020386
        ],
        [
            0.17188042402267456,
            -0.9097118377685547,
            -0.15504372119903564
        ],
        [
            0.14777454733848572,
            -0.8083729147911072,
            -0.16255317628383636
        ],
        [
            0.14616528153419495,
            -0.8002855181694031,
            -0.1550920605659485
        ],
        [
            0.15156617760658264,
            -0.808515727519989,
            -0.14239946007728577
        ],
        [
            0.1468346267938614,
            -0.7990102767944336,
            -0.13697630167007446
        ],
        [
            0.14165069162845612,
            -0.7906011343002319,
            -0.15057915449142456
        ],
        [
            0.12472835183143616,
            -0.7735254764556885,
            -0.14942523837089539
        ],
        [
            0.1345604956150055,
            -0.7810702323913574,
            -0.14881667494773865
        ],
        [
            0.1394442915916443,
            -0.7899800539016724,
            -0.1317228078842163
        ],
        [
            0.1452781856060028,
            -0.8038375973701477,
            -0.11654053628444672
        ],
        [
            0.1507306694984436,
            -0.8095681667327881,
            -0.12464308738708496
        ],
        [
            0.14837370812892914,
            -0.8206479549407959,
            -0.10501708090305328
        ],
        [
            0.13666823506355286,
            -0.7984205484390259,
            -0.10558702796697617
        ],
        [
            0.14301413297653198,
            -0.8214255571365356,
            -0.09720100462436676
        ],
        [
            0.11571288108825684,
            -0.7632962465286255,
            -0.10857978463172913
        ],
        [
            0.11489982903003693,
            -0.7520740628242493,
            -0.10266706347465515
        ],
        [
            0.12587371468544006,
            -0.7613686919212341,
            -0.08858391642570496
        ],
        [
            0.12646371126174927,
            -0.7721928358078003,
            -0.09395471215248108
        ],
        [
            0.15503734350204468,
            -0.8168573379516602,
            -0.13307629525661469
        ],
        [
            0.16850611567497253,
            -0.8782908916473389,
            -0.14714159071445465
        ],
        [
            0.16733630001544952,
            -0.8762180805206299,
            -0.159229576587677
        ],
        [
            0.16685940325260162,
            -0.8659404516220093,
            -0.14156469702720642
        ],
        [
            0.17440104484558105,
            -0.9397134780883789,
            -0.1365269422531128
        ],
        [
            0.17299488186836243,
            -0.9331596493721008,
            -0.15410780906677246
        ],
        [
            0.17548725008964539,
            -0.9182896614074707,
            -0.1432977318763733
        ],
        [
            0.17682376503944397,
            -0.9268200993537903,
            -0.12817661464214325
        ],
        [
            0.15453171730041504,
            -0.9748765826225281,
            -0.15768563747406006
        ],
        [
            0.15678158402442932,
            -0.9587579965591431,
            -0.17999941110610962
        ],
        [
            0.164053276181221,
            -0.9472564458847046,
            -0.16795766353607178
        ],
        [
            0.16448214650154114,
            -0.9595286250114441,
            -0.14899680018424988
        ],
        [
            0.1753351241350174,
            -0.9299299716949463,
            -0.11531931161880493
        ],
        [
            0.17175962030887604,
            -0.9344279766082764,
            -0.09713554382324219
        ],
        [
            0.1693830043077469,
            -0.9518243670463562,
            -0.09430757910013199
        ],
        [
            0.17249220609664917,
            -0.9480410814285278,
            -0.11692041158676147
        ],
        [
            0.15889091789722443,
            -0.9740833640098572,
            -0.09388688951730728
        ],
        [
            0.16293519735336304,
            -0.9704177379608154,
            -0.1211751401424408
        ],
        [
            0.13620783388614655,
            -0.810370683670044,
            -0.08578382432460785
        ],
        [
            0.13987906277179718,
            -0.8291250467300415,
            -0.08521071076393127
        ],
        [
            0.12847235798835754,
            -0.7845919132232666,
            -0.10176734626293182
        ],
        [
            0.13349749147891998,
            -0.7946755290031433,
            -0.08470004051923752
        ],
        [
            0.14233823120594025,
            -0.9925874471664429,
            -0.09578197449445724
        ],
        [
            0.14840689301490784,
            -0.9887888431549072,
            -0.12810152769088745
        ],
        [
            0.14729830622673035,
            -0.9222551584243774,
            -0.0482601672410965
        ],
        [
            0.15428127348423004,
            -0.9383014440536499,
            -0.05841408669948578
        ],
        [
            0.16144567728042603,
            -0.9221627712249756,
            -0.07039642333984375
        ],
        [
            0.1544489860534668,
            -0.9094291925430298,
            -0.05931221693754196
        ],
        [
            0.13526302576065063,
            -0.9345818758010864,
