{
    "pred_cam": [
        1.8488671779632568,
        -0.03626019507646561,
        0.5122736692428589
    ],
    "pred_smpl_params": {
        "global_orient": [
            [
                [
                    0.9924789071083069,
                    0.10282484441995621,
                    0.06642741709947586
                ],
                [
                    0.10827438533306122,
                    -0.990528404712677,
                    -0.08443958312273026
                ],
                [
                    0.05711575597524643,
                    0.09099689871072769,
                    -0.9942118525505066
                ]
            ]
        ],
        "body_pose": [
            [
                [
                    0.9997053742408752,
                    -0.013913807459175587,
                    -0.019885491579771042
                ],
                [
                    0.020267920568585396,
                    0.9293362498283386,
                    0.36867764592170715
                ],
                [
                    0.013350597582757473,
                    -0.36897212266921997,
                    0.9293444752693176
                ]
            ],
            [
                [
                    0.9993835687637329,
                    0.03462466970086098,
                    0.005795349832624197
                ],
                [
                    -0.03457147255539894,
                    0.9419490694999695,
                    0.3339710235595703
                ],
                [
                    0.00610471423715353,
                    -0.3339655101299286,
                    0.9425654411315918
                ]
            ],
            [
                [
                    0.9994673132896423,
                    0.0104928994551301,
                    0.030902182683348656
                ],
                [
                    -0.005311962682753801,
                    0.9865801930427551,
                    -0.1631905883550644
                ],
                [
                    -0.03219982609152794,
                    0.16293951869010925,
                    0.9861103892326355
                ]
            ],
            [
                [
                    0.9926839470863342,
                    0.03522403910756111,
                    -0.11549010127782822
                ],
                [
                    -0.11301878839731216,
                    0.6076740622520447,
                    -0.7861038446426392
                ],
                [
                    0.04249056428670883,
                    0.7934051156044006,
                    0.6072092652320862
                ]
            ],
            [
                [
                    0.9875882863998413,
                    -0.09043656289577484,
                    0.12841542065143585
                ],
                [
                    0.15694719552993774,
                    0.5998291373252869,
                    -0.7845843434333801
                ],
                [
                    -0.006072178948670626,
                    0.7950007915496826,
                    0.60657799243927
                ]
            ],
            [
                [
                    0.9994851350784302,
                    0.022245334461331367,
                    0.02312326245009899
                ],
                [
                    -0.02135394886136055,
                    0.9990454912185669,
                    -0.03810669481754303
                ],
                [
                    -0.02394888736307621,
                    0.0375933013856411,
                    0.9990061521530151
                ]
            ],
            [
                [
                    0.9624230265617371,
                    0.07155326008796692,
                    0.2619578540325165
                ],
                [
                    -0.09737127274274826,
                    0.9914445877075195,
                    0.0869273915886879
                ],
                [
                    -0.25349679589271545,
                    -0.10916811972856522,
                    0.9611563086509705
                ]
            ],
            [
                [
                    0.9679945111274719,
                    -0.027229156345129013,
                    -0.24949011206626892
                ],
                [
                    0.0563211515545845,
                    0.9923102259635925,
                    0.1102200597524643
                ],
                [
                    0.24457035958766937,
                    -0.12074397504329681,
                    0.9620844125747681
                ]
            ],
            [
                [
                    0.9998086094856262,
                    0.018282262608408928,
                    0.006964249536395073
                ],
                [
                    -0.017451021820306778,
                    0.9943252801895142,
                    -0.1049412414431572
                ],
                [
                    -0.00884329341351986,
                    0.10479962080717087,
                    0.994454026222229
                ]
            ],
            [
                [
                    0.9751605987548828,
                    -0.20185884833335876,
                    -0.0911853238940239
                ],
                [
                    0.21457229554653168,
                    0.9630492329597473,
                    0.16277264058589935
                ],
                [
                    0.05495886132121086,
                    -0.1782953143119812,
                    0.9824410080909729
                ]
            ],
            [
                [
                    0.9880914092063904,
                    0.1538262963294983,
                    -0.003601598786190152
                ],
                [
                    -0.14995118975639343,
                    0.9679200649261475,
                    0.20160719752311707
                ],
                [
                    0.03449855372309685,
                    -0.1986662596464157,
                    0.9794599413871765
                ]
            ],
            [
                [
                    0.9937148690223694,
                    0.01924595609307289,
                    0.11027414351701736
                ],
                [
                    -0.03135032206773758,
                    0.9935353994369507,
                    0.10910751670598984
                ],
                [
                    -0.10746139287948608,
                    -0.1118788868188858,
                    0.9878942370414734
                ]
            ],
            [
                [
                    0.9696491360664368,
                    0.2418157160282135,
                    -0.03613469749689102
                ],
                [
                    -0.2435036301612854,
                    0.96842360496521,
                    -0.05349542945623398
                ],
                [
                    0.022057656198740005,
                    0.060670726001262665,
                    0.9979141354560852
                ]
            ],
            [
                [
                    0.9480288624763489,
                    -0.31817010045051575,
                    0.003032866632565856
                ],
                [
                    0.3180038332939148,
                    0.9471260905265808,
                    -0.04272811859846115
                ],
                [
                    0.010722300969064236,
                    0.041471946984529495,
                    0.9990822076797485
                ]
            ],
            [
                [
                    0.9995833039283752,
                    0.009889287874102592,
                    0.027117932215332985
                ],
                [
                    -0.006705315317958593,
                    0.993333101272583,
                    -0.11508412659168243
                ],
                [
                    -0.028075242415070534,
                    0.1148543432354927,
                    0.9929854869842529
                ]
            ],
            [
                [
                    0.6252244114875793,
                    0.7400773763656616,
                    -0.24774964153766632
                ],
                [
                    -0.7802009582519531,
                    0.5847627520561218,
                    -0.22212374210357666
                ],
                [
                    -0.019513998180627823,
                    0.3321717381477356,
                    0.9430170655250549
                ]
            ],
            [
                [
                    0.5540081262588501,
                    -0.8091437220573425,
                    0.19586080312728882
                ],
                [
                    0.8324822783470154,
                    0.5403994917869568,
                    -0.12223571538925171
                ],
                [
                    -0.006936812773346901,
                    0.2307702600955963,
                    0.9729835391044617
                ]
            ],
            [
                [
                    0.07191518694162369,
                    -0.38866424560546875,
                    -0.9185686707496643
                ],
                [
                    -0.20303644239902496,
                    0.8959655165672302,
                    -0.3949962556362152
                ],
                [
                    0.9765267372131348,
                    0.2149091362953186,
                    -0.014479476027190685
                ]
            ],
            [
                [
                    0.1791195422410965,
                    0.373826265335083,
                    0.9100385308265686
                ],
                [
                    0.03669438511133194,
                    0.9218161106109619,
                    -0.38588669896125793
                ],
                [
                    -0.9831427931785583,
                    0.1025131568312645,
                    0.1513979583978653
                ]
            ],
            [
                [
                    0.9901189208030701,
                    -0.12843714654445648,
                    -0.056287772953510284
                ],
                [
                    0.11778909713029861,
                    0.9795417785644531,
                    -0.163167342543602
                ],
                [
                    0.07609297335147858,
                    0.15492500364780426,
                    0.9849913716316223
                ]
            ],
            [
                [
                    0.9919700622558594,
                    0.12163865566253662,
                    0.03463292494416237
                ],
                [
                    -0.11628082394599915,
                    0.9848670363426208,
                    -0.12851379811763763
                ],
                [
                    -0.04974106699228287,
                    0.12345469743013382,
                    0.9911028742790222
                ]
            ],
            [
                [
                    0.9719217419624329,
                    0.21545083820819855,
                    -0.09459906071424484
                ],
                [
                    -0.1980845034122467,
                    0.9661499261856079,
                    0.16527822613716125
                ],
                [
                    0.12700620293617249,
                    -0.14189890027046204,
                    0.9816995859146118
                ]
            ],
            [
                [
                    0.9753058552742004,
                    -0.2192564606666565,
                    0.02654995024204254
                ],
                [
                    0.21076549589633942,
                    0.9599121809005737,
                    0.1847877949476242
                ],
                [
                    -0.0660015419125557,
                    -0.1746288388967514,
                    0.9824196696281433
                ]
            ]
        ],
        "betas": [
            -0.029583409428596497,
            -0.42213204503059387,
            0.14395958185195923,
            0.39314448833465576,
            0.09844911098480225,
            0.0031211115419864655,
            -0.0019969642162323,
            -0.04908609390258789,
            -0.022838249802589417,
            -0.011062473058700562
        ]
    },
    "pred_cam_t": [
        -0.03626019507646561,
        0.5122736692428589,
        21.1278018951416
    ],
    "focal_length": [
        5000.0,
        5000.0
    ],
    "pred_keypoints_3d": [
        [
            0.13087056577205658,
            -0.8311394453048706,
            -0.1380629688501358
        ],
        [
            0.07065758109092712,
            -0.739142894744873,
            0.02581915631890297
        ],
        [
            -0.12714965641498566,
            -0.6753126382827759,
            0.02707209438085556
        ],
        [
            -0.23047363758087158,
            -0.45804455876350403,
            0.10181669145822525
        ],
        [
            -0.1778176724910736,
            -0.3308439254760742,
            -0.10960372537374496
        ],
        [
            0.23339372873306274,
            -0.6281264424324036,
            0.06233922392129898
        ],
        [
            0.29360249638557434,
            -0.39969128370285034,
            0.16578900814056396
        ],
        [
            0.19128111004829407,
            -0.29337573051452637,
            -0.03212243318557739
        ],
        [
            -0.001944664865732193,
            -0.22936934232711792,
            0.03050423413515091
        ],
        [
            -0.07968220114707947,
            -0.14625447988510132,
            0.02139895409345627
        ],
        [
            -0.1577267050743103,
            0.19094035029411316,
            -0.1292744278907776
        ],
        [
            -0.16908037662506104,
            0.5146554708480835,
            0.09530672430992126
        ],
        [
            0.05806806683540344,
            -0.13008736073970795,
            0.031713973730802536
        ],
        [
            0.06921730935573578,
            0.20259247720241547,
            -0.1277688592672348
        ],
        [
            0.008473943918943405,
            0.5303472280502319,
            0.08137327432632446
        ],
        [
            0.09743863344192505,
            -0.8786627054214478,
            -0.11682365834712982
        ],
        [
            0.1615644246339798,
            -0.8691571950912476,
            -0.10021946579217911
        ],
        [
            0.03159431368112564,
            -0.8794015645980835,
            -0.0334460511803627
        ],
        [
            0.17569024860858917,
            -0.8586587905883789,
            0.0014001354575157166
        ],
        [
            0.017947018146514893,
            0.6483702659606934,
            -0.07787047326564789
        ],
        [
            0.08063302934169769,
            0.643165111541748,
            -0.020640909671783447
        ],
        [
            0.0027761608362197876,
            0.541499137878418,
            0.15109220147132874
        ],
        [
            -0.18396887183189392,
            0.6269444227218628,
            -0.06710736453533173
        ],
        [
            -0.25328123569488525,
            0.6103564500808716,
            -0.015644356608390808
        ],
        [
            -0.1691829264163971,
            0.535323977470398,
            0.16586536169052124
        ],
        [
            -0.1890811026096344,
            0.45950353145599365,
            0.09639927744865417
        ],
        [
            -0.1479467898607254,
            0.1348603367805481,
            -0.11799777299165726
        ],
        [
            -0.1498628556728363,
            -0.2771075963973999,
            0.03979512304067612
        ],
        [
            0.147737517952919,
            -0.22746621072292328,
            0.06997031718492508
        ],
        [
            0.08325130492448807,
            0.16760565340518951,
            -0.1186261922121048
        ],
        [
            0.02168070524930954,
            0.49088427424430847,
            0.09137148410081863
        ],
        [
            -0.15887750685214996,
            -0.3626598119735718,
            -0.09937024116516113
        ],
        [
            -0.24868473410606384,
            -0.4824993908405304,
            0.06775259971618652
        ],
        [
            -0.08812840282917023,
            -0.7014347314834595,
            0.027631135657429695
        ],
        [
            0.2115900218486786,
            -0.6637301445007324,
            0.0634402334690094
        ],
        [
            0.3194642663002014,
            -0.42433080077171326,
            0.12532025575637817
        ],
        [
            0.19674859941005707,
            -0.3166680932044983,
            -0.029318489134311676
        ],
        [
            0.07141627371311188,
            -0.733292818069458,
            0.023812448605895042
        ],
        [
            0.12030251324176788,
            -0.9196174144744873,
            -0.033223237842321396
        ],
        [
            -7.07136932760477e-05,
            -0.2524851858615875,
            0.05488043278455734
        ],
        [
            0.06011845916509628,
            -0.6796950101852417,
            0.0412367507815361
        ],
        [
            0.02803555130958557,
            -0.5023584365844727,
            0.07192496955394745
        ],
        [
            0.11380001902580261,
            -0.8086677193641663,
            -0.06015004962682724
        ],
        [
            0.11648453772068024,
            -0.9401764869689941,
            -0.026327483355998993
        ]
    ],
    "pred_vertices": [
        [
            0.18048718571662903,
            -0.9128715395927429,
            -0.10096380114555359
        ],
        [
            0.17385327816009521,
            -0.8993911147117615,
            -0.10751153528690338
        ],
        [
            0.18200691044330597,
            -0.895016074180603,
            -0.09647983312606812
        ],
        [
            0.18698018789291382,
            -0.905150294303894,
            -0.08640783280134201
        ],
        [
            0.1776738315820694,
            -0.886156439781189,
            -0.10223831981420517
        ],
        [
            0.1696854829788208,
            -0.8887351751327515,
            -0.11116047948598862
        ],
        [
            0.1852300465106964,
            -0.8883897662162781,
            -0.08444274961948395
        ],
        [
            0.18877722322940826,
            -0.8955205678939819,
            -0.07300752401351929
        ],
        [
            0.18179135024547577,
            -0.8531550168991089,
            -0.069752536714077
        ],
        [
            0.18244493007659912,
            -0.8485790491104126,
            -0.05933689326047897
        ],
        [
            0.18459397554397583,
            -0.8604632616043091,
            -0.06154962629079819
        ],
        [
            0.18203216791152954,
            -0.8619898557662964,
            -0.07139631360769272
        ],
        [
            0.17595115303993225,
            -0.8278428912162781,
            -0.06569672375917435
        ],
        [
            0.17067523300647736,
            -0.819090723991394,
            -0.07490108907222748
        ],
        [
            0.16907435655593872,
            -0.810436487197876,
            -0.06459229439496994
        ],
        [
            0.1729358434677124,
            -0.8188194632530212,
            -0.05484674870967865
        ],
        [
            0.14771819114685059,
            -0.8365291953086853,
            -0.10645295679569244
        ],
        [
            0.1515849530696869,
            -0.8291616439819336,
            -0.10374916344881058
        ],
        [
            0.15613792836666107,
            -0.8352196216583252,
            -0.10222072899341583
        ],
        [
            0.15128561854362488,
            -0.8418878316879272,
            -0.10477360337972641
        ],
        [
            0.14173127710819244,
            -0.8472069501876831,
            -0.11529567092657089
        ],
        [
            0.14266237616539001,
            -0.8526798486709595,
            -0.11197133362293243
        ],
        [
            0.14002227783203125,
            -0.8569060564041138,
            -0.11831407248973846
        ],
        [
            0.1401270180940628,
            -0.8505600690841675,
            -0.12245623022317886
        ],
        [
            0.14168325066566467,
            -0.8321712017059326,
            -0.10763315856456757
        ],
        [
            0.14581769704818726,
            -0.8246471881866455,
            -0.10438787192106247
        ],
        [
            0.1444762498140335,
            -0.8427626490592957,
            -0.10942791402339935
        ],
        [
            0.14241918921470642,
            -0.8385747671127319,
            -0.11197971552610397
        ],
        [
            0.14152857661247253,
            -0.8324358463287354,
            -0.12276767939329147
        ],
        [
            0.14335614442825317,
            -0.8368927240371704,
            -0.12103762477636337
        ],
        [
            0.14203131198883057,
            -0.8381205201148987,
            -0.12877777218818665
        ],
        [
            0.13972333073616028,
            -0.8328187465667725,
            -0.1282619833946228
        ],
        [
            0.14154353737831116,
            -0.8318641185760498,
            -0.11289998888969421
        ],
        [
            0.14340633153915405,
            -0.8344827890396118,
            -0.11564123630523682
        ],
        [
            0.1410023272037506,
            -0.8311280608177185,
            -0.11844593286514282
        ],
        [
            0.13829706609249115,
            -0.8294614553451538,
            -0.11553943157196045
        ],
        [
            0.14135220646858215,
            -0.8430057168006897,
            -0.11810114979743958
        ],
        [
            0.14080554246902466,
            -0.8448838591575623,
            -0.12579229474067688
        ],
        [
            0.1391649842262268,
            -0.8465543389320374,
            -0.13389505445957184
        ],
        [
            0.1396503746509552,
            -0.8378605842590332,
            -0.13671264052391052
        ],
        [
            0.15800631046295166,
            -0.8144744038581848,
            -0.09377896785736084
        ],
        [
            0.1556292623281479,
            -0.8218525648117065,
            -0.0996551513671875
        ],
        [
            0.14980439841747284,
            -0.8178395628929138,
            -0.10082416236400604
        ],
        [
            0.15261808037757874,
            -0.8118494153022766,
            -0.09645755589008331
        ],
        [
            0.13795360922813416,
            -0.8262917995452881,
            -0.11168713122606277
        ],
        [
            0.13882087171077728,
            -0.80982506275177,
            -0.11023130267858505
        ],
        [
            0.13979855179786682,
            -0.8135364055633545,
            -0.110538050532341
        ],
        [
            0.13526257872581482,
            -0.8150234222412109,
            -0.11619386076927185
        ],
        [
            0.13489937782287598,
            -0.811449408531189,
            -0.11556237936019897
        ],
        [
            0.1579417884349823,
            -0.8001804947853088,
            -0.08318699151277542
        ],
        [
            0.1534758359193802,
            -0.7997182607650757,
            -0.08895840495824814
        ],
        [
            0.15205037593841553,
            -0.7929010987281799,
            -0.0860661193728447
        ],
        [
            0.15523052215576172,
            -0.7923363447189331,
            -0.07916660606861115
        ],
        [
            0.14844870567321777,
            -0.7875517010688782,
            -0.08555490523576736
        ],
        [
            0.15166065096855164,
            -0.7849830985069275,
            -0.07610470801591873
        ],
        [
            0.14056842029094696,
            -0.772214412689209,
            -0.07807621359825134
        ],
        [
            0.1460363268852234,
            -0.7776670455932617,
            -0.07682295888662338
        ],
        [
            0.14395743608474731,
            -0.7824210524559021,
            -0.08683951944112778
        ],
        [
            0.13884758949279785,
            -0.7777886986732483,
            -0.09125445783138275
        ],
        [
            0.1305844485759735,
            -0.7835532426834106,
            -0.10324457287788391
        ],
        [
            0.12552806735038757,
            -0.7829323410987854,
            -0.10760009288787842
        ],
        [
            0.12715016305446625,
            -0.7702854871749878,
            -0.10354764759540558
        ],
        [
            0.13279597461223602,
            -0.7731623649597168,
            -0.09803660959005356
        ],
        [
            0.13649404048919678,
            -0.8043831586837769,
            -0.10573839396238327
        ],
        [
            0.13942863047122955,
            -0.8041701316833496,
            -0.10176689922809601
        ],
        [
            0.14056077599525452,
            -0.8053690195083618,
            -0.10399536043405533
        ],
        [
            0.13781952857971191,
            -0.8067713975906372,
            -0.10848654061555862
        ],
        [
            0.14212703704833984,
            -0.8036247491836548,
            -0.0988069549202919
        ],
        [
            0.14339202642440796,
            -0.8032225370407104,
            -0.09753863513469696
        ],
        [
            0.1437854915857315,
            -0.8044025301933289,
            -0.09886948764324188
        ],
        [
            0.14246971905231476,
            -0.8043934106826782,
            -0.09946633875370026
        ],
        [
            0.14075472950935364,
            -0.8042495250701904,
            -0.10067873448133469
        ],
        [
            0.13967233896255493,
            -0.802381694316864,
            -0.10133181512355804
        ],
        [
            0.141378715634346,
            -0.8028872609138489,
            -0.09955668449401855
        ],
        [
            0.13698311150074005,
            -0.8018183708190918,
            -0.1051357239484787
        ],
        [
            0.12656059861183167,
            -0.8006330728530884,
            -0.11642643809318542
        ],
        [
            0.13010059297084808,
            -0.8006637096405029,
            -0.11386416107416153
        ],
        [
            0.12925130128860474,
            -0.8053418397903442,
            -0.11363885551691055
        ],
        [
            0.12620726227760315,
            -0.805641233921051,
            -0.11589526385068893
        ],
        [
            0.1430254876613617,
            -0.8063836693763733,
            -0.10135240852832794
        ],
        [
            0.14558857679367065,
            -0.8074912428855896,
            -0.10007082670927048
        ],
        [
            0.14353138208389282,
            -0.8103739023208618,
            -0.10475264489650726
        ],
        [
            0.14180566370487213,
            -0.8078885674476624,
            -0.1044037938117981
        ],
        [
            0.1484784185886383,
            -0.8089617490768433,
            -0.09913915395736694
        ],
        [
            0.14594951272010803,
            -0.8053336143493652,
            -0.09764599800109863
        ],
        [
            0.1486169546842575,
            -0.8056284189224243,
            -0.09617394208908081
        ],
        [
            0.14261536300182343,
            -0.8015086650848389,
            -0.09766077995300293
        ],
        [
            0.1443922519683838,
            -0.799589991569519,
            -0.09533271938562393
        ],
        [
            0.14565563201904297,
            -0.8020861148834229,
            -0.09620612114667892
        ],
        [
            0.14216895401477814,
            -0.7965255975723267,
            -0.0962839350104332
        ],
        [
            0.14033246040344238,
            -0.7998166084289551,
            -0.09942036867141724
        ],
        [
            0.1375046968460083,
            -0.798220157623291,
            -0.10313555598258972
        ],
        [
            0.13383819162845612,
            -0.7969095706939697,
            -0.10786858946084976
        ],
        [
            0.13443516194820404,
            -0.7920128107070923,
            -0.10394058376550674
        ],
        [
            0.13876479864120483,
            -0.7938700914382935,
            -0.09950858354568481
        ],
        [
            0.1457795947790146,
            -0.8140203952789307,
            -0.10355112701654434
        ],
        [
            0.14897039532661438,
            -0.8010161519050598,
            -0.09297763556241989
        ],
        [
            0.15343941748142242,
            -0.806799054145813,
            -0.09229090064764023
        ],
        [
            0.14773714542388916,
            -0.796291172504425,
            -0.09178391844034195
        ],
        [
            0.14495974779129028,
            -0.7921202182769775,
            -0.09194365888834
        ],
        [
            0.1406848430633545,
            -0.7884311676025391,
            -0.09438840299844742
        ],
        [
            0.13582591712474823,
            -0.7856925129890442,
            -0.09875345230102539
        ],
        [
            0.12438251078128815,
            -0.7624280452728271,
            -0.09095081686973572
        ],
        [
            0.132221058011055,
            -0.7664744853973389,
            -0.0853487104177475
        ],
        [
            0.16577289998531342,
            -0.8819499611854553,
            -0.10833977907896042
        ],
        [
            0.17310650646686554,
            -0.8799128532409668,
            -0.10349424928426743
        ],
        [
            0.17094454169273376,
            -0.8726283311843872,
            -0.09810254722833633
        ],
        [
            0.1732301115989685,
            -0.8745906352996826,
            -0.09756696969270706
        ],
        [
            0.1691240668296814,
            -0.8765064477920532,
            -0.10239571332931519
        ],
        [
            0.16792437434196472,
            -0.8739650249481201,
            -0.10159514844417572
        ],
        [
            0.1782691478729248,
            -0.8646009564399719,
            -0.07879479974508286
        ],
        [
            0.17527905106544495,
            -0.8668074607849121,
            -0.08478883653879166
        ],
        [
            0.17431458830833435,
            -0.8631652593612671,
            -0.08290006220340729
        ],
        [
            0.17839807271957397,
            -0.8579680919647217,
            -0.0772191733121872
        ],
        [
            0.16780635714530945,
            -0.8562569618225098,
            -0.09137994050979614
        ],
        [
            0.17113132774829865,
            -0.85711669921875,
            -0.08704226464033127
        ],
        [
            0.16969485580921173,
            -0.8640397787094116,
            -0.09128542989492416
        ],
        [
            0.16724266111850739,
            -0.8634294271469116,
            -0.09446633607149124
        ],
        [
            0.16419970989227295,
            -0.8633950352668762,
            -0.09749551862478256
        ],
        [
            0.16043643653392792,
            -0.8639601469039917,
            -0.0998811349272728
        ],
        [
            0.15962180495262146,
            -0.858689546585083,
            -0.09891823679208755
        ],
        [
            0.16379767656326294,
            -0.8571057319641113,
            -0.09561393409967422
        ],
        [
            0.16351094841957092,
            -0.8786742687225342,
            -0.10540992766618729
        ],
        [
            0.15640658140182495,
            -0.8790585398674011,
            -0.1072663962841034
        ],
        [
            0.15697923302650452,
            -0.8759806156158447,
            -0.10594848543405533
        ],
        [
            0.16306738555431366,
            -0.8755091428756714,
            -0.10481647402048111
        ],
        [
            0.14486899971961975,
            -0.8717418909072876,
            -0.10370438545942307
        ],
        [
            0.14677534997463226,
            -0.8738815784454346,
            -0.10447579622268677
        ],
        [
            0.1440226435661316,
            -0.8756482601165771,
            -0.10673777014017105
        ],
        [
            0.14207136631011963,
            -0.8714567422866821,
            -0.1058862954378128
        ],
        [
            0.14369678497314453,
            -0.8681329488754272,
            -0.10523868352174759
        ],
        [
            0.14589793980121613,
            -0.8698685765266418,
            -0.1037788838148117
        ],
        [
            0.17529568076133728,
            -0.9354977607727051,
            -0.10300157219171524
        ],
        [
            0.17004163563251495,
            -0.9188840985298157,
            -0.11157810688018799
        ],
        [
            0.18537478148937225,
            -0.9276202321052551,
            -0.08645978569984436
        ],
        [
            0.18918386101722717,
            -0.9170689582824707,
            -0.07184887677431107
        ],
        [
            0.1914839893579483,
            -0.9032829403877258,
            -0.05975622683763504
        ],
        [
            0.16354326903820038,
            -0.803977370262146,
            -0.07462215423583984
        ],
        [
            0.16138723492622375,
            -0.7955878973007202,
            -0.06775616109371185
        ],
        [
            0.16657951474189758,
            -0.8026389479637146,
            -0.05453384667634964
        ],
        [
            0.1613129824399948,
            -0.7932329177856445,
            -0.049827221781015396
        ],
        [
            0.15639576315879822,
            -0.7860749959945679,
            -0.06397385895252228
        ],
        [
            0.13934336602687836,
            -0.7699127197265625,
            -0.06416711956262589
        ],
        [
            0.14908123016357422,
            -0.7769095301628113,
            -0.06291384994983673
        ],
        [
            0.1535027027130127,
            -0.7844550609588623,
            -0.04532567784190178
        ],
        [
            0.15908031165599823,
            -0.7968345284461975,
            -0.029304761439561844
        ],
        [
            0.16518661379814148,
            -0.8027838468551636,
            -0.03687514364719391
        ],
        [
            0.16257211565971375,
            -0.8125693202018738,
            -0.01686790958046913
        ],
        [
            0.15005582571029663,
            -0.7910747528076172,
            -0.01894286274909973
        ],
        [
            0.15702682733535767,
            -0.8129395246505737,
            -0.009220961481332779
        ],
        [
            0.12910346686840057,
            -0.7581263780593872,
            -0.02555721253156662
        ],
        [
            0.1277274191379547,
            -0.7473061084747314,
            -0.020954499021172523
        ],
        [
            0.13697141408920288,
            -0.7547469735145569,
            -0.005585135892033577
        ],
        [
            0.13857746124267578,
            -0.7652770280838013,
            -0.009837301447987556
        ],
        [
            0.16994845867156982,
            -0.8100889325141907,
            -0.04458445683121681
        ],
        [
            0.18659265339374542,
            -0.8714985251426697,
            -0.05410497263073921
        ],
        [
            0.18574437499046326,
            -0.8705092668533325,
            -0.06639955192804337
        ],
        [
            0.18445399403572083,
            -0.8592106103897095,
            -0.04957762360572815
        ],
        [
            0.19433659315109253,
            -0.9323871731758118,
            -0.03843846172094345
        ],
        [
            0.19299034774303436,
            -0.9267843961715698,
            -0.056789498776197433
        ],
        [
            0.19493770599365234,
            -0.9112420082092285,
            -0.04708858206868172
        ],
        [
            0.1959494650363922,
            -0.9186757206916809,
            -0.031322937458753586
        ],
        [
            0.1768082231283188,
            -0.9699623584747314,
            -0.0574549101293087
        ],
        [
            0.17903751134872437,
            -0.9551730751991272,
            -0.08122033625841141
        ],
        [
            0.18554237484931946,
            -0.9425733685493469,
            -0.06976335495710373
        ],
        [
            0.18598738312721252,
            -0.9536333084106445,
            -0.04963181912899017
        ],
        [
            0.19427242875099182,
            -0.920846700668335,
            -0.018142107874155045
        ],
        [
            0.19048041105270386,
            -0.9241511821746826,
            0.00029721111059188843
        ],
        [
            0.1880699247121811,
            -0.9410507678985596,
            0.004541844129562378
        ],
        [
            0.1920734941959381,
            -0.9394282102584839,
            -0.01809529960155487
        ],
        [
            0.1783454567193985,
            -0.9633903503417969,
            0.006440445780754089
        ],
        [
            0.18343323469161987,
            -0.9619448184967041,
            -0.020762018859386444
        ],
        [
            0.1492401510477066,
            -0.8014234304428101,
            0.0011633895337581635
        ],
        [
            0.15394124388694763,
            -0.8198497891426086,
            0.0029634609818458557
        ],
        [
            0.14156173169612885,
            -0.7775450348854065,
            -0.016349881887435913
        ],
        [
            0.14546659588813782,
            -0.7861983776092529,
            0.0012894310057163239
        ],
        [
            0.1624736487865448,
            -0.9818903207778931,
            0.005064614117145538
        ],
        [
            0.16984592378139496,
            -0.9810008406639099,
            -0.026631280779838562
        ],
        [
            0.1635734587907791,
            -0.9095867872238159,
            0.04637960344552994
        ],
        [
            0.1714213490486145,
            -0.9259939789772034,
            0.038196220993995667
        ],
        [
            0.17875751852989197,
            -0.910534143447876,
            0.025186687707901
        ],
        [
            0.17095564305782318,
            -0.897455632686615,
            0.03479786962270737
        ],
        [
            0.1514170616865158,
