{
    "pred_cam": [
        1.8707153797149658,
        -0.014305388554930687,
        0.5141792893409729
    ],
    "pred_smpl_params": {
        "global_orient": [
            [
                [
                    0.9919281601905823,
                    0.0811210498213768,
                    0.09745659679174423
                ],
                [
                    0.0888494923710823,
                    -0.9930047392845154,
                    -0.07776524126529694
                ],
                [
                    0.0904664546251297,
                    0.08579651266336441,
                    -0.9921969175338745
                ]
            ]
        ],
        "body_pose": [
            [
                [
                    0.9992932081222534,
                    -0.036473874002695084,
                    -0.009100053459405899
                ],
                [
                    0.03732702508568764,
                    0.9340512156486511,
                    0.35518309473991394
                ],
                [
                    -0.004454983398318291,
                    -0.35527172684669495,
                    0.9347525238990784
                ]
            ],
            [
                [
                    0.9965472221374512,
                    0.08128686994314194,
                    -0.016914818435907364
                ],
                [
                    -0.07258167117834091,
                    0.9518219232559204,
                    0.29793787002563477
                ],
                [
                    0.0403183288872242,
                    -0.2956814169883728,
                    0.954435408115387
                ]
            ],
            [
                [
                    0.9985666275024414,
                    0.014402901753783226,
                    0.05154864490032196
                ],
                [
                    -0.0067237732000648975,
                    0.9892396926879883,
                    -0.14614909887313843
                ],
                [
                    -0.05309894308447838,
                    0.14559301733970642,
                    0.9879186153411865
                ]
            ],
            [
                [
                    0.9923820495605469,
                    0.040152713656425476,
                    -0.11647163331508636
                ],
                [
                    -0.11533872038125992,
                    0.6350731253623962,
                    -0.7637925148010254
                ],
                [
                    0.04329967126250267,
                    0.7714076638221741,
                    0.6348663568496704
                ]
            ],
            [
                [
                    0.9885398149490356,
                    -0.09154115617275238,
                    0.12003827095031738
                ],
                [
                    0.1508183777332306,
                    0.6333333253860474,
                    -0.7590407729148865
                ],
                [
                    -0.006540771573781967,
                    0.7684460282325745,
                    0.6398813128471375
                ]
            ],
            [
                [
                    0.9987747073173523,
                    0.02059432864189148,
                    0.044998832046985626
                ],
                [
                    -0.018725179135799408,
                    0.9989600777626038,
                    -0.04157152771949768
                ],
                [
                    -0.04580816999077797,
                    0.040677979588508606,
                    0.9981216788291931
                ]
            ],
            [
                [
                    0.959648072719574,
                    0.06965665519237518,
                    0.2724399268627167
                ],
                [
                    -0.0975411906838417,
                    0.9911383390426636,
                    0.09016971290111542
                ],
                [
                    -0.2637447118759155,
                    -0.11310530453920364,
                    0.9579383730888367
                ]
            ],
            [
                [
                    0.9655105471611023,
                    -0.026283686980605125,
                    -0.25903379917144775
                ],
                [
                    0.05792001634836197,
                    0.9916443824768066,
                    0.11526801437139511
                ],
                [
                    0.25383976101875305,
                    -0.12629573047161102,
                    0.9589654803276062
                ]
            ],
            [
                [
                    0.9995056986808777,
                    0.01134476438164711,
                    0.02932056225836277
                ],
                [
                    -0.008889627642929554,
                    0.9965474009513855,
                    -0.08254817873239517
                ],
                [
                    -0.03015582077205181,
                    0.08224672824144363,
                    0.9961556792259216
                ]
            ],
            [
                [
                    0.976657509803772,
                    -0.1968802660703659,
                    -0.0858970507979393
                ],
                [
                    0.2086089551448822,
                    0.9646927118301392,
                    0.1607801914215088
                ],
                [
                    0.051209814846515656,
                    -0.17494606971740723,
                    0.9832453727722168
                ]
            ],
            [
                [
                    0.9875887632369995,
                    0.15695466101169586,
                    -0.005814490374177694
                ],
                [
                    -0.15339459478855133,
                    0.9718188643455505,
                    0.17899233102798462
                ],
                [
                    0.033744312822818756,
                    -0.1758788675069809,
                    0.983833372592926
                ]
            ],
            [
                [
                    0.9957446455955505,
                    0.04782228171825409,
                    0.078776054084301
                ],
                [
                    -0.05481363832950592,
                    0.9945114254951477,
                    0.08912067115306854
                ],
                [
                    -0.07408172637224197,
                    -0.09305942803621292,
                    0.9929007291793823
                ]
            ],
            [
                [
                    0.9681843519210815,
                    0.2488572895526886,
                    -0.02625345252454281
                ],
                [
                    -0.24987009167671204,
                    0.9671135544776917,
                    -0.047499872744083405
                ],
                [
                    0.013569382950663567,
                    0.05254857987165451,
                    0.9985262155532837
                ]
            ],
            [
                [
                    0.9512798190116882,
                    -0.30501309037208557,
                    0.04509574919939041
                ],
                [
                    0.3058963716030121,
                    0.9519615173339844,
                    -0.014021229930222034
                ],
                [
                    -0.03865276277065277,
                    0.02713274024426937,
                    0.9988842010498047
                ]
            ],
            [
                [
                    0.9999101758003235,
                    0.01264120452105999,
                    -0.004447384737432003
                ],
                [
                    -0.01314026303589344,
                    0.9900197982788086,
                    -0.14031454920768738
                ],
                [
                    0.00262925261631608,
                    0.14036038517951965,
                    0.9900969862937927
                ]
            ],
            [
                [
                    0.6347745656967163,
                    0.7357267737388611,
                    -0.23615097999572754
                ],
                [
                    -0.7722595930099487,
                    0.5937737226486206,
                    -0.2259378582239151
                ],
                [
                    -0.026008296757936478,
                    0.3257894515991211,
                    0.9450845122337341
                ]
            ],
            [
                [
                    0.6502135992050171,
                    -0.7366138100624084,
                    0.18607071042060852
                ],
                [
                    0.7577443718910217,
                    0.6465363502502441,
                    -0.08839772641658783
                ],
                [
                    -0.05518648773431778,
                    0.19847147166728973,
                    0.9785516858100891
                ]
            ],
            [
                [
                    0.0381469689309597,
                    -0.38831308484077454,
                    -0.920737624168396
                ],
                [
                    -0.18460002541542053,
                    0.9028109908103943,
                    -0.3884008228778839
                ],
                [
                    0.9820731282234192,
                    0.18478451669216156,
                    -0.03724309802055359
                ]
            ],
            [
                [
                    0.24968738853931427,
                    0.33615612983703613,
                    0.9081053137779236
                ],
                [
                    0.039177305996418,
                    0.9335341453552246,
                    -0.3563411831855774
                ],
                [
                    -0.9675336480140686,
                    0.12455101311206818,
                    0.2199220061302185
                ]
            ],
            [
                [
                    0.9905725717544556,
                    -0.1259584128856659,
                    -0.05385506525635719
                ],
                [
                    0.11649893969297409,
                    0.9814053177833557,
                    -0.15255014598369598
                ],
                [
                    0.07206862419843674,
                    0.14483794569969177,
                    0.9868271946907043
                ]
            ],
            [
                [
                    0.9922977089881897,
                    0.11912142485380173,
                    0.03399212285876274
                ],
                [
                    -0.11128323525190353,
                    0.9777489304542542,
                    -0.1778288632631302
                ],
                [
                    -0.05441899225115776,
                    0.17267639935016632,
                    0.9834742546081543
                ]
            ],
            [
                [
                    0.973181426525116,
                    0.20949670672416687,
                    -0.09502176940441132
                ],
                [
                    -0.1924041211605072,
                    0.9676916003227234,
                    0.1629529893398285
                ],
                [
                    0.12608987092971802,
                    -0.1403002291917801,
                    0.9820474982261658
                ]
            ],
            [
                [
                    0.9772699475288391,
                    -0.21059997379779816,
                    0.024315299466252327
                ],
                [
                    0.20265266299247742,
                    0.961700439453125,
                    0.18456469476222992
                ],
                [
                    -0.062253352254629135,
                    -0.1754419505596161,
                    0.9825195670127869
                ]
            ]
        ],
        "betas": [
            -0.035189852118492126,
            -0.3492814004421234,
            0.0647619366645813,
            0.1870734840631485,
            0.10167735815048218,
            -0.028203751891851425,
            -0.02886536717414856,
            -0.032121866941452026,
            -0.012393981218338013,
            -0.01895374059677124
        ]
    },
    "pred_cam_t": [
        -0.014305388554930687,
        0.5141792893409729,
        20.88105010986328
    ],
    "focal_length": [
        5000.0,
        5000.0
    ],
    "pred_keypoints_3d": [
        [
            0.12627659738063812,
            -0.8259661197662354,
            -0.12532255053520203
        ],
        [
            0.05850148946046829,
            -0.7354242205619812,
            0.03460744768381119
        ],
        [
            -0.13397222757339478,
            -0.6656048893928528,
            0.010665655136108398
        ],
        [
            -0.26176947355270386,
            -0.4493086338043213,
            0.040419623255729675
        ],
        [
            -0.19158223271369934,
            -0.32763874530792236,
            -0.17019276320934296
        ],
        [
            0.21953919529914856,
            -0.629726767539978,
            0.08570366352796555
        ],
        [
            0.277931272983551,
            -0.4012148976325989,
            0.19255568087100983
        ],
        [
            0.20623944699764252,
            -0.30242565274238586,
            -0.022704467177391052
        ],
        [
            -0.0017820196226239204,
            -0.2266351729631424,
            0.03027195855975151
        ],
        [
            -0.07777673751115799,
            -0.14214888215065002,
            0.019519245252013206
        ],
        [
            -0.16380982100963593,
            0.20085683465003967,
            -0.11743953078985214
        ],
        [
            -0.17886793613433838,
            0.5266856551170349,
            0.10715175420045853
        ],
        [
            0.06025770679116249,
            -0.12869635224342346,
            0.034562185406684875
        ],
        [
            0.0905148908495903,
            0.2091292142868042,
            -0.11599953472614288
        ],
        [
            0.02870691940188408,
            0.5425447821617126,
            0.08742919564247131
        ],
        [
            0.0928855687379837,
            -0.874214768409729,
            -0.10586725175380707
        ],
        [
            0.15616212785243988,
            -0.8639384508132935,
            -0.08702827244997025
        ],
        [
            0.024657251313328743,
            -0.8767755031585693,
            -0.024949416518211365
        ],
        [
            0.16624771058559418,
            -0.8542492389678955,
            0.014935806393623352
        ],
        [
            0.05341748520731926,
            0.6580042839050293,
            -0.07201574742794037
        ],
        [
            0.11114517599344254,
            0.6520297527313232,
            -0.01028791069984436
        ],
        [
            0.019353806972503662,
            0.5544090867042542,
            0.15639063715934753
        ],
        [
            -0.19986070692539215,
            0.6381779313087463,
            -0.05556553602218628
        ],
        [
            -0.2671958804130554,
            0.6204829216003418,
            -0.0023002922534942627
        ],
        [
            -0.17832611501216888,
            0.5475022792816162,
            0.177569180727005
        ],
        [
            -0.1973491907119751,
            0.47078752517700195,
            0.1084309071302414
        ],
        [
            -0.15310779213905334,
            0.14387112855911255,
            -0.10786481946706772
        ],
        [
            -0.150177001953125,
            -0.2718527913093567,
            0.03302360326051712
        ],
        [
            0.14658167958259583,
            -0.2282784879207611,
            0.07409228384494781
        ],
        [
            0.10292299091815948,
            0.17307041585445404,
            -0.10676540434360504
        ],
        [
            0.039967797696590424,
            0.5026005506515503,
            0.0982615053653717
        ],
        [
            -0.17146891355514526,
            -0.35628485679626465,
            -0.15561820566654205
        ],
        [
            -0.2730830907821655,
            -0.4772133231163025,
            0.0072541143745183945
        ],
        [
            -0.09790629148483276,
            -0.6937574148178101,
            0.016260642558336258
        ],
        [
            0.19663062691688538,
            -0.6639589071273804,
            0.08466538786888123
        ],
        [
            0.3073910176753998,
            -0.42810919880867004,
            0.15667062997817993
        ],
        [
            0.21049359440803528,
            -0.3256102204322815,
            -0.017804058268666267
        ],
        [
            0.0606672540307045,
            -0.7298130989074707,
            0.03211221471428871
        ],
        [
            0.1133531704545021,
            -0.9154738187789917,
            -0.021763641387224197
        ],
        [
            -0.0008290598634630442,
            -0.25031134486198425,
            0.05375094339251518
        ],
        [
            0.04867982864379883,
            -0.6757636666297913,
            0.04665727540850639
        ],
        [
            0.019696040078997612,
            -0.49651038646698,
            0.07165325433015823
        ],
        [
            0.10645881295204163,
            -0.8046671152114868,
            -0.048374563455581665
        ],
        [
            0.1095970869064331,
            -0.9360368251800537,
            -0.015462284907698631
        ]
    ],
    "pred_vertices": [
        [
            0.17565476894378662,
            -0.9075006246566772,
            -0.08722245693206787
        ],
        [
            0.1690840721130371,
            -0.8940077424049377,
            -0.09390805661678314
        ],
        [
            0.17673523724079132,
            -0.8895696401596069,
            -0.0825972706079483
        ],
        [
            0.1815442591905594,
            -0.8997406959533691,
            -0.07243701070547104
        ],
        [
            0.17253151535987854,
            -0.880730152130127,
            -0.08848831057548523
        ],
        [
            0.16496647894382477,
            -0.8833338022232056,
            -0.09771132469177246
        ],
        [
            0.17942273616790771,
            -0.883045494556427,
            -0.07044156640768051
        ],
        [
            0.18265411257743835,
            -0.8902655839920044,
            -0.05890728533267975
        ],
        [
            0.17494362592697144,
            -0.8480726480484009,
            -0.05568937957286835
        ],
        [
            0.17511175572872162,
            -0.8436222076416016,
            -0.04519430547952652
        ],
        [
            0.17747364938259125,
            -0.855462372303009,
            -0.047344014048576355
        ],
        [
            0.17535220086574554,
            -0.8568966388702393,
            -0.057366229593753815
        ],
        [
            0.16848623752593994,
            -0.8229367136955261,
            -0.05156112462282181
        ],
        [
            0.16346648335456848,
            -0.8141801357269287,
            -0.06087907403707504
        ],
        [
            0.1612868309020996,
            -0.8056827783584595,
            -0.050533778965473175
        ],
        [
            0.16489815711975098,
            -0.8141006827354431,
            -0.04074373468756676
        ],
        [
            0.141989603638649,
            -0.831534743309021,
            -0.09333918243646622
        ],
        [
            0.14563864469528198,
            -0.8241698741912842,
            -0.09042327105998993
        ],
        [
            0.15023523569107056,
            -0.8301644325256348,
            -0.08882113546133041
        ],
        [
            0.1455838978290558,
            -0.83686363697052,
            -0.09160801768302917
        ],
        [
            0.13652394711971283,
            -0.8421626687049866,
            -0.10246724635362625
        ],
        [
            0.13740971684455872,
            -0.8476660847663879,
            -0.09919247031211853
        ],
        [
            0.1350397765636444,
            -0.8518571853637695,
            -0.10563735663890839
        ],
        [
            0.13518604636192322,
            -0.8454508185386658,
            -0.10968188941478729
        ],
        [
            0.13592974841594696,
            -0.8272608518600464,
            -0.09464448690414429
        ],
        [
            0.1398303210735321,
            -0.819735586643219,
            -0.09119091928005219
        ],
        [
            0.13896100223064423,
            -0.8377714157104492,
            -0.09648720920085907
        ],
        [
            0.1369452178478241,
            -0.8335671424865723,
            -0.0990138128399849
        ],
        [
            0.13630029559135437,
            -0.8272942304611206,
            -0.10972308367490768
        ],
        [
            0.1381615698337555,
            -0.8317368626594543,
            -0.10799706727266312
        ],
        [
            0.13713763654232025,
            -0.8328725099563599,
            -0.11577270179986954
        ],
        [
            0.13473498821258545,
            -0.8276374340057373,
            -0.11526037007570267
        ],
        [
            0.13597695529460907,
            -0.8268334865570068,
            -0.09987371414899826
        ],
        [
            0.1379667967557907,
            -0.82938152551651,
            -0.10257874429225922
        ],
        [
            0.1356189250946045,
            -0.826019287109375,
            -0.10541757196187973
        ],
        [
            0.13279318809509277,
            -0.8244390487670898,
            -0.10258554667234421
        ],
        [
            0.13615697622299194,
            -0.8379006385803223,
            -0.10521167516708374
        ],
        [
            0.1358899474143982,
            -0.8396927118301392,
            -0.11292005330324173
        ],
        [
            0.1345725655555725,
            -0.8412779569625854,
            -0.12104813009500504
        ],
        [
            0.13504841923713684,
            -0.8325591683387756,
            -0.12374042719602585
        ],
        [
            0.1514403223991394,
            -0.8095616698265076,
            -0.08009782433509827
        ],
        [
            0.14940446615219116,
            -0.8168553113937378,
            -0.08612750470638275
        ],
        [
            0.14358940720558167,
            -0.8129346370697021,
            -0.08744513243436813
        ],
        [
            0.14613685011863708,
            -0.806973934173584,
            -0.08293525874614716
        ],
        [
            0.13226330280303955,
            -0.8213781118392944,
            -0.09871486574411392
        ],
        [
            0.1328781396150589,
            -0.8050140142440796,
            -0.09705445915460587
        ],
        [
            0.1339016854763031,
            -0.8086817264556885,
            -0.09736325591802597
        ],
        [
            0.12959784269332886,
            -0.8101711273193359,
            -0.10315961390733719
        ],
        [
            0.12919117510318756,
            -0.8066344261169434,
            -0.10251949727535248
        ],
        [
            0.15071898698806763,
            -0.7954505681991577,
            -0.06935267150402069
        ],
        [
            0.1464565545320511,
            -0.7949954271316528,
            -0.075253926217556
        ],
        [
            0.14481085538864136,
            -0.7882895469665527,
            -0.07231845706701279
        ],
        [
            0.1477457880973816,
            -0.7877516746520996,
            -0.0653117299079895
        ],
        [
            0.14112406969070435,
            -0.7830815315246582,
            -0.0718342661857605
        ],
        [
            0.14395152032375336,
            -0.7805601358413696,
            -0.06225913390517235
        ],
        [
            0.13291466236114502,
            -0.7679964303970337,
            -0.06446680426597595
        ],
        [
            0.13833576440811157,
            -0.7733855247497559,
            -0.0630757063627243
        ],
        [
            0.13665704429149628,
            -0.7780265212059021,
            -0.07320961356163025
        ],
        [
            0.1316942423582077,
            -0.7734544277191162,
            -0.07771709561347961
        ],
        [
            0.12404551357030869,
            -0.7791413068771362,
            -0.09005623310804367
        ],
        [
            0.11915689706802368,
            -0.778562068939209,
            -0.09450200200080872
        ],
        [
            0.12047687917947769,
            -0.7660213112831116,
            -0.09028568118810654
        ],
        [
            0.12588457763195038,
            -0.768862247467041,
            -0.08462829887866974
        ],
        [
            0.1303139328956604,
            -0.7997056245803833,
            -0.09261678904294968
        ],
        [
            0.13307301700115204,
            -0.7994993925094604,
            -0.08855199068784714
        ],
        [
            0.13429874181747437,
            -0.8006503582000732,
            -0.09074129909276962
        ],
        [
            0.1317778378725052,
            -0.8020303845405579,
            -0.09534186124801636
        ],
        [
            0.13562113046646118,
            -0.7989600896835327,
            -0.08549382537603378
        ],
        [
            0.13681639730930328,
            -0.7985501885414124,
            -0.08418252319097519
        ],
        [
            0.13728097081184387,
            -0.7996951341629028,
            -0.08550326526165009
        ],
        [
            0.13598592579364777,
            -0.7996764183044434,
            -0.08615439385175705
        ],
        [
            0.1343303620815277,
            -0.7995561361312866,
            -0.08741817623376846
        ],
        [
            0.13325312733650208,
            -0.797715425491333,
            -0.08808790892362595
        ],
        [
            0.13489161431789398,
            -0.7982382774353027,
            -0.08625578135251999
        ],
        [
            0.13072636723518372,
            -0.7971493005752563,
            -0.09196853637695312
        ],
        [
            0.12079780548810959,
            -0.795956552028656,
            -0.10356037318706512
        ],
        [
            0.12421341240406036,
            -0.7959952354431152,
            -0.10088606178760529
        ],
        [
            0.1234213262796402,
            -0.8006599545478821,
            -0.1007530465722084
        ],
        [
            0.12049008905887604,
            -0.8009546995162964,
            -0.10309536010026932
        ],
        [
            0.13664473593235016,
            -0.8016070127487183,
            -0.08801542967557907
        ],
        [
            0.1391575038433075,
            -0.8027254343032837,
            -0.08666837215423584
        ],
        [
            0.13733452558517456,
            -0.8055706024169922,
            -0.09143196046352386
        ],
        [
            0.13557660579681396,
            -0.8031362295150757,
            -0.09112091362476349
        ],
        [
            0.14203356206417084,
            -0.8041366934776306,
            -0.08569107949733734
        ],
        [
            0.13939154148101807,
            -0.8005918264389038,
            -0.08422278612852097
        ],
        [
            0.14202392101287842,
            -0.8008408546447754,
            -0.08268140256404877
        ],
        [
            0.1360187828540802,
            -0.7968717813491821,
            -0.08430500328540802
        ],
        [
            0.13766127824783325,
            -0.7949615716934204,
            -0.08190034329891205
        ],
        [
            0.13899368047714233,
            -0.7974004745483398,
            -0.0827624574303627
        ],
        [
            0.1354532539844513,
            -0.7919454574584961,
            -0.08289670199155807
        ],
        [
            0.13380946218967438,
            -0.795203447341919,
            -0.0861312672495842
        ],
        [
            0.1311318725347519,
            -0.7936162948608398,
            -0.08992060273885727
        ],
        [
            0.12766675651073456,
            -0.7923057079315186,
            -0.09475361555814743
        ],
        [
            0.12803003191947937,
            -0.7874832153320312,
            -0.0907503217458725
        ],
        [
            0.13217853009700775,
            -0.789313793182373,
            -0.086207315325737
        ],
        [
            0.13960589468479156,
            -0.8091410398483276,
            -0.0902182012796402
        ],
        [
            0.14215397834777832,
            -0.7963069677352905,
            -0.07943399995565414
        ],
        [
            0.14669084548950195,
            -0.8019838333129883,
            -0.07868213206529617
        ],
        [
            0.14079022407531738,
            -0.7916651964187622,
            -0.07821128517389297
        ],
        [
            0.1379789561033249,
            -0.7875685691833496,
            -0.07842260599136353
        ],
        [
            0.13377916812896729,
            -0.7839765548706055,
            -0.0809246301651001
        ],
        [
            0.12911854684352875,
            -0.7812410593032837,
            -0.08543911576271057
        ],
        [
            0.11729834228754044,
            -0.7583696842193604,
            -0.07784320414066315
        ],
        [
            0.12488991767168045,
            -0.7623541355133057,
            -0.0719698816537857
        ],
        [
            0.1608828902244568,
            -0.8766063451766968,
            -0.09504352509975433
        ],
        [
            0.16800914704799652,
            -0.8744986653327942,
            -0.08991757035255432
        ],
        [
            0.1655353605747223,
            -0.8673135042190552,
            -0.08455123007297516
        ],
        [
            0.16781488060951233,
            -0.8692620396614075,
            -0.08395881205797195
        ],
        [
            0.16394203901290894,
            -0.8711870908737183,
            -0.08892600983381271
        ],
        [
            0.16268329322338104,
            -0.8686625957489014,
            -0.08816918730735779
        ],
        [
            0.17196527123451233,
            -0.8593946695327759,
            -0.06497051566839218
        ],
        [
            0.1692648082971573,
            -0.8615371584892273,
            -0.07109636068344116
        ],
        [
            0.16817927360534668,
            -0.8579762578010559,
            -0.06920939683914185
        ],
        [
            0.17193739116191864,
            -0.8528074622154236,
            -0.06332485377788544
        ],
        [
            0.16187845170497894,
            -0.8510938882827759,
            -0.07781555503606796
        ],
        [
            0.16504941880702972,
            -0.8519572019577026,
            -0.07337885349988937
        ],
        [
            0.16384845972061157,
            -0.8588275909423828,
            -0.07771264016628265
        ],
        [
            0.161514550447464,
            -0.8582160472869873,
            -0.08096802234649658
        ],
        [
            0.15860457718372345,
            -0.8581773638725281,
            -0.08412545174360275
        ],
        [
            0.15495562553405762,
            -0.8587734699249268,
            -0.08665899187326431
        ],
        [
            0.15401464700698853,
            -0.8535277843475342,
            -0.08568130433559418
        ],
        [
            0.15803909301757812,
            -0.8519337177276611,
            -0.08220770210027695
        ],
        [
            0.15845566987991333,
            -0.8733678460121155,
            -0.0921747088432312
        ],
        [
            0.15143342316150665,
            -0.873846173286438,
            -0.09428717941045761
        ],
        [
            0.15189647674560547,
            -0.8707382678985596,
            -0.09294165670871735
        ],
        [
            0.15794919431209564,
            -0.8702162504196167,
            -0.09157413244247437
        ],
        [
            0.13960793614387512,
            -0.8666949272155762,
            -0.09106574207544327
        ],
        [
            0.1415877342224121,
            -0.8687956929206848,
            -0.09181365370750427
        ],
        [
            0.13895739614963531,
            -0.8705812692642212,
            -0.09418327361345291
        ],
        [
            0.13689513504505157,
            -0.8664439916610718,
            -0.09333175420761108
        ],
        [
            0.13842414319515228,
            -0.8631100058555603,
            -0.09256497025489807
        ],
        [
            0.1405983865261078,
            -0.8648155927658081,
            -0.09104789048433304
        ],
        [
            0.1708991676568985,
            -0.9302048683166504,
            -0.08959066867828369
        ],
        [
            0.1658485233783722,
            -0.9135208129882812,
            -0.09838113933801651
        ],
        [
            0.18030719459056854,
            -0.9222015142440796,
            -0.07275617122650146
        ],
        [
            0.18348506093025208,
            -0.9116662740707397,
            -0.05792282894253731
        ],
        [
            0.18507122993469238,
            -0.8980463743209839,
            -0.045656654983758926
        ],
        [
            0.1560417264699936,
            -0.7992340922355652,
            -0.060651130974292755
        ],
        [
            0.15350045263767242,
            -0.7909883260726929,
            -0.053783345967531204
        ],
        [
            0.15826326608657837,
            -0.7980364561080933,
            -0.04048356041312218
        ],
        [
            0.15271960198879242,
            -0.7888357639312744,
            -0.035836853086948395
        ],
        [
            0.14826031029224396,
            -0.7816661596298218,
            -0.050032489001750946
        ],
        [
            0.13128532469272614,
            -0.765868067741394,
            -0.050565410405397415
        ],
        [
            0.14088690280914307,
            -0.7726924419403076,
            -0.049063269048929214
        ],
        [
            0.1446620225906372,
            -0.7803300619125366,
            -0.03149184212088585
        ],
        [
            0.14964792132377625,
            -0.7927149534225464,
            -0.01549478992819786
        ],
        [
            0.15614870190620422,
            -0.7984651923179626,
            -0.022881489247083664
        ],
        [
            0.15284092724323273,
            -0.8084982633590698,
            -0.003139231353998184
        ],
        [
            0.14024794101715088,
            -0.7872278094291687,
            -0.005362212657928467
        ],
        [
            0.1471090167760849,
            -0.8089591860771179,
            0.004251610487699509
        ],
        [
            0.11986704915761948,
            -0.7546918392181396,
            -0.012399159371852875
        ],
        [
            0.1184113472700119,
            -0.7441089153289795,
            -0.007861733436584473
        ],
        [
            0.12635155022144318,
            -0.7513662576675415,
            0.0079584289342165
        ],
        [
            0.12830953299999237,
            -0.7616815567016602,
            0.003628889098763466
        ],
        [
            0.16135317087173462,
            -0.8055468201637268,
            -0.03050198033452034
        ],
        [
            0.17934811115264893,
            -0.8665168881416321,
            -0.039906345307826996
        ],
        [
            0.178884357213974,
            -0.8655049800872803,
            -0.05223046988248825
        ],
        [
            0.1768796145915985,
            -0.8543211221694946,
            -0.03541049733757973
        ],
        [
            0.1877622902393341,
            -0.9272632598876953,
            -0.02433513104915619
        ],
        [
            0.1869586557149887,
            -0.9214825630187988,
            -0.04278693348169327
        ],
        [
            0.188212051987648,
            -0.9060150384902954,
            -0.03287314996123314
        ],
        [
            0.1888190656900406,
            -0.913508415222168,
            -0.01709683984518051
        ],
        [
            0.17147189378738403,
            -0.9649850726127625,
            -0.04428236931562424
        ],
        [
            0.17419534921646118,
            -0.9499111175537109,
            -0.06789655983448029
        ],
        [
            0.18016311526298523,
            -0.9372439384460449,
            -0.05602497234940529
        ],
        [
            0.18012508749961853,
            -0.9485341906547546,
            -0.03592560812830925
        ],
        [
            0.18675607442855835,
            -0.9158427715301514,
            -0.003949090838432312
        ],
        [
            0.18229053914546967,
            -0.9192372560501099,
            0.014289073646068573
        ],
        [
            0.17978644371032715,
            -0.9362307190895081,
            0.01837857812643051
        ],
        [
            0.18475128710269928,
            -0.9345294237136841,
            -0.004034765064716339
        ],
        [
            0.170324444770813,
            -0.9586909413337708,
            0.019758418202400208
        ],
        [
            0.1764460951089859,
            -0.9570285677909851,
            -0.007199779152870178
        ],
        [
            0.13877512514591217,
            -0.7976464033126831,
            0.014472033828496933
        ],
        [
            0.1437087059020996,
            -0.8159246444702148,
            0.01618511602282524
        ],
        [
            0.13169793784618378,
            -0.7738008499145508,
            -0.002824705094099045
        ],
        [
            0.1346951574087143,
            -0.7824662327766418,
            0.014712590724229813
        ],
        [
            0.1547691971063614,
            -0.9771683216094971,
            0.01757657527923584
        ],
        [
            0.16347169876098633,
            -0.9761821031570435,
            -0.013735301792621613
        ],
        [
            0.15333740413188934,
            -0.9053502082824707,
            0.05929308384656906
        ],
        [
            0.1616939902305603,
            -0.9215492606163025,
            0.05133751779794693
        ],
        [
            0.16938461363315582,
            -0.9059377908706665,
            0.038726434111595154
        ],
        [
            0.16103126108646393,
            -0.8931121826171875,
            0.04805360734462738
        ],
        [
            0.1410655677318573,
