{
    "pred_cam": [
        2.0781078338623047,
        0.01340477354824543,
        0.546002984046936
    ],
    "pred_smpl_params": {
        "global_orient": [
            [
                [
                    0.9768967628479004,
                    0.022999605163931847,
                    0.21247084438800812
                ],
                [
                    0.02718004211783409,
                    -0.9994898438453674,
                    -0.01677512936294079
                ],
                [
                    0.21197660267353058,
                    0.022162534296512604,
                    -0.9770235419273376
                ]
            ]
        ],
        "body_pose": [
            [
                [
                    0.9990859031677246,
                    -0.04173918440937996,
                    -0.00923222303390503
                ],
                [
                    0.04245692119002342,
                    0.9437034130096436,
                    0.3280567526817322
                ],
                [
                    -0.004980342462658882,
                    -0.32814884185791016,
                    0.9446129202842712
                ]
            ],
            [
                [
                    0.9905856847763062,
                    0.126376673579216,
                    -0.0526207871735096
                ],
                [
                    -0.1079382672905922,
                    0.957472026348114,
                    0.2675755023956299
                ],
                [
                    0.0841982364654541,
                    -0.2593766748905182,
                    0.9620989561080933
                ]
            ],
            [
                [
                    0.9956369996070862,
                    0.008797656744718552,
                    0.09289632737636566
                ],
                [
                    0.003770604496821761,
                    0.990939199924469,
                    -0.1342584788799286
                ],
                [
                    -0.09323576837778091,
                    0.13402296602725983,
                    0.9865825772285461
                ]
            ],
            [
                [
                    0.9930604696273804,
                    0.0327828973531723,
                    -0.11294345557689667
                ],
                [
                    -0.11336613446474075,
                    0.5223562717437744,
                    -0.8451579809188843
                ],
                [
                    0.03128999471664429,
                    0.8520969152450562,
                    0.5224478244781494
                ]
            ],
            [
                [
                    0.9891160130500793,
                    -0.1115216463804245,
                    0.0959814190864563
                ],
                [
                    0.1422858089208603,
                    0.5588342547416687,
                    -0.8169817328453064
                ],
                [
                    0.037473443895578384,
                    0.8217464685440063,
                    0.5686198472976685
                ]
            ],
            [
                [
                    0.9961221814155579,
                    0.01931917667388916,
                    0.08583363145589828
                ],
                [
                    -0.01746014691889286,
                    0.9995976090431213,
                    -0.02235676907002926
                ],
                [
                    -0.08623100072145462,
                    0.02077140472829342,
                    0.9960586428642273
                ]
            ],
            [
                [
                    0.9591343998908997,
                    0.043220870196819305,
                    0.27963051199913025
                ],
                [
                    -0.08201909065246582,
                    0.9883029460906982,
                    0.1285696178674698
                ],
                [
                    -0.270802766084671,
                    -0.14625056087970734,
                    0.9514603018760681
                ]
            ],
            [
                [
                    0.9673997163772583,
                    0.005580045282840729,
                    -0.25319284200668335
                ],
                [
                    0.030990932136774063,
                    0.989635169506073,
                    0.140220507979393
                ],
                [
                    0.2513509690761566,
                    -0.14349596202373505,
                    0.9571998715400696
                ]
            ],
            [
                [
                    0.9969025254249573,
                    0.01091466099023819,
                    0.07788644731044769
                ],
                [
                    -0.004255831707268953,
                    0.9963587522506714,
                    -0.08515294641256332
                ],
                [
                    -0.07853226363658905,
                    0.08455771207809448,
                    0.993319034576416
                ]
            ],
            [
                [
                    0.9800556302070618,
                    -0.17550866305828094,
                    -0.09320784360170364
                ],
                [
                    0.1903587430715561,
                    0.9637805819511414,
                    0.1867901235818863
                ],
                [
                    0.05704862251877785,
                    -0.2008076310157776,
                    0.9779682159423828
                ]
            ],
            [
                [
                    0.989811360836029,
                    0.13894771039485931,
                    -0.031097425147891045
                ],
                [
                    -0.12987706065177917,
                    0.9705758690834045,
                    0.20276696979999542
                ],
                [
                    0.05835641920566559,
                    -0.19666218757629395,
                    0.9787331223487854
                ]
            ],
            [
                [
                    0.9959424734115601,
                    0.08623838424682617,
                    -0.02572188526391983
                ],
                [
                    -0.0851149708032608,
                    0.995486855506897,
                    0.04197036847472191
                ],
                [
                    0.029225250706076622,
                    -0.03961075097322464,
                    0.9987878203392029
                ]
            ],
            [
                [
                    0.9714012145996094,
                    0.23412567377090454,
                    0.03956000134348869
                ],
                [
                    -0.23127490282058716,
                    0.9706694483757019,
                    -0.06567079573869705
                ],
                [
                    -0.05377490818500519,
                    0.05464344844222069,
                    0.9970569014549255
                ]
            ],
            [
                [
                    0.9577687978744507,
                    -0.27878811955451965,
                    0.07040011882781982
                ],
                [
                    0.2816232144832611,
                    0.9589224457740784,
                    -0.03400213643908501
                ],
                [
                    -0.05802886188030243,
                    0.052392493933439255,
                    0.9969391822814941
                ]
            ],
            [
                [
                    0.996055006980896,
                    -0.0005901040858589113,
                    -0.088735431432724
                ],
                [
                    -0.01275240071117878,
                    0.9886461496353149,
                    -0.14972014725208282
                ],
                [
                    0.08781629055738449,
                    0.15026110410690308,
                    0.9847384095191956
                ]
            ],
            [
                [
                    0.607621967792511,
                    0.7587877511978149,
                    -0.23459897935390472
                ],
                [
                    -0.792304515838623,
                    0.5585683584213257,
                    -0.24546892940998077
                ],
                [
                    -0.05521925538778305,
                    0.3350261151790619,
                    0.9405893683433533
                ]
            ],
            [
                [
                    0.6475645303726196,
                    -0.7407655119895935,
                    0.17868055403232574
                ],
                [
                    0.7600054144859314,
                    0.6448535919189453,
                    -0.08096690475940704
                ],
                [
                    -0.05524531379342079,
                    0.18822947144508362,
                    0.9805700778961182
                ]
            ],
            [
                [
                    0.0767100378870964,
                    -0.3762349486351013,
                    -0.923343300819397
                ],
                [
                    -0.1910061240196228,
                    0.9033748507499695,
                    -0.3839668929576874
                ],
                [
                    0.9785868525505066,
                    0.20581834018230438,
                    -0.0025652628391981125
                ]
            ],
            [
                [
                    0.411618709564209,
                    0.282766729593277,
                    0.8663791418075562
                ],
                [
                    0.10864521563053131,
                    0.9286440014839172,
                    -0.3547061085700989
                ],
                [
                    -0.9048569798469543,
                    0.24013163149356842,
                    0.3515259921550751
                ]
            ],
            [
                [
                    0.9952377080917358,
                    -0.08862418681383133,
                    -0.04058969393372536
                ],
                [
                    0.08200684934854507,
                    0.9863434433937073,
                    -0.14283369481563568
                ],
                [
                    0.05269390344619751,
                    0.13882486522197723,
                    0.9889139533042908
                ]
            ],
            [
                [
                    0.9959805011749268,
                    0.0863516703248024,
                    0.023795990273356438
                ],
                [
                    -0.07868828624486923,
                    0.9704508781433105,
                    -0.22810818254947662
                ],
                [
                    -0.04279036074876785,
                    0.2253188192844391,
                    0.9733450412750244
                ]
            ],
            [
                [
                    0.970013439655304,
                    0.22356297075748444,
                    -0.0953599065542221
                ],
                [
                    -0.20560872554779053,
                    0.9640092253684998,
                    0.16855652630329132
                ],
                [
                    0.1296108216047287,
                    -0.14389526844024658,
                    0.9810684323310852
                ]
            ],
            [
                [
                    0.9772424101829529,
                    -0.21144571900367737,
                    0.01696828566491604
                ],
                [
                    0.20351241528987885,
                    0.9571210741996765,
                    0.20616009831428528
                ],
                [
                    -0.0598323754966259,
                    -0.19801515340805054,
                    0.9783711433410645
                ]
            ]
        ],
        "betas": [
            0.05213092267513275,
            -0.11729544401168823,
            0.04746365547180176,
            -0.01936522126197815,
            0.09824466705322266,
            -0.03537531942129135,
            -0.05344340205192566,
            -0.04120379686355591,
            0.05540977418422699,
            -0.09156721830368042
        ]
    },
    "pred_cam_t": [
        0.01340477354824543,
        0.546002984046936,
        18.797147750854492
    ],
    "focal_length": [
        5000.0,
        5000.0
    ],
    "pred_keypoints_3d": [
        [
            0.10827817022800446,
            -0.8165693879127502,
            -0.14867250621318817
        ],
        [
            0.02718452550470829,
            -0.7368735671043396,
            0.00994652695953846
        ],
        [
            -0.14491036534309387,
            -0.6519599556922913,
            -0.05758512765169144
        ],
        [
            -0.26588624715805054,
            -0.42689231038093567,
            -0.046420976519584656
        ],
        [
            -0.15300150215625763,
            -0.25804126262664795,
            -0.20224684476852417
        ],
        [
            0.1734178215265274,
            -0.6518685817718506,
            0.10972026735544205
        ],
        [
            0.20519064366817474,
            -0.4373331665992737,
            0.2564387917518616
        ],
        [
            0.20955856144428253,
            -0.303253710269928,
            0.04555897414684296
        ],
        [
            -0.0016894903965294361,
            -0.22493496537208557,
            0.02923850528895855
        ],
        [
            -0.07162818312644958,
            -0.13567331433296204,
            0.01655627228319645
        ],
        [
            -0.14496463537216187,
            0.22488415241241455,
            -0.09457305818796158
        ],
        [
            -0.16266164183616638,
            0.5086362361907959,
            0.18874382972717285
        ],
        [
            0.06364221125841141,
            -0.13096600770950317,
            0.04849418252706528
        ],
        [
            0.12888476252555847,
            0.22218891978263855,
            -0.06415384262800217
        ],
        [
            0.05052443593740463,
            0.5060716867446899,
            0.2078557014465332
        ],
        [
            0.0736328661441803,
            -0.8661907911300659,
            -0.13477662205696106
        ],
        [
            0.13571275770664215,
            -0.8576922416687012,
            -0.11159925907850266
        ],
        [
            0.001418277621269226,
            -0.8739327788352966,
            -0.05873071402311325
        ],
        [
            0.13899168372154236,
            -0.8553111553192139,
            -0.008924640715122223
        ],
        [
            0.10109147429466248,
            0.6477471590042114,
            0.07835131883621216
        ],
        [
            0.1495283842086792,
            0.6270853877067566,
            0.14451384544372559
        ],
        [
            0.034025028347969055,
            0.5035849213600159,
            0.2764710783958435
        ],
        [
            -0.18052059412002563,
            0.6444236040115356,
            0.043302834033966064
        ],
        [
            -0.24755729734897614,
            0.6187739372253418,
            0.09283846616744995
        ],
        [
            -0.1655348539352417,
            0.5175322890281677,
            0.26205798983573914
        ],
        [
            -0.1813945770263672,
            0.4528319835662842,
            0.17933282256126404
        ],
        [
            -0.13640201091766357,
            0.1674986481666565,
            -0.0914166048169136
        ],
        [
            -0.14928798377513885,
            -0.26151323318481445,
            0.010173801332712173
        ],
        [
            0.13984180986881256,
            -0.23760780692100525,
            0.08858948945999146
        ],
        [
            0.13876233994960785,
            0.18561412394046783,
            -0.05835457891225815
        ],
        [
            0.05948159843683243,
            0.4635414183139801,
            0.21001975238323212
        ],
        [
            -0.1353091299533844,
            -0.28822803497314453,
            -0.18899373710155487
        ],
        [
            -0.26817357540130615,
            -0.4492321312427521,
            -0.0833619013428688
        ],
        [
            -0.11429981142282486,
            -0.6835669875144958,
            -0.04368565231561661
        ],
        [
            0.14875352382659912,
            -0.681908369064331,
            0.09844908863306046
        ],
        [
            0.24265405535697937,
            -0.46256086230278015,
            0.2278965711593628
        ],
        [
            0.2110537886619568,
            -0.3268149197101593,
            0.04854391887784004
        ],
        [
            0.030956054106354713,
            -0.7327282428741455,
            0.0075553469359874725
        ],
        [
            0.08886854350566864,
            -0.9131755828857422,
            -0.052861012518405914
        ],
        [
            -0.003932802472263575,
            -0.2498750239610672,
            0.04983656853437424
        ],
        [
            0.018250009045004845,
            -0.6795364022254944,
            0.023847168311476707
        ],
        [
            -0.001347128301858902,
            -0.4967755675315857,
            0.05091933533549309
        ],
        [
            0.08449872583150864,
            -0.8010862469673157,
            -0.07225559651851654
        ],
        [
            0.08451052010059357,
            -0.9340817928314209,
            -0.04862348735332489
        ]
    ],
    "pred_vertices": [
        [
            0.1549467295408249,
            -0.901383101940155,
            -0.11359399557113647
        ],
        [
            0.14882628619670868,
            -0.8872566223144531,
            -0.11964724212884903
        ],
        [
            0.15577790141105652,
            -0.8836770057678223,
            -0.1076413244009018
        ],
        [
            0.15999962389469147,
            -0.8947246074676514,
            -0.09789452701807022
        ],
        [
            0.1519380360841751,
            -0.8744881749153137,
            -0.11311117559671402
        ],
        [
            0.14504916965961456,
            -0.8762465119361877,
            -0.12305263429880142
        ],
        [
            0.15761134028434753,
            -0.8782204389572144,
            -0.09483955800533295
        ],
        [
            0.16009780764579773,
            -0.8863475918769836,
            -0.0836208313703537
        ],
        [
            0.15250509977340698,
            -0.8444627523422241,
            -0.07786848396062851
        ],
        [
            0.1519048810005188,
            -0.8407443761825562,
            -0.06701643019914627
        ],
        [
            0.15443184971809387,
            -0.852310061454773,
            -0.06987578421831131
        ],
        [
            0.15293653309345245,
            -0.8530941009521484,
            -0.0802081748843193
        ],
        [
            0.14562581479549408,
            -0.8196786046028137,
            -0.07231155782938004
        ],
        [
            0.14128072559833527,
            -0.8102105855941772,
            -0.08127903193235397
        ],
        [
            0.13836844265460968,
            -0.8024909496307373,
            -0.07042095810174942
        ],
        [
            0.1413474678993225,
            -0.8116692304611206,
            -0.061122238636016846
        ],
        [
            0.12182819843292236,
            -0.8248919248580933,
            -0.11624570190906525
        ],
        [
            0.12536844611167908,
            -0.8177999258041382,
            -0.11255726963281631
        ],
        [
            0.1298462450504303,
            -0.8239372968673706,
            -0.11115770787000656
        ],
        [
            0.125321626663208,
            -0.8303786516189575,
            -0.11472221463918686
        ],
        [
            0.11693687736988068,
            -0.8346641063690186,
            -0.1265367865562439
        ],
        [
            0.11756830662488937,
            -0.8404284119606018,
            -0.12363476306200027
        ],
        [
            0.11559483408927917,
            -0.8441256284713745,
            -0.13051965832710266
        ],
        [
            0.11602216958999634,
            -0.8373808860778809,
            -0.13405951857566833
        ],
        [
            0.11588286608457565,
            -0.8204796314239502,
            -0.11758526414632797
        ],
        [
            0.11962199211120605,
            -0.8132530450820923,
            -0.11334957182407379
        ],
        [
            0.11897885799407959,
            -0.8308535814285278,
            -0.12006392329931259
        ],
        [
            0.11714161932468414,
            -0.8263380527496338,
            -0.12239591032266617
        ],
        [
            0.11719061434268951,
            -0.8191947937011719,
            -0.1326006054878235
        ],
        [
            0.1188887506723404,
            -0.8237801790237427,
            -0.1311255842447281
        ],
        [
            0.11837510764598846,
            -0.8242992162704468,
            -0.13901859521865845
        ],
        [
            0.11599995195865631,
            -0.8191158771514893,
            -0.13823848962783813
        ],
        [
            0.11621713638305664,
            -0.8195085525512695,
            -0.12278152257204056
        ],
        [
            0.11833695322275162,
            -0.8218357563018799,
            -0.1255800724029541
        ],
        [
            0.11623156815767288,
            -0.8182065486907959,
            -0.1282791942358017
        ],
        [
            0.11326628923416138,
            -0.8168414831161499,
            -0.1254773736000061
        ],
        [
            0.11672518402338028,
            -0.8301349878311157,
            -0.12898370623588562
        ],
        [
            0.11691126227378845,
            -0.8313356637954712,
            -0.13680073618888855
        ],
        [
            0.1161518320441246,
            -0.8322860598564148,
            -0.14507682621479034
        ],
        [
            0.11685529351234436,
            -0.8233528733253479,
            -0.14701782166957855
        ],
        [
            0.13053283095359802,
            -0.8040677309036255,
            -0.10077615082263947
        ],
        [
            0.12886902689933777,
            -0.8108345866203308,
            -0.1075204461812973
        ],
        [
            0.12318946421146393,
            -0.8067750930786133,
            -0.10889048129320145
        ],
        [
            0.1254795491695404,
            -0.8011916875839233,
            -0.10377226024866104
        ],
        [
            0.11249147355556488,
            -0.8141474723815918,
            -0.12140505760908127
        ],
        [
            0.11315393447875977,
            -0.7980222105979919,
            -0.11842407286167145
        ],
        [
            0.11415765434503555,
            -0.8016397953033447,
            -0.11896306276321411
        ],
        [
            0.11021724343299866,
            -0.8026565909385681,
            -0.125068798661232
        ],
        [
            0.10983516275882721,
            -0.7992026209831238,
            -0.12417976558208466
        ],
        [
            0.1291012465953827,
            -0.7907918095588684,
            -0.08899934589862823
        ],
        [
            0.12528489530086517,
            -0.7898409366607666,
            -0.09513752907514572
        ],
        [
            0.1234501451253891,
            -0.7833954095840454,
            -0.09173077344894409
        ],
        [
            0.12590627372264862,
            -0.78340744972229,
            -0.08445198088884354
        ],
        [
            0.11979341506958008,
            -0.7782663106918335,
            -0.0909503772854805
        ],
        [
            0.12199664860963821,
            -0.776432991027832,
            -0.08096153289079666
        ],
        [
            0.11146461218595505,
            -0.7636319398880005,
            -0.08281999081373215
        ],
        [
            0.11660827696323395,
            -0.7692261934280396,
            -0.08150475472211838
        ],
        [
            0.11551675200462341,
            -0.773104190826416,
            -0.09220316261053085
        ],
        [
            0.11097083240747452,
            -0.7682114839553833,
            -0.09661825746297836
        ],
        [
            0.10409799218177795,
            -0.7729202508926392,
            -0.10986477136611938
        ],
        [
            0.09954668581485748,
            -0.771997332572937,
            -0.11447455734014511
        ],
        [
            0.10079727321863174,
            -0.7598632574081421,
            -0.1092434823513031
        ],
        [
            0.10571710765361786,
            -0.763093113899231,
            -0.10346133261919022
        ],
        [
            0.1103808805346489,
            -0.7931568622589111,
            -0.11373239010572433
        ],
        [
            0.11283199489116669,
            -0.793287992477417,
            -0.10950831323862076
        ],
        [
            0.11417626589536667,
            -0.7942912578582764,
            -0.11169619858264923
        ],
        [
            0.11199001967906952,
            -0.7952771186828613,
            -0.11654059588909149
        ],
        [
            0.11513743549585342,
            -0.7930140495300293,
            -0.10626137256622314
        ],
        [
            0.11623388528823853,
            -0.792696475982666,
            -0.1048571988940239
        ],
        [
            0.11678077280521393,
            -0.7937445640563965,
            -0.10623035579919815
        ],
        [
            0.11551893502473831,
            -0.7936546802520752,
            -0.10696955770254135
        ],
        [
            0.11396627128124237,
            -0.7934314012527466,
            -0.1083088219165802
        ],
        [
            0.11296877264976501,
            -0.7915350198745728,
            -0.10890308767557144
        ],
        [
            0.11446211487054825,
            -0.7922351360321045,
            -0.10699904710054398
        ],
        [
            0.11074194312095642,
            -0.7906461954116821,
            -0.11286604404449463
        ],
        [
            0.1016574427485466,
            -0.7884310483932495,
            -0.12488456070423126
        ],
        [
            0.10488513857126236,
            -0.7887977361679077,
            -0.12199445813894272
        ],
        [
            0.1040799617767334,
            -0.7934293746948242,
            -0.12231394648551941
        ],
        [
            0.10131068527698517,
            -0.7934293746948242,
            -0.124847911298275
        ],
        [
            0.116265669465065,
            -0.7953580617904663,
            -0.10893987864255905
        ],
        [
            0.11870799213647842,
            -0.7966844439506531,
            -0.10751648247241974
        ],
        [
            0.11720944195985794,
            -0.7991296052932739,
            -0.11259034276008606
        ],
        [
            0.11545523256063461,
            -0.7967299818992615,
            -0.11218281090259552
        ],
        [
            0.1215185821056366,
            -0.7981576323509216,
            -0.10652516782283783
        ],
        [
            0.11879080533981323,
            -0.7947147488594055,
            -0.1049119383096695
        ],
        [
            0.12132398784160614,
            -0.7950198650360107,
            -0.10326719284057617
        ],
        [
            0.11545710265636444,
            -0.7910200357437134,
            -0.10488864034414291
        ],
        [
            0.11695585399866104,
            -0.7892886400222778,
            -0.10225008428096771
        ],
        [
            0.11830930411815643,
            -0.7916597127914429,
            -0.10322270542383194
        ],
        [
            0.11483493447303772,
            -0.7862198948860168,
            -0.10313448309898376
        ],
        [
            0.1134248822927475,
            -0.789205014705658,
            -0.1067262589931488
        ],
        [
            0.11104562878608704,
            -0.787318229675293,
            -0.11052859574556351
        ],
        [
            0.10794849693775177,
            -0.7856349945068359,
            -0.11542640626430511
        ],
        [
            0.10805065929889679,
            -0.7811487317085266,
            -0.11103104054927826
        ],
        [
            0.11185555160045624,
            -0.7833333015441895,
            -0.10642459988594055
        ],
        [
            0.11937597393989563,
            -0.8026790618896484,
            -0.11158352345228195
        ],
        [
            0.1212722659111023,
            -0.7908002734184265,
            -0.09967035055160522
        ],
        [
            0.1257466822862625,
            -0.7965363264083862,
            -0.09910091757774353
        ],
        [
            0.1198415532708168,
            -0.7862932682037354,
            -0.09814333915710449
        ],
        [
            0.11706966161727905,
            -0.7822034358978271,
            -0.09817437827587128
        ],
        [
            0.11313724517822266,
            -0.7784579992294312,
            -0.10055513679981232
        ],
        [
            0.10883115231990814,
            -0.7753621935844421,
            -0.10515914112329483
        ],
        [
            0.0971672534942627,
            -0.7530573010444641,
            -0.09652508050203323
        ],
        [
            0.10417653620243073,
            -0.757482647895813,
            -0.09037523716688156
        ],
        [
            0.14092960953712463,
            -0.8697128295898438,
            -0.12033329159021378
        ],
        [
            0.1476919949054718,
            -0.8680462837219238,
            -0.11454115808010101
        ],
        [
            0.14485035836696625,
            -0.8612968921661377,
            -0.10874020308256149
        ],
        [
            0.147131085395813,
            -0.8634087443351746,
            -0.10813543200492859
        ],
        [
            0.14356140792369843,
            -0.8648034334182739,
            -0.1135229840874672
        ],
        [
            0.1422789990901947,
            -0.8623360991477966,
            -0.11265503615140915
        ],
        [
            0.15007872879505157,
            -0.8549457788467407,
            -0.08825884759426117
        ],
        [
            0.1477869749069214,
            -0.856534481048584,
            -0.09470988810062408
        ],
        [
            0.1465919464826584,
            -0.853160560131073,
            -0.0926084890961647
        ],
        [
            0.1499297171831131,
            -0.8485370874404907,
            -0.08607864379882812
        ],
        [
            0.1408257633447647,
            -0.8456031680107117,
            -0.10106562823057175
        ],
        [
            0.14369550347328186,
            -0.8468340635299683,
            -0.09649191051721573
        ],
        [
            0.1427237093448639,
            -0.8533364534378052,
            -0.1013796254992485
        ],
        [
            0.14060768485069275,
            -0.8524550199508667,
            -0.10473191738128662
        ],
        [
            0.13790957629680634,
            -0.85213702917099,
            -0.10809236764907837
        ],
        [
            0.13443943858146667,
            -0.8525105714797974,
            -0.11091046035289764
        ],
        [
            0.13343074917793274,
            -0.8473323583602905,
            -0.10963795334100723
        ],
        [
            0.13723869621753693,
            -0.8460490703582764,
            -0.1057925671339035
        ],
        [
            0.1382976472377777,
            -0.8666278123855591,
            -0.11734627932310104
        ],
        [
            0.1313691884279251,
            -0.8669126033782959,
            -0.1198728010058403
        ],
        [
            0.1317652016878128,
            -0.8639014959335327,
            -0.11828514188528061
        ],
        [
            0.13777415454387665,
            -0.8635388612747192,
            -0.11652206629514694
        ],
        [
            0.11923828721046448,
            -0.8599631786346436,
            -0.11679787188768387
        ],
        [
            0.12128686904907227,
            -0.8620263338088989,
            -0.11759427189826965
        ],
        [
            0.11881157755851746,
            -0.8636398315429688,
            -0.12027392536401749
        ],
        [
            0.11665794998407364,
            -0.859539806842804,
            -0.11921802908182144
        ],
        [
            0.11810246855020523,
            -0.8562734127044678,
            -0.11803455650806427
        ],
        [
            0.1202102079987526,
            -0.8580882549285889,
            -0.11651314049959183
        ],
        [
            0.1505027562379837,
            -0.923795759677887,
            -0.11790402978658676
        ],
        [
            0.14602312445640564,
            -0.9062728881835938,
            -0.12584112584590912
        ],
        [
            0.15884630382061005,
            -0.9168487787246704,
            -0.10004471242427826
        ],
        [
            0.16116151213645935,
            -0.9073961973190308,
            -0.08429161459207535
        ],
        [
            0.16179212927818298,
            -0.8949342370033264,
            -0.07083383202552795
        ],
        [
            0.13381046056747437,
            -0.7952473163604736,
            -0.08027984946966171
        ],
        [
            0.13086648285388947,
            -0.7874614000320435,
            -0.07292253524065018
        ],
        [
            0.13474240899085999,
            -0.7955057621002197,
            -0.05996745824813843
        ],
        [
            0.12893226742744446,
            -0.7866178750991821,
            -0.054832831025123596
        ],
        [
            0.1254512071609497,
            -0.7784140110015869,
            -0.06862751394510269
        ],
        [
            0.10894469171762466,
            -0.7625994682312012,
            -0.06868533045053482
        ],
        [
            0.11813993752002716,
            -0.7695577144622803,
            -0.06719115376472473
        ],
        [
            0.12046268582344055,
            -0.7785199880599976,
            -0.05013783648610115
        ],
        [
            0.12410271167755127,
            -0.7921053171157837,
            -0.035064954310655594
        ],
        [
            0.13131342828273773,
            -0.7973216772079468,
            -0.04261953383684158
        ],
        [
            0.1263136863708496,
            -0.8087642192840576,
            -0.023886073380708694
        ],
        [
            0.11391420662403107,
            -0.7874671220779419,
            -0.02481558546423912
        ],
        [
            0.12015236169099808,
            -0.8095553517341614,
            -0.01686052605509758
        ],
        [
            0.09503243863582611,
            -0.7543107867240906,
            -0.02925453707575798
        ],
        [
            0.09336001425981522,
            -0.7444716691970825,
            -0.023365052416920662
        ],
        [
            0.09836171567440033,
            -0.7528511881828308,
            -0.007406938821077347
        ],
        [
            0.101160928606987,
            -0.7624611854553223,
            -0.013129744678735733
        ],
        [
            0.13714300096035004,
            -0.8038492798805237,
            -0.05048288032412529
        ],
        [
            0.15554273128509521,
            -0.86419677734375,
            -0.0630122572183609
        ],
        [
            0.15588714182376862,
            -0.8622532486915588,
            -0.07538050413131714
        ],
        [
            0.15293453633785248,
            -0.8521263599395752,
            -0.05796695500612259
        ],
        [
            0.1632903516292572,
            -0.9254889488220215,
            -0.05154014378786087
        ],
        [
            0.16370852291584015,
            -0.9184476733207703,
            -0.0695221945643425
        ],
        [
            0.16414377093315125,
            -0.9036600589752197,
            -0.058504387736320496
        ],
        [
            0.16375277936458588,
            -0.912193775177002,
            -0.04321125149726868
        ],
        [
            0.1481514871120453,
            -0.9615308046340942,
            -0.07509972155094147
        ],
        [
            0.1523345708847046,
            -0.9449461102485657,
            -0.0973598062992096
        ],
        [
            0.15760886669158936,
            -0.9330054521560669,
            -0.08423198759555817
        ],
        [
            0.15621620416641235,
            -0.9457467794418335,
            -0.06504178047180176
        ],
        [
            0.16096022725105286,
            -0.9154444932937622,
            -0.030477158725261688
        ],
        [
            0.15530088543891907,
            -0.9199205636978149,
            -0.012765705585479736
        ],
        [
            0.1525583267211914,
            -0.9372493624687195,
            -0.010000407695770264
        ],
        [
            0.15886695683002472,
            -0.934100866317749,
            -0.03194339573383331
        ],
        [
            0.14286859333515167,
            -0.9595528841018677,
            -0.010889887809753418
        ],
        [
            0.15070106089115143,
            -0.9561336040496826,
            -0.03719853609800339
        ],
        [
            0.11090507358312607,
            -0.7991058826446533,
            -0.005996335297822952
        ],
        [
            0.115833580493927,
            -0.8171980381011963,
            -0.005811568349599838
        ],
        [
            0.10538993030786514,
            -0.7740284204483032,
            -0.020938105881214142
        ],
        [
            0.10636556148529053,
            -0.7840107083320618,
            -0.004197228699922562
        ],
        [
            0.12734496593475342,
            -0.9775627255439758,
            -0.015376724302768707
        ],
        [
            0.1381862610578537,
            -0.9746381044387817,
            -0.04596027731895447
        ],
        [
            0.12329558283090591,
            -0.9086166620254517,
            0.031135596334934235
        ],
        [
            0.13225619494915009,
            -0.9243722558021545,
            0.022530749440193176
        ],
        [
            0.140773743391037,
            -0.9081100225448608,
            0.011586248874664307
        ],
        [
            0.1317369043827057,
            -0.8958183526992798,
            0.021220706403255463
        ],
        [
            0.11062537133693695,
            -0.9221697449684143,
