{
    "pred_cam": [
        2.199561595916748,
        0.013326669111847878,
        0.5707367062568665
    ],
    "pred_smpl_params": {
        "global_orient": [
            [
                [
                    0.9287737011909485,
                    -0.007848632521927357,
                    0.37056413292884827
                ],
                [
                    -0.030466284602880478,
                    -0.998009204864502,
                    0.05522197112441063
                ],
                [
                    0.3693929612636566,
                    -0.06257843226194382,
                    -0.92716383934021
                ]
            ]
        ],
        "body_pose": [
            [
                [
                    0.9992634654045105,
                    0.026609063148498535,
                    -0.027648253366351128
                ],
                [
                    -0.020814290270209312,
                    0.9811700582504272,
                    0.1920212060213089
                ],
                [
                    0.03223714232444763,
                    -0.1913043111562729,
                    0.9810012578964233
                ]
            ],
            [
                [
                    0.9927403926849365,
                    0.0929969996213913,
                    -0.07627667486667633
                ],
                [
                    -0.08124570548534393,
                    0.9861107468605042,
                    0.14486034214496613
                ],
                [
                    0.08868884295225143,
                    -0.13761155307292938,
                    0.9865075945854187
                ]
            ],
            [
                [
                    0.9938297867774963,
                    0.010340316221117973,
                    0.11043302714824677
                ],
                [
                    0.0005135036772117019,
                    0.995205283164978,
                    -0.09780658036470413
                ],
                [
                    -0.11091489344835281,
                    0.09725979715585709,
                    0.989059329032898
                ]
            ],
            [
                [
                    0.9903718829154968,
                    -0.015388896688818932,
                    -0.13757440447807312
                ],
                [
                    -0.08589937537908554,
                    0.7110185623168945,
                    -0.6979067921638489
                ],
                [
                    0.10855796933174133,
                    0.703004777431488,
                    0.702850878238678
                ]
            ],
            [
                [
                    0.9904983639717102,
                    -0.1083587110042572,
                    0.08468391001224518
                ],
                [
                    0.13682761788368225,
                    0.7145724892616272,
                    -0.68604975938797
                ],
                [
                    0.013826670125126839,
                    0.6911182999610901,
                    0.7226093411445618
                ]
            ],
            [
                [
                    0.9947495460510254,
                    0.01079032476991415,
                    0.10176900029182434
                ],
                [
                    -0.008580789901316166,
                    0.999718427658081,
                    -0.02212410792708397
                ],
                [
                    -0.10197906941175461,
                    0.021134687587618828,
                    0.994562029838562
                ]
            ],
            [
                [
                    0.9602581858634949,
                    0.029559195041656494,
                    0.2775435745716095
                ],
                [
                    -0.06060217693448067,
                    0.992734968662262,
                    0.10394510626792908
                ],
                [
                    -0.2724546790122986,
                    -0.11663389205932617,
                    0.9550732374191284
                ]
            ],
            [
                [
                    0.9698180556297302,
                    -0.0062547107227146626,
                    -0.2437494546175003
                ],
                [
                    0.027937525883316994,
                    0.9959378242492676,
                    0.08560023456811905
                ],
                [
                    0.24222387373447418,
                    -0.08982640504837036,
                    0.9660532474517822
                ]
            ],
            [
                [
                    0.9944252371788025,
                    0.01751621812582016,
                    0.10397914052009583
                ],
                [
                    -0.008044394664466381,
                    0.9958345890045166,
                    -0.09082303941249847
                ],
                [
                    -0.10513689368963242,
                    0.08948027342557907,
                    0.9904239773750305
                ]
            ],
            [
                [
                    0.9827977418899536,
                    -0.14921550452709198,
                    -0.10882757604122162
                ],
                [
                    0.1646895408630371,
                    0.9747540354728699,
                    0.15077129006385803
                ],
                [
                    0.08358269929885864,
                    -0.1661004275083542,
                    0.9825602769851685
                ]
            ],
            [
                [
                    0.9911932349205017,
                    0.12547415494918823,
                    -0.04233482480049133
                ],
                [
                    -0.11577939242124557,
                    0.9763004183769226,
                    0.18284577131271362
                ],
                [
                    0.06427393108606339,
                    -0.1763339787721634,
                    0.9822297096252441
                ]
            ],
            [
                [
                    0.9873538613319397,
                    0.1239679753780365,
                    -0.09881454706192017
                ],
                [
                    -0.12052633613348007,
                    0.9919001460075378,
                    0.04009239748120308
                ],
                [
                    0.10298434644937515,
                    -0.027675624936819077,
                    0.9942978620529175
                ]
            ],
            [
                [
                    0.9716072082519531,
                    0.23577852547168732,
                    0.01969471387565136
                ],
                [
                    -0.2351403534412384,
                    0.9714943766593933,
                    -0.03013012185692787
                ],
                [
                    -0.026237335056066513,
                    0.02464362233877182,
                    0.999351978302002
                ]
            ],
            [
                [
                    0.940952718257904,
                    -0.3217173218727112,
                    0.10538435727357864
                ],
                [
                    0.32753610610961914,
                    0.9438554048538208,
                    -0.04309316352009773
                ],
                [
                    -0.08560378104448318,
                    0.07506581395864487,
                    0.993497371673584
                ]
            ],
            [
                [
                    0.9888849854469299,
                    -0.014902031980454922,
                    -0.14793334901332855
                ],
                [
                    -0.014917119406163692,
                    0.9800002574920654,
                    -0.1984359472990036
                ],
                [
                    0.14793182909488678,
                    0.19843709468841553,
                    0.9688852429389954
                ]
            ],
            [
                [
                    0.599376916885376,
                    0.737540066242218,
                    -0.31109803915023804
                ],
                [
                    -0.8002618551254272,
                    0.5609136819839478,
                    -0.21203023195266724
                ],
                [
                    0.018118340522050858,
                    0.37604591250419617,
                    0.9264238476753235
                ]
            ],
            [
                [
                    0.6151639819145203,
                    -0.7591522336006165,
                    0.21274684369564056
                ],
                [
                    0.7855713367462158,
                    0.6130535006523132,
                    -0.08392295986413956
                ],
                [
                    -0.06671489030122757,
                    0.21875421702861786,
                    0.973496675491333
                ]
            ],
            [
                [
                    0.2156921923160553,
                    -0.3059515357017517,
                    -0.9272919297218323
                ],
                [
                    -0.2006106972694397,
                    0.9155032634735107,
                    -0.3487248420715332
                ],
                [
                    0.9556317925453186,
                    0.2612419128417969,
                    0.1360897570848465
                ]
            ],
            [
                [
                    0.7117083072662354,
                    0.1075979471206665,
                    0.6941858530044556
                ],
                [
                    0.1557338386774063,
                    0.9394427537918091,
                    -0.3052773177623749
                ],
                [
                    -0.6849951148033142,
                    0.32537662982940674,
                    0.651852548122406
                ]
            ],
            [
                [
                    0.9987215399742126,
                    -0.036020826548337936,
                    -0.03546658903360367
                ],
                [
                    0.034428562968969345,
                    0.9984148144721985,
                    -0.04452577605843544
                ],
                [
                    0.03701421990990639,
                    0.04324778541922569,
                    0.9983785152435303
                ]
            ],
            [
                [
                    0.9988062381744385,
                    0.04795031249523163,
                    0.009318950586020947
                ],
                [
                    -0.045452602207660675,
                    0.9821998476982117,
                    -0.18225684762001038
                ],
                [
                    -0.017892343923449516,
                    0.1816157102584839,
                    0.9832068085670471
                ]
            ],
            [
                [
                    0.9690210223197937,
                    0.22715969383716583,
                    -0.09693635255098343
                ],
                [
                    -0.21106460690498352,
                    0.9654855728149414,
                    0.15260876715183258
                ],
                [
                    0.12825720012187958,
                    -0.1274212747812271,
                    0.9835211634635925
                ]
            ],
            [
                [
                    0.9780762791633606,
                    -0.20820586383342743,
                    0.004132989328354597
                ],
                [
                    0.20220844447612762,
                    0.954272985458374,
                    0.2201700359582901
                ],
                [
                    -0.04978469759225845,
                    -0.21450737118721008,
                    0.9754527807235718
                ]
            ]
        ],
        "betas": [
            0.08741192519664764,
            0.026636242866516113,
            -0.04474824666976929,
            0.04169461131095886,
            0.11534836888313293,
            -0.06926978379487991,
            -0.09360381960868835,
            0.0062982141971588135,
            0.13951429724693298,
            -0.1180160641670227
        ]
    },
    "pred_cam_t": [
        0.013326669111847878,
        0.5707367062568665,
        17.759220123291016
    ],
    "focal_length": [
        5000.0,
        5000.0
    ],
    "pred_keypoints_3d": [
        [
            0.11050832271575928,
            -0.8068416714668274,
            -0.1719074249267578
        ],
        [
            0.011150122620165348,
            -0.736747682094574,
            -0.020962683483958244
        ],
        [
            -0.1358717679977417,
            -0.632835865020752,
            -0.11979294568300247
        ],
        [
            -0.23019972443580627,
            -0.3942609429359436,
            -0.1069922149181366
        ],
        [
            -0.12922433018684387,
            -0.16568557918071747,
            -0.16839975118637085
        ],
        [
            0.13554924726486206,
            -0.6651315689086914,
            0.11336769908666611
        ],
        [
            0.1615666300058365,
            -0.44662249088287354,
            0.25777822732925415
        ],
        [
            0.207575261592865,
            -0.2908009886741638,
            0.06617335975170135
        ],
        [
            -0.0018123234622180462,
            -0.22475746273994446,
            0.028086472302675247
        ],
        [
            -0.06565969437360764,
            -0.13232076168060303,
            0.012981697916984558
        ],
        [
            -0.11562150716781616,
            0.24822476506233215,
            -0.028243422508239746
        ],
        [
            -0.15970279276371002,
            0.5316214561462402,
            0.2546800971031189
        ],
        [
            0.06090260297060013,
            -0.13570544123649597,
            0.06605102121829987
        ],
        [
            0.11210615932941437,
            0.23755979537963867,
            0.03451758623123169
        ],
        [
            0.0189022496342659,
            0.53055739402771,
            0.2942968010902405
        ],
        [
            0.07585613429546356,
            -0.8582969903945923,
            -0.16431134939193726
        ],
        [
            0.13534210622310638,
            -0.8501162528991699,
            -0.1350826621055603
        ],
        [
            -0.0023101642727851868,
            -0.8726874589920044,
            -0.09623035788536072
        ],
        [
            0.12877723574638367,
            -0.8545061349868774,
            -0.032416827976703644
        ],
        [
            0.08046412467956543,
            0.6734804511070251,
            0.16981175541877747
        ],
        [
            0.12468612194061279,
            0.6514303684234619,
            0.23865413665771484
        ],
        [
            -0.00216645747423172,
            0.5283026695251465,
            0.36152806878089905
        ],
        [
            -0.14499545097351074,
            0.6790030002593994,
            0.11783620715141296
        ],
        [
            -0.22026169300079346,
            0.6545747518539429,
            0.15503552556037903
        ],
        [
            -0.17476390302181244,
            0.5366249680519104,
            0.32719001173973083
        ],
        [
            -0.179967001080513,
            0.4765223264694214,
            0.2408631145954132
        ],
        [
            -0.10860160738229752,
            0.1875160187482834,
            -0.034337107092142105
        ],
        [
            -0.14118556678295135,
            -0.2534441649913788,
            -0.019965946674346924
        ],
        [
            0.12670111656188965,
            -0.2468610256910324,
            0.10336410254240036
        ],
        [
            0.12234606593847275,
            0.19791343808174133,
            0.035641804337501526
        ],
        [
            0.026606546714901924,
            0.4875110387802124,
            0.2973206043243408
        ],
        [
            -0.1080399751663208,
            -0.196066215634346,
            -0.16503620147705078
        ],
        [
            -0.22582951188087463,
            -0.4084559679031372,
            -0.14435917139053345
        ],
        [
            -0.11055158078670502,
            -0.6694802045822144,
            -0.10031041502952576
        ],
        [
            0.11273655295372009,
            -0.6918308734893799,
            0.09430663287639618
        ],
        [
            0.20040899515151978,
            -0.47354093194007874,
            0.23480376601219177
        ],
        [
            0.2088860124349594,
            -0.31429386138916016,
            0.06673076003789902
        ],
        [
            0.015121346339583397,
            -0.7311174869537354,
            -0.022640304639935493
        ],
        [
            0.08492867648601532,
            -0.9102622270584106,
            -0.08494794368743896
        ],
        [
            -0.006715971976518631,
            -0.25060951709747314,
            0.04237088933587074
        ],
        [
            0.0026236213743686676,
            -0.6778168678283691,
            -0.006052849814295769
        ],
        [
            -0.014702624641358852,
            -0.498259961605072,
            0.028407232835888863
        ],
        [
            0.07970821112394333,
            -0.7971077561378479,
            -0.09750448912382126
        ],
        [
            0.08086773008108139,
            -0.9312283992767334,
            -0.08267589658498764
        ]
    ],
    "pred_vertices": [
        [
            0.15598636865615845,
            -0.8934329748153687,
            -0.13772910833358765
        ],
        [
            0.1500498652458191,
            -0.8789818286895752,
            -0.14358410239219666
        ],
        [
            0.15566255152225494,
            -0.8760143518447876,
            -0.1307573765516281
        ],
        [
            0.15934357047080994,
            -0.8876174688339233,
            -0.12126972526311874
        ],
        [
            0.15220867097377777,
            -0.8665775060653687,
            -0.13608118891716003
        ],
        [
            0.14639858901500702,
            -0.8676818609237671,
            -0.14683395624160767
        ],
        [
            0.1560002863407135,
            -0.8714789152145386,
            -0.11750923842191696
        ],
        [
            0.15768370032310486,
            -0.8801336884498596,
            -0.10664955526590347
        ],
        [
            0.14848783612251282,
            -0.8390450477600098,
            -0.09916700422763824
        ],
        [
            0.14678305387496948,
            -0.8363202810287476,
            -0.08829505741596222
        ],
        [
            0.14985986053943634,
            -0.8475245237350464,
            -0.09147411584854126
        ],
        [
            0.14946715533733368,
            -0.8475457429885864,
            -0.10198669880628586
        ],
        [
            0.14044031500816345,
            -0.8147189617156982,
            -0.09257417917251587
        ],
        [
            0.1367066502571106,
            -0.8046965599060059,
            -0.10127246379852295
        ],
        [
            0.13260331749916077,
            -0.7977635860443115,
            -0.09019622951745987
        ],
        [
            0.13495120406150818,
            -0.8075738549232483,
            -0.08128007501363754
        ],
        [
            0.12097854912281036,
            -0.8173376321792603,
            -0.13891974091529846
        ],
        [
            0.12400765717029572,
            -0.8104438781738281,
            -0.13439270853996277
        ],
        [
            0.1284826546907425,
            -0.8166084289550781,
            -0.13301704823970795
        ],
        [
            0.12447334825992584,
            -0.8228776454925537,
            -0.13742414116859436
        ],
        [
            0.11746328324079514,
            -0.8264733552932739,
            -0.15024787187576294
        ],
        [
            0.11798045039176941,
            -0.8324414491653442,
            -0.14769306778907776
        ],
        [
            0.11675247550010681,
            -0.8356708288192749,
            -0.15497073531150818
        ],
        [
            0.11736653745174408,
            -0.8286465406417847,
            -0.1579999476671219
        ],
        [
            0.11505931615829468,
            -0.8129490613937378,
            -0.14049121737480164
        ],
        [
            0.11829188466072083,
            -0.8059017062187195,
            -0.13544504344463348
        ],
        [
            0.11866699159145355,
            -0.8230893015861511,
            -0.14337077736854553
        ],
        [
            0.11699195206165314,
            -0.8184224367141724,
            -0.1455688774585724
        ],
        [
            0.11787944287061691,
            -0.8105180263519287,
            -0.1552363783121109
        ],
        [
            0.11957291513681412,
            -0.8151576519012451,
            -0.15394209325313568
        ],
        [
            0.1198081523180008,
            -0.815109133720398,
            -0.16182610392570496
        ],
        [
            0.11727544665336609,
            -0.8100593090057373,
            -0.16094207763671875
        ],
        [
            0.11593055725097656,
            -0.8115734457969666,
            -0.14554142951965332
        ],
        [
            0.1183425784111023,
            -0.8136712908744812,
            -0.1483064889907837
        ],
        [
            0.11646467447280884,
            -0.8098497986793518,
            -0.15092453360557556
        ],
        [
            0.11323606222867966,
            -0.8087329864501953,
            -0.14830967783927917
        ],
        [
            0.1173383891582489,
            -0.8217239379882812,
            -0.15238985419273376
        ],
        [
            0.11832446604967117,
            -0.8223531246185303,
            -0.16023653745651245
        ],
        [
            0.11842773854732513,
            -0.8226826190948486,
            -0.168587327003479
        ],
        [
            0.11906254291534424,
            -0.8136006593704224,
            -0.1698874831199646
        ],
        [
            0.12771180272102356,
            -0.7974237203598022,
            -0.12126203626394272
        ],
        [
            0.1268029808998108,
            -0.8037490248680115,
            -0.12854748964309692
        ],
        [
            0.12124302983283997,
            -0.7996857166290283,
            -0.13022930920124054
        ],
        [
            0.12290717661380768,
            -0.7944258451461792,
            -0.12454848736524582
        ],
        [
            0.11201084405183792,
            -0.80635666847229,
            -0.144192636013031
        ],
        [
            0.11205196380615234,
            -0.7904244065284729,
            -0.14008833467960358
        ],
        [
            0.11320371925830841,
            -0.7940030097961426,
            -0.14078256487846375
        ],
        [
            0.10990096628665924,
            -0.7946523427963257,
            -0.14727212488651276
        ],
        [
            0.10936044156551361,
            -0.7912414073944092,
            -0.14619550108909607
        ],
        [
            0.12485584616661072,
            -0.7849652171134949,
            -0.10875968635082245
        ],
        [
            0.12164923548698425,
            -0.7836539149284363,
            -0.1152123510837555
        ],
        [
            0.11934609711170197,
            -0.777489185333252,
            -0.11152400821447372
        ],
        [
            0.12112052738666534,
            -0.7779701352119446,
            -0.10393878817558289
        ],
        [
            0.11565464735031128,
            -0.7724871635437012,
            -0.1106681376695633
        ],
        [
            0.11685484647750854,
            -0.7713525891304016,
            -0.10032905638217926
        ],
        [
            0.10647355020046234,
            -0.7586300373077393,
            -0.10239695757627487
        ],
        [
            0.11147258430719376,
            -0.764308750629425,
            -0.10087934136390686
        ],
        [
            0.11147686839103699,
            -0.7673201560974121,
            -0.11201846599578857
        ],
        [
            0.10732967406511307,
            -0.762231707572937,
            -0.11649733781814575
        ],
        [
            0.1016707569360733,
            -0.7661571502685547,
            -0.13067485392093658
        ],
        [
            0.09754101932048798,
            -0.7650467157363892,
            -0.13559061288833618
        ],
        [
            0.09814125299453735,
            -0.7532618641853333,
            -0.12947040796279907
        ],
        [
            0.10266496986150742,
            -0.7567480206489563,
            -0.12342491745948792
        ],
        [
            0.10864641517400742,
            -0.7859728336334229,
            -0.13534265756607056
        ],
        [
            0.11069110035896301,
            -0.7863275408744812,
            -0.13095298409461975
        ],
        [
            0.11223264038562775,
            -0.7871842384338379,
            -0.13305027782917023
        ],
        [
            0.11054980754852295,
            -0.7878519296646118,
            -0.13813196122646332
        ],
        [
            0.11269399523735046,
            -0.7862144708633423,
            -0.127472922205925
        ],
        [
            0.11362488567829132,
            -0.7859916687011719,
            -0.12595781683921814
        ],
        [
            0.1143147200345993,
            -0.7869498133659363,
            -0.12735232710838318
        ],
        [
            0.11309059709310532,
            -0.7867966294288635,
            -0.12815982103347778
        ],
        [
            0.11168991029262543,
            -0.7865065336227417,
            -0.12960685789585114
        ],
        [
            0.11071347445249557,
            -0.7845767736434937,
            -0.13016799092292786
        ],
        [
            0.1120854988694191,
            -0.7853845953941345,
            -0.12820863723754883
        ],
        [
            0.1088622659444809,
            -0.7834389209747314,
            -0.1342424750328064
        ],
        [
            0.10099317878484726,
            -0.7806156873703003,
            -0.14687415957450867
        ],
        [
            0.10388022661209106,
            -0.7810976505279541,
            -0.14371415972709656
        ],
        [
            0.1031859889626503,
            -0.7857533097267151,
            -0.1444135308265686
        ],
        [
            0.10074689984321594,
            -0.7856388092041016,
            -0.14716413617134094
        ],
        [
            0.11411174386739731,
            -0.7883572578430176,
            -0.1301751732826233
        ],
        [
            0.11642779409885406,
            -0.7897655963897705,
            -0.12867113947868347
        ],
        [
            0.11550605297088623,
            -0.7918792963027954,
            -0.13398844003677368
        ],
        [
            0.11364838480949402,
            -0.7895351648330688,
            -0.13360044360160828
        ],
        [
            0.11914562433958054,
            -0.7912776470184326,
            -0.1274571418762207
        ],
        [
            0.11620517075061798,
            -0.7879712581634521,
            -0.125901460647583
        ],
        [
            0.11864760518074036,
            -0.7883646488189697,
            -0.12401992082595825
        ],
        [
            0.11284220218658447,
            -0.7842943668365479,
            -0.12593844532966614
        ],
        [
            0.11404991894960403,
            -0.7827280759811401,
            -0.12303529679775238
        ],
        [
            0.1154988706111908,
            -0.7850425243377686,
            -0.12404028326272964
        ],
        [
            0.11198964715003967,
            -0.7796196341514587,
            -0.123915895819664
        ],
        [
            0.11099055409431458,
            -0.7823861241340637,
            -0.12782761454582214
        ],
        [
            0.10894665122032166,
            -0.7802743911743164,
            -0.1316959261894226
        ],
        [
            0.10629043728113174,
            -0.7783242464065552,
            -0.1367141306400299
        ],
        [
            0.105864979326725,
            -0.7741613984107971,
            -0.13201220333576202
        ],
        [
            0.1092914566397667,
            -0.7765756249427795,
            -0.12725579738616943
        ],
        [
            0.11768051981925964,
            -0.795462965965271,
            -0.13302555680274963
        ],
        [
            0.11810900270938873,
            -0.7843538522720337,
            -0.12018362432718277
        ],
        [
            0.12264183163642883,
            -0.7900475263595581,
            -0.11957695335149765
        ],
        [
            0.11646576225757599,
            -0.7799673080444336,
            -0.11847560852766037
        ],
        [
            0.11366770416498184,
            -0.7759072780609131,
            -0.11847685277462006
        ],
        [
            0.11000192910432816,
            -0.7721375226974487,
            -0.1209358423948288
        ],
        [
            0.10598402470350266,
            -0.7688039541244507,
            -0.12569580972194672
        ],
        [
            0.0934373065829277,
            -0.7474604845046997,
            -0.11676022410392761
        ],
        [
            0.0999656468629837,
            -0.7521098852157593,
            -0.11018934845924377
        ],
        [
            0.14183557033538818,
            -0.8613853454589844,
            -0.14413367211818695
        ],
        [
            0.14791442453861237,
            -0.8599942922592163,
            -0.13755930960178375
        ],
        [
            0.14428788423538208,
            -0.8537968397140503,
            -0.1316051483154297
        ],
        [
            0.14649036526679993,
            -0.8559035062789917,
            -0.1309129297733307
        ],
        [
            0.14360958337783813,
            -0.8569625616073608,
            -0.1367378830909729
        ],
        [
            0.1422157883644104,
            -0.8545123338699341,
            -0.13585740327835083
        ],
        [
            0.14740730822086334,
            -0.8487987518310547,
            -0.1103530302643776
        ],
        [
            0.14575639367103577,
            -0.849941611289978,
            -0.11706900596618652
        ],
        [
            0.14437535405158997,
            -0.8467427492141724,
            -0.11493109911680222
        ],
        [
            0.1469375193119049,
            -0.8425261378288269,
            -0.10784808546304703
        ],
        [
            0.13920193910598755,
            -0.8386958837509155,
            -0.1233799010515213
        ],
        [
            0.1417115181684494,
            -0.8402025699615479,
            -0.11866115033626556
        ],
        [
            0.141239732503891,
            -0.8463740348815918,
            -0.12394291162490845
        ],
        [
            0.13944777846336365,
            -0.8452774286270142,
            -0.12741580605506897
        ],
        [
            0.13706828653812408,
            -0.844776451587677,
            -0.13100993633270264
        ],
        [
            0.13394472002983093,
            -0.8450232148170471,
            -0.13421261310577393
        ],
        [
            0.13265055418014526,
            -0.8399611115455627,
            -0.13269685208797455
        ],
        [
            0.13605420291423798,
            -0.8388601541519165,
            -0.12842875719070435
        ],
        [
            0.13880428671836853,
            -0.8585777282714844,
            -0.14111661911010742
        ],
        [
            0.13218431174755096,
            -0.858849048614502,
            -0.14431911706924438
        ],
        [
            0.13230128586292267,
            -0.8559483289718628,
            -0.14247450232505798
        ],
        [
            0.13810500502586365,
            -0.855577826499939,
            -0.14011192321777344
        ],
        [
            0.11944848299026489,
            -0.852446436882019,
            -0.1418849378824234
        ],
        [
            0.1216600090265274,
            -0.8543907999992371,
            -0.14265505969524384
        ],
        [
            0.11947007477283478,
            -0.8558993339538574,
            -0.14563727378845215
        ],
        [
            0.11708410084247589,
            -0.8518936634063721,
            -0.1445281207561493
        ],
        [
            0.11830329149961472,
            -0.8486812710762024,
            -0.14295729994773865
        ],
        [
            0.12031705677509308,
            -0.8505610227584839,
            -0.14135023951530457
        ],
        [
            0.15284159779548645,
            -0.9154620170593262,
            -0.14391833543777466
        ],
        [
            0.14851033687591553,
            -0.8975505828857422,
            -0.1513468623161316
        ],
        [
            0.15913794934749603,
            -0.9094290733337402,
            -0.1250319480895996
        ],
        [
            0.1596607118844986,
            -0.9008010625839233,
            -0.10857319831848145
        ],
        [
            0.15865938365459442,
            -0.8893836140632629,
            -0.09435231983661652
        ],
        [
            0.12880820035934448,
            -0.7899237871170044,
            -0.09993526339530945
        ],
        [
            0.12498761713504791,
            -0.7827098965644836,
            -0.09234362840652466
        ],
        [
            0.1278688907623291,
            -0.7915757894515991,
            -0.07968779653310776
        ],
        [
            0.12139201909303665,
            -0.7831943035125732,
            -0.07436120510101318
        ],
        [
            0.11905647814273834,
            -0.7741564512252808,
            -0.08790301531553268
        ],
        [
            0.10266999900341034,
            -0.7588223814964294,
            -0.08837316930294037
        ],
        [
            0.11159970611333847,
            -0.7656923532485962,
            -0.08642411231994629
        ],
        [
            0.1123339906334877,
            -0.7757003307342529,
            -0.06984826922416687
        ],
        [
            0.11463212966918945,
            -0.7902109622955322,
            -0.05546164512634277
        ],
        [
            0.1228780522942543,
            -0.7947711944580078,
            -0.06276803463697433
        ],
        [
            0.11589142680168152,
            -0.8076897859573364,
            -0.04524405300617218
        ],
        [
            0.10353255271911621,
            -0.7865346670150757,
            -0.04580827057361603
        ],
        [
            0.10918917506933212,
            -0.8089586496353149,
            -0.038774847984313965
        ],
        [
            0.08511431515216827,
            -0.753689169883728,
            -0.04918873310089111
        ],
        [
            0.08261717855930328,
            -0.7445111274719238,
            -0.04243385046720505
        ],
        [
            0.08486524969339371,
            -0.7536228895187378,
            -0.02656366676092148
        ],
        [
            0.08890512585639954,
            -0.7626110315322876,
            -0.032992586493492126
        ],
        [
            0.12957479059696198,
            -0.8005788326263428,
            -0.07054997980594635
        ],
        [
            0.1504613757133484,
            -0.8597912788391113,
            -0.08512163162231445
        ],
        [
            0.15187156200408936,
            -0.8571250438690186,
            -0.0974840521812439
        ],
        [
            0.14728248119354248,
            -0.8480533957481384,
            -0.07964957505464554
        ],
        [
            0.1592639833688736,
            -0.9208826422691345,
            -0.07709874957799911
        ],
        [
            0.16165870428085327,
            -0.9127696752548218,
            -0.09438101947307587
        ],
        [
            0.1602034568786621,
            -0.8987894058227539,
            -0.08241711556911469
        ],
        [
            0.15870550274848938,
            -0.908234715461731,
            -0.06773412227630615
        ],
        [
            0.14741475880146027,
            -0.9554305672645569,
            -0.10428710281848907
        ],
        [
            0.1533588171005249,
            -0.9374305009841919,
            -0.1248958557844162
        ],
        [
            0.15728724002838135,
            -0.9263295531272888,
            -0.11046850681304932
        ],
        [
            0.15410055220127106,
            -0.940203070640564,
            -0.09250825643539429
        ],
        [
            0.1548847258090973,
            -0.912389874458313,
            -0.05558854714035988
        ],
        [
            0.1476430743932724,
            -0.9180626273155212,
            -0.03902684152126312
        ],
        [
            0.1452423632144928,
            -0.9357366561889648,
            -0.03772947937250137
        ],
        [
            0.15346917510032654,
            -0.9309340119361877,
            -0.05859951674938202
        ],
        [
            0.13631072640419006,
            -0.9580414891242981,
            -0.04095461964607239
        ],
        [
            0.14650306105613708,
            -0.9526017904281616,
            -0.06616690754890442
        ],
        [
            0.09856764227151871,
            -0.7993227243423462,
            -0.028047610074281693
        ],
        [
            0.10378774255514145,
            -0.8173171877861023,
            -0.028829440474510193
        ],
        [
            0.09442704916000366,
            -0.7734326720237732,
            -0.041366539895534515
        ],
        [
            0.09326930344104767,
            -0.784346342086792,
            -0.025417689234018326
        ],
        [
            0.1218363493680954,
            -0.9761182069778442,
            -0.047983989119529724
        ],
        [
            0.13542157411575317,
            -0.9707808494567871,
            -0.07729973644018173
        ],
        [
            0.11146596074104309,
            -0.9101407527923584,
            0.002701304852962494
        ],
        [
            0.12174522876739502,
            -0.9251118898391724,
            -0.006442606449127197
        ],
        [
            0.130685955286026,
            -0.9080208539962769,
            -0.015168711543083191
        ],
        [
            0.12021514773368835,
            -0.8965321183204651,
            -0.005465462803840637
        ],
        [
            0.09877530485391617,
