{
    "pred_cam": [
        2.290437936782837,
        0.01908695138990879,
        0.5810291171073914
    ],
    "pred_smpl_params": {
        "global_orient": [
            [
                [
                    0.8770281076431274,
                    -0.02431608736515045,
                    0.47982341051101685
                ],
                [
                    -0.09178652614355087,
                    -0.9888030886650085,
                    0.11765897274017334
                ],
                [
                    0.4715898931026459,
                    -0.14723153412342072,
                    -0.8694400191307068
                ]
            ]
        ],
        "body_pose": [
            [
                [
                    0.9997774362564087,
                    -0.0008125214371830225,
                    -0.02107887901365757
                ],
                [
                    0.004120901692658663,
                    0.9875280261039734,
                    0.1573890894651413
                ],
                [
                    0.020688101649284363,
                    -0.1574409455060959,
                    0.987311601638794
                ]
            ],
            [
                [
                    0.9911984801292419,
                    0.08135417848825455,
                    -0.10443706065416336
                ],
                [
                    -0.07025806605815887,
                    0.991896390914917,
                    0.10585545748472214
                ],
                [
                    0.11220252513885498,
                    -0.09758622199296951,
                    0.9888820052146912
                ]
            ],
            [
                [
                    0.9941920638084412,
                    0.020238608121871948,
                    0.1057000383734703
                ],
                [
                    -0.007595955394208431,
                    0.9929049611091614,
                    -0.1186675950884819
                ],
                [
                    -0.10735176503658295,
                    0.11717549711465836,
                    0.9872919917106628
                ]
            ],
            [
                [
                    0.9889659285545349,
                    -0.01427317876368761,
                    -0.1474536657333374
                ],
                [
                    -0.08023975044488907,
                    0.7850916981697083,
                    -0.6141601204872131
                ],
                [
                    0.12453066557645798,
                    0.6192151308059692,
                    0.7752836346626282
                ]
            ],
            [
                [
                    0.9914345145225525,
                    -0.11332806199789047,
                    0.06491786241531372
                ],
                [
                    0.12996265292167664,
                    0.8068326115608215,
                    -0.5763078927993774
                ],
                [
                    0.0129340048879385,
                    0.5798084139823914,
                    0.8146501183509827
                ]
            ],
            [
                [
                    0.9959610104560852,
                    0.004453805275261402,
                    0.08967650681734085
                ],
                [
                    -0.002813017927110195,
                    0.9998264312744141,
                    -0.01841486431658268
                ],
                [
                    -0.08974296599626541,
                    0.01808822527527809,
                    0.9958006739616394
                ]
            ],
            [
                [
                    0.9633790850639343,
                    0.028738081455230713,
                    0.26659879088401794
                ],
                [
                    -0.0551336295902729,
                    0.9942262172698975,
                    0.09205757081508636
                ],
                [
                    -0.2624139189720154,
                    -0.10338488966226578,
                    0.9594011902809143
                ]
            ],
            [
                [
                    0.9719676971435547,
                    0.0027883732691407204,
                    -0.2350979596376419
                ],
                [
                    0.01440934557467699,
                    0.9973435997962952,
                    0.07140164077281952
                ],
                [
                    0.23467253148555756,
                    -0.07278769463300705,
                    0.9693455696105957
                ]
            ],
            [
                [
                    0.9951162338256836,
                    0.01703863963484764,
                    0.09722866117954254
                ],
                [
                    -0.00995723158121109,
                    0.9972925782203674,
                    -0.07285818457603455
                ],
                [
                    -0.09820683300495148,
                    0.07153423130512238,
                    0.9925916790962219
                ]
            ],
            [
                [
                    0.9828656911849976,
                    -0.1491551697254181,
                    -0.10829472541809082
                ],
                [
                    0.16257351636886597,
                    0.9783602952957153,
                    0.12798801064491272
                ],
                [
                    0.08686118572950363,
                    -0.1434008926153183,
                    0.9858454465866089
                ]
            ],
            [
                [
                    0.992759644985199,
                    0.09909830242395401,
                    -0.067881740629673
                ],
                [
                    -0.0889548808336258,
                    0.9863007664680481,
                    0.13891702890396118
                ],
                [
                    0.08071824908256531,
                    -0.13187278807163239,
                    0.9879748821258545
                ]
            ],
            [
                [
                    0.9803894758224487,
                    0.16569876670837402,
                    -0.10667946934700012
                ],
                [
                    -0.15979956090450287,
                    0.9852184057235718,
                    0.06171472370624542
                ],
                [
                    0.11532863974571228,
                    -0.04345712810754776,
                    0.9923763275146484
                ]
            ],
            [
                [
                    0.959018349647522,
                    0.2831026613712311,
                    0.011687994003295898
                ],
                [
                    -0.2824118733406067,
                    0.958393394947052,
                    -0.041540320962667465
                ],
                [
                    -0.022961871698498726,
                    0.03653710335493088,
                    0.9990683794021606
                ]
            ],
            [
                [
                    0.915326714515686,
                    -0.37262818217277527,
                    0.15272611379623413
                ],
                [
                    0.37804239988327026,
                    0.9257619380950928,
                    -0.006988662760704756
                ],
                [
                    -0.13878384232521057,
                    0.06413386017084122,
                    0.9882438778877258
                ]
            ],
            [
                [
                    0.9838365316390991,
                    0.027800170704722404,
                    -0.1768978387117386
                ],
                [
                    -0.06551386415958405,
                    0.9752674698829651,
                    -0.21109546720981598
                ],
                [
                    0.16665421426296234,
                    0.2192726880311966,
                    0.9613250494003296
                ]
            ],
            [
                [
                    0.5851672291755676,
                    0.7540360689163208,
                    -0.298343688249588
                ],
                [
                    -0.8108299374580383,
                    0.5388151407241821,
                    -0.22854551672935486
                ],
                [
                    -0.011579465121030807,
                    0.3756433427333832,
                    0.9266919493675232
                ]
            ],
            [
                [
                    0.6350594162940979,
                    -0.732218861579895,
                    0.24607928097248077
                ],
                [
                    0.7552794218063354,
                    0.6554020643234253,
                    0.0010179629316553473
                ],
                [
                    -0.1620262712240219,
                    0.1852121651172638,
                    0.9692490696907043
                ]
            ],
            [
                [
                    0.3121301531791687,
                    -0.2770809531211853,
                    -0.9087358713150024
                ],
                [
                    -0.18206854164600372,
                    0.921349048614502,
                    -0.3434632122516632
                ],
                [
                    0.9324300289154053,
                    0.2726574242115021,
                    0.23713310062885284
                ]
            ],
            [
                [
                    0.8339270353317261,
                    0.04261168837547302,
                    0.5502272248268127
                ],
                [
                    0.07229430228471756,
                    0.979988157749176,
                    -0.18546360731124878
                ],
                [
                    -0.5471190810203552,
                    0.19444139301776886,
                    0.814158022403717
                ]
            ],
            [
                [
                    0.999608039855957,
                    -0.005183862987905741,
                    -0.027512868866324425
                ],
                [
                    0.006058495491743088,
                    0.9994758367538452,
                    0.031802453100681305
                ],
                [
                    0.027333587408065796,
                    -0.03195667266845703,
                    0.9991154670715332
                ]
            ],
            [
                [
                    0.9990553259849548,
                    0.04258209466934204,
                    -0.008670431561768055
                ],
                [
                    -0.04344724863767624,
                    0.9827390313148499,
                    -0.1798231303691864
                ],
                [
                    0.0008635299163870513,
                    0.1800299733877182,
                    0.9836607575416565
                ]
            ],
            [
                [
                    0.9669628739356995,
                    0.2311309427022934,
                    -0.10752362012863159
                ],
                [
                    -0.21444003283977509,
                    0.9655892848968506,
                    0.14714902639389038
                ],
                [
                    0.1378343403339386,
                    -0.11923027038574219,
                    0.9832527041435242
                ]
            ],
            [
                [
                    0.9767857193946838,
                    -0.21403954923152924,
                    0.008759336546063423
                ],
                [
                    0.20739935338497162,
                    0.95513516664505,
                    0.21142911911010742
                ],
                [
                    -0.05362054333090782,
                    -0.20470425486564636,
                    0.9773540496826172
                ]
            ]
        ],
        "betas": [
            0.12451119720935822,
            0.004318356513977051,
            -0.16944319009780884,
            -0.02428343892097473,
            0.14969497919082642,
            -0.09639198333024979,
            -0.09163737297058105,
            0.037001460790634155,
            0.10778819769620895,
            -0.09402209520339966
        ]
    },
    "pred_cam_t": [
        0.01908695138990879,
        0.5810291171073914,
        17.054597854614258
    ],
    "focal_length": [
        5000.0,
        5000.0
    ],
    "pred_keypoints_3d": [
        [
            0.12070639431476593,
            -0.7919037342071533,
            -0.20797991752624512
        ],
        [
            0.0077215880155563354,
            -0.7286365032196045,
            -0.06415190547704697
        ],
        [
            -0.1245371401309967,
            -0.6061700582504272,
            -0.16913098096847534
        ],
        [
            -0.18243902921676636,
            -0.35500580072402954,
            -0.16105428338050842
        ],
        [
            -0.08790776133537292,
            -0.12018938362598419,
            -0.21245668828487396
        ],
        [
            0.12051434814929962,
            -0.6673921346664429,
            0.0885917916893959
        ],
        [
            0.11792135238647461,
            -0.4574909508228302,
            0.2490282654762268
        ],
        [
            0.1831287443637848,
            -0.27012816071510315,
            0.09333638846874237
        ],
        [
            -0.001784683670848608,
            -0.22404702007770538,
            0.02821235917508602
        ],
        [
            -0.06119062379002571,
            -0.12862533330917358,
            0.013484206981956959
        ],
        [
            -0.10050457715988159,
            0.25639456510543823,
            0.015869464725255966
        ],
        [
            -0.14808756113052368,
            0.5476194024085999,
            0.29211264848709106
        ],
        [
            0.05821972340345383,
            -0.14061903953552246,
            0.08056358993053436
        ],
        [
            0.12475980073213577,
            0.2319854199886322,
            0.10361920297145844
        ],
        [
            0.023935310542583466,
            0.5282559394836426,
            0.3588811159133911
        ],
        [
            0.08795768022537231,
            -0.8451887369155884,
            -0.2044437825679779
        ],
        [
            0.1442497968673706,
            -0.8349934816360474,
            -0.16993647813796997
        ],
        [
            0.004850514233112335,
            -0.8649482131004333,
            -0.1436924934387207
        ],
        [
            0.12916907668113708,
            -0.8423672914505005,
            -0.06816419959068298
        ],
        [
            0.10764989256858826,
            0.6709704995155334,
            0.24671176075935364
        ],
        [
            0.14354664087295532,
            0.6438592672348022,
            0.31888487935066223
        ],
        [
            -0.004578478634357452,
            0.5257542133331299,
            0.42341163754463196
        ],
        [
            -0.11372946202754974,
            0.6958044767379761,
            0.15763065218925476
        ],
        [
            -0.1933329999446869,
            0.6751825213432312,
            0.188595712184906
        ],
        [
            -0.16869595646858215,
            0.5528444051742554,
            0.3627850413322449
        ],
        [
            -0.1707243025302887,
            0.49296072125434875,
            0.27629587054252625
        ],
        [
            -0.09445393085479736,
            0.19375234842300415,
            0.004411493428051472
        ],
        [
            -0.1350804716348648,
            -0.24425044655799866,
            -0.03854586184024811
        ],
        [
            0.11609906703233719,
            -0.2570650577545166,
            0.1153455451130867
        ],
        [
            0.132783442735672,
            0.19070762395858765,
            0.1016625240445137
        ],
        [
            0.028100615367293358,
            0.48469245433807373,
            0.3613734245300293
        ],
        [
            -0.06578080356121063,
            -0.14954212307929993,
            -0.21291598677635193
        ],
        [
            -0.17983263731002808,
            -0.3690144121646881,
            -0.1974889039993286
        ],
        [
            -0.10205435752868652,
            -0.6473711729049683,
            -0.1507394164800644
        ],
        [
            0.09862139821052551,
            -0.6926753520965576,
            0.06472616642713547
        ],
        [
            0.16095180809497833,
            -0.48081472516059875,
            0.2292497754096985
        ],
        [
            0.18657398223876953,
            -0.29322776198387146,
            0.09094081819057465
        ],
        [
            0.012682266533374786,
            -0.7204211950302124,
            -0.06440140306949615
        ],
        [
            0.0928923636674881,
            -0.8986734747886658,
            -0.12574002146720886
        ],
        [
            -0.009072614833712578,
            -0.25112754106521606,
            0.03906439244747162
        ],
        [
            -0.0003023780882358551,
            -0.6672580242156982,
            -0.04543669521808624
        ],
        [
            -0.01791851967573166,
            -0.49398303031921387,
            0.003322286531329155
        ],
        [
            0.08328081667423248,
            -0.7851643562316895,
            -0.13619011640548706
        ],
        [
            0.08980022370815277,
            -0.9197342395782471,
            -0.12430544942617416
        ]
    ],
    "pred_vertices": [
        [
            0.16726480424404144,
            -0.8774116039276123,
            -0.17142930626869202
        ],
        [
            0.16117605566978455,
            -0.8630509376525879,
            -0.17763647437095642
        ],
        [
            0.16538023948669434,
            -0.8600901365280151,
            -0.164231538772583
        ],
        [
            0.16900035738945007,
            -0.871668815612793,
            -0.15467920899391174
        ],
        [
            0.1620217114686966,
            -0.850644588470459,
            -0.169737309217453
        ],
        [
            0.15726706385612488,
            -0.851739764213562,
            -0.18096953630447388
        ],
        [
            0.16439644992351532,
            -0.8559119701385498,
            -0.15094298124313354
        ],
        [
            0.16575101017951965,
            -0.8645738363265991,
            -0.14015251398086548
        ],
        [
            0.15363691747188568,
            -0.8242253661155701,
            -0.1327861100435257
        ],
        [
            0.15096600353717804,
            -0.8219746351242065,
            -0.12206204235553741
        ],
        [
            0.1548442840576172,
            -0.8330256342887878,
            -0.1251174360513687
        ],
        [
            0.1553838551044464,
            -0.8326836824417114,
            -0.13562452793121338
        ],
        [
            0.14395157992839813,
            -0.8005030155181885,
            -0.12632900476455688
        ],
        [
            0.14050720632076263,
            -0.7904393076896667,
            -0.1351427584886551
        ],
        [
            0.13509675860404968,
            -0.7840364575386047,
            -0.12432439625263214
        ],
        [
            0.1371038556098938,
            -0.7939953804016113,
            -0.11542186886072159
        ],
        [
            0.1286921501159668,
            -0.8027809858322144,
            -0.17436563968658447
        ],
        [
            0.13098599016666412,
            -0.7958847880363464,
            -0.16941767930984497
        ],
        [
            0.13560014963150024,
            -0.8018780946731567,
            -0.16777397692203522
        ],
        [
            0.1323188990354538,
            -0.808205246925354,
            -0.17267325520515442
        ],
        [
            0.1267256885766983,
            -0.8117884397506714,
            -0.18614600598812103
        ],
        [
            0.12734173238277435,
            -0.8178019523620605,
            -0.1836761236190796
        ],
        [
            0.12691152095794678,
            -0.8208847045898438,
            -0.1911226361989975
        ],
        [
            0.12743441760540009,
            -0.8137538433074951,
            -0.19394180178642273
        ],
        [
            0.12273778021335602,
            -0.7986077070236206,
            -0.1763843297958374
        ],
        [
            0.125192791223526,
            -0.7915332317352295,
            -0.17091427743434906
        ],
        [
            0.12710487842559814,
            -0.8085179328918457,
            -0.1791432946920395
        ],
        [
            0.12539610266685486,
            -0.8038955926895142,
            -0.18135839700698853
        ],
        [
            0.12677164375782013,
            -0.7956725358963013,
            -0.19080126285552979
        ],
        [
            0.12860284745693207,
            -0.8002685308456421,
            -0.18945243954658508
        ],
        [
            0.1295366883277893,
            -0.7999923229217529,
            -0.19728681445121765
        ],
        [
            0.1266731470823288,
            -0.7951000928878784,
            -0.19651851058006287
        ],
        [
            0.12401820719242096,
            -0.7970627546310425,
            -0.18128523230552673
        ],
        [
            0.12677167356014252,
            -0.7989933490753174,
            -0.18388056755065918
        ],
        [
            0.12495274096727371,
            -0.7951676845550537,
            -0.18658071756362915
        ],
        [
            0.12145812809467316,
            -0.7942485809326172,
            -0.18424788117408752
        ],
        [
            0.1265283077955246,
            -0.8069907426834106,
            -0.18819460272789001
        ],
        [
            0.12825216352939606,
            -0.8073530197143555,
            -0.19596822559833527
        ],
        [
            0.1291131228208542,
            -0.8074319362640381,
            -0.20430044829845428
        ],
        [
            0.12940934300422668,
            -0.7983063459396362,
            -0.20535317063331604
        ],
        [
            0.13294199109077454,
            -0.7830334901809692,
            -0.15575051307678223
        ],
        [
            0.13292226195335388,
            -0.7892129421234131,
            -0.16319718956947327
        ],
        [
            0.1273828148841858,
            -0.7853198051452637,
            -0.16531944274902344
        ],
        [
            0.12830308079719543,
            -0.7801364064216614,
            -0.15940505266189575
        ],
        [
            0.11974494159221649,
            -0.792055606842041,
            -0.18018564581871033
        ],
        [
            0.11870256066322327,
            -0.7762059569358826,
            -0.1757863312959671
        ],
        [
            0.12007611989974976,
            -0.7797319293022156,
            -0.1764477789402008
        ],
        [
            0.11739702522754669,
            -0.7803509831428528,
            -0.1832493245601654
        ],
        [
            0.11660970747470856,
            -0.7769750356674194,
            -0.18216119706630707
        ],
        [
            0.1284099519252777,
            -0.7710855007171631,
            -0.14326012134552002
        ],
        [
            0.12573036551475525,
            -0.7697083950042725,
            -0.14998522400856018
        ],
        [
            0.12282899767160416,
            -0.7638017535209656,
            -0.1463620811700821
        ],
        [
            0.12396152317523956,
            -0.7644542455673218,
            -0.13863328099250793
        ],
        [
            0.11891937255859375,
            -0.7590092420578003,
            -0.14573121070861816
        ],
        [
            0.11915270984172821,
            -0.7582104802131653,
            -0.13526813685894012
        ],
        [
            0.10846401751041412,
            -0.7459412813186646,
            -0.13792705535888672
        ],
        [
            0.11352435499429703,
            -0.7514495849609375,
            -0.136106938123703
        ],
        [
            0.11462673544883728,
            -0.7540109753608704,
            -0.14732889831066132
        ],
        [
            0.11062253266572952,
            -0.748998761177063,
            -0.15203073620796204
        ],
        [
            0.1063670814037323,
            -0.7527062892913818,
            -0.16680306196212769
        ],
        [
            0.10261797904968262,
            -0.7516305446624756,
            -0.17207132279872894
        ],
        [
            0.10216379910707474,
            -0.7400389909744263,
            -0.16563306748867035
        ],
        [
            0.10632064938545227,
            -0.7435027360916138,
            -0.15924400091171265
        ],
        [
            0.11463192105293274,
            -0.772040605545044,
            -0.17128607630729675
        ],
        [
            0.11631902307271957,
            -0.7724064588546753,
            -0.1667378842830658
        ],
        [
            0.11807657778263092,
            -0.7731325030326843,
            -0.1687108874320984
        ],
        [
            0.11686529219150543,
            -0.7737487554550171,
            -0.1739470213651657
        ],
        [
            0.1180344894528389,
            -0.7722722291946411,
            -0.16309398412704468
        ],
        [
            0.11882340908050537,
            -0.7720493078231812,
            -0.1615070402622223
        ],
        [
            0.11967352032661438,
            -0.7729276418685913,
            -0.1628536880016327
        ],
        [
            0.11848540604114532,
            -0.7728031873703003,
            -0.1637556552886963
        ],
        [
            0.11719909310340881,
            -0.7725575566291809,
            -0.16530700027942657
        ],
        [
            0.11615300178527832,
            -0.7706806063652039,
            -0.16590234637260437
        ],
        [
            0.11744783073663712,
            -0.7714623212814331,
            -0.16385701298713684
        ],
        [
            0.11459127068519592,
            -0.7695239782333374,
            -0.1701050102710724
        ],
        [
            0.10783236473798752,
            -0.7666963934898376,
            -0.1833789199590683
        ],
        [
            0.11038805544376373,
            -0.7671172618865967,
            -0.17998051643371582
        ],
        [
            0.1099681630730629,
            -0.7717908620834351,
            -0.180829256772995
        ],
        [
            0.10783473402261734,
            -0.7717241048812866,
            -0.1837739795446396
        ],
        [
            0.11979025602340698,
            -0.7742690443992615,
            -0.16568376123905182
        ],
        [
            0.12201620638370514,
            -0.7756193280220032,
            -0.16403889656066895
        ],
        [
            0.1216459572315216,
            -0.7776497006416321,
            -0.16944515705108643
        ],
        [
            0.11965107172727585,
            -0.7754024267196655,
            -0.1691911667585373
        ],
        [
            0.12465587258338928,
            -0.7770529985427856,
            -0.16258551180362701
        ],
        [
            0.12147584557533264,
            -0.7739167213439941,
            -0.16125600039958954
        ],
        [
            0.12379524111747742,
            -0.7742724418640137,
            -0.15913358330726624
        ],
        [
            0.11795392632484436,
            -0.770407497882843,
            -0.16150663793087006
        ],
        [
            0.11882747709751129,
            -0.7688792943954468,
            -0.15847250819206238
        ],
        [
            0.12047843635082245,
            -0.77107834815979,
            -0.15940538048744202
        ],
        [
            0.11669939756393433,
            -0.7658552527427673,
            -0.15944796800613403
        ],
        [
            0.11616058647632599,
            -0.7685531377792358,
            -0.1634901911020279
        ],
        [
            0.114338219165802,
            -0.7664380073547363,
            -0.16748416423797607
        ],
        [
            0.11205978691577911,
            -0.7644500136375427,
            -0.1726866364479065
        ],
        [
            0.11102508008480072,
            -0.7604659795761108,
            -0.1679268330335617
        ],
        [
            0.11413539946079254,
            -0.7628592252731323,
            -0.16293704509735107
        ],
        [
            0.12391364574432373,
            -0.7811874151229858,
            -0.16831889748573303
        ],
        [
            0.12271173298358917,
            -0.7703810334205627,
            -0.1553107053041458
        ],
        [
            0.12742352485656738,
            -0.7758822441101074,
            -0.15440550446510315
        ],
        [
            0.12071409076452255,
            -0.7661494612693787,
            -0.1536429524421692
        ],
        [
            0.11774738132953644,
            -0.7622344493865967,
            -0.15379782021045685
        ],
        [
            0.1141459047794342,
            -0.7585718035697937,
            -0.15648502111434937
        ],
        [
            0.11034710705280304,
            -0.7553063631057739,
            -0.1614815592765808
        ],
        [
            0.09625092893838882,
            -0.7348421812057495,
            -0.1531677544116974
        ],
        [
            0.10240433365106583,
            -0.7394133806228638,
            -0.1461099535226822
        ],
        [
            0.1521182507276535,
            -0.845687210559845,
            -0.17856886982917786
        ],
        [
            0.15755006670951843,
            -0.8441848754882812,
            -0.171461820602417
        ],
        [
            0.15311741828918457,
            -0.8383156061172485,
            -0.16577398777008057
        ],
        [
            0.15531286597251892,
            -0.8403210639953613,
            -0.1649635136127472
        ],
        [
            0.15304264426231384,
            -0.8413774967193604,
            -0.17100195586681366
        ],
        [
            0.15147817134857178,
            -0.8389978408813477,
            -0.17021694779396057
        ],
        [
            0.15406790375709534,
            -0.8338090181350708,
            -0.14417043328285217
        ],
        [
            0.1530834138393402,
            -0.834811806678772,
            -0.15104050934314728
        ],
        [
            0.1513892412185669,
            -0.8317486047744751,
            -0.14895972609519958
        ],
        [
            0.15309135615825653,
            -0.8275858163833618,
            -0.14156104624271393
        ],
        [
            0.14660432934761047,
            -0.8237072229385376,
            -0.1576690822839737
        ],
        [
            0.14878176152706146,
            -0.8252370357513428,
            -0.1527549922466278
        ],
        [
            0.14901159703731537,
            -0.8312765955924988,
            -0.15820910036563873
        ],
        [
            0.14749078452587128,
            -0.8301632404327393,
            -0.16180981695652008
        ],
        [
            0.14541444182395935,
            -0.8296731114387512,
            -0.1656014621257782
        ],
        [
            0.1426083892583847,
            -0.8299943208694458,
            -0.1690584421157837
        ],
        [
            0.14095810055732727,
            -0.825033962726593,
            -0.1675855815410614
        ],
        [
            0.14391905069351196,
            -0.8238800168037415,
            -0.16298331320285797
        ],
        [
            0.14868757128715515,
            -0.8431243300437927,
            -0.17578233778476715
        ],
        [
            0.1424364596605301,
            -0.8436408042907715,
            -0.17953884601593018
        ],
        [
            0.14221060276031494,
            -0.8407816886901855,
            -0.17764917016029358
        ],
        [
            0.14775824546813965,
            -0.8401781916618347,
            -0.17477759718894958
        ],
        [
            0.12918716669082642,
            -0.8379103541374207,
            -0.17806223034858704
        ],
        [
            0.13155598938465118,
            -0.8397212028503418,
            -0.17869609594345093
        ],
        [
            0.12971767783164978,
            -0.8412227630615234,
            -0.18190434575080872
        ],
        [
            0.12705381214618683,
            -0.8373789191246033,
            -0.18090420961380005
        ],
        [
            0.12795187532901764,
            -0.83417147397995,
            -0.17914879322052002
        ],
        [
            0.12988369166851044,
            -0.8360130786895752,
            -0.17738571763038635
        ],
        [
            0.1657714545726776,
            -0.8993160724639893,
            -0.17842723429203033
        ],
        [
            0.16120301187038422,
            -0.8814651966094971,
            -0.18591254949569702
        ],
        [
            0.17026495933532715,
            -0.8933508396148682,
            -0.15896202623844147
        ],
        [
            0.1691562682390213,
            -0.8850030303001404,
            -0.14242997765541077
        ],
        [
            0.1663384735584259,
            -0.8739590644836426,
            -0.12803883850574493
        ],
        [
            0.13180772960186005,
            -0.7761075496673584,
            -0.13423341512680054
        ],
        [
            0.1269693523645401,
            -0.769376277923584,
            -0.12684863805770874
        ],
        [
            0.1291339099407196,
            -0.7784253358840942,
            -0.11416864395141602
        ],
        [
            0.12187397480010986,
            -0.770626425743103,
            -0.10918620973825455
        ],
        [
            0.12033498287200928,
            -0.761324405670166,
            -0.12272396683692932
        ],
        [
            0.10373565554618835,
            -0.7467334270477295,
            -0.12414847314357758
        ],
        [
            0.11257945001125336,
            -0.7533180713653564,
            -0.12164579331874847
        ],
        [
            0.11233829706907272,
            -0.7637190818786621,
            -0.10519598424434662
        ],
        [
            0.11394326388835907,
            -0.7785224914550781,
            -0.09101248532533646
        ],
        [
            0.12293735146522522,
            -0.7824020385742188,
            -0.09775862842798233
        ],
        [
            0.11507662385702133,
            -0.7962532043457031,
            -0.08112794160842896
        ],
        [
            0.10221729427576065,
            -0.7757517099380493,
            -0.08213429898023605
        ],
        [
            0.10794352740049362,
            -0.7981265187263489,
            -0.07520607858896255
        ],
        [
            0.08376816660165787,
            -0.7439452409744263,
            -0.08611229062080383
        ],
        [
            0.08085264265537262,
            -0.7354060411453247,
            -0.07923451066017151
        ],
        [
            0.08170980215072632,
            -0.7450941801071167,
            -0.06361314654350281
        ],
        [
            0.08628881722688675,
            -0.7533624172210693,
            -0.06997454166412354
        ],
        [
            0.13047346472740173,
            -0.7875980138778687,
            -0.10509546101093292
        ],
        [
            0.15552684664726257,
            -0.8452963829040527,
            -0.11893120408058167
        ],
        [
            0.15781442821025848,
            -0.8423680067062378,
            -0.1311473846435547
        ],
        [
            0.15137247741222382,
            -0.8338613510131836,
            -0.11349791288375854
        ],
        [
            0.167014479637146,
            -0.9057564735412598,
            -0.11157107353210449
        ],
        [
            0.17076325416564941,
            -0.8971622586250305,
            -0.12840643525123596
        ],
        [
            0.16743245720863342,
            -0.883637011051178,
            -0.11622795462608337
        ],
        [
            0.16515082120895386,
            -0.8934571146965027,
            -0.1018478125333786
        ],
        [
            0.1590631902217865,
            -0.9400994777679443,
            -0.14044831693172455
        ],
        [
            0.1659317910671234,
            -0.9213773012161255,
            -0.16010871529579163
        ],
        [
            0.16840332746505737,
            -0.9105141162872314,
            -0.14502207934856415
        ],
        [
            0.1641707569360733,
            -0.924848198890686,
            -0.12781192362308502
        ],
        [
            0.16045813262462616,
            -0.8981311917304993,
            -0.0901455208659172
        ],
        [
            0.15212762355804443,
            -0.904539942741394,
            -0.07445991039276123
        ],
        [
            0.15047049522399902,
            -0.9224641919136047,
            -0.07391344010829926
        ],
        [
            0.1601942479610443,
            -0.9166514873504639,
            -0.09372146427631378
        ],
        [
            0.14294643700122833,
            -0.945060133934021,
            -0.07836471498012543
        ],
        [
            0.15500789880752563,
            -0.9383628368377686,
            -0.10255254060029984
        ],
        [
            0.09616722166538239,
            -0.7894241809844971,
            -0.06519823521375656
        ],
        [
            0.10199354588985443,
            -0.8070297241210938,
            -0.06600183993577957
        ],
        [
            0.09250383079051971,
            -0.7633933424949646,
            -0.0781296044588089
        ],
        [
            0.09027686715126038,
            -0.7749032974243164,
            -0.0626673474907875
        ],
        [
            0.1300152987241745,
            -0.9636439085006714,
            -0.08703386038541794
        ],
        [
            0.14579659700393677,
            -0.9567895531654358,
            -0.11505439132452011
        ],
        [
            0.11207304894924164,
            -0.8994232416152954,
            -0.03574331849813461
        ],
        [
            0.123941570520401,
            -0.9135777950286865,
            -0.04441156983375549
        ],
        [
            0.13266363739967346,
            -0.8958832025527954,
            -0.051805127412080765
        ],
        [
            0.12078598886728287,
            -0.8851628303527832,
            -0.04269174858927727
        ],
        [
            0.09978587180376053,
            -0.9146639108657837,
