{
    "pred_cam": [
        2.3762435913085938,
        -0.022848354652523994,
        0.5902664065361023
    ],
    "pred_smpl_params": {
        "global_orient": [
            [
                [
                    0.7606586217880249,
                    -0.029546845704317093,
                    0.6484793424606323
                ],
                [
                    -0.13242636620998383,
                    -0.9850194454193115,
                    0.11045387387275696
                ],
                [
                    0.6355011463165283,
                    -0.16989347338676453,
                    -0.7531763315200806
                ]
            ]
        ],
        "body_pose": [
            [
                [
                    0.9994535446166992,
                    -0.012481936253607273,
                    -0.03060746379196644
                ],
                [
                    0.01923864521086216,
                    0.9726273417472839,
                    0.23157262802124023
                ],
                [
                    0.02687918022274971,
                    -0.23203492164611816,
                    0.9723359942436218
                ]
            ],
            [
                [
                    0.9931938052177429,
                    0.07374253123998642,
                    -0.09015597403049469
                ],
                [
                    -0.05440114438533783,
                    0.9781305193901062,
                    0.2007514238357544
                ],
                [
                    0.10298822820186615,
                    -0.19448047876358032,
                    0.9754848480224609
                ]
            ],
            [
                [
                    0.9950705170631409,
                    0.032644547522068024,
                    0.09364248812198639
                ],
                [
                    -0.012201870791614056,
                    0.9773952960968018,
                    -0.21106760203838348
                ],
                [
                    -0.09841593354940414,
                    0.20888455212116241,
                    0.9729755520820618
                ]
            ],
            [
                [
                    0.9926036596298218,
                    -0.030351918190717697,
                    -0.11754526197910309
                ],
                [
                    -0.05296627804636955,
                    0.7629563212394714,
                    -0.64427649974823
                ],
                [
                    0.10923689603805542,
                    0.6457370519638062,
                    0.7557055950164795
                ]
            ],
            [
                [
                    0.9894863963127136,
                    -0.13750393688678741,
                    0.04482723027467728
                ],
                [
                    0.1366128772497177,
                    0.7868887186050415,
                    -0.6017833352088928
                ],
                [
                    0.04747353494167328,
                    0.6015803217887878,
                    0.7974004745483398
                ]
            ],
            [
                [
                    0.9963533282279968,
                    -0.0007260177517309785,
                    0.08532005548477173
                ],
                [
                    0.0010456969030201435,
                    0.9999926090240479,
                    -0.003702129703015089
                ],
                [
                    -0.0853167399764061,
                    0.003777847858145833,
                    0.9963467121124268
                ]
            ],
            [
                [
                    0.9749251008033752,
                    0.014563360251486301,
                    0.22205610573291779
                ],
                [
                    -0.03845807909965515,
                    0.993868350982666,
                    0.10366613417863846
                ],
                [
                    -0.21918481588363647,
                    -0.10960657894611359,
                    0.9695072770118713
                ]
            ],
            [
                [
                    0.9772405624389648,
                    0.03448718786239624,
                    -0.20931164920330048
                ],
                [
                    -0.01554197072982788,
                    0.9956846237182617,
                    0.09149087220430374
                ],
                [
                    0.21156366169452667,
                    -0.0861554890871048,
                    0.9735593795776367
                ]
            ],
            [
                [
                    0.9949982166290283,
                    0.008917951956391335,
                    0.09949328005313873
                ],
                [
                    -0.004990399349480867,
                    0.9992010593414307,
                    -0.039654817432165146
                ],
                [
                    -0.09976740926504135,
                    0.038959965109825134,
                    0.9942477941513062
                ]
            ],
            [
                [
                    0.9876114130020142,
                    -0.12344148755073547,
                    -0.09688050299882889
                ],
                [
                    0.13368730247020721,
                    0.9851694703102112,
                    0.10755877196788788
                ],
                [
                    0.08216649293899536,
                    -0.11917796730995178,
                    0.9894671440124512
                ]
            ],
            [
                [
                    0.9917101263999939,
                    0.06423530727624893,
                    -0.11128745228052139
                ],
                [
                    -0.05311305448412895,
                    0.9935510754585266,
                    0.10017585754394531
                ],
                [
                    0.11700459569692612,
                    -0.09343459457159042,
                    0.9887263774871826
                ]
            ],
            [
                [
                    0.9752926826477051,
                    0.18139556050300598,
                    -0.12609465420246124
                ],
                [
                    -0.17140403389930725,
                    0.9814304113388062,
                    0.08611027896404266
                ],
                [
                    0.13937316834926605,
                    -0.062369588762521744,
                    0.9882737994194031
                ]
            ],
            [
                [
                    0.9124437570571899,
                    0.38925889134407043,
                    -0.1261894851922989
                ],
                [
                    -0.39019811153411865,
                    0.9205507040023804,
                    0.018216196447610855
                ],
                [
                    0.12325463443994522,
                    0.03261764347553253,
                    0.991838812828064
                ]
            ],
            [
                [
                    0.864833414554596,
                    -0.4441141188144684,
                    0.23414896428585052
                ],
                [
                    0.44801202416419983,
                    0.8931618928909302,
                    0.039334043860435486
                ],
                [
                    -0.226601704955101,
                    0.07088413834571838,
                    0.9714047312736511
                ]
            ],
            [
                [
                    0.9834238886833191,
                    0.037429552525281906,
                    -0.1774156391620636
                ],
                [
                    -0.07922220975160599,
                    0.9688248634338379,
                    -0.23473872244358063
                ],
                [
                    0.1630984991788864,
                    0.24490296840667725,
                    0.9557307958602905
                ]
            ],
            [
                [
                    0.4380016028881073,
                    0.776123046875,
                    -0.4536382853984833
                ],
                [
                    -0.8944796919822693,
                    0.42665183544158936,
                    -0.13369500637054443
                ],
                [
                    0.08978185057640076,
                    0.4643288254737854,
                    0.8811005353927612
                ]
            ],
            [
                [
                    0.6626939177513123,
                    -0.7016228437423706,
                    0.26184388995170593
                ],
                [
                    0.7012559771537781,
                    0.7040833234786987,
                    0.11183357983827591
                ],
                [
                    -0.2628249228000641,
                    0.10950815677642822,
                    0.9586089253425598
                ]
            ],
            [
                [
                    0.37580013275146484,
                    -0.2589667737483978,
                    -0.8897810578346252
                ],
                [
                    -0.2071322202682495,
                    0.9123953580856323,
                    -0.35303106904029846
                ],
                [
                    0.9032554626464844,
                    0.31697145104408264,
                    0.28923794627189636
                ]
            ],
            [
                [
                    0.8908901810646057,
                    0.08742225915193558,
                    0.4457263648509979
                ],
                [
                    -0.08861936628818512,
                    0.9958992600440979,
                    -0.01820315420627594
                ],
                [
                    -0.44548988342285156,
                    -0.023282980546355247,
                    0.8949841856956482
                ]
            ],
            [
                [
                    0.9997261166572571,
                    -0.00522956857457757,
                    -0.022811494767665863
                ],
                [
                    0.007066704332828522,
                    0.9966716766357422,
                    0.08121372759342194
                ],
                [
                    0.022310856729745865,
                    -0.08135268837213516,
                    0.9964356422424316
                ]
            ],
            [
                [
                    0.9954325556755066,
                    0.08619671314954758,
                    -0.041038889437913895
                ],
                [
                    -0.09279846400022507,
                    0.9745756387710571,
                    -0.20393817126750946
                ],
                [
                    0.022416701540350914,
                    0.20681503415107727,
                    0.9781232476234436
                ]
            ],
            [
                [
                    0.9639982581138611,
                    0.2286098450422287,
                    -0.13581204414367676
                ],
                [
                    -0.21124771237373352,
                    0.96861332654953,
                    0.13100570440292358
                ],
                [
                    0.161498561501503,
                    -0.09759928286075592,
                    0.9820348620414734
                ]
            ],
            [
                [
                    0.975020170211792,
                    -0.221615269780159,
                    0.01491034310311079
                ],
                [
                    0.21378225088119507,
                    0.9545352458953857,
                    0.2077486515045166
                ],
                [
                    -0.06027273088693619,
                    -0.1993715614080429,
                    0.9780685305595398
                ]
            ]
        ],
        "betas": [
            0.04341621696949005,
            0.09871052205562592,
            -0.10204701125621796,
            0.08520331978797913,
            0.17542196810245514,
            -0.0509880855679512,
            -0.15404462814331055,
            0.09079647064208984,
            0.13547009229660034,
            -0.11167138814926147
        ]
    },
    "pred_cam_t": [
        -0.022848354652523994,
        0.5902664065361023,
        16.43876075744629
    ],
    "focal_length": [
        5000.0,
        5000.0
    ],
    "pred_keypoints_3d": [
        [
            0.16131071746349335,
            -0.7758598327636719,
            -0.2153642326593399
        ],
        [
            0.026278814300894737,
            -0.7176347374916077,
            -0.09175913035869598
        ],
        [
            -0.07481947541236877,
            -0.5769880414009094,
            -0.21115797758102417
        ],
        [
            -0.08640560507774353,
            -0.3207816481590271,
            -0.2045302838087082
        ],
        [
            0.021389640867710114,
            -0.09523212909698486,
            -0.26376476883888245
        ],
        [
            0.11679625511169434,
            -0.6526011228561401,
            0.0792771503329277
        ],
        [
            0.08103643357753754,
            -0.4106937050819397,
            0.1761322319507599
        ],
        [
            0.11808836460113525,
            -0.2520342171192169,
            -0.014355987310409546
        ],
        [
            -0.001813132781535387,
            -0.22384348511695862,
            0.027258742600679398
        ],
        [
            -0.05342879518866539,
            -0.12646248936653137,
            0.0036718305200338364
        ],
        [
            -0.0520339272916317,
            0.2581081688404083,
            -0.021407928317785263
        ],
        [
            -0.11932550370693207,
            0.5600379705429077,
            0.23503834009170532
        ],
        [
            0.04858258739113808,
            -0.14384949207305908,
            0.09224306046962738
        ],
        [
            0.1439024955034256,
            0.2207430601119995,
            0.11604854464530945
        ],
        [
            0.023400917649269104,
            0.5249500274658203,
            0.34878042340278625
        ],
        [
            0.12948337197303772,
            -0.8291334509849548,
            -0.22004026174545288
        ],
        [
            0.17856183648109436,
            -0.8201900720596313,
            -0.17583225667476654
        ],
        [
            0.037939950823783875,
            -0.8522247076034546,
            -0.1758803278207779
        ],
        [
            0.14598900079727173,
            -0.8322947025299072,
            -0.07907060533761978
        ],
        [
            0.13524477183818817,
            0.6574302315711975,
            0.25256502628326416
        ],
        [
            0.15721170604228973,
            0.6296954154968262,
            0.3291094899177551
        ],
        [
            -0.01508352905511856,
            0.5247640609741211,
            0.4064798951148987
        ],
        [
            -0.04672859609127045,
            0.6974442005157471,
            0.10480374097824097
        ],
        [
            -0.13114692270755768,
            0.6850861310958862,
            0.12176960706710815
        ],
        [
            -0.1518525630235672,
            0.5696605443954468,
            0.29888880252838135
        ],
        [
            -0.14375519752502441,
            0.5069980025291443,
            0.21546050906181335
        ],
        [
            -0.04961088299751282,
            0.1943913698196411,
            -0.02894238568842411
        ],
        [
            -0.12014912068843842,
            -0.23821984231472015,
            -0.06262194365262985
        ],
        [
            0.09306500107049942,
            -0.2631671726703644,
            0.13587550818920135
        ],
        [
            0.14829692244529724,
            0.17860783636569977,
            0.11573489010334015
        ],
        [
            0.02369731105864048,
            0.48115745186805725,
            0.3510124683380127
        ],
        [
            0.04161157086491585,
            -0.12449697405099869,
            -0.264976441860199
        ],
        [
            -0.08466508984565735,
            -0.33582377433776855,
            -0.23953038454055786
        ],
        [
            -0.058813996613025665,
            -0.6226902604103088,
            -0.19243040680885315
        ],
        [
            0.0973697081208229,
            -0.6784950494766235,
            0.051247738301754
        ],
        [
            0.12705262005329132,
            -0.4319670498371124,
            0.163372203707695
        ],
        [
            0.125546395778656,
            -0.2734922170639038,
            -0.0116617102175951
        ],
        [
            0.033571574836969376,
            -0.7035871744155884,
            -0.08916864544153214
        ],
        [
            0.1217159852385521,
            -0.8859521150588989,
            -0.14453163743019104
        ],
        [
            -0.013247204944491386,
            -0.25119009613990784,
            0.03708786517381668
        ],
        [
            0.020178982987999916,
            -0.6481301784515381,
            -0.07197199761867523
        ],
        [
            -0.011051124893128872,
            -0.4872780740261078,
            -0.014651283621788025
        ],
        [
            0.11217403411865234,
            -0.7721238136291504,
            -0.15123561024665833
        ],
        [
            0.11871649324893951,
            -0.9068001508712769,
            -0.1446802318096161
        ]
    ],
    "pred_vertices": [
        [
            0.20204174518585205,
            -0.8621665239334106,
            -0.17506705224514008
        ],
        [
            0.19701440632343292,
            -0.8477228879928589,
            -0.18165677785873413
        ],
        [
            0.19872821867465973,
            -0.8453181982040405,
            -0.16760975122451782
        ],
        [
            0.20070502161979675,
            -0.8572561740875244,
            -0.158097505569458
        ],
        [
            0.19630885124206543,
            -0.8355740308761597,
            -0.17324139177799225
        ],
        [
            0.19354969263076782,
            -0.8363040089607239,
            -0.18506765365600586
        ],
        [
            0.19553691148757935,
            -0.8416842818260193,
            -0.15460339188575745
        ],
        [
            0.1950615793466568,
            -0.8507364392280579,
            -0.14409543573856354
        ],
        [
            0.181094229221344,
            -0.8108725547790527,
            -0.13734844326972961
        ],
        [
            0.17659340798854828,
            -0.8092790246009827,
            -0.12724089622497559
        ],
        [
            0.18115925788879395,
            -0.8202300667762756,
            -0.1301489770412445
        ],
        [
            0.18355309963226318,
            -0.8192485570907593,
            -0.14018726348876953
        ],
        [
            0.16995570063591003,
            -0.7877749800682068,
            -0.13171742856502533
        ],
        [
            0.16796034574508667,
            -0.7774397134780884,
            -0.14054453372955322
        ],
        [
            0.16066144406795502,
            -0.7715969085693359,
            -0.1306464523077011
        ],
        [
            0.1612587869167328,
            -0.7818904519081116,
            -0.12195256352424622
        ],
        [
            0.1634487807750702,
            -0.788054347038269,
            -0.18154236674308777
        ],
        [
            0.16475053131580353,
            -0.7813781499862671,
            -0.1760055124759674
        ],
        [
            0.16898567974567413,
            -0.7873831987380981,
            -0.17381326854228973
        ],
        [
            0.166775181889534,
            -0.7934867143630981,
            -0.1794879287481308
        ],
        [
            0.16378851234912872,
            -0.7965068817138672,
            -0.1938203126192093
        ],
        [
            0.16408272087574005,
            -0.8026299476623535,
            -0.19155253469944
        ],
        [
            0.16506190598011017,
            -0.8053264617919922,
            -0.1990746557712555
        ],
        [
            0.16590756177902222,
            -0.7980822324752808,
            -0.2014371156692505
        ],
        [
            0.15796515345573425,
            -0.7838042378425598,
            -0.1844257414340973
        ],
        [
            0.15933002531528473,
            -0.7769870162010193,
            -0.17828980088233948
        ],
        [
            0.16284474730491638,
            -0.793540358543396,
            -0.18673399090766907
        ],
        [
            0.16144639253616333,
            -0.7889169454574585,
            -0.18904593586921692
        ],
        [
            0.1642991006374359,
            -0.7802392244338989,
            -0.197743222117424
        ],
        [
            0.16596712172031403,
            -0.7848876714706421,
            -0.1962890923023224
        ],
        [
            0.168259859085083,
            -0.7842228412628174,
            -0.20381160080432892
        ],
        [
            0.16521117091178894,
            -0.7794128656387329,
            -0.20331984758377075
        ],
        [
            0.16000665724277496,
            -0.7821382284164429,
            -0.18893656134605408
        ],
        [
            0.16315597295761108,
            -0.7839307188987732,
            -0.19107866287231445
        ],
        [
            0.16178828477859497,
            -0.7799921035766602,
            -0.19388453662395477
        ],
        [
            0.15801024436950684,
            -0.7791738510131836,
            -0.19214098155498505
        ],
        [
            0.16383874416351318,
            -0.791695237159729,
            -0.19567948579788208
        ],
        [
            0.16691260039806366,
            -0.7916351556777954,
            -0.20303642749786377
        ],
        [
            0.16921603679656982,
            -0.7912992238998413,
            -0.21105700731277466
        ],
        [
            0.16946670413017273,
            -0.7821858525276184,
            -0.2116381675004959
        ],
        [
            0.1641077697277069,
            -0.76917564868927,
            -0.16169071197509766
        ],
        [
            0.1654551923274994,
            -0.7750339508056641,
            -0.16924580931663513
        ],
        [
            0.16043294966220856,
            -0.7710155248641968,
            -0.17216578125953674
        ],
        [
            0.16021674871444702,
            -0.7661104202270508,
            -0.16596917808055878
        ],
        [
            0.15555760264396667,
            -0.7772119045257568,
            -0.1883227825164795
        ],
        [
            0.1535077691078186,
            -0.7617206573486328,
            -0.18343675136566162
        ],
        [
            0.15504327416419983,
            -0.7651544809341431,
            -0.1840256303548813
        ],
        [
            0.15358823537826538,
            -0.7654929161071777,
            -0.19117821753025055
        ],
        [
            0.1525646299123764,
            -0.762226939201355,
            -0.19007396697998047
        ],
        [
            0.15726585686206818,
            -0.7578736543655396,
            -0.14976766705513
        ],
        [
            0.1558617502450943,
            -0.7561815977096558,
            -0.15675297379493713
        ],
        [
            0.15228980779647827,
            -0.7505065202713013,
            -0.1534210741519928
        ],
        [
            0.15202008187770844,
            -0.7514640688896179,
            -0.1457367241382599
        ],
        [
            0.148306205868721,
            -0.7457338571548462,
            -0.15324753522872925
        ],
        [
            0.14666330814361572,
            -0.7454063892364502,
            -0.14299866557121277
        ],
        [
            0.13646578788757324,
            -0.7331697344779968,
            -0.14681395888328552
        ],
        [
            0.14116667211055756,
            -0.7386871576309204,
            -0.14446362853050232
        ],
        [
            0.1442921757698059,
            -0.7407197952270508,
            -0.1552717685699463
        ],
        [
            0.1410776674747467,
            -0.7355655431747437,
            -0.16031941771507263
        ],
        [
            0.13950085639953613,
            -0.7387950420379639,
            -0.17565836012363434
        ],
        [
            0.13675232231616974,
            -0.7374980449676514,
            -0.18142923712730408
        ],
        [
            0.1349455714225769,
            -0.7262921929359436,
            -0.1746639907360077
        ],
        [
            0.13800397515296936,
            -0.7298405170440674,
            -0.16787800192832947
        ],
        [
            0.14871588349342346,
            -0.7577301263809204,
            -0.17952629923820496
        ],
        [
            0.1496027410030365,
            -0.7582716941833496,
            -0.17480146884918213
        ],
        [
            0.15168170630931854,
            -0.7588728070259094,
            -0.17646345496177673
        ],
        [
            0.15138308703899384,
            -0.7593059539794922,
            -0.1818276196718216
        ],
        [
            0.1506774127483368,
            -0.7582387924194336,
            -0.17097552120685577
        ],
        [
            0.15118712186813354,
            -0.7580468654632568,
            -0.16929861903190613
        ],
        [
            0.1522473394870758,
            -0.7588584423065186,
            -0.17048567533493042
        ],
        [
            0.151244655251503,
            -0.7587452530860901,
            -0.17154783010482788
        ],
        [
            0.1502457559108734,
            -0.7584589123725891,
            -0.1732839196920395
        ],
        [
            0.14927887916564941,
            -0.7565902471542358,
            -0.17394927144050598
        ],
        [
            0.15023207664489746,
            -0.7574021220207214,
            -0.17178621888160706
        ],
        [
            0.14843444526195526,
            -0.7552939653396606,
            -0.17827314138412476
        ],
        [
            0.1440858542919159,
            -0.7520362138748169,
            -0.19231173396110535
        ],
        [
            0.145981103181839,
            -0.7525087594985962,
            -0.18853841722011566
        ],
        [
            0.14578738808631897,
            -0.7570861577987671,
            -0.18966922163963318
        ],
        [
            0.14423006772994995,
            -0.7569810152053833,
            -0.19294944405555725
        ],
        [
            0.15286049246788025,
            -0.7601742744445801,
            -0.17327678203582764
        ],
        [
            0.1547815203666687,
            -0.7614778280258179,
            -0.17135527729988098
        ],
        [
            0.1553676873445511,
            -0.7632837295532227,
            -0.1768018901348114
        ],
        [
            0.1533242166042328,
            -0.761102557182312,
            -0.17678582668304443
        ],
        [
            0.15715356171131134,
            -0.7629290223121643,
            -0.16956377029418945
        ],
        [
            0.15376830101013184,
            -0.7598912715911865,
            -0.16868451237678528
        ],
        [
            0.15566933155059814,
            -0.7603560090065002,
            -0.16624271869659424
        ],
        [
            0.15031276643276215,
            -0.7564471960067749,
            -0.16936148703098297
        ],
        [
            0.1506182998418808,
            -0.7550349235534668,
            -0.16620701551437378
        ],
        [
            0.15244229137897491,
            -0.7571314573287964,
            -0.16693925857543945
        ],
        [
            0.1486400067806244,
            -0.7520380020141602,
            -0.16734503209590912
        ],
        [
            0.1488296240568161,
            -0.7545723915100098,
            -0.1714933216571808
        ],
        [
            0.1476680338382721,
            -0.752343475818634,
            -0.17561256885528564
        ],
        [
            0.14628571271896362,
            -0.7501869797706604,
            -0.18098697066307068
        ],
        [
            0.14439363777637482,
            -0.7464370727539062,
            -0.17632851004600525
        ],
        [
            0.14663299918174744,
            -0.7489719390869141,
            -0.17103853821754456
        ],
        [
            0.15745145082473755,
            -0.7668961882591248,
            -0.1754671037197113
        ],
        [
            0.15390616655349731,
            -0.7566019296646118,
            -0.16252297163009644
        ],
        [
            0.15841813385486603,
            -0.7620970010757446,
            -0.161050945520401
        ],
        [
            0.15157486498355865,
            -0.7525109052658081,
            -0.16103056073188782
        ],
        [
            0.1486310064792633,
            -0.7486436367034912,
            -0.16148056089878082
        ],
        [
            0.14549541473388672,
            -0.7448779344558716,
            -0.16455727815628052
        ],
        [
            0.14249402284622192,
            -0.7415726780891418,
            -0.1698819100856781
        ],
        [
            0.12691791355609894,
            -0.7216465473175049,
            -0.16327083110809326
        ],
        [
            0.13184605538845062,
            -0.7262886762619019,
            -0.15553823113441467
        ],
        [
            0.18786272406578064,
            -0.8304576277732849,
            -0.18329647183418274
        ],
        [
            0.19199934601783752,
            -0.8292442560195923,
            -0.1753711700439453
        ],
        [
            0.18661238253116608,
            -0.8236368894577026,
            -0.17036086320877075
        ],
        [
            0.18865956366062164,
            -0.8255908489227295,
            -0.16924408078193665
        ],
        [
            0.18744847178459167,
            -0.8264899253845215,
            -0.17561201751232147
        ],
        [
            0.1857946366071701,
            -0.8241077661514282,
            -0.17503440380096436
        ],
        [
            0.1837395876646042,
            -0.8200795650482178,
            -0.14881223440170288
        ],
        [
            0.18398596346378326,
            -0.8208072185516357,
            -0.1557537466287613
        ],
        [
            0.18186654150485992,
            -0.8178653120994568,
            -0.15389877557754517
        ],
        [
            0.18210884928703308,
            -0.8139941692352295,
            -0.1461513340473175
        ],
        [
            0.17851297557353973,
            -0.809548556804657,
            -0.1629488468170166
        ],
        [
            0.17985737323760986,
            -0.8112449049949646,
            -0.15779712796211243
        ],
        [
            0.18112877011299133,
            -0.8170340061187744,
            -0.16336652636528015
        ],
        [
            0.18023227155208588,
            -0.8157990574836731,
            -0.16710776090621948
        ],
        [
            0.17883868515491486,
            -0.8151727318763733,
            -0.17115797102451324
        ],
        [
            0.17665457725524902,
            -0.8153485059738159,
            -0.17502859234809875
        ],
        [
            0.1747184544801712,
            -0.8105231523513794,
            -0.17370572686195374
        ],
        [
            0.17680808901786804,
            -0.8095532059669495,
            -0.1686108410358429
        ],
        [
            0.18399925529956818,
            -0.8280750513076782,
            -0.18108400702476501
        ],
        [
            0.1785600781440735,
            -0.8284538388252258,
            -0.1858779340982437
        ],
        [
            0.1779891848564148,
            -0.8256489038467407,
            -0.1840151846408844
        ],
        [
            0.18289557099342346,
            -0.8251319527626038,
            -0.18017584085464478
        ],
        [
            0.16520372033119202,
            -0.822891354560852,
            -0.18660986423492432
        ],
        [
            0.16768217086791992,
            -0.8246243000030518,
            -0.18689388036727905
        ],
        [
            0.16646365821361542,
            -0.8259677886962891,
            -0.190451517701149
        ],
        [
            0.16363084316253662,
            -0.8222129344940186,
            -0.18975870311260223
        ],
        [
            0.16412492096424103,
            -0.8191393613815308,
            -0.1877368986606598
        ],
        [
            0.1657170057296753,
            -0.8210461139678955,
            -0.18573981523513794
        ],
        [
            0.20218418538570404,
            -0.8835605382919312,
            -0.18327941000461578
        ],
        [
            0.19879204034805298,
            -0.8656511306762695,
            -0.19077268242835999
        ],
        [
            0.20299415290355682,
            -0.8786776065826416,
            -0.16307447850704193
        ],
        [
            0.1990336775779724,
            -0.8710756301879883,
            -0.14675936102867126
        ],
        [
            0.19368523359298706,
            -0.8606421947479248,
            -0.13258983194828033
        ],
        [
            0.15906378626823425,
            -0.7632470726966858,
            -0.14061042666435242
        ],
        [
            0.15291163325309753,
            -0.7569198608398438,
            -0.1339290887117386
        ],
        [
            0.15295587480068207,
            -0.7664525508880615,
            -0.1215529814362526
        ],
        [
            0.14486972987651825,
            -0.7590090036392212,
            -0.11762304604053497
        ],
        [
            0.14558826386928558,
            -0.7491209506988525,
            -0.13071520626544952
        ],
        [
            0.12948457896709442,
            -0.7345938682556152,
            -0.13419145345687866
        ],
        [
            0.137754887342453,
            -0.7412501573562622,
            -0.1305980384349823
        ],
        [
            0.13482984900474548,
            -0.7522991895675659,
            -0.11499437689781189
        ],
        [
            0.1341274082660675,
            -0.7677717804908752,
            -0.10153433680534363
        ],
        [
            0.14420801401138306,
            -0.7712814807891846,
            -0.10675114393234253
        ],
        [
            0.13373558223247528,
            -0.7858736515045166,
            -0.0923326388001442
        ],
        [
            0.12094525992870331,
            -0.7655702829360962,
            -0.09478184580802917
        ],
        [
            0.12577474117279053,
            -0.7881635427474976,
            -0.08789906650781631
        ],
        [
            0.10328209400177002,
            -0.7332638502120972,
            -0.10021013766527176
        ],
        [
            0.09917862713336945,
            -0.7249366044998169,
            -0.09335967898368835
        ],
        [
            0.0972827821969986,
            -0.7351882457733154,
            -0.07855960726737976
        ],
        [
            0.10299698263406754,
            -0.7433445453643799,
            -0.08451972901821136
        ],
        [
            0.1528574377298355,
            -0.7760683298110962,
            -0.11283104121685028
        ],
        [
            0.1810166984796524,
            -0.8324688673019409,
            -0.1243523433804512
        ],
        [
            0.18532533943653107,
            -0.8291804790496826,
            -0.13584674894809723
        ],
        [
            0.175820991396904,
            -0.8215754628181458,
            -0.11924028396606445
        ],
        [
            0.1921272575855255,
            -0.8929798603057861,
            -0.11777448654174805
        ],
        [
            0.19866862893104553,
            -0.8836783170700073,
            -0.13326728343963623
        ],
        [
            0.1929967999458313,
            -0.87090665102005,
            -0.12122049182653427
        ],
        [
            0.1883360594511032,
            -0.8813625574111938,
            -0.10792981833219528
        ],
        [
            0.18984255194664001,
            -0.9257973432540894,
            -0.14904426038265228
        ],
        [
            0.19965282082557678,
            -0.9062978029251099,
            -0.1663133203983307
        ],
        [
            0.199374258518219,
            -0.8962274789810181,
            -0.15051864087581635
        ],
        [
            0.19257166981697083,
            -0.9110941886901855,
            -0.13514000177383423
        ],
        [
            0.18163754045963287,
            -0.8864744305610657,
            -0.09753365814685822
        ],
        [
            0.17071689665317535,
            -0.8936367034912109,
            -0.08402387797832489
        ],
        [
            0.1692865937948227,
            -0.9116580486297607,
            -0.08465992659330368
        ],
        [
            0.18245762586593628,
            -0.9048126935958862,
            -0.10181473195552826
        ],
        [
            0.1631820797920227,
            -0.9339317083358765,
            -0.09136223047971725
        ],
        [
            0.17926695942878723,
            -0.9258840680122375,
            -0.11258099973201752
        ],
        [
            0.11231891810894012,
            -0.7799811959266663,
            -0.07985097169876099
        ],
        [
            0.11850595474243164,
            -0.7973321676254272,
            -0.08025519549846649
        ],
        [
            0.11052429676055908,
            -0.7532217502593994,
            -0.09202985465526581
        ],
        [
            0.10582870244979858,
            -0.7653748989105225,
            -0.07781393826007843
        ],
        [
            0.15231084823608398,
            -0.9519830942153931,
            -0.10305772721767426
        ],
        [
            0.17265383899211884,
            -0.9437856674194336,
            -0.12729163467884064
        ],
        [
            0.12458787858486176,
            -0.8907762765884399,
            -0.05316885560750961
        ],
        [
            0.13810986280441284,
            -0.9042627811431885,
            -0.059847116470336914
        ],
        [
            0.1475406289100647,
            -0.886176347732544,
            -0.06479101628065109
        ],
        [
            0.1340722143650055,
            -0.8759816884994507,
            -0.05761387199163437
        ],
        [
            0.11198322474956512,
            -0.9062551856040955,
            -0.05156411975622177
