{
    "pred_cam": [
        2.487945079803467,
        -0.06389691680669785,
        0.5630643367767334
    ],
    "pred_smpl_params": {
        "global_orient": [
            [
                [
                    0.5049957036972046,
                    -0.10279586911201477,
                    0.8569786548614502
                ],
                [
                    -0.26345589756965637,
                    -0.9638569951057434,
                    0.03963174298405647
                ],
                [
                    0.8219309449195862,
                    -0.24578991532325745,
                    -0.5138258337974548
                ]
            ]
        ],
        "body_pose": [
            [
                [
                    0.9962905049324036,
                    -0.08082472532987595,
                    -0.029538286849856377
                ],
                [
                    0.08540300279855728,
                    0.8865716457366943,
                    0.45463937520980835
                ],
                [
                    -0.010558308102190495,
                    -0.4554755985736847,
                    0.8901855945587158
                ]
            ],
            [
                [
                    0.9961864352226257,
                    0.07127226889133453,
                    -0.05032612383365631
                ],
                [
                    -0.03940953314304352,
                    0.8821820020675659,
                    0.4692566692829132
                ],
                [
                    0.07784178853034973,
                    -0.4654838442802429,
                    0.881626546382904
                ]
            ],
            [
                [
                    0.9977489113807678,
                    0.039975348860025406,
                    0.05384350195527077
                ],
                [
                    -0.015761831775307655,
                    0.9202053546905518,
                    -0.3911183774471283
                ],
                [
                    -0.06518217921257019,
                    0.3893892467021942,
                    0.9187639951705933
                ]
            ],
            [
                [
                    0.996160626411438,
                    -0.008943594992160797,
                    -0.08708609640598297
                ],
                [
                    -0.06930128484964371,
                    0.5272611379623413,
                    -0.8468725085258484
                ],
                [
                    0.05349118635058403,
                    0.8496562838554382,
                    0.5246169567108154
                ]
            ],
            [
                [
                    0.9821133017539978,
                    -0.18430860340595245,
                    0.03852004185318947
                ],
                [
                    0.13700903952121735,
                    0.5591858625411987,
                    -0.8176428079605103
                ],
                [
                    0.12915875017642975,
                    0.808295488357544,
                    0.574435830116272
                ]
            ],
            [
                [
                    0.9976193904876709,
                    0.033517446368932724,
                    0.06026657670736313
                ],
                [
                    -0.03439509496092796,
                    0.9993159770965576,
                    0.013584684580564499
                ],
                [
                    -0.05977002903819084,
                    -0.01562522165477276,
                    0.9980898499488831
                ]
            ],
            [
                [
                    0.9794960021972656,
                    -0.00039824016857892275,
                    0.2014632374048233
                ],
                [
                    -0.02368731051683426,
                    0.9928342700004578,
                    0.1171281635761261
                ],
                [
                    -0.20006625354290009,
                    -0.11949868500232697,
                    0.9724677801132202
                ]
            ],
            [
                [
                    0.9730866551399231,
                    0.10810873657464981,
                    -0.20350642502307892
                ],
                [
                    -0.07764545828104019,
                    0.9853023290634155,
                    0.15215259790420532
                ],
                [
                    0.21696440875530243,
                    -0.13225629925727844,
                    0.9671787023544312
                ]
            ],
            [
                [
                    0.997056245803833,
                    0.022128893062472343,
                    0.07341019809246063
                ],
                [
                    -0.020847177132964134,
                    0.9996173977851868,
                    -0.018180157989263535
                ],
                [
                    -0.07378441095352173,
                    0.016596246510744095,
                    0.997136116027832
                ]
            ],
            [
                [
                    0.9922628998756409,
                    -0.09236373752355576,
                    -0.082965187728405
                ],
                [
                    0.09982173144817352,
                    0.9908570051193237,
                    0.0907626524567604
                ],
                [
                    0.0738234743475914,
                    -0.09834215044975281,
                    0.9924105405807495
                ]
            ],
            [
                [
                    0.991869330406189,
                    -0.004725158214569092,
                    -0.12717299163341522
                ],
                [
                    0.016990480944514275,
                    0.9952810406684875,
                    0.09553506225347519
                ],
                [
                    0.12612146139144897,
                    -0.09691902250051498,
                    0.9872690439224243
                ]
            ],
            [
                [
                    0.9768511652946472,
                    0.18190789222717285,
                    -0.11256673187017441
                ],
                [
                    -0.1696416735649109,
                    0.9793018698692322,
                    0.11040614545345306
                ],
                [
                    0.13032056391239166,
                    -0.08875436335802078,
                    0.9874913096427917
                ]
            ],
            [
                [
                    0.8294457793235779,
                    0.4709300398826599,
                    -0.300407350063324
                ],
                [
                    -0.46849197149276733,
                    0.8793697953224182,
                    0.08499433845281601
                ],
                [
                    0.3041955530643463,
                    0.07024025171995163,
                    0.9500164985656738
                ]
            ],
            [
                [
                    0.8466610908508301,
                    -0.4028753936290741,
                    0.3476439118385315
                ],
                [
                    0.4085426330566406,
                    0.9107351899147034,
                    0.06045167148113251
                ],
                [
                    -0.34096601605415344,
                    0.0908452570438385,
                    0.9356757998466492
                ]
            ],
            [
                [
                    0.9890559911727905,
                    0.08596530556678772,
                    -0.11990934610366821
                ],
                [
                    -0.11323767155408859,
                    0.9632862210273743,
                    -0.24342729151248932
                ],
                [
                    0.09458073228597641,
                    0.2543414533138275,
                    0.962478518486023
                ]
            ],
            [
                [
                    0.46744048595428467,
                    0.7816498279571533,
                    -0.41294416785240173
                ],
                [
                    -0.8620442748069763,
                    0.5065485239028931,
                    -0.01697750948369503
                ],
                [
                    0.19590581953525543,
                    0.3639121353626251,
                    0.9105980396270752
                ]
            ],
            [
                [
                    0.7191096544265747,
                    -0.6281692981719971,
                    0.29712727665901184
                ],
                [
                    0.6261164546012878,
                    0.7711910605430603,
                    0.11507585644721985
                ],
                [
                    -0.30142903327941895,
                    0.10328412055969238,
                    0.9478780627250671
                ]
            ],
            [
                [
                    0.807653546333313,
                    -0.07288181036710739,
                    -0.5851359367370605
                ],
                [
                    -0.10355785489082336,
                    0.9593768119812012,
                    -0.2624347507953644
                ],
                [
                    0.5804924964904785,
                    0.2725517749786377,
                    0.7672966122627258
                ]
            ],
            [
                [
                    0.8657493591308594,
                    0.10383226722478867,
                    0.4895884692668915
                ],
                [
                    -0.09573858976364136,
                    0.9945358037948608,
                    -0.041625335812568665
                ],
                [
                    -0.49123531579971313,
                    -0.01083539891988039,
                    0.870959460735321
                ]
            ],
            [
                [
                    0.9997503757476807,
                    -0.014086347073316574,
                    -0.01734176278114319
                ],
                [
                    0.01434511411935091,
                    0.9997863173484802,
                    0.01488877460360527
                ],
                [
                    0.01712832599878311,
                    -0.015133827924728394,
                    0.9997388124465942
                ]
            ],
            [
                [
                    0.9931595921516418,
                    0.10687149316072464,
                    -0.04703741893172264
                ],
                [
                    -0.1148960217833519,
                    0.9662459492683411,
                    -0.23058126866817474
                ],
                [
                    0.02080715075135231,
                    0.2344084084033966,
                    0.9719155430793762
                ]
            ],
            [
                [
                    0.9682312607765198,
                    0.20450852811336517,
                    -0.1438908874988556
                ],
                [
                    -0.18417176604270935,
                    0.972457766532898,
                    0.1428518146276474
                ],
                [
                    0.1691422313451767,
                    -0.11181294173002243,
                    0.9792287349700928
                ]
            ],
            [
                [
                    0.9773821830749512,
                    -0.2063068151473999,
                    0.04649133235216141
                ],
                [
                    0.1921561062335968,
                    0.9581550359725952,
                    0.21216753125190735
                ],
                [
                    -0.08831751346588135,
                    -0.1984352022409439,
                    0.9761267900466919
                ]
            ]
        ],
        "betas": [
            -0.020737305283546448,
            0.13875530660152435,
            -0.2798651456832886,
            -0.1106022298336029,
            0.2066224217414856,
            0.00025636330246925354,
            -0.1707867980003357,
            0.08951306343078613,
            0.15933068096637726,
            -0.09708690643310547
        ]
    },
    "pred_cam_t": [
        -0.06389691680669785,
        0.5630643367767334,
        15.700708389282227
    ],
    "focal_length": [
        5000.0,
        5000.0
    ],
    "pred_keypoints_3d": [
        [
            0.22671613097190857,
            -0.7338475584983826,
            -0.2057207226753235
        ],
        [
            0.06003238260746002,
            -0.6865219473838806,
            -0.12865987420082092
        ],
        [
            0.0032695401459932327,
            -0.5378615856170654,
            -0.2595554292201996
        ],
        [
            0.0068726930767297745,
            -0.2810765206813812,
            -0.26045554876327515
        ],
        [
            0.1552843153476715,
            -0.07179385423660278,
            -0.2741192877292633
        ],
        [
            0.11167194694280624,
            -0.6223866939544678,
            0.06000204384326935
        ],
        [
            0.07128192484378815,
            -0.3713148534297943,
            0.1281275749206543
        ],
        [
            0.1258884221315384,
            -0.14318586885929108,
            0.04029373079538345
        ],
        [
            -0.0016698380932211876,
            -0.22014504671096802,
            0.02691859006881714
        ],
        [
            -0.030787650495767593,
            -0.11600279808044434,
            -0.003521254286170006
        ],
        [
            0.11511488258838654,
            0.23624569177627563,
            -0.059816792607307434
        ],
        [
            0.014983400702476501,
            0.5219766497612,
            0.20415641367435455
        ],
        [
            0.035933900624513626,
            -0.15115857124328613,
            0.11000676453113556
        ],
        [
            0.24612101912498474,
            0.15902239084243774,
            0.15917125344276428
        ],
        [
            0.07921575009822845,
            0.4513186514377594,
            0.37805572152137756
        ],
        [
            0.20119047164916992,
            -0.786048173904419,
            -0.22544875741004944
        ],
        [
            0.2310156524181366,
            -0.7802784442901611,
            -0.16630405187606812
        ],
        [
            0.10111913084983826,
            -0.8135349750518799,
            -0.2186267226934433
        ],
        [
            0.1674794852733612,
            -0.8012776970863342,
            -0.08934631198644638
        ],
        [
            0.23341631889343262,
            0.5714731216430664,
            0.3507300019264221
        ],
        [
            0.22079986333847046,
            0.5341136455535889,
            0.42396464943885803
        ],
        [
            0.022809430956840515,
            0.4499898850917816,
            0.41752350330352783
        ],
        [
            0.14354723691940308,
            0.6466615200042725,
            0.11102345585823059
        ],
        [
            0.05803224444389343,
            0.6491872072219849,
            0.10236671566963196
        ],
        [
            -0.03364863991737366,
            0.534019947052002,
            0.25486502051353455
        ],
        [
            -0.009496895596385002,
            0.47548502683639526,
            0.17093385756015778
        ],
        [
            0.10055901110172272,
            0.1777675449848175,
            -0.0642804279923439
        ],
        [
            -0.09405838698148727,
            -0.2130471020936966,
            -0.09259465336799622
        ],
        [
            0.04408842325210571,
            -0.2778046131134033,
            0.15972238779067993
        ],
        [
            0.23956096172332764,
            0.11999329179525375,
            0.15906982123851776
        ],
        [
            0.07415631413459778,
            0.40788447856903076,
            0.37306007742881775
        ],
        [
            0.1706540733575821,
            -0.10174909979104996,
            -0.2667416036128998
        ],
        [
            0.020433224737644196,
            -0.2977505326271057,
            -0.2903313934803009
        ],
        [
            0.010115407407283783,
            -0.5839152336120605,
            -0.24256682395935059
        ],
        [
            0.09804654121398926,
            -0.6499841213226318,
            0.029767226427793503
        ],
        [
            0.11725959926843643,
            -0.3899614214897156,
            0.12710289657115936
        ],
        [
            0.13694387674331665,
            -0.160837784409523,
            0.037062615156173706
        ],
        [
            0.07036590576171875,
            -0.6701196432113647,
            -0.12210705876350403
        ],
        [
            0.1698685586452484,
            -0.8488673567771912,
            -0.16237986087799072
        ],
        [
            -0.024952642619609833,
            -0.2458512932062149,
            0.03376798331737518
        ],
        [
            0.054346613585948944,
            -0.6147609353065491,
            -0.10670702159404755
        ],
        [
            -0.007837800309062004,
            -0.46803173422813416,
            -0.04509056732058525
        ],
        [
            0.15856869518756866,
            -0.7353717088699341,
            -0.16298505663871765
        ],
        [
            0.16784994304180145,
            -0.8694946765899658,
            -0.16490551829338074
        ]
    ],
    "pred_vertices": [
        [
            0.2536308169364929,
            -0.8225994110107422,
            -0.1611519753932953
        ],
        [
            0.250918984413147,
            -0.8075350522994995,
            -0.16776880621910095
        ],
        [
            0.24744826555252075,
            -0.8065211176872253,
            -0.15402168035507202
        ],
        [
            0.2464384287595749,
            -0.8192958831787109,
            -0.14543785154819489
        ],
        [
            0.24699002504348755,
            -0.7961394190788269,
            -0.15913084149360657
        ],
        [
            0.2485521137714386,
            -0.7958681583404541,
            -0.17103524506092072
        ],
        [
            0.2398965209722519,
            -0.8040742874145508,
            -0.14271162450313568
        ],
        [
            0.23613891005516052,
            -0.8138803243637085,
            -0.13372142612934113
        ],
        [
            0.21941927075386047,
            -0.774374783039093,
            -0.1291505992412567
        ],
        [
            0.21180182695388794,
            -0.7735708951950073,
            -0.1211496964097023
        ],
        [
            0.2175731062889099,
            -0.7845162749290466,
            -0.12340599298477173
        ],
        [
            0.22305776178836823,
            -0.782654881477356,
            -0.13175222277641296
        ],
        [
            0.20624247193336487,
            -0.7520892024040222,
            -0.12625189125537872
        ],
        [
            0.2070983648300171,
            -0.7411574721336365,
            -0.13435311615467072
        ],
        [
            0.19665515422821045,
            -0.7363079786300659,
            -0.1273631900548935
        ],
        [
            0.19457361102104187,
            -0.747234582901001,
            -0.1197839081287384
        ],
        [
            0.2173939347267151,
            -0.7482579946517944,
            -0.17445765435695648
        ],
        [
            0.21640118956565857,
            -0.7421507835388184,
            -0.16850470006465912
        ],
        [
            0.2197369784116745,
            -0.7482156753540039,
            -0.16535362601280212
        ],
        [
            0.2199472188949585,
            -0.7537901401519775,
            -0.17178687453269958
        ],
        [
            0.22241100668907166,
            -0.7557399868965149,
            -0.18642973899841309
        ],
        [
            0.2221098244190216,
            -0.7620111107826233,
            -0.18463478982448578
        ],
        [
            0.2258821725845337,
            -0.7640480399131775,
            -0.1914893388748169
        ],
        [
            0.22714190185070038,
            -0.7566496729850769,
            -0.19290953874588013
        ],
        [
            0.21330474317073822,
            -0.74374920129776,
            -0.1788591742515564
        ],
        [
            0.2121112048625946,
            -0.7375619411468506,
            -0.17233091592788696
        ],
        [
            0.2188512533903122,
            -0.7532619833946228,
            -0.1799038201570511
        ],
        [
            0.21828332543373108,
            -0.7486059665679932,
            -0.18229630589485168
        ],
        [
            0.223573699593544,
            -0.7393025159835815,
            -0.1888449490070343
        ],
        [
            0.22484248876571655,
            -0.7440513968467712,
            -0.1872052550315857
        ],
        [
            0.2296517938375473,
            -0.7427254319190979,
            -0.19334128499031067
        ],
        [
            0.22634729743003845,
            -0.7380188703536987,
            -0.19362202286720276
        ],
        [
            0.21670514345169067,
            -0.7419323921203613,
            -0.18232879042625427
        ],
        [
            0.220435231924057,
            -0.7435108423233032,
            -0.1833026111125946
        ],
        [
            0.21994586288928986,
            -0.7393864989280701,
            -0.18615150451660156
        ],
        [
            0.21584980189800262,
            -0.7386783957481384,
            -0.1857728511095047
        ],
        [
            0.22302255034446716,
            -0.7508277893066406,
            -0.1878347098827362
        ],
        [
            0.22844579815864563,
            -0.750128984451294,
            -0.19361288845539093
        ],
        [
            0.23334971070289612,
            -0.7491454482078552,
            -0.2002164125442505
        ],
        [
            0.23327144980430603,
            -0.7401430606842041,
            -0.20001032948493958
        ],
        [
            0.2105071246623993,
            -0.7312362194061279,
            -0.15474745631217957
        ],
        [
            0.21456030011177063,
            -0.736413300037384,
            -0.16167104244232178
        ],
        [
            0.21087481081485748,
            -0.7320657968521118,
            -0.16586828231811523
        ],
        [
            0.20838993787765503,
            -0.7276843786239624,
            -0.15985611081123352
        ],
        [
            0.21211814880371094,
            -0.7371177673339844,
            -0.1829264760017395
        ],
        [
            0.20784270763397217,
            -0.7222108840942383,
            -0.17804977297782898
        ],
        [
            0.20961208641529083,
            -0.7255529165267944,
            -0.17829376459121704
        ],
        [
            0.2107146829366684,
            -0.7253503799438477,
            -0.1854643076658249
        ],
        [
            0.20923203229904175,
            -0.7222176790237427,
            -0.18456599116325378
        ],
        [
            0.19966143369674683,
            -0.7210690975189209,
            -0.14536328613758087
        ],
        [
            0.2007528841495514,
            -0.71871018409729,
            -0.15213321149349213
        ],
        [
            0.19603511691093445,
            -0.7134643793106079,
            -0.14994385838508606
        ],
        [
            0.1931987851858139,
            -0.7151366472244263,
            -0.14312529563903809
        ],
        [
            0.19200655817985535,
            -0.7088842391967773,
            -0.1509687900543213
        ],
        [
            0.18695586919784546,
            -0.7095062732696533,
            -0.1422061324119568
        ],
        [
            0.17811274528503418,
            -0.6971192359924316,
            -0.14840829372406006
        ],
        [
            0.182057186961174,
            -0.702774703502655,
            -0.1450420469045639
        ],
        [
            0.18864977359771729,
            -0.7038546800613403,
            -0.15390503406524658
        ],
        [
            0.18702274560928345,
            -0.6983616352081299,
            -0.15931320190429688
        ],
        [
            0.1909170150756836,
            -0.7002705931663513,
            -0.1740880012512207
        ],
        [
            0.19030283391475677,
            -0.6985134482383728,
            -0.1802172064781189
        ],
        [
            0.1856708824634552,
            -0.6881473064422607,
            -0.1738545447587967
        ],
        [
            0.1863868236541748,
            -0.6921581029891968,
            -0.16689279675483704
        ],
        [
            0.20190876722335815,
            -0.7183817625045776,
            -0.1757480353116989
        ],
        [
            0.2011360228061676,
            -0.7192891836166382,
            -0.17110377550125122
        ],
        [
            0.20371787250041962,
            -0.7196868062019348,
            -0.17193014919757843
        ],
        [
            0.20523828268051147,
            -0.7197290658950806,
            -0.17704416811466217
        ],
        [
            0.2009115070104599,
            -0.719499409198761,
            -0.16718566417694092
        ],
        [
            0.200840562582016,
            -0.7193835973739624,
            -0.16542811691761017
        ],
        [
            0.20226317644119263,
            -0.7200639247894287,
            -0.16619428992271423
        ],
        [
            0.20171251893043518,
            -0.7199142575263977,
            -0.1675477921962738
        ],
        [
            0.2013222724199295,
            -0.7195391654968262,
            -0.16951273381710052
        ],
        [
            0.2004825472831726,
            -0.7177399396896362,
            -0.17037269473075867
        ],
        [
            0.2006905972957611,
            -0.7186647653579712,
            -0.16806796193122864
        ],
        [
            0.20108403265476227,
            -0.7161473631858826,
            -0.1745719164609909
        ],
        [
            0.2017350196838379,
            -0.7119945287704468,
            -0.18881548941135406
        ],
        [
            0.2021917700767517,
            -0.7125951051712036,
            -0.18468992412090302
        ],
        [
            0.20262449979782104,
            -0.7169908285140991,
            -0.18610899150371552
        ],
        [
            0.20232102274894714,
            -0.7168501615524292,
            -0.1897020787000656
        ],
        [
            0.2038731575012207,
            -0.7213289141654968,
            -0.16872359812259674
        ],
        [
            0.20498913526535034,
            -0.7226359844207764,
            -0.16629886627197266
        ],
        [
            0.20739659667015076,
            -0.724064826965332,
            -0.17132070660591125
        ],
        [
            0.20541012287139893,
            -0.7219139337539673,
            -0.1718290001153946
        ],
        [
            0.20673972368240356,
            -0.7241823673248291,
            -0.1639714241027832
        ],
        [
            0.20315945148468018,
            -0.7211965322494507,
            -0.16409233212471008
        ],
        [
            0.20415353775024414,
            -0.7219740152359009,
            -0.16128262877464294
        ],
        [
            0.19993659853935242,
            -0.7179092168807983,
            -0.16572079062461853
        ],
        [
            0.199133038520813,
            -0.7167443037033081,
            -0.16261829435825348
        ],
        [
            0.201238214969635,
            -0.7186219692230225,
            -0.16276061534881592
        ],
        [
            0.1973981410264969,
            -0.7138530015945435,
            -0.16420485079288483
        ],
        [
            0.19907280802726746,
            -0.7160019874572754,
            -0.1681402325630188
        ],
        [
            0.19924938678741455,
            -0.713525652885437,
            -0.17219455540180206
        ],
        [
            0.19970417022705078,
            -0.7109947204589844,
            -0.17747622728347778
        ],
        [
            0.1961870789527893,
            -0.7076811790466309,
            -0.17357268929481506
        ],
        [
            0.19656693935394287,
            -0.7106094360351562,
            -0.1681155413389206
        ],
        [
            0.209073007106781,
            -0.7278639078140259,
            -0.16967453062534332
        ],
        [
            0.20104114711284637,
            -0.7185230255126953,
            -0.15816792845726013
        ],
        [
            0.2048889547586441,
            -0.7241131663322449,
            -0.1556379646062851
        ],
        [
            0.1981431543827057,
            -0.7147141098976135,
            -0.1573544442653656
        ],
        [
            0.1952814906835556,
            -0.7110055685043335,
            -0.15859125554561615
        ],
        [
            0.19310855865478516,
            -0.7071347236633301,
            -0.16226276755332947
        ],
        [
            0.19193054735660553,
            -0.7034725546836853,
            -0.1679765284061432
        ],
        [
            0.1741550862789154,
            -0.6844183206558228,
            -0.165858656167984
        ],
        [
            0.17639267444610596,
            -0.689655065536499,
            -0.15746332705020905
        ],
        [
            0.2424171268939972,
            -0.7903008460998535,
            -0.17088863253593445
        ],
        [
            0.24361881613731384,
            -0.7896424531936646,
            -0.16194948554039001
        ],
        [
            0.23665082454681396,
            -0.7844029068946838,
            -0.1587209701538086
        ],
        [
            0.23824426531791687,
            -0.7862775325775146,
            -0.1570671647787094
        ],
        [
            0.23928219079971313,
            -0.7869330048561096,
            -0.1635432243347168
        ],
        [
            0.23746025562286377,
            -0.7845348119735718,
            -0.16337436437606812
        ],
        [
            0.22634920477867126,
            -0.782730758190155,
            -0.13967972993850708
        ],
        [
            0.22904206812381744,
            -0.7828236818313599,
            -0.1460103541612625
        ],
        [
            0.22619807720184326,
            -0.7800309062004089,
            -0.14484427869319916
        ],
        [
            0.22352585196495056,
            -0.7768505811691284,
            -0.13733653724193573
        ],
        [
            0.22579902410507202,
            -0.7710824608802795,
            -0.15369226038455963
        ],
        [
            0.22533449530601501,
            -0.7731423377990723,
            -0.14863814413547516
        ],
        [
            0.2288738489151001,
            -0.7784008383750916,
            -0.15373486280441284
        ],
        [
            0.22930070757865906,
            -0.7769104242324829,
            -0.15738660097122192
        ],
        [
            0.22930805385112762,
            -0.7760031223297119,
            -0.1615367978811264
        ],
        [
            0.22854909300804138,
            -0.77588951587677,
            -0.16584482789039612
        ],
        [
            0.22609764337539673,
            -0.771259069442749,
            -0.1649390608072281
        ],
        [
            0.22621631622314453,
            -0.770718514919281,
            -0.1594843715429306
        ],
        [
            0.23816335201263428,
            -0.78802490234375,
            -0.17000600695610046
        ],
        [
            0.2345828413963318,
            -0.7880109548568726,
            -0.17633123695850372
        ],
        [
            0.2334848940372467,
            -0.7853183746337891,
            -0.17462770640850067
        ],
        [
            0.23673197627067566,
            -0.7850444316864014,
            -0.1693040132522583
        ],
        [
            0.22232307493686676,
            -0.7824305891990662,
            -0.18122008442878723
        ],
        [
            0.22479410469532013,
            -0.78412264585495,
            -0.1807948648929596
        ],
        [
            0.22501012682914734,
            -0.7851417660713196,
            -0.1846437305212021
        ],
        [
            0.22199133038520813,
            -0.7815114855766296,
            -0.18462009727954865
        ],
        [
            0.22154146432876587,
            -0.7786433696746826,
            -0.18231220543384552
        ],
        [
            0.22235728800296783,
            -0.7806565761566162,
            -0.18008331954479218
        ],
        [
            0.2577745020389557,
            -0.842660129070282,
            -0.1700972616672516
        ],
        [
            0.25648826360702515,
            -0.8248474597930908,
            -0.1772255152463913
        ],
        [
            0.25139519572257996,
            -0.8398547768592834,
            -0.1508990079164505
        ],
        [
            0.24178414046764374,
            -0.8339900970458984,
            -0.1364186704158783
        ],
        [
            0.2315501570701599,
            -0.8246335387229919,
            -0.124333955347538
        ],
        [
            0.1983361393213272,
            -0.7272166013717651,
            -0.13660548627376556
        ],
        [
            0.1900901198387146,
            -0.7215992212295532,
            -0.13223759829998016
        ],
        [
            0.18608933687210083,
            -0.7320387363433838,
            -0.12137722969055176
        ],
        [
            0.17718759179115295,
            -0.7251101732254028,
            -0.12012100219726562
        ],
        [
            0.18192273378372192,
            -0.7142579555511475,
            -0.13143710792064667
        ],
        [
            0.16768334805965424,
            -0.6994873285293579,
            -0.13920319080352783
        ],
        [
            0.1744232475757599,
            -0.706434965133667,
            -0.13354752957820892
        ],
        [
            0.1670069545507431,
            -0.7185890078544617,
            -0.12068163603544235
        ],
        [
            0.16227324306964874,
            -0.73500657081604,
            -0.10932476073503494
        ],
        [
            0.173223614692688,
            -0.7383168339729309,
            -0.11094006150960922
        ],
        [
            0.15953253209590912,
            -0.7538011074066162,
            -0.10231508314609528
        ],
        [
            0.14808370172977448,
            -0.7334100604057312,
            -0.10767851769924164
        ],
        [
            0.1510343849658966,
            -0.7567168474197388,
            -0.1013612374663353
        ],
        [
            0.13348552584648132,
            -0.7004587054252625,
            -0.11645805835723877
        ],
        [
            0.12791118025779724,
            -0.6925212144851685,
            -0.11036495119333267
        ],
        [
            0.12217682600021362,
            -0.7037311792373657,
            -0.09777388721704483
        ],
        [
            0.12886545062065125,
            -0.7116568088531494,
            -0.1026124358177185
        ],
        [
            0.18340960144996643,
            -0.7423834800720215,
            -0.11384585499763489
        ],
        [
            0.21593010425567627,
            -0.7972109317779541,
            -0.11937498301267624
        ],
        [
            0.2236398458480835,
            -0.7931519746780396,
            -0.12789572775363922
        ],
        [
            0.2089139223098755,
            -0.7868763208389282,
            -0.11537183076143265
        ],
        [
            0.22624899446964264,
            -0.8577890396118164,
            -0.1135929673910141
        ],
        [
            0.2369389683008194,
            -0.8472988605499268,
            -0.12487772852182388
        ],
        [
            0.227310448884964,
            -0.8357305526733398,
            -0.1150004118680954
        ],
        [
            0.21868884563446045,
            -0.8471766710281372,
            -0.10515409708023071
        ],
        [
            0.23633837699890137,
            -0.8878375291824341,
            -0.1457536816596985
        ],
        [
            0.2510409355163574,
            -0.8667228817939758,
            -0.1570536196231842
        ],
        [
            0.24456803500652313,
            -0.8583973050117493,
            -0.14166225492954254
        ],
        [
            0.2335851788520813,
            -0.8745288848876953,
            -0.13087405264377594
        ],
        [
            0.20899130403995514,
            -0.8531978130340576,
            -0.09794741868972778
        ],
        [
            0.19450455904006958,
            -0.8615272045135498,
            -0.08976413309574127
        ],
        [
            0.19378042221069336,
            -0.8791340589523315,
            -0.0923047661781311
        ],
        [
            0.21189546585083008,
            -0.8709856867790222,
            -0.1029639020562172
        ],
        [
            0.1914854347705841,
            -0.900852382183075,
            -0.1025039330124855
        ],
        [
            0.21353000402450562,
            -0.8908251523971558,
            -0.11567625403404236
        ],
        [
            0.13620692491531372,
            -0.749144434928894,
            -0.09785860031843185
        ],
        [
            0.14211398363113403,
            -0.7664202451705933,
            -0.09740614145994186
        ],
        [
            0.13771885633468628,
            -0.7212252616882324,
            -0.10819541662931442
        ],
        [
            0.129558727145195,
            -0.7345554828643799,
            -0.09713784605264664
        ],
        [
            0.18601903319358826,
            -0.9172722101211548,
            -0.1184985488653183
        ],
        [
            0.2129475325345993,
            -0.9074374437332153,
            -0.13311326503753662
        ],
        [
            0.14099721610546112,
            -0.8620342016220093,
            -0.07762064039707184
        ],
        [
            0.15594087541103363,
            -0.8743799924850464,
            -0.07985654473304749
        ],
        [
            0.1659562885761261,
            -0.8560650944709778,
            -0.07954947650432587
        ],
        [
            0.150968998670578,
            -0.8467105627059937,
            -0.07717107236385345
        ],
        [
            0.12865354120731354,
            -0.8775335550308228,
            -0.08187948912382126
        ],
        [
            0.146067813038826,
