{
    "pred_cam": [
        2.212242603302002,
        0.019999580457806587,
        0.5411834716796875
    ],
    "pred_smpl_params": {
        "global_orient": [
            [
                [
                    0.9573608040809631,
                    0.24993941187858582,
                    -0.1448812633752823
                ],
                [
                    0.18716639280319214,
                    -0.9186286926269531,
                    -0.34797990322113037
                ],
                [
                    -0.22006599605083466,
                    0.3060254156589508,
                    -0.9262393712997437
                ]
            ]
        ],
        "body_pose": [
            [
                [
                    0.9973874092102051,
                    -0.01003335788846016,
                    -0.07153767347335815
                ],
                [
                    0.06759462505578995,
                    0.47894251346588135,
                    0.8752400279045105
                ],
                [
                    0.025480832904577255,
                    -0.8777889609336853,
                    0.47836944460868835
                ]
            ],
            [
                [
                    0.9731895923614502,
                    0.18591777980327606,
                    0.13541272282600403
                ],
                [
                    -0.2123980075120926,
                    0.5005267858505249,
                    0.8392616510391235
                ],
                [
                    0.08825597167015076,
                    -0.8455220460891724,
                    0.5265960097312927
                ]
            ],
            [
                [
                    0.9999648928642273,
                    -0.0001710668730083853,
                    -0.008379660546779633
                ],
                [
                    -0.005333228502422571,
                    0.7582803964614868,
                    -0.6519066691398621
                ],
                [
                    0.006465652491897345,
                    0.6519284248352051,
                    0.7582528591156006
                ]
            ],
            [
                [
                    0.9572513103485107,
                    0.19426405429840088,
                    -0.21431611478328705
                ],
                [
                    -0.037116799503564835,
                    -0.6522994637489319,
                    -0.7570520043373108
                ],
                [
                    -0.28686627745628357,
                    0.7326437830924988,
                    -0.6172040700912476
                ]
            ],
            [
                [
                    0.9543418884277344,
                    -0.17041808366775513,
                    0.24533486366271973
                ],
                [
                    0.07607738673686981,
                    -0.6555527448654175,
                    -0.7513074278831482
                ],
                [
                    0.2888663411140442,
                    0.7356685996055603,
                    -0.6126564741134644
                ]
            ],
            [
                [
                    0.9992918372154236,
                    -0.03467472642660141,
                    0.014607666060328484
                ],
                [
                    0.03516700118780136,
                    0.9987714886665344,
                    -0.034911178052425385
                ],
                [
                    -0.01337918546050787,
                    0.035400163382291794,
                    0.9992836117744446
                ]
            ],
            [
                [
                    0.9571561217308044,
                    -0.25056782364845276,
                    0.14514754712581635
                ],
                [
                    0.14936521649360657,
                    0.8566322326660156,
                    0.4938332140445709
                ],
                [
                    -0.24807679653167725,
                    -0.450995534658432,
                    0.8573569059371948
                ]
            ],
            [
                [
                    0.959576427936554,
                    0.19210442900657654,
                    -0.20569168031215668
                ],
                [
                    -0.087242990732193,
                    0.8978596329689026,
                    0.43155142664909363
                ],
                [
                    0.26758524775505066,
                    -0.39616137742996216,
                    0.8783246874809265
                ]
            ],
            [
                [
                    0.9993548393249512,
                    -0.03198933228850365,
                    -0.0163317508995533
                ],
                [
                    0.031182749196887016,
                    0.9983862638473511,
                    -0.04745986685156822
                ],
                [
                    0.017823606729507446,
                    0.04691997170448303,
                    0.9987396597862244
                ]
            ],
            [
                [
                    0.9921485185623169,
                    0.04828872159123421,
                    0.1153671070933342
                ],
                [
                    -0.0759359821677208,
                    0.9655482172966003,
                    0.24889835715293884
                ],
                [
                    -0.09937351942062378,
                    -0.2557046413421631,
                    0.96163409948349
                ]
            ],
            [
                [
                    0.9981486201286316,
                    0.03847851604223251,
                    -0.04710298776626587
                ],
                [
                    -0.022306974977254868,
                    0.9520750045776367,
                    0.3050501048564911
                ],
                [
                    0.0565834566950798,
                    -0.3034346401691437,
                    0.9511706829071045
                ]
            ],
            [
                [
                    0.9902525544166565,
                    -0.13915911316871643,
                    0.005875954404473305
                ],
                [
                    0.13397549092769623,
                    0.9632043242454529,
                    0.232997864484787
                ],
                [
                    -0.0380835235118866,
                    -0.2299395203590393,
                    0.9724594354629517
                ]
            ],
            [
                [
                    0.8110713958740234,
                    0.517514705657959,
                    -0.2726566195487976
                ],
                [
                    -0.4938788414001465,
                    0.8556265234947205,
                    0.15487736463546753
                ],
                [
                    0.31344354152679443,
                    0.0090427091345191,
                    0.9495638012886047
                ]
            ],
            [
                [
                    0.8936514258384705,
                    -0.39103198051452637,
                    0.22018449008464813
                ],
                [
                    0.38166821002960205,
                    0.9203447699546814,
                    0.08540980517864227
                ],
                [
                    -0.23604361712932587,
                    0.007710834965109825,
                    0.9717118740081787
                ]
            ],
            [
                [
                    0.9862027764320374,
                    -0.029074054211378098,
                    0.16296851634979248
                ],
                [
                    0.019047129899263382,
                    0.9978471994400024,
                    0.06275523453950882
                ],
                [
                    -0.16444221138954163,
                    -0.05878530815243721,
                    0.9846334457397461
                ]
            ],
            [
                [
                    0.6785732507705688,
                    0.6778144836425781,
                    -0.28302961587905884
                ],
                [
                    -0.6864110231399536,
                    0.7223261594772339,
                    0.08417097479104996
                ],
                [
                    0.2614920139312744,
                    0.13715851306915283,
                    0.9554105401039124
                ]
            ],
            [
                [
                    0.7754640579223633,
                    -0.6084718108177185,
                    0.16857486963272095
                ],
                [
                    0.6224765181541443,
                    0.7814703583717346,
                    -0.04274291172623634
                ],
                [
                    -0.10572842508554459,
                    0.1380794793367386,
                    0.9847615957260132
                ]
            ],
            [
                [
                    0.6910036206245422,
                    -0.30217400193214417,
                    -0.656661868095398
                ],
                [
                    0.15483738481998444,
                    0.9492223262786865,
                    -0.27386561036109924
                ],
                [
                    0.7060731649398804,
                    0.0875663161277771,
                    0.7027038931846619
                ]
            ],
            [
                [
                    0.5578132271766663,
                    0.3491306006908417,
                    0.7529622912406921
                ],
                [
                    -0.14418599009513855,
                    0.9341892600059509,
                    -0.3263446092605591
                ],
                [
                    -0.8173461556434631,
                    0.07347271591424942,
                    0.5714428424835205
                ]
            ],
            [
                [
                    0.9897490739822388,
                    -0.11710167676210403,
                    0.08175552636384964
                ],
                [
                    0.13803806900978088,
                    0.9312286376953125,
                    -0.33728140592575073
                ],
                [
                    -0.03663686290383339,
                    0.34510934352874756,
                    0.9378471970558167
                ]
            ],
            [
                [
                    0.9939168691635132,
                    0.07833793014287949,
                    -0.07741051912307739
                ],
                [
                    -0.09966909140348434,
                    0.9388370513916016,
                    -0.32962244749069214
                ],
                [
                    0.0468539334833622,
                    0.3353327810764313,
                    0.9409338235855103
                ]
            ],
            [
                [
                    0.981387197971344,
                    0.17002035677433014,
                    -0.08928734064102173
                ],
                [
                    -0.15443463623523712,
                    0.9750772714614868,
                    0.15929274260997772
                ],
                [
                    0.11414507031440735,
                    -0.14253880083560944,
                    0.9831854104995728
                ]
            ],
            [
                [
                    0.9814080595970154,
                    -0.15478746592998505,
                    0.11348618566989899
                ],
                [
                    0.13304845988750458,
                    0.9748117327690125,
                    0.1789979487657547
                ],
                [
                    -0.13833428919315338,
                    -0.16057085990905762,
                    0.9772823452949524
                ]
            ]
        ],
        "betas": [
            0.057258203625679016,
            -0.02873373031616211,
            -0.3155159056186676,
            -0.1576598584651947,
            0.057059675455093384,
            -0.055786244571208954,
            0.011309713125228882,
            0.009782731533050537,
            0.032755330204963684,
            0.011518120765686035
        ]
    },
    "pred_cam_t": [
        0.019999580457806587,
        0.5411834716796875,
        17.657421112060547
    ],
    "focal_length": [
        5000.0,
        5000.0
    ],
    "pred_keypoints_3d": [
        [
            0.019988005980849266,
            -0.7859123945236206,
            -0.22971975803375244
        ],
        [
            0.053005117923021317,
            -0.6832801699638367,
            -0.06277716159820557
        ],
        [
            -0.12586700916290283,
            -0.6075102686882019,
            0.011632874608039856
        ],
        [
            -0.243187814950943,
            -0.39464497566223145,
            0.09548363089561462
        ],
        [
            -0.33326172828674316,
            -0.22612203657627106,
            -0.07726624608039856
        ],
        [
            0.21100673079490662,
            -0.547704815864563,
            -0.08458222448825836
        ],
        [
            0.21423831582069397,
            -0.2847970426082611,
            -0.0674418956041336
        ],
        [
            0.12971645593643188,
            -0.12273658812046051,
            -0.2402537614107132
        ],
        [
            -0.0017611999064683914,
            -0.22112852334976196,
            0.028333155438303947
        ],
        [
            -0.0885852798819542,
            -0.14941567182540894,
            0.01959777995944023
        ],
        [
            -0.2879731357097626,
            -0.10414937883615494,
            -0.30828678607940674
        ],
        [
            -0.168433278799057,
            0.12802401185035706,
            -0.000806272029876709
        ],
        [
            0.04306875169277191,
            -0.12206591665744781,
            -0.00864383764564991
        ],
        [
            -0.013333816081285477,
            -0.062071170657873154,
            -0.37840166687965393
        ],
        [
            -0.04346838220953941,
            0.14653874933719635,
            -0.034809410572052
        ],
        [
            -0.010978922247886658,
            -0.8223894834518433,
            -0.19114071130752563
        ],
        [
            0.056041866540908813,
            -0.8273678421974182,
            -0.20079250633716583
        ],
        [
            -0.037533558905124664,
            -0.8031237125396729,
            -0.09145200252532959
        ],
        [
            0.10842009633779526,
            -0.8136929273605347,
            -0.11373773217201233
        ],
        [
            -0.08241277933120728,
            0.2523258328437805,
            -0.19521482288837433
        ],
        [
            -0.011081512086093426,
            0.2585093379020691,
            -0.15384717285633087
        ],
        [
            -0.023297511041164398,
            0.14595603942871094,
            0.027549713850021362
        ],
        [
            -0.26328426599502563,
            0.23563534021377563,
            -0.13547995686531067
        ],
        [
            -0.30320799350738525,
            0.20859569311141968,
            -0.06310141086578369
        ],
        [
            -0.1425240933895111,
            0.13928312063217163,
            0.06534147262573242
        ],
        [
            -0.1903860867023468,
            0.07064854353666306,
            -0.00849848985671997
        ],
        [
            -0.26832088828086853,
            -0.11799237877130508,
            -0.2755996584892273
        ],
        [
            -0.13508953154087067,
            -0.26504945755004883,
            0.09955155849456787
        ],
        [
            0.15852764248847961,
            -0.18912187218666077,
            0.039242736995220184
        ],
        [
            0.005139519926160574,
            -0.06578808277845383,
            -0.35746023058891296
        ],
        [
            -0.019312316551804543,
            0.10778287053108215,
            -0.04886503145098686
        ],
        [
            -0.30596721172332764,
            -0.24496415257453918,
            -0.0845765471458435
        ],
        [
            -0.26256516575813293,
            -0.42067843675613403,
            0.07172586023807526
        ],
        [
            -0.09634403884410858,
            -0.6382368803024292,
            0.0003461260348558426
        ],
        [
            0.19684764742851257,
            -0.5898274183273315,
            -0.07928311824798584
        ],
        [
            0.23212608695030212,
            -0.3092157244682312,
            -0.10591576248407364
        ],
        [
            0.13195879757404327,
            -0.14096365869045258,
            -0.24430181086063385
        ],
        [
            0.05446038395166397,
            -0.6680703163146973,
            -0.06390415132045746
        ],
        [
            0.0332634337246418,
            -0.861606240272522,
            -0.11654696613550186
        ],
        [
            0.01171175204217434,
            -0.2272704839706421,
            0.0698051005601883
        ],
        [
            0.04902612417936325,
            -0.6112884283065796,
            -0.040718019008636475
        ],
        [
            0.04851582646369934,
            -0.4607539474964142,
            0.045737944543361664
        ],
        [
            0.039652109146118164,
            -0.7559472918510437,
            -0.15325304865837097
        ],
        [
            0.029610266909003258,
            -0.8805758953094482,
            -0.10542872548103333
        ]
    ],
    "pred_vertices": [
        [
            0.06295786798000336,
            -0.8741724491119385,
            -0.2004123479127884
        ],
        [
            0.05759298428893089,
            -0.8596594333648682,
            -0.20719043910503387
        ],
        [
            0.06962808966636658,
            -0.8568720817565918,
            -0.19981291890144348
        ],
        [
            0.07570292055606842,
            -0.8676388263702393,
            -0.1902371346950531
        ],
        [
            0.0658058449625969,
            -0.8474173545837402,
            -0.2051267921924591
        ],
        [
            0.05494995787739754,
            -0.848641037940979,
            -0.20981383323669434
        ],
        [
            0.07861249148845673,
            -0.8508709669113159,
            -0.19069528579711914
        ],
        [
            0.0848495289683342,
            -0.8578111529350281,
            -0.18067318201065063
        ],
        [
            0.0901515930891037,
            -0.8141850233078003,
            -0.18148979544639587
        ],
        [
            0.0956525206565857,
            -0.8085449934005737,
            -0.17250922322273254
        ],
        [
            0.0935422033071518,
            -0.822006344795227,
            -0.17476722598075867
        ],
        [
            0.08694420754909515,
            -0.8235344886779785,
            -0.18205398321151733
        ],
        [
            0.08966906368732452,
            -0.7887697219848633,
            -0.17897409200668335
        ],
        [
            0.08256499469280243,
            -0.779558539390564,
            -0.18705697357654572
        ],
        [
            0.0862763375043869,
            -0.7702140808105469,
            -0.17792055010795593
        ],
        [
            0.09187416732311249,
            -0.7789840698242188,
            -0.16905054450035095
        ],
        [
            0.04681381583213806,
            -0.7925668954849243,
            -0.20604810118675232
        ],
        [
            0.05266541987657547,
            -0.7862894535064697,
            -0.2060624361038208
        ],
        [
            0.05628759041428566,
            -0.7931022644042969,
            -0.20521965622901917
        ],
        [
            0.04974137991666794,
            -0.79862380027771,
            -0.20499296486377716
        ],
        [
            0.03580692782998085,
            -0.8020759224891663,
            -0.21064884960651398
        ],
        [
            0.03710935637354851,
            -0.8075028657913208,
            -0.2071269154548645
        ],
        [
            0.03146931156516075,
            -0.811393141746521,
            -0.21151314675807953
        ],
        [
            0.030847681686282158,
            -0.8053387403488159,
            -0.21615634858608246
        ],
        [
            0.04178730398416519,
            -0.7869632244110107,
            -0.20655271410942078
        ],
        [
            0.04788144677877426,
            -0.780442476272583,
            -0.20577538013458252
        ],
        [
            0.041619181632995605,
            -0.7980791330337524,
            -0.20674626529216766
        ],
        [
            0.03910244256258011,
            -0.7935642004013062,
            -0.2092294543981552
        ],
        [
            0.03494807332754135,
            -0.7881232500076294,
            -0.21953678131103516
        ],
        [
            0.0363948717713356,
            -0.792792558670044,
            -0.2178540974855423
        ],
        [
            0.03217574581503868,
            -0.794284462928772,
            -0.2245161235332489
        ],
        [
            0.031128713861107826,
            -0.7885700464248657,
            -0.22395369410514832
        ],
        [
            0.03913979232311249,
            -0.787085771560669,
            -0.21096567809581757
        ],
        [
            0.03909005597233772,
            -0.7902024984359741,
            -0.2134155035018921
        ],
        [
            0.036433301866054535,
            -0.786530077457428,
            -0.21574360132217407
        ],
        [
            0.03566572070121765,
            -0.7840852737426758,
            -0.21273884177207947
        ],
        [
            0.03504931926727295,
            -0.798242449760437,
            -0.21382008492946625
        ],
        [
            0.031086822971701622,
            -0.8003096580505371,
            -0.22032886743545532
        ],
        [
            0.026022907346487045,
            -0.8019835352897644,
            -0.22692736983299255
        ],
        [
            0.026870232075452805,
            -0.7938779592514038,
            -0.2306918352842331
        ],
        [
            0.06467203795909882,
            -0.7729007005691528,
            -0.20105338096618652
        ],
        [
            0.05911331623792648,
            -0.7799547910690308,
            -0.20470976829528809
        ],
        [
            0.05414670705795288,
            -0.7745200395584106,
            -0.20504282414913177
        ],
        [
            0.05940290912985802,
            -0.7690726518630981,
            -0.20260441303253174
        ],
        [
            0.03748537600040436,
            -0.7805604934692383,
            -0.2095906138420105
        ],
        [
            0.04181893542408943,
            -0.7646068334579468,
            -0.21071648597717285
        ],
        [
            0.04188106954097748,
            -0.7685306072235107,
            -0.2108669877052307
        ],
        [
            0.03527691960334778,
            -0.7693211436271667,
            -0.2141057401895523
        ],
        [
            0.03587200120091438,
            -0.7657071948051453,
            -0.21380600333213806
        ],
        [
            0.07109662145376205,
            -0.7583853602409363,
            -0.19300523400306702
        ],
        [
            0.06517502665519714,
            -0.7570390105247498,
            -0.1972465068101883
        ],
        [
            0.06622220575809479,
            -0.7499106526374817,
            -0.1947208046913147
        ],
        [
            0.07165823876857758,
            -0.7497336864471436,
            -0.18943241238594055
        ],
        [
            0.06430929899215698,
            -0.7436505556106567,
            -0.19353002309799194
        ],
        [
            0.07116537541151047,
            -0.7413327693939209,
            -0.1861916035413742
        ],
        [
            0.06279589980840683,
            -0.7263143062591553,
            -0.1849731206893921
        ],
        [
            0.06707585602998734,
            -0.7327550649642944,
            -0.1855516880750656
        ],
        [
            0.06067439168691635,
            -0.7376024723052979,
            -0.1936420351266861
        ],
        [
            0.05540820583701134,
            -0.7321673631668091,
            -0.19648976624011993
        ],
        [
            0.04231042414903641,
            -0.736741304397583,
            -0.20413801074028015
        ],
        [
            0.03618970140814781,
            -0.7352896928787231,
            -0.20660918951034546
        ],
        [
            0.04145757108926773,
            -0.7231400012969971,
            -0.20452353358268738
        ],
        [
            0.0482875294983387,
            -0.7266793847084045,
            -0.20111404359340668
        ],
        [
            0.04280712828040123,
            -0.7584751844406128,
            -0.2064465582370758
        ],
        [
            0.04703777655959129,
            -0.7586656808853149,
            -0.20392608642578125
        ],
        [
            0.046977315098047256,
            -0.7602280378341675,
            -0.2062714546918869
        ],
        [
            0.04242517054080963,
            -0.7613049745559692,
            -0.20910179615020752
        ],
        [
            0.05073188990354538,
            -0.7585362195968628,
            -0.20242832601070404
        ],
        [
            0.05244354531168938,
            -0.7583152055740356,
            -0.2017548531293869
        ],
        [
            0.05206409469246864,
            -0.7596496343612671,
            -0.20297473669052124
        ],
        [
            0.05079153552651405,
            -0.7595303058624268,
            -0.20304825901985168
        ],
        [
            0.04874088987708092,
            -0.7590904235839844,
            -0.20356734097003937
        ],
        [
            0.047819457948207855,
            -0.7571371793746948,
            -0.20385363698005676
        ],
        [
            0.04986915737390518,
            -0.757738471031189,
            -0.20289753377437592
        ],
        [
            0.043955083936452866,
            -0.7562445402145386,
            -0.20631060004234314
        ],
        [
            0.030038127675652504,
            -0.7533822059631348,
            -0.2131475955247879
        ],
        [
            0.03436911106109619,
            -0.7540913820266724,
            -0.2118905931711197
        ],
        [
            0.03293060138821602,
            -0.7583141326904297,
            -0.21101370453834534
        ],
        [
            0.029059305787086487,
            -0.7581214904785156,
            -0.21214082837104797
        ],
        [
            0.04990067332983017,
            -0.7617195844650269,
            -0.2046351581811905
        ],
        [
            0.05260893702507019,
            -0.7632462978363037,
            -0.2042420506477356
        ],
        [
            0.048301536589860916,
            -0.7659481763839722,
            -0.20737893879413605
        ],
        [
            0.04740316420793533,
            -0.7630653381347656,
            -0.2067229449748993
        ],
        [
            0.05532209575176239,
            -0.7654101848602295,
            -0.2042686492204666
        ],
        [
            0.054293662309646606,
            -0.7610207796096802,
            -0.20252865552902222
        ],
        [
            0.056872300803661346,
            -0.7618128061294556,
            -0.20196214318275452
        ],
        [
            0.05200984701514244,
            -0.7565692067146301,
            -0.201793372631073
        ],
        [
            0.054810233414173126,
            -0.7549839019775391,
            -0.20046372711658478
        ],
        [
            0.055188387632369995,
            -0.7576526999473572,
            -0.2015555202960968
        ],
        [
            0.05291508510708809,
            -0.7515798807144165,
            -0.2006763070821762
        ],
        [
            0.04946819320321083,
            -0.7545437812805176,
            -0.2025778740644455
        ],
        [
            0.045720379799604416,
            -0.7526201009750366,
            -0.20494891703128815
        ],
        [
            0.04079065099358559,
            -0.7508989572525024,
            -0.20801369845867157
        ],
        [
            0.04383907467126846,
            -0.745956540107727,
            -0.20525820553302765
        ],
        [
            0.049043379724025726,
            -0.7484478950500488,
            -0.20254096388816833
        ],
        [
            0.04993283003568649,
            -0.7699000835418701,
            -0.20669426023960114
        ],
        [
            0.059506602585315704,
            -0.7572741508483887,
            -0.19971337914466858
        ],
        [
            0.06264796108007431,
            -0.7640879154205322,
            -0.19957232475280762
        ],
        [
            0.05966498330235481,
            -0.7524389028549194,
            -0.19853688776493073
        ],
        [
            0.05776359885931015,
            -0.7477148771286011,
            -0.1979372799396515
        ],
        [
            0.054100390523672104,
            -0.7431259751319885,
            -0.19914217293262482
        ],
        [
            0.0483039915561676,
            -0.7397324442863464,
            -0.20161868631839752
        ],
        [
            0.04507213830947876,
            -0.7143430709838867,
            -0.19253423810005188
        ],
        [
            0.05358382314443588,
            -0.7192959785461426,
            -0.18948015570640564
        ],
        [
            0.053697094321250916,
            -0.8410511016845703,
            -0.20727545022964478
        ],
        [
            0.06243281811475754,
            -0.8408066630363464,
            -0.2053767591714859
        ],
        [
            0.06411950290203094,
            -0.8327882289886475,
            -0.20113489031791687
        ],
        [
            0.06626549363136292,
            -0.8354349136352539,
            -0.20097793638706207
        ],
        [
            0.059991441667079926,
            -0.8362968564033508,
            -0.20391234755516052
        ],
        [
            0.05983900651335716,
            -0.8334767818450928,
            -0.2030940055847168
        ],
        [
            0.0797910988330841,
            -0.8260352611541748,
            -0.18678666651248932
        ],
        [
            0.07430736720561981,
            -0.8278403878211975,
            -0.1909680962562561
        ],
        [
            0.074744313955307,
            -0.8237525820732117,
            -0.18926380574703217
        ],
        [
            0.08171440660953522,
            -0.8190534710884094,
            -0.18594205379486084
        ],
        [
            0.06703656911849976,
            -0.8157525062561035,
            -0.19619518518447876
        ],
        [
            0.07160079479217529,
            -0.8170431852340698,
            -0.193008691072464
        ],
        [
            0.06743215024471283,
            -0.8239887952804565,
            -0.1956571340560913
        ],
        [
            0.06399783492088318,
            -0.8230335712432861,
            -0.19785237312316895
        ],
        [
            0.0601409450173378,
            -0.8223973512649536,
            -0.19959145784378052
        ],
        [
            0.055657483637332916,
            -0.8219850063323975,
            -0.2002357542514801
        ],
        [
            0.056291479617357254,
            -0.8167730569839478,
            -0.19995838403701782
        ],
        [
            0.06162473186850548,
            -0.8160468339920044,
            -0.1986306756734848
        ],
        [
            0.05360976979136467,
            -0.8374693393707275,
            -0.20461606979370117
        ],
        [
            0.046367499977350235,
            -0.835928201675415,
            -0.20359039306640625
        ],
        [
            0.04808926582336426,
            -0.8333075046539307,
            -0.20316678285598755
        ],
        [
            0.054099082946777344,
            -0.8341718912124634,
            -0.20427380502223969
        ],
        [
            0.03878101333975792,
            -0.825936496257782,
            -0.19742508232593536
        ],
        [
            0.03974022716283798,
            -0.8285064697265625,
            -0.19846513867378235
        ],
        [
            0.036042310297489166,
            -0.8297455310821533,
            -0.19941991567611694
        ],
        [
            0.03553631529211998,
            -0.8251771926879883,
            -0.1985902041196823
        ],
        [
            0.037902601063251495,
            -0.8223369121551514,
            -0.19883546233177185
        ],
        [
            0.04012381657958031,
            -0.824379563331604,
            -0.19791115820407867
        ],
        [
            0.05300619453191757,
            -0.8954922556877136,
            -0.1974591761827469
        ],
        [
            0.04781634733080864,
            -0.8786406517028809,
            -0.20593255758285522
        ],
        [
            0.06878853589296341,
            -0.8891146779060364,
            -0.18559692800045013
        ],
        [
            0.08135327696800232,
            -0.8792665004730225,
            -0.17667768895626068
        ],
        [
            0.09082448482513428,
            -0.8653306365013123,
            -0.1687728762626648
        ],
        [
            0.07868378609418869,
            -0.7630592584609985,
            -0.18635526299476624
        ],
        [
            0.08085353672504425,
            -0.753993570804596,
            -0.18031544983386993
        ],
        [
            0.08978818356990814,
            -0.7615154385566711,
            -0.1688479483127594
        ],
        [
            0.08849316835403442,
            -0.7508471608161926,
            -0.16406528651714325
        ],
        [
            0.07993341237306595,
            -0.7431043386459351,
            -0.17642882466316223
        ],
        [
            0.06661975383758545,
            -0.7234740257263184,
            -0.17151761054992676
        ],
        [
            0.07501862943172455,
            -0.732063353061676,
            -0.173521026968956
        ],
        [
            0.08444981276988983,
            -0.7400309443473816,
            -0.15803410112857819
        ],
        [
            0.09274031221866608,
            -0.753401517868042,
            -0.14403918385505676
        ],
        [
            0.09435677528381348,
            -0.7607231140136719,
            -0.15242180228233337
        ],
        [
            0.09810946881771088,
            -0.76883864402771,
            -0.13227851688861847
        ],
        [
            0.08903978765010834,
            -0.745253324508667,
            -0.13204288482666016
        ],
        [
            0.09613296389579773,
            -0.7680829763412476,
            -0.12382209300994873
        ],
        [
            0.07525890320539474,
            -0.706626296043396,
            -0.13021449744701385
        ],
        [
            0.07917371392250061,
            -0.6940387487411499,
            -0.12534351646900177
        ],
        [
            0.09324400126934052,
            -0.7029019594192505,
            -0.11671299487352371
        ],
        [
            0.08953268080949783,
            -0.7147011160850525,
            -0.12109742313623428
        ],
        [
            0.09463956952095032,
            -0.769478440284729,
            -0.16003000736236572
        ],
        [
            0.0946221575140953,
            -0.8333421945571899,
            -0.16705995798110962
        ],
        [
            0.09000994265079498,
            -0.8330258131027222,
            -0.17783638834953308
        ],
        [
            0.09771572053432465,
            -0.8201309442520142,
            -0.16395699977874756
        ],
        [
            0.09497909247875214,
            -0.891499400138855,
            -0.1458984613418579
        ],
        [
            0.08833268284797668,
            -0.8876924514770508,
            -0.16234244406223297
        ],
        [
            0.09597766399383545,
            -0.8723667860031128,
            -0.15661342442035675
        ],
        [
            0.10189643502235413,
            -0.8785377144813538,
            -0.14163781702518463
        ],
        [
            0.06492917984724045,
            -0.9244222044944763,
            -0.1510462462902069
        ],
        [
            0.06066427007317543,
            -0.9132773876190186,
            -0.17541785538196564
        ],
        [
            0.0736418291926384,
            -0.902610182762146,
            -0.16977810859680176
        ],
        [
            0.07923020422458649,
            -0.9109752178192139,
            -0.15007156133651733
        ],
        [
            0.1050475537776947,
            -0.8794284462928772,
            -0.12830689549446106
        ],
        [
            0.1071426272392273,
            -0.8805420398712158,
            -0.10935971140861511
        ],
        [
            0.10322798788547516,
            -0.8958202004432678,
            -0.1019345372915268
        ],
        [
            0.09828366339206696,
            -0.8961312770843506,
            -0.12454179674386978
        ],
        [
            0.09042609483003616,
            -0.9143731594085693,
            -0.09379762411117554
        ],
        [
            0.08674313873052597,
            -0.9162535667419434,
            -0.12105894088745117
        ],
        [
            0.09571248292922974,
            -0.7547601461410522,
            -0.11337632685899734
        ],
        [
            0.09703674167394638,
            -0.7732768058776855,
            -0.11093923449516296
        ],
        [
            0.08558210730552673,
            -0.7290245294570923,
            -0.12742692232131958
        ],
        [
            0.09569574147462845,
            -0.7380799055099487,
            -0.11349646747112274
        ],
        [
            0.07361561805009842,
            -0.9278227090835571,
            -0.08755791932344437
        ],
        [
            0.06828226149082184,
            -0.9313833713531494,
            -0.11860767006874084
        ],
        [
            0.10254928469657898,
            -0.857927680015564,
            -0.0598895438015461
        ],
        [
            0.10392317920923233,
            -0.8753013610839844,
            -0.06775587052106857
        ],
        [
            0.10908719897270203,
            -0.8632634282112122,
            -0.08422727137804031
        ],
        [
            0.10834689438343048,
            -0.8486109972000122,
            -0.07501836121082306
        ],
        [
