{
    "pred_cam": [
        2.55293869972229,
        -0.09177457541227341,
        0.5525754690170288
    ],
    "pred_smpl_params": {
        "global_orient": [
            [
                [
                    0.33926644921302795,
                    -0.10504347831010818,
                    0.9348070621490479
                ],
                [
                    -0.3256359100341797,
                    -0.9454197883605957,
                    0.011945955455303192
                ],
                [
                    0.8825302124023438,
                    -0.308459609746933,
                    -0.35495513677597046
                ]
            ]
        ],
        "body_pose": [
            [
                [
                    0.9905365109443665,
                    -0.13106322288513184,
                    -0.04073914512991905
                ],
                [
                    0.13208326697349548,
                    0.8296267986297607,
                    0.5424697399139404
                ],
                [
                    -0.03729955479502678,
                    -0.5427171587944031,
                    0.8390868902206421
                ]
            ],
            [
                [
                    0.9972789287567139,
                    0.06358972191810608,
                    -0.037297625094652176
                ],
                [
                    -0.03167620673775673,
                    0.8264666199684143,
                    0.56209397315979
                ],
                [
                    0.06656863540410995,
                    -0.5593830347061157,
                    0.8262320160865784
                ]
            ],
            [
                [
                    0.9989612102508545,
                    0.039744358509778976,
                    0.022290656343102455
                ],
                [
                    -0.024992531165480614,
                    0.8868957161903381,
                    -0.46129310131073
                ],
                [
                    -0.03810328245162964,
                    0.46025681495666504,
                    0.8869677186012268
                ]
            ],
            [
                [
                    0.9969685077667236,
                    0.010319076478481293,
                    -0.07711904495954514
                ],
                [
                    -0.0708126351237297,
                    0.5310364961624146,
                    -0.8443848490715027
                ],
                [
                    0.032239750027656555,
                    0.8472861051559448,
                    0.5301573872566223
                ]
            ],
            [
                [
                    0.9788392782211304,
                    -0.20307502150535583,
                    0.025183016434311867
                ],
                [
                    0.1277320235967636,
                    0.5102087259292603,
                    -0.8505125045776367
                ],
                [
                    0.1598692536354065,
                    0.8357317447662354,
                    0.5253515243530273
                ]
            ],
            [
                [
                    0.9977562427520752,
                    0.054437048733234406,
                    0.038974761962890625
                ],
                [
                    -0.05528898537158966,
                    0.998246967792511,
                    0.021124552935361862
                ],
                [
                    -0.03775647282600403,
                    -0.023232029750943184,
                    0.9990169405937195
                ]
            ],
            [
                [
                    0.9804806113243103,
                    0.02223464660346508,
                    0.1953544020652771
                ],
                [
                    -0.040775347501039505,
                    0.9949786067008972,
                    0.09140530973672867
                ],
                [
                    -0.19234108924865723,
                    -0.09758678078651428,
                    0.9764638543128967
                ]
            ],
            [
                [
                    0.9755328297615051,
                    0.10723412781953812,
                    -0.19192834198474884
                ],
                [
                    -0.07842090725898743,
                    0.9852802753448486,
                    0.1518978327512741
                ],
                [
                    0.20539183914661407,
                    -0.13313013315200806,
                    0.9695826768875122
                ]
            ],
            [
                [
                    0.997894287109375,
                    0.03791105002164841,
                    0.052627068012952805
                ],
                [
                    -0.03698987141251564,
                    0.9991468191146851,
                    -0.018369155004620552
                ],
                [
                    -0.05327855795621872,
                    0.016383808106184006,
                    0.9984452128410339
                ]
            ],
            [
                [
                    0.9923059940338135,
                    -0.09660106897354126,
                    -0.07744122296571732
                ],
                [
                    0.10362781584262848,
                    0.9903019666671753,
                    0.09253805130720139
                ],
                [
                    0.06775092333555222,
                    -0.09985111653804779,
                    0.9926931262016296
                ]
            ],
            [
                [
                    0.990780770778656,
                    -0.003608313389122486,
                    -0.13542667031288147
                ],
                [
                    0.015342287719249725,
                    0.9962027668952942,
                    0.08570118248462677
                ],
                [
                    0.13460318744182587,
                    -0.08698884397745132,
                    0.9870738983154297
                ]
            ],
            [
                [
                    0.9728150963783264,
                    0.18348920345306396,
                    -0.14128898084163666
                ],
                [
                    -0.17236709594726562,
                    0.9811477065086365,
                    0.08740028738975525
                ],
                [
                    0.1546623557806015,
                    -0.06067074462771416,
                    0.986102819442749
                ]
            ],
            [
                [
                    0.8154693245887756,
                    0.4632934033870697,
                    -0.34694236516952515
                ],
                [
                    -0.4595966339111328,
                    0.8826585412025452,
                    0.09841107577085495
                ],
                [
                    0.35182487964630127,
                    0.0792023316025734,
                    0.9327090382575989
                ]
            ],
            [
                [
                    0.8475385308265686,
                    -0.36107560992240906,
                    0.38897669315338135
                ],
                [
                    0.36252397298812866,
                    0.9291427135467529,
                    0.07259499281644821
                ],
                [
                    -0.38762718439102173,
                    0.07948634028434753,
                    0.9183828234672546
                ]
            ],
            [
                [
                    0.9911921620368958,
                    0.0828397199511528,
                    -0.10332319140434265
                ],
                [
                    -0.10435264557600021,
                    0.9689352512359619,
                    -0.2242206633090973
                ],
                [
                    0.0815391093492508,
                    0.23302781581878662,
                    0.9690455794334412
                ]
            ],
            [
                [
                    0.48931893706321716,
                    0.7684391736984253,
                    -0.41239336133003235
                ],
                [
                    -0.8349019885063171,
                    0.5494025945663452,
                    0.033097490668296814
                ],
                [
                    0.25200343132019043,
                    0.32811281085014343,
                    0.9104045033454895
                ]
            ],
            [
                [
                    0.7140403985977173,
                    -0.611894965171814,
                    0.34019234776496887
                ],
                [
                    0.6091691851615906,
                    0.7825011610984802,
                    0.12885984778404236
                ],
                [
                    -0.34504958987236023,
                    0.11522354185581207,
                    0.9314849972724915
                ]
            ],
            [
                [
                    0.8262984752655029,
                    -0.09087591618299484,
                    -0.5558528304100037
                ],
                [
                    -0.03336067125201225,
                    0.977268397808075,
                    -0.20936478674411774
                ],
                [
                    0.5622435808181763,
                    0.1915414184331894,
                    0.8044837117195129
                ]
            ],
            [
                [
                    0.8726552128791809,
                    0.08040592074394226,
                    0.48167186975479126
                ],
                [
                    -0.06529246270656586,
                    0.9967067241668701,
                    -0.04808948189020157
                ],
                [
                    -0.48395228385925293,
                    0.010516013018786907,
                    0.8750312328338623
                ]
            ],
            [
                [
                    0.999028205871582,
                    -0.03996603190898895,
                    -0.018587131053209305
                ],
                [
                    0.039862010627985,
                    0.9991876482963562,
                    -0.00593416765332222
                ],
                [
                    0.01880919374525547,
                    0.005187480244785547,
                    0.999809741973877
                ]
            ],
            [
                [
                    0.9927326440811157,
                    0.11411596089601517,
                    -0.03820390999317169
                ],
                [
                    -0.11989523470401764,
                    0.9651950597763062,
                    -0.23242983222007751
                ],
                [
                    0.010350270196795464,
                    0.23532111942768097,
                    0.9718626141548157
                ]
            ],
            [
                [
                    0.9674614071846008,
                    0.20892885327339172,
                    -0.1427137404680252
                ],
                [
                    -0.1866832822561264,
                    0.9701558947563171,
                    0.15474815666675568
                ],
                [
                    0.17078591883182526,
                    -0.1230705976486206,
                    0.9775919318199158
                ]
            ],
            [
                [
                    0.9768168926239014,
                    -0.20368735492229462,
                    0.06588083505630493
                ],
                [
                    0.18536651134490967,
                    0.9587114453315735,
                    0.21566571295261383
                ],
                [
                    -0.1070890799164772,
                    -0.19845379889011383,
                    0.9742423295974731
                ]
            ]
        ],
        "betas": [
            -0.026920095086097717,
            0.22188720107078552,
            -0.31431514024734497,
            -0.16844722628593445,
            0.19002288579940796,
            -0.0029762499034404755,
            -0.1682651937007904,
            0.10490083694458008,
            0.17635150253772736,
            -0.08965450525283813
        ]
    },
    "pred_cam_t": [
        -0.09177457541227341,
        0.5525754690170288,
        15.300993919372559
    ],
    "focal_length": [
        5000.0,
        5000.0
    ],
    "pred_keypoints_3d": [
        [
            0.27120667695999146,
            -0.706861674785614,
            -0.19045743346214294
        ],
        [
            0.0934128612279892,
            -0.671484112739563,
            -0.13582175970077515
        ],
        [
            0.055728089064359665,
            -0.5256139039993286,
            -0.2711830735206604
        ],
        [
            0.0699499100446701,
            -0.2688220739364624,
            -0.2731250822544098
        ],
        [
            0.22205133736133575,
            -0.06245197355747223,
            -0.25081345438957214
        ],
        [
            0.11840233206748962,
            -0.6087002158164978,
            0.05707395449280739
        ],
        [
            0.07723976671695709,
            -0.3562069535255432,
            0.12126325070858002
        ],
        [
            0.15732884407043457,
            -0.12741883099079132,
            0.05699499696493149
        ],
        [
            -0.001658169087022543,
            -0.21891775727272034,
            0.02639453485608101
        ],
        [
            -0.02002023532986641,
            -0.11238575726747513,
            -0.003023674711585045
        ],
        [
            0.18447646498680115,
            0.21416789293289185,
            -0.0324956439435482
        ],
        [
            0.07323230803012848,
            0.5010385513305664,
            0.22709718346595764
        ],
        [
            0.02373221144080162,
            -0.15579074621200562,
            0.11794306337833405
        ],
        [
            0.2718704640865326,
            0.11308953166007996,
            0.21692785620689392
        ],
        [
            0.12110526859760284,
            0.42759519815444946,
            0.41771936416625977
        ],
        [
            0.25158971548080444,
            -0.7595683336257935,
            -0.2145015001296997
        ],
        [
            0.27261239290237427,
            -0.7537435293197632,
            -0.15170249342918396
        ],
        [
            0.15340186655521393,
            -0.7923784255981445,
            -0.22221368551254272
        ],
        [
            0.20041227340698242,
            -0.78023362159729,
            -0.08478645980358124
        ],
        [
            0.29324889183044434,
            0.5237880945205688,
            0.42301642894744873
        ],
        [
            0.2620716392993927,
            0.4887956976890564,
            0.4913780093193054
        ],
        [
            0.0589887797832489,
            0.4345242977142334,
            0.44645172357559204
        ],
        [
            0.22739815711975098,
            0.6143108010292053,
            0.16173920035362244
        ],
        [
            0.14496669173240662,
            0.6263905763626099,
            0.14064142107963562
        ],
        [
            0.018450453877449036,
            0.5164817571640015,
            0.2698618173599243
        ],
        [
            0.049904413521289825,
            0.4583136737346649,
            0.18821504712104797
        ],
        [
            0.16325564682483673,
            0.15900538861751556,
            -0.040454138070344925
        ],
        [
            -0.07367817312479019,
            -0.20134587585926056,
            -0.10585400462150574
        ],
        [
            0.014362955465912819,
            -0.2844436764717102,
            0.16220974922180176
        ],
        [
            0.2598165273666382,
            0.07571955025196075,
            0.2133917510509491
        ],
        [
            0.11002753674983978,
            0.3857264816761017,
            0.40998825430870056
        ],
        [
            0.23475292325019836,
            -0.09259574860334396,
            -0.2404877245426178
        ],
        [
            0.08856914937496185,
            -0.28581321239471436,
            -0.29867351055145264
        ],
        [
            0.06014375388622284,
            -0.5703623294830322,
            -0.2542878985404968
        ],
        [
            0.10973921418190002,
            -0.6359953880310059,
            0.025911405682563782
        ],
        [
            0.12164509296417236,
            -0.37648913264274597,
            0.12699751555919647
        ],
        [
            0.16823288798332214,
            -0.14488911628723145,
            0.05498023331165314
        ],
        [
            0.10351593792438507,
            -0.6551083326339722,
            -0.12779372930526733
        ],
        [
            0.2154676914215088,
            -0.8254653215408325,
            -0.15756231546401978
        ],
        [
            -0.029683781787753105,
            -0.2431912124156952,
            0.028202977031469345
        ],
        [
            0.08460889756679535,
            -0.6009608507156372,
            -0.11426578462123871
        ],
        [
            0.0034379884600639343,
            -0.46025076508522034,
            -0.05952015519142151
        ],
        [
            0.1981724500656128,
            -0.7128992080688477,
            -0.15764352679252625
        ],
        [
            0.21491104364395142,
            -0.8461422324180603,
            -0.16065873205661774
        ]
    ],
    "pred_vertices": [
        [
            0.29639750719070435,
            -0.7955076098442078,
            -0.1442340463399887
        ],
        [
            0.293891966342926,
            -0.7802912592887878,
            -0.15089693665504456
        ],
        [
            0.28850090503692627,
            -0.7799123525619507,
            -0.1377393752336502
        ],
        [
            0.28702592849731445,
            -0.7929191589355469,
            -0.12965090572834015
        ],
        [
            0.288181871175766,
            -0.7693746089935303,
            -0.14265640079975128
        ],
        [
            0.291396826505661,
            -0.7686538100242615,
            -0.15421991050243378
        ],
        [
            0.2793736159801483,
            -0.7781453728675842,
            -0.12753506004810333
        ],
        [
            0.2750096619129181,
            -0.7882636785507202,
            -0.11938075721263885
        ],
        [
            0.2555962800979614,
            -0.7496353387832642,
            -0.11650285869836807
        ],
        [
            0.24695193767547607,
            -0.7493946552276611,
            -0.10960155725479126
        ],
        [
            0.25364601612091064,
            -0.7601176500320435,
            -0.11119041591882706
        ],
        [
            0.26007941365242004,
            -0.7578112483024597,
            -0.11869736760854721
        ],
        [
            0.24103915691375732,
            -0.7281535863876343,
            -0.11510716378688812
        ],
        [
            0.24243474006652832,
            -0.716930627822876,
            -0.1227465271949768
        ],
        [
            0.23088251054286957,
            -0.7128360271453857,
            -0.11721969395875931
        ],
        [
            0.2284015417098999,
            -0.7240842580795288,
            -0.11020220071077347
        ],
        [
            0.25847482681274414,
            -0.7223533391952515,
            -0.16111209988594055
        ],
        [
            0.25635766983032227,
            -0.7164790630340576,
            -0.15525443851947784
        ],
        [
            0.2595370411872864,
            -0.7224537134170532,
            -0.1517716497182846
        ],
        [
            0.2609056830406189,
            -0.7278283834457397,
            -0.15821008384227753
        ],
        [
            0.2654688358306885,
            -0.7293471097946167,
            -0.17238497734069824
        ],
        [
            0.2652592062950134,
            -0.7356765270233154,
            -0.1707397997379303
        ],
        [
            0.2700718939304352,
            -0.7373210191726685,
            -0.17702710628509521
        ],
        [
            0.27109000086784363,
            -0.7298331260681152,
            -0.17814861238002777
        ],
        [
            0.25484633445739746,
            -0.7179027199745178,
            -0.1659897118806839
        ],
        [
            0.2524382770061493,
            -0.7119587063789368,
            -0.1595855951309204
        ],
        [
            0.26089414954185486,
            -0.7271273136138916,
            -0.16640622913837433
        ],
        [
            0.2604391872882843,
            -0.7225407958030701,
            -0.16878309845924377
        ],
        [
            0.266046941280365,
            -0.7128056287765503,
            -0.17437149584293365
        ],
        [
            0.2673320472240448,
            -0.7175355553627014,
            -0.17265096306800842
        ],
        [
            0.27287349104881287,
            -0.7158036828041077,
            -0.17801642417907715
        ],
        [
            0.26937776803970337,
            -0.711270809173584,
            -0.1786838173866272
        ],
        [
            0.2585620880126953,
            -0.715952455997467,
            -0.16893251240253448
        ],
        [
            0.26243093609809875,
            -0.717329204082489,
            -0.16940848529338837
        ],
        [
            0.2621232271194458,
            -0.7131460905075073,
            -0.1722259521484375
        ],
        [
            0.25803342461586,
            -0.7126172780990601,
            -0.17238539457321167
        ],
        [
            0.265999972820282,
            -0.724370539188385,
            -0.17365041375160217
        ],
        [
            0.2721238136291504,
            -0.7232392430305481,
            -0.17858144640922546
        ],
        [
            0.27781522274017334,
            -0.7218353152275085,
            -0.18439391255378723
        ],
        [
            0.2772122919559479,
            -0.7129150032997131,
            -0.18404129147529602
        ],
        [
            0.2480616420507431,
            -0.7062686681747437,
            -0.14227361977100372
        ],
        [
            0.2532915771007538,
            -0.7110247611999512,
            -0.1486717164516449
        ],
        [
            0.25004446506500244,
            -0.7067034244537354,
            -0.15326319634914398
        ],
        [
            0.24652139842510223,
            -0.7026194930076599,
            -0.14757408201694489
        ],
        [
            0.2538788616657257,
            -0.7113358378410339,
            -0.1700425148010254
        ],
        [
            0.248101145029068,
            -0.6968839764595032,
            -0.16554519534111023
        ],
        [
            0.2500830292701721,
            -0.70010906457901,
            -0.16559413075447083
        ],
        [
            0.2521367073059082,
            -0.6996789574623108,
            -0.172525554895401
        ],
        [
            0.25036028027534485,
            -0.6966631412506104,
            -0.1717882752418518
        ],
        [
            0.23551616072654724,
            -0.6969199776649475,
            -0.1343340128660202
        ],
        [
            0.2374204695224762,
            -0.6942853927612305,
            -0.1408148556947708
        ],
        [
            0.23215621709823608,
            -0.6893779039382935,
            -0.13923043012619019
        ],
        [
            0.22851455211639404,
            -0.6913987398147583,
            -0.13293395936489105
        ],
        [
            0.22807428240776062,
            -0.6850008368492126,
            -0.14072208106517792
        ],
        [
            0.2219150960445404,
            -0.6861050128936768,
            -0.13284796476364136
        ],
        [
            0.21329665184020996,
            -0.6739685535430908,
            -0.1400069147348404
        ],
        [
            0.21708713471889496,
            -0.6795483827590942,
            -0.1362360417842865
        ],
        [
            0.224863663315773,
            -0.6800756454467773,
            -0.14401476085186005
        ],
        [
            0.22364963591098785,
            -0.674554705619812,
            -0.14949023723602295
        ],
        [
            0.22958287596702576,
            -0.6758795976638794,
            -0.1635897010564804
        ],
        [
            0.22972290217876434,
            -0.6740143895149231,
            -0.1696637123823166
        ],
        [
            0.22364622354507446,
            -0.6640654802322388,
            -0.16384686529636383
        ],
        [
            0.22367490828037262,
            -0.6682295203208923,
            -0.15693847835063934
        ],
        [
            0.24170982837677002,
            -0.6932905316352844,
            -0.16402417421340942
        ],
        [
            0.2403694987297058,
            -0.6943382620811462,
            -0.15956109762191772
        ],
        [
            0.243068128824234,
            -0.6945608258247375,
            -0.16001544892787933
        ],
        [
            0.24525310099124908,
            -0.6944094896316528,
            -0.1648699790239334
        ],
        [
            0.2396584153175354,
            -0.694628119468689,
            -0.15571121871471405
        ],
        [
            0.2393537014722824,
            -0.6945438385009766,
            -0.15397265553474426
        ],
        [
            0.24089673161506653,
            -0.695124626159668,
            -0.15454411506652832
        ],
        [
            0.2405177503824234,
            -0.69496750831604,
            -0.15598446130752563
        ],
        [
            0.24036993086338043,
            -0.6945852041244507,
            -0.15797847509384155
        ],
        [
            0.23954007029533386,
            -0.692847728729248,
            -0.15892399847507477
        ],
        [
            0.23949837684631348,
            -0.6938138604164124,
            -0.15660810470581055
        ],
        [
            0.24060961604118347,
            -0.6911364197731018,
            -0.16295479238033295
        ],
        [
            0.2429986596107483,
            -0.6867736577987671,
            -0.1768202781677246
        ],
        [
            0.2428993582725525,
            -0.6873315572738647,
            -0.17270812392234802
        ],
        [
            0.24376189708709717,
            -0.6916427612304688,
            -0.17413468658924103
        ],
        [
            0.24396544694900513,
            -0.6915700435638428,
            -0.17770035564899445
        ],
        [
            0.24289852380752563,
            -0.6963551044464111,
            -0.15685921907424927
        ],
        [
            0.24374166131019592,
            -0.6975796222686768,
            -0.15431344509124756
        ],
        [
            0.24686995148658752,
            -0.6987770795822144,
            -0.15899638831615448
        ],
        [
            0.24483907222747803,
            -0.6967300176620483,
            -0.15972855687141418
        ],
        [
            0.24528075754642487,
            -0.6990741491317749,
            -0.1517999768257141
        ],
        [
            0.24157947301864624,
            -0.696260929107666,
            -0.15236377716064453
        ],
        [
            0.24224753677845,
            -0.6971603035926819,
            -0.1494312882423401
        ],
        [
            0.23840874433517456,
            -0.6931453943252563,
            -0.15437035262584686
        ],
        [
            0.23716044425964355,
            -0.6920832991600037,
            -0.15137973427772522
        ],
        [
            0.23937302827835083,
            -0.6938120126724243,
            -0.15125243365764618
        ],
        [
            0.23544448614120483,
            -0.6893136501312256,
            -0.15316790342330933
        ],
        [
            0.2377518117427826,
            -0.6912615895271301,
            -0.15686661005020142
        ],
        [
            0.23831085860729218,
            -0.6887123584747314,
            -0.16081154346466064
        ],
        [
            0.2393360286951065,
            -0.6860517263412476,
            -0.16591523587703705
        ],
        [
            0.23514524102210999,
            -0.6830226182937622,
            -0.16248708963394165
        ],
        [
            0.23494282364845276,
            -0.6860572099685669,
            -0.15710435807704926
        ],
        [
            0.24854698777198792,
            -0.7026132345199585,
            -0.15719079971313477
        ],
        [
            0.2385571300983429,
            -0.6938509941101074,
            -0.14673754572868347
        ],
        [
            0.24229148030281067,
            -0.6993451118469238,
            -0.14381101727485657
        ],
        [
            0.23535498976707458,
            -0.690263032913208,
            -0.14627967774868011
        ],
        [
            0.23246198892593384,
            -0.6867121458053589,
            -0.14785608649253845
        ],
        [
            0.23056292533874512,
            -0.6829465627670288,
            -0.15168821811676025
        ],
        [
            0.22994303703308105,
            -0.6791683435440063,
            -0.15748216211795807
        ],
        [
            0.21096840500831604,
            -0.6610233783721924,
            -0.15749667584896088
        ],
        [
            0.21238601207733154,
            -0.6664024591445923,
            -0.1489969938993454
        ],
        [
            0.2850169837474823,
            -0.7632652521133423,
            -0.15484721958637238
        ],
        [
            0.2849304676055908,
            -0.7628613710403442,
            -0.1458032876253128
        ],
        [
            0.27734458446502686,
            -0.7579598426818848,
            -0.14346370100975037
        ],
        [
            0.2787742018699646,
            -0.7597012519836426,
            -0.1416594535112381
        ],
        [
            0.28073686361312866,
            -0.7602837085723877,
            -0.147915318608284
        ],
        [
            0.2787758409976959,
            -0.7579266428947449,
            -0.14796392619609833
        ],
        [
            0.2644410729408264,
            -0.7573974132537842,
            -0.1260945051908493
        ],
        [
            0.2679900825023651,
            -0.7571367621421814,
            -0.13196402788162231
        ],
        [
            0.26483920216560364,
            -0.7545324563980103,
            -0.1311723291873932
        ],
        [
            0.2609807550907135,
            -0.7517232894897461,
            -0.12408265471458435
        ],
        [
            0.26512765884399414,
            -0.7453919649124146,
            -0.13980957865715027
        ],
        [
            0.2640920877456665,
            -0.7476143836975098,
            -0.13491009175777435
        ],
        [
            0.2686366140842438,
            -0.7524946928024292,
            -0.13954079151153564
        ],
        [
            0.2694757580757141,
            -0.7508894205093384,
            -0.1430603712797165
        ],
        [
            0.26998475193977356,
            -0.7498891353607178,
            -0.14713811874389648
        ],
        [
            0.2698149085044861,
            -0.7497037649154663,
            -0.15147864818572998
        ],
        [
            0.26698625087738037,
            -0.7452558279037476,
            -0.1508549600839615
        ],
        [
            0.26632893085479736,
            -0.7448602914810181,
            -0.1454622745513916
        ],
        [
            0.2805919051170349,
            -0.7612178921699524,
            -0.15450434386730194
        ],
        [
            0.2778913378715515,
            -0.761191725730896,
            -0.1612371802330017
        ],
        [
            0.27644696831703186,
            -0.7586239576339722,
            -0.1596628874540329
        ],
        [
            0.27892929315567017,
            -0.7583054304122925,
            -0.15395395457744598
        ],
        [
            0.2661115527153015,
            -0.756134033203125,
            -0.16769099235534668
        ],
        [
            0.26860037446022034,
            -0.7577046155929565,
            -0.16696545481681824
        ],
        [
            0.269407719373703,
            -0.7586039304733276,
            -0.17076866328716278
        ],
        [
            0.26621538400650024,
            -0.7551380395889282,
            -0.1710810512304306
        ],
        [
            0.2652759850025177,
            -0.7523673176765442,
            -0.1688123345375061
        ],
        [
            0.2658749222755432,
            -0.7543812990188599,
            -0.1665448695421219
        ],
        [
            0.3029022812843323,
            -0.8149241209030151,
            -0.1528608351945877
        ],
        [
            0.30166715383529663,
            -0.7971382141113281,
            -0.15975528955459595
        ],
        [
            0.2939832806587219,
            -0.8129506707191467,
            -0.13473592698574066
        ],
        [
            0.282085657119751,
            -0.8079705238342285,
            -0.12161411345005035
        ],
        [
            0.2697998881340027,
            -0.7994641065597534,
            -0.11097463965415955
        ],
        [
            0.23333746194839478,
            -0.7033809423446655,
            -0.12594887614250183
        ],
        [
            0.22427566349506378,
            -0.6983221173286438,
            -0.12272856384515762
        ],
        [
            0.21938475966453552,
            -0.7092918753623962,
            -0.11273640394210815
        ],
        [
            0.21008920669555664,
            -0.7028079032897949,
            -0.11262590438127518
        ],
        [
            0.21570056676864624,
            -0.6914205551147461,
            -0.12302064895629883
        ],
        [
            0.2019171118736267,
            -0.677092432975769,
            -0.13237176835536957
        ],
        [
            0.20817621052265167,
            -0.6838904023170471,
            -0.12604109942913055
        ],
        [
            0.1998012363910675,
            -0.6967235803604126,
            -0.114495649933815
        ],
        [
            0.1944722980260849,
            -0.7136919498443604,
            -0.10418341308832169
        ],
        [
            0.20567485690116882,
            -0.7166070938110352,
            -0.10422658175230026
        ],
        [
            0.19187869131565094,
            -0.7328344583511353,
            -0.09807349741458893
        ],
        [
            0.18022651970386505,
            -0.712796688079834,
            -0.1043892651796341
        ],
        [
            0.18357810378074646,
            -0.7361937761306763,
            -0.09824756532907486
        ],
        [
            0.16514064371585846,
            -0.6803827881813049,
            -0.11433309316635132
        ],
        [
            0.15839789807796478,
            -0.6730704307556152,
            -0.10878796875476837
        ],
        [
            0.1516209989786148,
            -0.6848161220550537,
            -0.09745196253061295
        ],
        [
            0.15937721729278564,
            -0.6921021938323975,
            -0.10154752433300018
        ],
        [
            0.2163158506155014,
            -0.7200005054473877,
            -0.10578738898038864
        ],
        [
            0.2522083520889282,
            -0.7728993892669678,
            -0.1077580451965332
        ],
        [
            0.26073527336120605,
            -0.7683820724487305,
            -0.11496428400278091
        ],
        [
            0.24412000179290771,
            -0.7631187438964844,
            -0.10451401025056839
        ],
        [
            0.2649186849594116,
            -0.8329676389694214,
            -0.10168205201625824
        ],
        [
            0.2763502895832062,
            -0.8216838836669922,
            -0.11120332777500153
        ],
        [
            0.26492881774902344,
            -0.8109487295150757,
            -0.10256010293960571
        ],
        [
            0.2557179927825928,
            -0.8230459690093994,
            -0.09419915080070496
        ],
        [
            0.2808789610862732,
            -0.8616421818733215,
            -0.13258253037929535
        ],
        [
            0.29580748081207275,
            -0.8394322395324707,
            -0.14143289625644684
        ],
        [
            0.28688669204711914,
            -0.8320130705833435,
            -0.1268901377916336
        ],
        [
            0.27543577551841736,
            -0.8489600419998169,
            -0.11800622940063477
        ],
        [
            0.24548250436782837,
            -0.8296494483947754,
            -0.0885465145111084
        ],
        [
            0.23051704466342926,
            -0.8389049768447876,
            -0.08261104673147202
        ],
        [
            0.23101314902305603,
            -0.8563184142112732,
            -0.08558188378810883
        ],
        [
            0.25001540780067444,
            -0.847130537033081,
            -0.0934106856584549
        ],
        [
            0.23136582970619202,
            -0.8777564764022827,
            -0.09644695371389389
        ],
        [
            0.25435739755630493,
            -0.8664276599884033,
            -0.10609345138072968
        ],
        [
            0.16818715631961823,
            -0.7294526100158691,
            -0.09667059779167175
        ],
        [
            0.17481505870819092,
            -0.746441125869751,
            -0.0957910567522049
        ],
        [
            0.16937583684921265,
            -0.7010467052459717,
            -0.10609417408704758
        ],
        [
            0.16065731644630432,
            -0.7151417136192322,
            -0.09666010737419128
        ],
        [
            0.22906918823719025,
            -0.8938546180725098,
            -0.11327183991670609
        ],
        [
            0.25706979632377625,
            -0.8825229406356812,
            -0.12369745969772339
        ],
        [
            0.17609931528568268,
            -0.8424583077430725,
            -0.07827196270227432
        ],
        [
            0.19178391993045807,
            -0.853861927986145,
            -0.07851859927177429
        ],
        [
            0.20064426958560944,
            -0.8351644277572632,
            -0.07648472487926483
        ],
        [
            0.18506932258605957,
            -0.8266862630844116,
            -0.07613004744052887
        ],
        [
            0.16532889008522034,
            -0.8584206104278564,
            -0.08458679169416428
        ],
        [
