{
    "pred_cam": [
        2.6331329345703125,
        -0.11915062367916107,
        0.5372970104217529
    ],
    "pred_smpl_params": {
        "global_orient": [
            [
                [
                    0.011183548718690872,
                    -0.0969267338514328,
                    0.9952287077903748
                ],
                [
                    -0.40908125042915344,
                    -0.9086330533027649,
                    -0.08389614522457123
                ],
                [
                    0.9124294519424438,
                    -0.4061911106109619,
                    -0.04981265217065811
                ]
            ]
        ],
        "body_pose": [
            [
                [
                    0.9815660715103149,
                    -0.18126213550567627,
                    -0.060597848147153854
                ],
                [
                    0.17907342314720154,
                    0.7614313364028931,
                    0.6230208277702332
                ],
                [
                    -0.06678898632526398,
                    -0.6223875880241394,
                    0.779854416847229
                ]
            ],
            [
                [
                    0.9995394945144653,
                    0.014598555862903595,
                    -0.026602044701576233
                ],
                [
                    0.006746806204319,
                    0.7478073239326477,
                    0.6638815402984619
                ],
                [
                    0.029584914445877075,
                    -0.6637552976608276,
                    0.7473644614219666
                ]
            ],
            [
                [
                    0.999334990978241,
                    0.032579485327005386,
                    -0.016374293714761734
                ],
                [
                    -0.03638353943824768,
                    0.8613569736480713,
                    -0.5066956877708435
                ],
                [
                    -0.0024037722032517195,
                    0.5069544911384583,
                    0.861969530582428
                ]
            ],
            [
                [
                    0.9962936043739319,
                    0.030659550800919533,
                    -0.08036862313747406
                ],
                [
                    -0.08497975021600723,
                    0.49556267261505127,
                    -0.86440509557724
                ],
                [
                    0.013325409963726997,
                    0.8680309057235718,
                    0.4963313639163971
                ]
            ],
            [
                [
                    0.9755164980888367,
                    -0.21860992908477783,
                    0.024025164544582367
                ],
                [
                    0.11653425544500351,
                    0.4211669862270355,
                    -0.8994654417037964
                ],
                [
                    0.1865134835243225,
                    0.880243182182312,
                    0.4363308846950531
                ]
            ],
            [
                [
                    0.9979720711708069,
                    0.06361179053783417,
                    0.0022760687861591578
                ],
                [
                    -0.06361877173185349,
                    0.997969388961792,
                    0.00314447027631104
                ],
                [
                    -0.0020714213605970144,
                    -0.0032828946132212877,
                    0.9999924898147583
                ]
            ],
            [
                [
                    0.9820255637168884,
                    0.02151593379676342,
                    0.18751749396324158
                ],
                [
                    -0.034873705357313156,
                    0.9970599412918091,
                    0.06822935491800308
                ],
                [
                    -0.1854981780052185,
                    -0.07354240119457245,
                    0.9798886775970459
                ]
            ],
            [
                [
                    0.9776175022125244,
                    0.10678122937679291,
                    -0.18127821385860443
                ],
                [
                    -0.07995899766683578,
                    0.9855502247810364,
                    0.14932268857955933
                ],
                [
                    0.19460365176200867,
                    -0.13148565590381622,
                    0.9720292687416077
                ]
            ],
            [
                [
                    0.9987181425094604,
                    0.04908658191561699,
                    0.012354280799627304
                ],
                [
                    -0.048438481986522675,
                    0.9976625442504883,
                    -0.048198454082012177
                ],
                [
                    -0.014691301621496677,
                    0.04753824695944786,
                    0.9987613558769226
                ]
            ],
            [
                [
                    0.9952452778816223,
                    -0.08430267870426178,
                    -0.048782940953969955
                ],
                [
                    0.0888894647359848,
                    0.9908983707427979,
                    0.10109008848667145
                ],
                [
                    0.03981676697731018,
                    -0.10494573414325714,
                    0.9936805367469788
                ]
            ],
            [
                [
                    0.9920335412025452,
                    -0.007224271539598703,
                    -0.12576673924922943
                ],
                [
                    0.017400532960891724,
                    0.9966426491737366,
                    0.08000440895557404
                ],
                [
                    0.1247665211558342,
                    -0.08155546337366104,
                    0.9888286590576172
                ]
            ],
            [
                [
                    0.9807058572769165,
                    0.15575538575649261,
                    -0.11813634634017944
                ],
                [
                    -0.15286368131637573,
                    0.9876890778541565,
                    0.03321213647723198
                ],
                [
                    0.12185493856668472,
                    -0.014512580819427967,
                    0.9924418330192566
                ]
            ],
            [
                [
                    0.8059787154197693,
                    0.47824859619140625,
                    -0.34882187843322754
                ],
                [
                    -0.47336676716804504,
                    0.8745496869087219,
                    0.10529344528913498
                ],
                [
                    0.35541853308677673,
                    0.08025642484426498,
                    0.9312554001808167
                ]
            ],
            [
                [
                    0.869202196598053,
                    -0.3423195481300354,
                    0.3567981421947479
                ],
                [
                    0.33807864785194397,
                    0.9380155205726624,
                    0.0763523206114769
                ],
                [
                    -0.36081910133361816,
                    0.05426023527979851,
                    0.9310560822486877
                ]
            ],
            [
                [
                    0.9958924055099487,
                    0.0786818116903305,
                    -0.04480476304888725
                ],
                [
                    -0.08825792372226715,
                    0.9540648460388184,
                    -0.28630533814430237
                ],
                [
                    0.020219627767801285,
                    0.28908368945121765,
                    0.9570901989936829
                ]
            ],
            [
                [
                    0.5372282862663269,
                    0.7459672093391418,
                    -0.39359715580940247
                ],
                [
                    -0.7843444347381592,
                    0.6134528517723083,
                    0.09208327531814575
                ],
                [
                    0.31014442443847656,
                    0.25924602150917053,
                    0.9146594405174255
                ]
            ],
            [
                [
                    0.7229664325714111,
                    -0.5912599563598633,
                    0.3573950231075287
                ],
                [
                    0.5961997509002686,
                    0.7953079342842102,
                    0.10968634486198425
                ],
                [
                    -0.3490922451019287,
                    0.13377927243709564,
                    0.9274899959564209
                ]
            ],
            [
                [
                    0.8153398036956787,
                    -0.1396067589521408,
                    -0.5618993043899536
                ],
                [
                    0.06675437092781067,
                    0.9866891503334045,
                    -0.14828447997570038
                ],
                [
                    0.5751215219497681,
                    0.08339299261569977,
                    0.8138062953948975
                ]
            ],
            [
                [
                    0.8783950209617615,
                    0.04917944595217705,
                    0.47539833188056946
                ],
                [
                    -0.01766274683177471,
                    0.9973526000976562,
                    -0.07053951174020767
                ],
                [
                    -0.477608859539032,
                    0.053564708679914474,
                    0.8769382238388062
                ]
            ],
            [
                [
                    0.9979466199874878,
                    -0.06237592175602913,
                    -0.014555773697793484
                ],
                [
                    0.06177854910492897,
                    0.997350811958313,
                    -0.038402896374464035
                ],
                [
                    0.01691262796521187,
                    0.03742480278015137,
                    0.9991563558578491
                ]
            ],
            [
                [
                    0.9948754906654358,
                    0.09800355136394501,
                    -0.024859309196472168
                ],
                [
                    -0.10102593898773193,
                    0.9734199047088623,
                    -0.205541729927063
                ],
                [
                    0.004054727032780647,
                    0.20699988305568695,
                    0.97833251953125
                ]
            ],
            [
                [
                    0.970153272151947,
                    0.20659348368644714,
                    -0.12697149813175201
                ],
                [
                    -0.18447363376617432,
                    0.9686267971992493,
                    0.16652798652648926
                ],
                [
                    0.15739159286022186,
                    -0.13813477754592896,
                    0.9778274893760681
                ]
            ],
            [
                [
                    0.9755479097366333,
                    -0.19552412629127502,
                    0.10038136690855026
                ],
                [
                    0.17260406911373138,
                    0.9642990231513977,
                    0.2008361965417862
                ],
                [
                    -0.1360659897327423,
                    -0.17859913408756256,
                    0.9744681715965271
                ]
            ]
        ],
        "betas": [
            0.027118265628814697,
            0.31213313341140747,
            -0.23796691000461578,
            -0.1556832492351532,
            0.18279223144054413,
            -0.034097276628017426,
            -0.22263950109481812,
            0.13701486587524414,
            0.18423472344875336,
            -0.06189548969268799
        ]
    },
    "pred_cam_t": [
        -0.11915062367916107,
        0.5372970104217529,
        14.834989547729492
    ],
    "focal_length": [
        5000.0,
        5000.0
    ],
    "pred_keypoints_3d": [
        [
            0.3143680691719055,
            -0.6791103482246399,
            -0.12777437269687653
        ],
        [
            0.12711694836616516,
            -0.6641032695770264,
            -0.12943029403686523
        ],
        [
            0.11924108862876892,
            -0.517888605594635,
            -0.2682378888130188
        ],
        [
            0.13236704468727112,
            -0.2601703107357025,
            -0.27287670969963074
        ],
        [
            0.26493126153945923,
            -0.047827720642089844,
            -0.2094193398952484
        ],
        [
            0.09972739219665527,
            -0.6048964262008667,
            0.06507666409015656
        ],
        [
            0.057573866099119186,
            -0.35163652896881104,
            0.12984898686408997
        ],
        [
            0.18310460448265076,
            -0.133635014295578,
            0.12339288741350174
        ],
        [
            -0.0016890098340809345,
            -0.21969027817249298,
            0.026025112718343735
        ],
        [
            0.0006277826614677906,
            -0.110263891518116,
            0.0019539743661880493
        ],
        [
            0.2766622304916382,
            0.15480029582977295,
            0.06833169609308243
        ],
        [
            0.1253041923046112,
            0.43581676483154297,
            0.3170401155948639
        ],
        [
            -0.00029825838282704353,
            -0.1646234393119812,
            0.12598414719104767
        ],
        [
            0.2580726742744446,
            0.03264850378036499,
            0.32463470101356506
        ],
        [
            0.10642951726913452,
            0.3608139753341675,
            0.5061457753181458
        ],
        [
            0.31080111861228943,
            -0.7296938896179199,
            -0.16165190935134888
        ],
        [
            0.309917151927948,
            -0.7299742698669434,
            -0.09514316916465759
        ],
        [
            0.22550788521766663,
            -0.77107834815979,
            -0.2045401632785797
        ],
        [
            0.22489109635353088,
            -0.7725430727005005,
            -0.05857054889202118
        ],
        [
            0.28067392110824585,
            0.42399945855140686,
            0.5764099359512329
        ],
        [
            0.22317297756671906,
            0.3920823931694031,
            0.6266266107559204
        ],
        [
            0.04013147950172424,
            0.376767098903656,
            0.5151411294937134
        ],
        [
            0.3075063228607178,
            0.5246233940124512,
            0.32271403074264526
        ],
        [
            0.2399318367242813,
            0.5533691048622131,
            0.27742788195610046
        ],
        [
            0.06171242892742157,
            0.457186222076416,
            0.3412612974643707
        ],
        [
            0.11070488393306732,
            0.4010874032974243,
            0.2667853832244873
        ],
        [
            0.24828198552131653,
            0.10770842432975769,
            0.04862124100327492
        ],
        [
            -0.029157491400837898,
            -0.18586952984333038,
            -0.12036427110433578
        ],
        [
            -0.03821679577231407,
            -0.29318538308143616,
            0.15366992354393005
        ],
        [
            0.24113821983337402,
            -0.0006274713668972254,
            0.31308794021606445
        ],
        [
            0.09167544543743134,
            0.32182222604751587,
            0.49070602655410767
        ],
        [
            0.2750713527202606,
            -0.0779232457280159,
            -0.19568046927452087
        ],
        [
            0.15727193653583527,
            -0.2769138813018799,
            -0.29172077775001526
        ],
        [
            0.12128636986017227,
            -0.5611991286277771,
            -0.25154221057891846
        ],
        [
            0.1004164069890976,
            -0.6318725347518921,
            0.03260883688926697
        ],
        [
            0.09541389346122742,
            -0.3766075074672699,
            0.1484176218509674
        ],
        [
            0.19219407439231873,
            -0.15199516713619232,
            0.12379700690507889
        ],
        [
            0.1330171823501587,
            -0.6479644179344177,
            -0.11881073564291
        ],
        [
            0.2680877447128296,
            -0.8061323165893555,
            -0.12613719701766968
        ],
        [
            -0.033637888729572296,
            -0.23965531587600708,
            0.016543036326766014
        ],
        [
            0.11010058224201202,
            -0.5942714810371399,
            -0.10943783074617386
        ],
        [
            0.014076244086027145,
            -0.4564797282218933,
            -0.07385887950658798
        ],
        [
            0.23657236993312836,
            -0.6963063478469849,
            -0.12191323190927505
        ],
        [
            0.27146416902542114,
            -0.8259561061859131,
            -0.13090431690216064
        ]
    ],
    "pred_vertices": [
        [
            0.33581575751304626,
            -0.7706289291381836,
            -0.08415744453668594
        ],
        [
            0.33353474736213684,
            -0.7548189759254456,
            -0.08987300097942352
        ],
        [
            0.32421985268592834,
            -0.756892204284668,
            -0.07924522459506989
        ],
        [
            0.3220764994621277,
            -0.7708654999732971,
            -0.07338498532772064
        ],
        [
            0.32403185963630676,
            -0.7457684278488159,
            -0.08297324925661087
        ],
        [
            0.3306049704551697,
            -0.7429450750350952,
            -0.0926913395524025
        ],
        [
            0.3121669292449951,
            -0.7573629021644592,
            -0.07244881987571716
        ],
        [
            0.30701199173927307,
            -0.7687033414840698,
            -0.06721112877130508
        ],
        [
            0.2823293209075928,
            -0.7324414849281311,
            -0.06730253249406815
        ],
        [
            0.2720835506916046,
            -0.7338557839393616,
            -0.06360378861427307
        ],
        [
            0.28038743138313293,
            -0.7439556121826172,
            -0.06385099142789841
        ],
        [
            0.2884051203727722,
            -0.7401543855667114,
            -0.06867000460624695
        ],
        [
            0.2653760313987732,
            -0.7129760980606079,
            -0.06905506551265717
        ],
        [
            0.2675381302833557,
            -0.700553297996521,
            -0.07473166286945343
        ],
        [
            0.2544407844543457,
            -0.698337733745575,
            -0.07302522659301758
        ],
        [
            0.25149497389793396,
            -0.710655689239502,
            -0.06816767901182175
        ],
        [
            0.29524654150009155,
            -0.6993436813354492,
            -0.10587085783481598
        ],
        [
            0.2906472980976105,
            -0.6945154666900635,
            -0.10057956725358963
        ],
        [
            0.29337823390960693,
            -0.7005444765090942,
            -0.09677696973085403
        ],
        [
            0.29735201597213745,
            -0.7048840522766113,
            -0.10285647213459015
        ],
        [
            0.3063395023345947,
            -0.7042442560195923,
            -0.11477925628423691
        ],
        [
            0.30648577213287354,
            -0.7107515335083008,
            -0.11386750638484955
        ],
        [
            0.3132670819759369,
            -0.7110505104064941,
            -0.1182870864868164
        ],
        [
            0.3135218620300293,
            -0.7034085988998413,
            -0.11834945529699326
        ],
        [
            0.29279130697250366,
            -0.6946437358856201,
            -0.11125517636537552
        ],
        [
            0.2877202033996582,
            -0.6898438334465027,
            -0.10555541515350342
        ],
        [
            0.2997932434082031,
            -0.7031329870223999,
            -0.11049609631299973
        ],
        [
            0.29953262209892273,
            -0.6984685659408569,
            -0.11247055232524872
        ],
        [
            0.30523183941841125,
            -0.6875807046890259,
            -0.11495986580848694
        ],
        [
            0.30654823780059814,
            -0.692359447479248,
            -0.11335550248622894
        ],
        [
            0.3132234811782837,
            -0.6893467903137207,
            -0.11635002493858337
        ],
        [
            0.30951637029647827,
            -0.6851178407669067,
            -0.11774945259094238
        ],
        [
            0.2969399094581604,
            -0.6920689940452576,
            -0.11260975897312164
        ],
        [
            0.30089858174324036,
            -0.6930171847343445,
            -0.11190056800842285
        ],
        [
            0.30092790722846985,
            -0.688528299331665,
            -0.11427890509366989
        ],
        [
            0.2970842719078064,
            -0.688366174697876,
            -0.11572572588920593
        ],
        [
            0.3065497875213623,
            -0.6990312337875366,
            -0.11533677577972412
        ],
        [
            0.31372368335723877,
            -0.696682333946228,
            -0.11780095100402832
        ],
        [
            0.32068270444869995,
            -0.693986177444458,
            -0.1212359070777893
        ],
        [
            0.3187958896160126,
            -0.6853679418563843,
            -0.12031619250774384
        ],
        [
            0.27745315432548523,
            -0.6868690848350525,
            -0.0902239978313446
        ],
        [
            0.284996896982193,
            -0.690156102180481,
            -0.09491202980279922
        ],
        [
            0.28280505537986755,
            -0.6856316328048706,
            -0.09992208331823349
        ],
        [
            0.27716752886772156,
            -0.682661771774292,
            -0.09538355469703674
        ],
        [
            0.292247474193573,
            -0.687821626663208,
            -0.11482226848602295
        ],
        [
            0.2834121286869049,
            -0.6747766733169556,
            -0.11129852384328842
        ],
        [
            0.28572922945022583,
            -0.6777651906013489,
            -0.1109561175107956
        ],
        [
            0.28975844383239746,
            -0.6762699484825134,
            -0.11672940850257874
        ],
        [
            0.2874332666397095,
            -0.6735720634460449,
            -0.11637482047080994
        ],
        [
            0.26198816299438477,
            -0.6798324584960938,
            -0.08608189225196838
        ],
        [
            0.2654266059398651,
            -0.6762219071388245,
            -0.09128283709287643
        ],
        [
            0.25933799147605896,
            -0.6721065044403076,
            -0.0911538302898407
        ],
        [
            0.25428760051727295,
            -0.6753049492835999,
            -0.08666253089904785
        ],
        [
            0.2554451823234558,
            -0.6682265400886536,
            -0.09360690414905548
        ],
        [
            0.24739068746566772,
            -0.6708772778511047,
            -0.08841218054294586
        ],
        [
            0.23998506367206573,
            -0.6586405038833618,
            -0.09699141979217529
        ],
        [
            0.2431146502494812,
            -0.6643924117088318,
            -0.09267088770866394
        ],
        [
            0.2528097629547119,
            -0.6632567644119263,
            -0.09739746898412704
        ],
        [
            0.2526196837425232,
            -0.6572149991989136,
            -0.10247978568077087
        ],
        [
            0.2625616192817688,
            -0.6558852195739746,
            -0.1138281598687172
        ],
        [
            0.2642962634563446,
            -0.6534123420715332,
            -0.1192704290151596
        ],
        [
            0.2555164396762848,
            -0.6448464393615723,
            -0.11502424627542496
        ],
        [
            0.25409162044525146,
            -0.650059163570404,
            -0.10890653729438782
        ],
        [
            0.276473730802536,
            -0.6718873381614685,
            -0.1116490364074707
        ],
        [
            0.2739778161048889,
            -0.6735731363296509,
            -0.10799182951450348
        ],
        [
            0.27667054533958435,
            -0.673445463180542,
            -0.10752761363983154
        ],
        [
            0.280187726020813,
            -0.6724651455879211,
            -0.11135593801736832
        ],
        [
            0.27215614914894104,
            -0.6743791699409485,
            -0.10462415218353271
        ],
        [
            0.2713114023208618,
            -0.6745493412017822,
            -0.10307438671588898
        ],
        [
            0.2730124592781067,
            -0.6748921871185303,
            -0.10314548760652542
        ],
        [
            0.2730863690376282,
            -0.6744874119758606,
            -0.10460931807756424
        ],
        [
            0.2735292911529541,
            -0.6738949418067932,
            -0.1065080463886261
        ],
        [
            0.2728210985660553,
            -0.6721720695495605,
            -0.10753172636032104
        ],
        [
            0.2721826136112213,
            -0.673508882522583,
            -0.10546612739562988
        ],
        [
            0.2748444676399231,
            -0.6698801517486572,
            -0.11079887300729752
        ],
        [
            0.2807057797908783,
            -0.6640018820762634,
            -0.12266623228788376
        ],
        [
            0.2794516086578369,
            -0.6648595333099365,
            -0.11887014657258987
        ],
        [
            0.2812802791595459,
            -0.6688326597213745,
            -0.12029694765806198
        ],
        [
            0.28254520893096924,
            -0.6685487031936646,
            -0.12357950955629349
        ],
        [
            0.27577468752861023,
            -0.6756917834281921,
            -0.10478760302066803
        ],
        [
            0.27594858407974243,
            -0.6771214008331299,
            -0.10218973457813263
        ],
        [
            0.28050005435943604,
            -0.6774179935455322,
            -0.10567536950111389
        ],
        [
            0.2785359025001526,
            -0.6755037903785706,
            -0.10686394572257996
        ],
        [
            0.27684974670410156,
            -0.6786953210830688,
            -0.09941361844539642
        ],
        [
            0.2731321156024933,
            -0.6762393712997437,
            -0.10095842182636261
        ],
        [
            0.2730025351047516,
            -0.6776091456413269,
            -0.09806998074054718
        ],
        [
            0.27037209272384644,
            -0.6732222437858582,
            -0.10365762561559677
        ],
        [
            0.26813483238220215,
            -0.6726828813552856,
            -0.1011485904455185
        ],
        [
            0.2703981399536133,
            -0.6741685271263123,
            -0.10042671859264374
        ],
        [
            0.2667055130004883,
            -0.6699111461639404,
            -0.1032102108001709
        ],
        [
            0.2702942490577698,
            -0.6711289286613464,
            -0.10608156770467758
        ],
        [
            0.27169594168663025,
            -0.6680729389190674,
            -0.10938016325235367
        ],
        [
            0.2738580107688904,
            -0.6647337675094604,
            -0.11360659450292587
        ],
        [
            0.2684454917907715,
            -0.6625704765319824,
            -0.11154832690954208
        ],
        [
            0.2670191526412964,
            -0.666259765625,
            -0.10681939870119095
        ],
        [
            0.28205904364585876,
            -0.6814120411872864,
            -0.10377886891365051
        ],
        [
            0.268252968788147,
            -0.6748561263084412,
            -0.0964454784989357
        ],
        [
            0.2716057300567627,
            -0.6803345084190369,
            -0.09294305741786957
        ],
        [
            0.26462486386299133,
            -0.6717156171798706,
            -0.0967898964881897
        ],
        [
            0.2619253098964691,
            -0.6683310270309448,
            -0.09898199141025543
        ],
        [
            0.26084765791893005,
            -0.6646230220794678,
            -0.10293181240558624
        ],
        [
            0.2614981234073639,
            -0.6598668098449707,
            -0.10826735198497772
        ],
        [
            0.24137748777866364,
            -0.6436779499053955,
            -0.11307050287723541
        ],
        [
            0.2409590780735016,
            -0.650177001953125,
            -0.10508809238672256
        ],
        [
            0.3239738643169403,
            -0.7380645275115967,
            -0.09493344277143478
        ],
        [
            0.3209836483001709,
            -0.7389460802078247,
            -0.08640605211257935
        ],
        [
            0.3123897612094879,
            -0.7350509166717529,
            -0.0862652063369751
        ],
        [
            0.3134292662143707,
            -0.7367227077484131,
            -0.08423353731632233
        ],
        [
            0.31732505559921265,
            -0.7364864349365234,
            -0.08953367918729782
        ],
        [
            0.3151233196258545,
            -0.7342855930328369,
            -0.09003093838691711
        ],
        [
            0.2947733402252197,
            -0.7380640506744385,
            -0.07419556379318237
        ],
        [
            0.29987046122550964,
            -0.7366819381713867,
            -0.07854372262954712
        ],
        [
            0.2962714433670044,
            -0.7345961928367615,
            -0.07865549623966217
        ],
        [
            0.29008641839027405,
            -0.7330832481384277,
            -0.07295681536197662
        ],
        [
            0.29790857434272766,
            -0.7243996858596802,
            -0.08586709201335907
        ],
        [
            0.2957608997821808,
            -0.7273669242858887,
            -0.08179976046085358
        ],
        [
            0.30216315388679504,
            -0.7309998869895935,
            -0.08501208573579788
        ],
        [
            0.30380111932754517,
            -0.728858470916748,
            -0.08789809048175812
        ],
        [
            0.30538874864578247,
            -0.7273132801055908,
            -0.09146469831466675
        ],
        [
            0.3065483570098877,
            -0.7266690731048584,
            -0.09558974206447601
        ],
        [
            0.3030391335487366,
            -0.7226116061210632,
            -0.09554880857467651
        ],
        [
            0.30069974064826965,
            -0.7229854464530945,
            -0.09069857001304626
        ],
        [
            0.3193970024585724,
            -0.7365121841430664,
            -0.09585770964622498
        ],
        [
            0.31895095109939575,
            -0.735913872718811,
            -0.10308073461055756
        ],
        [
            0.3167306184768677,
            -0.7337220907211304,
            -0.10183454304933548
        ],
        [
            0.3172317147254944,
            -0.7338650226593018,
            -0.09563053399324417
        ],
        [
            0.3091157078742981,
            -0.7312648892402649,
            -0.11259321868419647
        ],
        [
            0.31146618723869324,
            -0.7326699495315552,
            -0.11122825741767883
        ],
        [
            0.31356391310691833,
            -0.732955813407898,
            -0.11461658775806427
        ],
        [
            0.31014853715896606,
            -0.7298181056976318,
            -0.1156463474035263
        ],
        [
            0.3081047832965851,
            -0.727462887763977,
            -0.11357845366001129
        ],
        [
            0.30822837352752686,
            -0.7296763062477112,
            -0.11144183576107025
        ],
        [
            0.34734851121902466,
            -0.7877613306045532,
            -0.09180761873722076
        ],
        [
            0.34603461623191833,
            -0.7696431279182434,
            -0.09711803495883942
        ],
        [
            0.33314818143844604,
            -0.7891923785209656,
            -0.07764527201652527
        ],
        [
            0.3170373737812042,
            -0.7871826887130737,
            -0.06881766021251678
        ],
        [
            0.30101916193962097,
            -0.7813858985900879,
            -0.06214180588722229
        ],
        [
            0.2581990957260132,
            -0.687556266784668,
            -0.0795108750462532
        ],
        [
            0.24804112315177917,
            -0.6838890314102173,
            -0.079095259308815
        ],
        [
            0.24173514544963837,
            -0.6966628432273865,
            -0.07225538790225983
        ],
        [
            0.23222164809703827,
            -0.690991997718811,
            -0.07459910213947296
        ],
        [
            0.23920732736587524,
            -0.6779205799102783,
            -0.08166167140007019
        ],
        [
            0.22769376635551453,
            -0.6635171175003052,
            -0.0937143862247467
        ],
        [
            0.23227986693382263,
            -0.67064368724823,
            -0.08632030338048935
        ],
        [
            0.22257477045059204,
            -0.6854013204574585,
            -0.07904310524463654
        ],
        [
            0.21647295355796814,
            -0.7039446830749512,
            -0.07229273021221161
        ],
        [
            0.22734810411930084,
            -0.7063443064689636,
            -0.06916603446006775
        ],
        [
            0.21452052891254425,
            -0.723980188369751,
            -0.06908130645751953
        ],
        [
            0.2033950388431549,
            -0.7038416862487793,
            -0.07688126713037491
        ],
        [
            0.20729953050613403,
            -0.7279183268547058,
            -0.07218971848487854
        ],
        [
            0.190291628241539,
            -0.671149492263794,
            -0.08897702395915985
        ],
        [
            0.18230396509170532,
            -0.6646537780761719,
            -0.08537305891513824
        ],
        [
            0.17323356866836548,
            -0.6777929067611694,
            -0.07747964560985565
        ],
        [
            0.18194565176963806,
            -0.6845009922981262,
            -0.07958760857582092
        ],
        [
            0.23823969066143036,
            -0.7083280682563782,
            -0.06752018630504608
        ],
        [
            0.2798765301704407,
            -0.7569042444229126,
            -0.06235235929489136
        ],
        [
            0.2894028127193451,
            -0.7509872913360596,
            -0.06581122428178787
        ],
        [
            0.26984554529190063,
            -0.7488178014755249,
            -0.06114516407251358
        ],
        [
            0.2979985475540161,
            -0.8160130381584167,
            -0.05805511772632599
        ],
        [
            0.3101305365562439,
            -0.8025327324867249,
            -0.0623394250869751
        ],
        [
            0.29530084133148193,
            -0.794317364692688,
            -0.05698506534099579
        ],
        [
            0.2857328951358795,
            -0.8082308769226074,
            -0.05316188931465149
        ],
        [
            0.3267967700958252,
            -0.8388713598251343,
            -0.08439643681049347
        ],
        [
            0.3405015468597412,
            -0.814085841178894,
            -0.08581763505935669
        ],
        [
            0.3265083134174347,
            -0.8097288608551025,
            -0.07444988191127777
        ],
        [
            0.31528210639953613,
            -0.8289052248001099,
            -0.07137737423181534
        ],
        [
            0.2752671539783478,
            -0.8164207339286804,
            -0.051859259605407715
        ],
        [
            0.26058274507522583,
            -0.8278380632400513,
            -0.051971592009067535
        ],
        [
            0.2642501890659332,
            -0.8445104360580444,
            -0.05625811219215393
        ],
        [
            0.28347843885421753,
            -0.8325953483581543,
            -0.05644155293703079
        ],
        [
            0.27099400758743286,
            -0.8642865419387817,
            -0.06831876933574677
        ],
        [
            0.2941352128982544,
            -0.8496389389038086,
            -0.06864681839942932
        ],
        [
            0.19198216497898102,
            -0.7223897576332092,
            -0.07533402740955353
        ],
        [
            0.19971337914466858,
            -0.7391005158424377,
            -0.07386792451143265
        ],
        [
            0.19300132989883423,
            -0.6924616694450378,
            -0.08134003728628159
        ],
        [
            0.18354739248752594,
            -0.7082303762435913,
            -0.0765841007232666
        ],
        [
            0.2764057517051697,
            -0.8782057166099548,
            -0.0862509161233902
        ],
        [
            0.30446064472198486,
            -0.8630181550979614,
            -0.08571728318929672
        ],
        [
            0.20863547921180725,
            -0.8371155261993408,
            -0.06624200940132141
        ],
        [
            0.2249668538570404,
            -0.846829891204834,
            -0.06239190697669983
        ],
        [
            0.23007860779762268,
            -0.8277696371078491,
            -0.05579737573862076
        ],
        [
            0.2142581194639206,
            -0.8209103345870972,
            -0.05986145883798599
        ],
        [
            0.20264476537704468,
            -0.8531035780906677,
            -0.07727611064910889
        ],
        [
