{
    "pred_cam": [
        2.6601271629333496,
        -0.134103462100029,
        0.5093864798545837
    ],
    "pred_smpl_params": {
        "global_orient": [
            [
                [
                    -0.3240782618522644,
                    0.020913993939757347,
                    0.9457989931106567
                ],
                [
                    -0.45193079113960266,
                    -0.8817238807678223,
                    -0.135357066988945
                ],
                [
                    0.831102728843689,
                    -0.4713020324707031,
                    0.2951992154121399
                ]
            ]
        ],
        "body_pose": [
            [
                [
                    0.9844927191734314,
                    -0.17128534615039825,
                    -0.03788769990205765
                ],
                [
                    0.15991321206092834,
                    0.7874600291252136,
                    0.5952600836753845
                ],
                [
                    -0.07212427258491516,
                    -0.5920879244804382,
                    0.8026394248008728
                ]
            ],
            [
                [
                    0.9996685981750488,
                    -0.016994209960103035,
                    -0.019336262717843056
                ],
                [
                    0.025266312062740326,
                    0.791575014591217,
                    0.6105493307113647
                ],
                [
                    0.004930299241095781,
                    -0.6108355522155762,
                    0.7917420864105225
                ]
            ],
            [
                [
                    0.9990407228469849,
                    0.0012776271905750036,
                    -0.04377138242125511
                ],
                [
                    -0.02217813767492771,
                    0.8766556978225708,
                    -0.4806068539619446
                ],
                [
                    0.037758395075798035,
                    0.4811166226863861,
                    0.8758430480957031
                ]
            ],
            [
                [
                    0.9968075752258301,
                    0.062485333532094955,
                    -0.049703195691108704
                ],
                [
                    -0.07874294370412827,
                    0.6664069294929504,
                    -0.7414185404777527
                ],
                [
                    -0.01320525910705328,
                    0.7429652810096741,
                    0.6691997647285461
                ]
            ],
            [
                [
                    0.9862273931503296,
                    -0.16493284702301025,
                    0.012352879159152508
                ],
                [
                    0.11392995715141296,
                    0.6233099699020386,
                    -0.7736307382583618
                ],
                [
                    0.11989744752645493,
                    0.7643832564353943,
                    0.6335161328315735
                ]
            ],
            [
                [
                    0.9994007349014282,
                    0.021620305255055428,
                    -0.027033330872654915
                ],
                [
                    -0.022019315510988235,
                    0.9996516704559326,
                    -0.014550328254699707
                ],
                [
                    0.026709331199526787,
                    0.015136863104999065,
                    0.999528706073761
                ]
            ],
            [
                [
                    0.9809147119522095,
                    0.0356706939637661,
                    0.19113874435424805
                ],
                [
                    -0.04224824160337448,
                    0.9986431002616882,
                    0.03044699877500534
                ],
                [
                    -0.18979333341121674,
                    -0.03794117644429207,
                    0.9810907244682312
                ]
            ],
            [
                [
                    0.9800626635551453,
                    0.06048659235239029,
                    -0.1892579346895218
                ],
                [
                    -0.043277278542518616,
                    0.9946518540382385,
                    0.0937802642583847
                ],
                [
                    0.19391821324825287,
                    -0.08371996879577637,
                    0.9774388670921326
                ]
            ],
            [
                [
                    0.9995904564857483,
                    0.015964485704898834,
                    -0.02374946139752865
                ],
                [
                    -0.017676908522844315,
                    0.997121274471283,
                    -0.07373407483100891
                ],
                [
                    0.022503966465592384,
                    0.07412369549274445,
                    0.9969950914382935
                ]
            ],
            [
                [
                    0.9953433275222778,
                    -0.09626010060310364,
                    0.005079156719148159
                ],
                [
                    0.09553477168083191,
                    0.9921199679374695,
                    0.08106186240911484
                ],
                [
                    -0.01284215971827507,
                    -0.08019913733005524,
                    0.9966961741447449
                ]
            ],
            [
                [
                    0.9963060021400452,
                    0.025182712823152542,
                    -0.08209869265556335
                ],
                [
                    -0.019943583756685257,
                    0.9977491497993469,
                    0.0640220120549202
                ],
                [
                    0.08352615684270859,
                    -0.06214816868305206,
                    0.9945657253265381
                ]
            ],
            [
                [
                    0.9926806688308716,
                    0.12074768543243408,
                    0.002273515798151493
                ],
                [
                    -0.12027861177921295,
                    0.9901686906814575,
                    -0.0714072659611702
                ],
                [
                    -0.01087342668324709,
                    0.0706111490726471,
                    0.9974446892738342
                ]
            ],
            [
                [
                    0.8523270487785339,
                    0.42096906900405884,
                    -0.3103604018688202
                ],
                [
                    -0.4140755534172058,
                    0.905655562877655,
                    0.09126550704240799
                ],
                [
                    0.3194996118545532,
                    0.05072459951043129,
                    0.9462277293205261
                ]
            ],
            [
                [
                    0.9245994091033936,
                    -0.25932422280311584,
                    0.27904656529426575
                ],
                [
                    0.25178730487823486,
                    0.9657177329063416,
                    0.06318521499633789
                ],
                [
                    -0.2858656942844391,
                    0.011839382350444794,
                    0.9581965804100037
                ]
            ],
            [
                [
                    0.9892730712890625,
                    0.11328476667404175,
                    0.0922241285443306
                ],
                [
                    -0.08197147399187088,
                    0.9530743360519409,
                    -0.2914274036884308
                ],
                [
                    -0.12091074138879776,
                    0.28074154257774353,
                    0.9521368741989136
                ]
            ],
            [
                [
                    0.5150217413902283,
                    0.7753902077674866,
                    -0.36540743708610535
                ],
                [
                    -0.7884641885757446,
                    0.5957688093185425,
                    0.1529172956943512
                ],
                [
                    0.33626896142959595,
                    0.209354966878891,
                    0.9182012677192688
                ]
            ],
            [
                [
                    0.7205582857131958,
                    -0.6023494005203247,
                    0.3434690237045288
                ],
                [
                    0.6073687672615051,
                    0.7872569561004639,
                    0.10644076019525528
                ],
                [
                    -0.3345128893852234,
                    0.1319155991077423,
                    0.9331127405166626
                ]
            ],
            [
                [
                    0.8357771635055542,
                    -0.15258963406085968,
                    -0.5274400115013123
                ],
                [
                    0.10823532938957214,
                    0.9875452518463135,
                    -0.11419042944908142
                ],
                [
                    0.5382952094078064,
                    0.03835012763738632,
                    0.8418833613395691
                ]
            ],
            [
                [
                    0.8718346357345581,
                    0.03767453134059906,
                    0.4883492588996887
                ],
                [
                    -0.012647646479308605,
                    0.9984365105628967,
                    -0.05444660782814026
                ],
                [
                    -0.4896370470523834,
                    0.04129195958375931,
                    0.8709480166435242
                ]
            ],
            [
                [
                    0.9968016147613525,
                    -0.07945217192173004,
                    -0.008597216568887234
                ],
                [
                    0.07944808155298233,
                    0.9968386292457581,
                    -0.0008167066844180226
                ],
                [
                    0.008634926751255989,
                    0.00013106218830216676,
                    0.9999626874923706
                ]
            ],
            [
                [
                    0.9965521693229675,
                    0.07895682007074356,
                    -0.025488123297691345
                ],
                [
                    -0.08182571828365326,
                    0.9861156344413757,
                    -0.1445009410381317
                ],
                [
                    0.01372490543872118,
                    0.14608830213546753,
                    0.9891763925552368
                ]
            ],
            [
                [
                    0.9740020632743835,
                    0.19786939024925232,
                    -0.11030755192041397
                ],
                [
                    -0.17782725393772125,
                    0.969469428062439,
                    0.16883903741836548
                ],
                [
                    0.14034786820411682,
                    -0.14483387768268585,
                    0.9794517755508423
                ]
            ],
            [
                [
                    0.9736186861991882,
                    -0.1937931925058365,
                    0.1204606294631958
                ],
                [
                    0.16811226308345795,
                    0.966170608997345,
                    0.19558295607566833
                ],
                [
                    -0.1542881578207016,
                    -0.1701723337173462,
                    0.973260760307312
                ]
            ]
        ],
        "betas": [
            0.10729999840259552,
            0.3883730471134186,
            -0.28306472301483154,
            -0.29541561007499695,
            0.09059131145477295,
            -0.02283037081360817,
            -0.16741570830345154,
            0.08738183975219727,
            0.17128343880176544,
            -0.06732302904129028
        ]
    },
    "pred_cam_t": [
        -0.134103462100029,
        0.5093864798545837,
        14.6844482421875
    ],
    "focal_length": [
        5000.0,
        5000.0
    ],
    "pred_keypoints_3d": [
        [
            0.337688148021698,
            -0.6569082736968994,
            -0.0477791503071785
        ],
        [
            0.16868503391742706,
            -0.6514302492141724,
            -0.12858256697654724
        ],
        [
            0.18684040009975433,
            -0.5022329092025757,
            -0.25719404220581055
        ],
        [
            0.19515617191791534,
            -0.24259385466575623,
            -0.2633594572544098
        ],
        [
            0.3100307583808899,
            -0.026349693536758423,
            -0.17520418763160706
        ],
        [
            0.09249510616064072,
            -0.6219332814216614,
            0.0570087768137455
        ],
        [
            0.02924894541501999,
            -0.3793598413467407,
            0.14773449301719666
        ],
        [
            0.14212894439697266,
            -0.1672855019569397,
            0.2289649099111557
        ],
        [
            -0.001691986806690693,
            -0.21895521879196167,
            0.025933779776096344
        ],
        [
            0.012621813453733921,
            -0.10867834836244583,
            0.011282241903245449
        ],
        [
            0.2357274889945984,
            0.15224361419677734,
            0.20019122958183289
        ],
        [
            0.07400691509246826,
            0.45950847864151,
            0.41538384556770325
        ],
        [
            -0.03361740708351135,
            -0.16868510842323303,
            0.12340974807739258
        ],
        [
            0.13654585182666779,
            0.018457114696502686,
            0.41292476654052734
        ],
        [
            0.007483035326004028,
            0.3706384301185608,
            0.5744919776916504
        ],
        [
            0.35776346921920776,
            -0.6968475580215454,
            -0.08956210315227509
        ],
        [
            0.327342689037323,
            -0.7147852778434753,
            -0.03313520550727844
        ],
        [
            0.30831316113471985,
            -0.7285054922103882,
            -0.17601191997528076
        ],
        [
            0.24340035021305084,
            -0.7687790393829346,
            -0.0511079877614975
        ],
        [
            0.1597524881362915,
            0.39889028668403625,
            0.7030700445175171
        ],
        [
            0.08350321650505066,
            0.377872109413147,
            0.7278829216957092
        ],
        [
            -0.05452018976211548,
            0.4009866714477539,
            0.5647808313369751
        ],
        [
            0.25468048453330994,
            0.5158743858337402,
            0.490040123462677
        ],
        [
            0.21283017098903656,
            0.5583579540252686,
            0.42661434412002563
        ],
        [
            0.009458675980567932,
            0.4918050169944763,
            0.4202200770378113
        ],
        [
            0.06889566779136658,
            0.4286651611328125,
            0.3608975410461426
        ],
        [
            0.21450501680374146,
            0.1046283170580864,
            0.16650187969207764
        ],
        [
            0.02628268487751484,
            -0.1771777868270874,
            -0.11772119253873825
        ],
        [
            -0.08183693885803223,
            -0.29580751061439514,
            0.12738172709941864
        ],
        [
            0.12258563190698624,
            -0.014838935807347298,
            0.39312541484832764
        ],
        [
            -0.009511709213256836,
            0.33671772480010986,
            0.5519978404045105
        ],
        [
            0.3187982141971588,
            -0.056895848363637924,
            -0.16055041551589966
        ],
        [
            0.22437909245491028,
            -0.25908392667770386,
            -0.2768443822860718
        ],
        [
            0.1874855011701584,
            -0.5423942804336548,
            -0.24152030050754547
        ],
        [
            0.10189802199602127,
            -0.6428124904632568,
            0.02261022850871086
        ],
        [
            0.06008525937795639,
            -0.4087475836277008,
            0.1729668378829956
        ],
        [
            0.15145304799079895,
            -0.18569248914718628,
            0.22914627194404602
        ],
        [
            0.17049206793308258,
            -0.6414746046066284,
            -0.1172574907541275
        ],
        [
            0.31665724515914917,
            -0.7815120220184326,
            -0.09617992490530014
        ],
        [
            -0.027617964893579483,
            -0.23671729862689972,
            0.004658379592001438
        ],
        [
            0.14396187663078308,
            -0.5903328657150269,
            -0.1090565025806427
        ],
        [
            0.03712029755115509,
            -0.4522135555744171,
            -0.0838441401720047
        ],
        [
            0.2695651650428772,
            -0.6782519817352295,
            -0.08407841622829437
        ],
        [
            0.3245880603790283,
            -0.7995728254318237,
            -0.10256414115428925
        ]
    ],
    "pred_vertices": [
        [
            0.35188132524490356,
            -0.7562153339385986,
            -0.020209066569805145
        ],
        [
            0.3499012291431427,
            -0.739507794380188,
            -0.022827669978141785
        ],
        [
            0.33725425601005554,
            -0.7447588443756104,
            -0.018570631742477417
        ],
        [
            0.33515605330467224,
            -0.7596349716186523,
            -0.0175970196723938
        ],
        [
            0.3370135724544525,
            -0.7329756021499634,
            -0.019336692988872528
        ],
        [
            0.3465980887413025,
            -0.7274169921875,
            -0.023919522762298584
        ],
        [
            0.3236927390098572,
            -0.7473621964454651,
            -0.01839730143547058
        ],
        [
            0.3187810778617859,
            -0.7597049474716187,
            -0.018844246864318848
        ],
        [
            0.291347861289978,
            -0.7257199287414551,
            -0.0230872705578804
        ],
        [
            0.2811151444911957,
            -0.7284578084945679,
            -0.024861380457878113
        ],
        [
            0.2899532616138458,
            -0.7379319667816162,
            -0.023434847593307495
        ],
        [
            0.29836198687553406,
            -0.7326654195785522,
            -0.022906631231307983
        ],
        [
            0.2742873728275299,
            -0.7070156335830688,
            -0.028039894998073578
        ],
        [
            0.2766921818256378,
            -0.6933526992797852,
            -0.029270365834236145
        ],
        [
            0.2641909420490265,
            -0.6920692920684814,
            -0.03351077437400818
        ],
        [
            0.2613520622253418,
            -0.7054005861282349,
            -0.03334604203701019
        ],
        [
            0.31447455286979675,
            -0.6828882098197937,
            -0.042608581483364105
        ],
        [
            0.307391881942749,
            -0.6797685027122498,
            -0.03922545164823532
        ],
        [
            0.30903610587120056,
            -0.6865766048431396,
            -0.03598550707101822
        ],
        [
            0.3158196806907654,
            -0.6890139579772949,
            -0.04024682193994522
        ],
        [
            0.32881566882133484,
            -0.6849509477615356,
            -0.04599609225988388
        ],
        [
            0.32955217361450195,
            -0.6914900541305542,
            -0.046553052961826324
        ],
        [
            0.33752888441085815,
            -0.6903337836265564,
            -0.0471610426902771
        ],
        [
            0.3365696370601654,
            -0.6829342246055603,
            -0.045480675995349884
        ],
        [
            0.3139299154281616,
            -0.6769744157791138,
            -0.04735204577445984
        ],
        [
            0.3062903881072998,
            -0.6740099191665649,
            -0.04388611018657684
        ],
        [
            0.32105541229248047,
            -0.6851627826690674,
            -0.045209042727947235
        ],
        [
            0.320898175239563,
            -0.680201530456543,
            -0.04598265886306763
        ],
        [
            0.32525116205215454,
            -0.6687818765640259,
            -0.04298624396324158
        ],
        [
            0.3264681398868561,
            -0.6738172769546509,
            -0.0420529842376709
        ],
        [
            0.33313506841659546,
            -0.66990065574646,
            -0.04078452289104462
        ],
        [
            0.3298482894897461,
            -0.665509819984436,
            -0.042792752385139465
        ],
        [
            0.31759390234947205,
            -0.6740593910217285,
            -0.04585470259189606
        ],
        [
            0.32089486718177795,
            -0.6750692129135132,
            -0.04359392076730728
        ],
        [
            0.32126203179359436,
            -0.6700701713562012,
            -0.044621773064136505
        ],
        [
            0.3185445964336395,
            -0.6696112155914307,
            -0.04766366630792618
        ],
        [
            0.3283325731754303,
            -0.6797570586204529,
            -0.04520691931247711
        ],
        [
            0.33538031578063965,
            -0.6765841245651245,
            -0.04339831322431564
        ],
        [
            0.34255823493003845,
            -0.6728020310401917,
            -0.04252038896083832
        ],
        [
            0.339200496673584,
            -0.6648111939430237,
            -0.040741853415966034
        ],
        [
            0.2901391386985779,
            -0.6755648255348206,
            -0.03487350046634674
        ],
        [
            0.29924440383911133,
            -0.6772876977920532,
            -0.03604034334421158
        ],
        [
            0.2988395690917969,
            -0.671625018119812,
            -0.040381528437137604
        ],
        [
            0.2914547026157379,
            -0.6701198816299438,
            -0.03848528861999512
        ],
        [
            0.3138808012008667,
            -0.6694815754890442,
            -0.04908529669046402
        ],
        [
            0.30262088775634766,
            -0.6580941081047058,
            -0.04750930517911911
        ],
        [
            0.3049345016479492,
            -0.6610316038131714,
            -0.046779781579971313
        ],
        [
            0.31078293919563293,
            -0.657917857170105,
            -0.04947531968355179
        ],
        [
            0.3081968128681183,
            -0.6554445028305054,
            -0.04970698058605194
        ],
        [
            0.27370089292526245,
            -0.6703325510025024,
            -0.03703683614730835
        ],
        [
            0.27841636538505554,
            -0.6653152704238892,
            -0.03910644352436066
        ],
        [
            0.27246758341789246,
            -0.661549985408783,
            -0.04101841151714325
        ],
        [
            0.2666780948638916,
            -0.6660329103469849,
            -0.0402836948633194
        ],
        [
            0.2697773575782776,
            -0.6571847200393677,
            -0.04430542141199112
        ],
        [
            0.2609213888645172,
            -0.661422073841095,
            -0.04415559768676758
        ],
        [
            0.2563854455947876,
            -0.6472219228744507,
            -0.052490122616291046
        ],
        [
            0.2581344544887543,
            -0.6540091633796692,
            -0.04850306361913681
        ],
        [
            0.2684199810028076,
            -0.6513815522193909,
            -0.04787348955869675
        ],
        [
            0.2695309519767761,
            -0.6441210508346558,
            -0.051158368587493896
        ],
        [
            0.2826845943927765,
            -0.6397229433059692,
            -0.05577578395605087
        ],
        [
            0.2861729860305786,
            -0.6359225511550903,
            -0.05916573107242584
        ],
        [
            0.27537110447883606,
            -0.6288412809371948,
            -0.0579318031668663
        ],
        [
            0.2724919617176056,
            -0.635460376739502,
            -0.05449678748846054
        ],
        [
            0.2963642179965973,
            -0.6553376913070679,
            -0.05058629810810089
        ],
        [
            0.2928274869918823,
            -0.6580075025558472,
            -0.04895405471324921
        ],
        [
            0.29493799805641174,
            -0.6579333543777466,
            -0.047214262187480927
        ],
        [
            0.2995312809944153,
            -0.655853271484375,
            -0.04861939698457718
        ],
        [
            0.28985562920570374,
            -0.659771203994751,
            -0.0470491424202919
        ],
        [
            0.288443922996521,
            -0.6603847742080688,
            -0.046126268804073334
        ],
        [
            0.29001423716545105,
            -0.6606433391571045,
            -0.04545415937900543
        ],
        [
            0.29061946272850037,
            -0.6598708033561707,
            -0.04658997803926468
        ],
        [
            0.29176872968673706,
            -0.6587643623352051,
            -0.04791076481342316
        ],
        [
            0.2913609445095062,
            -0.6568397283554077,
            -0.04880379140377045
        ],
        [
            0.29013878107070923,
            -0.6586943864822388,
            -0.047608330845832825
        ],
        [
            0.2942120134830475,
            -0.6536694169044495,
            -0.05016142129898071
        ],
        [
            0.30359286069869995,
            -0.6447702050209045,
            -0.05633735656738281
        ],
        [
            0.3010529577732086,
            -0.6465229392051697,
            -0.053841784596443176
        ],
        [
            0.3038603365421295,
            -0.6499779224395752,
            -0.05510269105434418
        ],
        [
            0.3062697947025299,
            -0.6489046216011047,
            -0.0572519525885582
        ],
        [
            0.29317525029182434,
            -0.6609548330307007,
            -0.04567351192235947
        ],
        [
            0.2925242781639099,
            -0.662948489189148,
            -0.04371292144060135
        ],
        [
            0.29807037115097046,
            -0.6621962785720825,
            -0.044629067182540894
        ],
        [
            0.29660719633102417,
            -0.6600461006164551,
            -0.0461985319852829
        ],
        [
            0.2922973930835724,
            -0.665228009223938,
            -0.04121657460927963
        ],
        [
            0.2893418073654175,
            -0.6625611782073975,
            -0.04377559572458267
        ],
        [
            0.2881477177143097,
            -0.6646915078163147,
            -0.04161150008440018
        ],
        [
            0.28770774602890015,
            -0.6589759588241577,
            -0.04683835059404373
        ],
        [
            0.28454720973968506,
            -0.6592242121696472,
            -0.04560457170009613
        ],
        [
            0.2864151895046234,
            -0.6607794761657715,
            -0.04417620599269867
        ],
        [
            0.2838335931301117,
            -0.656012237071991,
            -0.0475212037563324
        ],
        [
            0.2884126305580139,
            -0.6562919616699219,
            -0.04855751246213913
        ],
        [
            0.2906194031238556,
            -0.6523888111114502,
            -0.05008254200220108
        ],
        [
            0.29383790493011475,
            -0.6479507088661194,
            -0.051956914365291595
        ],
        [
            0.2878788411617279,
            -0.646590530872345,
            -0.05235321819782257
        ],
        [
            0.2851521968841553,
            -0.6514749526977539,
            -0.049740269780159
        ],
        [
            0.2991635203361511,
            -0.6665940284729004,
            -0.043107785284519196
        ],
        [
            0.2829093933105469,
            -0.6625380516052246,
            -0.04188110679388046
        ],
        [
            0.2851729393005371,
            -0.6686195731163025,
            -0.03849367797374725
        ],
        [
            0.2794305086135864,
            -0.6595367193222046,
            -0.043273039162158966
        ],
        [
            0.2775798738002777,
            -0.6557446718215942,
            -0.0457988902926445
        ],
        [
            0.2779839336872101,
            -0.651073694229126,
            -0.04912831634283066
        ],
        [
            0.279982328414917,
            -0.6450258493423462,
            -0.05231347680091858
        ],
        [
            0.2619953453540802,
            -0.6283845901489258,
            -0.06277673691511154
        ],
        [
            0.2594737708568573,
            -0.6367163062095642,
            -0.05744023621082306
        ],
        [
            0.3409556746482849,
            -0.7223074436187744,
            -0.027943596243858337
        ],
        [
            0.33462876081466675,
            -0.7255960702896118,
            -0.02223075181245804
        ],
        [
            0.3263770341873169,
            -0.7220432758331299,
            -0.02529922127723694
        ],
        [
            0.32675474882125854,
            -0.7241376042366028,
            -0.023523934185504913
        ],
        [
            0.332394540309906,
            -0.7224937081336975,
            -0.0261370986700058
        ],
        [
            0.3303341865539551,
            -0.720173716545105,
            -0.02707134187221527
        ],
        [
            0.30598655343055725,
            -0.7288450002670288,
            -0.024091176688671112
        ],
        [
            0.31214597821235657,
            -0.7261755466461182,
            -0.025083526968955994
        ],
        [
            0.30874741077423096,
            -0.7242684364318848,
            -0.02651611715555191
        ],
        [
            0.3005976974964142,
            -0.7245367765426636,
            -0.024245314300060272
        ],
        [
            0.3117450475692749,
            -0.7125132083892822,
            -0.029812589287757874
        ],
        [
            0.3085903525352478,
            -0.716513991355896,
            -0.028016366064548492
        ],
        [
            0.3161417841911316,
            -0.7188998460769653,
            -0.02841000258922577
        ],
        [
            0.3184822201728821,
            -0.7160115242004395,
            -0.029627472162246704
        ],
        [
            0.3211694657802582,
            -0.7135453224182129,
            -0.031626515090465546
        ],
        [
            0.3239566385746002,
            -0.7117550373077393,
            -0.03447975963354111
        ],
        [
            0.3201288878917694,
            -0.7080479264259338,
            -0.03520685434341431
        ],
        [
            0.3160027861595154,
            -0.7097910642623901,
            -0.03228841722011566
        ],
        [
            0.33701395988464355,
            -0.7207204103469849,
            -0.030608154833316803
        ],
        [
            0.3398337662220001,
            -0.7181681394577026,
            -0.03685417026281357
        ],
        [
            0.3368683159351349,
            -0.7164853811264038,
            -0.036360323429107666
        ],
        [
            0.3345717787742615,
            -0.7182486057281494,
            -0.030827313661575317
        ],
        [
            0.3344744145870209,
            -0.7115556597709656,
            -0.0486520379781723
        ],
        [
            0.33618348836898804,
            -0.7131494283676147,
            -0.046655915677547455
        ],
        [
            0.33960214257240295,
            -0.7124309539794922,
            -0.048587001860141754
        ],
        [
            0.336516410112381,
            -0.7093181610107422,
            -0.05044148862361908
        ],
        [
            0.33337610960006714,
            -0.7077202796936035,
            -0.04908721148967743
        ],
        [
            0.3328738510608673,
            -0.7104262113571167,
            -0.04769543558359146
        ],
        [
            0.3682982325553894,
            -0.7702330350875854,
            -0.025238461792469025
        ],
        [
            0.3664454221725464,
            -0.7515051364898682,
            -0.026416823267936707
        ],
        [
            0.34977614879608154,
            -0.7759321928024292,
            -0.02011258900165558
        ],
        [
            0.331332802772522,
            -0.7769386172294617,
            -0.019840866327285767
        ],
        [
            0.3134092688560486,
            -0.7736411690711975,
            -0.02030639350414276
        ],
        [
            0.2686924934387207,
            -0.6797453761100769,
            -0.03489385545253754
        ],
        [
            0.2591473162174225,
            -0.6766340732574463,
            -0.03857585787773132
        ],
        [
            0.25244760513305664,
            -0.6911492347717285,
            -0.038314759731292725
        ],
        [
            0.24442501366138458,
            -0.6851781606674194,
            -0.043380625545978546
        ],
        [
            0.2517806887626648,
            -0.670371413230896,
            -0.04355114698410034
        ],
        [
            0.24528370797634125,
            -0.6527870893478394,
            -0.056238263845443726
        ],
        [
            0.24692349135875702,
            -0.6619561910629272,
            -0.049136653542518616
        ],
        [
            0.2373797744512558,
            -0.6784800887107849,
            -0.050097063183784485
        ],
        [
            0.23152688145637512,
            -0.6985915303230286,
            -0.05080312490463257
        ],
        [
            0.23998987674713135,
            -0.7016313076019287,
            -0.044274844229221344
        ],
        [
            0.23136894404888153,
            -0.718944787979126,
            -0.053263865411281586
        ],
        [
            0.222725510597229,
            -0.6970665454864502,
            -0.060341350734233856
        ],
        [
            0.2272477149963379,
            -0.722032904624939,
            -0.060013242065906525
        ],
        [
            0.2151884287595749,
            -0.6624093055725098,
            -0.07029888778924942
        ],
        [
            0.20724999904632568,
            -0.6570231914520264,
            -0.06917805224657059
        ],
        [
            0.1971028447151184,
            -0.6720567941665649,
            -0.06742380559444427
        ],
        [
            0.20534421503543854,
            -0.6779884099960327,
            -0.06765198707580566
        ],
        [
            0.24904276430606842,
            -0.7037503719329834,
            -0.03841780871152878
        ],
        [
            0.290933221578598,
            -0.7505195140838623,
            -0.02484068274497986
        ],
        [
            0.2997426688671112,
            -0.7438321113586426,
            -0.02215920388698578
        ],
        [
            0.28027287125587463,
            -0.7435771226882935,
            -0.027030274271965027
        ],
        [
            0.31448453664779663,
            -0.8082229495048523,
            -0.025973007082939148
        ],
        [
            0.32494497299194336,
            -0.7936029434204102,
            -0.02091483771800995
        ],
        [
            0.3081760108470917,
            -0.787655770778656,
            -0.021509364247322083
        ],
        [
            0.30037835240364075,
            -0.8023436069488525,
            -0.0257159024477005
        ],
        [
            0.35511407256126404,
            -0.8222020268440247,
            -0.039945587515830994
        ],
        [
            0.36385345458984375,
            -0.7973498702049255,
            -0.02914080023765564
        ],
        [
            0.3458504378795624,
            -0.7968142628669739,
            -0.024978578090667725
        ],
        [
            0.3376306891441345,
            -0.816565990447998,
            -0.03196612000465393
        ],
        [
            0.2919238805770874,
            -0.8109898567199707,
            -0.031420499086380005
        ],
        [
            0.28101587295532227,
            -0.8223724365234375,
            -0.040879711508750916
        ],
        [
            0.28869155049324036,
            -0.8369530439376831,
            -0.04668779671192169
        ],
        [
            0.30374300479888916,
            -0.82502281665802,
            -0.03497040271759033
        ],
        [
            0.30297985672950745,
            -0.8527404069900513,
            -0.05803637206554413
        ],
        [
            0.321244478225708,
            -0.8378709554672241,
            -0.04426823556423187
        ],
        [
            0.21527525782585144,
            -0.7160016298294067,
            -0.06817150115966797
        ],
        [
            0.22321352362632751,
            -0.7326651811599731,
            -0.06724727898836136
        ],
        [
            0.21548989415168762,
            -0.6849186420440674,
            -0.06646056473255157
        ],
        [
            0.20719292759895325,
            -0.7019184827804565,
            -0.06939658522605896
        ],
        [
            0.3178620934486389,
            -0.8614245653152466,
            -0.07382729649543762
        ],
        [
            0.3398799002170563,
            -0.8459029197692871,
            -0.05690595507621765
        ],
        [
            0.2430453896522522,
            -0.8292824625968933,
            -0.07920689880847931
        ],
        [
            0.25730425119400024,
            -0.8391281366348267,
            -0.070698082447052
        ],
        [
            0.25577789545059204,
            -0.822333812713623,
            -0.05830612778663635
        ],
        [
            0.2425818145275116,
            -0.8151512145996094,
            -0.06752796471118927
        ],
        [
            0.24527502059936523,
            -0.8418474197387695,
            -0.09528227895498276
        ],
