{
    "pred_cam": [
        2.688023090362549,
        -0.14031982421875,
        0.4948450028896332
    ],
    "pred_smpl_params": {
        "global_orient": [
            [
                [
                    -0.4079296290874481,
                    0.07642670720815659,
                    0.9098089337348938
                ],
                [
                    -0.426158607006073,
                    -0.8972182869911194,
                    -0.11570700258016586
                ],
                [
                    0.8074541687965393,
                    -0.4349232316017151,
                    0.39857181906700134
                ]
            ]
        ],
        "body_pose": [
            [
                [
                    0.9858506917953491,
                    -0.1645103543996811,
                    -0.03216563165187836
                ],
                [
                    0.1524319350719452,
                    0.8000054955482483,
                    0.5803065299987793
                ],
                [
                    -0.06973376870155334,
                    -0.5769987106323242,
                    0.8137626051902771
                ]
            ],
            [
                [
                    0.999721348285675,
                    -0.021791046485304832,
                    -0.009077291935682297
                ],
                [
                    0.022757619619369507,
                    0.7875169515609741,
                    0.6158726215362549
                ],
                [
                    -0.0062719895504415035,
                    -0.6159075498580933,
                    0.7877933979034424
                ]
            ],
            [
                [
                    0.9984621405601501,
                    -0.00210896716453135,
                    -0.055398061871528625
                ],
                [
                    -0.024475011974573135,
                    0.8798512816429138,
                    -0.47461846470832825
                ],
                [
                    0.049743007868528366,
                    0.4752444326877594,
                    0.8784465789794922
                ]
            ],
            [
                [
                    0.9955125451087952,
                    0.08399305492639542,
                    -0.043588604778051376
                ],
                [
                    -0.08897973597049713,
                    0.6740747094154358,
                    -0.7332844138145447
                ],
                [
                    -0.03220883384346962,
                    0.7338722944259644,
                    0.6785234808921814
                ]
            ],
            [
                [
                    0.9884544610977173,
                    -0.15045656263828278,
                    0.01790812984108925
                ],
                [
                    0.11127212643623352,
                    0.6405917406082153,
                    -0.7597767114639282
                ],
                [
                    0.10284160077571869,
                    0.7529972791671753,
                    0.6499373912811279
                ]
            ],
            [
                [
                    0.9991772770881653,
                    0.015585357323288918,
                    -0.037442706525325775
                ],
                [
                    -0.015493244864046574,
                    0.9998762011528015,
                    0.0027491424698382616
                ],
                [
                    0.0374809168279171,
                    -0.002166771562770009,
                    0.9992950558662415
                ]
            ],
            [
                [
                    0.9803871512413025,
                    0.014535619877278805,
                    0.19654448330402374
                ],
                [
                    -0.022504683583974838,
                    0.9990100264549255,
                    0.03837350010871887
                ],
                [
                    -0.19579212367534637,
                    -0.04204406589269638,
                    0.9797437191009521
                ]
            ],
            [
                [
                    0.9800266027450562,
                    0.05396329611539841,
                    -0.19140487909317017
                ],
                [
                    -0.036967504769563675,
                    0.9951387047767639,
                    0.09128201752901077
                ],
                [
                    0.19540028274059296,
                    -0.08238304406404495,
                    0.9772573113441467
                ]
            ],
            [
                [
                    0.9991415739059448,
                    0.0170863289386034,
                    -0.03773963451385498
                ],
                [
                    -0.020008333027362823,
                    0.9967166781425476,
                    -0.07845649868249893
                ],
                [
                    0.03627519682049751,
                    0.07914424687623978,
                    0.9962029457092285
                ]
            ],
            [
                [
                    0.9971168041229248,
                    -0.07299935817718506,
                    0.02071814052760601
                ],
                [
                    0.07109469920396805,
                    0.9941561222076416,
                    0.08123581856489182
                ],
                [
                    -0.026527227833867073,
                    -0.07952864468097687,
                    0.9964796304702759
                ]
            ],
            [
                [
                    0.997230589389801,
                    0.031329624354839325,
                    -0.0674508586525917
                ],
                [
                    -0.02768690697848797,
                    0.9981418251991272,
                    0.05427926033735275
                ],
                [
                    0.06902607530355453,
                    -0.052261434495449066,
                    0.9962449669837952
                ]
            ],
            [
                [
                    0.9949519038200378,
                    0.09048375487327576,
                    0.04339858144521713
                ],
                [
                    -0.0851355716586113,
                    0.9900177717208862,
                    -0.11232447624206543
                ],
                [
                    -0.05312890186905861,
                    0.10806268453598022,
                    0.9927234649658203
                ]
            ],
            [
                [
                    0.8809889554977417,
                    0.35772430896759033,
                    -0.30966413021087646
                ],
                [
                    -0.3487938344478607,
                    0.9332641959190369,
                    0.08579544723033905
                ],
                [
                    0.31968954205513,
                    0.03242409601807594,
                    0.9469674825668335
                ]
            ],
            [
                [
                    0.9430119395256042,
                    -0.21651460230350494,
                    0.25268515944480896
                ],
                [
                    0.20840808749198914,
                    0.9762755632400513,
                    0.058755308389663696
                ],
                [
                    -0.25941169261932373,
                    -0.002745338948443532,
                    0.9657629132270813
                ]
            ],
            [
                [
                    0.9851036071777344,
                    0.09238484501838684,
                    0.14503805339336395
                ],
                [
                    -0.053337037563323975,
                    0.9659853577613831,
                    -0.25303635001182556
                ],
                [
                    -0.16348135471343994,
                    0.24153108894824982,
                    0.9565231800079346
                ]
            ],
            [
                [
                    0.5059874653816223,
                    0.7933403253555298,
                    -0.3385082483291626
                ],
                [
                    -0.7909433245658875,
                    0.5833136439323425,
                    0.18480756878852844
                ],
                [
                    0.34407180547714233,
                    0.17423053085803986,
                    0.9226366281509399
                ]
            ],
            [
                [
                    0.6880868077278137,
                    -0.6586654782295227,
                    0.3044606149196625
                ],
                [
                    0.6446424722671509,
                    0.747503399848938,
                    0.16023318469524384
                ],
                [
                    -0.33312544226646423,
                    0.08601392060518265,
                    0.9389509558677673
                ]
            ],
            [
                [
                    0.8617426753044128,
                    -0.17152215540409088,
                    -0.4774722158908844
                ],
                [
                    0.15178176760673523,
                    0.9851738214492798,
                    -0.07996764034032822
                ],
                [
                    0.48410937190055847,
                    -0.003560044802725315,
                    0.8750002384185791
                ]
            ],
            [
                [
                    0.9173669219017029,
                    0.07049594074487686,
                    0.39175012707710266
                ],
                [
                    -0.08275843411684036,
                    0.9964644312858582,
                    0.014481702819466591
                ],
                [
                    -0.38934412598609924,
                    -0.045705683529376984,
                    0.9199576377868652
                ]
            ],
            [
                [
                    0.9964746236801147,
                    -0.0830717608332634,
                    0.011724263429641724
                ],
                [
                    0.08306200802326202,
                    0.9965435862541199,
                    0.0013170066522434354
                ],
                [
                    -0.011793144047260284,
                    -0.00033852289197966456,
                    0.9999305009841919
                ]
            ],
            [
                [
                    0.9969502687454224,
                    0.058313578367233276,
                    -0.051862429827451706
                ],
                [
                    -0.0636899545788765,
                    0.992009699344635,
                    -0.10890501737594604
                ],
                [
                    0.04509739205241203,
                    0.1118759959936142,
                    0.9926983118057251
                ]
            ],
            [
                [
                    0.974156379699707,
                    0.19976399838924408,
                    -0.1054220050573349
                ],
                [
                    -0.17995674908161163,
                    0.9684737920761108,
                    0.1722617745399475
                ],
                [
                    0.13651014864444733,
                    -0.14883849024772644,
                    0.9793937802314758
                ]
            ],
            [
                [
                    0.9717551469802856,
                    -0.19562017917633057,
                    0.13200297951698303
                ],
                [
                    0.1686873435974121,
                    0.966955840587616,
                    0.19115693867206573
                ],
                [
                    -0.1650352030992508,
                    -0.16349048912525177,
                    0.9726429581642151
                ]
            ]
        ],
        "betas": [
            0.10592284798622131,
            0.4127449095249176,
            -0.3114638924598694,
            -0.3733055293560028,
            0.05463045835494995,
            -0.0002240203320980072,
            -0.10951569676399231,
            0.026217758655548096,
            0.17757417261600494,
            -0.09772598743438721
        ]
    },
    "pred_cam_t": [
        -0.14031982421875,
        0.4948450028896332,
        14.532054901123047
    ],
    "focal_length": [
        5000.0,
        5000.0
    ],
    "pred_keypoints_3d": [
        [
            0.34225791692733765,
            -0.6562325954437256,
            0.00016796588897705078
        ],
        [
            0.18276309967041016,
            -0.6542009115219116,
            -0.0990971028804779
        ],
        [
            0.2091740071773529,
            -0.5157671570777893,
            -0.2339569628238678
        ],
        [
            0.2130786031484604,
            -0.2563692629337311,
            -0.2523077428340912
        ],
        [
            0.3228326439857483,
            -0.02423541247844696,
            -0.20779460668563843
        ],
        [
            0.09798401594161987,
            -0.6240609884262085,
            0.07868698239326477
        ],
        [
            0.02929040789604187,
            -0.3827391564846039,
            0.16938170790672302
        ],
        [
            0.12484954297542572,
            -0.17367100715637207,
            0.2772396504878998
        ],
        [
            -0.0016679358668625355,
            -0.21806058287620544,
            0.025868816301226616
        ],
        [
            0.013422630727291107,
            -0.1082209050655365,
            0.008883709087967873
        ],
        [
            0.21554267406463623,
            0.15921393036842346,
            0.21309016644954681
        ],
        [
            0.04102262854576111,
            0.47962135076522827,
            0.3982498049736023
        ],
        [
            -0.04415304958820343,
            -0.16480082273483276,
            0.1175585687160492
        ],
        [
            0.08876258134841919,
            0.0405111163854599,
            0.41511768102645874
        ],
        [
            -0.05602388083934784,
            0.40242958068847656,
            0.5392362475395203
        ],
        [
            0.3681145906448364,
            -0.6929970383644104,
            -0.041393689811229706
        ],
        [
            0.3325459063053131,
            -0.7151990532875061,
            0.010329775512218475
        ],
        [
            0.3293483257293701,
            -0.7208625078201294,
            -0.1343103051185608
        ],
        [
            0.25329533219337463,
            -0.7705913782119751,
            -0.019668355584144592
        ],
        [
            0.08000165224075317,
            0.4361979365348816,
            0.6841674447059631
        ],
        [
            0.00119704008102417,
            0.41665732860565186,
            0.700178861618042
        ],
        [
            -0.11662743985652924,
            0.4327163100242615,
            0.5210573673248291
        ],
        [
            0.21345631778240204,
            0.5345022678375244,
            0.49104905128479004
        ],
        [
            0.18054059147834778,
            0.5756800174713135,
            0.421804279088974
        ],
        [
            -0.022921845316886902,
            0.5142995715141296,
            0.39466607570648193
        ],
        [
            0.04058414697647095,
            0.4469332993030548,
            0.3449849486351013
        ],
        [
            0.19791941344738007,
            0.11065647006034851,
            0.17895162105560303
        ],
        [
            0.04089231789112091,
            -0.1805732101202011,
            -0.11519715189933777
        ],
        [
            -0.0914045125246048,
            -0.29195404052734375,
            0.12113693356513977
        ],
        [
            0.07757756859064102,
            0.005908118560910225,
            0.3958073854446411
        ],
        [
            -0.07075013220310211,
            0.36749550700187683,
            0.5169479846954346
        ],
        [
            0.3355090320110321,
            -0.05162006989121437,
            -0.19077041745185852
        ],
        [
            0.2419833242893219,
            -0.27368873357772827,
            -0.2670566439628601
        ],
        [
            0.20836815237998962,
            -0.5526943802833557,
            -0.21511970460414886
        ],
        [
            0.108697809278965,
            -0.6443466544151306,
            0.04585602879524231
        ],
        [
            0.05736839026212692,
            -0.41326215863227844,
            0.1969471573829651
        ],
        [
            0.1344110667705536,
            -0.19143706560134888,
            0.2777625620365143
        ],
        [
            0.18494021892547607,
            -0.6465260982513428,
            -0.08955718576908112
        ],
        [
            0.33115118741989136,
            -0.7782242298126221,
            -0.05729091912508011
        ],
        [
            -0.025001943111419678,
            -0.23650556802749634,
            0.0027636224403977394
        ],
        [
            0.1579616665840149,
            -0.5962104797363281,
            -0.08438906818628311
        ],
        [
            0.04838777333498001,
            -0.45546332001686096,
            -0.07154371589422226
        ],
        [
            0.2795093059539795,
            -0.6778072714805603,
            -0.04487321898341179
        ],
        [
            0.3402741551399231,
            -0.7958784103393555,
            -0.06380395591259003
        ]
    ],
    "pred_vertices": [
        [
            0.3571144938468933,
            -0.7566667795181274,
            0.02363859862089157
        ],
        [
            0.3547964096069336,
            -0.7399190664291382,
            0.021574869751930237
        ],
        [
            0.3419545888900757,
            -0.7458367347717285,
            0.024215027689933777
        ],
        [
            0.340359628200531,
            -0.7607240676879883,
            0.02410547435283661
        ],
        [
            0.3413546681404114,
            -0.733988344669342,
            0.024076983332633972
        ],
        [
            0.35114070773124695,
            -0.7278614640235901,
            0.020872972905635834
        ],
        [
            0.3285752534866333,
            -0.7488207817077637,
            0.02284514158964157
        ],
        [
            0.32422810792922974,
            -0.7612513303756714,
            0.02113834023475647
        ],
        [
            0.2961520850658417,
            -0.7278871536254883,
            0.01573694497346878
        ],
        [
            0.28627732396125793,
            -0.7308294177055359,
            0.012750014662742615
        ],
        [
            0.29525741934776306,
            -0.7400799989700317,
            0.01466841995716095
        ],
        [
            0.30332908034324646,
            -0.7346025705337524,
            0.01639580726623535
        ],
        [
            0.2791340947151184,
            -0.7093427181243896,
            0.010192349553108215
        ],
        [
            0.2811606824398041,
            -0.6955397129058838,
            0.009977355599403381
        ],
        [
            0.26918894052505493,
            -0.6943572759628296,
            0.004460416734218597
        ],
        [
            0.2668159604072571,
            -0.7077895402908325,
            0.0035480111837387085
        ],
        [
            0.3196556270122528,
            -0.6831086277961731,
            0.001385703682899475
        ],
        [
            0.31217876076698303,
            -0.6804022789001465,
            0.004159912467002869
        ],
        [
            0.31369513273239136,
            -0.6873801946640015,
            0.007167205214500427
        ],
        [
            0.3209461569786072,
            -0.6893537640571594,
            0.0035363435745239258
        ],
        [
            0.33427488803863525,
            -0.6845727562904358,
            -0.0005570948123931885
        ],
        [
            0.33529549837112427,
            -0.6910514831542969,
            -0.0013672858476638794
        ],
        [
            0.3432251811027527,
            -0.6896234750747681,
            -0.0010547265410423279
        ],
        [
            0.34182408452033997,
            -0.6823689937591553,
            0.0008724555373191833
        ],
        [
            0.31939956545829773,
            -0.6769083738327026,
            -0.0030317604541778564
        ],
        [
            0.3113802969455719,
            -0.6744016408920288,
            -0.0002827197313308716
        ],
        [
            0.32651352882385254,
            -0.685032844543457,
            -0.0006084218621253967
        ],
        [
            0.3262624144554138,
            -0.6800446510314941,
            -0.001122996211051941
        ],
        [
            0.3298051655292511,
            -0.6687113642692566,
            0.002933122217655182
        ],
        [
            0.3311123847961426,
            -0.6737656593322754,
            0.003679506480693817
        ],
        [
            0.3374512493610382,
            -0.6697730422019958,
            0.005852721631526947
        ],
        [
            0.33423614501953125,
            -0.6653306484222412,
            0.003774121403694153
        ],
        [
            0.32274705171585083,
            -0.6740530729293823,
            -0.001017749309539795
        ],
        [
            0.32580113410949707,
            -0.675114631652832,
            0.0015032663941383362
        ],
        [
            0.32608842849731445,
            -0.6700471639633179,
            0.0008028671145439148
        ],
        [
            0.32371312379837036,
            -0.6694614291191101,
            -0.002461649477481842
        ],
        [
            0.33352166414260864,
            -0.6794779896736145,
            0.0004261210560798645
        ],
        [
            0.3401934802532196,
            -0.6762144565582275,
            0.0031377598643302917
        ],
        [
            0.34706929326057434,
            -0.6722749471664429,
            0.00494694709777832
        ],
        [
            0.34327200055122375,
            -0.6645182967185974,
            0.006826505064964294
        ],
        [
            0.29448574781417847,
            -0.6769781112670898,
            0.006862513720989227
        ],
        [
            0.303696870803833,
            -0.678411602973938,
            0.0065651386976242065
        ],
        [
            0.30355173349380493,
            -0.6724566221237183,
            0.0025462210178375244
        ],
        [
            0.29597029089927673,
            -0.6712846755981445,
            0.003710642457008362
        ],
        [
            0.3192565143108368,
            -0.6693652868270874,
            -0.004336744546890259
        ],
        [
            0.30754536390304565,
            -0.6584134101867676,
            -0.0033837109804153442
        ],
        [
            0.30985379219055176,
            -0.6613357067108154,
            -0.0025802701711654663
        ],
        [
            0.31582194566726685,
            -0.657903254032135,
            -0.00445953756570816
        ],
        [
            0.3132081627845764,
            -0.6554809212684631,
            -0.004832886159420013
        ],
        [
            0.2782270014286041,
            -0.6721081733703613,
            0.003235071897506714
        ],
        [
            0.2829340994358063,
            -0.6668041944503784,
            0.001969441771507263
        ],
        [
            0.27713194489479065,
            -0.6631038188934326,
            -0.000382937490940094
        ],
        [
            0.27149248123168945,
            -0.6677811145782471,
            -0.0005172714591026306
        ],
        [
            0.27468597888946533,
            -0.6585295796394348,
            -0.0037017762660980225
        ],
        [
            0.26606956124305725,
            -0.6629914045333862,
            -0.004732370376586914
        ],
        [
            0.2619481086730957,
            -0.6483107805252075,
            -0.012861102819442749
        ],
        [
            0.26350390911102295,
            -0.6553277969360352,
            -0.009014509618282318
        ],
        [
            0.2735186517238617,
            -0.6525195837020874,
            -0.007139027118682861
        ],
        [
            0.2747025787830353,
            -0.6450150012969971,
            -0.009948104619979858
        ],
        [
            0.28805992007255554,
            -0.6401057243347168,
            -0.012880899012088776
        ],
        [
            0.29173028469085693,
            -0.6360225677490234,
            -0.015691548585891724
        ],
        [
            0.2806495428085327,
            -0.6292632818222046,
            -0.015317149460315704
        ],
        [
            0.2776790261268616,
            -0.6360850930213928,
            -0.012514084577560425
        ],
        [
            0.30158206820487976,
            -0.6556157469749451,
            -0.00700937956571579
        ],
        [
            0.2980036437511444,
            -0.6584685444831848,
            -0.005893915891647339
        ],
        [
            0.2999032735824585,
            -0.6584535837173462,
            -0.003928229212760925
        ],
        [
            0.30452650785446167,
            -0.6561707258224487,
            -0.004727892577648163
        ],
        [
            0.29492202401161194,
            -0.6604357957839966,
            -0.004391998052597046
        ],
        [
            0.2934381365776062,
            -0.6611390709877014,
            -0.003643602132797241
        ],
        [
            0.29493045806884766,
            -0.6614043116569519,
            -0.0028304681181907654
        ],
        [
            0.2956429421901703,
            -0.6605852842330933,
            -0.0038799867033958435
        ],
        [
            0.29688119888305664,
            -0.659356415271759,
            -0.005014769732952118
        ],
        [
            0.2965084910392761,
            -0.6573866605758667,
            -0.005852222442626953
        ],
        [
            0.2952326238155365,
            -0.6593085527420044,
            -0.004863649606704712
        ],
        [
            0.29936155676841736,
            -0.6540593504905701,
            -0.006732098758220673
        ],
        [
            0.3089960217475891,
            -0.6445419192314148,
            -0.011345960199832916
        ],
        [
            0.30627328157424927,
            -0.6464775204658508,
            -0.009252533316612244
        ],
        [
            0.30929499864578247,
            -0.6497820019721985,
            -0.010408438742160797
        ],
        [
            0.3118736147880554,
            -0.648547887802124,
            -0.012202665209770203
        ],
        [
            0.2981153130531311,
            -0.6616740226745605,
            -0.0027271732687950134
        ],
        [
            0.29731452465057373,
            -0.6637443900108337,
            -0.0009604021906852722
        ],
        [
            0.3028777837753296,
            -0.6627950072288513,
            -0.0012512058019638062
        ],
        [
            0.3015233874320984,
            -0.6605790853500366,
            -0.002857975661754608
        ],
        [
            0.2969103753566742,
            -0.6662275791168213,
            0.0013512298464775085
        ],
        [
            0.29415664076805115,
            -0.6634565591812134,
            -0.001330837607383728
        ],
        [
            0.29280924797058105,
            -0.6657778024673462,
            0.0005846172571182251
        ],
        [
            0.2927510738372803,
            -0.6597106456756592,
            -0.004364028573036194
        ],
        [
            0.28948765993118286,
            -0.6601325273513794,
            -0.0034850314259529114
        ],
        [
            0.29123085737228394,
            -0.6617224812507629,
            -0.0019364804029464722
        ],
        [
            0.2888938784599304,
            -0.6568269729614258,
            -0.0053209662437438965
        ],
        [
            0.2935391068458557,
            -0.6569068431854248,
            -0.005872249603271484
        ],
        [
            0.2957459092140198,
            -0.6528598070144653,
            -0.006968885660171509
        ],
        [
            0.29897260665893555,
            -0.648223876953125,
            -0.008250609040260315
        ],
        [
            0.29307329654693604,
            -0.6470179557800293,
            -0.009238041937351227
        ],
        [
            0.2902751564979553,
            -0.652121901512146,
            -0.007170334458351135
        ],
        [
            0.30396050214767456,
            -0.6672772169113159,
            0.00015426427125930786
        ],
        [
            0.28757432103157043,
            -0.6637271046638489,
            -0.00013343989849090576
        ],
        [
            0.2896759510040283,
            -0.6699322462081909,
            0.003126278519630432
        ],
        [
            0.28418293595314026,
            -0.6607470512390137,
            -0.0017441809177398682
        ],
        [
            0.28250423073768616,
            -0.6568410396575928,
            -0.004270076751708984
        ],
        [
            0.2831047773361206,
            -0.6519038677215576,
            -0.007318094372749329
        ],
        [
            0.2852025032043457,
            -0.6456602811813354,
            -0.009982869029045105
        ],
        [
            0.26785844564437866,
            -0.6287959814071655,
            -0.021643176674842834
        ],
        [
            0.2651154398918152,
            -0.6374068260192871,
            -0.016987256705760956
        ],
        [
            0.34579765796661377,
            -0.7226502895355225,
            0.01656123250722885
        ],
        [
            0.33903050422668457,
            -0.7265181541442871,
            0.0213581845164299
        ],
        [
            0.3310266435146332,
            -0.7229188680648804,
            0.017699070274829865
        ],
        [
            0.33128857612609863,
            -0.7251375913619995,
            0.01931673288345337
        ],
        [
            0.3371009826660156,
            -0.7231770753860474,
            0.017440348863601685
        ],
        [
            0.3350774943828583,
            -0.7207988500595093,
            0.01647387444972992
        ],
        [
            0.3108903467655182,
            -0.7305163145065308,
            0.016227707266807556
        ],
        [
            0.3170121908187866,
            -0.7275925874710083,
            0.016079217195510864
        ],
        [
            0.3137168884277344,
            -0.7256699800491333,
            0.014381453394889832
        ],
        [
            0.30539417266845703,
            -0.7263327836990356,
            0.01570739597082138
        ],
        [
            0.3166426420211792,
            -0.7136468887329102,
            0.012086257338523865
        ],
        [
            0.31345924735069275,
            -0.7178389430046082,
            0.01329689472913742
        ],
        [
            0.32109659910202026,
            -0.7199894189834595,
            0.013583838939666748
        ],
        [
            0.32343652844429016,
            -0.7169620990753174,
            0.01280181109905243
        ],
        [
            0.32622307538986206,
            -0.7143001556396484,
            0.011251159012317657
        ],
        [
            0.3292006254196167,
            -0.7122242450714111,
            0.008813843131065369
        ],
        [
            0.3253548741340637,
            -0.7086299657821655,
            0.007895596325397491
        ],
        [
            0.3210196793079376,
            -0.7106790542602539,
            0.01024368405342102
        ],
        [
            0.3421122133731842,
            -0.7210006713867188,
            0.013571083545684814
        ],
        [
            0.3454868197441101,
            -0.7179452180862427,
            0.007845014333724976
        ],
        [
            0.3424282371997833,
            -0.716408371925354,
            0.008112281560897827
        ],
        [
            0.3396201431751251,
            -0.7185447216033936,
            0.01327446848154068
        ],
        [
            0.34113916754722595,
            -0.7107959985733032,
            -0.004039786756038666
        ],
        [
            0.34268319606781006,
            -0.7124305367469788,
            -0.00196123868227005
        ],
        [
            0.34626635909080505,
            -0.711503267288208,
            -0.00346171110868454
        ],
        [
            0.3432745039463043,
            -0.7083983421325684,
            -0.005464494228363037
        ],
        [
            0.3399679958820343,
            -0.7070075273513794,
            -0.0043544769287109375
        ],
        [
            0.3394220471382141,
            -0.7098079323768616,
            -0.003189757466316223
        ],
        [
            0.37454846501350403,
            -0.7698371410369873,
            0.019391223788261414
        ],
        [
            0.3720467686653137,
            -0.7511482834815979,
            0.019180983304977417
        ],
        [
            0.35578036308288574,
            -0.7764245271682739,
            0.022205285727977753
        ],
        [
            0.33747684955596924,
            -0.7779874801635742,
            0.020557209849357605
        ],
        [
            0.31955552101135254,
            -0.7752009630203247,
            0.01822185516357422
        ],
        [
            0.273370623588562,
            -0.6817977428436279,
            0.004309803247451782
        ],
        [
            0.26420214772224426,
            -0.6787228584289551,
            -0.0002141818404197693
        ],
        [
            0.2580244243144989,
            -0.6934773921966553,
            -0.0014692023396492004
        ],
        [
            0.2504279315471649,
            -0.6873266696929932,
            -0.006979994475841522
        ],
        [
            0.25724536180496216,
            -0.6722689867019653,
            -0.005587317049503326
        ],
        [
            0.2515786290168762,
            -0.653809666633606,
            -0.01815018802881241
        ],
        [
            0.25275367498397827,
            -0.6634830832481384,
            -0.011263646185398102
        ],
        [
            0.24398387968540192,
            -0.6802568435668945,
            -0.01405046135187149
        ],
        [
            0.23892562091350555,
            -0.7005884647369385,
            -0.016360431909561157
        ],
        [
            0.24666810035705566,
            -0.7038805484771729,
            -0.009273238480091095
        ],
        [
            0.23979489505290985,
            -0.7207918167114258,
            -0.019871197640895844
        ],
        [
            0.2312675267457962,
            -0.6985104084014893,
            -0.026690520346164703
        ],
        [
            0.23656736314296722,
            -0.7235340476036072,
            -0.027144894003868103
        ],
        [
            0.22438247501850128,
            -0.6632997989654541,
            -0.03664171323180199
        ],
        [
            0.21655508875846863,
            -0.6580310463905334,
            -0.03654531389474869
        ],
        [
            0.2066463977098465,
            -0.673382580280304,
            -0.03571544960141182
        ],
        [
            0.21474164724349976,
            -0.6792266964912415,
            -0.0352473221719265
        ],
        [
            0.25507742166519165,
            -0.7061905264854431,
            -0.002702750265598297
        ],
        [
            0.2968596816062927,
            -0.7525125741958618,
            0.012741386890411377
        ],
        [
            0.30504757165908813,
            -0.7458162307739258,
            0.01667441427707672
        ],
        [
            0.2862473130226135,
            -0.745778501033783,
            0.009798422455787659
        ],
        [
            0.32266512513160706,
            -0.809288501739502,
            0.010565042495727539
        ],
        [
            0.3319329023361206,
            -0.7947382926940918,
            0.01766301691532135
        ],
        [
            0.3150734007358551,
            -0.7892530560493469,
            0.015592068433761597
        ],
        [
            0.30837351083755493,
            -0.8038676977157593,
            0.009692266583442688
        ],
        [
            0.36486491560935974,
            -0.8211768865585327,
            0.00026094913482666016
        ],
        [
            0.3714711368083954,
            -0.7967706918716431,
            0.013354673981666565
        ],
        [
            0.35320228338241577,
            -0.7970374822616577,
            0.015726238489151
        ],
        [
            0.34652331471443176,
            -0.8166027069091797,
            0.006718769669532776
        ],
        [
            0.3008958697319031,
            -0.8123658895492554,
            0.002594664692878723
        ],
        [
            0.29155632853507996,
            -0.8234121799468994,
            -0.008616715669631958
        ],
        [
            0.30022919178009033,
            -0.8372906446456909,
            -0.014412552118301392
        ],
        [
            0.31352514028549194,
            -0.8257575035095215,
            -0.0005228370428085327
        ],
        [
            0.31615811586380005,
            -0.8518689870834351,
            -0.025034859776496887
        ],
        [
            0.33232489228248596,
            -0.8374685049057007,
            -0.00854232907295227
        ],
        [
            0.22546294331550598,
            -0.7172324061393738,
            -0.03611958771944046
        ],
        [
            0.23378635942935944,
            -0.7338416576385498,
            -0.03526049107313156
        ],
        [
            0.22466301918029785,
            -0.6860442161560059,
            -0.03315366804599762
        ],
        [
            0.21723569929599762,
            -0.7031859159469604,
            -0.03745710104703903
        ],
        [
            0.3328934609889984,
            -0.8591524362564087,
            -0.03960564732551575
        ],
        [
            0.3523867428302765,
            -0.8441274166107178,
            -0.01958446204662323
        ],
        [
            0.2582013010978699,
            -0.8289543986320496,
            -0.050974950194358826
        ],
        [
            0.2717837691307068,
            -0.838964581489563,
            -0.04160378873348236
        ],
        [
            0.2683645188808441,
            -0.8230149745941162,
            -0.028508290648460388
        ],
        [
            0.2559555172920227,
            -0.815650224685669,
            -0.0385611355304718
        ],
