{
    "pred_cam": [
        2.567190170288086,
        -0.1048874780535698,
        0.49157530069351196
    ],
    "pred_smpl_params": {
        "global_orient": [
            [
                [
                    -0.5101146101951599,
                    0.0747687816619873,
                    0.8568505048751831
                ],
                [
                    -0.3528405725955963,
                    -0.926721453666687,
                    -0.1291932314634323
                ],
                [
                    0.7844021320343018,
                    -0.36823493242263794,
                    0.49911561608314514
                ]
            ]
        ],
        "body_pose": [
            [
                [
                    0.9852873086929321,
                    -0.17079272866249084,
                    0.0062302290461957455
                ],
                [
                    0.14372774958610535,
                    0.8477746248245239,
                    0.5105101466178894
                ],
                [
                    -0.09247323870658875,
                    -0.5021036863327026,
                    0.859849214553833
                ]
            ],
            [
                [
                    0.9977967143058777,
                    -0.06630375236272812,
                    -0.002333850832656026
                ],
                [
                    0.05730743706226349,
                    0.843620240688324,
                    0.5338732004165649
                ],
                [
                    -0.033428918570280075,
                    -0.5328307151794434,
                    0.8455612063407898
                ]
            ],
            [
                [
                    0.9971071481704712,
                    0.011542731896042824,
                    -0.07512696832418442
                ],
                [
                    -0.042355071753263474,
                    0.9050986170768738,
                    -0.423086941242218
                ],
                [
                    0.063113734126091,
                    0.42504504323005676,
                    0.9029691815376282
                ]
            ],
            [
                [
                    0.9951853156089783,
                    0.09474122524261475,
                    -0.025107214227318764
                ],
                [
                    -0.08537543565034866,
                    0.7121391892433167,
                    -0.6968277096748352
                ],
                [
                    -0.048138510435819626,
                    0.6956161856651306,
                    0.7167990207672119
                ]
            ],
            [
                [
                    0.9938248991966248,
                    -0.10730502754449844,
                    0.02824564091861248
                ],
                [
                    0.09676243364810944,
                    0.7135249376296997,
                    -0.693915843963623
                ],
                [
                    0.05430668964982033,
                    0.6923639178276062,
                    0.7195019721984863
                ]
            ],
            [
                [
                    0.9978213906288147,
                    0.025752639397978783,
                    -0.060740191489458084
                ],
                [
                    -0.024748604744672775,
                    0.9995453357696533,
                    0.01722491905093193
                ],
                [
                    0.06115615740418434,
                    -0.015684157609939575,
                    0.9980050325393677
                ]
            ],
            [
                [
                    0.9789995551109314,
                    -0.0008748650434426963,
                    0.20386044681072235
                ],
                [
                    -0.007860478945076466,
                    0.9990851879119873,
                    0.04203595966100693
                ],
                [
                    -0.20371071994304657,
                    -0.04275562986731529,
                    0.9780970811843872
                ]
            ],
            [
                [
                    0.9802467226982117,
                    0.05097644403576851,
                    -0.19109632074832916
                ],
                [
                    -0.03457369655370712,
                    0.9955018162727356,
                    0.0882088840007782
                ],
                [
                    0.19473330676555634,
                    -0.07985956221818924,
                    0.9775998592376709
                ]
            ],
            [
                [
                    0.9974173307418823,
                    0.024602489545941353,
                    -0.06747909635305405
                ],
                [
                    -0.03128763288259506,
                    0.9945079684257507,
                    -0.09987469762563705
                ],
                [
                    0.06465133279561996,
                    0.10172801464796066,
                    0.992709219455719
                ]
            ],
            [
                [
                    0.9981666803359985,
                    -0.05182880163192749,
                    0.0312587134540081
                ],
                [
                    0.048878561705350876,
                    0.9948565363883972,
                    0.08872085809707642
                ],
                [
                    -0.035696230828762054,
                    -0.0870303213596344,
                    0.9955659508705139
                ]
            ],
            [
                [
                    0.997539758682251,
                    0.04339713975787163,
                    -0.05505466088652611
                ],
                [
                    -0.040117718279361725,
                    0.9974316358566284,
                    0.059334807097911835
                ],
                [
                    0.057488225400447845,
                    -0.05698017030954361,
                    0.99671870470047
                ]
            ],
            [
                [
                    0.9925392270088196,
                    0.06528221815824509,
                    0.10297646373510361
                ],
                [
                    -0.047114670276641846,
                    0.9843333959579468,
                    -0.16990596055984497
                ],
                [
                    -0.11245500296354294,
                    0.1637866199016571,
                    0.9800652861595154
                ]
            ],
            [
                [
                    0.9197527766227722,
                    0.2547944188117981,
                    -0.29855412244796753
                ],
                [
                    -0.24887274205684662,
                    0.9667754769325256,
                    0.058373406529426575
                ],
                [
                    0.30350804328918457,
                    0.020612873136997223,
                    0.9526058435440063
                ]
            ],
            [
                [
                    0.9665181040763855,
                    -0.19373491406440735,
                    0.16825446486473083
                ],
                [
                    0.19093023240566254,
                    0.9810538291931152,
                    0.03284832462668419
                ],
                [
                    -0.1714305579662323,
                    0.0003763606655411422,
                    0.9851961135864258
                ]
            ],
            [
                [
                    0.9816884994506836,
                    0.045271169394254684,
                    0.18503591418266296
                ],
                [
                    -0.004406995140016079,
                    0.9764876961708069,
                    -0.21552802622318268
                ],
                [
                    -0.1904425024986267,
                    0.21076591312885284,
                    0.9588062763214111
                ]
            ],
            [
                [
                    0.49477308988571167,
                    0.8062245845794678,
                    -0.3243478834629059
                ],
                [
                    -0.7927140593528748,
                    0.5716515779495239,
                    0.21170465648174286
                ],
                [
                    0.35609546303749084,
                    0.15236937999725342,
                    0.9219433665275574
                ]
            ],
            [
                [
                    0.5516766309738159,
                    -0.7969710826873779,
                    0.24594716727733612
                ],
                [
                    0.7909390926361084,
                    0.5934793949127197,
                    0.14898844063282013
                ],
                [
                    -0.26470404863357544,
                    0.11233579367399216,
                    0.9577643275260925
                ]
            ],
            [
                [
                    0.8951614499092102,
                    -0.14251013100147247,
                    -0.4223467707633972
                ],
                [
                    0.13518065214157104,
                    0.9896851181983948,
                    -0.04742934927344322
                ],
                [
                    0.424749493598938,
                    -0.014636194333434105,
                    0.9051925539970398
                ]
            ],
            [
                [
                    0.9280403852462769,
                    0.10534537583589554,
                    0.35727232694625854
                ],
                [
                    -0.11461181193590164,
                    0.9933987855911255,
                    0.004798556677997112
                ],
                [
                    -0.3544083535671234,
                    -0.045400865375995636,
                    0.9339880347251892
                ]
            ],
            [
                [
                    0.9955741167068481,
                    -0.08435641974210739,
                    0.04142586141824722
                ],
                [
                    0.0847926065325737,
                    0.9963590502738953,
                    -0.00888471957296133
                ],
                [
                    -0.04052554443478584,
                    0.012358004227280617,
                    0.9991020560264587
                ]
            ],
            [
                [
                    0.9957849979400635,
                    0.044639457017183304,
                    -0.08012140542268753
                ],
                [
                    -0.046034395694732666,
                    0.9988173246383667,
                    -0.015647778287529945
                ],
                [
                    0.07932813465595245,
                    0.019270166754722595,
                    0.9966622591018677
                ]
            ],
            [
                [
                    0.9740198254585266,
                    0.20229235291481018,
                    -0.10179952532052994
                ],
                [
                    -0.18201255798339844,
                    0.9667548537254333,
                    0.17960065603256226
                ],
                [
                    0.13474704325199127,
                    -0.15640582144260406,
                    0.9784581661224365
                ]
            ],
            [
                [
                    0.9686259031295776,
                    -0.20975714921951294,
                    0.13328856229782104
                ],
                [
                    0.1819525510072708,
                    0.9638654589653015,
                    0.19456809759140015
                ],
                [
                    -0.16928428411483765,
                    -0.16421149671077728,
                    0.9717909097671509
                ]
            ]
        ],
        "betas": [
            0.13451912999153137,
            0.4336101710796356,
            -0.35958409309387207,
            -0.3974795639514923,
            0.04276737570762634,
            0.04404615983366966,
            -0.06588134169578552,
            -0.046356767416000366,
            0.16563038527965546,
            -0.14717331528663635
        ]
    },
    "pred_cam_t": [
        -0.1048874780535698,
        0.49157530069351196,
        15.216052055358887
    ],
    "focal_length": [
        5000.0,
        5000.0
    ],
    "pred_keypoints_3d": [
        [
            0.30332738161087036,
            -0.6829898357391357,
            0.05700811743736267
        ],
        [
            0.15216608345508575,
            -0.6794813275337219,
            -0.055962786078453064
        ],
        [
            0.18994823098182678,
            -0.5636926293373108,
            -0.20745214819908142
        ],
        [
            0.1639668345451355,
            -0.30685746669769287,
            -0.24346646666526794
        ],
        [
            0.2503982186317444,
            -0.06028246879577637,
            -0.23586823046207428
        ],
        [
            0.06893547624349594,
            -0.6339285373687744,
            0.11376591771841049
        ],
        [
            0.015932351350784302,
            -0.38671863079071045,
            0.20060333609580994
        ],
        [
            0.10790076106786728,
            -0.17596054077148438,
            0.31018078327178955
        ],
        [
            -0.0016903490759432316,
            -0.21805930137634277,
            0.02574082650244236
        ],
        [
            0.020560121163725853,
            -0.11037230491638184,
            0.003764338791370392
        ],
        [
            0.17667138576507568,
            0.18041175603866577,
            0.21792316436767578
        ],
        [
            0.0006102323532104492,
            0.5243043899536133,
            0.3554513454437256
        ],
        [
            -0.05057322233915329,
            -0.15687862038612366,
            0.10887162387371063
        ],
        [
            0.033625535666942596,
            0.08212979137897491,
            0.4001665711402893
        ],
        [
            -0.10706830769777298,
            0.4611433148384094,
            0.4688023328781128
        ],
        [
            0.3310784697532654,
            -0.7205398678779602,
            0.01713702082633972
        ],
        [
            0.2915576696395874,
            -0.7418562173843384,
            0.06630096584558487
        ],
        [
            0.29801657795906067,
            -0.7475284337997437,
            -0.07814259827136993
        ],
        [
            0.21337653696537018,
            -0.7953046560287476,
            0.031011104583740234
        ],
        [
            0.005550563335418701,
            0.5004857182502747,
            0.6325002908706665
        ],
        [
            -0.07587581872940063,
            0.4856013357639313,
            0.6361157298088074
        ],
        [
            -0.16261979937553406,
            0.493963360786438,
            0.4387997090816498
        ],
        [
            0.16108964383602142,
            0.5751601457595825,
            0.4703395366668701
        ],
        [
            0.14241193234920502,
            0.6129707098007202,
            0.39386969804763794
        ],
        [
            -0.05971324443817139,
            0.5635071992874146,
            0.339830607175827
        ],
        [
            0.004901884589344263,
            0.48808443546295166,
            0.30507180094718933
        ],
        [
            0.1649080216884613,
            0.12832210958003998,
            0.18468917906284332
        ],
        [
            0.05880105122923851,
            -0.19233937561511993,
            -0.11086824536323547
        ],
        [
            -0.10249404609203339,
            -0.28088364005088806,
            0.11519568413496017
        ],
        [
            0.024634286761283875,
            0.045674316585063934,
            0.3831979036331177
        ],
        [
            -0.12060491740703583,
            0.4257338047027588,
            0.4470513164997101
        ],
        [
            0.26823675632476807,
            -0.08437910676002502,
            -0.21809086203575134
        ],
        [
            0.19485053420066833,
            -0.3234895169734955,
            -0.25891298055648804
        ],
        [
            0.18497304618358612,
            -0.5953521132469177,
            -0.181349515914917
        ],
        [
            0.07784922420978546,
            -0.6558321118354797,
            0.08335302770137787
        ],
        [
            0.04115515947341919,
            -0.4183424115180969,
            0.22989949584007263
        ],
        [
            0.11718739569187164,
            -0.19327989220619202,
            0.31192630529403687
        ],
        [
            0.1561119556427002,
            -0.6742739677429199,
            -0.0499102845788002
        ],
        [
            0.29342222213745117,
            -0.8047189712524414,
            -0.0011365617392584682
        ],
        [
            -0.021489417180418968,
            -0.2368391454219818,
            0.002159746363759041
        ],
        [
            0.13212983310222626,
            -0.6231905221939087,
            -0.049328792840242386
        ],
        [
            0.03629607334733009,
            -0.46924906969070435,
            -0.05348219349980354
        ],
        [
            0.24375547468662262,
            -0.703633725643158,
            0.007160159759223461
        ],
        [
            0.30246061086654663,
            -0.8228844404220581,
            -0.007126255892217159
        ]
    ],
    "pred_vertices": [
        [
            0.31423690915107727,
            -0.7838481664657593,
            0.08171604573726654
        ],
        [
            0.3124428689479828,
            -0.7670447826385498,
            0.07934235781431198
        ],
        [
            0.2993139922618866,
            -0.7726885676383972,
            0.08114564418792725
        ],
        [
            0.2974284291267395,
            -0.7875234484672546,
            0.08087120950222015
        ],
        [
            0.29895251989364624,
            -0.7608551979064941,
            0.08089566975831985
        ],
        [
            0.3091205656528473,
            -0.7548915147781372,
            0.07830989360809326
        ],
        [
            0.2859897315502167,
            -0.7753528356552124,
            0.078820139169693
        ],
        [
            0.28144991397857666,
            -0.7876539826393127,
            0.07677951455116272
        ],
        [
            0.2546978294849396,
            -0.7537539601325989,
            0.06926983594894409
        ],
        [
            0.24494598805904388,
            -0.7564567923545837,
            0.0656483918428421
        ],
        [
            0.25352203845977783,
            -0.7658300399780273,
            0.06834007054567337
        ],
        [
            0.26158860325813293,
            -0.7605648636817932,
            0.0705767422914505
        ],
        [
            0.23847012221813202,
            -0.7346279621124268,
            0.06283444166183472
        ],
        [
            0.24083910882472992,
            -0.7208822965621948,
            0.06264308094978333
        ],
        [
            0.22931043803691864,
            -0.7193841934204102,
            0.056331194937229156
        ],
        [
            0.22666548192501068,
            -0.7327931523323059,
            0.055268168449401855
        ],
        [
            0.28007322549819946,
            -0.709368884563446,
            0.05665218085050583
        ],
        [
            0.2725018262863159,
            -0.7064608335494995,
            0.05893716216087341
        ],
        [
            0.27365410327911377,
            -0.7135210037231445,
            0.0620369091629982
        ],
        [
            0.28105416893959045,
            -0.7156864404678345,
            0.058879680931568146
        ],
        [
            0.2947003245353699,
            -0.7111916542053223,
            0.05573613941669464
        ],
        [
            0.29561495780944824,
            -0.7177050113677979,
            0.054998330771923065
        ],
        [
            0.30351853370666504,
            -0.7164621353149414,
            0.055841825902462006
        ],
        [
            0.3021599054336548,
            -0.709170937538147,
            0.05767476558685303
        ],
        [
            0.2802364230155945,
            -0.7031455636024475,
            0.05222668498754501
        ],
        [
            0.2721516788005829,
            -0.7004424333572388,
            0.054431699216365814
        ],
        [
            0.2869691848754883,
            -0.7114742994308472,
            0.05513154715299606
        ],
        [
            0.2868674397468567,
            -0.7064470052719116,
            0.05465250462293625
        ],
        [
            0.2903077304363251,
            -0.6951954364776611,
            0.05899889022111893
        ],
        [
            0.29146888852119446,
            -0.7002794146537781,
            0.059775374829769135
        ],
        [
            0.29774656891822815,
            -0.6964924931526184,
            0.06231548637151718
        ],
        [
            0.2947835922241211,
            -0.691932201385498,
            0.060082823038101196
        ],
        [
            0.2834864556789398,
            -0.7003973722457886,
            0.05449402332305908
        ],
        [
            0.28632229566574097,
            -0.7015384435653687,
            0.05721499025821686
        ],
        [
            0.28675419092178345,
            -0.696464478969574,
            0.0565563440322876
        ],
        [
            0.28463828563690186,
            -0.6958121061325073,
            0.05313453823328018
        ],
        [
            0.2940056324005127,
            -0.7060999870300293,
            0.05662103742361069
        ],
        [
            0.3005231022834778,
            -0.7030059099197388,
            0.05979050695896149
        ],
        [
            0.30734315514564514,
            -0.6992177963256836,
            0.06203606724739075
        ],
        [
            0.3036242127418518,
            -0.6913415789604187,
            0.06371809542179108
        ],
        [
            0.2547958493232727,
            -0.7025827169418335,
            0.06045300513505936
        ],
        [
            0.26398390531539917,
            -0.7043076753616333,
            0.06069782376289368
        ],
        [
            0.26423394680023193,
            -0.6983118057250977,
            0.056704722344875336
        ],
        [
            0.25662851333618164,
            -0.6969414949417114,
            0.057370901107788086
        ],
        [
            0.2803710103034973,
            -0.6955788135528564,
            0.05099869519472122
        ],
        [
            0.2689383029937744,
            -0.6842836141586304,
            0.05114990472793579
        ],
        [
            0.27109548449516296,
            -0.6872907280921936,
            0.052093349397182465
        ],
        [
            0.2772360146045685,
            -0.6840063333511353,
            0.05063089728355408
        ],
        [
            0.2747337818145752,
            -0.6814915537834167,
            0.05008170008659363
        ],
        [
            0.23892584443092346,
            -0.6972726583480835,
            0.05577893555164337
        ],
        [
            0.24382731318473816,
            -0.6920609474182129,
            0.05483876168727875
        ],
        [
            0.23830640316009521,
            -0.6881781816482544,
            0.05209607630968094
        ],
        [
            0.23258119821548462,
            -0.6927103996276855,
            0.051590144634246826
        ],
        [
            0.2361944019794464,
            -0.6833959817886353,
            0.04871740937232971
        ],
        [
            0.2275899052619934,
            -0.687601625919342,
            0.04708491265773773
        ],
        [
            0.22449003159999847,
            -0.6726284027099609,
            0.03855174779891968
        ],
        [
            0.22555211186408997,
            -0.679766833782196,
            0.0425717830657959
        ],
        [
            0.2354481965303421,
            -0.6773063540458679,
            0.04515986889600754
        ],
        [
            0.23703402280807495,
            -0.6697795391082764,
            0.04239214211702347
        ],
        [
            0.2507329285144806,
            -0.665408730506897,
            0.04014836996793747
        ],
        [
            0.2546677887439728,
            -0.6614227294921875,
            0.03757042437791824
        ],
        [
            0.24380099773406982,
            -0.6542658805847168,
            0.03716149926185608
        ],
        [
            0.2404092699289322,
            -0.6609175205230713,
            0.03997910022735596
        ],
        [
            0.26332440972328186,
            -0.6813176870346069,
            0.04703627526760101
        ],
        [
            0.25962328910827637,
            -0.6840811371803284,
            0.04791407287120819
        ],
        [
            0.26138293743133545,
            -0.684137225151062,
            0.049997322261333466
        ],
        [
            0.266092985868454,
            -0.6819702386856079,
            0.049498654901981354
        ],
        [
            0.2564074695110321,
            -0.6859976053237915,
            0.04920177161693573
        ],
        [
            0.25485169887542725,
            -0.6866725087165833,
            0.04985756427049637
        ],
        [
            0.25628626346588135,
            -0.6869879961013794,
            0.05076609551906586
        ],
        [
            0.25712087750434875,
            -0.6862274408340454,
            0.049687422811985016
        ],
        [
            0.2584509551525116,
            -0.6850026845932007,
            0.04865001142024994
        ],
        [
            0.2581816613674164,
            -0.6829932928085327,
            0.04780229926109314
        ],
        [
            0.25677698850631714,
            -0.684849739074707,
            0.04876437783241272
        ],
        [
            0.2611561715602875,
            -0.6797203421592712,
            0.04711379110813141
        ],
        [
            0.2712748646736145,
            -0.6704107522964478,
            0.04323859512805939
        ],
        [
            0.2683822214603424,
            -0.6722670793533325,
            0.04510664939880371
        ],
        [
            0.2713787853717804,
            -0.6756924390792847,
            0.04412762075662613
        ],
        [
            0.2740698456764221,
            -0.6745187044143677,
            0.04256799817085266
        ],
        [
            0.25947606563568115,
            -0.6873683929443359,
            0.051087886095047
        ],
        [
            0.2584621012210846,
            -0.6893787980079651,
            0.05283370614051819
        ],
        [
            0.26403629779815674,
            -0.6885767579078674,
            0.05291110277175903
        ],
        [
            0.26285889744758606,
            -0.6862985491752625,
            0.051206327974796295
        ],
        [
            0.25784438848495483,
            -0.6919307112693787,
            0.05504778027534485
        ],
        [
            0.2553548514842987,
            -0.6890424489974976,
            0.05222040414810181
        ],
        [
            0.25380003452301025,
            -0.6913384199142456,
            0.05410833656787872
        ],
        [
            0.254258930683136,
            -0.6851968765258789,
            0.04909516125917435
        ],
        [
            0.2509167790412903,
            -0.6855573654174805,
            0.04975386708974838
        ],
        [
            0.2525065541267395,
            -0.6872227787971497,
            0.05141891539096832
        ],
        [
            0.2505571246147156,
            -0.6821922063827515,
            0.04788290709257126
        ],
        [
            0.2552137076854706,
            -0.682388186454773,
            0.04765184968709946
        ],
        [
            0.25758063793182373,
            -0.678376317024231,
            0.04669132083654404
        ],
        [
            0.2609969973564148,
            -0.6738085746765137,
            0.04561794549226761
        ],
        [
            0.2552393078804016,
            -0.6724475622177124,
            0.044204577803611755
        ],
        [
            0.2521829903125763,
            -0.6774958372116089,
            0.04611559212207794
        ],
        [
            0.2649158835411072,
            -0.6931051015853882,
            0.05442739278078079
        ],
        [
            0.24868148565292358,
            -0.6891347169876099,
            0.052993014454841614
        ],
        [
            0.25040513277053833,
            -0.695378303527832,
            0.056414104998111725
        ],
        [
            0.24548810720443726,
            -0.6860364675521851,
            0.051159344613552094
        ],
        [
            0.24409350752830505,
            -0.6820417046546936,
            0.04851990193128586
        ],
        [
            0.24502377212047577,
            -0.6769928932189941,
            0.04561185836791992
        ],
        [
            0.24752040207386017,
            -0.6708612442016602,
            0.04291986674070358
        ],
        [
            0.23149284720420837,
            -0.6533658504486084,
            0.029845967888832092
        ],
        [
            0.22819028794765472,
            -0.6617776155471802,
            0.03453676402568817
        ],
        [
            0.3042263388633728,
            -0.7495781183242798,
            0.07359036803245544
        ],
        [
            0.2970503866672516,
            -0.7533317804336548,
            0.07788437604904175
        ],
        [
            0.28940558433532715,
            -0.7494689226150513,
            0.07369251549243927
        ],
        [
            0.28951185941696167,
            -0.7517585754394531,
            0.07523147016763687
        ],
        [
            0.2954626679420471,
            -0.7498863935470581,
            0.07384449243545532
        ],
        [
            0.2935672998428345,
            -0.7473963499069214,
            0.07277567684650421
        ],
        [
            0.2692340016365051,
            -0.7567230463027954,
            0.07079553604125977
        ],
        [
            0.2754204273223877,
            -0.7539368867874146,
            0.07103683054447174
        ],
        [
            0.27227750420570374,
            -0.7518817186355591,
            0.0691823810338974
        ],
        [
            0.26389172673225403,
            -0.7523627281188965,
            0.06994699686765671
        ],
        [
            0.2756330370903015,
            -0.7399237155914307,
            0.06705090403556824
        ],
        [
            0.27228105068206787,
            -0.7440337538719177,
            0.06807564198970795
        ],
        [
            0.27983513474464417,
            -0.7464000582695007,
            0.06880224496126175
        ],
        [
            0.28227582573890686,
            -0.7434337139129639,
            0.06818391382694244
        ],
        [
            0.2852066457271576,
            -0.740845799446106,
            0.06681052595376968
        ],
        [
            0.28835976123809814,
            -0.738794207572937,
            0.06465303152799606
        ],
        [
            0.28468945622444153,
            -0.735155463218689,
            0.06343013793230057
        ],
        [
            0.28017330169677734,
            -0.7370949983596802,
            0.06546509265899658
        ],
        [
            0.3007822334766388,
            -0.7478165626525879,
            0.07030073553323746
        ],
        [
            0.3046077787876129,
            -0.7448186278343201,
            0.06487395614385605
        ],
        [
            0.3015708923339844,
            -0.7432460784912109,
            0.0648827999830246
        ],
        [
            0.29837682843208313,
            -0.745272696018219,
            0.06985236704349518
        ],
        [
            0.301212877035141,
            -0.7376213669776917,
            0.0527077242732048
        ],
        [
            0.30256932973861694,
            -0.7392603158950806,
            0.05488281697034836
        ],
        [
            0.30627965927124023,
            -0.7384517192840576,
            0.053616397082805634
        ],
        [
            0.30350202322006226,
            -0.73527991771698,
            0.05143434554338455
        ],
        [
            0.3001701831817627,
            -0.7338239550590515,
            0.05231587588787079
        ],
        [
            0.2994929254055023,
            -0.7366114854812622,
            0.053432948887348175
        ],
        [
            0.33170172572135925,
            -0.7974691390991211,
            0.07857237756252289
        ],
        [
            0.32946649193763733,
            -0.7787199020385742,
            0.07814785838127136
        ],
        [
            0.31246834993362427,
            -0.8036224842071533,
            0.08010030537843704
        ],
        [
            0.2943410277366638,
            -0.8047480583190918,
            0.07710601389408112
        ],
        [
            0.2766580879688263,
            -0.8015492558479309,
            0.07350108027458191
        ],
        [
            0.23378802835941315,
            -0.706874430179596,
            0.056499987840652466
        ],
        [
            0.22501523792743683,
            -0.7035108804702759,
            0.05140213668346405
        ],
        [
            0.21859565377235413,
            -0.7181590795516968,
            0.04976637661457062
        ],
        [
            0.21153509616851807,
            -0.7116304636001587,
            0.04378227889537811
        ],
        [
            0.2186417281627655,
            -0.6966842412948608,
            0.04559991508722305
        ],
        [
            0.2144748419523239,
            -0.6777021884918213,
            0.03241082280874252
        ],
        [
            0.21483777463436127,
            -0.6875724792480469,
            0.03952367603778839
        ],
        [
            0.205866739153862,
            -0.7041672468185425,
            0.03620055317878723
        ],
        [
            0.2003769874572754,
            -0.7245304584503174,
            0.03369759023189545
        ],
        [
            0.20747588574886322,
            -0.7281594276428223,
            0.04132379591464996
        ],
        [
            0.2010413408279419,
            -0.7447783946990967,
            0.030263841152191162
        ],
        [
            0.19353410601615906,
            -0.7219148874282837,
            0.022891215980052948
        ],
        [
            0.19821061193943024,
            -0.747309684753418,
            0.022756248712539673
        ],
        [
            0.18952512741088867,
            -0.6863080859184265,
            0.010980598628520966
        ],
        [
            0.18240292370319366,
            -0.6806833744049072,
            0.00976516306400299
        ],
        [
            0.17160235345363617,
            -0.6955691576004028,
            0.010900691151618958
        ],
        [
            0.17899742722511292,
            -0.701877236366272,
            0.012342207133769989
        ],
        [
            0.21537388861179352,
            -0.7308615446090698,
            0.04827988147735596
        ],
        [
            0.2549365758895874,
            -0.7783493995666504,
            0.06644618511199951
        ],
        [
            0.2629598081111908,
            -0.7718185782432556,
            0.07099844515323639
        ],
        [
            0.24467039108276367,
            -0.771247148513794,
            0.06292226910591125
        ],
        [
            0.27961045503616333,
            -0.8355658054351807,
            0.065921850502491
        ],
        [
            0.2886170744895935,
            -0.8213285207748413,
            0.07386858016252518
        ],
        [
            0.27208268642425537,
            -0.8153748512268066,
            0.07054958492517471
        ],
        [
            0.265502005815506,
            -0.8298308849334717,
            0.06413501501083374
        ],
        [
            0.32199549674987793,
            -0.8484323024749756,
            0.05853588879108429
        ],
        [
            0.32820916175842285,
            -0.8243118524551392,
            0.07219164073467255
        ],
        [
            0.30990758538246155,
            -0.8241074681282043,
            0.07339395582675934
        ],
        [
            0.3034394085407257,
            -0.8434330224990845,
            0.06380340456962585
        ],
        [
            0.2583562433719635,
            -0.8381050825119019,
            0.05658326297998428
        ],
        [
            0.2496403455734253,
            -0.8488896489143372,
            0.04478943347930908
        ],
        [
            0.25822749733924866,
            -0.862932562828064,
            0.03969442844390869
        ],
        [
            0.2708602845668793,
            -0.8517251014709473,
            0.05429808795452118
        ],
        [
            0.2744806706905365,
            -0.8778319358825684,
            0.030161574482917786
        ],
        [
            0.28983643651008606,
            -0.8638750314712524,
            0.047589853405952454
        ],
        [
            0.1878940761089325,
            -0.7405489087104797,
            0.013167619705200195
        ],
        [
            0.19579818844795227,
            -0.7575380802154541,
            0.014532260596752167
        ],
        [
            0.1881534606218338,
            -0.7091034650802612,
            0.015613533556461334
        ],
        [
            0.18034443259239197,
            -0.7261329293251038,
            0.011128738522529602
        ],
        [
            0.29200634360313416,
            -0.8856480121612549,
            0.016620367765426636
        ],
        [
            0.3104195296764374,
            -0.8709698915481567,
            0.03785398602485657
        ],
        [
            0.21887193620204926,
            -0.8535805940628052,
            0.00031788647174835205
        ],
        [
            0.23175494372844696,
            -0.863968551158905,
            0.010580778121948242
        ],
        [
            0.22779175639152527,
            -0.8479319214820862,
            0.02343069016933441
        ],
        [
            0.21614587306976318,
            -0.8402001857757568,
            0.01253288984298706
        ],
        [
            0.22405260801315308,
            -0.8651098012924194,
            -0.015956133604049683
        ],
        [
            0.239648699760437,
            -0.8775080442428589,
            -0.0038984566926956177
        ],
