{
    "pred_cam": [
        2.4468071460723877,
        -0.07672962546348572,
        0.4995679259300232
    ],
    "pred_smpl_params": {
        "global_orient": [
            [
                [
                    -0.5935798287391663,
                    0.052644435316324234,
                    0.8030513525009155
                ],
                [
                    -0.26790645718574524,
                    -0.9538698792457581,
                    -0.13549311459064484
                ],
                [
                    0.7588735222816467,
                    -0.29556864500045776,
                    0.5803017020225525
                ]
            ]
        ],
        "body_pose": [
            [
                [
                    0.9841248393058777,
                    -0.16959409415721893,
                    0.05230871960520744
                ],
                [
                    0.13504967093467712,
                    0.9068241119384766,
                    0.3992888927459717
                ],
                [
                    -0.11515184491872787,
                    -0.3858858048915863,
                    0.9153317809104919
                ]
            ],
            [
                [
                    0.9971210360527039,
                    -0.07241923362016678,
                    0.022473430261015892
                ],
                [
                    0.05390365049242973,
                    0.8854373693466187,
                    0.4616221785545349
                ],
                [
                    -0.053329143673181534,
                    -0.4590817987918854,
                    0.8867918848991394
                ]
            ],
            [
                [
                    0.9948604106903076,
                    -0.002094514202326536,
                    -0.10123389959335327
                ],
                [
                    -0.03656800463795662,
                    0.9248778223991394,
                    -0.37850192189216614
                ],
                [
                    0.09442177414894104,
                    0.3802585303783417,
                    0.9200477600097656
                ]
            ],
            [
                [
                    0.9942212700843811,
                    0.10676133632659912,
                    -0.011230741627514362
                ],
                [
                    -0.09179659932851791,
                    0.7912662029266357,
                    -0.6045421957969666
                ],
                [
                    -0.05565525218844414,
                    0.6020796298980713,
                    0.7964940071105957
                ]
            ],
            [
                [
                    0.9960065484046936,
                    -0.06909370422363281,
                    0.056542590260505676
                ],
                [
                    0.08926660567522049,
                    0.7818494439125061,
                    -0.6170437335968018
                ],
                [
                    -0.0015739580849185586,
                    0.6196269392967224,
                    0.7848949432373047
                ]
            ],
            [
                [
                    0.9965635538101196,
                    0.025396445766091347,
                    -0.07884281873703003
                ],
                [
                    -0.02398156188428402,
                    0.9995349049568176,
                    0.018841059878468513
                ],
                [
                    0.07928463071584702,
                    -0.016885539516806602,
                    0.9967091083526611
                ]
            ],
            [
                [
                    0.9774675965309143,
                    -0.009826011955738068,
                    0.21085695922374725
                ],
                [
                    0.001758621889166534,
                    0.999260425567627,
                    0.03841320797801018
                ],
                [
                    -0.2110784500837326,
                    -0.03717683255672455,
                    0.9767619371414185
                ]
            ],
            [
                [
                    0.9814534187316895,
                    0.02438574656844139,
                    -0.19014330208301544
                ],
                [
                    -0.013083718717098236,
                    0.9980842471122742,
                    0.06046998128294945
                ],
                [
                    0.1912536472082138,
                    -0.05686068907380104,
                    0.9798922538757324
                ]
            ],
            [
                [
                    0.9957157373428345,
                    0.028611227869987488,
                    -0.08792950212955475
                ],
                [
                    -0.03791153430938721,
                    0.993644118309021,
                    -0.105990931391716
                ],
                [
                    0.08433809876441956,
                    0.10887037962675095,
                    0.9904717803001404
                ]
            ],
            [
                [
                    0.9983561635017395,
                    -0.04105084016919136,
                    0.039998386055231094
                ],
                [
                    0.03719918429851532,
                    0.9949995875358582,
                    0.09269292652606964
                ],
                [
                    -0.043603502213954926,
                    -0.09105264395475388,
                    0.9948910474777222
                ]
            ],
            [
                [
                    0.9968919157981873,
                    0.0691581666469574,
                    -0.03773178905248642
                ],
                [
                    -0.06663639098405838,
                    0.9956947565078735,
                    0.06443243473768234
                ],
                [
                    0.042025376111269,
                    -0.06171786040067673,
                    0.9972084760665894
                ]
            ],
            [
                [
                    0.9895305633544922,
                    0.06252670288085938,
                    0.13007588684558868
                ],
                [
                    -0.03751630708575249,
                    0.9817354083061218,
                    -0.18651534616947174
                ],
                [
                    -0.13936232030391693,
                    0.179682657122612,
                    0.9738029837608337
                ]
            ],
            [
                [
                    0.9420129656791687,
                    0.16480925679206848,
                    -0.2923174202442169
                ],
                [
                    -0.1629508137702942,
                    0.9861510396003723,
                    0.03087407350540161
                ],
                [
                    0.2933574318885803,
                    0.018549581989645958,
                    0.9558228850364685
                ]
            ],
            [
                [
                    0.9789955019950867,
                    -0.16541501879692078,
                    0.11918766051530838
                ],
                [
                    0.1654687374830246,
                    0.9861690998077393,
                    0.00951451063156128
                ],
                [
                    -0.11911304295063019,
                    0.010407173074781895,
                    0.9928261041641235
                ]
            ],
            [
                [
                    0.9785087704658508,
                    0.02059073932468891,
                    0.20517438650131226
                ],
                [
                    0.011913410387933254,
                    0.9876947402954102,
                    -0.15593932569026947
                ],
                [
                    -0.20586058497428894,
                    0.15503233671188354,
                    0.9662226438522339
                ]
            ],
            [
                [
                    0.4979163706302643,
                    0.8098230361938477,
                    -0.31026744842529297
                ],
                [
                    -0.7885255813598633,
                    0.5716856718063354,
                    0.226721853017807
                ],
                [
                    0.3609800636768341,
                    0.13176532089710236,
                    0.9232178330421448
                ]
            ],
            [
                [
                    0.4599527418613434,
                    -0.8588172793388367,
                    0.22555801272392273
                ],
                [
                    0.8663313388824463,
                    0.48974141478538513,
                    0.09809864312410355
                ],
                [
                    -0.19471390545368195,
                    0.15028724074363708,
                    0.9692782759666443
                ]
            ],
            [
                [
                    0.9058068990707397,
                    -0.11978757381439209,
                    -0.4064045548439026
                ],
                [
                    0.11295433342456818,
                    0.9927597045898438,
                    -0.04085931181907654
                ],
                [
                    0.40835651755332947,
                    -0.008894527330994606,
                    0.9127790927886963
                ]
            ],
            [
                [
                    0.9474166631698608,
                    0.0777728259563446,
                    0.3104080855846405
                ],
                [
                    -0.07048425078392029,
                    0.9969109892845154,
                    -0.03464696556329727
                ],
                [
                    -0.31214386224746704,
                    0.01094624400138855,
                    0.9499718546867371
                ]
            ],
            [
                [
                    0.9951515793800354,
                    -0.08288614451885223,
                    0.05294514074921608
                ],
                [
                    0.08353182673454285,
                    0.9964540004730225,
                    -0.010097382590174675
                ],
                [
                    -0.05192045867443085,
                    0.014471030794084072,
                    0.9985464215278625
                ]
            ],
            [
                [
                    0.9958918690681458,
                    0.02437005564570427,
                    -0.08720852434635162
                ],
                [
                    -0.019801611080765724,
                    0.9984049797058105,
                    0.05287213250994682
                ],
                [
                    0.08835791796445847,
                    -0.050928063690662384,
                    0.9947859644889832
                ]
            ],
            [
                [
                    0.9755190014839172,
                    0.2001127004623413,
                    -0.09120085835456848
                ],
                [
                    -0.18058103322982788,
                    0.9655929207801819,
                    0.1871383786201477
                ],
                [
                    0.12551167607307434,
                    -0.16608789563179016,
                    0.9780908226966858
                ]
            ],
            [
                [
                    0.9685750007629395,
                    -0.2107851654291153,
                    0.13203087449073792
                ],
                [
                    0.1833721399307251,
                    0.9638119339942932,
                    0.1934972107410431
                ],
                [
                    -0.16803927719593048,
                    -0.16320575773715973,
                    0.9721762537956238
                ]
            ]
        ],
        "betas": [
            0.1685227006673813,
            0.4214250147342682,
            -0.32713988423347473,
            -0.3743147552013397,
            0.023246407508850098,
            0.09256935119628906,
            -0.02413088083267212,
            -0.09589952230453491,
            0.15443070232868195,
            -0.1557079255580902
        ]
    },
    "pred_cam_t": [
        -0.07672962546348572,
        0.4995679259300232,
        15.964682579040527
    ],
    "focal_length": [
        5000.0,
        5000.0
    ],
    "pred_keypoints_3d": [
        [
            0.27088165283203125,
            -0.7103263139724731,
            0.0939449891448021
        ],
        [
            0.12259027361869812,
            -0.6979615092277527,
            -0.025019224733114243
        ],
        [
            0.16783785820007324,
            -0.5996711254119873,
            -0.18549832701683044
        ],
        [
            0.12582805752754211,
            -0.3477858603000641,
            -0.23866501450538635
        ],
        [
            0.18206748366355896,
            -0.09249007701873779,
            -0.2517452836036682
        ],
        [
            0.044283248484134674,
            -0.6431288123130798,
            0.1397944986820221
        ],
        [
            0.00317595899105072,
            -0.39526695013046265,
            0.23163804411888123
        ],
        [
            0.10020149499177933,
            -0.1866944134235382,
            0.3420553207397461
        ],
        [
            -0.0017426833510398865,
            -0.21909195184707642,
            0.025895167142152786
        ],
        [
            0.02844064310193062,
            -0.11436803638935089,
            -0.0013144202530384064
        ],
        [
            0.15747345983982086,
            0.20164300501346588,
            0.19533133506774902
        ],
        [
            0.005699127912521362,
            0.5732420086860657,
            0.28223875164985657
        ],
        [
            -0.05382796749472618,
            -0.14935332536697388,
            0.10012474656105042
        ],
        [
            -0.018423646688461304,
            0.1339811086654663,
            0.36057329177856445
        ],
        [
            -0.1354222595691681,
            0.5270944833755493,
            0.38093483448028564
        ],
        [
            0.29609256982803345,
            -0.7504002451896667,
            0.05440840125083923
        ],
        [
            0.25374212861061096,
            -0.7682218551635742,
            0.10266870260238647
        ],
        [
            0.26272597908973694,
            -0.7741716504096985,
            -0.04169045761227608
        ],
        [
            0.17176049947738647,
            -0.8144561052322388,
            0.06567030400037766
        ],
        [
            -0.041893720626831055,
            0.5731898546218872,
            0.5558720827102661
        ],
        [
            -0.1241278350353241,
            0.5632838010787964,
            0.5491365790367126
        ],
        [
            -0.1843845248222351,
            0.5619751811027527,
            0.341402143239975
        ],
        [
            0.15246234834194183,
            0.62210613489151,
            0.41554123163223267
        ],
        [
            0.1489030122756958,
            0.653968870639801,
            0.33385664224624634
        ],
        [
            -0.04842573404312134,
            0.6165202856063843,
            0.2550743818283081
        ],
        [
            0.011503946036100388,
            0.5326246619224548,
            0.23597067594528198
        ],
        [
            0.14813026785850525,
            0.14564725756645203,
            0.16659434139728546
        ],
        [
            0.07239346951246262,
            -0.20679807662963867,
            -0.10538557171821594
        ],
        [
            -0.11102692782878876,
            -0.2698289453983307,
            0.11115432530641556
        ],
        [
            -0.02567075937986374,
            0.09484980255365372,
            0.3472667634487152
        ],
        [
            -0.14915107190608978,
            0.49143296480178833,
            0.36002203822135925
        ],
        [
            0.2032160758972168,
            -0.1132316142320633,
            -0.23244193196296692
        ],
        [
            0.158464252948761,
            -0.3634151220321655,
            -0.25305140018463135
        ],
        [
            0.15987226366996765,
            -0.6275625228881836,
            -0.15557745099067688
        ],
        [
            0.05113860219717026,
            -0.6658061742782593,
            0.11105486005544662
        ],
        [
            0.027152491733431816,
            -0.42818325757980347,
            0.2605333626270294
        ],
        [
            0.10925589501857758,
            -0.20396749675273895,
            0.3440060019493103
        ],
        [
            0.12818484008312225,
            -0.695303201675415,
            -0.020820120349526405
        ],
        [
            0.2515001595020294,
            -0.8308334350585938,
            0.03512208163738251
        ],
        [
            -0.01885833777487278,
            -0.2385842204093933,
            0.0031201140955090523
        ],
        [
            0.10724974423646927,
            -0.6441584229469299,
            -0.022899815812706947
        ],
        [
            0.022685430943965912,
            -0.4807575047016144,
            -0.03810681402683258
        ],
        [
            0.21074539422988892,
            -0.7260940074920654,
            0.042298685759305954
        ],
        [
            0.25893089175224304,
            -0.8500470519065857,
            0.029266655445098877
        ]
    ],
    "pred_vertices": [
        [
            0.27225279808044434,
            -0.8118880987167358,
            0.11879966408014297
        ],
        [
            0.2720421850681305,
            -0.7949316501617432,
            0.1163574755191803
        ],
        [
            0.2583942413330078,
            -0.7993886470794678,
            0.11789059638977051
        ],
        [
            0.2552226781845093,
            -0.8140437602996826,
            0.11750981211662292
        ],
        [
            0.2590768337249756,
            -0.7875827550888062,
            0.11757924407720566
        ],
        [
            0.2698131203651428,
            -0.7825692296028137,
            0.11518826335668564
        ],
        [
            0.24492967128753662,
            -0.8008798956871033,
            0.11522337049245834
        ],
        [
            0.23938582837581635,
            -0.812762975692749,
            0.11302785575389862
        ],
        [
            0.21598605811595917,
            -0.7768826484680176,
            0.10481268167495728
        ],
        [
            0.20608608424663544,
            -0.7787366509437561,
            0.10099762678146362
        ],
        [
            0.21367380023002625,
            -0.7886219024658203,
            0.10396984219551086
        ],
        [
            0.22212420403957367,
            -0.784081220626831,
            0.10639031231403351
        ],
        [
            0.20149800181388855,
            -0.7561790347099304,
            0.09834388643503189
        ],
        [
            0.20505711436271667,
            -0.7427352666854858,
            0.09816290438175201
        ],
        [
            0.19381268322467804,
            -0.7402068376541138,
            0.0916413739323616
        ],
        [
            0.19005060195922852,
            -0.7533509731292725,
            0.09046410769224167
        ],
        [
            0.24537810683250427,
            -0.734657347202301,
            0.09298967570066452
        ],
        [
            0.2380169928073883,
            -0.73108971118927,
            0.09512296319007874
        ],
        [
            0.23848390579223633,
            -0.7382776737213135,
            0.09823451191186905
        ],
        [
            0.24572569131851196,
            -0.7410892248153687,
            0.0952133983373642
        ],
        [
            0.25976070761680603,
            -0.7377368211746216,
            0.09238507598638535
        ],
        [
            0.26009824872016907,
            -0.7443106770515442,
            0.09165387600660324
        ],
        [
            0.2680627107620239,
            -0.7437694072723389,
            0.09264262765645981
        ],
        [
            0.2673259377479553,
            -0.7363893985748291,
            0.09448333829641342
        ],
        [
            0.24616017937660217,
            -0.7284612655639648,
            0.08853760361671448
        ],
        [
            0.23829419910907745,
            -0.7250599265098572,
            0.09059485048055649
        ],
        [
            0.25208014249801636,
            -0.7373765707015991,
            0.09159765392541885
        ],
        [
            0.2524076998233795,
            -0.7322952151298523,
            0.09116996079683304
        ],
        [
            0.2567118704319,
            -0.7213687896728516,
            0.09565586596727371
        ],
        [
            0.2574176788330078,
            -0.7265391945838928,
            0.0964033231139183
        ],
        [
            0.26395338773727417,
            -0.7233974933624268,
            0.09903442114591599
        ],
        [
            0.26145821809768677,
            -0.7185412645339966,
            0.09681795537471771
        ],
        [
            0.24956120550632477,
            -0.7260050773620605,
            0.09092309325933456
        ],
        [
            0.25223588943481445,
            -0.7273916602134705,
            0.09369675815105438
        ],
        [
            0.2531124949455261,
            -0.7223639488220215,
            0.0930810496211052
        ],
        [
            0.2511444389820099,
            -0.7215220332145691,
            0.08961121737957001
        ],
        [
            0.25949767231941223,
            -0.7326414585113525,
            0.09323004633188248
        ],
        [
            0.2661930024623871,
            -0.7301439642906189,
            0.09655407071113586
        ],
        [
            0.2732873558998108,
            -0.7269620895385742,
            0.09895224124193192
        ],
        [
            0.2702578604221344,
            -0.718716561794281,
            0.10063166171312332
        ],
        [
            0.2206740379333496,
            -0.7256949543952942,
            0.09626845270395279
        ],
        [
            0.22968609631061554,
            -0.7282968759536743,
            0.0966416746377945
        ],
        [
            0.23054631054401398,
            -0.7222846746444702,
            0.0926758199930191
        ],
        [
            0.2230709195137024,
            -0.7202506065368652,
            0.09319420158863068
        ],
        [
            0.24698279798030853,
            -0.7208816409111023,
            0.08742772787809372
        ],
        [
            0.2365846335887909,
            -0.7085687518119812,
            0.08735892921686172
        ],
        [
            0.23844291269779205,
            -0.7117770314216614,
            0.08833879232406616
        ],
        [
            0.24489125609397888,
            -0.7090268135070801,
            0.08702906966209412
        ],
        [
            0.24263891577720642,
            -0.706273078918457,
            0.08642353862524033
        ],
        [
            0.20536945760250092,
            -0.7189850211143494,
            0.09131159633398056
        ],
        [
            0.21075187623500824,
            -0.7142046689987183,
            0.09045857936143875
        ],
        [
            0.2056475579738617,
            -0.7098021507263184,
            0.0876288115978241
        ],
        [
            0.19951234757900238,
            -0.7137985825538635,
            0.08702550828456879
        ],
        [
            0.20400099456310272,
            -0.7046675682067871,
            0.08428899198770523
        ],
        [
            0.19505199790000916,
            -0.7081023454666138,
            0.08248138427734375
        ],
        [
            0.1935006082057953,
            -0.6928099989891052,
            0.07377421110868454
        ],
        [
            0.19380491971969604,
            -0.7000512480735779,
            0.07787458598613739
        ],
        [
            0.2038879692554474,
            -0.6984994411468506,
            0.0806969627737999
        ],
        [
            0.20621377229690552,
            -0.6911023855209351,
            0.07795221358537674
        ],
        [
            0.22039803862571716,
            -0.6881430149078369,
            0.07591612637042999
        ],
        [
            0.2247532308101654,
            -0.6844469308853149,
            0.07343738526105881
        ],
        [
            0.21451541781425476,
            -0.6762713193893433,
            0.07279495149850845
        ],
        [
            0.21042631566524506,
            -0.682526707649231,
            0.07561527192592621
        ],
        [
            0.2313709259033203,
            -0.7051500082015991,
            0.08302487432956696
        ],
        [
            0.22741274535655975,
            -0.7075960636138916,
            0.08381856977939606
        ],
        [
            0.22912418842315674,
            -0.7078256607055664,
            0.08594296872615814
        ],
        [
            0.23402661085128784,
            -0.7060726881027222,
            0.08554861694574356
        ],
        [
            0.22399696707725525,
            -0.7092628479003906,
            0.08503613620996475
        ],
        [
            0.22236864268779755,
            -0.7098100185394287,
            0.08566555380821228
        ],
        [
            0.22376595437526703,
            -0.7102553844451904,
            0.08660878986120224
        ],
        [
            0.22469758987426758,
            -0.709652304649353,
            0.0854705199599266
        ],
        [
            0.22613973915576935,
            -0.7085195779800415,
            0.08446656167507172
        ],
        [
            0.2260676473379135,
            -0.7064679265022278,
            0.0836137980222702
        ],
        [
            0.22447440028190613,
            -0.7081294059753418,
            0.08460730314254761
        ],
        [
            0.22934319078922272,
            -0.7034415006637573,
            0.08299897611141205
        ],
        [
            0.24034477770328522,
            -0.6948771476745605,
            0.07948295772075653
        ],
        [
            0.23727944493293762,
            -0.6965335607528687,
            0.08122237026691437
        ],
        [
            0.2399783879518509,
            -0.7002427577972412,
            0.08028260618448257
        ],
        [
            0.24276185035705566,
            -0.69923335313797,
            0.07885994017124176
        ],
        [
            0.22689485549926758,
            -0.7109358310699463,
            0.08700940757989883
        ],
        [
            0.2256806641817093,
            -0.7128030061721802,
            0.0887473002076149
        ],
        [
            0.23129910230636597,
            -0.7124967575073242,
            0.08894263207912445
        ],
        [
            0.23037445545196533,
            -0.7100929617881775,
            0.08720970898866653
        ],
        [
            0.22477874159812927,
            -0.7153912782669067,
            0.09087608009576797
        ],
        [
            0.22261281311511993,
            -0.7122350931167603,
            0.0880427211523056
        ],
        [
            0.22077161073684692,
            -0.7143540382385254,
            0.08995223045349121
        ],
        [
            0.2219201922416687,
            -0.7082668542861938,
            0.08488401025533676
        ],
        [
            0.21852025389671326,
            -0.7083424925804138,
            0.08548236638307571
        ],
        [
            0.21993127465248108,
            -0.710171103477478,
            0.08717839419841766
        ],
        [
            0.21851184964179993,
            -0.7049285173416138,
            0.08360442519187927
        ],
        [
            0.22314487397670746,
            -0.7055304050445557,
            0.08346471935510635
        ],
        [
            0.22588799893856049,
            -0.7017184495925903,
            0.08255144208669662
        ],
        [
            0.22973531484603882,
            -0.6974390745162964,
            0.0815720483660698
        ],
        [
            0.2241385579109192,
            -0.6955769062042236,
            0.08004097640514374
        ],
        [
            0.22059129178524017,
            -0.7003703117370605,
            0.08187156915664673
        ],
        [
            0.2317163199186325,
            -0.7170690298080444,
            0.09050840139389038
        ],
        [
            0.2159014791250229,
            -0.7117446064949036,
            0.08868254721164703
        ],
        [
            0.21700018644332886,
            -0.718110203742981,
            0.09213656932115555
        ],
        [
            0.21302057802677155,
            -0.7083406448364258,
            0.08680050820112228
        ],
        [
            0.21203477680683136,
            -0.7041858434677124,
            0.08414830267429352
        ],
        [
            0.21348528563976288,
            -0.6990786790847778,
            0.08131752908229828
        ],
        [
            0.21661332249641418,
            -0.6933073997497559,
            0.07860994338989258
        ],
        [
            0.2024013251066208,
            -0.6742837429046631,
            0.06509554386138916
        ],
        [
            0.19823020696640015,
            -0.682262659072876,
            0.06978067010641098
        ],
        [
            0.265524685382843,
            -0.7768453359603882,
            0.1103966161608696
        ],
        [
            0.25794655084609985,
            -0.779984712600708,
            0.11447069048881531
        ],
        [
            0.2507636845111847,
            -0.7754656076431274,
            0.1101367324590683
        ],
        [
            0.25066864490509033,
            -0.7778208255767822,
            0.11158837378025055
        ],
        [
            0.25674858689308167,
            -0.7763903141021729,
            0.11043262481689453
        ],
        [
            0.2551128566265106,
            -0.7737533450126648,
            0.10932285338640213
        ],
        [
            0.23004288971424103,
            -0.7810519933700562,
            0.10669849812984467
        ],
        [
            0.2364484965801239,
            -0.7788054943084717,
            0.10709437727928162
        ],
        [
            0.23353253304958344,
            -0.7764092087745667,
            0.1052398830652237
        ],
        [
            0.22514186799526215,
            -0.7761771082878113,
            0.10579776763916016
        ],
        [
            0.23798085749149323,
            -0.7647780776023865,
            0.1032165139913559
        ],
        [
            0.2342546582221985,
            -0.7685661911964417,
            0.10416062921285629
        ],
        [
            0.2415718138217926,
            -0.7716668248176575,
            0.10497267544269562
        ],
        [
            0.24427562952041626,
            -0.768928050994873,
            0.10442963987588882
        ],
        [
            0.24745796620845795,
            -0.7665952444076538,
            0.10313730686903
        ],
        [
            0.2508247494697571,
            -0.7647457122802734,
            0.10111557692289352
        ],
        [
            0.2475012242794037,
            -0.7608577013015747,
            0.09978877753019333
        ],
        [
            0.2427888661623001,
            -0.7623991966247559,
            0.10171638429164886
        ],
        [
            0.26229241490364075,
            -0.7748476266860962,
            0.1069541946053505
        ],
        [
            0.2664950489997864,
            -0.7721385955810547,
            0.10167866945266724
        ],
        [
            0.2635889947414398,
            -0.770399808883667,
            0.1015615165233612
        ],
        [
            0.26013198494911194,
            -0.7721332311630249,
            0.1064593717455864
        ],
        [
            0.26398321986198425,
            -0.764716625213623,
            0.08945504575967789
        ],
        [
            0.2651372253894806,
            -0.7664586901664734,
            0.0916471928358078
        ],
        [
            0.26893189549446106,
            -0.765995979309082,
            0.0904548391699791
        ],
        [
            0.26650431752204895,
            -0.762585461139679,
            0.0882243886590004
        ],
        [
            0.26330938935279846,
            -0.7608464360237122,
            0.08906692266464233
        ],
        [
            0.26237133145332336,
            -0.7635810375213623,
            0.09016069769859314
        ],
        [
            0.2886445224285126,
            -0.8271881341934204,
            0.11586882174015045
        ],
        [
            0.28789401054382324,
            -0.8080811500549316,
            0.11544487625360489
        ],
        [
            0.26874780654907227,
            -0.8315274119377136,
            0.11698272079229355
        ],
        [
            0.2507043480873108,
            -0.8310102224349976,
            0.11357554793357849
        ],
        [
            0.23344458639621735,
            -0.826244592666626,
            0.10958138108253479
        ],
        [
            0.19937525689601898,
            -0.7281191349029541,
            0.09193285554647446
        ],
        [
            0.19100932776927948,
            -0.7239286303520203,
            0.08668582141399384
        ],
        [
            0.18338742852210999,
            -0.7379761338233948,
            0.08491622656583786
        ],
        [
            0.1770021766424179,
            -0.7307712435722351,
            0.07877177000045776
        ],
        [
            0.1853632777929306,
            -0.7164267301559448,
            0.08077999949455261
        ],
        [
            0.18315821886062622,
            -0.6969335079193115,
            0.06727153062820435
        ],
        [
            0.18248596787452698,
            -0.7068964242935181,
            0.07452692091464996
        ],
        [
            0.17217493057250977,
            -0.7227648496627808,
            0.07095734775066376
        ],
        [
            0.16497956216335297,
            -0.7426989078521729,
            0.06836255639791489
        ],
        [
            0.171556755900383,
            -0.7468608617782593,
            0.07622000575065613
        ],
        [
            0.16405121982097626,
            -0.7629719972610474,
            0.06489676982164383
        ],
        [
            0.158576101064682,
            -0.7394202947616577,
            0.05744559317827225
        ],
        [
            0.16112037003040314,
            -0.7652285099029541,
            0.05728096514940262
        ],
        [
            0.15792161226272583,
            -0.7038252949714661,
            0.04447785019874573
        ],
        [
            0.1513536125421524,
            -0.6977695822715759,
            0.04257906228303909
        ],
        [
            0.13933928310871124,
            -0.7118527889251709,
            0.044180095195770264
        ],
        [
            0.14603278040885925,
            -0.7186113595962524,
            0.04609079658985138
        ],
        [
            0.17908813059329987,
            -0.750418484210968,
            0.0832509770989418
        ],
        [
            0.21396568417549133,
            -0.8013342618942261,
            0.10205375403165817
        ],
        [
            0.22245953977108002,
            -0.795377254486084,
            0.10683436691761017
        ],
        [
            0.20439457893371582,
            -0.7931671738624573,
            0.09842139482498169
        ],
        [
            0.2336444854736328,
            -0.860395610332489,
            0.10193181037902832
        ],
        [
            0.24363186955451965,
            -0.8470410108566284,
            0.1102948933839798
        ],
        [
            0.22768007218837738,
            -0.8395452499389648,
            0.10657544434070587
        ],
        [
            0.22000429034233093,
            -0.8533931970596313,
            0.09998266398906708
        ],
        [
            0.274767130613327,
            -0.8768661022186279,
            0.09529317170381546
        ],
        [
            0.2827613949775696,
            -0.8534784317016602,
            0.10924891382455826
        ],
        [
            0.2645922601222992,
            -0.8516305685043335,
            0.11024096608161926
        ],
        [
            0.2566430866718292,
            -0.8702785968780518,
            0.10032625496387482
        ],
        [
            0.21235862374305725,
            -0.86105877161026,
            0.09225372970104218
        ],
        [
            0.20304769277572632,
            -0.8709964752197266,
            0.08027184754610062
        ],
        [
            0.2104351818561554,
            -0.8857245445251465,
            0.07542207092046738
        ],
        [
            0.2237553745508194,
            -0.8756064176559448,
            0.09012490510940552
        ],
        [
            0.2254776656627655,
            -0.9019727110862732,
            0.0661611557006836
        ],
        [
            0.24173280596733093,
            -0.8894388675689697,
            0.08377931267023087
        ],
        [
            0.15148277580738068,
            -0.7576622366905212,
            0.04762152582406998
        ],
        [
            0.15806066989898682,
            -0.7753092050552368,
            0.049018777906894684
        ],
        [
            0.15444888174533844,
            -0.7263637781143188,
            0.049865804612636566
        ],
        [
            0.14520469307899475,
            -0.742861270904541,
            0.04542582482099533
        ],
        [
            0.24254122376441956,
            -0.9114857912063599,
            0.05285519361495972
        ],
        [
            0.26179033517837524,
            -0.8982834815979004,
            0.07440362125635147
        ],
        [
            0.17260488867759705,
            -0.8729776740074158,
            0.03512836992740631
        ],
        [
            0.1845293492078781,
            -0.8844698667526245,
            0.04569235444068909
        ],
        [
            0.18169279396533966,
            -0.8681660890579224,
            0.058499231934547424
        ],
        [
            0.17083317041397095,
            -0.8594420552253723,
            0.047317661345005035
        ],
        [
            0.17716193199157715,
            -0.884818434715271,
            0.019000068306922913
        ],
        [
            0.1912817656993866,
            -0.8986114263534546,
            0.03144945204257965
        ],
        [
            0.15007305145263672,
