{
    "pred_cam": [
        2.287092685699463,
        -0.057147689163684845,
        0.4618576169013977
    ],
    "pred_smpl_params": {
        "global_orient": [
            [
                [
                    -0.6347709894180298,
                    0.11242251098155975,
                    0.7644782662391663
                ],
                [
                    -0.22498063743114471,
                    -0.9733843207359314,
                    -0.04366488382220268
                ],
                [
                    0.7392222881317139,
                    -0.19970999658107758,
                    0.6431690454483032
                ]
            ]
        ],
        "body_pose": [
            [
                [
                    0.9910004138946533,
                    -0.11654286831617355,
                    0.06584765017032623
                ],
                [
                    0.08478690683841705,
                    0.9271628856658936,
                    0.3649386763572693
                ],
                [
                    -0.10358249396085739,
                    -0.3560713827610016,
                    0.9287000894546509
                ]
            ],
            [
                [
                    0.9939725995063782,
                    -0.10648731887340546,
                    0.026056423783302307
                ],
                [
                    0.09296965599060059,
                    0.9447270631790161,
                    0.31440016627311707
                ],
                [
                    -0.05809583142399788,
                    -0.31008270382881165,
                    0.9489328861236572
                ]
            ],
            [
                [
                    0.9959162473678589,
                    -0.0078498013317585,
                    -0.08994089066982269
                ],
                [
                    -0.02351400814950466,
                    0.939278781414032,
                    -0.3423483967781067
                ],
                [
                    0.0871669352054596,
                    0.34306517243385315,
                    0.9352584481239319
                ]
            ],
            [
                [
                    0.9937013387680054,
                    0.10981771349906921,
                    0.022312842309474945
                ],
                [
                    -0.08889096230268478,
                    0.8936967849731445,
                    -0.4397778809070587
                ],
                [
                    -0.0682363212108612,
                    0.4350244104862213,
                    0.8978294730186462
                ]
            ],
            [
                [
                    0.9928235411643982,
                    -0.02798602543771267,
                    0.11626789718866348
                ],
                [
                    0.07258850336074829,
                    0.9136724472045898,
                    -0.39991700649261475
                ],
                [
                    -0.09503868222236633,
                    0.40548673272132874,
                    0.9091469645500183
                ]
            ],
            [
                [
                    0.9969443678855896,
                    0.03795841708779335,
                    -0.06827192008495331
                ],
                [
                    -0.03742901235818863,
                    0.9992586374282837,
                    0.009017343632876873
                ],
                [
                    0.06856358051300049,
                    -0.006434439681470394,
                    0.997626006603241
                ]
            ],
            [
                [
                    0.9781295657157898,
                    -0.004912461619824171,
                    0.2079385221004486
                ],
                [
                    0.0018846415914595127,
                    0.9998893141746521,
                    0.014756794087588787
                ],
                [
                    -0.20798800885677338,
                    -0.014042168855667114,
                    0.9780305624008179
                ]
            ],
            [
                [
                    0.9832028150558472,
                    -0.01943918876349926,
                    -0.18147815763950348
                ],
                [
                    0.0256363432854414,
                    0.9991633892059326,
                    0.031865011900663376
                ],
                [
                    0.18070688843727112,
                    -0.03598220646381378,
                    0.9828786253929138
                ]
            ],
            [
                [
                    0.9957276582717896,
                    0.04718261957168579,
                    -0.07937424629926682
                ],
                [
                    -0.05512795224785805,
                    0.9933491945266724,
                    -0.10108581185340881
                ],
                [
                    0.07407684624195099,
                    0.10502967983484268,
                    0.991706371307373
                ]
            ],
            [
                [
                    0.9987761378288269,
                    -0.03543086349964142,
                    0.03450903296470642
                ],
                [
                    0.03288627788424492,
                    0.9968836903572083,
                    0.07170332223176956
                ],
                [
                    -0.036942001432180405,
                    -0.07048068940639496,
                    0.9968288540840149
                ]
            ],
            [
                [
                    0.9942139387130737,
                    0.105556920170784,
                    -0.019912634044885635
                ],
                [
                    -0.1042855754494667,
                    0.9929311275482178,
                    0.05667732656002045
                ],
                [
                    0.02575455792248249,
                    -0.05427278205752373,
                    0.9981940388679504
                ]
            ],
            [
                [
                    0.9919541478157043,
                    0.05919132009148598,
                    0.11190762370824814
                ],
                [
                    -0.044922903180122375,
                    0.9910152554512024,
                    -0.1259792447090149
                ],
                [
                    -0.1183590367436409,
                    0.119938425719738,
                    0.9857007265090942
                ]
            ],
            [
                [
                    0.9265182018280029,
                    0.09429297596216202,
                    -0.36424267292022705
                ],
                [
                    -0.09049034118652344,
                    0.9955165982246399,
                    0.027534589171409607
                ],
                [
                    0.3652059733867645,
                    0.007449144497513771,
                    0.9308968782424927
                ]
            ],
            [
                [
                    0.9743120074272156,
                    -0.14638656377792358,
                    0.17113454639911652
                ],
                [
                    0.14743909239768982,
                    0.9890490770339966,
                    0.006613557692617178
                ],
                [
                    -0.17022858560085297,
                    0.018788252025842667,
                    0.9852254986763
                ]
            ],
            [
                [
                    0.9874509572982788,
                    -0.010352443903684616,
                    0.15758644044399261
                ],
                [
                    0.03362348675727844,
                    0.9887524843215942,
                    -0.14573290944099426
                ],
                [
                    -0.15430527925491333,
                    0.14920268952846527,
                    0.9766926765441895
                ]
            ],
            [
                [
                    0.5105597972869873,
                    0.7809476852416992,
                    -0.35979095101356506
                ],
                [
                    -0.7571219801902771,
                    0.6066475510597229,
                    0.24237392842769623
                ],
                [
                    0.40754762291908264,
                    0.14865925908088684,
                    0.9010025262832642
                ]
            ],
            [
                [
                    0.42780447006225586,
                    -0.8702955842018127,
                    0.24406756460666656
                ],
                [
                    0.8835291266441345,
                    0.45960748195648193,
                    0.09020671993494034
                ],
                [
                    -0.19068175554275513,
                    0.17704996466636658,
                    0.9655536413192749
                ]
            ],
            [
                [
                    0.942950963973999,
                    -0.04413445293903351,
                    -0.329993337392807
                ],
                [
                    0.03217776492238045,
                    0.9986156225204468,
                    -0.041610825806856155
                ],
                [
                    0.3313729763031006,
                    0.028618518263101578,
                    0.9430657029151917
                ]
            ],
            [
                [
                    0.9488695859909058,
                    0.06666024774312973,
                    0.3085498511791229
                ],
                [
                    -0.045952312648296356,
                    0.996205747127533,
                    -0.07390900701284409
                ],
                [
                    -0.31230592727661133,
                    0.05595143884420395,
                    0.9483325481414795
                ]
            ],
            [
                [
                    0.9971008896827698,
                    -0.061485134065151215,
                    0.04482400789856911
                ],
                [
                    0.06127885356545448,
                    0.9981028437614441,
                    0.005962698720395565
                ],
                [
                    -0.04510559141635895,
                    -0.0031986485701054335,
                    0.9989769458770752
                ]
            ],
            [
                [
                    0.9971376657485962,
                    0.015197496861219406,
                    -0.07406400144100189
                ],
                [
                    -0.007676074281334877,
                    0.9948772192001343,
                    0.10079842060804367
                ],
                [
                    0.07521647214889526,
                    -0.09994138032197952,
                    0.9921461939811707
                ]
            ],
            [
                [
                    0.9820681810379028,
                    0.16478773951530457,
                    -0.09158144146203995
                ],
                [
                    -0.1474526971578598,
                    0.974082887172699,
                    0.17152322828769684
                ],
                [
                    0.11747284978628159,
                    -0.1549435704946518,
                    0.9809141755104065
                ]
            ],
            [
                [
                    0.9788323044776917,
                    -0.17369037866592407,
                    0.10825403034687042
                ],
                [
                    0.15285170078277588,
                    0.9721431732177734,
                    0.17769068479537964
                ],
                [
                    -0.1361015886068344,
                    -0.15738257765769958,
                    0.9781140089035034
                ]
            ]
        ],
        "betas": [
            0.15960091352462769,
            0.38673800230026245,
            -0.22673338651657104,
            0.0024085640907287598,
            0.006803572177886963,
            0.12551060318946838,
            -0.03916957974433899,
            -0.03740411996841431,
            0.13768088817596436,
            -0.11085164546966553
        ]
    },
    "pred_cam_t": [
        -0.057147689163684845,
        0.4618576169013977,
        17.079544067382812
    ],
    "focal_length": [
        5000.0,
        5000.0
    ],
    "pred_keypoints_3d": [
        [
            0.2784718871116638,
            -0.7197293043136597,
            0.1499984711408615
        ],
        [
            0.1347084492444992,
            -0.7069166302680969,
            0.023422040045261383
        ],
        [
            0.19978977739810944,
            -0.6198139190673828,
            -0.13744711875915527
        ],
        [
            0.16046380996704102,
            -0.37407445907592773,
            -0.20948819816112518
        ],
        [
            0.20469684898853302,
            -0.11788493394851685,
            -0.22254502773284912
        ],
        [
            0.04803556948900223,
            -0.6423574686050415,
            0.1770268976688385
        ],
        [
            0.01727473735809326,
            -0.3934546113014221,
            0.26558125019073486
        ],
        [
            0.10044863820075989,
            -0.17046423256397247,
            0.354561448097229
        ],
        [
            -0.0020491457544267178,
            -0.22293446958065033,
            0.025563549250364304
        ],
        [
            0.025142861530184746,
            -0.12009675800800323,
            -0.008729077875614166
        ],
        [
            0.07074900716543198,
            0.23833201825618744,
            0.141533762216568
        ],
        [
            -0.07363507896661758,
            0.6140353083610535,
            0.2060936987400055
        ],
        [
            -0.06141127645969391,
            -0.14900219440460205,
            0.08851200342178345
        ],
        [
            -0.05278301611542702,
            0.16982102394104004,
            0.30155593156814575
        ],
        [
            -0.13079291582107544,
            0.5697203874588013,
            0.3114134669303894
        ],
        [
            0.3016684651374817,
            -0.7639342546463013,
            0.11319968104362488
        ],
        [
            0.25769689679145813,
            -0.7762373685836792,
            0.16181622445583344
        ],
        [
            0.268430233001709,
            -0.7918359041213989,
            0.018210045993328094
        ],
        [
            0.17286764085292816,
            -0.8198872208595276,
            0.12632663547992706
        ],
        [
            -0.03842179477214813,
            0.6157392263412476,
            0.48748278617858887
        ],
        [
            -0.1216048002243042,
            0.6112462878227234,
            0.47897204756736755
        ],
        [
            -0.1750798225402832,
            0.6080865859985352,
            0.2693309187889099
        ],
        [
            0.05425909161567688,
            0.664064884185791,
            0.35760968923568726
        ],
        [
            0.06294883787631989,
            0.6941037178039551,
            0.27489739656448364
        ],
        [
            -0.12349942326545715,
            0.6577416658401489,
            0.17226475477218628
        ],
        [
            -0.06477725505828857,
            0.5725085735321045,
            0.16145655512809753
        ],
        [
            0.07086317241191864,
            0.17610350251197815,
            0.11924060434103012
        ],
        [
            0.08229780942201614,
            -0.21983036398887634,
            -0.09747899323701859
        ],
        [
            -0.11267580091953278,
            -0.26973941922187805,
            0.10708355158567429
        ],
        [
            -0.05928362160921097,
            0.12878577411174774,
            0.2922762930393219
        ],
        [
            -0.14732792973518372,
            0.5355556011199951,
            0.29056569933891296
        ],
        [
            0.2233261913061142,
            -0.1368139088153839,
            -0.1984144151210785
        ],
        [
            0.1956547200679779,
            -0.3892240822315216,
            -0.21637731790542603
        ],
        [
            0.18677780032157898,
            -0.6464865207672119,
            -0.10687929391860962
        ],
        [
            0.055443741381168365,
            -0.6672117710113525,
            0.1513650119304657
        ],
        [
            0.042715005576610565,
            -0.4244512915611267,
            0.2940065860748291
        ],
        [
            0.11143767088651657,
            -0.18628166615962982,
            0.35760506987571716
        ],
        [
            0.1421334594488144,
            -0.7043580412864685,
            0.027804449200630188
        ],
        [
            0.25308680534362793,
            -0.8425424098968506,
            0.09856592118740082
        ],
        [
            -0.014811938628554344,
            -0.24504965543746948,
            0.0051004039123654366
        ],
        [
            0.12281303107738495,
            -0.6540871858596802,
            0.021227197721600533
        ],
        [
            0.03598815202713013,
            -0.4930986762046814,
            -0.01712380349636078
        ],
        [
            0.21806249022483826,
            -0.7353366613388062,
            0.09810730814933777
        ],
        [
            0.25941282510757446,
            -0.8624803423881531,
            0.09398175030946732
        ]
    ],
    "pred_vertices": [
        [
            0.27319616079330444,
            -0.8191492557525635,
            0.18114784359931946
        ],
        [
            0.27406489849090576,
            -0.8024160861968994,
            0.17786285281181335
        ],
        [
            0.26012253761291504,
            -0.8059720396995544,
            0.17926892638206482
        ],
        [
            0.2560511529445648,
            -0.8204817175865173,
            0.17966821789741516
        ],
        [
            0.2614704370498657,
            -0.7943834066390991,
            0.17827734351158142
        ],
        [
            0.2725816071033478,
            -0.7902717590332031,
            0.17564785480499268
        ],
        [
            0.24663233757019043,
            -0.8069578409194946,
            0.17629249393939972
        ],
        [
            0.2403491884469986,
            -0.8185552358627319,
            0.17477568984031677
        ],
        [
            0.21948179602622986,
            -0.7824121713638306,
            0.1639784276485443
        ],
        [
            0.2094399780035019,
            -0.7839750051498413,
            0.16007810831069946
        ],
        [
            0.21635329723358154,
            -0.7938910722732544,
            0.16381363570690155
        ],
        [
            0.22509001195430756,
            -0.7897042632102966,
            0.1660829335451126
        ],
        [
            0.20602001249790192,
            -0.761238694190979,
            0.1560322344303131
        ],
        [
            0.21036536991596222,
            -0.7481733560562134,
            0.15498590469360352
        ],
        [
            0.19920876622200012,
            -0.7454354763031006,
            0.14823853969573975
        ],
        [
            0.1947454810142517,
            -0.7584314346313477,
            0.1478048712015152
        ],
        [
            0.2514762878417969,
            -0.7427724003791809,
            0.14998608827590942
        ],
        [
            0.2442188709974289,
            -0.7386494874954224,
            0.15177693963050842
        ],
        [
            0.24425047636032104,
            -0.7456682324409485,
            0.15533947944641113
        ],
        [
            0.25140976905822754,
            -0.74909508228302,
            0.15265847742557526
        ],
        [
            0.26565682888031006,
            -0.7466655969619751,
            0.14991112053394318
        ],
        [
            0.2655895948410034,
            -0.7532767653465271,
            0.1495911180973053
        ],
        [
            0.2735673189163208,
            -0.753108561038971,
            0.15070945024490356
        ],
        [
            0.2732751667499542,
            -0.7455892562866211,
            0.15212401747703552
        ],
        [
            0.25271058082580566,
            -0.7369078397750854,
            0.14516478776931763
        ],
        [
            0.2449006289243698,
            -0.7328999042510986,
            0.14694157242774963
        ],
        [
            0.25808215141296387,
            -0.7459889650344849,
            0.14892497658729553
        ],
        [
            0.25866711139678955,
            -0.7408779859542847,
            0.14822567999362946
        ],
        [
            0.2636016011238098,
            -0.72993004322052,
            0.15217450261116028
        ],
        [
            0.26398542523384094,
            -0.7350566387176514,
            0.15325333178043365
        ],
        [
            0.27065467834472656,
            -0.7321323752403259,
            0.155792236328125
        ],
        [
            0.26850926876068115,
            -0.7273213863372803,
            0.1532493382692337
        ],
        [
            0.25618746876716614,
            -0.734463095664978,
            0.147528275847435
        ],
        [
            0.25876837968826294,
            -0.7358231544494629,
            0.1504552662372589
        ],
        [
            0.2599451243877411,
            -0.730912446975708,
            0.14956232905387878
        ],
        [
            0.2580503821372986,
            -0.7301687002182007,
            0.14600902795791626
        ],
        [
            0.2657015919685364,
            -0.7415052652359009,
            0.15046681463718414
        ],
        [
            0.2725074589252472,
            -0.7391709685325623,
            0.15379062294960022
        ],
        [
            0.27978336811065674,
            -0.7361973524093628,
            0.15615984797477722
        ],
        [
            0.2772510051727295,
            -0.7276090383529663,
            0.1572471559047699
        ],
        [
            0.22706040740013123,
            -0.7321548461914062,
            0.1522643268108368
        ],
        [
            0.2359611690044403,
            -0.7353026866912842,
            0.1529179960489273
        ],
        [
            0.23724113404750824,
            -0.7295854687690735,
            0.14863961935043335
        ],
        [
            0.22984163463115692,
            -0.7270797491073608,
            0.14890366792678833
        ],
        [
            0.2539372444152832,
            -0.7293760180473328,
            0.14372527599334717
        ],
        [
            0.2441404163837433,
            -0.7163640260696411,
            0.14273731410503387
        ],
        [
            0.24583902955055237,
            -0.7196452617645264,
            0.1439831256866455
        ],
        [
            0.25248101353645325,
            -0.7173252105712891,
            0.14264951646327972
        ],
        [
            0.2503643333911896,
            -0.7144437432289124,
            0.14179080724716187
        ],
        [
            0.2120235562324524,
            -0.7248845100402832,
            0.1467147171497345
        ],
        [
            0.21775390207767487,
            -0.7204550504684448,
            0.14566615223884583
        ],
        [
            0.21284016966819763,
            -0.7158889770507812,
            0.14253854751586914
        ],
        [
            0.2063378393650055,
            -0.7195818424224854,
            0.14209583401679993
        ],
        [
            0.21135826408863068,
            -0.7106881141662598,
            0.13900792598724365
        ],
        [
            0.2021487057209015,
            -0.7137811183929443,
            0.137284055352211
        ],
        [
            0.20173043012619019,
            -0.6989680528640747,
            0.1276121586561203
        ],
        [
            0.20143133401870728,
            -0.7059580087661743,
            0.1321600079536438
        ],
        [
            0.21166032552719116,
            -0.704696774482727,
            0.13510538637638092
        ],
        [
            0.2145063430070877,
            -0.6975879669189453,
            0.13201147317886353
        ],
        [
            0.22914732992649078,
            -0.6956940293312073,
            0.12989990413188934
        ],
        [
            0.23386473953723907,
            -0.6922985315322876,
            0.12729734182357788
        ],
        [
            0.22397427260875702,
            -0.6835664510726929,
            0.12604767084121704
        ],
        [
            0.21929535269737244,
            -0.6893476247787476,
            0.12925469875335693
        ],
        [
            0.23919014632701874,
            -0.7129911780357361,
            0.13802962005138397
        ],
        [
            0.23506316542625427,
            -0.7151626944541931,
            0.13890764117240906
        ],
        [
            0.23676934838294983,
            -0.7153936624526978,
            0.1410510390996933
        ],
        [
            0.24180571734905243,
            -0.7139424085617065,
            0.1406308114528656
        ],
        [
            0.23147420585155487,
            -0.7165781259536743,
            0.14017602801322937
        ],
        [
            0.22981388866901398,
            -0.7170352935791016,
            0.14079107344150543
        ],
        [
            0.23122155666351318,
            -0.7175074219703674,
            0.14179158210754395
        ],
        [
            0.23217302560806274,
            -0.7170335054397583,
            0.1406012922525406
        ],
        [
            0.2336687445640564,
            -0.716022253036499,
            0.13956645131111145
        ],
        [
            0.23370201885700226,
            -0.7139817476272583,
            0.13859465718269348
        ],
        [
            0.23199790716171265,
            -0.7154666185379028,
            0.13969388604164124
        ],
        [
            0.23717781901359558,
            -0.7111679315567017,
            0.1378413736820221
        ],
        [
            0.24879907071590424,
            -0.7033522129058838,
            0.13402602076530457
        ],
        [
            0.24564282596111298,
            -0.7047857046127319,
            0.13577942550182343
        ],
        [
            0.24818220734596252,
            -0.7087723016738892,
            0.13510870933532715
        ],
        [
            0.25097590684890747,
            -0.7079044580459595,
            0.1337105929851532
        ],
        [
            0.23425984382629395,
            -0.718285083770752,
            0.1422945261001587
        ],
        [
            0.23300522565841675,
            -0.7199921011924744,
            0.14416295289993286
        ],
        [
            0.2386637032032013,
            -0.7199777364730835,
            0.1444641351699829
        ],
        [
            0.23788988590240479,
            -0.7176164388656616,
            0.1425457000732422
        ],
        [
            0.23187997937202454,
            -0.7224719524383545,
            0.1463543176651001
        ],
        [
            0.22991782426834106,
            -0.7193424105644226,
            0.14331279695034027
        ],
        [
            0.22782588005065918,
            -0.7211925983428955,
            0.14532464742660522
        ],
        [
            0.22940848767757416,
            -0.7154519557952881,
            0.13992978632450104
        ],
        [
            0.22595065832138062,
            -0.715314507484436,
            0.14047610759735107
        ],
        [
            0.22729381918907166,
            -0.7171765565872192,
            0.14227229356765747
        ],
        [
            0.22612392902374268,
            -0.7119640111923218,
            0.138418510556221
        ],
        [
            0.2307785451412201,
            -0.7128450870513916,
            0.13837337493896484
        ],
        [
            0.23375873267650604,
            -0.7092201113700867,
            0.13727256655693054
        ],
        [
            0.23790055513381958,
            -0.7052156925201416,
            0.1360880434513092
        ],
        [
            0.23236751556396484,
            -0.7031243443489075,
            0.13437244296073914
        ],
        [
            0.22848603129386902,
            -0.7076177000999451,
            0.13644154369831085
        ],
        [
            0.2387380301952362,
            -0.7244577407836914,
            0.14627844095230103
        ],
        [
            0.22312459349632263,
            -0.7184269428253174,
            0.14380696415901184
        ],
        [
            0.22383759915828705,
            -0.724633514881134,
            0.14764711260795593
        ],
        [
            0.2203845977783203,
            -0.7149122953414917,
            0.1417190134525299
        ],
        [
            0.21958963572978973,
            -0.7108112573623657,
            0.13884574174880981
        ],
        [
            0.22133176028728485,
            -0.7057812213897705,
            0.1358691155910492
        ],
        [
            0.22493746876716614,
            -0.700495719909668,
            0.13277752697467804
        ],
        [
            0.21203544735908508,
            -0.6815771460533142,
            0.11794508993625641
        ],
        [
            0.20718339085578918,
            -0.688904881477356,
            0.12308411300182343
        ],
        [
            0.2687372863292694,
            -0.7847952842712402,
            0.1703600287437439
        ],
        [
            0.26091715693473816,
            -0.7872052192687988,
            0.1744275987148285
        ],
        [
            0.2541389763355255,
            -0.7826612591743469,
            0.16967186331748962
        ],
        [
            0.2539482116699219,
            -0.7849569320678711,
            0.17124834656715393
        ],
        [
            0.26003995537757874,
            -0.7838520407676697,
            0.1701781153678894
        ],
        [
            0.2585892379283905,
            -0.7812187671661377,
            0.1688685417175293
        ],
        [
            0.23313851654529572,
            -0.7872600555419922,
            0.16627709567546844
        ],
        [
            0.23968605697155,
            -0.7853966951370239,
            0.1665951907634735
        ],
        [
            0.23693476617336273,
            -0.782897412776947,
            0.16467289626598358
        ],
        [
            0.228581503033638,
            -0.782137930393219,
            0.16509488224983215
        ],
        [
            0.24206331372261047,
            -0.7716315388679504,
            0.16204893589019775
        ],
        [
            0.238088458776474,
            -0.7751294374465942,
            0.16319549083709717
        ],
        [
            0.24522091448307037,
            -0.7786394953727722,
            0.16424115002155304
        ],
        [
            0.2481074035167694,
            -0.7761022448539734,
            0.16358545422554016
        ],
        [
            0.25144094228744507,
            -0.7740581035614014,
            0.1621776819229126
        ],
        [
            0.25497519969940186,
            -0.7725201845169067,
            0.16015002131462097
        ],
        [
            0.251876562833786,
            -0.7685409784317017,
            0.15852488577365875
        ],
        [
            0.2470318078994751,
            -0.7696422338485718,
            0.16047918796539307
        ],
        [
            0.26567235589027405,
            -0.7828702330589294,
            0.16673395037651062
        ],
        [
            0.2701249420642853,
            -0.7807843089103699,
            0.16141420602798462
        ],
        [
            0.26727116107940674,
            -0.778934121131897,
            0.16106972098350525
        ],
        [
            0.2636650800704956,
            -0.7801131010055542,
            0.16597235202789307
        ],
        [
            0.2682759761810303,
            -0.7741062641143799,
            0.14868499338626862
        ],
        [
            0.269268661737442,
            -0.7757717370986938,
            0.15098321437835693
        ],
        [
            0.2731071412563324,
            -0.7756384611129761,
            0.14979226887226105
        ],
        [
            0.27095338702201843,
            -0.7722030282020569,
            0.1473434716463089
        ],
        [
            0.2678680717945099,
            -0.7701953649520874,
            0.14806872606277466
        ],
        [
            0.26676589250564575,
            -0.7728078365325928,
            0.14931246638298035
        ],
        [
            0.2888847887516022,
            -0.8357473611831665,
            0.17956984043121338
        ],
        [
            0.28897207975387573,
            -0.8165817260742188,
            0.17778795957565308
        ],
        [
            0.26852232217788696,
            -0.8388373851776123,
            0.18042965233325958
        ],
        [
            0.25057506561279297,
            -0.8374330997467041,
            0.17670613527297974
        ],
        [
            0.23360705375671387,
            -0.8318793773651123,
            0.17232386767864227
        ],
        [
            0.20547357201576233,
            -0.7336368560791016,
            0.1478179693222046
        ],
        [
            0.1972726732492447,
            -0.7292805910110474,
            0.1422124058008194
        ],
        [
            0.18893544375896454,
            -0.7429976463317871,
            0.14128346741199493
        ],
        [
            0.1828438639640808,
            -0.7358518838882446,
            0.13451029360294342
        ],
        [
            0.1920270323753357,
            -0.7217575311660767,
            0.1358521431684494
        ],
        [
            0.1911938488483429,
            -0.7031811475753784,
            0.12095107138156891
        ],
        [
            0.18975932896137238,
            -0.7125673294067383,
            0.12886559963226318
        ],
        [
            0.17850066721439362,
            -0.7281779050827026,
            0.12589402496814728
        ],
        [
            0.17028462886810303,
            -0.7479944229125977,
            0.12425415217876434
        ],
        [
            0.1765148937702179,
            -0.751821756362915,
            0.13285885751247406
        ],
        [
            0.16828453540802002,
            -0.7685036659240723,
            0.12188185751438141
        ],
        [
            0.16390766203403473,
            -0.7451909780502319,
            0.11283013969659805
        ],
        [
            0.16510729491710663,
            -0.7711049318313599,
            0.11423496901988983
        ],
        [
            0.1644059419631958,
            -0.7101535797119141,
            0.09695471078157425
        ],
        [
            0.15762822329998016,
            -0.7036046981811523,
            0.0940011516213417
        ],
        [
            0.14478367567062378,
            -0.7173262238502502,
            0.09598203003406525
        ],
        [
            0.15154869854450226,
            -0.7243703603744507,
            0.09909498691558838
        ],
        [
            0.1839398443698883,
            -0.7554254531860352,
            0.14025238156318665
        ],
        [
            0.2158336192369461,
            -0.8067814111709595,
            0.16270357370376587
        ],
        [
            0.22473087906837463,
            -0.8007746934890747,
            0.16725066304206848
        ],
        [
            0.20658361911773682,
            -0.7981485724449158,
            0.15848955512046814
        ],
        [
            0.23221266269683838,
            -0.8662596940994263,
            0.16675639152526855
        ],
        [
            0.24266117811203003,
            -0.8530559539794922,
            0.17464013397693634
        ],
        [
            0.22716017067432404,
            -0.8449192047119141,
            0.17004431784152985
        ],
        [
            0.21885572373867035,
            -0.8586807250976562,
            0.16424685716629028
        ],
        [
            0.27245551347732544,
            -0.8852341771125793,
            0.16206923127174377
        ],
        [
            0.2814837098121643,
            -0.8617016077041626,
            0.17463967204093933
        ],
        [
            0.26342353224754333,
            -0.8588845729827881,
            0.17532967031002045
        ],
        [
            0.25459372997283936,
            -0.8773454427719116,
            0.16633284091949463
        ],
        [
            0.21097958087921143,
            -0.8665404915809631,
            0.15690889954566956
        ],
        [
            0.20140206813812256,
            -0.8767250776290894,
            0.1454056352376938
        ],
        [
            0.20819658041000366,
            -0.8922293186187744,
            0.14205746352672577
        ],
        [
            0.22168047726154327,
            -0.8816162347793579,
            0.15603727102279663
        ],
        [
            0.2224169224500656,
            -0.9099457859992981,
            0.13424716889858246
        ],
        [
            0.23906391859054565,
            -0.8969866037368774,
            0.1511397361755371
        ],
        [
            0.15551863610744476,
            -0.7637171745300293,
            0.1037529706954956
        ],
        [
            0.1614254117012024,
            -0.7815531492233276,
            0.10651524364948273
        ],
        [
            0.1599881500005722,
            -0.7324313521385193,
            0.10409525781869888
        ],
        [
            0.14969247579574585,
            -0.7487668991088867,
            0.10019773244857788
        ],
        [
            0.23923397064208984,
            -0.9216639995574951,
            0.12200223654508591
        ],
        [
            0.2589072287082672,
            -0.9075080752372742,
            0.14270654320716858
        ],
        [
            0.17102408409118652,
            -0.8805277347564697,
            0.09993347525596619
        ],
        [
            0.18245816230773926,
            -0.8917213082313538,
            0.11166861653327942
        ],
        [
            0.1802518367767334,
            -0.8744041919708252,
            0.1231025755405426
        ],
        [
            0.16976824402809143,
            -0.8660303950309753,
            0.11096934229135513
        ],
        [
            0.1751682609319687,
            -0.8935447931289673,
            0.08495105803012848
        ],
        [
            0.18840226531028748,
            -0.9072293043136597,
            0.0988650768995285
        ],
        [
            0.15121525526046753,
            -0.8313007950782776,
