{
    "pred_cam": [
        2.2150182723999023,
        -0.0743885263800621,
        0.45007380843162537
    ],
    "pred_smpl_params": {
        "global_orient": [
            [
                [
                    -0.6635010242462158,
                    0.06247205659747124,
                    0.7455625534057617
                ],
                [
                    -0.15087109804153442,
                    -0.9872087240219116,
                    -0.051545217633247375
                ],
                [
                    0.7328056693077087,
                    -0.1466841697692871,
                    0.6644392013549805
                ]
            ]
        ],
        "body_pose": [
            [
                [
                    0.9903126955032349,
                    -0.12492717057466507,
                    0.06061268225312233
                ],
                [
                    0.0893356055021286,
                    0.9074103832244873,
                    0.4106404781341553
                ],
                [
                    -0.1063007265329361,
                    -0.40124762058258057,
                    0.9097804427146912
                ]
            ],
            [
                [
                    0.9998273253440857,
                    -0.010028842836618423,
                    0.015642516314983368
                ],
                [
                    0.002449856838211417,
                    0.9056395292282104,
                    0.42404139041900635
                ],
                [
                    -0.01841912232339382,
                    -0.4239298701286316,
                    0.9055077433586121
                ]
            ],
            [
                [
                    0.9963656067848206,
                    -0.023661460727453232,
                    -0.08182777464389801
                ],
                [
                    -0.010846521705389023,
                    0.9175810813903809,
                    -0.3974006175994873
                ],
                [
                    0.0844867080450058,
                    0.396843820810318,
                    0.9139896035194397
                ]
            ],
            [
                [
                    0.9925090074539185,
                    0.120872363448143,
                    0.017766840755939484
                ],
                [
                    -0.09872963279485703,
                    0.8792027235031128,
                    -0.4661062955856323
                ],
                [
                    -0.07196000963449478,
                    0.46086061000823975,
                    0.8845503330230713
                ]
            ],
            [
                [
                    0.9952093362808228,
                    -0.04884519800543785,
                    0.08469069004058838
                ],
                [
                    0.08291041105985641,
                    0.8807113170623779,
                    -0.4663405418395996
                ],
                [
                    -0.05180954933166504,
                    0.4711281955242157,
                    0.8805419206619263
                ]
            ],
            [
                [
                    0.9981415867805481,
                    0.0252265352755785,
                    -0.05547087639570236
                ],
                [
                    -0.024449000135064125,
                    0.9995937347412109,
                    0.014651299454271793
                ],
                [
                    0.05581793934106827,
                    -0.013267862610518932,
                    0.9983528256416321
                ]
            ],
            [
                [
                    0.978560745716095,
                    0.002974190516397357,
                    0.20593708753585815
                ],
                [
                    -0.009086241945624352,
                    0.9995456337928772,
                    0.02873978391289711
                ],
                [
                    -0.20575803518295288,
                    -0.029994813725352287,
                    0.9781431555747986
                ]
            ],
            [
                [
                    0.9840925335884094,
                    -0.0340840220451355,
                    -0.1743565946817398
                ],
                [
                    0.03979162871837616,
                    0.9987770318984985,
                    0.029343945905566216
                ],
                [
                    0.1731431931257248,
                    -0.03581508994102478,
                    0.9842453002929688
                ]
            ],
            [
                [
                    0.9960652589797974,
                    0.04673951864242554,
                    -0.07529593259096146
                ],
                [
                    -0.05485985055565834,
                    0.9924537539482117,
                    -0.10966301709413528
                ],
                [
                    0.0696021318435669,
                    0.11336223781108856,
                    0.9911128282546997
                ]
            ],
            [
                [
                    0.9977055788040161,
                    -0.05519463121891022,
                    0.039207298308610916
                ],
                [
                    0.052088722586631775,
                    0.9957270622253418,
                    0.0762515738606453
                ],
                [
                    -0.04324844852089882,
                    -0.07403435558080673,
                    0.996317446231842
                ]
            ],
            [
                [
                    0.9933620691299438,
                    0.11127997934818268,
                    -0.02912927232682705
                ],
                [
                    -0.1086873933672905,
                    0.9909240007400513,
                    0.07909832894802094
                ],
                [
                    0.037666961550712585,
                    -0.07540729641914368,
                    0.9964410662651062
                ]
            ],
            [
                [
                    0.990100085735321,
                    0.07492685317993164,
                    0.11869243532419205
                ],
                [
                    -0.056625936180353165,
                    0.9869596362113953,
                    -0.15067888796329498
                ],
                [
                    -0.12843453884124756,
                    0.14246608316898346,
                    0.9814316034317017
                ]
            ],
            [
                [
                    0.9385528564453125,
                    0.029130350798368454,
                    -0.34390372037887573
                ],
                [
                    -0.021636901423335075,
                    0.9994378685951233,
                    0.02560775727033615
                ],
                [
                    0.34445637464523315,
                    -0.01659322902560234,
                    0.9386555552482605
                ]
            ],
            [
                [
                    0.9728728532791138,
                    -0.11248525977134705,
                    0.20215171575546265
                ],
                [
                    0.10938230156898499,
                    0.9936466217041016,
                    0.026492614299058914
                ],
                [
                    -0.20384740829467773,
                    -0.0036621291656047106,
                    0.9789957404136658
                ]
            ],
            [
                [
                    0.9903224110603333,
                    -0.00019769252685364336,
                    0.1387854516506195
                ],
                [
                    0.01483281422406435,
                    0.9944221377372742,
                    -0.10442515462636948
                ],
                [
                    -0.13799068331718445,
                    0.10547316074371338,
                    0.9848014712333679
                ]
            ],
            [
                [
                    0.5424719452857971,
                    0.7543616890907288,
                    -0.3696790337562561
                ],
                [
                    -0.7345607876777649,
                    0.6394585371017456,
                    0.2269652932882309
                ],
                [
                    0.407608300447464,
                    0.14842942357063293,
                    0.9010128378868103
                ]
            ],
            [
                [
                    0.4417175352573395,
                    -0.8528646230697632,
                    0.2784017026424408
                ],
                [
                    0.8561367988586426,
                    0.4934707283973694,
                    0.15335045754909515
                ],
                [
                    -0.2681702673435211,
                    0.1706123799085617,
                    0.9481434226036072
                ]
            ],
            [
                [
                    0.8445371985435486,
                    -0.10482748597860336,
                    -0.5251362919807434
                ],
                [
                    0.08286753296852112,
                    0.9944230318069458,
                    -0.06523668766021729
                ],
                [
                    0.5290462374687195,
                    0.011578057892620564,
                    0.8485140204429626
                ]
            ],
            [
                [
                    0.9008811712265015,
                    0.13260026276111603,
                    0.41331613063812256
                ],
                [
                    -0.11285026371479034,
                    0.9910027384757996,
                    -0.0719607025384903
                ],
                [
                    -0.41913944482803345,
                    0.018185194581747055,
                    0.9077396988868713
                ]
            ],
            [
                [
                    0.9944635033607483,
                    -0.09749604016542435,
                    0.03920157626271248
                ],
                [
                    0.09715311229228973,
                    0.9952133893966675,
                    0.01056418102234602
                ],
                [
                    -0.040043897926807404,
                    -0.0066971383057534695,
                    0.9991754293441772
                ]
            ],
            [
                [
                    0.994977593421936,
                    0.06414147466421127,
                    -0.07684748619794846
                ],
                [
                    -0.05833462253212929,
                    0.9954331517219543,
                    0.07556428760290146
                ],
                [
                    0.08134333789348602,
                    -0.07070189714431763,
                    0.994175374507904
                ]
            ],
            [
                [
                    0.9832779169082642,
                    0.1546739786863327,
                    -0.096127450466156
                ],
                [
                    -0.138140007853508,
                    0.9774457812309265,
                    0.15974043309688568
                ],
                [
                    0.11866707354784012,
                    -0.14379018545150757,
                    0.982467532157898
                ]
            ],
            [
                [
                    0.9817228317260742,
                    -0.16922612488269806,
                    0.08707974851131439
                ],
                [
                    0.1512940227985382,
                    0.971524715423584,
                    0.1823451966047287
                ],
                [
                    -0.1154576987028122,
                    -0.16583777964115143,
                    0.9793708920478821
                ]
            ]
        ],
        "betas": [
            0.19685164093971252,
            0.4028158485889435,
            -0.12236124277114868,
            0.05876415967941284,
            -0.005097329616546631,
            0.09089820086956024,
            0.009413748979568481,
            -0.017609119415283203,
            0.07879038155078888,
            -0.04699692130088806
        ]
    },
    "pred_cam_t": [
        -0.0743885263800621,
        0.45007380843162537,
        17.63529396057129
    ],
    "focal_length": [
        5000.0,
        5000.0
    ],
    "pred_keypoints_3d": [
        [
            0.2677329182624817,
            -0.7116010189056396,
            0.19655507802963257
        ],
        [
            0.13030198216438293,
            -0.7077105045318604,
            0.06008003279566765
        ],
        [
            0.20536574721336365,
            -0.6314963698387146,
            -0.10025926679372787
        ],
        [
            0.19727861881256104,
            -0.38504093885421753,
            -0.17964619398117065
        ],
        [
            0.29438668489456177,
            -0.1435622125864029,
            -0.17255306243896484
        ],
        [
            0.035863373428583145,
            -0.6415596604347229,
            0.20452781021595
        ],
        [
            -0.0050268955528736115,
            -0.398304283618927,
            0.3041880428791046
        ],
        [
            0.12149694561958313,
            -0.19954681396484375,
            0.3996495306491852
        ],
        [
            -0.0021121609024703503,
            -0.22428148984909058,
            0.025532137602567673
        ],
        [
            0.03159445896744728,
            -0.12481319904327393,
            -0.013179946690797806
        ],
        [
            0.15219242870807648,
            0.2244362235069275,
            0.11828644573688507
        ],
        [
            0.0571066290140152,
            0.6196877956390381,
            0.1578870713710785
        ],
        [
            -0.05862302705645561,
            -0.14379018545150757,
            0.083120197057724
        ],
        [
            -0.025976691395044327,
            0.1765453815460205,
            0.2930132746696472
        ],
        [
            -0.07451722025871277,
            0.5818823575973511,
            0.2847839295864105
        ],
        [
            0.29174789786338806,
            -0.7587512731552124,
            0.1638873666524887
        ],
        [
            0.24481286108493805,
            -0.7667511701583862,
            0.21084728837013245
        ],
        [
            0.2633959949016571,
            -0.7923192977905273,
            0.06865730881690979
        ],
        [
            0.16055312752723694,
            -0.8111721277236938,
            0.17378932237625122
        ],
        [
            0.01935562491416931,
            0.6257141828536987,
            0.46072936058044434
        ],
        [
            -0.06419405341148376,
            0.6280444264411926,
            0.4513682723045349
        ],
        [
            -0.11464186012744904,
            0.6221981644630432,
            0.24055451154708862
        ],
        [
            0.19903527200222015,
            0.6641327142715454,
            0.29835614562034607
        ],
        [
            0.20556962490081787,
            0.688247799873352,
            0.2133105993270874
        ],
        [
            0.01030530035495758,
            0.6668094396591187,
            0.12333111464977264
        ],
        [
            0.05815945565700531,
            0.5743860602378845,
            0.1165965273976326
        ],
        [
            0.1413542926311493,
            0.16317635774612427,
            0.10004199296236038
        ],
        [
            0.08238792419433594,
            -0.23233425617218018,
            -0.09744995087385178
        ],
        [
            -0.11891494691371918,
            -0.2605624198913574,
            0.1059190034866333
        ],
        [
            -0.03544190526008606,
            0.13606730103492737,
            0.28457003831863403
        ],
        [
            -0.0930340364575386,
            0.5480331778526306,
            0.26513904333114624
        ],
        [
            0.30590349435806274,
            -0.1663188934326172,
            -0.14760276675224304
        ],
        [
            0.23151002824306488,
            -0.4042665362358093,
            -0.1828201413154602
        ],
        [
            0.19084268808364868,
            -0.6553542613983154,
            -0.06936536729335785
        ],
        [
            0.04431065171957016,
            -0.6656413078308105,
            0.1814020574092865
        ],
        [
            0.020540008321404457,
            -0.4314449429512024,
            0.3310394287109375
        ],
        [
            0.12961727380752563,
            -0.2176174521446228,
            0.40132349729537964
        ],
        [
            0.13747380673885345,
            -0.7061991691589355,
            0.06437299400568008
        ],
        [
            0.2421329766511917,
            -0.8372373580932617,
            0.1519925892353058
        ],
        [
            -0.017786482349038124,
            -0.24678203463554382,
            0.004509725607931614
        ],
        [
            0.11868371069431305,
            -0.6573325991630554,
            0.0545329749584198
        ],
        [
            0.03172218054533005,
            -0.496996134519577,
            0.002154584974050522
        ],
        [
            0.20954781770706177,
            -0.7294561266899109,
            0.14213164150714874
        ],
        [
            0.24819356203079224,
            -0.8577507734298706,
            0.14903804659843445
        ]
    ],
    "pred_vertices": [
        [
            0.2582889497280121,
            -0.8084420561790466,
            0.23395930230617523
        ],
        [
            0.2595926821231842,
            -0.7920207977294922,
            0.22948983311653137
        ],
        [
            0.24549996852874756,
            -0.7951599359512329,
            0.23053079843521118
        ],
        [
            0.24118009209632874,
            -0.8094410300254822,
            0.23178866505622864
        ],
        [
            0.2472655177116394,
            -0.7837240695953369,
            0.22871682047843933
        ],
        [
            0.25851884484291077,
            -0.7801299691200256,
            0.2264993041753769
        ],
        [
            0.2321675419807434,
            -0.7960485219955444,
            0.226912260055542
        ],
        [
            0.22583025693893433,
            -0.8077214956283569,
            0.225776806473732
        ],
        [
            0.20639869570732117,
            -0.7719762325286865,
            0.2111949324607849
        ],
        [
            0.1965605616569519,
            -0.7736048102378845,
            0.20685693621635437
        ],
        [
            0.20301857590675354,
            -0.7833860516548157,
            0.21167276799678802
        ],
        [
            0.21167825162410736,
            -0.7792316675186157,
            0.21413707733154297
        ],
        [
            0.19389306008815765,
            -0.7511888742446899,
            0.2011082023382187
        ],
        [
            0.19848880171775818,
            -0.7382262945175171,
            0.19956505298614502
        ],
        [
            0.18773803114891052,
            -0.7357488870620728,
            0.19204047322273254
        ],
        [
            0.18304750323295593,
            -0.7486834526062012,
            0.19222374260425568
        ],
        [
            0.240163654088974,
            -0.734006404876709,
            0.1965191662311554
        ],
        [
            0.23288212716579437,
            -0.7295788526535034,
            0.19765625894069672
        ],
        [
            0.2325536161661148,
            -0.7363531589508057,
            0.2016817033290863
        ],
        [
            0.23978565633296967,
            -0.7401299476623535,
            0.19958928227424622
        ],
        [
            0.2542687952518463,
            -0.7382328510284424,
            0.19740384817123413
        ],
        [
            0.25402894616127014,
            -0.7448529005050659,
            0.19748909771442413
        ],
        [
            0.2619633078575134,
            -0.7447651624679565,
            0.19907227158546448
        ],
        [
            0.26179811358451843,
            -0.7371540069580078,
            0.20001861453056335
        ],
        [
            0.24183978140354156,
            -0.728495717048645,
            0.1914025843143463
        ],
        [
            0.2339649349451065,
            -0.7241882085800171,
            0.19245852530002594
        ],
        [
            0.24675796926021576,
            -0.7374456524848938,
            0.1959691047668457
        ],
        [
            0.24753744900226593,
            -0.7324327230453491,
            0.1949918568134308
        ],
        [
            0.25256773829460144,
            -0.7213444709777832,
            0.19849610328674316
        ],
        [
            0.25275254249572754,
            -0.7263926267623901,
            0.199916809797287
        ],
        [
            0.25935423374176025,
            -0.7234340906143188,
            0.2026805281639099
        ],
        [
            0.257455974817276,
            -0.7187554836273193,
            0.19968736171722412
        ],
        [
            0.245254248380661,
            -0.726029098033905,
            0.1937890499830246
        ],
        [
            0.24765002727508545,
            -0.727252721786499,
            0.19692391157150269
        ],
        [
            0.24900704622268677,
            -0.7224401235580444,
            0.19578777253627777
        ],
        [
            0.2473258525133133,
            -0.7218825817108154,
            0.19210119545459747
        ],
        [
            0.25443169474601746,
            -0.7330741882324219,
            0.19767680764198303
        ],
        [
            0.2611198127269745,
            -0.7306350469589233,
            0.20123335719108582
        ],
        [
            0.2683560252189636,
            -0.7276426553726196,
            0.20387229323387146
        ],
        [
            0.2659605145454407,
            -0.7189589738845825,
            0.2042415738105774
        ],
        [
            0.2157202661037445,
            -0.7227436900138855,
            0.1966908574104309
        ],
        [
            0.22454705834388733,
            -0.7260056734085083,
            0.19812913239002228
        ],
        [
            0.22621464729309082,
            -0.7205888628959656,
            0.19353562593460083
        ],
        [
            0.21881532669067383,
            -0.7179203033447266,
            0.19321279227733612
        ],
        [
            0.24329306185245514,
            -0.7211259007453918,
            0.18955054879188538
        ],
        [
            0.23378080129623413,
            -0.70803302526474,
            0.18706479668617249
        ],
        [
            0.2353510558605194,
            -0.7112265229225159,
            0.18865013122558594
        ],
        [
            0.2421543300151825,
            -0.7091341614723206,
            0.18755050003528595
        ],
        [
            0.24013547599315643,
            -0.7063003778457642,
            0.1863574981689453
        ],
        [
            0.20113587379455566,
            -0.7155042886734009,
            0.18982931971549988
        ],
        [
            0.20704077184200287,
            -0.7112349271774292,
            0.1888602375984192
        ],
        [
            0.20238003134727478,
            -0.7067826390266418,
            0.18514443933963776
        ],
        [
            0.1958443522453308,
            -0.7104033827781677,
            0.18450331687927246
        ],
        [
            0.20127642154693604,
            -0.701764702796936,
            0.18109475076198578
        ],
        [
            0.19204449653625488,
            -0.7048106789588928,
            0.17902560532093048
        ],
        [
            0.19236335158348083,
            -0.6906329989433289,
            0.168297678232193
        ],
        [
            0.1917397826910019,
            -0.6973063945770264,
            0.17330317199230194
        ],
        [
            0.20189934968948364,
            -0.6960201263427734,
            0.17679427564144135
        ],
        [
            0.2051023542881012,
            -0.6891723871231079,
            0.1733710765838623
        ],
        [
            0.2198925018310547,
            -0.6877697110176086,
            0.17209751904010773
        ],
        [
            0.22490699589252472,
            -0.6846131086349487,
            0.1695471554994583
        ],
        [
            0.21520499885082245,
            -0.6757135391235352,
            0.16714692115783691
        ],
        [
            0.2102857530117035,
            -0.6811953783035278,
            0.17035789787769318
        ],
        [
            0.2291513830423355,
            -0.7048345804214478,
            0.1818772554397583
        ],
        [
            0.22489231824874878,
            -0.7068741321563721,
            0.1826637238264084
        ],
        [
            0.2264782339334488,
            -0.7069868445396423,
            0.18492069840431213
        ],
        [
            0.23159059882164001,
            -0.7056712508201599,
            0.18470369279384613
        ],
        [
            0.2211829274892807,
            -0.7080992460250854,
            0.18385133147239685
        ],
        [
            0.21947258710861206,
            -0.7084640860557556,
            0.18441244959831238
        ],
        [
            0.22081208229064941,
            -0.7089024782180786,
            0.18551066517829895
        ],
        [
            0.22183331847190857,
            -0.7085617184638977,
            0.18437188863754272
        ],
        [
            0.2234300971031189,
            -0.7076619863510132,
            0.18334080278873444
        ],
        [
            0.22356513142585754,
            -0.7056841850280762,
            0.18223583698272705
        ],
        [
            0.22177410125732422,
            -0.7070409059524536,
            0.1833193004131317
        ],
        [
            0.22717028856277466,
            -0.702980637550354,
            0.1815025806427002
        ],
        [
            0.239325612783432,
            -0.6956713199615479,
            0.1778600662946701
        ],
        [
            0.23598410189151764,
            -0.6968964338302612,
            0.17952698469161987
        ],
        [
            0.23848557472229004,
            -0.700995922088623,
            0.17926433682441711
        ],
        [
            0.24142751097679138,
            -0.7002980709075928,
            0.17796653509140015
        ],
        [
            0.22380802035331726,
            -0.7097822427749634,
            0.18624117970466614
        ],
        [
            0.22242935001850128,
            -0.7112756967544556,
            0.1881258636713028
        ],
        [
            0.22811487317085266,
            -0.7113468647003174,
            0.18874473869800568
        ],
        [
            0.2274901270866394,
            -0.7091351747512817,
            0.18660898506641388
        ],
        [
            0.2211131751537323,
            -0.7135438323020935,
            0.19046825170516968
        ],
        [
            0.21939198672771454,
            -0.7106002569198608,
            0.18709559738636017
        ],
        [
            0.21714910864830017,
            -0.7122668027877808,
            0.1891055554151535
        ],
        [
            0.21914948523044586,
            -0.7069383859634399,
            0.18342557549476624
        ],
        [
            0.21565799415111542,
            -0.7066487073898315,
            0.1838064193725586
        ],
        [
            0.21686092019081116,
            -0.7084225416183472,
            0.18578658998012543
        ],
        [
            0.21601876616477966,
            -0.7034636735916138,
            0.1814880669116974
        ],
        [
            0.22067663073539734,
            -0.7044709920883179,
            0.1817387491464615
        ],
        [
            0.22382612526416779,
            -0.7009760141372681,
            0.18054987490177155
        ],
        [
            0.22815129160881042,
            -0.6971440315246582,
            0.17933276295661926
        ],
        [
            0.22273392975330353,
            -0.6950361728668213,
            0.17716524004936218
        ],
        [
            0.21861052513122559,
            -0.6993029117584229,
            0.17931608855724335
        ],
        [
            0.22798016667366028,
            -0.7157116532325745,
            0.1908808946609497
        ],
        [
            0.21255427598953247,
            -0.7094502449035645,
            0.1871943324804306
        ],
        [
            0.21292607486248016,
            -0.7154449820518494,
            0.19144445657730103
        ],
        [
            0.21001183986663818,
            -0.7060054540634155,
            0.18473686277866364
        ],
        [
            0.20947284996509552,
            -0.7020916938781738,
            0.1815178096294403
        ],
        [
            0.21157895028591156,
            -0.6972905397415161,
            0.17814482748508453
        ],
        [
            0.2153981626033783,
            -0.6923002600669861,
            0.17500507831573486
        ],
        [
            0.2036435306072235,
            -0.6740917563438416,
            0.1581195890903473
        ],
        [
            0.19839519262313843,
            -0.6809925436973572,
            0.16334469616413116
        ],
        [
            0.25510749220848083,
            -0.7749053239822388,
            0.22057922184467316
        ],
        [
            0.2470378577709198,
            -0.7768641114234924,
            0.224387526512146
        ],
        [
            0.2406308352947235,
            -0.772519052028656,
            0.2189340740442276
        ],
        [
            0.24029786884784698,
            -0.7746143341064453,
            0.22067713737487793
        ],
        [
            0.24647511541843414,
            -0.7738158702850342,
            0.21983139216899872
        ],
        [
            0.24516913294792175,
            -0.7712409496307373,
            0.21827468276023865
        ],
        [
            0.2196904867887497,
            -0.7769161462783813,
            0.2147006094455719
        ],
        [
            0.22623971104621887,
            -0.7751389741897583,
            0.21529558300971985
        ],
        [
            0.2236894965171814,
            -0.7727706432342529,
            0.212953120470047
        ],
        [
            0.21534909307956696,
            -0.7718358039855957,
            0.2128274142742157
        ],
        [
            0.229259192943573,
            -0.761881411075592,
            0.20982825756072998
        ],
        [
            0.22513654828071594,
            -0.7652093172073364,
            0.21093958616256714
        ],
        [
            0.23212337493896484,
            -0.7687596082687378,
            0.21271321177482605
        ],
        [
            0.23510152101516724,
            -0.7663424015045166,
            0.2120245397090912
        ],
        [
            0.2385839819908142,
            -0.7644809484481812,
            0.2106781005859375
        ],
        [
            0.24227866530418396,
            -0.7631568908691406,
            0.20871604979038239
        ],
        [
            0.2393501251935959,
            -0.7592637538909912,
            0.20667484402656555
        ],
        [
            0.23437188565731049,
            -0.7601197957992554,
            0.2084273397922516
        ],
        [
            0.2523043155670166,
            -0.7732177972793579,
            0.21664272248744965
        ],
        [
            0.2571118474006653,
            -0.7715482711791992,
            0.21143141388893127
        ],
        [
            0.254330039024353,
            -0.7697049379348755,
            0.21081124246120453
        ],
        [
            0.25043490529060364,
            -0.7704755663871765,
            0.21558606624603271
        ],
        [
            0.25615447759628296,
            -0.7657954692840576,
            0.19815297424793243
        ],
        [
            0.25697481632232666,
            -0.7672942876815796,
            0.2006220519542694
        ],
        [
            0.2608710825443268,
            -0.7673319578170776,
            0.19963231682777405
        ],
        [
            0.25895026326179504,
            -0.7640410661697388,
            0.1968175172805786
        ],
        [
            0.2558744251728058,
            -0.7619359493255615,
            0.19727356731891632
        ],
        [
            0.25464361906051636,
            -0.764428973197937,
            0.19863927364349365
        ],
        [
            0.273642897605896,
            -0.8252866268157959,
            0.23422712087631226
        ],
        [
            0.2742004990577698,
            -0.8064202070236206,
            0.2311915159225464
        ],
        [
            0.2532765567302704,
            -0.8278859853744507,
            0.23437123000621796
        ],
        [
            0.2355452924966812,
            -0.8265599608421326,
            0.2294481247663498
        ],
        [
            0.21893815696239471,
            -0.821175217628479,
            0.22380001842975616
        ],
        [
            0.19429022073745728,
            -0.7240608930587769,
            0.19116748869419098
        ],
        [
            0.18649910390377045,
            -0.7199512720108032,
            0.1847773790359497
        ],
        [
            0.17792834341526031,
            -0.7336393594741821,
            0.18428769707679749
        ],
        [
            0.17233602702617645,
            -0.7268240451812744,
            0.17662368714809418
        ],
        [
            0.1817886233329773,
            -0.712734580039978,
            0.17751872539520264
        ],
        [
            0.18206003308296204,
            -0.695159912109375,
            0.1612122356891632
        ],
        [
            0.18007953464984894,
            -0.703988790512085,
            0.1697239875793457
        ],
        [
            0.1686011403799057,
            -0.7197160720825195,
            0.167143315076828
        ],
        [
            0.1600637137889862,
            -0.7395237684249878,
            0.16642683744430542
        ],
        [
            0.1657775193452835,
            -0.7428096532821655,
            0.17569434642791748
        ],
        [
            0.15770718455314636,
            -0.7601497173309326,
            0.16540920734405518
        ],
        [
            0.1541634202003479,
            -0.7375582456588745,
            0.15422607958316803
        ],
        [
            0.1547630876302719,
            -0.763309121131897,
            0.15764833986759186
        ],
        [
            0.15569426119327545,
            -0.7037988901138306,
            0.13581830263137817
        ],
        [
            0.14911282062530518,
            -0.6976993083953857,
            0.13191545009613037
        ],
        [
            0.13606096804141998,
            -0.7114372253417969,
            0.13402879238128662
        ],
        [
            0.14258256554603577,
            -0.7179695963859558,
            0.1380804032087326
        ],
        [
            0.1727100908756256,
            -0.7459807395935059,
            0.18388620018959045
        ],
        [
            0.20213261246681213,
            -0.7962929010391235,
            0.2116042971611023
        ],
        [
            0.2109813094139099,
            -0.7901062965393066,
            0.2162213921546936
        ],
        [
            0.19341689348220825,
            -0.7878481149673462,
            0.20613977313041687
        ],
        [
            0.2170298993587494,
            -0.8558343648910522,
            0.22063586115837097
        ],
        [
            0.227443128824234,
            -0.8422386646270752,
            0.22807195782661438
        ],
        [
            0.21233688294887543,
            -0.8342292308807373,
            0.22211149334907532
        ],
        [
            0.2040356695652008,
            -0.8482174873352051,
            0.2168302834033966
        ],
        [
            0.25709158182144165,
            -0.8758645057678223,
            0.21949659287929535
        ],
        [
            0.26595941185951233,
            -0.8516005277633667,
            0.23078645765781403
        ],
        [
            0.24806532263755798,
            -0.848385214805603,
            0.2301224321126938
        ],
        [
            0.2392207533121109,
            -0.8673242926597595,
            0.22212018072605133
        ],
        [
            0.1963581144809723,
            -0.8562474250793457,
            0.2096109688282013
        ],
        [
            0.1871885359287262,
            -0.8670685291290283,
            0.19833144545555115
        ],
        [
            0.19389373064041138,
            -0.8829284906387329,
            0.19653460383415222
        ],
        [
            0.20676690340042114,
            -0.8716170787811279,
            0.21057453751564026
        ],
        [
            0.20811383426189423,
            -0.9013684988021851,
            0.19085156917572021
        ],
        [
            0.22410841286182404,
            -0.8877419233322144,
            0.2076013684272766
        ],
        [
            0.14596807956695557,
            -0.7567380666732788,
            0.14583811163902283
        ],
        [
            0.15126396715641022,
            -0.7743543386459351,
            0.1504003405570984
        ],
        [
            0.15076565742492676,
            -0.7254830598831177,
            0.14425413310527802
        ],
        [
            0.14052017033100128,
            -0.7421556711196899,
            0.1407887041568756
        ],
        [
            0.22530487179756165,
            -0.9144927263259888,
            0.18041890859603882
        ],
        [
            0.24412231147289276,
            -0.8992651700973511,
            0.20105716586112976
        ],
        [
            0.1592140793800354,
            -0.8735431432723999,
            0.15145152807235718
        ],
        [
            0.1696617305278778,
            -0.884112536907196,
            0.16466137766838074
        ],
        [
            0.16734391450881958,
            -0.8659485578536987,
            0.17460131645202637
        ],
        [
            0.15775348246097565,
            -0.8582416772842407,
            0.16125145554542542
        ],
        [
            0.16395853459835052,
            -0.887636661529541,
            0.13765843212604523
        ],
        [
            0.176157146692276,
            -0.9004901647567749,
            0.15327799320220947
        ],
        [
            0.14166951179504395,
            -0.826002836227417,
            0.1236213892698288
        ],
        [
