{
    "pred_cam": [
        2.157547950744629,
        -0.1036006286740303,
        0.4362032115459442
    ],
    "pred_smpl_params": {
        "global_orient": [
            [
                [
                    -0.7751839756965637,
                    0.07879315316677094,
                    0.6268024444580078
                ],
                [
                    -0.12101956456899643,
                    -0.992337167263031,
                    -0.024925023317337036
                ],
                [
                    0.6200354099273682,
                    -0.09517685323953629,
                    0.7787793874740601
                ]
            ]
        ],
        "body_pose": [
            [
                [
                    0.9943348169326782,
                    -0.07713337242603302,
                    0.07313530147075653
                ],
                [
                    0.044161293655633926,
                    0.925636351108551,
                    0.3758285343647003
                ],
                [
                    -0.09668561071157455,
                    -0.3704696297645569,
                    0.9237987399101257
                ]
            ],
            [
                [
                    0.9993841052055359,
                    0.022465769201517105,
                    0.02695874683558941
                ],
                [
                    -0.03230772167444229,
                    0.888936460018158,
                    0.4568897783756256
                ],
                [
                    -0.013700227253139019,
                    -0.457479327917099,
                    0.8891147971153259
                ]
            ],
            [
                [
                    0.9947540163993835,
                    -0.0448719821870327,
                    -0.09192914515733719
                ],
                [
                    -0.001477750833146274,
                    0.8922615051269531,
                    -0.45151668787002563
                ],
                [
                    0.10228528082370758,
                    0.4492838978767395,
                    0.8875144124031067
                ]
            ],
            [
                [
                    0.9932811856269836,
                    0.11111713945865631,
                    0.0323340930044651
                ],
                [
                    -0.08673878014087677,
                    0.8997923135757446,
                    -0.427609920501709
                ],
                [
                    -0.07660876959562302,
                    0.42193225026130676,
                    0.9033849239349365
                ]
            ],
            [
                [
                    0.9975854158401489,
                    -0.04968199133872986,
                    0.04852920398116112
                ],
                [
                    0.0658009797334671,
                    0.8996641039848328,
                    -0.4315955638885498
                ],
                [
                    -0.022217456251382828,
                    0.43374669551849365,
                    0.9007608890533447
                ]
            ],
            [
                [
                    0.9980524182319641,
                    0.03244464844465256,
                    -0.05327988788485527
                ],
                [
                    -0.031362202018499374,
                    0.9992868304252625,
                    0.0210284274071455
                ],
                [
                    0.05392415076494217,
                    -0.019316496327519417,
                    0.9983581900596619
                ]
            ],
            [
                [
                    0.982203483581543,
                    0.0156484954059124,
                    0.18716692924499512
                ],
                [
                    -0.021062523126602173,
                    0.9994142651557922,
                    0.026972521096467972
                ],
                [
                    -0.18663521111011505,
                    -0.030434712767601013,
                    0.9819577932357788
                ]
            ],
            [
                [
                    0.9849884510040283,
                    -0.03690297156572342,
                    -0.16862966120243073
                ],
                [
                    0.04041728749871254,
                    0.9990304112434387,
                    0.017454635351896286
                ],
                [
                    0.16782203316688538,
                    -0.024008166044950485,
                    0.9855249524116516
                ]
            ],
            [
                [
                    0.9961354732513428,
                    0.051735952496528625,
                    -0.07097522914409637
                ],
                [
                    -0.05733182653784752,
                    0.995207667350769,
                    -0.07921434193849564
                ],
                [
                    0.06653685867786407,
                    0.08297735452651978,
                    0.9943277835845947
                ]
            ],
            [
                [
                    0.9981124401092529,
                    -0.04804946109652519,
                    0.03824682533740997
                ],
                [
                    0.04569827392697334,
                    0.9971433281898499,
                    0.06014033034443855
                ],
                [
                    -0.04102727770805359,
                    -0.058278996497392654,
                    0.9974569082260132
                ]
            ],
            [
                [
                    0.9915749430656433,
                    0.1220363974571228,
                    -0.04343191906809807
                ],
                [
                    -0.11893971264362335,
                    0.9905772805213928,
                    0.06789635866880417
                ],
                [
                    0.05130850151181221,
                    -0.06215854361653328,
                    0.9967465996742249
                ]
            ],
            [
                [
                    0.9971973299980164,
                    0.07335139811038971,
                    0.014732698909938335
                ],
                [
                    -0.07093718647956848,
                    0.9895655512809753,
                    -0.12541094422340393
                ],
                [
                    -0.02377803809940815,
                    0.12401435524225235,
                    0.9919954538345337
                ]
            ],
            [
                [
                    0.8999661803245544,
                    -0.013222824782133102,
                    -0.4357590675354004
                ],
                [
                    0.034250929951667786,
                    0.9985948801040649,
                    0.04043618589639664
                ],
                [
                    0.43461212515830994,
                    -0.051316358149051666,
                    0.8991544842720032
                ]
            ],
            [
                [
                    0.9576296806335449,
                    -0.028896084055304527,
                    0.2865491807460785
                ],
                [
                    0.01614445261657238,
                    0.9987754821777344,
                    0.04676437750458717
                ],
                [
                    -0.28754961490631104,
                    -0.0401567742228508,
                    0.9569235444068909
                ]
            ],
            [
                [
                    0.9982913136482239,
                    -0.03163861483335495,
                    0.04912716895341873
                ],
                [
                    0.03090847097337246,
                    0.9994012117385864,
                    0.015551934018731117
                ],
                [
                    -0.049589794129133224,
                    -0.01400691457092762,
                    0.9986714720726013
                ]
            ],
            [
                [
                    0.48303478956222534,
                    0.7689862251281738,
                    -0.41873329877853394
                ],
                [
                    -0.7350027561187744,
                    0.6160029768943787,
                    0.28339245915412903
                ],
                [
                    0.47586584091186523,
                    0.1708817183971405,
                    0.8627578616142273
                ]
            ],
            [
                [
                    0.4227508306503296,
                    -0.840719997882843,
                    0.33833664655685425
                ],
                [
                    0.8504818081855774,
                    0.4969913065433502,
                    0.17227986454963684
                ],
                [
                    -0.3129894733428955,
                    0.21491770446300507,
                    0.9251205921173096
                ]
            ],
            [
                [
                    0.8600435256958008,
                    -0.08733632415533066,
                    -0.5026901960372925
                ],
                [
                    0.05431539937853813,
                    0.9953142404556274,
                    -0.0799965187907219
                ],
                [
                    0.507321298122406,
                    0.04149666801095009,
                    0.8607572913169861
                ]
            ],
            [
                [
                    0.7766901254653931,
                    0.1800050139427185,
                    0.6036146283149719
                ],
                [
                    -0.10113875567913055,
                    0.9815020561218262,
                    -0.16255702078342438
                ],
                [
                    -0.6217100024223328,
                    0.06520760804414749,
                    0.7805284261703491
                ]
            ],
            [
                [
                    0.9908984303474426,
                    -0.1293589323759079,
                    0.037238363176584244
                ],
                [
                    0.12828166782855988,
                    0.9912837743759155,
                    0.030004942789673805
                ],
                [
                    -0.04079519212245941,
                    -0.02495484985411167,
                    0.9988558888435364
                ]
            ],
            [
                [
                    0.9915162920951843,
                    0.1222560852766037,
                    -0.044146157801151276
                ],
                [
                    -0.11663928627967834,
                    0.9867351055145264,
                    0.11291177570819855
                ],
                [
                    0.05736471712589264,
                    -0.10680469125509262,
                    0.9926238059997559
                ]
            ],
            [
                [
                    0.983406126499176,
                    0.1583825647830963,
                    -0.08847260475158691
                ],
                [
                    -0.1408868432044983,
                    0.9739696383476257,
                    0.17757850885391235
                ],
                [
                    0.11429496109485626,
                    -0.16216716170310974,
                    0.9801217317581177
                ]
            ],
            [
                [
                    0.9813028573989868,
                    -0.17053799331188202,
                    0.08922719210386276
                ],
                [
                    0.15088874101638794,
                    0.9694420099258423,
                    0.1934291571378708
                ],
                [
                    -0.11948759853839874,
                    -0.1763492077589035,
                    0.9770484566688538
                ]
            ]
        ],
        "betas": [
            0.13722485303878784,
            0.22569626569747925,
            -0.12359432876110077,
            -0.13859766721725464,
            0.034989506006240845,
            0.12065006047487259,
            0.07151886820793152,
            -0.0543631911277771,
            0.057745203375816345,
            -0.03744012117385864
        ]
    },
    "pred_cam_t": [
        -0.1036006286740303,
        0.4362032115459442,
        18.105043411254883
    ],
    "focal_length": [
        5000.0,
        5000.0
    ],
    "pred_keypoints_3d": [
        [
            0.26407045125961304,
            -0.7043445110321045,
            0.24783764779567719
        ],
        [
            0.1292559951543808,
            -0.6946069002151489,
            0.10845881700515747
        ],
        [
            0.23483797907829285,
            -0.6302765011787415,
            -0.03161293640732765
        ],
        [
            0.26317912340164185,
            -0.38643479347229004,
            -0.11190854012966156
        ],
        [
            0.365678071975708,
            -0.16837896406650543,
            -0.016550183296203613
        ],
        [
            0.022334102541208267,
            -0.6232121586799622,
            0.23551252484321594
        ],
        [
            0.0007805489003658295,
            -0.3706858456134796,
            0.31268978118896484
        ],
        [
            0.136161208152771,
            -0.1708424836397171,
            0.3881131410598755
        ],
        [
            -0.0018698419444262981,
            -0.22262297570705414,
            0.026915691792964935
        ],
        [
            0.03974790498614311,
            -0.12441768497228622,
            -0.00998048484325409
        ],
        [
            0.15683571994304657,
            0.22219625115394592,
            0.12599316239356995
        ],
        [
            0.08833234757184982,
            0.6224889755249023,
            0.15170197188854218
        ],
        [
            -0.06719152629375458,
            -0.13988453149795532,
            0.07248232513666153
        ],
        [
            -0.060806937515735626,
            0.19871458411216736,
            0.2504626512527466
        ],
        [
            -0.09215083718299866,
            0.6023496389389038,
            0.21182596683502197
        ],
        [
            0.2803283929824829,
            -0.7552170753479004,
            0.21686436235904694
        ],
        [
            0.23337221145629883,
            -0.754482626914978,
            0.26454615592956543
        ],
        [
            0.24602669477462769,
            -0.7874894738197327,
            0.12358555197715759
        ],
        [
            0.14191490411758423,
            -0.7871875762939453,
            0.2298407256603241
        ],
        [
            -0.022704556584358215,
            0.6556922197341919,
            0.39545246958732605
        ],
        [
            -0.10391728579998016,
            0.6595302820205688,
            0.3745896816253662
        ],
        [
            -0.12286052852869034,
            0.6408958435058594,
            0.15959744155406952
        ],
        [
            0.2151368409395218,
            0.6618502140045166,
            0.30666881799697876
        ],
        [
            0.23341572284698486,
            0.6826254725456238,
            0.2228826880455017
        ],
        [
            0.048870742321014404,
            0.6720893383026123,
            0.11178731918334961
        ],
        [
            0.09048362076282501,
            0.5772167444229126,
            0.11135631054639816
        ],
        [
            0.14608803391456604,
            0.16167232394218445,
            0.10803839564323425
        ],
        [
            0.1021488830447197,
            -0.23462173342704773,
            -0.08336849510669708
        ],
        [
            -0.13374070823192596,
            -0.254734069108963,
            0.0902494341135025
        ],
        [
            -0.07051374018192291,
            0.15763722360134125,
            0.24427172541618347
        ],
        [
            -0.10851534456014633,
            0.5680803060531616,
            0.19141201674938202
        ],
        [
            0.36418867111206055,
            -0.196794331073761,
            0.00600986834615469
        ],
        [
            0.29578298330307007,
            -0.4075964093208313,
            -0.10178759694099426
        ],
        [
            0.2139451652765274,
            -0.6513002514839172,
            -0.006313753314316273
        ],
        [
            0.03223754093050957,
            -0.6473205089569092,
            0.2153022140264511
        ],
        [
            0.023834677413105965,
            -0.4026060700416565,
            0.3426716923713684
        ],
        [
            0.14380769431591034,
            -0.18902483582496643,
            0.3924850821495056
        ],
        [
            0.13784196972846985,
            -0.6937644481658936,
            0.11670385301113129
        ],
        [
            0.21905696392059326,
            -0.8260302543640137,
            0.20813019573688507
        ],
        [
            -0.01541895978152752,
            -0.24508056044578552,
            0.0038406625390052795
        ],
        [
            0.12359520047903061,
            -0.6459857225418091,
            0.10285903513431549
        ],
        [
            0.03957785665988922,
            -0.49175193905830383,
            0.023234104737639427
        ],
        [
            0.20285925269126892,
            -0.714948832988739,
            0.19517339766025543
        ],
        [
            0.22203737497329712,
            -0.8476935029029846,
            0.2054661512374878
        ]
    ],
    "pred_vertices": [
        [
            0.2404448688030243,
            -0.7971136569976807,
            0.288594514131546
        ],
        [
            0.24409528076648712,
            -0.7810553312301636,
            0.2837284207344055
        ],
        [
            0.2297164499759674,
            -0.7819958925247192,
            0.28503865003585815
        ],
        [
            0.22331133484840393,
            -0.7956213355064392,
            0.28676098585128784
        ],
        [
            0.2331017255783081,
            -0.7709688544273376,
            0.28275322914123535
        ],
        [
            0.24487406015396118,
            -0.7693775296211243,
            0.28021398186683655
        ],
        [
            0.21636149287223816,
            -0.7809925675392151,
            0.2815486192703247
        ],
        [
            0.20823979377746582,
            -0.7916909456253052,
            0.2808317244052887
        ],
        [
            0.19436562061309814,
            -0.7540794014930725,
            0.2653498649597168
        ],
        [
            0.18423941731452942,
            -0.7544096112251282,
            0.26102808117866516
        ],
        [
            0.18921628594398499,
            -0.7646779417991638,
            0.2661687135696411
        ],
        [
            0.19849267601966858,
            -0.7617968320846558,
            0.2684613764286041
        ],
        [
            0.1845255196094513,
            -0.7319239377975464,
            0.2547077536582947
        ],
        [
            0.19103193283081055,
            -0.719872236251831,
            0.25281772017478943
        ],
        [
            0.18045738339424133,
            -0.7161580920219421,
            0.24523043632507324
        ],
        [
            0.1739608347415924,
            -0.7282432317733765,
            0.24572764337062836
        ],
        [
            0.23341810703277588,
            -0.7218712568283081,
            0.24930331110954285
        ],
        [
            0.22679904103279114,
            -0.7163819074630737,
            0.25044524669647217
        ],
        [
            0.2255108654499054,
            -0.7228726744651794,
            0.2547210156917572
        ],
        [
            0.23216742277145386,
            -0.7277621030807495,
            0.2526397705078125
        ],
        [
            0.24673666059970856,
            -0.7282350063323975,
            0.24992026388645172
        ],
        [
            0.24550116062164307,
            -0.7346973419189453,
            0.25027620792388916
        ],
        [
            0.2533641755580902,
            -0.7357960939407349,
            0.25162947177886963
        ],
        [
            0.25437116622924805,
            -0.7282758951187134,
            0.25231993198394775
        ],
        [
            0.2358655333518982,
            -0.7169197797775269,
            0.2439110279083252
        ],
        [
            0.22858601808547974,
            -0.7114680409431458,
            0.24497611820697784
        ],
        [
            0.23945274949073792,
            -0.7263076305389404,
            0.248684823513031
        ],
        [
            0.24095362424850464,
            -0.7215772867202759,
            0.24746862053871155
        ],
        [
            0.24763670563697815,
            -0.7114070057868958,
            0.2503529191017151
        ],
        [
            0.24706372618675232,
            -0.7163677215576172,
            0.2519382834434509
        ],
        [
            0.2541179955005646,
            -0.7144675850868225,
            0.25442153215408325
        ],
        [
            0.2529009282588959,
            -0.7096589803695679,
            0.25132620334625244
        ],
        [
            0.23970799148082733,
            -0.7150893211364746,
            0.24600227177143097
        ],
        [
            0.24192273616790771,
            -0.7165405750274658,
            0.24907530844211578
        ],
        [
            0.24398142099380493,
            -0.7120721340179443,
            0.24774640798568726
        ],
        [
            0.24232536554336548,
            -0.711376965045929,
            0.24414004385471344
        ],
        [
            0.24775302410125732,
            -0.7232707738876343,
            0.24996264278888702
        ],
        [
            0.2547617256641388,
            -0.721811056137085,
            0.2532394528388977
        ],
        [
            0.26241570711135864,
            -0.7199225425720215,
            0.25567829608917236
        ],
        [
            0.2613374888896942,
            -0.7110165357589722,
            0.25574353337287903
        ],
        [
            0.2105349600315094,
            -0.7072588801383972,
            0.2492789328098297
        ],
        [
            0.21901115775108337,
            -0.7117009162902832,
            0.2507999539375305
        ],
        [
            0.2213788777589798,
            -0.7067844867706299,
            0.24595722556114197
        ],
        [
            0.21433748304843903,
            -0.7031252384185791,
            0.24557530879974365
        ],
        [
            0.2383539229631424,
            -0.7100687026977539,
            0.24173742532730103
        ],
        [
            0.23064544796943665,
            -0.695947527885437,
            0.23889125883579254
        ],
        [
            0.2317802608013153,
            -0.6992247700691223,
            0.24057526886463165
        ],
        [
            0.23889349400997162,
            -0.6982191205024719,
            0.23931840062141418
        ],
        [
            0.23726794123649597,
            -0.6951923966407776,
            0.23806709051132202
        ],
        [
            0.19684484601020813,
            -0.6983371376991272,
            0.24219055473804474
        ],
        [
            0.2034098505973816,
            -0.6950055360794067,
            0.24104782938957214
        ],
        [
            0.19929340481758118,
            -0.6900671720504761,
            0.23723596334457397
        ],
        [
            0.19207815825939178,
            -0.692682147026062,
            0.23674803972244263
        ],
        [
            0.1986410766839981,
            -0.6849915981292725,
            0.23310604691505432
        ],
        [
            0.1888219714164734,
            -0.6867414116859436,
            0.23111924529075623
        ],
        [
            0.19090472161769867,
            -0.6734865307807922,
            0.21974363923072815
        ],
        [
            0.18940362334251404,
            -0.6795715689659119,
            0.2250881940126419
        ],
        [
            0.1999761462211609,
            -0.6796270608901978,
            0.22864051163196564
        ],
        [
            0.20415186882019043,
            -0.6735666990280151,
            0.2249774932861328
        ],
        [
            0.21950796246528625,
            -0.674390971660614,
            0.22361010313034058
        ],
        [
            0.2250058799982071,
            -0.6719338893890381,
            0.2209680676460266
        ],
        [
            0.2163722664117813,
            -0.6619229316711426,
            0.21826495230197906
        ],
        [
            0.21048758924007416,
            -0.6665329933166504,
            0.2216654121875763
        ],
        [
            0.22638684511184692,
            -0.6922363042831421,
            0.2336806058883667
        ],
        [
            0.22183626890182495,
            -0.693618655204773,
            0.23455415666103363
        ],
        [
            0.22345338761806488,
            -0.6938785314559937,
            0.2367945909500122
        ],
        [
            0.22878660261631012,
            -0.6933555603027344,
            0.23648476600646973
        ],
        [
            0.21797381341457367,
            -0.6942170262336731,
            0.23582828044891357
        ],
        [
            0.21623492240905762,
            -0.6942795515060425,
            0.2364215850830078
        ],
        [
            0.21751949191093445,
            -0.6948730945587158,
            0.23751547932624817
        ],
        [
            0.2186346799135208,
            -0.694828987121582,
            0.23632481694221497
        ],
        [
            0.22032573819160461,
            -0.6942272186279297,
            0.2352387011051178
        ],
        [
            0.22071629762649536,
            -0.6923633813858032,
            0.2340642213821411
        ],
        [
            0.21869197487831116,
            -0.6933020353317261,
            0.23523974418640137
        ],
        [
            0.22472341358661652,
            -0.690285861492157,
            0.2331894040107727
        ],
        [
            0.23795264959335327,
            -0.684779167175293,
            0.22941482067108154
        ],
        [
            0.23443858325481415,
            -0.6854951977729797,
            0.23106753826141357
        ],
        [
            0.23634019494056702,
            -0.6898784637451172,
            0.23091323673725128
        ],
        [
            0.2393873631954193,
            -0.6896244287490845,
            0.22965194284915924
        ],
        [
            0.22044292092323303,
            -0.6962766647338867,
            0.23822158575057983
        ],
        [
            0.2188146412372589,
            -0.6973599195480347,
            0.24016737937927246
        ],
        [
            0.22451986372470856,
            -0.698266863822937,
            0.2407114952802658
        ],
        [
            0.2241615653038025,
            -0.6960841417312622,
            0.2385198175907135
        ],
        [
            0.21726468205451965,
            -0.699324905872345,
            0.2426074892282486
        ],
        [
            0.21589720249176025,
            -0.6962687969207764,
            0.23915371298789978
        ],
        [
            0.21340744197368622,
            -0.6974786520004272,
            0.24128255248069763
        ],
        [
            0.21609294414520264,
            -0.6927858591079712,
            0.23539291322231293
        ],
        [
            0.21266405284404755,
            -0.69191575050354,
            0.23582415282726288
        ],
        [
            0.21365484595298767,
            -0.6937524080276489,
            0.23784449696540833
        ],
        [
            0.2134127914905548,
            -0.6890032291412354,
            0.23334062099456787
        ],
        [
            0.21793696284294128,
            -0.6906961798667908,
            0.23358511924743652
        ],
        [
            0.22159159183502197,
            -0.6878140568733215,
            0.23222865164279938
        ],
        [
            0.2265041172504425,
            -0.6847094297409058,
            0.2308906614780426
        ],
        [
            0.22133958339691162,
            -0.6818745136260986,
            0.22877545654773712
        ],
        [
            0.21657174825668335,
            -0.6854124069213867,
            0.2310185730457306
        ],
        [
            0.22377747297286987,
            -0.7024290561676025,
            0.24304158985614777
        ],
        [
            0.2092161625623703,
            -0.6940948963165283,
            0.23931002616882324
        ],
        [
            0.20874746143817902,
            -0.6999293565750122,
            0.24373744428157806
        ],
        [
            0.2071218192577362,
            -0.6904116868972778,
            0.23677454888820648
        ],
        [
            0.2070465236902237,
            -0.686618983745575,
            0.2334238886833191
        ],
        [
            0.209611713886261,
            -0.682269811630249,
            0.22998297214508057
        ],
        [
            0.21432191133499146,
            -0.6781686544418335,
            0.2266257107257843
        ],
        [
            0.20468416810035706,
            -0.6591098308563232,
            0.2091563642024994
        ],
        [
            0.19825685024261475,
            -0.6650301814079285,
            0.21451443433761597
        ],
        [
            0.2422957569360733,
            -0.7637317180633545,
            0.27424314618110657
        ],
        [
            0.23404061794281006,
            -0.7643488645553589,
            0.27819016575813293
        ],
        [
            0.22829623520374298,
            -0.7593261003494263,
            0.27272704243659973
        ],
        [
            0.2276553213596344,
            -0.7612471580505371,
            0.2745097875595093
        ],
        [
            0.23390349745750427,
            -0.7614022493362427,
            0.2735844552516937
        ],
        [
            0.2329983413219452,
            -0.7587708234786987,
            0.2719517946243286
        ],
        [
            0.2068714052438736,
            -0.7607392072677612,
            0.2688829302787781
        ],
        [
            0.21364441514015198,
            -0.7599025964736938,
            0.2693973481655121
        ],
        [
            0.21140286326408386,
            -0.7571725249290466,
            0.26709747314453125
        ],
        [
            0.20328184962272644,
            -0.7550740242004395,
            0.2669675946235657
        ],
        [
            0.21857282519340515,
            -0.7473917603492737,
            0.26361027359962463
        ],
        [
            0.21394386887550354,
            -0.7499849200248718,
            0.2648743987083435
        ],
        [
            0.22046244144439697,
            -0.75455641746521,
            0.2666541039943695
        ],
        [
            0.22380617260932922,
            -0.7526472806930542,
            0.26587194204330444
        ],
        [
            0.2275242805480957,
            -0.751375675201416,
            0.2644422650337219
        ],
        [
            0.23132823407649994,
            -0.7505847811698914,
            0.2624516785144806
        ],
        [
            0.22900870442390442,
            -0.7464488744735718,
            0.2602924704551697
        ],
        [
            0.2239847481250763,
            -0.7465065717697144,
            0.2621290385723114
        ],
        [
            0.23980137705802917,
            -0.7617425918579102,
            0.27037540078163147
        ],
        [
            0.24467690289020538,
            -0.7608989477157593,
            0.2650602459907532
        ],
        [
            0.2422609031200409,
            -0.7587853074073792,
            0.26442769169807434
        ],
        [
            0.23838455975055695,
            -0.7588309049606323,
            0.26925647258758545
        ],
        [
            0.24452228844165802,
            -0.7555791139602661,
            0.25169187784194946
        ],
        [
            0.24513301253318787,
            -0.7570794224739075,
            0.25416526198387146
        ],
        [
            0.2489471435546875,
            -0.7577508687973022,
            0.25311192870140076
        ],
        [
            0.24752932786941528,
            -0.7543351650238037,
            0.2502591609954834
        ],
        [
            0.2448788285255432,
            -0.7517958879470825,
            0.2507234513759613
        ],
        [
            0.24331508576869965,
            -0.754003643989563,
            0.2521689236164093
        ],
        [
            0.25312095880508423,
            -0.8162533044815063,
            0.2894424498081207
        ],
        [
            0.2564834654331207,
            -0.7976494431495667,
            0.28576064109802246
        ],
        [
            0.23255440592765808,
            -0.8157208561897278,
            0.28980377316474915
        ],
        [
            0.21509073674678802,
            -0.8119109869003296,
            0.2849154472351074
        ],
        [
            0.1993725597858429,
            -0.8041061162948608,
            0.27942904829978943
        ],
        [
            0.1886884868144989,
            -0.7056877017021179,
            0.24387295544147491
        ],
        [
            0.18130476772785187,
            -0.7007054090499878,
            0.23740574717521667
        ],
        [
            0.17083150148391724,
            -0.7130153179168701,
            0.23733752965927124
        ],
        [
            0.1660008281469345,
            -0.705997884273529,
            0.22925835847854614
        ],
        [
            0.17738641798496246,
            -0.6932571530342102,
            0.22982525825500488
        ],
        [
            0.1794470250606537,
            -0.6770080924034119,
            0.2124997079372406
        ],
        [
            0.1766050159931183,
            -0.6848562955856323,
            0.22144544124603271
        ],
        [
            0.1630481481552124,
            -0.6992673873901367,
            0.21906661987304688
        ],
        [
            0.1521168351173401,
            -0.7177256345748901,
            0.21885547041893005
        ],
        [
            0.15731459856033325,
            -0.7208740711212158,
            0.22879658639431
        ],
        [
            0.14701655507087708,
            -0.7377414107322693,
            0.21877971291542053
        ],
        [
            0.1457679569721222,
            -0.7160301804542542,
            0.20626655220985413
        ],
        [
            0.14332392811775208,
            -0.7409198880195618,
            0.21103277802467346
        ],
        [
            0.14852643013000488,
            -0.684066116809845,
            0.1858733594417572
        ],
        [
            0.14162427186965942,
            -0.678007185459137,
            0.18107855319976807
        ],
        [
            0.12782332301139832,
            -0.6908082962036133,
            0.18295028805732727
        ],
        [
            0.13422387838363647,
            -0.6969819068908691,
            0.18826018273830414
        ],
        [
            0.163947194814682,
            -0.724490761756897,
            0.23720237612724304
        ],
        [
            0.18631289899349213,
            -0.7773755788803101,
            0.26655808091163635
        ],
        [
            0.19619759917259216,
            -0.772221028804779,
            0.27088189125061035
        ],
        [
            0.1786399483680725,
            -0.7678086757659912,
            0.2609044909477234
        ],
        [
            0.19222156703472137,
            -0.8385275602340698,
            0.27749916911125183
        ],
        [
            0.20458102226257324,
            -0.8261493444442749,
            0.2842318117618561
        ],
        [
            0.19077782332897186,
            -0.8161028623580933,
            0.278276652097702
        ],
        [
            0.18038338422775269,
            -0.8289971351623535,
            0.2735030949115753
        ],
        [
            0.228689044713974,
            -0.8643542528152466,
            0.27658650279045105
        ],
        [
            0.24149978160858154,
            -0.8413349390029907,
            0.2870246469974518
        ],
        [
            0.22426049411296844,
            -0.8354506492614746,
            0.2863641083240509
        ],
        [
            0.21239997446537018,
            -0.8531386852264404,
            0.2792017459869385
        ],
        [
            0.17133168876171112,
            -0.8361411094665527,
            0.2667183578014374
        ],
        [
            0.16049936413764954,
            -0.8459056615829468,
            0.25581929087638855
        ],
        [
            0.16484171152114868,
            -0.8626368045806885,
            0.2543177604675293
        ],
        [
            0.17951512336730957,
            -0.8529460430145264,
            0.2679097652435303
        ],
        [
            0.17621086537837982,
            -0.8829749822616577,
            0.24914434552192688
        ],
        [
            0.1940651684999466,
            -0.8715190887451172,
            0.2652556896209717
        ],
        [
            0.13459113240242004,
            -0.7341815233230591,
            0.19858306646347046
        ],
        [
            0.13792429864406586,
            -0.7516412138938904,
            0.2043560892343521
        ],
        [
            0.14242145419120789,
            -0.7044920921325684,
            0.1956096589565277
        ],
        [
            0.13045695424079895,
            -0.7202173471450806,
            0.19233158230781555
        ],
        [
            0.19104065001010895,
            -0.898534893989563,
            0.23888246715068817
        ],
        [
            0.2120809704065323,
            -0.885982871055603,
            0.2587455213069916
        ],
        [
            0.13159342110157013,
            -0.8501144647598267,
            0.20922748744487762
        ],
        [
            0.1402769833803177,
            -0.8614481687545776,
            0.2227754294872284
        ],
        [
            0.14087460935115814,
            -0.8429180979728699,
            0.2321576476097107
        ],
        [
            0.1324928104877472,
            -0.8344627618789673,
            0.21856844425201416
        ],
        [
            0.13415254652500153,
            -0.8651498556137085,
            0.195843905210495
        ],
        [
            0.14445289969444275,
            -0.878797173500061,
            0.2117237150669098
        ],
        [
            0.12120134383440018,
            -0.8023486733436584,
            0.17954474687576294
        ],
