{
    "pred_cam": [
        2.217956066131592,
        -0.0883764699101448,
        0.4227619767189026
    ],
    "pred_smpl_params": {
        "global_orient": [
            [
                [
                    -0.8721510171890259,
                    0.0915682390332222,
                    0.4805910885334015
                ],
                [
                    -0.14412826299667358,
                    -0.9868230223655701,
                    -0.07353440672159195
                ],
                [
                    0.4675249457359314,
                    -0.1333998739719391,
                    0.873856246471405
                ]
            ]
        ],
        "body_pose": [
            [
                [
                    0.9952437281608582,
                    -0.08230993151664734,
                    0.05210476368665695
                ],
                [
                    0.05298464745283127,
                    0.906211256980896,
                    0.4194924533367157
                ],
                [
                    -0.08174631744623184,
                    -0.4147365093231201,
                    0.906262218952179
                ]
            ],
            [
                [
                    0.9963301420211792,
                    0.059861812740564346,
                    0.06117895618081093
                ],
                [
                    -0.08358263224363327,
                    0.8344643712043762,
                    0.5446863770484924
                ],
                [
                    -0.01844574138522148,
                    -0.5478008985519409,
                    0.8364053964614868
                ]
            ],
            [
                [
                    0.9933947920799255,
                    -0.06523386389017105,
                    -0.09439997375011444
                ],
                [
                    0.010044391267001629,
                    0.8689586520195007,
                    -0.4947826862335205
                ],
                [
                    0.1143062636256218,
                    0.49056634306907654,
                    0.8638742566108704
                ]
            ],
            [
                [
                    0.9922879338264465,
                    0.12268302589654922,
                    0.017707524821162224
                ],
                [
                    -0.09521503746509552,
                    0.8458707332611084,
                    -0.5248208045959473
                ],
                [
                    -0.07936489582061768,
                    0.5190873146057129,
                    0.851028561592102
                ]
            ],
            [
                [
                    0.9972476959228516,
                    -0.06447334587574005,
                    0.036607302725315094
                ],
                [
                    0.0739816278219223,
                    0.8329740166664124,
                    -0.5483439564704895
                ],
                [
                    0.004860641900449991,
                    0.5495430827140808,
                    0.8354512453079224
                ]
            ],
            [
                [
                    0.9989283680915833,
                    0.018299417570233345,
                    -0.04251375421881676
                ],
                [
                    -0.018552156165242195,
                    0.9998124837875366,
                    -0.005557977128773928
                ],
                [
                    0.04240407049655914,
                    0.006340741645544767,
                    0.9990805387496948
                ]
            ],
            [
                [
                    0.986129105091095,
                    0.0036831647157669067,
                    0.16593895852565765
                ],
                [
                    -0.014459606260061264,
                    0.9978591203689575,
                    0.0637812465429306
                ],
                [
                    -0.16534879803657532,
                    -0.06529597193002701,
                    0.9840711951255798
                ]
            ],
            [
                [
                    0.9876158237457275,
                    -0.026802757754921913,
                    -0.1545848548412323
                ],
                [
                    0.030814770609140396,
                    0.9992460608482361,
                    0.023615598678588867
                ],
                [
                    0.15383534133434296,
                    -0.028086639940738678,
                    0.9876971244812012
                ]
            ],
            [
                [
                    0.9968999624252319,
                    0.0459790900349617,
                    -0.06384550034999847
                ],
                [
                    -0.05023137107491493,
                    0.996509313583374,
                    -0.0666775181889534
                ],
                [
                    0.060556866228580475,
                    0.06967787444591522,
                    0.9957296848297119
                ]
            ],
            [
                [
                    0.9979108572006226,
                    -0.038688693195581436,
                    0.05174053832888603
                ],
                [
                    0.03572748601436615,
                    0.9977357387542725,
                    0.05698119476437569
                ],
                [
                    -0.053827915340662,
                    -0.05501359701156616,
                    0.9970335960388184
                ]
            ],
            [
                [
                    0.9905270338058472,
                    0.11307530850172043,
                    -0.07790970802307129
                ],
                [
                    -0.10779968649148941,
                    0.9917826056480408,
                    0.06889509409666061
                ],
                [
                    0.08505982160568237,
                    -0.05984383076429367,
                    0.9945769906044006
                ]
            ],
            [
                [
                    0.9946264624595642,
                    0.06086335331201553,
                    -0.08374818414449692
                ],
                [
                    -0.0723513588309288,
                    0.9872479438781738,
                    -0.14179837703704834
                ],
                [
                    0.07404989749193192,
                    0.1470957249403,
                    0.9863464832305908
                ]
            ],
            [
                [
                    0.8964279294013977,
                    0.016949068754911423,
                    -0.4428654611110687
                ],
                [
                    0.017349587753415108,
                    0.9971604347229004,
                    0.073280930519104
                ],
                [
                    0.4428499639034271,
                    -0.07337459176778793,
                    0.8935884237289429
                ]
            ],
            [
                [
                    0.9440661072731018,
                    -0.06289225071668625,
                    0.3237033784389496
                ],
                [
                    0.04153425991535187,
                    0.9965048432350159,
                    0.07247792184352875
                ],
                [
                    -0.3271302580833435,
                    -0.05497916042804718,
                    0.9433786273002625
                ]
            ],
            [
                [
                    0.999077558517456,
                    -0.029382431879639626,
                    -0.03131762892007828
                ],
                [
                    0.030752822756767273,
                    0.998548686504364,
                    0.04421328380703926
                ],
                [
                    0.02997308038175106,
                    -0.04513559862971306,
                    0.9985311627388
                ]
            ],
            [
                [
                    0.451407253742218,
                    0.7666467428207397,
                    -0.45660072565078735
                ],
                [
                    -0.7162426710128784,
                    0.6164904832839966,
                    0.3270105719566345
                ],
                [
                    0.5321915745735168,
                    0.17942196130752563,
                    0.8273934125900269
                ]
            ],
            [
                [
                    0.4226769506931305,
                    -0.8115291595458984,
                    0.40344101190567017
                ],
                [
                    0.8378820419311523,
                    0.5195780396461487,
                    0.16730888187885284
                ],
                [
                    -0.34539511799812317,
                    0.26731839776039124,
                    0.8995794057846069
                ]
            ],
            [
                [
                    0.8524587750434875,
                    -0.11491447687149048,
                    -0.510008692741394
                ],
                [
                    0.11017338186502457,
                    0.9931224584579468,
                    -0.039618752896785736
                ],
                [
                    0.5110538005828857,
                    -0.02241601049900055,
                    0.8592564463615417
                ]
            ],
            [
                [
                    0.6527359485626221,
                    0.2266501635313034,
                    0.722886860370636
                ],
                [
                    -0.07935608178377151,
                    0.9694046378135681,
                    -0.23228690028190613
                ],
                [
                    -0.7534177899360657,
                    0.09425653517246246,
                    0.6507513523101807
                ]
            ],
            [
                [
                    0.9855392575263977,
                    -0.16302303969860077,
                    0.04621414467692375
                ],
                [
                    0.16234377026557922,
                    0.9865679144859314,
                    0.01811453141272068
                ],
                [
                    -0.04854648560285568,
                    -0.010350004769861698,
                    0.9987671971321106
                ]
            ],
            [
                [
                    0.9859216213226318,
                    0.1619229018688202,
                    -0.041707027703523636
                ],
                [
                    -0.15788398683071136,
                    0.983648419380188,
                    0.08665142208337784
                ],
                [
                    0.055055901408195496,
                    -0.07884664088487625,
                    0.9953652620315552
                ]
            ],
            [
                [
                    0.9803928732872009,
                    0.17943498492240906,
                    -0.08144225180149078
                ],
                [
                    -0.16254623234272003,
                    0.9700482487678528,
                    0.18051333725452423
                ],
                [
                    0.11139332503080368,
                    -0.16373586654663086,
                    0.9801948666572571
                ]
            ],
            [
                [
                    0.9808534979820251,
                    -0.17301611602306366,
                    0.08939685672521591
                ],
                [
                    0.1524152159690857,
                    0.9677355885505676,
                    0.20064277946949005
                ],
                [
                    -0.12122694402933121,
                    -0.183175727725029,
                    0.9755771160125732
                ]
            ]
        ],
        "betas": [
            0.0765526294708252,
            0.17736074328422546,
            -0.20163239538669586,
            -0.2626205384731293,
            0.05306330323219299,
            0.06148912385106087,
            0.061556413769721985,
            -0.04439270496368408,
            0.09379097074270248,
            -0.07482704520225525
        ]
    },
    "pred_cam_t": [
        -0.0883764699101448,
        0.4227619767189026,
        17.611936569213867
    ],
    "focal_length": [
        5000.0,
        5000.0
    ],
    "pred_keypoints_3d": [
        [
            0.2578280568122864,
            -0.6891756057739258,
            0.261752724647522
        ],
        [
            0.1308920830488205,
            -0.6833963394165039,
            0.11583761870861053
        ],
        [
            0.25593820214271545,
            -0.6045863032341003,
            0.0007126703858375549
        ],
        [
            0.28161996603012085,
            -0.3526236414909363,
            -0.04839151352643967
        ],
        [
            0.32295531034469604,
            -0.16652965545654297,
            0.12631714344024658
        ],
        [
            -0.001361396163702011,
            -0.6215786933898926,
            0.2228545844554901
        ],
        [
            -0.025944197550415993,
            -0.37011897563934326,
            0.30105558037757874
        ],
        [
            0.10273947566747665,
            -0.18435470759868622,
            0.4130132794380188
        ],
        [
            -0.0017148652113974094,
            -0.22042785584926605,
            0.02724643610417843
        ],
        [
            0.046432916074991226,
            -0.12107964605093002,
            0.0034557152539491653
        ],
        [
            0.17021265625953674,
            0.19307199120521545,
            0.19697247445583344
        ],
        [
            0.10666047781705856,
            0.5935302972793579,
            0.21422341465950012
        ],
        [
            -0.0741296336054802,
            -0.13974137604236603,
            0.0653270035982132
        ],
        [
            -0.09067792445421219,
            0.17942236363887787,
            0.27389079332351685
        ],
        [
            -0.12419603765010834,
            0.581031322479248,
            0.227920264005661
        ],
        [
            0.2741038203239441,
            -0.7409014701843262,
            0.23315319418907166
        ],
        [
            0.22573715448379517,
            -0.7376368641853333,
            0.2792021930217743
        ],
        [
            0.24232077598571777,
            -0.7754436731338501,
            0.14039520919322968
        ],
        [
            0.13433964550495148,
            -0.769798994064331,
            0.24238793551921844
        ],
        [
            -0.08221662789583206,
            0.629128098487854,
            0.4200013279914856
        ],
        [
            -0.15910117328166962,
            0.6332316398620605,
            0.3881315588951111
        ],
        [
            -0.1478808969259262,
            0.6190978288650513,
            0.1729433834552765
        ],
        [
            0.20636433362960815,
            0.6278019547462463,
            0.38858655095100403
        ],
        [
            0.23753316700458527,
            0.6488925814628601,
            0.309492290019989
        ],
        [
            0.07594254612922668,
            0.6441136002540588,
            0.16889232397079468
        ],
        [
            0.1150636076927185,
            0.548719048500061,
            0.17467322945594788
        ],
        [
            0.15864498913288116,
            0.13664838671684265,
            0.17270095646381378
        ],
        [
            0.1195124089717865,
            -0.22756578028202057,
            -0.06613043695688248
        ],
        [
            -0.14470337331295013,
            -0.25435855984687805,
            0.06436241418123245
        ],
        [
            -0.0993013083934784,
            0.1392102837562561,
            0.26338672637939453
        ],
        [
            -0.13662798702716827,
            0.5459833741188049,
            0.20589810609817505
        ],
        [
            0.3164280652999878,
            -0.19970475137233734,
            0.1392797827720642
        ],
        [
            0.3117385804653168,
            -0.3733024597167969,
            -0.03047972545027733
        ],
        [
            0.23205234110355377,
            -0.6287575960159302,
            0.02041003294289112
        ],
        [
            0.01443350501358509,
            -0.6433809995651245,
            0.20452025532722473
        ],
        [
            -0.010362522676587105,
            -0.40374499559402466,
            0.33356738090515137
        ],
        [
            0.10804649442434311,
            -0.20319831371307373,
            0.4182429909706116
        ],
        [
            0.13748539984226227,
            -0.6803731918334961,
            0.12542134523391724
        ],
        [
            0.21145564317703247,
            -0.8108754754066467,
            0.22458025813102722
        ],
        [
            -0.012288594618439674,
            -0.24143341183662415,
            -0.0005063898861408234
        ],
        [
            0.12352767586708069,
            -0.63276207447052,
            0.1107855886220932
        ],
        [
            0.045520760118961334,
            -0.4835660457611084,
            0.020494282245635986
        ],
        [
            0.19815847277641296,
            -0.6997253894805908,
            0.2080899178981781
        ],
        [
            0.2143375724554062,
            -0.8326908349990845,
            0.22238239645957947
        ]
    ],
    "pred_vertices": [
        [
            0.23073288798332214,
            -0.780003547668457,
            0.30438223481178284
        ],
        [
            0.23483848571777344,
            -0.7641206383705139,
            0.29928067326545715
        ],
        [
            0.22043748199939728,
            -0.764716386795044,
            0.3002122938632965
        ],
        [
            0.213713139295578,
            -0.7782524824142456,
            0.30199742317199707
        ],
        [
            0.2241419106721878,
            -0.7538239359855652,
            0.29767629504203796
        ],
        [
            0.23611649870872498,
            -0.7525469064712524,
            0.29548391699790955
        ],
        [
            0.2072347104549408,
            -0.7635565996170044,
            0.29623672366142273
        ],
        [
            0.19894200563430786,
            -0.774128794670105,
            0.29552412033081055
        ],
        [
            0.1865515112876892,
            -0.7366849184036255,
            0.27852773666381836
        ],
        [
            0.17655038833618164,
            -0.736926794052124,
            0.2737545669078827
        ],
        [
            0.18102067708969116,
            -0.7471169829368591,
            0.27947190403938293
        ],
        [
            0.19031089544296265,
            -0.7444089651107788,
            0.2820475697517395
        ],
        [
            0.1773233562707901,
            -0.7148152589797974,
            0.26676926016807556
        ],
        [
            0.18419292569160461,
            -0.702885627746582,
            0.2648402154445648
        ],
        [
            0.17387071251869202,
            -0.6992775797843933,
            0.25670701265335083
        ],
        [
            0.16711996495723724,
            -0.7111896276473999,
            0.2572987973690033
        ],
        [
            0.22685319185256958,
            -0.7056870460510254,
            0.2629903554916382
        ],
        [
            0.22026649117469788,
            -0.7000395059585571,
            0.263807475566864
        ],
        [
            0.21871817111968994,
            -0.7063306570053101,
            0.26822516322135925
        ],
        [
            0.225398987531662,
            -0.711409330368042,
            0.2664632201194763
        ],
        [
            0.24001413583755493,
            -0.7123621702194214,
            0.2640818655490875
        ],
        [
            0.23864370584487915,
            -0.7187737226486206,
            0.2645876407623291
        ],
        [
            0.24642309546470642,
            -0.7200140953063965,
            0.2661740779876709
        ],
        [
            0.24755552411079407,
            -0.7125099897384644,
            0.26666414737701416
        ],
        [
            0.22959180176258087,
            -0.7009978890419006,
            0.25752827525138855
        ],
        [
            0.22231177985668182,
            -0.6953681707382202,
            0.2582547068595886
        ],
        [
            0.23283734917640686,
            -0.7102633714675903,
            0.26261192560195923
        ],
        [
            0.23445788025856018,
            -0.7056848406791687,
            0.26128631830215454
        ],
        [
            0.2412257194519043,
            -0.6956421136856079,
            0.2639623284339905
        ],
        [
            0.24049289524555206,
            -0.7005413174629211,
            0.2656814157962799
        ],
        [
            0.24754048883914948,
            -0.6987311840057373,
            0.2682713270187378
        ],
        [
            0.24650710821151733,
            -0.6940234303474426,
            0.2650051712989807
        ],
        [
            0.23346161842346191,
            -0.6992892026901245,
            0.2595432996749878
        ],
        [
            0.23553751409053802,
            -0.7006722688674927,
            0.2626742422580719
        ],
        [
            0.2377290427684784,
            -0.6963083744049072,
            0.2612696886062622
        ],
        [
            0.23617884516716003,
            -0.69570392370224,
            0.25765806436538696
        ],
        [
            0.24119572341442108,
            -0.707450270652771,
            0.263971209526062
        ],
        [
            0.2480970025062561,
            -0.7060636281967163,
            0.2673467695713043
        ],
        [
            0.25567829608917236,
            -0.7043098211288452,
            0.2699723243713379
        ],
        [
            0.2547181248664856,
            -0.6954750418663025,
            0.2697189748287201
        ],
        [
            0.2040465772151947,
            -0.6907685995101929,
            0.26171836256980896
        ],
        [
            0.21254879236221313,
            -0.6952195167541504,
            0.2637147605419159
        ],
        [
            0.21511876583099365,
            -0.6905301809310913,
            0.2588396370410919
        ],
        [
            0.20809516310691833,
            -0.686801552772522,
            0.2580704987049103
        ],
        [
            0.2322426438331604,
            -0.694389820098877,
            0.25516393780708313
        ],
        [
            0.2247365415096283,
            -0.6803930997848511,
            0.2516322433948517
        ],
        [
            0.2257823348045349,
            -0.6835706233978271,
            0.25345665216445923
        ],
        [
            0.2329770177602768,
            -0.6827695369720459,
            0.25238168239593506
        ],
        [
            0.2314181923866272,
            -0.6798021197319031,
            0.25100794434547424
        ],
        [
            0.19070950150489807,
            -0.6819339990615845,
            0.25379326939582825
        ],
        [
            0.19738689064979553,
            -0.6787359714508057,
            0.2528701722621918
        ],
        [
            0.19342809915542603,
            -0.6739075183868408,
            0.24874170124530792
        ],
        [
            0.18611833453178406,
            -0.6764470338821411,
            0.24799975752830505
        ],
        [
            0.1928194910287857,
            -0.6690973043441772,
            0.2444867193698883
        ],
        [
            0.18296214938163757,
            -0.6707707643508911,
            0.24205806851387024
        ],
        [
            0.18548277020454407,
            -0.6581364870071411,
            0.2303919941186905
        ],
        [
            0.18377453088760376,
            -0.6639059782028198,
            0.2358575165271759
        ],
        [
            0.19432681798934937,
            -0.6639752388000488,
            0.23996511101722717
        ],
        [
            0.19871804118156433,
            -0.6582143306732178,
            0.23630884289741516
        ],
        [
            0.21438825130462646,
            -0.6591901183128357,
            0.23549088835716248
        ],
        [
            0.21998557448387146,
            -0.6568913459777832,
            0.23302140831947327
        ],
        [
            0.21149098873138428,
            -0.6469566822052002,
            0.2297058403491974
        ],
        [
            0.20528650283813477,
            -0.6514744758605957,
            0.23302556574344635
        ],
        [
            0.22066982090473175,
            -0.6767243146896362,
            0.24624887108802795
        ],
        [
            0.21606382727622986,
            -0.6779959797859192,
            0.24698278307914734
        ],
        [
            0.21762129664421082,
            -0.6781831979751587,
            0.24927875399589539
        ],
        [
            0.22300562262535095,
            -0.6777708530426025,
            0.24913044273853302
        ],
        [
            0.21216684579849243,
            -0.6784361600875854,
            0.2481386959552765
        ],
        [
            0.21040508151054382,
            -0.6784132719039917,
            0.24867987632751465
        ],
        [
            0.2116454541683197,
            -0.6789885759353638,
            0.24982188642024994
        ],
        [
            0.21287158131599426,
            -0.6790245771408081,
            0.24865642189979553
        ],
        [
            0.2146010398864746,
            -0.6785236597061157,
            0.24760788679122925
        ],
        [
            0.21504350006580353,
            -0.6767545938491821,
            0.24639886617660522
        ],
        [
            0.21289877593517303,
            -0.6775985360145569,
            0.2475360929965973
        ],
        [
            0.21911576390266418,
            -0.6748173236846924,
            0.24560028314590454
        ],
        [
            0.2325187772512436,
            -0.6696994304656982,
            0.24223706126213074
        ],
        [
            0.22894442081451416,
            -0.6702812910079956,
            0.2437649965286255
        ],
        [
            0.23081110417842865,
            -0.6746376156806946,
            0.24380521476268768
        ],
        [
            0.23390814661979675,
            -0.6745287775993347,
            0.2426741123199463
        ],
        [
            0.2145734429359436,
            -0.6805036664009094,
            0.2506299912929535
        ],
        [
            0.21280062198638916,
            -0.6814262866973877,
            0.2525714039802551
        ],
        [
            0.2185174524784088,
            -0.6824272871017456,
            0.2533292770385742
        ],
        [
            0.21823111176490784,
            -0.6803528070449829,
            0.2510608732700348
        ],
        [
            0.2112255096435547,
            -0.6832090616226196,
            0.25505542755126953
        ],
        [
            0.2099553942680359,
            -0.6802719831466675,
            0.2514459490776062
        ],
        [
            0.2073659896850586,
            -0.6813756823539734,
            0.25356325507164
        ],
        [
            0.21030783653259277,
            -0.6769956946372986,
            0.24760714173316956
        ],
        [
            0.20689472556114197,
            -0.6759974956512451,
            0.24792392551898956
        ],
        [
            0.20780132710933685,
            -0.6777372360229492,
            0.25002413988113403
        ],
        [
            0.20773619413375854,
            -0.6732827425003052,
            0.24534335732460022
        ],
        [
            0.2122441530227661,
            -0.6750632524490356,
            0.24580179154872894
        ],
        [
            0.21599474549293518,
            -0.6723603010177612,
            0.244482159614563
        ],
        [
            0.22102397680282593,
            -0.6694285869598389,
            0.24323773384094238
        ],
        [
            0.2159513533115387,
            -0.6665440797805786,
            0.24091315269470215
        ],
        [
            0.21102726459503174,
            -0.6698989868164062,
            0.2430388331413269
        ],
        [
            0.21763186156749725,
            -0.686470627784729,
            0.25579598546028137
        ],
        [
            0.2033137083053589,
            -0.6779322624206543,
            0.25135207176208496
        ],
        [
            0.20258520543575287,
            -0.683630108833313,
            0.25591617822647095
        ],
        [
            0.20134100317955017,
            -0.6743494272232056,
            0.2486322671175003
        ],
        [
            0.20138661563396454,
            -0.6707541942596436,
            0.24515248835086823
        ],
        [
            0.2039620280265808,
            -0.666747510433197,
            0.24175167083740234
        ],
        [
            0.20902767777442932,
            -0.6627840995788574,
            0.23841600120067596
        ],
        [
            0.20005536079406738,
            -0.6442623734474182,
            0.2201431393623352
        ],
        [
            0.19317710399627686,
            -0.6500704884529114,
            0.22534969449043274
        ],
        [
            0.2339743971824646,
            -0.7468866109848022,
            0.2893017828464508
        ],
        [
            0.22552794218063354,
            -0.7472681403160095,
            0.2929759621620178
        ],
        [
            0.22009502351284027,
            -0.7423427700996399,
            0.28715765476226807
        ],
        [
            0.2193486988544464,
            -0.7441047430038452,
            0.2890006899833679
        ],
        [
            0.2256353199481964,
            -0.7444740533828735,
            0.28828921914100647
        ],
        [
            0.22484666109085083,
            -0.7419383525848389,
            0.286497563123703
        ],
        [
            0.19885748624801636,
            -0.7433639764785767,
            0.28275424242019653
        ],
        [
            0.20562082529067993,
            -0.7426248788833618,
            0.2834661304950714
        ],
        [
            0.20346929132938385,
            -0.7399223446846008,
            0.2810583710670471
        ],
        [
            0.19540613889694214,
            -0.73771071434021,
            0.2805616557598114
        ],
        [
            0.21098515391349792,
            -0.7304387092590332,
            0.27751585841178894
        ],
        [
            0.20623472332954407,
            -0.7328889966011047,
            0.2787059545516968
        ],
        [
            0.2126789093017578,
            -0.7375154495239258,
            0.2808505594730377
        ],
        [
            0.21611417829990387,
            -0.7357012629508972,
            0.28011390566825867
        ],
        [
            0.21991246938705444,
            -0.7345503568649292,
            0.2787831127643585
        ],
        [
            0.22375813126564026,
            -0.7338770627975464,
            0.2769396901130676
        ],
        [
            0.22163832187652588,
            -0.7297972440719604,
            0.27451789379119873
        ],
        [
            0.21655674278736115,
            -0.7297168970108032,
            0.27617791295051575
        ],
        [
            0.23173187673091888,
            -0.7449725866317749,
            0.28533512353897095
        ],
        [
            0.23674848675727844,
            -0.744367241859436,
            0.2801535427570343
        ],
        [
            0.23446998000144958,
            -0.7422282695770264,
            0.27940985560417175
        ],
        [
            0.23043547570705414,
            -0.7420879602432251,
            0.2840847074985504
        ],
        [
            0.23722028732299805,
            -0.7394722104072571,
            0.266659677028656
        ],
        [
            0.2377147078514099,
            -0.7409092783927917,
            0.2691931426525116
        ],
        [
            0.2415410876274109,
            -0.7417091131210327,
            0.2682553231716156
        ],
        [
            0.24029913544654846,
            -0.738349437713623,
            0.26528382301330566
        ],
        [
            0.2377047836780548,
            -0.7357423305511475,
            0.265567421913147
        ],
        [
            0.23604856431484222,
            -0.7378418445587158,
            0.26703014969825745
        ],
        [
            0.242914617061615,
            -0.7992420196533203,
            0.30630049109458923
        ],
        [
            0.2468908131122589,
            -0.7810059189796448,
            0.3022976517677307
        ],
        [
            0.2225077599287033,
            -0.7983625531196594,
            0.30601730942726135
        ],
        [
            0.20531220734119415,
            -0.794463038444519,
            0.30021658539772034
        ],
        [
            0.18998661637306213,
            -0.7864257097244263,
            0.2941165566444397
        ],
        [
            0.18232686817646027,
            -0.6890732049942017,
            0.2553291320800781
        ],
        [
            0.1751704216003418,
            -0.6842106580734253,
            0.24844396114349365
        ],
        [
            0.16445721685886383,
            -0.6963669061660767,
            0.2482874095439911
        ],
        [
            0.1599707305431366,
            -0.6897181272506714,
            0.2396915853023529
        ],
        [
            0.17147940397262573,
            -0.6771655082702637,
            0.2404068261384964
        ],
        [
            0.17403295636177063,
            -0.6619362235069275,
            0.22262197732925415
        ],
        [
            0.17097043991088867,
            -0.669233500957489,
            0.23161140084266663
        ],
        [
            0.15742556750774384,
            -0.6836624145507812,
            0.22891107201576233
        ],
        [
            0.14644601941108704,
            -0.7018120288848877,
            0.2287123203277588
        ],
        [
            0.15110664069652557,
            -0.7044627666473389,
            0.23933793604373932
        ],
        [
            0.1411091834306717,
            -0.7216096520423889,
            0.2291543185710907
        ],
        [
            0.14020638167858124,
            -0.7008461356163025,
            0.21557123959064484
        ],
        [
            0.1374623030424118,
            -0.7250840067863464,
            0.22131365537643433
        ],
        [
            0.14198192954063416,
            -0.6699893474578857,
            0.19434507191181183
        ],
        [
            0.13450156152248383,
            -0.6645861268043518,
            0.18890543282032013
        ],
        [
            0.12139035761356354,
            -0.6775949001312256,
            0.18930639326572418
        ],
        [
            0.12801018357276917,
            -0.6829580068588257,
            0.19576770067214966
        ],
        [
            0.15745824575424194,
            -0.7076203227043152,
            0.24819844961166382
        ],
        [
            0.1779250204563141,
            -0.7596971988677979,
            0.2800480127334595
        ],
        [
            0.18771615624427795,
            -0.7546502351760864,
            0.2846188545227051
        ],
        [
            0.1705319881439209,
            -0.7503037452697754,
            0.2738608717918396
        ],
        [
            0.1820225864648819,
            -0.8209165334701538,
            0.29310208559036255
        ],
        [
            0.19443359971046448,
            -0.8084654808044434,
            0.2996019124984741
        ],
        [
            0.18107905983924866,
            -0.7983316779136658,
            0.2931106388568878
        ],
        [
            0.17060542106628418,
            -0.8111741542816162,
            0.2883143126964569
        ],
        [
            0.21783596277236938,
            -0.8475271463394165,
            0.29430365562438965
        ],
        [
            0.23100948333740234,
            -0.8243943452835083,
            0.3043816089630127
        ],
        [
            0.2138996422290802,
            -0.8181452751159668,
            0.3027375042438507
        ],
        [
            0.2017677128314972,
            -0.8359158039093018,
            0.29595234990119934
        ],
        [
            0.16155612468719482,
            -0.8183644413948059,
            0.2814672589302063
        ],
        [
            0.15076513588428497,
            -0.8283100128173828,
            0.2704806923866272
        ],
        [
            0.1548377424478531,
            -0.8451608419418335,
            0.2694352865219116
        ],
        [
            0.16923850774765015,
            -0.8353755474090576,
            0.2834319472312927
        ],
        [
            0.16607356071472168,
            -0.8657717704772949,
            0.26526185870170593
        ],
        [
            0.18344509601593018,
            -0.8542400598526001,
            0.2816811800003052
        ],
        [
            0.12900683283805847,
            -0.7189443707466125,
            0.20796546339988708
        ],
        [
            0.1319596916437149,
            -0.7358529567718506,
            0.21481853723526
        ],
        [
            0.13641983270645142,
            -0.6898369789123535,
            0.204279363155365
        ],
        [
            0.1249907836318016,
            -0.7056987285614014,
            0.2004789412021637
        ],
        [
            0.18093138933181763,
            -0.881578803062439,
            0.25584298372268677
        ],
        [
            0.20133507251739502,
            -0.8692237734794617,
            0.2762429714202881
        ],
        [
            0.12399065494537354,
            -0.8335427641868591,
            0.22284285724163055
        ],
        [
            0.13159765303134918,
            -0.8445092439651489,
            0.23703381419181824
        ],
        [
            0.13230735063552856,
            -0.8257933259010315,
            0.24594806134700775
        ],
        [
            0.12485683709383011,
            -0.817681074142456,
            0.2318233996629715
        ],
        [
            0.12676554918289185,
            -0.849071741104126,
            0.2100629061460495
        ],
        [
            0.13616806268692017,
            -0.8622227907180786,
            0.2264479696750641
        ],
        [
            0.11590184271335602,
            -0.7867227792739868,
            0.19100803136825562
        ],
        [
            0.12123755365610123,
