{
    "pred_cam": [
        2.2053685188293457,
        0.030286746099591255,
        0.545275092124939
    ],
    "pred_smpl_params": {
        "global_orient": [
            [
                [
                    0.9713924527168274,
                    0.20772181451320648,
                    -0.11510144919157028
                ],
                [
                    0.15808039903640747,
                    -0.9272841811180115,
                    -0.33934444189071655
                ],
                [
                    -0.17722100019454956,
                    0.3114413619041443,
                    -0.9335936307907104
                ]
            ]
        ],
        "body_pose": [
            [
                [
                    0.9797776937484741,
                    -0.18472625315189362,
                    -0.07688871771097183
                ],
                [
                    0.15708047151565552,
                    0.47208988666534424,
                    0.8674427270889282
                ],
                [
                    -0.12394104152917862,
                    -0.8619787693023682,
                    0.49156004190444946
                ]
            ],
            [
                [
                    0.9667196273803711,
                    0.2258296012878418,
                    0.12022564560174942
                ],
                [
                    -0.21909600496292114,
                    0.48813512921333313,
                    0.8448201417922974
                ],
                [
                    0.13209903240203857,
                    -0.8430451154708862,
                    0.521368145942688
                ]
            ],
            [
                [
                    0.9995607137680054,
                    0.00982015859335661,
                    -0.027963239699602127
                ],
                [
                    -0.02569483034312725,
                    0.7573440074920654,
                    -0.652510404586792
                ],
                [
                    0.014770038425922394,
                    0.6529422402381897,
                    0.7572636604309082
                ]
            ],
            [
                [
                    0.954637885093689,
                    0.20976172387599945,
                    -0.2113446742296219
                ],
                [
                    -0.01953425258398056,
                    -0.6641142964363098,
                    -0.7473759055137634
                ],
                [
                    -0.2971278429031372,
                    0.7176017761230469,
                    -0.6298911571502686
                ]
            ],
            [
                [
                    0.949022650718689,
                    -0.18870024383068085,
                    0.2524842619895935
                ],
                [
                    0.06060707941651344,
                    -0.6768232583999634,
                    -0.7336465120315552
                ],
                [
                    0.3093264400959015,
                    0.7115494012832642,
                    -0.630884051322937
                ]
            ],
            [
                [
                    0.999603807926178,
                    -0.027960285544395447,
                    -0.003245055442675948
                ],
                [
                    0.027789482846856117,
                    0.998633623123169,
                    -0.04425528272986412
                ],
                [
                    0.004478012211620808,
                    0.044147565960884094,
                    0.9990149736404419
                ]
            ],
            [
                [
                    0.9582617878913879,
                    -0.2373727411031723,
                    0.15933775901794434
                ],
                [
                    0.13402029871940613,
                    0.8652787804603577,
                    0.4830435812473297
                ],
                [
                    -0.2525329887866974,
                    -0.44152769446372986,
                    0.8609763383865356
                ]
            ],
            [
                [
                    0.9588050842285156,
                    0.19524642825126648,
                    -0.20632895827293396
                ],
                [
                    -0.08730722218751907,
                    0.8937356472015381,
                    0.44001609086990356
                ],
                [
                    0.2703150808811188,
                    -0.4038756489753723,
                    0.8739647269248962
                ]
            ],
            [
                [
                    0.9990746378898621,
                    -0.02687481977045536,
                    -0.033580925315618515
                ],
                [
                    0.025394026190042496,
                    0.998718798160553,
                    -0.04377087578177452
                ],
                [
                    0.0347142368555069,
                    0.04287761449813843,
                    0.9984771013259888
                ]
            ],
            [
                [
                    0.9928238987922668,
                    0.02525434084236622,
                    0.11688898503780365
                ],
                [
                    -0.053851205855607986,
                    0.9671488404273987,
                    0.24844147264957428
                ],
                [
                    -0.10677482187747955,
                    -0.2529532313346863,
                    0.9615684747695923
                ]
            ],
            [
                [
                    0.9970977902412415,
                    0.039557360112667084,
                    -0.06504720449447632
                ],
                [
                    -0.01831710897386074,
                    0.9539650678634644,
                    0.2993578016757965
                ],
                [
                    0.07389456778764725,
                    -0.29729753732681274,
                    0.9519210457801819
                ]
            ],
            [
                [
                    0.9902042746543884,
                    -0.13784682750701904,
                    0.02222222462296486
                ],
                [
                    0.12873989343643188,
                    0.9629724025726318,
                    0.23687583208084106
                ],
                [
                    -0.054051972925662994,
                    -0.2316945493221283,
                    0.9712857604026794
                ]
            ],
            [
                [
                    0.8058148622512817,
                    0.5036917328834534,
                    -0.3113793432712555
                ],
                [
                    -0.4855189919471741,
                    0.8630151152610779,
                    0.13955719769001007
                ],
                [
                    0.33901888132095337,
                    0.038723304867744446,
                    0.9399822950363159
                ]
            ],
            [
                [
                    0.8965184688568115,
                    -0.387168824672699,
                    0.21530182659626007
                ],
                [
                    0.37978416681289673,
                    0.9219134449958801,
                    0.07641664892435074
                ],
                [
                    -0.2280758172273636,
                    0.013259289786219597,
                    0.9735530018806458
                ]
            ],
            [
                [
                    0.9863165020942688,
                    -0.035432469099760056,
                    0.16100987792015076
                ],
                [
                    0.024550151079893112,
                    0.9973088502883911,
                    0.06908200681209564
                ],
                [
                    -0.16302432119846344,
                    -0.06418391317129135,
                    0.9845320582389832
                ]
            ],
            [
                [
                    0.6888987421989441,
                    0.6622923612594604,
                    -0.29459694027900696
                ],
                [
                    -0.6766058206558228,
                    0.7333416938781738,
                    0.06644198298454285
                ],
                [
                    0.2600442171096802,
                    0.15355423092842102,
                    0.9533090591430664
                ]
            ],
            [
                [
                    0.7664488554000854,
                    -0.6196759939193726,
                    0.16899028420448303
                ],
                [
                    0.6342446804046631,
                    0.7717171907424927,
                    -0.04675660282373428
                ],
                [
                    -0.10143878310918808,
                    0.1430177390575409,
                    0.9845079779624939
                ]
            ],
            [
                [
                    0.7202556729316711,
                    -0.2563123404979706,
                    -0.6446206569671631
                ],
                [
                    0.08342081308364868,
                    0.9544969201087952,
                    -0.2863157093524933
                ],
                [
                    0.6886745691299438,
                    0.1524457335472107,
                    0.7088636159896851
                ]
            ],
            [
                [
                    0.5195018649101257,
                    0.3596404194831848,
                    0.7750977277755737
                ],
                [
                    -0.13178355991840363,
                    0.9299795627593994,
                    -0.3431779146194458
                ],
                [
                    -0.8442457318305969,
                    0.07613641768693924,
                    0.5305207967758179
                ]
            ],
            [
                [
                    0.990302562713623,
                    -0.11175928264856339,
                    0.08252754807472229
                ],
                [
                    0.13444286584854126,
                    0.9206411242485046,
                    -0.3665309250354767
                ],
                [
                    -0.035015031695365906,
                    0.37407171726226807,
                    0.9267385005950928
                ]
            ],
            [
                [
                    0.9937832355499268,
                    0.0772090032696724,
                    -0.08021067082881927
                ],
                [
                    -0.09990772604942322,
                    0.9363712668418884,
                    -0.3364926278591156
                ],
                [
                    0.04912669584155083,
                    0.34241437911987305,
                    0.9382638335227966
                ]
            ],
            [
                [
                    0.9824095368385315,
                    0.16541267931461334,
                    -0.08666110038757324
                ],
                [
                    -0.14860275387763977,
                    0.9735357761383057,
                    0.17362362146377563
                ],
                [
                    0.1130872443318367,
                    -0.15769141912460327,
                    0.9809916019439697
                ]
            ],
            [
                [
                    0.981280505657196,
                    -0.15249909460544586,
                    0.11761166900396347
                ],
                [
                    0.13029944896697998,
                    0.9754317998886108,
                    0.17763687670230865
                ],
                [
                    -0.14181162416934967,
                    -0.1589868813753128,
                    0.9770427346229553
                ]
            ]
        ],
        "betas": [
            0.07325108349323273,
            -0.010785520076751709,
            -0.28234344720840454,
            -0.12318700551986694,
            0.06920236349105835,
            -0.04821263998746872,
            0.0028789639472961426,
            -0.0122147798538208,
            0.04537488520145416,
            -0.0026978254318237305
        ]
    },
    "pred_cam_t": [
        0.030286746099591255,
        0.545275092124939,
        17.712459564208984
    ],
    "focal_length": [
        5000.0,
        5000.0
    ],
    "pred_keypoints_3d": [
        [
            0.020100140944123268,
            -0.7861499786376953,
            -0.23491506278514862
        ],
        [
            0.04964250698685646,
            -0.684402585029602,
            -0.06650222837924957
        ],
        [
            -0.12993521988391876,
            -0.6116102337837219,
            0.00938035175204277
        ],
        [
            -0.2463575005531311,
            -0.4008661210536957,
            0.09995391964912415
        ],
        [
            -0.329154372215271,
            -0.23158712685108185,
            -0.07593294978141785
        ],
        [
            0.20499259233474731,
            -0.5466291904449463,
            -0.089521624147892
        ],
        [
            0.21026046574115753,
            -0.2838343381881714,
            -0.06936566531658173
        ],
        [
            0.10552138090133667,
            -0.11111937463283539,
            -0.21960769593715668
        ],
        [
            -0.0017901360988616943,
            -0.2218291163444519,
            0.028228379786014557
        ],
        [
            -0.08584184944629669,
            -0.14727723598480225,
            0.01617005467414856
        ],
        [
            -0.28256720304489136,
            -0.10055489093065262,
            -0.3134102523326874
        ],
        [
            -0.1443992406129837,
            0.12346187978982925,
            -0.0074079930782318115
        ],
        [
            0.04759518429636955,
            -0.12393707036972046,
            -0.006169062107801437
        ],
        [
            0.07525360584259033,
            -0.0518985241651535,
            -0.37723270058631897
        ],
        [
            -0.019662171602249146,
            0.143047496676445,
            -0.037165552377700806
        ],
        [
            -0.011592298746109009,
            -0.8229485154151917,
            -0.19689759612083435
        ],
        [
            0.05552099645137787,
            -0.8277006149291992,
            -0.20554843544960022
        ],
        [
            -0.03971674293279648,
            -0.80412757396698,
            -0.09732821583747864
        ],
        [
            0.10671084374189377,
            -0.8141056299209595,
            -0.11768746376037598
        ],
        [
            -0.013754669576883316,
            0.2613683342933655,
            -0.19439443945884705
        ],
        [
            0.0460594967007637,
            0.2594691514968872,
            -0.13706670701503754
        ],
        [
            -0.01466301828622818,
            0.13786190748214722,
            0.02829456329345703
        ],
        [
            -0.23625889420509338,
            0.23542141914367676,
            -0.141436368227005
        ],
        [
            -0.2758883833885193,
            0.21097570657730103,
            -0.06784132122993469
        ],
        [
            -0.11660520732402802,
            0.13308680057525635,
            0.057995378971099854
        ],
        [
            -0.1700134575366974,
            0.06738961488008499,
            -0.015127485617995262
        ],
        [
            -0.26389163732528687,
            -0.11419551819562912,
            -0.28032809495925903
        ],
        [
            -0.13949477672576904,
            -0.2620898485183716,
            0.0943593978881836
        ],
        [
            0.15761297941207886,
            -0.19581490755081177,
            0.04906410351395607
        ],
        [
            0.08905594050884247,
            -0.05687304213643074,
            -0.35342487692832947
        ],
        [
            0.004555727355182171,
            0.1033734679222107,
            -0.047633662819862366
        ],
        [
            -0.3019101917743683,
            -0.2506328523159027,
            -0.08229921758174896
        ],
        [
            -0.26566290855407715,
            -0.4262803792953491,
            0.07546612620353699
        ],
        [
            -0.10006251931190491,
            -0.64178466796875,
            -0.002430960536003113
        ],
        [
            0.19225551187992096,
            -0.5894623398780823,
            -0.08429594337940216
        ],
        [
            0.22432784736156464,
            -0.306706964969635,
            -0.10956515371799469
        ],
        [
            0.10697340220212936,
            -0.12879076600074768,
            -0.22511497139930725
        ],
        [
            0.05027567595243454,
            -0.6691451668739319,
            -0.0682058185338974
        ],
        [
            0.031738221645355225,
            -0.8622876405715942,
            -0.1219077855348587
        ],
        [
            0.008975292555987835,
            -0.22902126610279083,
            0.07168368995189667
        ],
        [
            0.044692832976579666,
            -0.6127880215644836,
            -0.044494692236185074
        ],
        [
            0.043341442942619324,
            -0.4635792076587677,
            0.04568677395582199
        ],
        [
            0.038206327706575394,
            -0.7565189599990845,
            -0.1578288972377777
        ],
        [
            0.027972962707281113,
            -0.881371021270752,
            -0.11090847849845886
        ]
    ],
    "pred_vertices": [
        [
            0.06291630119085312,
            -0.874332070350647,
            -0.20524129271507263
        ],
        [
            0.05767308920621872,
            -0.8598092794418335,
            -0.21220040321350098
        ],
        [
            0.06959380954504013,
            -0.8570097088813782,
            -0.2045837938785553
        ],
        [
            0.0754951536655426,
            -0.8678662776947021,
            -0.1949465274810791
        ],
        [
            0.06583479791879654,
            -0.847564697265625,
            -0.20989233255386353
        ],
        [
            0.05495157092809677,
            -0.8487885594367981,
            -0.21475885808467865
        ],
        [
            0.07835979759693146,
            -0.8510777950286865,
            -0.19529709219932556
        ],
        [
            0.08437985181808472,
            -0.8580799102783203,
            -0.1851743757724762
        ],
        [
            0.08917218446731567,
            -0.814539909362793,
            -0.18566790223121643
        ],
        [
            0.09455841779708862,
            -0.808930516242981,
            -0.17657051980495453
        ],
        [
            0.0927819162607193,
            -0.8223273158073425,
            -0.1789313554763794
        ],
        [
            0.08635459840297699,
            -0.8237767815589905,
            -0.18634837865829468
        ],
        [
            0.08872637152671814,
            -0.7890464663505554,
            -0.1831120252609253
        ],
        [
            0.0817432850599289,
            -0.7798069715499878,
            -0.19126735627651215
        ],
        [
            0.0852796658873558,
            -0.7704920768737793,
            -0.18204966187477112
        ],
        [
            0.09076085686683655,
            -0.7793017625808716,
            -0.17314578592777252
        ],
        [
            0.04637356847524643,
            -0.7928673624992371,
            -0.2108263373374939
        ],
        [
            0.05218998342752457,
            -0.7865533828735352,
            -0.21070881187915802
        ],
        [
            0.05581766366958618,
            -0.7933616638183594,
            -0.20984907448291779
        ],
        [
            0.04928826168179512,
            -0.7989168167114258,
            -0.2097419649362564
        ],
        [
            0.03565240278840065,
            -0.802337646484375,
            -0.21565604209899902
        ],
        [
            0.036896251142024994,
            -0.8077679872512817,
            -0.21211878955364227
        ],
        [
            0.03134457767009735,
            -0.8116626739501953,
            -0.2166271209716797
        ],
        [
            0.030812283977866173,
            -0.805593729019165,
            -0.22127681970596313
        ],
        [
            0.041319623589515686,
            -0.7872540950775146,
            -0.21138092875480652
        ],
        [
            0.04737062379717827,
            -0.7807226181030273,
            -0.21048039197921753
        ],
        [
            0.04119836539030075,
            -0.7983995079994202,
            -0.2116195112466812
        ],
        [
            0.03888795152306557,
            -0.7938323020935059,
            -0.21414180099964142
        ],
        [
            0.034896370023489,
            -0.7883418798446655,
            -0.22452905774116516
        ],
        [
            0.03632257506251335,
            -0.7930216789245605,
            -0.22283941507339478
        ],
        [
            0.03223244100809097,
            -0.7945209741592407,
            -0.22957873344421387
        ],
        [
            0.03117089532315731,
            -0.7887907028198242,
            -0.22900086641311646
        ],
        [
            0.03891035169363022,
            -0.7873441576957703,
            -0.21585902571678162
        ],
        [
            0.03892343491315842,
            -0.7904590964317322,
            -0.21832819283008575
        ],
        [
            0.0363045297563076,
            -0.7867600917816162,
            -0.22069628536701202
        ],
        [
            0.035459160804748535,
            -0.7843436002731323,
            -0.2176789492368698
        ],
        [
            0.03492015227675438,
            -0.7985237836837769,
            -0.2188195139169693
        ],
        [
            0.03109917975962162,
            -0.8005743622779846,
            -0.22541935741901398
        ],
        [
            0.026153316721320152,
            -0.8022393584251404,
            -0.2321220338344574
        ],
        [
            0.027051471173763275,
            -0.794070839881897,
            -0.2358568012714386
        ],
        [
            0.0640500858426094,
            -0.7731382846832275,
            -0.2054753601551056
        ],
        [
            0.0585101917386055,
            -0.7802533507347107,
            -0.20920473337173462
        ],
        [
            0.053598955273628235,
            -0.7747832536697388,
            -0.2096322625875473
        ],
        [
            0.058801211416721344,
            -0.7693154811859131,
            -0.20711573958396912
        ],
        [
            0.03724466264247894,
            -0.7808045148849487,
            -0.21448363363742828
        ],
        [
            0.041540153324604034,
            -0.7648212909698486,
            -0.215493306517601
        ],
        [
            0.04162244871258736,
            -0.7687408924102783,
            -0.21564821898937225
        ],
        [
            0.035084038972854614,
            -0.7695409059524536,
            -0.21899372339248657
        ],
        [
            0.03564492613077164,
            -0.7659381628036499,
            -0.2186756581068039
        ],
        [
            0.07030734419822693,
            -0.7586100101470947,
            -0.19731120765209198
        ],
        [
            0.0644603967666626,
            -0.7572611570358276,
            -0.20163074135780334
        ],
        [
            0.06544487178325653,
            -0.7501302361488342,
            -0.1990552395582199
        ],
        [
            0.07077176868915558,
            -0.7499490976333618,
            -0.19370999932289124
        ],
        [
            0.06348808854818344,
            -0.7438467144966125,
            -0.1978837549686432
        ],
        [
            0.07018017023801804,
            -0.741526186466217,
            -0.190446674823761
        ],
        [
            0.06170431897044182,
            -0.7265332937240601,
            -0.18924492597579956
        ],
        [
            0.0660242885351181,
            -0.7329384088516235,
            -0.1898195892572403
        ],
        [
            0.059831004589796066,
            -0.7377974987030029,
            -0.19800512492656708
        ],
        [
            0.054572176188230515,
            -0.7323555946350098,
            -0.200916588306427
        ],
        [
            0.041592907160520554,
            -0.737011194229126,
            -0.20877625048160553
        ],
        [
            0.03549972549080849,
            -0.7355746030807495,
            -0.21135029196739197
        ],
        [
            0.04066833481192589,
            -0.7234007120132446,
            -0.20910575985908508
        ],
        [
            0.04748642072081566,
            -0.726883053779602,
            -0.205631285905838
        ],
        [
            0.04224161431193352,
            -0.7587493658065796,
            -0.21116183698177338
        ],
        [
            0.046433545649051666,
            -0.7589336633682251,
            -0.2085692286491394
        ],
        [
            0.046410851180553436,
            -0.7604823112487793,
            -0.21093112230300903
        ],
        [
            0.04190630465745926,
            -0.7615771293640137,
            -0.21383675932884216
        ],
        [
            0.05008962005376816,
            -0.758798360824585,
            -0.20702491700649261
        ],
        [
            0.051791269332170486,
            -0.7585736513137817,
            -0.20632678270339966
        ],
        [
            0.05143984034657478,
            -0.7599002122879028,
            -0.20756161212921143
        ],
        [
            0.05008355528116226,
            -0.7598348259925842,
            -0.20761822164058685
        ],
        [
            0.048055581748485565,
            -0.7593920826911926,
            -0.2081722468137741
        ],
        [
            0.04713725298643112,
            -0.7574384212493896,
            -0.20845775306224823
        ],
        [
            0.04923635721206665,
            -0.7580010294914246,
            -0.2075037956237793
        ],
        [
            0.043317001312971115,
            -0.7565493583679199,
            -0.2109730988740921
        ],
        [
            0.029744435101747513,
            -0.7536349296569824,
            -0.21806122362613678
        ],
        [
            0.03386685252189636,
            -0.75438392162323,
            -0.21672773361206055
        ],
        [
            0.032432638108730316,
            -0.7586264610290527,
            -0.21588659286499023
        ],
        [
            0.028782809153199196,
            -0.7583773136138916,
            -0.2170862853527069
        ],
        [
            0.04941248521208763,
            -0.7619664669036865,
            -0.20925165712833405
        ],
        [
            0.05202759429812431,
            -0.7634880542755127,
            -0.2088382989168167
        ],
        [
            0.04776930436491966,
            -0.7662003040313721,
            -0.21204711496829987
        ],
        [
            0.04685387387871742,
            -0.7633215188980103,
            -0.21138733625411987
        ],
        [
            0.054694924503564835,
            -0.7656689882278442,
            -0.2088163197040558
        ],
        [
            0.053660083562135696,
            -0.7612719535827637,
            -0.20709533989429474
        ],
        [
            0.05638745427131653,
            -0.7620078325271606,
            -0.2065235674381256
        ],
        [
            0.05134977772831917,
            -0.7568293809890747,
            -0.20635822415351868
        ],
        [
            0.054118454456329346,
            -0.7552411556243896,
            -0.20498718321323395
        ],
        [
            0.05453028157353401,
            -0.7579047679901123,
            -0.20609253644943237
        ],
        [
            0.052213508635759354,
            -0.7518289685249329,
            -0.20520013570785522
        ],
        [
            0.04880532994866371,
            -0.7548027038574219,
            -0.2071581482887268
        ],
        [
            0.04509086161851883,
            -0.7528787851333618,
            -0.20958000421524048
        ],
        [
            0.040211088955402374,
            -0.751163899898529,
            -0.21271854639053345
        ],
        [
            0.0431794635951519,
            -0.7462188005447388,
            -0.20988136529922485
        ],
        [
            0.04834332689642906,
            -0.748700737953186,
            -0.20708926022052765
        ],
        [
            0.049580175429582596,
            -0.7701060771942139,
            -0.21137166023254395
        ],
        [
            0.05882363021373749,
            -0.7575169801712036,
            -0.2041875571012497
        ],
        [
            0.06198674812912941,
            -0.7643245458602905,
            -0.20403380692005157
        ],
        [
            0.05893871188163757,
            -0.7526841163635254,
            -0.20297673344612122
        ],
        [
            0.05700591951608658,
            -0.747955322265625,
            -0.20237834751605988
        ],
        [
            0.053341854363679886,
            -0.74333655834198,
            -0.20361103117465973
        ],
        [
            0.047552358359098434,
            -0.7399769425392151,
            -0.20616546273231506
        ],
        [
            0.04401136934757233,
            -0.7146291732788086,
            -0.19696645438671112
        ],
        [
            0.05251428484916687,
            -0.719528079032898,
            -0.193849578499794
        ],
        [
            0.053567804396152496,
            -0.8412585258483887,
            -0.21216917037963867
        ],
        [
            0.06235983967781067,
            -0.8410018682479858,
            -0.21014289557933807
        ],
        [
            0.06388355791568756,
            -0.832986056804657,
            -0.20588721334934235
        ],
        [
            0.06582362204790115,
            -0.8356846570968628,
            -0.20567061007022858
        ],
        [
            0.059847816824913025,
            -0.8364864587783813,
            -0.2087167203426361
        ],
        [
            0.05962122976779938,
            -0.8336731195449829,
            -0.20793487131595612
        ],
        [
            0.07922497391700745,
            -0.8263208866119385,
            -0.1912057250738144
        ],
        [
            0.07383732497692108,
            -0.8281001448631287,
            -0.1954849660396576
        ],
        [
            0.07426127046346664,
            -0.8239936828613281,
            -0.1937677264213562
        ],
        [
            0.08111802488565445,
            -0.8193104863166809,
            -0.19030383229255676
        ],
        [
            0.06664755940437317,
            -0.8159663677215576,
            -0.2007647007703781
        ],
        [
            0.07116341590881348,
            -0.8172634840011597,
            -0.1975121796131134
        ],
        [
            0.06698717921972275,
            -0.8242460489273071,
            -0.20024196803569794
        ],
        [
            0.06359667330980301,
            -0.8233010768890381,
            -0.2024795264005661
        ],
        [
            0.059788778424263,
            -0.8226591944694519,
            -0.2042589783668518
        ],
        [
            0.05540216341614723,
            -0.8222229480743408,
            -0.20500990748405457
        ],
        [
            0.055985741317272186,
            -0.8170398473739624,
            -0.20468175411224365
        ],
        [
            0.06126108020544052,
            -0.8163024187088013,
            -0.20326578617095947
        ],
        [
            0.05337497964501381,
            -0.8377112150192261,
            -0.20949067175388336
        ],
        [
            0.046183012425899506,
            -0.8361803293228149,
            -0.20858941972255707
        ],
        [
            0.04784232750535011,
            -0.8335754871368408,
            -0.20811258256435394
        ],
        [
            0.05385008826851845,
            -0.8344165086746216,
            -0.20915551483631134
        ],
        [
            0.03850744664669037,
            -0.8262520432472229,
            -0.20250838994979858
        ],
        [
            0.03948105126619339,
            -0.828803300857544,
            -0.20352762937545776
        ],
        [
            0.03579453006386757,
            -0.8300367593765259,
            -0.20455151796340942
        ],
        [
            0.035278744995594025,
            -0.8255041837692261,
            -0.20372067391872406
        ],
        [
            0.03764721378684044,
            -0.8226475715637207,
            -0.20391425490379333
        ],
        [
            0.03983726724982262,
            -0.8246982097625732,
            -0.2029709815979004
        ],
        [
            0.05283629149198532,
            -0.8957434892654419,
            -0.20254582166671753
        ],
        [
            0.048068609088659286,
            -0.8787785768508911,
            -0.21103423833847046
        ],
        [
            0.06869173049926758,
            -0.8893328905105591,
            -0.19054532051086426
        ],
        [
            0.08095504343509674,
            -0.8795643448829651,
            -0.1813460886478424
        ],
        [
            0.09022927284240723,
            -0.8656995296478271,
            -0.17321687936782837
        ],
        [
            0.07780319452285767,
            -0.7632962465286255,
            -0.1905786395072937
        ],
        [
            0.07983788847923279,
            -0.7542346715927124,
            -0.18448171019554138
        ],
        [
            0.08857707679271698,
            -0.7618162631988525,
            -0.1728888303041458
        ],
        [
            0.08714500069618225,
            -0.7511271238327026,
            -0.16809523105621338
        ],
        [
            0.07875646650791168,
            -0.7433212995529175,
            -0.18055516481399536
        ],
        [
            0.06523554772138596,
            -0.7237342596054077,
            -0.17572420835494995
        ],
        [
            0.0736904889345169,
            -0.7322841882705688,
            -0.17766237258911133
        ],
        [
            0.08292356133460999,
            -0.7403334379196167,
            -0.16208209097385406
        ],
        [
            0.09106655418872833,
            -0.7537634372711182,
            -0.1480347067117691
        ],
        [
            0.09304983168840408,
            -0.7610194683074951,
            -0.15645253658294678
        ],
        [
            0.09627406299114227,
            -0.7692701816558838,
            -0.13624992966651917
        ],
        [
            0.08718697726726532,
            -0.7455658912658691,
            -0.13601739704608917
        ],
        [
            0.09412214159965515,
            -0.7685304880142212,
            -0.1277952790260315
        ],
        [
            0.07287545502185822,
            -0.7067113518714905,
            -0.13413608074188232
        ],
        [
            0.07649554312229156,
            -0.6939955353736877,
            -0.12910257279872894
        ],
        [
            0.09067083895206451,
            -0.7028332352638245,
            -0.12050946801900864
        ],
        [
            0.08718827366828918,
            -0.7147794961929321,
            -0.12497799098491669
        ],
        [
            0.09335314482450485,
            -0.7698173522949219,
            -0.16408756375312805
        ],
        [
            0.09362955391407013,
            -0.8337106108665466,
            -0.17124256491661072
        ],
        [
            0.08941935002803802,
            -0.8332845568656921,
            -0.182135671377182
        ],
        [
            0.0967833548784256,
            -0.820426344871521,
            -0.16811852157115936
        ],
        [
            0.09406572580337524,
            -0.8919316530227661,
            -0.15050727128982544
        ],
        [
            0.0877472460269928,
            -0.8880395889282227,
            -0.16711990535259247
        ],
        [
            0.09527023136615753,
            -0.8727043271064758,
            -0.16114947199821472
        ],
        [
            0.10096607357263565,
            -0.8789815902709961,
            -0.14605684578418732
        ],
        [
            0.06421086192131042,
            -0.924882173538208,
            -0.15623053908348083
        ],
        [
            0.06025771051645279,
            -0.9136265516281128,
            -0.18056589365005493
        ],
        [
            0.07323038578033447,
            -0.902960479259491,
            -0.1747279316186905
        ],
        [
            0.07854094356298447,
            -0.911375880241394,
            -0.15500405430793762
        ],
        [
            0.10382913053035736,
            -0.8799710273742676,
            -0.13273125886917114
        ],
        [
            0.10574136674404144,
            -0.8811565637588501,
            -0.11377328634262085
        ],
        [
            0.10173898935317993,
            -0.8965249061584473,
            -0.1065417230129242
        ],
        [
            0.09716731309890747,
            -0.8966866135597229,
            -0.12919925153255463
        ],
        [
            0.08885636180639267,
            -0.9151664972305298,
            -0.09870326519012451
        ],
        [
            0.08545905351638794,
            -0.9167994260787964,
            -0.1259256899356842
        ],
        [
            0.09363564848899841,
            -0.7551892995834351,
            -0.1173475980758667
        ],
        [
            0.09497147798538208,
            -0.7737789750099182,
            -0.1149638295173645
        ],
        [
            0.08345082402229309,
            -0.7292864322662354,
            -0.1314014494419098
        ],
        [
            0.09354420751333237,
            -0.738386869430542,
            -0.11744755506515503
        ],
        [
            0.07193778455257416,
            -0.9286735653877258,
            -0.092770516872406
        ],
        [
            0.06699036806821823,
            -0.932053804397583,
            -0.12385080754756927
        ],
        [
            0.10018613934516907,
            -0.8587985038757324,
            -0.06408121436834335
        ],
        [
            0.10175569355487823,
            -0.8761188983917236,
            -0.0720706433057785
        ],
        [
            0.10710656642913818,
            -0.8639825582504272,
            -0.08842539042234421
        ],
        [
            0.1061774343252182,
            -0.8493252992630005,
            -0.07912451028823853
        ],
        [
            0.0908137634396553,
