{
    "pred_cam": [
        2.124091625213623,
        -0.058737799525260925,
        0.4221396744251251
    ],
    "pred_smpl_params": {
        "global_orient": [
            [
                [
                    -0.9080904722213745,
                    0.11098329722881317,
                    0.40380004048347473
                ],
                [
                    -0.13079634308815002,
                    -0.9911712408065796,
                    -0.021722236648201942
                ],
                [
                    0.3978241980075836,
                    -0.07254131138324738,
                    0.9145893454551697
                ]
            ]
        ],
        "body_pose": [
            [
                [
                    0.9983385801315308,
                    -0.03406165540218353,
                    0.046474531292915344
                ],
                [
                    0.0154125289991498,
                    0.9350370168685913,
                    0.3542148768901825
                ],
                [
                    -0.05552054941654205,
                    -0.3529100716114044,
                    0.9340084791183472
                ]
            ],
            [
                [
                    0.9932916164398193,
                    0.10954496264457703,
                    0.03703638166189194
                ],
                [
                    -0.11472680419683456,
                    0.893470287322998,
                    0.4342218041419983
                ],
                [
                    0.014475902542471886,
                    -0.43555793166160583,
                    0.9000442624092102
                ]
            ],
            [
                [
                    0.9955636858940125,
                    -0.0628572553396225,
                    -0.07001297175884247
                ],
                [
                    0.022369785234332085,
                    0.8808993101119995,
                    -0.47277477383613586
                ],
                [
                    0.09139170497655869,
                    0.46911126375198364,
                    0.8783974647521973
                ]
            ],
            [
                [
                    0.9938783645629883,
                    0.10922490805387497,
                    0.016602326184511185
                ],
                [
                    -0.09108880907297134,
                    0.8951718211174011,
                    -0.43631431460380554
                ],
                [
                    -0.06251831352710724,
                    0.4321311116218567,
                    0.8996410965919495
                ]
            ],
            [
                [
                    0.9991423487663269,
                    -0.034971654415130615,
                    0.02217409573495388
                ],
                [
                    0.04111919552087784,
                    0.9011569023132324,
                    -0.4315383732318878
                ],
                [
                    -0.004890729207545519,
                    0.4320799708366394,
                    0.901822030544281
                ]
            ],
            [
                [
                    0.9996742606163025,
                    0.006333649158477783,
                    -0.024723749607801437
                ],
                [
                    -0.007230354007333517,
                    0.9993129968643188,
                    -0.03634972870349884
                ],
                [
                    0.024476537480950356,
                    0.03651664778590202,
                    0.9990332722663879
                ]
            ],
            [
                [
                    0.9918692111968994,
                    -0.009068064391613007,
                    0.12693758308887482
                ],
                [
                    0.0007760244188830256,
                    0.9978705048561096,
                    0.06522168219089508
                ],
                [
                    -0.12725870311260223,
                    -0.0645928829908371,
                    0.9897640943527222
                ]
            ],
            [
                [
                    0.9892421960830688,
                    -0.041358161717653275,
                    -0.14031869173049927
                ],
                [
                    0.04435587674379349,
                    0.9988480806350708,
                    0.018302500247955322
                ],
                [
                    0.13940010964870453,
                    -0.024329565465450287,
                    0.9899371266365051
                ]
            ],
            [
                [
                    0.9982683062553406,
                    0.0435786210000515,
                    -0.03951142355799675
                ],
                [
                    -0.04488256201148033,
                    0.9984556436538696,
                    -0.0327378585934639
                ],
                [
                    0.03802373632788658,
                    0.03445454314351082,
                    0.9986825585365295
                ]
            ],
            [
                [
                    0.9966867566108704,
                    -0.022777993232011795,
                    0.07808233797550201
                ],
                [
                    0.020745692774653435,
                    0.9994271993637085,
                    0.026741158217191696
                ],
                [
                    -0.0786467045545578,
                    -0.025032684206962585,
                    0.996588408946991
                ]
            ],
            [
                [
                    0.9882259964942932,
                    0.12212833762168884,
                    -0.09216287732124329
                ],
                [
                    -0.11671407520771027,
                    0.9912265539169312,
                    0.06203095242381096
                ],
                [
                    0.09893001616001129,
                    -0.0505438968539238,
                    0.9938099384307861
                ]
            ],
            [
                [
                    0.993191123008728,
                    0.037282366305589676,
                    -0.11036994308233261
                ],
                [
                    -0.05346491187810898,
                    0.9876150488853455,
                    -0.14750611782073975
                ],
                [
                    0.10350363701581955,
                    0.15240266919136047,
                    0.9828838109970093
                ]
            ],
            [
                [
                    0.8679460883140564,
                    0.03091917373239994,
                    -0.4956951141357422
                ],
                [
                    0.010457162745296955,
                    0.9967014193534851,
                    0.08047979325056076
                ],
                [
                    0.4965483546257019,
                    -0.07503568381071091,
                    0.8647597432136536
                ]
            ],
            [
                [
                    0.9138603806495667,
                    -0.07079079747200012,
                    0.39980992674827576
                ],
                [
                    0.044385526329278946,
                    0.9962001442909241,
                    0.0749346911907196
                ],
                [
                    -0.4035953879356384,
                    -0.05073406547307968,
                    0.9135299324989319
                ]
            ],
            [
                [
                    0.9961898922920227,
                    -0.03174005448818207,
                    -0.0812292993068695
                ],
                [
                    0.038606297224760056,
                    0.9956833720207214,
                    0.08440518379211426
                ],
                [
                    0.07819963246583939,
                    -0.08721956610679626,
                    0.9931150674819946
                ]
            ],
            [
                [
                    0.3576607406139374,
                    0.7772737741470337,
                    -0.5176138877868652
                ],
                [
                    -0.7441554665565491,
                    0.5720911622047424,
                    0.3448829650878906
                ],
                [
                    0.5641908645629883,
                    0.26183414459228516,
                    0.7830270528793335
                ]
            ],
            [
                [
                    0.3277874290943146,
                    -0.8205523490905762,
                    0.4682404398918152
                ],
                [
                    0.8692200779914856,
                    0.45611849427223206,
                    0.19082021713256836
                ],
                [
                    -0.370151162147522,
                    0.3444555103778839,
                    0.8627504706382751
                ]
            ],
            [
                [
                    0.7822422981262207,
                    -0.12593212723731995,
                    -0.6101130843162537
                ],
                [
                    0.10381373763084412,
                    0.992012083530426,
                    -0.07165667414665222
                ],
                [
                    0.6142634749412537,
                    -0.0072852508164942265,
                    0.789067268371582
                ]
            ],
            [
                [
                    0.5556063055992126,
                    0.24585802853107452,
                    0.7942641377449036
                ],
                [
                    -0.061291538178920746,
                    0.9647930264472961,
                    -0.2557690143585205
                ],
                [
                    -0.8291833400726318,
                    0.0934251993894577,
                    0.5511140823364258
                ]
            ],
            [
                [
                    0.9843898415565491,
                    -0.16810452938079834,
                    0.052129704505205154
                ],
                [
                    0.16414903104305267,
                    0.9837565422058105,
                    0.07265134900808334
                ],
                [
                    -0.06349595636129379,
                    -0.06296020746231079,
                    0.9959941506385803
                ]
            ],
            [
                [
                    0.9834756851196289,
                    0.17994143068790436,
                    -0.0199156254529953
                ],
                [
                    -0.17474614083766937,
                    0.9722772240638733,
                    0.15537314116954803
                ],
                [
                    0.04732157289981842,
                    -0.14932553470134735,
                    0.9876551032066345
                ]
            ],
            [
                [
                    0.9805991053581238,
                    0.18305139243602753,
                    -0.07012549787759781
                ],
                [
                    -0.1682695895433426,
                    0.9695584177970886,
                    0.17788122594356537
                ],
                [
                    0.10055217891931534,
                    -0.16263018548488617,
                    0.9815500974655151
                ]
            ],
            [
                [
                    0.9815365672111511,
                    -0.175905242562294,
                    0.07512183487415314
                ],
                [
                    0.15885983407497406,
                    0.968441903591156,
                    0.19205154478549957
                ],
                [
                    -0.10653400421142578,
                    -0.1765717715024948,
                    0.9785054326057434
                ]
            ]
        ],
        "betas": [
            0.1303282082080841,
            0.24574822187423706,
            -0.20367206633090973,
            -0.3316706717014313,
            0.024008959531784058,
            0.056526463478803635,
            0.0941774994134903,
            -0.03624695539474487,
            0.0692404955625534,
            -0.06025657057762146
        ]
    },
    "pred_cam_t": [
        -0.058737799525260925,
        0.4221396744251251,
        18.390214920043945
    ],
    "focal_length": [
        5000.0,
        5000.0
    ],
    "pred_keypoints_3d": [
        [
            0.2428743839263916,
            -0.6864902377128601,
            0.2965278625488281
        ],
        [
            0.12679260969161987,
            -0.6799741387367249,
            0.1411859393119812
        ],
        [
            0.26502692699432373,
            -0.5931529402732849,
            0.05045869201421738
        ],
        [
            0.25893181562423706,
            -0.3358176052570343,
            0.021047964692115784
        ],
        [
            0.21339961886405945,
            -0.18525879085063934,
            0.22779889404773712
        ],
        [
            -0.017359822988510132,
            -0.619213879108429,
            0.23174330592155457
        ],
        [
            -0.03009207546710968,
            -0.3591233491897583,
            0.2843724191188812
        ],
        [
            0.13200540840625763,
            -0.1875395029783249,
            0.37633758783340454
        ],
        [
            -0.001715890597552061,
            -0.22016489505767822,
            0.02700490690767765
        ],
        [
            0.04734191298484802,
            -0.12148183584213257,
            0.002151358872652054
        ],
        [
            0.1487305462360382,
            0.22985625267028809,
            0.14202986657619476
        ],
        [
            0.10255799442529678,
            0.6353296041488647,
            0.1274918168783188
        ],
        [
            -0.0777880921959877,
            -0.13842204213142395,
            0.054297737777233124
        ],
        [
            -0.10930293053388596,
            0.20772793889045715,
            0.21756711602210999
        ],
        [
            -0.13228435814380646,
            0.6103516817092896,
            0.15474963188171387
        ],
        [
            0.2600070834159851,
            -0.7381571531295776,
            0.2680221199989319
        ],
        [
            0.20898905396461487,
            -0.7348861694335938,
            0.31135401129722595
        ],
        [
            0.23313301801681519,
            -0.7707759141921997,
            0.1733480989933014
        ],
        [
            0.11911895871162415,
            -0.7648114562034607,
            0.2686273157596588
        ],
        [
            -0.09357663989067078,
            0.6669228076934814,
            0.3464168608188629
        ],
        [
            -0.16989463567733765,
            0.6695668697357178,
            0.3126624524593353
        ],
        [
            -0.15371516346931458,
            0.6460781097412109,
            0.09812454879283905
        ],
        [
            0.19559957087039948,
            0.6799479722976685,
            0.3042173981666565
        ],
        [
            0.23113036155700684,
            0.6938177347183228,
            0.22519952058792114
        ],
        [
            0.07536302506923676,
            0.6834326982498169,
            0.07728998363018036
        ],
        [
            0.1103639230132103,
            0.5868430137634277,
            0.0917949378490448
        ],
        [
            0.13911981880664825,
            0.16824638843536377,
            0.1256515085697174
        ],
        [
            0.12728045880794525,
            -0.23134790360927582,
            -0.05229273810982704
        ],
        [
            -0.14626623690128326,
            -0.2534470856189728,
            0.055077243596315384
        ],
        [
            -0.11700612306594849,
            0.1653701364994049,
            0.20996317267417908
        ],
        [
            -0.1444411426782608,
            0.5737540125846863,
            0.13404981791973114
        ],
        [
            0.21186770498752594,
            -0.22195599973201752,
            0.23317107558250427
        ],
        [
            0.28636977076530457,
            -0.3542183041572571,
            0.04585083946585655
        ],
        [
            0.23806065320968628,
            -0.6193176507949829,
            0.06461220979690552
        ],
        [
            0.0006351340562105179,
            -0.6409766674041748,
            0.2150726020336151
        ],
        [
            -0.016396446153521538,
            -0.3911806344985962,
            0.3196958899497986
        ],
        [
            0.13430538773536682,
            -0.20684774219989777,
            0.38318294286727905
        ],
        [
            0.13293257355690002,
            -0.6750867962837219,
            0.15416425466537476
        ],
        [
            0.19707924127578735,
            -0.8068689107894897,
            0.2548183798789978
        ],
        [
            -0.009293030016124249,
            -0.24295423924922943,
            0.0017069913446903229
        ],
        [
            0.12002959847450256,
            -0.6270434856414795,
            0.13792304694652557
        ],
        [
            0.048925526440143585,
            -0.48312920331954956,
            0.03466876596212387
        ],
        [
            0.1861591637134552,
            -0.6953955888748169,
            0.23927447199821472
        ],
        [
            0.19989921152591705,
            -0.8287957906723022,
            0.2523905336856842
        ]
    ],
    "pred_vertices": [
        [
            0.21185791492462158,
            -0.7774292826652527,
            0.33600080013275146
        ],
        [
            0.21657219529151917,
            -0.7614700198173523,
            0.33154964447021484
        ],
        [
            0.20207801461219788,
            -0.7618491649627686,
            0.3315666615962982
        ],
        [
            0.1950300633907318,
            -0.7753808498382568,
            0.3325980007648468
        ],
        [
            0.20611272752285004,
            -0.7510331869125366,
            0.32938408851623535
        ],
        [
            0.21818718314170837,
            -0.7500122785568237,
            0.3279816210269928
        ],
        [
            0.18915581703186035,
            -0.7604241371154785,
            0.3267820477485657
        ],
        [
            0.1807534098625183,
            -0.7708845138549805,
            0.32535049319267273
        ],
        [
            0.16989868879318237,
            -0.7333420515060425,
            0.3083060681819916
        ],
        [
            0.16016967594623566,
            -0.7334304451942444,
            0.3028584122657776
        ],
        [
            0.16420836746692657,
            -0.7435704469680786,
            0.30871331691741943
        ],
        [
            0.17339465022087097,
            -0.741040050983429,
            0.3119342625141144
        ],
        [
            0.16162559390068054,
            -0.7110991477966309,
            0.29627925157546997
        ],
        [
            0.1687130182981491,
            -0.6993004679679871,
            0.2949761152267456
        ],
        [
            0.1588708460330963,
            -0.6954341530799866,
            0.28625571727752686
        ],
        [
            0.1519668698310852,
            -0.7072821259498596,
            0.28624773025512695
        ],
        [
            0.2116086781024933,
            -0.7025879621505737,
            0.2957335114479065
        ],
        [
            0.2049921154975891,
            -0.6968395709991455,
            0.29629701375961304
        ],
        [
            0.20311465859413147,
            -0.703208327293396,
            0.30051329731941223
        ],
        [
            0.20985466241836548,
            -0.7083743214607239,
            0.29906177520751953
        ],
        [
            0.22460876405239105,
            -0.7094181776046753,
            0.2974599003791809
        ],
        [
            0.22312012314796448,
            -0.7158288955688477,
            0.29777663946151733
        ],
        [
            0.23077841103076935,
            -0.717199981212616,
            0.2997589707374573
        ],
        [
            0.23199185729026794,
            -0.7097031474113464,
            0.30044451355934143
        ],
        [
            0.21472817659378052,
            -0.6978266835212708,
            0.2905549108982086
        ],
        [
            0.20741787552833557,
            -0.6920799612998962,
            0.2909688651561737
        ],
        [
            0.2175426483154297,
            -0.7072578072547913,
            0.2956388592720032
        ],
        [
            0.2193232774734497,
            -0.70261549949646,
            0.2944616973400116
        ],
        [
            0.22606730461120605,
            -0.6926629543304443,
            0.2976591885089874
        ],
        [
            0.2251691073179245,
            -0.697597861289978,
            0.29923635721206665
        ],
        [
            0.2320682406425476,
            -0.6959670782089233,
            0.30221763253211975
        ],
        [
            0.23130682110786438,
            -0.6911967396736145,
            0.299028605222702
        ],
        [
            0.21847428381443024,
            -0.6961832046508789,
            0.2927846908569336
        ],
        [
            0.22038117051124573,
            -0.6976545453071594,
            0.2959389090538025
        ],
        [
            0.2226988822221756,
            -0.6932751536369324,
            0.29476797580718994
        ],
        [
            0.2213515341281891,
            -0.692588210105896,
            0.29112958908081055
        ],
        [
            0.22584709525108337,
            -0.704552412033081,
            0.29747581481933594
        ],
        [
            0.23257040977478027,
            -0.7033036947250366,
            0.3012238144874573
        ],
        [
            0.24003729224205017,
            -0.7016767859458923,
            0.3042963743209839
        ],
        [
            0.23923739790916443,
            -0.6928116083145142,
            0.30411583185195923
        ],
        [
            0.1889166533946991,
            -0.6873561143875122,
            0.29329559206962585
        ],
        [
            0.19725584983825684,
            -0.6919642090797424,
            0.2957754135131836
        ],
        [
            0.20020538568496704,
            -0.6872036457061768,
            0.29116564989089966
        ],
        [
            0.19324150681495667,
            -0.6833804845809937,
            0.2900038957595825
        ],
        [
            0.21756431460380554,
            -0.6911649703979492,
            0.2884994447231293
        ],
        [
            0.21037426590919495,
            -0.6770747303962708,
            0.2847050428390503
        ],
        [
            0.21129195392131805,
            -0.6802651882171631,
            0.28654778003692627
        ],
        [
            0.21857497096061707,
            -0.6795446276664734,
            0.28590846061706543
        ],
        [
            0.2171160727739334,
            -0.6765585541725159,
            0.28448566794395447
        ],
        [
            0.17609232664108276,
            -0.6782245635986328,
            0.2846316993236542
        ],
        [
            0.18289870023727417,
            -0.6750682592391968,
            0.2842129170894623
        ],
        [
            0.17917627096176147,
            -0.6701016426086426,
            0.2799089848995209
        ],
        [
            0.17182748019695282,
            -0.6725146770477295,
            0.2786194086074829
        ],
        [
            0.17884624004364014,
            -0.6650466918945312,
            0.27567100524902344
        ],
        [
            0.1690172255039215,
            -0.6665760278701782,
            0.2725721001625061
        ],
        [
            0.17230340838432312,
            -0.6538410186767578,
            0.26126572489738464
        ],
        [
            0.17021949589252472,
            -0.659630537033081,
            0.2665039896965027
        ],
        [
            0.18064697086811066,
            -0.6598412990570068,
            0.271368145942688
        ],
        [
            0.18533526360988617,
            -0.6541002988815308,
            0.2681066691875458
        ],
        [
            0.20108139514923096,
            -0.6555008888244629,
            0.26836317777633667
        ],
        [
            0.20691165328025818,
            -0.6531797647476196,
            0.26626506447792053
        ],
        [
            0.19859452545642853,
            -0.6430506110191345,
            0.26256319880485535
        ],
        [
            0.19217272102832794,
            -0.6473770141601562,
            0.2653481364250183
        ],
        [
            0.2066437304019928,
            -0.673316478729248,
            0.27914154529571533
        ],
        [
            0.20196270942687988,
            -0.6745487451553345,
            0.2795800566673279
        ],
        [
            0.20339226722717285,
            -0.6748058795928955,
            0.2819550037384033
        ],
        [
            0.2088010609149933,
            -0.6744755506515503,
            0.28214940428733826
        ],
        [
            0.19798237085342407,
            -0.6749510169029236,
            0.2804836332798004
        ],
        [
            0.19618652760982513,
            -0.6749104261398315,
            0.28090736269950867
        ],
        [
            0.1973646581172943,
            -0.6755325794219971,
            0.28211504220962524
        ],
        [
            0.19861629605293274,
            -0.6756182909011841,
            0.2810262143611908
        ],
        [
            0.2004167139530182,
            -0.6751177310943604,
            0.28009313344955444
        ],
        [
            0.2009413242340088,
            -0.6733202934265137,
            0.2789476215839386
        ],
        [
            0.19875377416610718,
            -0.674100399017334,
            0.2799355983734131
        ],
        [
            0.20509561896324158,
            -0.6714236736297607,
            0.27842044830322266
        ],
        [
            0.2188684493303299,
            -0.666319727897644,
            0.27601099014282227
        ],
        [
            0.2151658833026886,
            -0.6669555902481079,
            0.2772941589355469
        ],
        [
            0.21699416637420654,
            -0.6713464260101318,
            0.2773638963699341
        ],
        [
            0.22019830346107483,
            -0.6711496114730835,
            0.2764459252357483
        ],
        [
            0.20020459592342377,
            -0.677098274230957,
            0.2830779552459717
        ],
        [
            0.19835218787193298,
            -0.6780045628547668,
            0.2848864793777466
        ],
        [
            0.20402488112449646,
            -0.6790807247161865,
            0.2859956622123718
        ],
        [
            0.2038925290107727,
            -0.6769880652427673,
            0.2837259769439697
        ],
        [
            0.19658784568309784,
            -0.6798169612884521,
            0.28722620010375977
        ],
        [
            0.1955643594264984,
            -0.6768133640289307,
            0.2835889458656311
        ],
        [
            0.19284531474113464,
            -0.6778281927108765,
            0.28552621603012085
        ],
        [
            0.19615429639816284,
            -0.6734582781791687,
            0.27986106276512146
        ],
        [
            0.1927223801612854,
            -0.6723989248275757,
            0.2799702286720276
        ],
        [
            0.19350558519363403,
            -0.674195408821106,
            0.28209173679351807
        ],
        [
            0.19372180104255676,
            -0.6696606278419495,
            0.2774823009967804
        ],
        [
            0.19820855557918549,
            -0.6715285778045654,
            0.2782084345817566
        ],
        [
            0.20207473635673523,
            -0.6688566207885742,
            0.2771539092063904
        ],
        [
            0.20722565054893494,
            -0.6659915447235107,
            0.27627065777778625
        ],
        [
            0.20228523015975952,
            -0.6629769802093506,
            0.2736913561820984
        ],
        [
            0.19718745350837708,
            -0.6662960052490234,
            0.27544036507606506
        ],
        [
            0.20295462012290955,
            -0.6830869317054749,
            0.28834769129753113
        ],
        [
            0.18893378973007202,
            -0.6743272542953491,
            0.2831428349018097
        ],
        [
            0.1878843456506729,
            -0.6801016330718994,
            0.2875252366065979
        ],
        [
            0.1871282011270523,
            -0.6706686019897461,
            0.2803468704223633
        ],
        [
            0.18736842274665833,
            -0.6669926643371582,
            0.276924192905426
        ],
        [
            0.19025176763534546,
            -0.662818431854248,
            0.27372199296951294
        ],
        [
            0.1954931616783142,
            -0.6590492725372314,
            0.27084609866142273
        ],
        [
            0.18763741850852966,
            -0.6400983333587646,
            0.25228604674339294
        ],
        [
            0.1804177165031433,
            -0.6457514762878418,
            0.25683721899986267
        ],
        [
            0.2165026068687439,
            -0.7441893815994263,
            0.32186245918273926
        ],
        [
            0.20783817768096924,
            -0.744596004486084,
            0.32492074370384216
        ],
        [
            0.20282849669456482,
            -0.739605188369751,
            0.3188333809375763
        ],
        [
            0.20194503664970398,
            -0.7414273023605347,
            0.32060506939888
        ],
        [
            0.2082754671573639,
            -0.7417591214179993,
            0.32030314207077026
        ],
        [
            0.2076164186000824,
            -0.7392284870147705,
            0.3184891641139984
        ],
        [
            0.18179965019226074,
            -0.7402282357215881,
            0.3132075071334839
        ],
        [
            0.18853090703487396,
            -0.7396106719970703,
            0.31433945894241333
        ],
        [
            0.18658602237701416,
            -0.7367972135543823,
            0.31189969182014465
        ],
        [
            0.17858628928661346,
            -0.7344807386398315,
            0.31092336773872375
        ],
        [
            0.1944512128829956,
            -0.7273596525192261,
            0.3089573383331299
        ],
        [
            0.18958182632923126,
            -0.7297580242156982,
            0.3098142445087433
        ],
        [
            0.19582855701446533,
            -0.734559178352356,
            0.31224045157432556
        ],
        [
            0.19933201372623444,
            -0.7327849864959717,
            0.3117411136627197
        ],
        [
            0.20323091745376587,
            -0.7316720485687256,
            0.31063777208328247
        ],
        [
            0.2072416990995407,
            -0.730960488319397,
            0.3090706765651703
        ],
        [
            0.20530086755752563,
            -0.7268511056900024,
            0.3065863847732544
        ],
        [
            0.2001110464334488,
            -0.7267221212387085,
            0.3079489469528198
        ],
        [
            0.21449582278728485,
            -0.7422797083854675,
            0.31772321462631226
        ],
        [
            0.2198677957057953,
            -0.7416214942932129,
            0.3128778338432312
        ],
        [
            0.21762345731258392,
            -0.7394863367080688,
            0.31199273467063904
        ],
        [
            0.2133072018623352,
            -0.7394090890884399,
            0.3164103627204895
        ],
        [
            0.2212352454662323,
            -0.7365744113922119,
            0.29945865273475647
        ],
        [
            0.22154515981674194,
            -0.7380357980728149,
            0.301997572183609
        ],
        [
            0.22541555762290955,
            -0.7388914823532104,
            0.30126702785491943
        ],
        [
            0.22442448139190674,
            -0.7354786396026611,
            0.2982885241508484
        ],
        [
            0.2218550592660904,
            -0.7328506112098694,
            0.29849058389663696
        ],
        [
            0.22007283568382263,
            -0.7349478006362915,
            0.29981374740600586
        ],
        [
            0.223698228597641,
            -0.7969838380813599,
            0.33830761909484863
        ],
        [
            0.22808679938316345,
            -0.7787021398544312,
            0.3348579704761505
        ],
        [
            0.20327763259410858,
            -0.7958595752716064,
            0.33661147952079773
        ],
        [
            0.18658126890659332,
            -0.7915433645248413,
            0.3298424184322357
        ],
        [
            0.17173081636428833,
            -0.7830392718315125,
            0.3231858015060425
        ],
        [
            0.16752836108207703,
            -0.6853014230728149,
            0.2855139970779419
        ],
        [
            0.16075921058654785,
            -0.6801872253417969,
            0.2782483696937561
        ],
        [
            0.14999139308929443,
            -0.6922022104263306,
            0.27728962898254395
        ],
        [
            0.1460077166557312,
            -0.6854026317596436,
            0.2684133052825928
        ],
        [
            0.15757723152637482,
            -0.6729041337966919,
            0.2700427174568176
        ],
        [
            0.16125068068504333,
            -0.6576523780822754,
            0.25245025753974915
        ],
        [
            0.15761563181877136,
            -0.6649404168128967,
            0.26119059324264526
        ],
        [
            0.14416532218456268,
            -0.6793228387832642,
            0.2573387026786804
        ],
        [
            0.13325197994709015,
            -0.6975030899047852,
            0.2562093436717987
        ],
        [
            0.13718917965888977,
            -0.700047492980957,
            0.2672981321811676
        ],
        [
            0.12772418558597565,
            -0.7171869277954102,
            0.25608035922050476
        ],
        [
            0.12763114273548126,
            -0.6964831352233887,
            0.2425224930047989
        ],
        [
            0.12435939908027649,
            -0.7205384969711304,
            0.247971311211586
        ],
        [
            0.1297374963760376,
            -0.6658380031585693,
            0.22079628705978394
        ],
        [
            0.1222328171133995,
            -0.6607322692871094,
            0.2144104242324829
        ],
        [
            0.10939083248376846,
            -0.673926591873169,
            0.21370801329612732
        ],
        [
            0.11580163985490799,
            -0.6788654923439026,
            0.22117269039154053
        ],
        [
            0.1429097056388855,
            -0.703456461429596,
            0.276589035987854
        ],
        [
            0.16073986887931824,
            -0.7560449838638306,
            0.3089621663093567
        ],
        [
            0.17051227390766144,
            -0.7511300444602966,
            0.3141492009162903
        ],
        [
            0.15379978716373444,
            -0.746369481086731,
            0.30238333344459534
        ],
        [
            0.16331474483013153,
            -0.8174244165420532,
            0.32128676772117615
        ],
        [
            0.17548099160194397,
            -0.8052560687065125,
            0.32862257957458496
        ],
        [
            0.16269239783287048,
            -0.7947965860366821,
            0.3215135335922241
        ],
        [
            0.1523045003414154,
            -0.8073899745941162,
            0.31600120663642883
        ],
        [
            0.1986515372991562,
            -0.8444023132324219,
            0.32408177852630615
        ],
        [
            0.2114964723587036,
            -0.8218867778778076,
            0.3352719843387604
        ],
        [
            0.1946033239364624,
            -0.8153506517410278,
            0.332825630903244
        ],
        [
            0.18271426856517792,
            -0.8325755596160889,
            0.32500335574150085
        ],
        [
            0.14353841543197632,
            -0.814322829246521,
            0.3085396885871887
        ],
        [
            0.1333848536014557,
            -0.8239803314208984,
            0.2967025339603424
        ],
        [
            0.13728764653205872,
            -0.8409515619277954,
            0.295733243227005
        ],
        [
            0.15093141794204712,
            -0.8314876556396484,
            0.3106752634048462
        ],
        [
            0.14849139750003815,
            -0.8615820407867432,
            0.29190635681152344
        ],
        [
            0.1650506556034088,
            -0.8505257964134216,
            0.3094230592250824
        ],
        [
            0.11652670055627823,
            -0.7144351005554199,
            0.23399785161018372
        ],
        [
            0.11900234967470169,
            -0.7311030626296997,
            0.2410520315170288
        ],
        [
            0.12398611009120941,
            -0.6855167746543884,
            0.23075586557388306
        ],
        [
            0.11284725368022919,
            -0.7013721466064453,
            0.22603322565555573
        ],
        [
            0.1636928766965866,
            -0.877556562423706,
            0.28313949704170227
        ],
        [
            0.18309345841407776,
            -0.8656265735626221,
            0.30481356382369995
        ],
        [
            0.109314925968647,
            -0.8281972408294678,
            0.24741163849830627
        ],
        [
            0.11597713828086853,
            -0.839451789855957,
            0.2619399130344391
        ],
        [
            0.11639372259378433,
            -0.8208611011505127,
            0.27113303542137146
        ],
        [
            0.10983777791261673,
            -0.8124854564666748,
            0.2565835416316986
        ],
        [
            0.11266027390956879,
            -0.8435678482055664,
            0.23472867906093597
        ],
        [
            0.12085401266813278,
            -0.8569477796554565,
            0.25141316652297974
        ],
        [
            0.10379484295845032,
            -0.7811383008956909,
            0.2154720276594162
        ],
        [
