{
    "pred_cam": [
        2.16359806060791,
        -0.06466168910264969,
        0.4123480021953583
    ],
    "pred_smpl_params": {
        "global_orient": [
            [
                [
                    -0.9014387726783752,
                    0.11522723734378815,
                    0.4172898530960083
                ],
                [
                    -0.13072730600833893,
                    -0.9913806319236755,
                    -0.008647696115076542
                ],
                [
                    0.41269662976264954,
                    -0.06234654039144516,
                    0.9087322950363159
                ]
            ]
        ],
        "body_pose": [
            [
                [
                    0.998714029788971,
                    -0.011563587002456188,
                    0.04936101287603378
                ],
                [
                    -0.00527634983882308,
                    0.9446443915367126,
                    0.3280535638332367
                ],
                [
                    -0.05042208358645439,
                    -0.3278921842575073,
                    0.9433686137199402
                ]
            ],
            [
                [
                    0.9949231743812561,
                    0.09582069516181946,
                    0.030761048197746277
                ],
                [
                    -0.10002308338880539,
                    0.9078085422515869,
                    0.4072825312614441
                ],
                [
                    0.01110095251351595,
                    -0.40829163789749146,
                    0.9127840399742126
                ]
            ],
            [
                [
                    0.9959012269973755,
                    -0.06309538334608078,
                    -0.06480488926172256
                ],
                [
                    0.027018824592232704,
                    0.8913125991821289,
                    -0.45258355140686035
                ],
                [
                    0.08631734549999237,
                    0.44897758960723877,
                    0.8893640637397766
                ]
            ],
            [
                [
                    0.9941991567611694,
                    0.1041015088558197,
                    0.027036089450120926
                ],
                [
                    -0.08461088687181473,
                    0.9121866226196289,
                    -0.40094465017318726
                ],
                [
                    -0.0664009153842926,
                    0.396331250667572,
                    0.915703296661377
                ]
            ],
            [
                [
                    0.999363362789154,
                    -0.02951253578066826,
                    0.020051032304763794
                ],
                [
                    0.035020861774683,
                    0.9188553094863892,
                    -0.393037348985672
                ],
                [
                    -0.00682446826249361,
                    0.393489271402359,
                    0.9193038940429688
                ]
            ],
            [
                [
                    0.9997705817222595,
                    0.00872080773115158,
                    -0.01956426165997982
                ],
                [
                    -0.009339653886854649,
                    0.9994516372680664,
                    -0.031766317784786224
                ],
                [
                    0.019276507198810577,
                    0.03194175288081169,
                    0.9993038177490234
                ]
            ],
            [
                [
                    0.9913985729217529,
                    -0.009113706648349762,
                    0.13055957853794098
                ],
                [
                    0.0023521718103438616,
                    0.9986521005630493,
                    0.051849834620952606
                ],
                [
                    -0.13085615634918213,
                    -0.051096756011247635,
                    0.9900836944580078
                ]
            ],
            [
                [
                    0.988777220249176,
                    -0.039348360151052475,
                    -0.14412221312522888
                ],
                [
                    0.04148675873875618,
                    0.9990686178207397,
                    0.011861146427690983
                ],
                [
                    0.1435212790966034,
                    -0.01770719699561596,
                    0.9894887208938599
                ]
            ],
            [
                [
                    0.9983722567558289,
                    0.04714338481426239,
                    -0.032098930329084396
                ],
                [
                    -0.04833555966615677,
                    0.9981292486190796,
                    -0.03743693232536316
                ],
                [
                    0.030273981392383575,
                    0.03892751410603523,
                    0.9987832307815552
                ]
            ],
            [
                [
                    0.9969046711921692,
                    -0.024428538978099823,
                    0.07472852617502213
                ],
                [
                    0.02333114482462406,
                    0.999607264995575,
                    0.015523160807788372
                ],
                [
                    -0.07507839053869247,
                    -0.013731609098613262,
                    0.9970830678939819
                ]
            ],
            [
                [
                    0.9894888997077942,
                    0.11103891581296921,
                    -0.09263879805803299
                ],
                [
                    -0.10523730516433716,
                    0.9922985434532166,
                    0.06533537060022354
                ],
                [
                    0.09918011724948883,
                    -0.05489956960082054,
                    0.9935538172721863
                ]
            ],
            [
                [
                    0.9957779049873352,
                    0.04740375280380249,
                    -0.07860837131738663
                ],
                [
                    -0.06143076717853546,
                    0.9804503321647644,
                    -0.1869313269853592
                ],
                [
                    0.06821036338806152,
                    0.19097106158733368,
                    0.97922283411026
                ]
            ],
            [
                [
                    0.8600072860717773,
                    -0.009608389809727669,
                    -0.5101913809776306
                ],
                [
                    0.05793657526373863,
                    0.9951961040496826,
                    0.07891871780157089
                ],
                [
                    0.506982147693634,
                    -0.09742940217256546,
                    0.8564325571060181
                ]
            ],
            [
                [
                    0.9098012447357178,
                    -0.035256966948509216,
                    0.4135438799858093
                ],
                [
                    0.0052729398012161255,
                    0.997286856174469,
                    0.073423832654953
                ],
                [
                    -0.41501060128211975,
                    -0.06462050974369049,
                    0.907518744468689
                ]
            ],
            [
                [
                    0.998534619808197,
                    -0.013419494032859802,
                    -0.05242498219013214
                ],
                [
                    0.016872532665729523,
                    0.9976776242256165,
                    0.06598956137895584
                ],
                [
                    0.05141768977046013,
                    -0.06677741557359695,
                    0.9964420795440674
                ]
            ],
            [
                [
                    0.3481554388999939,
                    0.7628234028816223,
                    -0.5448744297027588
                ],
                [
                    -0.7232731580734253,
                    0.5883530378341675,
                    0.36154747009277344
                ],
                [
                    0.5963754653930664,
                    0.26821836829185486,
                    0.7565680146217346
                ]
            ],
            [
                [
                    0.29687121510505676,
                    -0.8239040970802307,
                    0.4827519655227661
                ],
                [
                    0.8758113980293274,
                    0.4363914728164673,
                    0.20619608461856842
                ],
                [
                    -0.3805546760559082,
                    0.3615860044956207,
                    0.8511366844177246
                ]
            ],
            [
                [
                    0.7456390261650085,
                    -0.12759263813495636,
                    -0.6540201902389526
                ],
                [
                    0.10114214569330215,
                    0.9917954802513123,
                    -0.07817840576171875
                ],
                [
                    0.6586293578147888,
                    -0.007856146432459354,
                    0.7524263858795166
                ]
            ],
            [
                [
                    0.5175872445106506,
                    0.24988237023353577,
                    0.8183289766311646
                ],
                [
                    -0.050357136875391006,
                    0.9636431336402893,
                    -0.26240453124046326
                ],
                [
                    -0.8541473150253296,
                    0.09460853785276413,
                    0.5113527774810791
                ]
            ],
            [
                [
                    0.984555184841156,
                    -0.1689388006925583,
                    0.04594416171312332
                ],
                [
                    0.1654377579689026,
                    0.9836189150810242,
                    0.07158306986093521
                ],
                [
                    -0.057284705340862274,
                    -0.06287657469511032,
                    0.9963759779930115
                ]
            ],
            [
                [
                    0.9840192794799805,
                    0.17778906226158142,
                    -0.009844165295362473
                ],
                [
                    -0.1734570860862732,
                    0.9695995450019836,
                    0.17259560525417328
                ],
                [
                    0.04023051634430885,
                    -0.16812990605831146,
                    0.9849433898925781
                ]
            ],
            [
                [
                    0.9798563718795776,
                    0.18558131158351898,
                    -0.07376397401094437
                ],
                [
                    -0.17050695419311523,
                    0.9697327017784119,
                    0.17477351427078247
                ],
                [
                    0.10396604239940643,
                    -0.1586756557226181,
                    0.9818416833877563
                ]
            ],
            [
                [
                    0.9807298183441162,
                    -0.18026642501354218,
                    0.07532043755054474
                ],
                [
                    0.16314087808132172,
                    0.9677535891532898,
                    0.1919320821762085
                ],
                [
                    -0.10749054700136185,
                    -0.17594565451145172,
                    0.9785135984420776
                ]
            ]
        ],
        "betas": [
            0.12913480401039124,
            0.16766977310180664,
            -0.10520707070827484,
            -0.21746501326560974,
            0.0475311279296875,
            0.0898652970790863,
            0.11292111873626709,
            -0.057355284690856934,
            0.05449090898036957,
            -0.04115825891494751
        ]
    },
    "pred_cam_t": [
        -0.06466168910264969,
        0.4123480021953583,
        18.05441665649414
    ],
    "focal_length": [
        5000.0,
        5000.0
    ],
    "pred_keypoints_3d": [
        [
            0.23490619659423828,
            -0.685689389705658,
            0.2994820475578308
        ],
        [
            0.12738651037216187,
            -0.6866471767425537,
            0.13782837986946106
        ],
        [
            0.26689305901527405,
            -0.6012283563613892,
            0.05066555738449097
        ],
        [
            0.26231539249420166,
            -0.34406769275665283,
            0.028032490983605385
        ],
        [
            0.20403623580932617,
            -0.20933671295642853,
            0.24128109216690063
        ],
        [
            -0.014406159520149231,
            -0.6296164393424988,
            0.23069840669631958
        ],
        [
            -0.019065625965595245,
            -0.3740083575248718,
            0.29945141077041626
        ],
        [
            0.16150644421577454,
            -0.22074423730373383,
            0.3872602880001068
        ],
        [
            -0.001776588149368763,
            -0.22214707732200623,
            0.027435418218374252
        ],
        [
            0.046622976660728455,
            -0.12323077023029327,
            0.0008141882717609406
        ],
        [
            0.137639582157135,
            0.23431529104709625,
            0.1274188905954361
        ],
        [
            0.08776085078716278,
            0.6379039883613586,
            0.11455364525318146
        ],
        [
            -0.07797014713287354,
            -0.14023101329803467,
            0.05515768378973007
        ],
        [
            -0.10541067272424698,
            0.2117236852645874,
            0.20209619402885437
        ],
        [
            -0.12395534664392471,
            0.6125969886779785,
            0.1367894411087036
        ],
        [
            0.25606390833854675,
            -0.7372736930847168,
            0.27365943789482117
        ],
        [
            0.2019893079996109,
            -0.7350559234619141,
            0.3132527470588684
        ],
        [
            0.23738297820091248,
            -0.7736052870750427,
            0.177734836935997
        ],
        [
            0.11653731763362885,
            -0.7701433897018433,
            0.2655177712440491
        ],
        [
            -0.08293498307466507,
            0.6734085083007812,
            0.32685619592666626
        ],
        [
            -0.15986256301403046,
            0.6749480962753296,
            0.2937929630279541
        ],
        [
            -0.14536641538143158,
            0.6475964784622192,
            0.0797644779086113
        ],
        [
            0.18322685360908508,
            0.6838074922561646,
            0.28938594460487366
        ],
        [
            0.21774917840957642,
            0.6977899670600891,
            0.20985740423202515
        ],
        [
            0.05906170979142189,
            0.685828447341919,
            0.06492312997579575
        ],
        [
            0.09550393372774124,
            0.5898299813270569,
            0.07848215103149414
        ],
        [
            0.12941743433475494,
            0.17212164402008057,
            0.11246984452009201
        ],
        [
            0.12673766911029816,
            -0.23327605426311493,
            -0.05343011021614075
        ],
        [
            -0.1460755318403244,
            -0.25547105073928833,
            0.05860036984086037
        ],
        [
            -0.11372935771942139,
            0.1691424548625946,
            0.19593048095703125
        ],
        [
            -0.13677935302257538,
            0.5760084390640259,
            0.11648429185152054
        ],
        [
            0.20325912535190582,
            -0.2466336190700531,
            0.2441742718219757
        ],
        [
            0.2888159453868866,
            -0.3633394241333008,
            0.053627245128154755
        ],
        [
            0.23956820368766785,
            -0.6264724731445312,
            0.06405457854270935
        ],
        [
            0.0026431921869516373,
            -0.6503605842590332,
            0.2135373055934906
        ],
        [
            -0.003884614910930395,
            -0.40868014097213745,
            0.3319501280784607
        ],
        [
            0.16312138736248016,
            -0.24066269397735596,
            0.3928823471069336
        ],
        [
            0.13381211459636688,
            -0.6828517913818359,
            0.1512117236852646
        ],
        [
            0.1971759796142578,
            -0.8091917037963867,
            0.25832176208496094
        ],
        [
            -0.009501484222710133,
            -0.24493415653705597,
            0.0029625501483678818
        ],
        [
            0.1216995045542717,
            -0.6350943446159363,
            0.13659541308879852
        ],
        [
            0.05004444345831871,
            -0.4878567159175873,
            0.03448016196489334
        ],
        [
            0.1827087253332138,
            -0.6983298659324646,
            0.23853492736816406
        ],
        [
            0.20090432465076447,
            -0.8309541940689087,
            0.25679588317871094
        ]
    ],
    "pred_vertices": [
        [
            0.20499330759048462,
            -0.7767662405967712,
            0.33962365984916687
        ],
        [
            0.20937150716781616,
            -0.7606998085975647,
            0.3349190950393677
        ],
        [
            0.19491007924079895,
            -0.7617219686508179,
            0.33398428559303284
        ],
        [
            0.18837624788284302,
            -0.7754799127578735,
            0.33499670028686523
        ],
        [
            0.19867095351219177,
            -0.7507884502410889,
            0.3317105770111084
        ],
        [
            0.2107143998146057,
            -0.7492326498031616,
            0.33109453320503235
        ],
        [
            0.18229131400585175,
            -0.7609538435935974,
            0.328255832195282
        ],
        [
            0.17443063855171204,
            -0.7718031406402588,
            0.3265906274318695
        ],
        [
            0.16314765810966492,
            -0.7352129220962524,
            0.3076271414756775
        ],
        [
            0.1538485884666443,
            -0.7358659505844116,
            0.3015736937522888
        ],
        [
            0.15791195631027222,
            -0.7456307411193848,
            0.3079826235771179
        ],
        [
            0.1667516827583313,
            -0.7426400780677795,
            0.3117135465145111
        ],
        [
            0.1548895239830017,
            -0.7136387228965759,
            0.2945106029510498
        ],
        [
            0.16152694821357727,
            -0.7015713453292847,
            0.29334044456481934
        ],
        [
            0.15214833617210388,
            -0.6983290314674377,
            0.2839162349700928
        ],
        [
            0.1457555890083313,
            -0.7104700803756714,
            0.2837541401386261
        ],
        [
            0.20442081987857819,
            -0.7031137943267822,
            0.29698312282562256
        ],
        [
            0.19755029678344727,
            -0.6976174116134644,
            0.2969461977481842
        ],
        [
            0.19564878940582275,
            -0.703930139541626,
            0.30124205350875854
        ],
        [
            0.20266692340373993,
            -0.708860456943512,
            0.3003678023815155
        ],
        [
            0.21754086017608643,
            -0.7093411087989807,
            0.29977625608444214
        ],
        [
            0.21629510819911957,
            -0.7157896757125854,
            0.3001750111579895
        ],
        [
            0.22385437786579132,
            -0.7167896628379822,
            0.30271729826927185
        ],
        [
            0.22470620274543762,
            -0.7092512845993042,
            0.3032856285572052
        ],
        [
            0.20768693089485168,
            -0.6984013915061951,
            0.2918441593647003
        ],
        [
            0.20014166831970215,
            -0.6929545402526855,
            0.29159602522850037
        ],
        [
            0.21052175760269165,
            -0.707527756690979,
            0.29740339517593384
        ],
        [
            0.2121885120868683,
            -0.7028597593307495,
            0.2962276339530945
        ],
        [
            0.21829606592655182,
            -0.6925668716430664,
            0.29963475465774536
        ],
        [
            0.21748393774032593,
            -0.6974819898605347,
            0.3012864589691162
        ],
        [
            0.2240639328956604,
            -0.6954946517944336,
            0.3046935498714447
        ],
        [
            0.223355233669281,
            -0.6908290386199951,
            0.30132633447647095
        ],
        [
            0.21115177869796753,
            -0.6965112686157227,
            0.29433298110961914
        ],
        [
            0.2128913700580597,
            -0.6978200674057007,
            0.29767096042633057
        ],
        [
            0.21511958539485931,
            -0.6933885216712952,
            0.29653385281562805
        ],
        [
            0.21401594579219818,
            -0.6928541660308838,
            0.29276496171951294
        ],
        [
            0.21852372586727142,
            -0.7044413089752197,
            0.2997533977031708
        ],
        [
            0.22492295503616333,
            -0.7028248310089111,
            0.3039388954639435
        ],
        [
            0.23210406303405762,
            -0.7008137702941895,
            0.30748340487480164
        ],
        [
            0.23099541664123535,
            -0.6919713616371155,
            0.3070010542869568
        ],
        [
            0.18133850395679474,
            -0.6888589859008789,
            0.29264259338378906
        ],
        [
            0.18961665034294128,
            -0.693061113357544,
            0.2957921326160431
        ],
        [
            0.1927253007888794,
            -0.6883708238601685,
            0.2911922335624695
        ],
        [
            0.18571200966835022,
            -0.684856653213501,
            0.28948113322257996
        ],
        [
            0.21039170026779175,
            -0.6916565895080566,
            0.28983205556869507
        ],
        [
            0.20296987891197205,
            -0.6779876947402954,
            0.28515639901161194
        ],
        [
            0.20387080311775208,
            -0.6810914278030396,
            0.2871363162994385
        ],
        [
            0.21116028726100922,
            -0.680070161819458,
            0.2869904041290283
        ],
        [
            0.20969565212726593,
            -0.6771849393844604,
            0.2853846251964569
        ],
        [
            0.16878604888916016,
            -0.6804843544960022,
            0.2829335331916809
        ],
        [
            0.17549832165241241,
            -0.6770952939987183,
            0.2828320562839508
        ],
        [
            0.1719129979610443,
            -0.6723751425743103,
            0.27817821502685547
        ],
        [
            0.16478300094604492,
            -0.6751147508621216,
            0.2764964699745178
        ],
        [
            0.17180338501930237,
            -0.6674599051475525,
            0.27376726269721985
        ],
        [
            0.16225603222846985,
            -0.6694512367248535,
            0.2701423168182373
        ],
        [
            0.16591866314411163,
            -0.6568509936332703,
            0.2587335407733917
        ],
        [
            0.16366493701934814,
            -0.6625989079475403,
            0.26398250460624695
        ],
        [
            0.17375147342681885,
            -0.6623103618621826,
            0.2694252133369446
        ],
        [
            0.17848187685012817,
            -0.6564655303955078,
            0.2663111686706543
        ],
        [
            0.1940867155790329,
            -0.6571817398071289,
            0.26764601469039917
        ],
        [
            0.19998449087142944,
            -0.6546803712844849,
            0.26587042212486267
        ],
        [
            0.19159020483493805,
            -0.6449529528617859,
            0.2613559365272522
        ],
        [
            0.1852463185787201,
            -0.649503231048584,
            0.2638288140296936
        ],
        [
            0.1995159536600113,
            -0.6745473146438599,
            0.27922478318214417
        ],
        [
            0.19484691321849823,
            -0.6759639978408813,
            0.2793906629085541
        ],
        [
            0.19610682129859924,
            -0.6760915517807007,
            0.28186696767807007
        ],
        [
            0.201474130153656,
            -0.675531804561615,
            0.282413125038147
        ],
        [
            0.1908167004585266,
            -0.6765122413635254,
            0.2800452411174774
        ],
        [
            0.18899162113666534,
            -0.6765389442443848,
            0.2803502082824707
        ],
        [
            0.19010019302368164,
            -0.6770762801170349,
            0.2816530466079712
        ],
        [
            0.19138115644454956,
            -0.6771389245986938,
            0.28065240383148193
        ],
        [
            0.19324076175689697,
            -0.6765855550765991,
            0.2798241674900055
        ],
        [
            0.19378963112831116,
            -0.6747915744781494,
            0.2786647379398346
        ],
        [
            0.1916099190711975,
            -0.6756410598754883,
            0.27952805161476135
        ],
        [
            0.19791582226753235,
            -0.6727335453033447,
            0.27836665511131287
        ],
        [
            0.21169555187225342,
            -0.6671116352081299,
            0.2767499089241028
        ],
        [
            0.2079325020313263,
            -0.6678706407546997,
            0.27779555320739746
        ],
        [
            0.20990070700645447,
            -0.6721856594085693,
            0.2781086564064026
        ],
        [
            0.2131616473197937,
            -0.6718675494194031,
            0.2774101197719574
        ],
        [
            0.19288501143455505,
            -0.6784852147102356,
            0.28286561369895935
        ],
        [
            0.1909862756729126,
            -0.6794272661209106,
            0.2845582067966461
        ],
        [
            0.19660264253616333,
            -0.680232048034668,
            0.28606539964675903
        ],
        [
            0.19656692445278168,
            -0.6782058477401733,
            0.2837347984313965
        ],
        [
            0.18908649682998657,
            -0.6812439560890198,
            0.2868189811706543
        ],
        [
            0.18824124336242676,
            -0.6783944964408875,
            0.2830458879470825
        ],
        [
            0.18544670939445496,
            -0.679459810256958,
            0.28483083844184875
        ],
        [
            0.1889878511428833,
            -0.6751104593276978,
            0.27925968170166016
        ],
        [
            0.18550802767276764,
            -0.674193799495697,
            0.2791125178337097
        ],
        [
            0.18619930744171143,
            -0.6759029626846313,
            0.28133463859558105
        ],
        [
            0.18659982085227966,
            -0.6714639067649841,
            0.2766239643096924
        ],
        [
            0.19109420478343964,
            -0.6731317639350891,
            0.27768585085868835
        ],
        [
            0.19494207203388214,
            -0.6703159809112549,
            0.27682533860206604
        ],
        [
            0.2000393271446228,
            -0.6672463417053223,
            0.27621573209762573
        ],
        [
            0.1951906681060791,
            -0.6644948720932007,
            0.2732350826263428
        ],
        [
            0.19009345769882202,
            -0.6679890751838684,
            0.2747320532798767
        ],
        [
            0.19552487134933472,
            -0.6842185258865356,
            0.2884621024131775
        ],
        [
            0.1815580129623413,
            -0.676180362701416,
            0.2820987105369568
        ],
        [
            0.18042784929275513,
            -0.6818594336509705,
            0.2865804135799408
        ],
        [
            0.17982831597328186,
            -0.6726545095443726,
            0.2790958881378174
        ],
        [
            0.18019908666610718,
            -0.6690577268600464,
            0.2755887806415558
        ],
        [
            0.1832621842622757,
            -0.6648541688919067,
            0.27245068550109863
        ],
        [
            0.1884681135416031,
            -0.6609110236167908,
            0.26984721422195435
        ],
        [
            0.1812741458415985,
            -0.6426461935043335,
            0.2502914369106293
        ],
        [
            0.1740802526473999,
            -0.6485207080841064,
            0.2545527219772339
        ],
        [
            0.20920419692993164,
            -0.7436558604240417,
            0.32465681433677673
        ],
        [
            0.20038306713104248,
            -0.7443475723266602,
            0.3271389901638031
        ],
        [
            0.19558590650558472,
            -0.739769697189331,
            0.32052186131477356
        ],
        [
            0.19466111063957214,
            -0.741571307182312,
            0.32228943705558777
        ],
        [
            0.2010136842727661,
            -0.7416213750839233,
            0.3224503695964813
        ],
        [
            0.20037060976028442,
            -0.7391995191574097,
            0.320486843585968
        ],
        [
            0.17494869232177734,
            -0.7414606809616089,
            0.31347596645355225
        ],
        [
            0.1815756857395172,
            -0.7405440807342529,
            0.3150198459625244
        ],
        [
            0.1797272115945816,
            -0.7378849387168884,
            0.3123627007007599
        ],
        [
            0.17169912159442902,
            -0.735908567905426,
            0.31084078550338745
        ],
        [
            0.18738940358161926,
            -0.7282016277313232,
            0.30970895290374756
        ],
        [
            0.18259111046791077,
            -0.730780839920044,
            0.3103063404560089
        ],
        [
            0.18879607319831848,
            -0.7352462410926819,
            0.31326353549957275
        ],
        [
            0.19224461913108826,
            -0.7333357930183411,
            0.312950074672699
        ],
        [
            0.19616088271141052,
            -0.7320990562438965,
            0.3120664358139038
        ],
        [
            0.20029228925704956,
            -0.7312676906585693,
            0.31075432896614075
        ],
        [
            0.19830432534217834,
            -0.72730553150177,
            0.30803602933883667
        ],
        [
            0.19302819669246674,
            -0.7273527383804321,
            0.3090493679046631
        ],
        [
            0.207352414727211,
            -0.7419642210006714,
            0.3202841579914093
        ],
        [
            0.21306689083576202,
            -0.7412232160568237,
            0.31579041481018066
        ],
        [
            0.21074898540973663,
            -0.7392359972000122,
            0.31466567516326904
        ],
        [
            0.20614267885684967,
            -0.739210844039917,
            0.3187887966632843
        ],
        [
            0.215131476521492,
            -0.7365431785583496,
            0.30233657360076904
        ],
        [
            0.2153192162513733,
            -0.7379146218299866,
            0.3049330711364746
        ],
        [
            0.21925903856754303,
            -0.738641619682312,
            0.304483026266098
        ],
        [
            0.21834640204906464,
            -0.7353591322898865,
            0.3013322651386261
        ],
        [
            0.2156495451927185,
            -0.7328225374221802,
            0.3012969195842743
        ],
        [
            0.21386797726154327,
            -0.7349477410316467,
            0.3025781512260437
        ],
        [
            0.21750177443027496,
            -0.7957040071487427,
            0.34336912631988525
        ],
        [
            0.22130821645259857,
            -0.7773877382278442,
            0.33955705165863037
        ],
        [
            0.19720834493637085,
            -0.7955134510993958,
            0.3402271270751953
        ],
        [
            0.18080559372901917,
            -0.7921007871627808,
            0.3320920169353485
        ],
        [
            0.16603894531726837,
            -0.7844190001487732,
            0.3241870403289795
        ],
        [
            0.16043433547019958,
            -0.6878737211227417,
            0.2834765613079071
        ],
        [
            0.15399959683418274,
            -0.6832396388053894,
            0.275664746761322
        ],
        [
            0.14379718899726868,
            -0.695720911026001,
            0.27431872487068176
        ],
        [
            0.1402004063129425,
            -0.689291775226593,
            0.2650924026966095
        ],
        [
            0.15118899941444397,
            -0.6762786507606506,
            0.2671094536781311
        ],
        [
            0.1555871069431305,
            -0.6610971689224243,
            0.2495073825120926
        ],
        [
            0.15158288180828094,
            -0.6684551239013672,
            0.2581600844860077
        ],
        [
            0.1388518512248993,
            -0.6834332942962646,
            0.25393959879875183
        ],
        [
            0.12858018279075623,
            -0.7021077871322632,
            0.2525966167449951
        ],
        [
            0.13201236724853516,
            -0.7042927145957947,
            0.26378780603408813
        ],
        [
            0.12380874156951904,
            -0.7221066951751709,
            0.25259026885032654
        ],
        [
            0.12383170425891876,
            -0.7014658451080322,
            0.23876667022705078
        ],
        [
            0.12117218226194382,
            -0.7258167266845703,
            0.24433857202529907
        ],
        [
            0.12683936953544617,
            -0.671207070350647,
            0.21747446060180664
        ],
        [
            0.11992021650075912,
            -0.6666096448898315,
            0.2110351324081421
        ],
        [
            0.107378751039505,
            -0.6803643107414246,
            0.20983877778053284
        ],
        [
            0.1132877767086029,
            -0.6849164962768555,
            0.21721722185611725
        ],
        [
            0.1371810883283615,
            -0.7072473764419556,
            0.27344372868537903
        ],
        [
            0.1549047976732254,
            -0.7582765221595764,
            0.30840614438056946
        ],
        [
            0.16410765051841736,
            -0.7527543306350708,
            0.3140968084335327
        ],
        [
            0.1480746567249298,
            -0.7490510940551758,
            0.30104860663414
        ],
        [
            0.159254252910614,
            -0.8192739486694336,
            0.32271668314933777
        ],
        [
            0.17042163014411926,
            -0.8064024448394775,
            0.33046141266822815
        ],
        [
            0.15768587589263916,
            -0.7966686487197876,
            0.3222253620624542
        ],
        [
            0.1482301950454712,
            -0.809888482093811,
            0.3163995146751404
        ],
        [
            0.19549691677093506,
            -0.844637393951416,
            0.32883328199386597
        ],
        [
            0.20653194189071655,
            -0.8212617635726929,
            0.34022438526153564
        ],
        [
            0.18960347771644592,
            -0.8155584335327148,
            0.33640986680984497
        ],
        [
            0.1790388822555542,
            -0.8334894180297852,
            0.3282601237297058
        ],
        [
            0.14028379321098328,
            -0.8173750638961792,
            0.3085668385028839
        ],
        [
            0.13135191798210144,
            -0.8278354406356812,
            0.296360582113266
        ],
        [
            0.1360001116991043,
            -0.8446627259254456,
            0.2962380051612854
        ],
        [
            0.14820004999637604,
            -0.8341636657714844,
            0.3118191361427307
        ],
        [
            0.1482844203710556,
            -0.8649803400039673,
            0.29382309317588806
        ],
        [
            0.16319862008094788,
            -0.8526959419250488,
            0.3121172785758972
        ],
        [
            0.11426128447055817,
            -0.720272421836853,
            0.22975802421569824
        ],
        [
            0.11683705449104309,
            -0.7368923425674438,
            0.2372460514307022
        ],
        [
            0.12083332240581512,
            -0.6909151077270508,
            0.2269538789987564
        ],
        [
            0.11066875606775284,
            -0.7074698209762573,
            0.22170035541057587
        ],
        [
            0.16474243998527527,
            -0.8806450366973877,
            0.28664278984069824
        ],
        [
            0.18218615651130676,
            -0.8671433329582214,
            0.3091913163661957
        ],
        [
            0.11075864732265472,
            -0.834478497505188,
            0.24558989703655243
        ],
        [
            0.11697503179311752,
            -0.8450429439544678,
            0.26091015338897705
        ],
        [
            0.11596131324768066,
            -0.8261779546737671,
            0.2695375382900238
        ],
        [
            0.11003432422876358,
            -0.818446159362793,
            0.2542944848537445
        ],
        [
            0.11559473723173141,
            -0.850035548210144,
            0.2336101233959198
        ],
        [
            0.12312863767147064,
            -0.8625825643539429,
            0.2512986660003662
        ],
        [
            0.10548963397741318,
            -0.7884502410888672,
            0.2119888812303543
        ],
        [
