{
    "pred_cam": [
        2.1378955841064453,
        -0.062273599207401276,
        0.4085380434989929
    ],
    "pred_smpl_params": {
        "global_orient": [
            [
                [
                    -0.9284496903419495,
                    0.09602126479148865,
                    0.3588331341743469
                ],
                [
                    -0.12399762868881226,
                    -0.9907166361808777,
                    -0.055724214762449265
                ],
                [
                    0.3501512110233307,
                    -0.09623157978057861,
                    0.931736946105957
                ]
            ]
        ],
        "body_pose": [
            [
                [
                    0.9993789196014404,
                    -0.02280273661017418,
                    0.026865573599934578
                ],
                [
                    0.010382313281297684,
                    0.9190987348556519,
                    0.3938906192779541
                ],
                [
                    -0.03367389366030693,
                    -0.39336708188056946,
                    0.9187646508216858
                ]
            ],
            [
                [
                    0.99483323097229,
                    0.08797061443328857,
                    0.05067563056945801
                ],
                [
                    -0.10151293873786926,
                    0.8688563108444214,
                    0.4845450520515442
                ],
                [
                    -0.0014041144168004394,
                    -0.4871857464313507,
                    0.8732972741127014
                ]
            ],
            [
                [
                    0.995785653591156,
                    -0.0698491781949997,
                    -0.05943170189857483
                ],
                [
                    0.03292318806052208,
                    0.8770893216133118,
                    -0.47919762134552
                ],
                [
                    0.08559846878051758,
                    0.4752213954925537,
                    0.87569260597229
                ]
            ],
            [
                [
                    0.9939231276512146,
                    0.10997630655765533,
                    0.004687323700636625
                ],
                [
                    -0.09299086779356003,
                    0.861677348613739,
                    -0.4988636374473572
                ],
                [
                    -0.058902155607938766,
                    0.4953962564468384,
                    0.8666678667068481
                ]
            ],
            [
                [
                    0.9979124069213867,
                    -0.053645938634872437,
                    0.035955384373664856
                ],
                [
                    0.06449585407972336,
                    0.856397807598114,
                    -0.5122723579406738
                ],
                [
                    -0.0033107770141214132,
                    0.5135220289230347,
                    0.8580699563026428
                ]
            ],
            [
                [
                    0.9997029304504395,
                    0.02337077632546425,
                    -0.006928711663931608
                ],
                [
                    -0.023488976061344147,
                    0.999570906162262,
                    -0.017498934641480446
                ],
                [
                    0.006516775116324425,
                    0.017656482756137848,
                    0.9998229146003723
                ]
            ],
            [
                [
                    0.9897035360336304,
                    0.006177190225571394,
                    0.1429986208677292
                ],
                [
                    -0.015099977143108845,
                    0.9979991316795349,
                    0.06139739975333214
                ],
                [
                    -0.1423332542181015,
                    -0.06292451918125153,
                    0.987816572189331
                ]
            ],
            [
                [
                    0.9887514710426331,
                    -0.03321527689695358,
                    -0.14583316445350647
                ],
                [
                    0.038853127509355545,
                    0.9985968470573425,
                    0.035982295870780945
                ],
                [
                    0.1444333791732788,
                    -0.041243620216846466,
                    0.988654613494873
                ]
            ],
            [
                [
                    0.9985969662666321,
                    0.047513749450445175,
                    -0.0233777929097414
                ],
                [
                    -0.04845329746603966,
                    0.9979665279388428,
                    -0.04141480475664139
                ],
                [
                    0.021362479776144028,
                    0.0424894317984581,
                    0.9988685250282288
                ]
            ],
            [
                [
                    0.9970777630805969,
                    -0.04057782143354416,
                    0.06472650170326233
                ],
                [
                    0.0376909002661705,
                    0.9982659220695496,
                    0.04521675780415535
                ],
                [
                    -0.06644906103610992,
                    -0.04264501854777336,
                    0.9968781471252441
                ]
            ],
            [
                [
                    0.9904940128326416,
                    0.10945724695920944,
                    -0.08330994099378586
                ],
                [
                    -0.1038350984454155,
                    0.9921929836273193,
                    0.0690750777721405
                ],
                [
                    0.09022030234336853,
                    -0.059767965227365494,
                    0.9941267371177673
                ]
            ],
            [
                [
                    0.9942819476127625,
                    0.07421019673347473,
                    -0.07678642123937607
                ],
                [
                    -0.08506843447685242,
                    0.9850993752479553,
                    -0.1494743525981903
                ],
                [
                    0.06454973667860031,
                    0.15515176951885223,
                    0.9857794642448425
                ]
            ],
            [
                [
                    0.9055248498916626,
                    0.049507543444633484,
                    -0.42139503359794617
                ],
                [
                    -0.0071973539888858795,
                    0.9948186278343201,
                    0.10140994191169739
                ],
                [
                    0.42423224449157715,
                    -0.08879628777503967,
                    0.9011893272399902
                ]
            ],
            [
                [
                    0.9377498030662537,
                    -0.03194883093237877,
                    0.3458389341831207
                ],
                [
                    0.006982846651226282,
                    0.9972931146621704,
                    0.07319646328687668
                ],
                [
                    -0.3472413122653961,
                    -0.06622502952814102,
                    0.9354345202445984
                ]
            ],
            [
                [
                    0.9999544620513916,
                    -0.00890900008380413,
                    -0.0034227382857352495
                ],
                [
                    0.009138528257608414,
                    0.9971995949745178,
                    0.07422575354576111
                ],
                [
                    0.0027518756687641144,
                    -0.07425365597009659,
                    0.9972355961799622
                ]
            ],
            [
                [
                    0.41304367780685425,
                    0.780891478061676,
                    -0.46861863136291504
                ],
                [
                    -0.7362473607063293,
                    0.5891854763031006,
                    0.33286672830581665
                ],
                [
                    0.5360360741615295,
                    0.20753076672554016,
                    0.8182886242866516
                ]
            ],
            [
                [
                    0.4295137822628021,
                    -0.792618989944458,
                    0.4327504336833954
                ],
                [
                    0.8143361806869507,
                    0.5470856428146362,
                    0.19378787279129028
                ],
                [
                    -0.3903515040874481,
                    0.26916980743408203,
                    0.8804391622543335
                ]
            ],
            [
                [
                    0.7366945743560791,
                    -0.1988629549741745,
                    -0.6463239192962646
                ],
                [
                    0.20713073015213013,
                    0.9762000441551208,
                    -0.06426797062158585
                ],
                [
                    0.6437219381332397,
                    -0.08652769029140472,
                    0.7603518962860107
                ]
            ],
            [
                [
                    0.5415381193161011,
                    0.25594791769981384,
                    0.8007665872573853
                ],
                [
                    -0.11772063374519348,
                    0.9662290811538696,
                    -0.22922299802303314
                ],
                [
                    -0.8323931694030762,
                    0.029866237193346024,
                    0.5533802509307861
                ]
            ],
            [
                [
                    0.9804751873016357,
                    -0.19303162395954132,
                    0.03751135617494583
                ],
                [
                    0.19117161631584167,
                    0.9803769588470459,
                    0.048110149800777435
                ],
                [
                    -0.04606204479932785,
                    -0.03999970853328705,
                    0.9981374740600586
                ]
            ],
            [
                [
                    0.9797595143318176,
                    0.19891177117824554,
                    -0.022482147440314293
                ],
                [
                    -0.19673334062099457,
                    0.9775527715682983,
                    0.07541003823280334
                ],
                [
                    0.03697742521762848,
                    -0.06946071237325668,
                    0.9968991875648499
                ]
            ],
            [
                [
                    0.9775333404541016,
                    0.19525431096553802,
                    -0.07939986139535904
                ],
                [
                    -0.17961393296718597,
                    0.9687628746032715,
                    0.17098918557167053
                ],
                [
                    0.110306017100811,
                    -0.1528863161802292,
                    0.9820684194564819
                ]
            ],
            [
                [
                    0.9785100817680359,
                    -0.18596798181533813,
                    0.08907349407672882
                ],
                [
                    0.16621555387973785,
                    0.9670183658599854,
                    0.1929968148469925
                ],
                [
                    -0.1220269426703453,
                    -0.1740439087152481,
                    0.9771479964256287
                ]
            ]
        ],
        "betas": [
            0.024008020758628845,
            0.01982247829437256,
            -0.17118094861507416,
            -0.19974109530448914,
            0.07099509239196777,
            0.07163049280643463,
            0.12839795649051666,
            -0.08108508586883545,
            0.050405874848365784,
            -0.0385398268699646
        ]
    },
    "pred_cam_t": [
        -0.062273599207401276,
        0.4085380434989929,
        18.271472930908203
    ],
    "focal_length": [
        5000.0,
        5000.0
    ],
    "pred_keypoints_3d": [
        [
            0.19442272186279297,
            -0.6998798847198486,
            0.30722776055336
        ],
        [
            0.10971041768789291,
            -0.6869399547576904,
            0.13313449919223785
        ],
        [
            0.2575603425502777,
            -0.6046501994132996,
            0.05567591264843941
        ],
        [
            0.300961971282959,
            -0.35259294509887695,
            0.0386740118265152
        ],
        [
            0.29128485918045044,
            -0.21351496875286102,
            0.2543947994709015
        ],
        [
            -0.047806285321712494,
            -0.6293212175369263,
            0.20839731395244598
        ],
        [
            -0.08346627652645111,
            -0.3792341351509094,
            0.280407190322876
        ],
        [
            0.045256227254867554,
            -0.23679780960083008,
            0.441567063331604
        ],
        [
            -0.0017176591791212559,
            -0.22117306292057037,
            0.028083983808755875
        ],
        [
            0.05104474350810051,
            -0.12281440198421478,
            0.00883316621184349
        ],
        [
            0.15065546333789825,
            0.20742981135845184,
            0.1826688051223755
        ],
        [
            0.09701026231050491,
            0.60636967420578,
            0.16756495833396912
        ],
        [
            -0.07778416574001312,
            -0.13890361785888672,
            0.054797593504190445
        ],
        [
            -0.09973902255296707,
            0.192649245262146,
            0.23634611070156097
        ],
        [
            -0.11604651808738708,
            0.589666485786438,
            0.17207485437393188
        ],
        [
            0.2179659903049469,
            -0.7500400543212891,
            0.281273752450943
        ],
        [
            0.1586746722459793,
            -0.74859619140625,
            0.31240326166152954
        ],
        [
            0.21328619122505188,
            -0.7790729403495789,
            0.18096497654914856
        ],
        [
            0.08074066042900085,
            -0.7776294946670532,
            0.25030460953712463
        ],
        [
            -0.08187307417392731,
            0.6456213593482971,
            0.36299845576286316
        ],
        [
            -0.1569245457649231,
            0.6499404907226562,
            0.3269307613372803
        ],
        [
            -0.1350034922361374,
            0.6253668069839478,
            0.11450240761041641
        ],
        [
            0.17523664236068726,
            0.6464805603027344,
            0.35010281205177307
        ],
        [
            0.21694836020469666,
            0.6630856394767761,
            0.27498847246170044
        ],
        [
            0.0728798657655716,
            0.6552407741546631,
            0.11698664724826813
        ],
        [
            0.10890783369541168,
            0.55970698595047,
            0.1321353316307068
        ],
        [
            0.14146600663661957,
            0.14931991696357727,
            0.16185782849788666
        ],
        [
            0.1315762996673584,
            -0.2319505512714386,
            -0.04716861993074417
        ],
        [
            -0.15009842813014984,
            -0.25244638323783875,
            0.048018693923950195
        ],
        [
            -0.10896357148885727,
            0.1520048975944519,
            0.22704099118709564
        ],
        [
            -0.12845924496650696,
            0.5540385842323303,
            0.15110856294631958
        ],
        [
            0.28180307149887085,
            -0.2487419843673706,
            0.25708937644958496
        ],
        [
            0.3254043161869049,
            -0.376690149307251,
            0.06206784397363663
        ],
        [
            0.23048074543476105,
            -0.6289669275283813,
            0.06825768947601318
        ],
        [
            -0.02655045874416828,
            -0.6498831510543823,
            0.1936713606119156
        ],
        [
            -0.0785226970911026,
            -0.4161663055419922,
            0.3150899410247803
        ],
        [
            0.04522576555609703,
            -0.25744226574897766,
            0.445002019405365
        ],
        [
            0.1124410405755043,
            -0.684533953666687,
            0.14504782855510712
        ],
        [
            0.16015467047691345,
            -0.818854808807373,
            0.25176647305488586
        ],
        [
            -0.009177937172353268,
            -0.24273894727230072,
            0.0007173549383878708
        ],
        [
            0.10232589393854141,
            -0.6359724998474121,
            0.1294379085302353
        ],
        [
            0.045069076120853424,
            -0.4839923679828644,
            0.03055279515683651
        ],
        [
            0.15161743760108948,
            -0.7066481113433838,
            0.23837868869304657
        ],
        [
            0.16341371834278107,
            -0.8406491875648499,
            0.24927327036857605
        ]
    ],
    "pred_vertices": [
        [
            0.15669864416122437,
            -0.792160153388977,
            0.335759699344635
        ],
        [
            0.1620885729789734,
            -0.7761101722717285,
            0.3326539695262909
        ],
        [
            0.14793908596038818,
            -0.7765090465545654,
            0.32967084646224976
        ],
        [
            0.1409630924463272,
            -0.7899705171585083,
            0.32887551188468933
        ],
        [
            0.15229538083076477,
            -0.765568196773529,
            0.32874447107315063
        ],
        [
            0.1642317771911621,
            -0.7644659280776978,
            0.3300371468067169
        ],
        [
            0.13633780181407928,
            -0.774909257888794,
            0.3223021924495697
        ],
        [
            0.12851005792617798,
            -0.7853161096572876,
            0.3187876343727112
        ],
        [
            0.1210736334323883,
            -0.7469743490219116,
            0.30104154348373413
        ],
        [
            0.11275656521320343,
            -0.7468212842941284,
            0.2936682403087616
        ],
        [
            0.11558471620082855,
            -0.7572630643844604,
            0.29982948303222656
        ],
        [
            0.12385044991970062,
            -0.754859209060669,
            0.3050247132778168
        ],
        [
            0.11545464396476746,
            -0.7244149446487427,
            0.28851020336151123
        ],
        [
            0.12249759584665298,
            -0.7125301361083984,
            0.28926581144332886
        ],
        [
            0.1147906631231308,
            -0.7083722352981567,
            0.2788417637348175
        ],
        [
            0.10818903893232346,
            -0.7201714515686035,
            0.27680492401123047
        ],
        [
            0.1642247438430786,
            -0.7158692479133606,
            0.29900243878364563
        ],
        [
            0.15763133764266968,
            -0.710172176361084,
            0.2983229160308838
        ],
        [
            0.154929518699646,
            -0.7166436314582825,
            0.30181196331977844
        ],
        [
            0.16186165809631348,
            -0.7217172384262085,
            0.3016473054885864
        ],
        [
            0.1766449213027954,
            -0.722762405872345,
            0.303217351436615
        ],
        [
            0.1751875877380371,
            -0.7291399240493774,
            0.3029835820198059
        ],
        [
            0.18224626779556274,
            -0.7306032776832581,
            0.30651599168777466
        ],
        [
            0.183204784989357,
            -0.7231916189193726,
            0.30772602558135986
        ],
        [
            0.16834992170333862,
            -0.7109845280647278,
            0.29475080966949463
        ],
        [
            0.1611236035823822,
            -0.7052979469299316,
            0.2937444746494293
        ],
        [
            0.17009353637695312,
            -0.72049480676651,
            0.2999960482120514
        ],
        [
            0.17203333973884583,
            -0.7159055471420288,
            0.29940569400787354
        ],
        [
            0.17784446477890015,
            -0.7061690092086792,
            0.3044065833091736
        ],
        [
            0.17664039134979248,
            -0.7111239433288574,
            0.3055790364742279
        ],
        [
            0.18269836902618408,
            -0.7095933556556702,
            0.3100992441177368
        ],
        [
            0.18263626098632812,
            -0.7047117352485657,
            0.3069508671760559
        ],
        [
            0.17147620022296906,
            -0.7094348669052124,
            0.2978682816028595
        ],
        [
            0.17262299358844757,
            -0.7110177278518677,
            0.30136018991470337
        ],
        [
            0.1751421093940735,
            -0.706650972366333,
            0.30085813999176025
        ],
        [
            0.1746675968170166,
            -0.7058202028274536,
            0.2969799041748047
        ],
        [
            0.1777297407388687,
            -0.7179393768310547,
            0.3037353754043579
        ],
        [
            0.1834753155708313,
            -0.7168470621109009,
            0.3089265525341034
        ],
        [
            0.1900937706232071,
            -0.7153698205947876,
            0.3136257231235504
        ],
        [
            0.18927374482154846,
            -0.7065293788909912,
            0.313632607460022
        ],
        [
            0.14252641797065735,
            -0.7005959749221802,
            0.2923804521560669
        ],
        [
            0.15010026097297668,
            -0.70526123046875,
            0.2964206039905548
        ],
        [
            0.15398544073104858,
            -0.7004314064979553,
            0.29262131452560425
        ],
        [
            0.14742347598075867,
            -0.696580708026886,
            0.29016226530075073
        ],
        [
            0.17155328392982483,
            -0.7043068408966064,
            0.29360923171043396
        ],
        [
            0.16532035171985626,
            -0.690076470375061,
            0.288944810628891
        ],
        [
            0.1658315658569336,
            -0.6933448314666748,
            0.2907874286174774
        ],
        [
            0.1730945110321045,
            -0.6925733089447021,
            0.29179972410202026
        ],
        [
            0.17196911573410034,
            -0.6895284652709961,
            0.2902225852012634
        ],
        [
            0.1318647265434265,
            -0.6912180185317993,
            0.2815975546836853
        ],
        [
            0.13859716057777405,
            -0.6881064176559448,
            0.28267064690589905
        ],
        [
            0.13591893017292023,
            -0.6830012798309326,
            0.27791374921798706
        ],
        [
            0.12909439206123352,
            -0.6853538751602173,
            0.2750590443611145
        ],
        [
            0.1366807222366333,
            -0.6778945922851562,
            0.2738514542579651
        ],
        [
            0.12775588035583496,
            -0.6793026328086853,
            0.26877760887145996
        ],
        [
            0.13341674208641052,
            -0.6662009954452515,
            0.258867084980011
        ],
        [
            0.13026365637779236,
            -0.672142744064331,
            0.26337379217147827
        ],
        [
            0.1394045203924179,
            -0.6725853681564331,
            0.2701752185821533
        ],
        [
            0.1446823626756668,
            -0.666719913482666,
            0.26817840337753296
        ],
        [
            0.1597783863544464,
            -0.6679128408432007,
            0.271856427192688
        ],
        [
            0.16592970490455627,
            -0.6654990911483765,
            0.2711515724658966
        ],
        [
            0.15862497687339783,
            -0.6552804112434387,
            0.26615580916404724
        ],
        [
            0.15193864703178406,
            -0.659857988357544,
            0.26723459362983704
        ],
        [
            0.1628856360912323,
            -0.6860949993133545,
            0.2828379273414612
        ],
        [
            0.15820500254631042,
            -0.6873619556427002,
            0.28220701217651367
        ],
        [
            0.15906262397766113,
            -0.6876842975616455,
            0.2848435938358307
        ],
        [
            0.1642974466085434,
            -0.6873440742492676,
            0.2862248718738556
        ],
        [
            0.15411683917045593,
            -0.6878242492675781,
            0.28222522139549255
        ],
        [
            0.1522710919380188,
            -0.687804102897644,
            0.28226178884506226
        ],
        [
            0.1531434953212738,
            -0.6884538531303406,
            0.2836669385433197
        ],
        [
            0.1545608639717102,
            -0.6884663701057434,
            0.28291603922843933
        ],
        [
            0.1565447747707367,
            -0.6879347562789917,
            0.28240153193473816
        ],
        [
            0.15732252597808838,
            -0.6861090660095215,
            0.28145134449005127
        ],
        [
            0.155008465051651,
            -0.6869619488716125,
            0.281887412071228
        ],
        [
            0.16150349378585815,
            -0.68418288230896,
            0.2819215655326843
        ],
        [
            0.17553451657295227,
            -0.6789406538009644,
            0.2827458679676056
        ],
        [
            0.17160861194133759,
            -0.6796114444732666,
            0.28316429257392883
        ],
        [
            0.17338263988494873,
            -0.6839832067489624,
            0.2834665775299072
        ],
        [
            0.17676004767417908,
            -0.6837921142578125,
            0.2832740247249603
        ],
        [
            0.15568692982196808,
            -0.6900367736816406,
            0.28520631790161133
        ],
        [
            0.15351928770542145,
            -0.6910296678543091,
            0.2864653468132019
        ],
        [
            0.15882131457328796,
            -0.692132294178009,
            0.28871360421180725
        ],
        [
            0.1591799557209015,
            -0.6899440288543701,
            0.28658366203308105
        ],
        [
            0.15126407146453857,
            -0.6929063200950623,
            0.2883164882659912
        ],
        [
            0.1510656476020813,
            -0.6898033022880554,
            0.2846762537956238
        ],
        [
            0.14803624153137207,
            -0.6909269690513611,
            0.2859199345111847
        ],
        [
            0.15247973799705505,
            -0.6863352060317993,
            0.2812817692756653
        ],
        [
            0.14910732209682465,
            -0.6853049993515015,
            0.2806958258152008
        ],
        [
            0.14939311146736145,
            -0.6871610283851624,
            0.28286421298980713
        ],
        [
            0.15064078569412231,
            -0.6824710369110107,
            0.27859413623809814
        ],
        [
            0.15486308932304382,
            -0.6843363046646118,
            0.28016945719718933
        ],
        [
            0.1588737964630127,
            -0.6816084384918213,
            0.2800966203212738
        ],
        [
            0.16408032178878784,
            -0.6786541938781738,
            0.2804911136627197
        ],
        [
            0.1598200649023056,
            -0.6755778193473816,
            0.2770412564277649
        ],
        [
            0.15446974337100983,
            -0.6789904832839966,
            0.27749571204185486
        ],
        [
            0.1572960466146469,
            -0.6962599754333496,
            0.29061368107795715
        ],
        [
            0.14469504356384277,
            -0.6873561143875122,
            0.2828919291496277
        ],
        [
            0.14273995161056519,
            -0.6932437419891357,
            0.2867410182952881
        ],
        [
            0.14355938136577606,
            -0.6835988163948059,
            0.2799451947212219
        ],
        [
            0.1445845365524292,
            -0.6798229217529297,
            0.2768062353134155
        ],
        [
            0.14821156859397888,
            -0.6755728721618652,
            0.2744091749191284
        ],
        [
            0.15379594266414642,
            -0.6716086864471436,
            0.2729533314704895
        ],
        [
            0.15019385516643524,
            -0.651985764503479,
            0.2538607120513916
        ],
        [
            0.14233392477035522,
            -0.6579456329345703,
            0.25651487708091736
        ],
        [
            0.16385240852832794,
            -0.7583945989608765,
            0.32384851574897766
        ],
        [
            0.15475592017173767,
            -0.7588653564453125,
            0.3250349164009094
        ],
        [
            0.15110547840595245,
            -0.7536172866821289,
            0.3182238042354584
        ],
        [
            0.1498798429965973,
            -0.7554745674133301,
            0.3196702003479004
        ],
        [
            0.15614981949329376,
            -0.7558451890945435,
            0.32071805000305176
        ],
        [
            0.15586310625076294,
            -0.7532637119293213,
            0.3188990354537964
        ],
        [
            0.13175785541534424,
            -0.7540755271911621,
            0.3080958425998688
        ],
        [
            0.13808341324329376,
            -0.7534956336021423,
            0.310699999332428
        ],
        [
            0.13672146201133728,
            -0.7506350874900818,
            0.3079281747341156
        ],
        [
            0.12904924154281616,
            -0.7482671737670898,
            0.3053770661354065
        ],
        [
            0.1449277251958847,
            -0.7410746216773987,
            0.3072240948677063
        ],
        [
            0.1400403380393982,
            -0.7435184121131897,
            0.3068678677082062
        ],
        [
            0.1456192433834076,
            -0.7483540773391724,
            0.3104448914527893
        ],
        [
            0.1491367220878601,
            -0.7465431094169617,
            0.31080082058906555
        ],
        [
            0.15318194031715393,
            -0.7453765869140625,
            0.31063398718833923
        ],
        [
            0.15748518705368042,
            -0.7446423768997192,
            0.30993279814720154
        ],
        [
            0.1560179591178894,
            -0.7404224872589111,
            0.30729544162750244
        ],
        [
            0.15063560009002686,
            -0.7403597831726074,
            0.3075118064880371
        ],
        [
            0.16274774074554443,
            -0.7562879323959351,
            0.3195075988769531
        ],
        [
            0.1690720170736313,
            -0.7554448843002319,
            0.3159363567829132
        ],
        [
            0.16703911125659943,
            -0.7532548904418945,
            0.31472793221473694
        ],
        [
            0.16185401380062103,
            -0.7533475160598755,
            0.3181106150150299
        ],
        [
            0.17322243750095367,
            -0.7498660087585449,
            0.3034306764602661
        ],
        [
            0.17299841344356537,
            -0.7514324188232422,
            0.3059160113334656
        ],
        [
            0.17691606283187866,
            -0.752257227897644,
            0.30599647760391235
        ],
        [
            0.1765490025281906,
            -0.7487336993217468,
            0.3029935359954834
        ],
        [
            0.1739678680896759,
            -0.7461119890213013,
            0.30277061462402344
        ],
        [
            0.17196638882160187,
            -0.7482531070709229,
            0.3036154508590698
        ],
        [
            0.1679970622062683,
            -0.8116937875747681,
            0.33973783254623413
        ],
        [
            0.17280983924865723,
            -0.7933286428451538,
            0.3379155397415161
        ],
        [
            0.14842082560062408,
            -0.8104988932609558,
            0.3339085280895233
        ],
        [
            0.13339632749557495,
            -0.8059881925582886,
            0.3238605856895447
        ],
        [
            0.12021848559379578,
            -0.7973940372467041,
            0.31427645683288574
        ],
        [
            0.12332800775766373,
            -0.6982731819152832,
            0.2804093062877655
        ],
        [
            0.11833365261554718,
            -0.6929702758789062,
            0.27210986614227295
        ],
        [
            0.10810156911611557,
            -0.7049075961112976,
            0.2683156132698059
        ],
        [
            0.10615798830986023,
            -0.6978085041046143,
            0.25921830534935
        ],
        [
            0.11703898012638092,
            -0.6854423880577087,
            0.26375505328178406
        ],
        [
            0.12444314360618591,
            -0.6692988872528076,
            0.24805667996406555
        ],
        [
            0.11897846311330795,
            -0.6770535707473755,
            0.255567729473114
        ],
        [
            0.10661883652210236,
            -0.6911759972572327,
            0.24852822721004486
        ],
        [
            0.09611013531684875,
            -0.7091948986053467,
            0.24434466660022736
        ],
        [
            0.09786021709442139,
            -0.7122615575790405,
            0.25551995635032654
        ],
        [
            0.09081943333148956,
            -0.7289015054702759,
            0.24228429794311523
        ],
        [
            0.093643419444561,
            -0.7075096964836121,
            0.230141282081604
        ],
        [
            0.08943711221218109,
            -0.7320195436477661,
            0.23358185589313507
        ],
        [
            0.10081581026315689,
            -0.6760053634643555,
            0.21214833855628967
        ],
        [
            0.09509048610925674,
            -0.6705389022827148,
            0.20546604692935944
        ],
        [
            0.08238083869218826,
            -0.683713972568512,
            0.20198887586593628
        ],
        [
            0.08705936372280121,
            -0.6891593933105469,
            0.20929864048957825
        ],
        [
            0.10139243304729462,
            -0.715990424156189,
            0.2655988037586212
        ],
        [
            0.11231066286563873,
            -0.7698182463645935,
            0.29894623160362244
        ],
        [
            0.12059664726257324,
            -0.765082597732544,
            0.3062668442726135
        ],
        [
            0.10707752406597137,
            -0.7600181698799133,
            0.29136934876441956
        ],
        [
            0.11287572979927063,
            -0.8319228887557983,
            0.30920645594596863
        ],
        [
            0.12318302690982819,
            -0.8199382424354553,
            0.3194267451763153
        ],
        [
            0.11199210584163666,
            -0.8092625141143799,
            0.31021741032600403
        ],
        [
            0.10322020202875137,
            -0.8217381238937378,
            0.3020537197589874
        ],
        [
            0.1471579670906067,
            -0.8590355515480042,
            0.3186013996601105
        ],
        [
            0.15705996751785278,
            -0.8366974592208862,
            0.3331015706062317
        ],
        [
            0.14102332293987274,
            -0.8301101326942444,
            0.32726937532424927
        ],
        [
            0.13125616312026978,
            -0.8472983837127686,
            0.31645667552948
        ],
        [
            0.0964549332857132,
            -0.8284181356430054,
            0.29248347878456116
        ],
        [
            0.0891217589378357,
            -0.8377184271812439,
            0.2783373296260834
        ],
        [
            0.09339392185211182,
            -0.8545604944229126,
            0.27746155858039856
        ],
        [
            0.10335253924131393,
            -0.8457013368606567,
            0.29550763964653015
        ],
        [
            0.10544100403785706,
            -0.8751001358032227,
            0.27534058690071106
        ],
        [
            0.11761575192213058,
            -0.8647145628929138,
            0.296584814786911
        ],
        [
            0.08501240611076355,
            -0.7252517938613892,
            0.21875594556331635
        ],
        [
            0.08589842915534973,
            -0.7425133585929871,
            0.22521468997001648
        ],
        [
            0.09292757511138916,
            -0.6961592435836792,
            0.21910449862480164
        ],
        [
            0.08303190767765045,
            -0.7118947505950928,
            0.21154150366783142
        ],
        [
            0.12226361036300659,
            -0.8907070755958557,
            0.2695176899433136
        ],
        [
            0.13631266355514526,
            -0.8796133995056152,
            0.29543983936309814
        ],
        [
            0.07641109824180603,
            -0.8401675224304199,
            0.22497649490833282
        ],
        [
            0.07982839643955231,
            -0.8520193099975586,
            0.24001091718673706
        ],
        [
            0.0781020075082779,
            -0.8337576389312744,
            0.24983736872673035
        ],
        [
            0.07476428896188736,
            -0.824816882610321,
            0.23472186923027039
        ],
        [
            0.08265574276447296,
            -0.8550675511360168,
            0.21248506009578705
        ],
        [
            0.08720657229423523,
            -0.8690976500511169,
            0.22999505698680878
        ],
        [
            0.07712090015411377,
            -0.791979968547821,
            0.1950862854719162
        ],
        [
            0.08396229147911072,
