{
    "pred_cam": [
        2.196035385131836,
        -0.0989723652601242,
        0.4020948112010956
    ],
    "pred_smpl_params": {
        "global_orient": [
            [
                [
                    -0.9472784399986267,
                    0.06843643635511398,
                    0.3130175769329071
                ],
                [
                    -0.09819716215133667,
                    -0.9919217228889465,
                    -0.08030372858047485
                ],
                [
                    0.304993212223053,
                    -0.10680742561817169,
                    0.9463463425636292
                ]
            ]
        ],
        "body_pose": [
            [
                [
                    0.9989715218544006,
                    -0.04118512570858002,
                    0.018965430557727814
                ],
                [
                    0.02835097722709179,
                    0.8937860131263733,
                    0.44759684801101685
                ],
                [
                    -0.035385362803936005,
                    -0.4465987980365753,
                    0.8940343856811523
                ]
            ],
            [
                [
                    0.9938182234764099,
                    0.09526872634887695,
                    0.057002026587724686
                ],
                [
                    -0.1109238788485527,
                    0.8307625651359558,
                    0.5454624891281128
                ],
                [
                    0.00461036991328001,
                    -0.5484134554862976,
                    0.8361945748329163
                ]
            ],
            [
                [
                    0.9975374341011047,
                    -0.051293499767780304,
                    -0.04783323034644127
                ],
                [
                    0.018603362143039703,
                    0.8510883450508118,
                    -0.5246927738189697
                ],
                [
                    0.06762363761663437,
                    0.5225108861923218,
                    0.8499467372894287
                ]
            ],
            [
                [
                    0.993556797504425,
                    0.11326680332422256,
                    -0.003937443718314171
                ],
                [
                    -0.09651069343090057,
                    0.8273390531539917,
                    -0.553349494934082
                ],
                [
                    -0.05941854417324066,
                    0.5501641631126404,
                    0.8329398036003113
                ]
            ],
            [
                [
                    0.9955289363861084,
                    -0.08068076521158218,
                    0.04911873862147331
                ],
                [
                    0.09411817789077759,
                    0.8033170104026794,
                    -0.5880675315856934
                ],
                [
                    0.007987827993929386,
                    0.5900613069534302,
                    0.8073188662528992
                ]
            ],
            [
                [
                    0.9997178316116333,
                    0.022263305261731148,
                    0.00828516948968172
                ],
                [
                    -0.02212320640683174,
                    0.9996168613433838,
                    -0.01663379557430744
                ],
                [
                    -0.008652318269014359,
                    0.016445806249976158,
                    0.9998273253440857
                ]
            ],
            [
                [
                    0.9841427803039551,
                    0.03420347720384598,
                    0.1740492731332779
                ],
                [
                    -0.04792805388569832,
                    0.9960105419158936,
                    0.07527180016040802
                ],
                [
                    -0.17078036069869995,
                    -0.08242003619670868,
                    0.9818558692932129
                ]
            ],
            [
                [
                    0.9842085838317871,
                    -0.030700987204909325,
                    -0.1743297129869461
                ],
                [
                    0.03863249346613884,
                    0.9983583688735962,
                    0.04228680580854416
                ],
                [
                    0.17274527251720428,
                    -0.048353832215070724,
                    0.9837789535522461
                ]
            ],
            [
                [
                    0.9992245435714722,
                    0.03656141087412834,
                    -0.01461262721568346
                ],
                [
                    -0.03721519187092781,
                    0.9981871247291565,
                    -0.0473017580807209
                ],
                [
                    0.012856717221438885,
                    0.04780889302492142,
                    0.9987736940383911
                ]
            ],
            [
                [
                    0.9961335062980652,
                    -0.07741481065750122,
                    0.041532933712005615
                ],
                [
                    0.07491640746593475,
                    0.9954622983932495,
                    0.05867134779691696
                ],
                [
                    -0.04588650166988373,
                    -0.05533299595117569,
                    0.9974129796028137
                ]
            ],
            [
                [
                    0.9904801845550537,
                    0.1157812625169754,
                    -0.07445540279150009
                ],
                [
                    -0.11001735180616379,
                    0.990915060043335,
                    0.07735339552164078
                ],
                [
                    0.08273505419492722,
                    -0.06842562556266785,
                    0.9942196607589722
                ]
            ],
            [
                [
                    0.9908561110496521,
                    0.10152566432952881,
                    -0.08886410295963287
                ],
                [
                    -0.11285743117332458,
                    0.9846023917198181,
                    -0.13349652290344238
                ],
                [
                    0.07394248992204666,
                    0.14230479300022125,
                    0.9870572090148926
                ]
            ],
            [
                [
                    0.9274561405181885,
                    0.077860988676548,
                    -0.3657359778881073
                ],
                [
                    -0.042457614094018936,
                    0.9936835169792175,
                    0.10387711226940155
                ],
                [
                    0.3715137839317322,
                    -0.08081317692995071,
                    0.9249036908149719
                ]
            ],
            [
                [
                    0.9461310505867004,
                    -0.013322271406650543,
                    0.3235096335411072
                ],
                [
                    -0.01652754470705986,
                    0.9958634972572327,
                    0.08934629708528519
                ],
                [
                    -0.32336172461509705,
                    -0.08988013118505478,
                    0.9419971704483032
                ]
            ],
            [
                [
                    0.9998769760131836,
                    -0.01492871530354023,
                    -0.004824346862733364
                ],
                [
                    0.01539856381714344,
                    0.9927071332931519,
                    0.11956339329481125
                ],
                [
                    0.003004234516993165,
                    -0.11962296068668365,
                    0.9928148984909058
                ]
            ],
            [
                [
                    0.43486443161964417,
                    0.8049013614654541,
                    -0.40376561880111694
                ],
                [
                    -0.7725827693939209,
                    0.5638328194618225,
                    0.29190465807914734
                ],
                [
                    0.46261081099510193,
                    0.18500341475009918,
                    0.8670437932014465
                ]
            ],
            [
                [
                    0.5752300024032593,
                    -0.7199715971946716,
                    0.3882671296596527
                ],
                [
                    0.7051198482513428,
                    0.6770352125167847,
                    0.21078279614448547
                ],
                [
                    -0.41462811827659607,
                    0.15252625942230225,
                    0.8971172571182251
                ]
            ],
            [
                [
                    0.6855252981185913,
                    -0.244368776679039,
                    -0.6858125925064087
                ],
                [
                    0.24788177013397217,
                    0.9640487432479858,
                    -0.0957319587469101
                ],
                [
                    0.6845507025718689,
                    -0.10437376797199249,
                    0.721454381942749
                ]
            ],
            [
                [
                    0.6020099520683289,
                    0.2332572042942047,
                    0.7636590003967285
                ],
                [
                    -0.16879425942897797,
                    0.9719433784484863,
                    -0.1638125628232956
                ],
                [
                    -0.7804437279701233,
                    -0.030284468084573746,
                    0.6244920492172241
                ]
            ],
            [
                [
                    0.9791544675827026,
                    -0.19954222440719604,
                    0.03793913871049881
                ],
                [
                    0.1975894272327423,
                    0.9790236353874207,
                    0.049710385501384735
                ],
                [
                    -0.04706263542175293,
                    -0.04117777571082115,
                    0.9980428218841553
                ]
            ],
            [
                [
                    0.9760066866874695,
                    0.21217481791973114,
                    -0.04891546815633774
                ],
                [
                    -0.21354644000530243,
                    0.9766204357147217,
                    -0.024705583229660988
                ],
                [
                    0.04252994805574417,
                    0.03455854207277298,
                    0.9984972476959229
                ]
            ],
            [
                [
                    0.9772847294807434,
                    0.19512295722961426,
                    -0.08271409571170807
                ],
                [
                    -0.1789809912443161,
                    0.9688919186592102,
                    0.17092201113700867
                ],
                [
                    0.11349181830883026,
                    -0.1522352248430252,
                    0.9818065762519836
                ]
            ],
            [
                [
                    0.978876531124115,
                    -0.18939828872680664,
                    0.07699965685606003
                ],
                [
                    0.17024247348308563,
                    0.9636267423629761,
                    0.20601215958595276
                ],
                [
                    -0.11321727186441422,
                    -0.1885518729686737,
                    0.9755152463912964
                ]
            ]
        ],
        "betas": [
            -0.053431928157806396,
            -0.04420042037963867,
            -0.31672632694244385,
            -0.26312562823295593,
            0.06068897247314453,
            0.06384475529193878,
            0.13584738969802856,
            -0.06782853603363037,
            0.05166003108024597,
            -0.048479557037353516
        ]
    },
    "pred_cam_t": [
        -0.0989723652601242,
        0.4020948112010956,
        17.787736892700195
    ],
    "focal_length": [
        5000.0,
        5000.0
    ],
    "pred_keypoints_3d": [
        [
            0.15768569707870483,
            -0.6925460696220398,
            0.3310377299785614
        ],
        [
            0.08986538648605347,
            -0.6773476004600525,
            0.150126114487648
        ],
        [
            0.24378138780593872,
            -0.6021870374679565,
            0.08219076693058014
        ],
        [
            0.3396931290626526,
            -0.3653375506401062,
            0.07799796760082245
        ],
        [
            0.37389594316482544,
            -0.22850321233272552,
            0.29162293672561646
        ],
        [
            -0.07664583623409271,
            -0.6171014904975891,
            0.20551413297653198
        ],
        [
            -0.13756594061851501,
            -0.36585304141044617,
            0.2469310462474823
        ],
        [
            -0.046414248645305634,
            -0.22047889232635498,
            0.428419828414917
        ],
        [
            -0.001647483091801405,
            -0.21898379921913147,
            0.02827170491218567
        ],
        [
            0.05521544814109802,
            -0.12260599434375763,
            0.013062383979558945
        ],
        [
            0.16753536462783813,
            0.18439827859401703,
            0.21522758901119232
        ],
        [
            0.11864525079727173,
            0.581829309463501,
            0.19768169522285461
        ],
        [
            -0.07615703344345093,
            -0.13512682914733887,
            0.052769243717193604
        ],
        [
            -0.0952419862151146,
            0.1810482144355774,
            0.25705820322036743
        ],
        [
            -0.10212082415819168,
            0.5771511197090149,
            0.19793273508548737
        ],
        [
            0.18091192841529846,
            -0.7434442043304443,
            0.30657869577407837
        ],
        [
            0.11924508213996887,
            -0.7393218278884888,
            0.3322775065898895
        ],
        [
            0.18390081822872162,
            -0.771238386631012,
            0.20594455301761627
        ],
        [
            0.04600369930267334,
            -0.7636914849281311,
            0.2630663514137268
        ],
        [
            -0.07831345498561859,
            0.6262055039405823,
            0.39077022671699524
        ],
        [
            -0.1505046784877777,
            0.634954035282135,
            0.35058143734931946
        ],
        [
            -0.11620557308197021,
            0.6147264838218689,
            0.140112966299057
        ],
        [
            0.19187267124652863,
            0.6193143725395203,
            0.3814471662044525
        ],
        [
            0.23560160398483276,
            0.636456310749054,
            0.30796027183532715
        ],
        [
            0.0966670885682106,
            0.6310832500457764,
            0.14674143493175507
        ],
        [
            0.131722092628479,
            0.5355708599090576,
            0.16298256814479828
        ],
        [
            0.15675008296966553,
            0.1295219510793686,
            0.19120275974273682
        ],
        [
            0.13426458835601807,
            -0.23264561593532562,
            -0.04249399155378342
        ],
        [
            -0.15245836973190308,
            -0.24573121964931488,
            0.0396430566906929
        ],
        [
            -0.10528498888015747,
            0.14200225472450256,
            0.24564579129219055
        ],
        [
            -0.11397386342287064,
            0.5428320169448853,
            0.17590154707431793
        ],
        [
            0.35639631748199463,
            -0.25918883085250854,
            0.29559242725372314
        ],
        [
            0.3593657314777374,
            -0.39370232820510864,
            0.09919002652168274
        ],
        [
            0.21749812364578247,
            -0.6258202791213989,
            0.0938829630613327
        ],
        [
            -0.053037796169519424,
            -0.6376966238021851,
            0.19393476843833923
        ],
        [
            -0.13903944194316864,
            -0.40080729126930237,
            0.28445181250572205
        ],
        [
            -0.047076478600502014,
            -0.2412777543067932,
            0.4315800964832306
        ],
        [
            0.08960723131895065,
            -0.6757973432540894,
            0.1609095335006714
        ],
        [
            0.12249532341957092,
            -0.8088358640670776,
            0.2706673741340637
        ],
        [
            -0.009066954255104065,
            -0.23965461552143097,
            -0.0012359637767076492
        ],
        [
            0.08205454796552658,
            -0.6281843185424805,
            0.14239449799060822
        ],
        [
            0.03625135123729706,
            -0.47773367166519165,
            0.03769788146018982
        ],
        [
            0.12086266279220581,
            -0.6967853307723999,
            0.2585398852825165
        ],
        [
            0.12488295137882233,
            -0.8309323191642761,
            0.2681320607662201
        ]
    ],
    "pred_vertices": [
        [
            0.11301025748252869,
            -0.7828718423843384,
            0.3544834554195404
        ],
        [
            0.11940640211105347,
            -0.7672185897827148,
            0.35198184847831726
        ],
        [
            0.10563778132200241,
            -0.7668235301971436,
            0.34783369302749634
        ],
        [
            0.09804065525531769,
            -0.7797845602035522,
            0.34635841846466064
        ],
        [
            0.11061418056488037,
            -0.7561265826225281,
            0.3474556803703308
        ],
        [
            0.12234880775213242,
            -0.7557555437088013,
            0.34985268115997314
        ],
        [
            0.09481852501630783,
            -0.7645570039749146,
            0.33959680795669556
        ],
        [
            0.08681335300207138,
            -0.7744960784912109,
            0.33527514338493347
        ],
        [
            0.08293047547340393,
            -0.7356023788452148,
            0.3175097703933716
        ],
        [
            0.0753631442785263,
            -0.7349693775177002,
            0.3093944787979126
        ],
        [
            0.07712347060441971,
            -0.7456789016723633,
            0.31554925441741943
        ],
        [
            0.08495495468378067,
            -0.7437064051628113,
            0.3215477466583252
        ],
        [
            0.07961545884609222,
            -0.7127975225448608,
            0.30481457710266113
        ],
        [
            0.08712483197450638,
            -0.7012935876846313,
            0.30647972226142883
        ],
        [
            0.08065010607242584,
            -0.6967147588729858,
            0.29543086886405945
        ],
        [
            0.07369942218065262,
            -0.7080812454223633,
            0.2925999164581299
        ],
        [
            0.12759685516357422,
            -0.7068380117416382,
            0.31994742155075073
        ],
        [
            0.12139984965324402,
            -0.7008218765258789,
            0.3187340795993805
        ],
        [
            0.11807273328304291,
            -0.7071482539176941,
            0.3218569755554199
        ],
        [
            0.12474015355110168,
            -0.7125526070594788,
            0.32225877046585083
        ],
        [
            0.1392553150653839,
            -0.7144136428833008,
            0.32509589195251465
        ],
        [
            0.1375063955783844,
            -0.7206892967224121,
            0.3246576189994812
        ],
        [
            0.1441420316696167,
            -0.7225502133369446,
            0.3287416994571686
        ],
        [
            0.14536458253860474,
            -0.715225338935852,
            0.33013564348220825
        ],
        [
            0.13232222199440002,
            -0.7021476030349731,
            0.31615692377090454
        ],
        [
            0.12552177906036377,
            -0.6961010098457336,
            0.3145562708377838
        ],
        [
            0.1331278681755066,
            -0.7117468118667603,
            0.3213900625705719
        ],
        [
            0.13534139096736908,
            -0.7073314189910889,
            0.32100287079811096
        ],
        [
            0.14119340479373932,
            -0.6979813575744629,
            0.32662302255630493
        ],
        [
            0.13960565626621246,
            -0.7028557062149048,
            0.32763606309890747
        ],
        [
            0.1453212946653366,
            -0.7016624212265015,
            0.332725465297699
        ],
        [
            0.1457977592945099,
            -0.6967846155166626,
            0.3296092450618744
        ],
        [
            0.13526709377765656,
            -0.7008460760116577,
            0.31953713297843933
        ],
        [
            0.13598671555519104,
            -0.7025066614151001,
            0.32310420274734497
        ],
        [
            0.13878485560417175,
            -0.6983017921447754,
            0.32287728786468506
        ],
        [
            0.13871882855892181,
            -0.6974058151245117,
            0.3189861476421356
        ],
        [
            0.14053137600421906,
            -0.7096903324127197,
            0.3257998824119568
        ],
        [
            0.1458476036787033,
            -0.7089243531227112,
            0.3314880132675171
        ],
        [
            0.15207621455192566,
            -0.7078328728675842,
            0.3367912769317627
        ],
        [
            0.15166959166526794,
            -0.6989926099777222,
            0.33685386180877686
        ],
        [
            0.10738620907068253,
            -0.6904745697975159,
            0.3115668296813965
        ],
        [
            0.11431103199720383,
            -0.6955287456512451,
            0.3162527084350586
        ],
        [
            0.11876676976680756,
            -0.690881073474884,
            0.3128650486469269
        ],
        [
            0.11266009509563446,
            -0.6867071390151978,
            0.30985787510871887
        ],
        [
            0.13598205149173737,
            -0.6957054734230042,
            0.3153567612171173
        ],
        [
            0.13090991973876953,
            -0.6811100840568542,
            0.31040871143341064
        ],
        [
            0.1310969889163971,
            -0.6844157576560974,
            0.31223875284194946
        ],
        [
            0.1382804960012436,
            -0.6840242743492126,
            0.313915491104126
        ],
        [
            0.1374547779560089,
            -0.6809080839157104,
            0.31230464577674866
        ],
        [
            0.09826288372278214,
            -0.6805421113967896,
            0.29996490478515625
        ],
        [
            0.10502250492572784,
            -0.6777914762496948,
            0.3016842007637024
        ],
        [
            0.1030423566699028,
            -0.6725597381591797,
            0.2967710494995117
        ],
        [
            0.09639661014080048,
            -0.6745412945747375,
            0.2932695746421814
        ],
        [
            0.10440796613693237,
            -0.6674915552139282,
            0.29283690452575684
        ],
        [
            0.09591595828533173,
            -0.668433666229248,
            0.2869125008583069
        ],
        [
            0.10299918055534363,
            -0.6556420922279358,
            0.27764755487442017
        ],
        [
            0.09921181201934814,
            -0.6614030003547668,
            0.28181636333465576
        ],
        [
            0.10767074674367905,
            -0.6622810363769531,
            0.2895023822784424
        ],
        [
            0.11336103826761246,
            -0.6566740274429321,
            0.28806209564208984
        ],
        [
            0.12798947095870972,
            -0.6585595607757568,
            0.29323017597198486
        ],
        [
            0.1343158334493637,
            -0.6564370393753052,
            0.29313403367996216
        ],
        [
            0.12798117101192474,
            -0.6458909511566162,
            0.28759080171585083
        ],
        [
            0.1210186779499054,
            -0.6501590013504028,
            0.28790438175201416
        ],
        [
            0.12921719253063202,
            -0.6769195199012756,
            0.30419158935546875
        ],
        [
            0.12455186247825623,
            -0.6779566407203674,
            0.30310267210006714
        ],
        [
            0.12515254318714142,
            -0.6783446669578552,
            0.30580008029937744
        ],
        [
            0.13025403022766113,
            -0.6782752871513367,
            0.3076799213886261
        ],
        [
            0.12047258019447327,
            -0.6782345771789551,
            0.3027230501174927
        ],
        [
            0.11864124983549118,
            -0.6781268119812012,
            0.30258411169052124
        ],
        [
            0.11934701353311539,
            -0.6788262128829956,
            0.30404478311538696
        ],
        [
            0.12081900238990784,
            -0.6788849830627441,
            0.30347904562950134
        ],
        [
            0.12286294251680374,
            -0.678449273109436,
            0.30316299200057983
        ],
        [
            0.1238081306219101,
            -0.6766564249992371,
            0.30232059955596924
        ],
        [
            0.12142529338598251,
            -0.6774163246154785,
            0.3024885058403015
        ],
        [
            0.12802034616470337,
            -0.6749429106712341,
            0.30321425199508667
        ],
        [
            0.1422133594751358,
            -0.6704028248786926,
            0.3053854703903198
        ],
        [
            0.13819164037704468,
            -0.6708571314811707,
            0.30542439222335815
        ],
        [
            0.13972166180610657,
            -0.6752936244010925,
            0.3058429956436157
        ],
        [
            0.14316260814666748,
            -0.6753188371658325,
            0.30595600605010986
        ],
        [
            0.12167127430438995,
            -0.6805667877197266,
            0.3058004379272461
        ],
        [
            0.1193469762802124,
            -0.6814409494400024,
            0.30680733919143677
        ],
        [
            0.12436406314373016,
            -0.6828105449676514,
            0.3095361292362213
        ],
        [
            0.12500973045825958,
            -0.6806328296661377,
            0.30748966336250305
        ],
        [
            0.11684776842594147,
            -0.6832056045532227,
            0.3084458112716675
        ],
        [
            0.11713321506977081,
            -0.6800862550735474,
            0.3048362135887146
        ],
        [
            0.11396323889493942,
            -0.6810964345932007,
            0.30574551224708557
        ],
        [
            0.11900085210800171,
            -0.6766687631607056,
            0.3016587495803833
        ],
        [
            0.11576605588197708,
            -0.6754753589630127,
            0.30077803134918213
        ],
        [
            0.11576399207115173,
            -0.6773589253425598,
            0.30292221903800964
        ],
        [
            0.11760007590055466,
            -0.6727005243301392,
            0.2988799810409546
        ],
        [
            0.12156093120574951,
            -0.6747628450393677,
            0.3008196949958801
        ],
        [
            0.12569475173950195,
            -0.6722402572631836,
            0.3011569082736969
        ],
        [
            0.1309860646724701,
            -0.6695353984832764,
            0.30208414793014526
        ],
        [
            0.12719538807868958,
            -0.6662437915802002,
            0.2983018159866333
        ],
        [
            0.12166572362184525,
            -0.669389545917511,
            0.29819977283477783
        ],
        [
            0.12247423827648163,
            -0.6868980526924133,
            0.3112071454524994
        ],
        [
            0.11108589172363281,
            -0.677336573600769,
            0.30249422788619995
        ],
        [
            0.10848888754844666,
            -0.6831324696540833,
            0.3060559630393982
        ],
        [
            0.11041063070297241,
            -0.6735167503356934,
            0.2995212972164154
        ],
        [
            0.11188845336437225,
            -0.6697713136672974,
            0.2965717315673828
        ],
        [
            0.11590875685214996,
            -0.6656762361526489,
            0.29453516006469727
        ],
        [
            0.12175042927265167,
            -0.6619887351989746,
            0.2937098741531372
        ],
        [
            0.12083499133586884,
            -0.6422465443611145,
            0.27452385425567627
        ],
        [
            0.11247627437114716,
            -0.6478390693664551,
            0.27626627683639526
        ],
        [
            0.12282191962003708,
            -0.749574601650238,
            0.34376686811447144
        ],
        [
            0.11367720365524292,
            -0.7495421171188354,
            0.34417104721069336
        ],
        [
            0.11089374870061874,
            -0.7440056204795837,
            0.33723682165145874
        ],
        [
            0.10944576561450958,
            -0.7457737922668457,
            0.33851829171180725
        ],
        [
            0.11558748781681061,
            -0.7465670108795166,
            0.34006932377815247
        ],
        [
            0.1155935600399971,
            -0.7439371943473816,
            0.3383404612541199
        ],
        [
            0.09257705509662628,
            -0.743345320224762,
            0.325422078371048
        ],
        [
            0.0986407995223999,
            -0.7431020736694336,
            0.32863718271255493
        ],
        [
            0.097690150141716,
            -0.7401891946792603,
            0.3257431387901306
        ],
        [
            0.09040504693984985,
            -0.7374134063720703,
            0.3225042223930359
        ],
        [
            0.1064029186964035,
            -0.7310880422592163,
            0.3259805738925934
        ],
        [
            0.10143810510635376,
            -0.7332687377929688,
            0.3250998854637146
        ],
        [
            0.10643501579761505,
            -0.7384001016616821,
            0.3291483223438263
        ],
        [
            0.11001352220773697,
            -0.7367799878120422,
            0.32985416054725647
        ],
        [
            0.11412506550550461,
            -0.7358063459396362,
            0.330130398273468
        ],
        [
            0.11851182579994202,
            -0.735304594039917,
            0.32975953817367554
        ],
        [
            0.11751679331064224,
            -0.730988085269928,
            0.3271237015724182
        ],
        [
            0.11211664974689484,
            -0.7306554317474365,
            0.32684916257858276
        ],
        [
            0.12225785851478577,
            -0.7473587989807129,
            0.3394656479358673
        ],
        [
            0.1289059966802597,
            -0.7467812299728394,
            0.33650124073028564
        ],
        [
            0.12714369595050812,
            -0.7444440126419067,
            0.33521851897239685
        ],
        [
            0.12165258079767227,
            -0.7443132400512695,
            0.3381127715110779
        ],
        [
            0.13447998464107513,
            -0.7412588596343994,
            0.3245618939399719
        ],
        [
            0.13395145535469055,
            -0.7428463101387024,
            0.326988160610199
        ],
        [
            0.1377876102924347,
            -0.7438510656356812,
            0.32741379737854004
        ],
        [
            0.13786658644676208,
            -0.7402830123901367,
            0.3244437575340271
        ],
        [
            0.13547535240650177,
            -0.7375555038452148,
            0.32405292987823486
        ],
        [
            0.13329452276229858,
            -0.7396087646484375,
            0.3246667981147766
        ],
        [
            0.12289410829544067,
            -0.8029941320419312,
            0.3590725064277649
        ],
        [
            0.1287454068660736,
            -0.7848153114318848,
            0.35798752307891846
        ],
        [
            0.10401570796966553,
            -0.8006622791290283,
            0.3516843914985657
        ],
        [
            0.09007680416107178,
            -0.7952666282653809,
            0.3405485451221466
        ],
        [
            0.078299880027771,
            -0.7860791683197021,
            0.3297659456729889
        ],
        [
            0.0895167663693428,
            -0.6871062517166138,
            0.29792219400405884
        ],
        [
            0.08559262007474899,
            -0.681553065776825,
            0.2892451882362366
        ],
        [
            0.07518337666988373,
            -0.6928834915161133,
            0.2843092978000641
        ],
        [
            0.07445153594017029,
            -0.685718297958374,
            0.2751150131225586
        ],
        [
            0.08541890233755112,
            -0.6739789843559265,
            0.28081685304641724
        ],
        [
            0.09492547810077667,
            -0.6583318710327148,
            0.2659239172935486
        ],
        [
            0.08845292031764984,
            -0.6657120585441589,
            0.2728881239891052
        ],
        [
            0.07620755583047867,
            -0.6791835427284241,
            0.26451683044433594
        ],
        [
            0.06537356227636337,
            -0.6965245008468628,
            0.2591747045516968
        ],
        [
            0.0658845528960228,
            -0.6996232867240906,
            0.2704426050186157
        ],
        [
            0.05929054692387581,
            -0.7158156633377075,
            0.2565153241157532
        ],
        [
            0.06443461030721664,
            -0.694968581199646,
            0.24466902017593384
        ],
        [
            0.058605924248695374,
            -0.7188820838928223,
            0.24773356318473816
        ],
        [
            0.07451415061950684,
            -0.6642895936965942,
            0.22727888822555542
        ],
        [
            0.0696583166718483,
            -0.6586117744445801,
            0.220049649477005
        ],
        [
            0.056873198598623276,
            -0.6712737083435059,
            0.21556402742862701
        ],
        [
            0.06059601157903671,
            -0.6767325401306152,
            0.22326380014419556
        ],
        [
            0.06822998076677322,
            -0.7035130262374878,
            0.2808464467525482
        ],
        [
            0.07324958592653275,
            -0.7579817771911621,
            0.3142490088939667
        ],
        [
            0.08109354972839355,
            -0.7538267970085144,
            0.32232892513275146
        ],
        [
            0.06939399242401123,
            -0.7479962110519409,
            0.3064107298851013
        ],
        [
            0.06963993608951569,
            -0.8201119899749756,
            0.3235160708427429
        ],
        [
            0.07975968718528748,
            -0.8087412714958191,
            0.33486059308052063
        ],
        [
            0.0698779970407486,
            -0.7974780797958374,
            0.3247997462749481
        ],
        [
            0.06122763827443123,
            -0.8094323873519897,
            0.31569671630859375
        ],
        [
            0.10161168873310089,
            -0.849113941192627,
            0.33536434173583984
        ],
        [
            0.11134284734725952,
            -0.8274179697036743,
            0.3509948253631592
        ],
        [
            0.09631524980068207,
            -0.819855809211731,
            0.3438156545162201
        ],
        [
            0.08652104437351227,
            -0.836538553237915,
            0.3320423364639282
        ],
        [
            0.05515023320913315,
            -0.8155936598777771,
            0.3054140508174896
        ],
        [
            0.04863220825791359,
            -0.8243396282196045,
            0.29046833515167236
        ],
        [
            0.05228007584810257,
            -0.8413388133049011,
            0.28964483737945557
        ],
        [
            0.06092488765716553,
            -0.8332861065864563,
            0.30867037177085876
        ],
        [
            0.0633925348520279,
            -0.8623614311218262,
            0.2882445752620697
        ],
        [
            0.07397858798503876,
            -0.8529410362243652,
            0.3106923997402191
        ],
        [
            0.05591754615306854,
            -0.7120895981788635,
            0.2325560301542282
        ],
        [
            0.055226944386959076,
            -0.7291259169578552,
            0.23902396857738495
        ],
        [
            0.06526479870080948,
            -0.6838387250900269,
            0.23357675969600677
        ],
        [
            0.055299218744039536,
            -0.6989687085151672,
            0.22522181272506714
        ],
        [
            0.07973514497280121,
            -0.8785731792449951,
            0.28377342224121094
        ],
        [
            0.09181267023086548,
            -0.868698000907898,
            0.3110201060771942
        ],
        [
            0.040929604321718216,
            -0.825652003288269,
            0.236356720328331
        ],
        [
            0.0421951562166214,
            -0.837773859500885,
            0.25134167075157166
        ],
        [
            0.04063217714428902,
            -0.8195865154266357,
            0.26126420497894287
        ],
        [
            0.03909805417060852,
            -0.8104166984558105,
            0.24619804322719574
        ],
        [
            0.04754115641117096,
            -0.8407320380210876,
            0.22419734299182892
        ],
        [
            0.04984652251005173,
            -0.855171799659729,
            0.24176710844039917
        ],
        [
            0.04677455499768257,
            -0.7776530981063843,
            0.20779749751091003
