{
    "pred_cam": [
        1.8277137279510498,
        -0.1773274838924408,
        0.41030552983283997
    ],
    "pred_smpl_params": {
        "global_orient": [
            [
                [
                    -0.9592474102973938,
                    0.004188926890492439,
                    0.28253644704818726
                ],
                [
                    -0.08138407766819,
                    -0.9616159200668335,
                    -0.2620522677898407
                ],
                [
                    0.2705938518047333,
                    -0.27436694502830505,
                    0.9227684736251831
                ]
            ]
        ],
        "body_pose": [
            [
                [
                    0.9978247880935669,
                    -0.06568720936775208,
                    -0.005558677949011326
                ],
                [
                    0.054889317601919174,
                    0.7811717987060547,
                    0.6218986511230469
                ],
                [
                    -0.03650849685072899,
                    -0.6208509802818298,
                    0.783078134059906
                ]
            ],
            [
                [
                    0.9868859648704529,
                    0.12804462015628815,
                    0.09828875213861465
                ],
                [
                    -0.15856404602527618,
                    0.6549806594848633,
                    0.7388218641281128
                ],
                [
                    0.030224941670894623,
                    -0.7447180151939392,
                    0.6666945219039917
                ]
            ],
            [
                [
                    0.9987465739250183,
                    -0.02802228555083275,
                    -0.04147357493638992
                ],
                [
                    -0.0038155780639499426,
                    0.7835572361946106,
                    -0.621307909488678
                ],
                [
                    0.0499073825776577,
                    0.6206873655319214,
                    0.7824681997299194
                ]
            ],
            [
                [
                    0.9924247860908508,
                    0.12258832156658173,
                    -0.008071502670645714
                ],
                [
                    -0.09352981299161911,
                    0.711311399936676,
                    -0.6966263055801392
                ],
                [
                    -0.07965690642595291,
                    0.6921041011810303,
                    0.7173887491226196
                ]
            ],
            [
                [
                    0.9862797260284424,
                    -0.15873795747756958,
                    0.04532833397388458
                ],
                [
                    0.1351664811372757,
                    0.6188684105873108,
                    -0.7737777233123779
                ],
                [
                    0.09477560222148895,
                    0.7692880630493164,
                    0.6318334341049194
                ]
            ],
            [
                [
                    0.9996775388717651,
                    0.0030425775330513716,
                    0.025210916996002197
                ],
                [
                    -0.0030356456991285086,
                    0.9999952912330627,
                    -0.0003132393176201731
                ],
                [
                    -0.02521175518631935,
                    0.00023660688020754606,
                    0.9996820688247681
                ]
            ],
            [
                [
                    0.9745186567306519,
                    0.0323994942009449,
                    0.22195397317409515
                ],
                [
                    -0.05344294011592865,
                    0.9945546984672546,
                    0.08946938067674637
                ],
                [
                    -0.2178466022014618,
                    -0.09905146807432175,
                    0.9709436297416687
                ]
            ],
            [
                [
                    0.9792883396148682,
                    -0.016111675649881363,
                    -0.20182840526103973
                ],
                [
                    0.02612815611064434,
                    0.9985501170158386,
                    0.04706316813826561
                ],
                [
                    0.20077753067016602,
                    -0.051361821591854095,
                    0.9782894253730774
                ]
            ],
            [
                [
                    0.9995898604393005,
                    0.028582802042365074,
                    -0.0017659898148849607
                ],
                [
                    -0.028608186170458794,
                    0.9938926696777344,
                    -0.10657867044210434
                ],
                [
                    -0.0012911127414554358,
                    0.10658548027276993,
                    0.9943027496337891
                ]
            ],
            [
                [
                    0.9957273602485657,
                    -0.09201667457818985,
                    -0.007741231936961412
                ],
                [
                    0.09232964366674423,
                    0.9934480786323547,
                    0.06735111773014069
                ],
                [
                    0.0014930871548131108,
                    -0.0677780956029892,
                    0.9976993203163147
                ]
            ],
            [
                [
                    0.9879348278045654,
                    0.11259930580854416,
                    -0.10633038729429245
                ],
                [
                    -0.10309462994337082,
                    0.9904979467391968,
                    0.09102381020784378
                ],
                [
                    0.11556924879550934,
                    -0.0789634957909584,
                    0.990155816078186
                ]
            ],
            [
                [
                    0.9865123629570007,
                    0.11264549940824509,
                    -0.11876152455806732
                ],
                [
                    -0.13548454642295837,
                    0.9690725207328796,
                    -0.20625820755958557
                ],
                [
                    0.09185446053743362,
                    0.21956664323806763,
                    0.9712637662887573
                ]
            ],
            [
                [
                    0.8916561007499695,
                    -0.011055223643779755,
                    -0.45257827639579773
                ],
                [
                    0.059749536216259,
                    0.9938304424285889,
                    0.0934402346611023
                ],
                [
                    0.4487530589103699,
                    -0.11035791039466858,
                    0.8868155479431152
                ]
            ],
            [
                [
                    0.9416133761405945,
                    0.05274372175335884,
                    0.33253926038742065
                ],
                [
                    -0.08145299553871155,
                    0.9940014481544495,
                    0.07298355549573898
                ],
                [
                    -0.3266950845718384,
                    -0.09580861032009125,
                    0.94026118516922
                ]
            ],
            [
                [
                    0.9999145865440369,
                    -0.010846626944839954,
                    0.007297208067029715
                ],
                [
                    0.009877481497824192,
                    0.992506742477417,
                    0.1217900961637497
                ],
                [
                    -0.008563541807234287,
                    -0.12170760333538055,
                    0.9925290942192078
                ]
            ],
            [
                [
                    0.3900437653064728,
                    0.7832392454147339,
                    -0.48415085673332214
                ],
                [
                    -0.7312120199203491,
                    0.5830318331718445,
                    0.3541225492954254
                ],
                [
                    0.5596380829811096,
                    0.21589364111423492,
                    0.8001219034194946
                ]
            ],
            [
                [
                    0.7079387307167053,
                    -0.6541783213615417,
                    0.26622065901756287
                ],
                [
                    0.6239372491836548,
                    0.7559022903442383,
                    0.19827771186828613
                ],
                [
                    -0.33094581961631775,
                    0.025736503303050995,
                    0.9432987570762634
                ]
            ],
            [
                [
                    0.7242233753204346,
                    -0.1613149642944336,
                    -0.6704312562942505
                ],
                [
                    0.10864003002643585,
                    0.9868018627166748,
                    -0.1200813353061676
                ],
                [
                    0.6809536814689636,
                    0.014130054041743279,
                    0.7321902513504028
                ]
            ],
            [
                [
                    0.8633884787559509,
                    0.12300293147563934,
                    0.4893164336681366
                ],
                [
                    -0.11285610496997833,
                    0.9923363924026489,
                    -0.0503184013068676
                ],
                [
                    -0.4917558431625366,
                    -0.011778023093938828,
                    0.8706534504890442
                ]
            ],
            [
                [
                    0.9808915257453918,
                    -0.1907021850347519,
                    0.03852934390306473
                ],
                [
                    0.1897374540567398,
                    0.9814540147781372,
                    0.027344979345798492
                ],
                [
                    -0.04302952438592911,
                    -0.019511999562382698,
                    0.9988832473754883
                ]
            ],
            [
                [
                    0.9817289710044861,
                    0.1707810014486313,
                    -0.08391767740249634
                ],
                [
                    -0.17810983955860138,
                    0.9799438118934631,
                    -0.08937106281518936
                ],
                [
                    0.06697171926498413,
                    0.10268471390008926,
                    0.9924570322036743
                ]
            ],
            [
                [
                    0.9803004264831543,
                    0.1766427606344223,
                    -0.08836454898118973
                ],
                [
                    -0.158022940158844,
                    0.9698294997215271,
                    0.1856328696012497
                ],
                [
                    0.11848923563957214,
                    -0.16801238059997559,
                    0.9786378741264343
                ]
            ],
            [
                [
                    0.985081136226654,
                    -0.1677502542734146,
                    0.0384071059525013
                ],
                [
                    0.15162543952465057,
                    0.9515989422798157,
                    0.26733702421188354
                ],
                [
                    -0.0813940241932869,
                    -0.25752514600753784,
                    0.9628373980522156
                ]
            ]
        ],
        "betas": [
            0.030383199453353882,
            -0.10739204287528992,
            -0.44619640707969666,
            -0.2812669575214386,
            0.07017466425895691,
            0.08720818161964417,
            0.190846785902977,
            -0.12482041120529175,
            0.05054236948490143,
            -0.06800484657287598
        ]
    },
    "pred_cam_t": [
        -0.1773274838924408,
        0.41030552983283997,
        21.372329711914062
    ],
    "focal_length": [
        5000.0,
        5000.0
    ],
    "pred_keypoints_3d": [
        [
            0.12295028567314148,
            -0.6860545873641968,
            0.30754536390304565
        ],
        [
            0.06680634617805481,
            -0.6810446977615356,
            0.12285425513982773
        ],
        [
            0.225599467754364,
            -0.6104851365089417,
            0.07038440555334091
        ],
        [
            0.37229710817337036,
            -0.3995566964149475,
            0.07073123008012772
        ],
        [
            0.49003085494041443,
            -0.22535033524036407,
            0.21950730681419373
        ],
        [
            -0.0960199236869812,
            -0.6264461874961853,
            0.17766620218753815
        ],
        [
            -0.13546982407569885,
            -0.3776439130306244,
            0.2536690831184387
        ],
        [
            -3.759562969207764e-05,
            -0.23464298248291016,
            0.41010740399360657
        ],
        [
            -0.0017154663801193237,
            -0.21972864866256714,
            0.0287058986723423
        ],
        [
            0.062076717615127563,
            -0.12629367411136627,
            0.031248407438397408
        ],
        [
            0.2239079624414444,
            0.050362661480903625,
            0.3334663510322571
        ],
        [
            0.18941256403923035,
            0.44753408432006836,
            0.3900941014289856
        ],
        [
            -0.07099810242652893,
            -0.13608074188232422,
            0.06654508411884308
        ],
        [
            -0.06419295072555542,
            0.0832100510597229,
            0.3745077848434448
        ],
        [
            -0.04696739837527275,
            0.4847185015678406,
            0.3949453830718994
        ],
        [
            0.14748306572437286,
            -0.7385013103485107,
            0.28728628158569336
        ],
        [
            0.08407607674598694,
            -0.7325719594955444,
            0.3085072934627533
        ],
        [
            0.15789546072483063,
            -0.7724447250366211,
            0.18826033174991608
        ],
        [
            0.015437211841344833,
            -0.7613018751144409,
            0.2356410175561905
        ],
        [
            -0.03114042803645134,
            0.4898863434791565,
            0.5946270227432251
        ],
        [
            -0.10152672976255417,
            0.5119795799255371,
            0.5550159215927124
        ],
        [
            -0.055990420281887054,
            0.534615695476532,
            0.3450227379798889
        ],
        [
            0.27370014786720276,
            0.44675469398498535,
            0.5750974416732788
        ],
        [
            0.31310194730758667,
            0.4766382575035095,
            0.5028895139694214
        ],
        [
            0.1680866777896881,
            0.5069906115531921,
            0.3497503995895386
        ],
        [
            0.20059537887573242,
            0.40829288959503174,
            0.3470439910888672
        ],
        [
            0.20705612003803253,
            0.01126790326088667,
            0.29504117369651794
        ],
        [
            0.13422799110412598,
            -0.2277096062898636,
            -0.04755934700369835
        ],
        [
            -0.15776754915714264,
            -0.23621857166290283,
            0.02859707921743393
        ],
        [
            -0.07751504331827164,
            0.051935359835624695,
            0.3530721068382263
        ],
        [
            -0.0600016713142395,
            0.4565007984638214,
            0.3661711812019348
        ],
        [
            0.4685550332069397,
            -0.24633756279945374,
            0.23705260455608368
        ],
        [
            0.38700270652770996,
            -0.42898738384246826,
            0.0889633297920227
        ],
        [
            0.19976428151130676,
            -0.6343487501144409,
            0.07702064514160156
        ],
        [
            -0.0746053084731102,
            -0.644447922706604,
            0.16488054394721985
        ],
        [
            -0.1328083872795105,
            -0.4138578772544861,
            0.2876075506210327
        ],
        [
            8.149910718202591e-05,
            -0.2551187574863434,
            0.41420161724090576
        ],
        [
            0.06663042306900024,
            -0.6811655759811401,
            0.13369479775428772
        ],
        [
            0.09108126163482666,
            -0.805918276309967,
            0.2515600919723511
        ],
        [
            -0.011563237756490707,
            -0.23242813348770142,
            -0.009412521496415138
        ],
        [
            0.061730191111564636,
            -0.6352272033691406,
            0.1191539615392685
        ],
        [
            0.022031061351299286,
            -0.4772270917892456,
            0.013600611127912998
        ],
        [
            0.0912611186504364,
            -0.694303035736084,
            0.23289120197296143
        ],
        [
            0.09348472952842712,
            -0.8281761407852173,
            0.25029414892196655
        ]
    ],
    "pred_vertices": [
        [
            0.0763077586889267,
            -0.7754694223403931,
            0.33233731985092163
        ],
        [
            0.08290432393550873,
            -0.7598607540130615,
            0.32944440841674805
        ],
        [
            0.0694342851638794,
            -0.7597936391830444,
            0.3244331479072571
        ],
        [
            0.06178960204124451,
            -0.7728006839752197,
            0.32326120138168335
        ],
        [
            0.07450128346681595,
            -0.7489767074584961,
            0.3238546848297119
        ],
        [
            0.08606532216072083,
            -0.7481359839439392,
            0.3271060883998871
        ],
        [
            0.059027496725320816,
            -0.7579329013824463,
            0.3154856562614441
        ],
        [
            0.05141478031873703,
            -0.768183171749115,
            0.311219185590744
        ],
        [
            0.0487557053565979,
            -0.7297036647796631,
            0.29091882705688477
        ],
        [
            0.04185051470994949,
            -0.7296693325042725,
            0.2824273109436035
        ],
        [
            0.043201643973588943,
            -0.7402106523513794,
            0.28914958238601685
        ],
        [
            0.05054028704762459,
            -0.7378630042076111,
            0.29544827342033386
        ],
        [
            0.04657921940088272,
            -0.7077417373657227,
            0.2768450677394867
        ],
        [
            0.05396175757050514,
            -0.6959106922149658,
            0.278631329536438
        ],
        [
            0.04826859012246132,
            -0.6918940544128418,
            0.26693427562713623
        ],
        [
            0.041448548436164856,
            -0.7034847736358643,
            0.2642084062099457
        ],
        [
            0.09353987127542496,
            -0.700934886932373,
            0.29510989785194397
        ],
        [
            0.0874893069267273,
            -0.6949162483215332,
            0.29315024614334106
        ],
        [
            0.083891861140728,
            -0.7010539770126343,
            0.29634159803390503
        ],
        [
            0.09049757570028305,
            -0.7064682245254517,
            0.297486811876297
        ],
        [
            0.10483333468437195,
            -0.7083922624588013,
            0.3013847768306732
        ],
        [
            0.10307027399539948,
            -0.7146791219711304,
            0.3011552095413208
        ],
        [
            0.10943439602851868,
            -0.7163344621658325,
            0.3058381676673889
        ],
        [
            0.11057941615581512,
            -0.7089482545852661,
            0.306944340467453
        ],
        [
            0.09857159107923508,
            -0.6964621543884277,
            0.2914123237133026
        ],
        [
            0.09194906800985336,
            -0.6904482245445251,
            0.2890443205833435
        ],
        [
            0.09895232319831848,
            -0.7057923078536987,
            0.2971315383911133
        ],
        [
            0.10125613212585449,
            -0.7014892101287842,
            0.29667940735816956
        ],
        [
            0.10677824914455414,
            -0.6918505430221558,
            0.3022734224796295
        ],
        [
            0.10505743324756622,
            -0.6966830492019653,
            0.30344781279563904
        ],
        [
            0.11041057854890823,
            -0.6951303482055664,
            0.3089170455932617
        ],
        [
            0.11114521324634552,
            -0.6903729438781738,
            0.3055311441421509
        ],
        [
            0.10134035348892212,
            -0.6950347423553467,
            0.2949300706386566
        ],
        [
            0.1017507016658783,
            -0.696523904800415,
            0.2986453175544739
        ],
        [
            0.10462689399719238,
            -0.6923168897628784,
            0.29839450120925903
        ],
        [
            0.10484936833381653,
            -0.6916263103485107,
            0.2944796681404114
        ],
        [
            0.10607419908046722,
            -0.703557014465332,
            0.3020179867744446
        ],
        [
            0.11100354790687561,
            -0.7025043964385986,
            0.30805307626724243
        ],
        [
            0.11682821810245514,
            -0.7011402249336243,
            0.31379830837249756
        ],
        [
            0.1164369285106659,
            -0.6922785043716431,
            0.31331172585487366
        ],
        [
            0.07399017363786697,
            -0.6848016977310181,
            0.2845611274242401
        ],
        [
            0.0805421695113182,
            -0.6896141767501831,
            0.2899509370326996
        ],
        [
            0.08531607687473297,
            -0.6851378083229065,
            0.2866751253604889
        ],
        [
            0.07941406965255737,
            -0.6810732483863831,
            0.28305041790008545
        ],
        [
            0.1023954227566719,
            -0.6900507211685181,
            0.2905094027519226
        ],
        [
            0.0978013426065445,
            -0.6755593419075012,
            0.28454071283340454
        ],
        [
            0.09781325608491898,
            -0.6788070201873779,
            0.28655993938446045
        ],
        [
            0.10489629209041595,
            -0.6783537864685059,
            0.2887302339076996
        ],
        [
            0.10422040522098541,
            -0.6752851009368896,
            0.286908894777298
        ],
        [
            0.06571319699287415,
            -0.6754382848739624,
            0.27188223600387573
        ],
        [
            0.07236898690462112,
            -0.6725452542304993,
            0.2739902138710022
        ],
        [
            0.07079226523637772,
            -0.667567253112793,
            0.26869603991508484
        ],
        [
            0.06439251452684402,
            -0.6698856353759766,
            0.264755517244339
        ],
        [
            0.07251663506031036,
            -0.6630123853683472,
            0.2645311653614044
        ],
        [
            0.06449200958013535,
            -0.6642934083938599,
            0.2580525577068329
        ],
        [
            0.07232997566461563,
            -0.6517561078071594,
            0.24868300557136536
        ],
        [
            0.06823273003101349,
            -0.6575089693069458,
            0.25286951661109924
        ],
        [
            0.07609473913908005,
            -0.6579344272613525,
            0.26117151975631714
        ],
        [
            0.0819905623793602,
            -0.6524213552474976,
            0.25979673862457275
        ],
        [
            0.09628255665302277,
            -0.6535773873329163,
            0.26609542965888977
        ],
        [
            0.10266440361738205,
            -0.651618480682373,
            0.26633113622665405
        ],
        [
            0.09681812673807144,
            -0.641311764717102,
            0.25982600450515747
        ],
        [
            0.08977003395557404,
            -0.6458909511566162,
            0.259823203086853
        ],
        [
            0.09655715525150299,
            -0.67159503698349,
            0.278074711561203
        ],
        [
            0.0919361412525177,
            -0.6726311445236206,
            0.27672848105430603
        ],
        [
            0.0923396646976471,
            -0.6728602051734924,
            0.27946892380714417
        ],
        [
            0.09732554107904434,
            -0.6726897954940796,
            0.28169548511505127
        ],
        [
            0.08784004300832748,
            -0.672853946685791,
            0.27611300349235535
        ],
        [
            0.08600561320781708,
            -0.6727375984191895,
            0.27584075927734375
        ],
        [
            0.08660668134689331,
            -0.6733831167221069,
            0.27736446261405945
        ],
        [
            0.08809822052717209,
            -0.67336505651474,
            0.27694085240364075
        ],
        [
            0.0901886373758316,
            -0.6729758977890015,
            0.27675291895866394
        ],
        [
            0.09122009575366974,
            -0.6712318658828735,
            0.27589863538742065
        ],
        [
            0.08882514387369156,
            -0.6720666885375977,
            0.2759239971637726
        ],
        [
            0.09540272504091263,
            -0.6694949269294739,
            0.2770026922225952
        ],
        [
            0.10959725081920624,
            -0.6651659607887268,
            0.27978402376174927
        ],
        [
            0.10549482703208923,
            -0.6654516458511353,
            0.27959951758384705
        ],
        [
            0.10697194933891296,
            -0.6698460578918457,
            0.2803911864757538
        ],
        [
            0.11046779155731201,
            -0.6701048612594604,
            0.2806813716888428
        ],
        [
            0.08881875872612,
            -0.6750787496566772,
            0.27932360768318176
        ],
        [
            0.08639607578516006,
            -0.6759485006332397,
            0.2802351713180542
        ],
        [
            0.09124433994293213,
            -0.6772065162658691,
            0.28334808349609375
        ],
        [
            0.09206118434667587,
            -0.6751371622085571,
            0.2812501788139343
        ],
        [
            0.08372372388839722,
            -0.6775763630867004,
            0.28179866075515747
        ],
        [
            0.08431544154882431,
            -0.6745883226394653,
            0.2780977487564087
        ],
        [
            0.0810810923576355,
            -0.6757256984710693,
            0.27874457836151123
        ],
        [
            0.08644592016935349,
            -0.6713149547576904,
            0.274894118309021
        ],
        [
            0.08325190097093582,
            -0.6701226234436035,
            0.27376848459243774
        ],
        [
            0.08308786153793335,
            -0.6719297766685486,
            0.2759668529033661
        ],
        [
            0.08527430891990662,
            -0.6674644947052002,
            0.2718503177165985
        ],
        [
            0.08910119533538818,
            -0.6694666147232056,
            0.27413561940193176
        ],
        [
            0.09327565133571625,
            -0.6669614911079407,
            0.2746011018753052
        ],
        [
            0.09854953736066818,
            -0.6642352342605591,
            0.27570927143096924
        ],
        [
            0.09504801779985428,
            -0.6611062288284302,
            0.27150243520736694
        ],
        [
            0.08945508301258087,
            -0.6642224192619324,
            0.27124306559562683
        ],
        [
            0.08921577036380768,
            -0.6813242435455322,
            0.2850325107574463
        ],
        [
            0.07839471846818924,
            -0.6719196438789368,
            0.27522432804107666
        ],
        [
            0.07549542188644409,
            -0.6776848435401917,
            0.2788177728652954
        ],
        [
            0.07796116918325424,
            -0.6682364344596863,
            0.27205008268356323
        ],
        [
            0.07971329987049103,
            -0.6646527051925659,
            0.26903724670410156
        ],
        [
            0.08398355543613434,
            -0.6610987186431885,
            0.2668893039226532
        ],
        [
            0.08996734023094177,
            -0.6570529937744141,
            0.2663115859031677
        ],
        [
            0.09060268104076385,
            -0.6382523775100708,
            0.24612095952033997
        ],
        [
            0.08205020427703857,
            -0.644118070602417,
            0.24754050374031067
        ],
        [
            0.08692438900470734,
            -0.7422308921813965,
            0.3207619786262512
        ],
        [
            0.07780031859874725,
            -0.7421362400054932,
            0.3205573260784149
        ],
        [
            0.07541877776384354,
            -0.7369311451911926,
            0.3131785988807678
        ],
        [
            0.0738304853439331,
            -0.7385174036026001,
            0.3144664168357849
        ],
        [
            0.07994848489761353,
            -0.7393880486488342,
            0.31644120812416077
        ],
        [
            0.08007405698299408,
            -0.7367838621139526,
            0.31465208530426025
        ],
        [
            0.0578911229968071,
            -0.7370179891586304,
            0.29996129870414734
        ],
        [
            0.06375107914209366,
            -0.7365588545799255,
            0.3035825490951538
        ],
        [
            0.06308680772781372,
            -0.7339072227478027,
            0.30035531520843506
        ],
        [
            0.05602731555700302,
            -0.7312875986099243,
            0.2964973747730255
        ],
        [
            0.07185864448547363,
            -0.724829912185669,
            0.30071336030960083
        ],
        [
            0.06696651130914688,
            -0.7270618677139282,
            0.29960066080093384
        ],
        [
            0.07158945500850677,
            -0.7318680882453918,
            0.30433598160743713
        ],
        [
            0.07511340826749802,
            -0.7302027940750122,
            0.3052043318748474
        ],
        [
            0.0792008712887764,
            -0.7292448282241821,
            0.30576005578041077
        ],
        [
            0.08362690359354019,
            -0.7289194464683533,
            0.30555546283721924
        ],
        [
            0.0828293189406395,
            -0.7246488332748413,
            0.3026774823665619
        ],
        [
            0.07745293527841568,
            -0.7243041396141052,
            0.30200499296188354
        ],
        [
            0.08663925528526306,
            -0.740298867225647,
            0.3162749111652374
        ],
        [
            0.09349474310874939,
            -0.7399952411651611,
            0.3137710690498352
        ],
        [
            0.0918072983622551,
            -0.7376692295074463,
            0.31223681569099426
        ],
        [
            0.08611711859703064,
            -0.7372627258300781,
            0.31477004289627075
        ],
        [
            0.09992893040180206,
            -0.7352340817451477,
            0.30187100172042847
        ],
        [
            0.09921732544898987,
            -0.7366982102394104,
            0.304348349571228
        ],
        [
            0.10302453488111496,
            -0.7376368045806885,
            0.3051277697086334
        ],
        [
            0.10334090143442154,
            -0.7342437505722046,
            0.30191442370414734
        ],
        [
            0.10098489373922348,
            -0.731522798538208,
            0.3011676073074341
        ],
        [
            0.09874090552330017,
            -0.7335401773452759,
            0.3017638325691223
        ],
        [
            0.08554929494857788,
            -0.794924795627594,
            0.33908963203430176
        ],
        [
            0.09178080409765244,
            -0.7768330574035645,
            0.33731892704963684
        ],
        [
            0.06741777807474136,
            -0.7931026220321655,
            0.3304770290851593
        ],
        [
            0.05409970507025719,
            -0.7883727550506592,
            0.3180249035358429
        ],
        [
            0.04318481311202049,
            -0.7801672220230103,
            0.30568599700927734
        ],
        [
            0.05699371546506882,
            -0.682098925113678,
            0.26959192752838135
        ],
        [
            0.053798213601112366,
            -0.6771125197410583,
            0.26032939553260803
        ],
        [
            0.04364641755819321,
            -0.688865602016449,
            0.25511133670806885
        ],
        [
            0.04360409826040268,
            -0.6821656227111816,
            0.24562831223011017
        ],
        [
            0.05437924340367317,
            -0.6701575517654419,
            0.2514551281929016
        ],
        [
            0.06493288278579712,
            -0.6550219058990479,
            0.23681560158729553
        ],
        [
            0.05795974284410477,
            -0.6622025370597839,
            0.24354049563407898
        ],
        [
            0.045899972319602966,
            -0.6759821176528931,
            0.2350730150938034
        ],
        [
            0.03506166860461235,
            -0.6935096979141235,
            0.22981829941272736
        ],
        [
            0.03499336168169975,
            -0.6964585185050964,
            0.24112564325332642
        ],
        [
            0.028886348009109497,
            -0.7130571603775024,
            0.22774800658226013
        ],
        [
            0.034978874027729034,
            -0.6928686499595642,
            0.21541912853717804
        ],
        [
            0.028801627457141876,
            -0.7166042923927307,
            0.2191573828458786
        ],
        [
            0.04678484797477722,
            -0.6633577346801758,
            0.19823239743709564
        ],
        [
            0.042354121804237366,
            -0.6583268046379089,
            0.19076210260391235
        ],
        [
            0.029899606481194496,
            -0.6713607907295227,
            0.18553262948989868
        ],
        [
            0.033198218792676926,
            -0.6761839389801025,
            0.1934511512517929
        ],
        [
            0.03670250624418259,
            -0.6995629072189331,
            0.25189992785453796
        ],
        [
            0.03925243020057678,
            -0.7525737881660461,
            0.2884167730808258
        ],
        [
            0.04656362906098366,
            -0.7481396198272705,
            0.2966913878917694
        ],
        [
            0.03598842769861221,
            -0.7432544827461243,
            0.27979564666748047
        ],
        [
            0.03459439426660538,
            -0.8142604827880859,
            0.30121663212776184
        ],
        [
            0.044126033782958984,
            -0.802358090877533,
            0.31256842613220215
        ],
        [
            0.03492676466703415,
            -0.7918248176574707,
            0.30091631412506104
        ],
        [
            0.026712840422987938,
            -0.8043838143348694,
            0.29201385378837585
        ],
        [
            0.06575831025838852,
            -0.8425750732421875,
            0.3169442117214203
        ],
        [
            0.07444772124290466,
            -0.8198376297950745,
            0.3317326307296753
        ],
        [
            0.06010391563177109,
            -0.812685489654541,
            0.3230164051055908
        ],
        [
            0.0508904755115509,
            -0.8302068114280701,
            0.3117557466030121
        ],
        [
            0.021419672295451164,
            -0.8109127879142761,
            0.28178614377975464
        ],
        [
            0.01581648737192154,
            -0.8204954266548157,
            0.26685038208961487
        ],
        [
            0.019276557490229607,
            -0.837696373462677,
            0.26770514249801636
        ],
        [
            0.02671225182712078,
            -0.8283569812774658,
            0.28683534264564514
        ],
        [
            0.030193153768777847,
            -0.8586147427558899,
            0.2683408558368683
        ],
        [
            0.03944198787212372,
            -0.8477670550346375,
            0.29090315103530884
        ],
        [
            0.02790619432926178,
            -0.7110050320625305,
            0.20333421230316162
        ],
        [
            0.026309799402952194,
            -0.7276527881622314,
            0.2107355147600174
        ],
        [
            0.03708237037062645,
            -0.6824423670768738,
            0.20408913493156433
        ],
        [
            0.02793184667825699,
            -0.6983187794685364,
            0.19540783762931824
        ],
        [
            0.04673641920089722,
            -0.8750580549240112,
            0.2662549316883087
        ],
        [
            0.057175152003765106,
            -0.863588273525238,
            0.2935207486152649
        ],
        [
            0.011778934858739376,
            -0.8251157999038696,
            0.21240471303462982
        ],
        [
            0.011713530868291855,
            -0.8361019492149353,
            0.22840362787246704
        ],
        [
            0.00976645015180111,
            -0.8174172639846802,
            0.2368817925453186
        ],
        [
            0.00937497615814209,
            -0.809123158454895,
            0.22117219865322113
        ],
        [
            0.01898445561528206,
            -0.8409355282783508,
            0.2017015814781189
        ],
        [
            0.01985551230609417,
            -0.854379415512085,
            0.2205420434474945
        ],
        [
            0.02009546384215355,
            -0.778764545917511,
