{
    "pred_cam": [
        1.9166330099105835,
        -0.1587468981742859,
        0.4224603772163391
    ],
    "pred_smpl_params": {
        "global_orient": [
            [
                [
                    -0.9802940487861633,
                    -0.01708836667239666,
                    0.19680356979370117
                ],
                [
                    -0.04414539784193039,
                    -0.9521065354347229,
                    -0.3025626540184021
                ],
                [
                    0.19254830479621887,
                    -0.30528831481933594,
                    0.9325900077819824
                ]
            ]
        ],
        "body_pose": [
            [
                [
                    0.9953134059906006,
                    -0.09586609154939651,
                    -0.012680955231189728
                ],
                [
                    0.08220874518156052,
                    0.7697885036468506,
                    0.6329827904701233
                ],
                [
                    -0.05091995745897293,
                    -0.6310588121414185,
                    0.7740618586540222
                ]
            ],
            [
                [
                    0.9853387475013733,
                    0.13726462423801422,
                    0.1013203114271164
                ],
                [
                    -0.16578024625778198,
                    0.6300354599952698,
                    0.7586646676063538
                ],
                [
                    0.040302421897649765,
                    -0.7643387317657471,
                    0.6435540914535522
                ]
            ],
            [
                [
                    0.9991723299026489,
                    -0.019201740622520447,
                    -0.0358600839972496
                ],
                [
                    -0.0071172043681144714,
                    0.7854487895965576,
                    -0.6188857555389404
                ],
                [
                    0.04004994407296181,
                    0.618628740310669,
                    0.7846620082855225
                ]
            ],
            [
                [
                    0.9912143349647522,
                    0.1315908282995224,
                    -0.013343220576643944
                ],
                [
                    -0.09828143566846848,
                    0.6652626991271973,
                    -0.7401124238967896
                ],
                [
                    -0.0885152742266655,
                    0.734921395778656,
                    0.6723508834838867
                ]
            ],
            [
                [
                    0.9861277341842651,
                    -0.15586605668067932,
                    0.057078879326581955
                ],
                [
                    0.13592398166656494,
                    0.5608975887298584,
                    -0.8166508078575134
                ],
                [
                    0.09527271240949631,
                    0.8130803108215332,
                    0.574302613735199
                ]
            ],
            [
                [
                    0.9994184374809265,
                    -0.01670447736978531,
                    0.02972806617617607
                ],
                [
                    0.01705063320696354,
                    0.9997893571853638,
                    -0.011428835801780224
                ],
                [
                    -0.02953088842332363,
                    0.011929071508347988,
                    0.9994927644729614
                ]
            ],
            [
                [
                    0.9722766876220703,
                    0.01638060249388218,
                    0.233258917927742
                ],
                [
                    -0.04149727150797844,
                    0.9937966465950012,
                    0.10318070650100708
                ],
                [
                    -0.23012176156044006,
                    -0.10999979823827744,
                    0.9669250845909119
                ]
            ],
            [
                [
                    0.9777346849441528,
                    -0.013642091304063797,
                    -0.20940110087394714
                ],
                [
                    0.027874263003468513,
                    0.9974850416183472,
                    0.06516608595848083
                ],
                [
                    0.20798546075820923,
                    -0.06955204159021378,
                    0.9756559729576111
                ]
            ],
            [
                [
                    0.9999633431434631,
                    0.008524470031261444,
                    -0.0008311886922456324
                ],
                [
                    -0.00856043491512537,
                    0.99159175157547,
                    -0.12912233173847198
                ],
                [
                    -0.0002764998935163021,
                    0.129124715924263,
                    0.9916283488273621
                ]
            ],
            [
                [
                    0.9961665868759155,
                    -0.08606790751218796,
                    0.015633320435881615
                ],
                [
                    0.0845276340842247,
                    0.9931012988090515,
                    0.08127082139253616
                ],
                [
                    -0.02252027951180935,
                    -0.07963783293962479,
                    0.9965694546699524
                ]
            ],
            [
                [
                    0.9890138506889343,
                    0.11442002654075623,
                    -0.0935928225517273
                ],
                [
                    -0.10566306859254837,
                    0.9899764060974121,
                    0.09371309727430344
                ],
                [
                    0.1033773273229599,
                    -0.08279424905776978,
                    0.9911903738975525
                ]
            ],
            [
                [
                    0.9892175197601318,
                    0.11563283205032349,
                    -0.08987736701965332
                ],
                [
                    -0.13587728142738342,
                    0.9536136984825134,
                    -0.26862281560897827
                ],
                [
                    0.054646678268909454,
                    0.2779386341571808,
                    0.9590432643890381
                ]
            ],
            [
                [
                    0.9078826904296875,
                    -0.002175441011786461,
                    -0.41921865940093994
                ],
                [
                    0.053494859486818314,
                    0.9924129247665405,
                    0.11070145666599274
                ],
                [
                    0.41579723358154297,
                    -0.12292998284101486,
                    0.9011108875274658
                ]
            ],
            [
                [
                    0.9563474059104919,
                    0.03324451297521591,
                    0.29033514857292175
                ],
                [
                    -0.056218404322862625,
                    0.9958802461624146,
                    0.07114800065755844
                ],
                [
                    -0.2867737412452698,
                    -0.0843643769621849,
                    0.954276442527771
                ]
            ],
            [
                [
                    0.999592661857605,
                    0.010026805102825165,
                    0.02672460488975048
                ],
                [
                    -0.012969134375452995,
                    0.993588924407959,
                    0.11230701953172684
                ],
                [
                    -0.02542719431221485,
                    -0.11260783672332764,
                    0.993314266204834
                ]
            ],
            [
                [
                    0.3507894277572632,
                    0.7970939874649048,
                    -0.4915160834789276
                ],
                [
                    -0.7370526790618896,
                    0.5587818026542664,
                    0.380153089761734
                ],
                [
                    0.5776679515838623,
                    0.22891953587532043,
                    0.7835150361061096
                ]
            ],
            [
                [
                    0.727068305015564,
                    -0.641330897808075,
                    0.2450842410326004
                ],
                [
                    0.6144790649414062,
                    0.7670859694480896,
                    0.184376060962677
                ],
                [
                    -0.3062467575073242,
                    0.01654515042901039,
                    0.9518083333969116
                ]
            ],
            [
                [
                    0.7423081994056702,
                    -0.16927599906921387,
                    -0.6483241319656372
                ],
                [
                    0.12962490320205688,
                    0.9855635166168213,
                    -0.10891253501176834
                ],
                [
                    0.657400906085968,
                    -0.0031922829803079367,
                    0.7535342574119568
                ]
            ],
            [
                [
                    0.8551764488220215,
                    0.13645334541797638,
                    0.5000537633895874
                ],
                [
                    -0.13865864276885986,
                    0.9897915720939636,
                    -0.03296199440956116
                ],
                [
                    -0.49944671988487244,
                    -0.04114844650030136,
                    0.8653668761253357
                ]
            ],
            [
                [
                    0.9799233078956604,
                    -0.19343885779380798,
                    0.048288494348526
                ],
                [
                    0.19280123710632324,
                    0.9810804128646851,
                    0.017575044184923172
                ],
                [
                    -0.05077459290623665,
                    -0.007912113331258297,
                    0.9986788034439087
                ]
            ],
            [
                [
                    0.9820151925086975,
                    0.16218668222427368,
                    -0.09665193408727646
                ],
                [
                    -0.17129261791706085,
                    0.9806472063064575,
                    -0.09481503814458847
                ],
                [
                    0.07940371334552765,
                    0.10966558009386063,
                    0.9907918572425842
                ]
            ],
            [
                [
                    0.9796223640441895,
                    0.1799333095550537,
                    -0.08924112468957901
                ],
                [
                    -0.16089259088039398,
                    0.9689850807189941,
                    0.18756726384162903
                ],
                [
                    0.12022291868925095,
                    -0.1693868637084961,
                    0.9781894087791443
                ]
            ],
            [
                [
                    0.9829267263412476,
                    -0.17965447902679443,
                    0.03974262624979019
                ],
                [
                    0.1625174880027771,
                    0.9489610195159912,
                    0.27029794454574585
                ],
                [
                    -0.08627444505691528,
                    -0.25922414660453796,
                    0.9619561433792114
                ]
            ]
        ],
        "betas": [
            -0.007532879710197449,
            -0.14977103471755981,
            -0.46920496225357056,
            -0.3006894290447235,
            0.07881247997283936,
            0.08645440638065338,
            0.2003679722547531,
            -0.13725781440734863,
            0.0502098947763443,
            -0.06689038872718811
        ]
    },
    "pred_cam_t": [
        -0.1587468981742859,
        0.4224603772163391,
        20.38079261779785
    ],
    "focal_length": [
        5000.0,
        5000.0
    ],
    "pred_keypoints_3d": [
        [
            0.07878495007753372,
            -0.6757892370223999,
            0.3064359426498413
        ],
        [
            0.04539985954761505,
            -0.6821275949478149,
            0.11676138639450073
        ],
        [
            0.20885920524597168,
            -0.6119453310966492,
            0.07310733199119568
        ],
        [
            0.36168915033340454,
            -0.40612608194351196,
            0.07260724157094955
        ],
        [
            0.4850991368293762,
            -0.23935332894325256,
            0.22414925694465637
        ],
        [
            -0.12264341115951538,
            -0.6281070113182068,
            0.15656062960624695
        ],
        [
            -0.15878278017044067,
            -0.3790555000305176,
            0.23117505013942719
        ],
        [
            -0.04257563501596451,
            -0.24123653769493103,
            0.40564781427383423
        ],
        [
            -0.0016762390732765198,
            -0.21911387145519257,
            0.028908714652061462
        ],
        [
            0.06600635498762131,
            -0.12902650237083435,
            0.039551932364702225
        ],
        [
            0.21535176038742065,
            0.019135043025016785,
            0.36144202947616577
        ],
        [
            0.19385695457458496,
            0.4168599247932434,
            0.41165900230407715
        ],
        [
            -0.07008123397827148,
            -0.13360783457756042,
            0.06411656737327576
        ],
        [
            -0.08814071118831635,
            0.06898805499076843,
            0.3815906345844269
        ],
        [
            -0.06322391331195831,
            0.468999445438385,
            0.3995004892349243
        ],
        [
            0.10685576498508453,
            -0.7283860445022583,
            0.29291054606437683
        ],
        [
            0.041161343455314636,
            -0.722991943359375,
            0.3052641451358795
        ],
        [
            0.13106802105903625,
            -0.7678998708724976,
            0.19827216863632202
        ],
        [
            -0.01644120365381241,
            -0.7579523324966431,
            0.22615237534046173
        ],
        [
            -0.07187054306268692,
            0.4730125069618225,
            0.5994131565093994
        ],
        [
            -0.13559526205062866,
            0.4968818426132202,
            0.5511847734451294
        ],
        [
            -0.06570090353488922,
            0.5188152194023132,
            0.34890928864479065
        ],
        [
            0.2646266520023346,
            0.4109315276145935,
            0.601059079170227
        ],
        [
            0.31068155169487,
            0.43920934200286865,
            0.5324594974517822
        ],
        [
            0.1780424416065216,
            0.47727417945861816,
            0.37040844559669495
        ],
        [
            0.20653769373893738,
            0.37713271379470825,
            0.36994847655296326
        ],
        [
            0.19957035779953003,
            -0.016390837728977203,
            0.3210141658782959
        ],
        [
            0.13977231085300446,
            -0.23082934319972992,
            -0.03746360167860985
        ],
        [
            -0.15831956267356873,
            -0.2283341884613037,
            0.015445509925484657
        ],
        [
            -0.10017596930265427,
            0.03934282064437866,
            0.35826414823532104
        ],
        [
            -0.07403753697872162,
            0.4409171938896179,
            0.369846910238266
        ],
        [
            0.4630044102668762,
            -0.25969934463500977,
            0.2411736100912094
        ],
        [
            0.3754621744155884,
            -0.43606388568878174,
            0.09106171131134033
        ],
        [
            0.1822499930858612,
            -0.6355482935905457,
            0.07914988696575165
        ],
        [
            -0.09942705929279327,
            -0.645132303237915,
            0.14580902457237244
        ],
        [
            -0.16167423129081726,
            -0.4155113995075226,
            0.2648259997367859
        ],
        [
            -0.043550290167331696,
            -0.2615782618522644,
            0.40947961807250977
        ],
        [
            0.0439969077706337,
            -0.6820546984672546,
            0.12622599303722382
        ],
        [
            0.05710326135158539,
            -0.7995684146881104,
            0.25427812337875366
        ],
        [
            -0.00912075862288475,
            -0.23002055287361145,
            -0.010873015969991684
        ],
        [
            0.04075358808040619,
            -0.636211097240448,
            0.11102204769849777
        ],
        [
            0.011302486062049866,
            -0.47592854499816895,
            0.0069222357124090195
        ],
        [
            0.05755424499511719,
            -0.6891883015632629,
            0.2290291041135788
        ],
        [
            0.060025185346603394,
            -0.8217240571975708,
            0.2547150254249573
        ]
    ],
    "pred_vertices": [
        [
            0.03126956522464752,
            -0.7649118900299072,
            0.3303534686565399
        ],
        [
            0.03782697021961212,
            -0.7492872476577759,
            0.3274245858192444
        ],
        [
            0.025156423449516296,
            -0.7498974800109863,
            0.3207031488418579
        ],
        [
            0.01807384192943573,
            -0.7631611824035645,
            0.3193401098251343
        ],
        [
            0.03001396544277668,
            -0.7389653921127319,
            0.3201669454574585
        ],
        [
            0.04095102474093437,
            -0.7374798059463501,
            0.3248552978038788
        ],
        [
            0.015937983989715576,
            -0.7488267421722412,
            0.3104168474674225
        ],
        [
            0.009217776358127594,
            -0.7594971656799316,
            0.3058314919471741
        ],
        [
            0.00844419002532959,
            -0.7222252488136292,
            0.28304561972618103
        ],
        [
            0.00276072695851326,
            -0.7228657007217407,
            0.27379122376441956
        ],
        [
            0.003450576215982437,
            -0.7330868244171143,
            0.2812054753303528
        ],
        [
            0.00978013128042221,
            -0.7301584482192993,
            0.28819817304611206
        ],
        [
            0.0077816881239414215,
            -0.7013239860534668,
            0.26753732562065125
        ],
        [
            0.014636140316724777,
            -0.689123272895813,
            0.2696303427219391
        ],
        [
            0.01051688939332962,
            -0.6859534382820129,
            0.25709980726242065
        ],
        [
            0.004345465451478958,
            -0.6978586912155151,
            0.25418969988822937
        ],
        [
            0.051672711968421936,
            -0.6920949816703796,
            0.2912992238998413
        ],
        [
            0.04584603011608124,
            -0.6863614916801453,
            0.28824326395988464
        ],
        [
            0.041975006461143494,
            -0.6923725605010986,
            0.29132235050201416
        ],
        [
            0.048463039100170135,
            -0.697519838809967,
            0.2936134934425354
        ],
        [
            0.0621768981218338,
            -0.6988782286643982,
            0.2993607521057129
        ],
        [
            0.06059493497014046,
            -0.7052072882652283,
            0.2993030548095703
        ],
        [
            0.06631248444318771,
            -0.7064192295074463,
            0.3048447370529175
        ],
        [
            0.06714703142642975,
            -0.698970377445221,
            0.305614709854126
        ],
        [
            0.05704125389456749,
            -0.6877413392066956,
            0.28798046708106995
        ],
        [
            0.05071769654750824,
            -0.6820851564407349,
            0.28443700075149536
        ],
        [
            0.05684400722384453,
            -0.6966613531112671,
            0.2942608594894409
        ],
        [
            0.059104129672050476,
            -0.6923753023147583,
            0.29381999373435974
        ],
        [
            0.06362345069646835,
            -0.6823038458824158,
            0.299465149641037
        ],
        [
            0.06185510754585266,
            -0.6871072053909302,
            0.3007000684738159
        ],
        [
            0.06638319790363312,
            -0.6850640177726746,
            0.3067120909690857
        ],
        [
            0.06747887283563614,
            -0.6804999709129333,
            0.30316847562789917
        ],
        [
            0.059264764189720154,
            -0.6860063672065735,
            0.2917158901691437
        ],
        [
            0.05919594317674637,
            -0.6872702240943909,
            0.295526921749115
        ],
        [
            0.06200036033987999,
            -0.6829983592033386,
            0.2953954041004181
        ],
        [
            0.062733955681324,
            -0.6825436353683472,
            0.29151180386543274
        ],
        [
            0.06318316608667374,
            -0.6939542293548584,
            0.2998555898666382
        ],
        [
            0.06724811345338821,
            -0.6924405097961426,
            0.30637842416763306
        ],
        [
            0.07223737984895706,
            -0.690618634223938,
            0.3127051591873169
        ],
        [
            0.0717216357588768,
            -0.6818588972091675,
            0.3116191327571869
        ],
        [
            0.033411651849746704,
            -0.6771405935287476,
            0.27743491530418396
        ],
        [
            0.039255429059267044,
            -0.6813921928405762,
            0.2839028835296631
        ],
        [
            0.04432915896177292,
            -0.6770565509796143,
            0.2809760570526123
        ],
        [
            0.03888622298836708,
            -0.673371434211731,
            0.27640020847320557
        ],
        [
            0.0608186237514019,
            -0.6813008785247803,
            0.2871760427951813
        ],
        [
            0.056793905794620514,
            -0.6673779487609863,
            0.27983641624450684
        ],
        [
            0.05660915747284889,
            -0.6704986095428467,
            0.28200048208236694
        ],
        [
            0.06332222372293472,
            -0.669731855392456,
            0.28502896428108215
        ],
        [
            0.06282967329025269,
            -0.6668031215667725,
            0.2829800546169281
        ],
        [
            0.02675878442823887,
            -0.6688072085380554,
            0.2632869482040405
        ],
        [
            0.03299830108880997,
            -0.665634274482727,
            0.26604241132736206
        ],
        [
            0.032064881175756454,
            -0.6610441207885742,
            0.26031652092933655
        ],
        [
            0.02635038271546364,
            -0.663787305355072,
            0.2557494044303894
        ],
        [
            0.034316256642341614,
            -0.6568852663040161,
            0.2561064064502716
        ],
        [
            0.027241919189691544,
            -0.6587015986442566,
            0.24876642227172852
        ],
        [
            0.03595776483416557,
            -0.646508514881134,
            0.23975345492362976
        ],
        [
            0.031499069184064865,
            -0.6521319150924683,
            0.2437315583229065
        ],
        [
            0.03822453320026398,
            -0.6519625186920166,
            0.25291815400123596
        ],
        [
            0.044155947864055634,
            -0.646404504776001,
            0.2519778609275818
        ],
        [
            0.057367756962776184,
            -0.646573007106781,
            0.2601560056209564
        ],
        [
            0.0635981485247612,
            -0.6444987654685974,
            0.26104921102523804
        ],
        [
            0.058522630482912064,
            -0.6347558498382568,
            0.2532878518104553
        ],
        [
            0.05172968655824661,
            -0.6396937370300293,
            0.2526070475578308
        ],
        [
            0.05634693801403046,
            -0.663833498954773,
            0.27307334542274475
        ],
        [
            0.05196668207645416,
            -0.6650604009628296,
            0.27121564745903015
        ],
        [
            0.05200020596385002,
            -0.6650958061218262,
            0.27398836612701416
        ],
        [
            0.05662664771080017,
            -0.6646454930305481,
            0.27682963013648987
        ],
        [
            0.04801281541585922,
            -0.6654205322265625,
            0.27011144161224365
        ],
        [
            0.04622650146484375,
            -0.6653614044189453,
            0.2696019411087036
        ],
        [
            0.046623121947050095,
            -0.6658925414085388,
            0.2712119221687317
        ],
        [
            0.04813290014863014,
            -0.6658027768135071,
            0.27100375294685364
        ],
        [
            0.05023534223437309,
            -0.6653844118118286,
            0.2710682153701782
        ],
        [
            0.05134597420692444,
            -0.6636916399002075,
            0.27025026082992554
        ],
        [
            0.04900948703289032,
            -0.6646357774734497,
            0.2700084149837494
        ],
        [
            0.05530738830566406,
            -0.6617918014526367,
            0.2717784345149994
        ],
        [
            0.06890249252319336,
            -0.6570128202438354,
            0.27603012323379517
        ],
        [
            0.0648694783449173,
            -0.6573842763900757,
            0.27537378668785095
        ],
        [
            0.06630291789770126,
            -0.6616429686546326,
            0.276612788438797
        ],
        [
            0.06974068284034729,
            -0.6618486642837524,
            0.27733367681503296
        ],
        [
            0.048567529767751694,
            -0.6673797369003296,
            0.2735271751880646
        ],
        [
            0.04608161747455597,
            -0.6683084964752197,
            0.27415338158607483
        ],
        [
            0.050488486886024475,
            -0.6692484617233276,
            0.2779095768928528
        ],
        [
            0.051539383828639984,
            -0.6672906279563904,
            0.27583611011505127
        ],
        [
            0.043252795934677124,
            -0.6698582172393799,
            0.27548035979270935
        ],
        [
            0.04427285119891167,
            -0.6671085357666016,
            0.27171698212623596
        ],
        [
            0.04103783518075943,
            -0.6683214902877808,
            0.272013783454895
        ],
        [
            0.0467788502573967,
            -0.6640099287033081,
            0.26864156126976013
        ],
        [
            0.043754152953624725,
            -0.6629807949066162,
            0.2670500874519348
        ],
        [
            0.04331488907337189,
            -0.6646296977996826,
            0.269310861825943
        ],
        [
            0.04597126320004463,
            -0.6603996157646179,
            0.2652598023414612
        ],
        [
            0.04948679357767105,
            -0.6621612310409546,
            0.26811400055885315
        ],
        [
            0.05351024493575096,
            -0.6595323085784912,
            0.2689700126647949
        ],
        [
            0.058517418801784515,
            -0.6565974950790405,
            0.27058514952659607
        ],
        [
            0.05556466802954674,
            -0.6538161039352417,
            0.26581043004989624
        ],
        [
            0.05013587698340416,
            -0.6570978760719299,
            0.26500797271728516
        ],
        [
            0.048339709639549255,
            -0.6733189821243286,
            0.2795636057853699
        ],
        [
            0.03876596316695213,
            -0.6647658348083496,
            0.2679912745952606
        ],
        [
            0.035524312406778336,
            -0.6703629493713379,
            0.27152636647224426
        ],
        [
            0.03871159628033638,
            -0.6613246202468872,
            0.26457056403160095
        ],
        [
            0.04080631583929062,
            -0.6579229831695557,
            0.26159459352493286
        ],
        [
            0.04531748965382576,
            -0.6545878648757935,
            0.25975167751312256
        ],
        [
            0.051167480647563934,
            -0.6502153277397156,
            0.2597842216491699
        ],
        [
            0.05413299798965454,
            -0.6325703859329224,
            0.2387850284576416
        ],
        [
            0.045664697885513306,
            -0.6387554407119751,
            0.23942720890045166
        ],
        [
            0.04254298284649849,
            -0.7319178581237793,
            0.31833767890930176
        ],
        [
            0.03353046998381615,
            -0.7320884466171265,
            0.3169526159763336
        ],
        [
            0.03205569088459015,
            -0.7273902893066406,
            0.30902236700057983
        ],
        [
            0.030339032411575317,
            -0.7289226055145264,
            0.31019771099090576
        ],
        [
            0.03615811467170715,
            -0.729537308216095,
            0.31298917531967163
        ],
        [
            0.036475516855716705,
            -0.7270288467407227,
            0.3110780715942383
        ],
        [
            0.016441114246845245,
            -0.7287055253982544,
            0.29364538192749023
        ],
        [
            0.02175861969590187,
            -0.727877676486969,
            0.29795584082603455
        ],
        [
            0.02150796912610531,
            -0.725493311882019,
            0.2944912612438202
        ],
        [
            0.014961611479520798,
            -0.7232859134674072,
            0.2896054983139038
        ],
        [
            0.029971789568662643,
            -0.7161747217178345,
            0.2954438328742981
        ],
        [
            0.02534371428191662,
            -0.7186267375946045,
            0.29384100437164307
        ],
        [
            0.029346859082579613,
            -0.7229492664337158,
            0.2994315028190613
        ],
        [
            0.03268594294786453,
            -0.721127986907959,
            0.30064332485198975
        ],
        [
            0.0366380512714386,
            -0.7200310230255127,
            0.3016592264175415
        ],
        [
            0.0410676971077919,
            -0.7196494340896606,
            0.30199310183525085
        ],
        [
            0.04055178537964821,
            -0.7155418395996094,
            0.2987913489341736
        ],
        [
            0.035313643515110016,
            -0.7153958678245544,
            0.2973972260951996
        ],
        [
            0.0428263321518898,
            -0.730245053768158,
            0.31373050808906555
        ],
        [
            0.04996877908706665,
            -0.7299362421035767,
            0.3121420443058014
        ],
        [
            0.048439767211675644,
            -0.7276870012283325,
            0.3102659285068512
        ],
        [
            0.042453862726688385,
            -0.7272945046424866,
            0.3120025098323822
        ],
        [
            0.057789962738752365,
            -0.7256686687469482,
            0.3008914589881897
        ],
        [
            0.056789010763168335,
            -0.7270019054412842,
            0.30334872007369995
        ],
        [
            0.06046399846673012,
            -0.7277690172195435,
            0.30467966198921204
        ],
        [
            0.06113521382212639,
            -0.7245862483978271,
            0.3013116419315338
        ],
        [
            0.05883489549160004,
            -0.7219713926315308,
            0.3000733256340027
        ],
        [
            0.056562431156635284,
            -0.7240028381347656,
            0.30049973726272583
        ],
        [
            0.03991304337978363,
            -0.783545732498169,
            0.3394891619682312
        ],
        [
            0.04597394913434982,
            -0.7655821442604065,
            0.33743903040885925
        ],
        [
            0.023126164451241493,
            -0.7828704714775085,
            0.3284565806388855
        ],
        [
            0.011503934860229492,
            -0.7792719602584839,
            0.3140816390514374
        ],
        [
            0.0020884275436401367,
            -0.7720458507537842,
            0.2999991178512573
        ],
        [
            0.018575560301542282,
            -0.6758107542991638,
            0.26029524207115173
        ],
        [
            0.016554441303014755,
            -0.671499490737915,
            0.2504611611366272
        ],
        [
            0.0074062347412109375,
            -0.6838284134864807,
            0.24456338584423065
        ],
        [
            0.008499927818775177,
            -0.6776907444000244,
            0.23488742113113403
        ],
        [
            0.018162760883569717,
            -0.6651264429092407,
            0.2413208782672882
        ],
        [
            0.030228186398744583,
            -0.6504820585250854,
            0.22742493450641632
        ],
        [
            0.022578779608011246,
            -0.6574912071228027,
            0.2335546314716339
        ],
        [
            0.011949360370635986,
            -0.6719945669174194,
            0.22453854978084564
        ],
        [
            0.0021576285362243652,
            -0.6900003552436829,
            0.21893742680549622
        ],
        [
            0.0008858963847160339,
            -0.6924440860748291,
            0.23014934360980988
        ],
        [
            -0.0033211112022399902,
            -0.7097564935684204,
            0.21722324192523956
        ],
        [
            0.003992896527051926,
            -0.6901595592498779,
            0.20485471189022064
        ],
        [
            -0.002124641090631485,
            -0.7138164043426514,
            0.20899853110313416
        ],
        [
            0.017505260184407234,
            -0.6616460680961609,
            0.18881988525390625
        ],
        [
            0.014084255322813988,
            -0.6573812961578369,
            0.1811976283788681
        ],
        [
            0.0025261063128709793,
            -0.6707878708839417,
            0.17508408427238464
        ],
        [
            0.004868865013122559,
            -0.6750247478485107,
            0.18301954865455627
        ],
        [
            0.0011960417032241821,
            -0.6947610378265381,
            0.24118036031723022
        ],
        [
            -0.00013398751616477966,
            -0.745410680770874,
            0.2808433771133423
        ],
        [
            0.005846783518791199,
            -0.7404536008834839,
            0.2895916700363159
        ],
        [
            -0.002314262092113495,
            -0.7369146347045898,
            0.2712971568107605
        ],
        [
            -0.005204804241657257,
            -0.8065791130065918,
            0.2965374290943146
        ],
        [
            0.0026138685643672943,
            -0.7937905192375183,
            0.3082471489906311
        ],
        [
            -0.005230695009231567,
            -0.7842263579368591,
            0.294910192489624
        ],
        [
            -0.011914581060409546,
            -0.7974992990493774,
            0.2858199179172516
        ],
        [
            0.02416195347905159,
            -0.8331531286239624,
            0.31792205572128296
        ],
        [
            0.03037859871983528,
            -0.8093111515045166,
            0.33229371905326843
        ],
        [
            0.017232201993465424,
            -0.8030530214309692,
            0.32128143310546875
        ],
        [
            0.009888578206300735,
            -0.8215246796607971,
            0.3100762665271759
        ],
        [
            -0.01567794382572174,
            -0.8047676086425781,
            0.2754015624523163
        ],
        [
            -0.019088666886091232,
            -0.8153797388076782,
            0.2604682147502899
        ],
        [
            -0.015384398400783539,
            -0.8324059247970581,
            0.2627468705177307
        ],
        [
            -0.010830849409103394,
            -0.8217791318893433,
            0.28214702010154724
        ],
        [
            -0.004226934164762497,
            -0.8529840707778931,
            0.26605087518692017
        ],
        [
            0.001680266112089157,
            -0.8405628204345703,
            0.28893083333969116
        ],
        [
            -0.0008545257151126862,
            -0.709226131439209,
            0.19311317801475525
        ],
        [
            -0.003254406154155731,
            -0.7253652811050415,
            0.20101334154605865
        ],
        [
            0.007449870929121971,
            -0.6804046630859375,
            0.19384247064590454
        ],
        [
            -8.382275700569153e-05,
            -0.697034478187561,
            0.18492449820041656
        ],
        [
            0.012761656194925308,
            -0.8689571619033813,
            0.26712295413017273
        ],
        [
            0.01918601244688034,
            -0.8557292222976685,
            0.2948050796985626
        ],
        [
            -0.01564940996468067,
            -0.8231906890869141,
            0.20645231008529663
        ],
        [
            -0.01765720173716545,
            -0.8332620859146118,
            0.2228320837020874
        ],
        [
            -0.02115902677178383,
            -0.814177393913269,
            0.2298784703016281
        ],
        [
            -0.019600193947553635,
            -0.8067535758018494,
            0.21390894055366516
        ],
        [
            -0.006754819303750992,
            -0.8394116163253784,
            0.1977146714925766
        ],
        [
            -0.008103029802441597,
            -0.8517575263977051,
