{
    "pred_cam": [
        2.1917030811309814,
        -0.10054998844861984,
        0.44713833928108215
    ],
    "pred_smpl_params": {
        "global_orient": [
            [
                [
                    -0.9987366199493408,
                    -0.048537708818912506,
                    -0.013013257645070553
                ],
                [
                    0.05015578866004944,
                    -0.97883141040802,
                    -0.1984277367591858
                ],
                [
                    -0.0031065575312823057,
                    -0.19882972538471222,
                    0.9800292253494263
                ]
            ]
        ],
        "body_pose": [
            [
                [
                    0.9888364672660828,
                    -0.14634129405021667,
                    -0.028045697137713432
                ],
                [
                    0.13970239460468292,
                    0.845073401927948,
                    0.516075849533081
                ],
                [
                    -0.05182253196835518,
                    -0.5142326951026917,
                    0.8560836315155029
                ]
            ],
            [
                [
                    0.9887140393257141,
                    0.1497357189655304,
                    -0.0048731653951108456
                ],
                [
                    -0.12860481441020966,
                    0.8649718761444092,
                    0.4850613474845886
                ],
                [
                    0.0768461525440216,
                    -0.478960245847702,
                    0.874466598033905
                ]
            ],
            [
                [
                    0.9997614622116089,
                    0.008406687527894974,
                    0.0201607383787632
                ],
                [
                    0.0016613355837762356,
                    0.8910349607467651,
                    -0.4539317488670349
                ],
                [
                    -0.02177998796105385,
                    0.4538569152355194,
                    0.8908084630966187
                ]
            ],
            [
                [
                    0.9916720986366272,
                    0.12873652577400208,
                    -0.0036665385123342276
                ],
                [
                    -0.09794507175683975,
                    0.7353845238685608,
                    -0.6705345511436462
                ],
                [
                    -0.08362596482038498,
                    0.6653094291687012,
                    0.7418694496154785
                ]
            ],
            [
                [
                    0.9933062195777893,
                    -0.06607359647750854,
                    0.09474726021289825
                ],
                [
                    0.11249393969774246,
                    0.7395842671394348,
                    -0.6635964512825012
                ],
                [
                    -0.026227381080389023,
                    0.6698129773139954,
                    0.742066502571106
                ]
            ],
            [
                [
                    0.9988722801208496,
                    -0.020402822643518448,
                    0.04287014156579971
                ],
                [
                    0.022463656961917877,
                    0.9985873699188232,
                    -0.04815291985869408
                ],
                [
                    -0.04182712361216545,
                    0.04906164109706879,
                    0.9979195594787598
                ]
            ],
            [
                [
                    0.9751992225646973,
                    0.03086179681122303,
                    0.21916627883911133
                ],
                [
                    -0.03891795873641968,
                    0.9987125396728516,
                    0.03253598138689995
                ],
                [
                    -0.2178800106048584,
                    -0.04025859385728836,
                    0.9751447439193726
                ]
            ],
            [
                [
                    0.984180212020874,
                    -0.0022586339619010687,
                    -0.17715568840503693
                ],
                [
                    0.021296346560120583,
                    0.9941768050193787,
                    0.10563567280769348
                ],
                [
                    0.17588549852371216,
                    -0.10773731023073196,
                    0.9784972667694092
                ]
            ],
            [
                [
                    0.9996207356452942,
                    -0.01747414842247963,
                    0.02128778025507927
                ],
                [
                    0.020045356824994087,
                    0.9916658401489258,
                    -0.12726758420467377
                ],
                [
                    -0.018886473029851913,
                    0.12764602899551392,
                    0.991640031337738
                ]
            ],
            [
                [
                    0.9910344481468201,
                    -0.09493429213762283,
                    0.09401176869869232
                ],
                [
                    0.08672779053449631,
                    0.9923519492149353,
                    0.08784013241529465
                ],
                [
                    -0.10163179785013199,
                    -0.07889916002750397,
                    0.9916884303092957
                ]
            ],
            [
                [
                    0.994459867477417,
                    0.0907672643661499,
                    -0.053017258644104004
                ],
                [
                    -0.08563005179166794,
                    0.9920487999916077,
                    0.09223203361034393
                ],
                [
                    0.060967352241277695,
                    -0.0871811956167221,
                    0.9943251013755798
                ]
            ],
            [
                [
                    0.9348568916320801,
                    0.23292872309684753,
                    0.2679305076599121
                ],
                [
                    -0.13918755948543549,
                    0.9347290992736816,
                    -0.32696834206581116
                ],
                [
                    -0.3266027867794037,
                    0.26837602257728577,
                    0.9062587022781372
                ]
            ],
            [
                [
                    0.9533913135528564,
                    0.10520315170288086,
                    -0.282802551984787
                ],
                [
                    -0.08445140719413757,
                    0.9928271770477295,
                    0.08462905883789062
                ],
                [
                    0.28967735171318054,
                    -0.056801535189151764,
                    0.9554373621940613
                ]
            ],
            [
                [
                    0.9789283275604248,
                    -0.08501037955284119,
                    0.1856681853532791
                ],
                [
                    0.07945524901151657,
                    0.9961451888084412,
                    0.03717214986681938
                ],
                [
                    -0.18811245262622833,
                    -0.021636556833982468,
                    0.9819092750549316
                ]
            ],
            [
                [
                    0.9548978805541992,
                    0.15467149019241333,
                    0.2534694969654083
                ],
                [
                    -0.13626819849014282,
                    0.9866902828216553,
                    -0.08873119205236435
                ],
                [
                    -0.263820081949234,
                    0.050189390778541565,
                    0.9632652401924133
                ]
            ],
            [
                [
                    0.2576347887516022,
                    0.8642564415931702,
                    -0.43207085132598877
                ],
                [
                    -0.8759608864784241,
                    0.3976445496082306,
                    0.2730775475502014
                ],
                [
                    0.40781959891319275,
                    0.3081229031085968,
                    0.8595019578933716
                ]
            ],
            [
                [
                    0.6387701630592346,
                    -0.7338427305221558,
                    0.23118722438812256
                ],
                [
                    0.7188045382499695,
                    0.6763508319854736,
                    0.16084040701389313
                ],
                [
                    -0.274395227432251,
                    0.06343837827444077,
                    0.9595221877098083
                ]
            ],
            [
                [
                    0.5713804364204407,
                    -0.27373310923576355,
                    -0.7736889123916626
                ],
                [
                    0.08470378071069717,
                    0.957370400428772,
                    -0.2761651277542114
                ],
                [
                    0.8163024187088013,
                    0.09226100146770477,
                    0.5702089667320251
                ]
            ],
            [
                [
                    0.8064823746681213,
                    0.173626109957695,
                    0.565190315246582
                ],
                [
                    -0.20287513732910156,
                    0.9791393876075745,
                    -0.011304007843136787
                ],
                [
                    -0.5553627610206604,
                    -0.10554659366607666,
                    0.8248831033706665
                ]
            ],
            [
                [
                    0.9817198514938354,
                    -0.18906669318675995,
                    0.02190907672047615
                ],
                [
                    0.18678449094295502,
                    0.9791388511657715,
                    0.07999186962842941
                ],
                [
                    -0.03657582774758339,
                    -0.07443732023239136,
                    0.9965547919273376
                ]
            ],
            [
                [
                    0.9889257550239563,
                    0.1195547878742218,
                    -0.08793440461158752
                ],
                [
                    -0.1213986948132515,
                    0.9924763441085815,
                    -0.015909776091575623
                ],
                [
                    0.08537071943283081,
                    0.026408709585666656,
                    0.9959992170333862
                ]
            ],
            [
                [
                    0.9784582853317261,
                    0.18513503670692444,
                    -0.09134803712368011
                ],
                [
                    -0.16644437611103058,
                    0.9692103266716003,
                    0.18145941197872162
                ],
                [
                    0.12212997674942017,
                    -0.16234607994556427,
                    0.9791465401649475
                ]
            ],
            [
                [
                    0.972769558429718,
                    -0.2287382185459137,
                    0.03739238157868385
                ],
                [
                    0.21188321709632874,
                    0.9430252909660339,
                    0.2565324604511261
                ],
                [
                    -0.09394072741270065,
                    -0.2416241466999054,
                    0.965812087059021
                ]
            ]
        ],
        "betas": [
            -0.02583269774913788,
            -0.07142126560211182,
            -0.2936209738254547,
            -0.3463838994503021,
            0.07263535261154175,
            0.08110547065734863,
            0.12619827687740326,
            -0.1132376492023468,
            0.06508944928646088,
            -0.035508692264556885
        ]
    },
    "pred_cam_t": [
        -0.10054998844861984,
        0.44713833928108215,
        17.82289695739746
    ],
    "focal_length": [
        5000.0,
        5000.0
    ],
    "pred_keypoints_3d": [
        [
            -0.13248518109321594,
            -0.6777966022491455,
            0.26361724734306335
        ],
        [
            -0.021614419296383858,
            -0.697546660900116,
            0.1109023243188858
        ],
        [
            0.1559397280216217,
            -0.629206657409668,
            0.10523143410682678
        ],
        [
            0.2844482660293579,
            -0.40775543451309204,
            0.09793350100517273
        ],
        [
            0.37133944034576416,
            -0.2303640991449356,
            0.2614526152610779
        ],
        [
            -0.19468140602111816,
            -0.6258352398872375,
            0.09184899926185608
        ],
        [
            -0.21273085474967957,
            -0.36425918340682983,
            0.08413584530353546
        ],
        [
            -0.12805292010307312,
            -0.2354905903339386,
            0.2812539041042328
        ],
        [
            -0.0015845997259020805,
            -0.21899470686912537,
            0.02873222343623638
        ],
        [
            0.07122216373682022,
            -0.1331540048122406,
            0.04279637336730957
        ],
        [
            0.17998504638671875,
            0.15193286538124084,
            0.27778276801109314
        ],
        [
            0.20105141401290894,
            0.5496317148208618,
            0.22389109432697296
        ],
        [
            -0.06730649620294571,
            -0.12490179389715195,
            0.03999537229537964
        ],
        [
            -0.14299190044403076,
            0.15153157711029053,
            0.28586435317993164
        ],
        [
            -0.10592640191316605,
            0.549676775932312,
            0.24867409467697144
        ],
        [
            -0.10273905098438263,
            -0.7248333692550659,
            0.2885873019695282
        ],
        [
            -0.15317770838737488,
            -0.7314835786819458,
            0.24516016244888306
        ],
        [
            -0.01081801950931549,
            -0.7687578201293945,
            0.2565925717353821
        ],
        [
            -0.12592118978500366,
            -0.7845812439918518,
            0.16328638792037964
        ],
        [
            -0.15976378321647644,
            0.5995209813117981,
            0.4367498457431793
        ],
        [
            -0.20635661482810974,
            0.6115149259567261,
            0.3692684471607208
        ],
        [
            -0.09450198709964752,
            0.5880837440490723,
            0.1901228278875351
        ],
        [
            0.22830167412757874,
            0.5804529786109924,
            0.4195159077644348
        ],
        [
            0.29335981607437134,
            0.5874016284942627,
            0.36190956830978394
        ],
        [
            0.2020176649093628,
            0.5986233353614807,
            0.16881242394447327
        ],
        [
            0.21551699936389923,
            0.4986324906349182,
            0.19664815068244934
        ],
        [
            0.1662939041852951,
            0.09984076768159866,
            0.2503224015235901
        ],
        [
            0.14680901169776917,
            -0.2523203492164612,
            0.002489384263753891
        ],
        [
            -0.15114308893680573,
            -0.22118327021598816,
            -0.01046430878341198
        ],
        [
            -0.15074960887432098,
            0.1169833168387413,
            0.2668532729148865
        ],
        [
            -0.1112937405705452,
            0.5170099139213562,
            0.22225487232208252
        ],
        [
            0.34989413619041443,
            -0.25456491112709045,
            0.27497154474258423
        ],
        [
            0.2994168996810913,
            -0.43574684858322144,
            0.12166762351989746
        ],
        [
            0.1232130154967308,
            -0.6509811878204346,
            0.10916884243488312
        ],
        [
            -0.16782575845718384,
            -0.647739052772522,
            0.08764509856700897
        ],
        [
            -0.23500576615333557,
            -0.39360183477401733,
            0.12118715047836304
        ],
        [
            -0.13442674279212952,
            -0.2558301091194153,
            0.2834903299808502
        ],
        [
            -0.026641562581062317,
            -0.6957012414932251,
            0.11725415289402008
        ],
        [
            -0.10005708038806915,
            -0.8084469437599182,
            0.2428797483444214
        ],
        [
            -0.0024188277311623096,
            -0.23722296953201294,
            -0.0038675516843795776
        ],
        [
            -0.0211692713201046,
            -0.6462662220001221,
            0.09872307628393173
        ],
        [
            -0.012347022071480751,
            -0.4824676811695099,
            0.008645064197480679
        ],
        [
            -0.0838441550731659,
            -0.7033983469009399,
            0.20272324979305267
        ],
        [
            -0.09894982725381851,
            -0.8286868333816528,
            0.24973930418491364
        ]
    ],
    "pred_vertices": [
        [
            -0.1779164969921112,
            -0.7709115743637085,
            0.26346689462661743
        ],
        [
            -0.17167556285858154,
            -0.7549701929092407,
            0.26314496994018555
        ],
        [
            -0.1741965413093567,
            -0.7586469650268555,
            0.24952957034111023
        ],
        [
            -0.17727304995059967,
            -0.7727664709091187,
            0.24620728194713593
        ],
        [
            -0.1710319221019745,
            -0.7471317052841187,
            0.25041818618774414
        ],
        [
            -0.16829195618629456,
            -0.7431600093841553,
            0.2609473168849945
        ],
        [
            -0.17203769087791443,
            -0.7602955102920532,
            0.23599675297737122
        ],
        [
            -0.17239226400852203,
            -0.7725850343704224,
            0.23040670156478882
        ],
        [
            -0.15631890296936035,
            -0.7389371395111084,
            0.20725268125534058
        ],
        [
            -0.1529436707496643,
            -0.7416361570358276,
            0.19758062064647675
        ],
        [
            -0.15738609433174133,
            -0.7508209943771362,
            0.20523864030838013
        ],
        [
            -0.1589677482843399,
            -0.7458368539810181,
            0.21342001855373383
        ],
        [
            -0.14544609189033508,
            -0.720363974571228,
            0.1934482902288437
        ],
        [
            -0.1430213749408722,
            -0.7071411609649658,
            0.1971510946750641
        ],
        [
            -0.1359720379114151,
            -0.7060413360595703,
            0.18617667257785797
        ],
        [
            -0.13722661137580872,
            -0.7190414667129517,
            0.18222586810588837
        ],
        [
            -0.13647951185703278,
            -0.7010476589202881,
            0.23777902126312256
        ],
        [
            -0.13779141008853912,
            -0.696908175945282,
            0.23049040138721466
        ],
        [
            -0.14244158565998077,
            -0.7031534910202026,
            0.23079241812229156
        ],
        [
            -0.1401173323392868,
            -0.70667564868927,
            0.2379811406135559
        ],
        [
            -0.13629849255084991,
            -0.7044275999069214,
            0.2520199716091156
        ],
        [
            -0.13700327277183533,
            -0.7109120488166809,
            0.25227856636047363
        ],
        [
            -0.1378045380115509,
            -0.7103351354598999,
            0.2602096498012543
        ],
        [
            -0.13810649514198303,
            -0.7028568387031555,
            0.25958767533302307
        ],
        [
            -0.1306585669517517,
            -0.6961737871170044,
            0.2386217564344406
        ],
        [
            -0.1318058967590332,
            -0.6923658847808838,
            0.2308352291584015
        ],
        [
            -0.1356942355632782,
            -0.70405113697052,
            0.24431902170181274
        ],
        [
            -0.13396069407463074,
            -0.6994376182556152,
            0.24479323625564575
        ],
        [
            -0.13607634603977203,
            -0.6879638433456421,
            0.2493252158164978
        ],
        [
            -0.13796722888946533,
            -0.6928156614303589,
            0.24984583258628845
        ],
        [
            -0.14014923572540283,
            -0.6892373561859131,
            0.25638407468795776
        ],
        [
            -0.13680478930473328,
            -0.6849634647369385,
            0.2540356516838074
        ],
        [
            -0.1326635181903839,
            -0.6932680606842041,
            0.24194756150245667
        ],
        [
            -0.13571354746818542,
            -0.6940797567367554,
            0.2445431351661682
        ],
        [
            -0.13403324782848358,
            -0.6893616914749146,
            0.24559752643108368
        ],
        [
            -0.13037021458148956,
            -0.6892435550689697,
            0.24371320009231567
        ],
        [
            -0.13634976744651794,
            -0.6993840336799622,
            0.25173744559288025
        ],
        [
            -0.13909420371055603,
            -0.6963444948196411,
            0.258472204208374
        ],
        [
            -0.14086227118968964,
            -0.6928807497024536,
            0.26566988229751587
        ],
        [
            -0.14059790968894958,
            -0.6845047473907471,
            0.2628036141395569
        ],
        [
            -0.137659952044487,
            -0.6912897825241089,
            0.21317455172538757
        ],
        [
            -0.1390226036310196,
            -0.6937204599380493,
            0.2219405174255371
        ],
        [
            -0.13342632353305817,
            -0.6890716552734375,
            0.22307942807674408
        ],
        [
            -0.1334492713212967,
            -0.6869097352027893,
            0.21566227078437805
        ],
        [
            -0.12794919312000275,
            -0.6891211271286011,
            0.23963086307048798
        ],
        [
            -0.12513020634651184,
            -0.677135705947876,
            0.22963309288024902
        ],
        [
            -0.12669280171394348,
            -0.6800312995910645,
            0.23138393461704254
        ],
        [
            -0.12494263052940369,
            -0.6776390075683594,
            0.2380039542913437
        ],
        [
            -0.12380446493625641,
            -0.6750873327255249,
            0.23585034906864166
        ],
        [
            -0.13116437196731567,
            -0.685818076133728,
            0.19820676743984222
        ],
        [
            -0.12916532158851624,
            -0.6815414428710938,
            0.20371946692466736
        ],
        [
            -0.12547510862350464,
            -0.6777988076210022,
            0.19881965219974518
        ],
        [
            -0.12556762993335724,
            -0.6817324757575989,
            0.1927548199892044
        ],
        [
            -0.12038165330886841,
            -0.6736699938774109,
            0.19762125611305237
        ],
        [
            -0.11955223232507706,
            -0.6772540807723999,
            0.18858930468559265
        ],
        [
            -0.10758830606937408,
            -0.6643296480178833,
            0.18714919686317444
        ],
        [
            -0.11320164799690247,
            -0.6703932881355286,
            0.18749892711639404
        ],
        [
            -0.1153944879770279,
            -0.6684831380844116,
            0.1976003348827362
        ],
        [
            -0.11097608506679535,
            -0.661909282207489,
            0.20017550885677338
        ],
        [
            -0.10980505496263504,
            -0.659224271774292,
            0.21416883170604706
        ],
        [
            -0.10648490488529205,
            -0.6561145782470703,
            0.21874351799488068
        ],
        [
            -0.10386956483125687,
            -0.648099422454834,
            0.20860664546489716
        ],
        [
            -0.10693863034248352,
            -0.6538744568824768,
            0.20466363430023193
        ],
        [
            -0.12024033069610596,
            -0.6746233105659485,
            0.22455866634845734
        ],
        [
            -0.1215369775891304,
            -0.6768823862075806,
            0.2204611897468567
        ],
        [
            -0.123711496591568,
            -0.676615834236145,
            0.22211210429668427
        ],
        [
            -0.12313653528690338,
            -0.6749883890151978,
            0.22709675133228302
        ],
        [
            -0.123064786195755,
            -0.6782439947128296,
            0.21704545617103577
        ],
        [
            -0.12376613914966583,
            -0.67861407995224,
            0.21542008221149445
        ],
        [
            -0.1247871145606041,
            -0.6788474321365356,
            0.21671578288078308
        ],
        [
            -0.12396450340747833,
            -0.6784124374389648,
            0.21750304102897644
        ],
        [
            -0.12270301580429077,
            -0.677557110786438,
            0.21908198297023773
        ],
        [
            -0.12139485776424408,
            -0.6757523417472839,
            0.21910548210144043
        ],
        [
            -0.12239809334278107,
            -0.677236795425415,
            0.21763092279434204
        ],
        [
            -0.12020495533943176,
            -0.672926127910614,
            0.22256097197532654
        ],
        [
            -0.11472071707248688,
            -0.6652562022209167,
            0.23417910933494568
        ],
        [
            -0.11691784113645554,
            -0.6664813160896301,
            0.2309132069349289
        ],
        [
            -0.11683041602373123,
            -0.6702619791030884,
            0.2335064858198166
        ],
        [
            -0.11503429710865021,
            -0.6696152687072754,
            0.2365100085735321
        ],
        [
            -0.12556348741054535,
            -0.6793957948684692,
            0.21968211233615875
        ],
        [
            -0.12726813554763794,
            -0.6809139251708984,
            0.2185124307870865
        ],
        [
            -0.12747904658317566,
            -0.680545449256897,
            0.22411125898361206
        ],
        [
            -0.12530775368213654,
            -0.6786113381385803,
            0.22332340478897095
        ],
        [
            -0.13012249767780304,
            -0.6827811598777771,
            0.2174169272184372
        ],
        [
            -0.12658722698688507,
            -0.6804565191268921,
            0.21551775932312012
        ],
        [
            -0.12862631678581238,
            -0.6820501089096069,
            0.21370941400527954
        ],
        [
            -0.1226721853017807,
            -0.677306056022644,
            0.21506154537200928
        ],
        [
            -0.1232014000415802,
            -0.677194356918335,
            0.2116936296224594
        ],
        [
            -0.1252702921628952,
            -0.6786075830459595,
            0.2129800021648407
        ],
        [
            -0.12062306702136993,
            -0.6742775440216064,
            0.21180357038974762
        ],
        [
            -0.1206454411149025,
            -0.6749590635299683,
            0.21637466549873352
        ],
        [
            -0.11898289620876312,
            -0.6714171767234802,
            0.2193046510219574
        ],
        [
            -0.11726589500904083,
            -0.6673569679260254,
            0.2232857495546341
        ],
        [
            -0.1153387501835823,
            -0.6658087968826294,
            0.21777674555778503
        ],
        [
            -0.11799141764640808,
            -0.6701369881629944,
            0.21404288709163666
        ],
        [
            -0.12987664341926575,
            -0.6846889853477478,
            0.22442953288555145
        ],
        [
            -0.12707845866680145,
            -0.6796831488609314,
            0.20888270437717438
        ],
        [
            -0.13177603483200073,
            -0.6850824356079102,
            0.20975567400455475
        ],
        [
            -0.12447138130664825,
            -0.6767308712005615,
            0.2061789482831955
        ],
        [
            -0.12090647220611572,
            -0.6732801198959351,
            0.2053801566362381
        ],
        [
            -0.11615012586116791,
            -0.669053316116333,
            0.2072211652994156
        ],
        [
            -0.11331500858068466,
            -0.663830578327179,
            0.21023152768611908
        ],
        [
            -0.09548266232013702,
            -0.6478075981140137,
            0.1962757408618927
        ],
        [
            -0.10091155767440796,
            -0.6548987627029419,
            0.19227612018585205
        ],
        [
            -0.1624487042427063,
            -0.7384004592895508,
            0.25664910674095154
        ],
        [
            -0.16698336601257324,
            -0.7402963638305664,
            0.2491721510887146
        ],
        [
            -0.16182810068130493,
            -0.7368290424346924,
            0.24207301437854767
        ],
        [
            -0.16378095746040344,
            -0.7386870384216309,
            0.24184241890907288
        ],
        [
            -0.16223733127117157,
            -0.7378199696540833,
            0.2480408102273941
        ],
        [
            -0.16074496507644653,
            -0.7354111671447754,
            0.24648858606815338
        ],
        [
            -0.15940609574317932,
            -0.7426885366439819,
            0.22110366821289062
        ],
        [
            -0.1595340520143509,
            -0.7404561638832092,
            0.22754397988319397
        ],
        [
            -0.1567571461200714,
            -0.7387127876281738,
            0.22490531206130981
        ],
        [
            -0.1571694314479828,
            -0.7382786870002747,
            0.2164873480796814
        ],
        [
            -0.152528315782547,
            -0.7279967069625854,
            0.22968316078186035
        ],
        [
            -0.1539529263973236,
            -0.7314783334732056,
            0.22589923441410065
        ],
        [
            -0.15587298572063446,
            -0.7342299222946167,
            0.23297111690044403
        ],
        [
            -0.15482649207115173,
            -0.7317019104957581,
            0.23572005331516266
        ],
        [
            -0.15314170718193054,
            -0.7297558784484863,
            0.23899196088314056
        ],
        [
            -0.15043434500694275,
            -0.7285511493682861,
            0.2425568401813507
        ],
        [
            -0.14864668250083923,
            -0.7249501943588257,
            0.23921459913253784
        ],
        [
            -0.1508200317621231,
            -0.7259919047355652,
            0.23439961671829224
        ],
        [
            -0.15868860483169556,
            -0.7372039556503296,
            0.25337547063827515
        ],
        [
            -0.15287449955940247,
            -0.7357014417648315,
            0.25789523124694824
        ],
        [
            -0.15253278613090515,
            -0.7338300943374634,
            0.25493550300598145
        ],
        [
            -0.15771272778511047,
            -0.7344995737075806,
            0.25137582421302795
        ],
        [
            -0.13944947719573975,
            -0.7310453653335571,
            0.2556977868080139
        ],
        [
            -0.1420033723115921,
            -0.7322223782539368,
            0.25678372383117676
        ],
        [
            -0.14087113738059998,
            -0.7320200204849243,
            0.26050588488578796
        ],
        [
            -0.13779707252979279,
            -0.7292962074279785,
            0.2582027316093445
        ],
        [
            -0.13835805654525757,
            -0.7274017333984375,
            0.2550855576992035
        ],
        [
            -0.14006802439689636,
            -0.7297878861427307,
            0.2540763318538666
        ],
        [
            -0.17841219902038574,
            -0.7864707708358765,
            0.27948877215385437
        ],
        [
            -0.17381972074508667,
            -0.7681006193161011,
            0.27887773513793945
        ],
        [
            -0.18022218346595764,
            -0.7903775572776794,
            0.2596698999404907
        ],
        [
            -0.17660163342952728,
            -0.7905656695365906,
            0.24140441417694092
        ],
        [
            -0.17190343141555786,
            -0.786748468875885,
            0.2240232229232788
        ],
        [
            -0.1337800920009613,
            -0.6943775415420532,
            0.19198676943778992
        ],
        [
            -0.12755616009235382,
            -0.6915630102157593,
            0.18392729759216309
        ],
        [
            -0.1283777952194214,
            -0.7055360078811646,
            0.1759878695011139
        ],
        [
            -0.12085786461830139,
            -0.6999701261520386,
            0.17009961605072021
        ],
        [
            -0.11986704170703888,
            -0.68558669090271,
            0.1786198914051056
        ],
        [
            -0.10239559412002563,
            -0.6691509485244751,
            0.1766243577003479
        ],
        [
            -0.11185950040817261,
            -0.6775057315826416,
            0.17602460086345673
        ],
        [
            -0.11208733916282654,
            -0.6937494874000549,
            0.16550183296203613
        ],
        [
            -0.11382166296243668,
            -0.7137147188186646,
            0.15781362354755402
        ],
        [
            -0.12115522474050522,
            -0.7158998250961304,
            0.1643633395433426
        ],
        [
            -0.11494322121143341,
            -0.7342653870582581,
            0.1564285308122635
        ],
        [
            -0.10255417227745056,
            -0.7133054733276367,
            0.151955246925354
        ],
        [
            -0.1078958809375763,
            -0.7384593486785889,
            0.15405157208442688
        ],
        [
            -0.08404029160737991,
            -0.6829749345779419,
            0.15387406945228577
        ],
        [
            -0.08158580958843231,
            -0.6788415908813477,
            0.14904940128326416
        ],
        [
            -0.08780807256698608,
            -0.6929016709327698,
            0.13800927996635437
        ],
        [
            -0.08957566320896149,
            -0.6978950500488281,
            0.14278487861156464
        ],
        [
            -0.1293284296989441,
            -0.7176542282104492,
            0.17142607271671295
        ],
        [
            -0.15929821133613586,
            -0.7634034156799316,
            0.20486819744110107
        ],
        [
            -0.1623542308807373,
            -0.7565779685974121,
            0.21349745988845825
        ],
        [
            -0.15294116735458374,
            -0.7565047740936279,
            0.19600939750671387
        ],
        [
            -0.17254918813705444,
            -0.8221728801727295,
            0.22370797395706177
        ],
        [
            -0.177535742521286,
            -0.8070095777511597,
            0.23421671986579895
        ],
        [
            -0.17201575636863708,
            -0.8006812334060669,
            0.2181725800037384
        ],
        [
            -0.16864657402038574,
            -0.8156380653381348,
            0.2104480117559433
        ],
        [
            -0.16970863938331604,
            -0.840375542640686,
            0.26511672139167786
        ],
        [
            -0.17808088660240173,
            -0.8144288063049316,
            0.27326667308807373
        ],
        [
            -0.1781938523054123,
            -0.8119784593582153,
            0.25507375597953796
        ],
        [
            -0.1727995127439499,
            -0.8324105143547058,
            0.24681514501571655
        ],
        [
            -0.1624516248703003,
            -0.8245715498924255,
            0.20257142186164856
        ],
        [
            -0.1525537669658661,
            -0.8370877504348755,
            0.1933567225933075
        ],
        [
            -0.15101203322410583,
            -0.8527323007583618,
            0.20085129141807556
        ],
        [
            -0.16410121321678162,
            -0.8398897647857666,
            0.21391020715236664
        ],
        [
            -0.1455916315317154,
            -0.870641827583313,
            0.21568429470062256
        ],
        [
            -0.16036275029182434,
            -0.8548904657363892,
            0.23187702894210815
        ],
        [
            -0.09640418738126755,
            -0.7341014742851257,
            0.14568355679512024
        ],
        [
            -0.10206343978643417,
            -0.7507404685020447,
            0.15104299783706665
        ],
        [
            -0.0934293195605278,
            -0.7031409740447998,
            0.1495371162891388
        ],
        [
            -0.09264672547578812,
            -0.7210883498191833,
            0.14059899747371674
        ],
        [
            -0.13500027358531952,
            -0.883014440536499,
            0.23264223337173462
        ],
        [
            -0.1535741686820984,
            -0.8658182621002197,
            0.2518156170845032
        ],
        [
            -0.10866919159889221,
            -0.8489363789558411,
            0.1636972725391388
        ],
        [
            -0.12142759561538696,
            -0.8579343557357788,
            0.17507115006446838
        ],
        [
            -0.1303669959306717,
            -0.8391269445419312,
            0.17231911420822144
        ],
        [
            -0.11758485436439514,
            -0.83287113904953,
            0.16193392872810364
        ],
        [
            -0.09531977772712708,
            -0.8639386892318726,
            0.16842852532863617
        ],
        [
