{
    "pred_cam": [
        2.4189200401306152,
        -0.00019522570073604584,
        0.4506094753742218
    ],
    "pred_smpl_params": {
        "global_orient": [
            [
                [
                    -0.9792355298995972,
                    -0.08533630520105362,
                    -0.1838899701833725
                ],
                [
                    0.1419900804758072,
                    -0.9361388683319092,
                    -0.32168740034103394
                ],
                [
                    -0.1446949541568756,
                    -0.3411182761192322,
                    0.9288173317909241
                ]
            ]
        ],
        "body_pose": [
            [
                [
                    0.9740257263183594,
                    -0.21741949021816254,
                    -0.06326606869697571
                ],
                [
                    0.20818361639976501,
                    0.7499421834945679,
                    0.6278903484344482
                ],
                [
                    -0.08906970918178558,
                    -0.6247523427009583,
                    0.7757261395454407
                ]
            ],
            [
                [
                    0.9928311109542847,
                    0.11913726478815079,
                    -0.009627177380025387
                ],
                [
                    -0.09471875429153442,
                    0.8333452343940735,
                    0.5445770025253296
                ],
                [
                    0.07290217280387878,
                    -0.5397611260414124,
                    0.8386555910110474
                ]
            ],
            [
                [
                    0.9970413446426392,
                    0.06974317133426666,
                    0.032318562269210815
                ],
                [
                    -0.04300224781036377,
                    0.8545793890953064,
                    -0.5175372362136841
                ],
                [
                    -0.06371346861124039,
                    0.5146162509918213,
                    0.8550500869750977
                ]
            ],
            [
                [
                    0.9891117215156555,
                    0.14671297371387482,
                    0.0115476930513978
                ],
                [
                    -0.0910206213593483,
                    0.6715245842933655,
                    -0.7353707551956177
                ],
                [
                    -0.11564300954341888,
                    0.7263126969337463,
                    0.6775667667388916
                ]
            ],
            [
                [
                    0.9941770434379578,
                    -0.09348396211862564,
                    0.053598079830408096
                ],
                [
                    0.10403662174940109,
                    0.7030814290046692,
                    -0.7034578323364258
                ],
                [
                    0.02807820402085781,
                    0.704937756061554,
                    0.708713173866272
                ]
            ],
            [
                [
                    0.9991787075996399,
                    -0.00036153249675408006,
                    0.040518324822187424
                ],
                [
                    0.0019911895506083965,
                    0.9991902112960815,
                    -0.040187105536460876
                ],
                [
                    -0.04047098010778427,
                    0.04023478180170059,
                    0.9983702898025513
                ]
            ],
            [
                [
                    0.977911114692688,
                    0.048436302691698074,
                    0.2033315896987915
                ],
                [
                    -0.05177798494696617,
                    0.9985964298248291,
                    0.011144163087010384
                ],
                [
                    -0.2025064080953598,
                    -0.02142610400915146,
                    0.9790464639663696
                ]
            ],
            [
                [
                    0.9885847568511963,
                    0.022732654586434364,
                    -0.14894066751003265
                ],
                [
                    -0.004009178839623928,
                    0.9921708703041077,
                    0.12482327967882156
                ],
                [
                    0.15061216056346893,
                    -0.1228012666106224,
                    0.9809361100196838
                ]
            ],
            [
                [
                    0.9997310042381287,
                    -0.015056495554745197,
                    0.017639534547924995
                ],
                [
                    0.01704290136694908,
                    0.9928090572357178,
                    -0.11848903447389603
                ],
                [
                    -0.015728659927845,
                    0.11875779926776886,
                    0.9927986264228821
                ]
            ],
            [
                [
                    0.9880678653717041,
                    -0.11574900150299072,
                    0.1016070544719696
                ],
                [
                    0.10567742586135864,
                    0.9894127249717712,
                    0.09947187453508377
                ],
                [
                    -0.11204508692026138,
                    -0.08754739910364151,
                    0.9898389577865601
                ]
            ],
            [
                [
                    0.9931582808494568,
                    0.07670187950134277,
                    -0.08805326372385025
                ],
                [
                    -0.06711871176958084,
                    0.9919838309288025,
                    0.1070660725235939
                ],
                [
                    0.09555958956480026,
                    -0.10042354464530945,
                    0.9903450608253479
                ]
            ],
            [
                [
                    0.9244270324707031,
                    0.16343824565410614,
                    0.34456130862236023
                ],
                [
                    -0.04873093217611313,
                    0.9467275142669678,
                    -0.31832727789878845
                ],
                [
                    -0.37823253870010376,
                    0.2774795591831207,
                    0.8831450343132019
                ]
            ],
            [
                [
                    0.941562831401825,
                    0.1346520185470581,
                    -0.30875274538993835
                ],
                [
                    -0.11657105386257172,
                    0.9902418851852417,
                    0.07636883854866028
                ],
                [
                    0.3160231113433838,
                    -0.03591442108154297,
                    0.9480714797973633
                ]
            ],
            [
                [
                    0.9676560163497925,
                    -0.1631181687116623,
                    0.19244278967380524
                ],
                [
                    0.16520649194717407,
                    0.9862449765205383,
                    0.005255691707134247
                ],
                [
                    -0.19065304100513458,
                    0.02670709788799286,
                    0.9812940359115601
                ]
            ],
            [
                [
                    0.945482611656189,
                    0.15372852981090546,
                    0.2871065139770508
                ],
                [
                    -0.10925459116697311,
                    0.9802142381668091,
                    -0.1650557667016983
                ],
                [
                    -0.30679967999458313,
                    0.12468966096639633,
                    0.9435710906982422
                ]
            ],
            [
                [
                    0.39627671241760254,
                    0.811944305896759,
                    -0.42861542105674744
                ],
                [
                    -0.8132995367050171,
                    0.5270557999610901,
                    0.2464873343706131
                ],
                [
                    0.4260382354259491,
                    0.2509155571460724,
                    0.8692138195037842
                ]
            ],
            [
                [
                    0.5004348754882812,
                    -0.8335512280464172,
                    0.23400253057479858
                ],
                [
                    0.8229790329933167,
                    0.5419186353683472,
                    0.17038102447986603
                ],
                [
                    -0.26883167028427124,
                    0.10731455683708191,
                    0.9571901559829712
                ]
            ],
            [
                [
                    0.426999568939209,
                    -0.34708037972450256,
                    -0.8349888920783997
                ],
                [
                    0.13878396153450012,
                    0.9376171231269836,
                    -0.3187680244445801
                ],
                [
                    0.8935380578041077,
                    0.020230719819664955,
                    0.44853129982948303
                ]
            ],
            [
                [
                    0.6999179124832153,
                    0.2684624195098877,
                    0.6618481278419495
                ],
                [
                    -0.262840211391449,
                    0.9584545493125916,
                    -0.11081469058990479
                ],
                [
                    -0.6641009449958801,
                    -0.09639909863471985,
                    0.7414022088050842
                ]
            ],
            [
                [
                    0.9783046245574951,
                    -0.2058730125427246,
                    0.023158419877290726
                ],
                [
                    0.20598213374614716,
                    0.9785527586936951,
                    -0.0024038306437432766
                ],
                [
                    -0.02216685377061367,
                    0.007121900096535683,
                    0.9997288584709167
                ]
            ],
            [
                [
                    0.9885502457618713,
                    0.13619352877140045,
                    -0.0649595856666565
                ],
                [
                    -0.1336926966905594,
                    0.9901565909385681,
                    0.04142579436302185
                ],
                [
                    0.06996209174394608,
                    -0.03226685896515846,
                    0.9970276355743408
                ]
            ],
            [
                [
                    0.9761101007461548,
                    0.19014820456504822,
                    -0.10513189435005188
                ],
                [
                    -0.1680331528186798,
                    0.9673857688903809,
                    0.18955078721046448
                ],
                [
                    0.13774585723876953,
                    -0.16735678911209106,
                    0.9762262105941772
                ]
            ],
            [
                [
                    0.9688931107521057,
                    -0.24131222069263458,
                    0.054905205965042114
                ],
                [
                    0.22071659564971924,
                    0.9429300427436829,
                    0.2493337094783783
                ],
                [
                    -0.11193901300430298,
                    -0.22945921123027802,
                    0.9668600559234619
                ]
            ]
        ],
        "betas": [
            0.035776689648628235,
            0.10980868339538574,
            -0.3172556757926941,
            -0.5228506326675415,
            0.09638139605522156,
            0.06757958233356476,
            0.044945985078811646,
            -0.08744418621063232,
            0.1129649206995964,
            -0.05258888006210327
        ]
    },
    "pred_cam_t": [
        -0.00019522570073604584,
        0.4506094753742218,
        16.14873504638672
    ],
    "focal_length": [
        5000.0,
        5000.0
    ],
    "pred_keypoints_3d": [
        [
            -0.2370907962322235,
            -0.6589795351028442,
            0.18242260813713074
        ],
        [
            -0.10066647827625275,
            -0.6876617670059204,
            0.057012952864170074
        ],
        [
            0.08523637801408768,
            -0.6426783204078674,
            0.08737851679325104
        ],
        [
            0.2030317783355713,
            -0.4127271771430969,
            0.08335690200328827
        ],
        [
            0.24417676031589508,
            -0.24729780852794647,
            0.27775847911834717
        ],
        [
            -0.25261715054512024,
            -0.5827335119247437,
            0.01834254153072834
        ],
        [
            -0.2555108070373535,
            -0.31918925046920776,
            0.04267701506614685
        ],
        [
            -0.2045695185661316,
            -0.26218047738075256,
            0.2828332781791687
        ],
        [
            -0.0014785402454435825,
            -0.21734106540679932,
            0.027942322194576263
        ],
        [
            0.07400397211313248,
            -0.1409045159816742,
            0.06425894796848297
        ],
        [
            0.14814543724060059,
            0.0864165872335434,
            0.37116312980651855
        ],
        [
            0.18076255917549133,
            0.49090927839279175,
            0.3844805359840393
        ],
        [
            -0.06116744503378868,
            -0.11963994801044464,
            0.0420503094792366
        ],
        [
            -0.19371317327022552,
            0.08592507243156433,
            0.33508002758026123
        ],
        [
            -0.14358611404895782,
            0.4859163165092468,
            0.3817364275455475
        ],
        [
            -0.21768024563789368,
            -0.70698082447052,
            0.21461990475654602
        ],
        [
            -0.2585351765155792,
            -0.7114042043685913,
            0.1617565155029297
        ],
        [
            -0.12571503221988678,
            -0.7599245309829712,
            0.2038605809211731
        ],
        [
            -0.21978403627872467,
            -0.7700791358947754,
            0.08933719992637634
        ],
        [
            -0.23375636339187622,
            0.5081943869590759,
            0.5616796016693115
        ],
        [
            -0.26474055647850037,
            0.5339432954788208,
            0.4895872473716736
        ],
        [
            -0.11902536451816559,
            0.5325018763542175,
            0.3343256413936615
        ],
        [
            0.17911279201507568,
            0.48568928241729736,
            0.5853772759437561
        ],
        [
            0.25174659490585327,
            0.5001185536384583,
            0.5393279790878296
        ],
        [
            0.19118718802928925,
            0.547468364238739,
            0.33909669518470764
        ],
        [
            0.1983996033668518,
            0.44297516345977783,
            0.35161644220352173
        ],
        [
            0.1378401517868042,
            0.040427204221487045,
            0.3319218158721924
        ],
        [
            0.14715121686458588,
            -0.26104721426963806,
            0.01912795938551426
        ],
        [
            -0.14112891256809235,
            -0.1999911665916443,
            -0.03618986904621124
        ],
        [
            -0.19691845774650574,
            0.05749550461769104,
            0.30802255868911743
        ],
        [
            -0.14387227594852448,
            0.45811402797698975,
            0.34920504689216614
        ],
        [
            0.22153326869010925,
            -0.2741304636001587,
            0.2834194302558899
        ],
        [
            0.21453870832920074,
            -0.44089972972869873,
            0.11127790063619614
        ],
        [
            0.047281309962272644,
            -0.6589675545692444,
            0.08266538381576538
        ],
        [
            -0.2317858189344406,
            -0.6105672121047974,
            0.015629222616553307
        ],
        [
            -0.2861119210720062,
            -0.35259580612182617,
            0.06876812875270844
        ],
        [
            -0.21182039380073547,
            -0.2814846336841583,
            0.2777760922908783
        ],
        [
            -0.10415661334991455,
            -0.6831029653549194,
            0.0638473629951477
        ],
        [
            -0.21294155716896057,
            -0.7925603985786438,
            0.17289695143699646
        ],
        [
            0.002896662335842848,
            -0.23076015710830688,
            -0.008631188422441483
        ],
        [
            -0.08977998793125153,
            -0.6324228048324585,
            0.05044657737016678
        ],
        [
            -0.03910582512617111,
            -0.4709084630012512,
            -0.02162916772067547
        ],
        [
            -0.17935891449451447,
            -0.6909547448158264,
            0.1344747692346573
        ],
        [
            -0.2151944637298584,
            -0.8121609687805176,
            0.18023574352264404
        ]
    ],
    "pred_vertices": [
        [
            -0.2901037037372589,
            -0.7481684684753418,
            0.17556223273277283
        ],
        [
            -0.28246766328811646,
            -0.7328137159347534,
            0.17624720931053162
        ],
        [
            -0.28232312202453613,
            -0.7370893955230713,
            0.16241391003131866
        ],
        [
            -0.2857670187950134,
            -0.7509875297546387,
            0.159027099609375
        ],
        [
            -0.27836874127388,
            -0.72585129737854,
            0.1636562943458557
        ],
        [
            -0.2776121497154236,
            -0.7214653491973877,
            0.1744474470615387
        ],
        [
            -0.27747809886932373,
            -0.739477276802063,
            0.1497286707162857
        ],
        [
            -0.277884304523468,
            -0.7518643140792847,
            0.14466913044452667
        ],
        [
            -0.25434333086013794,
            -0.7203365564346313,
            0.12440058588981628
        ],
        [
            -0.24926725029945374,
            -0.7236454486846924,
            0.11570103466510773
        ],
        [
            -0.2560902535915375,
            -0.7323787212371826,
            0.12248419225215912
        ],
        [
            -0.25880464911460876,
            -0.7269792556762695,
            0.13006143271923065
        ],
        [
            -0.23899376392364502,
            -0.7034827470779419,
            0.11300584673881531
        ],
        [
            -0.23616617918014526,
            -0.6902279853820801,
            0.11681976914405823
        ],
        [
            -0.22686174511909485,
            -0.690175473690033,
            0.10771813243627548
        ],
        [
            -0.22856327891349792,
            -0.703237771987915,
            0.10386376082897186
        ],
        [
            -0.23776407539844513,
            -0.6829305291175842,
            0.15722662210464478
        ],
        [
            -0.23712584376335144,
            -0.6790250539779663,
            0.14981362223625183
        ],
        [
            -0.24231676757335663,
            -0.6848459243774414,
            0.149308443069458
        ],
        [
            -0.2418605089187622,
            -0.6882405281066895,
            0.15684109926223755
        ],
        [
            -0.24092181026935577,
            -0.6857011914253235,
            0.1711670458316803
        ],
        [
            -0.24226486682891846,
            -0.6921191811561584,
            0.1714676320552826
        ],
        [
            -0.2446957230567932,
            -0.6910853981971741,
            0.17898905277252197
        ],
        [
            -0.24412205815315247,
            -0.6836203336715698,
            0.17807266116142273
        ],
        [
            -0.23189550638198853,
            -0.6784220933914185,
            0.15913870930671692
        ],
        [
            -0.23094910383224487,
            -0.6749305725097656,
            0.15131776034832
        ],
        [
            -0.23866818845272064,
            -0.6856943368911743,
            0.16381379961967468
        ],
        [
            -0.2366456836462021,
            -0.6812266111373901,
            0.16448135673999786
        ],
        [
            -0.2385621964931488,
            -0.6694228649139404,
            0.16806334257125854
        ],
        [
            -0.24092453718185425,
            -0.6740905046463013,
            0.16834235191345215
        ],
        [
            -0.2441604882478714,
            -0.6699780225753784,
            0.1741264909505844
        ],
        [
            -0.2399793565273285,
            -0.6661150455474854,
            0.17241550981998444
        ],
        [
            -0.2342624068260193,
            -0.6752293705940247,
            0.1618003249168396
        ],
        [
            -0.2378138154745102,
            -0.6757057905197144,
            0.16368545591831207
        ],
        [
            -0.23596498370170593,
            -0.6710659861564636,
            0.16493460536003113
        ],
        [
            -0.23201125860214233,
            -0.6713306903839111,
            0.16389524936676025
        ],
        [
            -0.2404356598854065,
            -0.6805939674377441,
            0.17071716487407684
        ],
        [
            -0.24425412714481354,
            -0.6770354509353638,
            0.17657364904880524
        ],
        [
            -0.24709105491638184,
            -0.6731199026107788,
            0.18310296535491943
        ],
        [
            -0.24543818831443787,
            -0.6650367975234985,
            0.18012970685958862
        ],
        [
            -0.23284375667572021,
            -0.6741325259208679,
            0.13298188149929047
        ],
        [
            -0.23629716038703918,
            -0.6759923100471497,
            0.14122791588306427
        ],
        [
            -0.23061563074588776,
            -0.6717846393585205,
            0.14338329434394836
        ],
        [
            -0.2288719117641449,
            -0.6699298024177551,
            0.1361437737941742
        ],
        [
            -0.22875700891017914,
            -0.6716234683990479,
            0.16046208143234253
        ],
        [
            -0.2227293998003006,
            -0.6604843735694885,
            0.15111857652664185
        ],
        [
            -0.2248755693435669,
            -0.6631518602371216,
            0.15254542231559753
        ],
        [
            -0.2243124395608902,
            -0.6606786847114563,
            0.15924836695194244
        ],
        [
            -0.2225307673215866,
            -0.658363401889801,
            0.15734951198101044
        ],
        [
            -0.22287386655807495,
            -0.6697847843170166,
            0.11976402252912521
        ],
        [
            -0.22167372703552246,
            -0.6654835939407349,
            0.1253660023212433
        ],
        [
            -0.21667243540287018,
            -0.6623032689094543,
            0.12135574221611023
        ],
        [
            -0.21586662530899048,
            -0.6664301156997681,
            0.11567287147045135
        ],
        [
            -0.21098405122756958,
            -0.6588186621665955,
            0.12130215018987656
        ],
        [
            -0.20862266421318054,
            -0.6627029180526733,
            0.11290855705738068
        ],
        [
            -0.19550004601478577,
            -0.6507376432418823,
            0.11375643312931061
        ],
        [
            -0.20160123705863953,
            -0.6563588380813599,
            0.11309535056352615
        ],
        [
            -0.2056145817041397,
            -0.6540808081626892,
            0.12221582233905792
        ],
        [
            -0.20122335851192474,
            -0.6477751731872559,
            0.12545165419578552
        ],
        [
            -0.20284253358840942,
            -0.6445333957672119,
            0.1390332281589508
        ],
        [
            -0.2002508044242859,
            -0.641689658164978,
            0.14402537047863007
        ],
        [
            -0.19478578865528107,
            -0.6343103051185608,
            0.13467583060264587
        ],
        [
            -0.19746488332748413,
            -0.6400271058082581,
            0.13043782114982605
        ],
        [
            -0.21674373745918274,
            -0.6585070490837097,
            0.14720134437084198
        ],
        [
            -0.21738459169864655,
            -0.6607524156570435,
            0.14302310347557068
        ],
        [
            -0.21981047093868256,
            -0.6602352857589722,
            0.14414548873901367
        ],
        [
            -0.22012358903884888,
            -0.6584938764572144,
            0.14904721081256866
        ],
        [
            -0.21827763319015503,
            -0.6620643734931946,
            0.13945190608501434
        ],
        [
            -0.21864035725593567,
            -0.6624505519866943,
            0.13772891461849213
        ],
        [
            -0.21992066502571106,
            -0.6625493168830872,
            0.13876000046730042
        ],
        [
            -0.2193322628736496,
            -0.6620252132415771,
            0.1396830976009369
        ],
        [
            -0.2183605581521988,
            -0.6612339019775391,
            0.14148293435573578
        ],
        [
            -0.21693862974643707,
            -0.6595675945281982,
            0.14173740148544312
        ],
        [
            -0.21766868233680725,
            -0.6611061692237854,
            0.14014829695224762
        ],
        [
            -0.21623484790325165,
            -0.6567529439926147,
            0.1452469825744629
        ],
        [
            -0.21244269609451294,
            -0.6494889259338379,
            0.15738019347190857
        ],
        [
            -0.21409521996974945,
            -0.6505140066146851,
            0.15385767817497253
        ],
        [
            -0.21486660838127136,
            -0.6542048454284668,
            0.1564650684595108
        ],
        [
            -0.21360528469085693,
            -0.6537216305732727,
            0.1596602201461792
        ],
        [
            -0.22138908505439758,
            -0.6628809571266174,
            0.1414479911327362
        ],
        [
            -0.22286084294319153,
            -0.6644034385681152,
            0.14002284407615662
        ],
        [
            -0.22420728206634521,
            -0.6637976765632629,
            0.14540240168571472
        ],
        [
            -0.22174930572509766,
            -0.6620950698852539,
            0.1450406014919281
        ],
        [
            -0.22564920783042908,
            -0.6659730672836304,
            0.1384076178073883
        ],
        [
            -0.2215583473443985,
            -0.6640628576278687,
            0.13726621866226196
        ],
        [
            -0.22328434884548187,
            -0.6656537055969238,
            0.1351349949836731
        ],
        [
            -0.21740169823169708,
            -0.661240816116333,
            0.1376071572303772
        ],
        [
            -0.21716809272766113,
            -0.6612558364868164,
            0.13424620032310486
        ],
        [
            -0.2195836305618286,
            -0.6624259948730469,
            0.13506168127059937
        ],
        [
            -0.2144220620393753,
            -0.6585588455200195,
            0.13484524190425873
        ],
        [
            -0.21549981832504272,
            -0.659041702747345,
            0.13926880061626434
        ],
        [
            -0.21415993571281433,
            -0.6555689573287964,
            0.14234767854213715
        ],
        [
            -0.21290573477745056,
            -0.6515799760818481,
            0.14645935595035553
        ],
        [
            -0.20968234539031982,
            -0.650420069694519,
            0.14152750372886658
        ],
        [
            -0.21192337572574615,
            -0.6546059846878052,
            0.13747701048851013
        ],
        [
            -0.2270008772611618,
            -0.6677412390708923,
            0.14528460800647736
        ],
        [
            -0.22056779265403748,
            -0.6635460257530212,
            0.1307508796453476
        ],
        [
            -0.22581863403320312,
            -0.6685267090797424,
            0.1307586431503296
        ],
        [
            -0.21717284619808197,
            -0.6609653234481812,
            0.12864984571933746
        ],
        [
            -0.21319325268268585,
            -0.6578897833824158,
            0.12859319150447845
        ],
        [
            -0.20842456817626953,
            -0.6542011499404907,
            0.13127478957176208
        ],
        [
            -0.20590268075466156,
            -0.6488926410675049,
            0.13462874293327332
        ],
        [
            -0.1839771270751953,
            -0.6349817514419556,
            0.12462686747312546
        ],
        [
            -0.18912965059280396,
            -0.6418118476867676,
            0.11987964808940887
        ],
        [
            -0.27061787247657776,
            -0.7172976732254028,
            0.17130759358406067
        ],
        [
            -0.2736428380012512,
            -0.7192405462265015,
            0.16307781636714935
        ],
        [
            -0.26680848002433777,
            -0.716312050819397,
            0.15713196992874146
        ],
        [
            -0.26886653900146484,
            -0.7180493474006653,
            0.1566271334886551
        ],
        [
            -0.2685413658618927,
            -0.7171152830123901,
            0.16289344429969788
        ],
        [
            -0.26654303073883057,
            -0.7148128151893616,
            0.1615983545780182
        ],
        [
            -0.260643869638443,
            -0.7232867479324341,
            0.1374359428882599
        ],
        [
            -0.26191481947898865,
            -0.7207319736480713,
            0.1436229646205902
        ],
        [
            -0.25840306282043457,
            -0.7194234728813171,
            0.1415948122739792
        ],
        [
            -0.2570183575153351,
            -0.7193261384963989,
            0.13329194486141205
        ],
        [
            -0.25418561697006226,
            -0.7089247703552246,
            0.14678284525871277
        ],
        [
            -0.2551186978816986,
            -0.712486207485199,
            0.14293339848518372
        ],
        [
            -0.258844256401062,
            -0.7146164178848267,
            0.14945219457149506
        ],
        [
            -0.25812122225761414,
            -0.7120667695999146,
            0.15225370228290558
        ],
        [
            -0.2569139897823334,
            -0.7101559042930603,
            0.15569430589675903
        ],
        [
            -0.2548747658729553,
            -0.7091145515441895,
            0.1596733182668686
        ],
        [
            -0.2520883083343506,
            -0.7057735919952393,
            0.15670669078826904
        ],
        [
            -0.25331008434295654,
            -0.7068198323249817,
            0.15163956582546234
        ],
        [
            -0.2662237584590912,
            -0.7164728045463562,
            0.16880536079406738
        ],
        [
            -0.2612622380256653,
            -0.7152966260910034,
            0.17438867688179016
        ],
        [
            -0.2601751685142517,
            -0.7135475873947144,
            0.171502947807312
        ],
        [
            -0.26457902789115906,
            -0.7139294743537903,
            0.16697412729263306
        ],
        [
            -0.24723903834819794,
            -0.7117708921432495,
            0.17483173310756683
        ],
        [
            -0.25008225440979004,
            -0.7126717567443848,
            0.17540524899959564
        ],
        [
            -0.2497599869966507,
            -0.7123808264732361,
            0.17926664650440216
        ],
        [
            -0.2460314780473709,
            -0.7100239992141724,
            0.17757391929626465
        ],
        [
            -0.24571585655212402,
            -0.7082303762435913,
            0.17432256042957306
        ],
        [
            -0.24736826121807098,
            -0.710504412651062,
            0.17304471135139465
        ],
        [
            -0.29521968960762024,
            -0.7628031969070435,
            0.19164590537548065
        ],
        [
            -0.28911638259887695,
            -0.7451134920120239,
            0.191450834274292
        ],
        [
            -0.2931705415248871,
            -0.7677383422851562,
            0.1719660460948944
        ],
        [
            -0.2857429087162018,
            -0.769000768661499,
            0.1549946814775467
        ],
        [
            -0.2772253751754761,
            -0.7663072347640991,
            0.13906770944595337
        ],
        [
            -0.22487296164035797,
            -0.6783949136734009,
            0.11347558349370956
        ],
        [
            -0.21683615446090698,
            -0.6764466762542725,
            0.10698285698890686
        ],
        [
            -0.2172517627477646,
            -0.6906928420066833,
            0.09933608770370483
        ],
        [
            -0.20825518667697906,
            -0.6857359409332275,
            0.09515825659036636
        ],
        [
            -0.207648366689682,
            -0.6712465286254883,
            0.1033700555562973
        ],
        [
            -0.18879853188991547,
            -0.6561448574066162,
            0.10510362684726715
        ],
        [
            -0.19863265752792358,
            -0.6637882590293884,
            0.10256041586399078
        ],
        [
            -0.19833721220493317,
            -0.6800673007965088,
            0.09257518500089645
        ],
        [
            -0.2004247009754181,
            -0.7000554203987122,
            0.08486709743738174
        ],
        [
            -0.208905890583992,
            -0.7019853591918945,
            0.08978405594825745
        ],
        [
            -0.20304584503173828,
            -0.7204220294952393,
            0.08364249765872955
        ],
        [
            -0.18823394179344177,
            -0.7000519633293152,
            0.0817897617816925
        ],
        [
            -0.19617870450019836,
            -0.7249817848205566,
            0.08291621506214142
        ],
        [
            -0.1676853895187378,
            -0.6702882051467896,
            0.08904460072517395
        ],
        [
            -0.1639588177204132,
            -0.6659295558929443,
            0.08533837646245956
        ],
        [
            -0.16923607885837555,
            -0.6787583827972412,
            0.07281072437763214
        ],
        [
            -0.17223115265369415,
            -0.684310793876648,
            0.07680611312389374
        ],
        [
            -0.21854472160339355,
            -0.7028304934501648,
            0.09500337392091751
        ],
        [
            -0.2590670585632324,
            -0.7446292638778687,
            0.12235656380653381
        ],
        [
            -0.2631886303424835,
            -0.7373803853988647,
            0.12968376278877258
        ],
        [
            -0.25020119547843933,
            -0.7388514280319214,
            0.11474522203207016
        ],
        [
            -0.2807515263557434,
            -0.801393449306488,
            0.13956375420093536
        ],
        [
            -0.28631868958473206,
            -0.7855566740036011,
            0.14835631847381592
        ],
        [
            -0.27718251943588257,
            -0.7804439663887024,
            0.133806049823761
        ],
        [
            -0.2736281454563141,
            -0.7958256602287292,
            0.12738701701164246
        ],
        [
            -0.28844374418258667,
            -0.8180857300758362,
            0.1809263527393341
        ],
        [
            -0.29590728878974915,
            -0.7911169528961182,
            0.18640626966953278
        ],
        [
            -0.2920535206794739,
            -0.7896074056625366,
            0.1686657965183258
        ],
        [
            -0.28669583797454834,
            -0.8107700943946838,
            0.16229987144470215
        ],
        [
            -0.26670265197753906,
            -0.8054407238960266,
            0.12121860682964325
        ],
        [
            -0.25626909732818604,
            -0.8191395998001099,
            0.11465520411729813
        ],
        [
            -0.2574387192726135,
            -0.8344193696975708,
            0.12242443114519119
        ],
        [
            -0.272034227848053,
            -0.8201436400413513,
            0.1321902573108673
        ],
        [
            -0.2567443549633026,
            -0.8519669771194458,
            0.13857266306877136
        ],
        [
            -0.27329161763191223,
            -0.8345853686332703,
            0.1507914662361145
        ],
        [
            -0.18301120400428772,
            -0.7212582230567932,
            0.07752254605293274
        ],
        [
            -0.1909370720386505,
            -0.7376856803894043,
            0.08164900541305542
        ],
        [
            -0.17774544656276703,
            -0.6899891495704651,
            0.08210035413503647
        ],
        [
            -0.17708489298820496,
            -0.7077277898788452,
            0.073570117354393
        ],
        [
            -0.2510090470314026,
            -0.86421138048172,
            0.15763190388679504
        ],
        [
            -0.27185407280921936,
            -0.8451839089393616,
            0.17181456089019775
        ],
        [
            -0.20844918489456177,
            -0.8352993726730347,
            0.0953989028930664
        ],
        [
            -0.22382529079914093,
            -0.8429116010665894,
            0.10416063666343689
        ],
        [
            -0.23053236305713654,
            -0.8235864043235779,
            0.09901458024978638
        ],
        [
            -0.21538230776786804,
            -0.8187607526779175,
            0.0915156900882721
        ],
        [
            -0.19759191572666168,
            -0.8511472940444946,
            0.10308563709259033
        ],
        [
