{
    "pred_cam": [
        2.4228060245513916,
        0.10946903377771378,
        0.4308564066886902
    ],
    "pred_smpl_params": {
        "global_orient": [
            [
                [
                    -0.8815793395042419,
                    -0.14904941618442535,
                    -0.4478861093521118
                ],
                [
                    0.3029026985168457,
                    -0.906348466873169,
                    -0.29458844661712646
                ],
                [
                    -0.3620326519012451,
                    -0.3953690528869629,
                    0.844165563583374
                ]
            ]
        ],
        "body_pose": [
            [
                [
                    0.9851312637329102,
                    -0.1321766972541809,
                    -0.10975295305252075
                ],
                [
                    0.16417327523231506,
                    0.5359836220741272,
                    0.8281115293502808
                ],
                [
                    -0.050631262362003326,
                    -0.8338170647621155,
                    0.5497140884399414
                ]
            ],
            [
                [
                    0.9950014352798462,
                    0.08821585774421692,
                    0.04679947346448898
                ],
                [
                    -0.09454694390296936,
                    0.6813545823097229,
                    0.7258215546607971
                ],
                [
                    0.03214193508028984,
                    -0.7266181707382202,
                    0.6862893104553223
                ]
            ],
            [
                [
                    0.9960574507713318,
                    0.059046462178230286,
                    0.06620495766401291
                ],
                [
                    -0.005689600482583046,
                    0.7872871160507202,
                    -0.6165603399276733
                ],
                [
                    -0.08852801471948624,
                    0.6137528419494629,
                    0.7845191359519958
                ]
            ],
            [
                [
                    0.9744536280632019,
                    0.21817879378795624,
                    0.053273268043994904
                ],
                [
                    -0.0924873948097229,
                    0.6059921383857727,
                    -0.7900756001472473
                ],
                [
                    -0.20466089248657227,
                    0.7649650573730469,
                    0.6106899976730347
                ]
            ],
            [
                [
                    0.9933871030807495,
                    -0.09960845857858658,
                    0.05709850788116455
                ],
                [
                    0.10957106202840805,
                    0.6739252209663391,
                    -0.7306292653083801
                ],
                [
                    0.03429672122001648,
                    0.7320539951324463,
                    0.6803828477859497
                ]
            ],
            [
                [
                    0.9987267851829529,
                    -3.0194289024620957e-07,
                    0.050446804612874985
                ],
                [
                    -0.0003175021556671709,
                    0.999980092048645,
                    0.006291690282523632
                ],
                [
                    -0.050445809960365295,
                    -0.006299695931375027,
                    0.9987068772315979
                ]
            ],
            [
                [
                    0.9795143604278564,
                    0.060410864651203156,
                    0.19209890067577362
                ],
                [
                    -0.05566200613975525,
                    0.9979979991912842,
                    -0.030026931315660477
                ],
                [
                    -0.19352829456329346,
                    0.01871919445693493,
                    0.9809159636497498
                ]
            ],
            [
                [
                    0.9885733723640442,
                    0.02548830397427082,
                    -0.14856977760791779
                ],
                [
                    -0.009043858386576176,
                    0.993854284286499,
                    0.11032620817422867
                ],
                [
                    0.15046873688697815,
                    -0.10772190988063812,
                    0.9827284216880798
                ]
            ],
            [
                [
                    0.9995496869087219,
                    -0.006342696025967598,
                    0.029328566044569016
                ],
                [
                    0.010126303881406784,
                    0.9913678169250488,
                    -0.13071885704994202
                ],
                [
                    -0.028246283531188965,
                    0.1309569925069809,
                    0.990985631942749
                ]
            ],
            [
                [
                    0.979271650314331,
                    -0.13628748059272766,
                    0.1498425155878067
                ],
                [
                    0.12621501088142395,
                    0.9891762137413025,
                    0.0748354122042656
                ],
                [
                    -0.15841975808143616,
                    -0.05437181890010834,
                    0.9858737587928772
                ]
            ],
            [
                [
                    0.9978808164596558,
                    0.04787484183907509,
                    -0.04406764730811119
                ],
                [
                    -0.04276631772518158,
                    0.9929726123809814,
                    0.1103469505906105
                ],
                [
                    0.049040812999010086,
                    -0.10822848975658417,
                    0.9929157495498657
                ]
            ],
            [
                [
                    0.9013575911521912,
                    0.17052030563354492,
                    0.3980919420719147
                ],
                [
                    -0.037898652255535126,
                    0.9467519521713257,
                    -0.31972554326057434
                ],
                [
                    -0.43141400814056396,
                    0.2730999290943146,
                    0.859824538230896
                ]
            ],
            [
                [
                    0.9005964398384094,
                    -0.06630952656269073,
                    -0.42956840991973877
                ],
                [
                    0.10587266087532043,
                    0.9919942617416382,
                    0.06883624196052551
                ],
                [
                    0.42156487703323364,
                    -0.1074732318520546,
                    0.9004068374633789
                ]
            ],
            [
                [
                    0.9031398296356201,
                    -0.0007896875613369048,
                    0.4293459355831146
                ],
                [
                    -0.029345767572522163,
                    0.9975461959838867,
                    0.06356430798768997
                ],
                [
                    -0.4283426105976105,
                    -0.07000693678855896,
                    0.9009005427360535
                ]
            ],
            [
                [
                    0.9455906748771667,
                    0.17390894889831543,
                    0.2749796509742737
                ],
                [
                    -0.16336604952812195,
                    0.9846793413162231,
                    -0.06097598746418953
                ],
                [
                    -0.2813710570335388,
                    0.012736001051962376,
                    0.9595144391059875
                ]
            ],
            [
                [
                    0.5079604387283325,
                    0.7432867288589478,
                    -0.4353170692920685
                ],
                [
                    -0.7246822714805603,
                    0.6419453620910645,
                    0.25048309564590454
                ],
                [
                    0.46563056111335754,
                    0.18823106586933136,
                    0.8647295236587524
                ]
            ],
            [
                [
                    0.42157983779907227,
                    -0.7552127242088318,
                    0.5019204616546631
                ],
                [
                    0.7275764346122742,
                    0.6120729446411133,
                    0.30983734130859375
                ],
                [
                    -0.5412050485610962,
                    0.23456433415412903,
                    0.8075125813484192
                ]
            ],
            [
                [
                    0.5108259320259094,
                    -0.28683868050575256,
                    -0.8104199171066284
                ],
                [
                    0.10011772811412811,
                    0.9561296701431274,
                    -0.2753044664859772
                ],
                [
                    0.8538344502449036,
                    0.0594952367246151,
                    0.5171334743499756
                ]
            ],
            [
                [
                    0.5357905626296997,
                    0.2341693639755249,
                    0.811229407787323
                ],
                [
                    -0.19174672663211823,
                    0.9694154858589172,
                    -0.15318886935710907
                ],
                [
                    -0.8222904801368713,
                    -0.07347342371940613,
                    0.5643048882484436
                ]
            ],
            [
                [
                    0.9684386253356934,
                    -0.2487531155347824,
                    0.01576058194041252
                ],
                [
                    0.2492460161447525,
                    0.9660459160804749,
                    -0.06805668026208878
                ],
                [
                    0.0017038621008396149,
                    0.06983698904514313,
                    0.9975569248199463
                ]
            ],
            [
                [
                    0.9776482582092285,
                    0.21023796498775482,
                    -0.001965992385521531
                ],
                [
                    -0.20998255908489227,
                    0.9768442511558533,
                    0.04101977124810219
                ],
                [
                    0.01054438017308712,
                    -0.039690081030130386,
                    0.9991564154624939
                ]
            ],
            [
                [
                    0.9819325804710388,
                    0.1571437120437622,
                    -0.10542387515306473
                ],
                [
                    -0.13173289597034454,
                    0.967613935470581,
                    0.21533642709255219
                ],
                [
                    0.13584837317466736,
                    -0.19755807518959045,
                    0.9708326458930969
                ]
            ],
            [
                [
                    0.9742980599403381,
                    -0.2200392335653305,
                    0.04822864383459091
                ],
                [
                    0.20309002697467804,
                    0.9506560564041138,
                    0.2345367670059204
                ],
                [
                    -0.09745614230632782,
                    -0.21871396899223328,
                    0.9709101319313049
                ]
            ]
        ],
        "betas": [
            0.043078795075416565,
            -0.12086418271064758,
            -0.08688262104988098,
            0.015353202819824219,
            0.09508487582206726,
            0.011086855083703995,
            0.14690157771110535,
            -0.12773287296295166,
            0.008654668927192688,
            -0.016652584075927734
        ]
    },
    "pred_cam_t": [
        0.10946903377771378,
        0.4308564066886902,
        16.122835159301758
    ],
    "focal_length": [
        5000.0,
        5000.0
    ],
    "pred_keypoints_3d": [
        [
            -0.35801059007644653,
            -0.6176121234893799,
            0.12228427827358246
        ],
        [
            -0.18957896530628204,
            -0.6679478287696838,
            0.04722936078906059
        ],
        [
            -0.03244387358427048,
            -0.6523706316947937,
            0.14390060305595398
        ],
        [
            0.04291776567697525,
            -0.43132084608078003,
            0.24694594740867615
        ],
        [
            -0.12915849685668945,
            -0.2994137406349182,
            0.3829328417778015
        ],
        [
            -0.3121340572834015,
            -0.5579452514648438,
            -0.022376440465450287
        ],
        [
            -0.35499128699302673,
            -0.30212005972862244,
            0.010852020233869553
        ],
        [
            -0.33949944376945496,
            -0.22741124033927917,
            0.24903792142868042
        ],
        [
            -0.0018536080606281757,
            -0.22444209456443787,
            0.028810501098632812
        ],
        [
            0.07359664887189865,
            -0.16160902380943298,
            0.08595931529998779
        ],
        [
            0.055310431867837906,
            -0.02415245771408081,
            0.44423386454582214
        ],
        [
            0.12065349519252777,
            0.35516276955604553,
            0.5557210445404053
        ],
        [
            -0.04694701358675957,
            -0.11824602633714676,
            0.034276749938726425
        ],
        [
            -0.2290119230747223,
            -0.003159649670124054,
            0.3428304195404053
        ],
        [
            -0.13429230451583862,
            0.3478681445121765,
            0.5103673338890076
        ],
        [
            -0.3532865047454834,
            -0.6668274402618408,
            0.15878432989120483
        ],
        [
            -0.3744853734970093,
            -0.6688909530639648,
            0.0948425680398941
        ],
        [
            -0.26547670364379883,
            -0.7270411252975464,
            0.18077726662158966
        ],
        [
            -0.31811273097991943,
            -0.732474684715271,
            0.03742242977023125
        ],
        [
            -0.25810733437538147,
            0.3502330780029297,
            0.6714627146720886
        ],
        [
            -0.26628318428993225,
            0.39574235677719116,
            0.602608323097229
        ],
        [
            -0.09177589416503906,
            0.3972158432006836,
            0.48269593715667725
        ],
        [
            0.04767492413520813,
            0.317571759223938,
            0.7381116151809692
        ],
        [
            0.134425088763237,
            0.3252187967300415,
            0.7243671417236328
        ],
        [
            0.15155214071273804,
            0.4161908030509949,
            0.5292170643806458
        ],
        [
            0.14439788460731506,
            0.3120310306549072,
            0.5205955505371094
        ],
        [
            0.055300273001194,
            -0.058074742555618286,
            0.3946921229362488
        ],
        [
            0.14062261581420898,
            -0.2893449664115906,
            0.049323711544275284
        ],
        [
            -0.11629240214824677,
            -0.17877860367298126,
            -0.07099226862192154
        ],
        [
            -0.2289242297410965,
            -0.021008698269724846,
            0.3095020651817322
        ],
        [
            -0.13120537996292114,
            0.3298615515232086,
            0.4721009433269501
        ],
        [
            -0.1412891447544098,
            -0.32974973320961,
            0.3669004440307617
        ],
        [
            0.02942206710577011,
            -0.45993971824645996,
            0.27164655923843384
        ],
        [
            -0.06434130668640137,
            -0.661043643951416,
            0.12529490888118744
        ],
        [
            -0.29795265197753906,
            -0.584799587726593,
            -0.024506784975528717
        ],
        [
            -0.3831195831298828,
            -0.33881309628486633,
            0.03347740322351456
        ],
        [
            -0.3442061245441437,
            -0.24782423675060272,
            0.2461993545293808
        ],
        [
            -0.19707953929901123,
            -0.6654245853424072,
            0.05540675297379494
        ],
        [
            -0.34193721413612366,
            -0.7533945441246033,
            0.12041395902633667
        ],
        [
            0.012355400249361992,
            -0.2343958616256714,
            -0.01123562827706337
        ],
        [
            -0.176427960395813,
            -0.6201046109199524,
            0.050110962241888046
        ],
        [
            -0.0718017965555191,
            -0.4719945788383484,
            -0.02177644520998001
        ],
        [
            -0.28830695152282715,
            -0.6551402807235718,
            0.09545054286718369
        ],
        [
            -0.3476974666118622,
            -0.7733033299446106,
            0.1262778490781784
        ]
    ],
    "pred_vertices": [
        [
            -0.4111603796482086,
            -0.7033129930496216,
            0.09704525023698807
        ],
        [
            -0.40314963459968567,
            -0.6883175373077393,
            0.10017909854650497
        ],
        [
            -0.3989022374153137,
            -0.6929652094841003,
            0.08692982792854309
        ],
        [
            -0.4020327925682068,
            -0.7065807580947876,
            0.08278097957372665
        ],
        [
            -0.3947060704231262,
            -0.6819168329238892,
            0.0896664708852768
        ],
        [
            -0.39740079641342163,
            -0.6773468255996704,
            0.10006984323263168
        ],
        [
            -0.39020007848739624,
            -0.6959066390991211,
            0.07659456133842468
        ],
        [
            -0.38979631662368774,
            -0.70838463306427,
            0.0718386098742485
        ],
        [
            -0.3587568402290344,
            -0.6785808205604553,
            0.06075107306241989
        ],
        [
            -0.3513058125972748,
            -0.682429850101471,
            0.05410099774599075
        ],
        [
            -0.36050134897232056,
            -0.6905778646469116,
            0.05793646350502968
        ],
        [
            -0.36514198780059814,
            -0.685041069984436,
            0.06439727544784546
        ],
        [
            -0.3392581343650818,
            -0.6631163358688354,
            0.05492514744400978
        ],
        [
            -0.33698004484176636,
            -0.6498173475265503,
            0.05943191051483154
        ],
        [
            -0.32525649666786194,
            -0.6506009697914124,
            0.053610607981681824
        ],
        [
            -0.32649096846580505,
            -0.6637675762176514,
            0.049398552626371384
        ],
        [
            -0.3514973521232605,
            -0.6418165564537048,
            0.09785205870866776
        ],
        [
            -0.3481226861476898,
            -0.6380475759506226,
            0.09099362045526505
        ],
        [
            -0.3532857596874237,
            -0.6435023546218872,
            0.08867189288139343
        ],
        [
            -0.3556400537490845,
            -0.646828293800354,
            0.09598393738269806
        ],
        [
            -0.35934147238731384,
            -0.6442869901657104,
            0.11000142246484756
        ],
        [
            -0.36106881499290466,
            -0.6506308317184448,
            0.10965859144926071
        ],
        [
            -0.3659120798110962,
            -0.649286150932312,
            0.11598104983568192
        ],
        [
            -0.3646374046802521,
            -0.6418562531471252,
            0.11545528471469879
        ],
        [
            -0.3463844060897827,
            -0.6375822424888611,
            0.10180031508207321
        ],
        [
            -0.34250608086586,
            -0.6342512369155884,
            0.0946182906627655
        ],
        [
            -0.35469990968704224,
            -0.6444679498672485,
            0.10386820882558823
        ],
        [
            -0.3528871238231659,
            -0.6400939226150513,
            0.1051902174949646
        ],
        [
            -0.3551677167415619,
            -0.628219723701477,
            0.10823517292737961
        ],
        [
            -0.3577742576599121,
            -0.6327322125434875,
            0.10760635137557983
        ],
        [
            -0.3626418709754944,
            -0.6281935572624207,
            0.11198174208402634
        ],
        [
            -0.3577687740325928,
            -0.624697744846344,
            0.11190202832221985
        ],
        [
            -0.3496149778366089,
            -0.6341828107833862,
            0.10349223762750626
        ],
        [
            -0.35361939668655396,
            -0.6344345808029175,
            0.10409194231033325
        ],
        [
            -0.3520185351371765,
            -0.6299610733985901,
            0.10601819306612015
        ],
        [
            -0.34794825315475464,
            -0.630416750907898,
            0.10633888095617294
        ],
        [
            -0.35873180627822876,
            -0.6390571594238281,
            0.109775111079216
        ],
        [
            -0.3640413284301758,
            -0.6351954936981201,
            0.1140989139676094
        ],
        [
            -0.36870208382606506,
            -0.6309777498245239,
            0.11938579380512238
        ],
        [
            -0.3655034601688385,
            -0.6230837106704712,
            0.11725708097219467
        ],
        [
            -0.33800578117370605,
            -0.6336230635643005,
            0.07630441337823868
        ],
        [
            -0.3444140553474426,
            -0.6350003480911255,
            0.0829765647649765
        ],
        [
            -0.33934029936790466,
            -0.631179690361023,
            0.0870605856180191
        ],
        [
            -0.33512118458747864,
            -0.6295195817947388,
            0.08069218695163727
        ],
        [
            -0.343611478805542,
            -0.6309087872505188,
            0.10401764512062073
        ],
        [
            -0.333717405796051,
            -0.6202412843704224,
            0.09718585014343262
        ],
        [
            -0.3365143835544586,
            -0.6227313280105591,
            0.09778904914855957
        ],
        [
            -0.33812278509140015,
            -0.6201725006103516,
            0.1044391617178917
        ],
        [
            -0.33549222350120544,
            -0.6180225610733032,
            0.10326261073350906
        ],
        [
            -0.3238893747329712,
            -0.6301132440567017,
            0.06688793748617172
        ],
        [
            -0.3243734538555145,
            -0.6256598830223083,
            0.07272034138441086
        ],
        [
            -0.31804972887039185,
            -0.6228302717208862,
            0.07053900510072708
        ],
        [
            -0.31560078263282776,
            -0.6272928714752197,
            0.06533598899841309
        ],
        [
            -0.312076210975647,
            -0.6197519302368164,
            0.07250070571899414
        ],
        [
            -0.3074597120285034,
            -0.624006450176239,
            0.06515871733427048
        ],
        [
            -0.2942073345184326,
            -0.6128369569778442,
            0.0705774575471878
        ],
        [
            -0.30026015639305115,
            -0.6180430054664612,
            0.06778883934020996
        ],
        [
            -0.3068326413631439,
            -0.6152873635292053,
            0.07526952773332596
        ],
        [
            -0.3032582402229309,
            -0.6091747879981995,
            0.07999112457036972
        ],
        [
            -0.30953893065452576,
            -0.6052266359329224,
            0.09238772094249725
        ],
        [
            -0.3086397349834442,
            -0.6023015975952148,
            0.09822429716587067
        ],
        [
            -0.29949551820755005,
            -0.595450758934021,
            0.09102051705121994
        ],
        [
            -0.3007791042327881,
            -0.6014524698257446,
            0.08613265305757523
        ],
        [
            -0.3263912796974182,
            -0.6186681985855103,
            0.0956101343035698
        ],
        [
            -0.32580143213272095,
            -0.6209049224853516,
            0.09130311757326126
        ],
        [
            -0.3284757435321808,
            -0.6201847791671753,
            0.09156672656536102
        ],
        [
            -0.33026596903800964,
            -0.6183924078941345,
            0.09621886909008026
        ],
        [
            -0.32565486431121826,
            -0.6220733523368835,
            0.08744249492883682
        ],
        [
            -0.3254913091659546,
            -0.6224355697631836,
            0.08565466850996017
        ],
        [
            -0.32705697417259216,
            -0.6224518418312073,
            0.08622626215219498
        ],
        [
            -0.32698142528533936,
            -0.6218210458755493,
            0.08728501945734024
        ],
        [
            -0.3265227675437927,
            -0.6211242079734802,
            0.08939594030380249
        ],
        [
            -0.32508009672164917,
            -0.6195679306983948,
            0.09017113596200943
        ],
        [
            -0.32520878314971924,
            -0.6211625337600708,
            0.08839180320501328
        ],
        [
            -0.3253314793109894,
            -0.6167812347412109,
            0.09386880695819855
        ],
        [
            -0.3253686726093292,
            -0.6097168326377869,
            0.10696858167648315
        ],
        [
            -0.325662761926651,
            -0.6106326580047607,
            0.10310345888137817
        ],
        [
            -0.32758191227912903,
            -0.6143176555633545,
            0.10529477149248123
        ],
        [
            -0.3275585174560547,
            -0.6139315366744995,
            0.1086650937795639
        ],
        [
            -0.32968953251838684,
            -0.6225913763046265,
            0.08818353712558746
        ],
        [
            -0.3303959369659424,
            -0.6241983771324158,
            0.08648530393838882
        ],
        [
            -0.33342182636260986,
            -0.6234532594680786,
            0.09126082807779312
        ],
        [
            -0.33079516887664795,
            -0.6219391226768494,
            0.09177728742361069
        ],
        [
            -0.3327464759349823,
            -0.6255241632461548,
            0.08393854647874832
        ],
        [
            -0.3282832205295563,
            -0.6238991022109985,
            0.08421920984983444
        ],
        [
            -0.3293030858039856,
            -0.6255154609680176,
            0.08149179816246033
        ],
        [
            -0.32415449619293213,
            -0.621295690536499,
            0.08597007393836975
        ],
        [
            -0.3228691816329956,
            -0.621310830116272,
            0.08275965601205826
        ],
        [
            -0.3255279064178467,
            -0.6223352551460266,
            0.08273428678512573
        ],
        [
            -0.3201204836368561,
            -0.6188604831695557,
            0.08437097072601318
        ],
        [
            -0.32258930802345276,
            -0.6192795634269714,
            0.08829788863658905
        ],
        [
            -0.32201895117759705,
            -0.6158875226974487,
            0.09181000292301178
        ],
        [
            -0.3219135105609894,
            -0.6119186878204346,
            0.09627798199653625
        ],
        [
            -0.3171234726905823,
            -0.6109516024589539,
            0.09258269518613815
        ],
        [
            -0.31821003556251526,
            -0.6150853037834167,
            0.08784302324056625
        ],
        [
            -0.33639228343963623,
            -0.6273074150085449,
            0.09006266295909882
        ],
        [
            -0.32508721947669983,
            -0.62352454662323,
            0.07825278490781784
        ],
        [
            -0.3303121030330658,
            -0.6283730864524841,
            0.07653617113828659
        ],
        [
            -0.3209759593009949,
            -0.6211289167404175,
            0.07737167924642563
        ],
        [
            -0.31681352853775024,
            -0.6183537244796753,
            0.0787210538983345
        ],
        [
            -0.3125779926776886,
            -0.6150830388069153,
            0.08306534588336945
        ],
        [
            -0.3111340403556824,
            -0.609660267829895,
            0.08709056675434113
        ],
        [
            -0.2854761779308319,
            -0.5974790453910828,
            0.08501195907592773
        ],
        [
            -0.2891864776611328,
            -0.604347288608551,
            0.07881374657154083
        ],
        [
            -0.3894007205963135,
            -0.6736745834350586,
            0.09961682558059692
        ],
        [
            -0.38974103331565857,
            -0.6754486560821533,
            0.09074655175209045
        ],
        [
            -0.38108110427856445,
            -0.6731520891189575,
            0.08742357045412064
        ],
        [
            -0.3828089237213135,
            -0.6746493577957153,
            0.08637992292642593
        ],
        [
            -0.38470059633255005,
            -0.6737075448036194,
            0.09230934083461761
        ],
        [
            -0.3821783661842346,
            -0.6716738343238831,
            0.09182082116603851
        ],
        [
            -0.36925068497657776,
            -0.6809245347976685,
            0.0707879438996315
        ],
        [
            -0.37233003973960876,
            -0.6781648993492126,
            0.07623285055160522
        ],
        [
            -0.3680533468723297,
            -0.6772267818450928,
            0.0755336806178093
        ],
        [
            -0.36402881145477295,
            -0.6773844361305237,
            0.06815062463283539
        ],
        [
            -0.36519768834114075,
            -0.6668699383735657,
            0.08186817169189453
        ],
        [
            -0.36491891741752625,
            -0.6704640984535217,
            0.07793883979320526
        ],
        [
            -0.37109944224357605,
            -0.6720383763313293,
            0.08279265463352203
        ],
        [
            -0.3711774945259094,
            -0.6695210933685303,
            0.08574254810810089
        ],
        [
            -0.3710452914237976,
            -0.6677342653274536,
            0.08943922817707062
        ],
        [
            -0.3701651394367218,
            -0.6669756174087524,
            0.09396208077669144
        ],
        [
            -0.3665267825126648,
            -0.6637119650840759,
            0.09197042882442474
        ],
        [
            -0.36607596278190613,
            -0.664685845375061,
            0.08676780760288239
        ],
        [
            -0.3846416473388672,
            -0.6731178760528564,
            0.0986592024564743
        ],
        [
            -0.3814794421195984,
            -0.6723690032958984,
            0.10567926615476608
        ],
        [
            -0.3796043395996094,
            -0.670760452747345,
            0.10323692858219147
        ],
        [
            -0.382275253534317,
            -0.6707833409309387,
            0.09751500934362411
        ],
        [
            -0.36843034625053406,
            -0.6699979901313782,
            0.11075045168399811
        ],
        [
            -0.3712904453277588,
            -0.6707228422164917,
            0.11032924801111221
        ],
        [
            -0.3722575902938843,
            -0.6704056262969971,
            0.11414501816034317
        ],
        [
            -0.3680480420589447,
            -0.6683108806610107,
            0.1138140931725502
        ],
        [
            -0.36671847105026245,
            -0.66645747423172,
            0.1107708141207695
        ],
        [
            -0.36801403760910034,
            -0.6686225533485413,
            0.1089838519692421
        ],
        [
            -0.42259645462036133,
            -0.7169148921966553,
            0.1104997843503952
        ],
        [
            -0.41513314843177795,
            -0.7002347707748413,
            0.11236049234867096
        ],
        [
            -0.4147045612335205,
            -0.7223539352416992,
            0.09265309572219849
        ],
        [
            -0.40200406312942505,
            -0.7249157428741455,
            0.07907652109861374
        ],
        [
            -0.38860249519348145,
            -0.7230328917503357,
            0.06681152433156967
        ],
        [
            -0.32442694902420044,
            -0.6387279033660889,
            0.059918809682130814
        ],
        [
            -0.31444883346557617,
            -0.6375536918640137,
            0.056427255272865295
        ],
        [
            -0.31350335478782654,
            -0.6521821022033691,
            0.048822566866874695
        ],
        [
            -0.3031739890575409,
            -0.6479267477989197,
            0.04785187542438507
        ],
        [
            -0.30412912368774414,
            -0.6330298185348511,
            0.05614670366048813
        ],
        [
            -0.28512537479400635,
            -0.619261622428894,
            0.06455905735492706
        ],
        [
            -0.29458144307136536,
            -0.6261584758758545,
            0.058638107031583786
        ],
        [
            -0.2922895550727844,
            -0.6430017948150635,
            0.04870368540287018
        ],
        [
            -0.2933604121208191,
            -0.6633391380310059,
            0.04035864770412445
        ],
        [
            -0.303030401468277,
            -0.664571225643158,
            0.0422232486307621
        ],
        [
            -0.2971069812774658,
            -0.683773934841156,
            0.03823486715555191
        ],
        [
            -0.2804262638092041,
            -0.6647619009017944,
            0.04138890653848648
        ],
        [
            -0.29048728942871094,
            -0.6892424821853638,
            0.039751727133989334
        ],
        [
            -0.2600296139717102,
            -0.6364700198173523,
            0.05471824109554291
        ],
        [
            -0.25437095761299133,
            -0.6329277753829956,
            0.05228976905345917
        ],
        [
            -0.25761592388153076,
            -0.6463599801063538,
            0.03852274268865585
        ],
        [
            -0.2621724009513855,
            -0.6510908007621765,
            0.04158439487218857
        ],
        [
            -0.3140692710876465,
            -0.6644140481948853,
            0.04411788284778595
        ],
        [
            -0.3644815683364868,
            -0.7026909589767456,
            0.05691701918840408
        ],
        [
            -0.37012431025505066,
            -0.6948994994163513,
            0.0623275525867939
        ],
        [
            -0.35278934240341187,
            -0.6976170539855957,
            0.052194684743881226
        ],
        [
            -0.39483875036239624,
            -0.7575105428695679,
            0.0662410631775856
        ],
        [
            -0.40153250098228455,
            -0.7413008809089661,
            0.0728374570608139
        ],
        [
            -0.3878072202205658,
            -0.7371211647987366,
            0.061835877597332
        ],
        [
            -0.3837379217147827,
            -0.7528443336486816,
            0.05697530880570412
        ],
        [
            -0.41754794120788574,
            -0.7726207971572876,
            0.10240619629621506
        ],
        [
            -0.42430904507637024,
            -0.7449711561203003,
            0.10518079251050949
        ],
        [
            -0.414490282535553,
            -0.7443654537200928,
            0.09008336812257767
        ],
        [
            -0.4089514911174774,
            -0.7659212350845337,
            0.08553552627563477
        ],
        [
            -0.37583208084106445,
            -0.7630726099014282,
            0.05337834358215332
        ],
        [
            -0.36523741483688354,
            -0.777906060218811,
            0.05047211796045303
        ],
        [
            -0.37056609988212585,
            -0.7926435470581055,
            0.057237472385168076
        ],
        [
            -0.38612130284309387,
            -0.7767724990844727,
            0.06169469654560089
        ],
        [
            -0.37718865275382996,
            -0.8100388050079346,
            0.07240866124629974
        ],
        [
            -0.3949930667877197,
            -0.7911134958267212,
            0.0786961242556572
        ],
        [
            -0.2755454182624817,
            -0.6871821284294128,
            0.039254408329725266
        ],
        [
            -0.2860155403614044,
            -0.7029905319213867,
            0.040540557354688644
        ],
        [
            -0.2696962058544159,
            -0.6556882858276367,
            0.04505674168467522
        ],
        [
            -0.267703652381897,
            -0.6743904948234558,
            0.03725557401776314
        ],
        [
            -0.3794552683830261,
            -0.8227591514587402,
            0.09229740500450134
        ],
        [
            -0.4015374183654785,
            -0.8013254404067993,
            0.09934405982494354
        ],
        [
            -0.31540316343307495,
            -0.7993252873420715,
            0.04763031750917435
        ],
        [
            -0.33354222774505615,
            -0.8048453330993652,
            0.05072980746626854
        ],
        [
            -0.33624982833862305,
            -0.7852570414543152,
            0.04401903599500656
        ],
        [
            -0.3191157281398773,
            -0.7820948958396912,
            0.04187747836112976
        ],
        [
            -0.30894362926483154,
            -0.8156805038452148,
            0.05843218415975571
        ],
        [
