{
    "pred_cam": [
        2.385011672973633,
        0.14447082579135895,
        0.4257994592189789
    ],
    "pred_smpl_params": {
        "global_orient": [
            [
                [
                    -0.832443356513977,
                    -0.18275167047977448,
                    -0.523106038570404
                ],
                [
                    0.3768293261528015,
                    -0.8788427114486694,
                    -0.29263484477996826
                ],
                [
                    -0.40624845027923584,
                    -0.44072359800338745,
                    0.8004529476165771
                ]
            ]
        ],
        "body_pose": [
            [
                [
                    0.9902393221855164,
                    -0.09145046770572662,
                    -0.10517996549606323
                ],
                [
                    0.13437306880950928,
                    0.4260064959526062,
                    0.8946855664253235
                ],
                [
                    -0.037012070417404175,
                    -0.9000862240791321,
                    0.43413686752319336
                ]
            ],
            [
                [
                    0.992398738861084,
                    0.09428301453590393,
                    0.07909144461154938
                ],
                [
                    -0.11933080106973648,
                    0.5801450610160828,
                    0.8057243824005127
                ],
                [
                    0.03008161671459675,
                    -0.8090379238128662,
                    0.5869860649108887
                ]
            ],
            [
                [
                    0.9952335953712463,
                    0.06540217995643616,
                    0.07233792543411255
                ],
                [
                    0.003740475745871663,
                    0.7156258821487427,
                    -0.6984738111495972
                ],
                [
                    -0.09744860231876373,
                    0.6954150795936584,
                    0.7119702696800232
                ]
            ],
            [
                [
                    0.9634779095649719,
                    0.2566491365432739,
                    0.07642952352762222
                ],
                [
                    -0.08585738390684128,
                    0.5664024353027344,
                    -0.8196442127227783
                ],
                [
                    -0.2536509037017822,
                    0.7831470966339111,
                    0.5677514672279358
                ]
            ],
            [
                [
                    0.9937780499458313,
                    -0.09816426783800125,
                    0.0526198111474514
                ],
                [
                    0.10284481197595596,
                    0.6274121999740601,
                    -0.7718657851219177
                ],
                [
                    0.0427553616464138,
                    0.772475004196167,
                    0.6336041688919067
                ]
            ],
            [
                [
                    0.9986231923103333,
                    0.00028654356719926,
                    0.05245658755302429
                ],
                [
                    -0.0025201509706676006,
                    0.9990925192832947,
                    0.04251880943775177
                ],
                [
                    -0.05239679664373398,
                    -0.04259246215224266,
                    0.9977176785469055
                ]
            ],
            [
                [
                    0.9808779358863831,
                    0.0576370544731617,
                    0.18589350581169128
                ],
                [
                    -0.05338485166430473,
                    0.9981868267059326,
                    -0.027803685516119003
                ],
                [
                    -0.1871589869260788,
                    0.017348123714327812,
                    0.9821763634681702
                ]
            ],
            [
                [
                    0.9888196587562561,
                    0.01085956022143364,
                    -0.14872048795223236
                ],
                [
                    0.004591616336256266,
                    0.9946543574333191,
                    0.10315854847431183
                ],
                [
                    0.14904573559761047,
                    -0.10268806666135788,
                    0.9834839105606079
                ]
            ],
            [
                [
                    0.9992234110832214,
                    -0.005846299231052399,
                    0.038965485990047455
                ],
                [
                    0.010518623515963554,
                    0.9926202297210693,
                    -0.1208067461848259
                ],
                [
                    -0.03797166422009468,
                    0.1211227998137474,
                    0.9919108748435974
                ]
            ],
            [
                [
                    0.977116048336029,
                    -0.14847509562969208,
                    0.15231364965438843
                ],
                [
                    0.13856329023838043,
                    0.9875996708869934,
                    0.07380524277687073
                ],
                [
                    -0.16138313710689545,
                    -0.05101120099425316,
                    0.9855726957321167
                ]
            ],
            [
                [
                    0.9969600439071655,
                    0.07204442471265793,
                    -0.02966761775314808
                ],
                [
                    -0.06849215179681778,
                    0.991890549659729,
                    0.10706061869859695
                ],
                [
                    0.037140149623155594,
                    -0.10470317304134369,
                    0.993809700012207
                ]
            ],
            [
                [
                    0.913197934627533,
                    0.14452314376831055,
                    0.38102832436561584
                ],
                [
                    -0.044880229979753494,
                    0.9649809002876282,
                    -0.25845205783843994
                ],
                [
                    -0.40503743290901184,
                    0.21891725063323975,
                    0.8877047896385193
                ]
            ],
            [
                [
                    0.8768901824951172,
                    -0.09011399000883102,
                    -0.4721684157848358
                ],
                [
                    0.1386304646730423,
                    0.9879440069198608,
                    0.06890786439180374
                ],
                [
                    0.4602663516998291,
                    -0.12588155269622803,
                    0.8788109421730042
                ]
            ],
            [
                [
                    0.8449462652206421,
                    0.032882507890462875,
                    0.5338393449783325
                ],
                [
                    -0.07681309431791306,
                    0.9952218532562256,
                    0.060275718569755554
                ],
                [
                    -0.5293065905570984,
                    -0.09193560481071472,
                    0.8434348106384277
                ]
            ],
            [
                [
                    0.9526594281196594,
                    0.16275237500667572,
                    0.25681057572364807
                ],
                [
                    -0.15700268745422363,
                    0.986666738986969,
                    -0.04288087785243988
                ],
                [
                    -0.26036545634269714,
                    0.0005309136467985809,
                    0.9655099511146545
                ]
            ],
            [
                [
                    0.5965729355812073,
                    0.6833633780479431,
                    -0.4208506643772125
                ],
                [
                    -0.6490455269813538,
                    0.7192463278770447,
                    0.24783992767333984
                ],
                [
                    0.4720599949359894,
                    0.12529663741588593,
                    0.8726168274879456
                ]
            ],
            [
                [
                    0.46136295795440674,
                    -0.6856921911239624,
                    0.5630013346672058
                ],
                [
                    0.6165000200271606,
                    0.7041134238243103,
                    0.35235220193862915
                ],
                [
                    -0.6380218863487244,
                    0.18452809751033783,
                    0.7475811243057251
                ]
            ],
            [
                [
                    0.5023053884506226,
                    -0.2845349907875061,
                    -0.8165348768234253
                ],
                [
                    0.14406637847423553,
                    0.9586490392684937,
                    -0.24543212354183197
                ],
                [
                    0.8526043891906738,
                    0.005646648816764355,
                    0.5225265026092529
                ]
            ],
            [
                [
                    0.5889511108398438,
                    0.20948369801044464,
                    0.7805467247962952
                ],
                [
                    -0.20961761474609375,
                    0.9723644852638245,
                    -0.10279970616102219
                ],
                [
                    -0.7805107235908508,
                    -0.10307233780622482,
                    0.6165866255760193
                ]
            ],
            [
                [
                    0.9596002101898193,
                    -0.2813444137573242,
                    -0.003572056768462062
                ],
                [
                    0.2802771329879761,
                    0.956922173500061,
                    -0.07579389214515686
                ],
                [
                    0.0247423704713583,
                    0.07173066586256027,
                    0.9971171021461487
                ]
            ],
            [
                [
                    0.9681461453437805,
                    0.24915841221809387,
                    0.024760348722338676
                ],
                [
                    -0.24918901920318604,
                    0.968453049659729,
                    -0.0018897757399827242
                ],
                [
                    -0.024450086057186127,
                    -0.00434042839333415,
                    0.9996916055679321
                ]
            ],
            [
                [
                    0.9841693639755249,
                    0.1419578343629837,
                    -0.10610751062631607
                ],
                [
                    -0.11811686307191849,
                    0.97171950340271,
                    0.2044740468263626
                ],
                [
                    0.13213342428207397,
                    -0.1887039840221405,
                    0.9731041789054871
                ]
            ],
            [
                [
                    0.9792214035987854,
                    -0.1956385225057602,
                    0.053395114839076996
                ],
                [
                    0.17872028052806854,
                    0.9569550156593323,
                    0.22868333756923676
                ],
                [
                    -0.09583600610494614,
                    -0.21438883244991302,
                    0.9720354080200195
                ]
            ]
        ],
        "betas": [
            0.10492439568042755,
            -0.06060066819190979,
            -0.06732147932052612,
            0.12869568169116974,
            0.12825801968574524,
            0.021643389016389847,
            0.1038500964641571,
            -0.1146402359008789,
            0.020651862025260925,
            -0.01757565140724182
        ]
    },
    "pred_cam_t": [
        0.14447082579135895,
        0.4257994592189789,
        16.378326416015625
    ],
    "focal_length": [
        5000.0,
        5000.0
    ],
    "pred_keypoints_3d": [
        [
            -0.4018819034099579,
            -0.5900186896324158,
            0.1161516010761261
        ],
        [
            -0.23166152834892273,
            -0.6452147960662842,
            0.045622147619724274
        ],
        [
            -0.089520663022995,
            -0.6373454928398132,
            0.15760087966918945
        ],
        [
            -0.04389641061425209,
            -0.42208853363990784,
            0.28849196434020996
        ],
        [
            -0.23544394969940186,
            -0.28543826937675476,
            0.39149513840675354
        ],
        [
            -0.3399467170238495,
            -0.5275223851203918,
            -0.030247746035456657
        ],
        [
            -0.3939211964607239,
            -0.27349525690078735,
            0.007310757413506508
        ],
        [
            -0.40336018800735474,
            -0.20911014080047607,
            0.24983932077884674
        ],
        [
            -0.001974519807845354,
            -0.2261964976787567,
            0.028336456045508385
        ],
        [
            0.0732915997505188,
            -0.1705799549818039,
            0.09245889633893967
        ],
        [
            0.017841748893260956,
            -0.08992146700620651,
            0.4651530981063843
        ],
        [
            0.09702933579683304,
            0.2708401381969452,
            0.6236022710800171
        ],
        [
            -0.03955172747373581,
            -0.11733943223953247,
            0.03525133430957794
        ],
        [
            -0.24318799376487732,
            -0.049440138041973114,
            0.34557175636291504
        ],
        [
            -0.13173317909240723,
            0.26439809799194336,
            0.5698536038398743
        ],
        [
            -0.40021488070487976,
            -0.6414876580238342,
            0.15045768022537231
        ],
        [
            -0.41928231716156006,
            -0.6395812034606934,
            0.08566836267709732
        ],
        [
            -0.3155839741230011,
            -0.7062996625900269,
            0.1728532761335373
        ],
        [
            -0.3631197512149811,
            -0.7027431726455688,
            0.026714356616139412
        ],
        [
            -0.26644212007522583,
            0.2541311979293823,
            0.7222020626068115
        ],
        [
            -0.26619210839271545,
            0.3094717264175415,
            0.6604134440422058
        ],
        [
            -0.08358441293239594,
            0.31325769424438477,
            0.5521523952484131
        ],
        [
            0.004838675260543823,
            0.22156423330307007,
            0.795181155204773
        ],
        [
            0.09330721199512482,
            0.2239910364151001,
            0.7895928621292114
        ],
        [
            0.13421374559402466,
            0.33200836181640625,
            0.6061245203018188
        ],
        [
            0.1210733950138092,
            0.22994336485862732,
            0.5857837796211243
        ],
        [
            0.021790526807308197,
            -0.11645400524139404,
            0.4123283326625824
        ],
        [
            0.1352538913488388,
            -0.3002016544342041,
            0.053397614508867264
        ],
        [
            -0.1047983467578888,
            -0.16715197265148163,
            -0.0784839540719986
        ],
        [
            -0.24179412424564362,
            -0.061774156987667084,
            0.31035470962524414
        ],
        [
            -0.12745144963264465,
            0.25168362259864807,
            0.5295202136039734
        ],
        [
            -0.24570462107658386,
            -0.3146292567253113,
            0.37199151515960693
        ],
        [
            -0.06196621060371399,
            -0.4505476951599121,
            0.3074745535850525
        ],
        [
            -0.11788740754127502,
            -0.6460790634155273,
            0.13576793670654297
        ],
        [
            -0.32963237166404724,
            -0.5555234551429749,
            -0.0326591320335865
        ],
        [
            -0.42235448956489563,
            -0.3111915588378906,
            0.026078278198838234
        ],
        [
            -0.4078245162963867,
            -0.22967971861362457,
            0.2459598034620285
        ],
        [
            -0.24056366086006165,
            -0.641344428062439,
            0.05354231595993042
        ],
        [
            -0.3908819258213043,
            -0.7264026403427124,
            0.10844980180263519
        ],
        [
            0.015742290765047073,
            -0.2340397983789444,
            -0.013087281957268715
        ],
        [
            -0.21787461638450623,
            -0.5980764627456665,
            0.05075375363230705
        ],
        [
            -0.09201975911855698,
            -0.46232354640960693,
            -0.020697252824902534
        ],
        [
            -0.33238863945007324,
            -0.6293058395385742,
            0.08986017107963562
        ],
        [
            -0.3976406455039978,
            -0.7463513612747192,
            0.11309125274419785
        ]
    ],
    "pred_vertices": [
        [
            -0.4571625292301178,
            -0.6725086569786072,
            0.08488696813583374
        ],
        [
            -0.448795884847641,
            -0.6579841375350952,
            0.08899518847465515
        ],
        [
            -0.4441731572151184,
            -0.6622787714004517,
            0.07564160972833633
        ],
        [
            -0.4476655423641205,
            -0.675505518913269,
            0.0708102211356163
        ],
        [
            -0.43970853090286255,
            -0.6515213847160339,
            0.07908537238836288
        ],
        [
            -0.442676305770874,
            -0.64731764793396,
            0.08956072479486465
        ],
        [
            -0.4351944625377655,
            -0.6651326417922974,
            0.0655384361743927
        ],
        [
            -0.43512874841690063,
            -0.6774174571037292,
            0.06034623086452484
        ],
        [
            -0.4025701880455017,
            -0.6482958793640137,
            0.0517071858048439
        ],
        [
            -0.39502155780792236,
            -0.6521679759025574,
            0.04510156437754631
        ],
        [
            -0.4046459197998047,
            -0.6601057648658752,
            0.04809655249118805
        ],
        [
            -0.40933021903038025,
            -0.6547147035598755,
            0.05471537262201309
        ],
        [
            -0.382169246673584,
            -0.633431613445282,
            0.047252554446458817
        ],
        [
            -0.3795575201511383,
            -0.6203668117523193,
            0.05248778313398361
        ],
        [
            -0.36766618490219116,
            -0.6213558316230774,
            0.046966858208179474
        ],
        [
            -0.3693211078643799,
            -0.6343244314193726,
            0.042102716863155365
        ],
        [
            -0.3952365219593048,
            -0.6135091781616211,
            0.09084602445363998
        ],
        [
            -0.3914172649383545,
            -0.6095897555351257,
            0.08428415656089783
        ],
        [
            -0.3967120945453644,
            -0.6147475242614746,
            0.08151278644800186
        ],
        [
            -0.39951232075691223,
            -0.6182864904403687,
            0.08857958018779755
        ],
        [
            -0.40374356508255005,
            -0.6162088513374329,
            0.10253842175006866
        ],
        [
            -0.40569067001342773,
            -0.6224849820137024,
            0.10178408026695251
        ],
        [
            -0.41076982021331787,
            -0.6212061643600464,
            0.10798660665750504
        ],
        [
            -0.4091849625110626,
            -0.6137797832489014,
            0.1079077273607254
        ],
        [
            -0.3901875913143158,
            -0.6095483303070068,
            0.09521336853504181
        ],
        [
            -0.38581711053848267,
            -0.6060589551925659,
            0.08830666542053223
        ],
        [
            -0.3988068699836731,
            -0.6163138151168823,
            0.09665096551179886
        ],
        [
            -0.39693742990493774,
            -0.6120057106018066,
            0.09820384532213211
        ],
        [
            -0.39887893199920654,
            -0.6001904010772705,
            0.10183969140052795
        ],
        [
            -0.40164270997047424,
            -0.6045762896537781,
            0.10087542235851288
        ],
        [
            -0.40655747056007385,
            -0.5999733805656433,
            0.10526370257139206
        ],
        [
            -0.4015030860900879,
            -0.5966923832893372,
            0.10555356740951538
        ],
        [
            -0.39344510436058044,
            -0.6060985326766968,
            0.09693070501089096
        ],
        [
            -0.39748185873031616,
            -0.6062440872192383,
            0.09739077091217041
        ],
        [
            -0.39578866958618164,
            -0.6019272208213806,
            0.09961174428462982
        ],
        [
            -0.3917517066001892,
            -0.6025190353393555,
            0.10004093497991562
        ],
        [
            -0.40299659967422485,
            -0.6109192371368408,
            0.10261493176221848
        ],
        [
            -0.40832412242889404,
            -0.6070306897163391,
            0.10694782435894012
        ],
        [
            -0.4130411446094513,
            -0.6028359532356262,
            0.11225464195013046
        ],
        [
            -0.4094098210334778,
            -0.594975471496582,
            0.11063092201948166
        ],
        [
            -0.3805190622806549,
            -0.6048578023910522,
            0.0701538622379303
        ],
        [
            -0.38731521368026733,
            -0.6062636375427246,
            0.07653318345546722
        ],
        [
            -0.3822253346443176,
            -0.6027441620826721,
            0.08097594976425171
        ],
        [
            -0.377680242061615,
            -0.6009530425071716,
            0.07482556998729706
        ],
        [
            -0.387279212474823,
            -0.6030368208885193,
            0.0977848619222641
        ],
        [
            -0.37658822536468506,
            -0.5924111604690552,
            0.09178627282381058
        ],
        [
            -0.37956589460372925,
            -0.594813883304596,
            0.09216668456792831
        ],
        [
            -0.38133499026298523,
            -0.5925076007843018,
            0.09889701008796692
        ],
        [
            -0.3785160183906555,
            -0.5904176235198975,
            0.09792196750640869
        ],
        [
            -0.3658941388130188,
            -0.6014582514762878,
            0.06133422255516052
        ],
        [
            -0.3664427697658539,
            -0.5971847772598267,
            0.06736496090888977
        ],
        [
            -0.3599020838737488,
            -0.5945191979408264,
            0.06550522148609161
        ],
        [
            -0.3574236035346985,
            -0.5988902449607849,
            0.06013652682304382
        ],
        [
            -0.3538006544113159,
            -0.5917931199073792,
            0.06777298450469971
        ],
        [
            -0.34911584854125977,
            -0.595925509929657,
            0.06032239645719528
        ],
        [
            -0.335575670003891,
            -0.5855070352554321,
            0.066683828830719
        ],
        [
            -0.3417453467845917,
            -0.5903655886650085,
            0.06345394998788834
        ],
        [
            -0.3484635353088379,
            -0.5876178741455078,
            0.07092549651861191
        ],
        [
            -0.34480640292167664,
            -0.5818353295326233,
            0.0760386735200882
        ],
        [
            -0.3515090048313141,
            -0.5780254602432251,
            0.08844034373760223
        ],
        [
            -0.35074687004089355,
            -0.5753707885742188,
            0.09450588375329971
        ],
        [
            -0.3410021662712097,
            -0.5685739517211914,
            0.08784431964159012
        ],
        [
            -0.34225142002105713,
            -0.574457585811615,
            0.0826273113489151
        ],
        [
            -0.3690727651119232,
            -0.5910539627075195,
            0.09059619903564453
        ],
        [
            -0.3684193789958954,
            -0.593078076839447,
            0.08618373423814774
        ],
        [
            -0.3710894286632538,
            -0.5922654867172241,
            0.08639486879110336
        ],
        [
            -0.37297677993774414,
            -0.5906421542167664,
            0.09109323471784592
        ],
        [
            -0.3681856393814087,
            -0.5940306782722473,
            0.08221855759620667
        ],
        [
            -0.3679751753807068,
            -0.5943280458450317,
            0.08041951805353165
        ],
        [
            -0.36957305669784546,
            -0.5943082571029663,
            0.08094990998506546
        ],
        [
            -0.3695729374885559,
            -0.5936802625656128,
            0.08204001933336258
        ],
        [
            -0.36914533376693726,
            -0.5931187868118286,
            0.0842018648982048
        ],
        [
            -0.3676472008228302,
            -0.591669499874115,
            0.08510671555995941
        ],
        [
            -0.36772435903549194,
            -0.5931963920593262,
            0.08323231339454651
        ],
        [
            -0.3679092526435852,
            -0.5890616178512573,
            0.08893927186727524
        ],
        [
            -0.3681866228580475,
            -0.5826693773269653,
            0.10239191353321075
        ],
        [
            -0.3683091998100281,
            -0.5833926200866699,
            0.09852050244808197
        ],
        [
            -0.3704898953437805,
            -0.5871214866638184,
            0.10047951340675354
        ],
        [
            -0.37062862515449524,
            -0.5869038701057434,
            0.1038065254688263
        ],
        [
            -0.37238219380378723,
            -0.5944058895111084,
            0.08276110887527466
        ],
        [
            -0.3730022609233856,
            -0.5959888696670532,
            0.0810498297214508
        ],
        [
            -0.37619543075561523,
            -0.5953554511070251,
            0.08577671647071838
        ],
        [
            -0.373501718044281,
            -0.5939674973487854,
            0.08645954728126526
        ],
        [
            -0.3753480613231659,
            -0.5971095561981201,
            0.07834900915622711
        ],
        [
            -0.3707928955554962,
            -0.5956352949142456,
            0.07882897555828094
        ],
        [
            -0.37176138162612915,
            -0.5971530079841614,
            0.07593599706888199
        ],
        [
            -0.36658966541290283,
            -0.5932437777519226,
            0.08081823587417603
        ],
        [
            -0.3651922345161438,
            -0.5931597948074341,
            0.07762597501277924
        ],
        [
            -0.3679000437259674,
            -0.5940927267074585,
            0.07748575508594513
        ],
        [
            -0.36235955357551575,
            -0.5909180641174316,
            0.0794583112001419
        ],
        [
            -0.36499497294425964,
            -0.5914197564125061,
            0.08330962061882019
        ],
        [
            -0.36438703536987305,
            -0.5882405042648315,
            0.08701857924461365
        ],
        [
            -0.3642793893814087,
            -0.5845075845718384,
            0.09170792996883392
        ],
        [
            -0.3592827320098877,
            -0.5835554003715515,
            0.08818148076534271
        ],
        [
            -0.3603818416595459,
            -0.5874121189117432,
            0.08318648487329483
        ],
        [
            -0.37929338216781616,
            -0.5990611910820007,
            0.08422491699457169
        ],
        [
            -0.3673221468925476,
            -0.5951534509658813,
            0.07296549528837204
        ],
        [
            -0.37264591455459595,
            -0.5998138785362244,
            0.07087576389312744
        ],
        [
            -0.36307263374328613,
            -0.592868447303772,
            0.07230985909700394
        ],
        [
            -0.3588182330131531,
            -0.590314507484436,
            0.07392165809869766
        ],
        [
            -0.3544984459877014,
            -0.5875002145767212,
            0.07856173068284988
        ],
        [
            -0.3530399203300476,
            -0.5822161436080933,
            0.08288434147834778
        ],
        [
            -0.32680484652519226,
            -0.571040153503418,
            0.08218404650688171
        ],
        [
            -0.3304710388183594,
            -0.5776042342185974,
            0.07551965117454529
        ],
        [
            -0.43452349305152893,
            -0.6439474821090698,
            0.08960067480802536
        ],
        [
            -0.4346051812171936,
            -0.6452686786651611,
            0.0806414932012558
        ],
        [
            -0.42575252056121826,
            -0.6431583762168884,
            0.07771235704421997
        ],
        [
            -0.4274579584598541,
            -0.644530177116394,
            0.07662545889616013
        ],
        [
            -0.42959389090538025,
            -0.643814206123352,
            0.08244337141513824
        ],
        [
            -0.4269542396068573,
            -0.6418979167938232,
            0.08215223252773285
        ],
        [
            -0.41362109780311584,
            -0.6506785154342651,
            0.0612020343542099
        ],
        [
            -0.4168238341808319,
            -0.6480051279067993,
            0.06663784384727478
        ],
        [
            -0.41241389513015747,
            -0.6472330093383789,
            0.06612200289964676
        ],
        [
            -0.4080769717693329,
            -0.6472392082214355,
            0.05891134589910507
        ],
        [
            -0.4093954563140869,
            -0.6372509002685547,
            0.07299686968326569
        ],
        [
            -0.4090732932090759,
            -0.6406971216201782,
            0.06893119215965271
        ],
        [
            -0.41561952233314514,
            -0.6422028541564941,
            0.07349161058664322
        ],
        [
            -0.415703684091568,
            -0.6398205757141113,
            0.07657255232334137
        ],
        [
            -0.41566625237464905,
            -0.6382064819335938,
            0.08035080134868622
        ],
        [
            -0.4148463308811188,
            -0.6377619504928589,
            0.08494269847869873
        ],
        [
            -0.41105809807777405,
            -0.6344961524009705,
            0.08322376757860184
        ],
        [
            -0.4104618728160858,
            -0.6352254748344421,
            0.07798843085765839
        ],
        [
            -0.4298245310783386,
            -0.6435508728027344,
            0.08881876617670059
        ],
        [
            -0.4267895817756653,
            -0.6432965993881226,
            0.09597679227590561
        ],
        [
            -0.424837201833725,
            -0.6416872143745422,
            0.09366333484649658
        ],
        [
            -0.4272984266281128,
            -0.6413123607635498,
            0.08786904066801071
        ],
        [
            -0.41386085748672485,
            -0.6416922807693481,
            0.10158108174800873
        ],
        [
            -0.41672760248184204,
            -0.6423037052154541,
            0.10102629661560059
        ],
        [
            -0.41783061623573303,
            -0.6421113610267639,
            0.10483774542808533
        ],
        [
            -0.41352957487106323,
            -0.6401363015174866,
            0.10474780201911926
        ],
        [
            -0.4120558202266693,
            -0.63815838098526,
            0.10181351751089096
        ],
        [
            -0.4133450388908386,
            -0.6402221322059631,
            0.099877268075943
        ],
        [
            -0.4696194529533386,
            -0.6862772703170776,
            0.09741055965423584
        ],
        [
            -0.4615548849105835,
            -0.669985294342041,
            0.10020209103822708
        ],
        [
            -0.4612751305103302,
            -0.6912068724632263,
            0.0795755684375763
        ],
        [
            -0.44829729199409485,
            -0.6936174631118774,
            0.06620946526527405
        ],
        [
            -0.4343174397945404,
            -0.691875696182251,
            0.054718103259801865
        ],
        [
            -0.36656105518341064,
            -0.6097431182861328,
            0.05388721823692322
        ],
        [
            -0.3563656210899353,
            -0.6088485717773438,
            0.05079510062932968
        ],
        [
            -0.3557929992675781,
            -0.6232568025588989,
            0.042441774159669876
        ],
        [
            -0.3452070355415344,
            -0.6193701028823853,
            0.041927728801965714
        ],
        [
            -0.3458213210105896,
            -0.6047542095184326,
            0.05096159130334854
        ],
        [
            -0.3264924883842468,
            -0.59226393699646,
            0.06070832163095474
        ],
        [
            -0.3360549807548523,
            -0.5984199047088623,
            0.05407768487930298
        ],
        [
            -0.3340252637863159,
            -0.6149885654449463,
            0.04334085434675217
        ],
        [
            -0.3356805145740509,
            -0.6349669694900513,
            0.034017521888017654
        ],
        [
            -0.3455734848976135,
            -0.6358924508094788,
            0.03552849590778351
        ],
        [
            -0.34018635749816895,
            -0.6551979780197144,
            0.03080672025680542
        ],
        [
            -0.32266366481781006,
            -0.6371757984161377,
            0.03550272434949875
        ],
        [
            -0.3337930738925934,
            -0.6610709428787231,
            0.03224662318825722
        ],
        [
            -0.30060839653015137,
            -0.6101574897766113,
            0.05011194944381714
        ],
        [
            -0.2942686080932617,
            -0.6064156293869019,
            0.04749171435832977
        ],
        [
            -0.29756125807762146,
            -0.6193971633911133,
            0.03305698186159134
        ],
        [
            -0.3028801381587982,
            -0.6241211891174316,
            0.03626503050327301
        ],
        [
            -0.35677117109298706,
            -0.6352901458740234,
            0.037170037627220154
        ],
        [
            -0.40913844108581543,
            -0.6719943284988403,
            0.046466127038002014
        ],
        [
            -0.41466084122657776,
            -0.66424161195755,
            0.05204664170742035
        ],
        [
            -0.39700815081596375,
            -0.6671861410140991,
            0.04220423847436905
        ],
        [
            -0.44179826974868774,
            -0.7258257865905762,
            0.05241196230053902
        ],
        [
            -0.4480210244655609,
            -0.709763765335083,
            0.059631019830703735
        ],
        [
            -0.4338138997554779,
            -0.7056634426116943,
            0.04911098629236221
        ],
        [
            -0.43023553490638733,
            -0.7212493419647217,
            0.0436323881149292
        ],
        [
            -0.46650612354278564,
            -0.7415465116500854,
            0.08689753711223602
        ],
        [
            -0.47214001417160034,
            -0.7137703895568848,
            0.09081009030342102
        ],
        [
            -0.4618469774723053,
            -0.7129602432250977,
            0.07615780830383301
        ],
        [
            -0.45699912309646606,
            -0.7345244884490967,
            0.07067114114761353
        ],
        [
            -0.42255696654319763,
            -0.7316157817840576,
            0.039964016526937485
        ],
        [
            -0.4124821424484253,
            -0.7467249035835266,
            0.03666921332478523
        ],
        [
            -0.4188210666179657,
            -0.7615030407905579,
            0.04253572225570679
        ],
        [
            -0.43371492624282837,
            -0.7451132535934448,
            0.04727223888039589
        ],
        [
            -0.4268386960029602,
            -0.7793188095092773,
            0.05649322271347046
        ],
        [
            -0.4440789222717285,
            -0.7599594593048096,
            0.06306593865156174
        ],
        [
            -0.3185347616672516,
            -0.6596916317939758,
            0.03233461081981659
        ],
        [
            -0.3298216164112091,
            -0.6751596927642822,
            0.03261902183294296
        ],
        [
            -0.3111954629421234,
            -0.628706693649292,
            0.039700765162706375
        ],
        [
            -0.30969110131263733,
            -0.6470687985420227,
            0.03103804960846901
        ],
        [
            -0.4305952787399292,
            -0.7929486036300659,
            0.07556995004415512
        ],
        [
            -0.45184525847435,
            -0.7707986235618591,
            0.0830167606472969
        ],
        [
            -0.3635951280593872,
            -0.7703858613967896,
            0.03420184925198555
        ],
        [
            -0.3821433484554291,
            -0.7750068306922913,
            0.03643558919429779
        ],
        [
            -0.3837049901485443,
            -0.7551021575927734,
            0.0307236909866333
        ],
        [
            -0.3663861155509949,
            -0.7527896165847778,
            0.02920575626194477
        ],
        [
            -0.3582390546798706,
            -0.7874458432197571,
            0.044358693063259125
        ],
        [
